HB2402/ctd236.cnv
* Sea-Bird SBE 9 Data File:
* FileName = C:\cruise\data\ctd236.hex
* Software Version Seasave V 7.26.7.121
* Temperature SN = 5253
* Conductivity SN = 4421
* Number of Bytes Per Scan = 37
* Number of Voltage Words = 4
* Number of Scans Averaged by the Deck Unit = 1
* NMEA Latitude = 42 54.94 N
* NMEA Longitude = 070 01.40 W
* NMEA UTC (Time) = May 11 2024 03:30:23
* NMEA baud rate = 4800
** Ship: Bigelow HB2402
** Program:  Spring Bottom Trawl Survey
** Chief Scientist: John Galbraith
# nquan = 7
# nvalues = 237                         
# units = specified
# name 0 = depSM: Depth [salt water, m]
# name 1 = t090C: Temperature [ITS-90, deg C]
# name 2 = c0S/m: Conductivity [S/m]
# name 3 = sal00: Salinity, Practical [PSU]
# name 4 = scan: Scan Count
# name 5 = timeM: Time, Elapsed [minutes]
# name 6 = flag: flag
# span 0 =      1.000,    120.000       
# span 1 =     4.6032,     9.3787       
# span 2 =   3.035093,   3.359954       
# span 3 =    30.0819,    32.9596       
# span 4 =        177,       8491       
# span 5 =     0.1219,     5.8959       
# span 6 = 0.0000e+00, 0.0000e+00       
# interval = meters: 1                  
# start_time = May 11 2024 03:30:23 [NMEA time, header]
# bad_flag = -9.990e-29
*END*
[from data line 206]
     31.000     4.7621   3.038244    31.6677       6647     4.6154 0.0000e+00
     30.000     4.7719   3.038913    31.6666       6671     4.6322 0.0000e+00
     29.000     4.7877   3.039755    31.6616       6693     4.6472 0.0000e+00
     28.000     4.8056   3.040663    31.6555       6713     4.6614 0.0000e+00
     27.000     4.8246   3.041185    31.6440       6736     4.6773 0.0000e+00
     26.000     4.8206   3.040888    31.6448       6766     4.6978 0.0000e+00
     25.000     4.8287   3.040884    31.6375       6799     4.7209 0.0000e+00
     24.000     4.8471   3.041748    31.6305       6826     4.7395 0.0000e+00
     23.000     4.8777   3.043332    31.6200       6850     4.7561 0.0000e+00
     22.000     4.9218   3.045072    31.5986       6873     4.7725 0.0000e+00
     21.000     4.9197   3.044856    31.5986       6899     4.7906 0.0000e+00
     20.000     4.9373   3.045312    31.5876       6927     4.8099 0.0000e+00
     19.000     4.9415   3.045331    31.5843       6952     4.8272 0.0000e+00
     18.000     4.9509   3.045401    31.5767       6974     4.8424 0.0000e+00
     17.000     4.9586   3.044839    31.5634       6996     4.8579 0.0000e+00
     16.000     4.9602   3.044710    31.5610       7023     4.8766 0.0000e+00
     15.000     4.9666   3.044883    31.5574       7055     4.8987 0.0000e+00
     14.000     5.0283   3.046502    31.5180       7083     4.9183 0.0000e+00
     13.000     5.1241   3.049679    31.4642       7107     4.9347 0.0000e+00
     12.000     5.1910   3.051181    31.4189       7129     4.9497 0.0000e+00
     11.000     5.3385   3.054309    31.3166       7153     4.9665 0.0000e+00
     10.000     5.2821   3.053550    31.3612       7182     4.9870 0.0000e+00
      9.000     5.3691   3.054123    31.2868       7208     5.0050 0.0000e+00
      8.000     5.4057   3.054578    31.2583       7230     5.0200 0.0000e+00
      7.000     5.7845   3.069822    31.0798       7251     5.0349 0.0000e+00
      6.000     6.6185   3.113719    30.8086       7720     5.3603 0.0000e+00
      5.000     5.9529   3.080069    31.0397       8217     5.7052 0.0000e+00
      4.000     7.6459   3.167387    30.4763       8277     5.7473 0.0000e+00
      3.000     8.3929   3.208398    30.2586       8368     5.8106 0.0000e+00
      2.000     9.2309   3.262321    30.1033       8419     5.8461 0.0000e+00
      1.000     9.3787   3.272388    30.0819       8491     5.8959 0.0000e+00
