HB2402/ctd230.cnv
* Sea-Bird SBE 9 Data File:
* FileName = C:\cruise\data\ctd230.hex
* Software Version Seasave V 7.26.7.121
* Temperature SN = 5253
* Conductivity SN = 4421
* Number of Bytes Per Scan = 37
* Number of Voltage Words = 4
* Number of Scans Averaged by the Deck Unit = 1
* NMEA Latitude = 43 34.94 N
* NMEA Longitude = 069 46.77 W
* NMEA UTC (Time) = May 09 2024 22:01:43
* NMEA baud rate = 4800
** Ship: Bigelow HB2402
** Program:  Spring Bottom Trawl Survey
** Chief Scientist: John Galbraith
# nquan = 7
# nvalues = 191                         
# units = specified
# name 0 = depSM: Depth [salt water, m]
# name 1 = t090C: Temperature [ITS-90, deg C]
# name 2 = c0S/m: Conductivity [S/m]
# name 3 = sal00: Salinity, Practical [PSU]
# name 4 = scan: Scan Count
# name 5 = timeM: Time, Elapsed [minutes]
# name 6 = flag: flag
# span 0 =      1.000,     97.000       
# span 1 =     4.8954,     9.9111       
# span 2 =   3.023780,   3.282401       
# span 3 =    29.7233,    32.1358       
# span 4 =       -108,       6101       
# span 5 =    -0.0757,     4.2359       
# span 6 = 0.0000e+00, 0.0000e+00       
# interval = meters: 1                  
# start_time = May 09 2024 22:01:43 [NMEA time, header]
# bad_flag = -9.990e-29
*END*
      3.000     9.9070   3.280456    29.7233       -108    -0.0757 0.0000e+00
      4.000     9.9060   3.281820    29.7373        182     0.1258 0.0000e+00
      5.000     9.9102   3.282322    29.7385        216     0.1491 0.0000e+00
      6.000     9.9088   3.282401    29.7400        239     0.1650 0.0000e+00
      7.000     9.8756   3.282105    29.7640        264     0.1826 0.0000e+00
      8.000     9.4298   3.274599    30.0587        289     0.1999 0.0000e+00
      9.000     8.3136   3.223702    30.4850        314     0.2171 0.0000e+00
     10.000     7.4709   3.174970    30.7063        338     0.2342 0.0000e+00
     11.000     7.2269   3.159472    30.7560        367     0.2541 0.0000e+00
     12.000     6.7228   3.126094    30.8446        399     0.2763 0.0000e+00
     13.000     6.3902   3.105343    30.9172        429     0.2972 0.0000e+00
     14.000     6.3949   3.108635    30.9487        457     0.3164 0.0000e+00
     15.000     6.3820   3.108661    30.9602        482     0.3342 0.0000e+00
     16.000     6.3485   3.106148    30.9626        506     0.3507 0.0000e+00
     17.000     6.1493   3.091496    30.9815        529     0.3666 0.0000e+00
     18.000     5.9800   3.077758    30.9831        552     0.3824 0.0000e+00
     19.000     5.8760   3.072078    31.0147        575     0.3988 0.0000e+00
     20.000     5.7900   3.070469    31.0753        602     0.4175 0.0000e+00
     21.000     5.6436   3.062432    31.1198        634     0.4394 0.0000e+00
     22.000     5.5723   3.057534    31.1301        667     0.4623 0.0000e+00
     23.000     5.3333   3.040346    31.1574        695     0.4822 0.0000e+00
     24.000     5.0377   3.023855    31.2453        721     0.4998 0.0000e+00
     25.000     5.0479   3.025652    31.2558        745     0.5164 0.0000e+00
     26.000     5.0482   3.025785    31.2566        773     0.5364 0.0000e+00
     27.000     5.0504   3.028466    31.2847        804     0.5573 0.0000e+00
     28.000     5.0096   3.028170    31.3190        830     0.5759 0.0000e+00
     29.000     4.9950   3.028696    31.3384        853     0.5916 0.0000e+00
     30.000     4.9659   3.029908    31.3792        874     0.6059 0.0000e+00
     31.000     4.9213   3.031636    31.4406        895     0.6208 0.0000e+00
     32.000     4.9008   3.034170    31.4884        922     0.6397 0.0000e+00
     33.000     4.8954   3.035634    31.5099        961     0.6668 0.0000e+00
     34.000     4.9004   3.036748    31.5174        996     0.6912 0.0000e+00
     35.000     4.9027   3.037404    31.5223       1021     0.7080 0.0000e+00
     36.000     4.9035   3.038478    31.5334       1043     0.7233 0.0000e+00
     37.000     4.9187   3.042369    31.5630       1066     0.7393 0.0000e+00
     38.000     4.9554   3.047560    31.5873       1090     0.7565 0.0000e+00
     39.000     4.9746   3.051572    31.6145       1116     0.7745 0.0000e+00
     40.000     4.9727   3.051746    31.6179       1143     0.7931 0.0000e+00
     41.000     4.9703   3.051678    31.6189       1172     0.8129 0.0000e+00
     42.000     4.9663   3.052042    31.6263       1200     0.8324 0.0000e+00
     43.000     4.9634   3.053945    31.6504       1225     0.8501 0.0000e+00
     44.000     4.9699   3.058885    31.7003       1250     0.8672 0.0000e+00
     45.000     4.9481   3.060566    31.7399       1274     0.8843 0.0000e+00
     46.000     4.9439   3.061128    31.7499       1302     0.9038 0.0000e+00
     47.000     4.9429   3.063377    31.7761       1333     0.9247 0.0000e+00
     48.000     4.9453   3.065095    31.7929       1361     0.9447 0.0000e+00
     49.000     4.9472   3.065740    31.7980       1386     0.9620 0.0000e+00
     50.000     4.9492   3.066155    31.8004       1409     0.9778 0.0000e+00
     51.000     4.9497   3.066243    31.8005       1433     0.9942 0.0000e+00
     52.000     4.9502   3.066352    31.8007       1460     1.0133 0.0000e+00
     53.000     4.9513   3.067468    31.8119       1492     1.0353 0.0000e+00
     54.000     4.9561   3.068602    31.8199       1521     1.0558 0.0000e+00
     55.000     4.9569   3.068895    31.8219       1546     1.0726 0.0000e+00
     56.000     4.9630   3.070374    31.8326       1567     1.0878 0.0000e+00
     57.000     4.9672   3.071243    31.8381       1590     1.1036 0.0000e+00
     58.000     4.9780   3.073334    31.8512       1616     1.1217 0.0000e+00
     59.000     4.9873   3.075177    31.8630       1647     1.1432 0.0000e+00
     60.000     4.9969   3.076969    31.8738       1682     1.1671 0.0000e+00
     61.000     5.0017   3.078003    31.8805       1711     1.1877 0.0000e+00
     62.000     5.0064   3.078826    31.8850       1735     1.2040 0.0000e+00
     63.000     5.0263   3.082207    31.9041       1755     1.2181 0.0000e+00
     64.000     5.0312   3.083295    31.9115       1775     1.2322 0.0000e+00
     65.000     5.0512   3.086785    31.9317       1798     1.2479 0.0000e+00
     66.000     5.0674   3.089240    31.9438       1828     1.2686 0.0000e+00
     67.000     5.0859   3.092143    31.9589       1866     1.2951 0.0000e+00
     68.000     5.0918   3.093151    31.9642       1901     1.3191 0.0000e+00
     69.000     5.0987   3.094268    31.9698       1925     1.3360 0.0000e+00
     70.000     5.1048   3.095225    31.9744       1945     1.3499 0.0000e+00
     71.000     5.1088   3.095905    31.9779       1965     1.3635 0.0000e+00
     72.000     5.1196   3.097602    31.9865       1987     1.3791 0.0000e+00
     73.000     5.1246   3.098584    31.9924       2016     1.3990 0.0000e+00
     74.000     5.1353   3.100797    32.0069       2048     1.4216 0.0000e+00
     75.000     5.1369   3.101317    32.0108       2077     1.4419 0.0000e+00
     76.000     5.1340   3.101132    32.0110       2103     1.4598 0.0000e+00
     77.000     5.1412   3.102284    32.0167       2128     1.4772 0.0000e+00
     78.000     5.1491   3.103389    32.0213       2153     1.4945 0.0000e+00
     79.000     5.1513   3.103753    32.0229       2178     1.5116 0.0000e+00
     80.000     5.1572   3.104538    32.0256       2204     1.5300 0.0000e+00
     81.000     5.1633   3.105365    32.0287       2235     1.5514 0.0000e+00
     82.000     5.1667   3.105950    32.0316       2270     1.5755 0.0000e+00
     83.000     5.1869   3.108436    32.0402       2297     1.5947 0.0000e+00
     84.000     5.2044   3.110704    32.0488       2320     1.6104 0.0000e+00
     85.000     5.2085   3.111389    32.0521       2340     1.6242 0.0000e+00
     86.000     5.2206   3.113110    32.0596       2360     1.6385 0.0000e+00
     87.000     5.2350   3.114882    32.0655       2383     1.6542 0.0000e+00
     88.000     5.2520   3.117027    32.0732       2411     1.6733 0.0000e+00
     89.000     5.2747   3.119394    32.0779       2445     1.6972 0.0000e+00
     90.000     5.2834   3.120396    32.0806       2480     1.7218 0.0000e+00
     91.000     5.2846   3.120690    32.0822       2509     1.7416 0.0000e+00
     92.000     5.2902   3.121544    32.0861       2534     1.7593 0.0000e+00
     93.000     5.3151   3.124956    32.1005       2558     1.7755 0.0000e+00
     94.000     5.3660   3.131573    32.1264       2584     1.7940 0.0000e+00
     95.000     5.3769   3.132984    32.1315       2614     1.8143 0.0000e+00
     96.000     5.3807   3.133529    32.1336       2645     1.8359 0.0000e+00
     97.000     5.3780   3.133078    32.1305       2688     1.8660 0.0000e+00
     96.000     5.3806   3.133618    32.1347       2931     2.0349 0.0000e+00
     95.000     5.3833   3.133900    32.1358       3339     2.3179 0.0000e+00
     94.000     5.3826   3.133767    32.1355       3367     2.3375 0.0000e+00
     93.000     5.3823   3.133699    32.1354       3393     2.3558 0.0000e+00
     92.000     5.3818   3.133590    32.1352       3418     2.3731 0.0000e+00
     91.000     5.3738   3.132436    32.1303       3443     2.3900 0.0000e+00
     90.000     5.3512   3.129538    32.1195       3469     2.4084 0.0000e+00
     89.000     5.3254   3.126131    32.1060       3500     2.4296 0.0000e+00
     88.000     5.2977   3.122314    32.0896       3530     2.4510 0.0000e+00
     87.000     5.2897   3.121339    32.0866       3558     2.4700 0.0000e+00
     86.000     5.2787   3.120010    32.0826       3582     2.4869 0.0000e+00
     85.000     5.2690   3.118914    32.0799       3605     2.5029 0.0000e+00
     84.000     5.2531   3.117066    32.0746       3626     2.5173 0.0000e+00
     83.000     5.2380   3.115134    32.0676       3647     2.5317 0.0000e+00
     82.000     5.2227   3.113177    32.0604       3669     2.5471 0.0000e+00
     81.000     5.2171   3.112226    32.0555       3697     2.5665 0.0000e+00
     80.000     5.1872   3.108641    32.0437       3732     2.5913 0.0000e+00
     79.000     5.1721   3.106659    32.0361       3763     2.6128 0.0000e+00
     78.000     5.1660   3.105724    32.0318       3788     2.6295 0.0000e+00
     77.000     5.1639   3.105377    32.0303       3811     2.6460 0.0000e+00
     76.000     5.1578   3.104525    32.0269       3836     2.6635 0.0000e+00
     75.000     5.1563   3.104222    32.0254       3862     2.6814 0.0000e+00
     74.000     5.1527   3.103659    32.0229       3886     2.6978 0.0000e+00
     73.000     5.1478   3.102916    32.0196       3909     2.7139 0.0000e+00
     72.000     5.1430   3.102230    32.0168       3934     2.7312 0.0000e+00
     71.000     5.1395   3.101532    32.0128       3961     2.7498 0.0000e+00
     70.000     5.1364   3.100816    32.0081       3987     2.7684 0.0000e+00
     69.000     5.1313   3.099771    32.0015       4014     2.7868 0.0000e+00
     68.000     5.1240   3.098377    31.9930       4043     2.8066 0.0000e+00
     67.000     5.1126   3.096373    31.9816       4072     2.8273 0.0000e+00
     66.000     5.1066   3.095322    31.9758       4100     2.8468 0.0000e+00
     65.000     5.1004   3.094329    31.9709       4125     2.8639 0.0000e+00
     64.000     5.0963   3.093716    31.9683       4147     2.8792 0.0000e+00
     63.000     5.0895   3.092492    31.9614       4169     2.8943 0.0000e+00
     62.000     5.0809   3.091011    31.9532       4192     2.9105 0.0000e+00
     61.000     5.0641   3.088360    31.9394       4218     2.9285 0.0000e+00
     60.000     5.0485   3.085747    31.9250       4245     2.9472 0.0000e+00
     59.000     5.0382   3.083760    31.9125       4271     2.9655 0.0000e+00
     58.000     5.0217   3.081015    31.8974       4298     2.9837 0.0000e+00
     57.000     5.0173   3.080089    31.8915       4328     3.0046 0.0000e+00
     56.000     5.0042   3.077778    31.8781       4360     3.0271 0.0000e+00
     55.000     4.9922   3.075531    31.8643       4386     3.0452 0.0000e+00
     54.000     4.9823   3.073569    31.8518       4409     3.0611 0.0000e+00
     53.000     4.9722   3.071549    31.8387       4432     3.0767 0.0000e+00
     52.000     4.9637   3.069795    31.8273       4456     3.0934 0.0000e+00
     51.000     4.9588   3.068539    31.8181       4481     3.1108 0.0000e+00
     50.000     4.9546   3.067225    31.8075       4504     3.1273 0.0000e+00
     49.000     4.9529   3.066727    31.8040       4528     3.1435 0.0000e+00
     48.000     4.9513   3.066324    31.8014       4553     3.1614 0.0000e+00
     47.000     4.9484   3.065531    31.7955       4584     3.1827 0.0000e+00
     46.000     4.9462   3.064240    31.7832       4615     3.2043 0.0000e+00
     45.000     4.9456   3.062611    31.7657       4642     3.2232 0.0000e+00
     44.000     4.9466   3.061317    31.7504       4666     3.2399 0.0000e+00
     43.000     4.9554   3.060088    31.7284       4691     3.2567 0.0000e+00
     42.000     4.9594   3.058819    31.7106       4717     3.2747 0.0000e+00
     41.000     4.9640   3.056424    31.6792       4744     3.2934 0.0000e+00
     40.000     4.9664   3.053762    31.6469       4769     3.3113 0.0000e+00
     39.000     4.9692   3.052759    31.6332       4793     3.3276 0.0000e+00
     38.000     4.9732   3.052057    31.6219       4816     3.3437 0.0000e+00
     37.000     4.9709   3.051253    31.6154       4842     3.3615 0.0000e+00
     36.000     4.9522   3.047510    31.5908       4869     3.3806 0.0000e+00
     35.000     4.9341   3.044209    31.5706       4896     3.3996 0.0000e+00
     34.000     4.9169   3.040745    31.5477       4923     3.4179 0.0000e+00
     33.000     4.9135   3.039721    31.5396       4949     3.4363 0.0000e+00
     32.000     4.9102   3.038764    31.5322       4976     3.4551 0.0000e+00
     31.000     4.9073   3.037736    31.5237       5003     3.4738 0.0000e+00
     30.000     4.9063   3.035383    31.4981       5028     3.4913 0.0000e+00
     29.000     4.9156   3.033709    31.4707       5052     3.5078 0.0000e+00
     28.000     4.9403   3.031099    31.4179       5076     3.5240 0.0000e+00
     27.000     4.9640   3.029342    31.3759       5100     3.5412 0.0000e+00
     26.000     4.9893   3.027473    31.3312       5128     3.5603 0.0000e+00
     25.000     5.0163   3.025100    31.2792       5156     3.5799 0.0000e+00
     24.000     5.0307   3.023780    31.2511       5182     3.5979 0.0000e+00
     23.000     5.0579   3.024068    31.2294       5205     3.6142 0.0000e+00
     22.000     5.1292   3.026463    31.1904       5230     3.6313 0.0000e+00
     21.000     5.3347   3.038948    31.1412       5257     3.6499 0.0000e+00
     20.000     5.5358   3.051998    31.1025       5285     3.6695 0.0000e+00
     19.000     5.6737   3.060180    31.0676       5313     3.6891 0.0000e+00
     18.000     5.7934   3.066362    31.0272       5340     3.7076 0.0000e+00
     17.000     5.9227   3.073643    30.9903       5365     3.7247 0.0000e+00
     16.000     6.0489   3.082061    30.9690       5387     3.7401 0.0000e+00
     15.000     6.1874   3.092006    30.9534       5409     3.7552 0.0000e+00
     14.000     6.2870   3.098574    30.9358       5432     3.7719 0.0000e+00
     13.000     6.3133   3.100213    30.9305       5461     3.7919 0.0000e+00
     12.000     6.3585   3.102543    30.9156       5493     3.8137 0.0000e+00
     11.000     6.4388   3.104264    30.8622       5521     3.8333 0.0000e+00
     10.000     6.7099   3.120360    30.7946       5545     3.8500 0.0000e+00
      9.000     6.8096   3.129063    30.8004       5568     3.8660 0.0000e+00
      8.000     7.0664   3.145708    30.7518       5592     3.8826 0.0000e+00
      7.000     7.5103   3.171280    30.6334       5618     3.9005 0.0000e+00
      6.000     8.1951   3.209942    30.4446       5642     3.9176 0.0000e+00
      5.000     8.6155   3.230029    30.2923       5666     3.9342 0.0000e+00
      4.000     9.0153   3.245720    30.1147       5691     3.9515 0.0000e+00
      3.000     9.6315   3.268822    29.8346       5748     3.9912 0.0000e+00
      2.000     9.9111   3.281366    29.7293       6088     4.2272 0.0000e+00
      1.000     9.8541   3.278311    29.7460       6101     4.2359 0.0000e+00
