HB2402/ctd224.cnv
* Sea-Bird SBE 9 Data File:
* FileName = C:\cruise\data\ctd224.hex
* Software Version Seasave V 7.26.7.121
* Temperature SN = 5253
* Conductivity SN = 4421
* Number of Bytes Per Scan = 37
* Number of Voltage Words = 4
* Number of Scans Averaged by the Deck Unit = 1
* NMEA Latitude = 43 41.78 N
* NMEA Longitude = 068 32.92 W
* NMEA UTC (Time) = May 08 2024 05:34:27
* NMEA baud rate = 4800
** Ship: Bigelow HB2402
** Program:  Spring Bottom Trawl Survey
** Chief Scientist: John Galbraith
# nquan = 7
# nvalues = 291                         
# units = specified
# name 0 = depSM: Depth [salt water, m]
# name 1 = t090C: Temperature [ITS-90, deg C]
# name 2 = c0S/m: Conductivity [S/m]
# name 3 = sal00: Salinity, Practical [PSU]
# name 4 = scan: Scan Count
# name 5 = timeM: Time, Elapsed [minutes]
# name 6 = flag: flag
# span 0 =      2.000,    148.000       
# span 1 =     5.2477,     7.0951       
# span 2 =   3.103917,   3.292662       
# span 3 =    31.5641,    32.9974       
# span 4 =        190,       9352       
# span 5 =     0.1312,     6.4940       
# span 6 = 0.0000e+00, 0.0000e+00       
# interval = meters: 1                  
# start_time = May 08 2024 05:34:27 [NMEA time, header]
# bad_flag = -9.990e-29
*END*
      4.000     6.8535   3.237614    31.9471        190     0.1312 0.0000e+00
      5.000     6.8707   3.214105    31.6737        360     0.2490 0.0000e+00
      6.000     6.8774   3.214398    31.6702        369     0.2556 0.0000e+00
      7.000     6.9266   3.213272    31.6123        394     0.2731 0.0000e+00
      8.000     7.0679   3.220807    31.5641        423     0.2927 0.0000e+00
      9.000     7.0546   3.222616    31.5954        452     0.3129 0.0000e+00
     10.000     6.9223   3.213329    31.6154        478     0.3315 0.0000e+00
     11.000     6.8440   3.206503    31.6125        503     0.3485 0.0000e+00
     12.000     6.8273   3.204981    31.6108        526     0.3649 0.0000e+00
     13.000     6.9727   3.215966    31.5964        550     0.3814 0.0000e+00
     14.000     6.9549   3.214993    31.6017        647     0.4484 0.0000e+00
     15.000     6.4480   3.175690    31.6383        768     0.5328 0.0000e+00
     16.000     5.9832   3.138475    31.6580        804     0.5574 0.0000e+00
     17.000     5.8821   3.130227    31.6599        835     0.5791 0.0000e+00
     18.000     5.7305   3.118449    31.6696        861     0.5972 0.0000e+00
     19.000     5.7163   3.117849    31.6757        885     0.6141 0.0000e+00
     20.000     5.7436   3.120913    31.6840        911     0.6317 0.0000e+00
     21.000     5.7753   3.124463    31.6935        939     0.6512 0.0000e+00
     22.000     5.7900   3.126316    31.7001        968     0.6715 0.0000e+00
     23.000     5.7230   3.122195    31.7163        996     0.6911 0.0000e+00
     24.000     5.6226   3.115408    31.7340       1022     0.7092 0.0000e+00
     25.000     5.6005   3.113904    31.7374       1047     0.7266 0.0000e+00
     26.000     5.6135   3.115368    31.7412       1073     0.7442 0.0000e+00
     27.000     5.6064   3.114926    31.7424       1100     0.7631 0.0000e+00
     28.000     5.5757   3.113113    31.7504       1128     0.7825 0.0000e+00
     29.000     5.4954   3.107347    31.7607       1154     0.8010 0.0000e+00
     30.000     5.4573   3.105399    31.7742       1180     0.8187 0.0000e+00
     31.000     5.4340   3.104684    31.7877       1206     0.8369 0.0000e+00
     32.000     5.4264   3.104379    31.7909       1234     0.8563 0.0000e+00
     33.000     5.4254   3.104418    31.7918       1263     0.8760 0.0000e+00
     34.000     5.4280   3.104926    31.7947       1289     0.8947 0.0000e+00
     35.000     5.4310   3.105267    31.7952       1315     0.9124 0.0000e+00
     36.000     5.4252   3.105170    31.7991       1339     0.9295 0.0000e+00
     37.000     5.3987   3.104596    31.8172       1364     0.9466 0.0000e+00
     38.000     5.3923   3.104626    31.8232       1390     0.9648 0.0000e+00
     39.000     5.3865   3.104683    31.8288       1420     0.9857 0.0000e+00
     40.000     5.3855   3.104723    31.8297       1451     1.0066 0.0000e+00
     41.000     5.3804   3.105040    31.8377       1477     1.0249 0.0000e+00
     42.000     5.3633   3.105697    31.8609       1501     1.0416 0.0000e+00
     43.000     5.3537   3.105744    31.8700       1526     1.0590 0.0000e+00
     44.000     5.3507   3.105634    31.8712       1552     1.0771 0.0000e+00
     45.000     5.3441   3.105642    31.8770       1580     1.0964 0.0000e+00
     46.000     5.3350   3.106610    31.8962       1608     1.1157 0.0000e+00
     47.000     5.3411   3.108516    31.9115       1635     1.1348 0.0000e+00
     48.000     5.3447   3.109088    31.9142       1662     1.1532 0.0000e+00
     49.000     5.3469   3.109571    31.9170       1687     1.1710 0.0000e+00
     50.000     5.3503   3.110176    31.9201       1712     1.1881 0.0000e+00
     51.000     5.3492   3.110705    31.9267       1738     1.2060 0.0000e+00
     52.000     5.3407   3.110931    31.9369       1765     1.2250 0.0000e+00
     53.000     5.3393   3.111469    31.9438       1793     1.2447 0.0000e+00
     54.000     5.3440   3.113289    31.9595       1823     1.2652 0.0000e+00
     55.000     5.3522   3.116226    31.9846       1852     1.2856 0.0000e+00
     56.000     5.3531   3.117113    31.9933       1879     1.3041 0.0000e+00
     57.000     5.3642   3.118676    32.0000       1902     1.3204 0.0000e+00
     58.000     5.3665   3.118994    32.0008       1924     1.3357 0.0000e+00
     59.000     5.3673   3.119151    32.0014       1948     1.3519 0.0000e+00
     60.000     5.3680   3.119331    32.0022       1976     1.3713 0.0000e+00
     61.000     5.3689   3.119590    32.0039       2007     1.3928 0.0000e+00
     62.000     5.3699   3.119901    32.0060       2036     1.4133 0.0000e+00
     63.000     5.3709   3.120209    32.0080       2063     1.4322 0.0000e+00
     64.000     5.3718   3.120422    32.0091       2089     1.4501 0.0000e+00
     65.000     5.3723   3.120574    32.0099       2115     1.4680 0.0000e+00
     66.000     5.3726   3.120669    32.0102       2140     1.4855 0.0000e+00
     67.000     5.3727   3.120760    32.0105       2166     1.5037 0.0000e+00
     68.000     5.3728   3.120854    32.0110       2193     1.5222 0.0000e+00
     69.000     5.3723   3.121041    32.0131       2221     1.5420 0.0000e+00
     70.000     5.3730   3.122085    32.0239       2249     1.5611 0.0000e+00
     71.000     5.3664   3.122558    32.0351       2275     1.5789 0.0000e+00
     72.000     5.3584   3.122371    32.0401       2300     1.5966 0.0000e+00
     73.000     5.3600   3.123207    32.0476       2326     1.6144 0.0000e+00
     74.000     5.3493   3.124318    32.0699       2353     1.6334 0.0000e+00
     75.000     5.3437   3.124587    32.0778       2382     1.6532 0.0000e+00
     76.000     5.3369   3.124691    32.0850       2409     1.6721 0.0000e+00
     77.000     5.3310   3.124917    32.0928       2434     1.6895 0.0000e+00
     78.000     5.3368   3.127379    32.1146       2459     1.7068 0.0000e+00
     79.000     5.3581   3.131349    32.1389       2486     1.7259 0.0000e+00
     80.000     5.3864   3.136968    32.1750       2515     1.7458 0.0000e+00
     81.000     5.4114   3.141329    32.2001       2542     1.7647 0.0000e+00
     82.000     5.4293   3.144618    32.2197       2568     1.7829 0.0000e+00
     83.000     5.4482   3.148421    32.2442       2595     1.8011 0.0000e+00
     84.000     5.4511   3.149684    32.2552       2621     1.8192 0.0000e+00
     85.000     5.4332   3.148932    32.2635       2646     1.8366 0.0000e+00
     86.000     5.3733   3.145037    32.2763       2671     1.8542 0.0000e+00
     87.000     5.3250   3.142291    32.2911       2698     1.8729 0.0000e+00
     88.000     5.2965   3.140529    32.2980       2727     1.8928 0.0000e+00
     89.000     5.2841   3.139854    32.3018       2755     1.9127 0.0000e+00
     90.000     5.2792   3.139710    32.3044       2782     1.9311 0.0000e+00
     91.000     5.2698   3.139201    32.3072       2808     1.9495 0.0000e+00
     92.000     5.2477   3.138449    32.3194       2834     1.9674 0.0000e+00
     93.000     5.2513   3.141216    32.3470       2861     1.9864 0.0000e+00
     94.000     5.2673   3.144251    32.3657       2885     2.0030 0.0000e+00
     95.000     5.3154   3.150731    32.3924       2909     2.0195 0.0000e+00
     96.000     5.3434   3.153991    32.4019       2934     2.0370 0.0000e+00
     97.000     5.4257   3.164625    32.4427       2965     2.0582 0.0000e+00
     98.000     5.4802   3.171685    32.4697       2997     2.0806 0.0000e+00
     99.000     5.4796   3.171814    32.4712       3025     2.0999 0.0000e+00
    100.000     5.4822   3.172369    32.4745       3051     2.1178 0.0000e+00
    101.000     5.5071   3.175929    32.4903       3077     2.1359 0.0000e+00
    102.000     5.5346   3.179794    32.5070       3102     2.1538 0.0000e+00
    103.000     5.5816   3.185900    32.5301       3126     2.1704 0.0000e+00
    104.000     5.6330   3.193352    32.5642       3148     2.1857 0.0000e+00
    105.000     5.6741   3.198911    32.5867       3171     2.2013 0.0000e+00
    106.000     5.6921   3.201270    32.5955       3197     2.2196 0.0000e+00
    107.000     5.6970   3.202010    32.5986       3230     2.2427 0.0000e+00
    108.000     5.6978   3.202208    32.5996       3266     2.2676 0.0000e+00
    109.000     5.6990   3.202478    32.6009       3296     2.2885 0.0000e+00
    110.000     5.7044   3.203232    32.6037       3321     2.3058 0.0000e+00
    111.000     5.7048   3.203332    32.6039       3343     2.3207 0.0000e+00
    112.000     5.7050   3.203423    32.6043       3364     2.3355 0.0000e+00
    113.000     5.7076   3.203836    32.6060       3387     2.3517 0.0000e+00
    114.000     5.7174   3.205195    32.6113       3414     2.3703 0.0000e+00
    115.000     5.7220   3.205835    32.6136       3442     2.3895 0.0000e+00
    116.000     5.7250   3.206324    32.6157       3470     2.4088 0.0000e+00
    117.000     5.7243   3.206259    32.6152       3500     2.4295 0.0000e+00
    118.000     5.7265   3.206634    32.6167       3529     2.4503 0.0000e+00
    119.000     5.7284   3.206940    32.6179       3557     2.4696 0.0000e+00
    120.000     5.7300   3.207231    32.6191       3582     2.4867 0.0000e+00
    121.000     5.7306   3.207363    32.6196       3606     2.5031 0.0000e+00
    122.000     5.7311   3.207488    32.6200       3630     2.5201 0.0000e+00
    123.000     5.7325   3.207720    32.6207       3657     2.5386 0.0000e+00
    124.000     5.7329   3.207825    32.6210       3684     2.5576 0.0000e+00
    125.000     5.7340   3.208039    32.6219       3711     2.5760 0.0000e+00
    126.000     5.7925   3.217125    32.6671       3737     2.5945 0.0000e+00
    127.000     5.8437   3.224862    32.7041       3765     2.6142 0.0000e+00
    128.000     5.8636   3.227792    32.7173       3793     2.6337 0.0000e+00
    129.000     5.8673   3.228518    32.7214       3820     2.6520 0.0000e+00
    130.000     5.8824   3.231038    32.7345       3846     2.6703 0.0000e+00
    131.000     5.8996   3.233684    32.7471       3872     2.6884 0.0000e+00
    132.000     5.9139   3.235859    32.7572       3898     2.7063 0.0000e+00
    133.000     5.9589   3.242191    32.7842       3924     2.7243 0.0000e+00
    134.000     6.0276   3.251715    32.8239       3951     2.7428 0.0000e+00
    135.000     6.0854   3.259807    32.8579       3976     2.7605 0.0000e+00
    136.000     6.1168   3.264238    32.8765       4001     2.7779 0.0000e+00
    137.000     6.1422   3.268110    32.8947       4028     2.7964 0.0000e+00
    138.000     6.1681   3.271790    32.9102       4057     2.8169 0.0000e+00
    139.000     6.2165   3.278612    32.9389       4087     2.8373 0.0000e+00
    140.000     6.2288   3.280243    32.9447       4114     2.8560 0.0000e+00
    141.000     6.2284   3.280324    32.9455       4140     2.8744 0.0000e+00
    142.000     6.2286   3.280387    32.9455       4167     2.8932 0.0000e+00
    143.000     6.2327   3.281033    32.9482       4193     2.9111 0.0000e+00
    144.000     6.2303   3.280754    32.9469       4218     2.9285 0.0000e+00
    145.000     6.2302   3.280789    32.9469       4243     2.9461 0.0000e+00
    146.000     6.2439   3.282856    32.9562       4269     2.9639 0.0000e+00
    147.000     6.2812   3.288061    32.9775       4295     2.9816 0.0000e+00
    148.000     6.3030   3.291176    32.9905       4362     3.0287 0.0000e+00
    147.000     6.3134   3.292662    32.9974       4980     3.4573 0.0000e+00
    146.000     6.3049   3.291429    32.9926       4909     3.4080 0.0000e+00
    145.000     6.3037   3.291218    32.9918       4929     3.4225 0.0000e+00
    144.000     6.3022   3.290959    32.9909       4953     3.4385 0.0000e+00
    143.000     6.2773   3.287593    32.9781       4974     3.4537 0.0000e+00
    142.000     6.2293   3.281054    32.9522       4996     3.4686 0.0000e+00
    141.000     6.2103   3.278142    32.9387       5018     3.4842 0.0000e+00
    140.000     6.1853   3.274784    32.9259       5044     3.5024 0.0000e+00
    139.000     6.1950   3.275807    32.9285       5075     3.5235 0.0000e+00
    138.000     6.1608   3.271094    32.9095       5106     3.5452 0.0000e+00
    137.000     6.1306   3.266730    32.8905       5134     3.5645 0.0000e+00
    136.000     6.1039   3.262974    32.8749       5158     3.5815 0.0000e+00
    135.000     6.0793   3.259651    32.8621       5181     3.5974 0.0000e+00
    134.000     6.0490   3.254994    32.8398       5204     3.6135 0.0000e+00
    133.000     6.0162   3.250459    32.8214       5230     3.6310 0.0000e+00
    132.000     5.9706   3.244279    32.7968       5256     3.6496 0.0000e+00
    131.000     5.9446   3.240733    32.7826       5284     3.6687 0.0000e+00
    130.000     5.8913   3.232280    32.7399       5311     3.6873 0.0000e+00
    129.000     5.8818   3.230743    32.7323       5336     3.7049 0.0000e+00
    128.000     5.8634   3.228170    32.7217       5361     3.7225 0.0000e+00
    127.000     5.8578   3.227101    32.7157       5387     3.7405 0.0000e+00
    126.000     5.8526   3.226206    32.7111       5415     3.7596 0.0000e+00
    125.000     5.8480   3.225449    32.7075       5442     3.7787 0.0000e+00
    124.000     5.8330   3.222833    32.6932       5467     3.7960 0.0000e+00
    123.000     5.7849   3.215885    32.6620       5491     3.8124 0.0000e+00
    122.000     5.7621   3.212474    32.6462       5515     3.8289 0.0000e+00
    121.000     5.7523   3.210940    32.6389       5540     3.8468 0.0000e+00
    120.000     5.7464   3.209652    32.6305       5568     3.8662 0.0000e+00
    119.000     5.7429   3.209015    32.6272       5597     3.8862 0.0000e+00
    118.000     5.7312   3.207483    32.6218       5624     3.9048 0.0000e+00
    117.000     5.7308   3.207319    32.6208       5650     3.9229 0.0000e+00
    116.000     5.7293   3.207085    32.6201       5676     3.9408 0.0000e+00
    115.000     5.7283   3.206877    32.6192       5701     3.9581 0.0000e+00
    114.000     5.7264   3.206574    32.6182       5724     3.9746 0.0000e+00
    113.000     5.7247   3.206286    32.6171       5749     3.9917 0.0000e+00
    112.000     5.7178   3.205443    32.6147       5775     4.0095 0.0000e+00
    111.000     5.7162   3.205115    32.6131       5801     4.0281 0.0000e+00
    110.000     5.7056   3.203628    32.6071       5828     4.0467 0.0000e+00
    109.000     5.6989   3.202693    32.6035       5856     4.0658 0.0000e+00
    108.000     5.6965   3.202242    32.6012       5884     4.0856 0.0000e+00
    107.000     5.6861   3.200861    32.5962       5910     4.1034 0.0000e+00
    106.000     5.6792   3.199872    32.5922       5933     4.1194 0.0000e+00
    105.000     5.6648   3.198099    32.5866       5956     4.1355 0.0000e+00
    104.000     5.6498   3.196057    32.5785       5982     4.1534 0.0000e+00
    103.000     5.6005   3.189519    32.5528       6010     4.1726 0.0000e+00
    102.000     5.5527   3.182527    32.5205       6037     4.1914 0.0000e+00
    101.000     5.5242   3.178466    32.5025       6063     4.2097 0.0000e+00
    100.000     5.5185   3.177341    32.4957       6090     4.2283 0.0000e+00
     99.000     5.5051   3.175387    32.4870       6116     4.2462 0.0000e+00
     98.000     5.4739   3.171604    32.4748       6140     4.2633 0.0000e+00
     97.000     5.4303   3.165689    32.4504       6165     4.2804 0.0000e+00
     96.000     5.3942   3.160895    32.4314       6189     4.2975 0.0000e+00
     95.000     5.3464   3.155071    32.4118       6215     4.3153 0.0000e+00
     94.000     5.3156   3.150834    32.3939       6242     4.3343 0.0000e+00
     93.000     5.3026   3.148795    32.3837       6270     4.3537 0.0000e+00
     92.000     5.2868   3.146707    32.3757       6296     4.3717 0.0000e+00
     91.000     5.2768   3.145224    32.3691       6320     4.3885 0.0000e+00
     90.000     5.2660   3.143424    32.3595       6345     4.4053 0.0000e+00
     89.000     5.2601   3.141654    32.3454       6371     4.4233 0.0000e+00
     88.000     5.2652   3.141293    32.3369       6400     4.4436 0.0000e+00
