HB2402/ctd212.cnv
* Sea-Bird SBE 9 Data File:
* FileName = C:\cruise\data\ctd212.hex
* Software Version Seasave V 7.26.7.121
* Temperature SN = 5253
* Conductivity SN = 4421
* Number of Bytes Per Scan = 37
* Number of Voltage Words = 4
* Number of Scans Averaged by the Deck Unit = 1
* NMEA Latitude = 43 36.48 N
* NMEA Longitude = 067 11.09 W
* NMEA UTC (Time) = May 06 2024 03:55:33
* NMEA baud rate = 4800
** Ship: Bigelow HB2402
** Program:  Spring Bottom Trawl Survey
** Chief Scientist: John Galbraith
# nquan = 7
# nvalues = 373                         
# units = specified
# name 0 = depSM: Depth [salt water, m]
# name 1 = t090C: Temperature [ITS-90, deg C]
# name 2 = c0S/m: Conductivity [S/m]
# name 3 = sal00: Salinity, Practical [PSU]
# name 4 = scan: Scan Count
# name 5 = timeM: Time, Elapsed [minutes]
# name 6 = flag: flag
# span 0 =      2.000,    189.000       
# span 1 =     5.0429,     7.2694       
# span 2 =   3.091732,   3.452060       
# span 3 =    31.6992,    33.8008       
# span 4 =        159,      12128       
# span 5 =     0.1097,     8.4218       
# span 6 = 0.0000e+00, 0.0000e+00       
# interval = meters: 1                  
# start_time = May 06 2024 03:55:33 [NMEA time, header]
# bad_flag = -9.990e-29
*END*
      4.000     5.9666   3.141229    31.7100        159     0.1097 0.0000e+00
      5.000     5.9664   3.141243    31.7099        267     0.1845 0.0000e+00
      6.000     5.9683   3.141423    31.7097        293     0.2031 0.0000e+00
      7.000     5.9693   3.141560    31.7098        320     0.2218 0.0000e+00
      8.000     5.9691   3.141589    31.7098        347     0.2402 0.0000e+00
      9.000     5.9695   3.141676    31.7099        373     0.2585 0.0000e+00
     10.000     5.9699   3.141765    31.7100        399     0.2765 0.0000e+00
     11.000     5.9710   3.141864    31.7097        425     0.2947 0.0000e+00
     12.000     5.9709   3.141907    31.7098        451     0.3123 0.0000e+00
     13.000     5.9684   3.141809    31.7104        477     0.3307 0.0000e+00
     14.000     5.9678   3.141821    31.7107        505     0.3499 0.0000e+00
     15.000     5.9676   3.141844    31.7107        532     0.3687 0.0000e+00
     16.000     5.9676   3.141905    31.7109        559     0.3872 0.0000e+00
     17.000     5.9679   3.141969    31.7108        585     0.4053 0.0000e+00
     18.000     5.9684   3.142061    31.7109        614     0.4256 0.0000e+00
     19.000     5.9726   3.142365    31.7099        767     0.5322 0.0000e+00
     20.000     5.9735   3.142484    31.7099        800     0.5547 0.0000e+00
     21.000     5.9706   3.142388    31.7110        826     0.5733 0.0000e+00
     22.000     5.9697   3.142398    31.7115        854     0.5925 0.0000e+00
     23.000     5.9692   3.142431    31.7118        884     0.6130 0.0000e+00
     24.000     5.9678   3.142423    31.7126        915     0.6345 0.0000e+00
     25.000     5.9667   3.142415    31.7131        943     0.6544 0.0000e+00
     26.000     5.9666   3.142450    31.7131        971     0.6735 0.0000e+00
     27.000     5.9672   3.142519    31.7128        998     0.6924 0.0000e+00
     28.000     5.8758   3.136625    31.7321       1023     0.7099 0.0000e+00
     29.000     5.7350   3.127334    31.7598       1048     0.7268 0.0000e+00
     30.000     5.6930   3.124163    31.7633       1075     0.7457 0.0000e+00
     31.000     5.6605   3.121809    31.7669       1105     0.7667 0.0000e+00
     32.000     5.6415   3.120416    31.7687       1133     0.7861 0.0000e+00
     33.000     5.6378   3.120139    31.7686       1161     0.8053 0.0000e+00
     34.000     5.6168   3.118597    31.7706       1188     0.8243 0.0000e+00
     35.000     5.5994   3.117331    31.7722       1216     0.8436 0.0000e+00
     36.000     5.5205   3.112240    31.7888       1242     0.8617 0.0000e+00
     37.000     5.4729   3.109256    31.7996       1270     0.8812 0.0000e+00
     38.000     5.4032   3.105128    31.8184       1299     0.9013 0.0000e+00
     39.000     5.2605   3.097496    31.8670       1326     0.9199 0.0000e+00
     40.000     5.1923   3.094685    31.8995       1352     0.9381 0.0000e+00
     41.000     5.1760   3.093984    31.9066       1379     0.9568 0.0000e+00
     42.000     5.1635   3.093531    31.9128       1407     0.9765 0.0000e+00
     43.000     5.1415   3.092441    31.9209       1437     0.9970 0.0000e+00
     44.000     5.1185   3.091732    31.9343       1466     1.0172 0.0000e+00
     45.000     5.0620   3.092022    31.9913       1494     1.0371 0.0000e+00
     46.000     5.0486   3.095375    32.0420       1521     1.0556 0.0000e+00
     47.000     5.0588   3.099539    32.0795       1545     1.0721 0.0000e+00
     48.000     5.0429   3.107451    32.1849       1570     1.0898 0.0000e+00
     49.000     5.0507   3.111307    32.2210       1599     1.1094 0.0000e+00
     50.000     5.0498   3.111682    32.2257       1630     1.1313 0.0000e+00
     51.000     5.0494   3.112220    32.2318       1660     1.1517 0.0000e+00
     52.000     5.0490   3.113058    32.2412       1688     1.1715 0.0000e+00
     53.000     5.0503   3.114421    32.2551       1716     1.1912 0.0000e+00
     54.000     5.0677   3.121180    32.3152       1744     1.2104 0.0000e+00
     55.000     5.0874   3.125925    32.3500       1769     1.2278 0.0000e+00
     56.000     5.0871   3.126062    32.3514       1795     1.2460 0.0000e+00
     57.000     5.0881   3.126750    32.3577       1823     1.2652 0.0000e+00
     58.000     5.1142   3.132904    32.4023       1852     1.2855 0.0000e+00
     59.000     5.1594   3.140283    32.4424       1880     1.3052 0.0000e+00
     60.000     5.1681   3.141167    32.4436       1908     1.3240 0.0000e+00
     61.000     5.1778   3.142597    32.4499       1935     1.3433 0.0000e+00
     62.000     5.1809   3.143072    32.4519       1965     1.3640 0.0000e+00
     63.000     5.1879   3.144365    32.4594       1995     1.3850 0.0000e+00
     64.000     5.2122   3.148053    32.4774       2023     1.4039 0.0000e+00
     65.000     5.2263   3.150292    32.4888       2048     1.4217 0.0000e+00
     66.000     5.2701   3.158530    32.5397       2074     1.4396 0.0000e+00
     67.000     5.2906   3.164517    32.5876       2101     1.4583 0.0000e+00
     68.000     5.3026   3.167963    32.6147       2129     1.4780 0.0000e+00
     69.000     5.3334   3.172867    32.6401       2159     1.4983 0.0000e+00
     70.000     5.5063   3.195163    32.7245       2189     1.5193 0.0000e+00
     71.000     5.6125   3.207399    32.7593       2219     1.5402 0.0000e+00
     72.000     5.6168   3.208265    32.7644       2247     1.5598 0.0000e+00
     73.000     5.6257   3.209764    32.7722       2273     1.5776 0.0000e+00
     74.000     5.6326   3.210834    32.7771       2300     1.5963 0.0000e+00
     75.000     5.6454   3.212851    32.7870       2327     1.6155 0.0000e+00
     76.000     5.6757   3.217133    32.8054       2355     1.6350 0.0000e+00
     77.000     5.6934   3.219824    32.8181       2382     1.6535 0.0000e+00
     78.000     5.7208   3.223708    32.8347       2410     1.6730 0.0000e+00
     79.000     5.7210   3.223842    32.8356       2439     1.6929 0.0000e+00
     80.000     5.7637   3.230488    32.8684       2466     1.7116 0.0000e+00
     81.000     5.8048   3.236324    32.8937       2494     1.7311 0.0000e+00
     82.000     5.8106   3.237161    32.8969       2525     1.7527 0.0000e+00
     83.000     5.8225   3.238865    32.9041       2555     1.7736 0.0000e+00
     84.000     5.8347   3.240812    32.9135       2583     1.7930 0.0000e+00
     85.000     5.8614   3.245365    32.9383       2611     1.8123 0.0000e+00
     86.000     5.8879   3.249141    32.9544       2637     1.8309 0.0000e+00
     87.000     5.9215   3.253941    32.9751       2664     1.8490 0.0000e+00
     88.000     5.9467   3.257709    32.9924       2691     1.8677 0.0000e+00
     89.000     5.9665   3.260658    33.0057       2720     1.8883 0.0000e+00
     90.000     5.9943   3.264811    33.0247       2752     1.9101 0.0000e+00
     91.000     6.0057   3.266444    33.0314       2783     1.9319 0.0000e+00
     92.000     6.0108   3.267298    33.0355       2812     1.9521 0.0000e+00
     93.000     6.0139   3.267825    33.0379       2838     1.9705 0.0000e+00
     94.000     6.0180   3.268485    33.0408       2864     1.9880 0.0000e+00
     95.000     6.0182   3.268603    33.0414       2893     2.0080 0.0000e+00
     96.000     6.0184   3.268676    33.0415       2925     2.0308 0.0000e+00
     97.000     6.0196   3.268930    33.0427       2957     2.0531 0.0000e+00
     98.000     6.0307   3.270524    33.0493       2986     2.0730 0.0000e+00
     99.000     6.0320   3.270801    33.0506       3014     2.0920 0.0000e+00
    100.000     6.0299   3.270852    33.0527       3041     2.1109 0.0000e+00
    101.000     6.0302   3.270939    33.0529       3069     2.1303 0.0000e+00
    102.000     6.0276   3.270691    33.0521       3098     2.1505 0.0000e+00
    103.000     6.0282   3.270808    33.0524       3127     2.1706 0.0000e+00
    104.000     6.0282   3.270922    33.0532       3156     2.1908 0.0000e+00
    105.000     6.0323   3.271578    33.0560       3186     2.2118 0.0000e+00
    106.000     6.0392   3.272584    33.0601       3217     2.2337 0.0000e+00
    107.000     6.0426   3.273136    33.0625       3247     2.2539 0.0000e+00
    108.000     6.0471   3.273791    33.0649       3274     2.2728 0.0000e+00
    109.000     6.0520   3.274541    33.0680       3301     2.2915 0.0000e+00
    110.000     6.0642   3.276219    33.0744       3329     2.3111 0.0000e+00
    111.000     6.0831   3.278926    33.0858       3358     2.3311 0.0000e+00
    112.000     6.1093   3.282698    33.1019       3386     2.3505 0.0000e+00
    113.000     6.1263   3.285195    33.1128       3414     2.3705 0.0000e+00
    114.000     6.1300   3.285912    33.1167       3446     2.3926 0.0000e+00
    115.000     6.1442   3.288004    33.1257       3479     2.4150 0.0000e+00
    116.000     6.1590   3.290095    33.1341       3508     2.4356 0.0000e+00
    117.000     6.1683   3.291365    33.1388       3538     2.4563 0.0000e+00
    118.000     6.1784   3.293028    33.1470       3568     2.4773 0.0000e+00
    119.000     6.2093   3.297498    33.1663       3596     2.4967 0.0000e+00
    120.000     6.2838   3.307820    33.2081       3623     2.5154 0.0000e+00
    121.000     6.3824   3.320475    33.2523       3651     2.5345 0.0000e+00
    122.000     6.4691   3.331170    33.2860       3677     2.5527 0.0000e+00
    123.000     6.4988   3.334879    33.2977       3704     2.5719 0.0000e+00
    124.000     6.5191   3.337559    33.3070       3735     2.5933 0.0000e+00
    125.000     6.5353   3.339799    33.3156       3767     2.6155 0.0000e+00
    126.000     6.5597   3.342888    33.3255       3798     2.6370 0.0000e+00
    127.000     6.6028   3.348794    33.3483       3829     2.6581 0.0000e+00
    128.000     6.6405   3.353973    33.3683       3858     2.6785 0.0000e+00
    129.000     6.6778   3.359007    33.3870       3885     2.6971 0.0000e+00
    130.000     6.6820   3.359622    33.3892       3911     2.7155 0.0000e+00
    131.000     6.6796   3.359608    33.3910       3938     2.7343 0.0000e+00
    132.000     6.6804   3.359913    33.3931       3967     2.7540 0.0000e+00
    133.000     6.6924   3.361757    33.4012       3995     2.7734 0.0000e+00
    134.000     6.7037   3.363517    33.4092       4023     2.7933 0.0000e+00
    135.000     6.7119   3.364906    33.4159       4054     2.8142 0.0000e+00
    136.000     6.7241   3.366812    33.4246       4085     2.8358 0.0000e+00
    137.000     6.7393   3.369203    33.4356       4115     2.8569 0.0000e+00
    138.000     6.7413   3.369715    33.4388       4145     2.8778 0.0000e+00
    139.000     6.7709   3.373662    33.4529       4174     2.8979 0.0000e+00
    140.000     6.8220   3.379562    33.4675       4202     2.9173 0.0000e+00
    141.000     6.8342   3.381071    33.4718       4227     2.9350 0.0000e+00
    142.000     6.8309   3.380948    33.4732       4252     2.9520 0.0000e+00
    143.000     6.8347   3.381737    33.4776       4277     2.9693 0.0000e+00
    144.000     6.8479   3.383391    33.4824       4304     2.9880 0.0000e+00
    145.000     6.8572   3.384518    33.4853       4333     3.0080 0.0000e+00
    146.000     6.8589   3.384900    33.4874       4367     3.0322 0.0000e+00
    147.000     6.8605   3.385302    33.4897       4403     3.0569 0.0000e+00
    148.000     6.8615   3.385504    33.4904       4433     3.0778 0.0000e+00
    149.000     6.8619   3.385667    33.4914       4458     3.0953 0.0000e+00
    150.000     6.8612   3.385947    33.4947       4481     3.1111 0.0000e+00
    151.000     6.8645   3.386842    33.5008       4503     3.1263 0.0000e+00
    152.000     6.8661   3.387550    33.5066       4526     3.1421 0.0000e+00
    153.000     6.8687   3.388653    33.5156       4551     3.1594 0.0000e+00
    154.000     6.8713   3.389463    33.5215       4579     3.1790 0.0000e+00
    155.000     6.8726   3.389903    33.5246       4613     3.2029 0.0000e+00
    156.000     6.8777   3.391138    33.5327       4650     3.2284 0.0000e+00
    157.000     6.8833   3.392373    33.5403       4679     3.2484 0.0000e+00
    158.000     6.8853   3.392767    33.5421       4703     3.2652 0.0000e+00
    159.000     6.8854   3.392810    33.5421       4726     3.2809 0.0000e+00
    160.000     6.8849   3.392803    33.5420       4748     3.2965 0.0000e+00
    161.000     6.8851   3.392876    33.5421       4771     3.3127 0.0000e+00
    162.000     6.8847   3.392851    33.5417       4798     3.3312 0.0000e+00
    163.000     6.8859   3.393090    33.5427       4829     3.3530 0.0000e+00
    164.000     6.8870   3.393315    33.5436       4860     3.3744 0.0000e+00
    165.000     6.8873   3.393428    33.5440       4887     3.3930 0.0000e+00
    166.000     6.8899   3.393880    33.5460       4912     3.4107 0.0000e+00
    167.000     6.8898   3.393895    33.5458       4939     3.4292 0.0000e+00
    168.000     6.8961   3.394942    33.5506       4966     3.4481 0.0000e+00
    169.000     6.9185   3.398596    33.5684       4995     3.4678 0.0000e+00
    170.000     6.9380   3.401742    33.5833       5024     3.4883 0.0000e+00
    171.000     6.9506   3.403755    33.5927       5052     3.5078 0.0000e+00
    172.000     6.9589   3.405061    33.5984       5078     3.5256 0.0000e+00
    173.000     6.9719   3.407123    33.6078       5103     3.5430 0.0000e+00
    174.000     6.9907   3.410070    33.6213       5131     3.5624 0.0000e+00
    175.000     7.0346   3.416626    33.6498       5163     3.5848 0.0000e+00
    176.000     7.0524   3.419160    33.6596       5194     3.6065 0.0000e+00
    177.000     7.0843   3.424340    33.6845       5222     3.6257 0.0000e+00
    178.000     7.1487   3.433395    33.7201       5247     3.6431 0.0000e+00
    179.000     7.1746   3.437430    33.7384       5271     3.6601 0.0000e+00
    180.000     7.2021   3.441517    33.7556       5297     3.6780 0.0000e+00
    181.000     7.2020   3.441480    33.7548       5326     3.6977 0.0000e+00
    182.000     7.2084   3.442521    33.7594       5356     3.7190 0.0000e+00
    183.000     7.2161   3.443722    33.7645       5387     3.7403 0.0000e+00
    184.000     7.2267   3.445379    33.7717       5416     3.7601 0.0000e+00
    185.000     7.2308   3.446015    33.7742       5442     3.7784 0.0000e+00
    186.000     7.2477   3.448558    33.7849       5469     3.7969 0.0000e+00
    187.000     7.2583   3.450232    33.7923       5494     3.8147 0.0000e+00
    188.000     7.2664   3.451444    33.7970       5522     3.8340 0.0000e+00
    189.000     7.2662   3.451395    33.7962       5555     3.8567 0.0000e+00
    188.000     7.2694   3.452060    33.8008       5917     4.1083 0.0000e+00
    187.000     7.2457   3.448528    33.7860       6470     4.4925 0.0000e+00
    186.000     7.2426   3.447988    33.7836       6394     4.4393 0.0000e+00
    185.000     7.2423   3.447924    33.7837       6419     4.4567 0.0000e+00
    184.000     7.2445   3.448182    33.7849       6441     4.4723 0.0000e+00
    183.000     7.2437   3.448028    33.7845       6464     4.4882 0.0000e+00
    182.000     7.2406   3.447518    33.7824       6488     4.5051 0.0000e+00
    181.000     7.2298   3.445792    33.7747       6516     4.5240 0.0000e+00
    180.000     7.2162   3.443770    33.7664       6543     4.5433 0.0000e+00
    179.000     7.2116   3.443121    33.7642       6570     4.5619 0.0000e+00
    178.000     7.2019   3.441564    33.7572       6596     4.5795 0.0000e+00
    177.000     7.1684   3.436568    33.7360       6620     4.5966 0.0000e+00
    176.000     7.1273   3.430552    33.7110       6643     4.6126 0.0000e+00
    175.000     7.0848   3.424134    33.6828       6666     4.6284 0.0000e+00
    174.000     7.0407   3.417593    33.6548       6689     4.6448 0.0000e+00
    173.000     7.0192   3.414364    33.6410       6714     4.6620 0.0000e+00
    172.000     6.9905   3.409986    33.6215       6738     4.6787 0.0000e+00
    171.000     6.9607   3.405338    33.6002       6763     4.6959 0.0000e+00
    170.000     6.9545   3.404341    33.5958       6788     4.7132 0.0000e+00
