HB2402/ctd202.cnv
* Sea-Bird SBE 9 Data File:
* FileName = C:\cruise\data\ctd202.hex
* Software Version Seasave V 7.26.7.121
* Temperature SN = 5253
* Conductivity SN = 4421
* Number of Bytes Per Scan = 37
* Number of Voltage Words = 4
* Number of Scans Averaged by the Deck Unit = 1
* NMEA Latitude = 43 00.49 N
* NMEA Longitude = 068 35.35 W
* NMEA UTC (Time) = May 04 2024 11:30:24
* NMEA baud rate = 4800
** Ship: Bigelow HB2402
** Program:  Spring Bottom Trawl Survey
** Chief Scientist: John Galbraith
# nquan = 7
# nvalues = 358                         
# units = specified
# name 0 = depSM: Depth [salt water, m]
# name 1 = t090C: Temperature [ITS-90, deg C]
# name 2 = c0S/m: Conductivity [S/m]
# name 3 = sal00: Salinity, Practical [PSU]
# name 4 = scan: Scan Count
# name 5 = timeM: Time, Elapsed [minutes]
# name 6 = flag: flag
# span 0 =      1.000,    181.000       
# span 1 =     4.9660,     7.8816       
# span 2 =   3.081100,   3.519737       
# span 3 =    31.5740,    33.9626       
# span 4 =        155,      12266       
# span 5 =     0.1068,     8.5177       
# span 6 = 0.0000e+00, 0.0000e+00       
# interval = meters: 1                  
# start_time = May 04 2024 11:30:24 [NMEA time, header]
# bad_flag = -9.990e-29
*END*
      4.000     7.6936   3.276752    31.5978        155     0.1068 0.0000e+00
      5.000     7.6936   3.276798    31.5979        296     0.2046 0.0000e+00
      6.000     7.6934   3.276838    31.5980        315     0.2178 0.0000e+00
      7.000     7.6904   3.276612    31.5979        329     0.2280 0.0000e+00
      8.000     7.6736   3.275183    31.5974        347     0.2401 0.0000e+00
      9.000     7.6749   3.275298    31.5971        391     0.2708 0.0000e+00
     10.000     7.6671   3.274668    31.5969        430     0.2979 0.0000e+00
     11.000     7.6604   3.274146    31.5970        447     0.3099 0.0000e+00
     12.000     7.6560   3.273796    31.5967        465     0.3222 0.0000e+00
     13.000     7.6562   3.273789    31.5960        626     0.4340 0.0000e+00
     14.000     7.6549   3.273679    31.5956        683     0.4736 0.0000e+00
     15.000     7.6164   3.270494    31.5960        707     0.4905 0.0000e+00
     16.000     7.6091   3.269848    31.5952        732     0.5075 0.0000e+00
     17.000     7.6112   3.270087    31.5955        760     0.5271 0.0000e+00
     18.000     7.5764   3.267052    31.5941        794     0.5507 0.0000e+00
     19.000     7.5453   3.264570    31.5953        823     0.5707 0.0000e+00
     20.000     7.5569   3.265428    31.5935        844     0.5854 0.0000e+00
     21.000     7.5233   3.262694    31.5943        865     0.6000 0.0000e+00
     22.000     7.5170   3.262148    31.5937        890     0.6176 0.0000e+00
     23.000     7.5151   3.261964    31.5930        923     0.6406 0.0000e+00
     24.000     7.4535   3.256522    31.5902        959     0.6655 0.0000e+00
     25.000     7.3651   3.249492    31.5947        988     0.6856 0.0000e+00
     26.000     7.2234   3.237560    31.5948       1010     0.7007 0.0000e+00
     27.000     7.0597   3.224913    31.6073       1029     0.7139 0.0000e+00
     28.000     6.8911   3.211264    31.6132       1051     0.7293 0.0000e+00
     29.000     6.7263   3.197850    31.6179       1093     0.7584 0.0000e+00
     30.000     6.5833   3.186147    31.6212       1129     0.7836 0.0000e+00
     31.000     6.3210   3.166476    31.6470       1149     0.7974 0.0000e+00
     32.000     6.1819   3.155593    31.6553       1171     0.8122 0.0000e+00
     33.000     6.0603   3.145878    31.6602       1200     0.8325 0.0000e+00
     34.000     5.9262   3.135238    31.6664       1238     0.8589 0.0000e+00
     35.000     5.8499   3.129492    31.6732       1266     0.8781 0.0000e+00
     36.000     5.8007   3.125877    31.6784       1288     0.8938 0.0000e+00
     37.000     5.6959   3.118938    31.6984       1314     0.9118 0.0000e+00
     38.000     5.5700   3.111106    31.7283       1344     0.9326 0.0000e+00
     39.000     5.4457   3.104042    31.7654       1372     0.9521 0.0000e+00
     40.000     5.3094   3.096811    31.8122       1397     0.9695 0.0000e+00
     41.000     5.2290   3.092636    31.8407       1429     0.9915 0.0000e+00
     42.000     5.1511   3.088821    31.8710       1464     1.0162 0.0000e+00
     43.000     5.1342   3.087858    31.8756       1493     1.0359 0.0000e+00
     44.000     5.1203   3.086997    31.8785       1515     1.0514 0.0000e+00
     45.000     5.1064   3.086140    31.8815       1537     1.0667 0.0000e+00
     46.000     5.0950   3.085483    31.8844       1565     1.0863 0.0000e+00
     47.000     5.0700   3.084312    31.8945       1609     1.1166 0.0000e+00
     48.000     5.0462   3.083151    31.9034       1643     1.1404 0.0000e+00
     49.000     5.0283   3.082361    31.9110       1664     1.1546 0.0000e+00
     50.000     5.0221   3.082016    31.9125       1683     1.1681 0.0000e+00
     51.000     5.0082   3.081392    31.9181       1706     1.1841 0.0000e+00
     52.000     5.0040   3.081377    31.9214       1743     1.2100 0.0000e+00
     53.000     4.9897   3.081100    31.9315       1783     1.2376 0.0000e+00
     54.000     4.9812   3.081114    31.9394       1807     1.2542 0.0000e+00
     55.000     4.9786   3.081521    31.9460       1832     1.2716 0.0000e+00
     56.000     4.9769   3.082052    31.9532       1864     1.2936 0.0000e+00
     57.000     4.9804   3.082422    31.9537       1895     1.3155 0.0000e+00
     58.000     4.9833   3.083300    31.9604       1923     1.3345 0.0000e+00
     59.000     4.9894   3.084649    31.9696       1948     1.3518 0.0000e+00
     60.000     4.9887   3.084793    31.9713       1971     1.3682 0.0000e+00
     61.000     4.9870   3.084920    31.9739       1995     1.3850 0.0000e+00
     62.000     4.9871   3.085246    31.9771       2025     1.4058 0.0000e+00
     63.000     4.9887   3.085881    31.9823       2065     1.4331 0.0000e+00
     64.000     4.9888   3.086381    31.9875       2100     1.4575 0.0000e+00
     65.000     4.9923   3.090112    32.0264       2125     1.4752 0.0000e+00
     66.000     5.0049   3.093770    32.0557       2150     1.4921 0.0000e+00
     67.000     5.0203   3.097134    32.0790       2177     1.5113 0.0000e+00
     68.000     5.0377   3.100183    32.0967       2208     1.5329 0.0000e+00
     69.000     5.0624   3.104350    32.1201       2233     1.5497 0.0000e+00
     70.000     5.1183   3.112922    32.1637       2253     1.5640 0.0000e+00
     71.000     5.1572   3.119173    32.1973       2277     1.5807 0.0000e+00
     72.000     5.1714   3.121871    32.2139       2313     1.6057 0.0000e+00
     73.000     5.1757   3.122708    32.2188       2354     1.6343 0.0000e+00
     74.000     5.1856   3.124387    32.2279       2386     1.6561 0.0000e+00
     75.000     5.2123   3.128934    32.2535       2412     1.6740 0.0000e+00
     76.000     5.2794   3.140056    32.3151       2434     1.6897 0.0000e+00
     77.000     5.3236   3.146722    32.3478       2458     1.7064 0.0000e+00
     78.000     5.3436   3.150174    32.3674       2487     1.7266 0.0000e+00
     79.000     5.3866   3.156851    32.4012       2518     1.7477 0.0000e+00
     80.000     5.4266   3.162610    32.4274       2544     1.7663 0.0000e+00
     81.000     5.5479   3.178255    32.4871       2570     1.7842 0.0000e+00
     82.000     5.5947   3.184036    32.5069       2599     1.8040 0.0000e+00
     83.000     5.6922   3.195914    32.5464       2633     1.8280 0.0000e+00
     84.000     5.7239   3.200356    32.5654       2669     1.8530 0.0000e+00
     85.000     5.8747   3.221708    32.6594       2695     1.8709 0.0000e+00
     86.000     5.9188   3.226865    32.6743       2717     1.8862 0.0000e+00
     87.000     5.9290   3.228422    32.6814       2744     1.9051 0.0000e+00
     88.000     5.9929   3.237812    32.7244       2783     1.9316 0.0000e+00
     89.000     6.0957   3.253100    32.7956       2811     1.9517 0.0000e+00
     90.000     6.1896   3.265300    32.8406       2833     1.9664 0.0000e+00
     91.000     6.2161   3.268713    32.8525       2855     1.9823 0.0000e+00
     92.000     6.2470   3.272816    32.8679       2885     2.0026 0.0000e+00
     93.000     6.2737   3.276696    32.8848       2921     2.0275 0.0000e+00
     94.000     6.2984   3.280123    32.8986       2953     2.0497 0.0000e+00
     95.000     6.3279   3.285301    32.9272       2981     2.0692 0.0000e+00
     96.000     6.3489   3.288368    32.9404       3009     2.0887 0.0000e+00
     97.000     6.3788   3.293658    32.9698       3035     2.1066 0.0000e+00
     98.000     6.4391   3.302597    33.0102       3058     2.1231 0.0000e+00
     99.000     6.4746   3.307877    33.0338       3084     2.1407 0.0000e+00
    100.000     6.5056   3.312877    33.0587       3114     2.1615 0.0000e+00
    101.000     6.5194   3.314981    33.0681       3144     2.1824 0.0000e+00
    102.000     6.5285   3.316443    33.0750       3171     2.2012 0.0000e+00
    103.000     6.5345   3.317651    33.0821       3205     2.2247 0.0000e+00
    104.000     6.5394   3.318695    33.0884       3242     2.2508 0.0000e+00
    105.000     6.5475   3.319899    33.0934       3265     2.2668 0.0000e+00
    106.000     6.5599   3.321609    33.0998       3284     2.2801 0.0000e+00
    107.000     6.6229   3.331524    33.1478       3308     2.2963 0.0000e+00
    108.000     6.7656   3.351489    33.2292       3350     2.3256 0.0000e+00
    109.000     6.8191   3.359460    33.2646       3388     2.3523 0.0000e+00
    110.000     6.8822   3.368124    33.2981       3408     2.3663 0.0000e+00
    111.000     6.8992   3.370378    33.3059       3426     2.3787 0.0000e+00
    112.000     6.9134   3.372304    33.3128       3445     2.3918 0.0000e+00
    113.000     6.9510   3.377852    33.3367       3484     2.4190 0.0000e+00
    114.000     6.9800   3.382038    33.3539       3543     2.4594 0.0000e+00
    115.000     7.0280   3.389475    33.3883       3560     2.4712 0.0000e+00
    116.000     7.0529   3.392746    33.3994       3579     2.4850 0.0000e+00
    117.000     7.0625   3.394267    33.4064       3602     2.5008 0.0000e+00
    118.000     7.0792   3.397182    33.4215       3630     2.5204 0.0000e+00
    119.000     7.0986   3.400379    33.4371       3661     2.5419 0.0000e+00
    120.000     7.1679   3.409788    33.4722       3694     2.5646 0.0000e+00
    121.000     7.1905   3.412905    33.4837       3724     2.5852 0.0000e+00
    122.000     7.2203   3.417224    33.5014       3750     2.6034 0.0000e+00
    123.000     7.2389   3.419938    33.5125       3777     2.6222 0.0000e+00
    124.000     7.2508   3.421744    33.5201       3808     2.6440 0.0000e+00
    125.000     7.2557   3.422561    33.5237       3840     2.6663 0.0000e+00
    126.000     7.2620   3.423560    33.5280       3868     2.6856 0.0000e+00
    127.000     7.2894   3.427418    33.5429       3894     2.7032 0.0000e+00
    128.000     7.4089   3.443562    33.6019       3922     2.7231 0.0000e+00
    129.000     7.4552   3.449719    33.6233       3956     2.7466 0.0000e+00
    130.000     7.4679   3.451658    33.6315       3987     2.7682 0.0000e+00
    131.000     7.4818   3.453631    33.6389       4011     2.7847 0.0000e+00
    132.000     7.4893   3.454826    33.6441       4032     2.7992 0.0000e+00
    133.000     7.5208   3.459394    33.6624       4056     2.8156 0.0000e+00
    134.000     7.5411   3.462522    33.6762       4098     2.8451 0.0000e+00
    135.000     7.5458   3.464216    33.6894       4139     2.8738 0.0000e+00
    136.000     7.5488   3.465495    33.6998       4161     2.8888 0.0000e+00
    137.000     7.5517   3.466435    33.7067       4181     2.9026 0.0000e+00
    138.000     7.5781   3.470801    33.7278       4204     2.9184 0.0000e+00
    139.000     7.5891   3.472754    33.7377       4237     2.9420 0.0000e+00
    140.000     7.5997   3.474446    33.7452       4278     2.9698 0.0000e+00
    141.000     7.6213   3.477772    33.7596       4302     2.9866 0.0000e+00
    142.000     7.6592   3.483055    33.7794       4322     3.0009 0.0000e+00
    143.000     7.6916   3.487332    33.7936       4349     3.0195 0.0000e+00
    144.000     7.7172   3.491049    33.8083       4389     3.0475 0.0000e+00
    145.000     7.7357   3.494457    33.8265       4420     3.0688 0.0000e+00
    146.000     7.7366   3.495167    33.8328       4442     3.0838 0.0000e+00
    147.000     7.7474   3.496865    33.8401       4467     3.1013 0.0000e+00
    148.000     7.7585   3.498324    33.8446       4507     3.1295 0.0000e+00
    149.000     7.7681   3.500009    33.8529       4540     3.1523 0.0000e+00
    150.000     7.7807   3.502161    33.8633       4562     3.1673 0.0000e+00
    151.000     7.8019   3.505607    33.8793       4586     3.1837 0.0000e+00
    152.000     7.8659   3.514928    33.9168       4622     3.2090 0.0000e+00
    153.000     7.8797   3.516850    33.9236       4662     3.2371 0.0000e+00
    154.000     7.8814   3.517310    33.9263       4688     3.2551 0.0000e+00
    155.000     7.8816   3.517490    33.9276       4712     3.2719 0.0000e+00
    156.000     7.8815   3.518071    33.9335       4741     3.2917 0.0000e+00
    157.000     7.8805   3.518695    33.9407       4780     3.3189 0.0000e+00
    158.000     7.8790   3.519029    33.9451       4819     3.3458 0.0000e+00
    159.000     7.8603   3.518465    33.9568       4846     3.3646 0.0000e+00
    160.000     7.8551   3.518225    33.9588       4869     3.3807 0.0000e+00
    161.000     7.8531   3.518139    33.9594       4895     3.3986 0.0000e+00
    162.000     7.8526   3.518158    33.9596       4937     3.4281 0.0000e+00
    163.000     7.8520   3.518200    33.9601       4974     3.4537 0.0000e+00
    164.000     7.8521   3.518252    33.9601       5001     3.4724 0.0000e+00
    165.000     7.8520   3.518304    33.9603       5032     3.4935 0.0000e+00
    166.000     7.8522   3.518386    33.9605       5066     3.5173 0.0000e+00
    167.000     7.8525   3.518463    33.9605       5103     3.5430 0.0000e+00
    168.000     7.8528   3.518565    33.9608       5137     3.5668 0.0000e+00
    169.000     7.8530   3.518627    33.9609       5163     3.5844 0.0000e+00
    170.000     7.8534   3.518732    33.9611       5188     3.6019 0.0000e+00
    171.000     7.8535   3.518778    33.9610       5229     3.6308 0.0000e+00
    172.000     7.8536   3.518835    33.9611       5282     3.6673 0.0000e+00
    173.000     7.8537   3.518919    33.9614       5311     3.6876 0.0000e+00
    174.000     7.8541   3.519021    33.9616       5335     3.7043 0.0000e+00
    175.000     7.8548   3.519135    33.9616       5360     3.7219 0.0000e+00
    176.000     7.8552   3.519230    33.9618       5411     3.7567 0.0000e+00
    177.000     7.8564   3.519399    33.9620       5460     3.7909 0.0000e+00
    178.000     7.8560   3.519428    33.9622       5479     3.8044 0.0000e+00
    179.000     7.8565   3.519531    33.9623       5498     3.8176 0.0000e+00
    180.000     7.8573   3.519650    33.9623       5523     3.8347 0.0000e+00
    181.000     7.8577   3.519737    33.9624       5576     3.8715 0.0000e+00
    180.000     7.8568   3.519606    33.9624       5595     3.8848 0.0000e+00
    179.000     7.8563   3.519511    33.9623       5790     4.0202 0.0000e+00
    178.000     7.8555   3.519372    33.9621       5873     4.0777 0.0000e+00
    177.000     7.8560   3.519396    33.9624       5974     4.1482 0.0000e+00
    176.000     7.8549   3.519240    33.9622       6131     4.2569 0.0000e+00
    175.000     7.8563   3.519360    33.9626       6254     4.3424 0.0000e+00
    174.000     7.8558   3.519258    33.9624       6348     4.4076 0.0000e+00
    173.000     7.8549   3.519097    33.9621       6389     4.4363 0.0000e+00
    172.000     7.8541   3.518964    33.9620       6412     4.4518 0.0000e+00
    171.000     7.8541   3.518933    33.9621       6435     4.4681 0.0000e+00
    170.000     7.8537   3.518834    33.9619       6464     4.4885 0.0000e+00
    169.000     7.8528   3.518670    33.9615       6492     4.5076 0.0000e+00
    168.000     7.8522   3.518551    33.9613       6514     4.5231 0.0000e+00
    167.000     7.8521   3.518499    33.9613       6534     4.5368 0.0000e+00
    166.000     7.8519   3.518438    33.9614       6556     4.5517 0.0000e+00
    165.000     7.8518   3.518392    33.9614       6578     4.5677 0.0000e+00
    164.000     7.8518   3.518342    33.9614       6602     4.5837 0.0000e+00
    163.000     7.8516   3.518291    33.9614       6623     4.5988 0.0000e+00
    162.000     7.8516   3.518252    33.9615       6646     4.6144 0.0000e+00
    161.000     7.8517   3.518194    33.9613       6673     4.6331 0.0000e+00
    160.000     7.8519   3.518150    33.9611       6700     4.6520 0.0000e+00
    159.000     7.8524   3.518121    33.9608       6723     4.6681 0.0000e+00
    158.000     7.8537   3.518161    33.9604       6746     4.6838 0.0000e+00
    157.000     7.8580   3.518329    33.9585       6769     4.7000 0.0000e+00
    156.000     7.8714   3.518838    33.9515       6793     4.7164 0.0000e+00
    155.000     7.8769   3.518873    33.9470       6813     4.7309 0.0000e+00
    154.000     7.8793   3.518644    33.9427       6831     4.7433 0.0000e+00
