HB2402/ctd208.cnv
* Sea-Bird SBE 9 Data File:
* FileName = C:\cruise\data\ctd208.hex
* Software Version Seasave V 7.26.7.121
* Temperature SN = 5253
* Conductivity SN = 4421
* Number of Bytes Per Scan = 37
* Number of Voltage Words = 4
* Number of Scans Averaged by the Deck Unit = 1
* NMEA Latitude = 43 21.56 N
* NMEA Longitude = 067 18.82 W
* NMEA UTC (Time) = May 05 2024 09:56:46
* NMEA baud rate = 4800
** Ship: Bigelow HB2402
** Program:  Spring Bottom Trawl Survey
** Chief Scientist: John Galbraith
# nquan = 7
# nvalues = 380                         
# units = specified
# name 0 = depSM: Depth [salt water, m]
# name 1 = t090C: Temperature [ITS-90, deg C]
# name 2 = c0S/m: Conductivity [S/m]
# name 3 = sal00: Salinity, Practical [PSU]
# name 4 = scan: Scan Count
# name 5 = timeM: Time, Elapsed [minutes]
# name 6 = flag: flag
# span 0 =      1.000,    192.000       
# span 1 =     5.0468,     7.1466       
# span 2 =   3.095950,   3.434643       
# span 3 =    31.8604,    33.7290       
# span 4 =        165,      12282       
# span 5 =     0.1141,     8.5283       
# span 6 = 0.0000e+00, 0.0000e+00       
# interval = meters: 1                  
# start_time = May 05 2024 09:56:46 [NMEA time, header]
# bad_flag = -9.990e-29
*END*
[from data line 206]
    174.000     7.1205   3.430463    33.7175       6794     4.7174 0.0000e+00
    173.000     7.1197   3.430283    33.7169       6821     4.7359 0.0000e+00
    172.000     7.1197   3.430239    33.7169       6845     4.7529 0.0000e+00
    171.000     7.1200   3.430232    33.7170       6868     4.7686 0.0000e+00
    170.000     7.1196   3.430157    33.7170       6891     4.7844 0.0000e+00
    169.000     7.1193   3.430067    33.7169       6919     4.8039 0.0000e+00
    168.000     7.1187   3.429949    33.7167       6952     4.8269 0.0000e+00
    167.000     7.1172   3.429703    33.7159       6979     4.8459 0.0000e+00
    166.000     7.1159   3.429500    33.7155       7003     4.8624 0.0000e+00
    165.000     7.1162   3.429505    33.7157       7028     4.8797 0.0000e+00
    164.000     7.1163   3.429471    33.7158       7053     4.8973 0.0000e+00
    163.000     7.1160   3.429410    33.7158       7076     4.9134 0.0000e+00
    162.000     7.1147   3.429200    33.7153       7099     4.9293 0.0000e+00
    161.000     7.1123   3.428865    33.7145       7124     4.9467 0.0000e+00
    160.000     7.1123   3.428799    33.7142       7159     4.9710 0.0000e+00
    159.000     7.1143   3.429000    33.7149       7192     4.9936 0.0000e+00
    158.000     7.1156   3.429163    33.7159       7214     5.0091 0.0000e+00
    157.000     7.1158   3.429132    33.7159       7233     5.0225 0.0000e+00
    156.000     7.1166   3.429203    33.7165       7253     5.0362 0.0000e+00
    155.000     7.1170   3.429232    33.7169       7277     5.0525 0.0000e+00
    154.000     7.1176   3.429302    33.7174       7307     5.0734 0.0000e+00
    153.000     7.1183   3.429357    33.7179       7338     5.0950 0.0000e+00
    152.000     7.1187   3.429372    33.7182       7366     5.1145 0.0000e+00
    151.000     7.1193   3.429424    33.7186       7392     5.1327 0.0000e+00
    150.000     7.1196   3.429412    33.7187       7417     5.1503 0.0000e+00
    149.000     7.1190   3.429309    33.7186       7443     5.1679 0.0000e+00
    148.000     7.1182   3.429166    33.7184       7470     5.1867 0.0000e+00
    147.000     7.1130   3.428481    33.7165       7496     5.2047 0.0000e+00
    146.000     7.1128   3.428353    33.7158       7519     5.2208 0.0000e+00
    145.000     7.1023   3.426915    33.7107       7541     5.2363 0.0000e+00
    144.000     7.0891   3.425029    33.7035       7565     5.2528 0.0000e+00
    143.000     7.0875   3.424745    33.7024       7593     5.2720 0.0000e+00
    142.000     7.0879   3.424706    33.7021       7622     5.2925 0.0000e+00
    141.000     7.0718   3.422313    33.6922       7649     5.3112 0.0000e+00
    140.000     7.0673   3.421613    33.6894       7675     5.3291 0.0000e+00
    139.000     7.0642   3.421134    33.6877       7702     5.3477 0.0000e+00
    138.000     7.0626   3.420875    33.6869       7729     5.3663 0.0000e+00
    137.000     7.0578   3.420096    33.6836       7755     5.3844 0.0000e+00
    136.000     7.0556   3.419775    33.6826       7780     5.4019 0.0000e+00
    135.000     7.0546   3.419578    33.6820       7804     5.4191 0.0000e+00
    134.000     7.0430   3.417824    33.6746       7828     5.4357 0.0000e+00
    133.000     7.0279   3.415658    33.6662       7852     5.4518 0.0000e+00
    132.000     7.0237   3.415063    33.6642       7877     5.4696 0.0000e+00
    131.000     7.0167   3.413996    33.6599       7906     5.4896 0.0000e+00
    130.000     7.0155   3.413657    33.6578       7935     5.5095 0.0000e+00
    129.000     7.0055   3.412229    33.6524       7960     5.5269 0.0000e+00
    128.000     6.9998   3.411370    33.6491       7984     5.5438 0.0000e+00
    127.000     6.9973   3.410938    33.6473       8010     5.5618 0.0000e+00
    126.000     6.9921   3.410149    33.6442       8038     5.5811 0.0000e+00
    125.000     6.9853   3.409071    33.6395       8064     5.5991 0.0000e+00
    124.000     6.9822   3.408575    33.6376       8089     5.6165 0.0000e+00
    123.000     6.9738   3.407439    33.6339       8115     5.6344 0.0000e+00
    122.000     6.9556   3.404646    33.6215       8140     5.6520 0.0000e+00
    121.000     6.9339   3.401585    33.6096       8164     5.6688 0.0000e+00
    120.000     6.8985   3.396453    33.5883       8188     5.6857 0.0000e+00
    119.000     6.8820   3.393871    33.5766       8215     5.7038 0.0000e+00
    118.000     6.8688   3.391755    33.5667       8242     5.7231 0.0000e+00
    117.000     6.8599   3.390309    33.5600       8270     5.7423 0.0000e+00
    116.000     6.8481   3.388509    33.5522       8296     5.7602 0.0000e+00
    115.000     6.8434   3.387687    33.5483       8320     5.7768 0.0000e+00
    114.000     6.8326   3.386085    33.5417       8345     5.7946 0.0000e+00
    113.000     6.8252   3.384885    33.5362       8373     5.8139 0.0000e+00
    112.000     6.8182   3.383732    33.5309       8401     5.8331 0.0000e+00
    111.000     6.8064   3.381911    33.5228       8425     5.8497 0.0000e+00
    110.000     6.7786   3.377953    33.5069       8447     5.8653 0.0000e+00
    109.000     6.7636   3.375508    33.4951       8470     5.8813 0.0000e+00
    108.000     6.7384   3.371670    33.4779       8497     5.8998 0.0000e+00
    107.000     6.7199   3.368933    33.4663       8527     5.9210 0.0000e+00
    106.000     6.6891   3.363084    33.4323       8557     5.9416 0.0000e+00
    105.000     6.6738   3.360944    33.4241       8582     5.9590 0.0000e+00
    104.000     6.6887   3.363249    33.4355       8605     5.9752 0.0000e+00
    103.000     6.6811   3.362115    33.4309       8628     5.9913 0.0000e+00
    102.000     6.6588   3.358125    33.4091       8653     6.0086 0.0000e+00
    101.000     6.6389   3.354440    33.3883       8680     6.0271 0.0000e+00
    100.000     6.6306   3.353067    33.3818       8708     6.0462 0.0000e+00
     99.000     6.6178   3.351250    33.3746       8735     6.0653 0.0000e+00
     98.000     6.5994   3.348633    33.3642       8761     6.0831 0.0000e+00
     97.000     6.5766   3.344927    33.3459       8785     6.1001 0.0000e+00
     96.000     6.5689   3.343457    33.3375       8810     6.1175 0.0000e+00
     95.000     6.5558   3.341327    33.3273       8836     6.1355 0.0000e+00
     94.000     6.5324   3.337932    33.3130       8863     6.1539 0.0000e+00
     93.000     6.4957   3.332484    33.2889       8890     6.1732 0.0000e+00
     92.000     6.4875   3.330432    33.2747       8918     6.1923 0.0000e+00
     91.000     6.5035   3.329268    33.2467       8943     6.2099 0.0000e+00
     90.000     6.5132   3.329640    33.2418       8968     6.2271 0.0000e+00
     89.000     6.5502   3.330671    33.2177       8991     6.2433 0.0000e+00
     88.000     6.5632   3.331133    33.2107       9015     6.2600 0.0000e+00
     87.000     6.5736   3.330479    33.1939       9042     6.2785 0.0000e+00
     86.000     6.5829   3.330242    33.1827       9070     6.2983 0.0000e+00
     85.000     6.5945   3.330563    33.1756       9098     6.3174 0.0000e+00
     84.000     6.5866   3.329117    33.1677       9124     6.3353 0.0000e+00
     83.000     6.5619   3.324988    33.1465       9148     6.3520 0.0000e+00
     82.000     6.5257   3.319532    33.1217       9172     6.3686 0.0000e+00
     81.000     6.4897   3.314733    33.1039       9198     6.3870 0.0000e+00
     80.000     6.4715   3.312000    33.0918       9227     6.4072 0.0000e+00
     79.000     6.4051   3.303542    33.0628       9254     6.4259 0.0000e+00
     78.000     6.3693   3.298506    33.0421       9279     6.4428 0.0000e+00
     77.000     6.3041   3.289528    33.0060       9304     6.4604 0.0000e+00
     76.000     6.2004   3.275290    32.9483       9329     6.4778 0.0000e+00
     75.000     5.9495   3.244105    32.8434       9353     6.4946 0.0000e+00
     74.000     5.9198   3.239586    32.8220       9378     6.5121 0.0000e+00
     73.000     5.8707   3.233301    32.7996       9406     6.5313 0.0000e+00
     72.000     5.8272   3.227891    32.7814       9435     6.5517 0.0000e+00
     71.000     5.7731   3.220548    32.7517       9462     6.5701 0.0000e+00
     70.000     5.7465   3.216831    32.7362       9486     6.5869 0.0000e+00
     69.000     5.7263   3.213226    32.7156       9511     6.6043 0.0000e+00
     68.000     5.7054   3.209821    32.6979       9537     6.6223 0.0000e+00
     67.000     5.6916   3.207641    32.6872       9562     6.6393 0.0000e+00
     66.000     5.6816   3.205924    32.6780       9585     6.6558 0.0000e+00
     65.000     5.6766   3.204136    32.6631       9612     6.6743 0.0000e+00
     64.000     5.6770   3.203541    32.6565       9644     6.6968 0.0000e+00
     63.000     5.6940   3.203669    32.6420       9674     6.7176 0.0000e+00
     62.000     5.7089   3.204563    32.6382       9697     6.7337 0.0000e+00
     61.000     5.7085   3.204472    32.6381       9718     6.7481 0.0000e+00
     60.000     5.7114   3.204495    32.6360       9740     6.7635 0.0000e+00
     59.000     5.7183   3.204930    32.6347       9767     6.7817 0.0000e+00
     58.000     5.7280   3.205645    32.6339       9796     6.8024 0.0000e+00
     57.000     5.7443   3.206898    32.6327       9826     6.8232 0.0000e+00
     56.000     5.7481   3.207178    32.6327       9854     6.8426 0.0000e+00
     55.000     5.7470   3.206979    32.6320       9879     6.8599 0.0000e+00
     54.000     5.7479   3.206896    32.6308       9902     6.8759 0.0000e+00
     53.000     5.7496   3.206891    32.6295       9925     6.8917 0.0000e+00
     52.000     5.7379   3.205025    32.6203       9949     6.9084 0.0000e+00
     51.000     5.7137   3.201110    32.6000       9975     6.9267 0.0000e+00
     50.000     5.6879   3.197377    32.5834      10004     6.9468 0.0000e+00
     49.000     5.6773   3.195588    32.5739      10035     6.9677 0.0000e+00
     48.000     5.6674   3.193899    32.5649      10063     6.9874 0.0000e+00
     47.000     5.6608   3.192471    32.5557      10088     7.0049 0.0000e+00
     46.000     5.6217   3.186249    32.5237      10110     7.0200 0.0000e+00
     45.000     5.5153   3.170926    32.4535      10131     7.0349 0.0000e+00
     44.000     5.4680   3.163417    32.4146      10155     7.0517 0.0000e+00
     43.000     5.4384   3.158832    32.3916      10186     7.0726 0.0000e+00
     42.000     5.3347   3.145209    32.3373      10216     7.0935 0.0000e+00
     41.000     5.2363   3.131882    32.2810      10242     7.1118 0.0000e+00
     40.000     5.2145   3.128427    32.2631      10268     7.1295 0.0000e+00
     39.000     5.1693   3.122183    32.2359      10293     7.1473 0.0000e+00
     38.000     5.1108   3.112169    32.1784      10318     7.1647 0.0000e+00
     37.000     5.0977   3.109171    32.1572      10342     7.1813 0.0000e+00
     36.000     5.0864   3.107110    32.1450      10367     7.1985 0.0000e+00
     35.000     5.0756   3.104653    32.1278      10396     7.2185 0.0000e+00
     34.000     5.0672   3.102751    32.1145      10426     7.2399 0.0000e+00
     33.000     5.0605   3.101354    32.1056      10452     7.2580 0.0000e+00
     32.000     5.0562   3.100417    32.0995      10475     7.2739 0.0000e+00
     31.000     5.0552   3.099950    32.0956      10498     7.2897 0.0000e+00
     30.000     5.0534   3.098435    32.0805      10523     7.3068 0.0000e+00
     29.000     5.0550   3.097073    32.0638      10551     7.3263 0.0000e+00
     28.000     5.0583   3.096600    32.0557      10582     7.3478 0.0000e+00
     27.000     5.0644   3.096005    32.0435      10609     7.3663 0.0000e+00
     26.000     5.0707   3.095950    32.0374      10631     7.3822 0.0000e+00
     25.000     5.1017   3.097362    32.0242      10653     7.3972 0.0000e+00
     24.000     5.1200   3.098575    32.0210      10678     7.4147 0.0000e+00
     23.000     5.1356   3.099528    32.0175      10709     7.4359 0.0000e+00
     22.000     5.1619   3.100923    32.0087      10739     7.4566 0.0000e+00
     21.000     5.2441   3.106164    31.9902      10763     7.4739 0.0000e+00
     20.000     5.2913   3.109684    31.9857      10787     7.4902 0.0000e+00
     19.000     5.3076   3.111116    31.9869      10811     7.5067 0.0000e+00
     18.000     5.3686   3.114739    31.9703      10835     7.5239 0.0000e+00
     17.000     5.3832   3.115827    31.9692      10862     7.5424 0.0000e+00
     16.000     5.4064   3.117297    31.9643      10889     7.5612 0.0000e+00
     15.000     5.4504   3.120069    31.9543      10916     7.5797 0.0000e+00
     14.000     5.5522   3.126703    31.9330      10942     7.5977 0.0000e+00
     13.000     5.6545   3.134876    31.9286      10967     7.6152 0.0000e+00
     12.000     5.7967   3.145260    31.9113      10992     7.6326 0.0000e+00
     11.000     5.8627   3.151216    31.9162      11016     7.6496 0.0000e+00
     10.000     6.0622   3.164893    31.8815      11042     7.6674 0.0000e+00
      9.000     6.1654   3.174817    31.8955      11068     7.6854 0.0000e+00
      8.000     6.2932   3.185053    31.8897      11093     7.7025 0.0000e+00
      7.000     6.4419   3.196819    31.8812      11116     7.7187 0.0000e+00
      6.000     6.7310   3.220911    31.8771      11675     8.1068 0.0000e+00
      5.000     6.6957   3.217589    31.8740      12043     8.3625 0.0000e+00
      4.000     6.7168   3.218964    31.8699      12154     8.4399 0.0000e+00
      3.000     6.7281   3.219603    31.8669      12209     8.4779 0.0000e+00
      2.000     6.7360   3.220046    31.8649      12254     8.5090 0.0000e+00
      1.000     6.7448   3.220518    31.8623      12282     8.5283 0.0000e+00
