HB2402/ctd229.cnv
* Sea-Bird SBE 9 Data File:
* FileName = C:\cruise\data\ctd229.hex
* Software Version Seasave V 7.26.7.121
* Temperature SN = 5253
* Conductivity SN = 4421
* Number of Bytes Per Scan = 37
* Number of Voltage Words = 4
* Number of Scans Averaged by the Deck Unit = 1
* NMEA Latitude = 43 23.86 N
* NMEA Longitude = 069 52.89 W
* NMEA UTC (Time) = May 09 2024 13:36:01
* NMEA baud rate = 4800
** Ship: Bigelow HB2402
** Program:  Spring Bottom Trawl Survey
** Chief Scientist: John Galbraith
# nquan = 7
# nvalues = 296                         
# units = specified
# name 0 = depSM: Depth [salt water, m]
# name 1 = t090C: Temperature [ITS-90, deg C]
# name 2 = c0S/m: Conductivity [S/m]
# name 3 = sal00: Salinity, Practical [PSU]
# name 4 = scan: Scan Count
# name 5 = timeM: Time, Elapsed [minutes]
# name 6 = flag: flag
# span 0 =      1.000,    150.000       
# span 1 =     4.5358,     9.7092       
# span 2 =   3.010866,   3.387847       
# span 3 =    29.6378,    33.1582       
# span 4 =        200,       9800       
# span 5 =     0.1381,     6.8048       
# span 6 = 0.0000e+00, 0.0000e+00       
# interval = meters: 1                  
# start_time = May 09 2024 13:36:01 [NMEA time, header]
# bad_flag = -9.990e-29
*END*
      4.000     9.7092   3.255784    29.6378        200     0.1381 0.0000e+00
      5.000     9.5147   3.254993    29.7902        331     0.2294 0.0000e+00
      6.000     9.2994   3.252495    29.9436        364     0.2522 0.0000e+00
      7.000     9.2967   3.251995    29.9405        394     0.2726 0.0000e+00
      8.000     9.2884   3.251732    29.9443        419     0.2904 0.0000e+00
      9.000     9.2870   3.252564    29.9535        443     0.3068 0.0000e+00
     10.000     9.2699   3.256175    30.0043        465     0.3226 0.0000e+00
     11.000     8.9729   3.237605    30.0638        492     0.3409 0.0000e+00
     12.000     8.0111   3.166099    30.1395        521     0.3608 0.0000e+00
     13.000     7.0036   3.099332    30.3037        549     0.3803 0.0000e+00
     14.000     6.7029   3.083361    30.3954        574     0.3978 0.0000e+00
     15.000     6.3620   3.063882    30.4854        598     0.4149 0.0000e+00
     16.000     6.1801   3.059186    30.5964        631     0.4372 0.0000e+00
     17.000     6.2652   3.070573    30.6452        775     0.5373 0.0000e+00
     18.000     6.0001   3.055755    30.7201        859     0.5957 0.0000e+00
     19.000     5.6228   3.031921    30.7972        891     0.6178 0.0000e+00
     20.000     5.3513   3.015801    30.8644        919     0.6373 0.0000e+00
     21.000     5.2269   3.010866    30.9228        947     0.6570 0.0000e+00
     22.000     5.1761   3.013695    31.0015        977     0.6775 0.0000e+00
     23.000     5.0615   3.013361    31.1039       1005     0.6974 0.0000e+00
     24.000     4.9411   3.013537    31.2180       1031     0.7155 0.0000e+00
     25.000     4.8669   3.016033    31.3159       1055     0.7318 0.0000e+00
     26.000     4.8523   3.020596    31.3815       1078     0.7481 0.0000e+00
     27.000     4.8357   3.019936    31.3892       1104     0.7658 0.0000e+00
     28.000     4.7478   3.016231    31.4292       1132     0.7854 0.0000e+00
     29.000     4.7326   3.017264    31.4550       1161     0.8053 0.0000e+00
     30.000     4.7201   3.017369    31.4676       1189     0.8252 0.0000e+00
     31.000     4.6927   3.018701    31.5085       1218     0.8449 0.0000e+00
     32.000     4.6991   3.020586    31.5237       1244     0.8633 0.0000e+00
     33.000     4.7032   3.021561    31.5305       1269     0.8805 0.0000e+00
     34.000     4.7002   3.021708    31.5345       1293     0.8969 0.0000e+00
     35.000     4.6965   3.024298    31.5674       1318     0.9145 0.0000e+00
     36.000     4.6802   3.023557    31.5739       1345     0.9334 0.0000e+00
     37.000     4.6587   3.022458    31.5813       1373     0.9526 0.0000e+00
     38.000     4.6075   3.020115    31.6025       1399     0.9712 0.0000e+00
     39.000     4.5874   3.019470    31.6138       1427     0.9900 0.0000e+00
     40.000     4.5850   3.019357    31.6143       1453     1.0087 0.0000e+00
     41.000     4.5747   3.018623    31.6151       1480     1.0268 0.0000e+00
     42.000     4.5487   3.016837    31.6188       1505     1.0446 0.0000e+00
     43.000     4.5397   3.016363    31.6214       1532     1.0632 0.0000e+00
     44.000     4.5383   3.016346    31.6220       1560     1.0827 0.0000e+00
     45.000     4.5379   3.016401    31.6226       1587     1.1011 0.0000e+00
     46.000     4.5372   3.016488    31.6237       1612     1.1189 0.0000e+00
     47.000     4.5358   3.016619    31.6261       1638     1.1370 0.0000e+00
     48.000     4.5365   3.017034    31.6297       1666     1.1560 0.0000e+00
     49.000     4.5368   3.017070    31.6293       1693     1.1751 0.0000e+00
     50.000     4.5386   3.017354    31.6304       1720     1.1935 0.0000e+00
     51.000     4.5508   3.019046    31.6379       1744     1.2105 0.0000e+00
     52.000     4.5594   3.020054    31.6408       1768     1.2269 0.0000e+00
     53.000     4.5611   3.020446    31.6432       1793     1.2442 0.0000e+00
     54.000     4.5622   3.020781    31.6455       1821     1.2636 0.0000e+00
     55.000     4.5651   3.021230    31.6474       1852     1.2857 0.0000e+00
     56.000     4.5702   3.022401    31.6556       1883     1.3071 0.0000e+00
     57.000     4.5820   3.024001    31.6623       1910     1.3257 0.0000e+00
     58.000     4.5828   3.024425    31.6659       1933     1.3418 0.0000e+00
     59.000     4.5839   3.025011    31.6712       1956     1.3576 0.0000e+00
     60.000     4.6111   3.029076    31.6917       1981     1.3749 0.0000e+00
     61.000     4.6180   3.030755    31.7040       2008     1.3940 0.0000e+00
     62.000     4.6253   3.031767    31.7082       2037     1.4137 0.0000e+00
     63.000     4.6294   3.032351    31.7106       2064     1.4325 0.0000e+00
     64.000     4.6498   3.035144    31.7228       2089     1.4503 0.0000e+00
     65.000     4.6740   3.037992    31.7320       2116     1.4687 0.0000e+00
     66.000     4.6856   3.039409    31.7368       2143     1.4876 0.0000e+00
     67.000     4.6963   3.040771    31.7418       2171     1.5068 0.0000e+00
     68.000     4.7049   3.041895    31.7460       2197     1.5253 0.0000e+00
     69.000     4.7148   3.043219    31.7513       2224     1.5435 0.0000e+00
     70.000     4.7329   3.045643    31.7615       2249     1.5613 0.0000e+00
     71.000     4.7805   3.051320    31.7808       2276     1.5798 0.0000e+00
     72.000     4.7850   3.051954    31.7833       2302     1.5982 0.0000e+00
     73.000     4.8034   3.054314    31.7923       2328     1.6159 0.0000e+00
     74.000     4.8196   3.056556    31.8022       2355     1.6344 0.0000e+00
     75.000     4.8274   3.057757    31.8080       2383     1.6543 0.0000e+00
     76.000     4.8311   3.058483    31.8123       2413     1.6747 0.0000e+00
     77.000     4.8318   3.060077    31.8294       2440     1.6934 0.0000e+00
     78.000     4.8233   3.061459    31.8530       2464     1.7101 0.0000e+00
     79.000     4.8228   3.062367    31.8634       2488     1.7268 0.0000e+00
     80.000     4.8365   3.065088    31.8811       2513     1.7444 0.0000e+00
     81.000     4.8547   3.067919    31.8957       2540     1.7629 0.0000e+00
     82.000     4.9083   3.074578    31.9203       2568     1.7826 0.0000e+00
     83.000     4.9139   3.075370    31.9235       2598     1.8033 0.0000e+00
     84.000     4.9298   3.078679    31.9457       2628     1.8240 0.0000e+00
     85.000     4.9400   3.081214    31.9646       2654     1.8422 0.0000e+00
     86.000     4.9449   3.082109    31.9696       2677     1.8581 0.0000e+00
     87.000     4.9435   3.082101    31.9704       2699     1.8735 0.0000e+00
     88.000     4.9620   3.085080    31.9863       2723     1.8905 0.0000e+00
     89.000     4.9895   3.089111    32.0056       2752     1.9106 0.0000e+00
     90.000     5.0165   3.093175    32.0257       2785     1.9333 0.0000e+00
     91.000     5.0345   3.095995    32.0403       2815     1.9540 0.0000e+00
     92.000     5.0485   3.098200    32.0516       2840     1.9716 0.0000e+00
     93.000     5.0649   3.101318    32.0709       2864     1.9883 0.0000e+00
     94.000     5.0736   3.103389    32.0858       2888     2.0046 0.0000e+00
     95.000     5.0903   3.107041    32.1110       2911     2.0209 0.0000e+00
     96.000     5.1385   3.114120    32.1450       2937     2.0391 0.0000e+00
     97.000     5.1738   3.119317    32.1700       2968     2.0604 0.0000e+00
     98.000     5.2090   3.124287    32.1923       3001     2.0830 0.0000e+00
     99.000     5.2206   3.126260    32.2031       3028     2.1021 0.0000e+00
    100.000     5.2449   3.129683    32.2182       3052     2.1188 0.0000e+00
    101.000     5.2701   3.133482    32.2368       3075     2.1351 0.0000e+00
    102.000     5.2878   3.136025    32.2481       3100     2.1519 0.0000e+00
    103.000     5.2940   3.137119    32.2542       3126     2.1700 0.0000e+00
    104.000     5.3123   3.140147    32.2705       3155     2.1901 0.0000e+00
    105.000     5.3308   3.142791    32.2823       3185     2.2108 0.0000e+00
    106.000     5.3382   3.144016    32.2886       3211     2.2294 0.0000e+00
    107.000     5.3719   3.148700    32.3089       3235     2.2458 0.0000e+00
    108.000     5.4160   3.154450    32.3311       3258     2.2619 0.0000e+00
    109.000     5.4369   3.157205    32.3418       3285     2.2803 0.0000e+00
    110.000     5.4421   3.158892    32.3554       3317     2.3024 0.0000e+00
    111.000     5.4430   3.160038    32.3670       3350     2.3255 0.0000e+00
    112.000     5.4520   3.161177    32.3708       3378     2.3454 0.0000e+00
    113.000     5.4578   3.162248    32.3768       3402     2.3617 0.0000e+00
    114.000     5.4441   3.161394    32.3799       3423     2.3767 0.0000e+00
    115.000     5.4421   3.161914    32.3873       3445     2.3917 0.0000e+00
    116.000     5.4517   3.163265    32.3928       3468     2.4077 0.0000e+00
    117.000     5.4715   3.166898    32.4144       3496     2.4268 0.0000e+00
    118.000     5.5448   3.176558    32.4525       3528     2.4493 0.0000e+00
    119.000     5.5551   3.178097    32.4596       3561     2.4721 0.0000e+00
    120.000     5.5612   3.179419    32.4681       3588     2.4911 0.0000e+00
    121.000     5.5817   3.182415    32.4818       3611     2.5069 0.0000e+00
    122.000     5.6166   3.187861    32.5091       3635     2.5239 0.0000e+00
    123.000     5.6326   3.190197    32.5195       3663     2.5429 0.0000e+00
    124.000     5.6372   3.191257    32.5266       3694     2.5642 0.0000e+00
    125.000     5.6411   3.192125    32.5321       3721     2.5835 0.0000e+00
    126.000     5.6703   3.196194    32.5493       3746     2.6005 0.0000e+00
    127.000     5.7236   3.202890    32.5729       3769     2.6168 0.0000e+00
    128.000     5.7687   3.208265    32.5894       3793     2.6333 0.0000e+00
    129.000     5.8358   3.216054    32.6118       3820     2.6518 0.0000e+00
    130.000     5.8773   3.221001    32.6268       3848     2.6714 0.0000e+00
    131.000     5.9103   3.225363    32.6434       3878     2.6920 0.0000e+00
    132.000     5.9617   3.232232    32.6704       3908     2.7131 0.0000e+00
    133.000     6.1263   3.251034    32.7214       3936     2.7325 0.0000e+00
    134.000     6.2687   3.268032    32.7732       3960     2.7495 0.0000e+00
    135.000     6.3295   3.275245    32.7943       3983     2.7654 0.0000e+00
    136.000     6.3903   3.282861    32.8198       4007     2.7820 0.0000e+00
    137.000     6.6188   3.310123    32.9011       4034     2.8009 0.0000e+00
    138.000     6.7038   3.320015    32.9279       4064     2.8212 0.0000e+00
    139.000     6.8023   3.332200    32.9668       4092     2.8407 0.0000e+00
    140.000     6.9247   3.347373    33.0152       4118     2.8588 0.0000e+00
    141.000     6.9812   3.354444    33.0378       4145     2.8777 0.0000e+00
    142.000     7.0570   3.364054    33.0697       4174     2.8976 0.0000e+00
    143.000     7.1329   3.373799    33.1026       4201     2.9164 0.0000e+00
    144.000     7.1633   3.377754    33.1160       4227     2.9349 0.0000e+00
    145.000     7.1708   3.378909    33.1210       4253     2.9525 0.0000e+00
    146.000     7.1774   3.379947    33.1255       4278     2.9701 0.0000e+00
    147.000     7.1946   3.382604    33.1374       4303     2.9877 0.0000e+00
    148.000     7.2040   3.384165    33.1449       4329     3.0053 0.0000e+00
    149.000     7.2156   3.385831    33.1514       4354     3.0227 0.0000e+00
    150.000     7.2311   3.387847    33.1579       4382     3.0422 0.0000e+00
    149.000     7.2160   3.386442    33.1577       4851     3.3681 0.0000e+00
    148.000     7.2169   3.386527    33.1582       5094     3.5368 0.0000e+00
    147.000     7.2145   3.386155    33.1569       5108     3.5468 0.0000e+00
    146.000     7.2093   3.385377    33.1540       5134     3.5646 0.0000e+00
    145.000     7.2058   3.384894    33.1526       5164     3.5856 0.0000e+00
    144.000     7.1892   3.382371    33.1415       5194     3.6065 0.0000e+00
    143.000     7.1677   3.379336    33.1296       5221     3.6247 0.0000e+00
    142.000     7.1519   3.377096    33.1208       5245     3.6419 0.0000e+00
    141.000     7.0982   3.370469    33.1006       5270     3.6590 0.0000e+00
    140.000     7.0282   3.361749    33.0731       5296     3.6769 0.0000e+00
    139.000     6.9498   3.352026    33.0425       5321     3.6947 0.0000e+00
    138.000     6.8850   3.343694    33.0140       5347     3.7125 0.0000e+00
    137.000     6.8308   3.336766    32.9905       5372     3.7301 0.0000e+00
    136.000     6.7682   3.328667    32.9622       5398     3.7481 0.0000e+00
    135.000     6.6431   3.314152    32.9231       5425     3.7669 0.0000e+00
    134.000     6.5171   3.298845    32.8758       5454     3.7867 0.0000e+00
    133.000     6.4005   3.284956    32.8347       5480     3.8049 0.0000e+00
    132.000     6.3076   3.274672    32.8105       5504     3.8213 0.0000e+00
    131.000     6.2162   3.262550    32.7642       5526     3.8369 0.0000e+00
    130.000     6.1356   3.252621    32.7317       5549     3.8530 0.0000e+00
    129.000     6.0474   3.242238    32.7012       5578     3.8726 0.0000e+00
    128.000     5.9956   3.236522    32.6877       5610     3.8950 0.0000e+00
    127.000     5.9419   3.228406    32.6490       5639     3.9152 0.0000e+00
    126.000     5.8303   3.216651    32.6253       5665     3.9331 0.0000e+00
    125.000     5.8125   3.214323    32.6167       5689     3.9499 0.0000e+00
    124.000     5.7696   3.208706    32.5955       5713     3.9668 0.0000e+00
    123.000     5.7111   3.201411    32.5703       5737     3.9833 0.0000e+00
    122.000     5.6898   3.198597    32.5597       5759     3.9989 0.0000e+00
    121.000     5.6818   3.197163    32.5517       5782     4.0147 0.0000e+00
    120.000     5.6572   3.193923    32.5394       5808     4.0327 0.0000e+00
    119.000     5.6412   3.191295    32.5256       5840     4.0551 0.0000e+00
    118.000     5.6216   3.188086    32.5088       5875     4.0789 0.0000e+00
    117.000     5.5856   3.182601    32.4821       5902     4.0979 0.0000e+00
    116.000     5.5714   3.180667    32.4744       5925     4.1138 0.0000e+00
    115.000     5.5435   3.176877    32.4589       5946     4.1286 0.0000e+00
    114.000     5.5047   3.171002    32.4304       5969     4.1447 0.0000e+00
    113.000     5.4851   3.167905    32.4146       5995     4.1622 0.0000e+00
    112.000     5.4726   3.165500    32.3999       6021     4.1804 0.0000e+00
    111.000     5.4637   3.163628    32.3879       6047     4.1989 0.0000e+00
    110.000     5.4587   3.162396    32.3792       6076     4.2189 0.0000e+00
    109.000     5.4561   3.161391    32.3707       6107     4.2405 0.0000e+00
    108.000     5.4513   3.159935    32.3594       6136     4.2602 0.0000e+00
    107.000     5.4413   3.158423    32.3524       6159     4.2761 0.0000e+00
    106.000     5.4105   3.154515    32.3382       6180     4.2911 0.0000e+00
    105.000     5.3845   3.150726    32.3207       6202     4.3066 0.0000e+00
    104.000     5.3884   3.151089    32.3216       6228     4.3246 0.0000e+00
    103.000     5.3604   3.147344    32.3066       6257     4.3446 0.0000e+00
    102.000     5.3504   3.145651    32.2974       6286     4.3648 0.0000e+00
    101.000     5.3222   3.141502    32.2779       6313     4.3836 0.0000e+00
    100.000     5.3015   3.138200    32.2607       6338     4.4009 0.0000e+00
     99.000     5.2799   3.135284    32.2488       6362     4.4177 0.0000e+00
     98.000     5.2642   3.132998    32.2384       6388     4.4358 0.0000e+00
     97.000     5.2493   3.130856    32.2289       6417     4.4555 0.0000e+00
     96.000     5.2141   3.124974    32.1962       6445     4.4752 0.0000e+00
     95.000     5.1758   3.119661    32.1729       6471     4.4928 0.0000e+00
     94.000     5.1345   3.113687    32.1449       6494     4.5087 0.0000e+00
     93.000     5.1094   3.109841    32.1257       6516     4.5242 0.0000e+00
     92.000     5.0962   3.106849    32.1046       6539     4.5400 0.0000e+00
