HB2402/ctd209.cnv
* Sea-Bird SBE 9 Data File:
* FileName = C:\cruise\data\ctd209.hex
* Software Version Seasave V 7.26.7.121
* Temperature SN = 5253
* Conductivity SN = 4421
* Number of Bytes Per Scan = 37
* Number of Voltage Words = 4
* Number of Scans Averaged by the Deck Unit = 1
* NMEA Latitude = 43 25.77 N
* NMEA Longitude = 066 34.15 W
* NMEA UTC (Time) = May 05 2024 18:00:04
* NMEA baud rate = 4800
** Ship: Bigelow HB2402
** Program:  Spring Bottom Trawl Survey
** Chief Scientist: John Galbraith
# nquan = 7
# nvalues = 196                         
# units = specified
# name 0 = depSM: Depth [salt water, m]
# name 1 = t090C: Temperature [ITS-90, deg C]
# name 2 = c0S/m: Conductivity [S/m]
# name 3 = sal00: Salinity, Practical [PSU]
# name 4 = scan: Scan Count
# name 5 = timeM: Time, Elapsed [minutes]
# name 6 = flag: flag
# span 0 =      1.000,    100.000       
# span 1 =     4.8757,     5.3727       
# span 2 =   3.062826,   3.108008       
# span 3 =    31.5664,    32.1674       
# span 4 =        137,       6354       
# span 5 =     0.0945,     4.4120       
# span 6 = 0.0000e+00, 0.0000e+00       
# interval = meters: 1                  
# start_time = May 05 2024 18:00:04 [NMEA time, header]
# bad_flag = -9.990e-29
*END*
      4.000     5.3350   3.075744    31.5664        137     0.0945 0.0000e+00
      5.000     5.3389   3.084598    31.6628        268     0.1852 0.0000e+00
      6.000     5.3409   3.086323    31.6799        289     0.1999 0.0000e+00
      7.000     5.3407   3.087335    31.6911        315     0.2182 0.0000e+00
      8.000     5.3403   3.087572    31.6936        339     0.2348 0.0000e+00
      9.000     5.3415   3.087740    31.6939        362     0.2509 0.0000e+00
     10.000     5.3452   3.088167    31.6948        389     0.2694 0.0000e+00
     11.000     5.2239   3.078508    31.6994        418     0.2894 0.0000e+00
     12.000     5.1613   3.073342    31.6994        446     0.3091 0.0000e+00
     13.000     5.0868   3.067357    31.7014        471     0.3264 0.0000e+00
     14.000     5.0374   3.063964    31.7091        494     0.3426 0.0000e+00
     15.000     5.0316   3.064847    31.7242        519     0.3597 0.0000e+00
     16.000     5.0322   3.065133    31.7264        547     0.3789 0.0000e+00
     17.000     5.0336   3.065596    31.7299        576     0.3992 0.0000e+00
     18.000     5.0340   3.065943    31.7330        603     0.4179 0.0000e+00
     19.000     5.0356   3.066504    31.7374        628     0.4357 0.0000e+00
     20.000     5.0352   3.067188    31.7451        653     0.4529 0.0000e+00
     21.000     5.0161   3.066892    31.7594        679     0.4706 0.0000e+00
     22.000     4.9998   3.066187    31.7664        706     0.4896 0.0000e+00
     23.000     4.9936   3.065827    31.7677        734     0.5088 0.0000e+00
     24.000     4.9886   3.065778    31.7714        761     0.5280 0.0000e+00
     25.000     4.9881   3.065838    31.7721        789     0.5470 0.0000e+00
     26.000     4.9887   3.065906    31.7717        817     0.5663 0.0000e+00
     27.000     4.9884   3.065950    31.7720        843     0.5850 0.0000e+00
     28.000     4.9874   3.065934    31.7723        869     0.6029 0.0000e+00
     29.000     4.9852   3.065851    31.7730        895     0.6209 0.0000e+00
     30.000     4.9684   3.064908    31.7778        921     0.6388 0.0000e+00
     31.000     4.9626   3.064611    31.7794        946     0.6566 0.0000e+00
     32.000     4.9636   3.064708    31.7790        972     0.6742 0.0000e+00
     33.000     4.9645   3.064766    31.7783       1000     0.6936 0.0000e+00
     34.000     4.9610   3.064551    31.7787       1030     0.7148 0.0000e+00
     35.000     4.9601   3.064535    31.7789       1059     0.7344 0.0000e+00
     36.000     4.9606   3.064610    31.7787       1083     0.7513 0.0000e+00
     37.000     4.9604   3.064645    31.7788       1108     0.7686 0.0000e+00
     38.000     4.9585   3.064529    31.7789       1134     0.7870 0.0000e+00
     39.000     4.9526   3.064163    31.7797       1165     0.8080 0.0000e+00
     40.000     4.9441   3.063861    31.7839       1193     0.8276 0.0000e+00
     41.000     4.9250   3.063463    31.7972       1216     0.8440 0.0000e+00
     42.000     4.9044   3.063631    31.8182       1239     0.8601 0.0000e+00
     43.000     4.8995   3.063932    31.8258       1264     0.8770 0.0000e+00
     44.000     4.8997   3.064000    31.8260       1293     0.8971 0.0000e+00
     45.000     4.8981   3.064354    31.8311       1325     0.9195 0.0000e+00
     46.000     4.8958   3.064925    31.8394       1354     0.9398 0.0000e+00
     47.000     4.8953   3.065245    31.8430       1380     0.9576 0.0000e+00
     48.000     4.8976   3.065539    31.8437       1404     0.9740 0.0000e+00
     49.000     4.8981   3.065820    31.8460       1428     0.9907 0.0000e+00
     50.000     4.8983   3.065776    31.8448       1454     1.0088 0.0000e+00
     51.000     4.8975   3.066021    31.8479       1483     1.0295 0.0000e+00
     52.000     4.8954   3.066119    31.8504       1512     1.0494 0.0000e+00
     53.000     4.8946   3.066327    31.8531       1537     1.0668 0.0000e+00
     54.000     4.8939   3.066656    31.8571       1561     1.0836 0.0000e+00
     55.000     4.8872   3.067370    31.8712       1586     1.1008 0.0000e+00
     56.000     4.8786   3.067929    31.8854       1613     1.1195 0.0000e+00
     57.000     4.8784   3.068097    31.8870       1644     1.1409 0.0000e+00
     58.000     4.8780   3.068118    31.8871       1673     1.1614 0.0000e+00
     59.000     4.8757   3.068153    31.8892       1699     1.1794 0.0000e+00
     60.000     4.8783   3.068639    31.8918       1724     1.1963 0.0000e+00
     61.000     4.8852   3.070114    31.9016       1748     1.2133 0.0000e+00
     62.000     4.8890   3.071764    31.9165       1774     1.2316 0.0000e+00
     63.000     4.8855   3.071765    31.9193       1802     1.2507 0.0000e+00
     64.000     4.8873   3.072452    31.9250       1830     1.2701 0.0000e+00
     65.000     4.8950   3.074395    31.9394       1857     1.2890 0.0000e+00
     66.000     4.9041   3.077134    31.9617       1884     1.3075 0.0000e+00
     67.000     4.9137   3.079329    31.9772       1910     1.3254 0.0000e+00
     68.000     4.9150   3.079696    31.9797       1936     1.3434 0.0000e+00
     69.000     4.9253   3.081659    31.9918       1962     1.3615 0.0000e+00
     70.000     4.9291   3.082485    31.9971       1989     1.3803 0.0000e+00
     71.000     4.9380   3.084526    32.0115       2018     1.4006 0.0000e+00
     72.000     4.9402   3.085022    32.0146       2046     1.4202 0.0000e+00
     73.000     4.9397   3.085056    32.0150       2072     1.4384 0.0000e+00
     74.000     4.9390   3.085055    32.0151       2096     1.4551 0.0000e+00
     75.000     4.9409   3.085659    32.0197       2119     1.4711 0.0000e+00
     76.000     4.9444   3.086458    32.0250       2145     1.4889 0.0000e+00
     77.000     4.9557   3.089023    32.0430       2175     1.5095 0.0000e+00
     78.000     4.9710   3.092262    32.0651       2207     1.5319 0.0000e+00
     79.000     4.9841   3.095068    32.0841       2235     1.5514 0.0000e+00
     80.000     4.9949   3.097624    32.1025       2260     1.5688 0.0000e+00
     81.000     5.0046   3.099538    32.1146       2283     1.5850 0.0000e+00
     82.000     5.0102   3.100809    32.1232       2308     1.6019 0.0000e+00
     83.000     5.0158   3.102063    32.1318       2335     1.6205 0.0000e+00
     84.000     5.0198   3.102995    32.1381       2362     1.6397 0.0000e+00
     85.000     5.0278   3.104718    32.1496       2389     1.6584 0.0000e+00
     86.000     5.0308   3.105408    32.1542       2416     1.6769 0.0000e+00
     87.000     5.0326   3.105781    32.1562       2444     1.6963 0.0000e+00
     88.000     5.0345   3.106263    32.1593       2473     1.7165 0.0000e+00
     89.000     5.0353   3.106458    32.1603       2501     1.7361 0.0000e+00
     90.000     5.0378   3.107021    32.1639       2527     1.7540 0.0000e+00
     91.000     5.0392   3.107325    32.1656       2552     1.7715 0.0000e+00
     92.000     5.0391   3.107354    32.1655       2577     1.7889 0.0000e+00
     93.000     5.0391   3.107381    32.1653       2602     1.8066 0.0000e+00
     94.000     5.0391   3.107426    32.1653       2629     1.8248 0.0000e+00
     95.000     5.0390   3.107443    32.1650       2656     1.8439 0.0000e+00
     96.000     5.0395   3.107570    32.1655       2685     1.8637 0.0000e+00
     97.000     5.0414   3.107945    32.1674       2712     1.8827 0.0000e+00
     98.000     5.0412   3.107935    32.1671       2740     1.9018 0.0000e+00
     99.000     5.0413   3.108008    32.1673       2767     1.9207 0.0000e+00
    100.000     5.0405   3.107857    32.1659       2962     2.0559 0.0000e+00
     99.000     5.0396   3.107714    32.1656       3839     2.6651 0.0000e+00
     98.000     5.0398   3.107644    32.1651       3638     2.5259 0.0000e+00
     97.000     5.0397   3.107607    32.1652       3642     2.5285 0.0000e+00
     96.000     5.0397   3.107576    32.1654       3667     2.5460 0.0000e+00
     95.000     5.0396   3.107521    32.1653       3692     2.5632 0.0000e+00
     94.000     5.0395   3.107466    32.1653       3717     2.5804 0.0000e+00
     93.000     5.0393   3.107374    32.1650       3743     2.5987 0.0000e+00
     92.000     5.0392   3.107332    32.1650       3770     2.6172 0.0000e+00
     91.000     5.0392   3.107288    32.1651       3797     2.6361 0.0000e+00
     90.000     5.0392   3.107242    32.1651       3824     2.6546 0.0000e+00
     89.000     5.0387   3.107104    32.1645       3849     2.6722 0.0000e+00
     88.000     5.0377   3.106876    32.1634       3873     2.6890 0.0000e+00
     87.000     5.0362   3.106551    32.1615       3897     2.7055 0.0000e+00
     86.000     5.0355   3.106336    32.1602       3921     2.7223 0.0000e+00
     85.000     5.0252   3.104130    32.1454       3947     2.7405 0.0000e+00
     84.000     5.0210   3.103171    32.1389       3976     2.7606 0.0000e+00
     83.000     5.0133   3.101497    32.1277       4005     2.7805 0.0000e+00
     82.000     5.0112   3.100945    32.1239       4030     2.7980 0.0000e+00
     81.000     5.0090   3.100410    32.1204       4054     2.8143 0.0000e+00
     80.000     5.0050   3.099553    32.1149       4077     2.8303 0.0000e+00
     79.000     5.0035   3.099144    32.1122       4102     2.8478 0.0000e+00
     78.000     4.9991   3.098168    32.1057       4131     2.8678 0.0000e+00
     77.000     4.9968   3.097615    32.1021       4160     2.8885 0.0000e+00
     76.000     4.9867   3.095377    32.0866       4187     2.9067 0.0000e+00
     75.000     4.9705   3.092037    32.0645       4209     2.9225 0.0000e+00
     74.000     4.9615   3.090038    32.0506       4232     2.9383 0.0000e+00
     73.000     4.9504   3.087700    32.0350       4257     2.9554 0.0000e+00
     72.000     4.9482   3.087128    32.0311       4284     2.9741 0.0000e+00
     71.000     4.9411   3.085380    32.0183       4311     2.9931 0.0000e+00
     70.000     4.9378   3.084436    32.0111       4338     3.0120 0.0000e+00
     69.000     4.9368   3.084109    32.0089       4364     3.0301 0.0000e+00
     68.000     4.9343   3.083515    32.0050       4390     3.0478 0.0000e+00
     67.000     4.9315   3.082848    32.0005       4415     3.0652 0.0000e+00
     66.000     4.9288   3.082241    31.9966       4441     3.0832 0.0000e+00
     65.000     4.9192   3.080047    31.9811       4468     3.1024 0.0000e+00
     64.000     4.9093   3.077639    31.9635       4495     3.1207 0.0000e+00
     63.000     4.9089   3.077288    31.9604       4520     3.1380 0.0000e+00
     62.000     4.9004   3.074836    31.9408       4544     3.1547 0.0000e+00
     61.000     4.8932   3.072726    31.9240       4568     3.1718 0.0000e+00
     60.000     4.8913   3.072270    31.9211       4594     3.1895 0.0000e+00
     59.000     4.8875   3.071100    31.9117       4621     3.2080 0.0000e+00
     58.000     4.8827   3.069671    31.9004       4648     3.2268 0.0000e+00
     57.000     4.8834   3.069223    31.8952       4674     3.2453 0.0000e+00
     56.000     4.8841   3.068533    31.8870       4700     3.2633 0.0000e+00
     55.000     4.8850   3.068162    31.8824       4727     3.2817 0.0000e+00
     54.000     4.8872   3.067743    31.8760       4753     3.3000 0.0000e+00
     53.000     4.8912   3.066886    31.8628       4778     3.3170 0.0000e+00
     52.000     4.8929   3.066268    31.8546       4802     3.3339 0.0000e+00
     51.000     4.8922   3.065878    31.8513       4827     3.3517 0.0000e+00
     50.000     4.8919   3.065796    31.8511       4854     3.3700 0.0000e+00
     49.000     4.8927   3.065320    31.8453       4880     3.3879 0.0000e+00
     48.000     4.8934   3.065012    31.8416       4904     3.4049 0.0000e+00
     47.000     4.8945   3.064803    31.8387       4929     3.4224 0.0000e+00
     46.000     4.8963   3.064526    31.8343       4957     3.4415 0.0000e+00
     45.000     4.8988   3.064203    31.8286       4984     3.4605 0.0000e+00
     44.000     4.8997   3.064051    31.8266       5012     3.4795 0.0000e+00
     43.000     4.9036   3.063698    31.8193       5039     3.4988 0.0000e+00
     42.000     4.9102   3.063311    31.8090       5063     3.5154 0.0000e+00
     41.000     4.9157   3.062895    31.7995       5085     3.5305 0.0000e+00
     40.000     4.9189   3.062826    31.7961       5109     3.5470 0.0000e+00
     39.000     4.9280   3.063023    31.7902       5137     3.5666 0.0000e+00
     38.000     4.9421   3.063481    31.7824       5164     3.5852 0.0000e+00
     37.000     4.9491   3.063807    31.7801       5188     3.6022 0.0000e+00
     36.000     4.9534   3.064031    31.7790       5213     3.6197 0.0000e+00
     35.000     4.9540   3.064085    31.7795       5242     3.6395 0.0000e+00
     34.000     4.9580   3.064262    31.7782       5271     3.6595 0.0000e+00
     33.000     4.9597   3.064367    31.7783       5296     3.6774 0.0000e+00
     32.000     4.9604   3.064355    31.7779       5321     3.6943 0.0000e+00
     31.000     4.9609   3.064358    31.7780       5345     3.7114 0.0000e+00
     30.000     4.9640   3.064506    31.7773       5370     3.7286 0.0000e+00
     29.000     4.9670   3.064647    31.7766       5395     3.7456 0.0000e+00
     28.000     4.9729   3.064966    31.7751       5420     3.7630 0.0000e+00
     27.000     4.9786   3.065219    31.7730       5446     3.7816 0.0000e+00
     26.000     4.9820   3.065346    31.7717       5474     3.8010 0.0000e+00
     25.000     4.9831   3.065362    31.7714       5501     3.8194 0.0000e+00
     24.000     4.9830   3.065283    31.7711       5526     3.8368 0.0000e+00
     23.000     4.9845   3.065205    31.7692       5552     3.8550 0.0000e+00
     22.000     4.9895   3.065285    31.7658       5579     3.8733 0.0000e+00
     21.000     5.0026   3.065770    31.7594       5603     3.8905 0.0000e+00
     20.000     5.0152   3.066193    31.7528       5630     3.9091 0.0000e+00
     19.000     5.0249   3.066251    31.7447       5660     3.9295 0.0000e+00
     18.000     5.0301   3.065973    31.7370       5685     3.9470 0.0000e+00
     17.000     5.0283   3.065594    31.7349       5706     3.9617 0.0000e+00
     16.000     5.0259   3.064955    31.7304       5727     3.9764 0.0000e+00
     15.000     5.0250   3.064597    31.7276       5752     3.9938 0.0000e+00
     14.000     5.0239   3.064075    31.7232       5783     4.0150 0.0000e+00
     13.000     5.0283   3.063469    31.7126       5813     4.0358 0.0000e+00
     12.000     5.0454   3.063964    31.7025       5838     4.0532 0.0000e+00
     11.000     5.0678   3.065532    31.6996       5861     4.0695 0.0000e+00
     10.000     5.1149   3.068724    31.6918       5886     4.0869 0.0000e+00
      9.000     5.1525   3.071844    31.6922       5913     4.1056 0.0000e+00
      8.000     5.1855   3.074612    31.6930       5938     4.1231 0.0000e+00
      7.000     5.2176   3.076947    31.6895       5961     4.1391 0.0000e+00
      6.000     5.2372   3.078402    31.6881       5984     4.1552 0.0000e+00
      5.000     5.2562   3.080176    31.6907       6010     4.1731 0.0000e+00
      4.000     5.2762   3.081750    31.6902       6040     4.1938 0.0000e+00
      3.000     5.3727   3.090028    31.6933       6244     4.3356 0.0000e+00
      2.000     5.3464   3.087833    31.6939       6336     4.3992 0.0000e+00
      1.000     5.3488   3.088021    31.6941       6354     4.4120 0.0000e+00
