HB2402/ctd236.cnv
* Sea-Bird SBE 9 Data File:
* FileName = C:\cruise\data\ctd236.hex
* Software Version Seasave V 7.26.7.121
* Temperature SN = 5253
* Conductivity SN = 4421
* Number of Bytes Per Scan = 37
* Number of Voltage Words = 4
* Number of Scans Averaged by the Deck Unit = 1
* NMEA Latitude = 42 54.94 N
* NMEA Longitude = 070 01.40 W
* NMEA UTC (Time) = May 11 2024 03:30:23
* NMEA baud rate = 4800
** Ship: Bigelow HB2402
** Program:  Spring Bottom Trawl Survey
** Chief Scientist: John Galbraith
# nquan = 7
# nvalues = 237                         
# units = specified
# name 0 = depSM: Depth [salt water, m]
# name 1 = t090C: Temperature [ITS-90, deg C]
# name 2 = c0S/m: Conductivity [S/m]
# name 3 = sal00: Salinity, Practical [PSU]
# name 4 = scan: Scan Count
# name 5 = timeM: Time, Elapsed [minutes]
# name 6 = flag: flag
# span 0 =      1.000,    120.000       
# span 1 =     4.6032,     9.3787       
# span 2 =   3.035093,   3.359954       
# span 3 =    30.0819,    32.9596       
# span 4 =        177,       8491       
# span 5 =     0.1219,     5.8959       
# span 6 = 0.0000e+00, 0.0000e+00       
# interval = meters: 1                  
# start_time = May 11 2024 03:30:23 [NMEA time, header]
# bad_flag = -9.990e-29
*END*
      3.000     7.6213   3.165496    30.4779        177     0.1219 0.0000e+00
      4.000     7.8216   3.178338    30.4378        336     0.2328 0.0000e+00
      5.000     7.3870   3.156898    30.5892        409     0.2836 0.0000e+00
      6.000     6.9853   3.135646    30.7165        436     0.3019 0.0000e+00
      7.000     6.3952   3.101875    30.8773        489     0.3388 0.0000e+00
      8.000     6.5347   3.109714    30.8369        528     0.3659 0.0000e+00
      9.000     6.4489   3.106093    30.8745        557     0.3864 0.0000e+00
     10.000     6.6465   3.117381    30.8194        617     0.4277 0.0000e+00
     11.000     5.7954   3.076562    31.1432        646     0.4481 0.0000e+00
     12.000     5.7187   3.070997    31.1514        738     0.5121 0.0000e+00
     13.000     5.4059   3.057048    31.2837        835     0.5790 0.0000e+00
     14.000     5.4091   3.058768    31.2996        869     0.6028 0.0000e+00
     15.000     5.3553   3.060486    31.3689        895     0.6208 0.0000e+00
     16.000     5.2466   3.058286    31.4454        918     0.6366 0.0000e+00
     17.000     5.1043   3.049993    31.4846        943     0.6541 0.0000e+00
     18.000     5.0196   3.045234    31.5097        973     0.6747 0.0000e+00
     19.000     4.9695   3.044935    31.5532       1007     0.6984 0.0000e+00
     20.000     4.9657   3.046964    31.5796       1035     0.7182 0.0000e+00
     21.000     4.9664   3.047239    31.5815       1056     0.7326 0.0000e+00
     22.000     4.9575   3.046889    31.5855       1076     0.7466 0.0000e+00
     23.000     4.9413   3.046392    31.5947       1101     0.7641 0.0000e+00
     24.000     4.9393   3.048037    31.6150       1134     0.7869 0.0000e+00
     25.000     4.9158   3.046868    31.6234       1163     0.8071 0.0000e+00
     26.000     4.8619   3.042836    31.6278       1186     0.8231 0.0000e+00
     27.000     4.8410   3.041583    31.6329       1207     0.8378 0.0000e+00
     28.000     4.8357   3.041553    31.6371       1235     0.8570 0.0000e+00
     29.000     4.8397   3.042707    31.6461       1270     0.8815 0.0000e+00
     30.000     4.8391   3.043589    31.6563       1299     0.9014 0.0000e+00
     31.000     4.8117   3.041920    31.6627       1320     0.9162 0.0000e+00
     32.000     4.7812   3.039962    31.6687       1343     0.9323 0.0000e+00
     33.000     4.7641   3.038856    31.6718       1373     0.9529 0.0000e+00
     34.000     4.7393   3.037165    31.6755       1404     0.9744 0.0000e+00
     35.000     4.7176   3.035767    31.6796       1426     0.9898 0.0000e+00
     36.000     4.7077   3.035777    31.6887       1446     1.0038 0.0000e+00
     37.000     4.7057   3.036815    31.7021       1471     1.0211 0.0000e+00
     38.000     4.7057   3.037259    31.7067       1507     1.0456 0.0000e+00
     39.000     4.7029   3.037632    31.7132       1538     1.0670 0.0000e+00
     40.000     4.7008   3.038020    31.7192       1560     1.0828 0.0000e+00
     41.000     4.6993   3.037988    31.7198       1581     1.0974 0.0000e+00
     42.000     4.6985   3.038094    31.7213       1606     1.1145 0.0000e+00
     43.000     4.6956   3.038247    31.7253       1639     1.1375 0.0000e+00
     44.000     4.7000   3.039239    31.7320       1671     1.1597 0.0000e+00
     45.000     4.6766   3.037523    31.7341       1694     1.1757 0.0000e+00
     46.000     4.6577   3.036328    31.7379       1717     1.1914 0.0000e+00
     47.000     4.6532   3.036612    31.7450       1742     1.2092 0.0000e+00
     48.000     4.6523   3.036684    31.7462       1770     1.2286 0.0000e+00
     49.000     4.6504   3.036625    31.7469       1798     1.2478 0.0000e+00
     50.000     4.6461   3.036496    31.7490       1825     1.2666 0.0000e+00
     51.000     4.6427   3.036358    31.7502       1850     1.2843 0.0000e+00
     52.000     4.6353   3.035976    31.7524       1875     1.3013 0.0000e+00
     53.000     4.6250   3.035489    31.7560       1901     1.3192 0.0000e+00
     54.000     4.6205   3.035350    31.7583       1929     1.3386 0.0000e+00
     55.000     4.6185   3.035290    31.7590       1960     1.3606 0.0000e+00
     56.000     4.6169   3.035236    31.7594       1989     1.3807 0.0000e+00
     57.000     4.6153   3.035181    31.7598       2012     1.3969 0.0000e+00
     58.000     4.6121   3.035093    31.7614       2034     1.4120 0.0000e+00
     59.000     4.6085   3.035146    31.7649       2057     1.4279 0.0000e+00
     60.000     4.6074   3.035375    31.7681       2085     1.4471 0.0000e+00
     61.000     4.6079   3.035649    31.7703       2122     1.4730 0.0000e+00
     62.000     4.6090   3.036042    31.7733       2151     1.4933 0.0000e+00
     63.000     4.6072   3.036332    31.7779       2171     1.5067 0.0000e+00
     64.000     4.6054   3.036514    31.7812       2189     1.5194 0.0000e+00
     65.000     4.6051   3.036586    31.7818       2210     1.5342 0.0000e+00
     66.000     4.6035   3.036577    31.7827       2246     1.5587 0.0000e+00
     67.000     4.6032   3.036700    31.7840       2287     1.5873 0.0000e+00
     68.000     4.6043   3.037121    31.7873       2311     1.6040 0.0000e+00
     69.000     4.6076   3.037924    31.7930       2329     1.6168 0.0000e+00
     70.000     4.6079   3.038234    31.7957       2348     1.6298 0.0000e+00
     71.000     4.6192   3.039997    31.8048       2371     1.6458 0.0000e+00
     72.000     4.6215   3.040780    31.8111       2410     1.6728 0.0000e+00
     73.000     4.6240   3.041659    31.8184       2448     1.6994 0.0000e+00
     74.000     4.6269   3.042279    31.8222       2470     1.7143 0.0000e+00
     75.000     4.6310   3.042894    31.8249       2488     1.7274 0.0000e+00
     76.000     4.6362   3.043587    31.8274       2508     1.7410 0.0000e+00
     77.000     4.6527   3.045690    31.8354       2532     1.7580 0.0000e+00
     78.000     4.6684   3.047548    31.8412       2564     1.7801 0.0000e+00
     79.000     4.6816   3.049193    31.8470       2595     1.8015 0.0000e+00
     80.000     4.7005   3.051870    31.8594       2622     1.8204 0.0000e+00
     81.000     4.7185   3.054288    31.8695       2653     1.8416 0.0000e+00
     82.000     4.7322   3.056102    31.8767       2682     1.8619 0.0000e+00
     83.000     4.7605   3.059797    31.8917       2703     1.8763 0.0000e+00
     84.000     4.8035   3.065048    31.9103       2721     1.8889 0.0000e+00
     85.000     4.9049   3.076741    31.9469       2743     1.9041 0.0000e+00
     86.000     4.9370   3.080316    31.9566       2784     1.9324 0.0000e+00
     87.000     4.9304   3.080140    31.9605       2822     1.9593 0.0000e+00
     88.000     4.9216   3.080088    31.9678       2841     1.9724 0.0000e+00
     89.000     4.9156   3.081016    31.9838       2857     1.9835 0.0000e+00
     90.000     4.9176   3.082421    31.9975       2874     1.9951 0.0000e+00
     91.000     4.9437   3.085724    32.0098       2899     2.0122 0.0000e+00
     92.000     5.0192   3.094875    32.0416       2947     2.0458 0.0000e+00
     93.000     5.1213   3.106295    32.0738       2978     2.0673 0.0000e+00
     94.000     5.2218   3.119181    32.1237       2999     2.0823 0.0000e+00
     95.000     5.3187   3.129180    32.1441       3022     2.0977 0.0000e+00
     96.000     5.3796   3.136495    32.1683       3045     2.1142 0.0000e+00
     97.000     5.5380   3.154524    32.2201       3068     2.1301 0.0000e+00
     98.000     5.7723   3.179447    32.2765       3091     2.1455 0.0000e+00
     99.000     5.9056   3.193680    32.3085       3119     2.1655 0.0000e+00
    100.000     6.0345   3.209842    32.3657       3169     2.2001 0.0000e+00
    101.000     6.2758   3.238578    32.4551       3194     2.2172 0.0000e+00
    102.000     6.3651   3.249701    32.4930       3210     2.2284 0.0000e+00
    103.000     6.4691   3.263059    32.5412       3226     2.2393 0.0000e+00
    104.000     6.5755   3.276932    32.5925       3245     2.2525 0.0000e+00
    105.000     6.7166   3.295790    32.6652       3280     2.2773 0.0000e+00
    106.000     6.7352   3.298728    32.6793       3327     2.3101 0.0000e+00
    107.000     6.7971   3.307438    32.7155       3350     2.3260 0.0000e+00
    108.000     6.8023   3.308496    32.7216       3369     2.3387 0.0000e+00
    109.000     6.8736   3.319314    32.7718       3386     2.3507 0.0000e+00
    110.000     6.9650   3.330809    32.8099       3408     2.3659 0.0000e+00
    111.000     7.0546   3.343281    32.8602       3451     2.3958 0.0000e+00
    112.000     7.1038   3.351002    32.8970       3486     2.4199 0.0000e+00
    113.000     7.1253   3.355305    32.9229       3505     2.4333 0.0000e+00
    114.000     7.1176   3.354928    32.9257       3523     2.4457 0.0000e+00
    115.000     7.1055   3.354129    32.9280       3546     2.4616 0.0000e+00
    116.000     7.1029   3.354166    32.9304       3581     2.4863 0.0000e+00
    117.000     7.1133   3.355797    32.9377       3614     2.5088 0.0000e+00
    118.000     7.1278   3.357792    32.9452       3637     2.5248 0.0000e+00
    119.000     7.1359   3.359263    32.9530       3662     2.5422 0.0000e+00
    120.000     7.1364   3.359954    32.9596       3772     2.6184 0.0000e+00
    119.000     7.1297   3.359290    32.9591       4342     3.0142 0.0000e+00
    118.000     7.1275   3.358683    32.9552       4378     3.0397 0.0000e+00
    117.000     7.1243   3.358009    32.9514       4402     3.0564 0.0000e+00
    116.000     7.1214   3.357404    32.9480       4432     3.0772 0.0000e+00
    115.000     7.1216   3.357215    32.9462       4466     3.1004 0.0000e+00
    114.000     7.1260   3.357212    32.9425       4491     3.1179 0.0000e+00
    113.000     7.1260   3.356517    32.9354       4513     3.1331 0.0000e+00
    112.000     7.1204   3.355422    32.9293       4535     3.1486 0.0000e+00
    111.000     7.1109   3.353574    32.9187       4560     3.1660 0.0000e+00
    110.000     7.0780   3.348647    32.8969       4588     3.1856 0.0000e+00
    109.000     7.0272   3.340610    32.8581       4618     3.2062 0.0000e+00
    108.000     6.9324   3.327735    32.8083       4647     3.2262 0.0000e+00
    107.000     6.8820   3.320422    32.7769       4673     3.2441 0.0000e+00
    106.000     6.8439   3.315434    32.7590       4694     3.2591 0.0000e+00
    105.000     6.7844   3.307236    32.7263       4715     3.2733 0.0000e+00
    104.000     6.7409   3.301029    32.7001       4736     3.2880 0.0000e+00
    103.000     6.7091   3.296458    32.6806       4766     3.3089 0.0000e+00
    102.000     6.6133   3.283444    32.6292       4808     3.3383 0.0000e+00
    101.000     6.4716   3.265505    32.5667       4834     3.3561 0.0000e+00
    100.000     6.3740   3.252163    32.5127       4852     3.3690 0.0000e+00
     99.000     6.2406   3.236358    32.4650       4871     3.3818 0.0000e+00
     98.000     6.1662   3.226662    32.4286       4894     3.3979 0.0000e+00
     97.000     5.9972   3.207004    32.3711       4927     3.4211 0.0000e+00
     96.000     5.8773   3.193479    32.3346       4955     3.4401 0.0000e+00
     95.000     5.5442   3.157478    32.2486       4977     3.4556 0.0000e+00
     94.000     5.5889   3.159596    32.2303       5002     3.4726 0.0000e+00
     93.000     5.4251   3.142319    32.1922       5034     3.4951 0.0000e+00
     92.000     5.3352   3.131852    32.1600       5064     3.5162 0.0000e+00
     91.000     5.1532   3.111672    32.1055       5087     3.5319 0.0000e+00
     90.000     5.0325   3.097526    32.0602       5109     3.5471 0.0000e+00
     89.000     5.0102   3.094719    32.0500       5133     3.5640 0.0000e+00
     88.000     4.9668   3.088600    32.0221       5159     3.5821 0.0000e+00
     87.000     4.9524   3.085632    32.0024       5185     3.6003 0.0000e+00
     86.000     4.9480   3.083889    31.9871       5214     3.6200 0.0000e+00
     85.000     4.9455   3.082752    31.9769       5245     3.6415 0.0000e+00
     84.000     4.9379   3.081545    31.9709       5271     3.6600 0.0000e+00
     83.000     4.8910   3.075873    31.9513       5293     3.6752 0.0000e+00
     82.000     4.8355   3.069587    31.9328       5315     3.6901 0.0000e+00
     81.000     4.8138   3.066738    31.9213       5339     3.7072 0.0000e+00
     80.000     4.7871   3.063205    31.9068       5370     3.7284 0.0000e+00
     79.000     4.7978   3.064431    31.9112       5402     3.7505 0.0000e+00
     78.000     4.7305   3.055769    31.8765       5426     3.7675 0.0000e+00
     77.000     4.7032   3.052219    31.8623       5446     3.7809 0.0000e+00
     76.000     4.6917   3.050936    31.8590       5464     3.7939 0.0000e+00
     75.000     4.6827   3.049702    31.8539       5488     3.8103 0.0000e+00
     74.000     4.6549   3.046114    31.8397       5531     3.8401 0.0000e+00
     73.000     4.6544   3.045933    31.8385       5566     3.8648 0.0000e+00
     72.000     4.6389   3.043792    31.8292       5587     3.8790 0.0000e+00
     71.000     4.6324   3.042727    31.8237       5605     3.8915 0.0000e+00
     70.000     4.6292   3.042091    31.8199       5624     3.9047 0.0000e+00
     69.000     4.6266   3.041519    31.8162       5648     3.9217 0.0000e+00
     68.000     4.6200   3.040259    31.8086       5681     3.9443 0.0000e+00
     67.000     4.6184   3.039822    31.8055       5710     3.9644 0.0000e+00
     66.000     4.6151   3.038789    31.7972       5732     3.9801 0.0000e+00
     65.000     4.6129   3.038425    31.7957       5755     3.9959 0.0000e+00
     64.000     4.6110   3.037835    31.7911       5780     4.0134 0.0000e+00
     63.000     4.6096   3.037401    31.7880       5810     4.0339 0.0000e+00
     62.000     4.6110   3.037351    31.7865       5845     4.0585 0.0000e+00
     61.000     4.6119   3.037175    31.7841       5873     4.0781 0.0000e+00
     60.000     4.6126   3.036882    31.7805       5894     4.0925 0.0000e+00
     59.000     4.6116   3.036582    31.7786       5913     4.1053 0.0000e+00
     58.000     4.6114   3.036216    31.7750       5933     4.1195 0.0000e+00
     57.000     4.6095   3.035757    31.7721       5959     4.1376 0.0000e+00
     56.000     4.6100   3.035514    31.7692       5996     4.1629 0.0000e+00
     55.000     4.6133   3.035525    31.7667       6025     4.1833 0.0000e+00
     54.000     4.6168   3.035371    31.7621       6047     4.1985 0.0000e+00
     53.000     4.6168   3.035240    31.7611       6068     4.2133 0.0000e+00
     52.000     4.6188   3.035262    31.7599       6092     4.2297 0.0000e+00
     51.000     4.6202   3.035253    31.7589       6121     4.2497 0.0000e+00
     50.000     4.6220   3.035241    31.7576       6153     4.2720 0.0000e+00
     49.000     4.6312   3.035622    31.7536       6181     4.2916 0.0000e+00
     48.000     4.6377   3.035911    31.7512       6203     4.3070 0.0000e+00
     47.000     4.6387   3.035894    31.7506       6223     4.3208 0.0000e+00
     46.000     4.6447   3.036115    31.7479       6244     4.3355 0.0000e+00
     45.000     4.6468   3.036169    31.7470       6273     4.3555 0.0000e+00
     44.000     4.6524   3.036281    31.7435       6311     4.3818 0.0000e+00
     43.000     4.6625   3.036607    31.7380       6337     4.3997 0.0000e+00
     42.000     4.6751   3.037144    31.7327       6356     4.4135 0.0000e+00
     41.000     4.6878   3.037658    31.7270       6376     4.4272 0.0000e+00
     40.000     4.6898   3.037666    31.7256       6402     4.4449 0.0000e+00
     39.000     4.6952   3.037659    31.7209       6436     4.4685 0.0000e+00
     38.000     4.6961   3.037601    31.7199       6465     4.4891 0.0000e+00
     37.000     4.7018   3.037332    31.7118       6487     4.5045 0.0000e+00
     36.000     4.7041   3.037029    31.7066       6509     4.5191 0.0000e+00
     35.000     4.7062   3.036789    31.7023       6531     4.5345 0.0000e+00
     34.000     4.7091   3.036358    31.6951       6557     4.5526 0.0000e+00
     33.000     4.7211   3.036388    31.6844       6588     4.5741 0.0000e+00
