HB2402/ctd232.cnv
* Sea-Bird SBE 9 Data File:
* FileName = C:\cruise\data\ctd232.hex
* Software Version Seasave V 7.26.7.121
* Temperature SN = 5253
* Conductivity SN = 4421
* Number of Bytes Per Scan = 37
* Number of Voltage Words = 4
* Number of Scans Averaged by the Deck Unit = 1
* NMEA Latitude = 43 16.19 N
* NMEA Longitude = 069 32.07 W
* NMEA UTC (Time) = May 10 2024 09:40:31
* NMEA baud rate = 4800
** Ship: Bigelow HB2402
** Program:  Spring Bottom Trawl Survey
** Chief Scientist: John Galbraith
# nquan = 7
# nvalues = 305                         
# units = specified
# name 0 = depSM: Depth [salt water, m]
# name 1 = t090C: Temperature [ITS-90, deg C]
# name 2 = c0S/m: Conductivity [S/m]
# name 3 = sal00: Salinity, Practical [PSU]
# name 4 = scan: Scan Count
# name 5 = timeM: Time, Elapsed [minutes]
# name 6 = flag: flag
# span 0 =      1.000,    154.000       
# span 1 =     4.9753,     9.0046       
# span 2 =   3.059065,   3.367192       
# span 3 =    30.1629,    33.1686       
# span 4 =       -172,       9737       
# span 5 =    -0.1202,     6.7610       
# span 6 = 0.0000e+00, 0.0000e+00       
# interval = meters: 1                  
# start_time = May 10 2024 09:40:31 [NMEA time, header]
# bad_flag = -9.990e-29
*END*
[from data line 206]
     99.000     6.1765   3.254890    32.7328       6414     4.4533 0.0000e+00
     98.000     6.1610   3.251732    32.7130       6436     4.4690 0.0000e+00
     97.000     6.1080   3.242038    32.6563       6459     4.4844 0.0000e+00
     96.000     6.0328   3.232269    32.6200       6481     4.5000 0.0000e+00
     95.000     5.9206   3.218064    32.5693       6507     4.5182 0.0000e+00
     94.000     5.8159   3.204482    32.5181       6544     4.5437 0.0000e+00
     93.000     5.7606   3.199203    32.5124       6582     4.5703 0.0000e+00
     92.000     5.5675   3.174150    32.4164       6607     4.5878 0.0000e+00
     91.000     5.5198   3.168515    32.3990       6627     4.6014 0.0000e+00
     90.000     5.4832   3.163419    32.3771       6646     4.6144 0.0000e+00
     89.000     5.4496   3.159639    32.3671       6665     4.6275 0.0000e+00
     88.000     5.4485   3.159057    32.3620       6687     4.6428 0.0000e+00
     87.000     5.4521   3.158785    32.3560       6716     4.6630 0.0000e+00
     86.000     5.4625   3.159483    32.3544       6752     4.6880 0.0000e+00
     85.000     5.5160   3.163314    32.3467       6784     4.7101 0.0000e+00
     84.000     5.5278   3.163920    32.3428       6812     4.7297 0.0000e+00
     83.000     5.5163   3.162128    32.3340       6838     4.7476 0.0000e+00
     82.000     5.4316   3.150675    32.2862       6860     4.7635 0.0000e+00
     81.000     5.3257   3.136650    32.2293       6881     4.7779 0.0000e+00
     80.000     5.2848   3.131476    32.2102       6901     4.7918 0.0000e+00
     79.000     5.2655   3.128526    32.1956       6923     4.8070 0.0000e+00
     78.000     5.2539   3.126303    32.1820       6952     4.8271 0.0000e+00
     77.000     5.2178   3.121881    32.1668       6991     4.8539 0.0000e+00
     76.000     5.1893   3.117671    32.1467       7019     4.8737 0.0000e+00
     75.000     5.1769   3.116014    32.1402       7040     4.8883 0.0000e+00
     74.000     5.1614   3.113682    32.1290       7060     4.9023 0.0000e+00
     73.000     5.1397   3.110545    32.1145       7083     4.9178 0.0000e+00
     72.000     5.1381   3.110008    32.1104       7111     4.9374 0.0000e+00
     71.000     5.1323   3.109194    32.1072       7142     4.9590 0.0000e+00
     70.000     5.1096   3.105578    32.0882       7172     4.9797 0.0000e+00
     69.000     5.0871   3.102259    32.0724       7201     5.0002 0.0000e+00
     68.000     5.0741   3.100585    32.0662       7227     5.0178 0.0000e+00
     67.000     5.0709   3.100034    32.0634       7248     5.0327 0.0000e+00
     66.000     5.0592   3.097818    32.0499       7270     5.0478 0.0000e+00
     65.000     5.0428   3.094887    32.0326       7294     5.0643 0.0000e+00
     64.000     5.0322   3.092437    32.0151       7319     5.0820 0.0000e+00
     63.000     5.0104   3.088491    31.9914       7344     5.0993 0.0000e+00
     62.000     5.0000   3.086402    31.9779       7370     5.1177 0.0000e+00
     61.000     4.9946   3.085293    31.9709       7403     5.1401 0.0000e+00
     60.000     4.9984   3.085068    31.9652       7434     5.1618 0.0000e+00
     59.000     5.0015   3.084900    31.9608       7459     5.1791 0.0000e+00
     58.000     5.0001   3.084133    31.9538       7482     5.1954 0.0000e+00
     57.000     5.0006   3.083821    31.9502       7507     5.2127 0.0000e+00
     56.000     5.0045   3.083632    31.9449       7534     5.2314 0.0000e+00
     55.000     5.0068   3.083593    31.9427       7561     5.2499 0.0000e+00
     54.000     5.0146   3.083768    31.9377       7583     5.2656 0.0000e+00
     53.000     5.0359   3.083929    31.9197       7604     5.2797 0.0000e+00
     52.000     5.0463   3.083558    31.9060       7624     5.2940 0.0000e+00
     51.000     5.0476   3.083266    31.9019       7650     5.3117 0.0000e+00
     50.000     5.0561   3.082840    31.8893       7689     5.3390 0.0000e+00
     49.000     5.0591   3.082891    31.8876       7728     5.3661 0.0000e+00
     48.000     5.0699   3.083011    31.8791       7750     5.3815 0.0000e+00
     47.000     5.0799   3.083488    31.8755       7769     5.3944 0.0000e+00
     46.000     5.1029   3.084832    31.8694       7787     5.4072 0.0000e+00
     45.000     5.1211   3.086239    31.8686       7809     5.4223 0.0000e+00
     44.000     5.1122   3.085723    31.8717       7837     5.4420 0.0000e+00
     43.000     5.1652   3.089218    31.8616       7868     5.4633 0.0000e+00
     42.000     5.2708   3.096321    31.8423       7895     5.4817 0.0000e+00
     41.000     5.3025   3.098362    31.8359       7918     5.4978 0.0000e+00
     40.000     5.3068   3.098458    31.8334       7942     5.5143 0.0000e+00
     39.000     5.3041   3.098012    31.8313       7970     5.5343 0.0000e+00
     38.000     5.3029   3.095644    31.8060       8004     5.5576 0.0000e+00
     37.000     5.3120   3.093561    31.7743       8030     5.5759 0.0000e+00
     36.000     5.3047   3.091446    31.7576       8052     5.5912 0.0000e+00
     35.000     5.3042   3.090471    31.7475       8074     5.6060 0.0000e+00
     34.000     5.3591   3.093100    31.7258       8097     5.6226 0.0000e+00
     33.000     5.4160   3.098796    31.7371       8126     5.6422 0.0000e+00
     32.000     5.6827   3.118892    31.7127       8155     5.6625 0.0000e+00
     31.000     5.9751   3.141844    31.6959       8182     5.6811 0.0000e+00
     30.000     6.0140   3.145518    31.7010       8206     5.6978 0.0000e+00
     29.000     6.0831   3.151226    31.7004       8229     5.7137 0.0000e+00
     28.000     6.1048   3.150482    31.6724       8254     5.7309 0.0000e+00
     27.000     5.9584   3.132319    31.6070       8280     5.7494 0.0000e+00
     26.000     5.7046   3.105303    31.5423       8309     5.7695 0.0000e+00
     25.000     5.5678   3.088582    31.4826       8339     5.7906 0.0000e+00
     24.000     5.5369   3.083241    31.4518       8367     5.8101 0.0000e+00
     23.000     5.5384   3.080877    31.4242       8392     5.8273 0.0000e+00
     22.000     5.5451   3.079588    31.4039       8413     5.8418 0.0000e+00
     21.000     5.5356   3.075966    31.3725       8433     5.8555 0.0000e+00
     20.000     5.5324   3.074510    31.3595       8454     5.8702 0.0000e+00
     19.000     5.5299   3.073285    31.3485       8482     5.8893 0.0000e+00
     18.000     5.5241   3.070367    31.3215       8520     5.9162 0.0000e+00
     17.000     5.5488   3.069177    31.2855       8553     5.9387 0.0000e+00
     16.000     5.6114   3.067261    31.2062       8577     5.9555 0.0000e+00
     15.000     5.6740   3.068005    31.1571       8598     5.9703 0.0000e+00
     14.000     5.7489   3.068706    31.0962       8618     5.9842 0.0000e+00
     13.000     5.8099   3.070439    31.0600       8638     5.9981 0.0000e+00
     12.000     5.8239   3.071375    31.0580       8661     6.0137 0.0000e+00
     11.000     5.9941   3.080667    31.0060       8688     6.0328 0.0000e+00
     10.000     6.2562   3.097319    30.9519       8719     6.0543 0.0000e+00
      9.000     7.0620   3.145079    30.7486       8747     6.0737 0.0000e+00
      8.000     7.7382   3.188837    30.6194       8774     6.0923 0.0000e+00
      7.000     7.8347   3.196534    30.6168       8802     6.1119 0.0000e+00
      6.000     8.8411   3.262053    30.4302       9171     6.3683 0.0000e+00
      5.000     8.9580   3.269697    30.4093       9585     6.6556 0.0000e+00
      4.000     8.9601   3.269849    30.4095       9612     6.6740 0.0000e+00
      3.000     8.9625   3.270081    30.4102       9659     6.7066 0.0000e+00
      2.000     8.9568   3.269589    30.4105       9707     6.7403 0.0000e+00
      1.000     8.9559   3.269520    30.4110       9737     6.7610 0.0000e+00
