HB2402/ctd228.cnv
* Sea-Bird SBE 9 Data File:
* FileName = C:\cruise\data\ctd228.hex
* Software Version Seasave V 7.26.7.121
* Temperature SN = 5253
* Conductivity SN = 4421
* Number of Bytes Per Scan = 37
* Number of Voltage Words = 4
* Number of Scans Averaged by the Deck Unit = 1
* NMEA Latitude = 43 17.38 N
* NMEA Longitude = 069 49.43 W
* NMEA UTC (Time) = May 09 2024 10:23:13
* NMEA baud rate = 4800
** Ship: Bigelow HB2402
** Program:  Spring Bottom Trawl Survey
** Chief Scientist: John Galbraith
# nquan = 7
# nvalues = 303                         
# units = specified
# name 0 = depSM: Depth [salt water, m]
# name 1 = t090C: Temperature [ITS-90, deg C]
# name 2 = c0S/m: Conductivity [S/m]
# name 3 = sal00: Salinity, Practical [PSU]
# name 4 = scan: Scan Count
# name 5 = timeM: Time, Elapsed [minutes]
# name 6 = flag: flag
# span 0 =      1.000,    153.000       
# span 1 =     4.9504,     9.3901       
# span 2 =   3.075321,   3.468707       
# span 3 =    30.3209,    33.5290       
# span 4 =       -184,      10697       
# span 5 =    -0.1286,     7.4276       
# span 6 = 0.0000e+00, 0.0000e+00       
# interval = meters: 1                  
# start_time = May 09 2024 10:23:13 [NMEA time, header]
# bad_flag = -9.990e-29
*END*
      3.000     9.3208   3.321465    30.6307       -184    -0.1286 0.0000e+00
      4.000     9.3024   3.314733    30.5773        423     0.2933 0.0000e+00
      5.000     9.3243   3.312709    30.5375        382     0.2649 0.0000e+00
      6.000     9.3444   3.316713    30.5607        405     0.2809 0.0000e+00
      7.000     9.3622   3.326211    30.6420        429     0.2972 0.0000e+00
      8.000     9.3538   3.331608    30.7040        452     0.3132 0.0000e+00
      9.000     9.3123   3.331783    30.7409        476     0.3295 0.0000e+00
     10.000     9.3184   3.338297    30.8019        504     0.3492 0.0000e+00
     11.000     9.3061   3.339561    30.8250        535     0.3709 0.0000e+00
     12.000     9.2023   3.332144    30.8382        565     0.3917 0.0000e+00
     13.000     9.0719   3.322351    30.8500        589     0.4086 0.0000e+00
     14.000     8.8462   3.305838    30.8750        611     0.4238 0.0000e+00
     15.000     8.6758   3.293356    30.8937        634     0.4394 0.0000e+00
     16.000     8.4503   3.276788    30.9178        663     0.4594 0.0000e+00
     17.000     8.1475   3.254251    30.9472        708     0.4908 0.0000e+00
     18.000     7.9022   3.235717    30.9678        793     0.5498 0.0000e+00
     19.000     7.7852   3.226540    30.9737        912     0.6323 0.0000e+00
     20.000     7.3427   3.193888    31.0188        945     0.6558 0.0000e+00
     21.000     7.2179   3.184354    31.0276        976     0.6767 0.0000e+00
     22.000     7.0514   3.172069    31.0441       1002     0.6949 0.0000e+00
     23.000     6.6851   3.144157    31.0709       1028     0.7129 0.0000e+00
     24.000     6.3644   3.121440    31.1129       1055     0.7322 0.0000e+00
     25.000     6.2744   3.114688    31.1201       1083     0.7516 0.0000e+00
     26.000     6.2408   3.111431    31.1144       1109     0.7694 0.0000e+00
     27.000     6.2035   3.108304    31.1135       1132     0.7855 0.0000e+00
     28.000     6.1651   3.105715    31.1195       1156     0.8022 0.0000e+00
     29.000     6.0269   3.095875    31.1365       1184     0.8218 0.0000e+00
     30.000     5.7952   3.080123    31.1738       1218     0.8450 0.0000e+00
     31.000     5.7259   3.080883    31.2459       1249     0.8667 0.0000e+00
     32.000     5.7356   3.089550    31.3336       1274     0.8839 0.0000e+00
     33.000     5.7134   3.091298    31.3734       1297     0.9001 0.0000e+00
     34.000     5.7816   3.100800    31.4160       1320     0.9160 0.0000e+00
     35.000     5.6273   3.089869    31.4367       1344     0.9329 0.0000e+00
     36.000     5.5510   3.084485    31.4468       1371     0.9511 0.0000e+00
     37.000     5.5454   3.083913    31.4451       1400     0.9713 0.0000e+00
     38.000     5.5024   3.083220    31.4770       1430     0.9922 0.0000e+00
     39.000     5.5399   3.089789    31.5156       1459     1.0124 0.0000e+00
     40.000     5.4318   3.083437    31.5449       1484     1.0297 0.0000e+00
     41.000     5.4418   3.088775    31.5954       1507     1.0461 0.0000e+00
     42.000     5.4250   3.089289    31.6165       1532     1.0635 0.0000e+00
     43.000     5.4061   3.088332    31.6230       1560     1.0826 0.0000e+00
     44.000     5.3846   3.086803    31.6255       1589     1.1027 0.0000e+00
     45.000     5.3305   3.083075    31.6337       1619     1.1234 0.0000e+00
     46.000     5.3099   3.081638    31.6364       1648     1.1437 0.0000e+00
     47.000     5.2737   3.079696    31.6481       1676     1.1632 0.0000e+00
     48.000     5.2037   3.075321    31.6641       1701     1.1803 0.0000e+00
     49.000     5.2276   3.080889    31.7043       1724     1.1964 0.0000e+00
     50.000     5.2750   3.088446    31.7449       1748     1.2130 0.0000e+00
     51.000     5.2773   3.089804    31.7576       1775     1.2320 0.0000e+00
     52.000     5.2502   3.090557    31.7913       1803     1.2517 0.0000e+00
     53.000     5.2188   3.088956    31.8025       1830     1.2703 0.0000e+00
     54.000     5.1954   3.087762    31.8107       1857     1.2886 0.0000e+00
     55.000     5.1337   3.083858    31.8245       1886     1.3089 0.0000e+00
     56.000     5.0834   3.080895    31.8380       1918     1.3311 0.0000e+00
     57.000     5.0658   3.080189    31.8463       1946     1.3505 0.0000e+00
     58.000     5.0572   3.079897    31.8507       1971     1.3681 0.0000e+00
     59.000     5.0463   3.079484    31.8558       1995     1.3849 0.0000e+00
     60.000     5.0350   3.079002    31.8606       2020     1.4017 0.0000e+00
     61.000     5.0240   3.078660    31.8668       2045     1.4193 0.0000e+00
     62.000     5.0070   3.078189    31.8771       2072     1.4380 0.0000e+00
     63.000     4.9866   3.077895    31.8928       2102     1.4589 0.0000e+00
     64.000     4.9892   3.078581    31.8977       2133     1.4809 0.0000e+00
     65.000     4.9887   3.079250    31.9054       2161     1.4998 0.0000e+00
     66.000     4.9774   3.078841    31.9110       2185     1.5166 0.0000e+00
     67.000     4.9660   3.079433    31.9282       2207     1.5318 0.0000e+00
     68.000     4.9542   3.079634    31.9413       2231     1.5487 0.0000e+00
     69.000     4.9554   3.079923    31.9429       2258     1.5677 0.0000e+00
     70.000     4.9549   3.080518    31.9497       2289     1.5892 0.0000e+00
     71.000     4.9541   3.080762    31.9529       2318     1.6092 0.0000e+00
     72.000     4.9535   3.081059    31.9563       2346     1.6284 0.0000e+00
     73.000     4.9514   3.081458    31.9624       2372     1.6465 0.0000e+00
     74.000     4.9520   3.082408    31.9723       2398     1.6646 0.0000e+00
     75.000     4.9533   3.083292    31.9807       2426     1.6839 0.0000e+00
     76.000     4.9539   3.085340    32.0030       2453     1.7028 0.0000e+00
     77.000     4.9691   3.089056    32.0305       2480     1.7214 0.0000e+00
     78.000     4.9910   3.093332    32.0580       2506     1.7394 0.0000e+00
     79.000     5.0142   3.097155    32.0791       2531     1.7572 0.0000e+00
     80.000     5.0266   3.099563    32.0942       2557     1.7753 0.0000e+00
     81.000     5.0314   3.100440    32.0991       2585     1.7944 0.0000e+00
     82.000     5.0393   3.101765    32.1062       2613     1.8137 0.0000e+00
     83.000     5.0396   3.102262    32.1111       2639     1.8319 0.0000e+00
     84.000     5.0551   3.104689    32.1235       2665     1.8499 0.0000e+00
     85.000     5.0698   3.106689    32.1318       2690     1.8673 0.0000e+00
     86.000     5.0818   3.108499    32.1404       2717     1.8864 0.0000e+00
     87.000     5.0891   3.109681    32.1464       2747     1.9067 0.0000e+00
     88.000     5.1057   3.112431    32.1613       2774     1.9255 0.0000e+00
     89.000     5.1287   3.115904    32.1783       2800     1.9436 0.0000e+00
     90.000     5.1352   3.116888    32.1829       2827     1.9624 0.0000e+00
     91.000     5.1381   3.117422    32.1857       2855     1.9820 0.0000e+00
     92.000     5.1503   3.119203    32.1938       2882     2.0010 0.0000e+00
     93.000     5.1770   3.122895    32.2097       2908     2.0190 0.0000e+00
     94.000     5.2300   3.130533    32.2453       2933     2.0363 0.0000e+00
     95.000     5.3165   3.141682    32.2884       2958     2.0536 0.0000e+00
     96.000     5.3252   3.142968    32.2941       2984     2.0715 0.0000e+00
     97.000     5.3284   3.143589    32.2976       3010     2.0894 0.0000e+00
     98.000     5.3289   3.143863    32.2998       3036     2.1075 0.0000e+00
     99.000     5.3317   3.144407    32.3028       3064     2.1274 0.0000e+00
    100.000     5.3419   3.145924    32.3098       3099     2.1514 0.0000e+00
    101.000     5.3616   3.148847    32.3234       3131     2.1736 0.0000e+00
    102.000     5.4271   3.157953    32.3632       3156     2.1912 0.0000e+00
    103.000     5.4856   3.165980    32.3973       3179     2.2066 0.0000e+00
    104.000     5.4992   3.167558    32.4016       3200     2.2213 0.0000e+00
    105.000     5.4895   3.167380    32.4084       3222     2.2369 0.0000e+00
    106.000     5.4776   3.166730    32.4121       3247     2.2542 0.0000e+00
    107.000     5.4734   3.166686    32.4151       3276     2.2745 0.0000e+00
    108.000     5.4726   3.166891    32.4177       3310     2.2976 0.0000e+00
    109.000     5.4730   3.167195    32.4203       3341     2.3194 0.0000e+00
    110.000     5.4811   3.168751    32.4296       3368     2.3383 0.0000e+00
    111.000     5.5428   3.177622    32.4700       3394     2.3561 0.0000e+00
    112.000     5.6127   3.186969    32.5078       3421     2.3747 0.0000e+00
    113.000     5.6603   3.193319    32.5330       3447     2.3934 0.0000e+00
    114.000     5.6937   3.197643    32.5491       3473     2.4114 0.0000e+00
    115.000     5.7018   3.198802    32.5538       3498     2.4284 0.0000e+00
    116.000     5.7078   3.199678    32.5574       3522     2.4452 0.0000e+00
    117.000     5.7194   3.201185    32.5627       3548     2.4630 0.0000e+00
    118.000     5.7810   3.209563    32.5971       3575     2.4821 0.0000e+00
    119.000     5.9046   3.225555    32.6570       3605     2.5027 0.0000e+00
    120.000     5.9734   3.234707    32.6927       3635     2.5234 0.0000e+00
    121.000     6.0257   3.241709    32.7202       3663     2.5430 0.0000e+00
    122.000     6.0491   3.245144    32.7355       3690     2.5616 0.0000e+00
    123.000     6.0797   3.249166    32.7504       3715     2.5795 0.0000e+00
    124.000     6.1079   3.252809    32.7634       3741     2.5972 0.0000e+00
    125.000     6.1628   3.259725    32.7871       3768     2.6159 0.0000e+00
    126.000     6.1786   3.261713    32.7935       3795     2.6347 0.0000e+00
    127.000     6.1905   3.263419    32.8006       3820     2.6523 0.0000e+00
    128.000     6.2330   3.268593    32.8167       3844     2.6687 0.0000e+00
    129.000     6.2621   3.272308    32.8296       3869     2.6858 0.0000e+00
    130.000     6.3699   3.285300    32.8695       3895     2.7041 0.0000e+00
    131.000     6.4701   3.296541    32.8970       3926     2.7255 0.0000e+00
    132.000     6.5852   3.309942    32.9338       3960     2.7490 0.0000e+00
    133.000     6.6462   3.317238    32.9551       3990     2.7700 0.0000e+00
    134.000     6.6863   3.321757    32.9659       4017     2.7888 0.0000e+00
    135.000     6.6974   3.323240    32.9710       4041     2.8053 0.0000e+00
    136.000     6.7076   3.324441    32.9739       4062     2.8204 0.0000e+00
    137.000     6.7151   3.325398    32.9768       4085     2.8359 0.0000e+00
    138.000     6.7262   3.326802    32.9810       4109     2.8525 0.0000e+00
    139.000     6.7841   3.333850    33.0024       4137     2.8723 0.0000e+00
    140.000     6.8419   3.340991    33.0248       4167     2.8931 0.0000e+00
    141.000     6.8751   3.345392    33.0406       4196     2.9132 0.0000e+00
    142.000     6.8906   3.347375    33.0470       4224     2.9324 0.0000e+00
    143.000     6.8988   3.348500    33.0510       4252     2.9524 0.0000e+00
    144.000     6.9102   3.349974    33.0557       4281     2.9725 0.0000e+00
    145.000     6.9615   3.357032    33.0831       4309     2.9918 0.0000e+00
    146.000     7.0260   3.365277    33.1108       4336     3.0106 0.0000e+00
    147.000     7.0718   3.371381    33.1330       4362     3.0286 0.0000e+00
    148.000     7.1074   3.376272    33.1516       4387     3.0458 0.0000e+00
    149.000     7.1508   3.382463    33.1769       4410     3.0621 0.0000e+00
    150.000     7.2993   3.403530    33.2627       4433     3.0777 0.0000e+00
    151.000     7.5476   3.436451    33.3802       4457     3.0943 0.0000e+00
    152.000     7.6826   3.457145    33.4730       4485     3.1141 0.0000e+00
    153.000     7.7531   3.468707    33.5290       4976     3.4550 0.0000e+00
    152.000     7.7366   3.466449    33.5212       5447     3.7821 0.0000e+00
    151.000     7.7000   3.460793    33.4960       5477     3.8025 0.0000e+00
    150.000     7.6639   3.454895    33.4677       5501     3.8196 0.0000e+00
    149.000     7.6090   3.446939    33.4352       5527     3.8374 0.0000e+00
    148.000     7.4859   3.428875    33.3590       5555     3.8570 0.0000e+00
    147.000     7.3404   3.408229    33.2757       5586     3.8785 0.0000e+00
    146.000     7.1977   3.389361    33.2084       5614     3.8977 0.0000e+00
    145.000     7.1526   3.383148    33.1846       5637     3.9136 0.0000e+00
    144.000     7.0643   3.371385    33.1417       5658     3.9283 0.0000e+00
    143.000     6.9948   3.362147    33.1080       5679     3.9429 0.0000e+00
    142.000     6.9490   3.355940    33.0846       5701     3.9587 0.0000e+00
    141.000     6.9350   3.353941    33.0767       5730     3.9783 0.0000e+00
    140.000     6.9197   3.351807    33.0685       5763     4.0017 0.0000e+00
    139.000     6.8574   3.343545    33.0384       5796     4.0243 0.0000e+00
    138.000     6.8067   3.337542    33.0217       5822     4.0426 0.0000e+00
    137.000     6.7796   3.334184    33.0114       5845     4.0585 0.0000e+00
    136.000     6.7634   3.332247    33.0062       5868     4.0741 0.0000e+00
    135.000     6.7411   3.329567    32.9986       5889     4.0892 0.0000e+00
    134.000     6.7118   3.325655    32.9842       5910     4.1036 0.0000e+00
    133.000     6.6793   3.322055    32.9763       5931     4.1184 0.0000e+00
    132.000     6.6510   3.318763    32.9678       5956     4.1354 0.0000e+00
    131.000     6.6477   3.318210    32.9654       5989     4.1580 0.0000e+00
    130.000     6.6207   3.314957    32.9560       6023     4.1822 0.0000e+00
    129.000     6.5266   3.303938    32.9253       6051     4.2011 0.0000e+00
    128.000     6.4076   3.290416    32.8909       6075     4.2183 0.0000e+00
    127.000     6.3474   3.283374    32.8712       6099     4.2344 0.0000e+00
    126.000     6.2778   3.274907    32.8448       6121     4.2501 0.0000e+00
    125.000     6.2228   3.268224    32.8239       6144     4.2657 0.0000e+00
    124.000     6.1958   3.264513    32.8092       6168     4.2823 0.0000e+00
    123.000     6.1578   3.259785    32.7936       6195     4.3013 0.0000e+00
    122.000     6.1204   3.254821    32.7748       6224     4.3217 0.0000e+00
    121.000     6.0864   3.250601    32.7610       6252     4.3411 0.0000e+00
    120.000     6.0703   3.248696    32.7558       6279     4.3597 0.0000e+00
    119.000     6.0500   3.245640    32.7416       6303     4.3763 0.0000e+00
    118.000     5.9803   3.236061    32.7022       6327     4.3929 0.0000e+00
    117.000     5.8805   3.223630    32.6597       6351     4.4096 0.0000e+00
    116.000     5.7895   3.210948    32.6055       6376     4.4269 0.0000e+00
    115.000     5.7452   3.205006    32.5818       6401     4.4443 0.0000e+00
    114.000     5.7223   3.201965    32.5702       6427     4.4622 0.0000e+00
    113.000     5.6877   3.197392    32.5525       6454     4.4809 0.0000e+00
    112.000     5.6417   3.191022    32.5255       6481     4.5001 0.0000e+00
    111.000     5.5728   3.181571    32.4858       6509     4.5197 0.0000e+00
    110.000     5.5385   3.176940    32.4669       6537     4.5389 0.0000e+00
    109.000     5.5164   3.173362    32.4483       6563     4.5566 0.0000e+00
    108.000     5.5076   3.171447    32.4356       6585     4.5724 0.0000e+00
    107.000     5.5015   3.170108    32.4268       6606     4.5871 0.0000e+00
    106.000     5.4899   3.168374    32.4188       6628     4.6023 0.0000e+00
    105.000     5.4854   3.167237    32.4108       6653     4.6194 0.0000e+00
    104.000     5.4808   3.166154    32.4035       6682     4.6394 0.0000e+00
    103.000     5.4613   3.163135    32.3885       6714     4.6616 0.0000e+00
    102.000     5.4127   3.156189    32.3571       6744     4.6824 0.0000e+00
    101.000     5.3706   3.150513    32.3337       6770     4.7006 0.0000e+00
    100.000     5.3474   3.147164    32.3184       6794     4.7173 0.0000e+00
     99.000     5.3369   3.145485    32.3100       6816     4.7326 0.0000e+00
