HB2402/ctd218.cnv
* Sea-Bird SBE 9 Data File:
* FileName = C:\cruise\data\ctd218.hex
* Software Version Seasave V 7.26.7.121
* Temperature SN = 5253
* Conductivity SN = 4421
* Number of Bytes Per Scan = 37
* Number of Voltage Words = 4
* Number of Scans Averaged by the Deck Unit = 1
* NMEA Latitude = 44 24.96 N
* NMEA Longitude = 067 29.27 W
* NMEA UTC (Time) = May 07 2024 04:02:17
* NMEA baud rate = 4800
** Ship: Bigelow HB2402
** Program:  Spring Bottom Trawl Survey
** Chief Scientist: John Galbraith
# nquan = 7
# nvalues = 170                         
# units = specified
# name 0 = depSM: Depth [salt water, m]
# name 1 = t090C: Temperature [ITS-90, deg C]
# name 2 = c0S/m: Conductivity [S/m]
# name 3 = sal00: Salinity, Practical [PSU]
# name 4 = scan: Scan Count
# name 5 = timeM: Time, Elapsed [minutes]
# name 6 = flag: flag
# span 0 =      1.000,     87.000       
# span 1 =     5.6484,     6.0100       
# span 2 =   3.114271,   3.130060       
# span 3 =    31.5449,    31.6763       
# span 4 =        188,       6944       
# span 5 =     0.1300,     4.8217       
# span 6 = 0.0000e+00, 0.0000e+00       
# interval = meters: 1                  
# start_time = May 07 2024 04:02:17 [NMEA time, header]
# bad_flag = -9.990e-29
*END*
      4.000     6.0100   3.130060    31.5449        188     0.1300 0.0000e+00
      5.000     5.9992   3.129690    31.5503        348     0.2408 0.0000e+00
      6.000     5.9722   3.128614    31.5630        379     0.2623 0.0000e+00
      7.000     5.9705   3.128571    31.5636        414     0.2869 0.0000e+00
      8.000     5.9643   3.128359    31.5666        451     0.3127 0.0000e+00
      9.000     5.9631   3.128383    31.5674        485     0.3360 0.0000e+00
     10.000     5.9604   3.128366    31.5693        515     0.3570 0.0000e+00
     11.000     5.9550   3.128152    31.5714        546     0.3785 0.0000e+00
     12.000     5.9524   3.128017    31.5719        580     0.4019 0.0000e+00
     13.000     5.9490   3.127848    31.5727        616     0.4274 0.0000e+00
     14.000     5.9136   3.125733    31.5816        653     0.4528 0.0000e+00
     15.000     5.9075   3.125364    31.5827        685     0.4747 0.0000e+00
     16.000     5.9055   3.125267    31.5830        757     0.5248 0.0000e+00
     17.000     5.9014   3.125040    31.5839        883     0.6125 0.0000e+00
     18.000     5.9007   3.125042    31.5840        934     0.6482 0.0000e+00
     19.000     5.9016   3.125135    31.5838        966     0.6698 0.0000e+00
     20.000     5.9002   3.125058    31.5837        993     0.6887 0.0000e+00
     21.000     5.8968   3.124907    31.5847       1018     0.7062 0.0000e+00
     22.000     5.8897   3.124526    31.5866       1043     0.7233 0.0000e+00
     23.000     5.8896   3.124551    31.5865       1070     0.7420 0.0000e+00
     24.000     5.8885   3.124526    31.5867       1101     0.7640 0.0000e+00
     25.000     5.8890   3.124588    31.5865       1131     0.7848 0.0000e+00
     26.000     5.8851   3.124394    31.5875       1156     0.8018 0.0000e+00
     27.000     5.8716   3.123499    31.5896       1178     0.8174 0.0000e+00
     28.000     5.8600   3.122787    31.5921       1203     0.8346 0.0000e+00
     29.000     5.8561   3.122571    31.5928       1233     0.8557 0.0000e+00
     30.000     5.8383   3.121456    31.5964       1263     0.8764 0.0000e+00
     31.000     5.8259   3.120689    31.5989       1289     0.8948 0.0000e+00
     32.000     5.8168   3.120194    31.6014       1314     0.9119 0.0000e+00
     33.000     5.8134   3.120010    31.6021       1339     0.9289 0.0000e+00
     34.000     5.8073   3.119717    31.6040       1365     0.9471 0.0000e+00
     35.000     5.8047   3.119585    31.6045       1392     0.9658 0.0000e+00
     36.000     5.8026   3.119525    31.6053       1420     0.9857 0.0000e+00
     37.000     5.8011   3.119534    31.6064       1448     1.0048 0.0000e+00
     38.000     5.7929   3.119316    31.6111       1473     1.0223 0.0000e+00
     39.000     5.7927   3.119397    31.6117       1498     1.0394 0.0000e+00
     40.000     5.7852   3.119178    31.6158       1525     1.0585 0.0000e+00
     41.000     5.7762   3.118879    31.6204       1555     1.0794 0.0000e+00
     42.000     5.7732   3.118777    31.6216       1583     1.0987 0.0000e+00
     43.000     5.7646   3.118404    31.6250       1608     1.1159 0.0000e+00
     44.000     5.7629   3.118362    31.6256       1631     1.1321 0.0000e+00
     45.000     5.7625   3.118391    31.6258       1655     1.1489 0.0000e+00
     46.000     5.7619   3.118387    31.6259       1682     1.1674 0.0000e+00
     47.000     5.7588   3.118298    31.6273       1712     1.1881 0.0000e+00
     48.000     5.7570   3.118267    31.6281       1742     1.2092 0.0000e+00
     49.000     5.7454   3.117414    31.6290       1768     1.2271 0.0000e+00
     50.000     5.7431   3.117324    31.6297       1792     1.2439 0.0000e+00
     51.000     5.7407   3.117152    31.6294       1820     1.2629 0.0000e+00
     52.000     5.7383   3.116990    31.6294       1849     1.2831 0.0000e+00
     53.000     5.7340   3.116734    31.6301       1875     1.3013 0.0000e+00
     54.000     5.7322   3.116675    31.6306       1898     1.3176 0.0000e+00
     55.000     5.7280   3.116389    31.6308       1922     1.3338 0.0000e+00
     56.000     5.7227   3.116027    31.6313       1947     1.3517 0.0000e+00
     57.000     5.7149   3.115502    31.6322       1978     1.3726 0.0000e+00
     58.000     5.7066   3.115041    31.6344       2008     1.3938 0.0000e+00
     59.000     5.7022   3.114965    31.6371       2035     1.4125 0.0000e+00
     60.000     5.6971   3.114896    31.6407       2060     1.4298 0.0000e+00
     61.000     5.6867   3.114667    31.6474       2085     1.4475 0.0000e+00
     62.000     5.6870   3.114739    31.6474       2112     1.4662 0.0000e+00
     63.000     5.6793   3.114733    31.6541       2139     1.4849 0.0000e+00
     64.000     5.6694   3.114570    31.6611       2165     1.5026 0.0000e+00
     65.000     5.6657   3.114432    31.6625       2191     1.5206 0.0000e+00
     66.000     5.6645   3.114433    31.6632       2216     1.5385 0.0000e+00
     67.000     5.6626   3.114779    31.6684       2243     1.5571 0.0000e+00
     68.000     5.6626   3.114822    31.6684       2273     1.5776 0.0000e+00
     69.000     5.6622   3.114886    31.6690       2302     1.5981 0.0000e+00
     70.000     5.6613   3.114975    31.6703       2328     1.6160 0.0000e+00
     71.000     5.6610   3.115064    31.6712       2352     1.6326 0.0000e+00
     72.000     5.6610   3.115107    31.6711       2378     1.6504 0.0000e+00
     73.000     5.6591   3.115066    31.6720       2405     1.6693 0.0000e+00
     74.000     5.6585   3.115083    31.6723       2432     1.6881 0.0000e+00
     75.000     5.6569   3.115059    31.6730       2460     1.7080 0.0000e+00
     76.000     5.6549   3.115002    31.6737       2488     1.7272 0.0000e+00
     77.000     5.6527   3.114954    31.6748       2515     1.7457 0.0000e+00
     78.000     5.6514   3.114924    31.6752       2539     1.7625 0.0000e+00
     79.000     5.6506   3.114915    31.6754       2563     1.7794 0.0000e+00
     80.000     5.6484   3.114854    31.6762       2591     1.7985 0.0000e+00
     81.000     5.6487   3.114913    31.6761       2622     1.8202 0.0000e+00
     82.000     5.6484   3.114940    31.6763       2650     1.8394 0.0000e+00
     83.000     5.6484   3.114981    31.6763       2673     1.8558 0.0000e+00
     84.000     5.6485   3.115033    31.6763       2698     1.8727 0.0000e+00
     85.000     5.6485   3.115081    31.6763       2726     1.8921 0.0000e+00
     86.000     5.6486   3.115121    31.6762       2756     1.9131 0.0000e+00
     87.000     5.6484   3.115150    31.6762       3184     2.2106 0.0000e+00
     86.000     5.6488   3.115124    31.6760       3556     2.4689 0.0000e+00
     85.000     5.6486   3.115040    31.6758       3550     2.4645 0.0000e+00
     84.000     5.6485   3.114999    31.6759       3574     2.4812 0.0000e+00
     83.000     5.6486   3.114967    31.6758       3600     2.4993 0.0000e+00
     82.000     5.6495   3.114957    31.6754       3627     2.5177 0.0000e+00
     81.000     5.6504   3.114958    31.6751       3653     2.5362 0.0000e+00
     80.000     5.6513   3.114968    31.6748       3682     2.5562 0.0000e+00
     79.000     5.6520   3.114959    31.6746       3711     2.5763 0.0000e+00
     78.000     5.6519   3.114916    31.6746       3736     2.5938 0.0000e+00
     77.000     5.6526   3.114901    31.6743       3758     2.6090 0.0000e+00
     76.000     5.6531   3.114829    31.6735       3779     2.6234 0.0000e+00
     75.000     5.6539   3.114883    31.6738       3801     2.6390 0.0000e+00
     74.000     5.6547   3.114885    31.6736       3827     2.6571 0.0000e+00
     73.000     5.6549   3.114853    31.6735       3858     2.6785 0.0000e+00
     72.000     5.6560   3.114860    31.6731       3888     2.6992 0.0000e+00
     71.000     5.6564   3.114829    31.6728       3913     2.7167 0.0000e+00
     70.000     5.6566   3.114781    31.6726       3936     2.7326 0.0000e+00
     69.000     5.6568   3.114734    31.6724       3959     2.7484 0.0000e+00
     68.000     5.6570   3.114705    31.6723       3985     2.7665 0.0000e+00
     67.000     5.6573   3.114666    31.6721       4016     2.7882 0.0000e+00
     66.000     5.6599   3.114672    31.6701       4044     2.8075 0.0000e+00
     65.000     5.6611   3.114631    31.6691       4066     2.8227 0.0000e+00
     64.000     5.6615   3.114573    31.6685       4086     2.8370 0.0000e+00
     63.000     5.6625   3.114491    31.6672       4109     2.8528 0.0000e+00
     62.000     5.6640   3.114351    31.6646       4136     2.8716 0.0000e+00
     61.000     5.6653   3.114284    31.6632       4167     2.8931 0.0000e+00
     60.000     5.6688   3.114296    31.6605       4196     2.9133 0.0000e+00
     59.000     5.6718   3.114313    31.6583       4221     2.9306 0.0000e+00
     58.000     5.6749   3.114276    31.6555       4245     2.9470 0.0000e+00
     57.000     5.6800   3.114271    31.6511       4270     2.9646 0.0000e+00
     56.000     5.6932   3.114606    31.6431       4296     2.9827 0.0000e+00
     55.000     5.7031   3.114811    31.6365       4321     3.0003 0.0000e+00
     54.000     5.7063   3.114870    31.6346       4345     3.0169 0.0000e+00
     53.000     5.7094   3.114964    31.6333       4371     3.0344 0.0000e+00
     52.000     5.7132   3.115127    31.6320       4399     3.0540 0.0000e+00
     51.000     5.7197   3.115534    31.6310       4428     3.0745 0.0000e+00
     50.000     5.7264   3.116039    31.6309       4454     3.0926 0.0000e+00
     49.000     5.7300   3.116349    31.6314       4477     3.1086 0.0000e+00
     48.000     5.7343   3.116634    31.6311       4502     3.1260 0.0000e+00
     47.000     5.7392   3.116978    31.6308       4529     3.1447 0.0000e+00
     46.000     5.7436   3.117231    31.6300       4557     3.1638 0.0000e+00
     45.000     5.7466   3.117374    31.6294       4582     3.1810 0.0000e+00
     44.000     5.7476   3.117414    31.6293       4605     3.1973 0.0000e+00
     43.000     5.7523   3.117633    31.6279       4629     3.2140 0.0000e+00
     42.000     5.7597   3.117951    31.6250       4656     3.2330 0.0000e+00
     41.000     5.7705   3.118368    31.6200       4685     3.2531 0.0000e+00
     40.000     5.7761   3.118561    31.6174       4714     3.2729 0.0000e+00
     39.000     5.7826   3.118780    31.6143       4741     3.2917 0.0000e+00
     38.000     5.7863   3.118834    31.6119       4765     3.3081 0.0000e+00
     37.000     5.7911   3.118896    31.6086       4787     3.3236 0.0000e+00
     36.000     5.7941   3.118963    31.6070       4811     3.3399 0.0000e+00
     35.000     5.8005   3.119093    31.6029       4838     3.3592 0.0000e+00
     34.000     5.8180   3.120085    31.5982       4868     3.3800 0.0000e+00
     33.000     5.8318   3.121004    31.5960       4895     3.3987 0.0000e+00
     32.000     5.8403   3.121557    31.5947       4919     3.4153 0.0000e+00
     31.000     5.8491   3.122118    31.5933       4942     3.4314 0.0000e+00
     30.000     5.8572   3.122645    31.5921       4967     3.4487 0.0000e+00
     29.000     5.8702   3.123370    31.5886       4996     3.4689 0.0000e+00
     28.000     5.8741   3.123566    31.5875       5025     3.4887 0.0000e+00
     27.000     5.8732   3.123448    31.5875       5051     3.5068 0.0000e+00
     26.000     5.8720   3.123312    31.5876       5076     3.5241 0.0000e+00
     25.000     5.8716   3.123220    31.5875       5100     3.5409 0.0000e+00
     24.000     5.8726   3.123238    31.5872       5124     3.5575 0.0000e+00
     23.000     5.8760   3.123427    31.5866       5148     3.5746 0.0000e+00
     22.000     5.8780   3.123538    31.5865       5175     3.5931 0.0000e+00
     21.000     5.8767   3.123405    31.5867       5204     3.6133 0.0000e+00
     20.000     5.8781   3.123461    31.5865       5235     3.6349 0.0000e+00
     19.000     5.8758   3.123255    31.5868       5262     3.6531 0.0000e+00
     18.000     5.8800   3.123452    31.5856       5284     3.6686 0.0000e+00
     17.000     5.8933   3.124282    31.5829       5305     3.6830 0.0000e+00
     16.000     5.9079   3.125198    31.5800       5329     3.6998 0.0000e+00
     15.000     5.9189   3.125885    31.5779       5359     3.7211 0.0000e+00
     14.000     5.9366   3.126932    31.5735       5390     3.7425 0.0000e+00
     13.000     5.9488   3.127640    31.5705       5414     3.7593 0.0000e+00
     12.000     5.9602   3.128291    31.5677       5437     3.7748 0.0000e+00
     11.000     5.9641   3.128495    31.5668       5461     3.7914 0.0000e+00
     10.000     5.9649   3.128525    31.5669       5488     3.8107 0.0000e+00
      9.000     5.9671   3.128612    31.5662       5517     3.8305 0.0000e+00
      8.000     5.9722   3.128788    31.5640       5543     3.8485 0.0000e+00
      7.000     5.9838   3.129104    31.5572       5566     3.8648 0.0000e+00
      6.000     5.9728   3.128934    31.5660       6112     4.2436 0.0000e+00
      5.000     5.9676   3.128552    31.5670       6557     4.5527 0.0000e+00
      4.000     5.9760   3.128950    31.5641       6692     4.6465 0.0000e+00
      3.000     5.9748   3.128833    31.5644       6779     4.7069 0.0000e+00
      2.000     5.9758   3.128827    31.5639       6869     4.7694 0.0000e+00
      1.000     5.9792   3.128873    31.5617       6944     4.8217 0.0000e+00
