HB2402/ctd213.cnv
* Sea-Bird SBE 9 Data File:
* FileName = C:\cruise\data\ctd213.hex
* Software Version Seasave V 7.26.7.121
* Temperature SN = 5253
* Conductivity SN = 4421
* Number of Bytes Per Scan = 37
* Number of Voltage Words = 4
* Number of Scans Averaged by the Deck Unit = 1
* NMEA Latitude = 44 00.83 N
* NMEA Longitude = 066 56.94 W
* NMEA UTC (Time) = May 06 2024 09:29:26
* NMEA baud rate = 4800
** Ship: Bigelow HB2402
** Program:  Spring Bottom Trawl Survey
** Chief Scientist: John Galbraith
# nquan = 7
# nvalues = 327                         
# units = specified
# name 0 = depSM: Depth [salt water, m]
# name 1 = t090C: Temperature [ITS-90, deg C]
# name 2 = c0S/m: Conductivity [S/m]
# name 3 = sal00: Salinity, Practical [PSU]
# name 4 = scan: Scan Count
# name 5 = timeM: Time, Elapsed [minutes]
# name 6 = flag: flag
# span 0 =      1.000,    165.000       
# span 1 =     5.4340,     6.8600       
# span 2 =   3.148576,   3.382372       
# span 3 =    31.9573,    33.4495       
# span 4 =       -129,      10753       
# span 5 =    -0.0904,     7.4669       
# span 6 = 0.0000e+00, 0.0000e+00       
# interval = meters: 1                  
# start_time = May 06 2024 09:29:26 [NMEA time, header]
# bad_flag = -9.990e-29
*END*
      3.000     6.3711   3.200950    31.9951       -129    -0.0904 0.0000e+00
      4.000     6.3570   3.199443    31.9911        210     0.1453 0.0000e+00
      5.000     6.3570   3.198743    31.9829        268     0.1855 0.0000e+00
      6.000     6.3580   3.198127    31.9747        301     0.2083 0.0000e+00
      7.000     6.3551   3.197804    31.9734        328     0.2269 0.0000e+00
      8.000     6.3582   3.197598    31.9677        352     0.2435 0.0000e+00
      9.000     6.3595   3.197641    31.9664        377     0.2608 0.0000e+00
     10.000     6.3586   3.197559    31.9659        405     0.2806 0.0000e+00
     11.000     6.3528   3.197102    31.9658        432     0.2991 0.0000e+00
     12.000     6.3439   3.196438    31.9664        455     0.3155 0.0000e+00
     13.000     6.3466   3.196653    31.9657        481     0.3334 0.0000e+00
     14.000     6.3340   3.195637    31.9659        616     0.4268 0.0000e+00
     15.000     6.3256   3.194998    31.9662        657     0.4558 0.0000e+00
     16.000     6.3098   3.193729    31.9664        693     0.4807 0.0000e+00
     17.000     6.3010   3.193067    31.9669        735     0.5099 0.0000e+00
     18.000     6.2739   3.191035    31.9693        761     0.5281 0.0000e+00
     19.000     6.2573   3.189794    31.9707        785     0.5447 0.0000e+00
     20.000     6.2402   3.188585    31.9728        811     0.5627 0.0000e+00
     21.000     6.1874   3.184805    31.9800        839     0.5818 0.0000e+00
     22.000     6.1107   3.179054    31.9879        863     0.5988 0.0000e+00
     23.000     6.0472   3.174121    31.9923        890     0.6172 0.0000e+00
     24.000     5.9928   3.169782    31.9947        922     0.6399 0.0000e+00
     25.000     5.9696   3.168189    31.9984        953     0.6614 0.0000e+00
     26.000     5.9495   3.167297    32.0069        976     0.6774 0.0000e+00
     27.000     5.9188   3.165663    32.0172        998     0.6927 0.0000e+00
     28.000     5.8798   3.163409    32.0284       1024     0.7103 0.0000e+00
     29.000     5.8566   3.162640    32.0413       1054     0.7311 0.0000e+00
     30.000     5.8204   3.160779    32.0542       1083     0.7517 0.0000e+00
     31.000     5.7903   3.159119    32.0637       1111     0.7706 0.0000e+00
     32.000     5.7643   3.157811    32.0732       1137     0.7890 0.0000e+00
     33.000     5.7532   3.157263    32.0772       1162     0.8063 0.0000e+00
     34.000     5.7486   3.157038    32.0785       1188     0.8245 0.0000e+00
     35.000     5.7437   3.157061    32.0829       1217     0.8442 0.0000e+00
     36.000     5.7296   3.156479    32.0893       1245     0.8642 0.0000e+00
     37.000     5.6889   3.154095    32.1007       1272     0.8829 0.0000e+00
     38.000     5.6843   3.153786    32.1011       1301     0.9026 0.0000e+00
     39.000     5.6828   3.153718    32.1014       1327     0.9211 0.0000e+00
     40.000     5.6787   3.153533    32.1026       1350     0.9370 0.0000e+00
     41.000     5.6634   3.152812    32.1086       1370     0.9510 0.0000e+00
     42.000     5.6626   3.152783    32.1085       1396     0.9689 0.0000e+00
     43.000     5.6609   3.152759    32.1094       1435     0.9956 0.0000e+00
     44.000     5.6612   3.152811    32.1092       1465     1.0168 0.0000e+00
     45.000     5.6588   3.152783    32.1107       1487     1.0322 0.0000e+00
     46.000     5.6554   3.152740    32.1129       1511     1.0486 0.0000e+00
     47.000     5.6443   3.152512    32.1205       1539     1.0684 0.0000e+00
     48.000     5.6271   3.152098    32.1318       1567     1.0878 0.0000e+00
     49.000     5.5940   3.151047    32.1510       1592     1.1048 0.0000e+00
     50.000     5.4969   3.148809    32.2182       1617     1.1225 0.0000e+00
     51.000     5.4491   3.149135    32.2673       1646     1.1424 0.0000e+00
     52.000     5.4340   3.152468    32.3191       1674     1.1621 0.0000e+00
     53.000     5.4359   3.154973    32.3452       1700     1.1797 0.0000e+00
     54.000     5.4423   3.161356    32.4110       1727     1.1986 0.0000e+00
     55.000     5.4498   3.164901    32.4435       1759     1.2211 0.0000e+00
     56.000     5.4608   3.168193    32.4697       1787     1.2404 0.0000e+00
     57.000     5.4690   3.171099    32.4943       1811     1.2570 0.0000e+00
     58.000     5.4761   3.172541    32.5032       1837     1.2748 0.0000e+00
     59.000     5.4873   3.174910    32.5187       1868     1.2968 0.0000e+00
     60.000     5.4961   3.177259    32.5365       1898     1.3172 0.0000e+00
     61.000     5.4962   3.178095    32.5453       1919     1.3318 0.0000e+00
     62.000     5.5003   3.179198    32.5534       1940     1.3465 0.0000e+00
     63.000     5.5161   3.181890    32.5681       1969     1.3667 0.0000e+00
     64.000     5.5288   3.184105    32.5803       2007     1.3928 0.0000e+00
     65.000     5.5483   3.187706    32.6017       2032     1.4104 0.0000e+00
     66.000     5.5717   3.191812    32.6250       2054     1.4254 0.0000e+00
     67.000     5.5773   3.192963    32.6322       2079     1.4431 0.0000e+00
     68.000     5.5844   3.194947    32.6472       2112     1.4660 0.0000e+00
     69.000     5.5857   3.196475    32.6627       2140     1.4851 0.0000e+00
     70.000     5.5866   3.196739    32.6644       2163     1.5014 0.0000e+00
     71.000     5.5867   3.197112    32.6680       2188     1.5190 0.0000e+00
     72.000     5.5885   3.197712    32.6726       2217     1.5390 0.0000e+00
     73.000     5.5855   3.197570    32.6733       2246     1.5590 0.0000e+00
     74.000     5.5840   3.197530    32.6739       2273     1.5779 0.0000e+00
     75.000     5.5893   3.198812    32.6827       2299     1.5959 0.0000e+00
     76.000     5.6146   3.203207    32.7074       2326     1.6148 0.0000e+00
     77.000     5.6331   3.206112    32.7217       2355     1.6348 0.0000e+00
     78.000     5.6647   3.210993    32.7457       2383     1.6539 0.0000e+00
     79.000     5.6848   3.214379    32.7639       2409     1.6722 0.0000e+00
     80.000     5.7065   3.217712    32.7800       2436     1.6911 0.0000e+00
     81.000     5.7140   3.218953    32.7862       2463     1.7096 0.0000e+00
     82.000     5.7241   3.220658    32.7951       2487     1.7266 0.0000e+00
     83.000     5.7370   3.222605    32.8040       2514     1.7449 0.0000e+00
     84.000     5.7472   3.224372    32.8135       2545     1.7667 0.0000e+00
     85.000     5.7778   3.229482    32.8409       2575     1.7872 0.0000e+00
     86.000     5.8062   3.234037    32.8641       2599     1.8040 0.0000e+00
     87.000     5.8224   3.236643    32.8771       2625     1.8219 0.0000e+00
     88.000     5.8581   3.241849    32.9005       2653     1.8418 0.0000e+00
     89.000     5.8768   3.245125    32.9186       2680     1.8607 0.0000e+00
     90.000     5.8904   3.247324    32.9296       2706     1.8785 0.0000e+00
     91.000     5.8918   3.247659    32.9315       2738     1.9006 0.0000e+00
     92.000     5.9062   3.250485    32.9487       2768     1.9212 0.0000e+00
     93.000     5.9323   3.254183    32.9644       2790     1.9372 0.0000e+00
     94.000     5.9476   3.256858    32.9790       2811     1.9515 0.0000e+00
     95.000     5.9827   3.262454    33.0070       2836     1.9690 0.0000e+00
     96.000     6.0000   3.264851    33.0166       2871     1.9932 0.0000e+00
     97.000     6.0093   3.266153    33.0216       2902     2.0148 0.0000e+00
     98.000     6.0262   3.268388    33.0297       2926     2.0313 0.0000e+00
     99.000     6.0335   3.269678    33.0366       2951     2.0487 0.0000e+00
    100.000     6.0487   3.271843    33.0455       2983     2.0711 0.0000e+00
    101.000     6.0694   3.274513    33.0547       3012     2.0911 0.0000e+00
    102.000     6.1093   3.280203    33.0790       3034     2.1059 0.0000e+00
    103.000     6.1440   3.284873    33.0969       3056     2.1217 0.0000e+00
    104.000     6.1702   3.288425    33.1105       3086     2.1424 0.0000e+00
    105.000     6.1799   3.289784    33.1158       3118     2.1648 0.0000e+00
    106.000     6.1871   3.290919    33.1209       3144     2.1829 0.0000e+00
    107.000     6.2006   3.292953    33.1300       3169     2.2003 0.0000e+00
    108.000     6.2557   3.300391    33.1587       3196     2.2191 0.0000e+00
    109.000     6.2681   3.301956    33.1636       3227     2.2400 0.0000e+00
    110.000     6.2938   3.305429    33.1768       3257     2.2609 0.0000e+00
    111.000     6.3001   3.306319    33.1800       3284     2.2796 0.0000e+00
    112.000     6.3018   3.306644    33.1815       3309     2.2974 0.0000e+00
    113.000     6.3066   3.307361    33.1843       3334     2.3143 0.0000e+00
    114.000     6.3284   3.310387    33.1962       3359     2.3318 0.0000e+00
    115.000     6.3469   3.312754    33.2040       3388     2.3520 0.0000e+00
    116.000     6.3546   3.313904    33.2089       3418     2.3727 0.0000e+00
    117.000     6.3721   3.316253    33.2174       3442     2.3897 0.0000e+00
    118.000     6.3781   3.317047    33.2199       3466     2.4061 0.0000e+00
    119.000     6.3784   3.317146    33.2202       3495     2.4264 0.0000e+00
    120.000     6.3794   3.317336    33.2208       3531     2.4511 0.0000e+00
    121.000     6.3870   3.318453    33.2253       3560     2.4716 0.0000e+00
    122.000     6.4049   3.320911    33.2347       3583     2.4873 0.0000e+00
    123.000     6.4199   3.322919    33.2419       3606     2.5037 0.0000e+00
    124.000     6.4291   3.324138    33.2460       3631     2.5206 0.0000e+00
    125.000     6.4390   3.325498    33.2510       3655     2.5373 0.0000e+00
    126.000     6.4507   3.327070    33.2565       3681     2.5559 0.0000e+00
    127.000     6.4674   3.329347    33.2649       3713     2.5775 0.0000e+00
    128.000     6.4881   3.332129    33.2752       3747     2.6011 0.0000e+00
    129.000     6.5060   3.334548    33.2841       3773     2.6193 0.0000e+00
    130.000     6.5195   3.336370    33.2906       3795     2.6349 0.0000e+00
    131.000     6.5337   3.338279    33.2974       3819     2.6517 0.0000e+00
    132.000     6.5452   3.339831    33.3028       3847     2.6707 0.0000e+00
    133.000     6.5597   3.341777    33.3098       3877     2.6919 0.0000e+00
    134.000     6.6121   3.348801    33.3359       3906     2.7116 0.0000e+00
    135.000     6.6441   3.352859    33.3491       3931     2.7292 0.0000e+00
    136.000     6.6521   3.353900    33.3523       3955     2.7455 0.0000e+00
    137.000     6.6625   3.355352    33.3577       3980     2.7633 0.0000e+00
    138.000     6.6710   3.356460    33.3612       4011     2.7846 0.0000e+00
    139.000     6.6699   3.356403    33.3611       4038     2.8038 0.0000e+00
    140.000     6.6681   3.356312    33.3614       4063     2.8208 0.0000e+00
    141.000     6.6862   3.358579    33.3683       4089     2.8387 0.0000e+00
    142.000     6.6927   3.359546    33.3721       4118     2.8591 0.0000e+00
    143.000     6.6792   3.357843    33.3660       4147     2.8790 0.0000e+00
    144.000     6.6870   3.358898    33.3696       4173     2.8973 0.0000e+00
    145.000     6.7366   3.365591    33.3945       4200     2.9161 0.0000e+00
    146.000     6.7791   3.370896    33.4111       4229     2.9361 0.0000e+00
    147.000     6.8053   3.374411    33.4238       4256     2.9546 0.0000e+00
    148.000     6.8207   3.376352    33.4297       4281     2.9719 0.0000e+00
    149.000     6.8205   3.376434    33.4302       4306     2.9894 0.0000e+00
    150.000     6.8210   3.376549    33.4305       4331     3.0073 0.0000e+00
    151.000     6.8211   3.376652    33.4311       4359     3.0262 0.0000e+00
    152.000     6.8308   3.377952    33.4354       4388     3.0467 0.0000e+00
    153.000     6.8397   3.379147    33.4395       4420     3.0687 0.0000e+00
    154.000     6.8524   3.380859    33.4453       4448     3.0879 0.0000e+00
    155.000     6.8523   3.380864    33.4451       4471     3.1040 0.0000e+00
    156.000     6.8568   3.381492    33.4471       4497     3.1219 0.0000e+00
    157.000     6.8523   3.380949    33.4450       4525     3.1416 0.0000e+00
    158.000     6.8563   3.381525    33.4470       4552     3.1606 0.0000e+00
    159.000     6.8589   3.381880    33.4478       4580     3.1796 0.0000e+00
    160.000     6.8563   3.381650    33.4474       4608     3.1994 0.0000e+00
    161.000     6.8585   3.381978    33.4483       4634     3.2177 0.0000e+00
    162.000     6.8599   3.382177    33.4487       4660     3.2352 0.0000e+00
    163.000     6.8600   3.382216    33.4485       4686     3.2535 0.0000e+00
    164.000     6.8600   3.382264    33.4486       4715     3.2738 0.0000e+00
    165.000     6.8599   3.382372    33.4493       5054     3.5090 0.0000e+00
    164.000     6.8596   3.382302    33.4493       5834     4.0505 0.0000e+00
    163.000     6.8599   3.382292    33.4494       5648     3.9219 0.0000e+00
    162.000     6.8600   3.382262    33.4495       5668     3.9353 0.0000e+00
    161.000     6.8594   3.382168    33.4495       5695     3.9541 0.0000e+00
    160.000     6.8591   3.382090    33.4494       5724     3.9744 0.0000e+00
    159.000     6.8595   3.382078    33.4495       5749     3.9914 0.0000e+00
    158.000     6.8589   3.381977    33.4494       5773     4.0083 0.0000e+00
    157.000     6.8562   3.381595    33.4483       5800     4.0272 0.0000e+00
    156.000     6.8529   3.381141    33.4470       5825     4.0446 0.0000e+00
    155.000     6.8514   3.380868    33.4459       5847     4.0599 0.0000e+00
    154.000     6.8502   3.380704    33.4459       5871     4.0764 0.0000e+00
    153.000     6.8485   3.380456    33.4452       5900     4.0965 0.0000e+00
    152.000     6.8458   3.380065    33.4440       5929     4.1168 0.0000e+00
    151.000     6.8404   3.379353    33.4420       5953     4.1334 0.0000e+00
    150.000     6.8307   3.378043    33.4376       5976     4.1494 0.0000e+00
    149.000     6.8249   3.377254    33.4350       6004     4.1686 0.0000e+00
    148.000     6.8178   3.376263    33.4315       6033     4.1886 0.0000e+00
    147.000     6.8113   3.375398    33.4288       6056     4.2049 0.0000e+00
    146.000     6.8027   3.374121    33.4236       6076     4.2190 0.0000e+00
    145.000     6.7732   3.370204    33.4097       6099     4.2349 0.0000e+00
    144.000     6.7419   3.366430    33.3992       6131     4.2568 0.0000e+00
    143.000     6.7116   3.362202    33.3825       6162     4.2785 0.0000e+00
    142.000     6.6876   3.359164    33.3728       6185     4.2943 0.0000e+00
    141.000     6.6774   3.357757    33.3677       6206     4.3092 0.0000e+00
    140.000     6.6703   3.356746    33.3640       6230     4.3255 0.0000e+00
    139.000     6.6597   3.355308    33.3590       6258     4.3453 0.0000e+00
    138.000     6.6535   3.354511    33.3567       6290     4.3674 0.0000e+00
    137.000     6.6408   3.352772    33.3503       6317     4.3865 0.0000e+00
    136.000     6.6344   3.351939    33.3479       6342     4.4035 0.0000e+00
    135.000     6.6281   3.351109    33.3453       6365     4.4195 0.0000e+00
    134.000     6.6175   3.349681    33.3404       6389     4.4361 0.0000e+00
    133.000     6.5978   3.346929    33.3296       6412     4.4524 0.0000e+00
    132.000     6.5748   3.343882    33.3188       6437     4.4694 0.0000e+00
    131.000     6.5513   3.340908    33.3094       6465     4.4889 0.0000e+00
    130.000     6.5348   3.338631    33.3007       6496     4.5101 0.0000e+00
    129.000     6.5178   3.336314    33.2921       6524     4.5301 0.0000e+00
    128.000     6.5048   3.334531    33.2854       6551     4.5484 0.0000e+00
    127.000     6.4856   3.332036    33.2771       6575     4.5653 0.0000e+00
    126.000     6.4682   3.329661    33.2681       6598     4.5812 0.0000e+00
    125.000     6.4558   3.327969    33.2620       6622     4.5976 0.0000e+00
    124.000     6.4461   3.326636    33.2572       6649     4.6167 0.0000e+00
    123.000     6.4316   3.324716    33.2504       6680     4.6383 0.0000e+00
