HB2402/ctd226.cnv
* Sea-Bird SBE 9 Data File:
* FileName = C:\cruise\data\ctd226.hex
* Software Version Seasave V 7.26.7.121
* Temperature SN = 5253
* Conductivity SN = 4421
* Number of Bytes Per Scan = 37
* Number of Voltage Words = 4
* Number of Scans Averaged by the Deck Unit = 1
* NMEA Latitude = 42 53.88 N
* NMEA Longitude = 069 44.94 W
* NMEA UTC (Time) = May 09 2024 04:10:23
* NMEA baud rate = 4800
** Ship: Bigelow HB2402
** Program:  Spring Bottom Trawl Survey
** Chief Scientist: John Galbraith
# nquan = 7
# nvalues = 405                         
# units = specified
# name 0 = depSM: Depth [salt water, m]
# name 1 = t090C: Temperature [ITS-90, deg C]
# name 2 = c0S/m: Conductivity [S/m]
# name 3 = sal00: Salinity, Practical [PSU]
# name 4 = scan: Scan Count
# name 5 = timeM: Time, Elapsed [minutes]
# name 6 = flag: flag
# span 0 =      1.000,    204.000       
# span 1 =     4.9230,     9.9219       
# span 2 =   3.047363,   3.553211       
# span 3 =    30.2298,    34.0635       
# span 4 =         43,      12873       
# span 5 =     0.0295,     8.9387       
# span 6 = 0.0000e+00, 0.0000e+00       
# interval = meters: 1                  
# start_time = May 09 2024 04:10:23 [NMEA time, header]
# bad_flag = -9.990e-29
*END*
      3.000     9.9219   3.332125    30.2298         43     0.0295 0.0000e+00
      4.000     9.8985   3.331090    30.2385        313     0.2166 0.0000e+00
      5.000     9.8672   3.329231    30.2457        380     0.2635 0.0000e+00
      6.000     9.8095   3.325726    30.2584        419     0.2900 0.0000e+00
      7.000     9.3767   3.303219    30.3956        449     0.3115 0.0000e+00
      8.000     7.9368   3.199050    30.5533        471     0.3261 0.0000e+00
      9.000     7.4217   3.156271    30.5500        490     0.3397 0.0000e+00
     10.000     7.0137   3.126942    30.5947        512     0.3545 0.0000e+00
     11.000     6.4615   3.105261    30.8529        537     0.3722 0.0000e+00
     12.000     6.6541   3.151449    31.1840        568     0.3939 0.0000e+00
     13.000     6.5665   3.155848    31.3119        606     0.4203 0.0000e+00
     14.000     6.4179   3.152070    31.4063        640     0.4437 0.0000e+00
     15.000     6.2591   3.143888    31.4620        667     0.4623 0.0000e+00
     16.000     6.2084   3.140284    31.4685        695     0.4822 0.0000e+00
     17.000     6.0265   3.128177    31.5023        725     0.5030 0.0000e+00
     18.000     5.8798   3.118043    31.5253        759     0.5262 0.0000e+00
     19.000     5.8510   3.114383    31.5108        892     0.6190 0.0000e+00
     20.000     5.6572   3.099738    31.5270        964     0.6690 0.0000e+00
     21.000     5.2859   3.069137    31.5293        997     0.6918 0.0000e+00
     22.000     5.1015   3.055070    31.5426       1030     0.7148 0.0000e+00
     23.000     5.0146   3.048262    31.5467       1057     0.7331 0.0000e+00
     24.000     5.0055   3.048476    31.5571       1082     0.7504 0.0000e+00
     25.000     5.0049   3.049172    31.5652       1113     0.7722 0.0000e+00
     26.000     4.9993   3.049699    31.5761       1146     0.7953 0.0000e+00
     27.000     5.0272   3.054674    31.6060       1172     0.8131 0.0000e+00
     28.000     5.0090   3.056834    31.6475       1194     0.8288 0.0000e+00
     29.000     5.0664   3.063245    31.6659       1217     0.8444 0.0000e+00
     30.000     5.0961   3.066824    31.6780       1241     0.8613 0.0000e+00
     31.000     5.0953   3.067164    31.6822       1272     0.8826 0.0000e+00
     32.000     5.0771   3.065994    31.6856       1306     0.9061 0.0000e+00
     33.000     5.0353   3.063382    31.6950       1332     0.9243 0.0000e+00
     34.000     5.0255   3.063304    31.7030       1353     0.9387 0.0000e+00
     35.000     5.0251   3.063431    31.7043       1374     0.9533 0.0000e+00
     36.000     5.0230   3.063417    31.7056       1400     0.9715 0.0000e+00
     37.000     5.0074   3.062531    31.7098       1432     0.9940 0.0000e+00
     38.000     4.9431   3.058356    31.7228       1462     1.0145 0.0000e+00
     39.000     4.9374   3.058593    31.7304       1487     1.0322 0.0000e+00
     40.000     4.9416   3.059834    31.7401       1514     1.0508 0.0000e+00
     41.000     4.9588   3.062737    31.7565       1543     1.0711 0.0000e+00
     42.000     4.9613   3.064031    31.7685       1570     1.0898 0.0000e+00
     43.000     4.9693   3.065138    31.7730       1595     1.1067 0.0000e+00
     44.000     4.9230   3.061648    31.7768       1616     1.1218 0.0000e+00
     45.000     4.9361   3.064120    31.7920       1638     1.1367 0.0000e+00
     46.000     4.9601   3.067810    31.8110       1667     1.1569 0.0000e+00
     47.000     5.0117   3.073306    31.8242       1707     1.1845 0.0000e+00
     48.000     5.0340   3.075937    31.8325       1734     1.2036 0.0000e+00
     49.000     5.0776   3.080603    31.8437       1755     1.2179 0.0000e+00
     50.000     5.1314   3.085893    31.8523       1776     1.2326 0.0000e+00
     51.000     5.1361   3.086668    31.8562       1803     1.2512 0.0000e+00
     52.000     5.1638   3.090367    31.8715       1834     1.2728 0.0000e+00
     53.000     5.1768   3.092202    31.8795       1860     1.2907 0.0000e+00
     54.000     5.1861   3.093440    31.8843       1884     1.3076 0.0000e+00
     55.000     5.1944   3.094526    31.8883       1911     1.3261 0.0000e+00
     56.000     5.2094   3.096600    31.8971       1940     1.3466 0.0000e+00
     57.000     5.2150   3.097506    31.9016       1969     1.3668 0.0000e+00
     58.000     5.2181   3.098035    31.9042       1996     1.3854 0.0000e+00
     59.000     5.2277   3.099386    31.9099       2022     1.4034 0.0000e+00
     60.000     5.2354   3.100735    31.9174       2047     1.4209 0.0000e+00
     61.000     5.2485   3.103365    31.9344       2072     1.4380 0.0000e+00
     62.000     5.2571   3.104875    31.9428       2095     1.4542 0.0000e+00
     63.000     5.2647   3.106531    31.9539       2119     1.4706 0.0000e+00
     64.000     5.2512   3.106716    31.9685       2147     1.4904 0.0000e+00
     65.000     5.2203   3.105679    31.9857       2184     1.5158 0.0000e+00
     66.000     5.2216   3.107201    32.0013       2218     1.5395 0.0000e+00
     67.000     5.2135   3.107138    32.0078       2242     1.5559 0.0000e+00
     68.000     5.2310   3.109353    32.0158       2262     1.5701 0.0000e+00
     69.000     5.2822   3.114880    32.0292       2282     1.5841 0.0000e+00
     70.000     5.3073   3.118171    32.0422       2306     1.6006 0.0000e+00
     71.000     5.3239   3.120417    32.0513       2336     1.6218 0.0000e+00
     72.000     5.3315   3.121549    32.0564       2367     1.6428 0.0000e+00
     73.000     5.3499   3.124299    32.0696       2391     1.6599 0.0000e+00
     74.000     5.3912   3.129943    32.0937       2415     1.6766 0.0000e+00
     75.000     5.4258   3.134445    32.1111       2447     1.6984 0.0000e+00
     76.000     5.4857   3.142476    32.1443       2483     1.7239 0.0000e+00
     77.000     5.4704   3.141687    32.1496       2509     1.7415 0.0000e+00
     78.000     5.4646   3.141245    32.1496       2528     1.7551 0.0000e+00
     79.000     5.4623   3.141937    32.1591       2548     1.7689 0.0000e+00
     80.000     5.5245   3.149305    32.1825       2573     1.7858 0.0000e+00
     81.000     5.5428   3.151591    32.1904       2603     1.8070 0.0000e+00
     82.000     5.5546   3.153136    32.1961       2631     1.8266 0.0000e+00
     83.000     5.5953   3.158510    32.2173       2657     1.8442 0.0000e+00
     84.000     5.6217   3.161511    32.2255       2684     1.8631 0.0000e+00
     85.000     5.6376   3.163464    32.2318       2714     1.8843 0.0000e+00
     86.000     5.6624   3.166884    32.2461       2746     1.9066 0.0000e+00
     87.000     5.7142   3.172622    32.2607       2775     1.9267 0.0000e+00
     88.000     5.7380   3.175113    32.2655       2801     1.9442 0.0000e+00
     89.000     5.7359   3.174997    32.2657       2822     1.9588 0.0000e+00
     90.000     5.7357   3.175149    32.2671       2842     1.9728 0.0000e+00
     91.000     5.7452   3.176343    32.2710       2864     1.9882 0.0000e+00
     92.000     5.8185   3.184681    32.2941       2892     2.0080 0.0000e+00
     93.000     5.8978   3.193934    32.3216       2927     2.0316 0.0000e+00
     94.000     5.9657   3.201894    32.3455       2958     2.0531 0.0000e+00
     95.000     5.9925   3.205435    32.3590       2981     2.0697 0.0000e+00
     96.000     6.0255   3.209386    32.3712       3004     2.0853 0.0000e+00
     97.000     6.0117   3.208130    32.3698       3029     2.1028 0.0000e+00
     98.000     6.0390   3.213146    32.3993       3062     2.1257 0.0000e+00
     99.000     6.1994   3.230977    32.4445       3095     2.1483 0.0000e+00
    100.000     6.2982   3.242583    32.4787       3119     2.1655 0.0000e+00
    101.000     6.3581   3.249586    32.4988       3142     2.1811 0.0000e+00
    102.000     6.4025   3.255462    32.5211       3165     2.1973 0.0000e+00
    103.000     6.4809   3.265115    32.5527       3190     2.2148 0.0000e+00
    104.000     6.5199   3.269542    32.5639       3217     2.2333 0.0000e+00
    105.000     6.5208   3.269785    32.5653       3244     2.2518 0.0000e+00
    106.000     6.5717   3.276419    32.5895       3271     2.2707 0.0000e+00
    107.000     6.6346   3.284184    32.6147       3302     2.2921 0.0000e+00
    108.000     6.6918   3.291539    32.6406       3335     2.3152 0.0000e+00
    109.000     6.7187   3.295636    32.6596       3360     2.3325 0.0000e+00
    110.000     6.7360   3.298170    32.6705       3379     2.3460 0.0000e+00
    111.000     6.7475   3.299882    32.6778       3398     2.3591 0.0000e+00
    112.000     6.7544   3.300908    32.6821       3422     2.3755 0.0000e+00
    113.000     6.7633   3.302173    32.6870       3460     2.4023 0.0000e+00
    114.000     6.7676   3.302910    32.6905       3500     2.4301 0.0000e+00
    115.000     6.7771   3.304423    32.6976       3526     2.4481 0.0000e+00
    116.000     6.7807   3.305010    32.7002       3548     2.4634 0.0000e+00
    117.000     6.7811   3.305159    32.7009       3568     2.4770 0.0000e+00
    118.000     6.7849   3.305839    32.7043       3587     2.4903 0.0000e+00
    119.000     6.7884   3.306471    32.7074       3607     2.5040 0.0000e+00
    120.000     6.7943   3.307573    32.7134       3631     2.5211 0.0000e+00
    121.000     6.8107   3.311418    32.7395       3669     2.5475 0.0000e+00
    122.000     6.9769   3.333260    32.8196       3708     2.5744 0.0000e+00
    123.000     6.9916   3.336368    32.8390       3736     2.5937 0.0000e+00
    124.000     7.0374   3.342425    32.8610       3761     2.6112 0.0000e+00
    125.000     7.1512   3.356469    32.9052       3785     2.6278 0.0000e+00
    126.000     7.2242   3.368098    32.9615       3807     2.6429 0.0000e+00
    127.000     7.2943   3.379236    33.0150       3828     2.6578 0.0000e+00
    128.000     7.3774   3.392416    33.0782       3851     2.6737 0.0000e+00
    129.000     7.4076   3.397619    33.1052       3882     2.6951 0.0000e+00
    130.000     7.4729   3.410175    33.1781       3917     2.7194 0.0000e+00
    131.000     7.5129   3.418020    33.2241       3943     2.7374 0.0000e+00
    132.000     7.5098   3.418618    33.2330       3964     2.7523 0.0000e+00
    133.000     7.5061   3.418897    33.2391       3987     2.7681 0.0000e+00
    134.000     7.5048   3.419431    33.2457       4016     2.7881 0.0000e+00
    135.000     7.5075   3.420617    33.2554       4049     2.8108 0.0000e+00
    136.000     7.5544   3.429922    33.3104       4077     2.8303 0.0000e+00
    137.000     7.6357   3.443789    33.3814       4102     2.8478 0.0000e+00
    138.000     7.6683   3.449476    33.4109       4128     2.8662 0.0000e+00
    139.000     7.7199   3.459255    33.4661       4157     2.8858 0.0000e+00
    140.000     7.7336   3.461696    33.4787       4182     2.9033 0.0000e+00
    141.000     7.7496   3.464930    33.4976       4203     2.9182 0.0000e+00
    142.000     7.7935   3.473171    33.5434       4224     2.9327 0.0000e+00
    143.000     7.8135   3.476316    33.5575       4247     2.9488 0.0000e+00
    144.000     7.8175   3.477445    33.5652       4274     2.9671 0.0000e+00
    145.000     7.8326   3.480677    33.5849       4308     2.9908 0.0000e+00
    146.000     7.8531   3.484608    33.6069       4345     3.0166 0.0000e+00
    147.000     7.8612   3.485978    33.6133       4376     3.0381 0.0000e+00
    148.000     7.8731   3.488163    33.6248       4401     3.0556 0.0000e+00
    149.000     7.8915   3.492151    33.6494       4424     3.0715 0.0000e+00
    150.000     7.9107   3.496654    33.6786       4445     3.0863 0.0000e+00
    151.000     7.9230   3.499826    33.7002       4465     3.1002 0.0000e+00
    152.000     7.9336   3.502360    33.7166       4485     3.1142 0.0000e+00
    153.000     7.9387   3.503616    33.7247       4509     3.1305 0.0000e+00
    154.000     7.9431   3.504638    33.7309       4541     3.1524 0.0000e+00
    155.000     7.9478   3.505608    33.7362       4582     3.1810 0.0000e+00
    156.000     7.9540   3.506869    33.7433       4616     3.2049 0.0000e+00
    157.000     7.9602   3.508184    33.7509       4640     3.2216 0.0000e+00
    158.000     7.9678   3.509745    33.7598       4661     3.2364 0.0000e+00
    159.000     7.9809   3.512469    33.7758       4682     3.2505 0.0000e+00
    160.000     7.9874   3.513434    33.7794       4703     3.2652 0.0000e+00
    161.000     7.9945   3.514787    33.7866       4726     3.2809 0.0000e+00
    162.000     8.0057   3.517210    33.8012       4750     3.2976 0.0000e+00
    163.000     8.0033   3.517480    33.8059       4779     3.3178 0.0000e+00
    164.000     7.9998   3.517595    33.8100       4813     3.3419 0.0000e+00
    165.000     8.0005   3.518232    33.8156       4848     3.3659 0.0000e+00
    166.000     8.0018   3.518981    33.8219       4880     3.3881 0.0000e+00
    167.000     8.0004   3.519335    33.8265       4905     3.4053 0.0000e+00
    168.000     7.9961   3.519437    33.8313       4925     3.4192 0.0000e+00
    169.000     8.0067   3.521678    33.8446       4943     3.4323 0.0000e+00
    170.000     8.0207   3.523673    33.8519       4964     3.4464 0.0000e+00
    171.000     8.0465   3.527469    33.8670       4991     3.4650 0.0000e+00
    172.000     8.0705   3.531195    33.8832       5024     3.4881 0.0000e+00
    173.000     8.0896   3.534895    33.9037       5053     3.5081 0.0000e+00
    174.000     8.1000   3.537150    33.9173       5077     3.5249 0.0000e+00
    175.000     8.1029   3.538508    33.9284       5102     3.5421 0.0000e+00
    176.000     8.1054   3.539603    33.9372       5130     3.5621 0.0000e+00
    177.000     8.1092   3.540733    33.9451       5165     3.5859 0.0000e+00
    178.000     8.1154   3.541936    33.9514       5196     3.6078 0.0000e+00
    179.000     8.1278   3.544130    33.9624       5220     3.6243 0.0000e+00
    180.000     8.1270   3.544814    33.9699       5240     3.6383 0.0000e+00
    181.000     8.1162   3.543924    33.9704       5259     3.6513 0.0000e+00
    182.000     8.1070   3.543392    33.9732       5279     3.6653 0.0000e+00
    183.000     8.1153   3.544750    33.9791       5304     3.6825 0.0000e+00
    184.000     8.1194   3.545281    33.9804       5337     3.7057 0.0000e+00
    185.000     8.1218   3.545736    33.9824       5372     3.7302 0.0000e+00
    186.000     8.1269   3.546632    33.9866       5399     3.7485 0.0000e+00
    187.000     8.1204   3.546792    33.9941       5424     3.7657 0.0000e+00
    188.000     8.1060   3.546746    34.0071       5452     3.7854 0.0000e+00
    189.000     8.1066   3.547728    34.0164       5482     3.8062 0.0000e+00
    190.000     8.1077   3.548031    34.0182       5507     3.8237 0.0000e+00
    191.000     8.1093   3.548465    34.0208       5529     3.8390 0.0000e+00
    192.000     8.1109   3.549088    34.0254       5551     3.8539 0.0000e+00
    193.000     8.1108   3.549367    34.0279       5573     3.8696 0.0000e+00
    194.000     8.1113   3.550011    34.0339       5600     3.8882 0.0000e+00
    195.000     8.1102   3.550500    34.0397       5633     3.9112 0.0000e+00
    196.000     8.1126   3.551055    34.0428       5666     3.9340 0.0000e+00
    197.000     8.1140   3.551421    34.0449       5692     3.9523 0.0000e+00
    198.000     8.1159   3.551939    34.0481       5713     3.9663 0.0000e+00
    199.000     8.1150   3.552521    34.0546       5733     3.9807 0.0000e+00
    200.000     8.1135   3.552821    34.0589       5757     3.9973 0.0000e+00
    201.000     8.1130   3.552938    34.0601       5795     4.0234 0.0000e+00
    202.000     8.1128   3.553023    34.0607       5831     4.0485 0.0000e+00
    203.000     8.1115   3.553159    34.0630       5861     4.0696 0.0000e+00
    204.000     8.1110   3.553211    34.0635       5968     4.1439 0.0000e+00
    203.000     8.1115   3.553149    34.0629       6429     4.4642 0.0000e+00
    202.000     8.1119   3.553051    34.0620       6560     4.5547 0.0000e+00
    201.000     8.1127   3.552933    34.0604       6603     4.5851 0.0000e+00
