HB2402/ctd211.cnv
* Sea-Bird SBE 9 Data File:
* FileName = C:\cruise\data\ctd211.hex
* Software Version Seasave V 7.26.7.121
* Temperature SN = 5253
* Conductivity SN = 4421
* Number of Bytes Per Scan = 37
* Number of Voltage Words = 4
* Number of Scans Averaged by the Deck Unit = 1
* NMEA Latitude = 43 42.51 N
* NMEA Longitude = 066 52.59 W
* NMEA UTC (Time) = May 06 2024 01:17:31
* NMEA baud rate = 4800
** Ship: Bigelow HB2402
** Program:  Spring Bottom Trawl Survey
** Chief Scientist: John Galbraith
# nquan = 7
# nvalues = 301                         
# units = specified
# name 0 = depSM: Depth [salt water, m]
# name 1 = t090C: Temperature [ITS-90, deg C]
# name 2 = c0S/m: Conductivity [S/m]
# name 3 = sal00: Salinity, Practical [PSU]
# name 4 = scan: Scan Count
# name 5 = timeM: Time, Elapsed [minutes]
# name 6 = flag: flag
# span 0 =      1.000,    152.000       
# span 1 =     4.9964,     5.8875       
# span 2 =   3.085389,   3.247147       
# span 3 =    31.6776,    32.9325       
# span 4 =        -62,       9663       
# span 5 =    -0.0436,     6.7095       
# span 6 = 0.0000e+00, 0.0000e+00       
# interval = meters: 1                  
# start_time = May 06 2024 01:17:31 [NMEA time, header]
# bad_flag = -9.990e-29
*END*
[from data line 206]
     95.000     5.6364   3.211830    32.7742       6715     4.6624 0.0000e+00
     94.000     5.6252   3.210024    32.7652       6743     4.6822 0.0000e+00
     93.000     5.6106   3.207721    32.7539       6771     4.7015 0.0000e+00
     92.000     5.5995   3.205977    32.7454       6798     4.7199 0.0000e+00
     91.000     5.5931   3.204857    32.7395       6825     4.7389 0.0000e+00
     90.000     5.5896   3.204242    32.7364       6855     4.7598 0.0000e+00
     89.000     5.5879   3.203940    32.7352       6885     4.7806 0.0000e+00
     88.000     5.5797   3.202607    32.7286       6912     4.7992 0.0000e+00
     87.000     5.5715   3.201177    32.7208       6940     4.8185 0.0000e+00
     86.000     5.5616   3.199493    32.7118       6973     4.8413 0.0000e+00
     85.000     5.5518   3.197931    32.7041       7003     4.8623 0.0000e+00
     84.000     5.5456   3.196806    32.6980       7030     4.8809 0.0000e+00
     83.000     5.5365   3.195304    32.6903       7056     4.8991 0.0000e+00
     82.000     5.5315   3.194493    32.6865       7082     4.9173 0.0000e+00
     81.000     5.5251   3.193549    32.6825       7109     4.9363 0.0000e+00
     80.000     5.5228   3.193202    32.6812       7138     4.9564 0.0000e+00
     79.000     5.5222   3.193089    32.6811       7168     4.9769 0.0000e+00
     78.000     5.5183   3.192384    32.6774       7199     4.9983 0.0000e+00
     77.000     5.4897   3.187552    32.6509       7229     5.0196 0.0000e+00
     76.000     5.4702   3.184247    32.6328       7257     5.0385 0.0000e+00
     75.000     5.4608   3.182589    32.6236       7282     5.0560 0.0000e+00
     74.000     5.4528   3.181184    32.6159       7308     5.0745 0.0000e+00
     73.000     5.4458   3.180030    32.6101       7340     5.0968 0.0000e+00
     72.000     5.4377   3.178723    32.6037       7371     5.1179 0.0000e+00
     71.000     5.4281   3.177135    32.5954       7398     5.1371 0.0000e+00
     70.000     5.4213   3.175974    32.5894       7427     5.1571 0.0000e+00
     69.000     5.4169   3.175181    32.5852       7454     5.1756 0.0000e+00
     68.000     5.4117   3.174221    32.5798       7480     5.1938 0.0000e+00
     67.000     5.4081   3.173517    32.5758       7510     5.2147 0.0000e+00
     66.000     5.4041   3.172767    32.5716       7542     5.2367 0.0000e+00
     65.000     5.4010   3.172205    32.5688       7570     5.2562 0.0000e+00
     64.000     5.3939   3.171022    32.5627       7598     5.2756 0.0000e+00
     63.000     5.3828   3.169266    32.5540       7626     5.2949 0.0000e+00
     62.000     5.3655   3.166664    32.5417       7654     5.3144 0.0000e+00
     61.000     5.3474   3.164345    32.5334       7682     5.3342 0.0000e+00
     60.000     5.3339   3.162375    32.5246       7710     5.3535 0.0000e+00
     59.000     5.3202   3.159817    32.5092       7740     5.3741 0.0000e+00
     58.000     5.2906   3.155875    32.4936       7772     5.3962 0.0000e+00
     57.000     5.2775   3.154204    32.4878       7800     5.4163 0.0000e+00
     56.000     5.2694   3.153173    32.4843       7826     5.4339 0.0000e+00
     55.000     5.2581   3.151852    32.4808       7850     5.4506 0.0000e+00
     54.000     5.2502   3.150951    32.4786       7876     5.4691 0.0000e+00
     53.000     5.2429   3.150104    32.4766       7904     5.4880 0.0000e+00
     52.000     5.2336   3.148900    32.4723       7933     5.5081 0.0000e+00
     51.000     5.1859   3.141874    32.4388       7967     5.5318 0.0000e+00
     50.000     5.1263   3.132751    32.3929       7999     5.5541 0.0000e+00
     49.000     5.1049   3.128686    32.3677       8024     5.5714 0.0000e+00
     48.000     5.1024   3.127955    32.3622       8049     5.5886 0.0000e+00
     47.000     5.0985   3.126949    32.3550       8077     5.6082 0.0000e+00
     46.000     5.0900   3.124223    32.3325       8104     5.6272 0.0000e+00
     45.000     5.0829   3.120782    32.3004       8132     5.6468 0.0000e+00
     44.000     5.0599   3.115706    32.2650       8161     5.6670 0.0000e+00
     43.000     5.0280   3.109523    32.2255       8188     5.6856 0.0000e+00
     42.000     5.0205   3.107060    32.2051       8215     5.7039 0.0000e+00
     41.000     5.0251   3.104838    32.1757       8242     5.7232 0.0000e+00
     40.000     5.0299   3.103799    32.1596       8272     5.7440 0.0000e+00
     39.000     5.0318   3.102879    32.1477       8302     5.7649 0.0000e+00
     38.000     5.0325   3.102265    32.1405       8329     5.7835 0.0000e+00
     37.000     5.0401   3.102513    32.1365       8355     5.8013 0.0000e+00
     36.000     5.0604   3.103847    32.1327       8381     5.8196 0.0000e+00
     35.000     5.0956   3.106234    32.1266       8407     5.8378 0.0000e+00
     34.000     5.1590   3.110618    32.1163       8434     5.8562 0.0000e+00
     33.000     5.2028   3.113935    32.1125       8462     5.8757 0.0000e+00
     32.000     5.2081   3.113857    32.1070       8490     5.8949 0.0000e+00
     31.000     5.1843   3.111214    32.1002       8517     5.9139 0.0000e+00
     30.000     5.1482   3.107610    32.0943       8545     5.9331 0.0000e+00
     29.000     5.1331   3.105869    32.0893       8572     5.9520 0.0000e+00
     28.000     5.1127   3.103843    32.0864       8598     5.9704 0.0000e+00
     27.000     5.1044   3.102964    32.0847       8624     5.9879 0.0000e+00
     26.000     5.1000   3.102291    32.0818       8650     6.0064 0.0000e+00
     25.000     5.0869   3.099910    32.0676       8679     6.0267 0.0000e+00
     24.000     5.0668   3.096824    32.0521       8706     6.0454 0.0000e+00
     23.000     5.0558   3.095120    32.0437       8731     6.0626 0.0000e+00
     22.000     5.0439   3.093401    32.0359       8757     6.0802 0.0000e+00
     21.000     5.0391   3.092467    32.0303       8784     6.0990 0.0000e+00
     20.000     5.0374   3.091337    32.0195       8810     6.1177 0.0000e+00
     19.000     5.0289   3.088912    32.0004       8836     6.1358 0.0000e+00
     18.000     5.0263   3.087198    31.9837       8864     6.1549 0.0000e+00
     17.000     5.0430   3.085389    31.9475       8893     6.1748 0.0000e+00
     16.000     5.1311   3.088689    31.9015       8920     6.1934 0.0000e+00
     15.000     5.2830   3.097855    31.8615       8944     6.2104 0.0000e+00
     14.000     5.5097   3.111438    31.8008       8967     6.2263 0.0000e+00
     13.000     5.6651   3.120416    31.7557       8990     6.2425 0.0000e+00
     12.000     5.7598   3.125321    31.7221       9016     6.2608 0.0000e+00
     11.000     5.7961   3.127535    31.7133       9046     6.2809 0.0000e+00
     10.000     5.8382   3.130047    31.7025       9073     6.2998 0.0000e+00
      9.000     5.8648   3.131668    31.6962       9098     6.3171 0.0000e+00
      8.000     5.8794   3.132718    31.6947       9122     6.3342 0.0000e+00
      7.000     5.8846   3.132993    31.6934       9147     6.3514 0.0000e+00
      6.000     5.8857   3.133123    31.6943       9172     6.3690 0.0000e+00
      5.000     5.8875   3.133289    31.6949       9202     6.3895 0.0000e+00
      4.000     5.8845   3.133082    31.6959       9227     6.4068 0.0000e+00
      3.000     5.8843   3.133053    31.6963       9247     6.4205 0.0000e+00
      2.000     5.8871   3.133434    31.6984       9622     6.6816 0.0000e+00
      1.000     5.8868   3.133384    31.6986       9663     6.7095 0.0000e+00
