HB2402/ctd204.cnv
* Sea-Bird SBE 9 Data File:
* FileName = C:\cruise\data\ctd204.hex
* Software Version Seasave V 7.26.7.121
* Temperature SN = 5253
* Conductivity SN = 4421
* Number of Bytes Per Scan = 37
* Number of Voltage Words = 4
* Number of Scans Averaged by the Deck Unit = 1
* NMEA Latitude = 43 05.45 N
* NMEA Longitude = 067 51.67 W
* NMEA UTC (Time) = May 04 2024 18:08:38
* NMEA baud rate = 4800
** Ship: Bigelow HB2402
** Program:  Spring Bottom Trawl Survey
** Chief Scientist: John Galbraith
# nquan = 7
# nvalues = 369                         
# units = specified
# name 0 = depSM: Depth [salt water, m]
# name 1 = t090C: Temperature [ITS-90, deg C]
# name 2 = c0S/m: Conductivity [S/m]
# name 3 = sal00: Salinity, Practical [PSU]
# name 4 = scan: Scan Count
# name 5 = timeM: Time, Elapsed [minutes]
# name 6 = flag: flag
# span 0 =      1.000,    186.000       
# span 1 =     5.1177,     7.5485       
# span 2 =   3.103982,   3.490696       
# span 3 =    31.7229,    33.9497       
# span 4 =         27,      10621       
# span 5 =     0.0182,     7.3751       
# span 6 = 0.0000e+00, 0.0000e+00       
# interval = meters: 1                  
# start_time = May 04 2024 18:08:38 [NMEA time, header]
# bad_flag = -9.990e-29
*END*
      3.000     7.3757   3.264430    31.7561         27     0.0182 0.0000e+00
      4.000     7.3762   3.264001    31.7505        125     0.0864 0.0000e+00
      5.000     7.3759   3.264055    31.7509        171     0.1182 0.0000e+00
      6.000     7.3765   3.264131    31.7507        195     0.1347 0.0000e+00
      7.000     7.3776   3.264254    31.7506        230     0.1589 0.0000e+00
      8.000     7.3607   3.262984    31.7520        260     0.1800 0.0000e+00
      9.000     7.3394   3.261222    31.7520        281     0.1947 0.0000e+00
     10.000     7.3180   3.259495    31.7526        304     0.2102 0.0000e+00
     11.000     7.3080   3.258671    31.7524        334     0.2310 0.0000e+00
     12.000     7.2884   3.257090    31.7528        364     0.2519 0.0000e+00
     13.000     7.2708   3.255656    31.7530        386     0.2671 0.0000e+00
     14.000     7.2459   3.253624    31.7535        408     0.2826 0.0000e+00
     15.000     7.2012   3.249815    31.7529        437     0.3027 0.0000e+00
     16.000     7.1998   3.249653    31.7520        471     0.3263 0.0000e+00
     17.000     7.1950   3.249226    31.7513        499     0.3460 0.0000e+00
     18.000     7.1657   3.246743    31.7508        520     0.3601 0.0000e+00
     19.000     7.1580   3.246115    31.7507        538     0.3732 0.0000e+00
     20.000     7.1576   3.246074    31.7501        560     0.3882 0.0000e+00
     21.000     7.1605   3.246296    31.7494        597     0.4142 0.0000e+00
     22.000     7.1635   3.246573    31.7491        640     0.4436 0.0000e+00
     23.000     7.1595   3.246276    31.7492        662     0.4587 0.0000e+00
     24.000     7.1555   3.245936    31.7487        680     0.4715 0.0000e+00
     25.000     7.1485   3.245437    31.7493        699     0.4846 0.0000e+00
     26.000     7.1314   3.243915    31.7481        723     0.5015 0.0000e+00
     27.000     7.0521   3.237229    31.7480        760     0.5274 0.0000e+00
     28.000     6.8857   3.222890    31.7449        792     0.5493 0.0000e+00
     29.000     6.7290   3.209930    31.7477        814     0.5646 0.0000e+00
     30.000     6.5927   3.198118    31.7440        836     0.5800 0.0000e+00
     31.000     6.4304   3.184881    31.7486        864     0.5996 0.0000e+00
     32.000     6.2951   3.173883    31.7526        901     0.6249 0.0000e+00
     33.000     6.1586   3.163140    31.7605        929     0.6442 0.0000e+00
     34.000     6.0029   3.151571    31.7770        950     0.6591 0.0000e+00
     35.000     5.9245   3.145752    31.7851        973     0.6747 0.0000e+00
     36.000     5.8519   3.139584    31.7838       1000     0.6941 0.0000e+00
     37.000     5.7983   3.135025    31.7827       1031     0.7156 0.0000e+00
     38.000     5.7227   3.128737    31.7828       1057     0.7335 0.0000e+00
     39.000     5.6227   3.122595    31.8076       1080     0.7495 0.0000e+00
     40.000     5.5792   3.121014    31.8304       1108     0.7689 0.0000e+00
     41.000     5.5516   3.119324    31.8370       1144     0.7940 0.0000e+00
     42.000     5.5348   3.118694    31.8453       1174     0.8144 0.0000e+00
     43.000     5.5202   3.117889    31.8495       1197     0.8303 0.0000e+00
     44.000     5.5053   3.116830    31.8512       1219     0.8459 0.0000e+00
     45.000     5.4964   3.116272    31.8528       1245     0.8639 0.0000e+00
     46.000     5.4850   3.115641    31.8561       1274     0.8839 0.0000e+00
     47.000     5.4838   3.115803    31.8585       1301     0.9030 0.0000e+00
     48.000     5.4897   3.116743    31.8630       1327     0.9208 0.0000e+00
     49.000     5.4849   3.116519    31.8645       1354     0.9395 0.0000e+00
     50.000     5.4705   3.115585    31.8672       1386     0.9619 0.0000e+00
     51.000     5.4626   3.115070    31.8684       1416     0.9823 0.0000e+00
     52.000     5.4488   3.114232    31.8715       1437     0.9975 0.0000e+00
     53.000     5.4325   3.113405    31.8771       1461     1.0138 0.0000e+00
     54.000     5.3996   3.112440    31.8969       1490     1.0341 0.0000e+00
     55.000     5.3883   3.111913    31.9012       1523     1.0571 0.0000e+00
     56.000     5.3737   3.111176    31.9063       1550     1.0756 0.0000e+00
     57.000     5.3584   3.110965    31.9179       1572     1.0907 0.0000e+00
     58.000     5.3512   3.110923    31.9238       1595     1.1069 0.0000e+00
     59.000     5.3306   3.110073    31.9334       1624     1.1273 0.0000e+00
     60.000     5.3083   3.109218    31.9444       1658     1.1510 0.0000e+00
     61.000     5.2952   3.109004    31.9539       1685     1.1697 0.0000e+00
     62.000     5.2813   3.108921    31.9658       1709     1.1858 0.0000e+00
     63.000     5.2601   3.108079    31.9760       1731     1.2015 0.0000e+00
     64.000     5.2619   3.108846    31.9825       1762     1.2227 0.0000e+00
     65.000     5.2490   3.108062    31.9854       1793     1.2442 0.0000e+00
     66.000     5.2118   3.105756    31.9941       1817     1.2612 0.0000e+00
     67.000     5.1895   3.104742    32.0035       1840     1.2773 0.0000e+00
     68.000     5.1889   3.105337    32.0103       1870     1.2979 0.0000e+00
     69.000     5.1907   3.106394    32.0202       1902     1.3204 0.0000e+00
     70.000     5.1760   3.106503    32.0350       1927     1.3373 0.0000e+00
     71.000     5.1557   3.105792    32.0459       1950     1.3534 0.0000e+00
     72.000     5.1379   3.105260    32.0564       1977     1.3719 0.0000e+00
     73.000     5.1321   3.105425    32.0633       2004     1.3913 0.0000e+00
     74.000     5.1341   3.106158    32.0693       2030     1.4091 0.0000e+00
     75.000     5.1353   3.106399    32.0704       2056     1.4274 0.0000e+00
     76.000     5.1349   3.106599    32.0726       2086     1.4477 0.0000e+00
     77.000     5.1322   3.107668    32.0868       2116     1.4685 0.0000e+00
     78.000     5.1311   3.108024    32.0915       2143     1.4878 0.0000e+00
     79.000     5.1304   3.107939    32.0907       2169     1.5058 0.0000e+00
     80.000     5.1429   3.110255    32.1047       2193     1.5223 0.0000e+00
     81.000     5.2271   3.122241    32.1600       2220     1.5412 0.0000e+00
     82.000     5.4729   3.157564    32.3244       2250     1.5616 0.0000e+00
     83.000     5.6482   3.180682    32.4168       2276     1.5797 0.0000e+00
     84.000     5.7258   3.190908    32.4570       2300     1.5964 0.0000e+00
     85.000     5.7642   3.196089    32.4779       2324     1.6129 0.0000e+00
     86.000     5.8441   3.206717    32.5200       2351     1.6321 0.0000e+00
     87.000     5.9189   3.216223    32.5543       2385     1.6554 0.0000e+00
     88.000     5.9735   3.223071    32.5780       2416     1.6769 0.0000e+00
     89.000     6.0513   3.232975    32.6135       2440     1.6940 0.0000e+00
     90.000     6.1832   3.249079    32.6660       2464     1.7105 0.0000e+00
     91.000     6.2439   3.256468    32.6894       2489     1.7280 0.0000e+00
     92.000     6.2719   3.260370    32.7054       2517     1.7475 0.0000e+00
     93.000     6.2997   3.264299    32.7219       2545     1.7664 0.0000e+00
     94.000     6.3189   3.267382    32.7372       2568     1.7828 0.0000e+00
     95.000     6.3511   3.271982    32.7569       2592     1.7990 0.0000e+00
     96.000     6.3786   3.275798    32.7723       2620     1.8189 0.0000e+00
     97.000     6.4027   3.278953    32.7836       2654     1.8422 0.0000e+00
     98.000     6.4115   3.280367    32.7904       2681     1.8612 0.0000e+00
     99.000     6.4355   3.283826    32.8051       2705     1.8779 0.0000e+00
    100.000     6.4417   3.284707    32.8084       2729     1.8942 0.0000e+00
    101.000     6.4542   3.286545    32.8163       2755     1.9125 0.0000e+00
    102.000     6.4695   3.288756    32.8256       2785     1.9331 0.0000e+00
    103.000     6.4890   3.291465    32.8363       2811     1.9516 0.0000e+00
    104.000     6.4925   3.291983    32.8382       2836     1.9688 0.0000e+00
    105.000     6.4960   3.292562    32.8408       2862     1.9869 0.0000e+00
    106.000     6.4991   3.293053    32.8427       2890     2.0065 0.0000e+00
    107.000     6.5006   3.293346    32.8440       2917     2.0250 0.0000e+00
    108.000     6.5056   3.294204    32.8482       2941     2.0418 0.0000e+00
    109.000     6.5155   3.295796    32.8558       2968     2.0608 0.0000e+00
    110.000     6.5233   3.297120    32.8624       2999     2.0821 0.0000e+00
    111.000     6.5327   3.298833    32.8718       3028     2.1019 0.0000e+00
    112.000     6.5401   3.300127    32.8786       3054     2.1200 0.0000e+00
    113.000     6.5593   3.303577    32.8977       3078     2.1371 0.0000e+00
    114.000     6.6436   3.315667    32.9495       3103     2.1539 0.0000e+00
    115.000     6.7039   3.323827    32.9809       3128     2.1717 0.0000e+00
    116.000     6.7583   3.331230    33.0096       3157     2.1915 0.0000e+00
    117.000     6.8210   3.339517    33.0398       3186     2.2117 0.0000e+00
    118.000     6.8352   3.341757    33.0502       3213     2.2307 0.0000e+00
    119.000     6.9124   3.351679    33.0843       3239     2.2485 0.0000e+00
    120.000     6.9217   3.352900    33.0882       3264     2.2663 0.0000e+00
    121.000     6.9440   3.356024    33.1005       3294     2.2871 0.0000e+00
    122.000     6.9789   3.360846    33.1192       3327     2.3095 0.0000e+00
    123.000     6.9952   3.363354    33.1304       3352     2.3270 0.0000e+00
    124.000     7.0058   3.365240    33.1405       3373     2.3417 0.0000e+00
    125.000     7.0113   3.366623    33.1498       3395     2.3567 0.0000e+00
    126.000     7.0149   3.367557    33.1560       3421     2.3749 0.0000e+00
    127.000     7.0143   3.367815    33.1590       3453     2.3973 0.0000e+00
    128.000     7.0098   3.367848    33.1632       3481     2.4169 0.0000e+00
    129.000     7.0031   3.368039    33.1712       3505     2.4332 0.0000e+00
    130.000     7.0013   3.368273    33.1750       3531     2.4512 0.0000e+00
    131.000     6.9967   3.368521    33.1816       3562     2.4729 0.0000e+00
    132.000     6.9947   3.368715    33.1852       3591     2.4932 0.0000e+00
    133.000     6.9883   3.369446    33.1989       3615     2.5094 0.0000e+00
    134.000     6.9839   3.369975    33.2085       3636     2.5245 0.0000e+00
    135.000     6.9587   3.371204    33.2457       3661     2.5415 0.0000e+00
    136.000     6.9499   3.374467    33.2895       3690     2.5620 0.0000e+00
    137.000     6.9839   3.381548    33.3336       3720     2.5826 0.0000e+00
    138.000     7.0461   3.391926    33.3864       3746     2.6004 0.0000e+00
    139.000     7.0985   3.399981    33.4232       3771     2.6180 0.0000e+00
    140.000     7.1759   3.410153    33.4587       3797     2.6363 0.0000e+00
    141.000     7.2337   3.417949    33.4871       3827     2.6566 0.0000e+00
    142.000     7.2418   3.419575    33.4965       3858     2.6788 0.0000e+00
    143.000     7.1818   3.414461    33.4984       3885     2.6972 0.0000e+00
    144.000     7.1725   3.413805    33.4998       3907     2.7123 0.0000e+00
    145.000     7.1572   3.412462    33.4996       3928     2.7272 0.0000e+00
    146.000     7.1364   3.410899    33.5023       3953     2.7443 0.0000e+00
    147.000     7.1252   3.410944    33.5130       3983     2.7650 0.0000e+00
    148.000     7.1226   3.411881    33.5253       4014     2.7868 0.0000e+00
    149.000     7.1415   3.415332    33.5441       4041     2.8058 0.0000e+00
    150.000     7.1542   3.418045    33.5609       4067     2.8238 0.0000e+00
    151.000     7.1674   3.420584    33.5753       4095     2.8432 0.0000e+00
    152.000     7.1875   3.424981    33.6033       4122     2.8619 0.0000e+00
    153.000     7.2036   3.428899    33.6297       4146     2.8783 0.0000e+00
    154.000     7.2122   3.430622    33.6397       4170     2.8954 0.0000e+00
    155.000     7.2173   3.431452    33.6433       4202     2.9174 0.0000e+00
    156.000     7.2183   3.431684    33.6444       4233     2.9386 0.0000e+00
    157.000     7.2181   3.431817    33.6455       4254     2.9533 0.0000e+00
    158.000     7.2197   3.432089    33.6464       4273     2.9666 0.0000e+00
    159.000     7.2206   3.432224    33.6465       4296     2.9828 0.0000e+00
    160.000     7.2249   3.432849    33.6487       4334     3.0093 0.0000e+00
    161.000     7.2270   3.433151    33.6495       4371     3.0347 0.0000e+00
    162.000     7.2262   3.433139    33.6496       4393     3.0502 0.0000e+00
    163.000     7.2295   3.433566    33.6506       4414     3.0648 0.0000e+00
    164.000     7.2327   3.434103    33.6528       4439     3.0822 0.0000e+00
    165.000     7.2340   3.434464    33.6550       4474     3.1059 0.0000e+00
    166.000     7.2352   3.434904    33.6581       4503     3.1264 0.0000e+00
    167.000     7.2375   3.435597    33.6629       4524     3.1407 0.0000e+00
    168.000     7.2398   3.436214    33.6670       4543     3.1542 0.0000e+00
    169.000     7.2442   3.437361    33.6746       4566     3.1704 0.0000e+00
    170.000     7.2464   3.437851    33.6773       4606     3.1977 0.0000e+00
    171.000     7.2512   3.439088    33.6857       4644     3.2243 0.0000e+00
    172.000     7.3106   3.451178    33.7588       4667     3.2401 0.0000e+00
    173.000     7.3738   3.460878    33.8021       4685     3.2530 0.0000e+00
    174.000     7.4246   3.468867    33.8387       4706     3.2674 0.0000e+00
    175.000     7.4313   3.469913    33.8431       4734     3.2866 0.0000e+00
    176.000     7.4445   3.472209    33.8546       4773     3.3137 0.0000e+00
    177.000     7.4585   3.474548    33.8658       4800     3.3323 0.0000e+00
    178.000     7.4827   3.478105    33.8803       4820     3.3467 0.0000e+00
    179.000     7.5237   3.484828    33.9125       4842     3.3620 0.0000e+00
    180.000     7.5364   3.487606    33.9297       4877     3.3864 0.0000e+00
    181.000     7.5407   3.488678    33.9366       4913     3.4111 0.0000e+00
    182.000     7.5419   3.488990    33.9384       4935     3.4262 0.0000e+00
    183.000     7.5427   3.489340    33.9408       4955     3.4402 0.0000e+00
    184.000     7.5485   3.490696    33.9493       4980     3.4578 0.0000e+00
    185.000     7.5473   3.490451    33.9474       5044     3.5023 0.0000e+00
    186.000     7.5448   3.489877    33.9432       5227     3.6293 0.0000e+00
    185.000     7.5474   3.490628    33.9492       5451     3.7846 0.0000e+00
    184.000     7.5478   3.490662    33.9497       5575     3.8711 0.0000e+00
    183.000     7.5469   3.490427    33.9485       5590     3.8813 0.0000e+00
    182.000     7.5453   3.489959    33.9455       5618     3.9007 0.0000e+00
    181.000     7.5433   3.489479    33.9427       5650     3.9226 0.0000e+00
    180.000     7.5361   3.487674    33.9307       5675     3.9404 0.0000e+00
    179.000     7.5158   3.483813    33.9092       5699     3.9567 0.0000e+00
    178.000     7.4996   3.481052    33.8957       5724     3.9741 0.0000e+00
    177.000     7.4826   3.478297    33.8829       5750     3.9924 0.0000e+00
    176.000     7.4597   3.474747    33.8672       5776     4.0105 0.0000e+00
    175.000     7.4476   3.472855    33.8590       5801     4.0275 0.0000e+00
    174.000     7.4370   3.471076    33.8506       5825     4.0447 0.0000e+00
    173.000     7.4284   3.469630    33.8438       5852     4.0631 0.0000e+00
    172.000     7.4051   3.465926    33.8268       5878     4.0815 0.0000e+00
    171.000     7.3793   3.461733    33.8069       5902     4.0979 0.0000e+00
    170.000     7.3462   3.456193    33.7796       5925     4.1138 0.0000e+00
    169.000     7.2990   3.448382    33.7411       5948     4.1302 0.0000e+00
    168.000     7.2816   3.445156    33.7235       5976     4.1492 0.0000e+00
    167.000     7.2668   3.442029    33.7044       6011     4.1737 0.0000e+00
    166.000     7.2511   3.438069    33.6771       6042     4.1954 0.0000e+00
    165.000     7.2409   3.435858    33.6634       6065     4.2110 0.0000e+00
