HB2402/ctd220.cnv
* Sea-Bird SBE 9 Data File:
* FileName = C:\cruise\data\ctd220.hex
* Software Version Seasave V 7.26.7.121
* Temperature SN = 5253
* Conductivity SN = 4421
* Number of Bytes Per Scan = 37
* Number of Voltage Words = 4
* Number of Scans Averaged by the Deck Unit = 1
* NMEA Latitude = 44 14.05 N
* NMEA Longitude = 067 44.24 W
* NMEA UTC (Time) = May 07 2024 09:02:34
** Ship: Bigelow HB2402
** Program:  Spring Bottom Trawl Survey
** Chief Scientist: John Galbraith
# nquan = 7
# nvalues = 199                         
# units = specified
# name 0 = depSM: Depth [salt water, m]
# name 1 = t090C: Temperature [ITS-90, deg C]
# name 2 = c0S/m: Conductivity [S/m]
# name 3 = sal00: Salinity, Practical [PSU]
# name 4 = scan: Scan Count
# name 5 = timeM: Time, Elapsed [minutes]
# name 6 = flag: flag
# span 0 =      2.000,    102.000       
# span 1 =     5.5216,     5.9541       
# span 2 =   3.105228,   3.136531       
# span 3 =    31.6132,    32.0049       
# span 4 =        191,       6717       
# span 5 =     0.1319,     4.6636       
# span 6 = 0.0000e+00, 0.0000e+00       
# interval = meters: 1                  
# start_time = May 07 2024 09:02:34 [NMEA time, header]
# bad_flag = -9.990e-29
*END*
      4.000     5.9541   3.135527    31.6580        191     0.1319 0.0000e+00
      5.000     5.9021   3.133575    31.6845        316     0.2186 0.0000e+00
      6.000     5.8620   3.131362    31.6968        338     0.2339 0.0000e+00
      7.000     5.8445   3.129305    31.6897        364     0.2522 0.0000e+00
      8.000     5.8210   3.124631    31.6588        392     0.2715 0.0000e+00
      9.000     5.8084   3.121734    31.6377        418     0.2899 0.0000e+00
     10.000     5.7970   3.120393    31.6329        443     0.3072 0.0000e+00
     11.000     5.7921   3.120103    31.6337        469     0.3252 0.0000e+00
     12.000     5.7810   3.119153    31.6330        495     0.3429 0.0000e+00
     13.000     5.7691   3.118150    31.6324        519     0.3600 0.0000e+00
     14.000     5.7638   3.117643    31.6312        545     0.3779 0.0000e+00
     15.000     5.7637   3.117644    31.6308        574     0.3980 0.0000e+00
     16.000     5.7636   3.117665    31.6307        606     0.4201 0.0000e+00
     17.000     5.7715   3.118425    31.6314        698     0.4843 0.0000e+00
     18.000     5.7715   3.118466    31.6313        788     0.5468 0.0000e+00
     19.000     5.7774   3.119090    31.6323        819     0.5681 0.0000e+00
     20.000     5.7748   3.118926    31.6324        847     0.5878 0.0000e+00
     21.000     5.7710   3.118646    31.6323        876     0.6074 0.0000e+00
     22.000     5.7704   3.118651    31.6325        904     0.6269 0.0000e+00
     23.000     5.7566   3.117692    31.6342        930     0.6451 0.0000e+00
     24.000     5.7375   3.116202    31.6348        955     0.6628 0.0000e+00
     25.000     5.7323   3.115880    31.6356        981     0.6805 0.0000e+00
     26.000     5.7171   3.114917    31.6386       1007     0.6985 0.0000e+00
     27.000     5.7032   3.113982    31.6407       1034     0.7173 0.0000e+00
     28.000     5.7003   3.113796    31.6408       1062     0.7368 0.0000e+00
     29.000     5.6996   3.113776    31.6407       1090     0.7561 0.0000e+00
     30.000     5.7002   3.113839    31.6404       1117     0.7747 0.0000e+00
     31.000     5.6981   3.113676    31.6401       1144     0.7935 0.0000e+00
     32.000     5.6838   3.112741    31.6424       1170     0.8120 0.0000e+00
     33.000     5.6787   3.112428    31.6433       1195     0.8294 0.0000e+00
     34.000     5.6722   3.111989    31.6439       1220     0.8466 0.0000e+00
     35.000     5.6425   3.110001    31.6490       1247     0.8652 0.0000e+00
     36.000     5.6187   3.108457    31.6536       1275     0.8849 0.0000e+00
     37.000     5.6172   3.108431    31.6541       1303     0.9040 0.0000e+00
     38.000     5.6091   3.107990    31.6564       1329     0.9225 0.0000e+00
     39.000     5.5991   3.107254    31.6569       1355     0.9405 0.0000e+00
     40.000     5.5946   3.106954    31.6573       1381     0.9585 0.0000e+00
     41.000     5.5913   3.106787    31.6580       1407     0.9765 0.0000e+00
     42.000     5.5894   3.106756    31.6590       1434     0.9955 0.0000e+00
     43.000     5.5888   3.106772    31.6593       1462     1.0148 0.0000e+00
     44.000     5.5885   3.106866    31.6601       1490     1.0343 0.0000e+00
     45.000     5.5788   3.106413    31.6636       1518     1.0532 0.0000e+00
     46.000     5.5557   3.105396    31.6735       1543     1.0711 0.0000e+00
     47.000     5.5513   3.105228    31.6752       1568     1.0879 0.0000e+00
     48.000     5.5500   3.105251    31.6762       1592     1.1048 0.0000e+00
     49.000     5.5457   3.105246    31.6797       1618     1.1232 0.0000e+00
     50.000     5.5423   3.105290    31.6829       1647     1.1433 0.0000e+00
     51.000     5.5396   3.105354    31.6857       1675     1.1628 0.0000e+00
     52.000     5.5365   3.105422    31.6889       1702     1.1812 0.0000e+00
     53.000     5.5354   3.105451    31.6898       1728     1.1993 0.0000e+00
     54.000     5.5350   3.105506    31.6903       1755     1.2184 0.0000e+00
     55.000     5.5325   3.105523    31.6923       1782     1.2368 0.0000e+00
     56.000     5.5329   3.105865    31.6954       1809     1.2552 0.0000e+00
     57.000     5.5334   3.106059    31.6967       1836     1.2741 0.0000e+00
     58.000     5.5335   3.106107    31.6966       1863     1.2929 0.0000e+00
     59.000     5.5335   3.106213    31.6972       1888     1.3108 0.0000e+00
     60.000     5.5331   3.106325    31.6984       1913     1.3277 0.0000e+00
     61.000     5.5317   3.106464    31.7008       1938     1.3449 0.0000e+00
     62.000     5.5270   3.108029    31.7224       1964     1.3630 0.0000e+00
     63.000     5.5229   3.109980    31.7479       1992     1.3825 0.0000e+00
     64.000     5.5229   3.111012    31.7590       2022     1.4036 0.0000e+00
     65.000     5.5219   3.112098    31.7718       2051     1.4238 0.0000e+00
     66.000     5.5216   3.112611    31.7773       2077     1.4418 0.0000e+00
     67.000     5.5252   3.114109    31.7904       2102     1.4587 0.0000e+00
     68.000     5.5321   3.115902    31.8036       2127     1.4764 0.0000e+00
     69.000     5.5328   3.116219    31.8060       2153     1.4945 0.0000e+00
     70.000     5.5330   3.116792    31.8119       2179     1.5125 0.0000e+00
     71.000     5.5373   3.117819    31.8188       2206     1.5314 0.0000e+00
     72.000     5.5478   3.119555    31.8280       2234     1.5504 0.0000e+00
     73.000     5.5495   3.120339    31.8348       2261     1.5696 0.0000e+00
     74.000     5.5556   3.121981    31.8471       2287     1.5878 0.0000e+00
     75.000     5.5461   3.122885    31.8658       2314     1.6060 0.0000e+00
     76.000     5.5346   3.123114    31.8788       2341     1.6248 0.0000e+00
     77.000     5.5338   3.124127    31.8905       2368     1.6435 0.0000e+00
     78.000     5.5335   3.124218    31.8913       2394     1.6616 0.0000e+00
     79.000     5.5337   3.124754    31.8967       2420     1.6801 0.0000e+00
     80.000     5.5335   3.124552    31.8941       2447     1.6989 0.0000e+00
     81.000     5.5333   3.124520    31.8934       2475     1.7179 0.0000e+00
     82.000     5.5341   3.125318    31.9012       2503     1.7374 0.0000e+00
     83.000     5.5344   3.125547    31.9030       2529     1.7555 0.0000e+00
     84.000     5.5347   3.125740    31.9045       2554     1.7730 0.0000e+00
     85.000     5.5346   3.125793    31.9046       2580     1.7906 0.0000e+00
     86.000     5.5348   3.125902    31.9052       2606     1.8089 0.0000e+00
     87.000     5.5350   3.125988    31.9055       2632     1.8272 0.0000e+00
     88.000     5.5362   3.126586    31.9106       2658     1.8452 0.0000e+00
     89.000     5.5369   3.127101    31.9153       2686     1.8644 0.0000e+00
     90.000     5.5371   3.127534    31.9195       2716     1.8853 0.0000e+00
     91.000     5.5374   3.128460    31.9292       2744     1.9049 0.0000e+00
     92.000     5.5374   3.128561    31.9298       2769     1.9225 0.0000e+00
     93.000     5.5376   3.129252    31.9369       2793     1.9392 0.0000e+00
     94.000     5.5381   3.129675    31.9407       2819     1.9571 0.0000e+00
     95.000     5.5387   3.129925    31.9425       2847     1.9762 0.0000e+00
     96.000     5.5390   3.130035    31.9430       2874     1.9954 0.0000e+00
     97.000     5.5399   3.130388    31.9457       2900     2.0135 0.0000e+00
     98.000     5.5408   3.130847    31.9495       2925     2.0308 0.0000e+00
     99.000     5.5404   3.131027    31.9514       2952     2.0493 0.0000e+00
    100.000     5.5445   3.133906    31.9796       2980     2.0686 0.0000e+00
    101.000     5.5468   3.135879    31.9992       3006     2.0869 0.0000e+00
    102.000     5.5479   3.136531    32.0049       3555     2.4679 0.0000e+00
    101.000     5.5460   3.134991    31.9899       3978     2.7617 0.0000e+00
    100.000     5.5462   3.134957    31.9898       3827     2.6566 0.0000e+00
     99.000     5.5426   3.132678    31.9679       3861     2.6807 0.0000e+00
     98.000     5.5404   3.131163    31.9534       3895     2.7042 0.0000e+00
     97.000     5.5401   3.130915    31.9514       3936     2.7324 0.0000e+00
     96.000     5.5395   3.130613    31.9490       3982     2.7649 0.0000e+00
     95.000     5.5389   3.130022    31.9434       4021     2.7920 0.0000e+00
     94.000     5.5379   3.129366    31.9375       4056     2.8161 0.0000e+00
     93.000     5.5376   3.129002    31.9341       4095     2.8430 0.0000e+00
     92.000     5.5372   3.128537    31.9297       4138     2.8728 0.0000e+00
     91.000     5.5370   3.128044    31.9249       4179     2.9011 0.0000e+00
     90.000     5.5364   3.127563    31.9205       4206     2.9198 0.0000e+00
     89.000     5.5361   3.127382    31.9192       4231     2.9378 0.0000e+00
     88.000     5.5354   3.126802    31.9138       4256     2.9548 0.0000e+00
     87.000     5.5349   3.126321    31.9093       4279     2.9710 0.0000e+00
     86.000     5.5345   3.125993    31.9065       4303     2.9876 0.0000e+00
     85.000     5.5343   3.125894    31.9061       4329     3.0054 0.0000e+00
     84.000     5.5337   3.125474    31.9024       4356     3.0244 0.0000e+00
     83.000     5.5326   3.124927    31.8977       4384     3.0439 0.0000e+00
     82.000     5.5317   3.124418    31.8933       4412     3.0630 0.0000e+00
     81.000     5.5321   3.124045    31.8892       4438     3.0811 0.0000e+00
     80.000     5.5352   3.123849    31.8846       4463     3.0985 0.0000e+00
     79.000     5.5378   3.123755    31.8815       4488     3.1159 0.0000e+00
     78.000     5.5396   3.123650    31.8791       4513     3.1332 0.0000e+00
     77.000     5.5436   3.123452    31.8736       4538     3.1509 0.0000e+00
     76.000     5.5478   3.122945    31.8644       4565     3.1698 0.0000e+00
     75.000     5.5508   3.122180    31.8533       4593     3.1886 0.0000e+00
     74.000     5.5497   3.121369    31.8458       4618     3.2066 0.0000e+00
     73.000     5.5456   3.120284    31.8378       4644     3.2245 0.0000e+00
     72.000     5.5416   3.119287    31.8309       4670     3.2424 0.0000e+00
     71.000     5.5341   3.117943    31.8232       4695     3.2599 0.0000e+00
     70.000     5.5307   3.117134    31.8178       4720     3.2773 0.0000e+00
     69.000     5.5294   3.116417    31.8115       4746     3.2953 0.0000e+00
     68.000     5.5289   3.115848    31.8060       4773     3.3136 0.0000e+00
     67.000     5.5272   3.114847    31.7968       4799     3.3322 0.0000e+00
     66.000     5.5253   3.113749    31.7867       4826     3.3507 0.0000e+00
     65.000     5.5239   3.111988    31.7686       4852     3.3685 0.0000e+00
     64.000     5.5249   3.110957    31.7565       4877     3.3862 0.0000e+00
     63.000     5.5267   3.109690    31.7410       4903     3.4040 0.0000e+00
     62.000     5.5302   3.108343    31.7230       4928     3.4218 0.0000e+00
     61.000     5.5313   3.107869    31.7170       4954     3.4392 0.0000e+00
     60.000     5.5330   3.107197    31.7083       4980     3.4574 0.0000e+00
     59.000     5.5340   3.106755    31.7029       5006     3.4759 0.0000e+00
     58.000     5.5343   3.106532    31.7006       5033     3.4945 0.0000e+00
     57.000     5.5345   3.106222    31.6974       5058     3.5121 0.0000e+00
     56.000     5.5345   3.106065    31.6961       5083     3.5292 0.0000e+00
     55.000     5.5357   3.105836    31.6929       5109     3.5470 0.0000e+00
     54.000     5.5361   3.105763    31.6922       5136     3.5657 0.0000e+00
     53.000     5.5381   3.105526    31.6881       5162     3.5841 0.0000e+00
     52.000     5.5394   3.105417    31.6861       5188     3.6024 0.0000e+00
     51.000     5.5406   3.105338    31.6846       5214     3.6204 0.0000e+00
     50.000     5.5432   3.105260    31.6817       5240     3.6385 0.0000e+00
     49.000     5.5478   3.105270    31.6780       5266     3.6565 0.0000e+00
     48.000     5.5542   3.105394    31.6738       5292     3.6740 0.0000e+00
     47.000     5.5638   3.105685    31.6686       5315     3.6906 0.0000e+00
     46.000     5.5721   3.105979    31.6646       5340     3.7078 0.0000e+00
     45.000     5.5796   3.106285    31.6614       5369     3.7276 0.0000e+00
     44.000     5.5855   3.106474    31.6585       5397     3.7470 0.0000e+00
     43.000     5.5856   3.106463    31.6588       5421     3.7640 0.0000e+00
     42.000     5.5883   3.106556    31.6578       5445     3.7806 0.0000e+00
     41.000     5.5925   3.106740    31.6564       5471     3.7987 0.0000e+00
     40.000     5.5975   3.106999    31.6551       5499     3.8180 0.0000e+00
     39.000     5.6068   3.107580    31.6534       5526     3.8370 0.0000e+00
     38.000     5.6098   3.107797    31.6535       5552     3.8545 0.0000e+00
     37.000     5.6102   3.107777    31.6534       5576     3.8713 0.0000e+00
     36.000     5.6149   3.108015    31.6521       5600     3.8882 0.0000e+00
     35.000     5.6184   3.108194    31.6513       5626     3.9060 0.0000e+00
     34.000     5.6223   3.108449    31.6510       5654     3.9255 0.0000e+00
     33.000     5.6423   3.109536    31.6450       5681     3.9448 0.0000e+00
     32.000     5.6600   3.110782    31.6428       5706     3.9620 0.0000e+00
     31.000     5.6615   3.110884    31.6430       5730     3.9783 0.0000e+00
     30.000     5.6747   3.111738    31.6408       5754     3.9954 0.0000e+00
     29.000     5.6950   3.113057    31.6369       5781     4.0140 0.0000e+00
     28.000     5.6911   3.112866    31.6390       5809     4.0333 0.0000e+00
     27.000     5.7021   3.113581    31.6372       5835     4.0516 0.0000e+00
     26.000     5.7036   3.113694    31.6376       5861     4.0692 0.0000e+00
     25.000     5.7059   3.113824    31.6373       5887     4.0873 0.0000e+00
     24.000     5.7108   3.114134    31.6367       5914     4.1060 0.0000e+00
     23.000     5.7186   3.114592    31.6350       5940     4.1241 0.0000e+00
     22.000     5.7309   3.115395    31.6330       5964     4.1408 0.0000e+00
     21.000     5.7360   3.115785    31.6330       5988     4.1574 0.0000e+00
     20.000     5.7460   3.116418    31.6312       6013     4.1748 0.0000e+00
     19.000     5.7556   3.117167    31.6312       6040     4.1934 0.0000e+00
     18.000     5.7624   3.117547    31.6295       6068     4.2132 0.0000e+00
     17.000     5.7607   3.117476    31.6308       6095     4.2316 0.0000e+00
     16.000     5.7712   3.118223    31.6298       6119     4.2483 0.0000e+00
     15.000     5.7696   3.118061    31.6300       6143     4.2656 0.0000e+00
     14.000     5.7712   3.118094    31.6293       6169     4.2835 0.0000e+00
     13.000     5.7705   3.118005    31.6295       6194     4.3010 0.0000e+00
     12.000     5.7734   3.118098    31.6283       6219     4.3181 0.0000e+00
     11.000     5.7816   3.118624    31.6270       6244     4.3357 0.0000e+00
     10.000     5.7920   3.119328    31.6257       6271     4.3542 0.0000e+00
      9.000     5.7921   3.119306    31.6258       6296     4.3719 0.0000e+00
      8.000     5.8015   3.119934    31.6245       6320     4.3884 0.0000e+00
      7.000     5.8065   3.120334    31.6248       6345     4.4053 0.0000e+00
      6.000     5.8090   3.120568    31.6255       6371     4.4235 0.0000e+00
      5.000     5.8338   3.122028    31.6192       6397     4.4416 0.0000e+00
      4.000     5.8725   3.124946    31.6161       6422     4.4588 0.0000e+00
      3.000     5.8819   3.125580    31.6149       6447     4.4762 0.0000e+00
      2.000     5.9329   3.129644    31.6132       6717     4.6636 0.0000e+00
