HB2402/ctd219.cnv
* Sea-Bird SBE 9 Data File:
* FileName = C:\cruise\data\ctd219.hex
* Software Version Seasave V 7.26.7.121
* Temperature SN = 5253
* Conductivity SN = 4421
* Number of Bytes Per Scan = 37
* Number of Voltage Words = 4
* Number of Scans Averaged by the Deck Unit = 1
* NMEA Latitude = 44 18.79 N
* NMEA Longitude = 067 31.66 W
* NMEA UTC (Time) = May 07 2024 06:36:03
* NMEA baud rate = 4800
** Ship: Bigelow HB2402
** Program:  Spring Bottom Trawl Survey
** Chief Scientist: John Galbraith
# nquan = 7
# nvalues = 188                         
# units = specified
# name 0 = depSM: Depth [salt water, m]
# name 1 = t090C: Temperature [ITS-90, deg C]
# name 2 = c0S/m: Conductivity [S/m]
# name 3 = sal00: Salinity, Practical [PSU]
# name 4 = scan: Scan Count
# name 5 = timeM: Time, Elapsed [minutes]
# name 6 = flag: flag
# span 0 =      1.000,     96.000       
# span 1 =     5.5404,     5.8530       
# span 2 =   3.117207,   3.148521       
# span 3 =    31.6378,    32.1383       
# span 4 =        188,       7063       
# span 5 =     0.1295,     4.9040       
# span 6 = 0.0000e+00, 0.0000e+00       
# interval = meters: 1                  
# start_time = May 07 2024 06:36:03 [NMEA time, header]
# bad_flag = -9.990e-29
*END*
      4.000     5.8423   3.128773    31.6873        188     0.1295 0.0000e+00
      5.000     5.8424   3.125931    31.6548        374     0.2593 0.0000e+00
      6.000     5.8343   3.125792    31.6604        393     0.2721 0.0000e+00
      7.000     5.8360   3.125191    31.6516        417     0.2888 0.0000e+00
      8.000     5.8250   3.124496    31.6536        443     0.3067 0.0000e+00
      9.000     5.8211   3.124161    31.6530        469     0.3247 0.0000e+00
     10.000     5.8185   3.124029    31.6535        495     0.3432 0.0000e+00
     11.000     5.8168   3.124012    31.6544        521     0.3612 0.0000e+00
     12.000     5.8124   3.123810    31.6558        547     0.3792 0.0000e+00
     13.000     5.8117   3.123814    31.6560        573     0.3973 0.0000e+00
     14.000     5.8090   3.123700    31.6567        599     0.4154 0.0000e+00
     15.000     5.7995   3.123295    31.6607        626     0.4342 0.0000e+00
     16.000     5.7998   3.123318    31.6602        653     0.4526 0.0000e+00
     17.000     5.8003   3.123348    31.6596        678     0.4703 0.0000e+00
     18.000     5.8030   3.123550    31.6587        703     0.4876 0.0000e+00
     19.000     5.8054   3.123738    31.6581        730     0.5061 0.0000e+00
     20.000     5.8008   3.123519    31.6595        758     0.5256 0.0000e+00
     21.000     5.7665   3.121664    31.6704        785     0.5446 0.0000e+00
     22.000     5.7579   3.121223    31.6731        811     0.5623 0.0000e+00
     23.000     5.7509   3.120827    31.6747        838     0.5809 0.0000e+00
     24.000     5.7277   3.119431    31.6803        865     0.5997 0.0000e+00
     25.000     5.7245   3.119249    31.6808        890     0.6176 0.0000e+00
     26.000     5.7173   3.118847    31.6826        916     0.6354 0.0000e+00
     27.000     5.6975   3.117987    31.6910        943     0.6539 0.0000e+00
     28.000     5.6869   3.117537    31.6954        969     0.6725 0.0000e+00
     29.000     5.6833   3.117438    31.6972        996     0.6907 0.0000e+00
     30.000     5.6806   3.117431    31.6992       1022     0.7093 0.0000e+00
     31.000     5.6767   3.117421    31.7023       1052     0.7297 0.0000e+00
     32.000     5.6707   3.117336    31.7065       1080     0.7491 0.0000e+00
     33.000     5.6579   3.117440    31.7193       1105     0.7668 0.0000e+00
     34.000     5.6503   3.117412    31.7256       1130     0.7839 0.0000e+00
     35.000     5.6457   3.117326    31.7284       1155     0.8017 0.0000e+00
     36.000     5.6401   3.117380    31.7339       1182     0.8203 0.0000e+00
     37.000     5.6369   3.117638    31.7393       1209     0.8392 0.0000e+00
     38.000     5.6400   3.118824    31.7492       1236     0.8578 0.0000e+00
     39.000     5.6239   3.118518    31.7605       1263     0.8761 0.0000e+00
     40.000     5.6164   3.118340    31.7651       1290     0.8948 0.0000e+00
     41.000     5.6090   3.118308    31.7712       1317     0.9141 0.0000e+00
     42.000     5.6023   3.118132    31.7751       1344     0.9326 0.0000e+00
     43.000     5.5944   3.117977    31.7803       1370     0.9505 0.0000e+00
     44.000     5.5929   3.117995    31.7815       1396     0.9687 0.0000e+00
     45.000     5.5930   3.118059    31.7816       1423     0.9875 0.0000e+00
     46.000     5.5924   3.118158    31.7828       1452     1.0077 0.0000e+00
     47.000     5.5920   3.118336    31.7847       1479     1.0266 0.0000e+00
     48.000     5.5910   3.118326    31.7850       1503     1.0430 0.0000e+00
     49.000     5.5860   3.118160    31.7874       1526     1.0592 0.0000e+00
     50.000     5.5816   3.118101    31.7904       1552     1.0769 0.0000e+00
     51.000     5.5803   3.118162    31.7918       1581     1.0972 0.0000e+00
     52.000     5.5776   3.118263    31.7950       1611     1.1183 0.0000e+00
     53.000     5.5697   3.118451    31.8041       1639     1.1374 0.0000e+00
     54.000     5.5665   3.118517    31.8074       1666     1.1565 0.0000e+00
     55.000     5.5656   3.118555    31.8082       1693     1.1747 0.0000e+00
     56.000     5.5601   3.118550    31.8128       1717     1.1918 0.0000e+00
     57.000     5.5542   3.118812    31.8210       1742     1.2089 0.0000e+00
     58.000     5.5484   3.119924    31.8385       1767     1.2267 0.0000e+00
     59.000     5.5451   3.120487    31.8475       1795     1.2457 0.0000e+00
     60.000     5.5432   3.120969    31.8542       1822     1.2643 0.0000e+00
     61.000     5.5429   3.121179    31.8564       1849     1.2833 0.0000e+00
     62.000     5.5422   3.121510    31.8603       1877     1.3030 0.0000e+00
     63.000     5.5411   3.121731    31.8633       1906     1.3230 0.0000e+00
     64.000     5.5405   3.121977    31.8662       1932     1.3407 0.0000e+00
     65.000     5.5414   3.122229    31.8677       1955     1.3572 0.0000e+00
     66.000     5.5416   3.122370    31.8686       1982     1.3755 0.0000e+00
     67.000     5.5433   3.123580    31.8802       2010     1.3952 0.0000e+00
     68.000     5.5457   3.124710    31.8902       2037     1.4137 0.0000e+00
     69.000     5.5457   3.125227    31.8955       2062     1.4312 0.0000e+00
     70.000     5.5454   3.125639    31.9000       2089     1.4498 0.0000e+00
     71.000     5.5458   3.126672    31.9108       2118     1.4700 0.0000e+00
     72.000     5.5469   3.127466    31.9182       2147     1.4899 0.0000e+00
     73.000     5.5481   3.129291    31.9372       2173     1.5085 0.0000e+00
     74.000     5.5487   3.129921    31.9433       2199     1.5261 0.0000e+00
     75.000     5.5503   3.131417    31.9581       2223     1.5432 0.0000e+00
     76.000     5.5510   3.132115    31.9649       2248     1.5605 0.0000e+00
     77.000     5.5518   3.132741    31.9707       2274     1.5786 0.0000e+00
     78.000     5.5520   3.133122    31.9743       2302     1.5982 0.0000e+00
     79.000     5.5533   3.134114    31.9838       2330     1.6174 0.0000e+00
     80.000     5.5544   3.134680    31.9886       2358     1.6365 0.0000e+00
     81.000     5.5547   3.134860    31.9899       2385     1.6555 0.0000e+00
     82.000     5.5567   3.135774    31.9978       2413     1.6751 0.0000e+00
     83.000     5.5611   3.137387    32.0114       2440     1.6940 0.0000e+00
     84.000     5.5645   3.138677    32.0222       2465     1.7113 0.0000e+00
     85.000     5.5638   3.140230    32.0399       2489     1.7278 0.0000e+00
     86.000     5.5607   3.141263    32.0541       2514     1.7453 0.0000e+00
     87.000     5.5602   3.142230    32.0650       2541     1.7641 0.0000e+00
     88.000     5.5600   3.143173    32.0753       2569     1.7835 0.0000e+00
     89.000     5.5571   3.144964    32.0978       2596     1.8022 0.0000e+00
     90.000     5.5547   3.145941    32.1107       2625     1.8219 0.0000e+00
     91.000     5.5542   3.146106    32.1125       2658     1.8451 0.0000e+00
     92.000     5.5532   3.146748    32.1203       2693     1.8691 0.0000e+00
     93.000     5.5525   3.147439    32.1283       2726     1.8926 0.0000e+00
     94.000     5.5531   3.148084    32.1345       2761     1.9168 0.0000e+00
     95.000     5.5537   3.148521    32.1383       2793     1.9391 0.0000e+00
     96.000     5.5540   3.148248    32.1345       3331     2.3123 0.0000e+00
     95.000     5.5541   3.147303    32.1242       3673     2.5502 0.0000e+00
     94.000     5.5534   3.147334    32.1257       3670     2.5478 0.0000e+00
     93.000     5.5534   3.147243    32.1252       3695     2.5650 0.0000e+00
     92.000     5.5532   3.147187    32.1252       3720     2.5825 0.0000e+00
     91.000     5.5532   3.147117    32.1249       3747     2.6015 0.0000e+00
     90.000     5.5537   3.146813    32.1215       3775     2.6207 0.0000e+00
     89.000     5.5553   3.146039    32.1117       3801     2.6386 0.0000e+00
     88.000     5.5574   3.144920    32.0976       3826     2.6560 0.0000e+00
     87.000     5.5574   3.144777    32.0964       3851     2.6739 0.0000e+00
     86.000     5.5579   3.144380    32.0919       3878     2.6923 0.0000e+00
     85.000     5.5586   3.143358    32.0802       3904     2.7104 0.0000e+00
     84.000     5.5598   3.142214    32.0666       3930     2.7284 0.0000e+00
     83.000     5.5609   3.141502    32.0581       3955     2.7462 0.0000e+00
     82.000     5.5628   3.140299    32.0432       3981     2.7636 0.0000e+00
     81.000     5.5622   3.139807    32.0386       4005     2.7805 0.0000e+00
     80.000     5.5605   3.138083    32.0213       4031     2.7984 0.0000e+00
     79.000     5.5589   3.137063    32.0118       4057     2.8170 0.0000e+00
     78.000     5.5581   3.136725    32.0092       4084     2.8354 0.0000e+00
     77.000     5.5562   3.135713    32.0001       4110     2.8535 0.0000e+00
     76.000     5.5547   3.134697    31.9906       4136     2.8714 0.0000e+00
     75.000     5.5532   3.133800    31.9823       4161     2.8891 0.0000e+00
     74.000     5.5519   3.132715    31.9718       4187     2.9071 0.0000e+00
     73.000     5.5512   3.132157    31.9666       4214     2.9258 0.0000e+00
     72.000     5.5504   3.131185    31.9569       4240     2.9438 0.0000e+00
     71.000     5.5497   3.130347    31.9486       4266     2.9616 0.0000e+00
     70.000     5.5483   3.129249    31.9380       4291     2.9794 0.0000e+00
     69.000     5.5469   3.127975    31.9254       4316     2.9964 0.0000e+00
     68.000     5.5463   3.127486    31.9210       4341     3.0140 0.0000e+00
     67.000     5.5452   3.126964    31.9166       4368     3.0325 0.0000e+00
     66.000     5.5444   3.126263    31.9099       4395     3.0516 0.0000e+00
     65.000     5.5444   3.125631    31.9033       4422     3.0700 0.0000e+00
     64.000     5.5447   3.125090    31.8973       4446     3.0868 0.0000e+00
     63.000     5.5443   3.124725    31.8941       4470     3.1036 0.0000e+00
     62.000     5.5434   3.124106    31.8884       4496     3.1219 0.0000e+00
     61.000     5.5423   3.123491    31.8831       4523     3.1406 0.0000e+00
     60.000     5.5414   3.122871    31.8774       4549     3.1585 0.0000e+00
     59.000     5.5404   3.122375    31.8733       4575     3.1762 0.0000e+00
     58.000     5.5416   3.121919    31.8674       4601     3.1945 0.0000e+00
     57.000     5.5442   3.121273    31.8582       4628     3.2130 0.0000e+00
     56.000     5.5463   3.120667    31.8498       4652     3.2302 0.0000e+00
     55.000     5.5497   3.119865    31.8380       4677     3.2470 0.0000e+00
     54.000     5.5518   3.119594    31.8335       4703     3.2654 0.0000e+00
     53.000     5.5565   3.119008    31.8229       4731     3.2850 0.0000e+00
     52.000     5.5649   3.118516    31.8099       4758     3.3031 0.0000e+00
     51.000     5.5669   3.118361    31.8067       4782     3.3204 0.0000e+00
     50.000     5.5728   3.118276    31.8007       4808     3.3385 0.0000e+00
     49.000     5.5768   3.118234    31.7970       4835     3.3571 0.0000e+00
     48.000     5.5813   3.118161    31.7923       4859     3.3738 0.0000e+00
     47.000     5.5855   3.118081    31.7879       4883     3.3903 0.0000e+00
     46.000     5.5873   3.118046    31.7863       4909     3.4085 0.0000e+00
     45.000     5.5873   3.118038    31.7868       4937     3.4279 0.0000e+00
     44.000     5.5906   3.118087    31.7846       4964     3.4463 0.0000e+00
     43.000     5.5936   3.118068    31.7821       4989     3.4636 0.0000e+00
     42.000     5.5938   3.117975    31.7814       5014     3.4811 0.0000e+00
     41.000     5.5948   3.117917    31.7802       5040     3.4996 0.0000e+00
     40.000     5.5974   3.117903    31.7781       5067     3.5180 0.0000e+00
     39.000     5.5996   3.117891    31.7764       5092     3.5358 0.0000e+00
     38.000     5.6006   3.117877    31.7758       5118     3.5538 0.0000e+00
     37.000     5.6014   3.117849    31.7752       5145     3.5724 0.0000e+00
     36.000     5.6063   3.117812    31.7706       5171     3.5901 0.0000e+00
     35.000     5.6107   3.117823    31.7671       5195     3.6070 0.0000e+00
     34.000     5.6197   3.117962    31.7607       5220     3.6244 0.0000e+00
     33.000     5.6295   3.117879    31.7509       5246     3.6426 0.0000e+00
     32.000     5.6315   3.117651    31.7470       5273     3.6609 0.0000e+00
     31.000     5.6373   3.117396    31.7392       5299     3.6789 0.0000e+00
     30.000     5.6367   3.117404    31.7403       5324     3.6968 0.0000e+00
     29.000     5.6481   3.117207    31.7278       5350     3.7145 0.0000e+00
     28.000     5.6517   3.117218    31.7251       5376     3.7328 0.0000e+00
     27.000     5.6607   3.117373    31.7188       5403     3.7514 0.0000e+00
     26.000     5.6760   3.117728    31.7089       5430     3.7701 0.0000e+00
     25.000     5.6813   3.117894    31.7062       5457     3.7886 0.0000e+00
     24.000     5.6925   3.118222    31.6999       5482     3.8064 0.0000e+00
     23.000     5.7071   3.118753    31.6926       5506     3.8229 0.0000e+00
     22.000     5.7097   3.118852    31.6917       5530     3.8399 0.0000e+00
     21.000     5.7218   3.119300    31.6858       5555     3.8572 0.0000e+00
     20.000     5.7275   3.119539    31.6837       5581     3.8752 0.0000e+00
     19.000     5.7424   3.120131    31.6768       5608     3.8939 0.0000e+00
     18.000     5.7559   3.120754    31.6716       5635     3.9125 0.0000e+00
     17.000     5.7605   3.120924    31.6697       5661     3.9308 0.0000e+00
     16.000     5.7722   3.121510    31.6658       5686     3.9482 0.0000e+00
     15.000     5.7750   3.121654    31.6652       5711     3.9656 0.0000e+00
     14.000     5.7827   3.121974    31.6620       5737     3.9834 0.0000e+00
     13.000     5.7868   3.122208    31.6613       5762     4.0008 0.0000e+00
     12.000     5.8022   3.122945    31.6556       5787     4.0180 0.0000e+00
     11.000     5.8095   3.123301    31.6533       5812     4.0355 0.0000e+00
     10.000     5.8161   3.123618    31.6512       5839     4.0544 0.0000e+00
      9.000     5.8217   3.123863    31.6491       5866     4.0729 0.0000e+00
      8.000     5.8262   3.124054    31.6475       5890     4.0897 0.0000e+00
      7.000     5.8309   3.124244    31.6458       5912     4.1046 0.0000e+00
      6.000     5.8465   3.125166    31.6419       6374     4.4257 0.0000e+00
      5.000     5.8530   3.125353    31.6384       6751     4.6872 0.0000e+00
      4.000     5.8513   3.125145    31.6382       6858     4.7620 0.0000e+00
      3.000     5.8473   3.124741    31.6378       6940     4.8186 0.0000e+00
      2.000     5.8447   3.124476    31.6378       7005     4.8639 0.0000e+00
      1.000     5.8436   3.124345    31.6379       7063     4.9040 0.0000e+00
