HB2402/ctd233.cnv
* Sea-Bird SBE 9 Data File:
* FileName = C:\cruise\data\ctd233.hex
* Software Version Seasave V 7.26.7.121
* Temperature SN = 5253
* Conductivity SN = 4421
* Number of Bytes Per Scan = 37
* Number of Voltage Words = 4
* Number of Scans Averaged by the Deck Unit = 1
* NMEA Latitude = 43 29.61 N
* NMEA Longitude = 069 37.62 W
* NMEA UTC (Time) = May 10 2024 12:13:31
* NMEA baud rate = 4800
** Ship: Bigelow HB2402
** Program:  Spring Bottom Trawl Survey
** Chief Scientist: John Galbraith
# nquan = 7
# nvalues = 207                         
# units = specified
# name 0 = depSM: Depth [salt water, m]
# name 1 = t090C: Temperature [ITS-90, deg C]
# name 2 = c0S/m: Conductivity [S/m]
# name 3 = sal00: Salinity, Practical [PSU]
# name 4 = scan: Scan Count
# name 5 = timeM: Time, Elapsed [minutes]
# name 6 = flag: flag
# span 0 =      1.000,    105.000       
# span 1 =     4.8164,     9.4839       
# span 2 =   3.037257,   3.253789       
# span 3 =    29.7712,    32.3546       
# span 4 =        143,       7540       
# span 5 =     0.0989,     5.2353       
# span 6 = 0.0000e+00, 0.0000e+00       
# interval = meters: 1                  
# start_time = May 10 2024 12:13:31 [NMEA time, header]
# bad_flag = -9.990e-29
*END*
      3.000     9.4326   3.246333    29.7712        143     0.0989 0.0000e+00
      4.000     9.4348   3.250783    29.8141        335     0.2322 0.0000e+00
      5.000     9.4348   3.250513    29.8109        356     0.2466 0.0000e+00
      6.000     9.4344   3.250957    29.8154        381     0.2641 0.0000e+00
      7.000     9.4314   3.251801    29.8260        410     0.2838 0.0000e+00
      8.000     9.4371   3.252350    29.8264        437     0.3031 0.0000e+00
      9.000     9.4483   3.252871    29.8220        464     0.3213 0.0000e+00
     10.000     9.4519   3.253789    29.8279        490     0.3395 0.0000e+00
     11.000     9.1014   3.247316    30.0559        516     0.3577 0.0000e+00
     12.000     8.4266   3.223527    30.3838        542     0.3756 0.0000e+00
     13.000     8.2192   3.221278    30.5397        568     0.3936 0.0000e+00
     14.000     7.5533   3.183249    30.7201        594     0.4121 0.0000e+00
     15.000     7.0785   3.155520    30.8438        621     0.4302 0.0000e+00
     16.000     6.6894   3.133843    30.9572        647     0.4488 0.0000e+00
     17.000     6.5668   3.135851    31.0902        673     0.4668 0.0000e+00
     18.000     6.3599   3.118910    31.0918        708     0.4907 0.0000e+00
     19.000     5.6513   3.064555    31.1377        860     0.5966 0.0000e+00
     20.000     5.5695   3.059161    31.1520        886     0.6143 0.0000e+00
     21.000     5.4659   3.051531    31.1616        914     0.6342 0.0000e+00
     22.000     5.2499   3.039493    31.2259        943     0.6543 0.0000e+00
     23.000     5.1683   3.037257    31.2762        972     0.6743 0.0000e+00
     24.000     5.1405   3.038037    31.3107       1001     0.6945 0.0000e+00
     25.000     5.2047   3.048552    31.3697       1029     0.7142 0.0000e+00
     26.000     5.2041   3.051566    31.4041       1055     0.7322 0.0000e+00
     27.000     5.0835   3.045037    31.4427       1079     0.7487 0.0000e+00
     28.000     5.0290   3.041504    31.4532       1104     0.7657 0.0000e+00
     29.000     4.9912   3.038778    31.4572       1132     0.7857 0.0000e+00
     30.000     4.9665   3.037504    31.4655       1163     0.8067 0.0000e+00
     31.000     4.9598   3.037431    31.4705       1189     0.8253 0.0000e+00
     32.000     4.9742   3.039300    31.4778       1213     0.8418 0.0000e+00
     33.000     4.9916   3.042843    31.5014       1238     0.8590 0.0000e+00
     34.000     5.0206   3.047461    31.5264       1266     0.8784 0.0000e+00
     35.000     5.0631   3.053804    31.5581       1297     0.8998 0.0000e+00
     36.000     5.0738   3.056275    31.5758       1326     0.9203 0.0000e+00
     37.000     5.0868   3.058404    31.5872       1351     0.9376 0.0000e+00
     38.000     5.0699   3.058771    31.6069       1374     0.9532 0.0000e+00
     39.000     5.0338   3.056950    31.6199       1396     0.9690 0.0000e+00
     40.000     4.9993   3.055091    31.6309       1424     0.9882 0.0000e+00
     41.000     4.9521   3.052133    31.6413       1458     1.0119 0.0000e+00
     42.000     4.9434   3.052034    31.6480       1489     1.0333 0.0000e+00
     43.000     4.9278   3.051848    31.6602       1514     1.0507 0.0000e+00
     44.000     4.9054   3.051909    31.6817       1536     1.0660 0.0000e+00
     45.000     4.8787   3.053468    31.7245       1559     1.0816 0.0000e+00
     46.000     4.8275   3.052482    31.7616       1584     1.0991 0.0000e+00
     47.000     4.8172   3.052470    31.7709       1614     1.1204 0.0000e+00
     48.000     4.8207   3.052960    31.7726       1646     1.1426 0.0000e+00
     49.000     4.8230   3.053829    31.7800       1674     1.1616 0.0000e+00
     50.000     4.8227   3.054521    31.7877       1699     1.1792 0.0000e+00
     51.000     4.8235   3.055378    31.7963       1726     1.1979 0.0000e+00
     52.000     4.8295   3.056304    31.8007       1754     1.2171 0.0000e+00
     53.000     4.8345   3.057318    31.8070       1779     1.2346 0.0000e+00
     54.000     4.8383   3.058338    31.8147       1804     1.2519 0.0000e+00
     55.000     4.8348   3.058214    31.8162       1829     1.2696 0.0000e+00
     56.000     4.8335   3.058365    31.8186       1857     1.2885 0.0000e+00
     57.000     4.8329   3.058829    31.8241       1886     1.3088 0.0000e+00
     58.000     4.8348   3.059272    31.8268       1913     1.3274 0.0000e+00
     59.000     4.8373   3.059895    31.8311       1940     1.3462 0.0000e+00
     60.000     4.8403   3.060771    31.8377       1966     1.3647 0.0000e+00
     61.000     4.8493   3.062609    31.8498       1993     1.3832 0.0000e+00
     62.000     4.8572   3.063953    31.8572       2020     1.4023 0.0000e+00
     63.000     4.8604   3.064451    31.8593       2047     1.4209 0.0000e+00
     64.000     4.8707   3.066020    31.8670       2074     1.4393 0.0000e+00
     65.000     4.8966   3.070056    31.8881       2100     1.4578 0.0000e+00
     66.000     4.9143   3.073024    31.9046       2127     1.4763 0.0000e+00
     67.000     4.9297   3.075740    31.9206       2152     1.4940 0.0000e+00
     68.000     4.9481   3.078632    31.9357       2178     1.5118 0.0000e+00
     69.000     4.9809   3.083548    31.9600       2205     1.5304 0.0000e+00
     70.000     5.0372   3.091742    31.9995       2233     1.5503 0.0000e+00
     71.000     5.0560   3.094500    32.0125       2261     1.5696 0.0000e+00
     72.000     5.1071   3.102077    32.0496       2288     1.5880 0.0000e+00
     73.000     5.1427   3.107065    32.0719       2314     1.6063 0.0000e+00
     74.000     5.1540   3.108716    32.0794       2342     1.6255 0.0000e+00
     75.000     5.1742   3.111772    32.0943       2370     1.6449 0.0000e+00
     76.000     5.2092   3.116750    32.1171       2397     1.6637 0.0000e+00
     77.000     5.2148   3.117573    32.1206       2423     1.6818 0.0000e+00
     78.000     5.2177   3.118087    32.1231       2449     1.6997 0.0000e+00
     79.000     5.2240   3.119143    32.1286       2475     1.7181 0.0000e+00
     80.000     5.2298   3.120062    32.1330       2502     1.7367 0.0000e+00
     81.000     5.2285   3.120678    32.1409       2528     1.7550 0.0000e+00
     82.000     5.2283   3.120956    32.1437       2555     1.7737 0.0000e+00
     83.000     5.2273   3.120935    32.1439       2583     1.7931 0.0000e+00
     84.000     5.2277   3.121001    32.1438       2612     1.8132 0.0000e+00
     85.000     5.2285   3.121141    32.1441       2641     1.8332 0.0000e+00
     86.000     5.2253   3.120936    32.1444       2668     1.8523 0.0000e+00
     87.000     5.2252   3.120998    32.1447       2694     1.8698 0.0000e+00
     88.000     5.2304   3.121593    32.1460       2718     1.8869 0.0000e+00
     89.000     5.2294   3.121522    32.1456       2744     1.9051 0.0000e+00
     90.000     5.2190   3.120842    32.1474       2772     1.9244 0.0000e+00
     91.000     5.2042   3.119915    32.1505       2800     1.9439 0.0000e+00
     92.000     5.2057   3.120040    32.1501       2827     1.9628 0.0000e+00
     93.000     5.2046   3.120066    32.1508       2855     1.9817 0.0000e+00
     94.000     5.2020   3.119987    32.1520       2883     2.0013 0.0000e+00
     95.000     5.1989   3.119884    32.1533       2911     2.0206 0.0000e+00
     96.000     5.1965   3.119777    32.1539       2937     2.0387 0.0000e+00
     97.000     5.1930   3.120039    32.1598       2962     2.0561 0.0000e+00
     98.000     5.1904   3.120724    32.1695       2987     2.0734 0.0000e+00
     99.000     5.1886   3.123098    32.1978       3014     2.0920 0.0000e+00
    100.000     5.1859   3.122653    32.1949       3043     2.1128 0.0000e+00
    101.000     5.1866   3.122869    32.1962       3073     2.1335 0.0000e+00
    102.000     5.2065   3.126031    32.2126       3100     2.1523 0.0000e+00
    103.000     5.2348   3.130150    32.2318       3125     2.1694 0.0000e+00
    104.000     5.3043   3.139188    32.2674       3150     2.1871 0.0000e+00
    105.000     5.5343   3.166434    32.3546       3565     2.4750 0.0000e+00
    104.000     5.5222   3.165010    32.3506       4008     2.7828 0.0000e+00
    103.000     5.3569   3.145845    32.2928       4026     2.7949 0.0000e+00
    102.000     5.2650   3.134236    32.2498       4053     2.8139 0.0000e+00
    101.000     5.2311   3.129628    32.2304       4079     2.8319 0.0000e+00
    100.000     5.2368   3.130137    32.2312       4104     2.8493 0.0000e+00
     99.000     5.2325   3.129449    32.2280       4129     2.8668 0.0000e+00
     98.000     5.2182   3.126864    32.2128       4155     2.8850 0.0000e+00
     97.000     5.2082   3.123854    32.1886       4182     2.9034 0.0000e+00
     96.000     5.2118   3.122476    32.1699       4209     2.9222 0.0000e+00
     95.000     5.2137   3.122035    32.1636       4236     2.9408 0.0000e+00
     94.000     5.2130   3.121616    32.1600       4262     2.9589 0.0000e+00
     93.000     5.2115   3.121251    32.1578       4287     2.9761 0.0000e+00
     92.000     5.2104   3.121046    32.1569       4311     2.9929 0.0000e+00
     91.000     5.2105   3.120889    32.1556       4337     3.0109 0.0000e+00
     90.000     5.2093   3.120774    32.1559       4365     3.0303 0.0000e+00
     89.000     5.2088   3.120752    32.1566       4392     3.0492 0.0000e+00
     88.000     5.2067   3.120608    32.1575       4418     3.0676 0.0000e+00
     87.000     5.2078   3.120619    32.1570       4443     3.0848 0.0000e+00
     86.000     5.2104   3.120739    32.1565       4467     3.1017 0.0000e+00
     85.000     5.2140   3.120759    32.1537       4493     3.1193 0.0000e+00
     84.000     5.2153   3.120577    32.1509       4521     3.1389 0.0000e+00
     83.000     5.2187   3.120430    32.1464       4550     3.1593 0.0000e+00
     82.000     5.2215   3.120545    32.1455       4578     3.1784 0.0000e+00
     81.000     5.2222   3.120622    32.1463       4604     3.1963 0.0000e+00
     80.000     5.2238   3.120687    32.1459       4628     3.2132 0.0000e+00
     79.000     5.2242   3.120627    32.1454       4652     3.2301 0.0000e+00
     78.000     5.2218   3.119801    32.1387       4678     3.2477 0.0000e+00
     77.000     5.2166   3.118511    32.1295       4706     3.2671 0.0000e+00
     76.000     5.2125   3.117486    32.1223       4734     3.2870 0.0000e+00
     75.000     5.2053   3.116425    32.1176       4760     3.3052 0.0000e+00
     74.000     5.1955   3.114830    32.1093       4785     3.3222 0.0000e+00
     73.000     5.1585   3.109561    32.0852       4809     3.3392 0.0000e+00
     72.000     5.1191   3.103778    32.0575       4836     3.3578 0.0000e+00
     71.000     5.0800   3.097967    32.0291       4866     3.3784 0.0000e+00
     70.000     5.0570   3.094387    32.0107       4895     3.3988 0.0000e+00
     69.000     5.0188   3.089157    31.9880       4920     3.4160 0.0000e+00
     68.000     4.9963   3.085803    31.9716       4943     3.4319 0.0000e+00
     67.000     4.9726   3.082393    31.9558       4967     3.4486 0.0000e+00
     66.000     4.9585   3.080041    31.9429       4995     3.4679 0.0000e+00
     65.000     4.9350   3.076659    31.9271       5025     3.4890 0.0000e+00
     64.000     4.9141   3.072683    31.9019       5054     3.5089 0.0000e+00
     63.000     4.8983   3.070344    31.8907       5080     3.5268 0.0000e+00
     62.000     4.8838   3.068251    31.8811       5104     3.5436 0.0000e+00
     61.000     4.8671   3.065365    31.8644       5127     3.5600 0.0000e+00
     60.000     4.8638   3.064552    31.8588       5151     3.5763 0.0000e+00
     59.000     4.8516   3.062487    31.8472       5175     3.5931 0.0000e+00
     58.000     4.8445   3.060738    31.8344       5203     3.6124 0.0000e+00
     57.000     4.8404   3.059458    31.8241       5235     3.6344 0.0000e+00
     56.000     4.8394   3.059033    31.8207       5263     3.6540 0.0000e+00
     55.000     4.8362   3.058422    31.8171       5286     3.6704 0.0000e+00
     54.000     4.8349   3.058016    31.8143       5309     3.6862 0.0000e+00
     53.000     4.8307   3.057120    31.8084       5334     3.7034 0.0000e+00
     52.000     4.8292   3.056708    31.8057       5364     3.7245 0.0000e+00
     51.000     4.8269   3.055334    31.7925       5395     3.7457 0.0000e+00
     50.000     4.8219   3.053963    31.7820       5419     3.7627 0.0000e+00
     49.000     4.8179   3.053107    31.7765       5441     3.7775 0.0000e+00
     48.000     4.8164   3.052491    31.7714       5462     3.7925 0.0000e+00
     47.000     4.8217   3.052265    31.7641       5486     3.8093 0.0000e+00
     46.000     4.8334   3.052375    31.7548       5515     3.8292 0.0000e+00
     45.000     4.8697   3.051972    31.7160       5546     3.8506 0.0000e+00
     44.000     4.8901   3.051256    31.6888       5574     3.8702 0.0000e+00
     43.000     4.8997   3.050952    31.6767       5598     3.8871 0.0000e+00
     42.000     4.9027   3.050720    31.6717       5622     3.9032 0.0000e+00
     41.000     4.9209   3.050429    31.6515       5646     3.9200 0.0000e+00
     40.000     4.9905   3.053725    31.6236       5673     3.9386 0.0000e+00
     39.000     5.0316   3.055559    31.6061       5701     3.9583 0.0000e+00
     38.000     5.0165   3.054877    31.6131       5726     3.9759 0.0000e+00
     37.000     5.0505   3.056178    31.5962       5750     3.9922 0.0000e+00
     36.000     5.0739   3.055960    31.5721       5773     4.0087 0.0000e+00
     35.000     5.0693   3.054225    31.5570       5799     4.0264 0.0000e+00
     34.000     5.0579   3.052610    31.5499       5825     4.0447 0.0000e+00
     33.000     5.0426   3.049349    31.5276       5852     4.0633 0.0000e+00
     32.000     5.0252   3.046629    31.5134       5879     4.0818 0.0000e+00
     31.000     5.0061   3.043237    31.4932       5904     4.0997 0.0000e+00
     30.000     5.0049   3.042816    31.4900       5929     4.1170 0.0000e+00
     29.000     5.0029   3.041299    31.4751       5954     4.1340 0.0000e+00
     28.000     5.0113   3.041375    31.4685       5979     4.1517 0.0000e+00
     27.000     5.0246   3.041592    31.4588       6006     4.1701 0.0000e+00
     26.000     5.0364   3.041937    31.4522       6032     4.1885 0.0000e+00
     25.000     5.0652   3.043121    31.4390       6057     4.2059 0.0000e+00
     24.000     5.1313   3.045877    31.4087       6082     4.2228 0.0000e+00
     23.000     5.1553   3.044349    31.3693       6107     4.2401 0.0000e+00
     22.000     5.1513   3.040153    31.3257       6134     4.2588 0.0000e+00
     21.000     5.1781   3.037927    31.2757       6162     4.2785 0.0000e+00
     20.000     5.3116   3.041489    31.1920       6189     4.2971 0.0000e+00
     19.000     5.4119   3.047682    31.1693       6213     4.3138 0.0000e+00
     18.000     5.5188   3.053917    31.1409       6237     4.3304 0.0000e+00
     17.000     5.6283   3.059875    31.1071       6263     4.3485 0.0000e+00
     16.000     5.6960   3.065672    31.1101       6291     4.3684 0.0000e+00
     15.000     6.2021   3.099547    31.0234       6319     4.3876 0.0000e+00
     14.000     6.5971   3.121451    30.9064       6344     4.4051 0.0000e+00
     13.000     6.7729   3.129153    30.8325       6367     4.4212 0.0000e+00
     12.000     7.0653   3.145333    30.7469       6390     4.4370 0.0000e+00
     11.000     7.4191   3.166720    30.6633       6415     4.4541 0.0000e+00
     10.000     8.0126   3.197082    30.4660       6442     4.4732 0.0000e+00
      9.000     8.4082   3.211837    30.2797       6471     4.4928 0.0000e+00
      8.000     8.9028   3.228424    30.0304       6499     4.5125 0.0000e+00
      7.000     9.2381   3.240644    29.8737       6526     4.5314 0.0000e+00
      6.000     9.4839   3.252469    29.7895       6944     4.8218 0.0000e+00
      5.000     9.4472   3.251404    29.8096       7285     5.0587 0.0000e+00
      4.000     9.4500   3.251640    29.8101       7341     5.0972 0.0000e+00
      3.000     9.4500   3.251592    29.8101       7375     5.1209 0.0000e+00
