HB2402/sbe065.cnv
* Sea-Bird SBE 19plus V2 Data File:
* FileName = C:\cruise\data\sbe065.hex
* Software Version Seasave V 7.26.7.121
* Temperature SN = 7037
* Conductivity SN = 7037
* System UpLoad Time = Apr 09 2024 05:29:55
* NMEA Latitude = 40 26.98 N
* NMEA Longitude = 070 22.87 W
* NMEA UTC (Time) = Apr 09 2024  05:29:19
** Ship: Bigelow
** Cruise:  HB2304
** Program:  Fall Bottom Trawl
# nquan = 8
# nvalues = 1524                                  
# units = specified
# name 0 = depSM: Depth [salt water, m]
# name 1 = tv290C: Temperature [ITS-90, deg C]
# name 2 = c0S/m: Conductivity [S/m]
# name 3 = sal00: Salinity, Practical [PSU]
# name 4 = scan: Scan Count
# name 5 = timeM: Time, Elapsed [minutes]
# name 6 = sbeox0V: Oxygen raw, SBE 43 [V]
# name 7 = flag:  0.000e+00
# span 0 =     -0.018,     67.313                 
# span 1 =     5.9940,     7.0783                 
# span 2 =   0.000020,   3.237317                 
# span 3 =     0.0033,    32.5478                 
# span 4 =         11,       1534                 
# span 5 =     0.0417,     6.3875                 
# span 6 =     2.0328,     2.4175                 
# span 7 = 0.0000e+00, 0.0000e+00                 
# interval = seconds: 0.25
# start_time = Apr 09 2024 05:29:19 [NMEA time, header]
# bad_flag = -9.990e-29
*END*
[from data line 899]
     38.161     5.9950   3.187883    32.1881        910     3.7875     2.3366  0.000e+00
     38.092     5.9951   3.187883    32.1880        911     3.7917     2.3369  0.000e+00
     38.025     5.9951   3.187883    32.1880        912     3.7958     2.3361  0.000e+00
     37.957     5.9951   3.187905    32.1883        913     3.8000     2.3362  0.000e+00
     37.895     5.9951   3.187905    32.1883        914     3.8042     2.3355  0.000e+00
     37.823     5.9952   3.187905    32.1883        915     3.8083     2.3360  0.000e+00
     37.758     5.9952   3.187927    32.1886        916     3.8125     2.3355  0.000e+00
     37.695     5.9953   3.187905    32.1883        917     3.8167     2.3356  0.000e+00
     37.622     5.9953   3.187883    32.1880        918     3.8208     2.3362  0.000e+00
     37.552     5.9954   3.187844    32.1875        919     3.8250     2.3353  0.000e+00
     37.483     5.9954   3.187883    32.1881        920     3.8292     2.3359  0.000e+00
     37.418     5.9953   3.187927    32.1886        921     3.8333     2.3359  0.000e+00
     37.339     5.9954   3.187982    32.1892        922     3.8375     2.3356  0.000e+00
     37.261     5.9957   3.188005    32.1893        923     3.8417     2.3359  0.000e+00
     37.185     5.9962   3.188005    32.1888        924     3.8458     2.3365  0.000e+00
     37.111     5.9964   3.187966    32.1882        925     3.8500     2.3378  0.000e+00
     37.035     5.9964   3.187982    32.1884        926     3.8542     2.3376  0.000e+00
     36.957     5.9965   3.187982    32.1884        927     3.8583     2.3374  0.000e+00
     36.883     5.9966   3.188004    32.1885        928     3.8625     2.3368  0.000e+00
     36.813     5.9967   3.187966    32.1881        929     3.8667     2.3365  0.000e+00
     36.755     5.9968   3.187982    32.1882        930     3.8708     2.3379  0.000e+00
     36.690     5.9967   3.187905    32.1874        931     3.8750     2.3376  0.000e+00
     36.632     5.9965   3.187905    32.1876        932     3.8792     2.3375  0.000e+00
     36.581     5.9964   3.187905    32.1878        933     3.8833     2.3381  0.000e+00
     36.536     5.9964   3.187844    32.1871        934     3.8875     2.3382  0.000e+00
     36.487     5.9961   3.187882    32.1878        935     3.8917     2.3375  0.000e+00
     36.450     5.9960   3.187805    32.1871        936     3.8958     2.3380  0.000e+00
     36.404     5.9958   3.187805    32.1873        937     3.9000     2.3378  0.000e+00
     36.359     5.9957   3.187783    32.1872        938     3.9042     2.3380  0.000e+00
     36.316     5.9955   3.187783    32.1874        939     3.9083     2.3372  0.000e+00
     36.265     5.9954   3.187805    32.1878        940     3.9125     2.3372  0.000e+00
     36.209     5.9953   3.187783    32.1877        941     3.9167     2.3363  0.000e+00
     36.148     5.9953   3.187827    32.1882        942     3.9208     2.3363  0.000e+00
     36.083     5.9953   3.187805    32.1880        943     3.9250     2.3368  0.000e+00
     36.012     5.9954   3.187783    32.1877        944     3.9292     2.3362  0.000e+00
     35.935     5.9953   3.187805    32.1880        945     3.9333     2.3365  0.000e+00
     35.859     5.9955   3.187843    32.1883        946     3.9375     2.3365  0.000e+00
     35.783     5.9955   3.187843    32.1883        947     3.9417     2.3373  0.000e+00
     35.691     5.9957   3.187882    32.1886        948     3.9458     2.3385  0.000e+00
     35.611     5.9958   3.187965    32.1895        949     3.9500     2.3385  0.000e+00
     35.533     5.9962   3.187926    32.1887        950     3.9542     2.3391  0.000e+00
     35.450     5.9965   3.187943    32.1887        951     3.9583     2.3375  0.000e+00
     35.367     5.9966   3.188142    32.1908        952     3.9625     2.3384  0.000e+00
     35.296     5.9971   3.188082    32.1897        953     3.9667     2.3386  0.000e+00
     35.221     5.9976   3.188104    32.1895        954     3.9708     2.3388  0.000e+00
     35.154     5.9980   3.187982    32.1878        955     3.9750     2.3396  0.000e+00
     35.078     5.9979   3.187982    32.1879        956     3.9792     2.3398  0.000e+00
     35.009     5.9978   3.188142    32.1899        957     3.9833     2.3398  0.000e+00
     34.940     5.9981   3.188203    32.1903        958     3.9875     2.3403  0.000e+00
     34.879     5.9985   3.188242    32.1904        959     3.9917     2.3399  0.000e+00
     34.816     5.9990   3.188142    32.1888        960     3.9958     2.3405  0.000e+00
     34.753     5.9991   3.188081    32.1881        961     4.0000     2.3408  0.000e+00
     34.693     5.9990   3.188043    32.1877        962     4.0042     2.3416  0.000e+00
     34.644     5.9987   3.188081    32.1885        963     4.0083     2.3412  0.000e+00
     34.597     5.9986   3.188103    32.1889        964     4.0125     2.3405  0.000e+00
     34.557     5.9987   3.188103    32.1887        965     4.0167     2.3408  0.000e+00
     34.525     5.9987   3.188120    32.1890        966     4.0208     2.3416  0.000e+00
     34.496     5.9988   3.188081    32.1885        967     4.0250     2.3409  0.000e+00
     34.465     5.9987   3.188004    32.1877        968     4.0292     2.3411  0.000e+00
     34.443     5.9985   3.188081    32.1888        969     4.0333     2.3411  0.000e+00
     34.413     5.9984   3.188164    32.1898        970     4.0375     2.3409  0.000e+00
     34.380     5.9987   3.188164    32.1895        971     4.0417     2.3415  0.000e+00
     34.346     5.9990   3.188142    32.1891        972     4.0458     2.3422  0.000e+00
     34.304     5.9990   3.188142    32.1891        973     4.0500     2.3416  0.000e+00
     34.257     5.9992   3.188181    32.1894        974     4.0542     2.3415  0.000e+00
     34.201     5.9992   3.188220    32.1898        975     4.0583     2.3411  0.000e+00
     34.136     5.9994   3.188164    32.1890        976     4.0625     2.3416  0.000e+00
     34.062     5.9996   3.188181    32.1890        977     4.0667     2.3427  0.000e+00
     33.986     5.9996   3.188220    32.1895        978     4.0708     2.3424  0.000e+00
     33.907     5.9997   3.188242    32.1897        979     4.0750     2.3422  0.000e+00
     33.820     5.9999   3.188242    32.1895        980     4.0792     2.3409  0.000e+00
     33.733     6.0002   3.188264    32.1896        981     4.0833     2.3403  0.000e+00
     33.639     6.0002   3.188219    32.1891        982     4.0875     2.3413  0.000e+00
     33.551     6.0003   3.188142    32.1882        983     4.0917     2.3404  0.000e+00
     33.459     6.0003   3.188219    32.1891        984     4.0958     2.3401  0.000e+00
     33.366     6.0000   3.188164    32.1888        985     4.1000     2.3409  0.000e+00
     33.276     6.0000   3.188164    32.1888        986     4.1042     2.3415  0.000e+00
     33.186     6.0000   3.188142    32.1887        987     4.1083     2.3411  0.000e+00
     33.101     5.9999   3.188103    32.1883        988     4.1125     2.3405  0.000e+00
     33.012     5.9997   3.188120    32.1887        989     4.1167     2.3411  0.000e+00
     32.931     5.9995   3.188064    32.1884        990     4.1208     2.3407  0.000e+00
     32.853     5.9994   3.188064    32.1885        991     4.1250     2.3405  0.000e+00
     32.779     5.9992   3.188025    32.1883        992     4.1292     2.3408  0.000e+00
     32.709     5.9992   3.188025    32.1883        993     4.1333     2.3410  0.000e+00
     32.642     5.9989   3.188003    32.1884        994     4.1375     2.3416  0.000e+00
     32.582     5.9987   3.188025    32.1888        995     4.1417     2.3405  0.000e+00
     32.524     5.9987   3.188025    32.1889        996     4.1458     2.3405  0.000e+00
     32.477     5.9987   3.188025    32.1889        997     4.1500     2.3403  0.000e+00
     32.432     5.9986   3.188064    32.1894        998     4.1542     2.3409  0.000e+00
     32.390     5.9988   3.188064    32.1893        999     4.1583     2.3400  0.000e+00
     32.347     5.9989   3.188064    32.1893       1000     4.1625     2.3405  0.000e+00
     32.318     5.9990   3.188064    32.1892       1001     4.1667     2.3405  0.000e+00
     32.289     5.9990   3.188025    32.1887       1002     4.1708     2.3401  0.000e+00
     32.251     5.9990   3.188042    32.1889       1003     4.1750     2.3407  0.000e+00
     32.226     5.9991   3.188042    32.1889       1004     4.1792     2.3412  0.000e+00
     32.188     5.9990   3.188064    32.1892       1005     4.1833     2.3408  0.000e+00
     32.150     5.9990   3.188025    32.1888       1006     4.1875     2.3408  0.000e+00
     32.105     5.9991   3.188025    32.1887       1007     4.1917     2.3412  0.000e+00
     32.054     5.9990   3.188025    32.1888       1008     4.1958     2.3409  0.000e+00
     31.997     5.9990   3.188025    32.1889       1009     4.2000     2.3400  0.000e+00
     31.939     5.9989   3.188025    32.1890       1010     4.2042     2.3409  0.000e+00
     31.867     5.9989   3.188064    32.1895       1011     4.2083     2.3405  0.000e+00
     31.791     5.9990   3.188042    32.1892       1012     4.2125     2.3408  0.000e+00
     31.713     5.9990   3.188064    32.1895       1013     4.2167     2.3402  0.000e+00
     31.635     5.9992   3.188119    32.1900       1014     4.2208     2.3395  0.000e+00
     31.554     5.9993   3.188080    32.1894       1015     4.2250     2.3385  0.000e+00
     31.469     5.9996   3.188102    32.1895       1016     4.2292     2.3398  0.000e+00
     31.377     5.9997   3.188102    32.1894       1017     4.2333     2.3395  0.000e+00
     31.299     5.9998   3.188080    32.1891       1018     4.2375     2.3402  0.000e+00
     31.203     5.9999   3.188041    32.1886       1019     4.2417     2.3398  0.000e+00
     31.113     5.9998   3.188102    32.1894       1020     4.2458     2.3405  0.000e+00
     31.041     5.9999   3.188041    32.1887       1021     4.2500     2.3407  0.000e+00
     30.947     5.9998   3.188119    32.1897       1022     4.2542     2.3406  0.000e+00
     30.876     6.0000   3.188080    32.1891       1023     4.2583     2.3409  0.000e+00
     30.791     6.0001   3.188102    32.1893       1024     4.2625     2.3411  0.000e+00
     30.726     6.0002   3.188280    32.1912       1025     4.2667     2.3412  0.000e+00
     30.652     6.0007   3.188063    32.1884       1026     4.2708     2.3411  0.000e+00
     30.596     6.0006   3.188102    32.1889       1027     4.2750     2.3412  0.000e+00
     30.540     6.0004   3.188318    32.1915       1028     4.2792     2.3405  0.000e+00
     30.489     6.0010   3.188041    32.1879       1029     4.2833     2.3419  0.000e+00
     30.437     6.0015   3.188263    32.1899       1030     4.2875     2.3408  0.000e+00
     30.388     6.0017   3.188340    32.1907       1031     4.2917     2.3421  0.000e+00
     30.338     6.0020   3.188379    32.1908       1032     4.2958     2.3426  0.000e+00
     30.282     6.0024   3.188379    32.1904       1033     4.3000     2.3423  0.000e+00
     30.226     6.0029   3.188379    32.1900       1034     4.3042     2.3414  0.000e+00
     30.164     6.0031   3.188318    32.1891       1035     4.3083     2.3416  0.000e+00
     30.103     6.0031   3.188274    32.1887       1036     4.3125     2.3413  0.000e+00
     30.038     6.0029   3.188318    32.1894       1037     4.3167     2.3421  0.000e+00
     29.974     6.0030   3.188318    32.1893       1038     4.3208     2.3421  0.000e+00
     29.915     6.0030   3.188318    32.1894       1039     4.3250     2.3411  0.000e+00
     29.855     6.0030   3.188340    32.1896       1040     4.3292     2.3408  0.000e+00
     29.796     6.0031   3.188240    32.1884       1041     4.3333     2.3417  0.000e+00
     29.741     6.0030   3.188279    32.1890       1042     4.3375     2.3421  0.000e+00
     29.682     6.0028   3.188301    32.1895       1043     4.3417     2.3434  0.000e+00
     29.622     6.0028   3.188263    32.1891       1044     4.3458     2.3424  0.000e+00
     29.568     6.0029   3.188240    32.1888       1045     4.3500     2.3436  0.000e+00
     29.514     6.0028   3.188318    32.1898       1046     4.3542     2.3434  0.000e+00
     29.450     6.0028   3.188301    32.1896       1047     4.3583     2.3431  0.000e+00
     29.383     6.0029   3.188340    32.1900       1048     4.3625     2.3434  0.000e+00
     29.308     6.0032   3.188279    32.1891       1049     4.3667     2.3430  0.000e+00
     29.224     6.0032   3.188279    32.1890       1050     4.3708     2.3425  0.000e+00
     29.139     6.0031   3.188218    32.1885       1051     4.3750     2.3434  0.000e+00
     29.044     6.0029   3.188240    32.1890       1052     4.3792     2.3434  0.000e+00
     28.946     6.0028   3.188240    32.1892       1053     4.3833     2.3427  0.000e+00
     28.849     6.0027   3.188201    32.1889       1054     4.3875     2.3426  0.000e+00
     28.740     6.0026   3.188240    32.1895       1055     4.3917     2.3418  0.000e+00
     28.642     6.0025   3.188201    32.1891       1056     4.3958     2.3418  0.000e+00
     28.545     6.0025   3.188201    32.1892       1057     4.4000     2.3424  0.000e+00
     28.445     6.0026   3.188201    32.1892       1058     4.4042     2.3419  0.000e+00
     28.359     6.0027   3.188201    32.1892       1059     4.4083     2.3414  0.000e+00
     28.283     6.0026   3.188201    32.1892       1060     4.4125     2.3429  0.000e+00
     28.213     6.0026   3.188201    32.1893       1061     4.4167     2.3422  0.000e+00
     28.137     6.0026   3.188201    32.1893       1062     4.4208     2.3415  0.000e+00
     28.082     6.0026   3.188179    32.1891       1063     4.4250     2.3415  0.000e+00
     28.037     6.0028   3.188179    32.1889       1064     4.4292     2.3406  0.000e+00
     27.990     6.0027   3.188201    32.1893       1065     4.4333     2.3416  0.000e+00
     27.954     6.0026   3.188201    32.1894       1066     4.4375     2.3418  0.000e+00
     27.923     6.0025   3.188179    32.1892       1067     4.4417     2.3408  0.000e+00
     27.893     6.0027   3.188201    32.1894       1068     4.4458     2.3415  0.000e+00
     27.871     6.0027   3.188218    32.1895       1069     4.4500     2.3411  0.000e+00
     27.840     6.0027   3.188218    32.1896       1070     4.4542     2.3406  0.000e+00
     27.813     6.0028   3.188240    32.1897       1071     4.4583     2.3417  0.000e+00
     27.770     6.0030   3.188218    32.1893       1072     4.4625     2.3423  0.000e+00
     27.737     6.0029   3.188240    32.1896       1073     4.4667     2.3416  0.000e+00
     27.698     6.0031   3.188201    32.1891       1074     4.4708     2.3414  0.000e+00
     27.652     6.0031   3.188140    32.1884       1075     4.4750     2.3422  0.000e+00
     27.607     6.0029   3.188162    32.1889       1076     4.4792     2.3436  0.000e+00
     27.551     6.0027   3.188162    32.1891       1077     4.4833     2.3426  0.000e+00
     27.495     6.0026   3.188179    32.1894       1078     4.4875     2.3431  0.000e+00
     27.435     6.0025   3.188240    32.1901       1079     4.4917     2.3437  0.000e+00
     27.369     6.0028   3.188240    32.1899       1080     4.4958     2.3424  0.000e+00
     27.305     6.0029   3.188201    32.1894       1081     4.5000     2.3429  0.000e+00
     27.242     6.0031   3.188162    32.1888       1082     4.5042     2.3418  0.000e+00
     27.172     6.0029   3.188262    32.1901       1083     4.5083     2.3421  0.000e+00
     27.106     6.0031   3.188301    32.1904       1084     4.5125     2.3418  0.000e+00
     27.031     6.0035   3.188256    32.1896       1085     4.5167     2.3411  0.000e+00
     26.966     6.0036   3.188317    32.1902       1086     4.5208     2.3408  0.000e+00
     26.886     6.0038   3.188300    32.1899       1087     4.5250     2.3426  0.000e+00
     26.797     6.0040   3.188300    32.1897       1088     4.5292     2.3416  0.000e+00
