HB2402/sbe033.cnv
* Sea-Bird SBE 19plus V2 Data File:
* FileName = C:\cruise\data\sbe033.hex
* Software Version Seasave V 7.26.7.121
* Temperature SN = 7142
* Conductivity SN = 7142
* System UpLoad Time = Mar 19 2024 21:33:56
* NMEA Latitude = 38 51.38 N
* NMEA Longitude = 074 00.58 W
* NMEA UTC (Time) = Mar 19 2024  21:33:13
** Ship: Bigelow
** Cruise:  HB2304
** Program:  Fall Bottom Trawl
# nquan = 7
# nvalues = 1095                                  
# units = specified
# name 0 = depSM: Depth [salt water, m]
# name 1 = tv290C: Temperature [ITS-90, deg C]
# name 2 = c0S/m: Conductivity [S/m]
# name 3 = sal00: Salinity, Practical [PSU]
# name 4 = scan: Scan Count
# name 5 = timeM: Time, Elapsed [minutes]
# name 6 = flag:  0.000e+00
# span 0 =     -0.145,     36.735                 
# span 1 =     7.6926,     8.5423                 
# span 2 =   0.000110,   3.362905                 
# span 3 =     0.0044,    32.2157                 
# span 4 =         11,       1105                 
# span 5 =     0.0417,     4.6000                 
# span 6 = 0.0000e+00, 0.0000e+00                 
# interval = seconds: 0.25
# start_time = Mar 19 2024 21:33:13 [NMEA time, header]
# bad_flag = -9.990e-29
*END*
[from data line 206]
     17.787     7.9516   3.325730    31.8788        217     0.9000  0.000e+00
     17.900     7.9510   3.326062    31.8828        218     0.9042  0.000e+00
     18.010     7.9505   3.325617    31.8784        219     0.9083  0.000e+00
     18.118     7.9502   3.324664    31.8686        220     0.9125  0.000e+00
     18.220     7.9499   3.324208    31.8639        221     0.9167  0.000e+00
     18.319     7.9495   3.322853    31.8498        222     0.9208  0.000e+00
     18.411     7.9491   3.322006    31.8412        223     0.9250  0.000e+00
     18.501     7.9484   3.321976    31.8414        224     0.9292  0.000e+00
     18.592     7.9480   3.322059    31.8427        225     0.9333  0.000e+00
     18.689     7.9478   3.322184    31.8441        226     0.9375  0.000e+00
     18.795     7.9476   3.329053    31.9173        227     0.9417  0.000e+00
     18.910     7.9473   3.327087    31.8966        228     0.9458  0.000e+00
     19.033     7.9470   3.326690    31.8926        229     0.9500  0.000e+00
     19.171     7.9468   3.324937    31.8741        230     0.9542  0.000e+00
     19.309     7.9469   3.327501    31.9012        231     0.9583  0.000e+00
     19.450     7.9465   3.328254    31.9095        232     0.9625  0.000e+00
     19.588     7.9455   3.326731    31.8942        233     0.9667  0.000e+00
     19.725     7.9445   3.329444    31.9238        234     0.9708  0.000e+00
     19.859     7.9435   3.329788    31.9283        235     0.9750  0.000e+00
     19.983     7.9428   3.330025    31.9315        236     0.9792  0.000e+00
     20.095     7.9422   3.326086    31.8901        237     0.9833  0.000e+00
     20.210     7.9414   3.323374    31.8620        238     0.9875  0.000e+00
     20.312     7.9406   3.323173    31.8604        239     0.9917  0.000e+00
     20.415     7.9402   3.323226    31.8614        240     0.9958  0.000e+00
     20.524     7.9401   3.323268    31.8619        241     1.0000  0.000e+00
     20.634     7.9396   3.323357    31.8631        242     1.0042  0.000e+00
     20.744     7.9395   3.323416    31.8638        243     1.0083  0.000e+00
     20.862     7.9392   3.323540    31.8654        244     1.0125  0.000e+00
     20.984     7.9387   3.323830    31.8689        245     1.0167  0.000e+00
     21.114     7.9384   3.324440    31.8756        246     1.0208  0.000e+00
     21.249     7.9382   3.325755    31.8897        247     1.0250  0.000e+00
     21.392     7.9377   3.326294    31.8958        248     1.0292  0.000e+00
     21.538     7.9372   3.327188    31.9057        249     1.0333  0.000e+00
     21.689     7.9370   3.328444    31.9192        250     1.0375  0.000e+00
     21.840     7.9366   3.329190    31.9274        251     1.0417  0.000e+00
     21.993     7.9364   3.329818    31.9342        252     1.0458  0.000e+00
     22.155     7.9362   3.329108    31.9267        253     1.0500  0.000e+00
     22.305     7.9358   3.329588    31.9322        254     1.0542  0.000e+00
     22.458     7.9358   3.333173    31.9702        255     1.0583  0.000e+00
     22.602     7.9364   3.335485    31.9942        256     1.0625  0.000e+00
     22.737     7.9373   3.336131    32.0001        257     1.0667  0.000e+00
     22.868     7.9383   3.336321    32.0012        258     1.0708  0.000e+00
     22.997     7.9390   3.336570    32.0031        259     1.0750  0.000e+00
     23.120     7.9396   3.337009    32.0072        260     1.0792  0.000e+00
     23.235     7.9409   3.337679    32.0131        261     1.0833  0.000e+00
     23.355     7.9423   3.338153    32.0168        262     1.0875  0.000e+00
     23.476     7.9440   3.338539    32.0193        263     1.0917  0.000e+00
     23.600     7.9456   3.338645    32.0189        264     1.0958  0.000e+00
     23.724     7.9471   3.338895    32.0201        265     1.1000  0.000e+00
     23.849     7.9483   3.339084    32.0210        266     1.1042  0.000e+00
     23.979     7.9493   3.339399    32.0233        267     1.1083  0.000e+00
     24.112     7.9502   3.338877    32.0169        268     1.1125  0.000e+00
     24.248     7.9503   3.339150    32.0197        269     1.1167  0.000e+00
     24.387     7.9500   3.339251    32.0210        270     1.1208  0.000e+00
     24.525     7.9503   3.339019    32.0182        271     1.1250  0.000e+00
     24.671     7.9502   3.339251    32.0206        272     1.1292  0.000e+00
     24.816     7.9503   3.339316    32.0212        273     1.1333  0.000e+00
     24.962     7.9503   3.339630    32.0245        274     1.1375  0.000e+00
     25.109     7.9506   3.340408    32.0324        275     1.1417  0.000e+00
     25.266     7.9519   3.340870    32.0360        276     1.1458  0.000e+00
     25.417     7.9536   3.340971    32.0355        277     1.1500  0.000e+00
     25.566     7.9548   3.341161    32.0363        278     1.1542  0.000e+00
     25.706     7.9559   3.341487    32.0387        279     1.1583  0.000e+00
     25.841     7.9567   3.342247    32.0460        280     1.1625  0.000e+00
     25.968     7.9579   3.343149    32.0544        281     1.1667  0.000e+00
     26.092     7.9599   3.343719    32.0586        282     1.1708  0.000e+00
     26.216     7.9617   3.344306    32.0632        283     1.1750  0.000e+00
     26.340     7.9628   3.344306    32.0621        284     1.1792  0.000e+00
     26.468     7.9630   3.344811    32.0672        285     1.1833  0.000e+00
     26.599     7.9628   3.344840    32.0676        286     1.1875  0.000e+00
     26.738     7.9628   3.344265    32.0615        287     1.1917  0.000e+00
     26.883     7.9624   3.344033    32.0593        288     1.1958  0.000e+00
     27.043     7.9620   3.343986    32.0590        289     1.2000  0.000e+00
     27.210     7.9615   3.343826    32.0577        290     1.2042  0.000e+00
     27.390     7.9611   3.343867    32.0585        291     1.2083  0.000e+00
     27.566     7.9608   3.344348    32.0638        292     1.2125  0.000e+00
     27.755     7.9604   3.344324    32.0638        293     1.2167  0.000e+00
     27.933     7.9599   3.344853    32.0698        294     1.2208  0.000e+00
     28.113     7.9588   3.344663    32.0687        295     1.2250  0.000e+00
     28.280     7.9574   3.344586    32.0691        296     1.2292  0.000e+00
     28.416     7.9565   3.344728    32.0714        297     1.2333  0.000e+00
     28.548     7.9547   3.344954    32.0754        298     1.2375  0.000e+00
     28.661     7.9519   3.344936    32.0777        299     1.2417  0.000e+00
     28.761     7.9479   3.344503    32.0767        300     1.2458  0.000e+00
     28.855     7.9372   3.344200    32.0832        301     1.2500  0.000e+00
     28.950     7.9243   3.344011    32.0930        302     1.2542  0.000e+00
     29.045     7.9146   3.343566    32.0972        303     1.2583  0.000e+00
     29.146     7.9046   3.343406    32.1046        304     1.2625  0.000e+00
     29.254     7.8966   3.343406    32.1120        305     1.2667  0.000e+00
     29.369     7.8921   3.343388    32.1158        306     1.2708  0.000e+00
     29.502     7.8898   3.343614    32.1203        307     1.2750  0.000e+00
     29.646     7.8905   3.343952    32.1231        308     1.2792  0.000e+00
     29.798     7.8947   3.343531    32.1148        309     1.2833  0.000e+00
     29.964     7.8952   3.343685    32.1159        310     1.2875  0.000e+00
     30.140     7.8947   3.343697    32.1163        311     1.2917  0.000e+00
     30.311     7.8955   3.343489    32.1133        312     1.2958  0.000e+00
     30.485     7.8944   3.343424    32.1136        313     1.3000  0.000e+00
     30.656     7.8929   3.343258    32.1131        314     1.3042  0.000e+00
     30.818     7.8909   3.342653    32.1085        315     1.3083  0.000e+00
     30.970     7.8834   3.341787    32.1060        316     1.3125  0.000e+00
     31.118     7.8714   3.341247    32.1112        317     1.3167  0.000e+00
     31.258     7.8573   3.340387    32.1150        318     1.3208  0.000e+00
     31.395     7.8426   3.339675    32.1209        319     1.3250  0.000e+00
     31.524     7.8262   3.338519    32.1235        320     1.3292  0.000e+00
     31.659     7.8041   3.338021    32.1385        321     1.3333  0.000e+00
     31.788     7.7815   3.336930    32.1476        322     1.3375  0.000e+00
     31.919     7.7582   3.336865    32.1683        323     1.3417  0.000e+00
     32.052     7.7392   3.336871    32.1859        324     1.3458  0.000e+00
     32.187     7.7291   3.336889    32.1953        325     1.3500  0.000e+00
     32.322     7.7244   3.336789    32.1986        326     1.3542  0.000e+00
     32.469     7.7216   3.336842    32.2017        327     1.3583  0.000e+00
     32.628     7.7214   3.337186    32.2054        328     1.3625  0.000e+00
     32.793     7.7260   3.337144    32.2007        329     1.3667  0.000e+00
     32.965     7.7301   3.337144    32.1969        330     1.3708  0.000e+00
     33.145     7.7316   3.336984    32.1937        331     1.3750  0.000e+00
     33.329     7.7302   3.336890    32.1939        332     1.3792  0.000e+00
     33.510     7.7274   3.336724    32.1946        333     1.3833  0.000e+00
     33.679     7.7243   3.336605    32.1961        334     1.3875  0.000e+00
     33.844     7.7208   3.336475    32.1979        335     1.3917  0.000e+00
     33.999     7.7173   3.336516    32.2014        336     1.3958  0.000e+00
     34.141     7.7151   3.336392    32.2021        337     1.4000  0.000e+00
     34.269     7.7128   3.336208    32.2022        338     1.4042  0.000e+00
     34.387     7.7095   3.336137    32.2044        339     1.4083  0.000e+00
     34.504     7.7059   3.336078    32.2071        340     1.4125  0.000e+00
     34.615     7.7031   3.336025    32.2090        341     1.4167  0.000e+00
     34.721     7.7009   3.335971    32.2105        342     1.4208  0.000e+00
     34.829     7.6992   3.335906    32.2113        343     1.4250  0.000e+00
     34.941     7.6977   3.335906    32.2126        344     1.4292  0.000e+00
     35.061     7.6966   3.335948    32.2140        345     1.4333  0.000e+00
     35.182     7.6961   3.335972    32.2147        346     1.4375  0.000e+00
     35.316     7.6960   3.336013    32.2151        347     1.4417  0.000e+00
     35.462     7.6965   3.336013    32.2147        348     1.4458  0.000e+00
     35.620     7.6966   3.336007    32.2144        349     1.4500  0.000e+00
     35.784     7.6966   3.335990    32.2141        350     1.4542  0.000e+00
     35.951     7.6969   3.335972    32.2136        351     1.4583  0.000e+00
     36.129     7.6966   3.335948    32.2135        352     1.4625  0.000e+00
     36.305     7.6963   3.335972    32.2139        353     1.4667  0.000e+00
     36.483     7.6960   3.336013    32.2146        354     1.4708  0.000e+00
     36.643     7.6958   3.336037    32.2150        355     1.4750  0.000e+00
     36.711     7.6957   3.336025    32.2149        356     1.4792  0.000e+00
     36.735     7.6955   3.335948    32.2142        357     1.4833  0.000e+00
     36.684     7.6951   3.335907    32.2142        358     1.4875  0.000e+00
     36.630     7.6946   3.335931    32.2150        359     1.4917  0.000e+00
     36.596     7.6943   3.335931    32.2153        360     1.4958  0.000e+00
     36.571     7.6941   3.335931    32.2154        361     1.5000  0.000e+00
     36.517     7.6940   3.335930    32.2156        362     1.5042  0.000e+00
     36.438     7.6940   3.335889    32.2151        363     1.5083  0.000e+00
     36.346     7.6938   3.335889    32.2154        364     1.5125  0.000e+00
     36.274     7.6939   3.335889    32.2153        365     1.5167  0.000e+00
     36.199     7.6940   3.335889    32.2153        366     1.5208  0.000e+00
     36.123     7.6938   3.335865    32.2152        367     1.5250  0.000e+00
     36.046     7.6939   3.335889    32.2154        368     1.5292  0.000e+00
     35.972     7.6938   3.335889    32.2156        369     1.5333  0.000e+00
     35.897     7.6937   3.335865    32.2154        370     1.5375  0.000e+00
     35.798     7.6937   3.335889    32.2157        371     1.5417  0.000e+00
     35.697     7.6938   3.335865    32.2154        372     1.5458  0.000e+00
     35.600     7.6940   3.335847    32.2151        373     1.5500  0.000e+00
     35.509     7.6940   3.335847    32.2151        374     1.5542  0.000e+00
     35.428     7.6938   3.335847    32.2153        375     1.5583  0.000e+00
     35.343     7.6937   3.335806    32.2151        376     1.5625  0.000e+00
     35.259     7.6937   3.335770    32.2147        377     1.5667  0.000e+00
     35.174     7.6935   3.335764    32.2149        378     1.5708  0.000e+00
     35.095     7.6935   3.335764    32.2149        379     1.5750  0.000e+00
     35.007     7.6935   3.335764    32.2149        380     1.5792  0.000e+00
     34.921     7.6934   3.335770    32.2151        381     1.5833  0.000e+00
     34.829     7.6934   3.335764    32.2151        382     1.5875  0.000e+00
     34.718     7.6932   3.335740    32.2151        383     1.5917  0.000e+00
     34.655     7.6933   3.335740    32.2150        384     1.5958  0.000e+00
     34.601     7.6933   3.335728    32.2149        385     1.6000  0.000e+00
     34.581     7.6934   3.335722    32.2148        386     1.6042  0.000e+00
     34.560     7.6933   3.335722    32.2148        387     1.6083  0.000e+00
     34.529     7.6933   3.335710    32.2147        388     1.6125  0.000e+00
     34.480     7.6932   3.335681    32.2145        389     1.6167  0.000e+00
     34.432     7.6932   3.335681    32.2146        390     1.6208  0.000e+00
     34.391     7.6932   3.335699    32.2148        391     1.6250  0.000e+00
     34.360     7.6932   3.335687    32.2147        392     1.6292  0.000e+00
     34.338     7.6932   3.335699    32.2149        393     1.6333  0.000e+00
     34.324     7.6933   3.335699    32.2147        394     1.6375  0.000e+00
     34.310     7.6932   3.335681    32.2147        395     1.6417  0.000e+00
     34.297     7.6931   3.335669    32.2146        396     1.6458  0.000e+00
     34.288     7.6932   3.335699    32.2149        397     1.6500  0.000e+00
     34.277     7.6932   3.335699    32.2149        398     1.6542  0.000e+00
     34.263     7.6932   3.335669    32.2145        399     1.6583  0.000e+00
     34.234     7.6934   3.335681    32.2145        400     1.6625  0.000e+00
     34.196     7.6932   3.335633    32.2142        401     1.6667  0.000e+00
     34.148     7.6933   3.335633    32.2141        402     1.6708  0.000e+00
     34.094     7.6932   3.335669    32.2147        403     1.6750  0.000e+00
     34.040     7.6930   3.335657    32.2147        404     1.6792  0.000e+00
     33.983     7.6931   3.335657    32.2146        405     1.6833  0.000e+00
     33.929     7.6932   3.335669    32.2147        406     1.6875  0.000e+00
     33.875     7.6931   3.335657    32.2147        407     1.6917  0.000e+00
     33.821     7.6931   3.335657    32.2147        408     1.6958  0.000e+00
     33.769     7.6932   3.335681    32.2149        409     1.7000  0.000e+00
     33.715     7.6932   3.335651    32.2146        410     1.7042  0.000e+00
     33.666     7.6932   3.335657    32.2147        411     1.7083  0.000e+00
     33.616     7.6931   3.335657    32.2148        412     1.7125  0.000e+00
     33.571     7.6932   3.335633    32.2145        413     1.7167  0.000e+00
     33.519     7.6932   3.335627    32.2144        414     1.7208  0.000e+00
     33.472     7.6932   3.335633    32.2146        415     1.7250  0.000e+00
     33.431     7.6932   3.335615    32.2144        416     1.7292  0.000e+00
     33.395     7.6930   3.335609    32.2145        417     1.7333  0.000e+00
     33.359     7.6931   3.335592    32.2142        418     1.7375  0.000e+00
     33.336     7.6929   3.335592    32.2144        419     1.7417  0.000e+00
     33.310     7.6929   3.335592    32.2145        420     1.7458  0.000e+00
