HB2402/sbe039.cnv
* Sea-Bird SBE 19plus V2 Data File:
* FileName = C:\cruise\data\sbe039.hex
* Software Version Seasave V 7.26.7.121
* Temperature SN = 7142
* Conductivity SN = 7142
* System UpLoad Time = Mar 21 2024 14:18:51
* NMEA Latitude = 40 20.03 N
* NMEA Longitude = 073 48.06 W
* NMEA UTC (Time) = Mar 21 2024  14:18:09
** Ship: Bigelow
** Cruise:  HB2304
** Program:  Fall Bottom Trawl
# nquan = 7
# nvalues = 1432                                  
# units = specified
# name 0 = depSM: Depth [salt water, m]
# name 1 = tv290C: Temperature [ITS-90, deg C]
# name 2 = c0S/m: Conductivity [S/m]
# name 3 = sal00: Salinity, Practical [PSU]
# name 4 = scan: Scan Count
# name 5 = timeM: Time, Elapsed [minutes]
# name 6 = flag:  0.000e+00
# span 0 =     -0.004,     39.782                 
# span 1 =     1.1423,     7.1782                 
# span 2 =   0.000037,   3.245370                 
# span 3 =    -0.0009,    31.9994                 
# span 4 =         11,       1442                 
# span 5 =     0.0417,     6.0042                 
# span 6 = 0.0000e+00, 0.0000e+00                 
# interval = seconds: 0.25
# start_time = Mar 21 2024 14:18:09 [NMEA time, header]
# bad_flag = -9.990e-29
*END*
[from data line 616]
     31.199     6.8715   3.244582    31.9934        627     2.6083  0.000e+00
     31.140     6.8713   3.244599    31.9938        628     2.6125  0.000e+00
     31.075     6.8713   3.244623    31.9941        629     2.6167  0.000e+00
     31.009     6.8714   3.244335    31.9909        630     2.6208  0.000e+00
     30.948     6.8712   3.244071    31.9882        631     2.6250  0.000e+00
     30.876     6.8708   3.243872    31.9864        632     2.6292  0.000e+00
     30.802     6.8704   3.244194    31.9904        633     2.6333  0.000e+00
     30.738     6.8705   3.244581    31.9946        634     2.6375  0.000e+00
     30.675     6.8708   3.244652    31.9951        635     2.6417  0.000e+00
     30.613     6.8711   3.244699    31.9954        636     2.6458  0.000e+00
     30.552     6.8714   3.244681    31.9949        637     2.6500  0.000e+00
     30.491     6.8715   3.244663    31.9947        638     2.6542  0.000e+00
     30.437     6.8715   3.244153    31.9891        639     2.6583  0.000e+00
     30.375     6.8711   3.244012    31.9879        640     2.6625  0.000e+00
     30.319     6.8708   3.243995    31.9881        641     2.6667  0.000e+00
     30.259     6.8705   3.243995    31.9884        642     2.6708  0.000e+00
     30.191     6.8705   3.244112    31.9897        643     2.6750  0.000e+00
     30.119     6.8704   3.244194    31.9907        644     2.6792  0.000e+00
     30.042     6.8705   3.244235    31.9911        645     2.6833  0.000e+00
     29.958     6.8706   3.244276    31.9915        646     2.6875  0.000e+00
     29.877     6.8707   3.244276    31.9915        647     2.6917  0.000e+00
     29.796     6.8708   3.244335    31.9920        648     2.6958  0.000e+00
     29.722     6.8708   3.244358    31.9923        649     2.7000  0.000e+00
     29.645     6.8709   3.244399    31.9927        650     2.7042  0.000e+00
     29.576     6.8711   3.244417    31.9927        651     2.7083  0.000e+00
     29.505     6.8712   3.244440    31.9930        652     2.7125  0.000e+00
     29.440     6.8712   3.244417    31.9928        653     2.7167  0.000e+00
     29.377     6.8712   3.244499    31.9936        654     2.7208  0.000e+00
     29.321     6.8713   3.244399    31.9925        655     2.7250  0.000e+00
     29.262     6.8712   3.244294    31.9914        656     2.7292  0.000e+00
     29.208     6.8711   3.244112    31.9896        657     2.7333  0.000e+00
     29.154     6.8708   3.243994    31.9886        658     2.7375  0.000e+00
     29.098     6.8706   3.243871    31.9875        659     2.7417  0.000e+00
     29.037     6.8702   3.244153    31.9910        660     2.7458  0.000e+00
     28.978     6.8703   3.243994    31.9892        661     2.7500  0.000e+00
     28.906     6.8702   3.243807    31.9872        662     2.7542  0.000e+00
     28.838     6.8701   3.244194    31.9916        663     2.7583  0.000e+00
     28.764     6.8702   3.243689    31.9861        664     2.7625  0.000e+00
     28.680     6.8700   3.243584    31.9851        665     2.7667  0.000e+00
     28.595     6.8697   3.243648    31.9861        666     2.7708  0.000e+00
     28.505     6.8696   3.243666    31.9864        667     2.7750  0.000e+00
     28.417     6.8695   3.243549    31.9853        668     2.7792  0.000e+00
     28.327     6.8693   3.243525    31.9853        669     2.7833  0.000e+00
     28.234     6.8692   3.243730    31.9877        670     2.7875  0.000e+00
     28.139     6.8695   3.243789    31.9881        671     2.7917  0.000e+00
     28.052     6.8695   3.243548    31.9855        672     2.7958  0.000e+00
     27.968     6.8695   3.243525    31.9853        673     2.8000  0.000e+00
     27.889     6.8692   3.243584    31.9862        674     2.8042  0.000e+00
     27.820     6.8692   3.243402    31.9843        675     2.8083  0.000e+00
     27.752     6.8693   3.243343    31.9836        676     2.8125  0.000e+00
     27.686     6.8690   3.243443    31.9850        677     2.8167  0.000e+00
     27.626     6.8690   3.243625    31.9869        678     2.8208  0.000e+00
     27.569     6.8692   3.243302    31.9833        679     2.8250  0.000e+00
     27.511     6.8689   3.242657    31.9765        680     2.8292  0.000e+00
     27.457     6.8684   3.242839    31.9791        681     2.8333  0.000e+00
     27.402     6.8679   3.242798    31.9791        682     2.8375  0.000e+00
     27.342     6.8677   3.242897    31.9804        683     2.8417  0.000e+00
     27.269     6.8677   3.242856    31.9799        684     2.8458  0.000e+00
     27.202     6.8678   3.242956    31.9810        685     2.8500  0.000e+00
     27.127     6.8678   3.243108    31.9827        686     2.8542  0.000e+00
     27.062     6.8681   3.242715    31.9781        687     2.8583  0.000e+00
     26.999     6.8681   3.242328    31.9740        688     2.8625  0.000e+00
     26.933     6.8674   3.242352    31.9749        689     2.8667  0.000e+00
     26.879     6.8670   3.242029    31.9718        690     2.8708  0.000e+00
     26.827     6.8665   3.241543    31.9670        691     2.8750  0.000e+00
     26.780     6.8658   3.240710    31.9585        692     2.8792  0.000e+00
     26.728     6.8648   3.240107    31.9529        693     2.8833  0.000e+00
     26.670     6.8635   3.239561    31.9482        694     2.8875  0.000e+00
     26.613     6.8622   3.239538    31.9491        695     2.8917  0.000e+00
     26.546     6.8614   3.239339    31.9477        696     2.8958  0.000e+00
     26.472     6.8608   3.238811    31.9425        697     2.9000  0.000e+00
     26.392     6.8602   3.237575    31.9296        698     2.9042  0.000e+00
     26.300     6.8587   3.236203    31.9161        699     2.9083  0.000e+00
     26.208     6.8565   3.235272    31.9080        700     2.9125  0.000e+00
     26.113     6.8543   3.235090    31.9081        701     2.9167  0.000e+00
     26.023     6.8530   3.234446    31.9024        702     2.9208  0.000e+00
     25.935     6.8517   3.233274    31.8908        703     2.9250  0.000e+00
     25.844     6.8498   3.232531    31.8845        704     2.9292  0.000e+00
     25.763     6.8478   3.232226    31.8830        705     2.9333  0.000e+00
     25.678     6.8462   3.231922    31.8812        706     2.9375  0.000e+00
     25.599     6.8450   3.231599    31.8789        707     2.9417  0.000e+00
     25.520     6.8441   3.231301    31.8765        708     2.9458  0.000e+00
     25.448     6.8433   3.231178    31.8759        709     2.9500  0.000e+00
     25.389     6.8426   3.231037    31.8750        710     2.9542  0.000e+00
     25.324     6.8421   3.230873    31.8738        711     2.9583  0.000e+00
     25.268     6.8417   3.230633    31.8716        712     2.9625  0.000e+00
     25.211     6.8413   3.230510    31.8706        713     2.9667  0.000e+00
     25.150     6.8408   3.230311    31.8689        714     2.9708  0.000e+00
     25.096     6.8404   3.230089    31.8669        715     2.9750  0.000e+00
     25.035     6.8399   3.229931    31.8656        716     2.9792  0.000e+00
     24.968     6.8394   3.229667    31.8632        717     2.9833  0.000e+00
     24.895     6.8387   3.229386    31.8608        718     2.9875  0.000e+00
     24.812     6.8383   3.229222    31.8595        719     2.9917  0.000e+00
     24.717     6.8377   3.228777    31.8552        720     2.9958  0.000e+00
     24.618     6.8370   3.228637    31.8544        721     3.0000  0.000e+00
     24.506     6.8363   3.227870    31.8467        722     3.0042  0.000e+00
     24.408     6.8354   3.227045    31.8385        723     3.0083  0.000e+00
     24.302     6.8339   3.226682    31.8361        724     3.0125  0.000e+00
     24.206     6.8326   3.226424    31.8345        725     3.0167  0.000e+00
     24.116     6.8314   3.226260    31.8339        726     3.0208  0.000e+00
     24.043     6.8309   3.226003    31.8315        727     3.0250  0.000e+00
     23.980     6.8301   3.225476    31.8265        728     3.0292  0.000e+00
     23.928     6.8294   3.225178    31.8239        729     3.0333  0.000e+00
     23.877     6.8287   3.225014    31.8228        730     3.0375  0.000e+00
     23.831     6.8280   3.224610    31.8191        731     3.0417  0.000e+00
     23.778     6.8274   3.224049    31.8135        732     3.0458  0.000e+00
     23.721     6.8264   3.223627    31.8099        733     3.0500  0.000e+00
     23.656     6.8255   3.223265    31.8068        734     3.0542  0.000e+00
     23.584     6.8245   3.222884    31.8035        735     3.0583  0.000e+00
     23.496     6.8237   3.222604    31.8013        736     3.0625  0.000e+00
     23.403     6.8228   3.221878    31.7942        737     3.0667  0.000e+00
     23.311     6.8219   3.219907    31.7736        738     3.0708  0.000e+00
     23.210     6.8194   3.219305    31.7693        739     3.0750  0.000e+00
     23.121     6.8173   3.219405    31.7724        740     3.0792  0.000e+00
     23.033     6.8160   3.219083    31.7702        741     3.0833  0.000e+00
     22.957     6.8153   3.218703    31.7667        742     3.0875  0.000e+00
     22.896     6.8145   3.218586    31.7661        743     3.0917  0.000e+00
     22.838     6.8138   3.218522    31.7661        744     3.0958  0.000e+00
     22.797     6.8135   3.218340    31.7645        745     3.1000  0.000e+00
     22.750     6.8132   3.218299    31.7643        746     3.1042  0.000e+00
     22.718     6.8128   3.218182    31.7634        747     3.1083  0.000e+00
     22.671     6.8126   3.217802    31.7595        748     3.1125  0.000e+00
     22.626     6.8121   3.217417    31.7557        749     3.1167  0.000e+00
     22.578     6.8114   3.217142    31.7534        750     3.1208  0.000e+00
     22.524     6.8108   3.216797    31.7502        751     3.1250  0.000e+00
     22.461     6.8100   3.216277    31.7453        752     3.1292  0.000e+00
     22.395     6.8093   3.214950    31.7315        753     3.1333  0.000e+00
     22.321     6.8078   3.214313    31.7260        754     3.1375  0.000e+00
     22.251     6.8060   3.213548    31.7192        755     3.1417  0.000e+00
     22.175     6.8044   3.213028    31.7151        756     3.1458  0.000e+00
     22.107     6.8031   3.212928    31.7152        757     3.1500  0.000e+00
     22.033     6.8022   3.212268    31.7089        758     3.1542  0.000e+00
     21.963     6.8011   3.211106    31.6972        759     3.1583  0.000e+00
     21.895     6.7994   3.211345    31.7015        760     3.1625  0.000e+00
     21.825     6.7984   3.211006    31.6987        761     3.1667  0.000e+00
     21.748     6.7978   3.209984    31.6881        762     3.1708  0.000e+00
     21.674     6.7965   3.209242    31.6812        763     3.1750  0.000e+00
     21.598     6.7949   3.208804    31.6779        764     3.1792  0.000e+00
     21.521     6.7936   3.207905    31.6694        765     3.1833  0.000e+00
     21.446     6.7920   3.207105    31.6622        766     3.1875  0.000e+00
     21.368     6.7903   3.207064    31.6633        767     3.1917  0.000e+00
     21.289     6.7892   3.206428    31.6574        768     3.1958  0.000e+00
     21.219     6.7880   3.205126    31.6443        769     3.2000  0.000e+00
     21.151     6.7863   3.204350    31.6375        770     3.2042  0.000e+00
     21.092     6.7842   3.203825    31.6337        771     3.2083  0.000e+00
     21.043     6.7825   3.203591    31.6327        772     3.2125  0.000e+00
     20.987     6.7813   3.203008    31.6275        773     3.2167  0.000e+00
     20.944     6.7802   3.202710    31.6253        774     3.2208  0.000e+00
     20.906     6.7791   3.201753    31.6157        775     3.2250  0.000e+00
     20.867     6.7778   3.201595    31.6153        776     3.2292  0.000e+00
     20.833     6.7765   3.201234    31.6126        777     3.2333  0.000e+00
     20.799     6.7758   3.201012    31.6108        778     3.2375  0.000e+00
     20.763     6.7750   3.200417    31.6050        779     3.2417  0.000e+00
     20.725     6.7743   3.200475    31.6063        780     3.2458  0.000e+00
     20.692     6.7736   3.200236    31.6044        781     3.2500  0.000e+00
     20.640     6.7730   3.199536    31.5973        782     3.2542  0.000e+00
     20.590     6.7722   3.197588    31.5768        783     3.2583  0.000e+00
     20.527     6.7701   3.196014    31.5615        784     3.2625  0.000e+00
     20.466     6.7673   3.194906    31.5520        785     3.2667  0.000e+00
     20.398     6.7643   3.193326    31.5375        786     3.2708  0.000e+00
     20.329     6.7609   3.190541    31.5102        787     3.2750  0.000e+00
     20.263     6.7566   3.187902    31.4853        788     3.2792  0.000e+00
     20.182     6.7510   3.182643    31.4331        789     3.2833  0.000e+00
     20.115     6.7433   3.177517    31.3840        790     3.2875  0.000e+00
     20.044     6.7335   3.175283    31.3686        791     3.2917  0.000e+00
     19.977     6.7254   3.174434    31.3668        792     3.2958  0.000e+00
     19.923     6.7198   3.173952    31.3666        793     3.3000  0.000e+00
     19.864     6.7166   3.173585    31.3656        794     3.3042  0.000e+00
     19.805     6.7147   3.173428    31.3657        795     3.3083  0.000e+00
     19.743     6.7137   3.173329    31.3655        796     3.3125  0.000e+00
     19.688     6.7130   3.172777    31.3601        797     3.3167  0.000e+00
     19.637     6.7125   3.172004    31.3522        798     3.3208  0.000e+00
     19.583     6.7116   3.171731    31.3500        799     3.3250  0.000e+00
     19.528     6.7108   3.171312    31.3462        800     3.3292  0.000e+00
     19.474     6.7100   3.170620    31.3394        801     3.3333  0.000e+00
     19.420     6.7093   3.169853    31.3316        802     3.3375  0.000e+00
     19.370     6.7087   3.169127    31.3243        803     3.3417  0.000e+00
     19.307     6.7079   3.167668    31.3091        804     3.3458  0.000e+00
     19.256     6.7070   3.165757    31.2890        805     3.3500  0.000e+00
     19.201     6.7059   3.165193    31.2839        806     3.3542  0.000e+00
     19.152     6.7049   3.165025    31.2830        807     3.3583  0.000e+00
     19.105     6.7043   3.164926    31.2825        808     3.3625  0.000e+00
     19.064     6.7039   3.164787    31.2813        809     3.3667  0.000e+00
     19.021     6.7038   3.164630    31.2798        810     3.3708  0.000e+00
     18.992     6.7036   3.164630    31.2799        811     3.3750  0.000e+00
     18.958     6.7036   3.164636    31.2800        812     3.3792  0.000e+00
     18.929     6.7035   3.164531    31.2790        813     3.3833  0.000e+00
     18.900     6.7035   3.164299    31.2765        814     3.3875  0.000e+00
     18.868     6.7033   3.164142    31.2749        815     3.3917  0.000e+00
     18.836     6.7031   3.164043    31.2741        816     3.3958  0.000e+00
     18.796     6.7028   3.163985    31.2737        817     3.4000  0.000e+00
     18.750     6.7025   3.163991    31.2740        818     3.4042  0.000e+00
     18.697     6.7025   3.163944    31.2735        819     3.4083  0.000e+00
     18.640     6.7025   3.163805    31.2721        820     3.4125  0.000e+00
     18.573     6.7023   3.163706    31.2712        821     3.4167  0.000e+00
     18.509     6.7022   3.163451    31.2686        822     3.4208  0.000e+00
     18.440     6.7019   3.162487    31.2583        823     3.4250  0.000e+00
     18.376     6.7017   3.162127    31.2546        824     3.4292  0.000e+00
     18.329     6.7011   3.161935    31.2530        825     3.4333  0.000e+00
     18.279     6.7007   3.161796    31.2519        826     3.4375  0.000e+00
     18.236     6.7006   3.161110    31.2445        827     3.4417  0.000e+00
     18.196     6.7001   3.159990    31.2327        828     3.4458  0.000e+00
     18.167     6.6996   3.158185    31.2135        829     3.4500  0.000e+00
     18.133     6.6987   3.156543    31.1964        830     3.4542  0.000e+00
