HB2402/sbe070.cnv
* Sea-Bird SBE 19plus V2 Data File:
* FileName = C:\cruise\data\sbe070.hex
* Software Version Seasave V 7.26.7.121
* Temperature SN = 7037
* Conductivity SN = 7037
* System UpLoad Time = Apr 10 2024 05:24:09
* NMEA Latitude = 40 22.30 N
* NMEA Longitude = 069 41.34 W
* NMEA UTC (Time) = Apr 10 2024  05:23:34
** Ship: Bigelow
** Cruise:  HB2304
** Program:  Fall Bottom Trawl
# nquan = 8
# nvalues = 1830                                  
# units = specified
# name 0 = depSM: Depth [salt water, m]
# name 1 = tv290C: Temperature [ITS-90, deg C]
# name 2 = c0S/m: Conductivity [S/m]
# name 3 = sal00: Salinity, Practical [PSU]
# name 4 = scan: Scan Count
# name 5 = timeM: Time, Elapsed [minutes]
# name 6 = sbeox0V: Oxygen raw, SBE 43 [V]
# name 7 = flag:  0.000e+00
# span 0 =     -0.001,     66.211                 
# span 1 =     5.9285,     6.6365                 
# span 2 =   0.000015,   3.233572                 
# span 3 =     0.0030,    32.2261                 
# span 4 =         11,       1840                 
# span 5 =     0.0417,     7.6625                 
# span 6 =     1.9716,     2.4247                 
# span 7 = 0.0000e+00, 0.0000e+00                 
# interval = seconds: 0.25
# start_time = Apr 10 2024 05:23:34 [NMEA time, header]
# bad_flag = -9.990e-29
*END*
[from data line 720]
     54.974     5.9307   3.182190    32.1773        731     3.0417     2.3470  0.000e+00
     54.918     5.9308   3.182212    32.1775        732     3.0458     2.3467  0.000e+00
     54.867     5.9309   3.182229    32.1776        733     3.0500     2.3463  0.000e+00
     54.815     5.9311   3.182229    32.1774        734     3.0542     2.3479  0.000e+00
     54.771     5.9311   3.182229    32.1775        735     3.0583     2.3461  0.000e+00
     54.728     5.9309   3.182229    32.1777        736     3.0625     2.3459  0.000e+00
     54.684     5.9311   3.182229    32.1776        737     3.0667     2.3472  0.000e+00
     54.645     5.9311   3.182251    32.1778        738     3.0708     2.3473  0.000e+00
     54.601     5.9312   3.182290    32.1782        739     3.0750     2.3493  0.000e+00
     54.549     5.9314   3.182450    32.1798        740     3.0792     2.3478  0.000e+00
     54.493     5.9319   3.182450    32.1794        741     3.0833     2.3459  0.000e+00
     54.433     5.9323   3.182412    32.1786        742     3.0875     2.3464  0.000e+00
     54.372     5.9325   3.182329    32.1775        743     3.0917     2.3465  0.000e+00
     54.298     5.9324   3.182251    32.1767        744     3.0958     2.3473  0.000e+00
     54.220     5.9322   3.182212    32.1765        745     3.1000     2.3489  0.000e+00
     54.133     5.9318   3.182212    32.1769        746     3.1042     2.3460  0.000e+00
     54.047     5.9316   3.182190    32.1769        747     3.1083     2.3468  0.000e+00
     53.947     5.9313   3.182173    32.1771        748     3.1125     2.3472  0.000e+00
     53.837     5.9313   3.182151    32.1769        749     3.1167     2.3497  0.000e+00
     53.721     5.9311   3.182190    32.1776        750     3.1208     2.3497  0.000e+00
     53.607     5.9311   3.182190    32.1776        751     3.1250     2.3463  0.000e+00
     53.479     5.9312   3.182173    32.1774        752     3.1292     2.3501  0.000e+00
     53.345     5.9311   3.182173    32.1776        753     3.1333     2.3481  0.000e+00
     53.213     5.9311   3.182173    32.1777        754     3.1375     2.3467  0.000e+00
     53.074     5.9311   3.182151    32.1774        755     3.1417     2.3462  0.000e+00
     52.937     5.9311   3.182129    32.1773        756     3.1458     2.3489  0.000e+00
     52.805     5.9311   3.182173    32.1779        757     3.1500     2.3464  0.000e+00
     52.678     5.9311   3.182173    32.1779        758     3.1542     2.3490  0.000e+00
     52.555     5.9312   3.182173    32.1779        759     3.1583     2.3498  0.000e+00
     52.438     5.9313   3.182173    32.1778        760     3.1625     2.3477  0.000e+00
     52.324     5.9313   3.182212    32.1783        761     3.1667     2.3506  0.000e+00
     52.230     5.9315   3.182311    32.1793        762     3.1708     2.3478  0.000e+00
     52.149     5.9320   3.182428    32.1801        763     3.1750     2.3480  0.000e+00
     52.075     5.9326   3.182389    32.1791        764     3.1792     2.3509  0.000e+00
     52.008     5.9331   3.182350    32.1782        765     3.1833     2.3455  0.000e+00
     51.959     5.9334   3.182488    32.1795        766     3.1875     2.3503  0.000e+00
     51.915     5.9338   3.182389    32.1781        767     3.1917     2.3510  0.000e+00
     51.885     5.9339   3.182411    32.1783        768     3.1958     2.3466  0.000e+00
     51.859     5.9340   3.182427    32.1784        769     3.2000     2.3499  0.000e+00
     51.836     5.9341   3.182505    32.1792        770     3.2042     2.3506  0.000e+00
     51.818     5.9341   3.182549    32.1796        771     3.2083     2.3504  0.000e+00
     51.794     5.9347   3.182566    32.1793        772     3.2125     2.3504  0.000e+00
     51.773     5.9351   3.182549    32.1787        773     3.2167     2.3509  0.000e+00
     51.744     5.9354   3.182488    32.1778        774     3.2208     2.3510  0.000e+00
     51.704     5.9354   3.182527    32.1783        775     3.2250     2.3459  0.000e+00
     51.651     5.9354   3.182449    32.1774        776     3.2292     2.3506  0.000e+00
     51.586     5.9351   3.182311    32.1762        777     3.2333     2.3503  0.000e+00
     51.516     5.9344   3.182366    32.1774        778     3.2375     2.3512  0.000e+00
     51.435     5.9341   3.182427    32.1784        779     3.2417     2.3506  0.000e+00
     51.342     5.9343   3.182588    32.1801        780     3.2458     2.3467  0.000e+00
     51.243     5.9348   3.182527    32.1790        781     3.2500     2.3502  0.000e+00
     51.135     5.9352   3.182505    32.1784        782     3.2542     2.3501  0.000e+00
     51.030     5.9354   3.182366    32.1768        783     3.2583     2.3503  0.000e+00
     50.903     5.9349   3.182228    32.1757        784     3.2625     2.3512  0.000e+00
     50.782     5.9342   3.182012    32.1741        785     3.2667     2.3502  0.000e+00
     50.665     5.9331   3.181990    32.1749        786     3.2708     2.3511  0.000e+00
     50.547     5.9322   3.182211    32.1783        787     3.2750     2.3510  0.000e+00
     50.428     5.9321   3.182366    32.1802        788     3.2792     2.3458  0.000e+00
     50.314     5.9327   3.182449    32.1806        789     3.2833     2.3464  0.000e+00
     50.202     5.9334   3.182388    32.1793        790     3.2875     2.3469  0.000e+00
     50.088     5.9341   3.182449    32.1794        791     3.2917     2.3470  0.000e+00
     49.984     5.9344   3.182410    32.1787        792     3.2958     2.3453  0.000e+00
     49.879     5.9346   3.182388    32.1783        793     3.3000     2.3463  0.000e+00
     49.787     5.9347   3.182349    32.1778        794     3.3042     2.3481  0.000e+00
     49.694     5.9346   3.182388    32.1784        795     3.3083     2.3477  0.000e+00
     49.618     5.9346   3.182310    32.1776        796     3.3125     2.3465  0.000e+00
     49.546     5.9346   3.182327    32.1778        797     3.3167     2.3506  0.000e+00
     49.477     5.9342   3.182189    32.1766        798     3.3208     2.3497  0.000e+00
     49.416     5.9340   3.182089    32.1757        799     3.3250     2.3506  0.000e+00
     49.367     5.9333   3.181912    32.1745        800     3.3292     2.3509  0.000e+00
     49.316     5.9323   3.181834    32.1745        801     3.3333     2.3511  0.000e+00
     49.275     5.9314   3.181873    32.1759        802     3.3375     2.3466  0.000e+00
     49.235     5.9309   3.181934    32.1771        803     3.3417     2.3504  0.000e+00
     49.195     5.9307   3.181790    32.1757        804     3.3458     2.3504  0.000e+00
     49.157     5.9304   3.181790    32.1760        805     3.3500     2.3500  0.000e+00
     49.127     5.9303   3.181934    32.1777        806     3.3542     2.3504  0.000e+00
     49.094     5.9301   3.181890    32.1774        807     3.3583     2.3476  0.000e+00
     49.065     5.9301   3.181912    32.1776        808     3.3625     2.3462  0.000e+00
     49.027     5.9302   3.181912    32.1775        809     3.3667     2.3456  0.000e+00
     48.984     5.9303   3.181890    32.1773        810     3.3708     2.3509  0.000e+00
     48.939     5.9304   3.181890    32.1772        811     3.3750     2.3478  0.000e+00
     48.890     5.9303   3.181890    32.1773        812     3.3792     2.3486  0.000e+00
     48.827     5.9304   3.181912    32.1775        813     3.3833     2.3466  0.000e+00
     48.765     5.9302   3.181873    32.1772        814     3.3875     2.3453  0.000e+00
     48.695     5.9303   3.181873    32.1772        815     3.3917     2.3470  0.000e+00
     48.621     5.9304   3.181873    32.1772        816     3.3958     2.3488  0.000e+00
     48.536     5.9302   3.181873    32.1774        817     3.4000     2.3508  0.000e+00
     48.444     5.9301   3.181889    32.1777        818     3.4042     2.3460  0.000e+00
     48.357     5.9302   3.181873    32.1774        819     3.4083     2.3497  0.000e+00
     48.261     5.9303   3.181889    32.1776        820     3.4125     2.3498  0.000e+00
     48.154     5.9304   3.181972    32.1785        821     3.4167     2.3491  0.000e+00
     48.053     5.9308   3.181989    32.1784        822     3.4208     2.3495  0.000e+00
     47.952     5.9311   3.181972    32.1780        823     3.4250     2.3507  0.000e+00
     47.849     5.9313   3.181972    32.1778        824     3.4292     2.3502  0.000e+00
     47.751     5.9315   3.181950    32.1774        825     3.4333     2.3519  0.000e+00
     47.652     5.9313   3.181950    32.1776        826     3.4375     2.3547  0.000e+00
     47.556     5.9315   3.181834    32.1762        827     3.4417     2.3509  0.000e+00
     47.466     5.9312   3.181889    32.1771        828     3.4458     2.3501  0.000e+00
     47.375     5.9311   3.181911    32.1776        829     3.4500     2.3503  0.000e+00
     47.294     5.9311   3.181889    32.1773        830     3.4542     2.3502  0.000e+00
     47.209     5.9309   3.181889    32.1775        831     3.4583     2.3543  0.000e+00
     47.128     5.9312   3.181911    32.1776        832     3.4625     2.3506  0.000e+00
     47.046     5.9311   3.181872    32.1772        833     3.4667     2.3533  0.000e+00
     46.970     5.9310   3.181872    32.1774        834     3.4708     2.3546  0.000e+00
     46.891     5.9309   3.181872    32.1775        835     3.4750     2.3527  0.000e+00
     46.824     5.9308   3.181850    32.1774        836     3.4792     2.3498  0.000e+00
     46.741     5.9307   3.181811    32.1771        837     3.4833     2.3518  0.000e+00
     46.665     5.9307   3.181850    32.1776        838     3.4875     2.3540  0.000e+00
     46.596     5.9306   3.181850    32.1777        839     3.4917     2.3517  0.000e+00
     46.513     5.9306   3.181850    32.1777        840     3.4958     2.3537  0.000e+00
     46.441     5.9306   3.181872    32.1780        841     3.5000     2.3516  0.000e+00
     46.361     5.9308   3.181872    32.1779        842     3.5042     2.3509  0.000e+00
     46.284     5.9309   3.181850    32.1776        843     3.5083     2.3550  0.000e+00
     46.206     5.9309   3.181850    32.1776        844     3.5125     2.3542  0.000e+00
     46.121     5.9310   3.181850    32.1776        845     3.5167     2.3549  0.000e+00
     46.041     5.9309   3.181850    32.1777        846     3.5208     2.3533  0.000e+00
     45.964     5.9311   3.181850    32.1776        847     3.5250     2.3515  0.000e+00
     45.872     5.9311   3.181833    32.1774        848     3.5292     2.3514  0.000e+00
     45.778     5.9310   3.181811    32.1773        849     3.5333     2.3504  0.000e+00
     45.696     5.9310   3.181811    32.1773        850     3.5375     2.3501  0.000e+00
     45.610     5.9311   3.181850    32.1777        851     3.5417     2.3505  0.000e+00
     45.530     5.9311   3.181889    32.1782        852     3.5458     2.3508  0.000e+00
     45.447     5.9312   3.181872    32.1779        853     3.5500     2.3499  0.000e+00
     45.369     5.9314   3.181888    32.1780        854     3.5542     2.3544  0.000e+00
     45.293     5.9313   3.181850    32.1776        855     3.5583     2.3509  0.000e+00
     45.232     5.9313   3.181888    32.1781        856     3.5625     2.3504  0.000e+00
     45.171     5.9315   3.181850    32.1775        857     3.5667     2.3501  0.000e+00
     45.113     5.9316   3.181850    32.1775        858     3.5708     2.3503  0.000e+00
     45.067     5.9315   3.181850    32.1776        859     3.5750     2.3501  0.000e+00
     45.029     5.9315   3.181872    32.1778        860     3.5792     2.3482  0.000e+00
     45.006     5.9315   3.181811    32.1772        861     3.5833     2.3507  0.000e+00
     44.972     5.9314   3.181811    32.1773        862     3.5875     2.3508  0.000e+00
     44.950     5.9311   3.181772    32.1771        863     3.5917     2.3503  0.000e+00
     44.926     5.9309   3.181850    32.1782        864     3.5958     2.3475  0.000e+00
     44.901     5.9311   3.181872    32.1783        865     3.6000     2.3455  0.000e+00
     44.872     5.9313   3.181888    32.1783        866     3.6042     2.3505  0.000e+00
     44.843     5.9313   3.181850    32.1778        867     3.6083     2.3500  0.000e+00
     44.811     5.9316   3.181833    32.1774        868     3.6125     2.3482  0.000e+00
     44.767     5.9316   3.181850    32.1777        869     3.6167     2.3509  0.000e+00
     44.713     5.9315   3.181872    32.1780        870     3.6208     2.3501  0.000e+00
     44.655     5.9316   3.181888    32.1781        871     3.6250     2.3511  0.000e+00
     44.592     5.9317   3.181872    32.1779        872     3.6292     2.3504  0.000e+00
     44.516     5.9317   3.181872    32.1779        873     3.6333     2.3511  0.000e+00
     44.439     5.9319   3.181872    32.1778        874     3.6375     2.3503  0.000e+00
     44.357     5.9320   3.181849    32.1774        875     3.6417     2.3487  0.000e+00
     44.271     5.9318   3.181849    32.1777        876     3.6458     2.3511  0.000e+00
     44.173     5.9317   3.181833    32.1776        877     3.6500     2.3503  0.000e+00
     44.083     5.9316   3.181788    32.1773        878     3.6542     2.3462  0.000e+00
     43.987     5.9316   3.181772    32.1772        879     3.6583     2.3506  0.000e+00
     43.886     5.9314   3.181788    32.1776        880     3.6625     2.3473  0.000e+00
     43.790     5.9313   3.181772    32.1775        881     3.6667     2.3512  0.000e+00
     43.698     5.9313   3.181833    32.1782        882     3.6708     2.3486  0.000e+00
     43.607     5.9315   3.181833    32.1781        883     3.6750     2.3508  0.000e+00
     43.515     5.9316   3.181772    32.1774        884     3.6792     2.3506  0.000e+00
     43.423     5.9317   3.181810    32.1778        885     3.6833     2.3501  0.000e+00
     43.349     5.9318   3.181932    32.1791        886     3.6875     2.3516  0.000e+00
     43.267     5.9321   3.182010    32.1797        887     3.6917     2.3504  0.000e+00
     43.188     5.9326   3.182126    32.1805        888     3.6958     2.3508  0.000e+00
     43.116     5.9336   3.182187    32.1803        889     3.7000     2.3505  0.000e+00
     43.054     5.9344   3.182308    32.1809        890     3.7042     2.3507  0.000e+00
     42.984     5.9356   3.182364    32.1805        891     3.7083     2.3543  0.000e+00
     42.924     5.9365   3.182308    32.1791        892     3.7125     2.3501  0.000e+00
     42.873     5.9370   3.182347    32.1790        893     3.7167     2.3501  0.000e+00
     42.825     5.9374   3.182347    32.1786        894     3.7208     2.3506  0.000e+00
     42.781     5.9376   3.182264    32.1776        895     3.7250     2.3509  0.000e+00
     42.732     5.9374   3.182408    32.1793        896     3.7292     2.3537  0.000e+00
     42.680     5.9376   3.182109    32.1759        897     3.7333     2.3550  0.000e+00
     42.633     5.9372   3.182247    32.1778        898     3.7375     2.3504  0.000e+00
     42.584     5.9370   3.182347    32.1791        899     3.7417     2.3551  0.000e+00
     42.535     5.9374   3.182308    32.1784        900     3.7458     2.3503  0.000e+00
     42.479     5.9376   3.182485    32.1802        901     3.7500     2.3509  0.000e+00
     42.429     5.9383   3.182668    32.1816        902     3.7542     2.3523  0.000e+00
     42.365     5.9393   3.182624    32.1801        903     3.7583     2.3540  0.000e+00
     42.300     5.9401   3.182463    32.1777        904     3.7625     2.3546  0.000e+00
     42.232     5.9401   3.182308    32.1759        905     3.7667     2.3514  0.000e+00
     42.165     5.9394   3.182424    32.1779        906     3.7708     2.3530  0.000e+00
     42.094     5.9390   3.182347    32.1775        907     3.7750     2.3523  0.000e+00
     42.022     5.9389   3.182125    32.1751        908     3.7792     2.3522  0.000e+00
