HB2402/sbe092.cnv
* Sea-Bird SBE 19plus V2 Data File:
* FileName = C:\cruise\data\sbe092.hex
* Software Version Seasave V 7.26.7.121
* Temperature SN = 7037
* Conductivity SN = 7037
* System UpLoad Time = Apr 27 2024 02:16:34
* NMEA Latitude = 40 49.64 N
* NMEA Longitude = 066 40.93 W
* NMEA UTC (Time) = Apr 27 2024  02:15:16
** Ship: Bigelow
** Cruise:  HB2402
** Program:  Spring Bottom Trawl
# nquan = 8
# nvalues = 4102                                  
# units = specified
# name 0 = depSM: Depth [salt water, m]
# name 1 = tv290C: Temperature [ITS-90, deg C]
# name 2 = c0S/m: Conductivity [S/m]
# name 3 = sal00: Salinity, Practical [PSU]
# name 4 = scan: Scan Count
# name 5 = timeM: Time, Elapsed [minutes]
# name 6 = sbeox0V: Oxygen raw, SBE 43 [V]
# name 7 = flag:  0.000e+00
# span 0 =      0.111,    186.844                 
# span 1 =     5.6362,     9.6702                 
# span 2 =   0.000009,   3.773213                 
# span 3 =     0.0024,    35.0209                 
# span 4 =         11,       4112                 
# span 5 =     0.0417,    17.1292                 
# span 6 =     1.6360,     2.5048                 
# span 7 = 0.0000e+00, 0.0000e+00                 
# interval = seconds: 0.25
# start_time = Apr 27 2024 02:15:16 [NMEA time, header]
# bad_flag = -9.990e-29
*END*
[from data line 2158]
    122.639     8.9793   3.672083    34.5153       2169     9.0333     1.9226  0.000e+00
    122.576     8.9792   3.672095    34.5155       2170     9.0375     1.9220  0.000e+00
    122.509     8.9792   3.671533    34.5097       2171     9.0417     1.9233  0.000e+00
    122.442     8.9780   3.669424    34.4888       2172     9.0458     1.9241  0.000e+00
    122.376     8.9731   3.669699    34.4965       2173     9.0500     1.9247  0.000e+00
    122.312     8.9687   3.670548    34.5097       2174     9.0542     1.9255  0.000e+00
    122.236     8.9681   3.670279    34.5074       2175     9.0583     1.9244  0.000e+00
    122.160     8.9680   3.668779    34.4918       2176     9.0625     1.9261  0.000e+00
    122.074     8.9645   3.667526    34.4822       2177     9.0667     1.9259  0.000e+00
    121.976     8.9592   3.665617    34.4674       2178     9.0708     1.9271  0.000e+00
    121.866     8.9521   3.664306    34.4606       2179     9.0750     1.9266  0.000e+00
    121.756     8.9433   3.662234    34.4475       2180     9.0792     1.9273  0.000e+00
    121.636     8.9337   3.661941    34.4538       2181     9.0833     1.9278  0.000e+00
    121.522     8.9256   3.661941    34.4617       2182     9.0875     1.9283  0.000e+00
    121.408     8.9204   3.661631    34.4636       2183     9.0917     1.9280  0.000e+00
    121.298     8.9166   3.661806    34.4691       2184     9.0958     1.9301  0.000e+00
    121.190     8.9147   3.661818    34.4711       2185     9.1000     1.9303  0.000e+00
    121.094     8.9137   3.660068    34.4538       2186     9.1042     1.9317  0.000e+00
    120.994     8.9099   3.658927    34.4456       2187     9.1083     1.9322  0.000e+00
    120.908     8.9042   3.657079    34.4318       2188     9.1125     1.9349  0.000e+00
    120.823     8.8964   3.656634    34.4347       2189     9.1167     1.9331  0.000e+00
    120.739     8.8895   3.654716    34.4214       2190     9.1208     1.9353  0.000e+00
    120.654     8.8818   3.653669    34.4178       2191     9.1250     1.9352  0.000e+00
    120.578     8.8745   3.653652    34.4248       2192     9.1292     1.9369  0.000e+00
    120.495     8.8690   3.653693    34.4307       2193     9.1333     1.9383  0.000e+00
    120.421     8.8662   3.653804    34.4345       2194     9.1375     1.9386  0.000e+00
    120.340     8.8644   3.652646    34.4242       2195     9.1417     1.9391  0.000e+00
    120.262     8.8618   3.651395    34.4136       2196     9.1458     1.9416  0.000e+00
    120.181     8.8561   3.648175    34.3853       2197     9.1500     1.9427  0.000e+00
    120.101     8.8462   3.648800    34.4016       2198     9.1542     1.9430  0.000e+00
    120.023     8.8385   3.647246    34.3928       2199     9.1583     1.9440  0.000e+00
    119.953     8.8313   3.647222    34.3995       2200     9.1625     1.9453  0.000e+00
    119.890     8.8261   3.646977    34.4020       2201     9.1667     1.9462  0.000e+00
    119.826     8.8224   3.647047    34.4063       2202     9.1708     1.9470  0.000e+00
    119.761     8.8205   3.647176    34.4096       2203     9.1750     1.9478  0.000e+00
    119.696     8.8201   3.647333    34.4117       2204     9.1792     1.9501  0.000e+00
    119.629     8.8203   3.647579    34.4141       2205     9.1833     1.9519  0.000e+00
    119.557     8.8214   3.647912    34.4166       2206     9.1875     1.9526  0.000e+00
    119.470     8.8236   3.647888    34.4142       2207     9.1917     1.9547  0.000e+00
    119.378     8.8254   3.647818    34.4118       2208     9.1958     1.9566  0.000e+00
    119.286     8.8262   3.647666    34.4094       2209     9.2000     1.9585  0.000e+00
    119.179     8.8266   3.647620    34.4086       2210     9.2042     1.9601  0.000e+00
    119.065     8.8271   3.647134    34.4031       2211     9.2083     1.9606  0.000e+00
    118.952     8.8270   3.646930    34.4011       2212     9.2125     1.9619  0.000e+00
    118.830     8.8265   3.647175    34.4042       2213     9.2167     1.9630  0.000e+00
    118.715     8.8265   3.647245    34.4050       2214     9.2208     1.9643  0.000e+00
    118.603     8.8267   3.646889    34.4011       2215     9.2250     1.9647  0.000e+00
    118.496     8.8263   3.646988    34.4026       2216     9.2292     1.9668  0.000e+00
    118.386     8.8259   3.646953    34.4026       2217     9.2333     1.9669  0.000e+00
    118.284     8.8259   3.646731    34.4004       2218     9.2375     1.9691  0.000e+00
    118.181     8.8257   3.646620    34.3995       2219     9.2417     1.9698  0.000e+00
    118.091     8.8252   3.646737    34.4012       2220     9.2458     1.9702  0.000e+00
    118.002     8.8252   3.646865    34.4026       2221     9.2500     1.9698  0.000e+00
    117.925     8.8257   3.646889    34.4024       2222     9.2542     1.9714  0.000e+00
    117.849     8.8259   3.646953    34.4029       2223     9.2583     1.9714  0.000e+00
    117.774     8.8265   3.646883    34.4016       2224     9.2625     1.9717  0.000e+00
    117.699     8.8268   3.646731    34.3998       2225     9.2667     1.9720  0.000e+00
    117.626     8.8267   3.646398    34.3964       2226     9.2708     1.9712  0.000e+00
    117.550     8.8261   3.646024    34.3932       2227     9.2750     1.9715  0.000e+00
    117.475     8.8244   3.645416    34.3884       2228     9.2792     1.9721  0.000e+00
    117.402     8.8225   3.645732    34.3936       2229     9.2833     1.9724  0.000e+00
    117.325     8.8214   3.645732    34.3947       2230     9.2875     1.9726  0.000e+00
    117.245     8.8208   3.645510    34.3930       2231     9.2917     1.9730  0.000e+00
    117.167     8.8203   3.645463    34.3930       2232     9.2958     1.9736  0.000e+00
    117.093     8.8198   3.645375    34.3926       2233     9.3000     1.9740  0.000e+00
    117.015     8.8194   3.643932    34.3779       2234     9.3042     1.9753  0.000e+00
    116.930     8.8169   3.642735    34.3678       2235     9.3083     1.9748  0.000e+00
    116.846     8.8115   3.641450    34.3596       2236     9.3125     1.9743  0.000e+00
    116.755     8.8049   3.639833    34.3490       2237     9.3167     1.9747  0.000e+00
    116.661     8.7961   3.637504    34.3331       2238     9.3208     1.9750  0.000e+00
    116.554     8.7856   3.634848    34.3155       2239     9.3250     1.9763  0.000e+00
    116.439     8.7724   3.635689    34.3371       2240     9.3292     1.9751  0.000e+00
    116.319     8.7638   3.633699    34.3246       2241     9.3333     1.9751  0.000e+00
    116.204     8.7557   3.633985    34.3355       2242     9.3375     1.9770  0.000e+00
    116.084     8.7486   3.629721    34.2976       2243     9.3417     1.9750  0.000e+00
    115.959     8.7376   3.628287    34.2932       2244     9.3458     1.9771  0.000e+00
    115.858     8.7239   3.628158    34.3052       2245     9.3500     1.9770  0.000e+00
    115.757     8.7135   3.627027    34.3034       2246     9.3542     1.9769  0.000e+00
    115.667     8.7046   3.626433    34.3057       2247     9.3583     1.9776  0.000e+00
    115.591     8.6974   3.626386    34.3123       2248     9.3625     1.9786  0.000e+00
    115.520     8.6922   3.625395    34.3069       2249     9.3667     1.9795  0.000e+00
    115.461     8.6866   3.624888    34.3070       2250     9.3708     1.9808  0.000e+00
    115.414     8.6810   3.623769    34.3007       2251     9.3750     1.9816  0.000e+00
    115.383     8.6753   3.624294    34.3118       2252     9.3792     1.9827  0.000e+00
    115.347     8.6715   3.623740    34.3097       2253     9.3833     1.9833  0.000e+00
    115.314     8.6686   3.622726    34.3018       2254     9.3875     1.9850  0.000e+00
    115.271     8.6643   3.624294    34.3225       2255     9.3917     1.9856  0.000e+00
    115.222     8.6647   3.625081    34.3305       2256     9.3958     1.9872  0.000e+00
    115.161     8.6673   3.622615    34.3019       2257     9.4000     1.9876  0.000e+00
    115.097     8.6644   3.620372    34.2811       2258     9.4042     1.9885  0.000e+00
    115.012     8.6557   3.620920    34.2954       2259     9.4083     1.9898  0.000e+00
    114.917     8.6495   3.619708    34.2887       2260     9.4125     1.9901  0.000e+00
    114.817     8.6434   3.616988    34.2660       2261     9.4167     1.9911  0.000e+00
    114.707     8.6321   3.613664    34.2420       2262     9.4208     1.9912  0.000e+00
    114.593     8.6167   3.613332    34.2534       2263     9.4250     1.9924  0.000e+00
    114.483     8.6040   3.612698    34.2590       2264     9.4292     1.9918  0.000e+00
    114.367     8.5935   3.611487    34.2565       2265     9.4333     1.9914  0.000e+00
    114.251     8.5846   3.611836    34.2689       2266     9.4375     1.9931  0.000e+00
    114.143     8.5786   3.612069    34.2772       2267     9.4417     1.9916  0.000e+00
    114.038     8.5766   3.610829    34.2661       2268     9.4458     1.9923  0.000e+00
    113.933     8.5720   3.609840    34.2602       2269     9.4500     1.9943  0.000e+00
    113.835     8.5665   3.610015    34.2674       2270     9.4542     1.9939  0.000e+00
    113.745     8.5622   3.608461    34.2552       2271     9.4583     1.9959  0.000e+00
    113.649     8.5564   3.608723    34.2636       2272     9.4625     1.9960  0.000e+00
    113.575     8.5525   3.608502    34.2651       2273     9.4667     1.9958  0.000e+00
    113.506     8.5496   3.607810    34.2606       2274     9.4708     1.9989  0.000e+00
    113.440     8.5461   3.607426    34.2600       2275     9.4750     1.9974  0.000e+00
    113.380     8.5428   3.606966    34.2584       2276     9.4792     1.9969  0.000e+00
    113.331     8.5394   3.607053    34.2627       2277     9.4833     1.9977  0.000e+00
    113.282     8.5369   3.606815    34.2626       2278     9.4875     1.9975  0.000e+00
    113.237     8.5350   3.606379    34.2598       2279     9.4917     2.0018  0.000e+00
    113.195     8.5328   3.606664    34.2650       2280     9.4958     2.0011  0.000e+00
    113.149     8.5319   3.606757    34.2669       2281     9.5000     1.9993  0.000e+00
    113.098     8.5309   3.605873    34.2585       2282     9.5042     1.9991  0.000e+00
    113.047     8.5287   3.604296    34.2440       2283     9.5083     2.0015  0.000e+00
    112.986     8.5230   3.602587    34.2315       2284     9.5125     1.9995  0.000e+00
    112.924     8.5138   3.598715    34.1996       2285     9.5167     2.0000  0.000e+00
    112.847     8.4973   3.595892    34.1857       2286     9.5208     2.0011  0.000e+00
    112.760     8.4777   3.593493    34.1793       2287     9.5250     1.9983  0.000e+00
    112.653     8.4590   3.592993    34.1922       2288     9.5292     2.0014  0.000e+00
    112.548     8.4442   3.595584    34.2341       2289     9.5333     1.9976  0.000e+00
    112.440     8.4399   3.593034    34.2113       2290     9.5375     2.0013  0.000e+00
    112.324     8.4355   3.591814    34.2027       2291     9.5417     2.0013  0.000e+00
    112.208     8.4263   3.590851    34.2015       2292     9.5458     2.0012  0.000e+00
    112.102     8.4176   3.590462    34.2058       2293     9.5500     2.0008  0.000e+00
    111.992     8.4103   3.590305    34.2113       2294     9.5542     2.0019  0.000e+00
    111.901     8.4051   3.589695    34.2099       2295     9.5583     2.0003  0.000e+00
    111.813     8.4001   3.588017    34.1970       2296     9.5625     2.0012  0.000e+00
    111.731     8.3930   3.587495    34.1984       2297     9.5667     2.0010  0.000e+00
    111.659     8.3860   3.586886    34.1988       2298     9.5708     2.0018  0.000e+00
    111.597     8.3800   3.587089    34.2068       2299     9.5750     2.0011  0.000e+00
    111.540     8.3762   3.587060    34.2102       2300     9.5792     2.0014  0.000e+00
    111.493     8.3741   3.586584    34.2073       2301     9.5833     2.0012  0.000e+00
    111.444     8.3717   3.586601    34.2097       2302     9.5875     2.0012  0.000e+00
    111.390     8.3697   3.586561    34.2113       2303     9.5917     2.0017  0.000e+00
    111.335     8.3684   3.586189    34.2086       2304     9.5958     2.0006  0.000e+00
    111.283     8.3667   3.585690    34.2050       2305     9.6000     2.0028  0.000e+00
    111.229     8.3642   3.584622    34.1962       2306     9.6042     2.0022  0.000e+00
    111.165     8.3599   3.584622    34.2004       2307     9.6083     2.0041  0.000e+00
    111.102     8.3562   3.584710    34.2049       2308     9.6125     2.0032  0.000e+00
    111.037     8.3540   3.584385    34.2036       2309     9.6167     2.0034  0.000e+00
    110.972     8.3526   3.585528    34.2172       2310     9.6208     2.0023  0.000e+00
    110.909     8.3539   3.585429    34.2149       2311     9.6250     2.0028  0.000e+00
    110.840     8.3554   3.585557    34.2148       2312     9.6292     2.0017  0.000e+00
    110.777     8.3571   3.586712    34.2255       2313     9.6333     2.0039  0.000e+00
    110.714     8.3607   3.586845    34.2234       2314     9.6375     2.0049  0.000e+00
    110.640     8.3642   3.586862    34.2203       2315     9.6417     2.0034  0.000e+00
    110.571     8.3664   3.587019    34.2198       2316     9.6458     2.0036  0.000e+00
    110.497     8.3681   3.586148    34.2090       2317     9.6500     2.0032  0.000e+00
    110.419     8.3674   3.586125    34.2094       2318     9.6542     2.0040  0.000e+00
    110.338     8.3660   3.585255    34.2016       2319     9.6583     2.0026  0.000e+00
    110.256     8.3628   3.583514    34.1862       2320     9.6625     2.0047  0.000e+00
    110.170     8.3561   3.582800    34.1852       2321     9.6667     2.0035  0.000e+00
    110.076     8.3490   3.582771    34.1919       2322     9.6708     2.0029  0.000e+00
    109.994     8.3437   3.582510    34.1942       2323     9.6750     2.0029  0.000e+00
    109.900     8.3400   3.582574    34.1985       2324     9.6792     2.0041  0.000e+00
    109.808     8.3377   3.580231    34.1759       2325     9.6833     2.0035  0.000e+00
    109.718     8.3317   3.580991    34.1899       2326     9.6875     2.0035  0.000e+00
    109.634     8.3268   3.579471    34.1786       2327     9.6917     2.0021  0.000e+00
    109.555     8.3210   3.579164    34.1810       2328     9.6958     2.0021  0.000e+00
    109.472     8.3158   3.579361    34.1881       2329     9.7000     2.0020  0.000e+00
    109.400     8.3128   3.578949    34.1867       2330     9.7042     2.0031  0.000e+00
    109.338     8.3099   3.578688    34.1868       2331     9.7083     2.0032  0.000e+00
    109.271     8.3075   3.578445    34.1866       2332     9.7125     2.0029  0.000e+00
    109.211     8.3051   3.577842    34.1826       2333     9.7167     2.0032  0.000e+00
    109.148     8.3020   3.576920    34.1758       2334     9.7208     2.0019  0.000e+00
    109.083     8.2976   3.576537    34.1760       2335     9.7250     2.0034  0.000e+00
    109.025     8.2938   3.577123    34.1859       2336     9.7292     2.0039  0.000e+00
    108.962     8.2925   3.576514    34.1808       2337     9.7333     2.0037  0.000e+00
    108.901     8.2906   3.575952    34.1767       2338     9.7375     2.0042  0.000e+00
    108.837     8.2879   3.575494    34.1745       2339     9.7417     2.0029  0.000e+00
    108.778     8.2846   3.575146    34.1740       2340     9.7458     2.0040  0.000e+00
    108.716     8.2817   3.575366    34.1792       2341     9.7500     2.0042  0.000e+00
    108.658     8.2801   3.575604    34.1833       2342     9.7542     2.0050  0.000e+00
    108.606     8.2797   3.575517    34.1828       2343     9.7583     2.0041  0.000e+00
    108.561     8.2796   3.575905    34.1871       2344     9.7625     2.0047  0.000e+00
    108.512     8.2804   3.576404    34.1916       2345     9.7667     2.0051  0.000e+00
    108.469     8.2822   3.579338    34.2210       2346     9.7708     2.0047  0.000e+00
    108.436     8.2903   3.581576    34.2370       2347     9.7750     2.0035  0.000e+00
