HB2402/sbe017.cnv
* Sea-Bird SBE 19plus V2 Data File:
* FileName = C:\cruise\data\sbe017.hex
* Software Version Seasave V 7.26.7.121
* Temperature SN = 7142
* Conductivity SN = 7142
* System UpLoad Time = Mar 14 2024 23:20:30
* NMEA Latitude = 36 12.07 N
* NMEA Longitude = 074 45.79 W
* NMEA UTC (Time) = Mar 14 2024  23:19:45
** Ship: Bigelow
** Cruise:  HB2304
** Program:  Fall Bottom Trawl
# nquan = 7
# nvalues = 4675                                  
# units = specified
# name 0 = depSM: Depth [salt water, m]
# name 1 = tv290C: Temperature [ITS-90, deg C]
# name 2 = c0S/m: Conductivity [S/m]
# name 3 = sal00: Salinity, Practical [PSU]
# name 4 = scan: Scan Count
# name 5 = timeM: Time, Elapsed [minutes]
# name 6 = flag:  0.000e+00
# span 0 =      0.042,    390.492                 
# span 1 =     7.2253,    15.2223                 
# span 2 =   0.275271,   4.327923                 
# span 3 =     1.8561,    36.7553                 
# span 4 =         11,       4685                 
# span 5 =     0.0417,    19.5167                 
# span 6 = 0.0000e+00, 0.0000e+00                 
# interval = seconds: 0.25
# start_time = Mar 14 2024 23:19:45 [NMEA time, header]
# bad_flag = -9.990e-29
*END*
[from data line 1436]
    241.888    10.5941   3.962559    35.8704       1447     6.0250  0.000e+00
    242.101    10.5641   3.953022    35.8034       1448     6.0292  0.000e+00
    242.308    10.5228   3.943851    35.7509       1449     6.0333  0.000e+00
    242.511    10.4564   3.936873    35.7452       1450     6.0375  0.000e+00
    242.715    10.3773   3.929616    35.7491       1451     6.0417  0.000e+00
    242.914    10.2993   3.919417    35.7220       1452     6.0458  0.000e+00
    243.109    10.2224   3.910278    35.7044       1453     6.0500  0.000e+00
    243.305    10.1606   3.903628    35.6972       1454     6.0542  0.000e+00
    243.494    10.1122   3.898964    35.6972       1455     6.0583  0.000e+00
    243.685    10.0694   3.895046    35.6993       1456     6.0625  0.000e+00
    243.872    10.0281   3.889730    35.6855       1457     6.0667  0.000e+00
    244.050     9.9900   3.883781    35.6619       1458     6.0708  0.000e+00
    244.234     9.9573   3.881091    35.6666       1459     6.0750  0.000e+00
    244.412     9.9333   3.884009    35.7201       1460     6.0792  0.000e+00
    244.595     9.9217   3.886523    35.7574       1461     6.0833  0.000e+00
    244.773     9.9199   3.884009    35.7332       1462     6.0875  0.000e+00
    244.952     9.9160   3.885578    35.7531       1463     6.0917  0.000e+00
    245.133     9.9087   3.895011    35.8572       1464     6.0958  0.000e+00
    245.322     9.9073   3.907111    35.9829       1465     6.1000  0.000e+00
    245.517     9.9134   3.919316    36.1023       1466     6.1042  0.000e+00
    245.708     9.9126   3.925655    36.1683       1467     6.1083  0.000e+00
    245.904     9.9045   3.937395    36.2972       1468     6.1125  0.000e+00
    246.098     9.9025   3.960556    36.5378       1469     6.1167  0.000e+00
    246.309     9.9490   3.981066    36.7020       1470     6.1208  0.000e+00
    246.523    10.0762   3.987712    36.6412       1471     6.1250  0.000e+00
    246.732    10.2938   3.987429    36.4190       1472     6.1292  0.000e+00
    246.948    10.5338   3.984579    36.1506       1473     6.1333  0.000e+00
    247.164    10.7363   3.980694    35.9114       1474     6.1375  0.000e+00
    247.394    10.8951   3.976696    35.7159       1475     6.1417  0.000e+00
    247.622    11.0071   3.973323    35.5733       1476     6.1458  0.000e+00
    247.847    11.0560   3.973882    35.5314       1477     6.1500  0.000e+00
    248.069    11.0507   3.975803    35.5557       1478     6.1542  0.000e+00
    248.299    11.0536   3.980232    35.5970       1479     6.1583  0.000e+00
    248.531    11.0681   3.983402    35.6145       1480     6.1625  0.000e+00
    248.762    11.0781   3.979296    35.5638       1481     6.1667  0.000e+00
    248.983    11.0679   3.971758    35.4982       1482     6.1708  0.000e+00
    249.206    11.0670   3.966069    35.4422       1483     6.1750  0.000e+00
    249.424    11.0711   3.960777    35.3853       1484     6.1792  0.000e+00
    249.644    11.0800   3.955488    35.3239       1485     6.1833  0.000e+00
    249.860    11.0905   3.951578    35.2747       1486     6.1875  0.000e+00
    250.063    11.0962   3.947930    35.2329       1487     6.1917  0.000e+00
    250.261    11.0776   3.946757    35.2389       1488     6.1958  0.000e+00
    250.462    10.9446   3.947165    35.3706       1489     6.2000  0.000e+00
    250.664    10.7819   3.944313    35.4991       1490     6.2042  0.000e+00
    250.862    10.6127   3.934379    35.5633       1491     6.2083  0.000e+00
    251.049    10.4505   3.923473    35.6111       1492     6.2125  0.000e+00
    251.238    10.3236   3.909818    35.5966       1493     6.2167  0.000e+00
    251.424    10.2197   3.903744    35.6365       1494     6.2208  0.000e+00
    251.618    10.1359   3.900595    35.6867       1495     6.2250  0.000e+00
    251.809    10.0704   3.898866    35.7335       1496     6.2292  0.000e+00
    251.994    10.0070   3.894640    35.7528       1497     6.2333  0.000e+00
    252.183     9.9469   3.894231    35.8080       1498     6.2375  0.000e+00
    252.379     9.9041   3.902252    35.9328       1499     6.2417  0.000e+00
    252.581     9.8885   3.912143    36.0501       1500     6.2458  0.000e+00
    252.779     9.8835   3.916214    36.0969       1501     6.2500  0.000e+00
    252.979     9.8751   3.920299    36.1473       1502     6.2542  0.000e+00
    253.182     9.8638   3.925266    36.2096       1503     6.2583  0.000e+00
    253.396     9.8523   3.927874    36.2479       1504     6.2625  0.000e+00
    253.609     9.8455   3.930159    36.2783       1505     6.2667  0.000e+00
    253.819     9.8416   3.929501    36.2753       1506     6.2708  0.000e+00
    254.032     9.8407   3.926095    36.2410       1507     6.2750  0.000e+00
    254.242     9.8450   3.922894    36.2036       1508     6.2792  0.000e+00
    254.455     9.8481   3.918953    36.1597       1509     6.2833  0.000e+00
    254.658     9.8456   3.909099    36.0606       1510     6.2875  0.000e+00
    254.861     9.8342   3.896309    35.9401       1511     6.2917  0.000e+00
    255.054     9.8132   3.883857    35.8326       1512     6.2958  0.000e+00
    255.250     9.7827   3.874089    35.7621       1513     6.3000  0.000e+00
    255.444     9.7485   3.865848    35.7110       1514     6.3042  0.000e+00
    255.632     9.7096   3.858078    35.6694       1515     6.3083  0.000e+00
    255.813     9.6681   3.850309    35.6301       1516     6.3125  0.000e+00
    255.990     9.6342   3.846028    35.6194       1517     6.3167  0.000e+00
    256.173     9.6078   3.845677    35.6418       1518     6.3208  0.000e+00
    256.362     9.5899   3.846613    35.6692       1519     6.3250  0.000e+00
    256.542     9.5802   3.846814    35.6808       1520     6.3292  0.000e+00
    256.731     9.5719   3.850668    35.7288       1521     6.3333  0.000e+00
    256.924     9.5646   3.861682    35.8501       1522     6.3375  0.000e+00
    257.124     9.5721   3.882084    36.0541       1523     6.3417  0.000e+00
    257.334     9.5786   3.896817    36.2002       1524     6.3458  0.000e+00
    257.548     9.5822   3.907827    36.3108       1525     6.3500  0.000e+00
    257.761     9.6258   3.917553    36.3675       1526     6.3542  0.000e+00
    257.973     9.6719   3.931524    36.4656       1527     6.3583  0.000e+00
    258.198     9.7192   3.945979    36.5673       1528     6.3625  0.000e+00
    258.429     9.8118   3.951135    36.5265       1529     6.3667  0.000e+00
    258.657     9.9985   3.952014    36.3470       1530     6.3708  0.000e+00
    258.880    10.2063   3.950755    36.1261       1531     6.3750  0.000e+00
    259.113    10.3603   3.949872    35.9641       1532     6.3792  0.000e+00
    259.347    10.4543   3.949522    35.8678       1533     6.3833  0.000e+00
    259.579    10.5214   3.948328    35.7896       1534     6.3875  0.000e+00
    259.811    10.5715   3.942462    35.6811       1535     6.3917  0.000e+00
    260.038    10.5666   3.930823    35.5681       1536     6.3958  0.000e+00
    260.257    10.5154   3.916898    35.4771       1537     6.4000  0.000e+00
    260.479    10.4654   3.904937    35.4046       1538     6.4042  0.000e+00
    260.704    10.4323   3.895300    35.3390       1539     6.4083  0.000e+00
    260.918    10.3472   3.883915    35.3061       1540     6.4125  0.000e+00
    261.125    10.1687   3.862361    35.2602       1541     6.4167  0.000e+00
    261.325     9.9926   3.838874    35.1915       1542     6.4208  0.000e+00
    261.514     9.8281   3.827764    35.2378       1543     6.4250  0.000e+00
    261.708     9.6888   3.821410    35.3088       1544     6.4292  0.000e+00
    261.897     9.5762   3.812753    35.3298       1545     6.4333  0.000e+00
    262.070     9.4873   3.804933    35.3363       1546     6.4375  0.000e+00
    262.246     9.4197   3.801923    35.3716       1547     6.4417  0.000e+00
    262.421     9.3674   3.800806    35.4116       1548     6.4458  0.000e+00
    262.592     9.3258   3.800806    35.4527       1549     6.4500  0.000e+00
    262.763     9.2935   3.800694    35.4835       1550     6.4542  0.000e+00
    262.930     9.2673   3.799371    35.4955       1551     6.4583  0.000e+00
    263.101     9.2482   3.799970    35.5207       1552     6.4625  0.000e+00
    263.279     9.2366   3.803956    35.5738       1553     6.4667  0.000e+00
    263.465     9.2313   3.808606    35.6274       1554     6.4708  0.000e+00
    263.648     9.2316   3.817355    35.7184       1555     6.4750  0.000e+00
    263.841     9.2337   3.826087    35.8074       1556     6.4792  0.000e+00
    264.039     9.2352   3.843470    35.9874       1557     6.4833  0.000e+00
    264.244     9.2327   3.855769    36.1185       1558     6.4875  0.000e+00
    264.460     9.2251   3.870777    36.2831       1559     6.4917  0.000e+00
    264.680     9.2399   3.889975    36.4690       1560     6.4958  0.000e+00
    264.894     9.3081   3.900875    36.5133       1561     6.5000  0.000e+00
    265.115     9.3647   3.911169    36.5630       1562     6.5042  0.000e+00
    265.349     9.4607   3.914404    36.4987       1563     6.5083  0.000e+00
    265.578     9.5428   3.912197    36.3922       1564     6.5125  0.000e+00
    265.806     9.6007   3.914908    36.3616       1565     6.5167  0.000e+00
    266.033     9.6500   3.917139    36.3348       1566     6.5208  0.000e+00
    266.269     9.7028   3.911715    36.2253       1567     6.5250  0.000e+00
    266.501     9.7369   3.897324    36.0422       1568     6.5292  0.000e+00
    266.732     9.7300   3.879238    35.8622       1569     6.5333  0.000e+00
    266.955     9.6976   3.859924    35.6949       1570     6.5375  0.000e+00
    267.176     9.6565   3.842525    35.5558       1571     6.5417  0.000e+00
    267.398     9.6076   3.829554    35.4699       1572     6.5458  0.000e+00
    267.619     9.5318   3.820626    35.4524       1573     6.5500  0.000e+00
    267.839     9.4389   3.808111    35.4142       1574     6.5542  0.000e+00
    268.044     9.3530   3.794146    35.3539       1575     6.5583  0.000e+00
    268.253     9.2818   3.786847    35.3482       1576     6.5625  0.000e+00
    268.460     9.2240   3.784298    35.3787       1577     6.5667  0.000e+00
    268.665     9.1788   3.782615    35.4058       1578     6.5708  0.000e+00
    268.868     9.1414   3.777418    35.3885       1579     6.5750  0.000e+00
    269.064     9.1103   3.773388    35.3772       1580     6.5792  0.000e+00
    269.257     9.0858   3.772143    35.3884       1581     6.5833  0.000e+00
    269.449     9.0668   3.772119    35.4069       1582     6.5875  0.000e+00
    269.649     9.0512   3.771752    35.4185       1583     6.5917  0.000e+00
    269.838     9.0372   3.768714    35.4004       1584     6.5958  0.000e+00
    270.018     9.0254   3.766187    35.3856       1585     6.6000  0.000e+00
    270.205     9.0170   3.766667    35.3989       1586     6.6042  0.000e+00
    270.391     9.0113   3.768360    35.4222       1587     6.6083  0.000e+00
    270.582     9.0065   3.770258    35.4468       1588     6.6125  0.000e+00
    270.769     9.0011   3.768740    35.4362       1589     6.6167  0.000e+00
    270.958     8.9951   3.766431    35.4178       1590     6.6208  0.000e+00
    271.145     8.9903   3.766624    35.4246       1591     6.6250  0.000e+00
    271.338     8.9875   3.767837    35.4400       1592     6.6292  0.000e+00
    271.532     8.9854   3.768802    35.4521       1593     6.6333  0.000e+00
    271.725     8.9835   3.768392    35.4496       1594     6.6375  0.000e+00
    271.917     8.9801   3.766045    35.4283       1595     6.6417  0.000e+00
    272.113     8.9770   3.764894    35.4191       1596     6.6458  0.000e+00
    272.306     8.9749   3.765218    35.4246       1597     6.6500  0.000e+00
    272.508     8.9738   3.765747    35.4311       1598     6.6542  0.000e+00
    272.704     8.9732   3.766096    35.4352       1599     6.6583  0.000e+00
    272.895     8.9720   3.763912    35.4135       1600     6.6625  0.000e+00
    273.089     8.9698   3.763028    35.4063       1601     6.6667  0.000e+00
    273.287     8.9683   3.763358    35.4111       1602     6.6708  0.000e+00
    273.489     8.9674   3.763750    35.4161       1603     6.6750  0.000e+00
    273.687     8.9667   3.764080    35.4201       1604     6.6792  0.000e+00
    273.886     8.9656   3.763265    35.4125       1605     6.6833  0.000e+00
    274.095     8.9646   3.763104    35.4118       1606     6.6875  0.000e+00
    274.306     8.9644   3.765287    35.4348       1607     6.6917  0.000e+00
    274.529     8.9652   3.766943    35.4512       1608     6.6958  0.000e+00
    274.752     8.9678   3.766345    35.4423       1609     6.7000  0.000e+00
    274.977     8.9702   3.767553    35.4524       1610     6.7042  0.000e+00
    275.209     8.9718   3.770329    35.4799       1611     6.7083  0.000e+00
    275.445     8.9735   3.771879    35.4944       1612     6.7125  0.000e+00
    275.690     8.9760   3.773623    35.5101       1613     6.7167  0.000e+00
    275.924     8.9788   3.772191    35.4921       1614     6.7208  0.000e+00
    276.154     8.9807   3.769240    35.4592       1615     6.7250  0.000e+00
    276.388     8.9795   3.763658    35.4017       1616     6.7292  0.000e+00
    276.617     8.9760   3.760050    35.3672       1617     6.7333  0.000e+00
    276.840     8.9722   3.757377    35.3428       1618     6.7375  0.000e+00
    277.051     8.9690   3.755214    35.3231       1619     6.7417  0.000e+00
    277.262     8.9670   3.753157    35.3035       1620     6.7458  0.000e+00
    277.461     8.9661   3.752393    35.2963       1621     6.7500  0.000e+00
    277.654     8.9640   3.751709    35.2911       1622     6.7542  0.000e+00
    277.847     8.9604   3.750821    35.2852       1623     6.7583  0.000e+00
    278.032     8.9561   3.750343    35.2844       1624     6.7625  0.000e+00
    278.216     8.9516   3.750225    35.2876       1625     6.7667  0.000e+00
    278.401     8.9475   3.750567    35.2951       1626     6.7708  0.000e+00
    278.590     8.9443   3.751238    35.3053       1627     6.7750  0.000e+00
    278.774     8.9422   3.752306    35.3185       1628     6.7792  0.000e+00
    278.963     8.9404   3.753450    35.3321       1629     6.7833  0.000e+00
    279.157     8.9388   3.754624    35.3460       1630     6.7875  0.000e+00
    279.359     8.9378   3.755308    35.3540       1631     6.7917  0.000e+00
    279.564     8.9376   3.755743    35.3588       1632     6.7958  0.000e+00
    279.765     8.9373   3.755650    35.3580       1633     6.8000  0.000e+00
    279.974     8.9359   3.753867    35.3405       1634     6.8042  0.000e+00
    280.176     8.9345   3.752972    35.3324       1635     6.8083  0.000e+00
    280.390     8.9334   3.752810    35.3317       1636     6.8125  0.000e+00
    280.595     8.9329   3.752767    35.3317       1637     6.8167  0.000e+00
    280.806     8.9315   3.751071    35.3151       1638     6.8208  0.000e+00
    281.002     8.9294   3.749083    35.2963       1639     6.8250  0.000e+00
    281.204     8.9270   3.748245    35.2898       1640     6.8292  0.000e+00
    281.409     8.9253   3.748282    35.2917       1641     6.8333  0.000e+00
    281.603     8.9244   3.748009    35.2896       1642     6.8375  0.000e+00
    281.799     8.9225   3.747506    35.2861       1643     6.8417  0.000e+00
    281.985     8.9207   3.746339    35.2756       1644     6.8458  0.000e+00
    282.178     8.9186   3.746090    35.2750       1645     6.8500  0.000e+00
    282.367     8.9168   3.746438    35.2803       1646     6.8542  0.000e+00
    282.559     8.9152   3.746823    35.2859       1647     6.8583  0.000e+00
    282.755     8.9135   3.746978    35.2891       1648     6.8625  0.000e+00
    282.950     8.9118   3.747351    35.2946       1649     6.8667  0.000e+00
    283.148     8.9105   3.751420    35.3385       1650     6.8708  0.000e+00
    283.360     8.9115   3.759712    35.4246       1651     6.8750  0.000e+00
