HB2402/sbe084.cnv
* Sea-Bird SBE 19plus V2 Data File:
* FileName = C:\cruise\data\sbe084.hex
* Software Version Seasave V 7.26.7.121
* Temperature SN = 7037
* Conductivity SN = 7037
* System UpLoad Time = Apr 17 2024 11:37:00
* NMEA Latitude = 41 04.09 N
* NMEA Longitude = 068 33.21 W
* NMEA UTC (Time) = Apr 17 2024  11:35:33
** Ship: Bigelow
** Cruise:  HB2304
** Program:  Fall Bottom Trawl
# nquan = 8
# nvalues = 1138                                  
# units = specified
# name 0 = depSM: Depth [salt water, m]
# name 1 = tv290C: Temperature [ITS-90, deg C]
# name 2 = c0S/m: Conductivity [S/m]
# name 3 = sal00: Salinity, Practical [PSU]
# name 4 = scan: Scan Count
# name 5 = timeM: Time, Elapsed [minutes]
# name 6 = sbeox0V: Oxygen raw, SBE 43 [V]
# name 7 = flag:  0.000e+00
# span 0 =      0.041,     40.053                 
# span 1 =     6.4811,     9.8106                 
# span 2 =   0.000015,   3.388077                 
# span 3 =     0.0048,    33.2549                 
# span 4 =         11,       1148                 
# span 5 =     0.0417,     4.7792                 
# span 6 =     2.1331,     2.4361                 
# span 7 = 0.0000e+00, 0.0000e+00                 
# interval = seconds: 0.25
# start_time = Apr 17 2024 11:35:33 [NMEA time, header]
# bad_flag = -9.990e-29
*END*
      0.078     9.5392   0.000044     0.0048         11     0.0417     2.4343  0.000e+00
      0.075     9.5426   0.000047     0.0048         12     0.0458     2.4339  0.000e+00
      0.076     9.5461   0.000047     0.0048         13     0.0500     2.4352  0.000e+00
      0.076     9.5494   0.000047     0.0048         14     0.0542     2.4347  0.000e+00
      0.076     9.5529   0.000047     0.0049         15     0.0583     2.4350  0.000e+00
      0.078     9.5569   0.000047     0.0049         16     0.0625     2.4341  0.000e+00
      0.073     9.5608   0.000041     0.0048         17     0.0667     2.4347  0.000e+00
      0.075     9.5645   0.000047     0.0049         18     0.0708     2.4343  0.000e+00
      0.078     9.5686   0.000041     0.0049         19     0.0750     2.4351  0.000e+00
      0.075     9.5727   0.000041     0.0049         20     0.0792     2.4347  0.000e+00
      0.075     9.5766   0.000047     0.0049         21     0.0833     2.4349  0.000e+00
      0.076     9.5805   0.000047     0.0049         22     0.0875     2.4354  0.000e+00
      0.078     9.5842   0.000047     0.0049         23     0.0917     2.4345  0.000e+00
      0.078     9.5882   0.000047     0.0049         24     0.0958     2.4338  0.000e+00
      0.080     9.5921   0.000047     0.0049         25     0.1000     2.4353  0.000e+00
      0.080     9.5962   0.000041     0.0049         26     0.1042     2.4354  0.000e+00
      0.075     9.6001   0.000041     0.0049         27     0.1083     2.4350  0.000e+00
      0.080     9.6037   0.000047     0.0049         28     0.1125     2.4348  0.000e+00
      0.078     9.6066   0.000047     0.0049         29     0.1167     2.4352  0.000e+00
      0.080     9.6095   0.000047     0.0049         30     0.1208     2.4347  0.000e+00
      0.079     9.6121   0.000044     0.0049         31     0.1250     2.4352  0.000e+00
      0.080     9.6150   0.000041     0.0049         32     0.1292     2.4353  0.000e+00
      0.071     9.6181   0.000047     0.0049         33     0.1333     2.4361  0.000e+00
      0.080     9.6211   0.000041     0.0049         34     0.1375     2.4347  0.000e+00
      0.079     9.6236   0.000041     0.0049         35     0.1417     2.4360  0.000e+00
      0.082     9.6267   0.000036     0.0049         36     0.1458     2.4347  0.000e+00
      0.082     9.6456   0.000020     0.0049         37     0.1500     2.4355  0.000e+00
      0.079     9.6918   0.000020     0.0049         38     0.1542     2.4318  0.000e+00
      0.079     9.7564   0.000015     0.0050         39     0.1583     2.3809  0.000e+00
      0.223     9.8106   1.148778     9.4823         40     0.1625     2.3598  0.000e+00
      0.427     9.7845   1.570550    13.3135         41     0.1667     2.3554  0.000e+00
      0.635     9.5438   1.122467     9.3165         42     0.1708     2.3542  0.000e+00
      0.834     9.2913   1.061475     8.8332         43     0.1750     2.3595  0.000e+00
      1.033     9.0725   1.409142    12.0728         44     0.1792     2.3665  0.000e+00
      1.222     8.8511   2.345410    21.1581         45     0.1833     2.3705  0.000e+00
      1.428     8.6067   2.321938    21.0708         46     0.1875     2.3724  0.000e+00
      1.611     8.3561   1.480413    12.9957         47     0.1917     2.3721  0.000e+00
      1.743     8.1456   2.364261    21.7745         48     0.1958     2.3695  0.000e+00
      1.820     7.9812   2.351678    21.7492         49     0.2000     2.3648  0.000e+00
      1.858     7.8456   0.960098     8.2576         50     0.2042     2.3568  0.000e+00
      1.871     7.7488   0.886607     7.6002         51     0.2083     2.3471  0.000e+00
      1.878     7.7594   2.902219    27.5795         52     0.2125     2.3362  0.000e+00
      1.914     7.9674   2.795248    26.3044         53     0.2167     2.3236  0.000e+00
      2.001     8.1262   3.347928    31.9623         54     0.2208     2.3078  0.000e+00
      2.133     8.2086   3.353214    31.9431         55     0.2250     2.2939  0.000e+00
      2.305     8.2283   3.371423    32.1174         56     0.2292     2.2822  0.000e+00
      2.489     8.2240   3.377813    32.1888         57     0.2333     2.2765  0.000e+00
      2.679     8.2130   3.388077    32.3073         58     0.2375     2.2737  0.000e+00
      2.843     8.2028   3.382473    32.2574         59     0.2417     2.2709  0.000e+00
      2.984     8.1932   3.376692    32.2050         60     0.2458     2.2707  0.000e+00
      3.109     8.1179   3.354057    32.0343         61     0.2500     2.2684  0.000e+00
      3.223     7.9540   3.317501    31.7958         62     0.2542     2.2657  0.000e+00
      3.329     7.7237   3.295908    31.7755         63     0.2583     2.2615  0.000e+00
      3.434     7.4841   3.288213    31.9124         64     0.2625     2.2567  0.000e+00
      3.541     7.2759   3.289960    32.1237         65     0.2667     2.2489  0.000e+00
      3.658     7.1232   3.309603    32.4797         66     0.2708     2.2419  0.000e+00
      3.815     7.0270   3.344615    32.9528         67     0.2750     2.2339  0.000e+00
      4.014     6.9525   3.351822    33.1031         68     0.2792     2.2290  0.000e+00
      4.236     6.9531   3.363344    33.2286         69     0.2833     2.2196  0.000e+00
      4.459     7.0040   3.367695    33.2270         70     0.2875     2.2168  0.000e+00
      4.674     7.1046   3.368316    33.1368         71     0.2917     2.2119  0.000e+00
      4.889     7.1926   3.353808    32.8943         72     0.2958     2.2087  0.000e+00
      5.087     7.2264   3.324924    32.5482         73     0.3000     2.2043  0.000e+00
      5.283     7.2362   3.306185    32.3357         74     0.3042     2.2005  0.000e+00
      5.463     7.1849   3.277049    32.0675         75     0.3083     2.1987  0.000e+00
      5.639     7.0861   3.275248    32.1397         76     0.3125     2.1955  0.000e+00
      5.846     6.9896   3.279269    32.2737         77     0.3167     2.1936  0.000e+00
      6.003     6.9027   3.263070    32.1783         78     0.3208     2.1920  0.000e+00
      6.106     6.8271   3.255298    32.1641         79     0.3250     2.1897  0.000e+00
      6.173     6.7708   3.254098    32.2037         80     0.3292     2.1900  0.000e+00
      6.217     6.7260   3.259009    32.2997         81     0.3333     2.1877  0.000e+00
      6.269     6.6927   3.294595    32.7226         82     0.3375     2.1900  0.000e+00
      6.359     6.6678   3.319503    33.0210         83     0.3417     2.1906  0.000e+00
      6.466     6.6404   3.324429    33.1019         84     0.3458     2.1931  0.000e+00
      6.571     6.6521   3.312887    32.9630         85     0.3500     2.1939  0.000e+00
      6.670     6.6891   3.291498    32.6918         86     0.3542     2.1950  0.000e+00
      6.757     6.6972   3.283077    32.5913         87     0.3583     2.1964  0.000e+00
      6.854     6.6959   3.289771    32.6662         88     0.3625     2.1958  0.000e+00
      6.974     6.6959   3.320938    33.0095         89     0.3667     2.1952  0.000e+00
      7.106     6.6865   3.337380    33.1998         90     0.3708     2.1965  0.000e+00
      7.252     6.7187   3.345212    33.2549         91     0.3750     2.1965  0.000e+00
      7.409     6.8734   3.347079    33.1256         92     0.3792     2.1965  0.000e+00
      7.574     7.0457   3.347518    32.9647         93     0.3833     2.1942  0.000e+00
      7.747     7.1753   3.346551    32.8305         94     0.3875     2.1913  0.000e+00
      7.924     7.2879   3.346871    32.7270         95     0.3917     2.1897  0.000e+00
      8.112     7.3729   3.344951    32.6258         96     0.3958     2.1846  0.000e+00
      8.293     7.4174   3.329396    32.4158         97     0.4000     2.1794  0.000e+00
      8.475     7.4218   3.315978    32.2668         98     0.4042     2.1754  0.000e+00
      8.649     7.3802   3.298742    32.1194         99     0.4083     2.1699  0.000e+00
      8.809     7.2731   3.275840    31.9711        100     0.4125     2.1653  0.000e+00
      8.963     7.1345   3.260296    31.9309        101     0.4167     2.1623  0.000e+00
      9.113     7.0048   3.252142    31.9624        102     0.4208     2.1571  0.000e+00
      9.254     6.8947   3.249051    32.0311        103     0.4250     2.1521  0.000e+00
      9.386     6.8061   3.247852    32.1006        104     0.4292     2.1466  0.000e+00
      9.512     6.7377   3.248060    32.1669        105     0.4333     2.1424  0.000e+00
      9.626     6.6879   3.249768    32.2324        106     0.4375     2.1358  0.000e+00
      9.744     6.6522   3.252816    32.2996        107     0.4417     2.1331  0.000e+00
      9.859     6.6281   3.261582    32.4188        108     0.4458     2.1334  0.000e+00
      9.984     6.6174   3.283096    32.6660        109     0.4500     2.1396  0.000e+00
     10.103     6.6128   3.298128    32.8363        110     0.4542     2.1483  0.000e+00
     10.235     6.6009   3.303637    32.9085        111     0.4583     2.1589  0.000e+00
     10.367     6.6065   3.315121    33.0299        112     0.4625     2.1711  0.000e+00
     10.508     6.6508   3.322150    33.0646        113     0.4667     2.1814  0.000e+00
     10.658     6.7475   3.326480    33.0190        114     0.4708     2.1915  0.000e+00
     10.806     6.8546   3.328067    32.9334        115     0.4750     2.1962  0.000e+00
     10.965     6.9362   3.328145    32.8560        116     0.4792     2.2013  0.000e+00
     11.128     7.0032   3.323554    32.7418        117     0.4833     2.2034  0.000e+00
     11.296     7.0323   3.315230    32.6232        118     0.4875     2.2058  0.000e+00
     11.471     7.0381   3.303161    32.4860        119     0.4917     2.2068  0.000e+00
     11.643     7.0315   3.293129    32.3828        120     0.4958     2.2055  0.000e+00
     11.827     6.9948   3.284633    32.3245        121     0.5000     2.2049  0.000e+00
     12.008     6.9367   3.276399    32.2892        122     0.5042     2.2049  0.000e+00
     12.185     6.8742   3.268061    32.2566        123     0.5083     2.2038  0.000e+00
     12.362     6.8170   3.262727    32.2518        124     0.5125     2.2027  0.000e+00
     12.530     6.7675   3.261296    32.2827        125     0.5167     2.2010  0.000e+00
     12.698     6.7265   3.261783    32.3266        126     0.5208     2.1990  0.000e+00
     12.857     6.6941   3.262806    32.3684        127     0.5250     2.1968  0.000e+00
     13.007     6.6671   3.261521    32.3797        128     0.5292     2.1949  0.000e+00
     13.146     6.6444   3.256934    32.3506        129     0.5333     2.1976  0.000e+00
     13.267     6.6250   3.252488    32.3200        130     0.5375     2.1989  0.000e+00
     13.372     6.6085   3.248855    32.2954        131     0.5417     2.2019  0.000e+00
     13.468     6.5950   3.245685    32.2732        132     0.5458     2.2062  0.000e+00
     13.558     6.5848   3.244124    32.2656        133     0.5500     2.2089  0.000e+00
     13.638     6.5783   3.244447    32.2753        134     0.5542     2.2128  0.000e+00
     13.719     6.5732   3.244916    32.2852        135     0.5583     2.2147  0.000e+00
     13.798     6.5693   3.249888    32.3437        136     0.5625     2.2164  0.000e+00
     13.878     6.5686   3.271421    32.5819        137     0.5667     2.2197  0.000e+00
     13.963     6.5698   3.288496    32.7692        138     0.5708     2.2241  0.000e+00
     14.055     6.5708   3.307954    32.9833        139     0.5750     2.2270  0.000e+00
     14.156     6.6267   3.316495    33.0237        140     0.5792     2.2321  0.000e+00
     14.275     6.7497   3.312686    32.8633        141     0.5833     2.2373  0.000e+00
     14.407     6.9155   3.306961    32.6422        142     0.5875     2.2395  0.000e+00
     14.550     7.0351   3.302830    32.4838        143     0.5917     2.2428  0.000e+00
     14.704     7.1142   3.300695    32.3859        144     0.5958     2.2453  0.000e+00
     14.879     7.1575   3.299072    32.3276        145     0.6000     2.2451  0.000e+00
     15.052     7.1686   3.298230    32.3080        146     0.6042     2.2450  0.000e+00
     15.242     7.1906   3.297859    32.2833        147     0.6083     2.2450  0.000e+00
     15.428     7.2153   3.291972    32.1963        148     0.6125     2.2419  0.000e+00
     15.625     7.2388   3.289706    32.1498        149     0.6167     2.2398  0.000e+00
     15.826     7.2342   3.289168    32.1481        150     0.6208     2.2338  0.000e+00
     16.021     7.1865   3.279231    32.0846        151     0.6250     2.2293  0.000e+00
     16.214     7.1085   3.263983    31.9916        152     0.6292     2.2241  0.000e+00
     16.400     7.0113   3.252530    31.9571        153     0.6333     2.2197  0.000e+00
     16.583     6.9103   3.246274    31.9827        154     0.6375     2.2139  0.000e+00
     16.758     6.8229   3.243715    32.0361        155     0.6417     2.2079  0.000e+00
     16.928     6.7537   3.241730    32.0790        156     0.6458     2.2008  0.000e+00
     17.090     6.6999   3.241073    32.1221        157     0.6500     2.1946  0.000e+00
     17.244     6.6600   3.241023    32.1589        158     0.6542     2.1892  0.000e+00
     17.390     6.6307   3.241548    32.1921        159     0.6583     2.1868  0.000e+00
     17.535     6.6088   3.242178    32.2197        160     0.6625     2.1884  0.000e+00
     17.670     6.5926   3.243193    32.2460        161     0.6667     2.1920  0.000e+00
     17.809     6.5798   3.243595    32.2625        162     0.6708     2.1990  0.000e+00
     17.940     6.5690   3.240378    32.2372        163     0.6750     2.2049  0.000e+00
     18.066     6.5601   3.237580    32.2146        164     0.6792     2.2127  0.000e+00
     18.187     6.5545   3.236025    32.2027        165     0.6833     2.2198  0.000e+00
     18.313     6.5519   3.234710    32.1906        166     0.6875     2.2276  0.000e+00
     18.436     6.5506   3.234688    32.1915        167     0.6917     2.2323  0.000e+00
     18.556     6.5494   3.236064    32.2077        168     0.6958     2.2348  0.000e+00
     18.675     6.5469   3.239219    32.2448        169     0.7000     2.2370  0.000e+00
     18.800     6.5460   3.247523    32.3372        170     0.7042     2.2371  0.000e+00
     18.914     6.5478   3.264610    32.5241        171     0.7083     2.2387  0.000e+00
     19.042     6.5471   3.275073    32.6403        172     0.7125     2.2422  0.000e+00
     19.168     6.5473   3.286042    32.7612        173     0.7167     2.2445  0.000e+00
     19.297     6.5756   3.291902    32.7988        174     0.7208     2.2485  0.000e+00
     19.434     6.6718   3.295037    32.7410        175     0.7250     2.2508  0.000e+00
     19.561     6.7837   3.296271    32.6478        176     0.7292     2.2532  0.000e+00
     19.691     6.8621   3.296292    32.5735        177     0.7333     2.2527  0.000e+00
     19.828     6.9316   3.291792    32.4583        178     0.7375     2.2525  0.000e+00
     19.963     6.9713   3.284272    32.3388        179     0.7417     2.2508  0.000e+00
     20.102     6.9803   3.277319    32.2544        180     0.7458     2.2483  0.000e+00
     20.236     6.9767   3.271705    32.1964        181     0.7500     2.2448  0.000e+00
     20.374     6.9573   3.265853    32.1508        182     0.7542     2.2411  0.000e+00
     20.520     6.9100   3.260498    32.1364        183     0.7583     2.2380  0.000e+00
     20.675     6.8513   3.257280    32.1561        184     0.7625     2.2334  0.000e+00
     20.831     6.7987   3.257929    32.2125        185     0.7667     2.2297  0.000e+00
     20.995     6.7598   3.263854    32.3139        186     0.7708     2.2273  0.000e+00
     21.163     6.7362   3.274556    32.4537        187     0.7750     2.2225  0.000e+00
     21.340     6.7178   3.282504    32.5584        188     0.7792     2.2201  0.000e+00
     21.519     6.6923   3.285424    32.6147        189     0.7833     2.2134  0.000e+00
