HB2402/sbe013.cnv
* Sea-Bird SBE 19plus V2 Data File:
* FileName = C:\cruise\data\sbe013.hex
* Software Version Seasave V 7.26.7.121
* Temperature SN = 7142
* Conductivity SN = 7142
* System UpLoad Time = Mar 11 2024 22:21:29
* NMEA Latitude = 35 43.34 N
* NMEA Longitude = 075 12.91 W
* NMEA UTC (Time) = Mar 11 2024  22:20:56
** Ship: Bigelow
** Cruise:  HB2304
** Program:  Fall Bottom Trawl
# nquan = 7
# nvalues = 951                                   
# units = specified
# name 0 = depSM: Depth [salt water, m]
# name 1 = tv290C: Temperature [ITS-90, deg C]
# name 2 = c0S/m: Conductivity [S/m]
# name 3 = sal00: Salinity, Practical [PSU]
# name 4 = scan: Scan Count
# name 5 = timeM: Time, Elapsed [minutes]
# name 6 = flag:  0.000e+00
# span 0 =      0.005,     35.190                 
# span 1 =     8.9414,     9.8960                 
# span 2 =   3.353530,   3.479880                 
# span 3 =    31.1091,    31.9608                 
# span 4 =         11,        961                 
# span 5 =     0.0417,     4.0000                 
# span 6 = 0.0000e+00, 0.0000e+00                 
# interval = seconds: 0.25
# start_time = Mar 11 2024 22:20:56 [NMEA time, header]
# bad_flag = -9.990e-29
*END*
[from data line 821]
     24.978     8.9893   3.383167    31.5445        832     3.4625  0.000e+00
     24.865     8.9893   3.383143    31.5443        833     3.4667  0.000e+00
     24.774     8.9891   3.383125    31.5444        834     3.4708  0.000e+00
     24.684     8.9889   3.383167    31.5450        835     3.4750  0.000e+00
     24.603     8.9893   3.383406    31.5472        836     3.4792  0.000e+00
     24.507     8.9911   3.383549    31.5470        837     3.4833  0.000e+00
     24.396     8.9926   3.383507    31.5454        838     3.4875  0.000e+00
     24.259     8.9939   3.383531    31.5445        839     3.4917  0.000e+00
     24.107     8.9946   3.383590    31.5446        840     3.4958  0.000e+00
     23.921     8.9955   3.383674    31.5448        841     3.5000  0.000e+00
     23.709     8.9962   3.383614    31.5436        842     3.5042  0.000e+00
     23.459     8.9962   3.383489    31.5424        843     3.5083  0.000e+00
     23.191     8.9953   3.383530    31.5438        844     3.5125  0.000e+00
     22.897     8.9950   3.383482    31.5437        845     3.5167  0.000e+00
     22.598     8.9946   3.383530    31.5446        846     3.5208  0.000e+00
     22.284     8.9949   3.383828    31.5476        847     3.5250  0.000e+00
     21.971     8.9968   3.383876    31.5465        848     3.5292  0.000e+00
     21.649     8.9986   3.383679    31.5430        849     3.5333  0.000e+00
     21.338     8.9984   3.383720    31.5437        850     3.5375  0.000e+00
     21.045     8.9990   3.384317    31.5495        851     3.5417  0.000e+00
     20.773     9.0035   3.385104    31.5538        852     3.5458  0.000e+00
     20.516     9.0124   3.385962    31.5549        853     3.5500  0.000e+00
     20.279     9.0227   3.386189    31.5482        854     3.5542  0.000e+00
     20.071     9.0311   3.386528    31.5443        855     3.5583  0.000e+00
     19.889     9.0374   3.386164    31.5351        856     3.5625  0.000e+00
     19.734     9.0374   3.385419    31.5275        857     3.5667  0.000e+00
     19.594     9.0331   3.385186    31.5289        858     3.5708  0.000e+00
     19.463     9.0299   3.385377    31.5338        859     3.5750  0.000e+00
     19.348     9.0288   3.385335    31.5344        860     3.5792  0.000e+00
     19.245     9.0284   3.385413    31.5356        861     3.5833  0.000e+00
     19.152     9.0296   3.385866    31.5393        862     3.5875  0.000e+00
     19.058     9.0332   3.386504    31.5427        863     3.5917  0.000e+00
     18.961     9.0386   3.386826    31.5413        864     3.5958  0.000e+00
     18.862     9.0433   3.386826    31.5372        865     3.6000  0.000e+00
     18.758     9.0466   3.386850    31.5345        866     3.6042  0.000e+00
     18.649     9.0494   3.386909    31.5327        867     3.6083  0.000e+00
     18.532     9.0512   3.386975    31.5318        868     3.6125  0.000e+00
     18.400     9.0515   3.386826    31.5301        869     3.6167  0.000e+00
     18.242     9.0517   3.387058    31.5324        870     3.6208  0.000e+00
     18.062     9.0529   3.387237    31.5333        871     3.6250  0.000e+00
     17.866     9.0549   3.387422    31.5335        872     3.6292  0.000e+00
     17.644     9.0572   3.387517    31.5325        873     3.6333  0.000e+00
     17.388     9.0591   3.387637    31.5322        874     3.6375  0.000e+00
     17.101     9.0605   3.387869    31.5335        875     3.6417  0.000e+00
     16.782     9.0627   3.388108    31.5341        876     3.6458  0.000e+00
     16.457     9.0656   3.388334    31.5341        877     3.6500  0.000e+00
     16.103     9.0688   3.388614    31.5343        878     3.6542  0.000e+00
     15.724     9.0726   3.388978    31.5348        879     3.6583  0.000e+00
     15.342     9.0773   3.389449    31.5357        880     3.6625  0.000e+00
     14.958     9.0838   3.389998    31.5357        881     3.6667  0.000e+00
     14.614     9.0929   3.390063    31.5285        882     3.6708  0.000e+00
     14.269     9.1000   3.390075    31.5226        883     3.6750  0.000e+00
     13.973     9.1045   3.390338    31.5214        884     3.6792  0.000e+00
     13.703     9.1096   3.390564    31.5193        885     3.6833  0.000e+00
     13.484     9.1144   3.390510    31.5146        886     3.6875  0.000e+00
     13.324     9.1158   3.390379    31.5121        887     3.6917  0.000e+00
     13.207     9.1149   3.390200    31.5111        888     3.6958  0.000e+00
     13.147     9.1137   3.390021    31.5104        889     3.7000  0.000e+00
     13.119     9.1128   3.389955    31.5104        890     3.7042  0.000e+00
     13.119     9.1123   3.390063    31.5120        891     3.7083  0.000e+00
     13.138     9.1121   3.390098    31.5125        892     3.7125  0.000e+00
     13.164     9.1131   3.390170    31.5124        893     3.7167  0.000e+00
     13.189     9.1154   3.390277    31.5115        894     3.7208  0.000e+00
     13.196     9.1186   3.390379    31.5097        895     3.7250  0.000e+00
     13.178     9.1219   3.390528    31.5083        896     3.7292  0.000e+00
     13.124     9.1248   3.390564    31.5062        897     3.7333  0.000e+00
     13.036     9.1269   3.390677    31.5054        898     3.7375  0.000e+00
     12.912     9.1278   3.390701    31.5050        899     3.7417  0.000e+00
     12.739     9.1288   3.390826    31.5055        900     3.7458  0.000e+00
     12.531     9.1302   3.390999    31.5061        901     3.7500  0.000e+00
     12.285     9.1320   3.389871    31.4930        902     3.7542  0.000e+00
     11.990     9.1326   3.389549    31.4893        903     3.7583  0.000e+00
     11.661     9.1318   3.389161    31.4861        904     3.7625  0.000e+00
     11.300     9.1302   3.390402    31.5005        905     3.7667  0.000e+00
     10.920     9.1280   3.389763    31.4961        906     3.7708  0.000e+00
     10.507     9.1281   3.390825    31.5070        907     3.7750  0.000e+00
     10.115     9.1311   3.390145    31.4975        908     3.7792  0.000e+00
      9.714     9.1328   3.389101    31.4855        909     3.7833  0.000e+00
      9.308     9.1356   3.388140    31.4733        910     3.7875  0.000e+00
      8.921     9.1405   3.387758    31.4652        911     3.7917  0.000e+00
      8.572     9.1437   3.387555    31.4604        912     3.7958  0.000e+00
      8.256     9.1454   3.387311    31.4565        913     3.8000  0.000e+00
      7.976     9.1461   3.387191    31.4548        914     3.8042  0.000e+00
      7.749     9.1462   3.387078    31.4537        915     3.8083  0.000e+00
      7.577     9.1461   3.386905    31.4521        916     3.8125  0.000e+00
      7.463     9.1459   3.386726    31.4504        917     3.8167  0.000e+00
      7.397     9.1457   3.386606    31.4494        918     3.8208  0.000e+00
      7.359     9.1455   3.386565    31.4492        919     3.8250  0.000e+00
      7.345     9.1454   3.386589    31.4495        920     3.8292  0.000e+00
      7.348     9.1453   3.386583    31.4495        921     3.8333  0.000e+00
      7.354     9.1451   3.386565    31.4496        922     3.8375  0.000e+00
      7.359     9.1445   3.386541    31.4498        923     3.8417  0.000e+00
      7.359     9.1438   3.386320    31.4482        924     3.8458  0.000e+00
      7.338     9.1429   3.385944    31.4451        925     3.8500  0.000e+00
      7.291     9.1417   3.385670    31.4433        926     3.8542  0.000e+00
      7.204     9.1406   3.385414    31.4416        927     3.8583  0.000e+00
      7.091     9.1396   3.385587    31.4444        928     3.8625  0.000e+00
      6.938     9.1395   3.385509    31.4438        929     3.8667  0.000e+00
      6.712     9.1390   3.385074    31.4398        930     3.8708  0.000e+00
      6.417     9.1382   3.384960    31.4395        931     3.8750  0.000e+00
      6.095     9.1375   3.384990    31.4406        932     3.8792  0.000e+00
      5.725     9.1369   3.384859    31.4398        933     3.8833  0.000e+00
      5.374     9.1364   3.384739    31.4392        934     3.8875  0.000e+00
      4.970     9.1359   3.384882    31.4413        935     3.8917  0.000e+00
      4.553     9.1359   3.384876    31.4414        936     3.8958  0.000e+00
      4.122     9.1362   3.384858    31.4412        937     3.9000  0.000e+00
      3.746     9.1364   3.384757    31.4402        938     3.9042  0.000e+00
      3.433     9.1366   3.384655    31.4391        939     3.9083  0.000e+00
      3.183     9.1364   3.374643    31.3362        940     3.9125  0.000e+00
      2.980     9.1363   3.369433    31.2827        941     3.9167  0.000e+00
      2.834     9.1358   3.377931    31.3708        942     3.9208  0.000e+00
      2.719     9.1349   3.384434    31.4386        943     3.9250  0.000e+00
      2.628     9.1342   3.384351    31.4384        944     3.9292  0.000e+00
      2.547     9.1341   3.384178    31.4368        945     3.9333  0.000e+00
      2.468     9.1338   3.384249    31.4378        946     3.9375  0.000e+00
      2.372     9.1336   3.384267    31.4382        947     3.9417  0.000e+00
      2.259     9.1336   3.384369    31.4392        948     3.9458  0.000e+00
      2.101     9.1338   3.384494    31.4404        949     3.9500  0.000e+00
      1.916     9.1343   3.384625    31.4415        950     3.9542  0.000e+00
      1.661     9.1349   3.384672    31.4415        951     3.9583  0.000e+00
      1.364     9.1355   3.384690    31.4413        952     3.9625  0.000e+00
      1.028     9.1359   3.384666    31.4408        953     3.9667  0.000e+00
      0.706     9.1361   3.384636    31.4405        954     3.9708  0.000e+00
      0.427     9.1364   3.384457    31.4385        955     3.9750  0.000e+00
      0.327     9.1366   3.384451    31.4384        956     3.9792  0.000e+00
      0.327     9.1358   3.384457    31.4391        957     3.9833  0.000e+00
      0.408     9.1348   3.384410    31.4394        958     3.9875  0.000e+00
      0.541     9.1343   3.384696    31.4428        959     3.9917  0.000e+00
      0.683     9.1337   3.384881    31.4452        960     3.9958  0.000e+00
      0.821     9.1352   3.384917    31.4441        961     4.0000  0.000e+00
