HB2402/sbe059.cnv
* Sea-Bird SBE 19plus V2 Data File:
* FileName = C:\cruise\data\sbe059.hex
* Software Version Seasave V 7.26.7.121
* Temperature SN = 7037
* Conductivity SN = 7037
* System UpLoad Time = Apr 06 2024 23:23:34
* NMEA Latitude = 39 40.77 N
* NMEA Longitude = 072 09.66 W
* NMEA UTC (Time) = Apr 06 2024  23:22:55
** Ship: Bigelow
** Cruise:  HB2304
** Program:  Fall Bottom Trawl
# nquan = 8
# nvalues = 2891                                  
# units = specified
# name 0 = depSM: Depth [salt water, m]
# name 1 = tv290C: Temperature [ITS-90, deg C]
# name 2 = c0S/m: Conductivity [S/m]
# name 3 = sal00: Salinity, Practical [PSU]
# name 4 = scan: Scan Count
# name 5 = timeM: Time, Elapsed [minutes]
# name 6 = sbeox0V: Oxygen raw, SBE 43 [V]
# name 7 = flag:  0.000e+00
# span 0 =     -0.094,    120.471                 
# span 1 =     6.1933,    10.9100                 
# span 2 =   0.000009,   3.860869                 
# span 3 =     0.0031,    34.6171                 
# span 4 =         11,       2901                 
# span 5 =     0.0417,    12.0833                 
# span 6 =     1.9467,     2.4034                 
# span 7 = 0.0000e+00, 0.0000e+00                 
# interval = seconds: 0.25
# start_time = Apr 06 2024 23:22:55 [NMEA time, header]
# bad_flag = -9.990e-29
*END*
[from data line 1439]
     80.666     7.7114   3.423352    33.1161       1450     6.0375     2.2198  0.000e+00
     80.611     7.7088   3.422999    33.1149       1451     6.0417     2.2221  0.000e+00
     80.553     7.7053   3.422908    33.1172       1452     6.0458     2.2195  0.000e+00
     80.512     7.7028   3.422611    33.1165       1453     6.0500     2.2200  0.000e+00
     80.474     7.7007   3.422423    33.1164       1454     6.0542     2.2190  0.000e+00
     80.449     7.6985   3.422002    33.1140       1455     6.0583     2.2170  0.000e+00
     80.423     7.6962   3.421888    33.1150       1456     6.0625     2.2174  0.000e+00
     80.405     7.6942   3.421273    33.1103       1457     6.0667     2.2203  0.000e+00
     80.391     7.6912   3.420618    33.1061       1458     6.0708     2.2203  0.000e+00
     80.382     7.6877   3.420612    33.1094       1459     6.0750     2.2164  0.000e+00
     80.366     7.6848   3.420880    33.1150       1460     6.0792     2.2197  0.000e+00
     80.342     7.6838   3.421028    33.1176       1461     6.0833     2.2167  0.000e+00
     80.326     7.6837   3.419234    33.0984       1462     6.0875     2.2198  0.000e+00
     80.279     7.6797   3.416433    33.0721       1463     6.0917     2.2203  0.000e+00
     80.232     7.6694   3.411505    33.0289       1464     6.0958     2.2201  0.000e+00
     80.174     7.6508   3.408917    33.0188       1465     6.1000     2.2247  0.000e+00
     80.104     7.6289   3.405556    33.0035       1466     6.1042     2.2200  0.000e+00
     80.033     7.6053   3.403913    33.0082       1467     6.1083     2.2207  0.000e+00
     79.948     7.5839   3.402874    33.0174       1468     6.1125     2.2214  0.000e+00
     79.870     7.5667   3.402464    33.0294       1469     6.1167     2.2237  0.000e+00
     79.787     7.5544   3.402175    33.0380       1470     6.1208     2.2230  0.000e+00
     79.708     7.5458   3.401760    33.0417       1471     6.1250     2.2224  0.000e+00
     79.628     7.5392   3.401726    33.0476       1472     6.1292     2.2244  0.000e+00
     79.561     7.5347   3.401703    33.0517       1473     6.1333     2.2271  0.000e+00
     79.496     7.5320   3.400879    33.0454       1474     6.1375     2.2281  0.000e+00
     79.435     7.5281   3.400396    33.0439       1475     6.1417     2.2297  0.000e+00
     79.377     7.5241   3.400214    33.0459       1476     6.1458     2.2323  0.000e+00
     79.321     7.5205   3.398760    33.0336       1477     6.1500     2.2337  0.000e+00
     79.267     7.5150   3.398169    33.0325       1478     6.1542     2.2344  0.000e+00
     79.216     7.5094   3.398289    33.0391       1479     6.1583     2.2360  0.000e+00
     79.155     7.5056   3.397715    33.0366       1480     6.1625     2.2371  0.000e+00
     79.086     7.5021   3.396749    33.0295       1481     6.1667     2.2387  0.000e+00
     79.015     7.4965   3.391168    32.9746       1482     6.1708     2.2394  0.000e+00
     78.934     7.4805   3.389352    32.9702       1483     6.1750     2.2414  0.000e+00
     78.849     7.4613   3.388711    32.9816       1484     6.1792     2.2411  0.000e+00
     78.753     7.4465   3.388291    32.9912       1485     6.1833     2.2420  0.000e+00
     78.657     7.4359   3.387815    32.9961       1486     6.1875     2.2420  0.000e+00
     78.553     7.4280   3.387520    33.0005       1487     6.1917     2.2423  0.000e+00
     78.455     7.4221   3.387537    33.0063       1488     6.1958     2.2436  0.000e+00
     78.350     7.4184   3.387009    33.0042       1489     6.2000     2.2438  0.000e+00
     78.254     7.4152   3.386771    33.0048       1490     6.2042     2.2467  0.000e+00
     78.160     7.4121   3.386380    33.0036       1491     6.2083     2.2469  0.000e+00
     78.077     7.4092   3.385971    33.0019       1492     6.2125     2.2496  0.000e+00
     78.001     7.4062   3.385813    33.0031       1493     6.2167     2.2511  0.000e+00
     77.927     7.4036   3.385767    33.0051       1494     6.2208     2.2531  0.000e+00
     77.877     7.4017   3.385597    33.0051       1495     6.2250     2.2540  0.000e+00
     77.830     7.4003   3.385625    33.0068       1496     6.2292     2.2557  0.000e+00
     77.784     7.3991   3.385682    33.0085       1497     6.2333     2.2560  0.000e+00
     77.745     7.3987   3.384973    33.0013       1498     6.2375     2.2563  0.000e+00
     77.703     7.3970   3.384616    32.9990       1499     6.2417     2.2581  0.000e+00
     77.669     7.3943   3.384548    33.0009       1500     6.2458     2.2588  0.000e+00
     77.627     7.3922   3.384139    32.9985       1501     6.2500     2.2600  0.000e+00
     77.580     7.3901   3.383294    32.9914       1502     6.2542     2.2610  0.000e+00
     77.537     7.3864   3.382881    32.9904       1503     6.2583     2.2610  0.000e+00
     77.497     7.3822   3.382444    32.9897       1504     6.2625     2.2622  0.000e+00
     77.455     7.3786   3.382126    32.9898       1505     6.2667     2.2616  0.000e+00
     77.416     7.3750   3.381871    32.9904       1506     6.2708     2.2613  0.000e+00
     77.381     7.3719   3.381639    32.9909       1507     6.2750     2.2636  0.000e+00
     77.354     7.3695   3.381571    32.9925       1508     6.2792     2.2621  0.000e+00
     77.331     7.3674   3.381355    32.9921       1509     6.2833     2.2629  0.000e+00
     77.309     7.3658   3.380624    32.9857       1510     6.2875     2.2639  0.000e+00
     77.282     7.3629   3.380103    32.9828       1511     6.2917     2.2630  0.000e+00
     77.259     7.3594   3.379893    32.9839       1512     6.2958     2.2631  0.000e+00
     77.242     7.3564   3.379740    32.9852       1513     6.3000     2.2643  0.000e+00
     77.226     7.3538   3.379916    32.9895       1514     6.3042     2.2640  0.000e+00
     77.197     7.3527   3.379995    32.9915       1515     6.3083     2.2642  0.000e+00
     77.166     7.3524   3.379972    32.9915       1516     6.3125     2.2639  0.000e+00
     77.127     7.3521   3.379887    32.9909       1517     6.3167     2.2638  0.000e+00
     77.071     7.3517   3.379995    32.9924       1518     6.3208     2.2652  0.000e+00
     77.015     7.3518   3.380057    32.9930       1519     6.3250     2.2647  0.000e+00
     76.933     7.3519   3.380114    32.9936       1520     6.3292     2.2657  0.000e+00
     76.848     7.3524   3.380080    32.9929       1521     6.3333     2.2662  0.000e+00
     76.745     7.3527   3.379870    32.9903       1522     6.3375     2.2668  0.000e+00
     76.644     7.3522   3.379468    32.9865       1523     6.3417     2.2661  0.000e+00
     76.530     7.3510   3.378975    32.9824       1524     6.3458     2.2662  0.000e+00
     76.422     7.3486   3.377920    32.9732       1525     6.3500     2.2671  0.000e+00
     76.319     7.3441   3.376787    32.9653       1526     6.3542     2.2676  0.000e+00
     76.214     7.3379   3.376181    32.9646       1527     6.3583     2.2678  0.000e+00
     76.122     7.3313   3.375212    32.9605       1528     6.3625     2.2675  0.000e+00
     76.038     7.3250   3.374617    32.9601       1529     6.3667     2.2684  0.000e+00
     75.957     7.3191   3.374493    32.9644       1530     6.3708     2.2680  0.000e+00
     75.892     7.3146   3.374272    32.9663       1531     6.3750     2.2698  0.000e+00
     75.823     7.3113   3.373728    32.9636       1532     6.3792     2.2693  0.000e+00
     75.753     7.3078   3.373524    32.9647       1533     6.3833     2.2691  0.000e+00
     75.691     7.3047   3.373450    32.9670       1534     6.3875     2.2710  0.000e+00
     75.628     7.3024   3.373400    32.9686       1535     6.3917     2.2711  0.000e+00
     75.558     7.3009   3.373473    32.9708       1536     6.3958     2.2719  0.000e+00
     75.489     7.3001   3.373360    32.9704       1537     6.4000     2.2726  0.000e+00
     75.417     7.2993   3.373037    32.9677       1538     6.4042     2.2733  0.000e+00
     75.341     7.2981   3.372431    32.9624       1539     6.4083     2.2740  0.000e+00
     75.267     7.2958   3.372023    32.9601       1540     6.4125     2.2749  0.000e+00
     75.196     7.2931   3.371859    32.9609       1541     6.4167     2.2759  0.000e+00
     75.120     7.2906   3.371842    32.9632       1542     6.4208     2.2753  0.000e+00
     75.041     7.2890   3.371921    32.9656       1543     6.4250     2.2760  0.000e+00
     74.974     7.2881   3.371921    32.9665       1544     6.4292     2.2765  0.000e+00
     74.909     7.2877   3.371859    32.9662       1545     6.4333     2.2762  0.000e+00
     74.844     7.2873   3.371780    32.9658       1546     6.4375     2.2759  0.000e+00
     74.790     7.2866   3.371627    32.9648       1547     6.4417     2.2765  0.000e+00
     74.739     7.2859   3.371615    32.9654       1548     6.4458     2.2771  0.000e+00
     74.705     7.2854   3.371627    32.9660       1549     6.4500     2.2769  0.000e+00
     74.674     7.2852   3.371615    32.9661       1550     6.4542     2.2765  0.000e+00
     74.643     7.2849   3.371542    32.9656       1551     6.4583     2.2770  0.000e+00
     74.629     7.2846   3.371378    32.9641       1552     6.4625     2.2772  0.000e+00
     74.609     7.2841   3.371219    32.9629       1553     6.4667     2.2767  0.000e+00
     74.602     7.2830   3.371276    32.9645       1554     6.4708     2.2770  0.000e+00
     74.589     7.2824   3.371094    32.9631       1555     6.4750     2.2768  0.000e+00
     74.576     7.2815   3.370930    32.9622       1556     6.4792     2.2773  0.000e+00
     74.549     7.2805   3.370817    32.9620       1557     6.4833     2.2776  0.000e+00
     74.519     7.2793   3.370466    32.9593       1558     6.4875     2.2775  0.000e+00
     74.475     7.2776   3.370013    32.9560       1559     6.4917     2.2769  0.000e+00
     74.423     7.2753   3.369798    32.9560       1560     6.4958     2.2772  0.000e+00
     74.349     7.2729   3.369905    32.9595       1561     6.5000     2.2772  0.000e+00
     74.262     7.2712   3.369469    32.9563       1562     6.5042     2.2762  0.000e+00
     74.159     7.2695   3.369017    32.9531       1563     6.5083     2.2776  0.000e+00
     74.049     7.2669   3.368666    32.9518       1564     6.5125     2.2772  0.000e+00
     73.931     7.2637   3.368422    32.9523       1565     6.5167     2.2772  0.000e+00
     73.819     7.2609   3.367511    32.9451       1566     6.5208     2.2764  0.000e+00
     73.716     7.2568   3.366984    32.9434       1567     6.5250     2.2772  0.000e+00
     73.618     7.2519   3.366090    32.9383       1568     6.5292     2.2777  0.000e+00
     73.533     7.2466   3.365870    32.9411       1569     6.5333     2.2779  0.000e+00
     73.459     7.2420   3.365349    32.9399       1570     6.5375     2.2785  0.000e+00
     73.398     7.2377   3.364540    32.9351       1571     6.5417     2.2786  0.000e+00
     73.351     7.2324   3.364591    32.9408       1572     6.5458     2.2791  0.000e+00
     73.302     7.2281   3.363770    32.9360       1573     6.5500     2.2801  0.000e+00
     73.251     7.2239   3.363510    32.9372       1574     6.5542     2.2811  0.000e+00
     73.188     7.2197   3.363629    32.9425       1575     6.5583     2.2816  0.000e+00
     73.123     7.2170   3.363510    32.9439       1576     6.5625     2.2808  0.000e+00
     73.045     7.2157   3.363708    32.9472       1577     6.5667     2.2842  0.000e+00
     72.951     7.2150   3.363787    32.9488       1578     6.5708     2.2853  0.000e+00
     72.859     7.2150   3.363810    32.9491       1579     6.5750     2.2862  0.000e+00
     72.751     7.2152   3.363046    32.9407       1580     6.5792     2.2875  0.000e+00
     72.637     7.2139   3.362073    32.9314       1581     6.5833     2.2892  0.000e+00
     72.529     7.2095   3.362537    32.9407       1582     6.5875     2.2903  0.000e+00
     72.415     7.2064   3.362215    32.9402       1583     6.5917     2.2915  0.000e+00
     72.312     7.2048   3.361734    32.9365       1584     6.5958     2.2923  0.000e+00
     72.221     7.2022   3.361247    32.9338       1585     6.6000     2.2925  0.000e+00
     72.145     7.1988   3.361027    32.9347       1586     6.6042     2.2936  0.000e+00
     72.084     7.1958   3.362113    32.9494       1587     6.6083     2.2956  0.000e+00
     72.044     7.1961   3.361468    32.9421       1588     6.6125     2.2952  0.000e+00
     72.024     7.1964   3.361819    32.9456       1589     6.6167     2.2968  0.000e+00
     72.012     7.1965   3.362299    32.9507       1590     6.6208     2.2983  0.000e+00
     72.015     7.1982   3.361756    32.9432       1591     6.6250     2.2998  0.000e+00
     72.026     7.1984   3.361208    32.9371       1592     6.6292     2.3007  0.000e+00
     72.035     7.1963   3.361015    32.9370       1593     6.6333     2.3010  0.000e+00
     72.037     7.1943   3.362017    32.9497       1594     6.6375     2.3003  0.000e+00
     72.033     7.1952   3.361332    32.9414       1595     6.6417     2.3007  0.000e+00
     72.021     7.1955   3.361632    32.9445       1596     6.6458     2.3016  0.000e+00
     71.983     7.1953   3.361247    32.9405       1597     6.6500     2.3017  0.000e+00
     71.943     7.1945   3.361004    32.9386       1598     6.6542     2.3022  0.000e+00
     71.885     7.1929   3.361100    32.9412       1599     6.6583     2.3024  0.000e+00
     71.822     7.1923   3.360603    32.9364       1600     6.6625     2.3019  0.000e+00
     71.737     7.1907   3.360636    32.9383       1601     6.6667     2.3035  0.000e+00
     71.657     7.1892   3.360665    32.9401       1602     6.6708     2.3026  0.000e+00
     71.563     7.1887   3.360359    32.9373       1603     6.6750     2.3046  0.000e+00
     71.479     7.1873   3.360178    32.9367       1604     6.6792     2.3037  0.000e+00
     71.390     7.1859   3.359958    32.9356       1605     6.6833     2.3036  0.000e+00
     71.314     7.1843   3.358584    32.9223       1606     6.6875     2.3059  0.000e+00
     71.245     7.1797   3.357928    32.9196       1607     6.6917     2.3066  0.000e+00
     71.182     7.1741   3.358425    32.9303       1608     6.6958     2.3057  0.000e+00
     71.133     7.1714   3.358606    32.9349       1609     6.7000     2.3056  0.000e+00
     71.090     7.1708   3.358425    32.9336       1610     6.7042     2.3063  0.000e+00
     71.050     7.1700   3.357950    32.9292       1611     6.7083     2.3068  0.000e+00
     71.010     7.1682   3.358018    32.9316       1612     6.7125     2.3070  0.000e+00
     70.962     7.1669   3.358205    32.9349       1613     6.7167     2.3073  0.000e+00
     70.915     7.1666   3.357979    32.9328       1614     6.7208     2.3068  0.000e+00
     70.842     7.1662   3.357634    32.9295       1615     6.7250     2.3083  0.000e+00
     70.766     7.1650   3.357035    32.9242       1616     6.7292     2.3086  0.000e+00
     70.670     7.1624   3.357063    32.9269       1617     6.7333     2.3089  0.000e+00
     70.567     7.1604   3.356390    32.9215       1618     6.7375     2.3094  0.000e+00
     70.437     7.1578   3.356136    32.9214       1619     6.7417     2.3103  0.000e+00
     70.311     7.1547   3.355887    32.9217       1620     6.7458     2.3103  0.000e+00
     70.175     7.1519   3.355463    32.9198       1621     6.7500     2.3113  0.000e+00
     70.047     7.1491   3.354135    32.9080       1622     6.7542     2.3119  0.000e+00
     69.926     7.1440   3.353982    32.9113       1623     6.7583     2.3110  0.000e+00
     69.816     7.1392   3.353626    32.9120       1624     6.7625     2.3122  0.000e+00
     69.720     7.1351   3.353084    32.9101       1625     6.7667     2.3120  0.000e+00
     69.633     7.1309   3.352592    32.9088       1626     6.7708     2.3122  0.000e+00
     69.561     7.1266   3.352965    32.9170       1627     6.7750     2.3126  0.000e+00
