HB2402/sbe050.cnv
* Sea-Bird SBE 19plus V2 Data File:
* FileName = C:\cruise\data\sbe050.hex
* Software Version Seasave V 7.26.7.121
* Temperature SN = 7142
* Conductivity SN = 7142
* System UpLoad Time = Apr 04 2024 23:45:46
* NMEA Latitude = 41 20.56 N
* NMEA Longitude = 070 55.36 W
* NMEA UTC (Time) = Apr 04 2024  23:45:05
** Ship: Bigelow
** Cruise:  HB2304
** Program:  Fall Bottom Trawl
# nquan = 7
# nvalues = 1188                                  
# units = specified
# name 0 = depSM: Depth [salt water, m]
# name 1 = tv290C: Temperature [ITS-90, deg C]
# name 2 = c0S/m: Conductivity [S/m]
# name 3 = sal00: Salinity, Practical [PSU]
# name 4 = scan: Scan Count
# name 5 = timeM: Time, Elapsed [minutes]
# name 6 = flag:  0.000e+00
# span 0 =     -0.274,     28.035                 
# span 1 =     4.5531,     6.3231                 
# span 2 =   0.000014,   3.058723                 
# span 3 =     0.0016,    31.0969                 
# span 4 =         11,       1198                 
# span 5 =     0.0417,     4.9875                 
# span 6 = 0.0000e+00, 0.0000e+00                 
# interval = seconds: 0.25
# start_time = Apr 04 2024 23:45:05 [NMEA time, header]
# bad_flag = -9.990e-29
*END*
[from data line 206]
      5.903     5.9055   3.023622    30.4540        217     0.9000  0.000e+00
      5.964     5.9159   3.020250    30.4071        218     0.9042  0.000e+00
      6.033     5.9017   3.018134    30.3963        219     0.9083  0.000e+00
      6.106     5.8630   3.018009    30.4297        220     0.9125  0.000e+00
      6.173     5.8137   3.017856    30.4724        221     0.9167  0.000e+00
      6.245     5.7720   3.017406    30.5050        222     0.9208  0.000e+00
      6.318     5.7458   3.017423    30.5289        223     0.9250  0.000e+00
      6.401     5.7331   3.017874    30.5453        224     0.9292  0.000e+00
      6.485     5.7284   3.019305    30.5656        225     0.9333  0.000e+00
      6.572     5.7284   3.020429    30.5781        226     0.9375  0.000e+00
      6.658     5.7317   3.021684    30.5891        227     0.9417  0.000e+00
      6.753     5.7469   3.022163    30.5806        228     0.9458  0.000e+00
      6.852     5.7688   3.023219    30.5725        229     0.9500  0.000e+00
      6.960     5.7899   3.025439    30.5781        230     0.9542  0.000e+00
      7.068     5.8150   3.027625    30.5798        231     0.9583  0.000e+00
      7.186     5.8417   3.029772    30.5795        232     0.9625  0.000e+00
      7.305     5.8642   3.031651    30.5801        233     0.9667  0.000e+00
      7.423     5.8829   3.033188    30.5802        234     0.9708  0.000e+00
      7.542     5.8998   3.034240    30.5766        235     0.9750  0.000e+00
      7.668     5.9142   3.035045    30.5725        236     0.9792  0.000e+00
      7.784     5.9259   3.035811    30.5703        237     0.9833  0.000e+00
      7.907     5.9356   3.036543    30.5697        238     0.9875  0.000e+00
      8.020     5.9426   3.036829    30.5665        239     0.9917  0.000e+00
      8.133     5.9473   3.036606    30.5597        240     0.9958  0.000e+00
      8.241     5.9505   3.036040    30.5505        241     1.0000  0.000e+00
      8.340     5.9528   3.034828    30.5349        242     1.0042  0.000e+00
      8.440     5.9531   3.031782    30.5007        243     1.0083  0.000e+00
      8.537     5.9510   3.028412    30.4651        244     1.0125  0.000e+00
      8.631     5.9499   3.027550    30.4564        245     1.0167  0.000e+00
      8.722     5.9508   3.026346    30.4422        246     1.0208  0.000e+00
      8.812     5.9521   3.025267    30.4290        247     1.0250  0.000e+00
      8.907     5.9542   3.023925    30.4121        248     1.0292  0.000e+00
      9.012     5.9524   3.023229    30.4059        249     1.0333  0.000e+00
      9.127     5.9362   3.023081    30.4188        250     1.0375  0.000e+00
      9.252     5.9037   3.022881    30.4458        251     1.0417  0.000e+00
      9.376     5.8673   3.022671    30.4762        252     1.0458  0.000e+00
      9.506     5.8401   3.022374    30.4974        253     1.0500  0.000e+00
      9.633     5.8249   3.022278    30.5100        254     1.0542  0.000e+00
      9.763     5.8186   3.023196    30.5258        255     1.0583  0.000e+00
      9.885     5.8156   3.024349    30.5413        256     1.0625  0.000e+00
     10.002     5.8142   3.025405    30.5544        257     1.0667  0.000e+00
     10.115     5.8197   3.026313    30.5594        258     1.0708  0.000e+00
     10.233     5.8382   3.026684    30.5468        259     1.0750  0.000e+00
     10.350     5.8565   3.026444    30.5275        260     1.0792  0.000e+00
     10.471     5.8701   3.024834    30.4973        261     1.0833  0.000e+00
     10.591     5.8753   3.022574    30.4673        262     1.0875  0.000e+00
     10.713     5.8761   3.022135    30.4617        263     1.0917  0.000e+00
     10.843     5.8783   3.022021    30.4583        264     1.0958  0.000e+00
     10.976     5.8605   3.022483    30.4795        265     1.1000  0.000e+00
     11.109     5.8285   3.022729    30.5110        266     1.1042  0.000e+00
     11.245     5.8006   3.022501    30.5336        267     1.1083  0.000e+00
     11.378     5.7830   3.022022    30.5442        268     1.1125  0.000e+00
     11.502     5.7728   3.021959    30.5526        269     1.1167  0.000e+00
     11.626     5.7687   3.022866    30.5665        270     1.1208  0.000e+00
     11.746     5.7661   3.023511    30.5759        271     1.1250  0.000e+00
     11.860     5.7714   3.024025    30.5768        272     1.1292  0.000e+00
     11.966     5.7925   3.024350    30.5613        273     1.1333  0.000e+00
     12.073     5.8132   3.024378    30.5428        274     1.1375  0.000e+00
     12.161     5.8281   3.024338    30.5289        275     1.1417  0.000e+00
     12.257     5.8409   3.024201    30.5157        276     1.1458  0.000e+00
     12.345     5.8522   3.023790    30.5009        277     1.1500  0.000e+00
     12.429     5.8595   3.023060    30.4861        278     1.1542  0.000e+00
     12.514     5.8617   3.022278    30.4754        279     1.1583  0.000e+00
     12.598     5.8601   3.021491    30.4681        280     1.1625  0.000e+00
     12.681     5.8598   3.021371    30.4669        281     1.1667  0.000e+00
     12.761     5.8637   3.021827    30.4685        282     1.1708  0.000e+00
     12.842     5.8560   3.022866    30.4870        283     1.1750  0.000e+00
     12.929     5.8296   3.024242    30.5261        284     1.1792  0.000e+00
     13.022     5.7959   3.024813    30.5629        285     1.1833  0.000e+00
     13.114     5.7695   3.024836    30.5870        286     1.1875  0.000e+00
     13.213     5.7539   3.024688    30.5995        287     1.1917  0.000e+00
     13.317     5.7445   3.024539    30.6063        288     1.1958  0.000e+00
     13.432     5.7374   3.024465    30.6118        289     1.2000  0.000e+00
     13.554     5.7315   3.024380    30.6162        290     1.2042  0.000e+00
     13.683     5.7280   3.024277    30.6182        291     1.2083  0.000e+00
     13.825     5.7247   3.023769    30.6154        292     1.2125  0.000e+00
     13.971     5.7207   3.023438    30.6153        293     1.2167  0.000e+00
     14.131     5.7165   3.023341    30.6179        294     1.2208  0.000e+00
     14.291     5.7135   3.022930    30.6159        295     1.2250  0.000e+00
     14.460     5.7104   3.022611    30.6151        296     1.2292  0.000e+00
     14.630     5.7073   3.022896    30.6210        297     1.2333  0.000e+00
     14.801     5.7048   3.023673    30.6320        298     1.2375  0.000e+00
     14.968     5.7052   3.024323    30.6388        299     1.2417  0.000e+00
     15.126     5.7244   3.026093    30.6411        300     1.2458  0.000e+00
     15.266     5.7547   3.030193    30.6593        301     1.2500  0.000e+00
     15.403     5.7820   3.033117    30.6671        302     1.2542  0.000e+00
     15.530     5.8064   3.034397    30.6592        303     1.2583  0.000e+00
     15.651     5.8256   3.034803    30.6462        304     1.2625  0.000e+00
     15.759     5.8380   3.034751    30.6344        305     1.2667  0.000e+00
     15.865     5.8457   3.034465    30.6241        306     1.2708  0.000e+00
     15.969     5.8508   3.033425    30.6079        307     1.2750  0.000e+00
     16.071     5.8540   3.031951    30.5885        308     1.2792  0.000e+00
     16.165     5.8564   3.030786    30.5733        309     1.2833  0.000e+00
     16.258     5.8591   3.029815    30.5600        310     1.2875  0.000e+00
     16.337     5.8619   3.028575    30.5436        311     1.2917  0.000e+00
     16.413     5.8657   3.028096    30.5348        312     1.2958  0.000e+00
     16.481     5.8692   3.027747    30.5277        313     1.3000  0.000e+00
     16.556     5.8724   3.027570    30.5228        314     1.3042  0.000e+00
     16.637     5.8751   3.027216    30.5164        315     1.3083  0.000e+00
     16.718     5.8758   3.027045    30.5138        316     1.3125  0.000e+00
     16.806     5.8731   3.026800    30.5135        317     1.3167  0.000e+00
     16.894     5.8690   3.027730    30.5275        318     1.3208  0.000e+00
     16.995     5.8672   3.030586    30.5609        319     1.3250  0.000e+00
     17.103     5.8690   3.032837    30.5843        320     1.3292  0.000e+00
     17.207     5.8707   3.035517    30.6126        321     1.3333  0.000e+00
     17.320     5.8687   3.050461    30.7810        322     1.3375  0.000e+00
     17.435     5.8446   3.056436    30.8696        323     1.3417  0.000e+00
     17.556     5.8026   3.056815    30.9121        324     1.3458  0.000e+00
     17.681     5.7750   3.056826    30.9376        325     1.3500  0.000e+00
     17.814     5.7597   3.056850    30.9518        326     1.3542  0.000e+00
     17.951     5.7503   3.056850    30.9603        327     1.3583  0.000e+00
     18.080     5.7450   3.056850    30.9651        328     1.3625  0.000e+00
     18.219     5.7414   3.056827    30.9681        329     1.3667  0.000e+00
     18.348     5.7391   3.056775    30.9696        330     1.3708  0.000e+00
     18.483     5.7369   3.056770    30.9715        331     1.3750  0.000e+00
     18.616     5.7352   3.056718    30.9724        332     1.3792  0.000e+00
     18.756     5.7334   3.056707    30.9739        333     1.3833  0.000e+00
     18.905     5.7318   3.056701    30.9752        334     1.3875  0.000e+00
     19.058     5.7309   3.056546    30.9742        335     1.3917  0.000e+00
     19.214     5.7295   3.056569    30.9757        336     1.3958  0.000e+00
     19.370     5.7283   3.056489    30.9758        337     1.4000  0.000e+00
     19.528     5.7272   3.056472    30.9766        338     1.4042  0.000e+00
     19.690     5.7259   3.056438    30.9773        339     1.4083  0.000e+00
     19.843     5.7245   3.056409    30.9782        340     1.4125  0.000e+00
     19.990     5.7238   3.056381    30.9785        341     1.4167  0.000e+00
     20.132     5.7228   3.056392    30.9794        342     1.4208  0.000e+00
     20.274     5.7222   3.056192    30.9776        343     1.4250  0.000e+00
     20.402     5.7197   3.055894    30.9766        344     1.4292  0.000e+00
     20.524     5.7149   3.055682    30.9785        345     1.4333  0.000e+00
     20.634     5.7101   3.055659    30.9826        346     1.4375  0.000e+00
     20.731     5.7065   3.055653    30.9858        347     1.4417  0.000e+00
     20.822     5.7046   3.055905    30.9904        348     1.4458  0.000e+00
     20.903     5.7054   3.055814    30.9885        349     1.4500  0.000e+00
     20.980     5.7058   3.055734    30.9873        350     1.4542  0.000e+00
     21.052     5.7052   3.055676    30.9871        351     1.4583  0.000e+00
     21.124     5.7042   3.055757    30.9890        352     1.4625  0.000e+00
     21.196     5.7039   3.055716    30.9887        353     1.4667  0.000e+00
     21.275     5.7039   3.055734    30.9889        354     1.4708  0.000e+00
     21.352     5.7037   3.055694    30.9886        355     1.4750  0.000e+00
     21.437     5.7033   3.055642    30.9883        356     1.4792  0.000e+00
     21.536     5.7025   3.055527    30.9877        357     1.4833  0.000e+00
     21.638     5.7009   3.055493    30.9887        358     1.4875  0.000e+00
     21.749     5.6993   3.055453    30.9897        359     1.4917  0.000e+00
     21.868     5.6981   3.055436    30.9906        360     1.4958  0.000e+00
     21.996     5.6975   3.055470    30.9915        361     1.5000  0.000e+00
     22.129     5.6971   3.055436    30.9914        362     1.5042  0.000e+00
     22.272     5.6969   3.055436    30.9915        363     1.5083  0.000e+00
     22.423     5.6966   3.055413    30.9914        364     1.5125  0.000e+00
     22.576     5.6962   3.055379    30.9914        365     1.5167  0.000e+00
     22.722     5.6957   3.055413    30.9921        366     1.5208  0.000e+00
     22.869     5.6955   3.055396    30.9920        367     1.5250  0.000e+00
     22.998     5.6955   3.055356    30.9916        368     1.5292  0.000e+00
     23.122     5.6949   3.055379    30.9923        369     1.5333  0.000e+00
     23.234     5.6946   3.055356    30.9922        370     1.5375  0.000e+00
     23.338     5.6944   3.055339    30.9922        371     1.5417  0.000e+00
     23.440     5.6940   3.055339    30.9925        372     1.5458  0.000e+00
     23.537     5.6937   3.055299    30.9922        373     1.5500  0.000e+00
     23.638     5.6935   3.055299    30.9925        374     1.5542  0.000e+00
     23.740     5.6931   3.055299    30.9928        375     1.5583  0.000e+00
     23.852     5.6928   3.055265    30.9926        376     1.5625  0.000e+00
     23.963     5.6923   3.055259    30.9929        377     1.5667  0.000e+00
     24.089     5.6917   3.055265    30.9935        378     1.5708  0.000e+00
     24.218     5.6916   3.055259    30.9935        379     1.5750  0.000e+00
     24.348     5.6912   3.055248    30.9936        380     1.5792  0.000e+00
     24.493     5.6909   3.055248    30.9939        381     1.5833  0.000e+00
     24.644     5.6909   3.055276    30.9941        382     1.5875  0.000e+00
     24.802     5.6910   3.055299    30.9942        383     1.5917  0.000e+00
     24.966     5.6913   3.055317    30.9940        384     1.5958  0.000e+00
     25.133     5.6915   3.055322    30.9938        385     1.6000  0.000e+00
     25.298     5.6914   3.055317    30.9938        386     1.6042  0.000e+00
     25.460     5.6915   3.055300    30.9934        387     1.6083  0.000e+00
     25.615     5.6912   3.055317    30.9938        388     1.6125  0.000e+00
     25.762     5.6911   3.055323    30.9939        389     1.6167  0.000e+00
     25.899     5.6912   3.055340    30.9940        390     1.6208  0.000e+00
     26.019     5.6911   3.055357    30.9941        391     1.6250  0.000e+00
     26.134     5.6913   3.055340    30.9937        392     1.6292  0.000e+00
     26.233     5.6912   3.055340    30.9937        393     1.6333  0.000e+00
     26.328     5.6914   3.055340    30.9935        394     1.6375  0.000e+00
     26.411     5.6914   3.055340    30.9935        395     1.6417  0.000e+00
     26.481     5.6914   3.055340    30.9935        396     1.6458  0.000e+00
     26.547     5.6913   3.055357    30.9937        397     1.6500  0.000e+00
     26.605     5.6913   3.055380    30.9939        398     1.6542  0.000e+00
     26.664     5.6913   3.055357    30.9936        399     1.6583  0.000e+00
     26.720     5.6913   3.055357    30.9937        400     1.6625  0.000e+00
     26.774     5.6913   3.055380    30.9938        401     1.6667  0.000e+00
     26.837     5.6912   3.055380    30.9939        402     1.6708  0.000e+00
     26.905     5.6914   3.055397    30.9939        403     1.6750  0.000e+00
     26.978     5.6914   3.055397    30.9939        404     1.6792  0.000e+00
     27.068     5.6914   3.055380    30.9936        405     1.6833  0.000e+00
     27.099     5.6917   3.055357    30.9931        406     1.6875  0.000e+00
     27.131     5.6916   3.055397    30.9936        407     1.6917  0.000e+00
     27.146     5.6916   3.055397    30.9936        408     1.6958  0.000e+00
     27.158     5.6918   3.055397    30.9934        409     1.7000  0.000e+00
     27.203     5.6918   3.055415    30.9935        410     1.7042  0.000e+00
     27.286     5.6921   3.055415    30.9932        411     1.7083  0.000e+00
     27.377     5.6921   3.055438    30.9935        412     1.7125  0.000e+00
     27.473     5.6921   3.055415    30.9931        413     1.7167  0.000e+00
     27.575     5.6923   3.055455    30.9934        414     1.7208  0.000e+00
     27.676     5.6925   3.055472    30.9933        415     1.7250  0.000e+00
     27.773     5.6929   3.055455    30.9927        416     1.7292  0.000e+00
     27.861     5.6930   3.055438    30.9924        417     1.7333  0.000e+00
     27.940     5.6928   3.055455    30.9927        418     1.7375  0.000e+00
     27.994     5.6929   3.055478    30.9929        419     1.7417  0.000e+00
     28.026     5.6932   3.055512    30.9930        420     1.7458  0.000e+00
