HB2402/sbe098.cnv
* Sea-Bird SBE 19plus V2 Data File:
* FileName = C:\cruise\data\sbe098.hex
* Software Version Seasave V 7.26.7.121
* Temperature SN = 7037
* Conductivity SN = 7037
* System UpLoad Time = Apr 27 2024 17:45:23
* NMEA Latitude = 41 09.74 N
* NMEA Longitude = 066 19.33 W
* NMEA UTC (Time) = Apr 27 2024  17:44:07
** Ship: Bigelow
** Cruise:  HB2402
** Program:  Spring Bottom Trawl
# nquan = 8
# nvalues = 3844                                  
# units = specified
# name 0 = depSM: Depth [salt water, m]
# name 1 = tv290C: Temperature [ITS-90, deg C]
# name 2 = c0S/m: Conductivity [S/m]
# name 3 = sal00: Salinity, Practical [PSU]
# name 4 = scan: Scan Count
# name 5 = timeM: Time, Elapsed [minutes]
# name 6 = sbeox0V: Oxygen raw, SBE 43 [V]
# name 7 = flag:  0.000e+00
# span 0 =      0.117,    148.599                 
# span 1 =     6.2686,     9.7010                 
# span 2 =  -0.000012,   3.782977                 
# span 3 =     0.0000,    35.0683                 
# span 4 =         11,       3854                 
# span 5 =     0.0417,    16.0542                 
# span 6 =     1.7166,     2.4928                 
# span 7 = 0.0000e+00, 0.0000e+00                 
# interval = seconds: 0.25
# start_time = Apr 27 2024 17:44:07 [NMEA time, header]
# bad_flag = -9.990e-29
*END*
[from data line 2338]
     73.000     7.5498   3.471724    33.7966       2349     9.7833     2.0265  0.000e+00
     73.020     7.5483   3.471867    33.7996       2350     9.7875     2.0270  0.000e+00
     73.036     7.5479   3.471833    33.7997       2351     9.7917     2.0293  0.000e+00
     73.038     7.5477   3.471890    33.8005       2352     9.7958     2.0300  0.000e+00
     73.036     7.5476   3.471741    33.7990       2353     9.8000     2.0320  0.000e+00
     73.029     7.5473   3.471638    33.7981       2354     9.8042     2.0330  0.000e+00
     73.006     7.5468   3.471535    33.7975       2355     9.8083     2.0323  0.000e+00
     72.966     7.5461   3.471329    33.7960       2356     9.8125     2.0333  0.000e+00
     72.922     7.5452   3.470882    33.7921       2357     9.8167     2.0339  0.000e+00
     72.865     7.5438   3.470441    33.7887       2358     9.8208     2.0349  0.000e+00
     72.799     7.5416   3.469667    33.7825       2359     9.8250     2.0355  0.000e+00
     72.729     7.5383   3.468762    33.7759       2360     9.8292     2.0350  0.000e+00
     72.666     7.5341   3.468619    33.7786       2361     9.8333     2.0358  0.000e+00
     72.597     7.5303   3.468327    33.7791       2362     9.8375     2.0371  0.000e+00
     72.532     7.5272   3.468098    33.7796       2363     9.8417     2.0382  0.000e+00
     72.472     7.5246   3.467949    33.7806       2364     9.8458     2.0382  0.000e+00
     72.414     7.5225   3.467949    33.7826       2365     9.8500     2.0375  0.000e+00
     72.360     7.5212   3.467932    33.7838       2366     9.8542     2.0373  0.000e+00
     72.302     7.5203   3.467909    33.7844       2367     9.8583     2.0375  0.000e+00
     72.266     7.5199   3.467869    33.7845       2368     9.8625     2.0369  0.000e+00
     72.217     7.5194   3.467709    33.7832       2369     9.8667     2.0376  0.000e+00
     72.174     7.5188   3.467680    33.7835       2370     9.8708     2.0380  0.000e+00
     72.129     7.5182   3.467594    33.7832       2371     9.8750     2.0382  0.000e+00
     72.091     7.5177   3.467325    33.7808       2372     9.8792     2.0375  0.000e+00
     72.055     7.5168   3.467153    33.7798       2373     9.8833     2.0375  0.000e+00
     72.015     7.5155   3.466856    33.7779       2374     9.8875     2.0381  0.000e+00
     71.975     7.5142   3.466758    33.7781       2375     9.8917     2.0365  0.000e+00
     71.945     7.5129   3.466695    33.7787       2376     9.8958     2.0365  0.000e+00
     71.910     7.5119   3.466758    33.7803       2377     9.9000     2.0361  0.000e+00
     71.879     7.5113   3.466678    33.7800       2378     9.9042     2.0360  0.000e+00
     71.851     7.5108   3.466632    33.7800       2379     9.9083     2.0355  0.000e+00
     71.818     7.5104   3.466529    33.7794       2380     9.9125     2.0362  0.000e+00
     71.789     7.5099   3.466363    33.7780       2381     9.9167     2.0361  0.000e+00
     71.764     7.5093   3.466300    33.7780       2382     9.9208     2.0352  0.000e+00
     71.726     7.5086   3.466243    33.7780       2383     9.9250     2.0353  0.000e+00
     71.684     7.5080   3.466151    33.7777       2384     9.9292     2.0338  0.000e+00
     71.648     7.5074   3.465945    33.7760       2385     9.9333     2.0346  0.000e+00
     71.603     7.5066   3.465670    33.7738       2386     9.9375     2.0345  0.000e+00
     71.556     7.5055   3.465235    33.7703       2387     9.9417     2.0344  0.000e+00
     71.509     7.5037   3.464188    33.7607       2388     9.9458     2.0346  0.000e+00
     71.460     7.5004   3.463329    33.7547       2389     9.9500     2.0342  0.000e+00
     71.406     7.4959   3.462848    33.7539       2390     9.9542     2.0331  0.000e+00
     71.355     7.4912   3.462494    33.7545       2391     9.9583     2.0339  0.000e+00
     71.305     7.4874   3.461847    33.7513       2392     9.9625     2.0338  0.000e+00
     71.256     7.4833   3.461429    33.7508       2393     9.9667     2.0330  0.000e+00
     71.212     7.4795   3.460634    33.7458       2394     9.9708     2.0328  0.000e+00
     71.164     7.4754   3.459850    33.7414       2395     9.9750     2.0335  0.000e+00
     71.127     7.4705   3.459633    33.7438       2396     9.9792     2.0319  0.000e+00
     71.089     7.4668   3.459341    33.7443       2397     9.9833     2.0326  0.000e+00
     71.059     7.4637   3.459067    33.7444       2398     9.9875     2.0312  0.000e+00
     71.037     7.4609   3.459038    33.7467       2399     9.9917     2.0297  0.000e+00
     71.012     7.4590   3.458946    33.7476       2400     9.9958     2.0318  0.000e+00
     70.992     7.4575   3.458775    33.7472       2401    10.0000     2.0310  0.000e+00
     70.979     7.4563   3.458569    33.7462       2402    10.0042     2.0309  0.000e+00
     70.963     7.4551   3.458174    33.7431       2403    10.0083     2.0307  0.000e+00
     70.954     7.4534   3.458054    33.7434       2404    10.0125     2.0313  0.000e+00
     70.945     7.4518   3.458026    33.7447       2405    10.0167     2.0309  0.000e+00
     70.940     7.4507   3.457797    33.7433       2406    10.0208     2.0303  0.000e+00
     70.923     7.4496   3.457694    33.7433       2407    10.0250     2.0297  0.000e+00
     70.905     7.4484   3.457442    33.7417       2408    10.0292     2.0284  0.000e+00
     70.882     7.4471   3.457293    33.7414       2409    10.0333     2.0283  0.000e+00
     70.855     7.4457   3.456836    33.7378       2410    10.0375     2.0288  0.000e+00
     70.819     7.4438   3.455984    33.7304       2411    10.0417     2.0296  0.000e+00
     70.773     7.4406   3.455040    33.7233       2412    10.0458     2.0276  0.000e+00
     70.721     7.4360   3.454108    33.7177       2413    10.0500     2.0283  0.000e+00
     70.663     7.4304   3.453439    33.7159       2414    10.0542     2.0289  0.000e+00
     70.604     7.4248   3.452513    33.7113       2415    10.0583     2.0289  0.000e+00
     70.533     7.4189   3.450776    33.6982       2416    10.0625     2.0296  0.000e+00
     70.470     7.4113   3.449610    33.6931       2417    10.0667     2.0287  0.000e+00
     70.394     7.4029   3.449067    33.6954       2418    10.0708     2.0291  0.000e+00
     70.325     7.3957   3.448610    33.6974       2419    10.0750     2.0281  0.000e+00
     70.251     7.3900   3.448216    33.6987       2420    10.0792     2.0292  0.000e+00
     70.182     7.3853   3.447570    33.6963       2421    10.0833     2.0280  0.000e+00
     70.123     7.3807   3.446822    33.6927       2422    10.0875     2.0284  0.000e+00
     70.067     7.3759   3.446125    33.6898       2423    10.0917     2.0280  0.000e+00
     70.011     7.3710   3.445640    33.6893       2424    10.0958     2.0289  0.000e+00
     69.955     7.3666   3.445183    33.6887       2425    10.1000     2.0286  0.000e+00
     69.915     7.3625   3.444669    33.6871       2426    10.1042     2.0286  0.000e+00
     69.875     7.3588   3.444143    33.6850       2427    10.1083     2.0286  0.000e+00
     69.846     7.3551   3.443749    33.6844       2428    10.1125     2.0289  0.000e+00
     69.823     7.3519   3.443504    33.6848       2429    10.1167     2.0289  0.000e+00
     69.797     7.3491   3.443430    33.6867       2430    10.1208     2.0288  0.000e+00
     69.776     7.3472   3.443293    33.6871       2431    10.1250     2.0291  0.000e+00
     69.759     7.3457   3.443253    33.6881       2432    10.1292     2.0293  0.000e+00
     69.741     7.3446   3.443144    33.6881       2433    10.1333     2.0290  0.000e+00
     69.723     7.3439   3.443047    33.6877       2434    10.1375     2.0291  0.000e+00
     69.698     7.3430   3.442922    33.6872       2435    10.1417     2.0294  0.000e+00
     69.676     7.3422   3.442773    33.6864       2436    10.1458     2.0284  0.000e+00
     69.653     7.3414   3.442647    33.6858       2437    10.1500     2.0303  0.000e+00
     69.629     7.3404   3.442442    33.6845       2438    10.1542     2.0304  0.000e+00
     69.601     7.3394   3.442196    33.6829       2439    10.1583     2.0283  0.000e+00
     69.577     7.3380   3.442037    33.6825       2440    10.1625     2.0279  0.000e+00
     69.548     7.3367   3.441820    33.6815       2441    10.1667     2.0282  0.000e+00
     69.523     7.3354   3.441346    33.6776       2442    10.1708     2.0288  0.000e+00
     69.496     7.3333   3.441117    33.6772       2443    10.1750     2.0277  0.000e+00
     69.476     7.3313   3.441106    33.6790       2444    10.1792     2.0297  0.000e+00
     69.449     7.3297   3.441072    33.6801       2445    10.1833     2.0281  0.000e+00
     69.425     7.3287   3.440952    33.6798       2446    10.1875     2.0289  0.000e+00
     69.402     7.3279   3.440387    33.6745       2447    10.1917     2.0295  0.000e+00
     69.374     7.3262   3.439873    33.6705       2448    10.1958     2.0277  0.000e+00
     69.349     7.3236   3.439479    33.6688       2449    10.2000     2.0304  0.000e+00
     69.313     7.3210   3.438994    33.6661       2450    10.2042     2.0291  0.000e+00
     69.279     7.3181   3.438543    33.6640       2451    10.2083     2.0285  0.000e+00
     69.235     7.3153   3.438361    33.6648       2452    10.2125     2.0288  0.000e+00
     69.185     7.3127   3.438252    33.6662       2453    10.2167     2.0288  0.000e+00
     69.129     7.3108   3.437584    33.6608       2454    10.2208     2.0282  0.000e+00
     69.074     7.3082   3.437014    33.6571       2455    10.2250     2.0276  0.000e+00
     69.017     7.3050   3.436637    33.6561       2456    10.2292     2.0285  0.000e+00
     68.964     7.3018   3.436392    33.6567       2457    10.2333     2.0291  0.000e+00
     68.914     7.2989   3.436204    33.6575       2458    10.2375     2.0279  0.000e+00
     68.850     7.2966   3.436061    33.6581       2459    10.2417     2.0285  0.000e+00
     68.800     7.2949   3.435981    33.6590       2460    10.2458     2.0288  0.000e+00
     68.754     7.2935   3.435873    33.6592       2461    10.2500     2.0286  0.000e+00
     68.709     7.2923   3.435810    33.6597       2462    10.2542     2.0282  0.000e+00
     68.671     7.2917   3.435764    33.6598       2463    10.2583     2.0284  0.000e+00
     68.633     7.2911   3.435667    33.6594       2464    10.2625     2.0304  0.000e+00
     68.594     7.2906   3.435336    33.6563       2465    10.2667     2.0292  0.000e+00
     68.552     7.2896   3.435063    33.6543       2466    10.2708     2.0307  0.000e+00
     68.514     7.2884   3.434851    33.6532       2467    10.2750     2.0309  0.000e+00
     68.467     7.2870   3.434755    33.6535       2468    10.2792     2.0313  0.000e+00
     68.418     7.2860   3.434526    33.6520       2469    10.2833     2.0307  0.000e+00
     68.373     7.2847   3.434247    33.6502       2470    10.2875     2.0299  0.000e+00
     68.319     7.2834   3.434173    33.6507       2471    10.2917     2.0311  0.000e+00
     68.261     7.2823   3.434093    33.6509       2472    10.2958     2.0320  0.000e+00
     68.210     7.2814   3.433899    33.6498       2473    10.3000     2.0332  0.000e+00
     68.156     7.2804   3.433494    33.6463       2474    10.3042     2.0328  0.000e+00
     68.104     7.2787   3.433038    33.6430       2475    10.3083     2.0323  0.000e+00
     68.055     7.2765   3.432901    33.6437       2476    10.3125     2.0333  0.000e+00
     68.017     7.2746   3.432707    33.6435       2477    10.3167     2.0338  0.000e+00
     67.976     7.2728   3.432336    33.6412       2478    10.3208     2.0339  0.000e+00
     67.945     7.2709   3.432211    33.6418       2479    10.3250     2.0326  0.000e+00
     67.914     7.2692   3.432125    33.6425       2480    10.3292     2.0343  0.000e+00
     67.887     7.2677   3.431857    33.6410       2481    10.3333     2.0327  0.000e+00
     67.864     7.2664   3.431777    33.6414       2482    10.3375     2.0327  0.000e+00
     67.838     7.2652   3.431794    33.6428       2483    10.3417     2.0342  0.000e+00
     67.818     7.2644   3.431629    33.6417       2484    10.3458     2.0342  0.000e+00
     67.798     7.2637   3.431612    33.6423       2485    10.3500     2.0333  0.000e+00
     67.784     7.2629   3.431384    33.6405       2486    10.3542     2.0342  0.000e+00
     67.768     7.2620   3.431196    33.6394       2487    10.3583     2.0345  0.000e+00
     67.744     7.2610   3.431156    33.6400       2488    10.3625     2.0355  0.000e+00
     67.730     7.2602   3.431104    33.6402       2489    10.3667     2.0356  0.000e+00
     67.712     7.2594   3.431093    33.6409       2490    10.3708     2.0351  0.000e+00
     67.694     7.2588   3.430865    33.6389       2491    10.3750     2.0354  0.000e+00
     67.677     7.2580   3.430779    33.6388       2492    10.3792     2.0355  0.000e+00
     67.648     7.2571   3.430226    33.6337       2493    10.3833     2.0365  0.000e+00
     67.614     7.2555   3.429833    33.6310       2494    10.3875     2.0355  0.000e+00
     67.583     7.2534   3.429439    33.6288       2495    10.3917     2.0365  0.000e+00
     67.544     7.2507   3.428841    33.6248       2496    10.3958     2.0351  0.000e+00
     67.500     7.2477   3.428533    33.6245       2497    10.4000     2.0343  0.000e+00
     67.457     7.2448   3.427923    33.6207       2498    10.4042     2.0346  0.000e+00
     67.410     7.2418   3.426983    33.6133       2499    10.4083     2.0349  0.000e+00
     67.372     7.2374   3.426139    33.6084       2500    10.4125     2.0346  0.000e+00
     67.325     7.2322   3.425740    33.6092       2501    10.4167     2.0352  0.000e+00
     67.281     7.2278   3.425518    33.6111       2502    10.4208     2.0347  0.000e+00
     67.242     7.2243   3.425456    33.6139       2503    10.4250     2.0353  0.000e+00
     67.211     7.2217   3.425347    33.6152       2504    10.4292     2.0346  0.000e+00
     67.173     7.2200   3.424692    33.6097       2505    10.4333     2.0356  0.000e+00
     67.135     7.2176   3.424344    33.6083       2506    10.4375     2.0364  0.000e+00
     67.101     7.2150   3.424139    33.6086       2507    10.4417     2.0355  0.000e+00
     67.061     7.2125   3.424014    33.6096       2508    10.4458     2.0348  0.000e+00
     67.018     7.2106   3.423849    33.6097       2509    10.4500     2.0346  0.000e+00
     66.976     7.2091   3.423752    33.6102       2510    10.4542     2.0352  0.000e+00
     66.925     7.2077   3.423644    33.6104       2511    10.4583     2.0339  0.000e+00
     66.875     7.2069   3.423416    33.6087       2512    10.4625     2.0338  0.000e+00
     66.824     7.2057   3.423057    33.6060       2513    10.4667     2.0349  0.000e+00
     66.761     7.2041   3.422897    33.6058       2514    10.4708     2.0340  0.000e+00
     66.712     7.2026   3.422880    33.6071       2515    10.4750     2.0352  0.000e+00
     66.658     7.2014   3.422800    33.6074       2516    10.4792     2.0355  0.000e+00
     66.613     7.2006   3.422447    33.6044       2517    10.4833     2.0353  0.000e+00
     66.564     7.1993   3.422447    33.6056       2518    10.4875     2.0352  0.000e+00
     66.524     7.1983   3.422236    33.6044       2519    10.4917     2.0345  0.000e+00
     66.484     7.1973   3.422157    33.6045       2520    10.4958     2.0349  0.000e+00
     66.446     7.1964   3.422031    33.6040       2521    10.5000     2.0355  0.000e+00
     66.414     7.1956   3.421849    33.6028       2522    10.5042     2.0355  0.000e+00
     66.380     7.1945   3.421872    33.6042       2523    10.5083     2.0340  0.000e+00
     66.344     7.1936   3.421661    33.6028       2524    10.5125     2.0349  0.000e+00
     66.306     7.1928   3.421416    33.6009       2525    10.5167     2.0348  0.000e+00
     66.268     7.1918   3.421228    33.5998       2526    10.5208     2.0352  0.000e+00
