HB2402/sbe067.cnv
* Sea-Bird SBE 19plus V2 Data File:
* FileName = C:\cruise\data\sbe067.hex
* Software Version Seasave V 7.26.7.121
* Temperature SN = 7037
* Conductivity SN = 7037
* System UpLoad Time = Apr 09 2024 10:15:33
* NMEA Latitude = 40 51.70 N
* NMEA Longitude = 070 21.32 W
* NMEA UTC (Time) = Apr 09 2024  10:14:57
** Ship: Bigelow
** Cruise:  HB2304
** Program:  Fall Bottom Trawl
# nquan = 8
# nvalues = 1322                                  
# units = specified
# name 0 = depSM: Depth [salt water, m]
# name 1 = tv290C: Temperature [ITS-90, deg C]
# name 2 = c0S/m: Conductivity [S/m]
# name 3 = sal00: Salinity, Practical [PSU]
# name 4 = scan: Scan Count
# name 5 = timeM: Time, Elapsed [minutes]
# name 6 = sbeox0V: Oxygen raw, SBE 43 [V]
# name 7 = flag:  0.000e+00
# span 0 =     -0.027,     43.178                 
# span 1 =     5.5642,     7.0131                 
# span 2 =  -0.000002,   3.144792                 
# span 3 =     0.0000,    31.7567                 
# span 4 =         11,       1332                 
# span 5 =     0.0417,     5.5458                 
# span 6 =     2.1472,     2.4160                 
# span 7 = 0.0000e+00, 0.0000e+00                 
# interval = seconds: 0.25
# start_time = Apr 09 2024 10:14:57 [NMEA time, header]
# bad_flag = -9.990e-29
*END*
[from data line 180]
     20.165     5.7113   3.118586    31.6881        191     0.7917     2.2170  0.000e+00
     20.308     5.7077   3.118311    31.6884        192     0.7958     2.2199  0.000e+00
     20.445     5.7037   3.118174    31.6905        193     0.8000     2.2201  0.000e+00
     20.581     5.6997   3.118212    31.6947        194     0.8042     2.2248  0.000e+00
     20.714     5.6956   3.118388    31.7004        195     0.8083     2.2277  0.000e+00
     20.839     5.6921   3.118751    31.7077        196     0.8125     2.2316  0.000e+00
     20.964     5.6892   3.119185    31.7152        197     0.8167     2.2356  0.000e+00
     21.094     5.6867   3.119630    31.7226        198     0.8208     2.2395  0.000e+00
     21.218     5.6846   3.120036    31.7291        199     0.8250     2.2437  0.000e+00
     21.350     5.6830   3.120328    31.7338        200     0.8292     2.2462  0.000e+00
     21.480     5.6816   3.120388    31.7357        201     0.8333     2.2503  0.000e+00
     21.618     5.6803   3.120399    31.7370        202     0.8375     2.2520  0.000e+00
     21.755     5.6792   3.120427    31.7382        203     0.8417     2.2545  0.000e+00
     21.896     5.6785   3.120504    31.7397        204     0.8458     2.2535  0.000e+00
     22.039     5.6778   3.120641    31.7419        205     0.8500     2.2534  0.000e+00
     22.194     5.6770   3.120696    31.7432        206     0.8542     2.2505  0.000e+00
     22.342     5.6764   3.120658    31.7432        207     0.8583     2.2480  0.000e+00
     22.492     5.6757   3.120526    31.7423        208     0.8625     2.2442  0.000e+00
     22.649     5.6751   3.120367    31.7410        209     0.8667     2.2383  0.000e+00
     22.803     5.6743   3.120251    31.7404        210     0.8708     2.2341  0.000e+00
     22.957     5.6737   3.120021    31.7383        211     0.8750     2.2297  0.000e+00
     23.110     5.6728   3.119845    31.7371        212     0.8792     2.2214  0.000e+00
     23.258     5.6721   3.119768    31.7368        213     0.8833     2.2164  0.000e+00
     23.408     5.6713   3.119872    31.7387        214     0.8875     2.2121  0.000e+00
     23.562     5.6706   3.120059    31.7414        215     0.8917     2.2056  0.000e+00
     23.716     5.6701   3.120367    31.7452        216     0.8958     2.1999  0.000e+00
     23.866     5.6700   3.120697    31.7489        217     0.9000     2.1940  0.000e+00
     24.023     5.6698   3.120949    31.7519        218     0.9042     2.1896  0.000e+00
     24.169     5.6696   3.121103    31.7538        219     0.9083     2.1836  0.000e+00
     24.325     5.6694   3.121153    31.7544        220     0.9125     2.1772  0.000e+00
     24.473     5.6692   3.121340    31.7567        221     0.9167     2.1718  0.000e+00
     24.612     5.6694   3.120444    31.7463        222     0.9208     2.1675  0.000e+00
     24.753     5.6695   3.111307    31.6433        223     0.9250     2.1633  0.000e+00
     24.887     5.6636   3.108756    31.6201        224     0.9292     2.1570  0.000e+00
     25.022     5.6486   3.108531    31.6316        225     0.9333     2.1530  0.000e+00
     25.154     5.6358   3.108526    31.6434        226     0.9375     2.1472  0.000e+00
     25.284     5.6273   3.108428    31.6503        227     0.9417     2.1482  0.000e+00
     25.411     5.6221   3.108543    31.6564        228     0.9458     2.1554  0.000e+00
     25.534     5.6189   3.108466    31.6585        229     0.9500     2.1668  0.000e+00
     25.656     5.6167   3.108329    31.6590        230     0.9542     2.1821  0.000e+00
     25.787     5.6148   3.108313    31.6605        231     0.9583     2.1988  0.000e+00
     25.918     5.6132   3.108329    31.6622        232     0.9625     2.2154  0.000e+00
     26.056     5.6122   3.108329    31.6630        233     0.9667     2.2329  0.000e+00
     26.193     5.6118   3.108313    31.6632        234     0.9708     2.2474  0.000e+00
     26.336     5.6114   3.108252    31.6627        235     0.9750     2.2624  0.000e+00
     26.482     5.6109   3.108198    31.6625        236     0.9792     2.2749  0.000e+00
     26.632     5.6103   3.108176    31.6628        237     0.9833     2.2855  0.000e+00
     26.786     5.6098   3.108137    31.6627        238     0.9875     2.2963  0.000e+00
     26.932     5.6094   3.108198    31.6637        239     0.9917     2.3065  0.000e+00
     27.080     5.6093   3.108127    31.6630        240     0.9958     2.3138  0.000e+00
     27.229     5.6090   3.108159    31.6635        241     1.0000     2.3224  0.000e+00
     27.377     5.6090   3.108160    31.6635        242     1.0042     2.3281  0.000e+00
     27.521     5.6088   3.108138    31.6633        243     1.0083     2.3339  0.000e+00
     27.664     5.6087   3.108121    31.6632        244     1.0125     2.3398  0.000e+00
     27.809     5.6086   3.108171    31.6638        245     1.0167     2.3438  0.000e+00
     27.949     5.6084   3.108138    31.6635        246     1.0208     2.3481  0.000e+00
     28.094     5.6084   3.108099    31.6630        247     1.0250     2.3502  0.000e+00
     28.239     5.6082   3.108001    31.6621        248     1.0292     2.3528  0.000e+00
     28.385     5.6076   3.108001    31.6625        249     1.0333     2.3577  0.000e+00
     28.537     5.6071   3.107908    31.6619        250     1.0375     2.3592  0.000e+00
     28.685     5.6065   3.107924    31.6626        251     1.0417     2.3628  0.000e+00
     28.831     5.6060   3.107946    31.6632        252     1.0458     2.3644  0.000e+00
     28.977     5.6057   3.107946    31.6634        253     1.0500     2.3661  0.000e+00
     29.117     5.6055   3.107946    31.6635        254     1.0542     2.3671  0.000e+00
     29.258     5.6055   3.107990    31.6639        255     1.0583     2.3689  0.000e+00
     29.397     5.6056   3.107886    31.6627        256     1.0625     2.3708  0.000e+00
     29.530     5.6053   3.107924    31.6633        257     1.0667     2.3723  0.000e+00
     29.668     5.6050   3.107924    31.6634        258     1.0708     2.3734  0.000e+00
     29.805     5.6049   3.107946    31.6638        259     1.0750     2.3743  0.000e+00
     29.935     5.6049   3.107946    31.6637        260     1.0792     2.3739  0.000e+00
     30.074     5.6049   3.107809    31.6621        261     1.0833     2.3771  0.000e+00
     30.206     5.6044   3.107809    31.6625        262     1.0875     2.3773  0.000e+00
     30.334     5.6038   3.107694    31.6617        263     1.0917     2.3767  0.000e+00
     30.472     5.6028   3.107617    31.6617        264     1.0958     2.3789  0.000e+00
     30.598     5.6021   3.107563    31.6617        265     1.1000     2.3785  0.000e+00
     30.734     5.6010   3.107563    31.6627        266     1.1042     2.3776  0.000e+00
     30.868     5.6004   3.107519    31.6626        267     1.1083     2.3775  0.000e+00
     31.003     5.5997   3.107502    31.6631        268     1.1125     2.3756  0.000e+00
     31.130     5.5994   3.107541    31.6637        269     1.1167     2.3769  0.000e+00
     31.258     5.5992   3.107420    31.6625        270     1.1208     2.3763  0.000e+00
     31.382     5.5985   3.107272    31.6614        271     1.1250     2.3743  0.000e+00
     31.515     5.5974   3.107097    31.6604        272     1.1292     2.3753  0.000e+00
     31.641     5.5960   3.107135    31.6621        273     1.1333     2.3737  0.000e+00
     31.768     5.5949   3.107058    31.6622        274     1.1375     2.3746  0.000e+00
     31.896     5.5938   3.107059    31.6632        275     1.1417     2.3737  0.000e+00
     32.021     5.5928   3.107174    31.6653        276     1.1458     2.3748  0.000e+00
     32.154     5.5926   3.107212    31.6659        277     1.1500     2.3749  0.000e+00
     32.277     5.5929   3.107174    31.6651        278     1.1542     2.3741  0.000e+00
     32.406     5.5930   3.107135    31.6645        279     1.1583     2.3741  0.000e+00
     32.529     5.5928   3.107119    31.6645        280     1.1625     2.3739  0.000e+00
     32.664     5.5926   3.107174    31.6652        281     1.1667     2.3748  0.000e+00
     32.798     5.5926   3.107119    31.6646        282     1.1708     2.3733  0.000e+00
     32.933     5.5924   3.106999    31.6633        283     1.1750     2.3744  0.000e+00
     33.065     5.5919   3.106944    31.6631        284     1.1792     2.3748  0.000e+00
     33.199     5.5909   3.106894    31.6634        285     1.1833     2.3746  0.000e+00
     33.333     5.5903   3.106883    31.6638        286     1.1875     2.3746  0.000e+00
     33.474     5.5895   3.106867    31.6643        287     1.1917     2.3723  0.000e+00
     33.611     5.5891   3.106867    31.6647        288     1.1958     2.3722  0.000e+00
     33.754     5.5885   3.106790    31.6642        289     1.2000     2.3711  0.000e+00
     33.896     5.5882   3.106790    31.6645        290     1.2042     2.3714  0.000e+00
     34.041     5.5874   3.106752    31.6647        291     1.2083     2.3705  0.000e+00
     34.185     5.5868   3.106752    31.6652        292     1.2125     2.3707  0.000e+00
     34.330     5.5866   3.106791    31.6657        293     1.2167     2.3684  0.000e+00
     34.478     5.5863   3.106730    31.6653        294     1.2208     2.3673  0.000e+00
     34.623     5.5860   3.106730    31.6655        295     1.2250     2.3685  0.000e+00
     34.769     5.5857   3.106654    31.6648        296     1.2292     2.3669  0.000e+00
     34.915     5.5853   3.106599    31.6645        297     1.2333     2.3667  0.000e+00
     35.060     5.5846   3.106637    31.6656        298     1.2375     2.3677  0.000e+00
     35.212     5.5842   3.106571    31.6651        299     1.2417     2.3670  0.000e+00
     35.354     5.5835   3.106577    31.6658        300     1.2458     2.3658  0.000e+00
     35.499     5.5830   3.106676    31.6673        301     1.2500     2.3655  0.000e+00
     35.642     5.5831   3.106654    31.6668        302     1.2542     2.3655  0.000e+00
     35.779     5.5833   3.106676    31.6669        303     1.2583     2.3650  0.000e+00
     35.918     5.5836   3.106654    31.6663        304     1.2625     2.3651  0.000e+00
     36.057     5.5835   3.106638    31.6661        305     1.2667     2.3650  0.000e+00
     36.186     5.5833   3.106561    31.6654        306     1.2708     2.3650  0.000e+00
     36.323     5.5827   3.106539    31.6656        307     1.2750     2.3646  0.000e+00
     36.449     5.5822   3.106501    31.6656        308     1.2792     2.3646  0.000e+00
     36.580     5.5816   3.106325    31.6641        309     1.2833     2.3662  0.000e+00
     36.703     5.5809   3.106325    31.6647        310     1.2875     2.3662  0.000e+00
     36.822     5.5799   3.106287    31.6652        311     1.2917     2.3654  0.000e+00
     36.938     5.5789   3.106248    31.6656        312     1.2958     2.3653  0.000e+00
     37.051     5.5779   3.106155    31.6655        313     1.3000     2.3660  0.000e+00
     37.169     5.5769   3.106106    31.6658        314     1.3042     2.3664  0.000e+00
     37.288     5.5759   3.106040    31.6659        315     1.3083     2.3655  0.000e+00
     37.409     5.5747   3.105958    31.6660        316     1.3125     2.3656  0.000e+00
     37.534     5.5738   3.105903    31.6662        317     1.3167     2.3650  0.000e+00
     37.657     5.5728   3.105920    31.6673        318     1.3208     2.3653  0.000e+00
     37.780     5.5720   3.105865    31.6674        319     1.3250     2.3651  0.000e+00
     37.908     5.5715   3.105865    31.6678        320     1.3292     2.3650  0.000e+00
     38.034     5.5709   3.105881    31.6684        321     1.3333     2.3646  0.000e+00
     38.159     5.5707   3.105881    31.6686        322     1.3375     2.3645  0.000e+00
     38.284     5.5705   3.105964    31.6697        323     1.3417     2.3653  0.000e+00
     38.405     5.5707   3.105942    31.6692        324     1.3458     2.3650  0.000e+00
     38.526     5.5708   3.105920    31.6688        325     1.3500     2.3646  0.000e+00
     38.645     5.5708   3.105942    31.6689        326     1.3542     2.3641  0.000e+00
     38.761     5.5709   3.105942    31.6688        327     1.3583     2.3644  0.000e+00
     38.875     5.5709   3.105964    31.6690        328     1.3625     2.3645  0.000e+00
     38.990     5.5708   3.105920    31.6686        329     1.3667     2.3631  0.000e+00
     39.097     5.5706   3.105904    31.6685        330     1.3708     2.3628  0.000e+00
     39.211     5.5704   3.105882    31.6684        331     1.3750     2.3631  0.000e+00
     39.324     5.5702   3.105904    31.6687        332     1.3792     2.3626  0.000e+00
     39.440     5.5699   3.105865    31.6686        333     1.3833     2.3626  0.000e+00
     39.556     5.5697   3.105844    31.6685        334     1.3875     2.3632  0.000e+00
     39.673     5.5694   3.105827    31.6684        335     1.3917     2.3621  0.000e+00
     39.789     5.5692   3.105805    31.6684        336     1.3958     2.3634  0.000e+00
     39.912     5.5688   3.105805    31.6687        337     1.4000     2.3630  0.000e+00
     40.037     5.5685   3.105783    31.6687        338     1.4042     2.3631  0.000e+00
     40.169     5.5681   3.105750    31.6686        339     1.4083     2.3631  0.000e+00
     40.308     5.5677   3.105767    31.6691        340     1.4125     2.3634  0.000e+00
     40.444     5.5675   3.105805    31.6697        341     1.4167     2.3634  0.000e+00
     40.586     5.5675   3.105827    31.6698        342     1.4208     2.3621  0.000e+00
     40.733     5.5675   3.105844    31.6700        343     1.4250     2.3615  0.000e+00
     40.885     5.5677   3.105789    31.6691        344     1.4292     2.3622  0.000e+00
     41.033     5.5677   3.105866    31.6699        345     1.4333     2.3621  0.000e+00
     41.192     5.5678   3.105844    31.6694        346     1.4375     2.3610  0.000e+00
     41.334     5.5680   3.105866    31.6695        347     1.4417     2.3597  0.000e+00
     41.484     5.5679   3.105866    31.6695        348     1.4458     2.3595  0.000e+00
     41.627     5.5678   3.105866    31.6694        349     1.4500     2.3600  0.000e+00
     41.772     5.5678   3.105883    31.6696        350     1.4542     2.3600  0.000e+00
     41.911     5.5678   3.105921    31.6699        351     1.4583     2.3586  0.000e+00
     42.052     5.5680   3.105883    31.6693        352     1.4625     2.3590  0.000e+00
     42.184     5.5680   3.105905    31.6694        353     1.4667     2.3608  0.000e+00
     42.308     5.5681   3.105883    31.6691        354     1.4708     2.3593  0.000e+00
     42.437     5.5680   3.105866    31.6689        355     1.4750     2.3597  0.000e+00
     42.561     5.5677   3.105828    31.6687        356     1.4792     2.3607  0.000e+00
     42.691     5.5674   3.105823    31.6688        357     1.4833     2.3610  0.000e+00
     42.818     5.5671   3.105828    31.6691        358     1.4875     2.3598  0.000e+00
     42.948     5.5669   3.105828    31.6693        359     1.4917     2.3603  0.000e+00
     43.076     5.5666   3.105806    31.6693        360     1.4958     2.3609  0.000e+00
     43.142     5.5664   3.105790    31.6692        361     1.5000     2.3601  0.000e+00
     43.178     5.5662   3.105740    31.6688        362     1.5042     2.3600  0.000e+00
     43.132     5.5658   3.105691    31.6687        363     1.5083     2.3605  0.000e+00
     43.056     5.5653   3.105713    31.6694        364     1.5125     2.3607  0.000e+00
     42.982     5.5648   3.105675    31.6694        365     1.5167     2.3602  0.000e+00
     42.941     5.5646   3.105675    31.6697        366     1.5208     2.3601  0.000e+00
     42.901     5.5643   3.105680    31.6700        367     1.5250     2.3585  0.000e+00
     42.852     5.5642   3.105675    31.6701        368     1.5292     2.3601  0.000e+00
     42.794     5.5643   3.105675    31.6701        369     1.5333     2.3605  0.000e+00
