HB2402/sbe080.cnv
* Sea-Bird SBE 19plus V2 Data File:
* FileName = C:\cruise\data\sbe080.hex
* Software Version Seasave V 7.26.7.121
* Temperature SN = 7037
* Conductivity SN = 7037
* System UpLoad Time = Apr 16 2024 12:43:35
* NMEA Latitude = 41 39.60 N
* NMEA Longitude = 069 17.37 W
* NMEA UTC (Time) = Apr 16 2024  12:43:07
** Ship: Bigelow
** Cruise:  HB2304
** Program:  Fall Bottom Trawl
# nquan = 8
# nvalues = 4418                                  
# units = specified
# name 0 = depSM: Depth [salt water, m]
# name 1 = tv290C: Temperature [ITS-90, deg C]
# name 2 = c0S/m: Conductivity [S/m]
# name 3 = sal00: Salinity, Practical [PSU]
# name 4 = scan: Scan Count
# name 5 = timeM: Time, Elapsed [minutes]
# name 6 = sbeox0V: Oxygen raw, SBE 43 [V]
# name 7 = flag:  0.000e+00
# span 0 =     -0.032,    178.652                 
# span 1 =     5.2337,    10.4454                 
# span 2 =   0.000036,   3.452694                 
# span 3 =     0.0053,    33.3513                 
# span 4 =         11,       4428                 
# span 5 =     0.0417,    18.4458                 
# span 6 =     1.5660,     2.4282                 
# span 7 = 0.0000e+00, 0.0000e+00                 
# interval = seconds: 0.25
# start_time = Apr 16 2024 12:43:07 [NMEA time, header]
# bad_flag = -9.990e-29
*END*
[from data line 2697]
     85.848     5.4419   3.127286    32.0093       2708    11.2792     2.2286  0.000e+00
     85.804     5.4415   3.127071    32.0073       2709    11.2833     2.2290  0.000e+00
     85.750     5.4407   3.127093    32.0083       2710    11.2875     2.2298  0.000e+00
     85.690     5.4404   3.127170    32.0095       2711    11.2917     2.2306  0.000e+00
     85.634     5.4402   3.127088    32.0087       2712    11.2958     2.2305  0.000e+00
     85.576     5.4400   3.127110    32.0092       2713    11.3000     2.2311  0.000e+00
     85.511     5.4399   3.126873    32.0067       2714    11.3042     2.2322  0.000e+00
     85.453     5.4394   3.127148    32.0103       2715    11.3083     2.2315  0.000e+00
     85.388     5.4394   3.126956    32.0081       2716    11.3125     2.2320  0.000e+00
     85.336     5.4394   3.126868    32.0072       2717    11.3167     2.2330  0.000e+00
     85.276     5.4390   3.126642    32.0050       2718    11.3208     2.2340  0.000e+00
     85.213     5.4383   3.126428    32.0033       2719    11.3250     2.2344  0.000e+00
     85.162     5.4373   3.126488    32.0050       2720    11.3292     2.2345  0.000e+00
     85.101     5.4365   3.126213    32.0026       2721    11.3333     2.2358  0.000e+00
     85.041     5.4357   3.125944    32.0004       2722    11.3375     2.2343  0.000e+00
     84.962     5.4343   3.124520    31.9857       2723    11.3417     2.2348  0.000e+00
     84.884     5.4304   3.123031    31.9725       2724    11.3458     2.2353  0.000e+00
     84.802     5.4238   3.122657    31.9746       2725    11.3500     2.2352  0.000e+00
     84.712     5.4177   3.122564    31.9794       2726    11.3542     2.2363  0.000e+00
     84.627     5.4136   3.122327    31.9807       2727    11.3583     2.2356  0.000e+00
     84.544     5.4105   3.121536    31.9747       2728    11.3625     2.2373  0.000e+00
     84.452     5.4068   3.121097    31.9733       2729    11.3667     2.2370  0.000e+00
     84.358     5.4030   3.120547    31.9708       2730    11.3708     2.2392  0.000e+00
     84.269     5.3993   3.120003    31.9682       2731    11.3750     2.2392  0.000e+00
     84.184     5.3952   3.119284    31.9639       2732    11.3792     2.2384  0.000e+00
     84.099     5.3907   3.118685    31.9614       2733    11.3833     2.2395  0.000e+00
     84.030     5.3859   3.118279    31.9615       2734    11.3875     2.2396  0.000e+00
     83.963     5.3817   3.117246    31.9538       2735    11.3917     2.2402  0.000e+00
     83.900     5.3769   3.116785    31.9532       2736    11.3958     2.2402  0.000e+00
     83.848     5.3723   3.116708    31.9567       2737    11.4000     2.2408  0.000e+00
     83.801     5.3689   3.116670    31.9595       2738    11.4042     2.2402  0.000e+00
     83.757     5.3666   3.116593    31.9608       2739    11.4083     2.2414  0.000e+00
     83.723     5.3651   3.116571    31.9621       2740    11.4125     2.2430  0.000e+00
     83.687     5.3641   3.116516    31.9624       2741    11.4167     2.2444  0.000e+00
     83.662     5.3631   3.116472    31.9628       2742    11.4208     2.2445  0.000e+00
     83.631     5.3625   3.116494    31.9637       2743    11.4250     2.2456  0.000e+00
     83.609     5.3623   3.116433    31.9633       2744    11.4292     2.2460  0.000e+00
     83.582     5.3619   3.116379    31.9630       2745    11.4333     2.2478  0.000e+00
     83.548     5.3615   3.116291    31.9624       2746    11.4375     2.2480  0.000e+00
     83.513     5.3611   3.116088    31.9605       2747    11.4417     2.2491  0.000e+00
     83.463     5.3602   3.115813    31.9582       2748    11.4458     2.2498  0.000e+00
     83.416     5.3591   3.115505    31.9558       2749    11.4500     2.2497  0.000e+00
     83.358     5.3575   3.115253    31.9545       2750    11.4542     2.2507  0.000e+00
     83.293     5.3560   3.114885    31.9518       2751    11.4583     2.2511  0.000e+00
     83.224     5.3540   3.114320    31.9473       2752    11.4625     2.2519  0.000e+00
     83.150     5.3514   3.114149    31.9479       2753    11.4667     2.2522  0.000e+00
     83.069     5.3488   3.113782    31.9463       2754    11.4708     2.2535  0.000e+00
     82.998     5.3464   3.113611    31.9467       2755    11.4750     2.2539  0.000e+00
     82.931     5.3442   3.113145    31.9435       2756    11.4792     2.2538  0.000e+00
     82.857     5.3418   3.112958    31.9437       2757    11.4833     2.2547  0.000e+00
     82.783     5.3396   3.112876    31.9448       2758    11.4875     2.2538  0.000e+00
     82.723     5.3378   3.112854    31.9464       2759    11.4917     2.2548  0.000e+00
     82.653     5.3367   3.112876    31.9477       2760    11.4958     2.2558  0.000e+00
     82.604     5.3360   3.112876    31.9484       2761    11.5000     2.2572  0.000e+00
     82.546     5.3356   3.112876    31.9488       2762    11.5042     2.2563  0.000e+00
     82.499     5.3355   3.112815    31.9483       2763    11.5083     2.2576  0.000e+00
     82.452     5.3351   3.112739    31.9478       2764    11.5125     2.2581  0.000e+00
     82.405     5.3347   3.112837    31.9493       2765    11.5167     2.2591  0.000e+00
     82.361     5.3345   3.112815    31.9492       2766    11.5208     2.2606  0.000e+00
     82.320     5.3345   3.112815    31.9493       2767    11.5250     2.2602  0.000e+00
     82.275     5.3343   3.111882    31.9389       2768    11.5292     2.2607  0.000e+00
     82.233     5.3323   3.110708    31.9274       2769    11.5333     2.2617  0.000e+00
     82.184     5.3282   3.110417    31.9281       2770    11.5375     2.2624  0.000e+00
     82.132     5.3241   3.110379    31.9316       2771    11.5417     2.2611  0.000e+00
     82.081     5.3213   3.110264    31.9330       2772    11.5458     2.2639  0.000e+00
     82.029     5.3193   3.109934    31.9312       2773    11.5500     2.2634  0.000e+00
     81.969     5.3172   3.109567    31.9291       2774    11.5542     2.2625  0.000e+00
     81.899     5.3147   3.109314    31.9286       2775    11.5583     2.2628  0.000e+00
     81.835     5.3121   3.109221    31.9300       2776    11.5625     2.2626  0.000e+00
     81.775     5.3102   3.109183    31.9314       2777    11.5667     2.2633  0.000e+00
     81.710     5.3090   3.109183    31.9326       2778    11.5708     2.2644  0.000e+00
     81.658     5.3081   3.109183    31.9335       2779    11.5750     2.2660  0.000e+00
     81.593     5.3076   3.109161    31.9338       2780    11.5792     2.2656  0.000e+00
     81.537     5.3072   3.109144    31.9340       2781    11.5833     2.2666  0.000e+00
     81.486     5.3071   3.109122    31.9339       2782    11.5875     2.2670  0.000e+00
     81.439     5.3068   3.109161    31.9346       2783    11.5917     2.2681  0.000e+00
     81.387     5.3067   3.109161    31.9348       2784    11.5958     2.2700  0.000e+00
     81.349     5.3067   3.109144    31.9346       2785    11.6000     2.2708  0.000e+00
     81.307     5.3066   3.109144    31.9347       2786    11.6042     2.2704  0.000e+00
     81.271     5.3067   3.109259    31.9359       2787    11.6083     2.2715  0.000e+00
     81.233     5.3071   3.109325    31.9363       2788    11.6125     2.2712  0.000e+00
     81.210     5.3077   3.109353    31.9360       2789    11.6167     2.2721  0.000e+00
     81.177     5.3084   3.109413    31.9361       2790    11.6208     2.2728  0.000e+00
     81.139     5.3088   3.109451    31.9361       2791    11.6250     2.2724  0.000e+00
     81.108     5.3096   3.109490    31.9359       2792    11.6292     2.2741  0.000e+00
     81.072     5.3100   3.109589    31.9366       2793    11.6333     2.2744  0.000e+00
     81.034     5.3108   3.109627    31.9363       2794    11.6375     2.2745  0.000e+00
     80.998     5.3116   3.109665    31.9359       2795    11.6417     2.2764  0.000e+00
     80.958     5.3122   3.109665    31.9354       2796    11.6458     2.2747  0.000e+00
     80.911     5.3126   3.109627    31.9346       2797    11.6500     2.2741  0.000e+00
     80.864     5.3129   3.109627    31.9344       2798    11.6542     2.2740  0.000e+00
     80.814     5.3131   3.109605    31.9339       2799    11.6583     2.2744  0.000e+00
     80.761     5.3130   3.109588    31.9338       2800    11.6625     2.2748  0.000e+00
     80.709     5.3130   3.109550    31.9335       2801    11.6667     2.2748  0.000e+00
     80.648     5.3130   3.109490    31.9328       2802    11.6708     2.2747  0.000e+00
     80.579     5.3131   3.109649    31.9346       2803    11.6750     2.2753  0.000e+00
     80.521     5.3136   3.109665    31.9343       2804    11.6792     2.2748  0.000e+00
     80.449     5.3144   3.109643    31.9334       2805    11.6833     2.2743  0.000e+00
     80.384     5.3148   3.109605    31.9325       2806    11.6875     2.2743  0.000e+00
     80.315     5.3152   3.109566    31.9318       2807    11.6917     2.2748  0.000e+00
     80.255     5.3152   3.109391    31.9298       2808    11.6958     2.2747  0.000e+00
     80.183     5.3152   3.109078    31.9263       2809    11.7000     2.2752  0.000e+00
     80.120     5.3143   3.108738    31.9233       2810    11.7042     2.2751  0.000e+00
     80.051     5.3128   3.108639    31.9236       2811    11.7083     2.2758  0.000e+00
     79.991     5.3114   3.108063    31.9185       2812    11.7125     2.2734  0.000e+00
     79.933     5.3092   3.107822    31.9178       2813    11.7167     2.2746  0.000e+00
     79.885     5.3067   3.107537    31.9170       2814    11.7208     2.2751  0.000e+00
     79.836     5.3044   3.107460    31.9183       2815    11.7250     2.2733  0.000e+00
     79.789     5.3027   3.107290    31.9180       2816    11.7292     2.2744  0.000e+00
     79.751     5.3010   3.107175    31.9184       2817    11.7333     2.2747  0.000e+00
     79.714     5.2993   3.106933    31.9173       2818    11.7375     2.2743  0.000e+00
     79.684     5.2979   3.106999    31.9193       2819    11.7417     2.2757  0.000e+00
     79.655     5.2968   3.107136    31.9220       2820    11.7458     2.2749  0.000e+00
     79.629     5.2967   3.107635    31.9278       2821    11.7500     2.2763  0.000e+00
     79.610     5.2976   3.107136    31.9212       2822    11.7542     2.2760  0.000e+00
     79.584     5.2979   3.107416    31.9242       2823    11.7583     2.2761  0.000e+00
     79.570     5.2980   3.107268    31.9224       2824    11.7625     2.2771  0.000e+00
     79.548     5.2979   3.107674    31.9271       2825    11.7667     2.2779  0.000e+00
     79.532     5.2989   3.107674    31.9262       2826    11.7708     2.2765  0.000e+00
     79.503     5.2999   3.107537    31.9237       2827    11.7750     2.2783  0.000e+00
     79.478     5.3002   3.106889    31.9161       2828    11.7792     2.2781  0.000e+00
     79.451     5.2984   3.106862    31.9174       2829    11.7833     2.2771  0.000e+00
     79.427     5.2967   3.106977    31.9204       2830    11.7875     2.2774  0.000e+00
     79.389     5.2959   3.107597    31.9282       2831    11.7917     2.2776  0.000e+00
     79.346     5.2973   3.107405    31.9247       2832    11.7958     2.2784  0.000e+00
     79.300     5.2983   3.107010    31.9193       2833    11.8000     2.2793  0.000e+00
     79.253     5.2976   3.106708    31.9166       2834    11.8042     2.2783  0.000e+00
     79.208     5.2958   3.106615    31.9172       2835    11.8083     2.2789  0.000e+00
     79.156     5.2942   3.106533    31.9179       2836    11.8125     2.2797  0.000e+00
     79.105     5.2931   3.106533    31.9189       2837    11.8167     2.2792  0.000e+00
     79.054     5.2922   3.105798    31.9114       2838    11.8208     2.2789  0.000e+00
     79.007     5.2898   3.105589    31.9114       2839    11.8250     2.2796  0.000e+00
     78.955     5.2870   3.105573    31.9139       2840    11.8292     2.2796  0.000e+00
     78.910     5.2850   3.105551    31.9155       2841    11.8333     2.2807  0.000e+00
     78.863     5.2840   3.105551    31.9166       2842    11.8375     2.2807  0.000e+00
     78.819     5.2834   3.105595    31.9177       2843    11.8417     2.2809  0.000e+00
     78.783     5.2831   3.105688    31.9190       2844    11.8458     2.2808  0.000e+00
     78.745     5.2834   3.105765    31.9196       2845    11.8500     2.2817  0.000e+00
     78.705     5.2839   3.105765    31.9192       2846    11.8542     2.2825  0.000e+00
     78.667     5.2845   3.105705    31.9179       2847    11.8583     2.2833  0.000e+00
     78.629     5.2848   3.105694    31.9176       2848    11.8625     2.2833  0.000e+00
     78.588     5.2851   3.105705    31.9174       2849    11.8667     2.2844  0.000e+00
     78.534     5.2853   3.105820    31.9186       2850    11.8708     2.2842  0.000e+00
     78.481     5.2858   3.106012    31.9202       2851    11.8750     2.2833  0.000e+00
     78.430     5.2870   3.106204    31.9214       2852    11.8792     2.2857  0.000e+00
     78.374     5.2885   3.106363    31.9217       2853    11.8833     2.2839  0.000e+00
     78.322     5.2903   3.106554    31.9222       2854    11.8875     2.2842  0.000e+00
     78.264     5.2922   3.106615    31.9211       2855    11.8917     2.2850  0.000e+00
     78.212     5.2939   3.106615    31.9195       2856    11.8958     2.2845  0.000e+00
     78.158     5.2951   3.106609    31.9184       2857    11.9000     2.2856  0.000e+00
     78.111     5.2959   3.106593    31.9175       2858    11.9042     2.2873  0.000e+00
     78.065     5.2962   3.106593    31.9172       2859    11.9083     2.2864  0.000e+00
     78.031     5.2965   3.106593    31.9169       2860    11.9125     2.2880  0.000e+00
     77.995     5.2967   3.106576    31.9166       2861    11.9167     2.2880  0.000e+00
     77.973     5.2967   3.106587    31.9166       2862    11.9208     2.2879  0.000e+00
     77.950     5.2967   3.106576    31.9166       2863    11.9250     2.2890  0.000e+00
     77.932     5.2967   3.106576    31.9166       2864    11.9292     2.2881  0.000e+00
     77.914     5.2967   3.106554    31.9164       2865    11.9333     2.2889  0.000e+00
     77.901     5.2967   3.106477    31.9154       2866    11.9375     2.2893  0.000e+00
     77.890     5.2965   3.106406    31.9148       2867    11.9417     2.2889  0.000e+00
     77.868     5.2961   3.106302    31.9141       2868    11.9458     2.2889  0.000e+00
     77.861     5.2958   3.106302    31.9144       2869    11.9500     2.2892  0.000e+00
     77.843     5.2954   3.106302    31.9148       2870    11.9542     2.2899  0.000e+00
     77.829     5.2952   3.106302    31.9149       2871    11.9583     2.2889  0.000e+00
     77.807     5.2950   3.106324    31.9154       2872    11.9625     2.2890  0.000e+00
     77.787     5.2950   3.106302    31.9152       2873    11.9667     2.2882  0.000e+00
     77.760     5.2949   3.106340    31.9157       2874    11.9708     2.2888  0.000e+00
     77.727     5.2950   3.106286    31.9150       2875    11.9750     2.2878  0.000e+00
     77.688     5.2951   3.106264    31.9147       2876    11.9792     2.2884  0.000e+00
     77.648     5.2950   3.106264    31.9148       2877    11.9833     2.2878  0.000e+00
     77.606     5.2949   3.106247    31.9147       2878    11.9875     2.2880  0.000e+00
     77.565     5.2948   3.106264    31.9150       2879    11.9917     2.2894  0.000e+00
     77.521     5.2948   3.106302    31.9154       2880    11.9958     2.2887  0.000e+00
     77.473     5.2950   3.106285    31.9151       2881    12.0000     2.2886  0.000e+00
     77.424     5.2950   3.106324    31.9156       2882    12.0042     2.2890  0.000e+00
     77.377     5.2953   3.106302    31.9151       2883    12.0083     2.2899  0.000e+00
     77.331     5.2954   3.106285    31.9148       2884    12.0125     2.2892  0.000e+00
     77.288     5.2956   3.106340    31.9152       2885    12.0167     2.2901  0.000e+00
     77.239     5.2959   3.106466    31.9164       2886    12.0208     2.2902  0.000e+00
