HB2402/sbe086.cnv
* Sea-Bird SBE 19plus V2 Data File:
* FileName = C:\cruise\data\sbe086.hex
* Software Version Seasave V 7.26.7.121
* Temperature SN = 7037
* Conductivity SN = 7037
* System UpLoad Time = Apr 17 2024 22:21:00
* NMEA Latitude = 40 53.51 N
* NMEA Longitude = 067 51.27 W
* NMEA UTC (Time) = Apr 17 2024  22:19:33
** Ship: Bigelow
** Cruise:  HB2304
** Program:  Fall Bottom Trawl
# nquan = 8
# nvalues = 1898                                  
# units = specified
# name 0 = depSM: Depth [salt water, m]
# name 1 = tv290C: Temperature [ITS-90, deg C]
# name 2 = c0S/m: Conductivity [S/m]
# name 3 = sal00: Salinity, Practical [PSU]
# name 4 = scan: Scan Count
# name 5 = timeM: Time, Elapsed [minutes]
# name 6 = sbeox0V: Oxygen raw, SBE 43 [V]
# name 7 = flag:  0.000e+00
# span 0 =      0.025,     57.879                 
# span 1 =     5.5746,     7.9075                 
# span 2 =   0.000025,   3.275570                 
# span 3 =     0.0038,    32.1626                 
# span 4 =         11,       1908                 
# span 5 =     0.0417,     7.9458                 
# span 6 =     2.3460,     2.6521                 
# span 7 = 0.0000e+00, 0.0000e+00                 
# interval = seconds: 0.25
# start_time = Apr 17 2024 22:19:33 [NMEA time, header]
# bad_flag = -9.990e-29
*END*
[from data line 1259]
     23.342     5.5783   3.137378    32.0242       1270     5.2875     2.3797  0.000e+00
     23.315     5.5785   3.137334    32.0236       1271     5.2917     2.3803  0.000e+00
     23.284     5.5785   3.137378    32.0241       1272     5.2958     2.3790  0.000e+00
     23.250     5.5781   3.137340    32.0240       1273     5.3000     2.3794  0.000e+00
     23.217     5.5781   3.137356    32.0242       1274     5.3042     2.3799  0.000e+00
     23.178     5.5781   3.137334    32.0240       1275     5.3083     2.3797  0.000e+00
     23.129     5.5778   3.137296    32.0238       1276     5.3125     2.3798  0.000e+00
     23.082     5.5775   3.137334    32.0246       1277     5.3167     2.3803  0.000e+00
     23.031     5.5774   3.137318    32.0245       1278     5.3208     2.3802  0.000e+00
     22.973     5.5773   3.137334    32.0248       1279     5.3250     2.3812  0.000e+00
     22.914     5.5776   3.137318    32.0244       1280     5.3292     2.3810  0.000e+00
     22.849     5.5777   3.137378    32.0250       1281     5.3333     2.3807  0.000e+00
     22.780     5.5782   3.137334    32.0240       1282     5.3375     2.3812  0.000e+00
     22.711     5.5788   3.137318    32.0234       1283     5.3417     2.3807  0.000e+00
     22.637     5.5785   3.137318    32.0237       1284     5.3458     2.3818  0.000e+00
     22.561     5.5783   3.137318    32.0239       1285     5.3500     2.3805  0.000e+00
     22.487     5.5781   3.137318    32.0242       1286     5.3542     2.3818  0.000e+00
     22.411     5.5777   3.137279    32.0241       1287     5.3583     2.3808  0.000e+00
     22.344     5.5776   3.137257    32.0240       1288     5.3625     2.3812  0.000e+00
     22.276     5.5774   3.137257    32.0242       1289     5.3667     2.3811  0.000e+00
     22.214     5.5769   3.137240    32.0245       1290     5.3708     2.3803  0.000e+00
     22.166     5.5769   3.137279    32.0250       1291     5.3750     2.3792  0.000e+00
     22.113     5.5770   3.137433    32.0266       1292     5.3792     2.3803  0.000e+00
     22.073     5.5787   3.137763    32.0288       1293     5.3833     2.3805  0.000e+00
     22.041     5.5827   3.137670    32.0239       1294     5.3875     2.3815  0.000e+00
     22.017     5.5862   3.137670    32.0207       1295     5.3917     2.3807  0.000e+00
     21.987     5.5880   3.137708    32.0194       1296     5.3958     2.3817  0.000e+00
     21.961     5.5894   3.137747    32.0185       1297     5.4000     2.3824  0.000e+00
     21.934     5.5907   3.137851    32.0184       1298     5.4042     2.3828  0.000e+00
     21.911     5.5920   3.137939    32.0182       1299     5.4083     2.3829  0.000e+00
     21.878     5.5933   3.137901    32.0165       1300     5.4125     2.3834  0.000e+00
     21.837     5.5939   3.137763    32.0145       1301     5.4167     2.3841  0.000e+00
     21.784     5.5937   3.137785    32.0149       1302     5.4208     2.3842  0.000e+00
     21.721     5.5934   3.137669    32.0139       1303     5.4250     2.3856  0.000e+00
     21.660     5.5928   3.137669    32.0145       1304     5.4292     2.3854  0.000e+00
     21.580     5.5919   3.137647    32.0151       1305     5.4333     2.3873  0.000e+00
     21.501     5.5915   3.137543    32.0144       1306     5.4375     2.3884  0.000e+00
     21.419     5.5911   3.137647    32.0160       1307     5.4417     2.3879  0.000e+00
     21.335     5.5911   3.137631    32.0158       1308     5.4458     2.3884  0.000e+00
     21.250     5.5910   3.137609    32.0157       1309     5.4500     2.3900  0.000e+00
     21.174     5.5905   3.137669    32.0169       1310     5.4542     2.3895  0.000e+00
     21.105     5.5908   3.137647    32.0165       1311     5.4583     2.3906  0.000e+00
     21.040     5.5910   3.137592    32.0157       1312     5.4625     2.3887  0.000e+00
     20.982     5.5905   3.137669    32.0171       1313     5.4667     2.3899  0.000e+00
     20.944     5.5905   3.137686    32.0173       1314     5.4708     2.3900  0.000e+00
     20.897     5.5911   3.137669    32.0165       1315     5.4750     2.3902  0.000e+00
     20.861     5.5915   3.137669    32.0162       1316     5.4792     2.3895  0.000e+00
     20.832     5.5916   3.137647    32.0158       1317     5.4833     2.3898  0.000e+00
     20.809     5.5918   3.137647    32.0157       1318     5.4875     2.3899  0.000e+00
     20.791     5.5918   3.137686    32.0161       1319     5.4917     2.3897  0.000e+00
     20.771     5.5919   3.137708    32.0163       1320     5.4958     2.3894  0.000e+00
     20.753     5.5922   3.137686    32.0157       1321     5.5000     2.3886  0.000e+00
     20.725     5.5923   3.137686    32.0156       1322     5.5042     2.3892  0.000e+00
     20.705     5.5923   3.137708    32.0159       1323     5.5083     2.3886  0.000e+00
     20.680     5.5924   3.137592    32.0145       1324     5.5125     2.3899  0.000e+00
     20.646     5.5918   3.137493    32.0140       1325     5.5167     2.3896  0.000e+00
     20.608     5.5899   3.137510    32.0160       1326     5.5208     2.3877  0.000e+00
     20.573     5.5884   3.137493    32.0172       1327     5.5250     2.3886  0.000e+00
     20.530     5.5878   3.137669    32.0198       1328     5.5292     2.3888  0.000e+00
     20.481     5.5888   3.137724    32.0195       1329     5.5333     2.3896  0.000e+00
     20.429     5.5908   3.137922    32.0199       1330     5.5375     2.3894  0.000e+00
     20.373     5.5927   3.137895    32.0178       1331     5.5417     2.3898  0.000e+00
     20.317     5.5940   3.137900    32.0166       1332     5.5458     2.3896  0.000e+00
     20.257     5.5949   3.138038    32.0174       1333     5.5500     2.3896  0.000e+00
     20.190     5.5961   3.138275    32.0190       1334     5.5542     2.3898  0.000e+00
     20.127     5.5976   3.138368    32.0186       1335     5.5583     2.3902  0.000e+00
     20.057     5.5996   3.138429    32.0174       1336     5.5625     2.3912  0.000e+00
     19.992     5.6011   3.138390    32.0155       1337     5.5667     2.3911  0.000e+00
     19.930     5.6022   3.138352    32.0141       1338     5.5708     2.3904  0.000e+00
     19.871     5.6026   3.138390    32.0142       1339     5.5750     2.3921  0.000e+00
     19.815     5.6029   3.138566    32.0160       1340     5.5792     2.3922  0.000e+00
     19.750     5.6038   3.138489    32.0142       1341     5.5833     2.3919  0.000e+00
     19.699     5.6042   3.138368    32.0125       1342     5.5875     2.3933  0.000e+00
     19.650     5.6041   3.138351    32.0125       1343     5.5917     2.3947  0.000e+00
     19.607     5.6037   3.138407    32.0135       1344     5.5958     2.3950  0.000e+00
     19.560     5.6037   3.138390    32.0133       1345     5.6000     2.3952  0.000e+00
     19.520     5.6040   3.138329    32.0124       1346     5.6042     2.3954  0.000e+00
     19.484     5.6037   3.138351    32.0129       1347     5.6083     2.3965  0.000e+00
     19.449     5.6035   3.138340    32.0130       1348     5.6125     2.3967  0.000e+00
     19.413     5.6034   3.138252    32.0121       1349     5.6167     2.3987  0.000e+00
     19.375     5.6029   3.138192    32.0119       1350     5.6208     2.3987  0.000e+00
     19.345     5.6023   3.138214    32.0127       1351     5.6250     2.3998  0.000e+00
     19.314     5.6018   3.138236    32.0135       1352     5.6292     2.3992  0.000e+00
     19.278     5.6019   3.138329    32.0145       1353     5.6333     2.3987  0.000e+00
     19.245     5.6021   3.138252    32.0135       1354     5.6375     2.4001  0.000e+00
     19.205     5.6023   3.138076    32.0112       1355     5.6417     2.3995  0.000e+00
     19.174     5.6015   3.138214    32.0136       1356     5.6458     2.3998  0.000e+00
     19.133     5.6014   3.140169    32.0358       1357     5.6500     2.3997  0.000e+00
     19.099     5.6084   3.141435    32.0434       1358     5.6542     2.3997  0.000e+00
     19.053     5.6215   3.140697    32.0227       1359     5.6583     2.4011  0.000e+00
     19.008     5.6293   3.141435    32.0236       1360     5.6625     2.4015  0.000e+00
     18.954     5.6349   3.141143    32.0150       1361     5.6667     2.4024  0.000e+00
     18.898     5.6382   3.140168    32.0009       1362     5.6708     2.4030  0.000e+00
     18.835     5.6363   3.138880    31.9882       1363     5.6750     2.4041  0.000e+00
     18.779     5.6286   3.139149    31.9986       1364     5.6792     2.4033  0.000e+00
     18.710     5.6215   3.138312    31.9959       1365     5.6833     2.4046  0.000e+00
     18.647     5.6166   3.138566    32.0035       1366     5.6875     2.4054  0.000e+00
     18.583     5.6126   3.140400    32.0280       1367     5.6917     2.4079  0.000e+00
     18.527     5.6165   3.140928    32.0303       1368     5.6958     2.4072  0.000e+00
     18.466     5.6231   3.141005    32.0249       1369     5.7000     2.4082  0.000e+00
     18.415     5.6300   3.141082    32.0193       1370     5.7042     2.4084  0.000e+00
     18.361     5.6352   3.141396    32.0178       1371     5.7083     2.4089  0.000e+00
     18.310     5.6368   3.141027    32.0122       1372     5.7125     2.4086  0.000e+00
     18.269     5.6394   3.142079    32.0216       1373     5.7167     2.4092  0.000e+00
     18.236     5.6437   3.142063    32.0173       1374     5.7208     2.4090  0.000e+00
     18.204     5.6482   3.140823    31.9991       1375     5.7250     2.4102  0.000e+00
     18.180     5.6460   3.141220    32.0056       1376     5.7292     2.4115  0.000e+00
     18.161     5.6441   3.141749    32.0135       1377     5.7333     2.4127  0.000e+00
     18.142     5.6459   3.141457    32.0084       1378     5.7375     2.4133  0.000e+00
     18.128     5.6465   3.141357    32.0068       1379     5.7417     2.4156  0.000e+00
     18.119     5.6459   3.141517    32.0091       1380     5.7458     2.4167  0.000e+00
     18.103     5.6459   3.141848    32.0129       1381     5.7500     2.4179  0.000e+00
     18.085     5.6475   3.141379    32.0061       1382     5.7542     2.4194  0.000e+00
     18.060     5.6473   3.141732    32.0103       1383     5.7583     2.4192  0.000e+00
     18.023     5.6481   3.142239    32.0152       1384     5.7625     2.4216  0.000e+00
     17.991     5.6508   3.142531    32.0160       1385     5.7667     2.4211  0.000e+00
     17.944     5.6541   3.142432    32.0117       1386     5.7708     2.4213  0.000e+00
     17.886     5.6566   3.142299    32.0079       1387     5.7750     2.4237  0.000e+00
     17.827     5.6572   3.142784    32.0129       1388     5.7792     2.4209  0.000e+00
     17.763     5.6591   3.142668    32.0097       1389     5.7833     2.4239  0.000e+00
     17.696     5.6605   3.142277    32.0040       1390     5.7875     2.4231  0.000e+00
     17.631     5.6602   3.142299    32.0046       1391     5.7917     2.4231  0.000e+00
     17.566     5.6591   3.142982    32.0134       1392     5.7958     2.4244  0.000e+00
     17.500     5.6606   3.143307    32.0157       1393     5.8000     2.4254  0.000e+00
     17.438     5.6640   3.143274    32.0121       1394     5.8042     2.4276  0.000e+00
     17.380     5.6665   3.143274    32.0097       1395     5.8083     2.4282  0.000e+00
     17.324     5.6682   3.143296    32.0084       1396     5.8125     2.4276  0.000e+00
     17.279     5.6693   3.143213    32.0065       1397     5.8167     2.4298  0.000e+00
     17.232     5.6699   3.143550    32.0097       1398     5.8208     2.4301  0.000e+00
     17.187     5.6708   3.143566    32.0091       1399     5.8250     2.4301  0.000e+00
     17.156     5.6722   3.142883    32.0000       1400     5.8292     2.4323  0.000e+00
     17.116     5.6711   3.142861    32.0009       1401     5.8333     2.4319  0.000e+00
     17.085     5.6688   3.142607    32.0002       1402     5.8375     2.4334  0.000e+00
     17.051     5.6666   3.142916    32.0058       1403     5.8417     2.4337  0.000e+00
     17.019     5.6655   3.143527    32.0137       1404     5.8458     2.4346  0.000e+00
     16.992     5.6681   3.144211    32.0190       1405     5.8500     2.4339  0.000e+00
     16.955     5.6727   3.144255    32.0151       1406     5.8542     2.4349  0.000e+00
     16.921     5.6769   3.144211    32.0107       1407     5.8583     2.4367  0.000e+00
     16.887     5.6793   3.144348    32.0099       1408     5.8625     2.4365  0.000e+00
     16.856     5.6814   3.144332    32.0078       1409     5.8667     2.4380  0.000e+00
     16.820     5.6831   3.146486    32.0305       1410     5.8708     2.4369  0.000e+00
     16.782     5.6901   3.144469    32.0011       1411     5.8750     2.4382  0.000e+00
     16.751     5.6927   3.143940    31.9927       1412     5.8792     2.4399  0.000e+00
     16.710     5.6886   3.143946    31.9966       1413     5.8833     2.4405  0.000e+00
     16.663     5.6852   3.144117    32.0018       1414     5.8875     2.4417  0.000e+00
     16.629     5.6835   3.144508    32.0078       1415     5.8917     2.4417  0.000e+00
     16.591     5.6842   3.144508    32.0073       1416     5.8958     2.4427  0.000e+00
     16.549     5.6854   3.144624    32.0074       1417     5.9000     2.4433  0.000e+00
     16.509     5.6863   3.144469    32.0048       1418     5.9042     2.4446  0.000e+00
     16.469     5.6867   3.145605    32.0172       1419     5.9083     2.4448  0.000e+00
     16.435     5.6898   3.146486    32.0242       1420     5.9125     2.4442  0.000e+00
     16.402     5.6986   3.147622    32.0287       1421     5.9167     2.4471  0.000e+00
     16.361     5.7084   3.146778    32.0099       1422     5.9208     2.4475  0.000e+00
     16.323     5.7140   3.145240    31.9873       1423     5.9250     2.4480  0.000e+00
     16.276     5.7108   3.144370    31.9806       1424     5.9292     2.4480  0.000e+00
     16.232     5.7022   3.144210    31.9870       1425     5.9333     2.4488  0.000e+00
     16.187     5.6952   3.144860    32.0010       1426     5.9375     2.4493  0.000e+00
     16.137     5.6925   3.145742    32.0135       1427     5.9417     2.4495  0.000e+00
     16.079     5.6953   3.147776    32.0337       1428     5.9458     2.4500  0.000e+00
     16.026     5.7058   3.148421    32.0310       1429     5.9500     2.4515  0.000e+00
     15.968     5.7173   3.148167    32.0172       1430     5.9542     2.4523  0.000e+00
     15.909     5.7247   3.148327    32.0121       1431     5.9583     2.4534  0.000e+00
     15.845     5.7294   3.145290    31.9735       1432     5.9625     2.4524  0.000e+00
     15.782     5.7246   3.145995    31.9860       1433     5.9667     2.4514  0.000e+00
     15.726     5.7161   3.147048    32.0059       1434     5.9708     2.4514  0.000e+00
     15.668     5.7164   3.148051    32.0170       1435     5.9750     2.4523  0.000e+00
     15.609     5.7219   3.148933    32.0217       1436     5.9792     2.4543  0.000e+00
     15.554     5.7302   3.150560    32.0321       1437     5.9833     2.4554  0.000e+00
     15.511     5.7413   3.151188    32.0287       1438     5.9875     2.4565  0.000e+00
     15.470     5.7537   3.150835    32.0129       1439     5.9917     2.4586  0.000e+00
     15.435     5.7616   3.150890    32.0061       1440     5.9958     2.4591  0.000e+00
     15.405     5.7658   3.150344    31.9960       1441     6.0000     2.4601  0.000e+00
     15.385     5.7668   3.150499    31.9967       1442     6.0042     2.4607  0.000e+00
     15.368     5.7668   3.150736    31.9994       1443     6.0083     2.4623  0.000e+00
     15.359     5.7679   3.150659    31.9976       1444     6.0125     2.4640  0.000e+00
     15.354     5.7684   3.150791    31.9986       1445     6.0167     2.4659  0.000e+00
     15.347     5.7693   3.150852    31.9984       1446     6.0208     2.4676  0.000e+00
     15.347     5.7701   3.151304    32.0027       1447     6.0250     2.4691  0.000e+00
     15.339     5.7721   3.150245    31.9889       1448     6.0292     2.4718  0.000e+00
