HB2402/sbe030.cnv
* Sea-Bird SBE 19plus V2 Data File:
* FileName = C:\cruise\data\sbe030.hex
* Software Version Seasave V 7.26.7.121
* Temperature SN = 7142
* Conductivity SN = 7142
* System UpLoad Time = Mar 18 2024 21:36:03
* NMEA Latitude = 39 04.95 N
* NMEA Longitude = 072 43.64 W
* NMEA UTC (Time) = Mar 18 2024  21:35:18
** Ship: Bigelow
** Cruise:  HB2304
** Program:  Fall Bottom Trawl
# nquan = 7
# nvalues = 3648                                  
# units = specified
# name 0 = depSM: Depth [salt water, m]
# name 1 = tv290C: Temperature [ITS-90, deg C]
# name 2 = c0S/m: Conductivity [S/m]
# name 3 = sal00: Salinity, Practical [PSU]
# name 4 = scan: Scan Count
# name 5 = timeM: Time, Elapsed [minutes]
# name 6 = flag:  0.000e+00
# span 0 =     -0.168,    150.252                 
# span 1 =     6.5228,    11.8281                 
# span 2 =  -0.032707,   3.989933                 
# span 3 =     0.0000,    35.1255                 
# span 4 =         11,       3658                 
# span 5 =     0.0417,    15.2375                 
# span 6 = 0.0000e+00, 0.0000e+00                 
# interval = seconds: 0.25
# start_time = Mar 18 2024 21:35:18 [NMEA time, header]
# bad_flag = -9.990e-29
*END*
[from data line 3488]
      7.697     7.5353   3.329374    32.3058       3499    14.5750  0.000e+00
      7.657     7.5344   3.329569    32.3089       3500    14.5792  0.000e+00
      7.630     7.5348   3.330737    32.3210       3501    14.5833  0.000e+00
      7.618     7.5388   3.331051    32.3207       3502    14.5875  0.000e+00
      7.609     7.5443   3.331080    32.3159       3503    14.5917  0.000e+00
      7.600     7.5480   3.331282    32.3147       3504    14.5958  0.000e+00
      7.598     7.5503   3.331299    32.3127       3505    14.6000  0.000e+00
      7.585     7.5515   3.331062    32.3090       3506    14.6042  0.000e+00
      7.557     7.5515   3.330802    32.3062       3507    14.6083  0.000e+00
      7.510     7.5501   3.331116    32.3109       3508    14.6125  0.000e+00
      7.447     7.5500   3.331258    32.3125       3509    14.6167  0.000e+00
      7.370     7.5513   3.331199    32.3108       3510    14.6208  0.000e+00
      7.287     7.5517   3.331323    32.3117       3511    14.6250  0.000e+00
      7.192     7.5523   3.331364    32.3117       3512    14.6292  0.000e+00
      7.100     7.5528   3.331281    32.3104       3513    14.6333  0.000e+00
      7.010     7.5532   3.331163    32.3088       3514    14.6375  0.000e+00
      6.933     7.5526   3.331299    32.3109       3515    14.6417  0.000e+00
      6.872     7.5526   3.331258    32.3104       3516    14.6458  0.000e+00
      6.832     7.5528   3.331157    32.3092       3517    14.6500  0.000e+00
      6.804     7.5524   3.331044    32.3083       3518    14.6542  0.000e+00
      6.788     7.5514   3.330404    32.3024       3519    14.6583  0.000e+00
      6.779     7.5510   3.330635    32.3053       3520    14.6625  0.000e+00
      6.775     7.5493   3.330677    32.3073       3521    14.6667  0.000e+00
      6.764     7.5477   3.330724    32.3093       3522    14.6708  0.000e+00
      6.748     7.5471   3.330967    32.3125       3523    14.6750  0.000e+00
      6.719     7.5478   3.331050    32.3127       3524    14.6792  0.000e+00
      6.671     7.5488   3.331044    32.3117       3525    14.6833  0.000e+00
      6.610     7.5494   3.331050    32.3113       3526    14.6875  0.000e+00
      6.540     7.5499   3.331175    32.3122       3527    14.6917  0.000e+00
      6.455     7.5505   3.331340    32.3134       3528    14.6958  0.000e+00
      6.367     7.5518   3.331340    32.3123       3529    14.7000  0.000e+00
      6.261     7.5526   3.331240    32.3105       3530    14.7042  0.000e+00
      6.151     7.5528   3.331157    32.3095       3531    14.7083  0.000e+00
      6.036     7.5523   3.330884    32.3071       3532    14.7125  0.000e+00
      5.923     7.5509   3.330706    32.3065       3533    14.7167  0.000e+00
      5.817     7.5494   3.330487    32.3056       3534    14.7208  0.000e+00
      5.716     7.5477   3.330653    32.3090       3535    14.7250  0.000e+00
      5.628     7.5469   3.331388    32.3177       3536    14.7292  0.000e+00
      5.558     7.5495   3.330842    32.3095       3537    14.7333  0.000e+00
      5.506     7.5500   3.330736    32.3078       3538    14.7375  0.000e+00
      5.479     7.5491   3.330677    32.3081       3539    14.7417  0.000e+00
      5.467     7.5482   3.330505    32.3071       3540    14.7458  0.000e+00
      5.459     7.5469   3.328911    32.2912       3541    14.7500  0.000e+00
      5.461     7.5409   3.328336    32.2905       3542    14.7542  0.000e+00
      5.472     7.5338   3.328212    32.2959       3543    14.7583  0.000e+00
      5.474     7.5287   3.327880    32.2970       3544    14.7625  0.000e+00
      5.467     7.5250   3.328147    32.3033       3545    14.7667  0.000e+00
      5.452     7.5235   3.328313    32.3065       3546    14.7708  0.000e+00
      5.422     7.5239   3.328271    32.3057       3547    14.7750  0.000e+00
      5.386     7.5241   3.328200    32.3048       3548    14.7792  0.000e+00
      5.339     7.5239   3.328171    32.3047       3549    14.7833  0.000e+00
      5.283     7.5237   3.328402    32.3073       3550    14.7875  0.000e+00
      5.212     7.5244   3.328461    32.3074       3551    14.7917  0.000e+00
      5.138     7.5253   3.328437    32.3063       3552    14.7958  0.000e+00
      5.048     7.5256   3.326773    32.2881       3553    14.8000  0.000e+00
      4.955     7.5211   3.325831    32.2822       3554    14.8042  0.000e+00
      4.861     7.5126   3.325523    32.2869       3555    14.8083  0.000e+00
      4.768     7.5062   3.325198    32.2894       3556    14.8125  0.000e+00
      4.672     7.5015   3.325500    32.2971       3557    14.8167  0.000e+00
      4.595     7.4996   3.325565    32.2996       3558    14.8208  0.000e+00
      4.536     7.4994   3.325085    32.2946       3559    14.8250  0.000e+00
      4.489     7.4982   3.325061    32.2955       3560    14.8292  0.000e+00
      4.462     7.4965   3.325044    32.2969       3561    14.8333  0.000e+00
      4.442     7.4954   3.325002    32.2974       3562    14.8375  0.000e+00
      4.441     7.4945   3.325186    32.3003       3563    14.8417  0.000e+00
      4.442     7.4946   3.325280    32.3012       3564    14.8458  0.000e+00
      4.439     7.4953   3.325393    32.3018       3565    14.8500  0.000e+00
      4.424     7.4959   3.325375    32.3011       3566    14.8542  0.000e+00
      4.403     7.4967   3.325582    32.3025       3567    14.8583  0.000e+00
      4.362     7.4974   3.325535    32.3014       3568    14.8625  0.000e+00
      4.291     7.4977   3.324961    32.2950       3569    14.8667  0.000e+00
      4.193     7.4964   3.324854    32.2950       3570    14.8708  0.000e+00
      4.065     7.4947   3.324540    32.2934       3571    14.8750  0.000e+00
      3.925     7.4928   3.324422    32.2939       3572    14.8792  0.000e+00
      3.774     7.4914   3.324309    32.2941       3573    14.8833  0.000e+00
      3.623     7.4902   3.324499    32.2972       3574    14.8875  0.000e+00
      3.494     7.4899   3.324309    32.2956       3575    14.8917  0.000e+00
      3.396     7.4896   3.324208    32.2949       3576    14.8958  0.000e+00
      3.330     7.4891   3.324143    32.2946       3577    14.9000  0.000e+00
      3.321     7.4884   3.324001    32.2937       3578    14.9042  0.000e+00
      3.337     7.4876   3.324001    32.2945       3579    14.9083  0.000e+00
      3.364     7.4871   3.324049    32.2954       3580    14.9125  0.000e+00
      3.382     7.4872   3.324167    32.2966       3581    14.9167  0.000e+00
      3.395     7.4874   3.324126    32.2959       3582    14.9208  0.000e+00
      3.413     7.4875   3.324019    32.2947       3583    14.9250  0.000e+00
      3.420     7.4873   3.324025    32.2950       3584    14.9292  0.000e+00
      3.402     7.4872   3.324309    32.2981       3585    14.9333  0.000e+00
      3.339     7.4879   3.324019    32.2944       3586    14.9375  0.000e+00
      3.222     7.4880   3.323918    32.2933       3587    14.9417  0.000e+00
      3.082     7.4871   3.324025    32.2953       3588    14.9458  0.000e+00
      2.949     7.4867   3.324208    32.2977       3589    14.9500  0.000e+00
      2.832     7.4876   3.324309    32.2981       3590    14.9542  0.000e+00
      2.755     7.4888   3.324439    32.2983       3591    14.9583  0.000e+00
      2.692     7.4896   3.324463    32.2979       3592    14.9625  0.000e+00
      2.662     7.4905   3.324374    32.2961       3593    14.9667  0.000e+00
      2.640     7.4908   3.324563    32.2979       3594    14.9708  0.000e+00
      2.620     7.4913   3.324581    32.2976       3595    14.9750  0.000e+00
      2.613     7.4919   3.324581    32.2971       3596    14.9792  0.000e+00
      2.595     7.4924   3.324486    32.2956       3597    14.9833  0.000e+00
      2.568     7.4922   3.324392    32.2947       3598    14.9875  0.000e+00
      2.529     7.4918   3.324374    32.2950       3599    14.9917  0.000e+00
      2.455     7.4914   3.324439    32.2960       3600    14.9958  0.000e+00
      2.354     7.4913   3.324208    32.2937       3601    15.0000  0.000e+00
      2.243     7.4906   3.324250    32.2949       3602    15.0042  0.000e+00
      2.135     7.4902   3.324267    32.2955       3603    15.0083  0.000e+00
      2.047     7.4902   3.324167    32.2945       3604    15.0125  0.000e+00
      1.989     7.4899   3.324167    32.2948       3605    15.0167  0.000e+00
      1.968     7.4894   3.323936    32.2928       3606    15.0208  0.000e+00
      1.955     7.4883   3.324019    32.2947       3607    15.0250  0.000e+00
      1.946     7.4875   3.324143    32.2967       3608    15.0292  0.000e+00
      1.918     7.4877   3.324167    32.2968       3609    15.0333  0.000e+00
      1.882     7.4882   3.324167    32.2964       3610    15.0375  0.000e+00
      1.837     7.4884   3.324226    32.2968       3611    15.0417  0.000e+00
      1.774     7.4885   3.324226    32.2968       3612    15.0458  0.000e+00
      1.671     7.4889   3.324184    32.2960       3613    15.0500  0.000e+00
      1.553     7.4889   3.324309    32.2974       3614    15.0542  0.000e+00
      1.441     7.4892   3.324060    32.2945       3615    15.0583  0.000e+00
      1.352     7.4886   3.323728    32.2915       3616    15.0625  0.000e+00
      1.305     7.4866   3.323551    32.2915       3617    15.0667  0.000e+00
      1.272     7.4846   3.323663    32.2946       3618    15.0708  0.000e+00
      1.256     7.4835   3.323663    32.2956       3619    15.0750  0.000e+00
      1.235     7.4834   3.323645    32.2956       3620    15.0792  0.000e+00
      1.222     7.4834   3.323728    32.2964       3621    15.0833  0.000e+00
      1.206     7.4835   3.323894    32.2981       3622    15.0875  0.000e+00
      1.177     7.4843   3.323959    32.2981       3623    15.0917  0.000e+00
      1.127     7.4851   3.324018    32.2980       3624    15.0958  0.000e+00
      1.078     7.4858   3.324024    32.2975       3625    15.1000  0.000e+00
      1.003     7.4863   3.323977    32.2965       3626    15.1042  0.000e+00
      0.902     7.4865   3.323977    32.2964       3627    15.1083  0.000e+00
      0.793     7.4865   3.324060    32.2974       3628    15.1125  0.000e+00
      0.687     7.4867   3.324148    32.2981       3629    15.1167  0.000e+00
      0.631     7.4873   3.324042    32.2964       3630    15.1208  0.000e+00
      0.627     7.4875   3.324018    32.2960       3631    15.1250  0.000e+00
      0.643     7.4869   3.323290    32.2887       3632    15.1292  0.000e+00
      0.618     7.4843   3.323053    32.2886       3633    15.1333  0.000e+00
      0.550     7.4809   3.323207    32.2934       3634    15.1375  0.000e+00
      0.439     7.4794   3.323397    32.2969       3635    15.1417  0.000e+00
      0.316     7.4798   3.323225    32.2948       3636    15.1458  0.000e+00
      0.250     7.4800   3.322834    32.2904       3637    15.1500  0.000e+00
      0.196     7.4777   3.322976    32.2941       3638    15.1542  0.000e+00
      0.133     7.4765   3.323018    32.2958       3639    15.1583  0.000e+00
      0.085     7.4764   3.322893    32.2945       3640    15.1625  0.000e+00
      0.029     7.4762   3.323053    32.2964       3641    15.1667  0.000e+00
     -0.048     7.4763   3.301750    32.0669       3642    15.1708  0.000e+00
     -0.092     7.4762   0.915818     7.9321       3643    15.1750  0.000e+00
     -0.118     7.4643   0.444700     3.6604       3644    15.1792  0.000e+00
     -0.099     7.4336   1.079276     9.4796       3645    15.1833  0.000e+00
     -0.133     7.4188   0.650600     5.5036       3646    15.1875  0.000e+00
     -0.099     7.4066   0.464390     3.8398       3647    15.1917  0.000e+00
     -0.124     7.4010   0.363336     2.9575       3648    15.1958  0.000e+00
     -0.140     7.3989   0.308782     2.4886       3649    15.2000  0.000e+00
     -0.144     7.3974   0.268488     2.1460       3650    15.2042  0.000e+00
     -0.129     7.3978   0.234860     1.8628       3651    15.2083  0.000e+00
     -0.072     7.3994   0.226505     1.7928       3652    15.2125  0.000e+00
     -0.029     7.4035   2.016895    18.6950       3653    15.2167  0.000e+00
     -0.133     7.4216   2.444722    23.0618       3654    15.2208  0.000e+00
     -0.136     7.4389   0.734926     6.2682       3655    15.2250  0.000e+00
     -0.138     7.4427   0.794075     6.8107       3656    15.2292  0.000e+00
     -0.138     7.4439   0.803429     6.8967       3657    15.2333  0.000e+00
     -0.142     7.4465   0.619193     5.2155       3658    15.2375  0.000e+00
