HB2402/sbe087.cnv
* Sea-Bird SBE 19plus V2 Data File:
* FileName = C:\cruise\data\sbe087.hex
* Software Version Seasave V 7.26.7.121
* Temperature SN = 7037
* Conductivity SN = 7037
* System UpLoad Time = Apr 18 2024 08:36:27
* NMEA Latitude = 40 57.42 N
* NMEA Longitude = 067 43.03 W
* NMEA UTC (Time) = Apr 18 2024  08:35:00
** Ship: Bigelow
** Cruise:  HB2304
** Program:  Fall Bottom Trawl
# nquan = 8
# nvalues = 1600                                  
# units = specified
# name 0 = depSM: Depth [salt water, m]
# name 1 = tv290C: Temperature [ITS-90, deg C]
# name 2 = c0S/m: Conductivity [S/m]
# name 3 = sal00: Salinity, Practical [PSU]
# name 4 = scan: Scan Count
# name 5 = timeM: Time, Elapsed [minutes]
# name 6 = sbeox0V: Oxygen raw, SBE 43 [V]
# name 7 = flag:  0.000e+00
# span 0 =      0.024,     58.711                 
# span 1 =     5.6526,     6.4186                 
# span 2 =  -0.000653,   3.203560                 
# span 3 =     0.0000,    32.0901                 
# span 4 =         11,       1610                 
# span 5 =     0.0417,     6.7042                 
# span 6 =     2.2061,     2.4322                 
# span 7 = 0.0000e+00, 0.0000e+00                 
# interval = seconds: 0.25
# start_time = Apr 18 2024 08:35:00 [NMEA time, header]
# bad_flag = -9.990e-29
*END*
      0.056     5.8506   0.000041     0.0026         11     0.0417     2.4189  0.000e+00
      0.051     5.8501   0.000039     0.0026         12     0.0458     2.4214  0.000e+00
      0.052     5.8492   0.000041     0.0026         13     0.0500     2.4206  0.000e+00
      0.051     5.8484   0.000036     0.0025         14     0.0542     2.4215  0.000e+00
      0.052     5.8476   0.000036     0.0025         15     0.0583     2.4206  0.000e+00
      0.056     5.8468   0.000036     0.0025         16     0.0625     2.4212  0.000e+00
      0.056     5.8460   0.000036     0.0025         17     0.0667     2.4187  0.000e+00
      0.056     5.8455   0.000033     0.0025         18     0.0708     2.4210  0.000e+00
      0.054     5.8456   0.000036     0.0025         19     0.0750     2.4196  0.000e+00
      0.056     5.8460   0.000041     0.0026         20     0.0792     2.4195  0.000e+00
      0.058     5.8466   0.000041     0.0026         21     0.0833     2.4192  0.000e+00
      0.058     5.8471   0.000036     0.0025         22     0.0875     2.4215  0.000e+00
      0.061     5.8473   0.000036     0.0025         23     0.0917     2.4211  0.000e+00
      0.060     5.8471   0.000036     0.0025         24     0.0958     2.4199  0.000e+00
      0.056     5.8469   0.000039     0.0025         25     0.1000     2.4210  0.000e+00
      0.061     5.8467   0.000031     0.0025         26     0.1042     2.4222  0.000e+00
      0.058     5.8468   0.000036     0.0025         27     0.1083     2.4189  0.000e+00
      0.061     5.8471   0.000036     0.0025         28     0.1125     2.4195  0.000e+00
      0.056     5.8476   0.000036     0.0025         29     0.1167     2.4209  0.000e+00
      0.060     5.8485   0.000036     0.0025         30     0.1208     2.4206  0.000e+00
      0.058     5.8488   0.000036     0.0025         31     0.1250     2.4221  0.000e+00
      0.060     5.8488   0.000039     0.0026         32     0.1292     2.4194  0.000e+00
      0.060     5.8485   0.000036     0.0025         33     0.1333     2.4195  0.000e+00
      0.060     5.8481   0.000036     0.0025         34     0.1375     2.4211  0.000e+00
      0.056     5.8474   0.000036     0.0025         35     0.1417     2.4210  0.000e+00
      0.063     5.8470   0.000036     0.0025         36     0.1458     2.4198  0.000e+00
      0.054     5.8474   0.000036     0.0025         37     0.1500     2.4211  0.000e+00
      0.060     5.8477   0.000033     0.0025         38     0.1542     2.4199  0.000e+00
      0.060     5.8480   0.000036     0.0025         39     0.1583     2.4215  0.000e+00
      0.060     5.8482   0.000036     0.0025         40     0.1625     2.4220  0.000e+00
      0.058     5.8482   0.000036     0.0025         41     0.1667     2.4218  0.000e+00
      0.060     5.8478   0.000036     0.0025         42     0.1708     2.4218  0.000e+00
      0.060     5.8479   0.000036     0.0025         43     0.1750     2.4225  0.000e+00
      0.060     5.8478   0.000036     0.0025         44     0.1792     2.4191  0.000e+00
      0.062     5.8478   0.000039     0.0025         45     0.1833     2.4190  0.000e+00
      0.060     5.8475   0.000036     0.0025         46     0.1875     2.4197  0.000e+00
      0.060     5.8473   0.000031     0.0025         47     0.1917     2.4221  0.000e+00
      0.060     5.8470   0.000036     0.0025         48     0.1958     2.4219  0.000e+00
      0.060     5.8470   0.000036     0.0025         49     0.2000     2.4218  0.000e+00
      0.062     5.8471   0.000036     0.0025         50     0.2042     2.4201  0.000e+00
      0.058     5.8471   0.000033     0.0025         51     0.2083     2.4221  0.000e+00
      0.060     5.8471   0.000041     0.0026         52     0.2125     2.4215  0.000e+00
      0.056     5.8473   0.000036     0.0025         53     0.2167     2.4218  0.000e+00
      0.064     5.8477   0.000036     0.0025         54     0.2208     2.4220  0.000e+00
      0.064     5.8480   0.000036     0.0025         55     0.2250     2.4219  0.000e+00
      0.065     5.8480   0.000036     0.0025         56     0.2292     2.4237  0.000e+00
      0.058     5.8481   0.000036     0.0025         57     0.2333     2.4213  0.000e+00
      0.056     5.8482   0.000033     0.0025         58     0.2375     2.4215  0.000e+00
      0.060     5.8492   0.000041     0.0026         59     0.2417     2.4214  0.000e+00
      0.062     5.8499   0.000036     0.0025         60     0.2458     2.4215  0.000e+00
      0.058     5.8497   0.000031     0.0025         61     0.2500     2.4191  0.000e+00
      0.058     5.8497   0.000041     0.0026         62     0.2542     2.4225  0.000e+00
      0.062     5.8497   0.000036     0.0025         63     0.2583     2.4209  0.000e+00
      0.060     5.8503   0.000033     0.0025         64     0.2625     2.4225  0.000e+00
      0.060     5.8512   0.000041     0.0026         65     0.2667     2.4214  0.000e+00
      0.060     5.8520   0.000036     0.0025         66     0.2708     2.4218  0.000e+00
      0.060     5.8525   0.000036     0.0025         67     0.2750     2.4207  0.000e+00
      0.062     5.8527   0.000036     0.0025         68     0.2792     2.4221  0.000e+00
      0.062     5.8538   0.000041     0.0026         69     0.2833     2.4211  0.000e+00
      0.064     5.8575   0.000036     0.0025         70     0.2875     2.4217  0.000e+00
      0.060     5.8623   0.000033     0.0025         71     0.2917     2.4215  0.000e+00
      0.062     5.8654   0.000041     0.0026         72     0.2958     2.4216  0.000e+00
      0.062     5.8784   0.000041     0.0026         73     0.3000     2.4218  0.000e+00
      0.148     5.9053   0.000047     0.0026         74     0.3042     2.4244  0.000e+00
      0.398     5.9370  -0.000653     0.0000         75     0.3083     2.4257  0.000e+00
      0.571     5.9672   1.646796    15.6329         76     0.3125     2.4265  0.000e+00
      0.745     6.0257   1.700426    16.1591         77     0.3167     2.4276  0.000e+00
      0.918     6.1053   1.503867    14.1077         78     0.3208     2.4267  0.000e+00
      1.090     6.1657   1.924625    18.4155         79     0.3250     2.4259  0.000e+00
      1.220     6.2068   2.017726    19.3658         80     0.3292     2.4207  0.000e+00
      1.308     6.2351   1.746695    16.5355         81     0.3333     2.4182  0.000e+00
      1.384     6.2552   2.478938    24.2234         82     0.3375     2.4121  0.000e+00
      1.466     6.2671   3.196355    32.0428         83     0.3417     2.4068  0.000e+00
      1.550     6.2745   3.196654    32.0391         84     0.3458     2.3996  0.000e+00
      1.661     6.2784   3.197569    32.0455         85     0.3500     2.3925  0.000e+00
      1.783     6.2844   3.196432    32.0271         86     0.3542     2.3867  0.000e+00
      1.899     6.2977   3.196870    32.0195         87     0.3583     2.3803  0.000e+00
      2.022     6.3131   3.196554    32.0014         88     0.3625     2.3721  0.000e+00
      2.152     6.3275   3.196271    31.9846         89     0.3667     2.3642  0.000e+00
      2.286     6.3385   3.195894    31.9700         90     0.3708     2.3558  0.000e+00
      2.432     6.3474   3.195617    31.9586         91     0.3750     2.3449  0.000e+00
      2.575     6.3545   3.195417    31.9497         92     0.3792     2.3358  0.000e+00
      2.725     6.3598   3.195456    31.9451         93     0.3833     2.3274  0.000e+00
      2.873     6.3639   3.195517    31.9417         94     0.3875     2.3202  0.000e+00
      3.012     6.3670   3.195556    31.9392         95     0.3917     2.3164  0.000e+00
      3.148     6.3690   3.195556    31.9373         96     0.3958     2.3136  0.000e+00
      3.276     6.3706   3.195484    31.9349         97     0.4000     2.3125  0.000e+00
      3.417     6.3719   3.195456    31.9333         98     0.4042     2.3111  0.000e+00
      3.552     6.3732   3.195356    31.9310         99     0.4083     2.3111  0.000e+00
      3.697     6.3744   3.195317    31.9293        100     0.4125     2.3101  0.000e+00
      3.838     6.3754   3.195295    31.9281        101     0.4167     2.3113  0.000e+00
      3.979     6.3764   3.195295    31.9271        102     0.4208     2.3102  0.000e+00
      4.107     6.3772   3.195317    31.9265        103     0.4250     2.3132  0.000e+00
      4.226     6.3778   3.195256    31.9252        104     0.4292     2.3132  0.000e+00
      4.329     6.3779   3.195195    31.9243        105     0.4333     2.3149  0.000e+00
      4.421     6.3780   3.195195    31.9242        106     0.4375     2.3179  0.000e+00
      4.508     6.3784   3.195295    31.9250        107     0.4417     2.3209  0.000e+00
      4.575     6.3788   3.195434    31.9261        108     0.4458     2.3246  0.000e+00
      4.636     6.3791   3.195656    31.9282        109     0.4500     2.3271  0.000e+00
      4.698     6.3789   3.195817    31.9302        110     0.4542     2.3301  0.000e+00
      4.756     6.3774   3.195833    31.9317        111     0.4583     2.3318  0.000e+00
      4.819     6.3722   3.195456    31.9323        112     0.4625     2.3319  0.000e+00
      4.886     6.3608   3.194542    31.9330        113     0.4667     2.3305  0.000e+00
      4.963     6.3471   3.193644    31.9358        114     0.4708     2.3278  0.000e+00
      5.050     6.3349   2.929200    29.0363        115     0.4750     2.3217  0.000e+00
      5.169     6.3272   1.983571    18.9401        116     0.4792     2.3156  0.000e+00
      5.310     6.3214   2.433920    23.6937        117     0.4833     2.3081  0.000e+00
      5.469     6.3166   2.349773    22.8006        118     0.4875     2.3004  0.000e+00
      5.635     6.3115   3.194182    31.9749        119     0.4917     2.2924  0.000e+00
      5.809     6.3069   3.194298    31.9804        120     0.4958     2.2837  0.000e+00
      5.989     6.3044   3.193644    31.9754        121     0.5000     2.2750  0.000e+00
      6.168     6.3026   3.193184    31.9719        122     0.5042     2.2668  0.000e+00
      6.345     6.2989   3.192669    31.9696        123     0.5083     2.2580  0.000e+00
      6.517     6.2858   3.191671    31.9708        124     0.5125     2.2510  0.000e+00
      6.687     6.2648   3.188984    31.9606        125     0.5167     2.2444  0.000e+00
      6.837     6.2410   3.184099    31.9286        126     0.5208     2.2374  0.000e+00
      6.969     6.2117   3.179300    31.9028        127     0.5250     2.2324  0.000e+00
      7.088     6.1728   3.174310    31.8838        128     0.5292     2.2270  0.000e+00
      7.189     6.1279   3.171286    31.8923        129     0.5333     2.2216  0.000e+00
      7.279     6.0822   3.169015    31.9100        130     0.5375     2.2156  0.000e+00
      7.355     6.0426   3.167551    31.9309        131     0.5417     2.2119  0.000e+00
      7.435     6.0095   3.166623    31.9517        132     0.5458     2.2078  0.000e+00
      7.516     5.9814   3.165286    31.9632        133     0.5500     2.2068  0.000e+00
      7.606     5.9581   3.163883    31.9696        134     0.5542     2.2063  0.000e+00
      7.700     5.9376   3.163138    31.9806        135     0.5583     2.2083  0.000e+00
      7.798     5.9194   3.162387    31.9893        136     0.5625     2.2128  0.000e+00
      7.897     5.9045   3.162034    31.9994        137     0.5667     2.2170  0.000e+00
      8.006     5.8928   3.161874    32.0086        138     0.5708     2.2226  0.000e+00
      8.127     5.8833   3.162194    32.0212        139     0.5750     2.2275  0.000e+00
      8.244     5.8756   3.162349    32.0302        140     0.5792     2.2312  0.000e+00
      8.376     5.8691   3.161620    32.0280        141     0.5833     2.2347  0.000e+00
      8.506     5.8627   3.159787    32.0135        142     0.5875     2.2389  0.000e+00
      8.638     5.8568   3.158689    32.0067        143     0.5917     2.2408  0.000e+00
      8.770     5.8499   3.157900    32.0043        144     0.5958     2.2428  0.000e+00
      8.904     5.8420   3.156641    31.9976        145     0.6000     2.2434  0.000e+00
      9.037     5.8343   3.155819    31.9957        146     0.6042     2.2445  0.000e+00
      9.169     5.8270   3.155306    31.9968        147     0.6083     2.2431  0.000e+00
      9.292     5.8196   3.154837    31.9985        148     0.6125     2.2411  0.000e+00
      9.419     5.8126   3.154131    31.9971        149     0.6167     2.2406  0.000e+00
      9.543     5.8062   3.153817    31.9995        150     0.6208     2.2402  0.000e+00
      9.664     5.8001   3.153541    32.0022        151     0.6250     2.2406  0.000e+00
      9.796     5.7943   3.153089    32.0026        152     0.6292     2.2414  0.000e+00
      9.926     5.7891   3.152659    32.0026        153     0.6333     2.2433  0.000e+00
     10.056     5.7848   3.152306    32.0026        154     0.6375     2.2465  0.000e+00
     10.181     5.7811   3.151991    32.0025        155     0.6417     2.2485  0.000e+00
     10.309     5.7782   3.151992    32.0052        156     0.6458     2.2509  0.000e+00
     10.439     5.7759   3.152323    32.0110        157     0.6500     2.2551  0.000e+00
     10.568     5.7738   3.152637    32.0165        158     0.6542     2.2559  0.000e+00
     10.698     5.7720   3.152836    32.0204        159     0.6583     2.2578  0.000e+00
     10.828     5.7704   3.152416    32.0172        160     0.6625     2.2592  0.000e+00
     10.954     5.7691   3.152130    32.0151        161     0.6667     2.2602  0.000e+00
     11.081     5.7681   3.151953    32.0140        162     0.6708     2.2616  0.000e+00
     11.202     5.7671   3.151970    32.0151        163     0.6750     2.2619  0.000e+00
     11.328     5.7661   3.151595    32.0118        164     0.6792     2.2615  0.000e+00
     11.453     5.7652   3.151165    32.0077        165     0.6833     2.2596  0.000e+00
     11.572     5.7648   3.150812    32.0040        166     0.6875     2.2580  0.000e+00
     11.695     5.7649   3.150619    32.0017        167     0.6917     2.2555  0.000e+00
     11.818     5.7648   3.150442    31.9998        168     0.6958     2.2535  0.000e+00
     11.944     5.7644   3.150420    31.9998        169     0.7000     2.2502  0.000e+00
     12.071     5.7638   3.150498    32.0013        170     0.7042     2.2493  0.000e+00
     12.194     5.7626   3.150520    32.0026        171     0.7083     2.2467  0.000e+00
     12.318     5.7611   3.150382    32.0024        172     0.7125     2.2445  0.000e+00
     12.445     5.7592   3.150145    32.0014        173     0.7167     2.2441  0.000e+00
     12.570     5.7567   3.149913    32.0011        174     0.7208     2.2448  0.000e+00
     12.689     5.7542   3.149599    31.9999        175     0.7250     2.2449  0.000e+00
     12.813     5.7514   3.149285    31.9991        176     0.7292     2.2465  0.000e+00
     12.936     5.7489   3.148949    31.9975        177     0.7333     2.2483  0.000e+00
     13.061     5.7460   3.148717    31.9976        178     0.7375     2.2489  0.000e+00
     13.178     5.7432   3.148502    31.9979        179     0.7417     2.2498  0.000e+00
     13.299     5.7403   3.148304    31.9983        180     0.7458     2.2502  0.000e+00
     13.424     5.7373   3.148028    31.9980        181     0.7500     2.2514  0.000e+00
     13.549     5.7346   3.147676    31.9965        182     0.7542     2.2508  0.000e+00
     13.674     5.7321   3.147560    31.9975        183     0.7583     2.2507  0.000e+00
     13.796     5.7294   3.147422    31.9985        184     0.7625     2.2514  0.000e+00
     13.921     5.7267   3.147323    31.9998        185     0.7667     2.2502  0.000e+00
     14.040     5.7242   3.147406    32.0031        186     0.7708     2.2513  0.000e+00
     14.167     5.7220   3.147307    32.0040        187     0.7750     2.2522  0.000e+00
     14.291     5.7199   3.147130    32.0039        188     0.7792     2.2517  0.000e+00
     14.421     5.7180   3.147130    32.0057        189     0.7833     2.2517  0.000e+00
