HB2402/sbe022.cnv
* Sea-Bird SBE 19plus V2 Data File:
* FileName = C:\cruise\data\sbe022.hex
* Software Version Seasave V 7.26.7.121
* Temperature SN = 7142
* Conductivity SN = 7142
* System UpLoad Time = Mar 16 2024 19:33:50
* NMEA Latitude = 37 44.97 N
* NMEA Longitude = 074 57.18 W
* NMEA UTC (Time) = Mar 16 2024  19:33:03
** Ship: Bigelow
** Cruise:  HB2304
** Program:  Fall Bottom Trawl
# nquan = 7
# nvalues = 1139                                  
# units = specified
# name 0 = depSM: Depth [salt water, m]
# name 1 = tv290C: Temperature [ITS-90, deg C]
# name 2 = c0S/m: Conductivity [S/m]
# name 3 = sal00: Salinity, Practical [PSU]
# name 4 = scan: Scan Count
# name 5 = timeM: Time, Elapsed [minutes]
# name 6 = flag:  0.000e+00
# span 0 =     -0.093,     27.478                 
# span 1 =     7.8324,    11.8735                 
# span 2 =  -0.086241,   3.450437                 
# span 3 =     0.0000,    32.0198                 
# span 4 =         11,       1149                 
# span 5 =     0.0417,     4.7833                 
# span 6 = 0.0000e+00, 0.0000e+00                 
# interval = seconds: 0.25
# start_time = Mar 16 2024 19:33:03 [NMEA time, header]
# bad_flag = -9.990e-29
*END*
[from data line 411]
     25.103     7.8576   3.292565    31.6082        422     1.7542  0.000e+00
     25.051     7.8578   3.292506    31.6074        423     1.7583  0.000e+00
     25.001     7.8576   3.292464    31.6072        424     1.7625  0.000e+00
     24.948     7.8575   3.292435    31.6069        425     1.7667  0.000e+00
     24.895     7.8573   3.292423    31.6071        426     1.7708  0.000e+00
     24.839     7.8573   3.292382    31.6066        427     1.7750  0.000e+00
     24.783     7.8571   3.292382    31.6068        428     1.7792  0.000e+00
     24.722     7.8569   3.292317    31.6063        429     1.7833  0.000e+00
     24.659     7.8567   3.292317    31.6066        430     1.7875  0.000e+00
     24.591     7.8564   3.292335    31.6070        431     1.7917  0.000e+00
     24.522     7.8566   3.292217    31.6056        432     1.7958  0.000e+00
     24.449     7.8562   3.292134    31.6051        433     1.8000  0.000e+00
     24.382     7.8562   3.292175    31.6056        434     1.8042  0.000e+00
     24.301     7.8562   3.292110    31.6050        435     1.8083  0.000e+00
     24.228     7.8559   3.292069    31.6048        436     1.8125  0.000e+00
     24.158     7.8559   3.292081    31.6050        437     1.8167  0.000e+00
     24.078     7.8559   3.292093    31.6052        438     1.8208  0.000e+00
     24.012     7.8557   3.292010    31.6044        439     1.8250  0.000e+00
     23.944     7.8556   3.292028    31.6048        440     1.8292  0.000e+00
     23.881     7.8556   3.292051    31.6051        441     1.8333  0.000e+00
     23.820     7.8555   3.292051    31.6052        442     1.8375  0.000e+00
     23.760     7.8556   3.292022    31.6049        443     1.8417  0.000e+00
     23.708     7.8556   3.292010    31.6047        444     1.8458  0.000e+00
     23.663     7.8557   3.291969    31.6042        445     1.8500  0.000e+00
     23.615     7.8557   3.291945    31.6039        446     1.8542  0.000e+00
     23.572     7.8557   3.291904    31.6035        447     1.8583  0.000e+00
     23.525     7.8557   3.291827    31.6027        448     1.8625  0.000e+00
     23.489     7.8558   3.292098    31.6056        449     1.8667  0.000e+00
     23.460     7.8558   3.292027    31.6048        450     1.8708  0.000e+00
     23.446     7.8557   3.292069    31.6053        451     1.8750  0.000e+00
     23.439     7.8559   3.292010    31.6046        452     1.8792  0.000e+00
     23.437     7.8559   3.291904    31.6035        453     1.8833  0.000e+00
     23.426     7.8562   3.291868    31.6028        454     1.8875  0.000e+00
     23.422     7.8562   3.291886    31.6030        455     1.8917  0.000e+00
     23.428     7.8561   3.291868    31.6029        456     1.8958  0.000e+00
     23.424     7.8562   3.291886    31.6030        457     1.9000  0.000e+00
     23.426     7.8563   3.291827    31.6023        458     1.9042  0.000e+00
     23.422     7.8567   3.291721    31.6007        459     1.9083  0.000e+00
     23.410     7.8570   3.291762    31.6010        460     1.9125  0.000e+00
     23.403     7.8572   3.291727    31.6004        461     1.9167  0.000e+00
     23.383     7.8573   3.291721    31.6003        462     1.9208  0.000e+00
     23.372     7.8573   3.291786    31.6010        463     1.9250  0.000e+00
     23.349     7.8572   3.291721    31.6003        464     1.9292  0.000e+00
     23.325     7.8567   3.291638    31.6000        465     1.9333  0.000e+00
     23.297     7.8567   3.291556    31.5991        466     1.9375  0.000e+00
     23.262     7.8562   3.291538    31.5993        467     1.9417  0.000e+00
     23.221     7.8561   3.291514    31.5993        468     1.9458  0.000e+00
     23.178     7.8556   3.291473    31.5992        469     1.9500  0.000e+00
     23.131     7.8555   3.291432    31.5989        470     1.9542  0.000e+00
     23.086     7.8554   3.291414    31.5989        471     1.9583  0.000e+00
     23.036     7.8551   3.291331    31.5982        472     1.9625  0.000e+00
     22.986     7.8553   3.291308    31.5979        473     1.9667  0.000e+00
     22.939     7.8551   3.291396    31.5990        474     1.9708  0.000e+00
     22.894     7.8550   3.291390    31.5990        475     1.9750  0.000e+00
     22.851     7.8551   3.291414    31.5992        476     1.9792  0.000e+00
     22.813     7.8548   3.291349    31.5988        477     1.9833  0.000e+00
     22.781     7.8547   3.291266    31.5980        478     1.9875  0.000e+00
     22.752     7.8547   3.291331    31.5987        479     1.9917  0.000e+00
     22.725     7.8550   3.291355    31.5987        480     1.9958  0.000e+00
     22.707     7.8549   3.291308    31.5983        481     2.0000  0.000e+00
     22.687     7.8553   3.291331    31.5983        482     2.0042  0.000e+00
     22.671     7.8552   3.291249    31.5975        483     2.0083  0.000e+00
     22.658     7.8553   3.291290    31.5978        484     2.0125  0.000e+00
     22.641     7.8547   3.291249    31.5979        485     2.0167  0.000e+00
     22.623     7.8546   3.291196    31.5975        486     2.0208  0.000e+00
     22.596     7.8543   3.291166    31.5974        487     2.0250  0.000e+00
     22.574     7.8543   3.291184    31.5976        488     2.0292  0.000e+00
     22.536     7.8538   3.291166    31.5979        489     2.0333  0.000e+00
     22.502     7.8536   3.291101    31.5974        490     2.0375  0.000e+00
     22.459     7.8535   3.291083    31.5973        491     2.0417  0.000e+00
     22.416     7.8530   3.291060    31.5976        492     2.0458  0.000e+00
     22.369     7.8529   3.291019    31.5972        493     2.0500  0.000e+00
     22.319     7.8525   3.291019    31.5976        494     2.0542  0.000e+00
     22.279     7.8524   3.291060    31.5982        495     2.0583  0.000e+00
     22.236     7.8520   3.291060    31.5985        496     2.0625  0.000e+00
     22.198     7.8520   3.291083    31.5988        497     2.0667  0.000e+00
     22.166     7.8522   3.291042    31.5982        498     2.0708  0.000e+00
     22.137     7.8519   3.291042    31.5984        499     2.0750  0.000e+00
     22.130     7.8519   3.291060    31.5987        500     2.0792  0.000e+00
     22.121     7.8518   3.291042    31.5986        501     2.0833  0.000e+00
     22.112     7.8519   3.291019    31.5983        502     2.0875  0.000e+00
     22.107     7.8521   3.290977    31.5976        503     2.0917  0.000e+00
     22.101     7.8525   3.291001    31.5975        504     2.0958  0.000e+00
     22.101     7.8528   3.290983    31.5971        505     2.1000  0.000e+00
     22.098     7.8532   3.290936    31.5962        506     2.1042  0.000e+00
     22.087     7.8531   3.290877    31.5957        507     2.1083  0.000e+00
     22.072     7.8529   3.290753    31.5945        508     2.1125  0.000e+00
     22.053     7.8529   3.290895    31.5961        509     2.1167  0.000e+00
     22.029     7.8524   3.290918    31.5967        510     2.1208  0.000e+00
     21.995     7.8525   3.290906    31.5966        511     2.1250  0.000e+00
     21.957     7.8522   3.290918    31.5969        512     2.1292  0.000e+00
     21.920     7.8521   3.290895    31.5969        513     2.1333  0.000e+00
     21.880     7.8519   3.290918    31.5973        514     2.1375  0.000e+00
     21.841     7.8519   3.290918    31.5973        515     2.1417  0.000e+00
     21.801     7.8518   3.290936    31.5976        516     2.1458  0.000e+00
     21.760     7.8518   3.290942    31.5977        517     2.1500  0.000e+00
     21.726     7.8518   3.290936    31.5976        518     2.1542  0.000e+00
     21.690     7.8516   3.290895    31.5974        519     2.1583  0.000e+00
     21.652     7.8517   3.290877    31.5971        520     2.1625  0.000e+00
     21.623     7.8516   3.290853    31.5970        521     2.1667  0.000e+00
     21.593     7.8515   3.290836    31.5969        522     2.1708  0.000e+00
     21.566     7.8514   3.290806    31.5967        523     2.1750  0.000e+00
     21.531     7.8514   3.290794    31.5966        524     2.1792  0.000e+00
     21.492     7.8513   3.290771    31.5964        525     2.1833  0.000e+00
     21.445     7.8513   3.290753    31.5962        526     2.1875  0.000e+00
     21.391     7.8511   3.290729    31.5962        527     2.1917  0.000e+00
     21.339     7.8508   3.290712    31.5963        528     2.1958  0.000e+00
     21.283     7.8506   3.290688    31.5963        529     2.2000  0.000e+00
     21.231     7.8502   3.290629    31.5961        530     2.2042  0.000e+00
     21.167     7.8501   3.290670    31.5966        531     2.2083  0.000e+00
     21.104     7.8502   3.290712    31.5970        532     2.2125  0.000e+00
     21.046     7.8503   3.290629    31.5960        533     2.2167  0.000e+00
     20.987     7.8502   3.290588    31.5957        534     2.2208  0.000e+00
     20.929     7.8500   3.290546    31.5955        535     2.2250  0.000e+00
     20.872     7.8497   3.290552    31.5958        536     2.2292  0.000e+00
     20.821     7.8494   3.290523    31.5958        537     2.2333  0.000e+00
     20.775     7.8493   3.290487    31.5955        538     2.2375  0.000e+00
     20.732     7.8488   3.290405    31.5951        539     2.2417  0.000e+00
     20.690     7.8488   3.290381    31.5950        540     2.2458  0.000e+00
     20.653     7.8481   3.290299    31.5946        541     2.2500  0.000e+00
     20.615     7.8480   3.290234    31.5941        542     2.2542  0.000e+00
     20.584     7.8475   3.290157    31.5938        543     2.2583  0.000e+00
     20.555     7.8473   3.290051    31.5928        544     2.2625  0.000e+00
     20.520     7.8466   3.289909    31.5920        545     2.2667  0.000e+00
     20.482     7.8460   3.289827    31.5916        546     2.2708  0.000e+00
     20.444     7.8454   3.289721    31.5910        547     2.2750  0.000e+00
     20.404     7.8448   3.289668    31.5910        548     2.2792  0.000e+00
     20.358     7.8445   3.289721    31.5920        549     2.2833  0.000e+00
     20.311     7.8441   3.289703    31.5921        550     2.2875  0.000e+00
     20.257     7.8437   3.289638    31.5918        551     2.2917  0.000e+00
     20.201     7.8430   3.289473    31.5907        552     2.2958  0.000e+00
     20.153     7.8424   3.289390    31.5904        553     2.3000  0.000e+00
     20.103     7.8421   3.289538    31.5922        554     2.3042  0.000e+00
     20.049     7.8424   3.289650    31.5932        555     2.3083  0.000e+00
     20.004     7.8429   3.289803    31.5944        556     2.3125  0.000e+00
     19.966     7.8435   3.289886    31.5947        557     2.3167  0.000e+00
     19.934     7.8443   3.289927    31.5945        558     2.3208  0.000e+00
     19.903     7.8447   3.289927    31.5941        559     2.3250  0.000e+00
     19.881     7.8454   3.289950    31.5937        560     2.3292  0.000e+00
     19.862     7.8458   3.290021    31.5942        561     2.3333  0.000e+00
     19.847     7.8462   3.290051    31.5941        562     2.3375  0.000e+00
     19.829     7.8464   3.289968    31.5931        563     2.3417  0.000e+00
     19.802     7.8468   3.289950    31.5926        564     2.3458  0.000e+00
     19.768     7.8467   3.289927    31.5924        565     2.3500  0.000e+00
     19.729     7.8467   3.289909    31.5923        566     2.3542  0.000e+00
     19.677     7.8463   3.289827    31.5917        567     2.3583  0.000e+00
     19.624     7.8459   3.289720    31.5910        568     2.3625  0.000e+00
     19.554     7.8453   3.289679    31.5911        569     2.3667  0.000e+00
     19.484     7.8446   3.289638    31.5913        570     2.3708  0.000e+00
     19.405     7.8442   3.289473    31.5900        571     2.3750  0.000e+00
     19.330     7.8429   3.289308    31.5894        572     2.3792  0.000e+00
     19.258     7.8421   3.289272    31.5899        573     2.3833  0.000e+00
     19.188     7.8413   3.289254    31.5904        574     2.3875  0.000e+00
     19.121     7.8410   3.289272    31.5909        575     2.3917  0.000e+00
     19.058     7.8407   3.289249    31.5910        576     2.3958  0.000e+00
     19.008     7.8403   3.289272    31.5916        577     2.4000  0.000e+00
     18.970     7.8402   3.289249    31.5914        578     2.4042  0.000e+00
     18.938     7.8403   3.289231    31.5912        579     2.4083  0.000e+00
     18.914     7.8402   3.289195    31.5909        580     2.4125  0.000e+00
     18.898     7.8401   3.289166    31.5907        581     2.4167  0.000e+00
     18.884     7.8404   3.289166    31.5904        582     2.4208  0.000e+00
     18.870     7.8404   3.289148    31.5902        583     2.4250  0.000e+00
     18.855     7.8408   3.289166    31.5900        584     2.4292  0.000e+00
     18.834     7.8410   3.289190    31.5901        585     2.4333  0.000e+00
     18.808     7.8414   3.289190    31.5898        586     2.4375  0.000e+00
     18.776     7.8414   3.289195    31.5899        587     2.4417  0.000e+00
     18.733     7.8414   3.289166    31.5896        588     2.4458  0.000e+00
     18.675     7.8413   3.289148    31.5895        589     2.4500  0.000e+00
     18.614     7.8413   3.289107    31.5891        590     2.4542  0.000e+00
     18.544     7.8412   3.289125    31.5894        591     2.4583  0.000e+00
     18.472     7.8410   3.289107    31.5895        592     2.4625  0.000e+00
     18.395     7.8409   3.289001    31.5884        593     2.4667  0.000e+00
     18.318     7.8400   3.288735    31.5864        594     2.4708  0.000e+00
     18.242     7.8391   3.288464    31.5844        595     2.4750  0.000e+00
     18.174     7.8373   3.288140    31.5826        596     2.4792  0.000e+00
     18.107     7.8360   3.287869    31.5809        597     2.4833  0.000e+00
     18.055     7.8346   3.287686    31.5803        598     2.4875  0.000e+00
     18.001     7.8337   3.287533    31.5795        599     2.4917  0.000e+00
     17.969     7.8328   3.287415    31.5790        600     2.4958  0.000e+00
     17.940     7.8324   3.287373    31.5790        601     2.5000  0.000e+00
     17.917     7.8324   3.287356    31.5788        602     2.5042  0.000e+00
     17.908     7.8327   3.287291    31.5779        603     2.5083  0.000e+00
     17.902     7.8336   3.287232    31.5764        604     2.5125  0.000e+00
     17.906     7.8346   3.287191    31.5750        605     2.5167  0.000e+00
     17.904     7.8360   3.287138    31.5732        606     2.5208  0.000e+00
     17.901     7.8369   3.287067    31.5717        607     2.5250  0.000e+00
     17.885     7.8378   3.287067    31.5708        608     2.5292  0.000e+00
     17.876     7.8383   3.287049    31.5703        609     2.5333  0.000e+00
     17.854     7.8386   3.287067    31.5701        610     2.5375  0.000e+00
     17.822     7.8388   3.287067    31.5700        611     2.5417  0.000e+00
     17.789     7.8387   3.287008    31.5695        612     2.5458  0.000e+00
     17.748     7.8388   3.286961    31.5689        613     2.5500  0.000e+00
     17.701     7.8389   3.286902    31.5682        614     2.5542  0.000e+00
     17.654     7.8392   3.286843    31.5673        615     2.5583  0.000e+00
     17.601     7.8393   3.286819    31.5670        616     2.5625  0.000e+00
     17.543     7.8396   3.286801    31.5666        617     2.5667  0.000e+00
     17.486     7.8397   3.286737    31.5658        618     2.5708  0.000e+00
     17.426     7.8399   3.286689    31.5651        619     2.5750  0.000e+00
     17.374     7.8402   3.286678    31.5648        620     2.5792  0.000e+00
     17.322     7.8407   3.286613    31.5637        621     2.5833  0.000e+00
     17.273     7.8408   3.286571    31.5632        622     2.5875  0.000e+00
     17.230     7.8410   3.286530    31.5626        623     2.5917  0.000e+00
     17.196     7.8412   3.286554    31.5626        624     2.5958  0.000e+00
     17.171     7.8412   3.286530    31.5624        625     2.6000  0.000e+00
