HB2402/sbe010.cnv
* Sea-Bird SBE 19plus V2 Data File:
* FileName = C:\cruise\data\sbe010.hex
* Software Version Seasave V 7.26.7.121
* Temperature SN = 7142
* Conductivity SN = 7142
* System UpLoad Time = Mar 10 2024 11:33:45
* NMEA Latitude = 36 46.77 N
* NMEA Longitude = 075 42.13 W
* NMEA UTC (Time) = Mar 10 2024  11:33:12
** Ship: Bigelow
** Cruise:  HB2304
** Program:  Fall Bottom Trawl
# nquan = 7
# nvalues = 1423                                  
# units = specified
# name 0 = depSM: Depth [salt water, m]
# name 1 = tv290C: Temperature [ITS-90, deg C]
# name 2 = c0S/m: Conductivity [S/m]
# name 3 = sal00: Salinity, Practical [PSU]
# name 4 = scan: Scan Count
# name 5 = timeM: Time, Elapsed [minutes]
# name 6 = flag:  0.000e+00
# span 0 =     -0.205,     18.182                 
# span 1 =     8.2270,    10.2777                 
# span 2 =   0.000020,   3.268961                 
# span 3 =     0.0052,    30.9847                 
# span 4 =         11,       1433                 
# span 5 =     0.0417,     5.9667                 
# span 6 = 0.0000e+00, 0.0000e+00                 
# interval = seconds: 0.25
# start_time = Mar 10 2024 11:33:12 [NMEA time, header]
# bad_flag = -9.990e-29
*END*
[from data line 616]
     14.608     8.2669   3.263956    30.9451        627     2.6083  0.000e+00
     14.585     8.2659   3.263974    30.9462        628     2.6125  0.000e+00
     14.549     8.2651   3.263974    30.9469        629     2.6167  0.000e+00
     14.519     8.2644   3.263915    30.9469        630     2.6208  0.000e+00
     14.483     8.2640   3.263891    30.9470        631     2.6250  0.000e+00
     14.445     8.2638   3.263891    30.9473        632     2.6292  0.000e+00
     14.414     8.2634   3.263915    30.9478        633     2.6333  0.000e+00
     14.387     8.2634   3.263956    30.9482        634     2.6375  0.000e+00
     14.362     8.2636   3.263997    30.9485        635     2.6417  0.000e+00
     14.335     8.2635   3.264056    30.9493        636     2.6458  0.000e+00
     14.308     8.2636   3.264079    30.9495        637     2.6500  0.000e+00
     14.299     8.2640   3.264079    30.9491        638     2.6542  0.000e+00
     14.285     8.2641   3.264097    30.9492        639     2.6583  0.000e+00
     14.278     8.2641   3.264162    30.9499        640     2.6625  0.000e+00
     14.265     8.2641   3.264220    30.9505        641     2.6667  0.000e+00
     14.253     8.2641   3.264403    30.9524        642     2.6708  0.000e+00
     14.238     8.2640   3.264550    30.9540        643     2.6750  0.000e+00
     14.222     8.2639   3.264550    30.9542        644     2.6792  0.000e+00
     14.200     8.2628   3.264550    30.9551        645     2.6833  0.000e+00
     14.179     8.2615   3.264467    30.9554        646     2.6875  0.000e+00
     14.154     8.2588   3.264403    30.9571        647     2.6917  0.000e+00
     14.134     8.2556   3.264467    30.9606        648     2.6958  0.000e+00
     14.107     8.2529   3.264585    30.9643        649     2.7000  0.000e+00
     14.080     8.2517   3.264362    30.9630        650     2.7042  0.000e+00
     14.049     8.2537   3.264320    30.9608        651     2.7083  0.000e+00
     14.031     8.2580   3.264344    30.9572        652     2.7125  0.000e+00
     14.012     8.2610   3.263997    30.9510        653     2.7167  0.000e+00
     13.996     8.2638   3.263650    30.9449        654     2.7208  0.000e+00
     13.990     8.2637   3.263550    30.9439        655     2.7250  0.000e+00
     13.983     8.2615   3.263586    30.9462        656     2.7292  0.000e+00
     13.979     8.2598   3.263662    30.9485        657     2.7333  0.000e+00
     13.981     8.2594   3.263668    30.9489        658     2.7375  0.000e+00
     13.985     8.2595   3.263586    30.9480        659     2.7417  0.000e+00
     13.994     8.2596   3.263550    30.9475        660     2.7458  0.000e+00
     13.996     8.2596   3.263468    30.9467        661     2.7500  0.000e+00
     13.992     8.2590   3.263468    30.9472        662     2.7542  0.000e+00
     13.978     8.2581   3.263509    30.9484        663     2.7583  0.000e+00
     13.951     8.2576   3.263527    30.9491        664     2.7625  0.000e+00
     13.918     8.2569   3.263550    30.9500        665     2.7667  0.000e+00
     13.871     8.2566   3.263856    30.9535        666     2.7708  0.000e+00
     13.825     8.2567   3.264079    30.9557        667     2.7750  0.000e+00
     13.765     8.2562   3.263832    30.9536        668     2.7792  0.000e+00
     13.697     8.2532   3.262910    30.9466        669     2.7833  0.000e+00
     13.631     8.2485   3.262040    30.9416        670     2.7875  0.000e+00
     13.564     8.2425   3.261734    30.9437        671     2.7917  0.000e+00
     13.505     8.2372   3.261628    30.9472        672     2.7958  0.000e+00
     13.442     8.2336   3.261570    30.9498        673     2.8000  0.000e+00
     13.384     8.2314   3.261552    30.9516        674     2.8042  0.000e+00
     13.341     8.2300   3.261529    30.9527        675     2.8083  0.000e+00
     13.307     8.2293   3.261552    30.9535        676     2.8125  0.000e+00
     13.276     8.2287   3.261570    30.9543        677     2.8167  0.000e+00
     13.259     8.2281   3.261752    30.9567        678     2.8208  0.000e+00
     13.257     8.2279   3.262345    30.9631        679     2.8250  0.000e+00
     13.264     8.2281   3.262498    30.9645        680     2.8292  0.000e+00
     13.286     8.2299   3.262345    30.9614        681     2.8333  0.000e+00
     13.316     8.2333   3.262181    30.9566        682     2.8375  0.000e+00
     13.348     8.2359   3.262181    30.9543        683     2.8417  0.000e+00
     13.388     8.2369   3.262304    30.9547        684     2.8458  0.000e+00
     13.422     8.2378   3.262445    30.9554        685     2.8500  0.000e+00
     13.458     8.2390   3.262792    30.9579        686     2.8542  0.000e+00
     13.485     8.2412   3.263098    30.9593        687     2.8583  0.000e+00
     13.499     8.2443   3.263139    30.9569        688     2.8625  0.000e+00
     13.508     8.2484   3.263162    30.9536        689     2.8667  0.000e+00
     13.505     8.2510   3.263121    30.9508        690     2.8708  0.000e+00
     13.489     8.2521   3.263056    30.9491        691     2.8750  0.000e+00
     13.453     8.2528   3.263062    30.9486        692     2.8792  0.000e+00
     13.408     8.2533   3.263098    30.9486        693     2.8833  0.000e+00
     13.348     8.2531   3.263098    30.9488        694     2.8875  0.000e+00
     13.278     8.2533   3.263056    30.9482        695     2.8917  0.000e+00
     13.199     8.2515   3.262668    30.9457        696     2.8958  0.000e+00
     13.115     8.2482   3.262016    30.9418        697     2.9000  0.000e+00
     13.028     8.2430   3.261569    30.9418        698     2.9042  0.000e+00
     12.942     8.2381   3.261405    30.9444        699     2.9083  0.000e+00
     12.859     8.2342   3.261323    30.9470        700     2.9125  0.000e+00
     12.789     8.2315   3.261281    30.9490        701     2.9167  0.000e+00
     12.728     8.2298   3.261240    30.9501        702     2.9208  0.000e+00
     12.673     8.2284   3.261240    30.9513        703     2.9250  0.000e+00
     12.637     8.2277   3.261323    30.9528        704     2.9292  0.000e+00
     12.606     8.2274   3.261710    30.9572        705     2.9333  0.000e+00
     12.597     8.2272   3.262098    30.9614        706     2.9375  0.000e+00
     12.590     8.2270   3.262363    30.9644        707     2.9417  0.000e+00
     12.592     8.2289   3.262386    30.9629        708     2.9458  0.000e+00
     12.602     8.2327   3.262163    30.9573        709     2.9500  0.000e+00
     12.617     8.2358   3.262057    30.9534        710     2.9542  0.000e+00
     12.633     8.2372   3.262081    30.9524        711     2.9583  0.000e+00
     12.640     8.2380   3.262122    30.9522        712     2.9625  0.000e+00
     12.656     8.2384   3.262239    30.9531        713     2.9667  0.000e+00
     12.662     8.2391   3.262427    30.9544        714     2.9708  0.000e+00
     12.672     8.2402   3.262615    30.9554        715     2.9750  0.000e+00
     12.676     8.2418   3.262709    30.9549        716     2.9792  0.000e+00
     12.672     8.2440   3.262709    30.9530        717     2.9833  0.000e+00
     12.662     8.2461   3.262627    30.9504        718     2.9875  0.000e+00
     12.646     8.2469   3.262586    30.9492        719     2.9917  0.000e+00
     12.617     8.2471   3.262610    30.9493        720     2.9958  0.000e+00
     12.581     8.2471   3.262609    30.9493        721     3.0000  0.000e+00
     12.539     8.2467   3.262609    30.9496        722     3.0042  0.000e+00
     12.495     8.2464   3.262627    30.9501        723     3.0083  0.000e+00
     12.446     8.2465   3.262651    30.9503        724     3.0125  0.000e+00
     12.387     8.2466   3.262709    30.9509        725     3.0167  0.000e+00
     12.335     8.2465   3.262674    30.9506        726     3.0208  0.000e+00
     12.272     8.2462   3.262609    30.9502        727     3.0250  0.000e+00
     12.218     8.2449   3.262509    30.9503        728     3.0292  0.000e+00
     12.158     8.2423   3.262304    30.9505        729     3.0333  0.000e+00
     12.104     8.2395   3.262139    30.9512        730     3.0375  0.000e+00
     12.054     8.2373   3.262039    30.9522        731     3.0417  0.000e+00
     12.009     8.2354   3.261975    30.9532        732     3.0458  0.000e+00
     11.971     8.2338   3.262039    30.9552        733     3.0500  0.000e+00
     11.941     8.2332   3.262321    30.9588        734     3.0542  0.000e+00
     11.910     8.2327   3.262468    30.9608        735     3.0583  0.000e+00
     11.883     8.2326   3.262627    30.9626        736     3.0625  0.000e+00
     11.860     8.2343   3.262692    30.9617        737     3.0667  0.000e+00
     11.833     8.2369   3.262715    30.9597        738     3.0708  0.000e+00
     11.815     8.2397   3.262709    30.9572        739     3.0750  0.000e+00
     11.793     8.2418   3.262668    30.9549        740     3.0792  0.000e+00
     11.759     8.2435   3.262627    30.9530        741     3.0833  0.000e+00
     11.732     8.2449   3.262609    30.9516        742     3.0875  0.000e+00
     11.702     8.2461   3.262586    30.9503        743     3.0917  0.000e+00
     11.668     8.2462   3.262568    30.9500        744     3.0958  0.000e+00
     11.630     8.2462   3.262545    30.9498        745     3.1000  0.000e+00
     11.594     8.2461   3.262568    30.9501        746     3.1042  0.000e+00
     11.551     8.2461   3.262545    30.9500        747     3.1083  0.000e+00
     11.504     8.2459   3.262568    30.9504        748     3.1125  0.000e+00
     11.461     8.2459   3.262597    30.9507        749     3.1167  0.000e+00
     11.420     8.2459   3.262627    30.9510        750     3.1208  0.000e+00
     11.378     8.2461   3.262627    30.9509        751     3.1250  0.000e+00
     11.341     8.2458   3.262627    30.9511        752     3.1292  0.000e+00
     11.305     8.2457   3.262586    30.9508        753     3.1333  0.000e+00
     11.276     8.2455   3.262544    30.9506        754     3.1375  0.000e+00
     11.245     8.2456   3.262568    30.9507        755     3.1417  0.000e+00
     11.218     8.2462   3.262568    30.9503        756     3.1458  0.000e+00
     11.193     8.2465   3.262544    30.9497        757     3.1500  0.000e+00
     11.163     8.2467   3.262486    30.9490        758     3.1542  0.000e+00
     11.136     8.2465   3.262444    30.9487        759     3.1583  0.000e+00
     11.103     8.2456   3.262444    30.9495        760     3.1625  0.000e+00
     11.058     8.2451   3.262480    30.9503        761     3.1667  0.000e+00
     11.017     8.2451   3.262609    30.9518        762     3.1708  0.000e+00
     10.967     8.2449   3.262568    30.9515        763     3.1750  0.000e+00
     10.904     8.2439   3.262262    30.9492        764     3.1792  0.000e+00
     10.848     8.2420   3.261774    30.9458        765     3.1833  0.000e+00
     10.780     8.2384   3.261404    30.9451        766     3.1875  0.000e+00
     10.711     8.2350   3.261222    30.9462        767     3.1917  0.000e+00
     10.650     8.2328   3.261240    30.9484        768     3.1958  0.000e+00
     10.586     8.2311   3.261204    30.9495        769     3.2000  0.000e+00
     10.535     8.2300   3.261181    30.9502        770     3.2042  0.000e+00
     10.483     8.2300   3.261163    30.9500        771     3.2083  0.000e+00
     10.444     8.2304   3.261181    30.9500        772     3.2125  0.000e+00
     10.408     8.2310   3.261163    30.9492        773     3.2167  0.000e+00
     10.384     8.2315   3.261240    30.9496        774     3.2208  0.000e+00
     10.368     8.2319   3.261610    30.9531        775     3.2250  0.000e+00
     10.354     8.2319   3.261792    30.9551        776     3.2292  0.000e+00
     10.356     8.2326   3.261892    30.9555        777     3.2333  0.000e+00
     10.356     8.2337   3.261815    30.9537        778     3.2375  0.000e+00
     10.359     8.2351   3.261733    30.9516        779     3.2417  0.000e+00
     10.350     8.2362   3.261692    30.9502        780     3.2458  0.000e+00
     10.347     8.2367   3.261710    30.9500        781     3.2500  0.000e+00
     10.325     8.2364   3.261733    30.9505        782     3.2542  0.000e+00
     10.302     8.2364   3.261774    30.9510        783     3.2583  0.000e+00
     10.260     8.2365   3.261721    30.9503        784     3.2625  0.000e+00
     10.214     8.2366   3.261610    30.9491        785     3.2667  0.000e+00
     10.158     8.2362   3.261345    30.9466        786     3.2708  0.000e+00
     10.086     8.2364   3.261057    30.9435        787     3.2750  0.000e+00
     10.007     8.2374   3.260899    30.9410        788     3.2792  0.000e+00
      9.924     8.2385   3.260875    30.9398        789     3.2833  0.000e+00
      9.831     8.2410   3.260857    30.9374        790     3.2875  0.000e+00
      9.730     8.2457   3.260793    30.9327        791     3.2917  0.000e+00
      9.635     8.2505   3.260793    30.9285        792     3.2958  0.000e+00
      9.541     8.2556   3.260775    30.9239        793     3.3000  0.000e+00
      9.457     8.2604   3.260710    30.9190        794     3.3042  0.000e+00
      9.379     8.2653   3.260734    30.9150        795     3.3083  0.000e+00
      9.313     8.2718   3.260692    30.9089        796     3.3125  0.000e+00
      9.255     8.2775   3.260628    30.9032        797     3.3167  0.000e+00
      9.216     8.2825   3.260610    30.8987        798     3.3208  0.000e+00
      9.184     8.2872   3.260569    30.8941        799     3.3250  0.000e+00
      9.162     8.2926   3.260510    30.8887        800     3.3292  0.000e+00
      9.142     8.2963   3.260510    30.8855        801     3.3333  0.000e+00
      9.126     8.2991   3.260569    30.8836        802     3.3375  0.000e+00
      9.112     8.3019   3.260551    30.8811        803     3.3417  0.000e+00
      9.083     8.3019   3.260510    30.8806        804     3.3458  0.000e+00
      9.065     8.2995   3.260363    30.8812        805     3.3500  0.000e+00
      9.036     8.2988   3.260181    30.8799        806     3.3542  0.000e+00
      9.004     8.3024   3.260140    30.8764        807     3.3583  0.000e+00
      8.966     8.3177   3.259722    30.8585        808     3.3625  0.000e+00
      8.923     8.3419   3.259058    30.8303        809     3.3667  0.000e+00
      8.871     8.3713   3.258470    30.7985        810     3.3708  0.000e+00
      8.821     8.4024   3.258147    30.7679        811     3.3750  0.000e+00
      8.777     8.4305   3.257553    30.7373        812     3.3792  0.000e+00
      8.725     8.4546   3.256778    30.7081        813     3.3833  0.000e+00
      8.682     8.4761   3.256208    30.6835        814     3.3875  0.000e+00
      8.635     8.4954   3.255232    30.6566        815     3.3917  0.000e+00
      8.596     8.5141   3.253664    30.6240        816     3.3958  0.000e+00
      8.558     8.5329   3.252384    30.5944        817     3.4000  0.000e+00
      8.519     8.5504   3.251351    30.5685        818     3.4042  0.000e+00
      8.484     8.5652   3.250459    30.5465        819     3.4083  0.000e+00
      8.443     8.5780   3.249379    30.5241        820     3.4125  0.000e+00
      8.404     8.5886   3.248510    30.5060        821     3.4167  0.000e+00
      8.355     8.5970   3.247759    30.4910        822     3.4208  0.000e+00
      8.305     8.6035   3.247131    30.4788        823     3.4250  0.000e+00
      8.238     8.6091   3.246345    30.4658        824     3.4292  0.000e+00
      8.173     8.6156   3.245711    30.4537        825     3.4333  0.000e+00
      8.096     8.6232   3.245365    30.4436        826     3.4375  0.000e+00
      8.010     8.6326   3.244937    30.4311        827     3.4417  0.000e+00
      7.931     8.6440   3.244473    30.4165        828     3.4458  0.000e+00
      7.850     8.6573   3.244045    30.4007        829     3.4500  0.000e+00
      7.767     8.6722   3.243277    30.3799        830     3.4542  0.000e+00
