HB2402/sbe004.cnv
* Sea-Bird SBE 19plus V2 Data File:
* FileName = C:\cruise\data\sbe004.hex
* Software Version Seasave V 7.26.7.121
* Temperature SN = 7142
* Conductivity SN = 7142
* System UpLoad Time = Mar 08 2024 17:13:20
* NMEA Latitude = 37 49.93 N
* NMEA Longitude = 074 42.45 W
* NMEA UTC (Time) = Mar 08 2024  17:12:44
** Ship: Bigelow
** Cruise:  HB2304
** Program:  Fall Bottom Trawl
# nquan = 7
# nvalues = 1281                                  
# units = specified
# name 0 = depSM: Depth [salt water, m]
# name 1 = tv290C: Temperature [ITS-90, deg C]
# name 2 = c0S/m: Conductivity [S/m]
# name 3 = sal00: Salinity, Practical [PSU]
# name 4 = scan: Scan Count
# name 5 = timeM: Time, Elapsed [minutes]
# name 6 = flag:  0.000e+00
# span 0 =      0.032,     39.259                 
# span 1 =     7.6858,     9.2700                 
# span 2 =  -0.033675,   3.362777                 
# span 3 =     0.0000,    32.1135                 
# span 4 =         11,       1291                 
# span 5 =     0.0417,     5.3750                 
# span 6 = 0.0000e+00, 0.0000e+00                 
# interval = seconds: 0.25
# start_time = Mar 08 2024 17:12:44 [NMEA time, header]
# bad_flag = -9.990e-29
*END*
      0.037     9.2700   0.000087     0.0048         11     0.0417  0.000e+00
      0.039     9.2698   0.000085     0.0048         12     0.0458  0.000e+00
      0.037     9.2693   0.000082     0.0048         13     0.0500  0.000e+00
      0.039     9.2683   0.000085     0.0048         14     0.0542  0.000e+00
      0.039     9.2677   0.000085     0.0048         15     0.0583  0.000e+00
      0.039     9.2668   0.000087     0.0048         16     0.0625  0.000e+00
      0.041     9.2670   0.000082     0.0048         17     0.0667  0.000e+00
      0.042     9.2680   0.000082     0.0048         18     0.0708  0.000e+00
      0.042     9.2678   0.000082     0.0048         19     0.0750  0.000e+00
      0.044     9.2670   0.000085     0.0048         20     0.0792  0.000e+00
      0.039     9.2663   0.000087     0.0048         21     0.0833  0.000e+00
      0.041     9.2652   0.000085     0.0048         22     0.0875  0.000e+00
      0.041     9.2641   0.000082     0.0048         23     0.0917  0.000e+00
      0.039     9.2625   0.000085     0.0048         24     0.0958  0.000e+00
      0.033     9.2611   0.000082     0.0048         25     0.1000  0.000e+00
      0.037     9.2590   0.000082     0.0048         26     0.1042  0.000e+00
      0.037     9.2576   0.000085     0.0048         27     0.1083  0.000e+00
      0.039     9.2561   0.000087     0.0048         28     0.1125  0.000e+00
      0.039     9.2552   0.000082     0.0048         29     0.1167  0.000e+00
      0.035     9.2553   0.000082     0.0048         30     0.1208  0.000e+00
      0.041     9.2543   0.000082     0.0048         31     0.1250  0.000e+00
      0.041     9.2531   0.000085     0.0048         32     0.1292  0.000e+00
      0.039     9.2516   0.000085     0.0048         33     0.1333  0.000e+00
      0.041     9.2498   0.000082     0.0048         34     0.1375  0.000e+00
      0.037     9.2482   0.000085     0.0048         35     0.1417  0.000e+00
      0.046     9.2466   0.000076     0.0047         36     0.1458  0.000e+00
      0.042     9.2457   0.000082     0.0048         37     0.1500  0.000e+00
      0.042     9.2452   0.000082     0.0048         38     0.1542  0.000e+00
      0.044     9.2459   0.000087     0.0048         39     0.1583  0.000e+00
      0.046     9.2462   0.000082     0.0048         40     0.1625  0.000e+00
      0.048     9.2456   0.000087     0.0048         41     0.1667  0.000e+00
      0.044     9.2443   0.000085     0.0048         42     0.1708  0.000e+00
      0.048     9.2432   0.000085     0.0048         43     0.1750  0.000e+00
      0.044     9.2420   0.000082     0.0048         44     0.1792  0.000e+00
      0.041     9.2406   0.000082     0.0048         45     0.1833  0.000e+00
      0.042     9.2392   0.000082     0.0048         46     0.1875  0.000e+00
      0.041     9.2382   0.000082     0.0048         47     0.1917  0.000e+00
      0.044     9.2382   0.000082     0.0048         48     0.1958  0.000e+00
      0.046     9.2376   0.000082     0.0048         49     0.2000  0.000e+00
      0.042     9.2370   0.000076     0.0047         50     0.2042  0.000e+00
      0.041     9.2360   0.000082     0.0048         51     0.2083  0.000e+00
      0.039     9.2345   0.000085     0.0048         52     0.2125  0.000e+00
      0.042     9.2329   0.000082     0.0048         53     0.2167  0.000e+00
      0.041     9.2317   0.000082     0.0048         54     0.2208  0.000e+00
      0.042     9.2304   0.000085     0.0048         55     0.2250  0.000e+00
      0.044     9.2292   0.000085     0.0048         56     0.2292  0.000e+00
      0.044     9.2275   0.000082     0.0048         57     0.2333  0.000e+00
      0.041     9.2259   0.000082     0.0047         58     0.2375  0.000e+00
      0.041     9.2245   0.000087     0.0048         59     0.2417  0.000e+00
      0.033     9.2234   0.000085     0.0048         60     0.2458  0.000e+00
      0.042     9.2224   0.000085     0.0048         61     0.2500  0.000e+00
      0.046     9.2211   0.000082     0.0047         62     0.2542  0.000e+00
      0.039     9.2198   0.000082     0.0047         63     0.2583  0.000e+00
      0.041     9.2184   0.000076     0.0047         64     0.2625  0.000e+00
      0.042     9.2169   0.000082     0.0047         65     0.2667  0.000e+00
      0.041     9.2159   0.000082     0.0047         66     0.2708  0.000e+00
      0.048     9.2165   0.000076     0.0047         67     0.2750  0.000e+00
      0.046     9.2183   0.000085     0.0048         68     0.2792  0.000e+00
      0.048     9.2200   0.000082     0.0047         69     0.2833  0.000e+00
      0.044     9.2194   0.000082     0.0047         70     0.2875  0.000e+00
      0.048     9.2171   0.000082     0.0047         71     0.2917  0.000e+00
      0.050     9.2156   0.000082     0.0047         72     0.2958  0.000e+00
      0.046     9.2140   0.000082     0.0047         73     0.3000  0.000e+00
      0.048     9.2129   0.000082     0.0047         74     0.3042  0.000e+00
      0.050     9.2133   0.000082     0.0047         75     0.3083  0.000e+00
      0.055     9.2146   0.000082     0.0047         76     0.3125  0.000e+00
      0.050     9.2153   0.000082     0.0047         77     0.3167  0.000e+00
      0.032     9.2162   0.000082     0.0047         78     0.3208  0.000e+00
      0.039     9.2162   0.000082     0.0047         79     0.3250  0.000e+00
      0.051     9.2141   0.000082     0.0047         80     0.3292  0.000e+00
      0.055     9.2126   0.000082     0.0047         81     0.3333  0.000e+00
      0.053     9.2116   0.000082     0.0047         82     0.3375  0.000e+00
      0.037     9.2111   0.000082     0.0047         83     0.3417  0.000e+00
      0.042     9.2077   0.000082     0.0047         84     0.3458  0.000e+00
      0.042     9.2052   0.000082     0.0047         85     0.3500  0.000e+00
      0.048     9.2049   0.000082     0.0047         86     0.3542  0.000e+00
      0.051     9.2052   0.000076     0.0047         87     0.3583  0.000e+00
      0.050     9.2058   0.000082     0.0047         88     0.3625  0.000e+00
      0.042     9.2062   0.000082     0.0047         89     0.3667  0.000e+00
      0.044     9.2066   0.000082     0.0047         90     0.3708  0.000e+00
      0.125     9.2050  -0.033675     0.0000         91     0.3750  0.000e+00
      0.452     9.2035   2.443991    21.9173         92     0.3792  0.000e+00
      0.700     9.1459   2.934723    26.8452         93     0.3833  0.000e+00
      0.950     8.9187   2.648697    24.1324         94     0.3875  0.000e+00
      1.191     8.7196   2.016852    18.0064         95     0.3917  0.000e+00
      1.444     8.5965   1.192731    10.2154         96     0.3958  0.000e+00
      1.689     8.5262   1.626940    14.3286         97     0.4000  0.000e+00
      1.924     8.4884   2.788635    25.8502         98     0.4042  0.000e+00
      2.136     8.4605   1.871459    16.7173         99     0.4083  0.000e+00
      2.316     8.4396   1.671207    14.7889        100     0.4125  0.000e+00
      2.537     8.4129   2.154520    19.5209        101     0.4167  0.000e+00
      2.728     8.3890   3.334436    31.5820        102     0.4208  0.000e+00
      2.862     8.3449   3.311414    31.3797        103     0.4250  0.000e+00
      2.927     8.2877   2.054727    18.6011        104     0.4292  0.000e+00
      2.961     8.2436   2.187176    19.9399        105     0.4333  0.000e+00
      3.024     8.2292   3.345133    31.8386        106     0.4375  0.000e+00
      3.103     8.2481   3.353963    31.9146        107     0.4417  0.000e+00
      3.197     8.2768   3.355733    31.9072        108     0.4458  0.000e+00
      3.272     8.2944   3.355733    31.8912        109     0.4500  0.000e+00
      3.348     8.3032   3.355549    31.8812        110     0.4542  0.000e+00
      3.427     8.3080   3.356767    31.8896        111     0.4583  0.000e+00
      3.518     8.3116   3.357231    31.8912        112     0.4625  0.000e+00
      3.630     8.3156   3.357451    31.8899        113     0.4667  0.000e+00
      3.752     8.3346   3.357885    31.8771        114     0.4708  0.000e+00
      3.889     8.3616   3.358390    31.8579        115     0.4750  0.000e+00
      4.031     8.3822   3.358556    31.8410        116     0.4792  0.000e+00
      4.192     8.3963   3.358681    31.8295        117     0.4833  0.000e+00
      4.361     8.4048   3.358936    31.8244        118     0.4875  0.000e+00
      4.521     8.4122   3.359501    31.8236        119     0.4917  0.000e+00
      4.672     8.4193   3.360036    31.8227        120     0.4958  0.000e+00
      4.807     8.4270   3.360327    31.8188        121     0.5000  0.000e+00
      4.913     8.4329   3.360684    31.8171        122     0.5042  0.000e+00
      4.989     8.4371   3.361386    31.8207        123     0.5083  0.000e+00
      5.028     8.4402   3.362189    31.8263        124     0.5125  0.000e+00
      5.039     8.4421   3.362314    31.8259        125     0.5167  0.000e+00
      5.021     8.4423   3.362563    31.8283        126     0.5208  0.000e+00
      5.001     8.4385   3.362777    31.8341        127     0.5250  0.000e+00
      4.989     8.4306   3.361755    31.8304        128     0.5292  0.000e+00
      4.981     8.4287   3.360078    31.8145        129     0.5333  0.000e+00
      4.987     8.4363   3.359988    31.8068        130     0.5375  0.000e+00
      5.007     8.4454   3.359965    31.7982        131     0.5417  0.000e+00
      5.046     8.4506   3.358217    31.7752        132     0.5458  0.000e+00
      5.107     8.4530   3.357099    31.7613        133     0.5500  0.000e+00
      5.186     8.4478   3.356327    31.7578        134     0.5542  0.000e+00
      5.262     8.4385   3.355608    31.7587        135     0.5583  0.000e+00
      5.334     8.4277   3.355352    31.7656        136     0.5625  0.000e+00
      5.413     8.4173   3.354122    31.7621        137     0.5667  0.000e+00
      5.503     8.4114   3.352827    31.7538        138     0.5708  0.000e+00
      5.589     8.4058   3.351461    31.7444        139     0.5750  0.000e+00
      5.657     8.4007   3.350814    31.7422        140     0.5792  0.000e+00
      5.722     8.3940   3.350196    31.7417        141     0.5833  0.000e+00
      5.776     8.3870   3.350113    31.7472        142     0.5875  0.000e+00
      5.835     8.3805   3.350048    31.7523        143     0.5917  0.000e+00
      5.912     8.3767   3.349792    31.7530        144     0.5958  0.000e+00
      6.020     8.3738   3.349674    31.7543        145     0.6000  0.000e+00
      6.139     8.3685   3.349840    31.7608        146     0.6042  0.000e+00
      6.283     8.3632   3.350232    31.7697        147     0.6083  0.000e+00
      6.452     8.3607   3.351082    31.7807        148     0.6125  0.000e+00
      6.637     8.3608   3.354343    31.8149        149     0.6167  0.000e+00
      6.822     8.3636   3.356191    31.8317        150     0.6208  0.000e+00
      7.005     8.3669   3.356322    31.8300        151     0.6250  0.000e+00
      7.165     8.3616   3.353482    31.8048        152     0.6292  0.000e+00
      7.300     8.3256   3.344391    31.7417        153     0.6333  0.000e+00
      7.386     8.2775   3.337421    31.7116        154     0.6375  0.000e+00
      7.422     8.2312   3.335204    31.7300        155     0.6417  0.000e+00
      7.426     8.1916   3.334493    31.7583        156     0.6458  0.000e+00
      7.404     8.1610   3.332964    31.7699        157     0.6500  0.000e+00
      7.372     8.1385   3.331192    31.7716        158     0.6542  0.000e+00
      7.341     8.1221   3.330481    31.7789        159     0.6583  0.000e+00
      7.277     8.1103   3.329385    31.7781        160     0.6625  0.000e+00
      7.206     8.1011   3.329498    31.7876        161     0.6667  0.000e+00
      7.140     8.0954   3.336919    31.8714        162     0.6708  0.000e+00
      7.109     8.0938   3.342512    31.9321        163     0.6750  0.000e+00
      7.115     8.1027   3.345735    31.9581        164     0.6792  0.000e+00
      7.161     8.1513   3.344339    31.8991        165     0.6833  0.000e+00
      7.242     8.2041   3.341823    31.8245        166     0.6875  0.000e+00
      7.350     8.2363   3.341395    31.7908        167     0.6917  0.000e+00
      7.471     8.2482   3.341609    31.7822        168     0.6958  0.000e+00
      7.611     8.2550   3.341650    31.7764        169     0.7000  0.000e+00
      7.749     8.2618   3.340582    31.7589        170     0.7042  0.000e+00
      7.890     8.2653   3.339859    31.7481        171     0.7083  0.000e+00
      8.033     8.2503   3.335394    31.7145        172     0.7125  0.000e+00
      8.177     8.2210   3.332045    31.7056        173     0.7167  0.000e+00
      8.306     8.1897   3.329586    31.7079        174     0.7208  0.000e+00
      8.418     8.1615   3.328354    31.7203        175     0.7250  0.000e+00
      8.526     8.1382   3.327744    31.7349        176     0.7292  0.000e+00
      8.608     8.1207   3.327603    31.7491        177     0.7333  0.000e+00
      8.688     8.1085   3.327875    31.7630        178     0.7375  0.000e+00
      8.759     8.1008   3.328308    31.7746        179     0.7417  0.000e+00
      8.833     8.0969   3.330292    31.7991        180     0.7458  0.000e+00
      8.914     8.0943   3.334494    31.8460        181     0.7500  0.000e+00
      9.011     8.0916   3.335817    31.8623        182     0.7542  0.000e+00
      9.108     8.0905   3.337548    31.8816        183     0.7583  0.000e+00
      9.216     8.0965   3.338532    31.8865        184     0.7625  0.000e+00
      9.345     8.1117   3.339036    31.8780        185     0.7667  0.000e+00
      9.487     8.1314   3.339327    31.8631        186     0.7708  0.000e+00
      9.633     8.1502   3.339540    31.8482        187     0.7750  0.000e+00
      9.777     8.1633   3.339244    31.8331        188     0.7792  0.000e+00
      9.911     8.1685   3.338567    31.8212        189     0.7833  0.000e+00
     10.037     8.1712   3.337340    31.8057        190     0.7875  0.000e+00
     10.156     8.1718   3.336124    31.7922        191     0.7917  0.000e+00
     10.251     8.1646   3.334767    31.7844        192     0.7958  0.000e+00
     10.323     8.1534   3.333943    31.7858        193     0.8000  0.000e+00
     10.388     8.1426   3.335164    31.8085        194     0.8042  0.000e+00
     10.436     8.1375   3.338283    31.8461        195     0.8083  0.000e+00
     10.481     8.1332   3.338266    31.8498        196     0.8125  0.000e+00
     10.526     8.1355   3.338052    31.8454        197     0.8167  0.000e+00
     10.562     8.1604   3.337886    31.8210        198     0.8208  0.000e+00
     10.600     8.1860   3.337820    31.7971        199     0.8250  0.000e+00
     10.657     8.2078   3.337767    31.7768        200     0.8292  0.000e+00
     10.720     8.2225   3.337944    31.7653        201     0.8333  0.000e+00
     10.807     8.2309   3.338383    31.7624        202     0.8375  0.000e+00
     10.909     8.2358   3.339623    31.7709        203     0.8417  0.000e+00
     11.042     8.2395   3.341402    31.7862        204     0.8458  0.000e+00
     11.189     8.2438   3.342221    31.7910        205     0.8500  0.000e+00
     11.353     8.2531   3.342553    31.7860        206     0.8542  0.000e+00
     11.540     8.2670   3.342779    31.7757        207     0.8583  0.000e+00
     11.736     8.2823   3.342642    31.7603        208     0.8625  0.000e+00
     11.935     8.2908   3.341717    31.7428        209     0.8667  0.000e+00
     12.124     8.2899   3.340542    31.7312        210     0.8708  0.000e+00
     12.302     8.2827   3.339184    31.7233        211     0.8750  0.000e+00
     12.473     8.2587   3.334915    31.6999        212     0.8792  0.000e+00
     12.606     8.2216   3.331400    31.6962        213     0.8833  0.000e+00
     12.712     8.1845   3.329564    31.7103        214     0.8875  0.000e+00
     12.789     8.1521   3.329227    31.7360        215     0.8917  0.000e+00
