HB2402/sbe026.cnv
* Sea-Bird SBE 19plus V2 Data File:
* FileName = C:\cruise\data\sbe026.hex
* Software Version Seasave V 7.26.7.121
* Temperature SN = 7142
* Conductivity SN = 7142
* System UpLoad Time = Mar 18 2024 02:28:55
* NMEA Latitude = 38 24.22 N
* NMEA Longitude = 073 24.53 W
* NMEA UTC (Time) = Mar 18 2024  02:28:10
** Ship: Bigelow
** Cruise:  HB2304
** Program:  Fall Bottom Trawl
# nquan = 7
# nvalues = 3699                                  
# units = specified
# name 0 = depSM: Depth [salt water, m]
# name 1 = tv290C: Temperature [ITS-90, deg C]
# name 2 = c0S/m: Conductivity [S/m]
# name 3 = sal00: Salinity, Practical [PSU]
# name 4 = scan: Scan Count
# name 5 = timeM: Time, Elapsed [minutes]
# name 6 = flag:  0.000e+00
# span 0 =     -0.139,    242.317                 
# span 1 =     6.9843,    12.2173                 
# span 2 =   0.149951,   4.000267                 
# span 3 =     1.1423,    35.2557                 
# span 4 =         11,       3709                 
# span 5 =     0.0417,    15.4500                 
# span 6 = 0.0000e+00, 0.0000e+00                 
# interval = seconds: 0.25
# start_time = Mar 18 2024 02:28:10 [NMEA time, header]
# bad_flag = -9.990e-29
*END*
[from data line 3077]
    101.583    11.6526   3.942039    34.7141       3088    12.8625  0.000e+00
    101.475    11.6523   3.941925    34.7132       3089    12.8667  0.000e+00
    101.349    11.6521   3.941906    34.7133       3090    12.8708  0.000e+00
    101.201    11.6515   3.941969    34.7145       3091    12.8750  0.000e+00
    101.036    11.6517   3.941995    34.7147       3092    12.8792  0.000e+00
    100.844    11.6518   3.941646    34.7113       3093    12.8833  0.000e+00
    100.628    11.6520   3.942806    34.7226       3094    12.8875  0.000e+00
    100.407    11.6558   3.943123    34.7222       3095    12.8917  0.000e+00
    100.169    11.6611   3.942527    34.7115       3096    12.8958  0.000e+00
     99.934    11.6629   3.941645    34.7012       3097    12.9000  0.000e+00
     99.707    11.6606   3.935904    34.6471       3098    12.9042  0.000e+00
     99.495    11.6434   3.928963    34.5950       3099    12.9083  0.000e+00
     99.286    11.6086   3.927679    34.6150       3100    12.9125  0.000e+00
     99.098    11.5796   3.926774    34.6333       3101    12.9167  0.000e+00
     98.934    11.5606   3.923642    34.6203       3102    12.9208  0.000e+00
     98.790    11.5420   3.922851    34.6299       3103    12.9250  0.000e+00
     98.662    11.5269   3.922674    34.6424       3104    12.9292  0.000e+00
     98.549    11.5181   3.922902    34.6530       3105    12.9333  0.000e+00
     98.463    11.5146   3.924882    34.6758       3106    12.9375  0.000e+00
     98.396    11.5188   3.925408    34.6771       3107    12.9417  0.000e+00
     98.344    11.5250   3.923731    34.6547       3108    12.9458  0.000e+00
     98.314    11.5242   3.924053    34.6587       3109    12.9500  0.000e+00
     98.285    11.5229   3.925718    34.6763       3110    12.9542  0.000e+00
     98.260    11.5274   3.927534    34.6900       3111    12.9583  0.000e+00
     98.233    11.5370   3.929547    34.7009       3112    12.9625  0.000e+00
     98.206    11.5509   3.930566    34.6979       3113    12.9667  0.000e+00
     98.155    11.5635   3.932275    34.7029       3114    12.9708  0.000e+00
     98.094    11.5766   3.930825    34.6764       3115    12.9750  0.000e+00
     98.004    11.5810   3.930515    34.6693       3116    12.9792  0.000e+00
     97.900    11.5801   3.931211    34.6770       3117    12.9833  0.000e+00
     97.762    11.5815   3.934213    34.7054       3118    12.9875  0.000e+00
     97.600    11.5919   3.934023    34.6938       3119    12.9917  0.000e+00
     97.411    11.6019   3.941322    34.7564       3120    12.9958  0.000e+00
     97.175    11.6274   3.944612    34.7649       3121    13.0000  0.000e+00
     96.924    11.6609   3.944408    34.7317       3122    13.0042  0.000e+00
     96.658    11.6812   3.944890    34.7175       3123    13.0083  0.000e+00
     96.375    11.6926   3.947249    34.7301       3124    13.0125  0.000e+00
     96.086    11.7057   3.949513    34.7402       3125    13.0167  0.000e+00
     95.802    11.7222   3.952628    34.7554       3126    13.0208  0.000e+00
     95.534    11.7438   3.956074    34.7692       3127    13.0250  0.000e+00
     95.269    11.7684   3.958677    34.7718       3128    13.0292  0.000e+00
     95.043    11.7930   3.960779    34.7694       3129    13.0333  0.000e+00
     94.852    11.8164   3.962201    34.7615       3130    13.0375  0.000e+00
     94.683    11.8351   3.962480    34.7469       3131    13.0417  0.000e+00
     94.561    11.8470   3.962150    34.7326       3132    13.0458  0.000e+00
     94.482    11.8524   3.961851    34.7246       3133    13.0500  0.000e+00
     94.448    11.8537   3.961311    34.7182       3134    13.0542  0.000e+00
     94.458    11.8527   3.961534    34.7213       3135    13.0583  0.000e+00
     94.493    11.8517   3.961991    34.7266       3136    13.0625  0.000e+00
     94.539    11.8531   3.962131    34.7267       3137    13.0667  0.000e+00
     94.606    11.8545   3.962175    34.7258       3138    13.0708  0.000e+00
     94.656    11.8554   3.962150    34.7247       3139    13.0750  0.000e+00
     94.699    11.8559   3.962289    34.7256       3140    13.0792  0.000e+00
     94.705    11.8565   3.962340    34.7255       3141    13.0833  0.000e+00
     94.672    11.8574   3.962480    34.7261       3142    13.0875  0.000e+00
     94.604    11.8580   3.962410    34.7248       3143    13.0917  0.000e+00
     94.494    11.8584   3.961800    34.7185       3144    13.0958  0.000e+00
     94.325    11.8566   3.960517    34.7077       3145    13.1000  0.000e+00
     94.110    11.8511   3.958796    34.6961       3146    13.1042  0.000e+00
     93.853    11.8415   3.954796    34.6661       3147    13.1083  0.000e+00
     93.559    11.8241   3.951135    34.6466       3148    13.1125  0.000e+00
     93.239    11.7991   3.947861    34.6380       3149    13.1167  0.000e+00
     92.903    11.7730   3.946397    34.6482       3150    13.1208  0.000e+00
     92.562    11.7518   3.946676    34.6708       3151    13.1250  0.000e+00
     92.225    11.7408   3.948858    34.7026       3152    13.1292  0.000e+00
     91.903    11.7429   3.952557    34.7371       3153    13.1333  0.000e+00
     91.630    11.7590   3.956650    34.7623       3154    13.1375  0.000e+00
     91.391    11.7856   3.957139    34.7423       3155    13.1417  0.000e+00
     91.199    11.8055   3.958027    34.7325       3156    13.1458  0.000e+00
     91.042    11.8193   3.960078    34.7398       3157    13.1500  0.000e+00
     90.947    11.8331   3.960459    34.7306       3158    13.1542  0.000e+00
     90.888    11.8440   3.960586    34.7217       3159    13.1583  0.000e+00
     90.886    11.8504   3.960332    34.7133       3160    13.1625  0.000e+00
     90.909    11.8527   3.959373    34.7018       3161    13.1667  0.000e+00
     90.943    11.8506   3.958490    34.6950       3162    13.1708  0.000e+00
     90.990    11.8453   3.958039    34.6956       3163    13.1750  0.000e+00
     91.033    11.8401   3.957957    34.6996       3164    13.1792  0.000e+00
     91.064    11.8363   3.957513    34.6987       3165    13.1833  0.000e+00
     91.078    11.8331   3.957278    34.6994       3166    13.1875  0.000e+00
     91.048    11.8304   3.958744    34.7163       3167    13.1917  0.000e+00
     90.999    11.8327   3.960262    34.7290       3168    13.1958  0.000e+00
     90.915    11.8411   3.960287    34.7215       3169    13.2000  0.000e+00
     90.801    11.8472   3.959868    34.7118       3170    13.2042  0.000e+00
     90.647    11.8495   3.959589    34.7070       3171    13.2083  0.000e+00
     90.451    11.8486   3.959258    34.7046       3172    13.2125  0.000e+00
     90.226    11.8474   3.957766    34.6913       3173    13.2167  0.000e+00
     89.972    11.8419   3.954040    34.6600       3174    13.2208  0.000e+00
     89.699    11.8280   3.951241    34.6457       3175    13.2250  0.000e+00
     89.406    11.8077   3.947511    34.6283       3176    13.2292  0.000e+00
     89.124    11.7850   3.950321    34.6771       3177    13.2333  0.000e+00
     88.850    11.7770   3.954205    34.7227       3178    13.2375  0.000e+00
     88.606    11.7900   3.960706    34.7744       3179    13.2417  0.000e+00
     88.385    11.8200   3.968407    34.8218       3180    13.2458  0.000e+00
     88.196    11.8695   3.972430    34.8150       3181    13.2500  0.000e+00
     88.054    11.9165   3.973365    34.7802       3182    13.2542  0.000e+00
     87.948    11.9482   3.974840    34.7650       3183    13.2583  0.000e+00
     87.890    11.9699   3.975965    34.7558       3184    13.2625  0.000e+00
     87.879    11.9855   3.976620    34.7477       3185    13.2667  0.000e+00
     87.901    11.9970   3.976735    34.7381       3186    13.2708  0.000e+00
     87.939    12.0032   3.976334    34.7284       3187    13.2750  0.000e+00
     87.995    12.0055   3.976372    34.7266       3188    13.2792  0.000e+00
     88.054    12.0057   3.975965    34.7224       3189    13.2833  0.000e+00
     88.099    12.0046   3.975004    34.7140       3190    13.2875  0.000e+00
     88.126    12.0003   3.974368    34.7119       3191    13.2917  0.000e+00
     88.124    11.9948   3.973993    34.7133       3192    13.2958  0.000e+00
     88.088    11.9903   3.974865    34.7260       3193    13.3000  0.000e+00
     88.014    11.9895   3.975424    34.7322       3194    13.3042  0.000e+00
     87.890    11.9929   3.976347    34.7381       3195    13.3083  0.000e+00
     87.737    11.9980   3.978682    34.7562       3196    13.3125  0.000e+00
     87.513    12.0100   3.984639    34.8032       3197    13.3167  0.000e+00
     87.248    12.0359   3.987835    34.8103       3198    13.3208  0.000e+00
     86.936    12.0671   3.990701    34.8093       3199    13.3250  0.000e+00
     86.581    12.0968   3.994046    34.8143       3200    13.3292  0.000e+00
     86.204    12.1255   3.993905    34.7863       3201    13.3333  0.000e+00
     85.828    12.1445   3.996308    34.7921       3202    13.3375  0.000e+00
     85.458    12.1602   3.994402    34.7592       3203    13.3417  0.000e+00
     85.107    12.1673   3.992471    34.7339       3204    13.3458  0.000e+00
     84.765    12.1635   3.992209    34.7351       3205    13.3500  0.000e+00
     84.469    12.1592   3.992069    34.7378       3206    13.3542  0.000e+00
     84.224    12.1564   3.990444    34.7247       3207    13.3583  0.000e+00
     84.035    12.1503   3.987807    34.7049       3208    13.3625  0.000e+00
     83.888    12.1384   3.988794    34.7256       3209    13.3667  0.000e+00
     83.807    12.1317   3.989170    34.7356       3210    13.3708  0.000e+00
     83.773    12.1309   3.988960    34.7342       3211    13.3750  0.000e+00
     83.798    12.1305   3.988559    34.7307       3212    13.3792  0.000e+00
     83.830    12.1291   3.988584    34.7322       3213    13.3833  0.000e+00
     83.874    12.1275   3.988635    34.7342       3214    13.3875  0.000e+00
     83.918    12.1274   3.988463    34.7326       3215    13.3917  0.000e+00
     83.947    12.1263   3.988489    34.7339       3216    13.3958  0.000e+00
     83.958    12.1261   3.987928    34.7286       3217    13.4000  0.000e+00
     83.945    12.1241   3.988330    34.7344       3218    13.4042  0.000e+00
     83.908    12.1235   3.989126    34.7427       3219    13.4083  0.000e+00
     83.839    12.1261   3.989527    34.7442       3220    13.4125  0.000e+00
     83.750    12.1293   3.989457    34.7406       3221    13.4167  0.000e+00
     83.624    12.1314   3.988960    34.7338       3222    13.4208  0.000e+00
     83.469    12.1309   3.988915    34.7340       3223    13.4250  0.000e+00
     83.289    12.1302   3.990349    34.7486       3224    13.4292  0.000e+00
     83.070    12.1335   3.987998    34.7227       3225    13.4333  0.000e+00
     82.822    12.1293   3.976101    34.6111       3226    13.4375  0.000e+00
     82.550    12.0927   3.967651    34.5631       3227    13.4417  0.000e+00
     82.259    12.0360   3.962988    34.5703       3228    13.4458  0.000e+00
     81.943    11.9829   3.966464    34.6536       3229    13.4500  0.000e+00
     81.615    11.9611   3.968263    34.6916       3230    13.4542  0.000e+00
     81.272    11.9625   3.967716    34.6852       3231    13.4583  0.000e+00
     80.925    11.9648   3.967093    34.6771       3232    13.4625  0.000e+00
     80.580    11.9646   3.966699    34.6736       3233    13.4667  0.000e+00
     80.227    11.9628   3.966254    34.6710       3234    13.4708  0.000e+00
     79.884    11.9602   3.963197    34.6438       3235    13.4750  0.000e+00
     79.553    11.9503   3.960440    34.6262       3236    13.4792  0.000e+00
     79.242    11.9336   3.958789    34.6258       3237    13.4833  0.000e+00
     78.953    11.9178   3.958986    34.6425       3238    13.4875  0.000e+00
     78.679    11.9079   3.957132    34.6338       3239    13.4917  0.000e+00
     78.449    11.8986   3.955152    34.6232       3240    13.4958  0.000e+00
     78.262    11.8866   3.954104    34.6242       3241    13.5000  0.000e+00
     78.115    11.8751   3.953851    34.6324       3242    13.5042  0.000e+00
     78.018    11.8675   3.953476    34.6359       3243    13.5083  0.000e+00
     77.975    11.8623   3.952385    34.6301       3244    13.5125  0.000e+00
     77.976    11.8561   3.952201    34.6340       3245    13.5167  0.000e+00
     78.005    11.8518   3.952874    34.6446       3246    13.5208  0.000e+00
     78.048    11.8510   3.952525    34.6420       3247    13.5250  0.000e+00
     78.106    11.8506   3.952087    34.6381       3248    13.5292  0.000e+00
     78.147    11.8490   3.952715    34.6457       3249    13.5333  0.000e+00
     78.165    11.8495   3.953527    34.6532       3250    13.5375  0.000e+00
     78.145    11.8524   3.953876    34.6539       3251    13.5417  0.000e+00
     78.102    11.8563   3.953895    34.6504       3252    13.5458  0.000e+00
     78.023    11.8586   3.952245    34.6322       3253    13.5500  0.000e+00
     77.904    11.8553   3.951186    34.6249       3254    13.5542  0.000e+00
     77.732    11.8484   3.950411    34.6238       3255    13.5583  0.000e+00
     77.514    11.8413   3.949200    34.6187       3256    13.5625  0.000e+00
     77.266    11.8342   3.947830    34.6121       3257    13.5667  0.000e+00
     76.975    11.8247   3.945439    34.5976       3258    13.5708  0.000e+00
     76.666    11.8119   3.942573    34.5816       3259    13.5750  0.000e+00
     76.346    11.7942   3.940779    34.5806       3260    13.5792  0.000e+00
     76.033    11.7769   3.940177    34.5910       3261    13.5833  0.000e+00
     75.722    11.7640   3.936584    34.5679       3262    13.5875  0.000e+00
     75.434    11.7474   3.928858    34.5078       3263    13.5917  0.000e+00
     75.159    11.7137   3.919393    34.4464       3264    13.5958  0.000e+00
     74.904    11.6575   3.896817    34.2772       3265    13.6000  0.000e+00
     74.675    11.5602   3.890505    34.3053       3266    13.6042  0.000e+00
     74.469    11.4645   3.882766    34.3179       3267    13.6083  0.000e+00
     74.271    11.3891   3.880670    34.3674       3268    13.6125  0.000e+00
     74.096    11.3369   3.879933    34.4089       3269    13.6167  0.000e+00
     73.944    11.3068   3.878284    34.4207       3270    13.6208  0.000e+00
     73.793    11.2862   3.874242    34.4000       3271    13.6250  0.000e+00
     73.654    11.2634   3.870082    34.3801       3272    13.6292  0.000e+00
     73.528    11.2363   3.865786    34.3628       3273    13.6333  0.000e+00
     73.402    11.2056   3.864529    34.3791       3274    13.6375  0.000e+00
     73.286    11.1821   3.859946    34.3556       3275    13.6417  0.000e+00
     73.165    11.1568   3.854524    34.3255       3276    13.6458  0.000e+00
     73.045    11.1227   3.850782    34.3201       3277    13.6500  0.000e+00
     72.931    11.0893   3.843846    34.2824       3278    13.6542  0.000e+00
     72.804    11.0496   3.840127    34.2825       3279    13.6583  0.000e+00
     72.683    11.0107   3.839488    34.3126       3280    13.6625  0.000e+00
     72.559    10.9850   3.836484    34.3067       3281    13.6667  0.000e+00
     72.428    10.9629   3.831884    34.2815       3282    13.6708  0.000e+00
     72.272    10.9362   3.829535    34.2831       3283    13.6750  0.000e+00
     72.115    10.9104   3.825933    34.2714       3284    13.6792  0.000e+00
     71.946    10.8852   3.822039    34.2561       3285    13.6833  0.000e+00
     71.759    10.8567   3.820343    34.2659       3286    13.6875  0.000e+00
     71.567    10.8333   3.818485    34.2693       3287    13.6917  0.000e+00
     71.362    10.8150   3.817490    34.2767       3288    13.6958  0.000e+00
     71.151    10.8006   3.816470    34.2800       3289    13.7000  0.000e+00
     70.934    10.7901   3.815707    34.2823       3290    13.7042  0.000e+00
     70.729    10.7812   3.815257    34.2862       3291    13.7083  0.000e+00
     70.522    10.7750   3.813968    34.2793       3292    13.7125  0.000e+00
