HB2402/sbe011.cnv
* Sea-Bird SBE 19plus V2 Data File:
* FileName = C:\cruise\data\sbe011.hex
* Software Version Seasave V 7.26.7.121
* Temperature SN = 7142
* Conductivity SN = 7142
* System UpLoad Time = Mar 10 2024 13:45:27
* NMEA Latitude = 36 36.36 N
* NMEA Longitude = 075 33.03 W
* NMEA UTC (Time) = Mar 10 2024  13:44:54
** Ship: Bigelow
** Cruise:  HB2304
** Program:  Fall Bottom Trawl
# nquan = 7
# nvalues = 1208                                  
# units = specified
# name 0 = depSM: Depth [salt water, m]
# name 1 = tv290C: Temperature [ITS-90, deg C]
# name 2 = c0S/m: Conductivity [S/m]
# name 3 = sal00: Salinity, Practical [PSU]
# name 4 = scan: Scan Count
# name 5 = timeM: Time, Elapsed [minutes]
# name 6 = flag:  0.000e+00
# span 0 =     -0.186,     18.755                 
# span 1 =     8.3478,     9.5123                 
# span 2 =   0.000031,   3.311500                 
# span 3 =     0.0047,    31.3227                 
# span 4 =         11,       1218                 
# span 5 =     0.0417,     5.0708                 
# span 6 = 0.0000e+00, 0.0000e+00                 
# interval = seconds: 0.25
# start_time = Mar 10 2024 13:44:54 [NMEA time, header]
# bad_flag = -9.990e-29
*END*
[from data line 411]
     13.817     8.5169   3.307432    31.1804        422     1.7542  0.000e+00
     13.867     8.4841   3.308135    31.2167        423     1.7583  0.000e+00
     13.926     8.4621   3.307911    31.2338        424     1.7625  0.000e+00
     13.987     8.4497   3.304555    31.2097        425     1.7667  0.000e+00
     14.065     8.4388   3.302695    31.1998        426     1.7708  0.000e+00
     14.146     8.4399   3.299819    31.1687        427     1.7750  0.000e+00
     14.241     8.4673   3.300091    31.1473        428     1.7792  0.000e+00
     14.349     8.5225   3.300858    31.1065        429     1.7833  0.000e+00
     14.456     8.5818   3.301412    31.0600        430     1.7875  0.000e+00
     14.575     8.6209   3.301412    31.0257        431     1.7917  0.000e+00
     14.699     8.6500   3.300833    30.9941        432     1.7958  0.000e+00
     14.825     8.6703   3.300543    30.9733        433     1.8000  0.000e+00
     14.954     8.6909   3.300478    30.9545        434     1.8042  0.000e+00
     15.080     8.7073   3.300395    30.9392        435     1.8083  0.000e+00
     15.204     8.7186   3.301163    30.9373        436     1.8125  0.000e+00
     15.327     8.7247   3.304074    30.9621        437     1.8167  0.000e+00
     15.451     8.7254   3.305463    30.9759        438     1.8208  0.000e+00
     15.567     8.7227   3.305959    30.9833        439     1.8250  0.000e+00
     15.664     8.7068   3.305321    30.9906        440     1.8292  0.000e+00
     15.758     8.6799   3.304199    31.0024        441     1.8333  0.000e+00
     15.839     8.6495   3.303827    31.0252        442     1.8375  0.000e+00
     15.914     8.6200   3.304141    31.0543        443     1.8417  0.000e+00
     15.979     8.5961   3.304141    31.0753        444     1.8458  0.000e+00
     16.049     8.5798   3.303887    31.0870        445     1.8500  0.000e+00
     16.108     8.5642   3.303108    31.0925        446     1.8542  0.000e+00
     16.164     8.5518   3.302216    31.0941        447     1.8583  0.000e+00
     16.215     8.5585   3.301124    31.0768        448     1.8625  0.000e+00
     16.267     8.5837   3.300462    31.0477        449     1.8667  0.000e+00
     16.315     8.6121   3.300562    31.0238        450     1.8708  0.000e+00
     16.364     8.6344   3.300645    31.0050        451     1.8750  0.000e+00
     16.419     8.6556   3.300916    30.9893        452     1.8792  0.000e+00
     16.473     8.6737   3.301205    30.9764        453     1.8833  0.000e+00
     16.531     8.6887   3.301719    30.9686        454     1.8875  0.000e+00
     16.592     8.7012   3.301996    30.9606        455     1.8917  0.000e+00
     16.651     8.7105   3.302031    30.9528        456     1.8958  0.000e+00
     16.729     8.7162   3.301990    30.9473        457     1.9000  0.000e+00
     16.810     8.7171   3.302445    30.9512        458     1.9042  0.000e+00
     16.907     8.7181   3.302711    30.9530        459     1.9083  0.000e+00
     17.013     8.7222   3.302687    30.9492        460     1.9125  0.000e+00
     17.117     8.7255   3.302693    30.9463        461     1.9167  0.000e+00
     17.239     8.7257   3.302569    30.9448        462     1.9208  0.000e+00
     17.369     8.7220   3.302380    30.9460        463     1.9250  0.000e+00
     17.493     8.7184   3.302362    30.9489        464     1.9292  0.000e+00
     17.628     8.7149   3.302197    30.9502        465     1.9333  0.000e+00
     17.746     8.7095   3.302115    30.9540        466     1.9375  0.000e+00
     17.863     8.7026   3.302280    30.9617        467     1.9417  0.000e+00
     17.971     8.6978   3.302528    30.9684        468     1.9458  0.000e+00
     18.072     8.6953   3.302711    30.9725        469     1.9500  0.000e+00
     18.161     8.6941   3.302877    30.9752        470     1.9542  0.000e+00
     18.237     8.6935   3.302965    30.9766        471     1.9583  0.000e+00
     18.307     8.6936   3.303042    30.9773        472     1.9625  0.000e+00
     18.365     8.6944   3.303107    30.9773        473     1.9667  0.000e+00
     18.415     8.6953   3.303190    30.9773        474     1.9708  0.000e+00
     18.462     8.6961   3.303580    30.9807        475     1.9750  0.000e+00
     18.503     8.6965   3.304223    30.9869        476     1.9792  0.000e+00
     18.546     8.6941   3.304531    30.9922        477     1.9833  0.000e+00
     18.589     8.6892   3.304779    30.9991        478     1.9875  0.000e+00
     18.631     8.6820   3.304779    31.0054        479     1.9917  0.000e+00
     18.661     8.6746   3.303934    31.0030        480     1.9958  0.000e+00
     18.663     8.6704   3.304106    31.0085        481     2.0000  0.000e+00
     18.634     8.6690   3.303704    31.0056        482     2.0042  0.000e+00
     18.600     8.6519   3.304531    31.0292        483     2.0083  0.000e+00
     18.562     8.6180   3.305364    31.0677        484     2.0125  0.000e+00
     18.548     8.5833   3.305034    31.0947        485     2.0167  0.000e+00
     18.557     8.5568   3.305093    31.1187        486     2.0208  0.000e+00
     18.553     8.5419   3.305176    31.1327        487     2.0250  0.000e+00
     18.559     8.5411   3.305548    31.1373        488     2.0292  0.000e+00
     18.544     8.5383   3.306293    31.1475        489     2.0333  0.000e+00
     18.542     8.5322   3.307226    31.1626        490     2.0375  0.000e+00
     18.539     8.5187   3.308940    31.1924        491     2.0417  0.000e+00
     18.541     8.4997   3.308657    31.2063        492     2.0458  0.000e+00
     18.571     8.4806   3.309360    31.2305        493     2.0500  0.000e+00
     18.613     8.4659   3.307723    31.2264        494     2.0542  0.000e+00
     18.666     8.4570   3.307540    31.2324        495     2.0583  0.000e+00
     18.701     8.4577   3.309195    31.2490        496     2.0625  0.000e+00
     18.733     8.4696   3.310832    31.2556        497     2.0667  0.000e+00
     18.749     8.4699   3.311500    31.2623        498     2.0708  0.000e+00
     18.755     8.4606   3.311459    31.2702        499     2.0750  0.000e+00
     18.755     8.4481   3.311311    31.2797        500     2.0792  0.000e+00
     18.744     8.4374   3.311412    31.2902        501     2.0833  0.000e+00
     18.738     8.4290   3.311164    31.2951        502     2.0875  0.000e+00
     18.713     8.4214   3.310856    31.2986        503     2.0917  0.000e+00
     18.684     8.4145   3.310874    31.3050        504     2.0958  0.000e+00
     18.645     8.4095   3.310874    31.3094        505     2.1000  0.000e+00
     18.614     8.4058   3.310797    31.3119        506     2.1042  0.000e+00
     18.580     8.4031   3.310750    31.3138        507     2.1083  0.000e+00
     18.541     8.4009   3.310650    31.3147        508     2.1125  0.000e+00
     18.501     8.3994   3.310626    31.3158        509     2.1167  0.000e+00
     18.462     8.3986   3.310662    31.3170        510     2.1208  0.000e+00
     18.411     8.3983   3.310691    31.3176        511     2.1250  0.000e+00
     18.361     8.3984   3.310709    31.3177        512     2.1292  0.000e+00
     18.309     8.3988   3.310916    31.3196        513     2.1333  0.000e+00
     18.257     8.4001   3.311312    31.3226        514     2.1375  0.000e+00
     18.192     8.4018   3.311329    31.3212        515     2.1417  0.000e+00
     18.138     8.4026   3.311164    31.3188        516     2.1458  0.000e+00
     18.082     8.4024   3.310981    31.3171        517     2.1500  0.000e+00
     18.030     8.4017   3.310898    31.3169        518     2.1542  0.000e+00
     17.982     8.4006   3.310874    31.3176        519     2.1583  0.000e+00
     17.940     8.3999   3.310874    31.3183        520     2.1625  0.000e+00
     17.910     8.3997   3.310874    31.3185        521     2.1667  0.000e+00
     17.881     8.3996   3.310939    31.3192        522     2.1708  0.000e+00
     17.859     8.3996   3.310916    31.3190        523     2.1750  0.000e+00
     17.843     8.3993   3.310780    31.3179        524     2.1792  0.000e+00
     17.836     8.3984   3.310650    31.3173        525     2.1833  0.000e+00
     17.836     8.3974   3.310567    31.3173        526     2.1875  0.000e+00
     17.840     8.3963   3.310460    31.3172        527     2.1917  0.000e+00
     17.843     8.3953   3.310460    31.3180        528     2.1958  0.000e+00
     17.850     8.3950   3.310561    31.3194        529     2.2000  0.000e+00
     17.856     8.3956   3.310667    31.3200        530     2.2042  0.000e+00
     17.867     8.3964   3.310791    31.3206        531     2.2083  0.000e+00
     17.876     8.3971   3.310874    31.3208        532     2.2125  0.000e+00
     17.881     8.3974   3.310898    31.3208        533     2.2167  0.000e+00
     17.892     8.3976   3.310898    31.3206        534     2.2208  0.000e+00
     17.899     8.3975   3.310815    31.3198        535     2.2250  0.000e+00
     17.899     8.3974   3.310650    31.3182        536     2.2292  0.000e+00
     17.892     8.3977   3.310585    31.3172        537     2.2333  0.000e+00
     17.872     8.3981   3.310585    31.3168        538     2.2375  0.000e+00
     17.852     8.3981   3.310360    31.3145        539     2.2417  0.000e+00
     17.827     8.3976   3.310277    31.3141        540     2.2458  0.000e+00
     17.789     8.3970   3.310236    31.3143        541     2.2500  0.000e+00
     17.748     8.3965   3.310236    31.3147        542     2.2542  0.000e+00
     17.708     8.3965   3.310224    31.3146        543     2.2583  0.000e+00
     17.669     8.3965   3.310253    31.3149        544     2.2625  0.000e+00
     17.631     8.3966   3.310295    31.3153        545     2.2667  0.000e+00
     17.602     8.3970   3.310460    31.3167        546     2.2708  0.000e+00
     17.584     8.3977   3.310608    31.3176        547     2.2750  0.000e+00
     17.570     8.3984   3.310738    31.3183        548     2.2792  0.000e+00
     17.561     8.3993   3.310833    31.3185        549     2.2833  0.000e+00
     17.565     8.4001   3.310915    31.3187        550     2.2875  0.000e+00
     17.572     8.4007   3.310980    31.3188        551     2.2917  0.000e+00
     17.574     8.4009   3.311022    31.3191        552     2.2958  0.000e+00
     17.575     8.4013   3.311016    31.3187        553     2.3000  0.000e+00
     17.579     8.4015   3.310998    31.3183        554     2.3042  0.000e+00
     17.577     8.4019   3.310980    31.3178        555     2.3083  0.000e+00
     17.572     8.4021   3.310957    31.3174        556     2.3125  0.000e+00
     17.557     8.4023   3.311016    31.3178        557     2.3167  0.000e+00
     17.532     8.4024   3.310939    31.3169        558     2.3208  0.000e+00
     17.507     8.4026   3.310856    31.3159        559     2.3250  0.000e+00
     17.468     8.4027   3.310833    31.3156        560     2.3292  0.000e+00
     17.423     8.4028   3.310815    31.3153        561     2.3333  0.000e+00
     17.372     8.4026   3.310720    31.3145        562     2.3375  0.000e+00
     17.318     8.4023   3.310567    31.3132        563     2.3417  0.000e+00
     17.263     8.4019   3.310460    31.3125        564     2.3458  0.000e+00
     17.198     8.4013   3.310460    31.3130        565     2.3500  0.000e+00
     17.139     8.4008   3.310377    31.3126        566     2.3542  0.000e+00
     17.074     8.4005   3.310478    31.3140        567     2.3583  0.000e+00
     17.009     8.4006   3.310543    31.3146        568     2.3625  0.000e+00
     16.953     8.4006   3.310543    31.3146        569     2.3667  0.000e+00
     16.912     8.4004   3.310442    31.3138        570     2.3708  0.000e+00
     16.858     8.4002   3.310336    31.3128        571     2.3750  0.000e+00
     16.808     8.3999   3.310283    31.3126        572     2.3792  0.000e+00
     16.770     8.3994   3.310253    31.3127        573     2.3833  0.000e+00
     16.739     8.3991   3.310277    31.3133        574     2.3875  0.000e+00
     16.711     8.3990   3.310277    31.3133        575     2.3917  0.000e+00
     16.689     8.3989   3.310300    31.3137        576     2.3958  0.000e+00
     16.664     8.3989   3.310294    31.3137        577     2.4000  0.000e+00
     16.648     8.3987   3.310235    31.3132        578     2.4042  0.000e+00
     16.632     8.3983   3.310194    31.3131        579     2.4083  0.000e+00
     16.623     8.3984   3.310194    31.3131        580     2.4125  0.000e+00
     16.615     8.3982   3.310224    31.3136        581     2.4167  0.000e+00
     16.614     8.3982   3.310235    31.3137        582     2.4208  0.000e+00
     16.621     8.3981   3.310253    31.3139        583     2.4250  0.000e+00
     16.639     8.3980   3.310277    31.3143        584     2.4292  0.000e+00
     16.662     8.3979   3.310360    31.3152        585     2.4333  0.000e+00
     16.704     8.3978   3.310519    31.3170        586     2.4375  0.000e+00
     16.754     8.3978   3.310815    31.3201        587     2.4417  0.000e+00
     16.813     8.3979   3.310939    31.3212        588     2.4458  0.000e+00
     16.885     8.3979   3.311022    31.3220        589     2.4500  0.000e+00
     16.961     8.3982   3.311110    31.3227        590     2.4542  0.000e+00
     17.045     8.3989   3.311122    31.3222        591     2.4583  0.000e+00
     17.126     8.4003   3.311164    31.3213        592     2.4625  0.000e+00
     17.205     8.4018   3.311229    31.3207        593     2.4667  0.000e+00
     17.277     8.4031   3.311329    31.3205        594     2.4708  0.000e+00
     17.329     8.4038   3.311471    31.3214        595     2.4750  0.000e+00
     17.372     8.4042   3.311353    31.3197        596     2.4792  0.000e+00
     17.387     8.4044   3.311105    31.3169        597     2.4833  0.000e+00
     17.376     8.4040   3.310667    31.3127        598     2.4875  0.000e+00
     17.338     8.4031   3.310401    31.3107        599     2.4917  0.000e+00
     17.272     8.4020   3.310265    31.3103        600     2.4958  0.000e+00
     17.187     8.4006   3.310105    31.3099        601     2.5000  0.000e+00
     17.070     8.3993   3.310023    31.3102        602     2.5042  0.000e+00
     16.934     8.3984   3.309981    31.3107        603     2.5083  0.000e+00
     16.786     8.3975   3.309715    31.3088        604     2.5125  0.000e+00
     16.610     8.3961   3.309768    31.3106        605     2.5167  0.000e+00
     16.434     8.3955   3.309757    31.3111        606     2.5208  0.000e+00
     16.254     8.3953   3.309798    31.3118        607     2.5250  0.000e+00
     16.080     8.3957   3.309898    31.3126        608     2.5292  0.000e+00
     15.913     8.3964   3.310342    31.3167        609     2.5333  0.000e+00
     15.756     8.3983   3.310649    31.3183        610     2.5375  0.000e+00
     15.623     8.4008   3.310732    31.3170        611     2.5417  0.000e+00
     15.517     8.4028   3.310814    31.3161        612     2.5458  0.000e+00
     15.443     8.4040   3.310873    31.3157        613     2.5500  0.000e+00
     15.402     8.4048   3.310956    31.3159        614     2.5542  0.000e+00
     15.406     8.4054   3.310997    31.3158        615     2.5583  0.000e+00
     15.449     8.4056   3.310997    31.3156        616     2.5625  0.000e+00
     15.515     8.4059   3.311021    31.3155        617     2.5667  0.000e+00
     15.611     8.4062   3.311080    31.3158        618     2.5708  0.000e+00
     15.726     8.4065   3.311151    31.3163        619     2.5750  0.000e+00
     15.848     8.4069   3.311246    31.3168        620     2.5792  0.000e+00
     15.970     8.4072   3.311246    31.3166        621     2.5833  0.000e+00
     16.087     8.4072   3.311205    31.3161        622     2.5875  0.000e+00
     16.193     8.4071   3.311110    31.3151        623     2.5917  0.000e+00
     16.288     8.4064   3.311021    31.3147        624     2.5958  0.000e+00
     16.371     8.4054   3.311039    31.3158        625     2.6000  0.000e+00
