HB2402/sbe045.cnv
* Sea-Bird SBE 19plus V2 Data File:
* FileName = C:\cruise\data\sbe045.hex
* Software Version Seasave V 7.26.7.121
* Temperature SN = 7142
* Conductivity SN = 7142
* System UpLoad Time = Apr 02 2024 05:03:34
* NMEA Latitude = 39 35.98 N
* NMEA Longitude = 072 41.60 W
* NMEA UTC (Time) = Apr 02 2024  05:02:50
** Ship: Bigelow
** Cruise:  HB2304
** Program:  Fall Bottom Trawl
# nquan = 7
# nvalues = 1740                                  
# units = specified
# name 0 = depSM: Depth [salt water, m]
# name 1 = tv290C: Temperature [ITS-90, deg C]
# name 2 = c0S/m: Conductivity [S/m]
# name 3 = sal00: Salinity, Practical [PSU]
# name 4 = scan: Scan Count
# name 5 = timeM: Time, Elapsed [minutes]
# name 6 = flag:  0.000e+00
# span 0 =     -0.080,     68.476                 
# span 1 =     6.3711,     8.8378                 
# span 2 =   0.000026,   3.564922                 
# span 3 =     0.0034,    33.8862                 
# span 4 =         11,       1750                 
# span 5 =     0.0417,     7.2875                 
# span 6 = 0.0000e+00, 0.0000e+00                 
# interval = seconds: 0.25
# start_time = Apr 02 2024 05:02:50 [NMEA time, header]
# bad_flag = -9.990e-29
*END*
[from data line 1231]
     25.649     6.3820   3.230053    32.2961       1242     5.1708  0.000e+00
     25.532     6.3823   3.230076    32.2962       1243     5.1750  0.000e+00
     25.421     6.3826   3.230053    32.2957       1244     5.1792  0.000e+00
     25.327     6.3826   3.230053    32.2957       1245     5.1833  0.000e+00
     25.250     6.3828   3.230076    32.2958       1246     5.1875  0.000e+00
     25.187     6.3829   3.230053    32.2955       1247     5.1917  0.000e+00
     25.137     6.3830   3.230093    32.2959       1248     5.1958  0.000e+00
     25.101     6.3831   3.230093    32.2958       1249     5.2000  0.000e+00
     25.076     6.3832   3.230093    32.2957       1250     5.2042  0.000e+00
     25.059     6.3833   3.230076    32.2954       1251     5.2083  0.000e+00
     25.052     6.3834   3.230093    32.2956       1252     5.2125  0.000e+00
     25.052     6.3834   3.230093    32.2956       1253     5.2167  0.000e+00
     25.047     6.3833   3.230076    32.2954       1254     5.2208  0.000e+00
     25.050     6.3835   3.230052    32.2950       1255     5.2250  0.000e+00
     25.049     6.3832   3.230076    32.2955       1256     5.2292  0.000e+00
     25.041     6.3833   3.230076    32.2955       1257     5.2333  0.000e+00
     25.029     6.3832   3.230076    32.2955       1258     5.2375  0.000e+00
     25.004     6.3833   3.230076    32.2954       1259     5.2417  0.000e+00
     24.968     6.3833   3.229730    32.2917       1260     5.2458  0.000e+00
     24.919     6.3833   3.230093    32.2957       1261     5.2500  0.000e+00
     24.862     6.3833   3.230093    32.2957       1262     5.2542  0.000e+00
     24.784     6.3834   3.230093    32.2957       1263     5.2583  0.000e+00
     24.695     6.3835   3.230093    32.2956       1264     5.2625  0.000e+00
     24.590     6.3837   3.230093    32.2955       1265     5.2667  0.000e+00
     24.481     6.3839   3.229912    32.2933       1266     5.2708  0.000e+00
     24.366     6.3841   3.230093    32.2952       1267     5.2750  0.000e+00
     24.242     6.3843   3.230093    32.2951       1268     5.2792  0.000e+00
     24.118     6.3845   3.230175    32.2959       1269     5.2833  0.000e+00
     23.999     6.3849   3.230316    32.2971       1270     5.2875  0.000e+00
     23.873     6.3859   3.230638    32.2998       1271     5.2917  0.000e+00
     23.760     6.3881   3.230901    32.3006       1272     5.2958  0.000e+00
     23.654     6.3914   3.231100    32.2998       1273     5.3000  0.000e+00
     23.552     6.3945   3.231164    32.2976       1274     5.3042  0.000e+00
     23.465     6.3970   3.231182    32.2955       1275     5.3083  0.000e+00
     23.384     6.3981   3.231199    32.2947       1276     5.3125  0.000e+00
     23.313     6.3991   3.231164    32.2933       1277     5.3167  0.000e+00
     23.255     6.3993   3.231164    32.2932       1278     5.3208  0.000e+00
     23.205     6.3992   3.231182    32.2935       1279     5.3250  0.000e+00
     23.172     6.3992   3.231182    32.2935       1280     5.3292  0.000e+00
     23.140     6.3994   3.231123    32.2928       1281     5.3333  0.000e+00
     23.122     6.3991   3.231182    32.2936       1282     5.3375  0.000e+00
     23.108     6.3991   3.231199    32.2938       1283     5.3417  0.000e+00
     23.095     6.3995   3.231199    32.2935       1284     5.3458  0.000e+00
     23.091     6.3997   3.231182    32.2931       1285     5.3500  0.000e+00
     23.081     6.3997   3.231141    32.2926       1286     5.3542  0.000e+00
     23.072     6.3994   3.231141    32.2929       1287     5.3583  0.000e+00
     23.056     6.3993   3.231164    32.2933       1288     5.3625  0.000e+00
     23.027     6.3994   3.231123    32.2928       1289     5.3667  0.000e+00
     22.982     6.3993   3.231141    32.2931       1290     5.3708  0.000e+00
     22.923     6.3993   3.231141    32.2931       1291     5.3750  0.000e+00
     22.851     6.3992   3.231141    32.2932       1292     5.3792  0.000e+00
     22.772     6.3994   3.231182    32.2935       1293     5.3833  0.000e+00
     22.676     6.3998   3.231082    32.2921       1294     5.3875  0.000e+00
     22.581     6.3996   3.231281    32.2946       1295     5.3917  0.000e+00
     22.473     6.4004   3.231603    32.2974       1296     5.3958  0.000e+00
     22.365     6.4026   3.231890    32.2985       1297     5.4000  0.000e+00
     22.256     6.4056   3.231908    32.2960       1298     5.4042  0.000e+00
     22.157     6.4079   3.231907    32.2938       1299     5.4083  0.000e+00
     22.064     6.4091   3.231866    32.2923       1300     5.4125  0.000e+00
     21.972     6.4096   3.231866    32.2919       1301     5.4167  0.000e+00
     21.896     6.4099   3.231866    32.2916       1302     5.4208  0.000e+00
     21.830     6.4102   3.231825    32.2909       1303     5.4250  0.000e+00
     21.767     6.4105   3.231825    32.2907       1304     5.4292  0.000e+00
     21.717     6.4105   3.231784    32.2903       1305     5.4333  0.000e+00
     21.663     6.4105   3.231743    32.2898       1306     5.4375  0.000e+00
     21.621     6.4105   3.231726    32.2896       1307     5.4417  0.000e+00
     21.573     6.4103   3.231825    32.2909       1308     5.4458  0.000e+00
     21.530     6.4110   3.231989    32.2921       1309     5.4500  0.000e+00
     21.483     6.4122   3.232147    32.2928       1310     5.4542  0.000e+00
     21.429     6.4139   3.232370    32.2936       1311     5.4583  0.000e+00
     21.373     6.4163   3.232575    32.2936       1312     5.4625  0.000e+00
     21.309     6.4189   3.232756    32.2932       1313     5.4667  0.000e+00
     21.235     6.4217   3.233195    32.2955       1314     5.4708  0.000e+00
     21.163     6.4260   3.233523    32.2950       1315     5.4750  0.000e+00
     21.088     6.4317   3.233681    32.2914       1316     5.4792  0.000e+00
     21.009     6.4367   3.233740    32.2874       1317     5.4833  0.000e+00
     20.933     6.4401   3.233781    32.2846       1318     5.4875  0.000e+00
     20.861     6.4425   3.233822    32.2829       1319     5.4917  0.000e+00
     20.802     6.4439   3.233822    32.2816       1320     5.4958  0.000e+00
     20.741     6.4449   3.233822    32.2807       1321     5.5000  0.000e+00
     20.681     6.4455   3.233822    32.2801       1322     5.5042  0.000e+00
     20.635     6.4459   3.233822    32.2797       1323     5.5083  0.000e+00
     20.583     6.4465   3.233845    32.2795       1324     5.5125  0.000e+00
     20.534     6.4468   3.233822    32.2789       1325     5.5167  0.000e+00
     20.484     6.4471   3.233845    32.2789       1326     5.5208  0.000e+00
     20.432     6.4475   3.233822    32.2784       1327     5.5250  0.000e+00
     20.381     6.4478   3.233845    32.2783       1328     5.5292  0.000e+00
     20.333     6.4478   3.233845    32.2784       1329     5.5333  0.000e+00
     20.284     6.4479   3.233845    32.2783       1330     5.5375  0.000e+00
     20.236     6.4481   3.233822    32.2779       1331     5.5417  0.000e+00
     20.187     6.4482   3.233845    32.2781       1332     5.5458  0.000e+00
     20.141     6.4485   3.233822    32.2775       1333     5.5500  0.000e+00
     20.092     6.4486   3.233822    32.2774       1334     5.5542  0.000e+00
     20.043     6.4486   3.233845    32.2778       1335     5.5583  0.000e+00
     19.991     6.4487   3.233845    32.2777       1336     5.5625  0.000e+00
     19.934     6.4488   3.233845    32.2776       1337     5.5667  0.000e+00
     19.880     6.4492   3.233886    32.2777       1338     5.5708  0.000e+00
     19.810     6.4496   3.233845    32.2769       1339     5.5750  0.000e+00
     19.738     6.4499   3.233845    32.2766       1340     5.5792  0.000e+00
     19.655     6.4501   3.233862    32.2767       1341     5.5833  0.000e+00
     19.565     6.4502   3.233886    32.2769       1342     5.5875  0.000e+00
     19.467     6.4507   3.233903    32.2767       1343     5.5917  0.000e+00
     19.370     6.4514   3.233985    32.2770       1344     5.5958  0.000e+00
     19.265     6.4519   3.234044    32.2772       1345     5.6000  0.000e+00
     19.159     6.4530   3.234167    32.2776       1346     5.6042  0.000e+00
     19.057     6.4541   3.234225    32.2772       1347     5.6083  0.000e+00
     18.958     6.4553   3.234366    32.2777       1348     5.6125  0.000e+00
     18.868     6.4566   3.234547    32.2785       1349     5.6167  0.000e+00
     18.775     6.4585   3.234612    32.2775       1350     5.6208  0.000e+00
     18.694     6.4601   3.234670    32.2767       1351     5.6250  0.000e+00
     18.617     6.4611   3.234846    32.2777       1352     5.6292  0.000e+00
     18.545     6.4627   3.235016    32.2781       1353     5.6333  0.000e+00
     18.482     6.4643   3.235074    32.2772       1354     5.6375  0.000e+00
     18.426     6.4656   3.233885    32.2628       1355     5.6417  0.000e+00
     18.370     6.4668   3.235174    32.2760       1356     5.6458  0.000e+00
     18.318     6.4678   3.235274    32.2762       1357     5.6500  0.000e+00
     18.264     6.4685   3.235297    32.2758       1358     5.6542  0.000e+00
     18.214     6.4690   3.235115    32.2734       1359     5.6583  0.000e+00
     18.176     6.4685   3.235115    32.2738       1360     5.6625  0.000e+00
     18.140     6.4681   3.235197    32.2752       1361     5.6667  0.000e+00
     18.104     6.4681   3.235297    32.2763       1362     5.6708  0.000e+00
     18.074     6.4687   3.235379    32.2766       1363     5.6750  0.000e+00
     18.041     6.4693   3.235396    32.2762       1364     5.6792  0.000e+00
     18.013     6.4700   3.235420    32.2759       1365     5.6833  0.000e+00
     17.982     6.4705   3.235455    32.2758       1366     5.6875  0.000e+00
     17.941     6.4709   3.235455    32.2755       1367     5.6917  0.000e+00
     17.901     6.4711   3.235496    32.2758       1368     5.6958  0.000e+00
     17.847     6.4715   3.235519    32.2757       1369     5.7000  0.000e+00
     17.790     6.4716   3.235537    32.2757       1370     5.7042  0.000e+00
     17.718     6.4719   3.235742    32.2778       1371     5.7083  0.000e+00
     17.635     6.4729   3.235965    32.2794       1372     5.7125  0.000e+00
     17.554     6.4745   3.236006    32.2784       1373     5.7167  0.000e+00
     17.463     6.4761   3.236386    32.2811       1374     5.7208  0.000e+00
     17.364     6.4786   3.236773    32.2830       1375     5.7250  0.000e+00
     17.263     6.4821   3.237113    32.2835       1376     5.7292  0.000e+00
     17.161     6.4858   3.237253    32.2816       1377     5.7333  0.000e+00
     17.075     6.4888   3.237558    32.2822       1378     5.7375  0.000e+00
     16.983     6.4916   3.237722    32.2813       1379     5.7417  0.000e+00
     16.897     6.4944   3.237980    32.2816       1380     5.7458  0.000e+00
     16.818     6.4971   3.238085    32.2803       1381     5.7500  0.000e+00
     16.738     6.4994   3.238490    32.2826       1382     5.7542  0.000e+00
     16.663     6.5021   3.239480    32.2910       1383     5.7583  0.000e+00
     16.591     6.5087   3.240148    32.2922       1384     5.7625  0.000e+00
     16.523     6.5166   3.240388    32.2874       1385     5.7667  0.000e+00
     16.453     6.5227   3.240529    32.2832       1386     5.7708  0.000e+00
     16.379     6.5270   3.240875    32.2830       1387     5.7750  0.000e+00
     16.314     6.5307   3.241180    32.2829       1388     5.7792  0.000e+00
     16.244     6.5345   3.241437    32.2822       1389     5.7833  0.000e+00
     16.172     6.5385   3.242434    32.2894       1390     5.7875  0.000e+00
     16.099     6.5458   3.243402    32.2932       1391     5.7917  0.000e+00
     16.027     6.5560   3.244398    32.2947       1392     5.7958  0.000e+00
     15.953     6.5672   3.245026    32.2910       1393     5.8000  0.000e+00
     15.881     6.5774   3.245917    32.2912       1394     5.8042  0.000e+00
     15.818     6.5880   3.248223    32.3067       1395     5.8083  0.000e+00
     15.754     6.6057   3.249202    32.3008       1396     5.8125  0.000e+00
     15.691     6.6232   3.250036    32.2935       1397     5.8167  0.000e+00
     15.637     6.6377   3.250317    32.2829       1398     5.8208  0.000e+00
     15.578     6.6482   3.250481    32.2748       1399     5.8250  0.000e+00
     15.524     6.6549   3.250640    32.2703       1400     5.8292  0.000e+00
     15.463     6.6598   3.250945    32.2691       1401     5.8333  0.000e+00
     15.403     6.6647   3.251009    32.2652       1402     5.8375  0.000e+00
     15.346     6.6714   3.251232    32.2613       1403     5.8417  0.000e+00
     15.283     6.6793   3.251514    32.2570       1404     5.8458  0.000e+00
     15.215     6.6866   3.251960    32.2551       1405     5.8500  0.000e+00
     15.143     6.6929   3.252165    32.2515       1406     5.8542  0.000e+00
     15.073     6.6984   3.252288    32.2476       1407     5.8583  0.000e+00
     15.001     6.7023   3.252594    32.2473       1408     5.8625  0.000e+00
     14.938     6.7065   3.253040    32.2483       1409     5.8667  0.000e+00
     14.873     6.7117   3.253122    32.2444       1410     5.8708  0.000e+00
     14.814     6.7161   3.253157    32.2406       1411     5.8750  0.000e+00
     14.753     6.7195   3.252728    32.2328       1412     5.8792  0.000e+00
     14.702     6.7215   3.253081    32.2347       1413     5.8833  0.000e+00
     14.654     6.7227   3.253081    32.2336       1414     5.8875  0.000e+00
     14.605     6.7233   3.252934    32.2315       1415     5.8917  0.000e+00
     14.557     6.7233   3.252670    32.2287       1416     5.8958  0.000e+00
     14.510     6.7223   3.252652    32.2294       1417     5.9000  0.000e+00
     14.456     6.7217   3.252628    32.2297       1418     5.9042  0.000e+00
     14.404     6.7214   3.252670    32.2305       1419     5.9083  0.000e+00
     14.352     6.7212   3.252470    32.2285       1420     5.9125  0.000e+00
     14.293     6.7208   3.252347    32.2276       1421     5.9167  0.000e+00
     14.237     6.7200   3.252446    32.2294       1422     5.9208  0.000e+00
     14.172     6.7197   3.252065    32.2256       1423     5.9250  0.000e+00
     14.108     6.7188   3.251918    32.2248       1424     5.9292  0.000e+00
     14.034     6.7175   3.251736    32.2241       1425     5.9333  0.000e+00
     13.958     6.7164   3.251695    32.2247       1426     5.9375  0.000e+00
     13.879     6.7156   3.251413    32.2224       1427     5.9417  0.000e+00
     13.800     6.7146   3.251313    32.2223       1428     5.9458  0.000e+00
     13.712     6.7137   3.251255    32.2225       1429     5.9500  0.000e+00
     13.620     6.7130   3.251026    32.2207       1430     5.9542  0.000e+00
     13.532     6.7124   3.251108    32.2223       1431     5.9583  0.000e+00
     13.439     6.7116   3.251026    32.2221       1432     5.9625  0.000e+00
     13.347     6.7116   3.251008    32.2220       1433     5.9667  0.000e+00
     13.252     6.7113   3.251049    32.2228       1434     5.9708  0.000e+00
     13.162     6.7112   3.251067    32.2231       1435     5.9750  0.000e+00
     13.071     6.7113   3.250861    32.2207       1436     5.9792  0.000e+00
     12.986     6.7114   3.250720    32.2192       1437     5.9833  0.000e+00
     12.905     6.7114   3.250703    32.2190       1438     5.9875  0.000e+00
     12.833     6.7113   3.250679    32.2188       1439     5.9917  0.000e+00
     12.765     6.7113   3.250703    32.2191       1440     5.9958  0.000e+00
     12.704     6.7112   3.250703    32.2193       1441     6.0000  0.000e+00
     12.652     6.7116   3.250744    32.2194       1442     6.0042  0.000e+00
     12.600     6.7128   3.250844    32.2194       1443     6.0083  0.000e+00
     12.551     6.7142   3.250861    32.2182       1444     6.0125  0.000e+00
     12.510     6.7162   3.250826    32.2160       1445     6.0167  0.000e+00
