HB2402/sbe062.cnv
* Sea-Bird SBE 19plus V2 Data File:
* FileName = C:\cruise\data\sbe062.hex
* Software Version Seasave V 7.26.7.121
* Temperature SN = 7037
* Conductivity SN = 7037
* System UpLoad Time = Apr 08 2024 05:50:29
* NMEA Latitude = 40 02.59 N
* NMEA Longitude = 070 53.00 W
* NMEA UTC (Time) = Apr 08 2024  05:49:52
** Ship: Bigelow
** Cruise:  HB2304
** Program:  Fall Bottom Trawl
# nquan = 8
# nvalues = 2763                                  
# units = specified
# name 0 = depSM: Depth [salt water, m]
# name 1 = tv290C: Temperature [ITS-90, deg C]
# name 2 = c0S/m: Conductivity [S/m]
# name 3 = sal00: Salinity, Practical [PSU]
# name 4 = scan: Scan Count
# name 5 = timeM: Time, Elapsed [minutes]
# name 6 = sbeox0V: Oxygen raw, SBE 43 [V]
# name 7 = flag:  0.000e+00
# span 0 =      0.740,    206.217                 
# span 1 =     5.4393,    12.2238                 
# span 2 =   3.147497,   4.019450                 
# span 3 =    32.1903,    35.2713                 
# span 4 =         11,       2773                 
# span 5 =     0.0417,    11.5500                 
# span 6 =     1.5826,     2.3732                 
# span 7 = 0.0000e+00, 0.0000e+00                 
# interval = seconds: 0.25
# start_time = Apr 08 2024 05:49:52 [NMEA time, header]
# bad_flag = -9.990e-29
*END*
[from data line 2697]
     10.630     5.6353   3.156854    32.1960       2708    11.2792     2.3659  0.000e+00
     10.444     5.6342   3.157041    32.1993       2709    11.2833     2.3643  0.000e+00
     10.247     5.6338   3.157080    32.2002       2710    11.2875     2.3638  0.000e+00
     10.036     5.6342   3.157135    32.2005       2711    11.2917     2.3638  0.000e+00
      9.813     5.6346   3.157096    32.1998       2712    11.2958     2.3636  0.000e+00
      9.595     5.6351   3.157019    32.1986       2713    11.3000     2.3658  0.000e+00
      9.371     5.6350   3.156958    32.1981       2714    11.3042     2.3656  0.000e+00
      9.130     5.6348   3.156881    32.1975       2715    11.3083     2.3651  0.000e+00
      8.886     5.6342   3.156643    32.1955       2716    11.3125     2.3644  0.000e+00
      8.642     5.6331   3.156075    32.1903       2717    11.3167     2.3652  0.000e+00
      8.404     5.6303   3.156114    32.1936       2718    11.3208     2.3662  0.000e+00
      8.171     5.6280   3.156036    32.1950       2719    11.3250     2.3655  0.000e+00
      7.939     5.6263   3.155860    32.1947       2720    11.3292     2.3660  0.000e+00
      7.717     5.6247   3.155837    32.1961       2721    11.3333     2.3671  0.000e+00
      7.508     5.6234   3.155876    32.1979       2722    11.3375     2.3660  0.000e+00
      7.298     5.6227   3.155882    32.1988       2723    11.3417     2.3657  0.000e+00
      7.096     5.6224   3.155821    32.1984       2724    11.3458     2.3659  0.000e+00
      6.906     5.6220   3.155821    32.1989       2725    11.3500     2.3653  0.000e+00
      6.716     5.6220   3.155859    32.1995       2726    11.3542     2.3664  0.000e+00
      6.530     5.6219   3.155859    32.1997       2727    11.3583     2.3664  0.000e+00
      6.355     5.6220   3.155821    32.1992       2728    11.3625     2.3669  0.000e+00
      6.176     5.6220   3.155898    32.2002       2729    11.3667     2.3664  0.000e+00
      5.997     5.6223   3.155920    32.2002       2730    11.3708     2.3655  0.000e+00
      5.814     5.6225   3.155898    32.1999       2731    11.3750     2.3664  0.000e+00
      5.641     5.6227   3.155898    32.1998       2732    11.3792     2.3662  0.000e+00
      5.462     5.6229   3.155837    32.1990       2733    11.3833     2.3653  0.000e+00
      5.296     5.6229   3.155820    32.1988       2734    11.3875     2.3637  0.000e+00
      5.123     5.6228   3.155820    32.1990       2735    11.3917     2.3638  0.000e+00
      4.960     5.6227   3.155820    32.1992       2736    11.3958     2.3639  0.000e+00
      4.786     5.6227   3.155820    32.1993       2737    11.4000     2.3630  0.000e+00
      4.609     5.6227   3.155798    32.1992       2738    11.4042     2.3643  0.000e+00
      4.416     5.6227   3.155781    32.1990       2739    11.4083     2.3651  0.000e+00
      4.219     5.6227   3.155781    32.1992       2740    11.4125     2.3658  0.000e+00
      4.008     5.6226   3.155759    32.1991       2741    11.4167     2.3659  0.000e+00
      3.787     5.6227   3.155759    32.1991       2742    11.4208     2.3666  0.000e+00
      3.560     5.6225   3.155742    32.1992       2743    11.4250     2.3665  0.000e+00
      3.307     5.6224   3.155720    32.1992       2744    11.4292     2.3662  0.000e+00
      3.056     5.6223   3.155698    32.1991       2745    11.4333     2.3669  0.000e+00
      2.806     5.6223   3.155720    32.1995       2746    11.4375     2.3682  0.000e+00
      2.566     5.6222   3.155720    32.1997       2747    11.4417     2.3676  0.000e+00
      2.335     5.6225   3.155759    32.2000       2748    11.4458     2.3677  0.000e+00
      2.107     5.6227   3.155797    32.2003       2749    11.4500     2.3682  0.000e+00
      1.894     5.6230   3.155819    32.2004       2750    11.4542     2.3688  0.000e+00
      1.668     5.6234   3.155758    32.1995       2751    11.4583     2.3684  0.000e+00
      1.442     5.6235   3.155780    32.1997       2752    11.4625     2.3686  0.000e+00
      1.198     5.6237   3.155973    32.2018       2753    11.4667     2.3694  0.000e+00
      0.956     5.6245   3.155995    32.2014       2754    11.4708     2.3691  0.000e+00
      0.803     5.6253   3.155995    32.2008       2755    11.4750     2.3684  0.000e+00
      0.788     5.6258   3.155995    32.2002       2756    11.4792     2.3696  0.000e+00
      0.828     5.6262   3.155995    32.1999       2757    11.4833     2.3691  0.000e+00
      0.884     5.6263   3.156034    32.2001       2758    11.4875     2.3694  0.000e+00
      0.918     5.6266   3.156056    32.2001       2759    11.4917     2.3684  0.000e+00
      0.920     5.6267   3.156056    32.2000       2760    11.4958     2.3686  0.000e+00
      0.906     5.6271   3.156012    32.1992       2761    11.5000     2.3666  0.000e+00
      0.916     5.6272   3.155918    32.1980       2762    11.5042     2.3675  0.000e+00
      0.981     5.6267   3.155918    32.1984       2763    11.5083     2.3675  0.000e+00
      1.054     5.6263   3.156012    32.1999       2764    11.5125     2.3662  0.000e+00
      1.110     5.6265   3.156073    32.2004       2765    11.5167     2.3660  0.000e+00
      1.150     5.6269   3.156045    32.1996       2766    11.5208     2.3656  0.000e+00
      1.175     5.6270   3.155973    32.1986       2767    11.5250     2.3665  0.000e+00
      1.196     5.6270   3.155896    32.1978       2768    11.5292     2.3660  0.000e+00
      1.197     5.6267   3.155874    32.1978       2769    11.5333     2.3671  0.000e+00
      1.160     5.6261   3.155874    32.1984       2770    11.5375     2.3672  0.000e+00
      1.094     5.6259   3.155874    32.1987       2771    11.5417     2.3668  0.000e+00
      1.012     5.6258   3.155858    32.1986       2772    11.5458     2.3675  0.000e+00
      0.940     5.6256   3.155835    32.1986       2773    11.5500     2.3669  0.000e+00
