HB2402/sbe090.cnv
* Sea-Bird SBE 19plus V2 Data File:
* FileName = C:\cruise\data\sbe090.hex
* Software Version Seasave V 7.26.7.121
* Temperature SN = 7037
* Conductivity SN = 7037
* System UpLoad Time = Apr 26 2024 12:13:50
* NMEA Latitude = 40 29.69 N
* NMEA Longitude = 067 34.23 W
* NMEA UTC (Time) = Apr 26 2024  12:12:32
** Ship: Bigelow
** Cruise:  HB2402
** Program:  Spring Bottom Trawl
# nquan = 8
# nvalues = 3709                                  
# units = specified
# name 0 = depSM: Depth [salt water, m]
# name 1 = tv290C: Temperature [ITS-90, deg C]
# name 2 = c0S/m: Conductivity [S/m]
# name 3 = sal00: Salinity, Practical [PSU]
# name 4 = scan: Scan Count
# name 5 = timeM: Time, Elapsed [minutes]
# name 6 = sbeox0V: Oxygen raw, SBE 43 [V]
# name 7 = flag:  0.000e+00
# span 0 =      0.094,    131.884                 
# span 1 =     5.1228,     7.3148                 
# span 2 =  -0.000004,   3.387198                 
# span 3 =     0.0000,    33.5865                 
# span 4 =         11,       3719                 
# span 5 =     0.0417,    15.4917                 
# span 6 =     2.0670,     2.6081                 
# span 7 = 0.0000e+00, 0.0000e+00                 
# interval = seconds: 0.25
# start_time = Apr 26 2024 12:12:32 [NMEA time, header]
# bad_flag = -9.990e-29
*END*
[from data line 3596]
      6.943     5.8429   3.151830    31.9438       3607    15.0250     2.5990  0.000e+00
      6.871     5.8424   3.151753    31.9434       3608    15.0292     2.5994  0.000e+00
      6.798     5.8415   3.151891    31.9459       3609    15.0333     2.5989  0.000e+00
      6.728     5.8413   3.151929    31.9465       3610    15.0375     2.5991  0.000e+00
      6.659     5.8418   3.152166    31.9488       3611    15.0417     2.5991  0.000e+00
      6.593     5.8429   3.152028    31.9462       3612    15.0458     2.5994  0.000e+00
      6.520     5.8434   3.151951    31.9448       3613    15.0500     2.5998  0.000e+00
      6.461     5.8431   3.151890    31.9444       3614    15.0542     2.5987  0.000e+00
      6.405     5.8428   3.151990    31.9459       3615    15.0583     2.6001  0.000e+00
      6.354     5.8430   3.152089    31.9469       3616    15.0625     2.6005  0.000e+00
      6.298     5.8434   3.152243    31.9482       3617    15.0667     2.5996  0.000e+00
      6.240     5.8445   3.152205    31.9468       3618    15.0708     2.5997  0.000e+00
      6.170     5.8451   3.151990    31.9438       3619    15.0750     2.6001  0.000e+00
      6.096     5.8448   3.151990    31.9441       3620    15.0792     2.5999  0.000e+00
      6.020     5.8442   3.151968    31.9445       3621    15.0833     2.6004  0.000e+00
      5.956     5.8437   3.151967    31.9450       3622    15.0875     2.6005  0.000e+00
      5.891     5.8436   3.152221    31.9480       3623    15.0917     2.5994  0.000e+00
      5.826     5.8442   3.152574    31.9514       3624    15.0958     2.5988  0.000e+00
      5.760     5.8462   3.152773    31.9518       3625    15.1000     2.5999  0.000e+00
      5.675     5.8482   3.152342    31.9451       3626    15.1042     2.5990  0.000e+00
      5.588     5.8485   3.152359    31.9451       3627    15.1083     2.5998  0.000e+00
      5.507     5.8480   3.152028    31.9419       3628    15.1125     2.5993  0.000e+00
      5.422     5.8467   3.152293    31.9461       3629    15.1167     2.6003  0.000e+00
      5.326     5.8460   3.153026    31.9550       3630    15.1208     2.6000  0.000e+00
      5.234     5.8487   3.153263    31.9552       3631    15.1250     2.6021  0.000e+00
      5.145     5.8520   3.153186    31.9512       3632    15.1292     2.6019  0.000e+00
      5.075     5.8539   3.153026    31.9477       3633    15.1333     2.6036  0.000e+00
      5.022     5.8545   3.152772    31.9443       3634    15.1375     2.6030  0.000e+00
      4.983     5.8537   3.152320    31.9400       3635    15.1417     2.6033  0.000e+00
      4.963     5.8518   3.152458    31.9433       3636    15.1458     2.6033  0.000e+00
      4.945     5.8505   3.153103    31.9518       3637    15.1500     2.6027  0.000e+00
      4.925     5.8519   3.153302    31.9528       3638    15.1542     2.6024  0.000e+00
      4.916     5.8539   3.152987    31.9473       3639    15.1583     2.6032  0.000e+00
      4.896     5.8545   3.152436    31.9406       3640    15.1625     2.6039  0.000e+00
      4.842     5.8530   3.152381    31.9414       3641    15.1667     2.6036  0.000e+00
      4.753     5.8511   3.152497    31.9446       3642    15.1708     2.6036  0.000e+00
      4.628     5.8502   3.152596    31.9466       3643    15.1750     2.6041  0.000e+00
      4.509     5.8499   3.152028    31.9405       3644    15.1792     2.6032  0.000e+00
      4.399     5.8482   3.151928    31.9411       3645    15.1833     2.6039  0.000e+00
      4.314     5.8462   3.151890    31.9426       3646    15.1875     2.6040  0.000e+00
      4.227     5.8448   3.151906    31.9441       3647    15.1917     2.6044  0.000e+00
      4.148     5.8440   3.151967    31.9457       3648    15.1958     2.6024  0.000e+00
      4.092     5.8435   3.152083    31.9474       3649    15.2000     2.6039  0.000e+00
      4.028     5.8438   3.151890    31.9450       3650    15.2042     2.6032  0.000e+00
      3.978     5.8434   3.151868    31.9451       3651    15.2083     2.6037  0.000e+00
      3.920     5.8429   3.152044    31.9476       3652    15.2125     2.6031  0.000e+00
      3.815     5.8431   3.152673    31.9545       3653    15.2167     2.6038  0.000e+00
      3.694     5.8456   3.152695    31.9525       3654    15.2208     2.6035  0.000e+00
      3.551     5.8480   3.152601    31.9492       3655    15.2250     2.6042  0.000e+00
      3.409     5.8493   3.152397    31.9458       3656    15.2292     2.6036  0.000e+00
      3.277     5.8491   3.152165    31.9434       3657    15.2333     2.6040  0.000e+00
      3.170     5.8480   3.151967    31.9423       3658    15.2375     2.6045  0.000e+00
      3.091     5.8467   3.152044    31.9445       3659    15.2417     2.6052  0.000e+00
      3.030     5.8458   3.152143    31.9464       3660    15.2458     2.6047  0.000e+00
      2.977     5.8458   3.152204    31.9472       3661    15.2500     2.6052  0.000e+00
      2.948     5.8459   3.152204    31.9470       3662    15.2542     2.6042  0.000e+00
      2.928     5.8462   3.152220    31.9470       3663    15.2583     2.6046  0.000e+00
      2.910     5.8464   3.152380    31.9485       3664    15.2625     2.6044  0.000e+00
      2.905     5.8471   3.152220    31.9462       3665    15.2667     2.6036  0.000e+00
      2.899     5.8471   3.152573    31.9501       3666    15.2708     2.6045  0.000e+00
      2.871     5.8479   3.152910    31.9531       3667    15.2750     2.6042  0.000e+00
      2.827     5.8499   3.152970    31.9519       3668    15.2792     2.6043  0.000e+00
      2.762     5.8515   3.152319    31.9432       3669    15.2833     2.6036  0.000e+00
      2.656     5.8507   3.152319    31.9440       3670    15.2875     2.6039  0.000e+00
      2.542     5.8497   3.152419    31.9461       3671    15.2917     2.6040  0.000e+00
      2.428     5.8492   3.152358    31.9459       3672    15.2958     2.6029  0.000e+00
      2.338     5.8489   3.152573    31.9487       3673    15.3000     2.6029  0.000e+00
      2.271     5.8493   3.152656    31.9492       3674    15.3042     2.6031  0.000e+00
      2.217     5.8502   3.152694    31.9489       3675    15.3083     2.6034  0.000e+00
      2.164     5.8508   3.152573    31.9470       3676    15.3125     2.6042  0.000e+00
      2.103     5.8510   3.152595    31.9471       3677    15.3167     2.6041  0.000e+00
      2.023     5.8511   3.152672    31.9479       3678    15.3208     2.6048  0.000e+00
      1.882     5.8513   3.152871    31.9500       3679    15.3250     2.6045  0.000e+00
      1.682     5.8520   3.152804    31.9487       3680    15.3292     2.6040  0.000e+00
      1.494     5.8526   3.152871    31.9489       3681    15.3333     2.6042  0.000e+00
      1.375     5.8531   3.152970    31.9496       3682    15.3375     2.6039  0.000e+00
      1.320     5.8539   3.152871    31.9478       3683    15.3417     2.6029  0.000e+00
      1.329     5.8541   3.152832    31.9471       3684    15.3458     2.6047  0.000e+00
      1.389     5.8539   3.152771    31.9466       3685    15.3500     2.6042  0.000e+00
      1.488     5.8535   3.152556    31.9445       3686    15.3542     2.6045  0.000e+00
      1.542     5.8528   3.152595    31.9456       3687    15.3583     2.6045  0.000e+00
      1.618     5.8520   3.152573    31.9461       3688    15.3625     2.6034  0.000e+00
      1.707     5.8518   3.152418    31.9445       3689    15.3667     2.6036  0.000e+00
      1.734     5.8518   3.149810    31.9153       3690    15.3708     2.6042  0.000e+00
      1.705     5.8518   3.152694    31.9476       3691    15.3750     2.6039  0.000e+00
      1.624     5.8519   3.152518    31.9456       3692    15.3792     2.6045  0.000e+00
      1.436     5.8515   3.152352    31.9441       3693    15.3833     2.6046  0.000e+00
      1.141     5.8506   3.152479    31.9466       3694    15.3875     2.6039  0.000e+00
      0.803     5.8504   3.152832    31.9509       3695    15.3917     2.6039  0.000e+00
      0.435     5.8515   3.153262    31.9548       3696    15.3958     2.6052  0.000e+00
      0.200     5.8540   3.153477    31.9550       3697    15.4000     2.6045  0.000e+00
      0.133     5.8567   3.153378    31.9514       3698    15.4042     2.6044  0.000e+00
      0.108     5.8587   2.453547    24.2333       3699    15.4083     2.6051  0.000e+00
      0.144     5.8593   2.538629    25.1567       3700    15.4125     2.6068  0.000e+00
      0.377     5.8591   3.090757    31.2478       3701    15.4167     2.6062  0.000e+00
      0.487     5.8594   3.092010    31.2615       3702    15.4208     2.6057  0.000e+00
      0.590     5.8593   3.093817    31.2817       3703    15.4250     2.6081  0.000e+00
      0.674     5.8584   3.094858    31.2942       3704    15.4292     2.6071  0.000e+00
      0.665     5.8577   3.147615    31.8856       3705    15.4333     2.6073  0.000e+00
      0.540     5.8572   3.152832    31.9446       3706    15.4375     2.6058  0.000e+00
      0.385     5.8563   3.152925    31.9466       3707    15.4417     2.6079  0.000e+00
      0.300     5.8559   3.152986    31.9477       3708    15.4458     2.6040  0.000e+00
      0.189     5.8560   3.152771    31.9452       3709    15.4500     2.6054  0.000e+00
      0.117     5.8570   1.747085    16.7252       3710    15.4542     2.6037  0.000e+00
      0.096     5.8595   0.571457     5.0133       3711    15.4583     2.6036  0.000e+00
      0.099     5.8551   0.368878     3.1440       3712    15.4625     2.6044  0.000e+00
      0.101     5.8385   0.310196     2.6169       3713    15.4667     2.6014  0.000e+00
      0.103     5.8200   0.269675     2.2573       3714    15.4708     2.6031  0.000e+00
      0.101     5.8111   0.238524     1.9829       3715    15.4750     2.6034  0.000e+00
      0.099     5.8069   0.227375     1.8853       3716    15.4792     2.5992  0.000e+00
      0.099     5.8062   0.201863     1.6628       3717    15.4833     2.5927  0.000e+00
      0.094     5.8062   0.185532     1.5213       3718    15.4875     2.5835  0.000e+00
      0.097     5.8070   0.173942     1.4213       3719    15.4917     2.5695  0.000e+00
