HB2402/sbe016.cnv
* Sea-Bird SBE 19plus V2 Data File:
* FileName = C:\cruise\data\sbe016.hex
* Software Version Seasave V 7.26.7.121
* Temperature SN = 7142
* Conductivity SN = 7142
* System UpLoad Time = Mar 14 2024 22:38:40
* NMEA Latitude = 36 11.98 N
* NMEA Longitude = 074 45.98 W
* NMEA UTC (Time) = Mar 14 2024  22:37:55
** Ship: Bigelow
** Cruise:  HB2304
** Program:  Fall Bottom Trawl
# nquan = 7
# nvalues = 5371                                  
# units = specified
# name 0 = depSM: Depth [salt water, m]
# name 1 = tv290C: Temperature [ITS-90, deg C]
# name 2 = c0S/m: Conductivity [S/m]
# name 3 = sal00: Salinity, Practical [PSU]
# name 4 = scan: Scan Count
# name 5 = timeM: Time, Elapsed [minutes]
# name 6 = flag:  0.000e+00
# span 0 =      0.006,    201.290                 
# span 1 =    11.1882,    15.3419                 
# span 2 =   0.000006,   4.334013                 
# span 3 =     0.0075,    35.7881                 
# span 4 =         11,       5381                 
# span 5 =     0.0417,    22.4167                 
# span 6 = 0.0000e+00, 0.0000e+00                 
# interval = seconds: 0.25
# start_time = Mar 14 2024 22:37:55 [NMEA time, header]
# bad_flag = -9.990e-29
*END*
[from data line 4718]
     29.623    14.6062   4.196470    34.4674       4729    19.7000  0.000e+00
     29.565    14.6086   4.193394    34.4371       4730    19.7042  0.000e+00
     29.515    14.6012   4.193095    34.4409       4731    19.7083  0.000e+00
     29.457    14.5950   4.193895    34.4538       4732    19.7125  0.000e+00
     29.398    14.5938   4.193700    34.4531       4733    19.7167  0.000e+00
     29.337    14.5913   4.190950    34.4301       4734    19.7208  0.000e+00
     29.285    14.5822   4.190099    34.4304       4735    19.7250  0.000e+00
     29.224    14.5733   4.189904    34.4365       4736    19.7292  0.000e+00
     29.157    14.5671   4.189377    34.4372       4737    19.7333  0.000e+00
     29.101    14.5622   4.188259    34.4313       4738    19.7375  0.000e+00
     29.037    14.5553   4.187584    34.4313       4739    19.7417  0.000e+00
     28.983    14.5494   4.188208    34.4423       4740    19.7458  0.000e+00
     28.923    14.5489   4.189163    34.4515       4741    19.7500  0.000e+00
     28.866    14.5497   4.186979    34.4307       4742    19.7542  0.000e+00
     28.801    14.5449   4.185277    34.4193       4743    19.7583  0.000e+00
     28.736    14.5361   4.184088    34.4163       4744    19.7625  0.000e+00
     28.677    14.5269   4.183517    34.4193       4745    19.7667  0.000e+00
     28.618    14.5196   4.182796    34.4191       4746    19.7708  0.000e+00
     28.555    14.5137   4.182867    34.4251       4747    19.7750  0.000e+00
     28.492    14.5096   4.182595    34.4262       4748    19.7792  0.000e+00
     28.431    14.5077   4.183393    34.4352       4749    19.7833  0.000e+00
     28.386    14.5088   4.183316    34.4336       4750    19.7875  0.000e+00
     28.325    14.5095   4.182718    34.4275       4751    19.7917  0.000e+00
     28.265    14.5079   4.182250    34.4246       4752    19.7958  0.000e+00
     28.213    14.5055   4.182270    34.4269       4753    19.8000  0.000e+00
     28.157    14.5036   4.181939    34.4256       4754    19.8042  0.000e+00
     28.111    14.5017   4.181549    34.4238       4755    19.8083  0.000e+00
     28.055    14.4992   4.181302    34.4238       4756    19.8125  0.000e+00
     28.006    14.4970   4.181276    34.4254       4757    19.8167  0.000e+00
     27.965    14.4957   4.181101    34.4250       4758    19.8208  0.000e+00
     27.918    14.4947   4.181075    34.4257       4759    19.8250  0.000e+00
     27.866    14.4936   4.180581    34.4222       4760    19.8292  0.000e+00
     27.821    14.4916   4.180432    34.4226       4761    19.8333  0.000e+00
     27.774    14.4901   4.180451    34.4241       4762    19.8375  0.000e+00
     27.728    14.4886   4.179750    34.4190       4763    19.8417  0.000e+00
     27.683    14.4857   4.178510    34.4101       4764    19.8458  0.000e+00
     27.634    14.4800   4.177666    34.4075       4765    19.8500  0.000e+00
     27.589    14.4751   4.178179    34.4166       4766    19.8542  0.000e+00
     27.539    14.4718   4.176822    34.4071       4767    19.8583  0.000e+00
     27.478    14.4676   4.177270    34.4150       4768    19.8625  0.000e+00
     27.424    14.4662   4.177322    34.4167       4769    19.8667  0.000e+00
     27.363    14.4652   4.176920    34.4139       4770    19.8708  0.000e+00
     27.300    14.4639   4.175407    34.4011       4771    19.8750  0.000e+00
     27.230    14.4579   4.174920    34.4021       4772    19.8792  0.000e+00
     27.165    14.4538   4.176472    34.4200       4773    19.8833  0.000e+00
     27.093    14.4552   4.176296    34.4172       4774    19.8875  0.000e+00
     27.027    14.4557   4.174563    34.4008       4775    19.8917  0.000e+00
     26.953    14.4504   4.172000    34.3819       4776    19.8958  0.000e+00
     26.879    14.4395   4.170657    34.3793       4777    19.9000  0.000e+00
     26.816    14.4291   4.171449    34.3958       4778    19.9042  0.000e+00
     26.757    14.4251   4.171306    34.3981       4779    19.9083  0.000e+00
     26.696    14.4214   4.169075    34.3808       4780    19.9125  0.000e+00
     26.640    14.4137   4.167583    34.3739       4781    19.9167  0.000e+00
     26.581    14.4028   4.165151    34.3612       4782    19.9208  0.000e+00
     26.539    14.3905   4.165177    34.3724       4783    19.9250  0.000e+00
     26.500    14.3817   4.164289    34.3720       4784    19.9292  0.000e+00
     26.450    14.3759   4.165080    34.3845       4785    19.9333  0.000e+00
     26.397    14.3743   4.164711    34.3826       4786    19.9375  0.000e+00
     26.349    14.3711   4.163246    34.3719       4787    19.9417  0.000e+00
     26.304    14.3668   4.164160    34.3842       4788    19.9458  0.000e+00
     26.261    14.3666   4.163913    34.3821       4789    19.9500  0.000e+00
     26.216    14.3641   4.159882    34.3472       4790    19.9542  0.000e+00
     26.167    14.3504   4.157160    34.3343       4791    19.9583  0.000e+00
     26.113    14.3340   4.157109    34.3484       4792    19.9625  0.000e+00
     26.059    14.3250   4.158204    34.3665       4793    19.9667  0.000e+00
     26.011    14.3226   4.157057    34.3581       4794    19.9708  0.000e+00
     25.948    14.3175   4.155055    34.3442       4795    19.9750  0.000e+00
     25.883    14.3091   4.154738    34.3488       4796    19.9792  0.000e+00
     25.817    14.3022   4.154421    34.3520       4797    19.9833  0.000e+00
     25.757    14.2974   4.154440    34.3565       4798    19.9875  0.000e+00
     25.694    14.2950   4.154388    34.3581       4799    19.9917  0.000e+00
     25.630    14.2940   4.154583    34.3608       4800    19.9958  0.000e+00
     25.563    14.2939   4.154660    34.3617       4801    20.0000  0.000e+00
     25.498    14.2949   4.155159    34.3654       4802    20.0042  0.000e+00
     25.434    14.2969   4.155081    34.3630       4803    20.0083  0.000e+00
     25.374    14.2978   4.154537    34.3572       4804    20.0125  0.000e+00
     25.311    14.2970   4.154343    34.3561       4805    20.0167  0.000e+00
     25.258    14.2954   4.154492    34.3589       4806    20.0208  0.000e+00
     25.200    14.2951   4.154492    34.3592       4807    20.0250  0.000e+00
     25.150    14.2948   4.154343    34.3581       4808    20.0292  0.000e+00
     25.106    14.2944   4.154045    34.3557       4809    20.0333  0.000e+00
     25.058    14.2932   4.153799    34.3545       4810    20.0375  0.000e+00
     25.018    14.2919   4.153922    34.3569       4811    20.0417  0.000e+00
     24.970    14.2915   4.153993    34.3579       4812    20.0458  0.000e+00
     24.927    14.2916   4.154045    34.3583       4813    20.0500  0.000e+00
     24.885    14.2920   4.154038    34.3579       4814    20.0542  0.000e+00
     24.840    14.2923   4.154045    34.3577       4815    20.0583  0.000e+00
     24.797    14.2923   4.153922    34.3565       4816    20.0625  0.000e+00
     24.742    14.2919   4.153825    34.3561       4817    20.0667  0.000e+00
     24.693    14.2915   4.154038    34.3584       4818    20.0708  0.000e+00
     24.643    14.2922   4.154194    34.3593       4819    20.0750  0.000e+00
     24.591    14.2929   4.154071    34.3575       4820    20.0792  0.000e+00
     24.533    14.2932   4.154252    34.3589       4821    20.0833  0.000e+00
     24.481    14.2940   4.154343    34.3591       4822    20.0875  0.000e+00
     24.436    14.2950   4.154388    34.3587       4823    20.0917  0.000e+00
     24.391    14.2953   4.154064    34.3554       4824    20.0958  0.000e+00
     24.337    14.2942   4.152931    34.3459       4825    20.1000  0.000e+00
     24.292    14.2902   4.152536    34.3458       4826    20.1042  0.000e+00
     24.249    14.2860   4.152439    34.3487       4827    20.1083  0.000e+00
     24.206    14.2835   4.152575    34.3522       4828    20.1125  0.000e+00
     24.154    14.2823   4.152516    34.3527       4829    20.1167  0.000e+00
     24.105    14.2817   4.152387    34.3521       4830    20.1208  0.000e+00
     24.066    14.2811   4.152341    34.3522       4831    20.1250  0.000e+00
     24.006    14.2808   4.152587    34.3548       4832    20.1292  0.000e+00
     23.947    14.2813   4.152659    34.3550       4833    20.1333  0.000e+00
     23.893    14.2819   4.152833    34.3561       4834    20.1375  0.000e+00
     23.835    14.2830   4.152859    34.3554       4835    20.1417  0.000e+00
     23.769    14.2837   4.152762    34.3540       4836    20.1458  0.000e+00
     23.704    14.2839   4.152762    34.3538       4837    20.1500  0.000e+00
     23.643    14.2841   4.152833    34.3543       4838    20.1542  0.000e+00
     23.584    14.2844   4.152956    34.3552       4839    20.1583  0.000e+00
     23.528    14.2850   4.153053    34.3555       4840    20.1625  0.000e+00
     23.469    14.2856   4.153008    34.3546       4841    20.1667  0.000e+00
     23.409    14.2862   4.152859    34.3528       4842    20.1708  0.000e+00
     23.357    14.2857   4.152833    34.3530       4843    20.1750  0.000e+00
     23.302    14.2855   4.153079    34.3555       4844    20.1792  0.000e+00
     23.246    14.2861   4.153118    34.3553       4845    20.1833  0.000e+00
     23.196    14.2866   4.152859    34.3525       4846    20.1875  0.000e+00
     23.147    14.2862   4.152587    34.3504       4847    20.1917  0.000e+00
     23.097    14.2851   4.152613    34.3516       4848    20.1958  0.000e+00
     23.046    14.2842   4.152529    34.3516       4849    20.2000  0.000e+00
     23.000    14.2838   4.152490    34.3517       4850    20.2042  0.000e+00
     22.958    14.2832   4.152464    34.3519       4851    20.2083  0.000e+00
     22.911    14.2828   4.152457    34.3522       4852    20.2125  0.000e+00
     22.870    14.2827   4.152464    34.3524       4853    20.2167  0.000e+00
     22.827    14.2827   4.152464    34.3525       4854    20.2208  0.000e+00
     22.778    14.2825   4.152244    34.3506       4855    20.2250  0.000e+00
     22.739    14.2817   4.152218    34.3511       4856    20.2292  0.000e+00
     22.690    14.2812   4.152244    34.3518       4857    20.2333  0.000e+00
     22.649    14.2810   4.152289    34.3524       4858    20.2375  0.000e+00
     22.602    14.2811   4.152082    34.3504       4859    20.2417  0.000e+00
     22.554    14.2804   4.151596    34.3466       4860    20.2458  0.000e+00
     22.512    14.2785   4.151454    34.3470       4861    20.2500  0.000e+00
     22.467    14.2769   4.151376    34.3477       4862    20.2542  0.000e+00
     22.421    14.2757   4.151279    34.3479       4863    20.2583  0.000e+00
     22.372    14.2746   4.151078    34.3470       4864    20.2625  0.000e+00
     22.324    14.2734   4.150936    34.3468       4865    20.2667  0.000e+00
     22.270    14.2725   4.150826    34.3467       4866    20.2708  0.000e+00
     22.219    14.2714   4.150787    34.3473       4867    20.2750  0.000e+00
     22.164    14.2707   4.150560    34.3459       4868    20.2792  0.000e+00
     22.113    14.2694   4.149971    34.3415       4869    20.2833  0.000e+00
     22.054    14.2667   4.149388    34.3386       4870    20.2875  0.000e+00
     22.000    14.2632   4.149155    34.3396       4871    20.2917  0.000e+00
     21.946    14.2604   4.148909    34.3398       4872    20.2958  0.000e+00
     21.887    14.2579   4.148514    34.3384       4873    20.3000  0.000e+00
     21.836    14.2554   4.148353    34.3392       4874    20.3042  0.000e+00
     21.782    14.2538   4.148586    34.3428       4875    20.3083  0.000e+00
     21.736    14.2530   4.148094    34.3389       4876    20.3125  0.000e+00
     21.689    14.2515   4.147757    34.3371       4877    20.3167  0.000e+00
     21.642    14.2497   4.147725    34.3385       4878    20.3208  0.000e+00
     21.605    14.2483   4.147181    34.3347       4879    20.3250  0.000e+00
     21.561    14.2456   4.146469    34.3306       4880    20.3292  0.000e+00
     21.525    14.2422   4.146747    34.3362       4881    20.3333  0.000e+00
     21.480    14.2402   4.145926    34.3304       4882    20.3375  0.000e+00
     21.437    14.2368   4.145356    34.3282       4883    20.3417  0.000e+00
     21.396    14.2330   4.145065    34.3289       4884    20.3458  0.000e+00
     21.356    14.2299   4.144858    34.3297       4885    20.3500  0.000e+00
     21.311    14.2277   4.145013    34.3331       4886    20.3542  0.000e+00
     21.267    14.2269   4.144593    34.3300       4887    20.3583  0.000e+00
     21.218    14.2255   4.144178    34.3274       4888    20.3625  0.000e+00
     21.162    14.2230   4.143881    34.3269       4889    20.3667  0.000e+00
     21.099    14.2207   4.143829    34.3285       4890    20.3708  0.000e+00
     21.047    14.2197   4.144398    34.3347       4891    20.3750  0.000e+00
     20.986    14.2206   4.144153    34.3317       4892    20.3792  0.000e+00
     20.938    14.2202   4.143389    34.3249       4893    20.3833  0.000e+00
     20.882    14.2178   4.143143    34.3248       4894    20.3875  0.000e+00
     20.824    14.2156   4.143706    34.3320       4895    20.3917  0.000e+00
     20.763    14.2155   4.143421    34.3295       4896    20.3958  0.000e+00
     20.706    14.2150   4.142968    34.3258       4897    20.4000  0.000e+00
     20.654    14.2132   4.142968    34.3274       4898    20.4042  0.000e+00
     20.605    14.2121   4.142574    34.3247       4899    20.4083  0.000e+00
     20.551    14.2106   4.142671    34.3270       4900    20.4125  0.000e+00
     20.493    14.2097   4.142943    34.3303       4901    20.4167  0.000e+00
     20.449    14.2103   4.143169    34.3319       4902    20.4208  0.000e+00
     20.402    14.2115   4.143331    34.3324       4903    20.4250  0.000e+00
     20.357    14.2129   4.143538    34.3330       4904    20.4292  0.000e+00
     20.310    14.2139   4.143169    34.3287       4905    20.4333  0.000e+00
     20.272    14.2139   4.143292    34.3299       4906    20.4375  0.000e+00
     20.233    14.2142   4.143589    34.3324       4907    20.4417  0.000e+00
     20.193    14.2153   4.143538    34.3310       4908    20.4458  0.000e+00
     20.157    14.2157   4.143415    34.3295       4909    20.4500  0.000e+00
     20.123    14.2154   4.143292    34.3287       4910    20.4542  0.000e+00
     20.087    14.2148   4.143188    34.3282       4911    20.4583  0.000e+00
     20.053    14.2142   4.143214    34.3290       4912    20.4625  0.000e+00
     20.021    14.2141   4.143266    34.3296       4913    20.4667  0.000e+00
     19.988    14.2139   4.143020    34.3275       4914    20.4708  0.000e+00
     19.951    14.2132   4.142929    34.3273       4915    20.4750  0.000e+00
     19.918    14.2124   4.143046    34.3291       4916    20.4792  0.000e+00
     19.882    14.2121   4.143188    34.3307       4917    20.4833  0.000e+00
     19.839    14.2130   4.143363    34.3315       4918    20.4875  0.000e+00
     19.798    14.2137   4.142412    34.3221       4919    20.4917  0.000e+00
     19.751    14.2108   4.141396    34.3153       4920    20.4958  0.000e+00
     19.699    14.2052   4.140161    34.3089       4921    20.5000  0.000e+00
     19.641    14.1988   4.139559    34.3091       4922    20.5042  0.000e+00
     19.584    14.1925   4.139230    34.3116       4923    20.5083  0.000e+00
     19.523    14.1874   4.139081    34.3148       4924    20.5125  0.000e+00
     19.462    14.1849   4.139527    34.3212       4925    20.5167  0.000e+00
     19.397    14.1844   4.139682    34.3231       4926    20.5208  0.000e+00
     19.336    14.1850   4.139133    34.3175       4927    20.5250  0.000e+00
     19.267    14.1830   4.137458    34.3038       4928    20.5292  0.000e+00
     19.205    14.1763   4.136352    34.2995       4929    20.5333  0.000e+00
     19.145    14.1687   4.135848    34.3016       4930    20.5375  0.000e+00
     19.080    14.1628   4.135809    34.3066       4931    20.5417  0.000e+00
     19.023    14.1594   4.135913    34.3106       4932    20.5458  0.000e+00
     18.971    14.1576   4.135518    34.3085       4933    20.5500  0.000e+00
