HB2402/sbe052.cnv
* Sea-Bird SBE 19plus V2 Data File:
* FileName = C:\cruise\data\sbe052.hex
* Software Version Seasave V 7.26.7.121
* Temperature SN = 7037
* Conductivity SN = 7037
* System UpLoad Time = Apr 05 2024 11:32:54
** Ship: Bigelow
** Cruise:  HB2304
** Program:  Fall Bottom Trawl
# nquan = 8
# nvalues = 1534                                  
# units = specified
# name 0 = depSM: Depth [salt water, m], lat = 40.00
# name 1 = tv290C: Temperature [ITS-90, deg C]
# name 2 = c0S/m: Conductivity [S/m]
# name 3 = sal00: Salinity, Practical [PSU]
# name 4 = scan: Scan Count
# name 5 = timeM: Time, Elapsed [minutes]
# name 6 = sbeox0V: Oxygen raw, SBE 43 [V]
# name 7 = flag:  0.000e+00
# span 0 =     -0.176,     45.085                 
# span 1 =     3.8562,     5.5072                 
# span 2 =  -0.004790,   3.065306                 
# span 3 =     0.0000,    31.7695                 
# span 4 =         11,       1544                 
# span 5 =     0.0417,     6.4292                 
# span 6 =     1.9217,     2.3485                 
# span 7 = 0.0000e+00, 0.0000e+00                 
# interval = seconds: 0.25
# start_time = Apr 05 2024 11:32:54 [System UTC, header]
# bad_flag = -9.990e-29
*END*
[from data line 899]
     27.655     5.4946   3.063147    31.2628        910     3.7875     2.3175  0.000e+00
     27.608     5.4949   3.063005    31.2610        911     3.7917     2.3178  0.000e+00
     27.573     5.4948   3.063005    31.2611        912     3.7958     2.3174  0.000e+00
     27.543     5.4946   3.063081    31.2622        913     3.8000     2.3176  0.000e+00
     27.528     5.4946   3.063147    31.2628        914     3.8042     2.3177  0.000e+00
     27.516     5.4949   3.063212    31.2633        915     3.8083     2.3168  0.000e+00
     27.514     5.4953   3.063158    31.2624        916     3.8125     2.3165  0.000e+00
     27.514     5.4954   3.063131    31.2620        917     3.8167     2.3173  0.000e+00
     27.516     5.4954   3.063098    31.2616        918     3.8208     2.3163  0.000e+00
     27.517     5.4954   3.063098    31.2616        919     3.8250     2.3170  0.000e+00
     27.523     5.4952   3.063109    31.2619        920     3.8292     2.3158  0.000e+00
     27.518     5.4951   3.063120    31.2621        921     3.8333     2.3165  0.000e+00
     27.519     5.4952   3.063098    31.2618        922     3.8375     2.3165  0.000e+00
     27.505     5.4953   3.063027    31.2609        923     3.8417     2.3150  0.000e+00
     27.494     5.4950   3.063005    31.2609        924     3.8458     2.3141  0.000e+00
     27.470     5.4946   3.063043    31.2617        925     3.8500     2.3156  0.000e+00
     27.440     5.4946   3.063049    31.2618        926     3.8542     2.3156  0.000e+00
     27.398     5.4946   3.063081    31.2622        927     3.8583     2.3157  0.000e+00
     27.349     5.4947   3.063021    31.2615        928     3.8625     2.3162  0.000e+00
     27.299     5.4946   3.062929    31.2606        929     3.8667     2.3159  0.000e+00
     27.239     5.4942   3.062890    31.2605        930     3.8708     2.3170  0.000e+00
     27.187     5.4939   3.063005    31.2621        931     3.8750     2.3171  0.000e+00
     27.136     5.4939   3.063147    31.2637        932     3.8792     2.3169  0.000e+00
     27.089     5.4946   3.063572    31.2679        933     3.8833     2.3155  0.000e+00
     27.051     5.4961   3.063572    31.2665        934     3.8875     2.3159  0.000e+00
     27.015     5.4975   3.063709    31.2667        935     3.8917     2.3166  0.000e+00
     26.988     5.4987   3.063741    31.2660        936     3.8958     2.3169  0.000e+00
     26.961     5.4995   3.063670    31.2645        937     3.9000     2.3156  0.000e+00
     26.934     5.5000   3.063627    31.2635        938     3.9042     2.3149  0.000e+00
     26.920     5.5001   3.063534    31.2624        939     3.9083     2.3151  0.000e+00
     26.911     5.4997   3.063365    31.2609        940     3.9125     2.3149  0.000e+00
     26.903     5.4991   3.063310    31.2608        941     3.9167     2.3152  0.000e+00
     26.893     5.4986   3.063289    31.2611        942     3.9208     2.3168  0.000e+00
     26.885     5.4979   3.063381    31.2627        943     3.9250     2.3153  0.000e+00
     26.878     5.4977   3.063349    31.2626        944     3.9292     2.3155  0.000e+00
     26.875     5.4977   3.063267    31.2617        945     3.9333     2.3155  0.000e+00
     26.868     5.4974   3.063343    31.2628        946     3.9375     2.3155  0.000e+00
     26.855     5.4974   3.063327    31.2626        947     3.9417     2.3159  0.000e+00
     26.839     5.4974   3.063229    31.2615        948     3.9458     2.3169  0.000e+00
     26.821     5.4971   3.062754    31.2564        949     3.9500     2.3165  0.000e+00
     26.795     5.4957   3.061974    31.2490        950     3.9542     2.3160  0.000e+00
     26.764     5.4922   3.061789    31.2501        951     3.9583     2.3168  0.000e+00
     26.721     5.4888   3.061865    31.2542        952     3.9625     2.3162  0.000e+00
     26.681     5.4866   3.061794    31.2555        953     3.9667     2.3173  0.000e+00
     26.629     5.4855   3.062607    31.2657        954     3.9708     2.3175  0.000e+00
     26.580     5.4867   3.062754    31.2662        955     3.9750     2.3180  0.000e+00
     26.522     5.4887   3.062410    31.2605        956     3.9792     2.3170  0.000e+00
     26.468     5.4892   3.062356    31.2595        957     3.9833     2.3178  0.000e+00
     26.416     5.4892   3.062738    31.2638        958     3.9875     2.3178  0.000e+00
     26.362     5.4897   3.062808    31.2641        959     3.9917     2.3161  0.000e+00
     26.311     5.4909   3.062754    31.2625        960     3.9958     2.3172  0.000e+00
     26.266     5.4915   3.062677    31.2610        961     4.0000     2.3176  0.000e+00
     26.230     5.4916   3.062470    31.2586        962     4.0042     2.3169  0.000e+00
     26.193     5.4913   3.062814    31.2628        963     4.0083     2.3169  0.000e+00
     26.172     5.4914   3.062983    31.2647        964     4.0125     2.3176  0.000e+00
     26.150     5.4925   3.063021    31.2641        965     4.0167     2.3165  0.000e+00
     26.130     5.4936   3.063190    31.2650        966     4.0208     2.3182  0.000e+00
     26.116     5.4947   3.063081    31.2627        967     4.0250     2.3178  0.000e+00
     26.110     5.4951   3.063043    31.2619        968     4.0292     2.3184  0.000e+00
     26.108     5.4953   3.063010    31.2613        969     4.0333     2.3177  0.000e+00
     26.105     5.4952   3.063305    31.2648        970     4.0375     2.3182  0.000e+00
     26.105     5.4959   3.063228    31.2633        971     4.0417     2.3180  0.000e+00
     26.112     5.4963   3.063310    31.2638        972     4.0458     2.3180  0.000e+00
     26.119     5.4968   3.063228    31.2624        973     4.0500     2.3190  0.000e+00
     26.132     5.4969   3.063228    31.2624        974     4.0542     2.3188  0.000e+00
     26.135     5.4969   3.063310    31.2632        975     4.0583     2.3176  0.000e+00
     26.143     5.4971   3.063266    31.2626        976     4.0625     2.3172  0.000e+00
     26.148     5.4972   3.063228    31.2620        977     4.0667     2.3175  0.000e+00
     26.137     5.4971   3.063190    31.2617        978     4.0708     2.3188  0.000e+00
     26.121     5.4970   3.063081    31.2605        979     4.0750     2.3183  0.000e+00
     26.097     5.4967   3.063136    31.2615        980     4.0792     2.3178  0.000e+00
     26.065     5.4964   3.063326    31.2639        981     4.0833     2.3173  0.000e+00
     26.023     5.4967   3.063556    31.2662        982     4.0875     2.3177  0.000e+00
     25.966     5.4978   3.063496    31.2645        983     4.0917     2.3185  0.000e+00
     25.901     5.4986   3.063528    31.2643        984     4.0958     2.3182  0.000e+00
     25.828     5.4990   3.063266    31.2609        985     4.1000     2.3183  0.000e+00
     25.753     5.4987   3.063305    31.2617        986     4.1042     2.3193  0.000e+00
     25.680     5.4984   3.063190    31.2608        987     4.1083     2.3178  0.000e+00
     25.597     5.4979   3.063174    31.2610        988     4.1125     2.3185  0.000e+00
     25.516     5.4975   3.063304    31.2629        989     4.1167     2.3180  0.000e+00
     25.438     5.4975   3.063146    31.2612        990     4.1208     2.3188  0.000e+00
     25.359     5.4972   3.063135    31.2614        991     4.1250     2.3194  0.000e+00
     25.278     5.4969   3.063135    31.2617        992     4.1292     2.3191  0.000e+00
     25.194     5.4967   3.063206    31.2627        993     4.1333     2.3192  0.000e+00
     25.118     5.4968   3.062983    31.2601        994     4.1375     2.3188  0.000e+00
     25.041     5.4964   3.062983    31.2605        995     4.1417     2.3186  0.000e+00
     24.972     5.4960   3.063010    31.2613        996     4.1458     2.3191  0.000e+00
     24.911     5.4958   3.063042    31.2618        997     4.1500     2.3182  0.000e+00
     24.860     5.4957   3.063081    31.2624        998     4.1542     2.3188  0.000e+00
     24.820     5.4957   3.063108    31.2627        999     4.1583     2.3189  0.000e+00
     24.788     5.4959   3.063081    31.2622       1000     4.1625     2.3182  0.000e+00
     24.766     5.4961   3.063119    31.2625       1001     4.1667     2.3182  0.000e+00
     24.757     5.4963   3.063070    31.2618       1002     4.1708     2.3174  0.000e+00
     24.757     5.4962   3.063135    31.2626       1003     4.1750     2.3186  0.000e+00
     24.779     5.4963   3.063173    31.2629       1004     4.1792     2.3181  0.000e+00
     24.793     5.4965   3.063206    31.2631       1005     4.1833     2.3184  0.000e+00
     24.809     5.4967   3.063212    31.2629       1006     4.1875     2.3182  0.000e+00
     24.831     5.4970   3.063173    31.2623       1007     4.1917     2.3185  0.000e+00
     24.833     5.4972   3.063250    31.2629       1008     4.1958     2.3190  0.000e+00
     24.822     5.4971   3.063173    31.2622       1009     4.2000     2.3180  0.000e+00
     24.804     5.4970   3.063081    31.2612       1010     4.2042     2.3178  0.000e+00
     24.772     5.4969   3.063108    31.2617       1011     4.2083     2.3178  0.000e+00
     24.728     5.4966   3.062982    31.2605       1012     4.2125     2.3173  0.000e+00
     24.679     5.4962   3.062944    31.2605       1013     4.2167     2.3172  0.000e+00
     24.620     5.4958   3.063108    31.2627       1014     4.2208     2.3173  0.000e+00
     24.555     5.4959   3.063097    31.2625       1015     4.2250     2.3170  0.000e+00
     24.484     5.4961   3.063042    31.2618       1016     4.2292     2.3171  0.000e+00
     24.419     5.4962   3.063081    31.2622       1017     4.2333     2.3177  0.000e+00
     24.349     5.4961   3.063086    31.2624       1018     4.2375     2.3172  0.000e+00
     24.291     5.4961   3.063135    31.2629       1019     4.2417     2.3175  0.000e+00
     24.224     5.4963   3.063097    31.2623       1020     4.2458     2.3181  0.000e+00
     24.170     5.4964   3.063146    31.2628       1021     4.2500     2.3171  0.000e+00
     24.116     5.4966   3.063157    31.2627       1022     4.2542     2.3178  0.000e+00
     24.067     5.4967   3.063173    31.2628       1023     4.2583     2.3191  0.000e+00
     24.025     5.4970   3.063168    31.2626       1024     4.2625     2.3187  0.000e+00
     23.985     5.4971   3.063211    31.2629       1025     4.2667     2.3191  0.000e+00
     23.949     5.4973   3.063173    31.2624       1026     4.2708     2.3194  0.000e+00
     23.910     5.4975   3.063206    31.2626       1027     4.2750     2.3193  0.000e+00
     23.873     5.4974   3.063135    31.2619       1028     4.2792     2.3191  0.000e+00
     23.830     5.4973   3.063097    31.2616       1029     4.2833     2.3195  0.000e+00
     23.776     5.4971   3.062949    31.2601       1030     4.2875     2.3195  0.000e+00
     23.725     5.4966   3.062791    31.2589       1031     4.2917     2.3191  0.000e+00
     23.662     5.4957   3.062851    31.2604       1032     4.2958     2.3193  0.000e+00
     23.602     5.4953   3.063048    31.2630       1033     4.3000     2.3180  0.000e+00
     23.541     5.4955   3.063020    31.2625       1034     4.3042     2.3178  0.000e+00
     23.481     5.4959   3.063080    31.2629       1035     4.3083     2.3193  0.000e+00
     23.429     5.4961   3.063146    31.2635       1036     4.3125     2.3201  0.000e+00
     23.378     5.4965   3.063080    31.2624       1037     4.3167     2.3188  0.000e+00
     23.333     5.4966   3.063080    31.2623       1038     4.3208     2.3191  0.000e+00
     23.297     5.4966   3.062987    31.2612       1039     4.3250     2.3192  0.000e+00
     23.264     5.4965   3.062966    31.2612       1040     4.3292     2.3198  0.000e+00
     23.234     5.4963   3.063042    31.2622       1041     4.3333     2.3201  0.000e+00
     23.208     5.4961   3.063026    31.2622       1042     4.3375     2.3194  0.000e+00
     23.187     5.4962   3.062982    31.2616       1043     4.3417     2.3195  0.000e+00
     23.167     5.4960   3.063004    31.2621       1044     4.3458     2.3192  0.000e+00
     23.141     5.4959   3.062949    31.2615       1045     4.3500     2.3195  0.000e+00
     23.114     5.4959   3.062966    31.2618       1046     4.3542     2.3190  0.000e+00
     23.086     5.4958   3.062982    31.2620       1047     4.3583     2.3205  0.000e+00
     23.044     5.4959   3.063026    31.2625       1048     4.3625     2.3188  0.000e+00
     22.999     5.4959   3.062982    31.2620       1049     4.3667     2.3198  0.000e+00
     22.939     5.4960   3.062944    31.2615       1050     4.3708     2.3201  0.000e+00
     22.889     5.4959   3.062906    31.2611       1051     4.3750     2.3188  0.000e+00
     22.827     5.4957   3.062906    31.2614       1052     4.3792     2.3195  0.000e+00
     22.759     5.4955   3.062791    31.2603       1053     4.3833     2.3191  0.000e+00
     22.695     5.4951   3.062845    31.2613       1054     4.3875     2.3193  0.000e+00
     22.639     5.4949   3.062905    31.2622       1055     4.3917     2.3198  0.000e+00
     22.589     5.4950   3.062867    31.2617       1056     4.3958     2.3186  0.000e+00
     22.544     5.4951   3.062769    31.2605       1057     4.4000     2.3190  0.000e+00
     22.506     5.4949   3.062867    31.2619       1058     4.4042     2.3191  0.000e+00
     22.471     5.4949   3.062944    31.2628       1059     4.4083     2.3193  0.000e+00
     22.437     5.4951   3.062965    31.2628       1060     4.4125     2.3185  0.000e+00
     22.406     5.4954   3.062965    31.2626       1061     4.4167     2.3192  0.000e+00
     22.377     5.4958   3.062905    31.2615       1062     4.4208     2.3195  0.000e+00
     22.358     5.4956   3.062867    31.2613       1063     4.4250     2.3193  0.000e+00
     22.332     5.4955   3.062905    31.2618       1064     4.4292     2.3182  0.000e+00
     22.302     5.4954   3.062927    31.2621       1065     4.4333     2.3191  0.000e+00
     22.280     5.4955   3.062867    31.2614       1066     4.4375     2.3188  0.000e+00
     22.246     5.4954   3.062867    31.2615       1067     4.4417     2.3177  0.000e+00
     22.211     5.4954   3.062905    31.2620       1068     4.4458     2.3175  0.000e+00
     22.184     5.4953   3.062867    31.2616       1069     4.4500     2.3185  0.000e+00
     22.152     5.4953   3.062905    31.2621       1070     4.4542     2.3174  0.000e+00
     22.112     5.4954   3.062867    31.2616       1071     4.4583     2.3177  0.000e+00
     22.069     5.4954   3.062829    31.2612       1072     4.4625     2.3172  0.000e+00
     22.032     5.4953   3.062889    31.2620       1073     4.4667     2.3175  0.000e+00
     21.996     5.4953   3.062867    31.2617       1074     4.4708     2.3187  0.000e+00
     21.942     5.4953   3.062753    31.2605       1075     4.4750     2.3181  0.000e+00
     21.892     5.4950   3.062589    31.2590       1076     4.4792     2.3172  0.000e+00
     21.828     5.4943   3.062622    31.2600       1077     4.4833     2.3182  0.000e+00
     21.767     5.4938   3.062660    31.2609       1078     4.4875     2.3179  0.000e+00
     21.702     5.4938   3.062611    31.2604       1079     4.4917     2.3170  0.000e+00
     21.629     5.4935   3.062643    31.2610       1080     4.4958     2.3173  0.000e+00
     21.557     5.4935   3.062583    31.2604       1081     4.5000     2.3173  0.000e+00
     21.487     5.4932   3.062349    31.2580       1082     4.5042     2.3175  0.000e+00
     21.423     5.4923   3.062392    31.2594       1083     4.5083     2.3178  0.000e+00
     21.364     5.4915   3.062032    31.2562       1084     4.5125     2.3176  0.000e+00
     21.310     5.4904   3.062507    31.2625       1085     4.5167     2.3177  0.000e+00
     21.259     5.4907   3.062201    31.2589       1086     4.5208     2.3163  0.000e+00
     21.218     5.4904   3.061918    31.2560       1087     4.5250     2.3169  0.000e+00
     21.181     5.4891   3.061334    31.2506       1088     4.5292     2.3169  0.000e+00
