HB2402/sbe019.cnv
* Sea-Bird SBE 19plus V2 Data File:
* FileName = C:\cruise\data\sbe019.hex
* Software Version Seasave V 7.26.7.121
* Temperature SN = 7142
* Conductivity SN = 7142
* System UpLoad Time = Mar 15 2024 08:40:55
* NMEA Latitude = 36 21.41 N
* NMEA Longitude = 075 09.38 W
* NMEA UTC (Time) = Mar 15 2024  08:40:11
** Ship: Bigelow
** Cruise:  HB2304
** Program:  Fall Bottom Trawl
# nquan = 7
# nvalues = 1767                                  
# units = specified
# name 0 = depSM: Depth [salt water, m]
# name 1 = tv290C: Temperature [ITS-90, deg C]
# name 2 = c0S/m: Conductivity [S/m]
# name 3 = sal00: Salinity, Practical [PSU]
# name 4 = scan: Scan Count
# name 5 = timeM: Time, Elapsed [minutes]
# name 6 = flag:  0.000e+00
# span 0 =     -0.054,     29.515                 
# span 1 =     9.4779,    12.1465                 
# span 2 =   0.000003,   3.646326                 
# span 3 =     0.0063,    33.1086                 
# span 4 =         11,       1777                 
# span 5 =     0.0417,     7.4000                 
# span 6 = 0.0000e+00, 0.0000e+00                 
# interval = seconds: 0.25
# start_time = Mar 15 2024 08:40:11 [NMEA time, header]
# bad_flag = -9.990e-29
*END*
     -0.044    12.1378   0.000020     0.0063         11     0.0417  0.000e+00
     -0.044    12.1376   0.000020     0.0063         12     0.0458  0.000e+00
     -0.042    12.1375   0.000020     0.0063         13     0.0500  0.000e+00
     -0.045    12.1376   0.000026     0.0063         14     0.0542  0.000e+00
     -0.045    12.1376   0.000020     0.0063         15     0.0583  0.000e+00
     -0.044    12.1375   0.000020     0.0063         16     0.0625  0.000e+00
     -0.044    12.1376   0.000020     0.0063         17     0.0667  0.000e+00
     -0.045    12.1375   0.000020     0.0063         18     0.0708  0.000e+00
     -0.042    12.1375   0.000020     0.0063         19     0.0750  0.000e+00
     -0.045    12.1375   0.000026     0.0063         20     0.0792  0.000e+00
     -0.045    12.1375   0.000020     0.0063         21     0.0833  0.000e+00
     -0.051    12.1375   0.000026     0.0063         22     0.0875  0.000e+00
     -0.042    12.1376   0.000026     0.0063         23     0.0917  0.000e+00
     -0.045    12.1375   0.000020     0.0063         24     0.0958  0.000e+00
     -0.044    12.1375   0.000020     0.0063         25     0.1000  0.000e+00
     -0.042    12.1375   0.000020     0.0063         26     0.1042  0.000e+00
     -0.047    12.1373   0.000020     0.0063         27     0.1083  0.000e+00
     -0.047    12.1375   0.000020     0.0063         28     0.1125  0.000e+00
     -0.049    12.1374   0.000020     0.0063         29     0.1167  0.000e+00
     -0.045    12.1373   0.000020     0.0063         30     0.1208  0.000e+00
     -0.042    12.1375   0.000026     0.0063         31     0.1250  0.000e+00
     -0.044    12.1374   0.000020     0.0063         32     0.1292  0.000e+00
     -0.045    12.1373   0.000014     0.0063         33     0.1333  0.000e+00
     -0.044    12.1375   0.000020     0.0063         34     0.1375  0.000e+00
     -0.044    12.1374   0.000026     0.0063         35     0.1417  0.000e+00
     -0.044    12.1373   0.000020     0.0063         36     0.1458  0.000e+00
     -0.044    12.1375   0.000014     0.0063         37     0.1500  0.000e+00
     -0.045    12.1374   0.000014     0.0063         38     0.1542  0.000e+00
     -0.049    12.1374   0.000026     0.0063         39     0.1583  0.000e+00
     -0.049    12.1375   0.000026     0.0063         40     0.1625  0.000e+00
     -0.047    12.1375   0.000026     0.0063         41     0.1667  0.000e+00
     -0.045    12.1376   0.000020     0.0063         42     0.1708  0.000e+00
     -0.045    12.1376   0.000020     0.0063         43     0.1750  0.000e+00
     -0.044    12.1375   0.000020     0.0063         44     0.1792  0.000e+00
     -0.044    12.1376   0.000020     0.0063         45     0.1833  0.000e+00
     -0.044    12.1375   0.000020     0.0063         46     0.1875  0.000e+00
     -0.040    12.1374   0.000014     0.0063         47     0.1917  0.000e+00
     -0.042    12.1378   0.000020     0.0063         48     0.1958  0.000e+00
     -0.044    12.1376   0.000014     0.0063         49     0.2000  0.000e+00
     -0.045    12.1375   0.000026     0.0063         50     0.2042  0.000e+00
     -0.040    12.1378   0.000020     0.0063         51     0.2083  0.000e+00
     -0.045    12.1376   0.000020     0.0063         52     0.2125  0.000e+00
     -0.049    12.1377   0.000003     0.0064         53     0.2167  0.000e+00
     -0.042    12.1375   0.000014     0.0063         54     0.2208  0.000e+00
     -0.047    12.1376   0.000020     0.0063         55     0.2250  0.000e+00
     -0.045    12.1378   0.000026     0.0063         56     0.2292  0.000e+00
     -0.040    12.1378   0.000020     0.0063         57     0.2333  0.000e+00
     -0.035    12.1375   0.000020     0.0063         58     0.2375  0.000e+00
     -0.044    12.1378   0.000020     0.0063         59     0.2417  0.000e+00
     -0.047    12.1377   0.000020     0.0063         60     0.2458  0.000e+00
     -0.045    12.1378   0.000014     0.0063         61     0.2500  0.000e+00
     -0.044    12.1378   0.000014     0.0063         62     0.2542  0.000e+00
     -0.045    12.1377   0.000020     0.0063         63     0.2583  0.000e+00
     -0.042    12.1376   0.000014     0.0063         64     0.2625  0.000e+00
     -0.042    12.1377   0.000026     0.0063         65     0.2667  0.000e+00
     -0.047    12.1377   0.000026     0.0063         66     0.2708  0.000e+00
     -0.047    12.1378   0.000014     0.0063         67     0.2750  0.000e+00
     -0.045    12.1378   0.000020     0.0063         68     0.2792  0.000e+00
     -0.045    12.1378   0.000020     0.0063         69     0.2833  0.000e+00
     -0.044    12.1380   0.000014     0.0063         70     0.2875  0.000e+00
     -0.045    12.1378   0.000020     0.0063         71     0.2917  0.000e+00
     -0.044    12.1379   0.000020     0.0063         72     0.2958  0.000e+00
     -0.042    12.1378   0.000020     0.0063         73     0.3000  0.000e+00
     -0.054    12.1380   0.000020     0.0063         74     0.3042  0.000e+00
     -0.044    12.1378   0.000020     0.0063         75     0.3083  0.000e+00
     -0.042    12.1380   0.000020     0.0063         76     0.3125  0.000e+00
     -0.040    12.1380   0.000014     0.0063         77     0.3167  0.000e+00
     -0.040    12.1381   0.000020     0.0063         78     0.3208  0.000e+00
     -0.040    12.1380   0.000014     0.0063         79     0.3250  0.000e+00
     -0.044    12.1381   0.000014     0.0063         80     0.3292  0.000e+00
     -0.040    12.1380   0.000020     0.0063         81     0.3333  0.000e+00
     -0.047    12.1380   0.000014     0.0063         82     0.3375  0.000e+00
     -0.045    12.1380   0.000014     0.0063         83     0.3417  0.000e+00
     -0.042    12.1379   0.000020     0.0063         84     0.3458  0.000e+00
     -0.042    12.1381   0.000020     0.0063         85     0.3500  0.000e+00
     -0.044    12.1380   0.000014     0.0063         86     0.3542  0.000e+00
     -0.045    12.1380   0.000020     0.0063         87     0.3583  0.000e+00
     -0.044    12.1382   0.000020     0.0063         88     0.3625  0.000e+00
     -0.044    12.1380   0.000014     0.0063         89     0.3667  0.000e+00
     -0.044    12.1382   0.000020     0.0063         90     0.3708  0.000e+00
     -0.047    12.1382   0.000020     0.0063         91     0.3750  0.000e+00
     -0.049    12.1380   0.000020     0.0063         92     0.3792  0.000e+00
     -0.045    12.1382   0.000020     0.0063         93     0.3833  0.000e+00
     -0.045    12.1380   0.000014     0.0063         94     0.3875  0.000e+00
     -0.044    12.1382   0.000020     0.0063         95     0.3917  0.000e+00
     -0.045    12.1382   0.000014     0.0063         96     0.3958  0.000e+00
     -0.051    12.1383   0.000020     0.0063         97     0.4000  0.000e+00
     -0.044    12.1383   0.000020     0.0063         98     0.4042  0.000e+00
     -0.047    12.1382   0.000014     0.0063         99     0.4083  0.000e+00
     -0.049    12.1384   0.000020     0.0063        100     0.4125  0.000e+00
     -0.045    12.1384   0.000014     0.0063        101     0.4167  0.000e+00
     -0.045    12.1383   0.000020     0.0063        102     0.4208  0.000e+00
     -0.040    12.1385   0.000020     0.0063        103     0.4250  0.000e+00
     -0.038    12.1384   0.000020     0.0063        104     0.4292  0.000e+00
     -0.042    12.1384   0.000014     0.0063        105     0.4333  0.000e+00
     -0.045    12.1385   0.000020     0.0063        106     0.4375  0.000e+00
     -0.045    12.1384   0.000012     0.0063        107     0.4417  0.000e+00
     -0.040    12.1384   0.000020     0.0063        108     0.4458  0.000e+00
     -0.047    12.1385   0.000014     0.0063        109     0.4500  0.000e+00
     -0.042    12.1385   0.000020     0.0063        110     0.4542  0.000e+00
     -0.042    12.1386   0.000020     0.0063        111     0.4583  0.000e+00
     -0.042    12.1385   0.000014     0.0063        112     0.4625  0.000e+00
     -0.042    12.1385   0.000026     0.0063        113     0.4667  0.000e+00
     -0.042    12.1385   0.000014     0.0063        114     0.4708  0.000e+00
     -0.040    12.1386   0.000014     0.0063        115     0.4750  0.000e+00
     -0.044    12.1386   0.000020     0.0063        116     0.4792  0.000e+00
     -0.042    12.1386   0.000014     0.0063        117     0.4833  0.000e+00
     -0.044    12.1387   0.000020     0.0063        118     0.4875  0.000e+00
     -0.040    12.1387   0.000014     0.0063        119     0.4917  0.000e+00
     -0.042    12.1387   0.000020     0.0063        120     0.4958  0.000e+00
     -0.042    12.1388   0.000020     0.0063        121     0.5000  0.000e+00
     -0.047    12.1387   0.000026     0.0063        122     0.5042  0.000e+00
     -0.042    12.1390   0.000020     0.0063        123     0.5083  0.000e+00
     -0.042    12.1387   0.000020     0.0063        124     0.5125  0.000e+00
     -0.038    12.1388   0.000026     0.0063        125     0.5167  0.000e+00
     -0.038    12.1389   0.000020     0.0063        126     0.5208  0.000e+00
     -0.038    12.1388   0.000020     0.0063        127     0.5250  0.000e+00
     -0.042    12.1390   0.000020     0.0063        128     0.5292  0.000e+00
     -0.044    12.1387   0.000014     0.0063        129     0.5333  0.000e+00
     -0.040    12.1390   0.000020     0.0063        130     0.5375  0.000e+00
     -0.045    12.1390   0.000020     0.0063        131     0.5417  0.000e+00
     -0.042    12.1387   0.000020     0.0063        132     0.5458  0.000e+00
     -0.038    12.1389   0.000020     0.0063        133     0.5500  0.000e+00
     -0.042    12.1388   0.000020     0.0063        134     0.5542  0.000e+00
     -0.044    12.1391   0.000012     0.0063        135     0.5583  0.000e+00
     -0.044    12.1389   0.000020     0.0063        136     0.5625  0.000e+00
     -0.042    12.1390   0.000020     0.0063        137     0.5667  0.000e+00
     -0.045    12.1390   0.000014     0.0063        138     0.5708  0.000e+00
     -0.044    12.1389   0.000020     0.0063        139     0.5750  0.000e+00
     -0.045    12.1390   0.000020     0.0063        140     0.5792  0.000e+00
     -0.042    12.1388   0.000014     0.0063        141     0.5833  0.000e+00
     -0.040    12.1390   0.000020     0.0063        142     0.5875  0.000e+00
     -0.040    12.1390   0.000014     0.0063        143     0.5917  0.000e+00
     -0.045    12.1389   0.000020     0.0063        144     0.5958  0.000e+00
     -0.044    12.1391   0.000020     0.0063        145     0.6000  0.000e+00
     -0.044    12.1390   0.000020     0.0063        146     0.6042  0.000e+00
     -0.042    12.1389   0.000014     0.0063        147     0.6083  0.000e+00
     -0.042    12.1387   0.000014     0.0063        148     0.6125  0.000e+00
     -0.038    12.1388   0.000020     0.0063        149     0.6167  0.000e+00
     -0.036    12.1390   0.000020     0.0063        150     0.6208  0.000e+00
     -0.042    12.1389   0.000014     0.0063        151     0.6250  0.000e+00
     -0.044    12.1390   0.000020     0.0063        152     0.6292  0.000e+00
     -0.042    12.1387   0.000020     0.0063        153     0.6333  0.000e+00
     -0.045    12.1388   0.000020     0.0063        154     0.6375  0.000e+00
     -0.040    12.1390   0.000020     0.0063        155     0.6417  0.000e+00
     -0.042    12.1389   0.000020     0.0063        156     0.6458  0.000e+00
     -0.044    12.1388   0.000031     0.0063        157     0.6500  0.000e+00
     -0.040    12.1387   0.000020     0.0063        158     0.6542  0.000e+00
     -0.040    12.1390   0.000020     0.0063        159     0.6583  0.000e+00
     -0.036    12.1387   0.000014     0.0063        160     0.6625  0.000e+00
     -0.038    12.1388   0.000014     0.0063        161     0.6667  0.000e+00
     -0.040    12.1387   0.000020     0.0063        162     0.6708  0.000e+00
     -0.051    12.1387   0.000020     0.0063        163     0.6750  0.000e+00
     -0.045    12.1389   0.000014     0.0063        164     0.6792  0.000e+00
     -0.042    12.1387   0.000020     0.0063        165     0.6833  0.000e+00
     -0.040    12.1388   0.000020     0.0063        166     0.6875  0.000e+00
     -0.040    12.1386   0.000026     0.0063        167     0.6917  0.000e+00
     -0.038    12.1387   0.000020     0.0063        168     0.6958  0.000e+00
     -0.045    12.1386   0.000014     0.0063        169     0.7000  0.000e+00
     -0.042    12.1387   0.000020     0.0063        170     0.7042  0.000e+00
     -0.038    12.1387   0.000020     0.0063        171     0.7083  0.000e+00
     -0.038    12.1383   0.000020     0.0063        172     0.7125  0.000e+00
     -0.040    12.1385   0.000020     0.0063        173     0.7167  0.000e+00
     -0.040    12.1384   0.000014     0.0063        174     0.7208  0.000e+00
     -0.042    12.1383   0.000026     0.0063        175     0.7250  0.000e+00
     -0.036    12.1382   0.000026     0.0063        176     0.7292  0.000e+00
     -0.038    12.1383   0.000020     0.0063        177     0.7333  0.000e+00
     -0.042    12.1382   0.000014     0.0063        178     0.7375  0.000e+00
     -0.040    12.1381   0.000020     0.0063        179     0.7417  0.000e+00
     -0.036    12.1382   0.000014     0.0063        180     0.7458  0.000e+00
     -0.038    12.1380   0.000020     0.0063        181     0.7500  0.000e+00
     -0.042    12.1381   0.000014     0.0063        182     0.7542  0.000e+00
     -0.038    12.1379   0.000020     0.0063        183     0.7583  0.000e+00
     -0.040    12.1379   0.000014     0.0063        184     0.7625  0.000e+00
     -0.036    12.1379   0.000020     0.0063        185     0.7667  0.000e+00
     -0.036    12.1378   0.000020     0.0063        186     0.7708  0.000e+00
     -0.040    12.1378   0.000020     0.0063        187     0.7750  0.000e+00
     -0.036    12.1377   0.000020     0.0063        188     0.7792  0.000e+00
     -0.029    12.1379   0.000020     0.0063        189     0.7833  0.000e+00
     -0.033    12.1377   0.000020     0.0063        190     0.7875  0.000e+00
     -0.042    12.1377   0.000020     0.0063        191     0.7917  0.000e+00
     -0.040    12.1376   0.000020     0.0063        192     0.7958  0.000e+00
     -0.033    12.1375   0.000020     0.0063        193     0.8000  0.000e+00
     -0.031    12.1378   0.000020     0.0063        194     0.8042  0.000e+00
     -0.029    12.1388   0.000012     0.0063        195     0.8083  0.000e+00
     -0.033    12.1411   0.000020     0.0063        196     0.8125  0.000e+00
      0.017    12.1465   1.085071     8.3686        197     0.8167  0.000e+00
      0.201    12.1065   2.557801    21.2838        198     0.8208  0.000e+00
      0.357    11.7582   2.342129    19.5053        199     0.8250  0.000e+00
      0.422    11.3943   3.179400    27.5681        200     0.8292  0.000e+00
      0.411    11.1699   3.290687    28.8121        201     0.8333  0.000e+00
      0.368    11.0205   2.855457    24.7347        202     0.8375  0.000e+00
      0.323    10.9292   2.261311    19.1945        203     0.8417  0.000e+00
      0.314    10.8871   3.629378    32.3681        204     0.8458  0.000e+00
      0.375    10.8965   3.621797    32.2846        205     0.8500  0.000e+00
      0.476    10.8601   3.626785    32.3662        206     0.8542  0.000e+00
      0.600    10.7946   3.630483    32.4608        207     0.8583  0.000e+00
      0.727    10.7420   3.639980    32.6021        208     0.8625  0.000e+00
      0.826    10.7042   3.643277    32.6687        209     0.8667  0.000e+00
      0.893    10.6946   3.642080    32.6653        210     0.8708  0.000e+00
      0.929    10.6831   3.637047    32.6254        211     0.8750  0.000e+00
      0.941    10.6382   3.629822    32.5933        212     0.8792  0.000e+00
      0.954    10.5796   3.627843    32.6260        213     0.8833  0.000e+00
      0.992    10.5240   3.627274    32.6700        214     0.8875  0.000e+00
      1.035    10.4817   3.626545    32.7008        215     0.8917  0.000e+00
