HB2402/sbe002.cnv
* Sea-Bird SBE 19plus V2 Data File:
* FileName = C:\cruise\data\sbe002.hex
* Software Version Seasave V 7.26.7.121
* Temperature SN = 7142
* Conductivity SN = 7142
* System UpLoad Time = Mar 08 2024 12:38:44
* NMEA Latitude = 38 10.62 N
* NMEA Longitude = 074 34.89 W
* NMEA UTC (Time) = Mar 08 2024  12:38:09
** Ship: Bigelow
** Cruise:  HB2304
** Program:  Fall Bottom Trawl
# nquan = 7
# nvalues = 1299                                  
# units = specified
# name 0 = depSM: Depth [salt water, m]
# name 1 = tv290C: Temperature [ITS-90, deg C]
# name 2 = c0S/m: Conductivity [S/m]
# name 3 = sal00: Salinity, Practical [PSU]
# name 4 = scan: Scan Count
# name 5 = timeM: Time, Elapsed [minutes]
# name 6 = flag:  0.000e+00
# span 0 =      0.003,     35.611                 
# span 1 =     7.4593,     8.2505                 
# span 2 =   0.000076,   3.304673                 
# span 3 =     0.0041,    32.0874                 
# span 4 =         11,       1309                 
# span 5 =     0.0417,     5.4500                 
# span 6 = 0.0000e+00, 0.0000e+00                 
# interval = seconds: 0.25
# start_time = Mar 08 2024 12:38:09 [NMEA time, header]
# bad_flag = -9.990e-29
*END*
[from data line 1026]
      7.849     7.7219   3.254712    31.3353       1037     4.3167  0.000e+00
      7.910     7.7227   3.254935    31.3369       1038     4.3208  0.000e+00
      7.970     7.7233   3.254530    31.3320       1039     4.3250  0.000e+00
      8.031     7.7232   3.254548    31.3322       1040     4.3292  0.000e+00
      8.085     7.7230   3.254166    31.3284       1041     4.3333  0.000e+00
      8.130     7.7224   3.253696    31.3238       1042     4.3375  0.000e+00
      8.155     7.7214   3.252986    31.3171       1043     4.3417  0.000e+00
      8.164     7.7198   3.252457    31.3130       1044     4.3458  0.000e+00
      8.153     7.7178   3.252481    31.3150       1045     4.3500  0.000e+00
      8.130     7.7167   3.252434    31.3155       1046     4.3542  0.000e+00
      8.092     7.7161   3.252375    31.3155       1047     4.3583  0.000e+00
      8.043     7.7155   3.252211    31.3142       1048     4.3625  0.000e+00
      7.989     7.7149   3.252193    31.3146       1049     4.3667  0.000e+00
      7.921     7.7145   3.252275    31.3159       1050     4.3708  0.000e+00
      7.840     7.7142   3.252540    31.3190       1051     4.3750  0.000e+00
      7.756     7.7147   3.252598    31.3192       1052     4.3792  0.000e+00
      7.662     7.7153   3.252416    31.3168       1053     4.3833  0.000e+00
      7.560     7.7153   3.252680    31.3196       1054     4.3875  0.000e+00
      7.456     7.7157   3.252516    31.3176       1055     4.3917  0.000e+00
      7.346     7.7159   3.252475    31.3170       1056     4.3958  0.000e+00
      7.234     7.7158   3.252639    31.3190       1057     4.4000  0.000e+00
      7.121     7.7158   3.253168    31.3246       1058     4.4042  0.000e+00
      7.012     7.7167   3.253209    31.3243       1059     4.4083  0.000e+00
      6.925     7.7181   3.253003    31.3208       1060     4.4125  0.000e+00
      6.855     7.7187   3.253349    31.3240       1061     4.4167  0.000e+00
      6.819     7.7192   3.253144    31.3215       1062     4.4208  0.000e+00
      6.805     7.7191   3.253209    31.3222       1063     4.4250  0.000e+00
      6.835     7.7187   3.253573    31.3264       1064     4.4292  0.000e+00
      6.898     7.7188   3.253860    31.3294       1065     4.4333  0.000e+00
      6.959     7.7195   3.253778    31.3279       1066     4.4375  0.000e+00
      7.012     7.7199   3.253796    31.3277       1067     4.4417  0.000e+00
      7.037     7.7200   3.253473    31.3241       1068     4.4458  0.000e+00
      7.046     7.7198   3.253349    31.3230       1069     4.4500  0.000e+00
      7.030     7.7190   3.253250    31.3226       1070     4.4542  0.000e+00
      6.990     7.7185   3.253291    31.3235       1071     4.4583  0.000e+00
      6.931     7.7181   3.253473    31.3258       1072     4.4625  0.000e+00
      6.825     7.7183   3.252944    31.3201       1073     4.4667  0.000e+00
      6.686     7.7179   3.252416    31.3149       1074     4.4708  0.000e+00
      6.519     7.7164   3.252375    31.3159       1075     4.4750  0.000e+00
      6.341     7.7154   3.252416    31.3173       1076     4.4792  0.000e+00
      6.172     7.7146   3.252463    31.3186       1077     4.4833  0.000e+00
      6.037     7.7144   3.252433    31.3185       1078     4.4875  0.000e+00
      5.951     7.7141   3.252433    31.3188       1079     4.4917  0.000e+00
      5.922     7.7141   3.252457    31.3191       1080     4.4958  0.000e+00
      5.958     7.7141   3.252457    31.3191       1081     4.5000  0.000e+00
      6.027     7.7142   3.252457    31.3190       1082     4.5042  0.000e+00
      6.122     7.7142   3.252474    31.3191       1083     4.5083  0.000e+00
      6.217     7.7140   3.252516    31.3197       1084     4.5125  0.000e+00
      6.300     7.7141   3.252516    31.3195       1085     4.5167  0.000e+00
      6.356     7.7143   3.252539    31.3196       1086     4.5208  0.000e+00
      6.384     7.7145   3.252557    31.3196       1087     4.5250  0.000e+00
      6.395     7.7147   3.252598    31.3199       1088     4.5292  0.000e+00
      6.359     7.7148   3.252639    31.3202       1089     4.5333  0.000e+00
      6.286     7.7150   3.252721    31.3210       1090     4.5375  0.000e+00
      6.167     7.7152   3.252680    31.3204       1091     4.5417  0.000e+00
      6.014     7.7152   3.252656    31.3202       1092     4.5458  0.000e+00
      5.842     7.7153   3.252656    31.3202       1093     4.5500  0.000e+00
      5.658     7.7154   3.253308    31.3271       1094     4.5542  0.000e+00
      5.488     7.7159   3.253490    31.3287       1095     4.5583  0.000e+00
      5.353     7.7167   3.253736    31.3306       1096     4.5625  0.000e+00
      5.256     7.7176   3.253267    31.3248       1097     4.5667  0.000e+00
      5.198     7.7181   3.252920    31.3207       1098     4.5708  0.000e+00
      5.177     7.7176   3.253108    31.3232       1099     4.5750  0.000e+00
      5.205     7.7171   3.253085    31.3234       1100     4.5792  0.000e+00
      5.256     7.7170   3.253490    31.3278       1101     4.5833  0.000e+00
      5.311     7.7172   3.253672    31.3296       1102     4.5875  0.000e+00
      5.369     7.7180   3.253778    31.3300       1103     4.5917  0.000e+00
      5.414     7.7187   3.253960    31.3312       1104     4.5958  0.000e+00
      5.441     7.7198   3.254083    31.3315       1105     4.6000  0.000e+00
      5.450     7.7205   3.253960    31.3296       1106     4.6042  0.000e+00
      5.417     7.7206   3.253472    31.3243       1107     4.6083  0.000e+00
      5.360     7.7202   3.253102    31.3207       1108     4.6125  0.000e+00
      5.268     7.7195   3.252944    31.3197       1109     4.6167  0.000e+00
      5.162     7.7187   3.252844    31.3194       1110     4.6208  0.000e+00
      5.049     7.7182   3.252738    31.3188       1111     4.6250  0.000e+00
      4.932     7.7176   3.253026    31.3225       1112     4.6292  0.000e+00
      4.832     7.7176   3.253184    31.3242       1113     4.6333  0.000e+00
      4.761     7.7180   3.252985    31.3217       1114     4.6375  0.000e+00
      4.713     7.7179   3.252961    31.3216       1115     4.6417  0.000e+00
      4.677     7.7178   3.253043    31.3226       1116     4.6458  0.000e+00
      4.659     7.7178   3.253143    31.3236       1117     4.6500  0.000e+00
      4.637     7.7180   3.253002    31.3220       1118     4.6542  0.000e+00
      4.601     7.7181   3.252844    31.3202       1119     4.6583  0.000e+00
      4.553     7.7177   3.252803    31.3202       1120     4.6625  0.000e+00
      4.468     7.7175   3.252803    31.3204       1121     4.6667  0.000e+00
      4.344     7.7174   3.253067    31.3233       1122     4.6708  0.000e+00
      4.188     7.7175   3.253108    31.3238       1123     4.6750  0.000e+00
      4.026     7.7177   3.248882    31.2786       1124     4.6792  0.000e+00
      3.884     7.7179   3.252849    31.3208       1125     4.6833  0.000e+00
      3.778     7.7178   3.252579    31.3181       1126     4.6875  0.000e+00
      3.730     7.7173   3.252538    31.3180       1127     4.6917  0.000e+00
      3.714     7.7170   3.252356    31.3164       1128     4.6958  0.000e+00
      3.760     7.7168   3.252556    31.3187       1129     4.7000  0.000e+00
      3.830     7.7167   3.252556    31.3187       1130     4.7042  0.000e+00
      3.904     7.7166   3.252697    31.3203       1131     4.7083  0.000e+00
      3.989     7.7167   3.252761    31.3209       1132     4.7125  0.000e+00
      4.068     7.7170   3.252738    31.3204       1133     4.7167  0.000e+00
      4.132     7.7170   3.252720    31.3201       1134     4.7208  0.000e+00
      4.179     7.7170   3.252779    31.3207       1135     4.7250  0.000e+00
      4.208     7.7170   3.252738    31.3202       1136     4.7292  0.000e+00
      4.215     7.7172   3.252902    31.3219       1137     4.7333  0.000e+00
      4.199     7.7173   3.252779    31.3205       1138     4.7375  0.000e+00
      4.156     7.7173   3.252803    31.3207       1139     4.7417  0.000e+00
      4.095     7.7176   3.252803    31.3205       1140     4.7458  0.000e+00
      4.041     7.7175   3.252826    31.3208       1141     4.7500  0.000e+00
      3.998     7.7176   3.253026    31.3228       1142     4.7542  0.000e+00
      3.974     7.7179   3.253043    31.3228       1143     4.7583  0.000e+00
      3.962     7.7183   3.252920    31.3212       1144     4.7625  0.000e+00
      3.967     7.7180   3.253002    31.3223       1145     4.7667  0.000e+00
      3.974     7.7176   3.253108    31.3238       1146     4.7708  0.000e+00
      3.974     7.7177   3.253084    31.3234       1147     4.7750  0.000e+00
      3.947     7.7180   3.253143    31.3238       1148     4.7792  0.000e+00
      3.893     7.7180   3.252943    31.3217       1149     4.7833  0.000e+00
      3.802     7.7178   3.252920    31.3217       1150     4.7875  0.000e+00
      3.627     7.7173   3.252844    31.3213       1151     4.7917  0.000e+00
      3.390     7.7167   3.252761    31.3211       1152     4.7958  0.000e+00
      3.104     7.7165   3.252720    31.3210       1153     4.8000  0.000e+00
      2.788     7.7161   3.252738    31.3217       1154     4.8042  0.000e+00
      2.436     7.7160   3.252655    31.3211       1155     4.8083  0.000e+00
      2.096     7.7162   3.252655    31.3211       1156     4.8125  0.000e+00
      1.835     7.7163   3.252655    31.3211       1157     4.8167  0.000e+00
      1.663     7.7165   3.252579    31.3201       1158     4.8208  0.000e+00
      1.544     7.7166   3.252614    31.3205       1159     4.8250  0.000e+00
      1.499     7.7167   3.252579    31.3201       1160     4.8292  0.000e+00
      1.534     7.7165   3.252596    31.3204       1161     4.8333  0.000e+00
      1.647     7.7165   3.252614    31.3206       1162     4.8375  0.000e+00
      1.805     7.7164   3.252637    31.3208       1163     4.8417  0.000e+00
      1.981     7.7165   3.252679    31.3211       1164     4.8458  0.000e+00
      2.172     7.7165   3.252696    31.3212       1165     4.8500  0.000e+00
      2.358     7.7167   3.252696    31.3210       1166     4.8542  0.000e+00
      2.531     7.7169   3.252761    31.3214       1167     4.8583  0.000e+00
      2.691     7.7169   3.252779    31.3215       1168     4.8625  0.000e+00
      2.851     7.7167   3.252843    31.3222       1169     4.8667  0.000e+00
      3.014     7.7167   3.252820    31.3220       1170     4.8708  0.000e+00
      3.169     7.7168   3.252738    31.3209       1171     4.8750  0.000e+00
      3.291     7.7167   3.252738    31.3210       1172     4.8792  0.000e+00
      3.383     7.7167   3.252750    31.3211       1173     4.8833  0.000e+00
      3.435     7.7165   3.252820    31.3220       1174     4.8875  0.000e+00
      3.449     7.7164   3.252802    31.3218       1175     4.8917  0.000e+00
      3.408     7.7164   3.252843    31.3223       1176     4.8958  0.000e+00
      3.338     7.7164   3.252820    31.3221       1177     4.9000  0.000e+00
      3.232     7.7164   3.252779    31.3217       1178     4.9042  0.000e+00
      3.102     7.7164   3.252820    31.3222       1179     4.9083  0.000e+00
      2.926     7.7165   3.252761    31.3215       1180     4.9125  0.000e+00
      2.686     7.7165   3.252761    31.3216       1181     4.9167  0.000e+00
      2.416     7.7168   3.252737    31.3213       1182     4.9208  0.000e+00
      2.157     7.7170   3.252737    31.3212       1183     4.9250  0.000e+00
      1.924     7.7170   3.252737    31.3213       1184     4.9292  0.000e+00
      1.740     7.7170   3.252778    31.3218       1185     4.9333  0.000e+00
      1.602     7.7172   3.252861    31.3226       1186     4.9375  0.000e+00
      1.490     7.7175   3.252878    31.3225       1187     4.9417  0.000e+00
      1.384     7.7176   3.252819    31.3219       1188     4.9458  0.000e+00
      1.302     7.7174   3.252790    31.3218       1189     4.9500  0.000e+00
      1.266     7.7169   3.252902    31.3234       1190     4.9542  0.000e+00
      1.273     7.7168   3.253084    31.3255       1191     4.9583  0.000e+00
      1.302     7.7167   3.252943    31.3240       1192     4.9625  0.000e+00
      1.316     7.7167   3.252919    31.3238       1193     4.9667  0.000e+00
      1.309     7.7168   3.250178    31.2945       1194     4.9708  0.000e+00
      1.250     7.7169   3.253025    31.3248       1195     4.9750  0.000e+00
      1.145     7.7172   3.253066    31.3250       1196     4.9792  0.000e+00
      0.980     7.7174   3.253512    31.3296       1197     4.9833  0.000e+00
      0.833     7.7183   3.253571    31.3295       1198     4.9875  0.000e+00
      0.790     7.7190   3.253224    31.3252       1199     4.9917  0.000e+00
      0.883     7.7190   3.253042    31.3232       1200     4.9958  0.000e+00
      1.045     7.7184   3.253125    31.3246       1201     5.0000  0.000e+00
      1.226     7.7180   3.253025    31.3238       1202     5.0042  0.000e+00
      1.390     7.7178   3.253042    31.3241       1203     5.0083  0.000e+00
      1.508     7.7179   3.253330    31.3270       1204     5.0125  0.000e+00
      1.586     7.7182   3.253735    31.3310       1205     5.0167  0.000e+00
      1.609     7.7187   3.253489    31.3279       1206     5.0208  0.000e+00
      1.557     7.7189   3.253389    31.3267       1207     5.0250  0.000e+00
      1.445     7.7187   3.253307    31.3261       1208     5.0292  0.000e+00
      1.381     7.7181   3.252473    31.3178       1209     5.0333  0.000e+00
      1.401     7.7159   3.252432    31.3192       1210     5.0375  0.000e+00
      1.472     7.7137   3.252432    31.3212       1211     5.0417  0.000e+00
      1.564     7.7126   3.252391    31.3217       1212     5.0458  0.000e+00
      1.672     7.7121   3.252414    31.3224       1213     5.0500  0.000e+00
      1.776     7.7119   3.252356    31.3219       1214     5.0542  0.000e+00
      1.843     7.7114   3.252332    31.3220       1215     5.0583  0.000e+00
      1.870     7.7111   3.252315    31.3221       1216     5.0625  0.000e+00
      1.852     7.7107   3.252638    31.3259       1217     5.0667  0.000e+00
      1.803     7.7114   3.252761    31.3266       1218     5.0708  0.000e+00
      1.699     7.7125   3.252456    31.3224       1219     5.0750  0.000e+00
      1.564     7.7126   3.252614    31.3241       1220     5.0792  0.000e+00
      1.401     7.7126   3.252925    31.3275       1221     5.0833  0.000e+00
      1.208     7.7137   3.252819    31.3254       1222     5.0875  0.000e+00
      0.982     7.7147   3.252555    31.3219       1223     5.0917  0.000e+00
      0.768     7.7151   3.252737    31.3235       1224     5.0958  0.000e+00
      0.543     7.7152   3.252596    31.3220       1225     5.1000  0.000e+00
      0.159     7.7148   2.739057    25.9101       1226     5.1042  0.000e+00
      0.013     7.7145   0.757066     6.4201       1227     5.1083  0.000e+00
      0.018     7.7071   0.400355     3.2503       1228     5.1125  0.000e+00
      0.011     7.6881   0.310760     2.4848       1229     5.1167  0.000e+00
      0.008     7.6673   0.293558     2.3406       1230     5.1208  0.000e+00
      0.013     7.6594   0.259780     2.0569       1231     5.1250  0.000e+00
      0.006     7.6579   0.246309     1.9444       1232     5.1292  0.000e+00
      0.013     7.6577   0.213899     1.6752       1233     5.1333  0.000e+00
      0.078     7.6599   0.150805     1.1593       1234     5.1375  0.000e+00
      0.141     7.6644   0.185553     1.4417       1235     5.1417  0.000e+00
      0.274     7.6735   0.265373     2.1030       1236     5.1458  0.000e+00
      0.408     7.6836   0.807114     6.8831       1237     5.1500  0.000e+00
      0.425     7.6906   1.252859    11.0547       1238     5.1542  0.000e+00
      0.310     7.6965   1.623836    14.6410       1239     5.1583  0.000e+00
      0.096     7.7029   2.645342    24.9453       1240     5.1625  0.000e+00
