HB2402/sbe073.cnv
* Sea-Bird SBE 19plus V2 Data File:
* FileName = C:\cruise\data\sbe073.hex
* Software Version Seasave V 7.26.7.121
* Temperature SN = 7037
* Conductivity SN = 7037
* System UpLoad Time = Apr 11 2024 03:10:40
* NMEA Latitude = 40 23.60 N
* NMEA Longitude = 068 48.79 W
* NMEA UTC (Time) = Apr 11 2024  03:10:06
** Ship: Bigelow
** Cruise:  HB2304
** Program:  Fall Bottom Trawl
# nquan = 8
# nvalues = 1818                                  
# units = specified
# name 0 = depSM: Depth [salt water, m]
# name 1 = tv290C: Temperature [ITS-90, deg C]
# name 2 = c0S/m: Conductivity [S/m]
# name 3 = sal00: Salinity, Practical [PSU]
# name 4 = scan: Scan Count
# name 5 = timeM: Time, Elapsed [minutes]
# name 6 = sbeox0V: Oxygen raw, SBE 43 [V]
# name 7 = flag:  0.000e+00
# span 0 =      0.002,     78.919                 
# span 1 =     5.4106,     9.0771                 
# span 2 =   0.000036,   3.337002                 
# span 3 =     0.0046,    33.3167                 
# span 4 =         11,       1828                 
# span 5 =     0.0417,     7.6125                 
# span 6 =     1.9717,     2.4318                 
# span 7 = 0.0000e+00, 0.0000e+00                 
# interval = seconds: 0.25
# start_time = Apr 11 2024 03:10:06 [NMEA time, header]
# bad_flag = -9.990e-29
*END*
[from data line 1439]
     15.486     5.4846   3.143176    32.1832       1450     6.0375     2.3690  0.000e+00
     15.430     5.4833   3.143000    32.1825       1451     6.0417     2.3701  0.000e+00
     15.361     5.4821   3.143567    32.1901       1452     6.0458     2.3701  0.000e+00
     15.286     5.4825   3.143430    32.1883       1453     6.0500     2.3699  0.000e+00
     15.204     5.4835   3.143490    32.1880       1454     6.0542     2.3709  0.000e+00
     15.118     5.4842   3.143352    32.1858       1455     6.0583     2.3715  0.000e+00
     15.025     5.4840   3.143099    32.1832       1456     6.0625     2.3712  0.000e+00
     14.939     5.4832   3.143275    32.1860       1457     6.0667     2.3708  0.000e+00
     14.850     5.4826   3.143165    32.1853       1458     6.0708     2.3712  0.000e+00
     14.771     5.4825   3.143137    32.1851       1459     6.0750     2.3704  0.000e+00
     14.696     5.4821   3.143198    32.1863       1460     6.0792     2.3711  0.000e+00
     14.626     5.4819   3.142862    32.1826       1461     6.0833     2.3714  0.000e+00
     14.570     5.4809   3.142570    32.1804       1462     6.0875     2.3701  0.000e+00
     14.516     5.4787   3.142531    32.1821       1463     6.0917     2.3700  0.000e+00
     14.469     5.4766   3.142493    32.1836       1464     6.0958     2.3704  0.000e+00
     14.431     5.4754   3.142531    32.1853       1465     6.1000     2.3703  0.000e+00
     14.407     5.4745   3.142553    32.1864       1466     6.1042     2.3701  0.000e+00
     14.387     5.4740   3.142515    32.1864       1467     6.1083     2.3711  0.000e+00
     14.367     5.4738   3.142713    32.1889       1468     6.1125     2.3699  0.000e+00
     14.357     5.4744   3.142807    32.1894       1469     6.1167     2.3690  0.000e+00
     14.344     5.4754   3.142746    32.1878       1470     6.1208     2.3693  0.000e+00
     14.338     5.4759   3.142708    32.1868       1471     6.1250     2.3696  0.000e+00
     14.319     5.4759   3.142454    32.1839       1472     6.1292     2.3693  0.000e+00
     14.301     5.4748   3.142256    32.1828       1473     6.1333     2.3693  0.000e+00
     14.272     5.4731   3.142003    32.1815       1474     6.1375     2.3692  0.000e+00
     14.230     5.4709   3.141925    32.1828       1475     6.1417     2.3693  0.000e+00
     14.174     5.4686   3.141634    32.1817       1476     6.1458     2.3693  0.000e+00
     14.111     5.4662   3.141419    32.1816       1477     6.1500     2.3694  0.000e+00
     14.035     5.4630   3.141419    32.1847       1478     6.1542     2.3697  0.000e+00
     13.948     5.4610   3.141689    32.1897       1479     6.1583     2.3696  0.000e+00
     13.849     5.4609   3.141303    32.1856       1480     6.1625     2.3701  0.000e+00
     13.757     5.4596   3.141127    32.1848       1481     6.1667     2.3695  0.000e+00
     13.650     5.4575   3.141127    32.1869       1482     6.1708     2.3696  0.000e+00
     13.542     5.4559   3.141182    32.1891       1483     6.1750     2.3698  0.000e+00
     13.428     5.4552   3.141380    32.1921       1484     6.1792     2.3681  0.000e+00
     13.316     5.4556   3.141518    32.1933       1485     6.1833     2.3681  0.000e+00
     13.215     5.4569   3.141584    32.1929       1486     6.1875     2.3680  0.000e+00
     13.112     5.4582   3.141633    32.1922       1487     6.1917     2.3670  0.000e+00
     13.020     5.4593   3.141556    32.1904       1488     6.1958     2.3678  0.000e+00
     12.938     5.4599   3.142024    32.1951       1489     6.2000     2.3686  0.000e+00
     12.871     5.4617   3.141964    32.1927       1490     6.2042     2.3667  0.000e+00
     12.812     5.4639   3.142608    32.1980       1491     6.2083     2.3681  0.000e+00
     12.777     5.4670   3.143159    32.2012       1492     6.2125     2.3685  0.000e+00
     12.756     5.4727   3.142707    32.1907       1493     6.2167     2.3679  0.000e+00
     12.745     5.4753   3.142531    32.1862       1494     6.2208     2.3683  0.000e+00
     12.745     5.4747   3.142861    32.1906       1495     6.2250     2.3693  0.000e+00
     12.743     5.4758   3.142426    32.1846       1496     6.2292     2.3698  0.000e+00
     12.745     5.4754   3.142861    32.1898       1497     6.2333     2.3691  0.000e+00
     12.745     5.4760   3.142569    32.1860       1498     6.2375     2.3691  0.000e+00
     12.737     5.4759   3.142647    32.1869       1499     6.2417     2.3689  0.000e+00
     12.730     5.4758   3.142746    32.1881       1500     6.2458     2.3681  0.000e+00
     12.710     5.4764   3.143490    32.1960       1501     6.2500     2.3686  0.000e+00
     12.676     5.4798   3.143390    32.1916       1502     6.2542     2.3682  0.000e+00
     12.632     5.4828   3.143451    32.1895       1503     6.2583     2.3683  0.000e+00
     12.569     5.4846   3.143511    32.1884       1504     6.2625     2.3683  0.000e+00
     12.499     5.4859   3.143495    32.1871       1505     6.2667     2.3688  0.000e+00
     12.414     5.4867   3.143390    32.1852       1506     6.2708     2.3695  0.000e+00
     12.318     5.4868   3.143274    32.1838       1507     6.2750     2.3681  0.000e+00
     12.219     5.4865   3.143214    32.1835       1508     6.2792     2.3696  0.000e+00
     12.118     5.4861   3.143352    32.1855       1509     6.2833     2.3685  0.000e+00
     12.013     5.4860   3.143059    32.1823       1510     6.2875     2.3690  0.000e+00
     11.914     5.4854   3.142944    32.1816       1511     6.2917     2.3680  0.000e+00
     11.812     5.4841   3.143021    32.1837       1512     6.2958     2.3695  0.000e+00
     11.716     5.4834   3.142960    32.1838       1513     6.3000     2.3701  0.000e+00
     11.637     5.4831   3.143390    32.1890       1514     6.3042     2.3698  0.000e+00
     11.556     5.4842   3.143368    32.1878       1515     6.3083     2.3706  0.000e+00
     11.489     5.4851   3.143021    32.1830       1516     6.3125     2.3714  0.000e+00
     11.429     5.4847   3.142944    32.1825       1517     6.3167     2.3709  0.000e+00
     11.377     5.4836   3.142982    32.1840       1518     6.3208     2.3712  0.000e+00
     11.333     5.4831   3.143489    32.1903       1519     6.3250     2.3707  0.000e+00
     11.295     5.4843   3.143957    32.1945       1520     6.3292     2.3718  0.000e+00
     11.263     5.4870   3.143373    32.1853       1521     6.3333     2.3716  0.000e+00
     11.239     5.4878   3.143175    32.1823       1522     6.3375     2.3719  0.000e+00
     11.218     5.4872   3.144233    32.1949       1523     6.3417     2.3715  0.000e+00
     11.205     5.4894   3.144839    32.1996       1524     6.3458     2.3705  0.000e+00
     11.194     5.4946   3.144354    32.1891       1525     6.3500     2.3704  0.000e+00
     11.187     5.4969   3.144470    32.1882       1526     6.3542     2.3716  0.000e+00
     11.183     5.4985   3.144370    32.1856       1527     6.3583     2.3720  0.000e+00
     11.182     5.4996   3.144387    32.1847       1528     6.3625     2.3695  0.000e+00
     11.178     5.5001   3.144332    32.1836       1529     6.3667     2.3706  0.000e+00
     11.171     5.5004   3.144172    32.1815       1530     6.3708     2.3701  0.000e+00
     11.156     5.4998   3.144117    32.1814       1531     6.3750     2.3700  0.000e+00
     11.134     5.4990   3.143704    32.1776       1532     6.3792     2.3709  0.000e+00
     11.095     5.4972   3.143863    32.1811       1533     6.3833     2.3706  0.000e+00
     11.053     5.4958   3.143726    32.1809       1534     6.3875     2.3718  0.000e+00
     10.981     5.4948   3.143577    32.1802       1535     6.3917     2.3715  0.000e+00
     10.894     5.4935   3.143863    32.1847       1536     6.3958     2.3707  0.000e+00
     10.778     5.4934   3.143863    32.1850       1537     6.4000     2.3722  0.000e+00
     10.639     5.4936   3.143957    32.1858       1538     6.4042     2.3716  0.000e+00
     10.495     5.4943   3.144938    32.1964       1539     6.4083     2.3718  0.000e+00
     10.328     5.4975   3.145682    32.2018       1540     6.4125     2.3725  0.000e+00
     10.169     5.5035   3.145153    32.1902       1541     6.4167     2.3724  0.000e+00
     10.008     5.5067   3.146718    32.2049       1542     6.4208     2.3731  0.000e+00
      9.851     5.5134   3.156507    32.3094       1543     6.4250     2.3727  0.000e+00
      9.732     5.5459   3.159990    32.3176       1544     6.4292     2.3731  0.000e+00
      9.634     5.5893   3.161193    32.2896       1545     6.4333     2.3751  0.000e+00
      9.558     5.6266   3.167092    32.3205       1546     6.4375     2.3757  0.000e+00
      9.510     5.6613   3.176037    32.3882       1547     6.4417     2.3767  0.000e+00
      9.484     5.7184   3.179821    32.3760       1548     6.4458     2.3780  0.000e+00
      9.479     5.7786   3.175858    32.2736       1549     6.4500     2.3818  0.000e+00
      9.479     5.8082   3.175736    32.2440       1550     6.4542     2.3828  0.000e+00
      9.491     5.8210   3.176151    32.2364       1551     6.4583     2.3844  0.000e+00
      9.508     5.8292   3.172512    32.1877       1552     6.4625     2.3856  0.000e+00
      9.533     5.8247   3.172733    32.1944       1553     6.4667     2.3857  0.000e+00
      9.546     5.8189   3.176074    32.2375       1554     6.4708     2.3859  0.000e+00
      9.544     5.8244   3.174746    32.2173       1555     6.4750     2.3867  0.000e+00
      9.535     5.8272   3.167614    32.1346       1556     6.4792     2.3871  0.000e+00
      9.529     5.8076   3.169134    32.1703       1557     6.4833     2.3879  0.000e+00
      9.517     5.7898   3.169588    32.1924       1558     6.4875     2.3875  0.000e+00
      9.492     5.7826   3.169334    32.1964       1559     6.4917     2.3873  0.000e+00
      9.455     5.7778   3.170179    32.2106       1560     6.4958     2.3883  0.000e+00
      9.410     5.7774   3.168858    32.1961       1561     6.5000     2.3877  0.000e+00
      9.343     5.7738   3.170240    32.2151       1562     6.5042     2.3887  0.000e+00
      9.273     5.7744   3.170776    32.2206       1563     6.5083     2.3885  0.000e+00
      9.204     5.7788   3.168267    32.1882       1564     6.5125     2.3891  0.000e+00
      9.134     5.7764   3.169671    32.2063       1565     6.5167     2.3892  0.000e+00
      9.063     5.7738   3.171799    32.2327       1566     6.5208     2.3899  0.000e+00
      8.996     5.7791   3.179599    32.3155       1567     6.5250     2.3896  0.000e+00
      8.944     5.8081   3.182139    32.3163       1568     6.5292     2.3901  0.000e+00
      8.893     5.8437   3.182731    32.2889       1569     6.5333     2.3924  0.000e+00
      8.854     5.8709   3.182000    32.2547       1570     6.5375     2.3934  0.000e+00
      8.825     5.8859   3.180632    32.2251       1571     6.5417     2.3948  0.000e+00
      8.787     5.8902   3.183688    32.2553       1572     6.5458     2.3954  0.000e+00
      8.752     5.8997   3.182830    32.2366       1573     6.5500     2.3950  0.000e+00
      8.713     5.9072   3.182813    32.2293       1574     6.5542     2.3954  0.000e+00
      8.675     5.9103   3.183350    32.2324       1575     6.5583     2.3973  0.000e+00
      8.613     5.9138   3.183328    32.2288       1576     6.5625     2.3974  0.000e+00
      8.545     5.9170   3.180909    32.1987       1577     6.5667     2.3986  0.000e+00
      8.460     5.9125   3.180887    32.2028       1578     6.5708     2.3971  0.000e+00
      8.362     5.9017   3.181877    32.2243       1579     6.5750     2.3973  0.000e+00
      8.250     5.9006   3.185947    32.2710       1580     6.5792     2.3983  0.000e+00
      8.122     5.9137   3.183804    32.2345       1581     6.5833     2.3985  0.000e+00
      7.997     5.9200   3.177975    32.1632       1582     6.5875     2.3992  0.000e+00
      7.863     5.9093   3.182652    32.2259       1583     6.5917     2.3977  0.000e+00
      7.742     5.9075   3.196937    32.3879       1584     6.5958     2.3996  0.000e+00
      7.639     5.9506   3.197835    32.3568       1585     6.6000     2.4002  0.000e+00
      7.535     5.9979   3.198273    32.3165       1586     6.6042     2.4021  0.000e+00
      7.451     6.0301   3.199870    32.3037       1587     6.6083     2.4035  0.000e+00
      7.381     6.0557   3.200330    32.2844       1588     6.6125     2.4073  0.000e+00
      7.336     6.0742   3.200308    32.2667       1589     6.6167     2.4078  0.000e+00
      7.303     6.0859   3.198971    32.2406       1590     6.6208     2.4069  0.000e+00
      7.303     6.0889   3.193126    32.1725       1591     6.6250     2.4081  0.000e+00
      7.327     6.0720   3.184262    32.0896       1592     6.6292     2.4087  0.000e+00
      7.363     6.0278   3.183703    32.1253       1593     6.6333     2.4063  0.000e+00
      7.401     5.9893   3.181024    32.1318       1594     6.6375     2.4045  0.000e+00
      7.451     5.9563   3.179358    32.1444       1595     6.6417     2.4033  0.000e+00
      7.511     5.9296   3.188234    32.2693       1596     6.6458     2.4022  0.000e+00
      7.542     5.9347   3.194236    32.3317       1597     6.6500     2.4000  0.000e+00
      7.554     5.9677   3.197158    32.3329       1598     6.6542     2.3999  0.000e+00
      7.560     6.0035   3.196520    32.2916       1599     6.6583     2.4014  0.000e+00
      7.552     6.0278   3.198234    32.2875       1600     6.6625     2.4018  0.000e+00
      7.522     6.0468   3.197973    32.2665       1601     6.6667     2.4025  0.000e+00
      7.473     6.0594   3.199448    32.2710       1602     6.6708     2.4033  0.000e+00
      7.390     6.0710   3.200069    32.2670       1603     6.6750     2.4047  0.000e+00
      7.296     6.0816   3.199509    32.2507       1604     6.6792     2.4054  0.000e+00
      7.186     6.0872   3.199647    32.2470       1605     6.6833     2.4052  0.000e+00
      7.037     6.0905   3.198671    32.2330       1606     6.6875     2.4057  0.000e+00
      6.893     6.0903   3.198970    32.2366       1607     6.6917     2.4076  0.000e+00
      6.739     6.0893   3.196419    32.2091       1608     6.6958     2.4065  0.000e+00
      6.577     6.0819   3.196475    32.2168       1609     6.7000     2.4073  0.000e+00
      6.434     6.0745   3.196713    32.2267       1610     6.7042     2.4082  0.000e+00
      6.325     6.0702   3.196037    32.2232       1611     6.7083     2.4079  0.000e+00
      6.231     6.0661   3.195260    32.2185       1612     6.7125     2.4076  0.000e+00
      6.172     6.0607   3.195138    32.2223       1613     6.7167     2.4075  0.000e+00
      6.130     6.0560   3.194939    32.2245       1614     6.7208     2.4070  0.000e+00
      6.112     6.0525   3.194323    32.2211       1615     6.7250     2.4074  0.000e+00
      6.118     6.0483   3.194063    32.2221       1616     6.7292     2.4062  0.000e+00
      6.138     6.0441   3.193786    32.2230       1617     6.7333     2.4068  0.000e+00
      6.174     6.0406   3.193470    32.2228       1618     6.7375     2.4073  0.000e+00
      6.210     6.0371   3.193170    32.2227       1619     6.7417     2.4071  0.000e+00
      6.228     6.0338   3.193642    32.2312       1620     6.7458     2.4074  0.000e+00
      6.240     6.0321   3.192672    32.2219       1621     6.7500     2.4080  0.000e+00
      6.237     6.0291   3.194046    32.2401       1622     6.7542     2.4071  0.000e+00
      6.220     6.0278   3.184400    32.1336       1623     6.7583     2.4076  0.000e+00
      6.173     6.0039   3.184400    32.1563       1624     6.7625     2.4071  0.000e+00
      6.128     5.9775   3.185353    32.1921       1625     6.7667     2.4061  0.000e+00
      6.065     5.9641   3.183703    32.1864       1626     6.7708     2.4053  0.000e+00
      5.998     5.9512   3.186982    32.2354       1627     6.7750     2.4050  0.000e+00
