HB2402/sbe053.cnv
* Sea-Bird SBE 19plus V2 Data File:
* FileName = C:\cruise\data\sbe053.hex
* Software Version Seasave V 7.26.7.121
* Temperature SN = 7037
* Conductivity SN = 7037
* System UpLoad Time = Apr 05 2024 13:18:02
** Ship: Bigelow
** Cruise:  HB2304
** Program:  Fall Bottom Trawl
# nquan = 8
# nvalues = 1316                                  
# units = specified
# name 0 = depSM: Depth [salt water, m], lat = 40.00
# name 1 = tv290C: Temperature [ITS-90, deg C]
# name 2 = c0S/m: Conductivity [S/m]
# name 3 = sal00: Salinity, Practical [PSU]
# name 4 = scan: Scan Count
# name 5 = timeM: Time, Elapsed [minutes]
# name 6 = sbeox0V: Oxygen raw, SBE 43 [V]
# name 7 = flag:  0.000e+00
# span 0 =     -0.160,     36.640                 
# span 1 =     3.7225,     5.4059                 
# span 2 =   0.000047,   3.064089                 
# span 3 =     0.0011,    31.9294                 
# span 4 =         11,       1326                 
# span 5 =     0.0417,     5.5208                 
# span 6 =     1.9064,     2.3394                 
# span 7 = 0.0000e+00, 0.0000e+00                 
# interval = seconds: 0.25
# start_time = Apr 05 2024 13:18:02 [System UTC, header]
# bad_flag = -9.990e-29
*END*
[from data line 720]
     20.273     5.3803   3.060517    31.3433        731     3.0417     2.3188  0.000e+00
     20.253     5.3807   3.060337    31.3409        732     3.0458     2.3190  0.000e+00
     20.228     5.3806   3.060326    31.3409        733     3.0500     2.3194  0.000e+00
     20.195     5.3802   3.060212    31.3400        734     3.0542     2.3191  0.000e+00
     20.157     5.3798   3.060081    31.3389        735     3.0583     2.3189  0.000e+00
     20.110     5.3792   3.060021    31.3388        736     3.0625     2.3195  0.000e+00
     20.069     5.3786   3.060005    31.3392        737     3.0667     2.3194  0.000e+00
     20.014     5.3782   3.059819    31.3375        738     3.0708     2.3192  0.000e+00
     19.966     5.3775   3.059797    31.3379        739     3.0750     2.3197  0.000e+00
     19.911     5.3768   3.059661    31.3371        740     3.0792     2.3196  0.000e+00
     19.862     5.3763   3.059541    31.3362        741     3.0833     2.3196  0.000e+00
     19.810     5.3758   3.059585    31.3372        742     3.0875     2.3194  0.000e+00
     19.763     5.3753   3.059568    31.3374        743     3.0917     2.3184  0.000e+00
     19.711     5.3750   3.059977    31.3424        744     3.0958     2.3184  0.000e+00
     19.669     5.3757   3.059966    31.3417        745     3.1000     2.3192  0.000e+00
     19.631     5.3765   3.060021    31.3415        746     3.1042     2.3187  0.000e+00
     19.586     5.3769   3.060157    31.3427        747     3.1083     2.3194  0.000e+00
     19.555     5.3776   3.060081    31.3412        748     3.1125     2.3186  0.000e+00
     19.527     5.3780   3.060081    31.3408        749     3.1167     2.3193  0.000e+00
     19.503     5.3782   3.060135    31.3413        750     3.1208     2.3196  0.000e+00
     19.487     5.3784   3.059737    31.3366        751     3.1250     2.3201  0.000e+00
     19.472     5.3779   3.059944    31.3394        752     3.1292     2.3200  0.000e+00
     19.456     5.3775   3.059977    31.3402        753     3.1333     2.3187  0.000e+00
     19.441     5.3775   3.059797    31.3381        754     3.1375     2.3193  0.000e+00
     19.434     5.3772   3.059683    31.3371        755     3.1417     2.3197  0.000e+00
     19.425     5.3768   3.059459    31.3350        756     3.1458     2.3188  0.000e+00
     19.396     5.3761   3.059377    31.3347        757     3.1500     2.3181  0.000e+00
     19.367     5.3755   3.059301    31.3345        758     3.1542     2.3193  0.000e+00
     19.335     5.3747   3.059361    31.3359        759     3.1583     2.3196  0.000e+00
     19.289     5.3746   3.059508    31.3377        760     3.1625     2.3193  0.000e+00
     19.237     5.3745   3.059830    31.3414        761     3.1667     2.3200  0.000e+00
     19.185     5.3755   3.059819    31.3404        762     3.1708     2.3197  0.000e+00
     19.127     5.3760   3.059508    31.3364        763     3.1750     2.3201  0.000e+00
     19.071     5.3761   3.059775    31.3394        764     3.1792     2.3202  0.000e+00
     19.002     5.3763   3.059399    31.3350        765     3.1833     2.3219  0.000e+00
     18.934     5.3760   3.059132    31.3322        766     3.1875     2.3208  0.000e+00
     18.861     5.3752   3.059246    31.3344        767     3.1917     2.3211  0.000e+00
     18.785     5.3747   3.058865    31.3305        768     3.1958     2.3211  0.000e+00
     18.713     5.3740   3.058712    31.3295        769     3.2000     2.3216  0.000e+00
     18.634     5.3731   3.058848    31.3319        770     3.2042     2.3220  0.000e+00
     18.563     5.3727   3.058685    31.3305        771     3.2083     2.3222  0.000e+00
     18.487     5.3724   3.058429    31.3279        772     3.2125     2.3210  0.000e+00
     18.411     5.3720   3.059072    31.3356        773     3.2167     2.3207  0.000e+00
     18.348     5.3723   3.058843    31.3327        774     3.2208     2.3216  0.000e+00
     18.292     5.3724   3.058788    31.3320        775     3.2250     2.3217  0.000e+00
     18.252     5.3724   3.058712    31.3312        776     3.2292     2.3219  0.000e+00
     18.214     5.3720   3.058903    31.3338        777     3.2333     2.3214  0.000e+00
     18.196     5.3722   3.058750    31.3319        778     3.2375     2.3214  0.000e+00
     18.182     5.3721   3.058619    31.3304        779     3.2417     2.3198  0.000e+00
     18.174     5.3717   3.058505    31.3296        780     3.2458     2.3206  0.000e+00
     18.178     5.3713   3.058581    31.3308        781     3.2500     2.3201  0.000e+00
     18.191     5.3712   3.058597    31.3310        782     3.2542     2.3198  0.000e+00
     18.203     5.3712   3.058483    31.3298        783     3.2583     2.3204  0.000e+00
     18.214     5.3710   3.058581    31.3311        784     3.2625     2.3200  0.000e+00
     18.233     5.3707   3.058505    31.3305        785     3.2667     2.3197  0.000e+00
     18.245     5.3703   3.058483    31.3306        786     3.2708     2.3193  0.000e+00
     18.249     5.3701   3.058412    31.3299        787     3.2750     2.3209  0.000e+00
     18.240     5.3698   3.058298    31.3290        788     3.2792     2.3207  0.000e+00
     18.227     5.3696   3.058189    31.3279        789     3.2833     2.3199  0.000e+00
     18.197     5.3695   3.058107    31.3271        790     3.2875     2.3212  0.000e+00
     18.155     5.3692   3.058014    31.3264        791     3.2917     2.3209  0.000e+00
     18.101     5.3688   3.058129    31.3280        792     3.2958     2.3195  0.000e+00
     18.029     5.3688   3.057938    31.3259        793     3.3000     2.3209  0.000e+00
     17.958     5.3689   3.058221    31.3291        794     3.3042     2.3203  0.000e+00
     17.875     5.3692   3.058805    31.3355        795     3.3083     2.3197  0.000e+00
     17.794     5.3702   3.058559    31.3318        796     3.3125     2.3206  0.000e+00
     17.709     5.3707   3.057589    31.3203        797     3.3167     2.3201  0.000e+00
     17.633     5.3701   3.057425    31.3191        798     3.3208     2.3203  0.000e+00
     17.557     5.3692   3.057365    31.3193        799     3.3250     2.3204  0.000e+00
     17.492     5.3684   3.057229    31.3186        800     3.3292     2.3220  0.000e+00
     17.429     5.3679   3.057180    31.3185        801     3.3333     2.3209  0.000e+00
     17.366     5.3675   3.057082    31.3178        802     3.3375     2.3204  0.000e+00
     17.319     5.3672   3.057049    31.3177        803     3.3417     2.3204  0.000e+00
     17.266     5.3671   3.056967    31.3169        804     3.3458     2.3204  0.000e+00
     17.228     5.3669   3.057005    31.3175        805     3.3500     2.3199  0.000e+00
     17.183     5.3669   3.056935    31.3168        806     3.3542     2.3207  0.000e+00
     17.143     5.3668   3.057044    31.3181        807     3.3583     2.3193  0.000e+00
     17.102     5.3667   3.057044    31.3182        808     3.3625     2.3201  0.000e+00
     17.060     5.3668   3.056831    31.3158        809     3.3667     2.3193  0.000e+00
     17.028     5.3667   3.056782    31.3153        810     3.3708     2.3192  0.000e+00
     16.999     5.3667   3.057005    31.3179        811     3.3750     2.3194  0.000e+00
     16.968     5.3666   3.057273    31.3210        812     3.3792     2.3210  0.000e+00
     16.936     5.3667   3.057158    31.3196        813     3.3833     2.3196  0.000e+00
     16.909     5.3668   3.056722    31.3145        814     3.3875     2.3194  0.000e+00
     16.887     5.3667   3.056635    31.3137        815     3.3917     2.3202  0.000e+00
     16.863     5.3664   3.056760    31.3154        816     3.3958     2.3188  0.000e+00
     16.843     5.3664   3.056744    31.3152        817     3.4000     2.3200  0.000e+00
     16.827     5.3665   3.056711    31.3148        818     3.4042     2.3199  0.000e+00
     16.807     5.3664   3.056607    31.3137        819     3.4083     2.3190  0.000e+00
     16.796     5.3664   3.056646    31.3141        820     3.4125     2.3194  0.000e+00
     16.784     5.3664   3.056711    31.3149        821     3.4167     2.3200  0.000e+00
     16.771     5.3663   3.056782    31.3158        822     3.4208     2.3194  0.000e+00
     16.753     5.3663   3.056760    31.3155        823     3.4250     2.3196  0.000e+00
     16.729     5.3663   3.056651    31.3143        824     3.4292     2.3200  0.000e+00
     16.710     5.3663   3.056722    31.3152        825     3.4333     2.3201  0.000e+00
     16.679     5.3663   3.056782    31.3159        826     3.4375     2.3202  0.000e+00
     16.644     5.3663   3.056477    31.3124        827     3.4417     2.3202  0.000e+00
     16.614     5.3663   3.056384    31.3113        828     3.4458     2.3196  0.000e+00
     16.576     5.3662   3.056477    31.3125        829     3.4500     2.3209  0.000e+00
     16.532     5.3661   3.056362    31.3113        830     3.4542     2.3209  0.000e+00
     16.496     5.3661   3.056460    31.3125        831     3.4583     2.3217  0.000e+00
     16.462     5.3660   3.056455    31.3125        832     3.4625     2.3213  0.000e+00
     16.426     5.3660   3.056308    31.3108        833     3.4667     2.3220  0.000e+00
     16.390     5.3660   3.055964    31.3070        834     3.4708     2.3227  0.000e+00
     16.352     5.3660   3.055839    31.3056        835     3.4750     2.3234  0.000e+00
     16.310     5.3658   3.055986    31.3075        836     3.4792     2.3243  0.000e+00
     16.271     5.3659   3.055926    31.3067        837     3.4833     2.3244  0.000e+00
     16.240     5.3657   3.056057    31.3083        838     3.4875     2.3240  0.000e+00
     16.195     5.3658   3.055948    31.3071        839     3.4917     2.3245  0.000e+00
     16.168     5.3658   3.055964    31.3073        840     3.4958     2.3240  0.000e+00
     16.139     5.3657   3.055779    31.3052        841     3.5000     2.3240  0.000e+00
     16.110     5.3659   3.055757    31.3049        842     3.5042     2.3233  0.000e+00
     16.086     5.3656   3.055664    31.3041        843     3.5083     2.3239  0.000e+00
     16.063     5.3656   3.055621    31.3037        844     3.5125     2.3232  0.000e+00
     16.039     5.3655   3.055795    31.3057        845     3.5167     2.3227  0.000e+00
     16.005     5.3656   3.055626    31.3037        846     3.5208     2.3217  0.000e+00
     15.965     5.3656   3.055517    31.3025        847     3.5250     2.3207  0.000e+00
     15.915     5.3656   3.055436    31.3016        848     3.5292     2.3201  0.000e+00
     15.853     5.3655   3.055414    31.3015        849     3.5333     2.3207  0.000e+00
     15.784     5.3655   3.055381    31.3011        850     3.5375     2.3221  0.000e+00
     15.705     5.3655   3.055337    31.3007        851     3.5417     2.3224  0.000e+00
     15.627     5.3655   3.055261    31.2998        852     3.5458     2.3226  0.000e+00
     15.550     5.3654   3.055305    31.3005        853     3.5500     2.3205  0.000e+00
     15.467     5.3654   3.055266    31.3001        854     3.5542     2.3220  0.000e+00
     15.396     5.3655   3.055201    31.2993        855     3.5583     2.3221  0.000e+00
     15.331     5.3654   3.055206    31.2995        856     3.5625     2.3233  0.000e+00
     15.261     5.3652   3.054961    31.2969        857     3.5667     2.3223  0.000e+00
     15.212     5.3653   3.054863    31.2958        858     3.5708     2.3245  0.000e+00
     15.167     5.3652   3.054771    31.2948        859     3.5750     2.3240  0.000e+00
     15.123     5.3653   3.054923    31.2965        860     3.5792     2.3230  0.000e+00
     15.093     5.3651   3.055441    31.3026        861     3.5833     2.3239  0.000e+00
     15.064     5.3653   3.055359    31.3014        862     3.5875     2.3236  0.000e+00
     15.051     5.3654   3.055206    31.2996        863     3.5917     2.3239  0.000e+00
     15.048     5.3656   3.055261    31.3001        864     3.5958     2.3230  0.000e+00
     15.039     5.3651   3.055435    31.3025        865     3.6000     2.3229  0.000e+00
     15.053     5.3654   3.055664    31.3048        866     3.6042     2.3227  0.000e+00
     15.062     5.3653   3.055539    31.3034        867     3.6083     2.3228  0.000e+00
     15.080     5.3655   3.055811    31.3063        868     3.6125     2.3226  0.000e+00
     15.109     5.3656   3.055849    31.3067        869     3.6167     2.3230  0.000e+00
     15.142     5.3655   3.055877    31.3071        870     3.6208     2.3219  0.000e+00
     15.174     5.3656   3.055719    31.3051        871     3.6250     2.3222  0.000e+00
     15.205     5.3656   3.055626    31.3041        872     3.6292     2.3220  0.000e+00
     15.236     5.3657   3.055577    31.3034        873     3.6333     2.3219  0.000e+00
     15.256     5.3657   3.055566    31.3033        874     3.6375     2.3217  0.000e+00
     15.265     5.3655   3.055517    31.3029        875     3.6417     2.3219  0.000e+00
     15.266     5.3655   3.055512    31.3029        876     3.6458     2.3222  0.000e+00
     15.257     5.3656   3.055473    31.3024        877     3.6500     2.3222  0.000e+00
     15.243     5.3655   3.055381    31.3014        878     3.6542     2.3224  0.000e+00
     15.211     5.3657   3.055359    31.3010        879     3.6583     2.3227  0.000e+00
     15.171     5.3655   3.055337    31.3009        880     3.6625     2.3213  0.000e+00
     15.117     5.3655   3.055261    31.3001        881     3.6667     2.3233  0.000e+00
     15.051     5.3655   3.055206    31.2996        882     3.6708     2.3240  0.000e+00
     14.979     5.3655   3.055152    31.2989        883     3.6750     2.3229  0.000e+00
     14.907     5.3653   3.055103    31.2986        884     3.6792     2.3231  0.000e+00
     14.829     5.3653   3.055037    31.2979        885     3.6833     2.3246  0.000e+00
     14.750     5.3653   3.054999    31.2975        886     3.6875     2.3246  0.000e+00
     14.668     5.3652   3.054705    31.2943        887     3.6917     2.3247  0.000e+00
     14.591     5.3654   3.054716    31.2943        888     3.6958     2.3239  0.000e+00
     14.526     5.3653   3.054509    31.2920        889     3.7000     2.3248  0.000e+00
     14.459     5.3653   3.054487    31.2919        890     3.7042     2.3237  0.000e+00
     14.399     5.3653   3.054525    31.2923        891     3.7083     2.3234  0.000e+00
     14.339     5.3653   3.054547    31.2926        892     3.7125     2.3233  0.000e+00
     14.285     5.3653   3.054329    31.2902        893     3.7167     2.3249  0.000e+00
     14.231     5.3653   3.053539    31.2812        894     3.7208     2.3237  0.000e+00
     14.178     5.3654   3.052978    31.2748        895     3.7250     2.3236  0.000e+00
     14.135     5.3656   3.052956    31.2744        896     3.7292     2.3243  0.000e+00
     14.095     5.3656   3.052820    31.2728        897     3.7333     2.3252  0.000e+00
     14.048     5.3657   3.052836    31.2730        898     3.7375     2.3240  0.000e+00
     14.005     5.3657   3.052634    31.2707        899     3.7417     2.3243  0.000e+00
     13.973     5.3659   3.052406    31.2679        900     3.7458     2.3243  0.000e+00
     13.946     5.3659   3.052079    31.2642        901     3.7500     2.3252  0.000e+00
     13.911     5.3663   3.052084    31.2640        902     3.7542     2.3255  0.000e+00
     13.884     5.3661   3.051877    31.2618        903     3.7583     2.3243  0.000e+00
     13.868     5.3663   3.051883    31.2617        904     3.7625     2.3260  0.000e+00
     13.846     5.3663   3.051725    31.2599        905     3.7667     2.3253  0.000e+00
     13.841     5.3664   3.051915    31.2620        906     3.7708     2.3252  0.000e+00
     13.834     5.3665   3.052476    31.2683        907     3.7750     2.3255  0.000e+00
     13.845     5.3663   3.052918    31.2735        908     3.7792     2.3247  0.000e+00
