HB2402/sbe068.cnv
* Sea-Bird SBE 19plus V2 Data File:
* FileName = C:\cruise\data\sbe068.hex
* Software Version Seasave V 7.26.7.121
* Temperature SN = 7037
* Conductivity SN = 7037
* System UpLoad Time = Apr 09 2024 20:16:54
* NMEA Latitude = 40 46.26 N
* NMEA Longitude = 069 53.68 W
* NMEA UTC (Time) = Apr 09 2024  20:16:19
** Ship: Bigelow
** Cruise:  HB2304
** Program:  Fall Bottom Trawl
# nquan = 8
# nvalues = 1481                                  
# units = specified
# name 0 = depSM: Depth [salt water, m]
# name 1 = tv290C: Temperature [ITS-90, deg C]
# name 2 = c0S/m: Conductivity [S/m]
# name 3 = sal00: Salinity, Practical [PSU]
# name 4 = scan: Scan Count
# name 5 = timeM: Time, Elapsed [minutes]
# name 6 = sbeox0V: Oxygen raw, SBE 43 [V]
# name 7 = flag:  0.000e+00
# span 0 =     -0.015,     34.243                 
# span 1 =     5.6762,    10.8499                 
# span 2 =   0.000052,   3.253886                 
# span 3 =     0.0055,    31.8347                 
# span 4 =         11,       1491                 
# span 5 =     0.0417,     6.2083                 
# span 6 =     1.9392,     2.4422                 
# span 7 = 0.0000e+00, 0.0000e+00                 
# interval = seconds: 0.25
# start_time = Apr 09 2024 20:16:19 [NMEA time, header]
# bad_flag = -9.990e-29
*END*
[from data line 360]
     21.712     5.7095   3.093579    31.4080        371     1.5417     2.4088  0.000e+00
     21.847     5.7075   3.093518    31.4092        372     1.5458     2.4097  0.000e+00
     21.979     5.7056   3.093365    31.4092        373     1.5500     2.4094  0.000e+00
     22.111     5.7040   3.093305    31.4099        374     1.5542     2.4081  0.000e+00
     22.239     5.7026   3.093267    31.4108        375     1.5583     2.4077  0.000e+00
     22.362     5.7015   3.092905    31.4077        376     1.5625     2.4085  0.000e+00
     22.478     5.6996   3.092599    31.4059        377     1.5667     2.4085  0.000e+00
     22.594     5.6970   3.092358    31.4056        378     1.5708     2.4078  0.000e+00
     22.700     5.6942   3.092446    31.4092        379     1.5750     2.4085  0.000e+00
     22.812     5.6923   3.092484    31.4113        380     1.5792     2.4083  0.000e+00
     22.919     5.6916   3.092730    31.4146        381     1.5833     2.4093  0.000e+00
     23.024     5.6919   3.092884    31.4161        382     1.5875     2.4093  0.000e+00
     23.125     5.6928   3.092676    31.4128        383     1.5917     2.4084  0.000e+00
     23.224     5.6931   3.092829    31.4142        384     1.5958     2.4089  0.000e+00
     23.323     5.6933   3.092982    31.4157        385     1.6000     2.4096  0.000e+00
     23.430     5.6941   3.092780    31.4126        386     1.6042     2.4091  0.000e+00
     23.539     5.6942   3.092577    31.4102        387     1.6083     2.4087  0.000e+00
     23.647     5.6936   3.092484    31.4097        388     1.6125     2.4088  0.000e+00
     23.763     5.6923   3.092347    31.4093        389     1.6167     2.4079  0.000e+00
     23.878     5.6910   3.092358    31.4106        390     1.6208     2.4070  0.000e+00
     23.999     5.6901   3.092523    31.4132        391     1.6250     2.4075  0.000e+00
     24.117     5.6901   3.092484    31.4127        392     1.6292     2.4057  0.000e+00
     24.241     5.6903   3.092446    31.4120        393     1.6333     2.4058  0.000e+00
     24.370     5.6902   3.092276    31.4102        394     1.6375     2.4052  0.000e+00
     24.491     5.6893   3.092079    31.4087        395     1.6417     2.4045  0.000e+00
     24.616     5.6880   3.092079    31.4099        396     1.6458     2.4045  0.000e+00
     24.742     5.6870   3.092156    31.4116        397     1.6500     2.4042  0.000e+00
     24.859     5.6866   3.092156    31.4119        398     1.6542     2.4034  0.000e+00
     24.977     5.6863   3.092096    31.4115        399     1.6583     2.4021  0.000e+00
     25.096     5.6860   3.092080    31.4115        400     1.6625     2.4031  0.000e+00
     25.216     5.6856   3.092080    31.4118        401     1.6667     2.4024  0.000e+00
     25.337     5.6854   3.092134    31.4126        402     1.6708     2.4021  0.000e+00
     25.459     5.6854   3.092233    31.4137        403     1.6750     2.4024  0.000e+00
     25.581     5.6857   3.092293    31.4140        404     1.6792     2.4019  0.000e+00
     25.698     5.6862   3.092293    31.4134        405     1.6833     2.4009  0.000e+00
     25.824     5.6866   3.092299    31.4130        406     1.6875     2.4010  0.000e+00
     25.949     5.6867   3.092332    31.4132        407     1.6917     2.4013  0.000e+00
     26.079     5.6869   3.092348    31.4132        408     1.6958     2.4010  0.000e+00
     26.209     5.6872   3.092425    31.4137        409     1.7000     2.4018  0.000e+00
     26.345     5.6875   3.092381    31.4129        410     1.7042     2.4007  0.000e+00
     26.482     5.6878   3.092425    31.4131        411     1.7083     2.4004  0.000e+00
     26.618     5.6879   3.092447    31.4131        412     1.7125     2.4007  0.000e+00
     26.764     5.6883   3.092425    31.4124        413     1.7167     2.4008  0.000e+00
     26.911     5.6883   3.092480    31.4130        414     1.7208     2.4003  0.000e+00
     27.051     5.6885   3.092485    31.4128        415     1.7250     2.4005  0.000e+00
     27.196     5.6885   3.092524    31.4131        416     1.7292     2.4005  0.000e+00
     27.344     5.6888   3.092524    31.4128        417     1.7333     2.4005  0.000e+00
     27.483     5.6889   3.092617    31.4137        418     1.7375     2.4010  0.000e+00
     27.624     5.6891   3.092661    31.4139        419     1.7417     2.4021  0.000e+00
     27.762     5.6897   3.092677    31.4135        420     1.7458     2.4016  0.000e+00
     27.888     5.6900   3.092617    31.4125        421     1.7500     2.4015  0.000e+00
     28.013     5.6899   3.092524    31.4115        422     1.7542     2.4021  0.000e+00
     28.134     5.6895   3.092502    31.4115        423     1.7583     2.4027  0.000e+00
     28.253     5.6892   3.092447    31.4111        424     1.7625     2.4024  0.000e+00
     28.365     5.6886   3.092464    31.4118        425     1.7667     2.4018  0.000e+00
     28.475     5.6883   3.092311    31.4103        426     1.7708     2.4015  0.000e+00
     28.584     5.6877   3.092239    31.4101        427     1.7750     2.4014  0.000e+00
     28.689     5.6870   3.092218    31.4104        428     1.7792     2.4013  0.000e+00
     28.797     5.6862   3.092272    31.4117        429     1.7833     2.4016  0.000e+00
     28.907     5.6858   3.092141    31.4105        430     1.7875     2.4013  0.000e+00
     29.012     5.6852   3.092059    31.4102        431     1.7917     2.4020  0.000e+00
     29.111     5.6846   3.092042    31.4105        432     1.7958     2.4014  0.000e+00
     29.214     5.6841   3.092059    31.4111        433     1.8000     2.4014  0.000e+00
     29.317     5.6837   3.092043    31.4112        434     1.8042     2.4013  0.000e+00
     29.426     5.6835   3.092158    31.4127        435     1.8083     2.4020  0.000e+00
     29.525     5.6835   3.092218    31.4133        436     1.8125     2.4010  0.000e+00
     29.626     5.6839   3.092234    31.4130        437     1.8167     2.4011  0.000e+00
     29.737     5.6844   3.092273    31.4129        438     1.8208     2.4020  0.000e+00
     29.845     5.6850   3.092240    31.4120        439     1.8250     2.4016  0.000e+00
     29.963     5.6850   3.092256    31.4121        440     1.8292     2.4023  0.000e+00
     30.086     5.6850   3.092218    31.4116        441     1.8333     2.4014  0.000e+00
     30.214     5.6849   3.092180    31.4112        442     1.8375     2.4014  0.000e+00
     30.344     5.6847   3.092240    31.4120        443     1.8417     2.4026  0.000e+00
     30.479     5.6845   3.092311    31.4129        444     1.8458     2.4023  0.000e+00
     30.617     5.6847   3.092235    31.4118        445     1.8500     2.4034  0.000e+00
     30.752     5.6848   3.092295    31.4123        446     1.8542     2.4039  0.000e+00
     30.893     5.6848   3.092382    31.4133        447     1.8583     2.4020  0.000e+00
     31.023     5.6851   3.092372    31.4128        448     1.8625     2.4026  0.000e+00
     31.159     5.6853   3.092388    31.4127        449     1.8667     2.4033  0.000e+00
     31.296     5.6856   3.092372    31.4122        450     1.8708     2.4028  0.000e+00
     31.425     5.6858   3.092339    31.4116        451     1.8750     2.4018  0.000e+00
     31.556     5.6856   3.092350    31.4118        452     1.8792     2.4021  0.000e+00
     31.685     5.6854   3.092388    31.4124        453     1.8833     2.4010  0.000e+00
     31.811     5.6854   3.092602    31.4147        454     1.8875     2.4010  0.000e+00
     31.930     5.6861   3.092520    31.4131        455     1.8917     2.3998  0.000e+00
     32.057     5.6866   3.092580    31.4132        456     1.8958     2.4007  0.000e+00
     32.180     5.6869   3.092542    31.4124        457     1.9000     2.4010  0.000e+00
     32.308     5.6871   3.092563    31.4125        458     1.9042     2.4009  0.000e+00
     32.436     5.6872   3.092804    31.4150        459     1.9083     2.4013  0.000e+00
     32.568     5.6878   3.092733    31.4135        460     1.9125     2.4011  0.000e+00
     32.693     5.6886   3.092772    31.4132        461     1.9167     2.4012  0.000e+00
     32.823     5.6889   3.092755    31.4126        462     1.9208     2.4018  0.000e+00
     32.944     5.6891   3.092684    31.4116        463     1.9250     2.4019  0.000e+00
     33.069     5.6890   3.092695    31.4118        464     1.9292     2.4024  0.000e+00
     33.199     5.6889   3.092640    31.4112        465     1.9333     2.4020  0.000e+00
     33.320     5.6886   3.092657    31.4116        466     1.9375     2.4026  0.000e+00
     33.445     5.6884   3.092783    31.4131        467     1.9417     2.4024  0.000e+00
     33.568     5.6887   3.092909    31.4142        468     1.9458     2.4024  0.000e+00
     33.680     5.6895   3.092887    31.4132        469     1.9500     2.4013  0.000e+00
     33.761     5.6900   3.092794    31.4117        470     1.9542     2.4026  0.000e+00
     33.797     5.6899   3.092657    31.4102        471     1.9583     2.4026  0.000e+00
     33.793     5.6892   3.092701    31.4114        472     1.9625     2.4018  0.000e+00
     33.770     5.6888   3.092717    31.4119        473     1.9667     2.4016  0.000e+00
     33.777     5.6886   3.092717    31.4120        474     1.9708     2.4021  0.000e+00
     33.792     5.6884   3.092657    31.4116        475     1.9750     2.4023  0.000e+00
     33.819     5.6884   3.092701    31.4121        476     1.9792     2.4016  0.000e+00
     33.839     5.6881   3.092641    31.4117        477     1.9833     2.4009  0.000e+00
     33.848     5.6881   3.092602    31.4112        478     1.9875     2.4011  0.000e+00
     33.860     5.6876   3.092564    31.4112        479     1.9917     2.4014  0.000e+00
     33.871     5.6872   3.092745    31.4136        480     1.9958     2.4006  0.000e+00
     33.877     5.6876   3.092734    31.4132        481     2.0000     2.4008  0.000e+00
     33.882     5.6880   3.092657    31.4119        482     2.0042     2.4006  0.000e+00
     33.882     5.6878   3.092772    31.4133        483     2.0083     2.4013  0.000e+00
     33.878     5.6881   3.092805    31.4134        484     2.0125     2.4005  0.000e+00
     33.873     5.6886   3.092832    31.4133        485     2.0167     2.4016  0.000e+00
     33.864     5.6890   3.092871    31.4134        486     2.0208     2.4013  0.000e+00
     33.859     5.6894   3.092832    31.4126        487     2.0250     2.4010  0.000e+00
     33.855     5.6896   3.092843    31.4125        488     2.0292     2.4018  0.000e+00
     33.849     5.6897   3.093270    31.4172        489     2.0333     2.4025  0.000e+00
     33.851     5.6913   3.093385    31.4170        490     2.0375     2.4016  0.000e+00
     33.860     5.6931   3.093484    31.4164        491     2.0417     2.4025  0.000e+00
     33.864     5.6947   3.093489    31.4150        492     2.0458     2.4031  0.000e+00
     33.873     5.6957   3.093462    31.4137        493     2.0500     2.4039  0.000e+00
     33.886     5.6963   3.093385    31.4123        494     2.0542     2.4041  0.000e+00
     33.898     5.6963   3.093385    31.4123        495     2.0583     2.4036  0.000e+00
     33.909     5.6964   3.093407    31.4125        496     2.0625     2.4041  0.000e+00
     33.924     5.6966   3.093330    31.4115        497     2.0667     2.4039  0.000e+00
     33.943     5.6964   3.093347    31.4118        498     2.0708     2.4042  0.000e+00
     33.969     5.6961   3.093385    31.4125        499     2.0750     2.4044  0.000e+00
     33.992     5.6961   3.093467    31.4134        500     2.0792     2.4058  0.000e+00
     34.010     5.6963   3.093445    31.4130        501     2.0833     2.4045  0.000e+00
     34.036     5.6964   3.093445    31.4128        502     2.0875     2.4055  0.000e+00
     34.063     5.6966   3.093544    31.4138        503     2.0917     2.4049  0.000e+00
     34.086     5.6971   3.093654    31.4145        504     2.0958     2.4051  0.000e+00
     34.110     5.6977   3.093675    31.4142        505     2.1000     2.4055  0.000e+00
     34.130     5.6985   3.093675    31.4135        506     2.1042     2.4054  0.000e+00
     34.159     5.6988   3.093582    31.4121        507     2.1083     2.4065  0.000e+00
     34.178     5.6988   3.093560    31.4118        508     2.1125     2.4061  0.000e+00
     34.196     5.6985   3.093588    31.4125        509     2.1167     2.4064  0.000e+00
     34.215     5.6984   3.093506    31.4116        510     2.1208     2.4062  0.000e+00
     34.225     5.6982   3.093232    31.4087        511     2.1250     2.4065  0.000e+00
     34.236     5.6970   3.092810    31.4051        512     2.1292     2.4063  0.000e+00
     34.243     5.6948   3.092827    31.4073        513     2.1333     2.4070  0.000e+00
     34.236     5.6928   3.092832    31.4092        514     2.1375     2.4056  0.000e+00
     34.229     5.6914   3.092810    31.4103        515     2.1417     2.4059  0.000e+00
     34.213     5.6906   3.092772    31.4107        516     2.1458     2.4062  0.000e+00
     34.193     5.6901   3.092745    31.4107        517     2.1500     2.4062  0.000e+00
     34.169     5.6896   3.092734    31.4112        518     2.1542     2.4058  0.000e+00
     34.140     5.6891   3.092657    31.4107        519     2.1583     2.4060  0.000e+00
     34.110     5.6886   3.092641    31.4111        520     2.1625     2.4058  0.000e+00
     34.077     5.6880   3.092641    31.4116        521     2.1667     2.4057  0.000e+00
     34.035     5.6877   3.092679    31.4124        522     2.1708     2.4063  0.000e+00
     33.990     5.6876   3.092657    31.4122        523     2.1750     2.4049  0.000e+00
     33.945     5.6876   3.092641    31.4121        524     2.1792     2.4068  0.000e+00
     33.909     5.6875   3.092580    31.4115        525     2.1833     2.4041  0.000e+00
     33.873     5.6874   3.092657    31.4125        526     2.1875     2.4061  0.000e+00
     33.831     5.6874   3.092542    31.4112        527     2.1917     2.4055  0.000e+00
     33.792     5.6871   3.092449    31.4104        528     2.1958     2.4062  0.000e+00
     33.757     5.6865   3.092400    31.4105        529     2.2000     2.4055  0.000e+00
     33.732     5.6861   3.092334    31.4102        530     2.2042     2.4048  0.000e+00
     33.692     5.6854   3.092350    31.4110        531     2.2083     2.4061  0.000e+00
     33.656     5.6848   3.092296    31.4110        532     2.2125     2.4053  0.000e+00
     33.625     5.6843   3.092339    31.4119        533     2.2167     2.4064  0.000e+00
     33.594     5.6841   3.092296    31.4116        534     2.2208     2.4052  0.000e+00
     33.566     5.6839   3.092257    31.4114        535     2.2250     2.4065  0.000e+00
     33.542     5.6836   3.092159    31.4106        536     2.2292     2.4056  0.000e+00
     33.520     5.6832   3.092077    31.4101        537     2.2333     2.4054  0.000e+00
     33.501     5.6824   3.091984    31.4097        538     2.2375     2.4045  0.000e+00
     33.484     5.6817   3.091984    31.4104        539     2.2417     2.4058  0.000e+00
     33.459     5.6811   3.091929    31.4104        540     2.2458     2.4050  0.000e+00
     33.434     5.6803   3.091940    31.4112        541     2.2500     2.4049  0.000e+00
     33.405     5.6802   3.092022    31.4123        542     2.2542     2.4047  0.000e+00
     33.379     5.6802   3.092120    31.4134        543     2.2583     2.4047  0.000e+00
     33.345     5.6806   3.092219    31.4141        544     2.2625     2.4052  0.000e+00
     33.305     5.6814   3.092301    31.4144        545     2.2667     2.4062  0.000e+00
     33.264     5.6821   3.092372    31.4145        546     2.2708     2.4052  0.000e+00
     33.213     5.6831   3.092427    31.4142        547     2.2750     2.4047  0.000e+00
     33.168     5.6838   3.092410    31.4134        548     2.2792     2.4049  0.000e+00
     33.117     5.6844   3.092400    31.4128        549     2.2833     2.4042  0.000e+00
