HB2402/sbe025.cnv
* Sea-Bird SBE 19plus V2 Data File:
* FileName = C:\cruise\data\sbe025.hex
* Software Version Seasave V 7.26.7.121
* Temperature SN = 7142
* Conductivity SN = 7142
* System UpLoad Time = Mar 18 2024 01:57:39
* NMEA Latitude = 38 25.01 N
* NMEA Longitude = 073 24.40 W
* NMEA UTC (Time) = Mar 18 2024  01:56:53
** Ship: Bigelow
** Cruise:  HB2304
** Program:  Fall Bottom Trawl
# nquan = 7
# nvalues = 5167                                  
# units = specified
# name 0 = depSM: Depth [salt water, m]
# name 1 = tv290C: Temperature [ITS-90, deg C]
# name 2 = c0S/m: Conductivity [S/m]
# name 3 = sal00: Salinity, Practical [PSU]
# name 4 = scan: Scan Count
# name 5 = timeM: Time, Elapsed [minutes]
# name 6 = flag:  0.000e+00
# span 0 =     -0.193,    199.856                 
# span 1 =     6.9816,    12.1339                 
# span 2 =   0.000014,   3.990939                 
# span 3 =     0.0045,    35.1831                 
# span 4 =         11,       5177                 
# span 5 =     0.0417,    21.5667                 
# span 6 = 0.0000e+00, 0.0000e+00                 
# interval = seconds: 0.25
# start_time = Mar 18 2024 01:56:53 [NMEA time, header]
# bad_flag = -9.990e-29
*END*
[from data line 4308]
     41.773     6.9910   3.331405    32.8245       4319    17.9917  0.000e+00
     41.706     6.9910   3.331423    32.8247       4320    17.9958  0.000e+00
     41.640     6.9909   3.331358    32.8241       4321    18.0000  0.000e+00
     41.570     6.9910   3.331299    32.8234       4322    18.0042  0.000e+00
     41.507     6.9906   3.331358    32.8244       4323    18.0083  0.000e+00
     41.449     6.9908   3.331299    32.8237       4324    18.0125  0.000e+00
     41.388     6.9906   3.331281    32.8236       4325    18.0167  0.000e+00
     41.327     6.9906   3.331275    32.8237       4326    18.0208  0.000e+00
     41.275     6.9903   3.331257    32.8237       4327    18.0250  0.000e+00
     41.226     6.9904   3.331233    32.8234       4328    18.0292  0.000e+00
     41.172     6.9902   3.331180    32.8230       4329    18.0333  0.000e+00
     41.120     6.9902   3.331215    32.8234       4330    18.0375  0.000e+00
     41.063     6.9901   3.331215    32.8236       4331    18.0417  0.000e+00
     41.002     6.9903   3.331215    32.8234       4332    18.0458  0.000e+00
     40.937     6.9903   3.331215    32.8234       4333    18.0500  0.000e+00
     40.867     6.9904   3.331215    32.8234       4334    18.0542  0.000e+00
     40.797     6.9904   3.331192    32.8232       4335    18.0583  0.000e+00
     40.723     6.9903   3.331156    32.8229       4336    18.0625  0.000e+00
     40.644     6.9902   3.331150    32.8230       4337    18.0667  0.000e+00
     40.565     6.9902   3.331109    32.8225       4338    18.0708  0.000e+00
     40.489     6.9900   3.331132    32.8231       4339    18.0750  0.000e+00
     40.412     6.9901   3.331120    32.8229       4340    18.0792  0.000e+00
     40.345     6.9899   3.331109    32.8230       4341    18.0833  0.000e+00
     40.290     6.9901   3.331132    32.8231       4342    18.0875  0.000e+00
     40.238     6.9900   3.331174    32.8236       4343    18.0917  0.000e+00
     40.202     6.9901   3.331138    32.8232       4344    18.0958  0.000e+00
     40.159     6.9898   3.330960    32.8215       4345    18.1000  0.000e+00
     40.117     6.9895   3.330794    32.8201       4346    18.1042  0.000e+00
     40.087     6.9886   3.330735    32.8203       4347    18.1083  0.000e+00
     40.058     6.9878   3.330682    32.8205       4348    18.1125  0.000e+00
     40.026     6.9870   3.330587    32.8202       4349    18.1167  0.000e+00
     39.986     6.9864   3.330587    32.8208       4350    18.1208  0.000e+00
     39.941     6.9860   3.330569    32.8209       4351    18.1250  0.000e+00
     39.894     6.9860   3.330563    32.8210       4352    18.1292  0.000e+00
     39.842     6.9858   3.330480    32.8202       4353    18.1333  0.000e+00
     39.774     6.9857   3.330463    32.8202       4354    18.1375  0.000e+00
     39.706     6.9854   3.330445    32.8203       4355    18.1417  0.000e+00
     39.628     6.9852   3.330380    32.8199       4356    18.1458  0.000e+00
     39.555     6.9850   3.330380    32.8201       4357    18.1500  0.000e+00
     39.476     6.9847   3.330356    32.8201       4358    18.1542  0.000e+00
     39.400     6.9844   3.330344    32.8203       4359    18.1583  0.000e+00
     39.334     6.9845   3.330338    32.8202       4360    18.1625  0.000e+00
     39.280     6.9842   3.330296    32.8200       4361    18.1667  0.000e+00
     39.224     6.9843   3.330273    32.8197       4362    18.1708  0.000e+00
     39.184     6.9842   3.330302    32.8202       4363    18.1750  0.000e+00
     39.143     6.9841   3.330255    32.8197       4364    18.1792  0.000e+00
     39.103     6.9840   3.330213    32.8194       4365    18.1833  0.000e+00
     39.071     6.9840   3.330148    32.8188       4366    18.1875  0.000e+00
     39.024     6.9838   3.330125    32.8186       4367    18.1917  0.000e+00
     38.972     6.9837   3.330083    32.8183       4368    18.1958  0.000e+00
     38.915     6.9836   3.330065    32.8183       4369    18.2000  0.000e+00
     38.846     6.9835   3.330024    32.8179       4370    18.2042  0.000e+00
     38.775     6.9834   3.329982    32.8176       4371    18.2083  0.000e+00
     38.690     6.9833   3.329941    32.8173       4372    18.2125  0.000e+00
     38.604     6.9831   3.329941    32.8175       4373    18.2167  0.000e+00
     38.512     6.9832   3.329947    32.8176       4374    18.2208  0.000e+00
     38.419     6.9831   3.329941    32.8176       4375    18.2250  0.000e+00
     38.329     6.9830   3.329917    32.8175       4376    18.2292  0.000e+00
     38.250     6.9829   3.329941    32.8178       4377    18.2333  0.000e+00
     38.172     6.9831   3.329964    32.8180       4378    18.2375  0.000e+00
     38.109     6.9832   3.329958    32.8178       4379    18.2417  0.000e+00
     38.056     6.9835   3.329958    32.8176       4380    18.2458  0.000e+00
     38.012     6.9835   3.329958    32.8176       4381    18.2500  0.000e+00
     37.973     6.9835   3.329982    32.8179       4382    18.2542  0.000e+00
     37.948     6.9837   3.329982    32.8177       4383    18.2583  0.000e+00
     37.917     6.9840   3.330024    32.8179       4384    18.2625  0.000e+00
     37.883     6.9841   3.329982    32.8174       4385    18.2667  0.000e+00
     37.845     6.9841   3.329982    32.8174       4386    18.2708  0.000e+00
     37.800     6.9842   3.329982    32.8173       4387    18.2750  0.000e+00
     37.755     6.9842   3.329982    32.8173       4388    18.2792  0.000e+00
     37.698     6.9843   3.329958    32.8171       4389    18.2833  0.000e+00
     37.638     6.9843   3.329964    32.8171       4390    18.2875  0.000e+00
     37.572     6.9844   3.329917    32.8165       4391    18.2917  0.000e+00
     37.504     6.9842   3.329917    32.8167       4392    18.2958  0.000e+00
     37.430     6.9841   3.329917    32.8169       4393    18.3000  0.000e+00
     37.360     6.9840   3.329905    32.8169       4394    18.3042  0.000e+00
     37.290     6.9840   3.329899    32.8169       4395    18.3083  0.000e+00
     37.227     6.9836   3.329875    32.8170       4396    18.3125  0.000e+00
     37.157     6.9838   3.329863    32.8167       4397    18.3167  0.000e+00
     37.097     6.9834   3.329875    32.8172       4398    18.3208  0.000e+00
     37.043     6.9835   3.329857    32.8169       4399    18.3250  0.000e+00
     36.990     6.9835   3.329857    32.8170       4400    18.3292  0.000e+00
     36.937     6.9835   3.329845    32.8169       4401    18.3333  0.000e+00
     36.893     6.9835   3.329875    32.8173       4402    18.3375  0.000e+00
     36.840     6.9838   3.329875    32.8170       4403    18.3417  0.000e+00
     36.788     6.9837   3.329857    32.8169       4404    18.3458  0.000e+00
     36.738     6.9839   3.329845    32.8166       4405    18.3500  0.000e+00
     36.684     6.9838   3.329834    32.8166       4406    18.3542  0.000e+00
     36.625     6.9838   3.329833    32.8166       4407    18.3583  0.000e+00
     36.564     6.9836   3.329833    32.8169       4408    18.3625  0.000e+00
     36.497     6.9837   3.329822    32.8167       4409    18.3667  0.000e+00
     36.420     6.9837   3.329833    32.8168       4410    18.3708  0.000e+00
     36.342     6.9840   3.329833    32.8166       4411    18.3750  0.000e+00
     36.265     6.9838   3.329833    32.8168       4412    18.3792  0.000e+00
     36.188     6.9841   3.329804    32.8162       4413    18.3833  0.000e+00
     36.121     6.9839   3.329816    32.8166       4414    18.3875  0.000e+00
     36.042     6.9841   3.329816    32.8165       4415    18.3917  0.000e+00
     35.970     6.9840   3.329816    32.8166       4416    18.3958  0.000e+00
     35.909     6.9841   3.329804    32.8164       4417    18.4000  0.000e+00
     35.854     6.9838   3.329833    32.8170       4418    18.4042  0.000e+00
     35.807     6.9840   3.329875    32.8173       4419    18.4083  0.000e+00
     35.758     6.9846   3.329946    32.8175       4420    18.4125  0.000e+00
     35.713     6.9853   3.329940    32.8168       4421    18.4167  0.000e+00
     35.672     6.9856   3.329981    32.8170       4422    18.4208  0.000e+00
     35.634     6.9861   3.329999    32.8167       4423    18.4250  0.000e+00
     35.597     6.9864   3.330023    32.8167       4424    18.4292  0.000e+00
     35.552     6.9869   3.329999    32.8160       4425    18.4333  0.000e+00
     35.501     6.9869   3.329981    32.8159       4426    18.4375  0.000e+00
     35.447     6.9868   3.329940    32.8155       4427    18.4417  0.000e+00
     35.383     6.9864   3.329863    32.8151       4428    18.4458  0.000e+00
     35.313     6.9858   3.329833    32.8154       4429    18.4500  0.000e+00
     35.237     6.9853   3.329857    32.8162       4430    18.4542  0.000e+00
     35.167     6.9854   3.329981    32.8174       4431    18.4583  0.000e+00
     35.100     6.9859   3.329946    32.8166       4432    18.4625  0.000e+00
     35.032     6.9861   3.329940    32.8164       4433    18.4667  0.000e+00
     34.967     6.9863   3.329999    32.8168       4434    18.4708  0.000e+00
     34.915     6.9869   3.330188    32.8183       4435    18.4750  0.000e+00
     34.861     6.9891   3.330621    32.8210       4436    18.4792  0.000e+00
     34.816     6.9923   3.330751    32.8195       4437    18.4833  0.000e+00
     34.775     6.9949   3.330609    32.8154       4438    18.4875  0.000e+00
     34.736     6.9955   3.330396    32.8125       4439    18.4917  0.000e+00
     34.701     6.9948   3.330419    32.8135       4440    18.4958  0.000e+00
     34.676     6.9945   3.330520    32.8149       4441    18.5000  0.000e+00
     34.635     6.9950   3.330710    32.8165       4442    18.5042  0.000e+00
     34.599     6.9961   3.330840    32.8169       4443    18.5083  0.000e+00
     34.556     6.9979   3.331089    32.8179       4444    18.5125  0.000e+00
     34.509     7.0003   3.331190    32.8168       4445    18.5167  0.000e+00
     34.457     7.0024   3.331545    32.8187       4446    18.5208  0.000e+00
     34.399     7.0055   3.331853    32.8191       4447    18.5250  0.000e+00
     34.337     7.0089   3.331794    32.8153       4448    18.5292  0.000e+00
     34.274     7.0111   3.331883    32.8141       4449    18.5333  0.000e+00
     34.196     7.0122   3.331444    32.8084       4450    18.5375  0.000e+00
     34.121     7.0101   3.331059    32.8062       4451    18.5417  0.000e+00
     34.062     7.0063   3.330709    32.8060       4452    18.5458  0.000e+00
     33.991     7.0024   3.330668    32.8093       4453    18.5500  0.000e+00
     33.927     7.0000   3.330626    32.8112       4454    18.5542  0.000e+00
     33.869     6.9982   3.330597    32.8126       4455    18.5583  0.000e+00
     33.804     6.9973   3.330609    32.8136       4456    18.5625  0.000e+00
     33.751     6.9969   3.330650    32.8144       4457    18.5667  0.000e+00
     33.700     6.9971   3.330721    32.8151       4458    18.5708  0.000e+00
     33.646     6.9974   3.330709    32.8147       4459    18.5750  0.000e+00
     33.601     6.9979   3.330692    32.8140       4460    18.5792  0.000e+00
     33.562     6.9978   3.330709    32.8144       4461    18.5833  0.000e+00
     33.524     6.9982   3.330721    32.8141       4462    18.5875  0.000e+00
     33.483     6.9980   3.330691    32.8140       4463    18.5917  0.000e+00
     33.434     6.9982   3.330834    32.8153       4464    18.5958  0.000e+00
     33.393     6.9991   3.330940    32.8157       4465    18.6000  0.000e+00
     33.352     7.0007   3.331414    32.8194       4466    18.6042  0.000e+00
     33.305     7.0042   3.331924    32.8216       4467    18.6083  0.000e+00
     33.256     7.0090   3.332007    32.8180       4468    18.6125  0.000e+00
     33.193     7.0124   3.332007    32.8148       4469    18.6167  0.000e+00
     33.134     7.0144   3.331953    32.8123       4470    18.6208  0.000e+00
     33.068     7.0150   3.331924    32.8115       4471    18.6250  0.000e+00
     33.019     7.0151   3.331859    32.8107       4472    18.6292  0.000e+00
     32.960     7.0144   3.331669    32.8093       4473    18.6333  0.000e+00
     32.900     7.0135   3.331710    32.8106       4474    18.6375  0.000e+00
     32.855     7.0129   3.331734    32.8115       4475    18.6417  0.000e+00
     32.803     7.0127   3.331669    32.8110       4476    18.6458  0.000e+00
     32.758     7.0123   3.331710    32.8118       4477    18.6500  0.000e+00
     32.722     7.0123   3.331651    32.8112       4478    18.6542  0.000e+00
     32.688     7.0118   3.331544    32.8105       4479    18.6583  0.000e+00
     32.658     7.0110   3.331544    32.8113       4480    18.6625  0.000e+00
     32.625     7.0106   3.331615    32.8125       4481    18.6667  0.000e+00
     32.591     7.0106   3.331544    32.8118       4482    18.6708  0.000e+00
     32.555     7.0102   3.331527    32.8119       4483    18.6750  0.000e+00
     32.514     7.0100   3.331669    32.8137       4484    18.6792  0.000e+00
     32.476     7.0106   3.331675    32.8133       4485    18.6833  0.000e+00
     32.429     7.0113   3.331793    32.8138       4486    18.6875  0.000e+00
     32.381     7.0122   3.331793    32.8130       4487    18.6917  0.000e+00
     32.318     7.0127   3.331669    32.8112       4488    18.6958  0.000e+00
     32.252     7.0125   3.331651    32.8113       4489    18.7000  0.000e+00
     32.181     7.0119   3.331526    32.8105       4490    18.7042  0.000e+00
     32.106     7.0112   3.331526    32.8112       4491    18.7083  0.000e+00
     32.039     7.0106   3.331532    32.8119       4492    18.7125  0.000e+00
     31.962     7.0104   3.331544    32.8122       4493    18.7167  0.000e+00
     31.887     7.0107   3.331775    32.8145       4494    18.7208  0.000e+00
     31.811     7.0117   3.331882    32.8148       4495    18.7250  0.000e+00
     31.743     7.0130   3.332048    32.8153       4496    18.7292  0.000e+00
     31.684     7.0149   3.332089    32.8141       4497    18.7333  0.000e+00
     31.617     7.0162   3.332131    32.8132       4498    18.7375  0.000e+00
     31.561     7.0174   3.332148    32.8124       4499    18.7417  0.000e+00
     31.506     7.0180   3.332131    32.8116       4500    18.7458  0.000e+00
     31.464     7.0183   3.332089    32.8109       4501    18.7500  0.000e+00
     31.425     7.0180   3.332089    32.8112       4502    18.7542  0.000e+00
     31.385     7.0181   3.332237    32.8127       4503    18.7583  0.000e+00
     31.344     7.0190   3.332510    32.8148       4504    18.7625  0.000e+00
     31.301     7.0211   3.332735    32.8153       4505    18.7667  0.000e+00
     31.256     7.0232   3.332776    32.8138       4506    18.7708  0.000e+00
     31.218     7.0251   3.332788    32.8121       4507    18.7750  0.000e+00
     31.164     7.0256   3.332445    32.8079       4508    18.7792  0.000e+00
     31.116     7.0244   3.332130    32.8057       4509    18.7833  0.000e+00
     31.063     7.0218   3.332065    32.8075       4510    18.7875  0.000e+00
     31.011     7.0198   3.332030    32.8091       4511    18.7917  0.000e+00
     30.954     7.0187   3.332338    32.8135       4512    18.7958  0.000e+00
     30.898     7.0202   3.332759    32.8167       4513    18.8000  0.000e+00
     30.842     7.0231   3.332966    32.8162       4514    18.8042  0.000e+00
     30.790     7.0258   3.332646    32.8101       4515    18.8083  0.000e+00
     30.740     7.0257   3.332545    32.8091       4516    18.8125  0.000e+00
     30.693     7.0251   3.332610    32.8104       4517    18.8167  0.000e+00
     30.648     7.0253   3.332764    32.8120       4518    18.8208  0.000e+00
     30.612     7.0260   3.332693    32.8105       4519    18.8250  0.000e+00
     30.576     7.0260   3.332587    32.8094       4520    18.8292  0.000e+00
     30.542     7.0256   3.332444    32.8082       4521    18.8333  0.000e+00
     30.504     7.0241   3.332189    32.8069       4522    18.8375  0.000e+00
