HB2402/sbe055.cnv
* Sea-Bird SBE 19plus V2 Data File:
* FileName = C:\cruise\data\sbe055.hex
* Software Version Seasave V 7.26.7.121
* Temperature SN = 7037
* Conductivity SN = 7037
* System UpLoad Time = Apr 06 2024 03:42:09
* NMEA Latitude = 40 50.07 N
* NMEA Longitude = 072 14.73 W
* NMEA UTC (Time) = Apr 06 2024  03:41:30
** Ship: Bigelow
** Cruise:  HB2304
** Program:  Fall Bottom Trawl
# nquan = 8
# nvalues = 1231                                  
# units = specified
# name 0 = depSM: Depth [salt water, m]
# name 1 = tv290C: Temperature [ITS-90, deg C]
# name 2 = c0S/m: Conductivity [S/m]
# name 3 = sal00: Salinity, Practical [PSU]
# name 4 = scan: Scan Count
# name 5 = timeM: Time, Elapsed [minutes]
# name 6 = sbeox0V: Oxygen raw, SBE 43 [V]
# name 7 = flag:  0.000e+00
# span 0 =     -0.136,     29.290                 
# span 1 =     5.8284,     6.7176                 
# span 2 =   0.000031,   3.157753                 
# span 3 =     0.0031,    31.4824                 
# span 4 =         11,       1241                 
# span 5 =     0.0417,     5.1667                 
# span 6 =     1.9751,     2.3917                 
# span 7 = 0.0000e+00, 0.0000e+00                 
# interval = seconds: 0.25
# start_time = Apr 06 2024 03:41:30 [NMEA time, header]
# bad_flag = -9.990e-29
*END*
[from data line 540]
     21.383     5.9109   3.017844    30.3776        551     2.2917     2.3419  0.000e+00
     21.316     5.9107   3.017768    30.3770        552     2.2958     2.3422  0.000e+00
     21.240     5.9106   3.017784    30.3773        553     2.3000     2.3419  0.000e+00
     21.169     5.9105   3.017784    30.3774        554     2.3042     2.3438  0.000e+00
     21.092     5.9106   3.017654    30.3759        555     2.3083     2.3431  0.000e+00
     21.019     5.9104   3.017708    30.3767        556     2.3125     2.3427  0.000e+00
     20.952     5.9103   3.017730    30.3771        557     2.3167     2.3436  0.000e+00
     20.887     5.9103   3.017708    30.3769        558     2.3208     2.3439  0.000e+00
     20.824     5.9104   3.017638    30.3760        559     2.3250     2.3445  0.000e+00
     20.775     5.9104   3.017648    30.3761        560     2.3292     2.3435  0.000e+00
     20.736     5.9105   3.017638    30.3759        561     2.3333     2.3441  0.000e+00
     20.701     5.9105   3.017648    30.3761        562     2.3375     2.3438  0.000e+00
     20.674     5.9104   3.017654    30.3763        563     2.3417     2.3434  0.000e+00
     20.652     5.9106   3.017600    30.3755        564     2.3458     2.3437  0.000e+00
     20.643     5.9105   3.017589    30.3754        565     2.3500     2.3435  0.000e+00
     20.623     5.9104   3.017638    30.3762        566     2.3542     2.3437  0.000e+00
     20.616     5.9103   3.017648    30.3763        567     2.3583     2.3430  0.000e+00
     20.605     5.9104   3.017654    30.3763        568     2.3625     2.3444  0.000e+00
     20.578     5.9104   3.017665    30.3764        569     2.3667     2.3438  0.000e+00
     20.565     5.9105   3.017676    30.3764        570     2.3708     2.3428  0.000e+00
     20.533     5.9105   3.017665    30.3763        571     2.3750     2.3430  0.000e+00
     20.506     5.9107   3.017654    30.3761        572     2.3792     2.3438  0.000e+00
     20.471     5.9106   3.017665    30.3763        573     2.3833     2.3434  0.000e+00
     20.432     5.9107   3.017654    30.3761        574     2.3875     2.3431  0.000e+00
     20.378     5.9107   3.017356    30.3729        575     2.3917     2.3428  0.000e+00
     20.325     5.9101   3.016905    30.3684        576     2.3958     2.3440  0.000e+00
     20.275     5.9083   3.016759    30.3684        577     2.4000     2.3440  0.000e+00
     20.215     5.9064   3.016922    30.3720        578     2.4042     2.3428  0.000e+00
     20.157     5.9056   3.016965    30.3732        579     2.4083     2.3434  0.000e+00
     20.103     5.9054   3.016943    30.3732        580     2.4125     2.3424  0.000e+00
     20.043     5.9056   3.016965    30.3733        581     2.4167     2.3431  0.000e+00
     19.995     5.9058   3.016824    30.3715        582     2.4208     2.3437  0.000e+00
     19.948     5.9057   3.016087    30.3634        583     2.4250     2.3436  0.000e+00
     19.906     5.9035   3.015631    30.3603        584     2.4292     2.3441  0.000e+00
     19.872     5.9001   3.015246    30.3591        585     2.4333     2.3444  0.000e+00
     19.845     5.8963   3.015116    30.3611        586     2.4375     2.3454  0.000e+00
     19.827     5.8932   3.014926    30.3618        587     2.4417     2.3453  0.000e+00
     19.814     5.8906   3.014390    30.3581        588     2.4458     2.3448  0.000e+00
     19.809     5.8878   3.013869    30.3549        589     2.4500     2.3438  0.000e+00
     19.792     5.8851   3.014054    30.3593        590     2.4542     2.3438  0.000e+00
     19.780     5.8830   3.013533    30.3555        591     2.4583     2.3448  0.000e+00
     19.760     5.8814   3.013642    30.3582        592     2.4625     2.3438  0.000e+00
     19.734     5.8794   3.013533    30.3587        593     2.4667     2.3451  0.000e+00
     19.706     5.8776   3.013441    30.3593        594     2.4708     2.3450  0.000e+00
     19.668     5.8762   3.013398    30.3601        595     2.4750     2.3458  0.000e+00
     19.621     5.8752   3.013441    30.3615        596     2.4792     2.3449  0.000e+00
     19.567     5.8747   3.013517    30.3629        597     2.4833     2.3464  0.000e+00
     19.505     5.8749   3.013457    30.3621        598     2.4875     2.3463  0.000e+00
     19.440     5.8747   3.013419    30.3618        599     2.4917     2.3489  0.000e+00
     19.377     5.8747   3.013533    30.3631        600     2.4958     2.3492  0.000e+00
     19.312     5.8754   3.013571    30.3629        601     2.5000     2.3510  0.000e+00
     19.250     5.8760   3.013631    30.3631        602     2.5042     2.3499  0.000e+00
     19.185     5.8766   3.013663    30.3629        603     2.5083     2.3498  0.000e+00
     19.133     5.8774   3.013669    30.3623        604     2.5125     2.3541  0.000e+00
     19.082     5.8778   3.013663    30.3619        605     2.5167     2.3490  0.000e+00
     19.042     5.8780   3.013690    30.3620        606     2.5208     2.3516  0.000e+00
     19.008     5.8782   3.013625    30.3612        607     2.5250     2.3538  0.000e+00
     18.986     5.8783   3.013614    30.3610        608     2.5292     2.3509  0.000e+00
     18.965     5.8779   3.013679    30.3621        609     2.5333     2.3546  0.000e+00
     18.947     5.8780   3.013750    30.3628        610     2.5375     2.3550  0.000e+00
     18.927     5.8784   3.013809    30.3631        611     2.5417     2.3548  0.000e+00
     18.902     5.8789   3.013728    30.3617        612     2.5458     2.3550  0.000e+00
     18.876     5.8792   3.013641    30.3605        613     2.5500     2.3551  0.000e+00
     18.844     5.8790   3.013614    30.3604        614     2.5542     2.3543  0.000e+00
     18.804     5.8787   3.013609    30.3606        615     2.5583     2.3535  0.000e+00
     18.761     5.8787   3.013609    30.3607        616     2.5625     2.3544  0.000e+00
     18.721     5.8786   3.013847    30.3634        617     2.5667     2.3535  0.000e+00
     18.667     5.8791   3.013923    30.3638        618     2.5708     2.3545  0.000e+00
     18.614     5.8799   3.013728    30.3610        619     2.5750     2.3537  0.000e+00
     18.560     5.8800   3.013809    30.3618        620     2.5792     2.3551  0.000e+00
     18.499     5.8801   3.013750    30.3610        621     2.5833     2.3541  0.000e+00
     18.439     5.8803   3.013717    30.3606        622     2.5875     2.3553  0.000e+00
     18.383     5.8802   3.013826    30.3619        623     2.5917     2.3554  0.000e+00
     18.325     5.8805   3.013907    30.3626        624     2.5958     2.3554  0.000e+00
     18.275     5.8808   3.013869    30.3618        625     2.6000     2.3554  0.000e+00
     18.232     5.8812   3.013831    30.3611        626     2.6042     2.3556  0.000e+00
     18.188     5.8813   3.013809    30.3608        627     2.6083     2.3558  0.000e+00
     18.148     5.8814   3.013939    30.3622        628     2.6125     2.3560  0.000e+00
     18.118     5.8816   3.013777    30.3602        629     2.6167     2.3560  0.000e+00
     18.087     5.8816   3.013712    30.3595        630     2.6208     2.3554  0.000e+00
     18.062     5.8810   3.013717    30.3601        631     2.6250     2.3550  0.000e+00
     18.042     5.8807   3.013668    30.3599        632     2.6292     2.3549  0.000e+00
     18.027     5.8803   3.013663    30.3602        633     2.6333     2.3544  0.000e+00
     18.011     5.8800   3.013690    30.3607        634     2.6375     2.3550  0.000e+00
     18.002     5.8800   3.013641    30.3602        635     2.6417     2.3541  0.000e+00
     17.988     5.8798   3.013630    30.3602        636     2.6458     2.3539  0.000e+00
     17.982     5.8795   3.013609    30.3603        637     2.6500     2.3537  0.000e+00
     17.966     5.8794   3.013571    30.3599        638     2.6542     2.3543  0.000e+00
     17.955     5.8794   3.013609    30.3603        639     2.6583     2.3538  0.000e+00
     17.938     5.8796   3.013592    30.3601        640     2.6625     2.3531  0.000e+00
     17.911     5.8793   3.013609    30.3605        641     2.6667     2.3526  0.000e+00
     17.890     5.8796   3.013592    30.3601        642     2.6708     2.3544  0.000e+00
     17.848     5.8799   3.013587    30.3597        643     2.6750     2.3541  0.000e+00
     17.803     5.8800   3.013571    30.3595        644     2.6792     2.3525  0.000e+00
     17.745     5.8800   3.013533    30.3591        645     2.6833     2.3517  0.000e+00
     17.689     5.8797   3.013511    30.3591        646     2.6875     2.3538  0.000e+00
     17.615     5.8793   3.013533    30.3598        647     2.6917     2.3536  0.000e+00
     17.546     5.8793   3.013571    30.3603        648     2.6958     2.3551  0.000e+00
     17.478     5.8796   3.013614    30.3605        649     2.7000     2.3543  0.000e+00
     17.407     5.8804   3.013625    30.3599        650     2.7042     2.3542  0.000e+00
     17.340     5.8809   3.013668    30.3600        651     2.7083     2.3553  0.000e+00
     17.277     5.8815   3.013549    30.3582        652     2.7125     2.3551  0.000e+00
     17.219     5.8815   3.013652    30.3593        653     2.7167     2.3563  0.000e+00
     17.167     5.8817   3.013700    30.3597        654     2.7208     2.3558  0.000e+00
     17.120     5.8822   3.013690    30.3591        655     2.7250     2.3566  0.000e+00
     17.080     5.8827   3.013700    30.3589        656     2.7292     2.3561  0.000e+00
     17.037     5.8830   3.013749    30.3592        657     2.7333     2.3554  0.000e+00
     16.999     5.8834   3.013738    30.3587        658     2.7375     2.3556  0.000e+00
     16.957     5.8838   3.013776    30.3588        659     2.7417     2.3551  0.000e+00
     16.929     5.8842   3.013771    30.3584        660     2.7458     2.3548  0.000e+00
     16.894     5.8840   3.013717    30.3579        661     2.7500     2.3544  0.000e+00
     16.856     5.8842   3.013787    30.3586        662     2.7542     2.3539  0.000e+00
     16.815     5.8845   3.013830    30.3588        663     2.7583     2.3546  0.000e+00
     16.775     5.8848   3.013825    30.3585        664     2.7625     2.3542  0.000e+00
     16.744     5.8854   3.013847    30.3582        665     2.7667     2.3549  0.000e+00
     16.699     5.8856   3.013885    30.3584        666     2.7708     2.3559  0.000e+00
     16.661     5.8860   3.013923    30.3586        667     2.7750     2.3551  0.000e+00
     16.627     5.8865   3.013966    30.3586        668     2.7792     2.3555  0.000e+00
     16.592     5.8869   3.013960    30.3582        669     2.7833     2.3557  0.000e+00
     16.558     5.8872   3.013966    30.3580        670     2.7875     2.3554  0.000e+00
     16.535     5.8876   3.014221    30.3605        671     2.7917     2.3554  0.000e+00
     16.498     5.8894   3.014334    30.3601        672     2.7958     2.3550  0.000e+00
     16.464     5.8918   3.014296    30.3576        673     2.8000     2.3558  0.000e+00
     16.435     5.8932   3.014296    30.3563        674     2.8042     2.3548  0.000e+00
     16.399     5.8942   3.014334    30.3559        675     2.8083     2.3573  0.000e+00
     16.370     5.8949   3.014296    30.3548        676     2.8125     2.3558  0.000e+00
     16.334     5.8953   3.014334    30.3550        677     2.8167     2.3571  0.000e+00
     16.301     5.8958   3.014313    30.3543        678     2.8208     2.3559  0.000e+00
     16.267     5.8961   3.014356    30.3545        679     2.8250     2.3563  0.000e+00
     16.242     5.8966   3.014296    30.3534        680     2.8292     2.3565  0.000e+00
     16.209     5.8968   3.014275    30.3530        681     2.8333     2.3560  0.000e+00
     16.179     5.8966   3.014334    30.3539        682     2.8375     2.3560  0.000e+00
     16.146     5.8966   3.014275    30.3532        683     2.8417     2.3566  0.000e+00
     16.114     5.8966   3.014275    30.3532        684     2.8458     2.3561  0.000e+00
     16.078     5.8962   3.014318    30.3541        685     2.8500     2.3561  0.000e+00
     16.043     5.8964   3.014372    30.3545        686     2.8542     2.3554  0.000e+00
     16.007     5.8970   3.014405    30.3543        687     2.8583     2.3559  0.000e+00
     15.967     5.8979   3.014416    30.3537        688     2.8625     2.3559  0.000e+00
     15.920     5.8986   3.014443    30.3533        689     2.8667     2.3559  0.000e+00
     15.879     5.8994   3.014475    30.3530        690     2.8708     2.3564  0.000e+00
     15.834     5.9002   3.014502    30.3527        691     2.8750     2.3554  0.000e+00
     15.781     5.9009   3.014513    30.3522        692     2.8792     2.3563  0.000e+00
     15.734     5.9014   3.014518    30.3518        693     2.8833     2.3564  0.000e+00
     15.682     5.9020   3.014529    30.3514        694     2.8875     2.3567  0.000e+00
     15.628     5.9025   3.014632    30.3521        695     2.8917     2.3566  0.000e+00
     15.577     5.9041   3.014827    30.3529        696     2.8958     2.3566  0.000e+00
     15.541     5.9063   3.014968    30.3525        697     2.9000     2.3566  0.000e+00
     15.499     5.9088   3.015001    30.3506        698     2.9042     2.3565  0.000e+00
     15.467     5.9114   3.015077    30.3491        699     2.9083     2.3579  0.000e+00
     15.443     5.9136   3.015060    30.3470        700     2.9125     2.3565  0.000e+00
     15.422     5.9147   3.015039    30.3458        701     2.9167     2.3573  0.000e+00
     15.414     5.9157   3.015022    30.3447        702     2.9208     2.3572  0.000e+00
     15.407     5.9158   3.015001    30.3444        703     2.9250     2.3558  0.000e+00
     15.398     5.9159   3.015039    30.3447        704     2.9292     2.3565  0.000e+00
     15.393     5.9161   3.015098    30.3452        705     2.9333     2.3569  0.000e+00
     15.387     5.9163   3.015115    30.3452        706     2.9375     2.3570  0.000e+00
     15.375     5.9167   3.015120    30.3449        707     2.9417     2.3558  0.000e+00
     15.366     5.9172   3.015077    30.3440        708     2.9458     2.3572  0.000e+00
     15.351     5.9173   3.015120    30.3444        709     2.9500     2.3575  0.000e+00
     15.338     5.9175   3.015115    30.3442        710     2.9542     2.3567  0.000e+00
     15.304     5.9179   3.015120    30.3439        711     2.9583     2.3575  0.000e+00
     15.272     5.9181   3.015098    30.3435        712     2.9625     2.3576  0.000e+00
     15.241     5.9182   3.015114    30.3436        713     2.9667     2.3576  0.000e+00
     15.201     5.9183   3.015039    30.3427        714     2.9708     2.3581  0.000e+00
     15.152     5.9186   3.015022    30.3422        715     2.9750     2.3577  0.000e+00
     15.107     5.9188   3.015001    30.3418        716     2.9792     2.3579  0.000e+00
     15.050     5.9191   3.014968    30.3412        717     2.9833     2.3579  0.000e+00
     15.001     5.9196   3.014963    30.3407        718     2.9875     2.3577  0.000e+00
     14.954     5.9201   3.014930    30.3400        719     2.9917     2.3590  0.000e+00
     14.908     5.9208   3.014903    30.3391        720     2.9958     2.3584  0.000e+00
     14.874     5.9215   3.014930    30.3388        721     3.0000     2.3580  0.000e+00
     14.852     5.9222   3.014963    30.3385        722     3.0042     2.3583  0.000e+00
     14.834     5.9229   3.014968    30.3380        723     3.0083     2.3579  0.000e+00
     14.829     5.9233   3.014925    30.3371        724     3.0125     2.3573  0.000e+00
     14.836     5.9236   3.014946    30.3371        725     3.0167     2.3573  0.000e+00
     14.847     5.9236   3.014930    30.3369        726     3.0208     2.3580  0.000e+00
     14.857     5.9237   3.014963    30.3372        727     3.0250     2.3573  0.000e+00
     14.870     5.9232   3.014968    30.3377        728     3.0292     2.3560  0.000e+00
     14.877     5.9225   3.014979    30.3384        729     3.0333     2.3571  0.000e+00
