HB2402/sbe034.cnv
* Sea-Bird SBE 19plus V2 Data File:
* FileName = C:\cruise\data\sbe034.hex
* Software Version Seasave V 7.26.7.121
* Temperature SN = 7142
* Conductivity SN = 7142
* System UpLoad Time = Mar 20 2024 06:23:45
* NMEA Latitude = 39 10.34 N
* NMEA Longitude = 074 19.73 W
* NMEA UTC (Time) = Mar 20 2024  06:23:01
** Ship: Bigelow
** Cruise:  HB2304
** Program:  Fall Bottom Trawl
# nquan = 7
# nvalues = 1530                                  
# units = specified
# name 0 = depSM: Depth [salt water, m]
# name 1 = tv290C: Temperature [ITS-90, deg C]
# name 2 = c0S/m: Conductivity [S/m]
# name 3 = sal00: Salinity, Practical [PSU]
# name 4 = scan: Scan Count
# name 5 = timeM: Time, Elapsed [minutes]
# name 6 = flag:  0.000e+00
# span 0 =     -0.181,     17.342                 
# span 1 =     7.2433,     8.7433                 
# span 2 =   0.000082,   3.244601                 
# span 3 =     0.0044,    31.5878                 
# span 4 =         11,       1540                 
# span 5 =     0.0417,     6.4125                 
# span 6 = 0.0000e+00, 0.0000e+00                 
# interval = seconds: 0.25
# start_time = Mar 20 2024 06:23:01 [NMEA time, header]
# bad_flag = -9.990e-29
*END*
[from data line 206]
      2.653     7.8252   3.182051    30.4735        217     0.9000  0.000e+00
      2.732     7.8252   3.181736    30.4702        218     0.9042  0.000e+00
      2.769     7.8250   3.181678    30.4697        219     0.9083  0.000e+00
      2.771     7.8245   3.181480    30.4681        220     0.9125  0.000e+00
      2.759     7.8241   3.181457    30.4682        221     0.9167  0.000e+00
      2.739     7.8240   3.181475    30.4685        222     0.9208  0.000e+00
      2.723     7.8235   3.181457    30.4687        223     0.9250  0.000e+00
      2.719     7.8234   3.181521    30.4695        224     0.9292  0.000e+00
      2.744     7.8234   3.181719    30.4715        225     0.9333  0.000e+00
      2.811     7.8238   3.181952    30.4736        226     0.9375  0.000e+00
      2.910     7.8242   3.182289    30.4769        227     0.9417  0.000e+00
      3.010     7.8248   3.182487    30.4784        228     0.9458  0.000e+00
      3.120     7.8250   3.182092    30.4740        229     0.9500  0.000e+00
      3.235     7.8253   3.181911    30.4717        230     0.9542  0.000e+00
      3.345     7.8259   3.181975    30.4718        231     0.9583  0.000e+00
      3.452     7.8264   3.181993    30.4715        232     0.9625  0.000e+00
      3.551     7.8263   3.181993    30.4716        233     0.9667  0.000e+00
      3.621     7.8261   3.181853    30.4702        234     0.9708  0.000e+00
      3.664     7.8260   3.181719    30.4689        235     0.9750  0.000e+00
      3.681     7.8259   3.181539    30.4670        236     0.9792  0.000e+00
      3.677     7.8255   3.181382    30.4658        237     0.9833  0.000e+00
      3.673     7.8253   3.181265    30.4646        238     0.9875  0.000e+00
      3.650     7.8249   3.181300    30.4654        239     0.9917  0.000e+00
      3.636     7.8245   3.181259    30.4653        240     0.9958  0.000e+00
      3.634     7.8241   3.181143    30.4644        241     1.0000  0.000e+00
      3.646     7.8240   3.181062    30.4637        242     1.0042  0.000e+00
      3.684     7.8241   3.181062    30.4636        243     1.0083  0.000e+00
      3.743     7.8242   3.181184    30.4647        244     1.0125  0.000e+00
      3.819     7.8244   3.181219    30.4649        245     1.0167  0.000e+00
      3.903     7.8243   3.181161    30.4643        246     1.0208  0.000e+00
      3.988     7.8246   3.181120    30.4636        247     1.0250  0.000e+00
      4.079     7.8248   3.179717    30.4485        248     1.0292  0.000e+00
      4.162     7.8248   3.181102    30.4632        249     1.0333  0.000e+00
      4.239     7.8244   3.181085    30.4633        250     1.0375  0.000e+00
      4.297     7.8244   3.181004    30.4625        251     1.0417  0.000e+00
      4.347     7.8245   3.181004    30.4623        252     1.0458  0.000e+00
      4.401     7.8247   3.181085    30.4629        253     1.0500  0.000e+00
      4.459     7.8250   3.181079    30.4626        254     1.0542  0.000e+00
      4.520     7.8250   3.180963    30.4614        255     1.0583  0.000e+00
      4.570     7.8250   3.180922    30.4609        256     1.0625  0.000e+00
      4.622     7.8248   3.180864    30.4605        257     1.0667  0.000e+00
      4.651     7.8244   3.180806    30.4602        258     1.0708  0.000e+00
      4.669     7.8237   3.180765    30.4603        259     1.0750  0.000e+00
      4.678     7.8234   3.180748    30.4604        260     1.0792  0.000e+00
      4.690     7.8228   3.180724    30.4607        261     1.0833  0.000e+00
      4.699     7.8226   3.180684    30.4604        262     1.0875  0.000e+00
      4.719     7.8228   3.180666    30.4600        263     1.0917  0.000e+00
      4.755     7.8232   3.180707    30.4601        264     1.0958  0.000e+00
      4.809     7.8233   3.180788    30.4609        265     1.1000  0.000e+00
      4.879     7.8234   3.180864    30.4616        266     1.1042  0.000e+00
      4.960     7.8232   3.180887    30.4619        267     1.1083  0.000e+00
      5.048     7.8233   3.180847    30.4614        268     1.1125  0.000e+00
      5.131     7.8232   3.180806    30.4610        269     1.1167  0.000e+00
      5.203     7.8231   3.180725    30.4602        270     1.1208  0.000e+00
      5.264     7.8228   3.180666    30.4598        271     1.1250  0.000e+00
      5.301     7.8228   3.180649    30.4596        272     1.1292  0.000e+00
      5.316     7.8226   3.180626    30.4595        273     1.1333  0.000e+00
      5.318     7.8224   3.180626    30.4597        274     1.1375  0.000e+00
      5.312     7.8224   3.180626    30.4597        275     1.1417  0.000e+00
      5.327     7.8223   3.180591    30.4594        276     1.1458  0.000e+00
      5.357     7.8223   3.180649    30.4600        277     1.1500  0.000e+00
      5.395     7.8225   3.180661    30.4600        278     1.1542  0.000e+00
      5.442     7.8225   3.180649    30.4598        279     1.1583  0.000e+00
      5.492     7.8225   3.180666    30.4600        280     1.1625  0.000e+00
      5.551     7.8227   3.180666    30.4598        281     1.1667  0.000e+00
      5.598     7.8231   3.180626    30.4590        282     1.1708  0.000e+00
      5.654     7.8231   3.180591    30.4585        283     1.1750  0.000e+00
      5.704     7.8228   3.180608    30.4590        284     1.1792  0.000e+00
      5.740     7.8227   3.180608    30.4591        285     1.1833  0.000e+00
      5.780     7.8226   3.180603    30.4590        286     1.1875  0.000e+00
      5.819     7.8229   3.180550    30.4582        287     1.1917  0.000e+00
      5.857     7.8234   3.180591    30.4582        288     1.1958  0.000e+00
      5.905     7.8236   3.180591    30.4581        289     1.2000  0.000e+00
      5.968     7.8236   3.180649    30.4586        290     1.2042  0.000e+00
      6.029     7.8237   3.180725    30.4593        291     1.2083  0.000e+00
      6.094     7.8237   3.180725    30.4593        292     1.2125  0.000e+00
      6.157     7.8235   3.180748    30.4597        293     1.2167  0.000e+00
      6.222     7.8232   3.180684    30.4592        294     1.2208  0.000e+00
      6.283     7.8230   3.180649    30.4590        295     1.2250  0.000e+00
      6.333     7.8231   3.180591    30.4583        296     1.2292  0.000e+00
      6.385     7.8232   3.180609    30.4584        297     1.2333  0.000e+00
      6.427     7.8237   3.180591    30.4577        298     1.2375  0.000e+00
      6.450     7.8239   3.180609    30.4577        299     1.2417  0.000e+00
      6.468     7.8241   3.180591    30.4573        300     1.2458  0.000e+00
      6.484     7.8241   3.180609    30.4575        301     1.2500  0.000e+00
      6.511     7.8242   3.180539    30.4567        302     1.2542  0.000e+00
      6.545     7.8241   3.180626    30.4577        303     1.2583  0.000e+00
      6.592     7.8242   3.180626    30.4576        304     1.2625  0.000e+00
      6.651     7.8244   3.180626    30.4574        305     1.2667  0.000e+00
      6.718     7.8245   3.180667    30.4577        306     1.2708  0.000e+00
      6.788     7.8247   3.180690    30.4577        307     1.2750  0.000e+00
      6.874     7.8250   3.180690    30.4575        308     1.2792  0.000e+00
      6.958     7.8251   3.180667    30.4571        309     1.2833  0.000e+00
      7.036     7.8253   3.180620    30.4564        310     1.2875  0.000e+00
      7.109     7.8252   3.180609    30.4563        311     1.2917  0.000e+00
      7.176     7.8251   3.180626    30.4565        312     1.2958  0.000e+00
      7.224     7.8252   3.180667    30.4568        313     1.3000  0.000e+00
      7.268     7.8253   3.180708    30.4572        314     1.3042  0.000e+00
      7.314     7.8254   3.180725    30.4573        315     1.3083  0.000e+00
      7.361     7.8253   3.180690    30.4569        316     1.3125  0.000e+00
      7.415     7.8253   3.180725    30.4573        317     1.3167  0.000e+00
      7.474     7.8256   3.180789    30.4577        318     1.3208  0.000e+00
      7.544     7.8258   3.180766    30.4573        319     1.3250  0.000e+00
      7.618     7.8259   3.180766    30.4571        320     1.3292  0.000e+00
      7.684     7.8258   3.180789    30.4574        321     1.3333  0.000e+00
      7.746     7.8259   3.180807    30.4575        322     1.3375  0.000e+00
      7.801     7.8259   3.180807    30.4574        323     1.3417  0.000e+00
      7.853     7.8261   3.180824    30.4575        324     1.3458  0.000e+00
      7.907     7.8261   3.180807    30.4572        325     1.3500  0.000e+00
      7.954     7.8262   3.180830    30.4574        326     1.3542  0.000e+00
      8.003     7.8263   3.180807    30.4571        327     1.3583  0.000e+00
      8.051     7.8264   3.180807    30.4569        328     1.3625  0.000e+00
      8.103     7.8263   3.180789    30.4568        329     1.3667  0.000e+00
      8.159     7.8264   3.180766    30.4565        330     1.3708  0.000e+00
      8.218     7.8261   3.180766    30.4567        331     1.3750  0.000e+00
      8.270     7.8263   3.180708    30.4559        332     1.3792  0.000e+00
      8.328     7.8263   3.180702    30.4558        333     1.3833  0.000e+00
      8.376     7.8264   3.180708    30.4557        334     1.3875  0.000e+00
      8.420     7.8264   3.180691    30.4555        335     1.3917  0.000e+00
      8.464     7.8263   3.180667    30.4554        336     1.3958  0.000e+00
      8.500     7.8263   3.180667    30.4553        337     1.4000  0.000e+00
      8.535     7.8265   3.180667    30.4551        338     1.4042  0.000e+00
      8.579     7.8266   3.180667    30.4550        339     1.4083  0.000e+00
      8.623     7.8266   3.180627    30.4546        340     1.4125  0.000e+00
      8.675     7.8264   3.180854    30.4571        341     1.4167  0.000e+00
      8.729     7.8265   3.180865    30.4572        342     1.4208  0.000e+00
      8.795     7.8262   3.180848    30.4572        343     1.4250  0.000e+00
      8.863     7.8260   3.180865    30.4575        344     1.4292  0.000e+00
      8.939     7.8261   3.180889    30.4577        345     1.4333  0.000e+00
      9.009     7.8261   3.180825    30.4570        346     1.4375  0.000e+00
      9.088     7.8260   3.180889    30.4577        347     1.4417  0.000e+00
      9.167     7.8259   3.180889    30.4577        348     1.4458  0.000e+00
      9.237     7.8261   3.180912    30.4578        349     1.4500  0.000e+00
      9.291     7.8261   3.180947    30.4581        350     1.4542  0.000e+00
      9.341     7.8260   3.180964    30.4584        351     1.4583  0.000e+00
      9.385     7.8259   3.180924    30.4580        352     1.4625  0.000e+00
      9.406     7.8259   3.180906    30.4578        353     1.4667  0.000e+00
      9.433     7.8259   3.180865    30.4573        354     1.4708  0.000e+00
      9.460     7.8260   3.180906    30.4577        355     1.4750  0.000e+00
      9.496     7.8261   3.180866    30.4571        356     1.4792  0.000e+00
      9.546     7.8264   3.180912    30.4574        357     1.4833  0.000e+00
      9.597     7.8263   3.180906    30.4574        358     1.4875  0.000e+00
      9.645     7.8266   3.180906    30.4571        359     1.4917  0.000e+00
      9.715     7.8267   3.180866    30.4565        360     1.4958  0.000e+00
      9.780     7.8269   3.180924    30.4569        361     1.5000  0.000e+00
      9.846     7.8269   3.180947    30.4572        362     1.5042  0.000e+00
      9.913     7.8267   3.180924    30.4571        363     1.5083  0.000e+00
      9.979     7.8266   3.180988    30.4578        364     1.5125  0.000e+00
     10.031     7.8266   3.180976    30.4577        365     1.5167  0.000e+00
     10.082     7.8267   3.180988    30.4576        366     1.5208  0.000e+00
     10.129     7.8269   3.180988    30.4575        367     1.5250  0.000e+00
     10.163     7.8271   3.180988    30.4573        368     1.5292  0.000e+00
     10.197     7.8269   3.181005    30.4576        369     1.5333  0.000e+00
     10.238     7.8269   3.180988    30.4574        370     1.5375  0.000e+00
     10.280     7.8264   3.180988    30.4578        371     1.5417  0.000e+00
     10.324     7.8262   3.180988    30.4580        372     1.5458  0.000e+00
     10.380     7.8259   3.181040    30.4588        373     1.5500  0.000e+00
     10.441     7.8258   3.181064    30.4591        374     1.5542  0.000e+00
     10.502     7.8258   3.181046    30.4589        375     1.5583  0.000e+00
     10.567     7.8261   3.181087    30.4591        376     1.5625  0.000e+00
     10.643     7.8263   3.181104    30.4591        377     1.5667  0.000e+00
     10.722     7.8263   3.181163    30.4596        378     1.5708  0.000e+00
     10.793     7.8263   3.181262    30.4606        379     1.5750  0.000e+00
     10.874     7.8261   3.181145    30.4595        380     1.5792  0.000e+00
     10.943     7.8258   3.181145    30.4598        381     1.5833  0.000e+00
     11.011     7.8261   3.181186    30.4599        382     1.5875  0.000e+00
     11.072     7.8259   3.181326    30.4615        383     1.5917  0.000e+00
     11.128     7.8259   3.181384    30.4621        384     1.5958  0.000e+00
     11.173     7.8258   3.181541    30.4638        385     1.6000  0.000e+00
     11.227     7.8253   3.182018    30.4693        386     1.6042  0.000e+00
     11.273     7.8250   3.181937    30.4687        387     1.6083  0.000e+00
     11.320     7.8247   3.182135    30.4711        388     1.6125  0.000e+00
     11.372     7.8244   3.182019    30.4701        389     1.6167  0.000e+00
     11.424     7.8244   3.181821    30.4679        390     1.6208  0.000e+00
     11.484     7.8247   3.181978    30.4693        391     1.6250  0.000e+00
     11.539     7.8249   3.182216    30.4716        392     1.6292  0.000e+00
     11.608     7.8245   3.182315    30.4730        393     1.6333  0.000e+00
     11.676     7.8239   3.182455    30.4749        394     1.6375  0.000e+00
     11.735     7.8232   3.182473    30.4757        395     1.6417  0.000e+00
     11.796     7.8228   3.182490    30.4763        396     1.6458  0.000e+00
     11.859     7.8225   3.182519    30.4768        397     1.6500  0.000e+00
     11.922     7.8225   3.182711    30.4788        398     1.6542  0.000e+00
     11.985     7.8218   3.182711    30.4793        399     1.6583  0.000e+00
     12.050     7.8215   3.182094    30.4731        400     1.6625  0.000e+00
     12.116     7.8225   3.181838    30.4694        401     1.6667  0.000e+00
     12.183     7.8239   3.182019    30.4702        402     1.6708  0.000e+00
     12.249     7.8246   3.182217    30.4716        403     1.6750  0.000e+00
     12.316     7.8244   3.183346    30.4837        404     1.6792  0.000e+00
     12.391     7.8218   3.184016    30.4930        405     1.6833  0.000e+00
     12.463     7.8177   3.183858    30.4949        406     1.6875  0.000e+00
     12.533     7.8150   3.183783    30.4965        407     1.6917  0.000e+00
     12.601     7.8138   3.183917    30.4989        408     1.6958  0.000e+00
     12.663     7.8128   3.184534    30.5062        409     1.7000  0.000e+00
     12.725     7.8104   3.184872    30.5119        410     1.7042  0.000e+00
     12.787     7.8070   3.185803    30.5247        411     1.7083  0.000e+00
     12.855     7.8013   3.187172    30.5442        412     1.7125  0.000e+00
     12.921     7.7915   3.188162    30.5633        413     1.7167  0.000e+00
     12.991     7.7808   3.189100    30.5826        414     1.7208  0.000e+00
     13.070     7.7682   3.192428    30.6289        415     1.7250  0.000e+00
     13.153     7.7352   3.196340    30.6995        416     1.7292  0.000e+00
     13.238     7.6785   3.197874    30.7658        417     1.7333  0.000e+00
     13.317     7.6220   3.198907    30.8267        418     1.7375  0.000e+00
     13.403     7.5712   3.199566    30.8788        419     1.7417  0.000e+00
     13.484     7.5283   3.200605    30.9280        420     1.7458  0.000e+00
