HB2402/sbe035.cnv
* Sea-Bird SBE 19plus V2 Data File:
* FileName = C:\cruise\data\sbe035.hex
* Software Version Seasave V 7.26.7.121
* Temperature SN = 7142
* Conductivity SN = 7142
* System UpLoad Time = Mar 20 2024 08:51:24
* NMEA Latitude = 39 17.94 N
* NMEA Longitude = 074 06.21 W
* NMEA UTC (Time) = Mar 20 2024  08:50:41
** Ship: Bigelow
** Cruise:  HB2304
** Program:  Fall Bottom Trawl
# nquan = 7
# nvalues = 1142                                  
# units = specified
# name 0 = depSM: Depth [salt water, m]
# name 1 = tv290C: Temperature [ITS-90, deg C]
# name 2 = c0S/m: Conductivity [S/m]
# name 3 = sal00: Salinity, Practical [PSU]
# name 4 = scan: Scan Count
# name 5 = timeM: Time, Elapsed [minutes]
# name 6 = flag:  0.000e+00
# span 0 =     -0.175,     25.057                 
# span 1 =     7.0420,     8.0940                 
# span 2 =   0.000037,   3.199879                 
# span 3 =     0.0039,    31.3520                 
# span 4 =         11,       1152                 
# span 5 =     0.0417,     4.7958                 
# span 6 = 0.0000e+00, 0.0000e+00                 
# interval = seconds: 0.25
# start_time = Mar 20 2024 08:50:41 [NMEA time, header]
# bad_flag = -9.990e-29
*END*
[from data line 1026]
      0.174     7.6838   3.160445    30.3687       1037     4.3167  0.000e+00
      0.133     7.6835   3.160642    30.3710       1038     4.3208  0.000e+00
      0.090     7.6836   3.160584    30.3703       1039     4.3250  0.000e+00
      0.030     7.6837   3.160468    30.3691       1040     4.3292  0.000e+00
     -0.011     7.6830   3.160566    30.3707       1041     4.3333  0.000e+00
     -0.045     7.6832   3.159858    30.3631       1042     4.3375  0.000e+00
     -0.124     7.6833   1.552745    13.9516       1043     4.3417  0.000e+00
     -0.162     7.6807   0.549876     4.5627       1044     4.3458  0.000e+00
     -0.166     7.6683   0.314571     2.5186       1045     4.3500  0.000e+00
     -0.166     7.6453   0.267854     2.1255       1046     4.3542  0.000e+00
     -0.166     7.6277   0.254597     2.0154       1047     4.3583  0.000e+00
     -0.158     7.6229   0.239543     1.8898       1048     4.3625  0.000e+00
     -0.121     7.6237   1.297643    11.5050       1049     4.3667  0.000e+00
     -0.114     7.6258   2.398857    22.4556       1050     4.3708  0.000e+00
     -0.067     7.6279   2.794495    26.5542       1051     4.3750  0.000e+00
     -0.022     7.6310   3.126243    30.0510       1052     4.3792  0.000e+00
      0.014     7.6405   3.130718    30.0904       1053     4.3833  0.000e+00
     -0.004     7.6524   3.131626    30.0897       1054     4.3875  0.000e+00
      0.010     7.6628   3.160131    30.3837       1055     4.3917  0.000e+00
     -0.045     7.6699   3.160033    30.3766       1056     4.3958  0.000e+00
     -0.158     7.6733   2.108626    19.4738       1057     4.4000  0.000e+00
     -0.160     7.6740   1.035492     9.0030       1058     4.4042  0.000e+00
     -0.162     7.6733   0.733866     6.2165       1059     4.4083  0.000e+00
     -0.157     7.6732   0.621089     5.1986       1060     4.4125  0.000e+00
     -0.162     7.6734   0.912290     7.8546       1061     4.4167  0.000e+00
     -0.162     7.6733   0.806294     6.8776       1062     4.4208  0.000e+00
     -0.162     7.6727   0.436873     3.5704       1063     4.4250  0.000e+00
     -0.164     7.6722   0.506899     4.1839       1064     4.4292  0.000e+00
     -0.121     7.6722   0.664086     5.5851       1065     4.4333  0.000e+00
     -0.117     7.6731   1.568301    14.1075       1066     4.4375  0.000e+00
     -0.130     7.6738   2.796705    26.5424       1067     4.4417  0.000e+00
     -0.141     7.6738   1.876824    17.1502       1068     4.4458  0.000e+00
     -0.160     7.6735   0.765177     6.5016       1069     4.4500  0.000e+00
     -0.160     7.6725   0.383353     3.1068       1070     4.4542  0.000e+00
     -0.160     7.6718   0.378472     3.0648       1071     4.4583  0.000e+00
     -0.160     7.6714   0.299654     2.3919       1072     4.4625  0.000e+00
     -0.158     7.6712   0.259101     2.0505       1073     4.4667  0.000e+00
     -0.164     7.6711   0.228123     1.7923       1074     4.4708  0.000e+00
     -0.166     7.6711   0.218589     1.7133       1075     4.4750  0.000e+00
     -0.121     7.6708   0.333033     2.6755       1076     4.4792  0.000e+00
     -0.024     7.6716   2.659238    25.1120       1077     4.4833  0.000e+00
     -0.040     7.6735   2.778775    26.3553       1078     4.4875  0.000e+00
     -0.151     7.6755   2.101234    19.3980       1079     4.4917  0.000e+00
     -0.151     7.6759   1.144808    10.0323       1080     4.4958  0.000e+00
     -0.166     7.6752   0.843697     7.2207       1081     4.5000  0.000e+00
     -0.166     7.6748   1.197980    10.5370       1082     4.5042  0.000e+00
     -0.162     7.6743   0.358816     2.8957       1083     4.5083  0.000e+00
     -0.159     7.6735   0.323768     2.5964       1084     4.5125  0.000e+00
     -0.159     7.6730   0.310325     2.4822       1085     4.5167  0.000e+00
     -0.164     7.6730   0.311131     2.4890       1086     4.5208  0.000e+00
     -0.175     7.6731   0.334745     2.6899       1087     4.5250  0.000e+00
     -0.166     7.6731   0.323522     2.5943       1088     4.5292  0.000e+00
     -0.155     7.6719   0.267822     2.1236       1089     4.5333  0.000e+00
     -0.155     7.6677   0.232650     1.8301       1090     4.5375  0.000e+00
     -0.162     7.6636   0.198845     1.5508       1091     4.5417  0.000e+00
     -0.169     7.6620   0.173156     1.3405       1092     4.5458  0.000e+00
     -0.162     7.6618   0.166138     1.2834       1093     4.5500  0.000e+00
     -0.155     7.6620   0.157555     1.2138       1094     4.5542  0.000e+00
     -0.158     7.6597   0.145520     1.1166       1095     4.5583  0.000e+00
     -0.162     7.6568   0.133198     1.0177       1096     4.5625  0.000e+00
     -0.164     7.6553   0.126265     0.9622       1097     4.5667  0.000e+00
     -0.162     7.6552   0.124055     0.9446       1098     4.5708  0.000e+00
     -0.157     7.6552   0.124827     0.9507       1099     4.5750  0.000e+00
     -0.158     7.6541   0.121362     0.9231       1100     4.5792  0.000e+00
     -0.158     7.6539   0.120284     0.9145       1101     4.5833  0.000e+00
     -0.162     7.6538   0.116580     0.8850       1102     4.5875  0.000e+00
     -0.160     7.6538   0.114311     0.8670       1103     4.5917  0.000e+00
     -0.158     7.6538   0.109006     0.8249       1104     4.5958  0.000e+00
     -0.162     7.6543   0.104499     0.7892       1105     4.6000  0.000e+00
     -0.151     7.6545   0.105802     0.7995       1106     4.6042  0.000e+00
     -0.155     7.6530   0.104404     0.7885       1107     4.6083  0.000e+00
     -0.160     7.6491   0.099382     0.7490       1108     4.6125  0.000e+00
     -0.160     7.6470   0.092297     0.6933       1109     4.6167  0.000e+00
     -0.158     7.6467   0.089171     0.6688       1110     4.6208  0.000e+00
     -0.157     7.6458   0.091137     0.6842       1111     4.6250  0.000e+00
     -0.164     7.6444   0.083974     0.6282       1112     4.6292  0.000e+00
     -0.164     7.6444   0.076450     0.5696       1113     4.6333  0.000e+00
     -0.159     7.6450   0.077059     0.5743       1114     4.6375  0.000e+00
     -0.153     7.6438   0.073938     0.5501       1115     4.6417  0.000e+00
     -0.153     7.6399   0.075957     0.5658       1116     4.6458  0.000e+00
     -0.157     7.6359   0.070304     0.5220       1117     4.6500  0.000e+00
     -0.162     7.6347   0.067533     0.5006       1118     4.6542  0.000e+00
     -0.162     7.6352   0.066523     0.4928       1119     4.6583  0.000e+00
     -0.155     7.6360   0.068230     0.5060       1120     4.6625  0.000e+00
     -0.151     7.6363   0.067393     0.4995       1121     4.6667  0.000e+00
     -0.155     7.6359   0.065110     0.4819       1122     4.6708  0.000e+00
     -0.157     7.6335   0.065110     0.4820       1123     4.6750  0.000e+00
     -0.157     7.6311   0.064240     0.4753       1124     4.6792  0.000e+00
     -0.151     7.6307   0.065214     0.4828       1125     4.6833  0.000e+00
     -0.150     7.6311   0.065675     0.4864       1126     4.6875  0.000e+00
     -0.157     7.6316   0.064174     0.4748       1127     4.6917  0.000e+00
     -0.155     7.6313   0.061708     0.4558       1128     4.6958  0.000e+00
     -0.155     7.6304   0.058203     0.4289       1129     4.7000  0.000e+00
     -0.155     7.6299   0.056368     0.4149       1130     4.7042  0.000e+00
     -0.157     7.6295   0.055369     0.4073       1131     4.7083  0.000e+00
     -0.153     7.6295   0.053379     0.3921       1132     4.7125  0.000e+00
     -0.153     7.6299   0.050330     0.3688       1133     4.7167  0.000e+00
     -0.153     7.6301   0.048417     0.3543       1134     4.7208  0.000e+00
     -0.153     7.6299   0.049953     0.3660       1135     4.7250  0.000e+00
     -0.162     7.6306   0.050673     0.3714       1136     4.7292  0.000e+00
     -0.151     7.6312   0.046148     0.3371       1137     4.7333  0.000e+00
     -0.151     7.6282   0.048221     0.3528       1138     4.7375  0.000e+00
     -0.153     7.6227   0.045640     0.3333       1139     4.7417  0.000e+00
     -0.151     7.6206   0.044796     0.3269       1140     4.7458  0.000e+00
     -0.148     7.6208   0.041232     0.3000       1141     4.7500  0.000e+00
     -0.150     7.6205   0.039244     0.2851       1142     4.7542  0.000e+00
     -0.148     7.6172   0.036531     0.2647       1143     4.7583  0.000e+00
     -0.148     7.6154   0.033651     0.2432       1144     4.7625  0.000e+00
     -0.150     7.6154   0.029187     0.2100       1145     4.7667  0.000e+00
     -0.148     7.6155   0.024423     0.1748       1146     4.7708  0.000e+00
     -0.150     7.6148   0.023394     0.1672       1147     4.7750  0.000e+00
     -0.153     7.6147   0.022480     0.1605       1148     4.7792  0.000e+00
     -0.150     7.6154   0.021648     0.1544       1149     4.7833  0.000e+00
     -0.151     7.6160   0.020981     0.1495       1150     4.7875  0.000e+00
     -0.150     7.6156   0.020410     0.1454       1151     4.7917  0.000e+00
     -0.150     7.6156   0.019835     0.1412       1152     4.7958  0.000e+00
