HB2402/sbe047.cnv
* Sea-Bird SBE 19plus V2 Data File:
* FileName = C:\cruise\data\sbe047.hex
* Software Version Seasave V 7.26.7.121
* Temperature SN = 7142
* Conductivity SN = 7142
* System UpLoad Time = Apr 03 2024 02:21:35
* NMEA Latitude = 40 17.71 N
* NMEA Longitude = 072 04.95 W
* NMEA UTC (Time) = Apr 03 2024  02:20:53
** Ship: Bigelow
** Cruise:  HB2304
** Program:  Fall Bottom Trawl
# nquan = 7
# nvalues = 1235                                  
# units = specified
# name 0 = depSM: Depth [salt water, m]
# name 1 = tv290C: Temperature [ITS-90, deg C]
# name 2 = c0S/m: Conductivity [S/m]
# name 3 = sal00: Salinity, Practical [PSU]
# name 4 = scan: Scan Count
# name 5 = timeM: Time, Elapsed [minutes]
# name 6 = flag:  0.000e+00
# span 0 =     -0.095,     57.830                 
# span 1 =     5.9768,     6.1678                 
# span 2 =   0.098452,   3.199635                 
# span 3 =     0.7760,    32.1489                 
# span 4 =         11,       1245                 
# span 5 =     0.0417,     5.1833                 
# span 6 = 0.0000e+00, 0.0000e+00                 
# interval = seconds: 0.25
# start_time = Apr 03 2024 02:20:53 [NMEA time, header]
# bad_flag = -9.990e-29
*END*
[from data line 411]
     57.250     6.1665   3.199455    32.1453        422     1.7542  0.000e+00
     57.255     6.1664   3.199455    32.1454        423     1.7583  0.000e+00
     57.264     6.1664   3.199414    32.1448        424     1.7625  0.000e+00
     57.278     6.1665   3.199414    32.1448        425     1.7667  0.000e+00
     57.294     6.1666   3.199396    32.1445        426     1.7708  0.000e+00
     57.311     6.1664   3.199315    32.1437        427     1.7750  0.000e+00
     57.307     6.1661   3.199315    32.1441        428     1.7792  0.000e+00
     57.298     6.1658   3.199297    32.1441        429     1.7833  0.000e+00
     57.271     6.1657   3.199315    32.1445        430     1.7875  0.000e+00
     57.221     6.1657   3.199297    32.1443        431     1.7917  0.000e+00
     57.140     6.1656   3.199256    32.1439        432     1.7958  0.000e+00
     57.039     6.1654   3.199256    32.1442        433     1.8000  0.000e+00
     56.910     6.1652   3.199244    32.1442        434     1.8042  0.000e+00
     56.757     6.1652   3.199239    32.1443        435     1.8083  0.000e+00
     56.583     6.1652   3.199215    32.1441        436     1.8125  0.000e+00
     56.398     6.1650   3.199215    32.1444        437     1.8167  0.000e+00
     56.209     6.1650   3.199215    32.1445        438     1.8208  0.000e+00
     56.022     6.1651   3.199198    32.1443        439     1.8250  0.000e+00
     55.860     6.1652   3.199198    32.1443        440     1.8292  0.000e+00
     55.718     6.1651   3.199157    32.1440        441     1.8333  0.000e+00
     55.619     6.1649   3.199157    32.1442        442     1.8375  0.000e+00
     55.571     6.1648   3.199174    32.1445        443     1.8417  0.000e+00
     55.582     6.1650   3.199174    32.1444        444     1.8458  0.000e+00
     55.636     6.1652   3.199197    32.1444        445     1.8500  0.000e+00
     55.743     6.1651   3.199197    32.1444        446     1.8542  0.000e+00
     55.887     6.1650   3.199227    32.1448        447     1.8583  0.000e+00
     56.053     6.1651   3.199256    32.1449        448     1.8625  0.000e+00
     56.229     6.1652   3.199256    32.1447        449     1.8667  0.000e+00
     56.410     6.1652   3.199256    32.1446        450     1.8708  0.000e+00
     56.577     6.1654   3.199314    32.1451        451     1.8750  0.000e+00
     56.736     6.1653   3.199338    32.1453        452     1.8792  0.000e+00
     56.849     6.1658   3.199379    32.1453        453     1.8833  0.000e+00
     56.870     6.1658   3.199414    32.1456        454     1.8875  0.000e+00
     56.847     6.1661   3.199454    32.1458        455     1.8917  0.000e+00
     56.793     6.1661   3.199478    32.1461        456     1.8958  0.000e+00
     56.692     6.1665   3.199414    32.1450        457     1.9000  0.000e+00
     56.554     6.1666   3.199396    32.1448        458     1.9042  0.000e+00
     56.380     6.1666   3.199413    32.1451        459     1.9083  0.000e+00
     56.169     6.1665   3.199308    32.1442        460     1.9125  0.000e+00
     55.918     6.1662   3.199297    32.1444        461     1.9167  0.000e+00
     55.724     6.1661   3.199314    32.1448        462     1.9208  0.000e+00
     55.639     6.1661   3.199337    32.1451        463     1.9250  0.000e+00
     55.596     6.1662   3.199355    32.1452        464     1.9292  0.000e+00
     55.567     6.1661   3.199355    32.1453        465     1.9333  0.000e+00
     55.537     6.1661   3.199337    32.1452        466     1.9375  0.000e+00
     55.483     6.1663   3.199337    32.1450        467     1.9417  0.000e+00
     55.440     6.1664   3.199314    32.1446        468     1.9458  0.000e+00
     55.416     6.1663   3.199314    32.1447        469     1.9500  0.000e+00
     55.420     6.1661   3.199314    32.1449        470     1.9542  0.000e+00
     55.407     6.1662   3.199297    32.1447        471     1.9583  0.000e+00
     55.387     6.1662   3.199337    32.1451        472     1.9625  0.000e+00
     55.337     6.1662   3.199331    32.1450        473     1.9667  0.000e+00
     55.276     6.1662   3.199314    32.1449        474     1.9708  0.000e+00
     55.208     6.1662   3.199314    32.1450        475     1.9750  0.000e+00
     55.118     6.1663   3.199337    32.1451        476     1.9792  0.000e+00
     55.005     6.1664   3.199296    32.1446        477     1.9833  0.000e+00
     54.816     6.1664   3.199296    32.1448        478     1.9875  0.000e+00
     54.624     6.1662   3.199255    32.1445        479     1.9917  0.000e+00
     54.437     6.1661   3.199174    32.1439        480     1.9958  0.000e+00
     54.246     6.1658   3.199040    32.1428        481     2.0000  0.000e+00
     54.074     6.1655   3.198999    32.1427        482     2.0042  0.000e+00
     53.917     6.1650   3.199016    32.1434        483     2.0083  0.000e+00
     53.782     6.1645   3.199074    32.1445        484     2.0125  0.000e+00
     53.680     6.1645   3.199057    32.1444        485     2.0167  0.000e+00
     53.612     6.1646   3.199074    32.1445        486     2.0208  0.000e+00
     53.572     6.1648   3.199057    32.1442        487     2.0250  0.000e+00
     53.558     6.1648   3.199039    32.1440        488     2.0292  0.000e+00
     53.569     6.1646   3.199039    32.1442        489     2.0333  0.000e+00
     53.601     6.1647   3.199057    32.1443        490     2.0375  0.000e+00
     53.642     6.1647   3.199057    32.1443        491     2.0417  0.000e+00
     53.685     6.1647   3.199039    32.1440        492     2.0458  0.000e+00
     53.736     6.1647   3.199039    32.1440        493     2.0500  0.000e+00
     53.777     6.1645   3.198999    32.1437        494     2.0542  0.000e+00
     53.799     6.1644   3.198958    32.1434        495     2.0583  0.000e+00
     53.800     6.1643   3.198934    32.1432        496     2.0625  0.000e+00
     53.781     6.1641   3.198934    32.1434        497     2.0667  0.000e+00
     53.734     6.1640   3.198969    32.1439        498     2.0708  0.000e+00
     53.653     6.1638   3.198934    32.1437        499     2.0750  0.000e+00
     53.542     6.1638   3.198934    32.1438        500     2.0792  0.000e+00
     53.409     6.1638   3.198958    32.1441        501     2.0833  0.000e+00
     53.245     6.1639   3.198934    32.1438        502     2.0875  0.000e+00
     53.060     6.1638   3.198818    32.1427        503     2.0917  0.000e+00
     52.859     6.1634   3.198619    32.1410        504     2.0958  0.000e+00
     52.655     6.1627   3.198537    32.1408        505     2.1000  0.000e+00
     52.452     6.1620   3.198537    32.1416        506     2.1042  0.000e+00
     52.256     6.1616   3.198677    32.1437        507     2.1083  0.000e+00
     52.070     6.1616   3.198695    32.1439        508     2.1125  0.000e+00
     51.902     6.1618   3.198736    32.1443        509     2.1167  0.000e+00
     51.759     6.1621   3.198735    32.1440        510     2.1208  0.000e+00
     51.638     6.1625   3.198654    32.1429        511     2.1250  0.000e+00
     51.539     6.1626   3.198595    32.1422        512     2.1292  0.000e+00
     51.466     6.1623   3.198455    32.1409        513     2.1333  0.000e+00
     51.405     6.1616   3.198455    32.1415        514     2.1375  0.000e+00
     51.358     6.1612   3.198438    32.1418        515     2.1417  0.000e+00
     51.324     6.1609   3.198380    32.1414        516     2.1458  0.000e+00
     51.288     6.1608   3.198718    32.1453        517     2.1500  0.000e+00
     51.250     6.1613   3.198817    32.1460        518     2.1542  0.000e+00
     51.284     6.1620   3.198800    32.1451        519     2.1583  0.000e+00
     51.318     6.1627   3.198800    32.1444        520     2.1625  0.000e+00
     51.347     6.1631   3.198735    32.1433        521     2.1667  0.000e+00
     51.360     6.1631   3.198718    32.1431        522     2.1708  0.000e+00
     51.351     6.1630   3.198695    32.1430        523     2.1750  0.000e+00
     51.347     6.1629   3.198677    32.1429        524     2.1792  0.000e+00
     51.342     6.1627   3.198695    32.1432        525     2.1833  0.000e+00
     51.327     6.1628   3.198695    32.1431        526     2.1875  0.000e+00
     51.313     6.1627   3.198718    32.1435        527     2.1917  0.000e+00
     51.298     6.1627   3.198695    32.1432        528     2.1958  0.000e+00
     51.275     6.1626   3.198718    32.1436        529     2.2000  0.000e+00
     51.254     6.1626   3.198677    32.1432        530     2.2042  0.000e+00
     51.236     6.1625   3.198718    32.1437        531     2.2083  0.000e+00
     51.209     6.1627   3.198799    32.1445        532     2.2125  0.000e+00
     51.185     6.1629   3.198735    32.1436        533     2.2167  0.000e+00
     51.169     6.1631   3.198718    32.1432        534     2.2208  0.000e+00
     51.160     6.1630   3.198694    32.1430        535     2.2250  0.000e+00
     51.155     6.1629   3.198677    32.1430        536     2.2292  0.000e+00
     51.164     6.1629   3.198659    32.1427        537     2.2333  0.000e+00
     51.189     6.1627   3.198636    32.1427        538     2.2375  0.000e+00
     51.225     6.1625   3.198619    32.1427        539     2.2417  0.000e+00
     51.275     6.1621   3.198578    32.1425        540     2.2458  0.000e+00
     51.345     6.1620   3.198560    32.1424        541     2.2500  0.000e+00
     51.439     6.1619   3.198595    32.1429        542     2.2542  0.000e+00
     51.543     6.1619   3.198619    32.1431        543     2.2583  0.000e+00
     51.669     6.1618   3.198660    32.1435        544     2.2625  0.000e+00
     51.798     6.1620   3.198677    32.1435        545     2.2667  0.000e+00
     51.933     6.1619   3.198695    32.1437        546     2.2708  0.000e+00
     52.066     6.1622   3.198636    32.1427        547     2.2750  0.000e+00
     52.185     6.1622   3.198596    32.1422        548     2.2792  0.000e+00
     52.280     6.1620   3.198596    32.1423        549     2.2833  0.000e+00
     52.328     6.1618   3.198619    32.1428        550     2.2875  0.000e+00
     52.337     6.1616   3.198596    32.1427        551     2.2917  0.000e+00
     52.298     6.1618   3.198677    32.1435        552     2.2958  0.000e+00
     52.210     6.1618   3.198695    32.1437        553     2.3000  0.000e+00
     52.071     6.1620   3.198660    32.1432        554     2.3042  0.000e+00
     51.884     6.1620   3.198596    32.1425        555     2.3083  0.000e+00
     51.663     6.1619   3.198636    32.1432        556     2.3125  0.000e+00
     51.406     6.1620   3.198660    32.1435        557     2.3167  0.000e+00
     51.137     6.1622   3.198595    32.1427        558     2.3208  0.000e+00
     50.853     6.1622   3.198677    32.1437        559     2.3250  0.000e+00
     50.583     6.1622   3.198659    32.1437        560     2.3292  0.000e+00
     50.332     6.1623   3.198613    32.1432        561     2.3333  0.000e+00
     50.118     6.1623   3.198595    32.1431        562     2.3375  0.000e+00
     49.954     6.1623   3.198595    32.1431        563     2.3417  0.000e+00
     49.854     6.1623   3.198537    32.1426        564     2.3458  0.000e+00
     49.830     6.1620   3.198338    32.1407        565     2.3500  0.000e+00
     49.871     6.1613   3.198239    32.1402        566     2.3542  0.000e+00
     49.978     6.1606   3.198257    32.1410        567     2.3583  0.000e+00
     50.129     6.1601   3.198455    32.1436        568     2.3625  0.000e+00
     50.321     6.1603   3.198537    32.1442        569     2.3667  0.000e+00
     50.535     6.1610   3.198537    32.1435        570     2.3708  0.000e+00
     50.761     6.1611   3.198496    32.1429        571     2.3750  0.000e+00
     50.984     6.1612   3.198479    32.1424        572     2.3792  0.000e+00
     51.200     6.1612   3.198496    32.1425        573     2.3833  0.000e+00
     51.385     6.1612   3.198508    32.1426        574     2.3875  0.000e+00
     51.534     6.1612   3.198479    32.1422        575     2.3917  0.000e+00
     51.644     6.1611   3.198356    32.1408        576     2.3958  0.000e+00
     51.705     6.1606   3.198321    32.1409        577     2.4000  0.000e+00
     51.726     6.1602   3.198321    32.1412        578     2.4042  0.000e+00
     51.714     6.1599   3.198380    32.1422        579     2.4083  0.000e+00
     51.671     6.1599   3.198356    32.1420        580     2.4125  0.000e+00
     51.602     6.1599   3.198298    32.1413        581     2.4167  0.000e+00
     51.505     6.1597   3.198356    32.1422        582     2.4208  0.000e+00
     51.405     6.1595   3.198298    32.1418        583     2.4250  0.000e+00
     51.313     6.1597   3.198216    32.1408        584     2.4292  0.000e+00
     51.230     6.1595   3.198199    32.1408        585     2.4333  0.000e+00
     51.153     6.1592   3.198193    32.1410        586     2.4375  0.000e+00
     51.097     6.1590   3.198199    32.1414        587     2.4417  0.000e+00
     51.065     6.1589   3.198181    32.1412        588     2.4458  0.000e+00
     51.050     6.1589   3.198181    32.1413        589     2.4500  0.000e+00
     51.043     6.1588   3.198181    32.1414        590     2.4542  0.000e+00
     51.045     6.1588   3.198181    32.1413        591     2.4583  0.000e+00
     51.045     6.1588   3.198181    32.1413        592     2.4625  0.000e+00
     51.034     6.1586   3.198117    32.1408        593     2.4667  0.000e+00
     51.018     6.1585   3.198100    32.1407        594     2.4708  0.000e+00
     50.980     6.1584   3.198100    32.1408        595     2.4750  0.000e+00
     50.930     6.1583   3.198100    32.1410        596     2.4792  0.000e+00
     50.860     6.1583   3.198059    32.1405        597     2.4833  0.000e+00
     50.761     6.1581   3.197960    32.1396        598     2.4875  0.000e+00
     50.660     6.1578   3.197925    32.1396        599     2.4917  0.000e+00
     50.540     6.1575   3.198181    32.1428        600     2.4958  0.000e+00
     50.420     6.1578   3.198420    32.1452        601     2.5000  0.000e+00
     50.299     6.1589   3.198158    32.1414        602     2.5042  0.000e+00
     50.200     6.1591   3.198636    32.1465        603     2.5083  0.000e+00
     50.123     6.1602   3.198758    32.1469        604     2.5125  0.000e+00
     50.071     6.1616   3.198735    32.1454        605     2.5167  0.000e+00
     50.058     6.1625   3.198659    32.1436        606     2.5208  0.000e+00
     50.071     6.1627   3.198735    32.1443        607     2.5250  0.000e+00
     50.121     6.1630   3.198735    32.1440        608     2.5292  0.000e+00
     50.202     6.1632   3.198735    32.1438        609     2.5333  0.000e+00
     50.319     6.1632   3.198694    32.1432        610     2.5375  0.000e+00
     50.456     6.1633   3.198677    32.1429        611     2.5417  0.000e+00
     50.610     6.1632   3.198694    32.1431        612     2.5458  0.000e+00
     50.781     6.1631   3.198718    32.1434        613     2.5500  0.000e+00
     50.957     6.1630   3.198776    32.1441        614     2.5542  0.000e+00
     51.131     6.1630   3.198799    32.1442        615     2.5583  0.000e+00
     51.290     6.1632   3.198799    32.1440        616     2.5625  0.000e+00
     51.430     6.1634   3.198817    32.1439        617     2.5667  0.000e+00
     51.539     6.1636   3.198875    32.1443        618     2.5708  0.000e+00
     51.609     6.1638   3.198875    32.1441        619     2.5750  0.000e+00
     51.642     6.1640   3.198835    32.1434        620     2.5792  0.000e+00
     51.636     6.1638   3.198776    32.1429        621     2.5833  0.000e+00
     51.586     6.1636   3.198916    32.1448        622     2.5875  0.000e+00
     51.493     6.1638   3.198835    32.1436        623     2.5917  0.000e+00
     51.347     6.1640   3.198782    32.1430        624     2.5958  0.000e+00
     51.178     6.1638   3.198776    32.1432        625     2.6000  0.000e+00
