HB2402/sbe027.cnv
* Sea-Bird SBE 19plus V2 Data File:
* FileName = C:\cruise\data\sbe027.hex
* Software Version Seasave V 7.26.7.121
* Temperature SN = 7142
* Conductivity SN = 7142
* System UpLoad Time = Mar 18 2024 06:35:11
* NMEA Latitude = 38 37.78 N
* NMEA Longitude = 073 19.21 W
* NMEA UTC (Time) = Mar 18 2024  06:34:26
** Ship: Bigelow
** Cruise:  HB2304
** Program:  Fall Bottom Trawl
# nquan = 7
# nvalues = 2314                                  
# units = specified
# name 0 = depSM: Depth [salt water, m]
# name 1 = tv290C: Temperature [ITS-90, deg C]
# name 2 = c0S/m: Conductivity [S/m]
# name 3 = sal00: Salinity, Practical [PSU]
# name 4 = scan: Scan Count
# name 5 = timeM: Time, Elapsed [minutes]
# name 6 = flag:  0.000e+00
# span 0 =     -0.206,     90.119                 
# span 1 =     6.7214,     9.2628                 
# span 2 =   0.000020,   3.618644                 
# span 3 =     0.0046,    33.7486                 
# span 4 =         11,       2324                 
# span 5 =     0.0417,     9.6792                 
# span 6 = 0.0000e+00, 0.0000e+00                 
# interval = seconds: 0.25
# start_time = Mar 18 2024 06:34:26 [NMEA time, header]
# bad_flag = -9.990e-29
*END*
[from data line 1436]
     30.922     6.7995   3.281018    32.4600       1447     6.0250  0.000e+00
     30.857     6.7995   3.281018    32.4600       1448     6.0292  0.000e+00
     30.793     6.7995   3.281030    32.4601       1449     6.0333  0.000e+00
     30.732     6.7995   3.281018    32.4600       1450     6.0375  0.000e+00
     30.667     6.7995   3.281018    32.4601       1451     6.0417  0.000e+00
     30.613     6.7996   3.281018    32.4600       1452     6.0458  0.000e+00
     30.564     6.7994   3.281018    32.4602       1453     6.0500  0.000e+00
     30.518     6.7995   3.281001    32.4600       1454     6.0542  0.000e+00
     30.462     6.7995   3.280983    32.4598       1455     6.0583  0.000e+00
     30.415     6.7994   3.280971    32.4598       1456     6.0625  0.000e+00
     30.370     6.7992   3.280983    32.4601       1457     6.0667  0.000e+00
     30.318     6.7992   3.280942    32.4597       1458     6.0708  0.000e+00
     30.264     6.7992   3.280942    32.4597       1459     6.0750  0.000e+00
     30.208     6.7993   3.280942    32.4597       1460     6.0792  0.000e+00
     30.158     6.7990   3.280918    32.4597       1461     6.0833  0.000e+00
     30.097     6.7990   3.280918    32.4597       1462     6.0875  0.000e+00
     30.047     6.7992   3.280918    32.4596       1463     6.0917  0.000e+00
     29.987     6.7992   3.280912    32.4596       1464     6.0958  0.000e+00
     29.919     6.7990   3.280900    32.4596       1465     6.1000  0.000e+00
     29.865     6.7990   3.280877    32.4594       1466     6.1042  0.000e+00
     29.804     6.7991   3.280877    32.4593       1467     6.1083  0.000e+00
     29.752     6.7990   3.280877    32.4594       1468     6.1125  0.000e+00
     29.693     6.7989   3.280877    32.4596       1469     6.1167  0.000e+00
     29.642     6.7989   3.280859    32.4594       1470     6.1208  0.000e+00
     29.590     6.7989   3.280853    32.4593       1471     6.1250  0.000e+00
     29.554     6.7989   3.280835    32.4592       1472     6.1292  0.000e+00
     29.515     6.7987   3.280835    32.4594       1473     6.1333  0.000e+00
     29.466     6.7988   3.280818    32.4591       1474     6.1375  0.000e+00
     29.434     6.7989   3.280818    32.4590       1475     6.1417  0.000e+00
     29.392     6.7989   3.280818    32.4591       1476     6.1458  0.000e+00
     29.362     6.7989   3.280818    32.4591       1477     6.1500  0.000e+00
     29.326     6.7989   3.280812    32.4590       1478     6.1542  0.000e+00
     29.292     6.7989   3.280794    32.4589       1479     6.1583  0.000e+00
     29.261     6.7989   3.280835    32.4593       1480     6.1625  0.000e+00
     29.223     6.7989   3.280794    32.4589       1481     6.1667  0.000e+00
     29.187     6.7988   3.280694    32.4579       1482     6.1708  0.000e+00
     29.144     6.7990   3.280670    32.4575       1483     6.1750  0.000e+00
     29.105     6.7990   3.280653    32.4573       1484     6.1792  0.000e+00
     29.058     6.7989   3.280653    32.4574       1485     6.1833  0.000e+00
     29.013     6.7987   3.280635    32.4575       1486     6.1875  0.000e+00
     28.956     6.7989   3.280629    32.4572       1487     6.1917  0.000e+00
     28.909     6.7989   3.280611    32.4571       1488     6.1958  0.000e+00
     28.841     6.7989   3.280588    32.4568       1489     6.2000  0.000e+00
     28.779     6.7987   3.280570    32.4568       1490     6.2042  0.000e+00
     28.718     6.7987   3.280529    32.4564       1491     6.2083  0.000e+00
     28.648     6.7986   3.280505    32.4563       1492     6.2125  0.000e+00
     28.580     6.7984   3.280464    32.4561       1493     6.2167  0.000e+00
     28.510     6.7982   3.280364    32.4552       1494     6.2208  0.000e+00
     28.442     6.7981   3.280305    32.4547       1495     6.2250  0.000e+00
     28.389     6.7980   3.280240    32.4541       1496     6.2292  0.000e+00
     28.339     6.7976   3.280140    32.4534       1497     6.2333  0.000e+00
     28.287     6.7973   3.280034    32.4525       1498     6.2375  0.000e+00
     28.247     6.7970   3.279952    32.4519       1499     6.2417  0.000e+00
     28.217     6.7967   3.279869    32.4513       1500     6.2458  0.000e+00
     28.190     6.7960   3.279816    32.4514       1501     6.2500  0.000e+00
     28.158     6.7955   3.279810    32.4519       1502     6.2542  0.000e+00
     28.143     6.7952   3.279910    32.4532       1503     6.2583  0.000e+00
     28.116     6.7952   3.279893    32.4530       1504     6.2625  0.000e+00
     28.098     6.7954   3.279787    32.4517       1505     6.2667  0.000e+00
     28.086     6.7951   3.279769    32.4518       1506     6.2708  0.000e+00
     28.062     6.7948   3.279828    32.4528       1507     6.2750  0.000e+00
     28.043     6.7948   3.279681    32.4512       1508     6.2792  0.000e+00
     28.017     6.7945   3.279686    32.4515       1509     6.2833  0.000e+00
     27.992     6.7942   3.279710    32.4520       1510     6.2875  0.000e+00
     27.965     6.7942   3.279710    32.4520       1511     6.2917  0.000e+00
     27.927     6.7943   3.279745    32.4524       1512     6.2958  0.000e+00
     27.886     6.7943   3.279728    32.4522       1513     6.3000  0.000e+00
     27.841     6.7945   3.279745    32.4522       1514     6.3042  0.000e+00
     27.802     6.7946   3.279769    32.4524       1515     6.3083  0.000e+00
     27.755     6.7945   3.279775    32.4526       1516     6.3125  0.000e+00
     27.701     6.7945   3.279728    32.4521       1517     6.3167  0.000e+00
     27.660     6.7944   3.279745    32.4524       1518     6.3208  0.000e+00
     27.613     6.7946   3.279828    32.4532       1519     6.3250  0.000e+00
     27.559     6.7949   3.279810    32.4526       1520     6.3292  0.000e+00
     27.509     6.7952   3.279645    32.4506       1521     6.3333  0.000e+00
     27.466     6.7952   3.279356    32.4475       1522     6.3375  0.000e+00
     27.406     6.7948   3.279233    32.4465       1523     6.3417  0.000e+00
     27.354     6.7940   3.279174    32.4467       1524     6.3458  0.000e+00
     27.300     6.7933   3.279115    32.4467       1525     6.3500  0.000e+00
     27.248     6.7929   3.279074    32.4466       1526     6.3542  0.000e+00
     27.192     6.7927   3.279050    32.4466       1527     6.3583  0.000e+00
     27.138     6.7926   3.279050    32.4468       1528     6.3625  0.000e+00
     27.081     6.7923   3.279032    32.4468       1529     6.3667  0.000e+00
     27.027     6.7924   3.279032    32.4468       1530     6.3708  0.000e+00
     26.977     6.7925   3.279015    32.4465       1531     6.3750  0.000e+00
     26.919     6.7924   3.279032    32.4468       1532     6.3792  0.000e+00
     26.869     6.7923   3.279032    32.4470       1533     6.3833  0.000e+00
     26.822     6.7923   3.279009    32.4467       1534     6.3875  0.000e+00
     26.781     6.7924   3.279009    32.4466       1535     6.3917  0.000e+00
     26.743     6.7924   3.279032    32.4469       1536     6.3958  0.000e+00
     26.711     6.7926   3.279050    32.4470       1537     6.4000  0.000e+00
     26.689     6.7926   3.279032    32.4467       1538     6.4042  0.000e+00
     26.671     6.7927   3.279015    32.4464       1539     6.4083  0.000e+00
     26.655     6.7927   3.279032    32.4466       1540     6.4125  0.000e+00
     26.646     6.7926   3.279032    32.4468       1541     6.4167  0.000e+00
     26.644     6.7926   3.279009    32.4465       1542     6.4208  0.000e+00
     26.642     6.7927   3.279009    32.4464       1543     6.4250  0.000e+00
     26.644     6.7927   3.279009    32.4464       1544     6.4292  0.000e+00
     26.639     6.7924   3.279009    32.4467       1545     6.4333  0.000e+00
     26.630     6.7924   3.279009    32.4467       1546     6.4375  0.000e+00
     26.615     6.7926   3.279015    32.4466       1547     6.4417  0.000e+00
     26.585     6.7924   3.279009    32.4467       1548     6.4458  0.000e+00
     26.554     6.7924   3.279032    32.4470       1549     6.4500  0.000e+00
     26.508     6.7926   3.279032    32.4469       1550     6.4542  0.000e+00
     26.452     6.7926   3.279032    32.4469       1551     6.4583  0.000e+00
     26.385     6.7927   3.279032    32.4468       1552     6.4625  0.000e+00
     26.324     6.7927   3.279073    32.4473       1553     6.4667  0.000e+00
     26.249     6.7931   3.279115    32.4474       1554     6.4708  0.000e+00
     26.164     6.7935   3.279191    32.4479       1555     6.4750  0.000e+00
     26.080     6.7940   3.279274    32.4484       1556     6.4792  0.000e+00
     25.999     6.7949   3.279380    32.4487       1557     6.4833  0.000e+00
     25.920     6.7959   3.279356    32.4476       1558     6.4875  0.000e+00
     25.844     6.7966   3.279256    32.4458       1559     6.4917  0.000e+00
     25.762     6.7966   3.279232    32.4456       1560     6.4958  0.000e+00
     25.699     6.7967   3.279215    32.4453       1561     6.5000  0.000e+00
     25.627     6.7969   3.279191    32.4449       1562     6.5042  0.000e+00
     25.582     6.7969   3.279173    32.4448       1563     6.5083  0.000e+00
     25.541     6.7967   3.279114    32.4443       1564     6.5125  0.000e+00
     25.514     6.7964   3.279073    32.4441       1565     6.5167  0.000e+00
     25.485     6.7964   3.279050    32.4439       1566     6.5208  0.000e+00
     25.472     6.7962   3.279032    32.4439       1567     6.5250  0.000e+00
     25.469     6.7962   3.278991    32.4435       1568     6.5292  0.000e+00
     25.467     6.7960   3.278991    32.4437       1569     6.5333  0.000e+00
     25.469     6.7961   3.278955    32.4432       1570     6.5375  0.000e+00
     25.478     6.7963   3.278967    32.4431       1571     6.5417  0.000e+00
     25.485     6.7961   3.278967    32.4433       1572     6.5458  0.000e+00
     25.492     6.7961   3.278967    32.4433       1573     6.5500  0.000e+00
     25.480     6.7962   3.278949    32.4430       1574     6.5542  0.000e+00
     25.476     6.7964   3.278949    32.4428       1575     6.5583  0.000e+00
     25.462     6.7961   3.278967    32.4433       1576     6.5625  0.000e+00
     25.426     6.7959   3.278955    32.4434       1577     6.5667  0.000e+00
     25.386     6.7961   3.278991    32.4436       1578     6.5708  0.000e+00
     25.327     6.7961   3.278949    32.4432       1579     6.5750  0.000e+00
     25.275     6.7961   3.278843    32.4421       1580     6.5792  0.000e+00
     25.203     6.7961   3.278802    32.4416       1581     6.5833  0.000e+00
     25.122     6.7961   3.278761    32.4412       1582     6.5875  0.000e+00
     25.046     6.7962   3.278743    32.4410       1583     6.5917  0.000e+00
     24.971     6.7960   3.278702    32.4407       1584     6.5958  0.000e+00
     24.892     6.7959   3.278661    32.4404       1585     6.6000  0.000e+00
     24.811     6.7959   3.278637    32.4401       1586     6.6042  0.000e+00
     24.752     6.7960   3.278619    32.4399       1587     6.6083  0.000e+00
     24.691     6.7958   3.278596    32.4399       1588     6.6125  0.000e+00
     24.638     6.7958   3.278578    32.4398       1589     6.6167  0.000e+00
     24.599     6.7959   3.278561    32.4395       1590     6.6208  0.000e+00
     24.567     6.7958   3.278560    32.4396       1591     6.6250  0.000e+00
     24.543     6.7956   3.278519    32.4393       1592     6.6292  0.000e+00
     24.523     6.7954   3.278507    32.4394       1593     6.6333  0.000e+00
     24.504     6.7954   3.278496    32.4392       1594     6.6375  0.000e+00
     24.487     6.7953   3.278496    32.4394       1595     6.6417  0.000e+00
     24.469     6.7951   3.278496    32.4395       1596     6.6458  0.000e+00
     24.459     6.7951   3.278496    32.4396       1597     6.6500  0.000e+00
     24.435     6.7952   3.278496    32.4394       1598     6.6542  0.000e+00
     24.414     6.7952   3.278478    32.4393       1599     6.6583  0.000e+00
     24.383     6.7952   3.278478    32.4393       1600     6.6625  0.000e+00
     24.347     6.7952   3.278466    32.4392       1601     6.6667  0.000e+00
     24.300     6.7952   3.278478    32.4393       1602     6.6708  0.000e+00
     24.270     6.7953   3.278454    32.4390       1603     6.6750  0.000e+00
     24.216     6.7951   3.278454    32.4393       1604     6.6792  0.000e+00
     24.164     6.7952   3.278454    32.4392       1605     6.6833  0.000e+00
     24.115     6.7952   3.278454    32.4392       1606     6.6875  0.000e+00
     24.056     6.7951   3.278437    32.4391       1607     6.6917  0.000e+00
     24.002     6.7951   3.278448    32.4393       1608     6.6958  0.000e+00
     23.954     6.7951   3.278437    32.4392       1609     6.7000  0.000e+00
     23.900     6.7950   3.278413    32.4390       1610     6.7042  0.000e+00
     23.839     6.7948   3.278354    32.4386       1611     6.7083  0.000e+00
     23.779     6.7946   3.278313    32.4383       1612     6.7125  0.000e+00
     23.729     6.7944   3.278272    32.4381       1613     6.7167  0.000e+00
     23.666     6.7940   3.278248    32.4382       1614     6.7208  0.000e+00
     23.617     6.7938   3.278272    32.4387       1615     6.7250  0.000e+00
     23.565     6.7939   3.278272    32.4387       1616     6.7292  0.000e+00
     23.515     6.7939   3.278230    32.4383       1617     6.7333  0.000e+00
     23.472     6.7938   3.278230    32.4384       1618     6.7375  0.000e+00
     23.416     6.7938   3.278230    32.4384       1619     6.7417  0.000e+00
     23.378     6.7937   3.278230    32.4385       1620     6.7458  0.000e+00
     23.337     6.7937   3.278230    32.4385       1621     6.7500  0.000e+00
     23.296     6.7938   3.278230    32.4385       1622     6.7542  0.000e+00
     23.254     6.7936   3.278207    32.4384       1623     6.7583  0.000e+00
     23.201     6.7934   3.278154    32.4380       1624     6.7625  0.000e+00
     23.156     6.7936   3.278148    32.4378       1625     6.7667  0.000e+00
     23.109     6.7933   3.278083    32.4374       1626     6.7708  0.000e+00
     23.064     6.7929   3.278042    32.4374       1627     6.7750  0.000e+00
     23.021     6.7927   3.277942    32.4365       1628     6.7792  0.000e+00
     22.974     6.7923   3.277942    32.4369       1629     6.7833  0.000e+00
     22.938     6.7918   3.277965    32.4376       1630     6.7875  0.000e+00
     22.899     6.7917   3.277965    32.4377       1631     6.7917  0.000e+00
     22.873     6.7917   3.277942    32.4375       1632     6.7958  0.000e+00
     22.843     6.7918   3.277942    32.4373       1633     6.8000  0.000e+00
     22.814     6.7917   3.277965    32.4378       1634     6.8042  0.000e+00
     22.794     6.7917   3.277883    32.4369       1635     6.8083  0.000e+00
     22.780     6.7914   3.277883    32.4371       1636     6.8125  0.000e+00
     22.760     6.7912   3.277859    32.4371       1637     6.8167  0.000e+00
     22.753     6.7909   3.277653    32.4351       1638     6.8208  0.000e+00
     22.739     6.7902   3.277594    32.4352       1639     6.8250  0.000e+00
     22.724     6.7895   3.277394    32.4336       1640     6.8292  0.000e+00
     22.710     6.7888   3.277371    32.4341       1641     6.8333  0.000e+00
     22.685     6.7879   3.277371    32.4349       1642     6.8375  0.000e+00
     22.640     6.7876   3.277247    32.4339       1643     6.8417  0.000e+00
     22.600     6.7872   3.277206    32.4338       1644     6.8458  0.000e+00
     22.552     6.7867   3.277223    32.4345       1645     6.8500  0.000e+00
     22.498     6.7863   3.277182    32.4344       1646     6.8542  0.000e+00
     22.421     6.7860   3.277000    32.4327       1647     6.8583  0.000e+00
     22.358     6.7854   3.276340    32.4261       1648     6.8625  0.000e+00
     22.280     6.7834   3.275993    32.4242       1649     6.8667  0.000e+00
     22.194     6.7805   3.275280    32.4192       1650     6.8708  0.000e+00
     22.111     6.7777   3.275157    32.4205       1651     6.8750  0.000e+00
