HB2402/sbe078.cnv
* Sea-Bird SBE 19plus V2 Data File:
* FileName = C:\cruise\data\sbe078.hex
* Software Version Seasave V 7.26.7.121
* Temperature SN = 7037
* Conductivity SN = 7037
* System UpLoad Time = Apr 15 2024 04:13:17
* NMEA Latitude = 42 29.02 N
* NMEA Longitude = 070 12.70 W
* NMEA UTC (Time) = Apr 15 2024  04:12:48
** Ship: Bigelow
** Cruise:  HB2304
** Program:  Fall Bottom Trawl
# nquan = 8
# nvalues = 1695                                  
# units = specified
# name 0 = depSM: Depth [salt water, m]
# name 1 = tv290C: Temperature [ITS-90, deg C]
# name 2 = c0S/m: Conductivity [S/m]
# name 3 = sal00: Salinity, Practical [PSU]
# name 4 = scan: Scan Count
# name 5 = timeM: Time, Elapsed [minutes]
# name 6 = sbeox0V: Oxygen raw, SBE 43 [V]
# name 7 = flag:  0.000e+00
# span 0 =     -0.140,     67.531                 
# span 1 =     5.0066,     6.9982                 
# span 2 =   0.000047,   3.123129                 
# span 3 =     0.0033,    31.6375                 
# span 4 =         11,       1705                 
# span 5 =     0.0417,     7.1000                 
# span 6 =     1.9090,     2.4175                 
# span 7 = 0.0000e+00, 0.0000e+00                 
# interval = seconds: 0.25
# start_time = Apr 15 2024 04:12:48 [NMEA time, header]
# bad_flag = -9.990e-29
*END*
[from data line 180]
     17.659     6.4333   3.102506    30.8448        191     0.7917     1.9227  0.000e+00
     17.767     6.4346   3.101568    30.8333        192     0.7958     1.9224  0.000e+00
     17.874     6.4351   3.100763    30.8239        193     0.8000     1.9224  0.000e+00
     17.980     6.4340   3.100165    30.8183        194     0.8042     1.9212  0.000e+00
     18.083     6.4325   3.099470    30.8120        195     0.8083     1.9222  0.000e+00
     18.192     6.4309   3.098768    30.8056        196     0.8125     1.9200  0.000e+00
     18.291     6.4262   3.098220    30.8038        197     0.8167     1.9223  0.000e+00
     18.401     6.4184   3.097892    30.8071        198     0.8208     1.9245  0.000e+00
     18.509     6.4103   3.097854    30.8140        199     0.8250     1.9270  0.000e+00
     18.623     6.4037   3.097958    30.8210        200     0.8292     1.9287  0.000e+00
     18.739     6.3996   3.097969    30.8249        201     0.8333     1.9306  0.000e+00
     18.854     6.3978   3.098199    30.8290        202     0.8375     1.9350  0.000e+00
     18.979     6.3971   3.098237    30.8299        203     0.8417     1.9352  0.000e+00
     19.098     6.3969   3.098336    30.8312        204     0.8458     1.9366  0.000e+00
     19.223     6.3973   3.098544    30.8330        205     0.8500     1.9370  0.000e+00
     19.342     6.3983   3.099432    30.8418        206     0.8542     1.9377  0.000e+00
     19.465     6.4002   3.101630    30.8642        207     0.8583     1.9402  0.000e+00
     19.582     6.3983   3.075134    30.5745        208     0.8625     1.9394  0.000e+00
     19.700     6.2116   3.053145    30.4996        209     0.8667     1.9401  0.000e+00
     19.815     5.8296   3.051439    30.8264        210     0.8708     1.9353  0.000e+00
     19.926     5.5336   3.050706    31.0901        211     0.8750     1.9274  0.000e+00
     20.040     5.3426   3.050354    31.2635        212     0.8792     1.9289  0.000e+00
     20.153     5.2226   3.050045    31.3722        213     0.8833     1.9382  0.000e+00
     20.269     5.1478   3.049823    31.4400        214     0.8875     1.9568  0.000e+00
     20.386     5.1013   3.049709    31.4825        215     0.8917     1.9805  0.000e+00
     20.502     5.0725   3.049595    31.5083        216     0.8958     2.0059  0.000e+00
     20.627     5.0545   3.049546    31.5247        217     0.9000     2.0324  0.000e+00
     20.755     5.0431   3.049464    31.5345        218     0.9042     2.0579  0.000e+00
     20.891     5.0357   3.049426    31.5410        219     0.9083     2.0791  0.000e+00
     21.030     5.0310   3.049367    31.5447        220     0.9125     2.1022  0.000e+00
     21.172     5.0278   3.049312    31.5470        221     0.9167     2.1227  0.000e+00
     21.315     5.0259   3.049307    31.5487        222     0.9208     2.1402  0.000e+00
     21.456     5.0247   3.049389    31.5507        223     0.9250     2.1563  0.000e+00
     21.602     5.0242   3.049329    31.5504        224     0.9292     2.1713  0.000e+00
     21.738     5.0238   3.049269    31.5500        225     0.9333     2.1831  0.000e+00
     21.875     5.0233   3.049198    31.5496        226     0.9375     2.1952  0.000e+00
     22.011     5.0230   3.049144    31.5492        227     0.9417     2.2054  0.000e+00
     22.141     5.0228   3.049073    31.5486        228     0.9458     2.2146  0.000e+00
     22.267     5.0222   3.049122    31.5496        229     0.9500     2.2233  0.000e+00
     22.390     5.0222   3.049274    31.5513        230     0.9542     2.2307  0.000e+00
     22.509     5.0224   3.049269    31.5510        231     0.9583     2.2377  0.000e+00
     22.629     5.0224   3.049236    31.5506        232     0.9625     2.2441  0.000e+00
     22.748     5.0224   3.049269    31.5508        233     0.9667     2.2493  0.000e+00
     22.862     5.0226   3.049253    31.5504        234     0.9708     2.2562  0.000e+00
     22.970     5.0227   3.049329    31.5512        235     0.9750     2.2593  0.000e+00
     23.086     5.0228   3.049449    31.5523        236     0.9792     2.2646  0.000e+00
     23.203     5.0233   3.049482    31.5522        237     0.9833     2.2674  0.000e+00
     23.314     5.0236   3.049520    31.5523        238     0.9875     2.2696  0.000e+00
     23.433     5.0238   3.049547    31.5523        239     0.9917     2.2744  0.000e+00
     23.547     5.0242   3.049596    31.5525        240     0.9958     2.2758  0.000e+00
     23.666     5.0246   3.049596    31.5521        241     1.0000     2.2790  0.000e+00
     23.776     5.0248   3.049585    31.5517        242     1.0042     2.2795  0.000e+00
     23.897     5.0250   3.049634    31.5520        243     1.0083     2.2832  0.000e+00
     24.014     5.0250   3.049645    31.5520        244     1.0125     2.2803  0.000e+00
     24.132     5.0251   3.049896    31.5548        245     1.0167     2.2844  0.000e+00
     24.246     5.0257   3.050108    31.5566        246     1.0208     2.2850  0.000e+00
     24.363     5.0263   3.050299    31.5582        247     1.0250     2.2867  0.000e+00
     24.482     5.0272   3.050430    31.5587        248     1.0292     2.2873  0.000e+00
     24.605     5.0279   3.050936    31.5638        249     1.0333     2.2881  0.000e+00
     24.728     5.0292   3.051214    31.5657        250     1.0375     2.2883  0.000e+00
     24.851     5.0305   3.051296    31.5653        251     1.0417     2.2898  0.000e+00
     24.985     5.0317   3.051715    31.5690        252     1.0458     2.2903  0.000e+00
     25.116     5.0331   3.051971    31.5705        253     1.0500     2.2895  0.000e+00
     25.250     5.0348   3.052320    31.5727        254     1.0542     2.2902  0.000e+00
     25.391     5.0367   3.052783    31.5762        255     1.0583     2.2915  0.000e+00
     25.525     5.0388   3.053529    31.5826        256     1.0625     2.2904  0.000e+00
     25.658     5.0414   3.054019    31.5858        257     1.0667     2.2910  0.000e+00
     25.792     5.0443   3.054254    31.5856        258     1.0708     2.2906  0.000e+00
     25.926     5.0469   3.054968    31.5912        259     1.0750     2.2894  0.000e+00
     26.059     5.0497   3.055556    31.5952        260     1.0792     2.2906  0.000e+00
     26.198     5.0527   3.055981    31.5972        261     1.0833     2.2900  0.000e+00
     26.334     5.0553   3.056216    31.5973        262     1.0875     2.2903  0.000e+00
     26.464     5.0572   3.056352    31.5970        263     1.0917     2.2900  0.000e+00
     26.598     5.0582   3.056559    31.5984        264     1.0958     2.2894  0.000e+00
     26.729     5.0584   3.056575    31.5984        265     1.1000     2.2904  0.000e+00
     26.863     5.0582   3.056483    31.5974        266     1.1042     2.2905  0.000e+00
     26.990     5.0574   3.056423    31.5975        267     1.1083     2.2903  0.000e+00
     27.120     5.0562   3.056390    31.5981        268     1.1125     2.2900  0.000e+00
     27.250     5.0550   3.056352    31.5988        269     1.1167     2.2888  0.000e+00
     27.374     5.0542   3.056281    31.5986        270     1.1208     2.2881  0.000e+00
     27.490     5.0534   3.056238    31.5988        271     1.1250     2.2888  0.000e+00
     27.616     5.0527   3.056254    31.5997        272     1.1292     2.2874  0.000e+00
     27.743     5.0521   3.056205    31.5995        273     1.1333     2.2877  0.000e+00
     27.860     5.0515   3.056140    31.5994        274     1.1375     2.2877  0.000e+00
     27.985     5.0508   3.056200    31.6006        275     1.1417     2.2856  0.000e+00
     28.101     5.0500   3.056260    31.6020        276     1.1458     2.2865  0.000e+00
     28.220     5.0490   3.056314    31.6035        277     1.1500     2.2857  0.000e+00
     28.345     5.0482   3.056407    31.6053        278     1.1542     2.2860  0.000e+00
     28.467     5.0471   3.056440    31.6067        279     1.1583     2.2861  0.000e+00
     28.587     5.0455   3.056483    31.6086        280     1.1625     2.2849  0.000e+00
     28.708     5.0439   3.056522    31.6105        281     1.1667     2.2862  0.000e+00
     28.834     5.0430   3.056538    31.6115        282     1.1708     2.2860  0.000e+00
     28.961     5.0422   3.056538    31.6122        283     1.1750     2.2856  0.000e+00
     29.088     5.0416   3.056522    31.6125        284     1.1792     2.2859  0.000e+00
     29.221     5.0412   3.056538    31.6130        285     1.1833     2.2849  0.000e+00
     29.358     5.0407   3.056538    31.6134        286     1.1875     2.2852  0.000e+00
     29.501     5.0402   3.056560    31.6140        287     1.1917     2.2851  0.000e+00
     29.642     5.0399   3.056560    31.6142        288     1.1958     2.2832  0.000e+00
     29.783     5.0398   3.056560    31.6143        289     1.2000     2.2837  0.000e+00
     29.933     5.0397   3.056582    31.6146        290     1.2042     2.2823  0.000e+00
     30.076     5.0398   3.056560    31.6141        291     1.2083     2.2807  0.000e+00
     30.224     5.0396   3.056560    31.6143        292     1.2125     2.2794  0.000e+00
     30.369     5.0395   3.056582    31.6145        293     1.2167     2.2803  0.000e+00
     30.511     5.0396   3.056560    31.6141        294     1.2208     2.2794  0.000e+00
     30.654     5.0394   3.056522    31.6138        295     1.2250     2.2798  0.000e+00
     30.793     5.0389   3.056462    31.6135        296     1.2292     2.2787  0.000e+00
     30.938     5.0383   3.056391    31.6132        297     1.2333     2.2790  0.000e+00
     31.081     5.0374   3.056353    31.6136        298     1.2375     2.2783  0.000e+00
     31.223     5.0364   3.056321    31.6141        299     1.2417     2.2787  0.000e+00
     31.361     5.0353   3.056332    31.6151        300     1.2458     2.2781  0.000e+00
     31.502     5.0346   3.056354    31.6160        301     1.2500     2.2787  0.000e+00
     31.632     5.0342   3.056343    31.6162        302     1.2542     2.2774  0.000e+00
     31.760     5.0338   3.056370    31.6169        303     1.2583     2.2780  0.000e+00
     31.890     5.0333   3.056468    31.6184        304     1.2625     2.2771  0.000e+00
     32.006     5.0333   3.056501    31.6187        305     1.2667     2.2777  0.000e+00
     32.123     5.0332   3.056501    31.6187        306     1.2708     2.2778  0.000e+00
     32.233     5.0332   3.056468    31.6183        307     1.2750     2.2776  0.000e+00
     32.347     5.0330   3.056463    31.6184        308     1.2792     2.2776  0.000e+00
     32.457     5.0327   3.056392    31.6178        309     1.2833     2.2768  0.000e+00
     32.567     5.0324   3.056321    31.6172        310     1.2875     2.2780  0.000e+00
     32.679     5.0319   3.056332    31.6178        311     1.2917     2.2778  0.000e+00
     32.788     5.0312   3.056294    31.6179        312     1.2958     2.2769  0.000e+00
     32.898     5.0306   3.056283    31.6183        313     1.3000     2.2760  0.000e+00
     33.015     5.0297   3.056332    31.6197        314     1.3042     2.2754  0.000e+00
     33.127     5.0286   3.056430    31.6218        315     1.3083     2.2755  0.000e+00
     33.250     5.0279   3.056425    31.6223        316     1.3125     2.2754  0.000e+00
     33.368     5.0271   3.056409    31.6228        317     1.3167     2.2752  0.000e+00
     33.494     5.0266   3.056316    31.6222        318     1.3208     2.2749  0.000e+00
     33.630     5.0255   3.056262    31.6225        319     1.3250     2.2757  0.000e+00
     33.763     5.0244   3.056392    31.6251        320     1.3292     2.2755  0.000e+00
     33.913     5.0236   3.056501    31.6269        321     1.3333     2.2754  0.000e+00
     34.060     5.0236   3.056561    31.6276        322     1.3375     2.2758  0.000e+00
     34.211     5.0239   3.056540    31.6270        323     1.3417     2.2757  0.000e+00
     34.361     5.0239   3.056578    31.6273        324     1.3458     2.2759  0.000e+00
     34.517     5.0240   3.056605    31.6275        325     1.3500     2.2755  0.000e+00
     34.670     5.0240   3.056600    31.6274        326     1.3542     2.2751  0.000e+00
     34.818     5.0240   3.056600    31.6273        327     1.3583     2.2755  0.000e+00
     34.968     5.0242   3.056605    31.6271        328     1.3625     2.2746  0.000e+00
     35.111     5.0241   3.056616    31.6272        329     1.3667     2.2745  0.000e+00
     35.245     5.0238   3.056638    31.6276        330     1.3708     2.2746  0.000e+00
     35.380     5.0238   3.056644    31.6277        331     1.3750     2.2746  0.000e+00
     35.505     5.0238   3.056540    31.6264        332     1.3792     2.2738  0.000e+00
     35.633     5.0233   3.056393    31.6251        333     1.3833     2.2733  0.000e+00
     35.758     5.0224   3.056322    31.6251        334     1.3875     2.2739  0.000e+00
     35.875     5.0215   3.056333    31.6260        335     1.3917     2.2733  0.000e+00
     35.996     5.0207   3.056344    31.6269        336     1.3958     2.2736  0.000e+00
     36.114     5.0202   3.056317    31.6270        337     1.4000     2.2729  0.000e+00
     36.231     5.0197   3.056317    31.6274        338     1.4042     2.2722  0.000e+00
     36.345     5.0194   3.056322    31.6277        339     1.4083     2.2721  0.000e+00
     36.463     5.0192   3.056295    31.6275        340     1.4125     2.2716  0.000e+00
     36.580     5.0189   3.056257    31.6273        341     1.4167     2.2717  0.000e+00
     36.701     5.0184   3.056246    31.6276        342     1.4208     2.2713  0.000e+00
     36.826     5.0181   3.056219    31.6275        343     1.4250     2.2726  0.000e+00
     36.956     5.0177   3.056219    31.6278        344     1.4292     2.2711  0.000e+00
     37.090     5.0173   3.056165    31.6275        345     1.4333     2.2714  0.000e+00
     37.229     5.0169   3.056165    31.6278        346     1.4375     2.2720  0.000e+00
     37.372     5.0166   3.056219    31.6287        347     1.4417     2.2702  0.000e+00
     37.516     5.0164   3.056263    31.6293        348     1.4458     2.2704  0.000e+00
     37.670     5.0166   3.056257    31.6290        349     1.4500     2.2699  0.000e+00
     37.818     5.0166   3.056279    31.6291        350     1.4542     2.2700  0.000e+00
     37.968     5.0166   3.056345    31.6298        351     1.4583     2.2705  0.000e+00
     38.112     5.0168   3.056356    31.6297        352     1.4625     2.2695  0.000e+00
     38.255     5.0170   3.056356    31.6294        353     1.4667     2.2693  0.000e+00
     38.391     5.0168   3.056323    31.6291        354     1.4708     2.2698  0.000e+00
     38.517     5.0169   3.056334    31.6291        355     1.4750     2.2695  0.000e+00
     38.635     5.0167   3.056372    31.6297        356     1.4792     2.2688  0.000e+00
     38.747     5.0167   3.056383    31.6297        357     1.4833     2.2694  0.000e+00
     38.855     5.0167   3.056372    31.6296        358     1.4875     2.2690  0.000e+00
     38.958     5.0167   3.056372    31.6295        359     1.4917     2.2694  0.000e+00
     39.065     5.0167   3.056383    31.6296        360     1.4958     2.2684  0.000e+00
     39.168     5.0168   3.056394    31.6296        361     1.5000     2.2688  0.000e+00
     39.278     5.0168   3.056383    31.6294        362     1.5042     2.2681  0.000e+00
     39.387     5.0168   3.056411    31.6297        363     1.5083     2.2691  0.000e+00
     39.499     5.0167   3.056432    31.6300        364     1.5125     2.2692  0.000e+00
     39.614     5.0167   3.056427    31.6298        365     1.5167     2.2691  0.000e+00
     39.730     5.0167   3.056432    31.6298        366     1.5208     2.2687  0.000e+00
     39.858     5.0168   3.056449    31.6298        367     1.5250     2.2683  0.000e+00
     39.990     5.0168   3.056487    31.6302        368     1.5292     2.2688  0.000e+00
     40.129     5.0169   3.056525    31.6305        369     1.5333     2.2688  0.000e+00
