HB2402/sbe057.cnv
* Sea-Bird SBE 19plus V2 Data File:
* FileName = C:\cruise\data\sbe057.hex
* Software Version Seasave V 7.26.7.121
* Temperature SN = 7037
* Conductivity SN = 7037
* System UpLoad Time = Apr 06 2024 17:31:56
* NMEA Latitude = 40 01.07 N
* NMEA Longitude = 071 52.43 W
* NMEA UTC (Time) = Apr 06 2024  17:31:18
** Ship: Bigelow
** Cruise:  HB2304
** Program:  Fall Bottom Trawl
# nquan = 8
# nvalues = 2468                                  
# units = specified
# name 0 = depSM: Depth [salt water, m]
# name 1 = tv290C: Temperature [ITS-90, deg C]
# name 2 = c0S/m: Conductivity [S/m]
# name 3 = sal00: Salinity, Practical [PSU]
# name 4 = scan: Scan Count
# name 5 = timeM: Time, Elapsed [minutes]
# name 6 = sbeox0V: Oxygen raw, SBE 43 [V]
# name 7 = flag:  0.000e+00
# span 0 =     -0.122,     84.917                 
# span 1 =     5.6592,     6.7303                 
# span 2 =  -0.000007,   3.302317                 
# span 3 =     0.0000,    32.7375                 
# span 4 =         11,       2478                 
# span 5 =     0.0417,    10.3208                 
# span 6 =     1.9686,     2.3558                 
# span 7 = 0.0000e+00, 0.0000e+00                 
# interval = seconds: 0.25
# start_time = Apr 06 2024 17:31:18 [NMEA time, header]
# bad_flag = -9.990e-29
*END*
[from data line 540]
     55.788     5.7894   3.175695    32.2387        551     2.2917     2.3271  0.000e+00
     55.934     5.7880   3.175696    32.2400        552     2.2958     2.3288  0.000e+00
     56.077     5.7870   3.175596    32.2397        553     2.3000     2.3290  0.000e+00
     56.227     5.7860   3.175513    32.2397        554     2.3042     2.3288  0.000e+00
     56.381     5.7847   3.175552    32.2414        555     2.3083     2.3290  0.000e+00
     56.525     5.7837   3.175436    32.2409        556     2.3125     2.3290  0.000e+00
     56.665     5.7830   3.175358    32.2406        557     2.3167     2.3290  0.000e+00
     56.798     5.7818   3.175198    32.2399        558     2.3208     2.3286  0.000e+00
     56.921     5.7799   3.174944    32.2388        559     2.3250     2.3290  0.000e+00
     57.033     5.7771   3.174684    32.2385        560     2.3292     2.3284  0.000e+00
     57.142     5.7738   3.174507    32.2396        561     2.3333     2.3287  0.000e+00
     57.238     5.7705   3.174407    32.2415        562     2.3375     2.3284  0.000e+00
     57.326     5.7674   3.174347    32.2439        563     2.3417     2.3287  0.000e+00
     57.404     5.7652   3.174269    32.2450        564     2.3458     2.3283  0.000e+00
     57.489     5.7633   3.174247    32.2466        565     2.3500     2.3286  0.000e+00
     57.565     5.7617   3.174208    32.2476        566     2.3542     2.3289  0.000e+00
     57.644     5.7608   3.174209    32.2484        567     2.3583     2.3280  0.000e+00
     57.728     5.7597   3.174170    32.2490        568     2.3625     2.3264  0.000e+00
     57.809     5.7591   3.174148    32.2493        569     2.3667     2.3274  0.000e+00
     57.899     5.7585   3.174131    32.2496        570     2.3708     2.3277  0.000e+00
     57.995     5.7581   3.174148    32.2501        571     2.3750     2.3263  0.000e+00
     58.094     5.7576   3.174131    32.2504        572     2.3792     2.3256  0.000e+00
     58.192     5.7575   3.174131    32.2505        573     2.3833     2.3265  0.000e+00
     58.304     5.7573   3.174131    32.2506        574     2.3875     2.3261  0.000e+00
     58.420     5.7570   3.174109    32.2505        575     2.3917     2.3260  0.000e+00
     58.535     5.7566   3.174093    32.2507        576     2.3958     2.3252  0.000e+00
     58.660     5.7563   3.174093    32.2509        577     2.4000     2.3239  0.000e+00
     58.777     5.7561   3.174093    32.2511        578     2.4042     2.3255  0.000e+00
     58.902     5.7558   3.174071    32.2510        579     2.4083     2.3245  0.000e+00
     59.025     5.7556   3.174071    32.2512        580     2.4125     2.3230  0.000e+00
     59.148     5.7554   3.174071    32.2513        581     2.4167     2.3230  0.000e+00
     59.271     5.7552   3.174071    32.2515        582     2.4208     2.3231  0.000e+00
     59.388     5.7550   3.174071    32.2516        583     2.4250     2.3230  0.000e+00
     59.500     5.7547   3.174032    32.2514        584     2.4292     2.3239  0.000e+00
     59.603     5.7546   3.174032    32.2514        585     2.4333     2.3215  0.000e+00
     59.701     5.7542   3.174032    32.2517        586     2.4375     2.3232  0.000e+00
     59.789     5.7539   3.173971    32.2513        587     2.4417     2.3235  0.000e+00
     59.874     5.7535   3.173955    32.2515        588     2.4458     2.3223  0.000e+00
     59.945     5.7534   3.173933    32.2512        589     2.4500     2.3225  0.000e+00
     60.028     5.7530   3.173916    32.2514        590     2.4542     2.3226  0.000e+00
     60.109     5.7527   3.173833    32.2507        591     2.4583     2.3241  0.000e+00
     60.200     5.7521   3.173678    32.2496        592     2.4625     2.3229  0.000e+00
     60.288     5.7511   3.173679    32.2504        593     2.4667     2.3226  0.000e+00
     60.386     5.7503   3.173656    32.2509        594     2.4708     2.3229  0.000e+00
     60.487     5.7497   3.173656    32.2514        595     2.4750     2.3242  0.000e+00
     60.596     5.7492   3.173618    32.2514        596     2.4792     2.3235  0.000e+00
     60.711     5.7488   3.173596    32.2515        597     2.4833     2.3250  0.000e+00
     60.833     5.7483   3.173579    32.2517        598     2.4875     2.3249  0.000e+00
     60.948     5.7478   3.173480    32.2510        599     2.4917     2.3253  0.000e+00
     61.071     5.7471   3.173402    32.2507        600     2.4958     2.3252  0.000e+00
     61.194     5.7462   3.173281    32.2502        601     2.5000     2.3252  0.000e+00
     61.315     5.7449   3.173203    32.2505        602     2.5042     2.3254  0.000e+00
     61.427     5.7434   3.173165    32.2514        603     2.5083     2.3259  0.000e+00
     61.543     5.7421   3.173120    32.2521        604     2.5125     2.3257  0.000e+00
     61.642     5.7410   3.173082    32.2527        605     2.5167     2.3255  0.000e+00
     61.736     5.7400   3.172966    32.2523        606     2.5208     2.3271  0.000e+00
     61.827     5.7387   3.172828    32.2520        607     2.5250     2.3265  0.000e+00
     61.908     5.7370   3.172706    32.2522        608     2.5292     2.3257  0.000e+00
     61.982     5.7352   3.172651    32.2533        609     2.5333     2.3267  0.000e+00
     62.056     5.7336   3.172667    32.2550        610     2.5375     2.3249  0.000e+00
     62.129     5.7326   3.172629    32.2554        611     2.5417     2.3251  0.000e+00
     62.214     5.7317   3.172590    32.2558        612     2.5458     2.3270  0.000e+00
     62.289     5.7308   3.172568    32.2563        613     2.5500     2.3262  0.000e+00
     62.389     5.7304   3.172529    32.2563        614     2.5542     2.3262  0.000e+00
     62.492     5.7297   3.172468    32.2562        615     2.5583     2.3258  0.000e+00
     62.613     5.7289   3.172468    32.2569        616     2.5625     2.3267  0.000e+00
     62.741     5.7280   3.172468    32.2577        617     2.5667     2.3267  0.000e+00
     62.882     5.7272   3.172491    32.2586        618     2.5708     2.3268  0.000e+00
     63.034     5.7269   3.172491    32.2589        619     2.5750     2.3255  0.000e+00
     63.195     5.7265   3.172469    32.2590        620     2.5792     2.3273  0.000e+00
     63.354     5.7259   3.172452    32.2592        621     2.5833     2.3260  0.000e+00
     63.509     5.7252   3.172513    32.2605        622     2.5875     2.3269  0.000e+00
     63.674     5.7247   3.172552    32.2613        623     2.5917     2.3289  0.000e+00
     63.829     5.7245   3.172568    32.2616        624     2.5958     2.3262  0.000e+00
     63.987     5.7244   3.172613    32.2622        625     2.6000     2.3285  0.000e+00
     64.131     5.7243   3.172613    32.2622        626     2.6042     2.3275  0.000e+00
     64.272     5.7239   3.172629    32.2627        627     2.6083     2.3257  0.000e+00
     64.406     5.7230   3.172629    32.2635        628     2.6125     2.3271  0.000e+00
     64.525     5.7218   3.172591    32.2642        629     2.6167     2.3265  0.000e+00
     64.646     5.7206   3.172569    32.2650        630     2.6208     2.3256  0.000e+00
     64.757     5.7192   3.172513    32.2656        631     2.6250     2.3250  0.000e+00
     64.860     5.7181   3.172469    32.2661        632     2.6292     2.3242  0.000e+00
     64.943     5.7172   3.172392    32.2661        633     2.6333     2.3243  0.000e+00
     65.026     5.7160   3.172353    32.2668        634     2.6375     2.3251  0.000e+00
     65.104     5.7148   3.172331    32.2676        635     2.6417     2.3242  0.000e+00
     65.163     5.7139   3.172276    32.2679        636     2.6458     2.3249  0.000e+00
     65.220     5.7128   3.172254    32.2686        637     2.6500     2.3242  0.000e+00
     65.268     5.7114   3.172292    32.2703        638     2.6542     2.3250  0.000e+00
     65.310     5.7105   3.172293    32.2712        639     2.6583     2.3237  0.000e+00
     65.351     5.7099   3.172315    32.2720        640     2.6625     2.3247  0.000e+00
     65.395     5.7095   3.172353    32.2728        641     2.6667     2.3266  0.000e+00
     65.435     5.7092   3.172414    32.2738        642     2.6708     2.3253  0.000e+00
     65.487     5.7091   3.172392    32.2735        643     2.6750     2.3251  0.000e+00
     65.547     5.7091   3.172431    32.2740        644     2.6792     2.3268  0.000e+00
     65.605     5.7091   3.172470    32.2744        645     2.6833     2.3242  0.000e+00
     65.680     5.7091   3.172530    32.2751        646     2.6875     2.3265  0.000e+00
     65.756     5.7092   3.172564    32.2753        647     2.6917     2.3256  0.000e+00
     65.845     5.7092   3.172569    32.2753        648     2.6958     2.3262  0.000e+00
     65.948     5.7094   3.172613    32.2756        649     2.7000     2.3262  0.000e+00
     66.055     5.7091   3.172630    32.2760        650     2.7042     2.3266  0.000e+00
     66.167     5.7088   3.172630    32.2762        651     2.7083     2.3240  0.000e+00
     66.288     5.7084   3.172652    32.2767        652     2.7125     2.3256  0.000e+00
     66.414     5.7082   3.172730    32.2778        653     2.7167     2.3249  0.000e+00
     66.545     5.7073   3.172890    32.2803        654     2.7208     2.3247  0.000e+00
     66.678     5.7070   3.173045    32.2824        655     2.7250     2.3243  0.000e+00
     66.805     5.7068   3.173266    32.2850        656     2.7292     2.3252  0.000e+00
     66.930     5.7072   3.173698    32.2894        657     2.7333     2.3252  0.000e+00
     67.052     5.7082   3.174295    32.2951        658     2.7375     2.3246  0.000e+00
     67.175     5.7098   3.175042    32.3019        659     2.7417     2.3242  0.000e+00
     67.289     5.7129   3.176093    32.3107        660     2.7458     2.3252  0.000e+00
     67.400     5.7179   3.176967    32.3157        661     2.7500     2.3259  0.000e+00
     67.517     5.7235   3.177437    32.3156        662     2.7542     2.3262  0.000e+00
     67.627     5.7286   3.177896    32.3158        663     2.7583     2.3265  0.000e+00
     67.748     5.7329   3.178765    32.3215        664     2.7625     2.3265  0.000e+00
     67.871     5.7371   3.179379    32.3243        665     2.7667     2.3267  0.000e+00
     67.989     5.7414   3.179955    32.3266        666     2.7708     2.3249  0.000e+00
     68.103     5.7455   3.180669    32.3307        667     2.7750     2.3249  0.000e+00
     68.226     5.7503   3.181820    32.3389        668     2.7792     2.3250  0.000e+00
     68.341     5.7565   3.182257    32.3378        669     2.7833     2.3246  0.000e+00
     68.459     5.7626   3.182711    32.3371        670     2.7875     2.3236  0.000e+00
     68.565     5.7677   3.183010    32.3355        671     2.7917     2.3230  0.000e+00
     68.676     5.7720   3.183486    32.3367        672     2.7958     2.3230  0.000e+00
     68.773     5.7759   3.183962    32.3383        673     2.8000     2.3193  0.000e+00
     68.871     5.7800   3.185413    32.3505        674     2.8042     2.3202  0.000e+00
     68.963     5.7861   3.186050    32.3519        675     2.8083     2.3185  0.000e+00
     69.046     5.7924   3.186781    32.3540        676     2.8125     2.3189  0.000e+00
     69.128     5.7983   3.187241    32.3534        677     2.8167     2.3168  0.000e+00
     69.196     5.8035   3.187557    32.3520        678     2.8208     2.3165  0.000e+00
     69.265     5.8076   3.188039    32.3534        679     2.8250     2.3155  0.000e+00
     69.330     5.8118   3.188908    32.3592        680     2.8292     2.3170  0.000e+00
     69.404     5.8167   3.190343    32.3706        681     2.8333     2.3137  0.000e+00
     69.473     5.8236   3.191435    32.3762        682     2.8375     2.3140  0.000e+00
     69.549     5.8318   3.192970    32.3855        683     2.8417     2.3140  0.000e+00
     69.630     5.8411   3.194068    32.3889        684     2.8458     2.3145  0.000e+00
     69.717     5.8506   3.194428    32.3838        685     2.8500     2.3147  0.000e+00
     69.809     5.8584   3.194766    32.3801        686     2.8542     2.3140  0.000e+00
     69.903     5.8641   3.195443    32.3821        687     2.8583     2.3149  0.000e+00
     70.003     5.8695   3.196657    32.3906        688     2.8625     2.3125  0.000e+00
     70.104     5.8761   3.197655    32.3954        689     2.8667     2.3130  0.000e+00
     70.210     5.8834   3.198132    32.3937        690     2.8708     2.3122  0.000e+00
     70.315     5.8896   3.198731    32.3944        691     2.8750     2.3120  0.000e+00
     70.420     5.8952   3.199453    32.3971        692     2.8792     2.3120  0.000e+00
     70.534     5.9007   3.199913    32.3969        693     2.8833     2.3114  0.000e+00
     70.650     5.9062   3.200529    32.3985        694     2.8875     2.3089  0.000e+00
     70.773     5.9115   3.202366    32.4140        695     2.8917     2.3087  0.000e+00
     70.896     5.9198   3.204025    32.4245        696     2.8958     2.3079  0.000e+00
     71.026     5.9306   3.205068    32.4259        697     2.9000     2.3062  0.000e+00
     71.156     5.9411   3.206728    32.4343        698     2.9042     2.3044  0.000e+00
     71.291     5.9523   3.208450    32.4428        699     2.9083     2.3056  0.000e+00
     71.411     5.9645   3.210110    32.4497        700     2.9125     2.3050  0.000e+00
     71.537     5.9763   3.210816    32.4462        701     2.9167     2.3047  0.000e+00
     71.668     5.9861   3.211232    32.4414        702     2.9208     2.3029  0.000e+00
     71.794     5.9936   3.211877    32.4414        703     2.9250     2.3023  0.000e+00
     71.923     5.9996   3.213022    32.4483        704     2.9292     2.3015  0.000e+00
     72.040     6.0062   3.214644    32.4601        705     2.9333     2.3002  0.000e+00
     72.165     6.0145   3.216695    32.4750        706     2.9375     2.2991  0.000e+00
     72.279     6.0260   3.218419    32.4833        707     2.9417     2.2993  0.000e+00
     72.391     6.0386   3.219047    32.4782        708     2.9458     2.2979  0.000e+00
     72.504     6.0492   3.219525    32.4733        709     2.9500     2.2984  0.000e+00
     72.602     6.0570   3.220432    32.4759        710     2.9542     2.2964  0.000e+00
     72.696     6.0643   3.221800    32.4842        711     2.9583     2.2963  0.000e+00
     72.788     6.0717   3.222145    32.4809        712     2.9625     2.2962  0.000e+00
     72.868     6.0775   3.222345    32.4775        713     2.9667     2.2939  0.000e+00
     72.938     6.0816   3.222684    32.4773        714     2.9708     2.2934  0.000e+00
     73.005     6.0849   3.222645    32.4737        715     2.9750     2.2918  0.000e+00
     73.065     6.0871   3.223068    32.4763        716     2.9792     2.2901  0.000e+00
     73.124     6.0891   3.223513    32.4793        717     2.9833     2.2887  0.000e+00
     73.177     6.0916   3.223675    32.4788        718     2.9875     2.2875  0.000e+00
     73.235     6.0933   3.223652    32.4768        719     2.9917     2.2872  0.000e+00
     73.287     6.0948   3.223936    32.4785        720     2.9958     2.2859  0.000e+00
     73.352     6.0962   3.224086    32.4789        721     3.0000     2.2848  0.000e+00
     73.412     6.0975   3.224198    32.4788        722     3.0042     2.2830  0.000e+00
     73.486     6.0987   3.224437    32.4803        723     3.0083     2.2839  0.000e+00
     73.560     6.1000   3.225082    32.4862        724     3.0125     2.2842  0.000e+00
     73.643     6.1026   3.226112    32.4952        725     3.0167     2.2812  0.000e+00
     73.732     6.1069   3.227559    32.5072        726     3.0208     2.2806  0.000e+00
     73.824     6.1130   3.228127    32.5076        727     3.0250     2.2801  0.000e+00
     73.918     6.1195   3.228366    32.5040        728     3.0292     2.2784  0.000e+00
     74.012     6.1243   3.228706    32.5032        729     3.0333     2.2791  0.000e+00
