HB2402/sbe020.cnv
* Sea-Bird SBE 19plus V2 Data File:
* FileName = C:\cruise\data\sbe020.hex
* Software Version Seasave V 7.26.7.121
* Temperature SN = 7142
* Conductivity SN = 7142
* System UpLoad Time = Mar 16 2024 07:51:35
* NMEA Latitude = 37 10.46 N
* NMEA Longitude = 075 33.62 W
* NMEA UTC (Time) = Mar 16 2024  07:50:52
** Ship: Bigelow
** Cruise:  HB2304
** Program:  Fall Bottom Trawl
# nquan = 7
# nvalues = 1218                                  
# units = specified
# name 0 = depSM: Depth [salt water, m]
# name 1 = tv290C: Temperature [ITS-90, deg C]
# name 2 = c0S/m: Conductivity [S/m]
# name 3 = sal00: Salinity, Practical [PSU]
# name 4 = scan: Scan Count
# name 5 = timeM: Time, Elapsed [minutes]
# name 6 = flag:  0.000e+00
# span 0 =     -0.136,     18.998                 
# span 1 =     8.2118,    10.5400                 
# span 2 =   0.000099,   3.412135                 
# span 3 =     0.0055,    31.3126                 
# span 4 =         11,       1228                 
# span 5 =     0.0417,     5.1125                 
# span 6 = 0.0000e+00, 0.0000e+00                 
# interval = seconds: 0.25
# start_time = Mar 16 2024 07:50:52 [NMEA time, header]
# bad_flag = -9.990e-29
*END*
[from data line 821]
      6.933     9.8599   3.332216    30.2811        832     3.4625  0.000e+00
      6.931     9.8632   3.332613    30.2822        833     3.4667  0.000e+00
      6.910     9.8672   3.332779    30.2806        834     3.4708  0.000e+00
      6.876     9.8708   3.332785    30.2777        835     3.4750  0.000e+00
      6.829     9.8738   3.332993    30.2773        836     3.4792  0.000e+00
      6.773     9.8760   3.333218    30.2777        837     3.4833  0.000e+00
      6.710     9.8772   3.333224    30.2767        838     3.4875  0.000e+00
      6.644     9.8783   3.333407    30.2777        839     3.4917  0.000e+00
      6.586     9.8791   3.333597    30.2790        840     3.4958  0.000e+00
      6.538     9.8804   3.333638    30.2783        841     3.5000  0.000e+00
      6.493     9.8817   3.333627    30.2772        842     3.5042  0.000e+00
      6.441     9.8821   3.333555    30.2761        843     3.5083  0.000e+00
      6.401     9.8819   3.333597    30.2767        844     3.5125  0.000e+00
      6.349     9.8815   3.333656    30.2776        845     3.5167  0.000e+00
      6.297     9.8811   3.333662    30.2780        846     3.5208  0.000e+00
      6.247     9.8809   3.333597    30.2776        847     3.5250  0.000e+00
      6.198     9.8801   3.333514    30.2775        848     3.5292  0.000e+00
      6.142     9.8796   3.333484    30.2776        849     3.5333  0.000e+00
      6.090     9.8792   3.333490    30.2780        850     3.5375  0.000e+00
      6.049     9.8789   3.333490    30.2783        851     3.5417  0.000e+00
      6.008     9.8791   3.333555    30.2788        852     3.5458  0.000e+00
      5.977     9.8792   3.333585    30.2790        853     3.5500  0.000e+00
      5.961     9.8795   3.333514    30.2781        854     3.5542  0.000e+00
      5.952     9.8800   3.333597    30.2785        855     3.5583  0.000e+00
      5.950     9.8804   3.333532    30.2775        856     3.5625  0.000e+00
      5.946     9.8807   3.333561    30.2776        857     3.5667  0.000e+00
      5.948     9.8809   3.333573    30.2775        858     3.5708  0.000e+00
      5.948     9.8806   3.333449    30.2765        859     3.5750  0.000e+00
      5.952     9.8783   3.333075    30.2746        860     3.5792  0.000e+00
      5.939     9.8737   3.332785    30.2756        861     3.5833  0.000e+00
      5.929     9.8694   3.332927    30.2807        862     3.5875  0.000e+00
      5.903     9.8689   3.333449    30.2864        863     3.5917  0.000e+00
      5.860     9.8717   3.333627    30.2858        864     3.5958  0.000e+00
      5.822     9.8749   3.333804    30.2849        865     3.6000  0.000e+00
      5.778     9.8783   3.333929    30.2833        866     3.6042  0.000e+00
      5.731     9.8805   3.333970    30.2819        867     3.6083  0.000e+00
      5.695     9.8817   3.333923    30.2805        868     3.6125  0.000e+00
      5.664     9.8824   3.333929    30.2799        869     3.6167  0.000e+00
      5.637     9.8826   3.333869    30.2791        870     3.6208  0.000e+00
      5.621     9.8828   3.333786    30.2782        871     3.6250  0.000e+00
      5.594     9.8826   3.333863    30.2791        872     3.6292  0.000e+00
      5.565     9.8821   3.333952    30.2804        873     3.6333  0.000e+00
      5.528     9.8820   3.333970    30.2807        874     3.6375  0.000e+00
      5.492     9.8818   3.334000    30.2812        875     3.6417  0.000e+00
      5.445     9.8813   3.333952    30.2812        876     3.6458  0.000e+00
      5.384     9.8813   3.333970    30.2814        877     3.6500  0.000e+00
      5.314     9.8815   3.333970    30.2812        878     3.6542  0.000e+00
      5.253     9.8817   3.333964    30.2811        879     3.6583  0.000e+00
      5.190     9.8823   3.334011    30.2811        880     3.6625  0.000e+00
      5.134     9.8824   3.333970    30.2805        881     3.6667  0.000e+00
      5.096     9.8830   3.333970    30.2801        882     3.6708  0.000e+00
      5.051     9.8832   3.333964    30.2799        883     3.6750  0.000e+00
      5.015     9.8828   3.333928    30.2798        884     3.6792  0.000e+00
      4.987     9.8829   3.333911    30.2796        885     3.6833  0.000e+00
      4.962     9.8826   3.333982    30.2805        886     3.6875  0.000e+00
      4.951     9.8826   3.333928    30.2801        887     3.6917  0.000e+00
      4.944     9.8827   3.333970    30.2804        888     3.6958  0.000e+00
      4.936     9.8827   3.333970    30.2804        889     3.7000  0.000e+00
      4.935     9.8824   3.333964    30.2805        890     3.7042  0.000e+00
      4.920     9.8823   3.333928    30.2804        891     3.7083  0.000e+00
      4.902     9.8821   3.333970    30.2809        892     3.7125  0.000e+00
      4.873     9.8821   3.333970    30.2809        893     3.7167  0.000e+00
      4.839     9.8819   3.333922    30.2806        894     3.7208  0.000e+00
      4.802     9.8816   3.333887    30.2805        895     3.7250  0.000e+00
      4.771     9.8817   3.333828    30.2798        896     3.7292  0.000e+00
      4.753     9.8815   3.333804    30.2798        897     3.7333  0.000e+00
      4.740     9.8812   3.333786    30.2799        898     3.7375  0.000e+00
      4.733     9.8808   3.333786    30.2802        899     3.7417  0.000e+00
      4.722     9.8808   3.333786    30.2803        900     3.7458  0.000e+00
      4.713     9.8807   3.333762    30.2801        901     3.7500  0.000e+00
      4.699     9.8808   3.333828    30.2807        902     3.7542  0.000e+00
      4.674     9.8804   3.333845    30.2812        903     3.7583  0.000e+00
      4.629     9.8804   3.333869    30.2814        904     3.7625  0.000e+00
      4.572     9.8803   3.333822    30.2811        905     3.7667  0.000e+00
      4.501     9.8799   3.333804    30.2812        906     3.7708  0.000e+00
      4.437     9.8796   3.333786    30.2813        907     3.7750  0.000e+00
      4.388     9.8796   3.333762    30.2811        908     3.7792  0.000e+00
      4.352     9.8798   3.333721    30.2805        909     3.7833  0.000e+00
      4.341     9.8800   3.333638    30.2796        910     3.7875  0.000e+00
      4.347     9.8795   3.333573    30.2793        911     3.7917  0.000e+00
      4.352     9.8795   3.333561    30.2792        912     3.7958  0.000e+00
      4.361     9.8795   3.333614    30.2797        913     3.8000  0.000e+00
      4.368     9.8794   3.333638    30.2800        914     3.8042  0.000e+00
      4.377     9.8793   3.333573    30.2795        915     3.8083  0.000e+00
      4.372     9.8788   3.333561    30.2798        916     3.8125  0.000e+00
      4.343     9.8777   3.333472    30.2798        917     3.8167  0.000e+00
      4.293     9.8764   3.333341    30.2796        918     3.8208  0.000e+00
      4.235     9.8748   3.333306    30.2806        919     3.8250  0.000e+00
      4.183     9.8736   3.333199    30.2806        920     3.8292  0.000e+00
      4.140     9.8723   3.332992    30.2796        921     3.8333  0.000e+00
      4.124     9.8703   3.333033    30.2817        922     3.8375  0.000e+00
      4.124     9.8694   3.333063    30.2828        923     3.8417  0.000e+00
      4.135     9.8687   3.332944    30.2822        924     3.8458  0.000e+00
      4.138     9.8674   3.332861    30.2824        925     3.8500  0.000e+00
      4.124     9.8662   3.332695    30.2818        926     3.8542  0.000e+00
      4.075     9.8638   3.332488    30.2817        927     3.8583  0.000e+00
      4.013     9.8610   3.332547    30.2846        928     3.8625  0.000e+00
      3.939     9.8599   3.332595    30.2861        929     3.8667  0.000e+00
      3.862     9.8597   3.332595    30.2863        930     3.8708  0.000e+00
      3.790     9.8597   3.332767    30.2880        931     3.8750  0.000e+00
      3.734     9.8620   3.333158    30.2901        932     3.8792  0.000e+00
      3.700     9.8644   3.332927    30.2857        933     3.8833  0.000e+00
      3.687     9.8653   3.333045    30.2862        934     3.8875  0.000e+00
      3.684     9.8672   3.333448    30.2887        935     3.8917  0.000e+00
      3.685     9.8702   3.333744    30.2892        936     3.8958  0.000e+00
      3.673     9.8735   3.333910    30.2880        937     3.9000  0.000e+00
      3.648     9.8761   3.333999    30.2867        938     3.9042  0.000e+00
      3.590     9.8782   3.334159    30.2866        939     3.9083  0.000e+00
      3.518     9.8801   3.334325    30.2867        940     3.9125  0.000e+00
      3.445     9.8819   3.334390    30.2859        941     3.9167  0.000e+00
      3.374     9.8834   3.334402    30.2848        942     3.9208  0.000e+00
      3.324     9.8843   3.334349    30.2836        943     3.9250  0.000e+00
      3.292     9.8848   3.334349    30.2831        944     3.9292  0.000e+00
      3.308     9.8854   3.334278    30.2819        945     3.9333  0.000e+00
      3.339     9.8854   3.334242    30.2815        946     3.9375  0.000e+00
      3.378     9.8855   3.334284    30.2819        947     3.9417  0.000e+00
      3.410     9.8855   3.334307    30.2821        948     3.9458  0.000e+00
      3.432     9.8852   3.334301    30.2823        949     3.9500  0.000e+00
      3.441     9.8849   3.334349    30.2830        950     3.9542  0.000e+00
      3.450     9.8847   3.334408    30.2837        951     3.9583  0.000e+00
      3.459     9.8845   3.334432    30.2842        952     3.9625  0.000e+00
      3.439     9.8844   3.334438    30.2843        953     3.9667  0.000e+00
      3.403     9.8843   3.334473    30.2847        954     3.9708  0.000e+00
      3.355     9.8843   3.334450    30.2845        955     3.9750  0.000e+00
      3.303     9.8841   3.334378    30.2840        956     3.9792  0.000e+00
      3.227     9.8835   3.334367    30.2844        957     3.9833  0.000e+00
      3.180     9.8830   3.334349    30.2847        958     3.9875  0.000e+00
      3.141     9.8829   3.334408    30.2854        959     3.9917  0.000e+00
      3.134     9.8830   3.334461    30.2858        960     3.9958  0.000e+00
      3.144     9.8834   3.334449    30.2854        961     4.0000  0.000e+00
      3.130     9.8838   3.334491    30.2855        962     4.0042  0.000e+00
      3.098     9.8838   3.334491    30.2855        963     4.0083  0.000e+00
      3.051     9.8840   3.334497    30.2854        964     4.0125  0.000e+00
      3.011     9.8840   3.334473    30.2852        965     4.0167  0.000e+00
      2.992     9.8840   3.334449    30.2850        966     4.0208  0.000e+00
      2.957     9.8840   3.334420    30.2847        967     4.0250  0.000e+00
      2.932     9.8838   3.334432    30.2850        968     4.0292  0.000e+00
      2.922     9.8839   3.334432    30.2849        969     4.0333  0.000e+00
      2.922     9.8840   3.334449    30.2850        970     4.0375  0.000e+00
      2.920     9.8837   3.334479    30.2855        971     4.0417  0.000e+00
      2.914     9.8838   3.334515    30.2858        972     4.0458  0.000e+00
      2.889     9.8836   3.334491    30.2857        973     4.0500  0.000e+00
      2.835     9.8838   3.334515    30.2859        974     4.0542  0.000e+00
      2.798     9.8841   3.334520    30.2857        975     4.0583  0.000e+00
      2.767     9.8838   3.334515    30.2858        976     4.0625  0.000e+00
      2.744     9.8840   3.334491    30.2855        977     4.0667  0.000e+00
      2.717     9.8839   3.334479    30.2854        978     4.0708  0.000e+00
      2.682     9.8836   3.334473    30.2856        979     4.0750  0.000e+00
      2.663     9.8835   3.334432    30.2853        980     4.0792  0.000e+00
      2.647     9.8832   3.334408    30.2853        981     4.0833  0.000e+00
      2.648     9.8830   3.334402    30.2855        982     4.0875  0.000e+00
      2.675     9.8829   3.334349    30.2850        983     4.0917  0.000e+00
      2.682     9.8823   3.334325    30.2853        984     4.0958  0.000e+00
      2.677     9.8819   3.334366    30.2860        985     4.1000  0.000e+00
      2.657     9.8821   3.334437    30.2865        986     4.1042  0.000e+00
      2.618     9.8824   3.334432    30.2863        987     4.1083  0.000e+00
      2.566     9.8824   3.334408    30.2860        988     4.1125  0.000e+00
      2.508     9.8823   3.334420    30.2862        989     4.1167  0.000e+00
      2.442     9.8824   3.334390    30.2859        990     4.1208  0.000e+00
      2.388     9.8824   3.334408    30.2861        991     4.1250  0.000e+00
      2.381     9.8827   3.334431    30.2861        992     4.1292  0.000e+00
      2.395     9.8834   3.334437    30.2855        993     4.1333  0.000e+00
      2.429     9.8839   3.334408    30.2848        994     4.1375  0.000e+00
      2.461     9.8836   3.334431    30.2853        995     4.1417  0.000e+00
      2.485     9.8836   3.334431    30.2853        996     4.1458  0.000e+00
      2.494     9.8832   3.334402    30.2853        997     4.1500  0.000e+00
      2.490     9.8824   3.334307    30.2851        998     4.1542  0.000e+00
      2.460     9.8817   3.334390    30.2865        999     4.1583  0.000e+00
      2.400     9.8813   3.334360    30.2865       1000     4.1625  0.000e+00
      2.303     9.8808   3.334141    30.2848       1001     4.1667  0.000e+00
      2.194     9.8798   3.333951    30.2838       1002     4.1708  0.000e+00
      2.116     9.8780   3.333928    30.2851       1003     4.1750  0.000e+00
      2.070     9.8770   3.333963    30.2863       1004     4.1792  0.000e+00
      2.045     9.8766   3.333928    30.2863       1005     4.1833  0.000e+00
      2.059     9.8762   3.333922    30.2866       1006     4.1875  0.000e+00
      2.084     9.8762   3.333886    30.2862       1007     4.1917  0.000e+00
      2.118     9.8757   3.333868    30.2865       1008     4.1958  0.000e+00
      2.140     9.8751   3.333868    30.2869       1009     4.2000  0.000e+00
      2.163     9.8751   3.333951    30.2878       1010     4.2042  0.000e+00
      2.158     9.8751   3.333999    30.2882       1011     4.2083  0.000e+00
      2.131     9.8755   3.333845    30.2864       1012     4.2125  0.000e+00
      2.061     9.8751   3.333910    30.2873       1013     4.2167  0.000e+00
      1.942     9.8751   3.333969    30.2880       1014     4.2208  0.000e+00
      1.849     9.8759   3.333939    30.2871       1015     4.2250  0.000e+00
      1.786     9.8758   3.333886    30.2867       1016     4.2292  0.000e+00
      1.820     9.8757   3.333886    30.2868       1017     4.2333  0.000e+00
      1.902     9.8759   3.333928    30.2869       1018     4.2375  0.000e+00
      1.978     9.8759   3.333981    30.2875       1019     4.2417  0.000e+00
      2.037     9.8762   3.334011    30.2875       1020     4.2458  0.000e+00
      2.066     9.8760   3.333951    30.2870       1021     4.2500  0.000e+00
      2.044     9.8751   3.333862    30.2869       1022     4.2542  0.000e+00
      1.987     9.8742   3.334052    30.2896       1023     4.2583  0.000e+00
      1.915     9.8746   3.334366    30.2924       1024     4.2625  0.000e+00
      1.816     9.8768   3.334514    30.2921       1025     4.2667  0.000e+00
      1.752     9.8795   3.334597    30.2907       1026     4.2708  0.000e+00
      1.726     9.8813   3.334704    30.2903       1027     4.2750  0.000e+00
      1.737     9.8830   3.334722    30.2890       1028     4.2792  0.000e+00
      1.777     9.8840   3.334763    30.2886       1029     4.2833  0.000e+00
      1.818     9.8845   3.334817    30.2887       1030     4.2875  0.000e+00
      1.807     9.8851   3.334870    30.2887       1031     4.2917  0.000e+00
      1.735     9.8854   3.334911    30.2889       1032     4.2958  0.000e+00
      1.624     9.8858   3.334917    30.2887       1033     4.3000  0.000e+00
      1.504     9.8862   3.334935    30.2886       1034     4.3042  0.000e+00
      1.428     9.8865   3.334976    30.2888       1035     4.3083  0.000e+00
