HB2402/sbe005.cnv
* Sea-Bird SBE 19plus V2 Data File:
* FileName = C:\cruise\data\sbe005.hex
* Software Version Seasave V 7.26.7.121
* Temperature SN = 7142
* Conductivity SN = 7142
* System UpLoad Time = Mar 08 2024 23:47:14
* NMEA Latitude = 37 40.60 N
* NMEA Longitude = 074 20.63 W
* NMEA UTC (Time) = Mar 08 2024  23:46:38
** Ship: Bigelow
** Cruise:  HB2304
** Program:  Fall Bottom Trawl
# nquan = 7
# nvalues = 1976                                  
# units = specified
# name 0 = depSM: Depth [salt water, m]
# name 1 = tv290C: Temperature [ITS-90, deg C]
# name 2 = c0S/m: Conductivity [S/m]
# name 3 = sal00: Salinity, Practical [PSU]
# name 4 = scan: Scan Count
# name 5 = timeM: Time, Elapsed [minutes]
# name 6 = flag:  0.000e+00
# span 0 =      0.010,     90.571                 
# span 1 =     7.0746,    10.1423                 
# span 2 =   0.000059,   3.707589                 
# span 3 =     0.0034,    33.7922                 
# span 4 =         11,       1986                 
# span 5 =     0.0417,     8.2708                 
# span 6 = 0.0000e+00, 0.0000e+00                 
# interval = seconds: 0.25
# start_time = Mar 08 2024 23:46:38 [NMEA time, header]
# bad_flag = -9.990e-29
*END*
[from data line 1436]
     29.083     8.3485   3.439479    32.7131       1447     6.0250  0.000e+00
     29.107     8.3506   3.439257    32.7088       1448     6.0292  0.000e+00
     29.132     8.3520   3.438921    32.7040       1449     6.0333  0.000e+00
     29.143     8.3508   3.439359    32.7097       1450     6.0375  0.000e+00
     29.137     8.3508   3.439485    32.7110       1451     6.0417  0.000e+00
     29.125     8.3523   3.439545    32.7103       1452     6.0458  0.000e+00
     29.092     8.3539   3.439941    32.7129       1453     6.0500  0.000e+00
     29.053     8.3559   3.440019    32.7120       1454     6.0542  0.000e+00
     28.994     8.3574   3.439461    32.7047       1455     6.0583  0.000e+00
     28.918     8.3569   3.440925    32.7207       1456     6.0625  0.000e+00
     28.828     8.3601   3.441135    32.7199       1457     6.0667  0.000e+00
     28.724     8.3650   3.441279    32.7170       1458     6.0708  0.000e+00
     28.607     8.3683   3.441201    32.7131       1459     6.0750  0.000e+00
     28.481     8.3697   3.440474    32.7042       1460     6.0792  0.000e+00
     28.346     8.3678   3.440450    32.7058       1461     6.0833  0.000e+00
     28.203     8.3656   3.439742    32.7004       1462     6.0875  0.000e+00
     28.053     8.3622   3.440060    32.7070       1463     6.0917  0.000e+00
     27.915     8.3603   3.440462    32.7131       1464     6.0958  0.000e+00
     27.778     8.3614   3.440804    32.7158       1465     6.1000  0.000e+00
     27.635     8.3637   3.441218    32.7181       1466     6.1042  0.000e+00
     27.505     8.3673   3.441549    32.7182       1467     6.1083  0.000e+00
     27.394     8.3705   3.441566    32.7155       1468     6.1125  0.000e+00
     27.284     8.3728   3.441338    32.7110       1469     6.1167  0.000e+00
     27.190     8.3728   3.439724    32.6940       1470     6.1208  0.000e+00
     27.101     8.3673   3.439832    32.7003       1471     6.1250  0.000e+00
     27.020     8.3622   3.439376    32.7002       1472     6.1292  0.000e+00
     26.950     8.3592   3.439742    32.7069       1473     6.1333  0.000e+00
     26.887     8.3571   3.439070    32.7018       1474     6.1375  0.000e+00
     26.833     8.3549   3.438554    32.6984       1475     6.1417  0.000e+00
     26.782     8.3508   3.438344    32.7000       1476     6.1458  0.000e+00
     26.736     8.3472   3.438530    32.7054       1477     6.1500  0.000e+00
     26.693     8.3455   3.438470    32.7064       1478     6.1542  0.000e+00
     26.646     8.3457   3.439460    32.7167       1479     6.1583  0.000e+00
     26.605     8.3485   3.438116    32.6998       1480     6.1625  0.000e+00
     26.565     8.3465   3.439052    32.7117       1481     6.1667  0.000e+00
     26.524     8.3471   3.440594    32.7274       1482     6.1708  0.000e+00
     26.480     8.3539   3.441854    32.7343       1483     6.1750  0.000e+00
     26.441     8.3642   3.443001    32.7369       1484     6.1792  0.000e+00
     26.392     8.3760   3.443259    32.7287       1485     6.1833  0.000e+00
     26.340     8.3839   3.443109    32.7198       1486     6.1875  0.000e+00
     26.288     8.3879   3.443139    32.7164       1487     6.1917  0.000e+00
     26.236     8.3896   3.443043    32.7139       1488     6.1958  0.000e+00
     26.184     8.3904   3.443097    32.7137       1489     6.2000  0.000e+00
     26.123     8.3906   3.442826    32.7107       1490     6.2042  0.000e+00
     26.058     8.3897   3.441176    32.6941       1491     6.2083  0.000e+00
     25.993     8.3829   3.439699    32.6849       1492     6.2125  0.000e+00
     25.920     8.3719   3.440636    32.7051       1493     6.2167  0.000e+00
     25.846     8.3675   3.441692    32.7203       1494     6.2208  0.000e+00
     25.779     8.3700   3.442520    32.7267       1495     6.2250  0.000e+00
     25.698     8.3763   3.442454    32.7202       1496     6.2292  0.000e+00
     25.632     8.3813   3.442502    32.7161       1497     6.2333  0.000e+00
     25.558     8.3829   3.442742    32.7173       1498     6.2375  0.000e+00
     25.492     8.3850   3.442610    32.7139       1499     6.2417  0.000e+00
     25.414     8.3857   3.442910    32.7164       1500     6.2458  0.000e+00
     25.350     8.3869   3.442652    32.7126       1501     6.2500  0.000e+00
     25.269     8.3872   3.442556    32.7114       1502     6.2542  0.000e+00
     25.190     8.3866   3.442724    32.7138       1503     6.2583  0.000e+00
     25.112     8.3865   3.442172    32.7081       1504     6.2625  0.000e+00
     25.026     8.3852   3.442850    32.7165       1505     6.2667  0.000e+00
     24.933     8.3857   3.443192    32.7196       1506     6.2708  0.000e+00
     24.836     8.3884   3.443036    32.7155       1507     6.2750  0.000e+00
     24.740     8.3897   3.442370    32.7073       1508     6.2792  0.000e+00
     24.647     8.3880   3.442700    32.7124       1509     6.2833  0.000e+00
     24.557     8.3873   3.444651    32.7337       1510     6.2875  0.000e+00
     24.453     8.3936   3.442724    32.7076       1511     6.2917  0.000e+00
     24.356     8.3931   3.442652    32.7073       1512     6.2958  0.000e+00
     24.255     8.3902   3.442207    32.7054       1513     6.3000  0.000e+00
     24.160     8.3870   3.441067    32.6963       1514     6.3042  0.000e+00
     24.059     8.3809   3.443066    32.7232       1515     6.3083  0.000e+00
     23.967     8.3827   3.445870    32.7511       1516     6.3125  0.000e+00
     23.876     8.3968   3.446278    32.7424       1517     6.3167  0.000e+00
     23.779     8.4096   3.446470    32.7326       1518     6.3208  0.000e+00
     23.698     8.4171   3.446362    32.7245       1519     6.3250  0.000e+00
     23.613     8.4207   3.445659    32.7138       1520     6.3292  0.000e+00
     23.536     8.4202   3.443366    32.6901       1521     6.3333  0.000e+00
     23.469     8.4101   3.442639    32.6918       1522     6.3375  0.000e+00
     23.403     8.3994   3.445413    32.7311       1523     6.3417  0.000e+00
     23.342     8.4017   3.445797    32.7330       1524     6.3458  0.000e+00
     23.282     8.4089   3.443654    32.7037       1525     6.3500  0.000e+00
     23.221     8.4066   3.440808    32.6759       1526     6.3542  0.000e+00
     23.167     8.3917   3.440592    32.6875       1527     6.3583  0.000e+00
     23.115     8.3789   3.440695    32.7005       1528     6.3625  0.000e+00
     23.065     8.3726   3.440821    32.7076       1529     6.3667  0.000e+00
     23.016     8.3705   3.440809    32.7095       1530     6.3708  0.000e+00
     22.962     8.3694   3.440803    32.7105       1531     6.3750  0.000e+00
     22.914     8.3691   3.441175    32.7147       1532     6.3792  0.000e+00
     22.864     8.3703   3.440845    32.7101       1533     6.3833  0.000e+00
     22.806     8.3706   3.441235    32.7140       1534     6.3875  0.000e+00
     22.750     8.3712   3.440611    32.7069       1535     6.3917  0.000e+00
     22.691     8.3701   3.440491    32.7066       1536     6.3958  0.000e+00
     22.632     8.3683   3.442387    32.7284       1537     6.4000  0.000e+00
     22.571     8.3732   3.441649    32.7161       1538     6.4042  0.000e+00
     22.502     8.3763   3.441955    32.7164       1539     6.4083  0.000e+00
     22.443     8.3783   3.441937    32.7144       1540     6.4125  0.000e+00
     22.380     8.3794   3.441997    32.7140       1541     6.4167  0.000e+00
     22.319     8.3802   3.442039    32.7138       1542     6.4208  0.000e+00
     22.258     8.3809   3.442207    32.7149       1543     6.4250  0.000e+00
     22.200     8.3819   3.442261    32.7147       1544     6.4292  0.000e+00
     22.148     8.3827   3.442081    32.7120       1545     6.4333  0.000e+00
     22.080     8.3827   3.442195    32.7132       1546     6.4375  0.000e+00
     22.013     8.3826   3.442039    32.7117       1547     6.4417  0.000e+00
     21.943     8.3824   3.442237    32.7140       1548     6.4458  0.000e+00
     21.873     8.3830   3.442141    32.7125       1549     6.4500  0.000e+00
     21.791     8.3828   3.441739    32.7085       1550     6.4542  0.000e+00
     21.702     8.3814   3.441606    32.7084       1551     6.4583  0.000e+00
     21.607     8.3797   3.441714    32.7111       1552     6.4625  0.000e+00
     21.503     8.3791   3.442411    32.7192       1553     6.4667  0.000e+00
     21.393     8.3814   3.442621    32.7192       1554     6.4708  0.000e+00
     21.280     8.3844   3.442825    32.7187       1555     6.4750  0.000e+00
     21.169     8.3871   3.442849    32.7165       1556     6.4792  0.000e+00
     21.059     8.3886   3.442867    32.7153       1557     6.4833  0.000e+00
     20.955     8.3897   3.442681    32.7124       1558     6.4875  0.000e+00
     20.852     8.3895   3.442843    32.7143       1559     6.4917  0.000e+00
     20.753     8.3897   3.442681    32.7125       1560     6.4958  0.000e+00
     20.662     8.3896   3.442584    32.7116       1561     6.5000  0.000e+00
     20.577     8.3889   3.442741    32.7139       1562     6.5042  0.000e+00
     20.511     8.3889   3.442494    32.7114       1563     6.5083  0.000e+00
     20.446     8.3883   3.442825    32.7154       1564     6.5125  0.000e+00
     20.399     8.3886   3.442849    32.7154       1565     6.5167  0.000e+00
     20.356     8.3895   3.442584    32.7119       1566     6.5208  0.000e+00
     20.329     8.3892   3.442476    32.7110       1567     6.5250  0.000e+00
     20.307     8.3882   3.442626    32.7135       1568     6.5292  0.000e+00
     20.289     8.3880   3.442578    32.7132       1569     6.5333  0.000e+00
     20.275     8.3879   3.442782    32.7154       1570     6.5375  0.000e+00
     20.263     8.3887   3.442512    32.7119       1571     6.5417  0.000e+00
     20.243     8.3883   3.442344    32.7104       1572     6.5458  0.000e+00
     20.218     8.3872   3.442578    32.7139       1573     6.5500  0.000e+00
     20.183     8.3874   3.442536    32.7133       1574     6.5542  0.000e+00
     20.140     8.3875   3.442386    32.7117       1575     6.5583  0.000e+00
     20.085     8.3872   3.442740    32.7157       1576     6.5625  0.000e+00
     20.023     8.3881   3.444019    32.7284       1577     6.5667  0.000e+00
     19.955     8.3929   3.444481    32.7289       1578     6.5708  0.000e+00
     19.878     8.3996   3.444932    32.7274       1579     6.5750  0.000e+00
     19.795     8.4047   3.445556    32.7293       1580     6.5792  0.000e+00
     19.705     8.4106   3.445448    32.7227       1581     6.5833  0.000e+00
     19.603     8.4137   3.444871    32.7138       1582     6.5875  0.000e+00
     19.520     8.4129   3.445081    32.7168       1583     6.5917  0.000e+00
     19.427     8.4127   3.445928    32.7259       1584     6.5958  0.000e+00
     19.330     8.4160   3.445784    32.7214       1585     6.6000  0.000e+00
     19.243     8.4184   3.445778    32.7192       1586     6.6042  0.000e+00
     19.153     8.4195   3.445868    32.7192       1587     6.6083  0.000e+00
     19.076     8.4198   3.444931    32.7090       1588     6.6125  0.000e+00
     18.990     8.4177   3.444625    32.7078       1589     6.6167  0.000e+00
     18.909     8.4134   3.444103    32.7063       1590     6.6208  0.000e+00
     18.835     8.4093   3.444127    32.7104       1591     6.6250  0.000e+00
     18.760     8.4059   3.442824    32.6998       1592     6.6292  0.000e+00
     18.688     8.4003   3.443172    32.7088       1593     6.6333  0.000e+00
     18.611     8.3966   3.443070    32.7111       1594     6.6375  0.000e+00
     18.537     8.3951   3.443016    32.7120       1595     6.6417  0.000e+00
     18.469     8.3941   3.442722    32.7099       1596     6.6458  0.000e+00
     18.395     8.3925   3.443952    32.7244       1597     6.6500  0.000e+00
     18.325     8.3950   3.445574    32.7392       1598     6.6542  0.000e+00
     18.255     8.4044   3.445844    32.7334       1599     6.6583  0.000e+00
     18.186     8.4125   3.445718    32.7245       1600     6.6625  0.000e+00
     18.113     8.4167   3.445495    32.7183       1601     6.6667  0.000e+00
     18.052     8.4175   3.444991    32.7123       1602     6.6708  0.000e+00
     17.982     8.4165   3.445141    32.7148       1603     6.6750  0.000e+00
     17.924     8.4145   3.445429    32.7197       1604     6.6792  0.000e+00
     17.872     8.4154   3.444913    32.7135       1605     6.6833  0.000e+00
     17.830     8.4144   3.443580    32.7004       1606     6.6875  0.000e+00
     17.793     8.4082   3.442721    32.6970       1607     6.6917  0.000e+00
     17.762     8.4006   3.442193    32.6986       1608     6.6958  0.000e+00
     17.737     8.3931   3.442595    32.7098       1609     6.7000  0.000e+00
     17.721     8.3901   3.442223    32.7087       1610     6.7042  0.000e+00
     17.708     8.3881   3.442193    32.7102       1611     6.7083  0.000e+00
     17.696     8.3865   3.441731    32.7068       1612     6.7125  0.000e+00
     17.681     8.3840   3.441779    32.7097       1613     6.7167  0.000e+00
     17.669     8.3822   3.441953    32.7132       1614     6.7208  0.000e+00
     17.645     8.3821   3.442043    32.7142       1615     6.7250  0.000e+00
     17.615     8.3827   3.442265    32.7161       1616     6.7292  0.000e+00
     17.559     8.3839   3.441887    32.7110       1617     6.7333  0.000e+00
     17.489     8.3837   3.441149    32.7034       1618     6.7375  0.000e+00
     17.408     8.3800   3.439853    32.6932       1619     6.7417  0.000e+00
     17.309     8.3729   3.440345    32.7050       1620     6.7458  0.000e+00
     17.205     8.3688   3.440879    32.7145       1621     6.7500  0.000e+00
     17.086     8.3695   3.441713    32.7228       1622     6.7542  0.000e+00
     16.959     8.3734   3.441935    32.7215       1623     6.7583  0.000e+00
     16.836     8.3780   3.442193    32.7200       1624     6.7625  0.000e+00
     16.707     8.3814   3.442079    32.7157       1625     6.7667  0.000e+00
     16.587     8.3832   3.442019    32.7135       1626     6.7708  0.000e+00
     16.475     8.3839   3.442139    32.7142       1627     6.7750  0.000e+00
     16.369     8.3844   3.442409    32.7166       1628     6.7792  0.000e+00
     16.276     8.3859   3.442679    32.7181       1629     6.7833  0.000e+00
     16.187     8.3880   3.442085    32.7099       1630     6.7875  0.000e+00
     16.112     8.3873   3.442325    32.7131       1631     6.7917  0.000e+00
     16.045     8.3872   3.442265    32.7126       1632     6.7958  0.000e+00
     15.981     8.3871   3.442781    32.7182       1633     6.8000  0.000e+00
     15.929     8.3880   3.443111    32.7208       1634     6.8042  0.000e+00
     15.878     8.3915   3.444018    32.7271       1635     6.8083  0.000e+00
     15.837     8.3969   3.443777    32.7196       1636     6.8125  0.000e+00
     15.799     8.4001   3.443627    32.7151       1637     6.8167  0.000e+00
     15.761     8.4005   3.443507    32.7135       1638     6.8208  0.000e+00
     15.727     8.4000   3.443777    32.7168       1639     6.8250  0.000e+00
     15.693     8.4005   3.444000    32.7187       1640     6.8292  0.000e+00
     15.659     8.4021   3.443219    32.7090       1641     6.8333  0.000e+00
     15.627     8.4013   3.443213    32.7097       1642     6.8375  0.000e+00
     15.596     8.3979   3.441916    32.6992       1643     6.8417  0.000e+00
     15.562     8.3930   3.442625    32.7113       1644     6.8458  0.000e+00
     15.524     8.3893   3.441190    32.6996       1645     6.8500  0.000e+00
     15.490     8.3848   3.440392    32.6953       1646     6.8542  0.000e+00
     15.447     8.3775   3.440200    32.7001       1647     6.8583  0.000e+00
     15.404     8.3720   3.440434    32.7077       1648     6.8625  0.000e+00
     15.357     8.3695   3.440800    32.7139       1649     6.8667  0.000e+00
     15.310     8.3701   3.440914    32.7146       1650     6.8708  0.000e+00
     15.256     8.3715   3.441148    32.7157       1651     6.8750  0.000e+00
