HB2402/sbe043.cnv
* Sea-Bird SBE 19plus V2 Data File:
* FileName = C:\cruise\data\sbe043.hex
* Software Version Seasave V 7.26.7.121
* Temperature SN = 7142
* Conductivity SN = 7142
* System UpLoad Time = Mar 22 2024 06:25:40
* NMEA Latitude = 39 54.97 N
* NMEA Longitude = 073 23.97 W
* NMEA UTC (Time) = Mar 22 2024  06:24:47
** Ship: Bigelow
** Cruise:  HB2304
** Program:  Fall Bottom Trawl
# nquan = 7
# nvalues = 1754                                  
# units = specified
# name 0 = depSM: Depth [salt water, m]
# name 1 = tv290C: Temperature [ITS-90, deg C]
# name 2 = c0S/m: Conductivity [S/m]
# name 3 = sal00: Salinity, Practical [PSU]
# name 4 = scan: Scan Count
# name 5 = timeM: Time, Elapsed [minutes]
# name 6 = flag:  0.000e+00
# span 0 =      0.056,     40.773                 
# span 1 =     3.0595,     7.0569                 
# span 2 =   0.000031,   3.262549                 
# span 3 =     0.0007,    32.2246                 
# span 4 =         11,       1764                 
# span 5 =     0.0417,     7.3458                 
# span 6 = 0.0000e+00, 0.0000e+00                 
# interval = seconds: 0.25
# start_time = Mar 22 2024 06:24:47 [NMEA time, header]
# bad_flag = -9.990e-29
*END*
[from data line 411]
     29.139     7.0497   3.261711    32.0154        422     1.7542  0.000e+00
     29.240     7.0498   3.261728    32.0154        423     1.7583  0.000e+00
     29.333     7.0500   3.261752    32.0154        424     1.7625  0.000e+00
     29.429     7.0501   3.261740    32.0152        425     1.7667  0.000e+00
     29.522     7.0503   3.261769    32.0152        426     1.7708  0.000e+00
     29.619     7.0503   3.261769    32.0152        427     1.7750  0.000e+00
     29.716     7.0506   3.261811    32.0153        428     1.7792  0.000e+00
     29.824     7.0508   3.261811    32.0151        429     1.7833  0.000e+00
     29.939     7.0508   3.261770    32.0146        430     1.7875  0.000e+00
     30.050     7.0506   3.261811    32.0152        431     1.7917  0.000e+00
     30.169     7.0505   3.261811    32.0152        432     1.7958  0.000e+00
     30.297     7.0506   3.261811    32.0150        433     1.8000  0.000e+00
     30.421     7.0506   3.261834    32.0153        434     1.8042  0.000e+00
     30.539     7.0507   3.261811    32.0149        435     1.8083  0.000e+00
     30.660     7.0505   3.261811    32.0150        436     1.8125  0.000e+00
     30.773     7.0505   3.261799    32.0148        437     1.8167  0.000e+00
     30.883     7.0503   3.261793    32.0148        438     1.8208  0.000e+00
     30.990     7.0500   3.261811    32.0153        439     1.8250  0.000e+00
     31.093     7.0500   3.261752    32.0146        440     1.8292  0.000e+00
     31.195     7.0495   3.261711    32.0146        441     1.8333  0.000e+00
     31.305     7.0493   3.261711    32.0147        442     1.8375  0.000e+00
     31.416     7.0489   3.261711    32.0150        443     1.8417  0.000e+00
     31.521     7.0487   3.261752    32.0156        444     1.8458  0.000e+00
     31.637     7.0487   3.261770    32.0157        445     1.8500  0.000e+00
     31.754     7.0488   3.261794    32.0158        446     1.8542  0.000e+00
     31.876     7.0490   3.261729    32.0149        447     1.8583  0.000e+00
     31.997     7.0490   3.261723    32.0148        448     1.8625  0.000e+00
     32.125     7.0487   3.261729    32.0151        449     1.8667  0.000e+00
     32.248     7.0485   3.261753    32.0155        450     1.8708  0.000e+00
     32.372     7.0484   3.261770    32.0157        451     1.8750  0.000e+00
     32.498     7.0484   3.261770    32.0156        452     1.8792  0.000e+00
     32.626     7.0484   3.261794    32.0159        453     1.8833  0.000e+00
     32.752     7.0484   3.261794    32.0158        454     1.8875  0.000e+00
     32.874     7.0484   3.261794    32.0157        455     1.8917  0.000e+00
     32.989     7.0483   3.261794    32.0157        456     1.8958  0.000e+00
     33.106     7.0484   3.261794    32.0156        457     1.9000  0.000e+00
     33.217     7.0483   3.261835    32.0161        458     1.9042  0.000e+00
     33.327     7.0483   3.261812    32.0158        459     1.9083  0.000e+00
     33.440     7.0484   3.261818    32.0157        460     1.9125  0.000e+00
     33.542     7.0484   3.261835    32.0159        461     1.9167  0.000e+00
     33.650     7.0485   3.261835    32.0157        462     1.9208  0.000e+00
     33.751     7.0484   3.261853    32.0159        463     1.9250  0.000e+00
     33.846     7.0485   3.261894    32.0162        464     1.9292  0.000e+00
     33.949     7.0488   3.261894    32.0159        465     1.9333  0.000e+00
     34.044     7.0489   3.261912    32.0160        466     1.9375  0.000e+00
     34.143     7.0490   3.261912    32.0158        467     1.9417  0.000e+00
     34.236     7.0491   3.261935    32.0159        468     1.9458  0.000e+00
     34.342     7.0493   3.261977    32.0162        469     1.9500  0.000e+00
     34.445     7.0494   3.261977    32.0160        470     1.9542  0.000e+00
     34.553     7.0493   3.262018    32.0165        471     1.9583  0.000e+00
     34.664     7.0496   3.262071    32.0168        472     1.9625  0.000e+00
     34.777     7.0499   3.262100    32.0167        473     1.9667  0.000e+00
     34.892     7.0502   3.262100    32.0164        474     1.9708  0.000e+00
     35.009     7.0505   3.262141    32.0165        475     1.9750  0.000e+00
     35.124     7.0506   3.262141    32.0164        476     1.9792  0.000e+00
     35.245     7.0508   3.262141    32.0162        477     1.9833  0.000e+00
     35.365     7.0508   3.262077    32.0154        478     1.9875  0.000e+00
     35.476     7.0509   3.262159    32.0161        479     1.9917  0.000e+00
     35.588     7.0509   3.262183    32.0163        480     1.9958  0.000e+00
     35.706     7.0510   3.262200    32.0164        481     2.0000  0.000e+00
     35.818     7.0510   3.262200    32.0163        482     2.0042  0.000e+00
     35.933     7.0511   3.262206    32.0162        483     2.0083  0.000e+00
     36.050     7.0511   3.262142    32.0155        484     2.0125  0.000e+00
     36.165     7.0511   3.262201    32.0161        485     2.0167  0.000e+00
     36.289     7.0512   3.262224    32.0162        486     2.0208  0.000e+00
     36.416     7.0514   3.262224    32.0159        487     2.0250  0.000e+00
     36.540     7.0513   3.262242    32.0162        488     2.0292  0.000e+00
     36.664     7.0513   3.262224    32.0159        489     2.0333  0.000e+00
     36.788     7.0511   3.262224    32.0160        490     2.0375  0.000e+00
     36.912     7.0512   3.262242    32.0160        491     2.0417  0.000e+00
     37.038     7.0512   3.262242    32.0160        492     2.0458  0.000e+00
     37.162     7.0511   3.262260    32.0163        493     2.0500  0.000e+00
     37.280     7.0512   3.262242    32.0159        494     2.0542  0.000e+00
     37.401     7.0511   3.262266    32.0162        495     2.0583  0.000e+00
     37.518     7.0511   3.262301    32.0166        496     2.0625  0.000e+00
     37.633     7.0514   3.262301    32.0162        497     2.0667  0.000e+00
     37.742     7.0513   3.262301    32.0162        498     2.0708  0.000e+00
     37.861     7.0515   3.262301    32.0160        499     2.0750  0.000e+00
     37.978     7.0514   3.262301    32.0161        500     2.0792  0.000e+00
     38.088     7.0513   3.262301    32.0161        501     2.0833  0.000e+00
     38.197     7.0514   3.262342    32.0164        502     2.0875  0.000e+00
     38.303     7.0514   3.262325    32.0162        503     2.0917  0.000e+00
     38.409     7.0512   3.262325    32.0162        504     2.0958  0.000e+00
     38.506     7.0513   3.262342    32.0163        505     2.1000  0.000e+00
     38.603     7.0511   3.262301    32.0160        506     2.1042  0.000e+00
     38.699     7.0511   3.262307    32.0161        507     2.1083  0.000e+00
     38.799     7.0509   3.262301    32.0161        508     2.1125  0.000e+00
     38.902     7.0509   3.262301    32.0161        509     2.1167  0.000e+00
     39.001     7.0508   3.262325    32.0164        510     2.1208  0.000e+00
     39.107     7.0508   3.262343    32.0165        511     2.1250  0.000e+00
     39.220     7.0510   3.262343    32.0163        512     2.1292  0.000e+00
     39.342     7.0511   3.262366    32.0164        513     2.1333  0.000e+00
     39.463     7.0510   3.262384    32.0166        514     2.1375  0.000e+00
     39.594     7.0511   3.262425    32.0169        515     2.1417  0.000e+00
     39.729     7.0512   3.262425    32.0167        516     2.1458  0.000e+00
     39.860     7.0514   3.262425    32.0165        517     2.1500  0.000e+00
     39.993     7.0515   3.262443    32.0166        518     2.1542  0.000e+00
     40.124     7.0517   3.262466    32.0166        519     2.1583  0.000e+00
     40.250     7.0517   3.262466    32.0165        520     2.1625  0.000e+00
     40.376     7.0517   3.262466    32.0165        521     2.1667  0.000e+00
     40.492     7.0517   3.262490    32.0166        522     2.1708  0.000e+00
     40.616     7.0517   3.262490    32.0166        523     2.1750  0.000e+00
     40.692     7.0518   3.262490    32.0165        524     2.1792  0.000e+00
     40.755     7.0519   3.262531    32.0168        525     2.1833  0.000e+00
     40.773     7.0520   3.262549    32.0169        526     2.1875  0.000e+00
     40.749     7.0521   3.262549    32.0167        527     2.1917  0.000e+00
     40.701     7.0522   3.262531    32.0165        528     2.1958  0.000e+00
     40.667     7.0523   3.262531    32.0164        529     2.2000  0.000e+00
     40.631     7.0523   3.262519    32.0163        530     2.2042  0.000e+00
     40.624     7.0521   3.262531    32.0166        531     2.2083  0.000e+00
     40.600     7.0523   3.262490    32.0161        532     2.2125  0.000e+00
     40.563     7.0521   3.262466    32.0160        533     2.2167  0.000e+00
     40.539     7.0518   3.262449    32.0160        534     2.2208  0.000e+00
     40.514     7.0515   3.262466    32.0165        535     2.2250  0.000e+00
     40.487     7.0514   3.262466    32.0166        536     2.2292  0.000e+00
     40.464     7.0515   3.262466    32.0166        537     2.2333  0.000e+00
     40.435     7.0515   3.262490    32.0169        538     2.2375  0.000e+00
     40.392     7.0517   3.262490    32.0167        539     2.2417  0.000e+00
     40.358     7.0520   3.262531    32.0169        540     2.2458  0.000e+00
     40.327     7.0520   3.262519    32.0167        541     2.2500  0.000e+00
     40.298     7.0523   3.262531    32.0166        542     2.2542  0.000e+00
     40.268     7.0523   3.262449    32.0157        543     2.2583  0.000e+00
     40.244     7.0521   3.262449    32.0159        544     2.2625  0.000e+00
     40.219     7.0517   3.262490    32.0168        545     2.2667  0.000e+00
     40.194     7.0517   3.262466    32.0165        546     2.2708  0.000e+00
     40.163     7.0518   3.262407    32.0158        547     2.2750  0.000e+00
     40.137     7.0514   3.262407    32.0162        548     2.2792  0.000e+00
     40.099     7.0512   3.262407    32.0163        549     2.2833  0.000e+00
     40.056     7.0509   3.262384    32.0164        550     2.2875  0.000e+00
     40.005     7.0507   3.262384    32.0166        551     2.2917  0.000e+00
     39.959     7.0508   3.262402    32.0168        552     2.2958  0.000e+00
     39.910     7.0508   3.262366    32.0164        553     2.3000  0.000e+00
     39.865     7.0507   3.262343    32.0162        554     2.3042  0.000e+00
     39.813     7.0506   3.262366    32.0166        555     2.3083  0.000e+00
     39.754     7.0506   3.262384    32.0169        556     2.3125  0.000e+00
     39.694     7.0506   3.262343    32.0164        557     2.3167  0.000e+00
     39.635     7.0508   3.262407    32.0169        558     2.3208  0.000e+00
     39.576     7.0510   3.262407    32.0168        559     2.3250  0.000e+00
     39.509     7.0510   3.262366    32.0164        560     2.3292  0.000e+00
     39.448     7.0509   3.262384    32.0167        561     2.3333  0.000e+00
     39.391     7.0509   3.262366    32.0166        562     2.3375  0.000e+00
     39.328     7.0507   3.262301    32.0161        563     2.3417  0.000e+00
     39.274     7.0503   3.262307    32.0165        564     2.3458  0.000e+00
     39.214     7.0500   3.262284    32.0165        565     2.3500  0.000e+00
     39.155     7.0500   3.262301    32.0167        566     2.3542  0.000e+00
     39.098     7.0500   3.262301    32.0168        567     2.3583  0.000e+00
     39.042     7.0500   3.262301    32.0169        568     2.3625  0.000e+00
     38.977     7.0501   3.262325    32.0170        569     2.3667  0.000e+00
     38.907     7.0501   3.262325    32.0171        570     2.3708  0.000e+00
     38.835     7.0502   3.262325    32.0170        571     2.3750  0.000e+00
     38.751     7.0502   3.262325    32.0170        572     2.3792  0.000e+00
     38.668     7.0503   3.262325    32.0170        573     2.3833  0.000e+00
     38.582     7.0502   3.262284    32.0167        574     2.3875  0.000e+00
     38.496     7.0501   3.262284    32.0168        575     2.3917  0.000e+00
     38.413     7.0502   3.262266    32.0166        576     2.3958  0.000e+00
     38.325     7.0502   3.262260    32.0166        577     2.4000  0.000e+00
     38.240     7.0500   3.262260    32.0168        578     2.4042  0.000e+00
     38.161     7.0500   3.262225    32.0164        579     2.4083  0.000e+00
     38.091     7.0499   3.262225    32.0166        580     2.4125  0.000e+00
     38.026     7.0496   3.262242    32.0171        581     2.4167  0.000e+00
     37.956     7.0497   3.262283    32.0174        582     2.4208  0.000e+00
     37.902     7.0499   3.262283    32.0173        583     2.4250  0.000e+00
     37.843     7.0501   3.262242    32.0167        584     2.4292  0.000e+00
     37.782     7.0503   3.262142    32.0154        585     2.4333  0.000e+00
     37.728     7.0500   3.262242    32.0168        586     2.4375  0.000e+00
     37.676     7.0499   3.262230    32.0168        587     2.4417  0.000e+00
     37.611     7.0499   3.262242    32.0169        588     2.4458  0.000e+00
     37.548     7.0499   3.262160    32.0161        589     2.4500  0.000e+00
     37.485     7.0497   3.262160    32.0163        590     2.4542  0.000e+00
     37.423     7.0493   3.262183    32.0169        591     2.4583  0.000e+00
     37.358     7.0493   3.262201    32.0172        592     2.4625  0.000e+00
     37.286     7.0495   3.262183    32.0168        593     2.4667  0.000e+00
     37.218     7.0496   3.262183    32.0168        594     2.4708  0.000e+00
     37.151     7.0497   3.262201    32.0169        595     2.4750  0.000e+00
     37.081     7.0497   3.261690    32.0113        596     2.4792  0.000e+00
     37.009     7.0497   3.262142    32.0163        597     2.4833  0.000e+00
     36.937     7.0494   3.262183    32.0171        598     2.4875  0.000e+00
     36.876     7.0496   3.262207    32.0172        599     2.4917  0.000e+00
     36.806     7.0497   3.262183    32.0168        600     2.4958  0.000e+00
     36.734     7.0499   3.262142    32.0163        601     2.5000  0.000e+00
     36.673     7.0495   3.262142    32.0167        602     2.5042  0.000e+00
     36.614     7.0495   3.262118    32.0165        603     2.5083  0.000e+00
     36.558     7.0493   3.262160    32.0171        604     2.5125  0.000e+00
     36.502     7.0494   3.262183    32.0173        605     2.5167  0.000e+00
     36.443     7.0498   3.262201    32.0171        606     2.5208  0.000e+00
     36.393     7.0501   3.262183    32.0167        607     2.5250  0.000e+00
     36.341     7.0502   3.262201    32.0168        608     2.5292  0.000e+00
     36.290     7.0502   3.262183    32.0166        609     2.5333  0.000e+00
     36.234     7.0502   3.262189    32.0168        610     2.5375  0.000e+00
     36.188     7.0502   3.262201    32.0169        611     2.5417  0.000e+00
     36.130     7.0503   3.262183    32.0166        612     2.5458  0.000e+00
     36.076     7.0503   3.262183    32.0166        613     2.5500  0.000e+00
     36.019     7.0503   3.262183    32.0167        614     2.5542  0.000e+00
     35.947     7.0503   3.262159    32.0165        615     2.5583  0.000e+00
     35.884     7.0503   3.262159    32.0165        616     2.5625  0.000e+00
     35.807     7.0502   3.262159    32.0166        617     2.5667  0.000e+00
     35.742     7.0503   3.262183    32.0168        618     2.5708  0.000e+00
     35.675     7.0505   3.262242    32.0173        619     2.5750  0.000e+00
     35.609     7.0508   3.262183    32.0164        620     2.5792  0.000e+00
     35.544     7.0508   3.262200    32.0166        621     2.5833  0.000e+00
     35.488     7.0509   3.262230    32.0169        622     2.5875  0.000e+00
     35.429     7.0509   3.262183    32.0164        623     2.5917  0.000e+00
     35.375     7.0509   3.262200    32.0166        624     2.5958  0.000e+00
     35.327     7.0508   3.262200    32.0167        625     2.6000  0.000e+00
