HB2402/sbe046.cnv
* Sea-Bird SBE 19plus V2 Data File:
* FileName = C:\cruise\data\sbe046.hex
* Software Version Seasave V 7.26.7.121
* Temperature SN = 7142
* Conductivity SN = 7142
* System UpLoad Time = Apr 02 2024 22:41:55
* NMEA Latitude = 40 04.24 N
* NMEA Longitude = 072 27.24 W
* NMEA UTC (Time) = Apr 02 2024  22:41:12
** Ship: Bigelow
** Cruise:  HB2304
** Program:  Fall Bottom Trawl
# nquan = 7
# nvalues = 1428                                  
# units = specified
# name 0 = depSM: Depth [salt water, m]
# name 1 = tv290C: Temperature [ITS-90, deg C]
# name 2 = c0S/m: Conductivity [S/m]
# name 3 = sal00: Salinity, Practical [PSU]
# name 4 = scan: Scan Count
# name 5 = timeM: Time, Elapsed [minutes]
# name 6 = flag:  0.000e+00
# span 0 =     -0.114,     58.404                 
# span 1 =     6.1737,     6.9247                 
# span 2 =  -0.000005,   3.212226                 
# span 3 =     0.0000,    32.1688                 
# span 4 =         11,       1438                 
# span 5 =     0.0417,     5.9875                 
# span 6 = 0.0000e+00, 0.0000e+00                 
# interval = seconds: 0.25
# start_time = Apr 02 2024 22:41:12 [NMEA time, header]
# bad_flag = -9.990e-29
*END*
[from data line 616]
     51.584     6.2146   3.196945    32.0746        627     2.6083  0.000e+00
     51.460     6.2129   3.196863    32.0754        628     2.6125  0.000e+00
     51.358     6.2118   3.196647    32.0740        629     2.6167  0.000e+00
     51.274     6.2105   3.196344    32.0719        630     2.6208  0.000e+00
     51.207     6.2091   3.196169    32.0713        631     2.6250  0.000e+00
     51.158     6.2076   3.196046    32.0714        632     2.6292  0.000e+00
     51.124     6.2064   3.195988    32.0719        633     2.6333  0.000e+00
     51.101     6.2058   3.195930    32.0718        634     2.6375  0.000e+00
     51.072     6.2054   3.195848    32.0714        635     2.6417  0.000e+00
     51.040     6.2047   3.195743    32.0708        636     2.6458  0.000e+00
     51.006     6.2042   3.195568    32.0694        637     2.6500  0.000e+00
     50.957     6.2037   3.195469    32.0688        638     2.6542  0.000e+00
     50.907     6.2029   3.195353    32.0683        639     2.6583  0.000e+00
     50.846     6.2024   3.195288    32.0681        640     2.6625  0.000e+00
     50.785     6.2021   3.195230    32.0678        641     2.6667  0.000e+00
     50.716     6.2018   3.195172    32.0674        642     2.6708  0.000e+00
     50.635     6.2018   3.195049    32.0661        643     2.6750  0.000e+00
     50.551     6.2017   3.194950    32.0651        644     2.6792  0.000e+00
     50.454     6.2018   3.194851    32.0639        645     2.6833  0.000e+00
     50.339     6.2022   3.194793    32.0630        646     2.6875  0.000e+00
     50.217     6.2033   3.194460    32.0583        647     2.6917  0.000e+00
     50.078     6.2049   3.193382    32.0449        648     2.6958  0.000e+00
     49.924     6.2036   3.192327    32.0345        649     2.7000  0.000e+00
     49.746     6.1997   3.191511    32.0292        650     2.7042  0.000e+00
     49.562     6.1956   3.190794    32.0252        651     2.7083  0.000e+00
     49.386     6.1924   3.190579    32.0259        652     2.7125  0.000e+00
     49.194     6.1901   3.190159    32.0235        653     2.7167  0.000e+00
     49.009     6.1884   3.189641    32.0194        654     2.7208  0.000e+00
     48.843     6.1866   3.189006    32.0141        655     2.7250  0.000e+00
     48.684     6.1844   3.188668    32.0125        656     2.7292  0.000e+00
     48.549     6.1822   3.188522    32.0130        657     2.7333  0.000e+00
     48.430     6.1807   3.188411    32.0132        658     2.7375  0.000e+00
     48.344     6.1795   3.188330    32.0135        659     2.7417  0.000e+00
     48.281     6.1791   3.188231    32.0128        660     2.7458  0.000e+00
     48.243     6.1787   3.188091    32.0116        661     2.7500  0.000e+00
     48.211     6.1782   3.187893    32.0099        662     2.7542  0.000e+00
     48.195     6.1777   3.187637    32.0076        663     2.7583  0.000e+00
     48.187     6.1770   3.187456    32.0062        664     2.7625  0.000e+00
     48.178     6.1763   3.187380    32.0060        665     2.7667  0.000e+00
     48.160     6.1757   3.187246    32.0051        666     2.7708  0.000e+00
     48.126     6.1752   3.187083    32.0038        667     2.7750  0.000e+00
     48.076     6.1745   3.186984    32.0034        668     2.7792  0.000e+00
     48.004     6.1739   3.186920    32.0032        669     2.7833  0.000e+00
     47.912     6.1737   3.186903    32.0033        670     2.7875  0.000e+00
     47.805     6.1738   3.186885    32.0031        671     2.7917  0.000e+00
     47.670     6.1741   3.186786    32.0017        672     2.7958  0.000e+00
     47.528     6.1743   3.186705    32.0007        673     2.8000  0.000e+00
     47.373     6.1743   3.186681    32.0006        674     2.8042  0.000e+00
     47.213     6.1742   3.186640    32.0003        675     2.8083  0.000e+00
     47.053     6.1742   3.186605    31.9999        676     2.8125  0.000e+00
     46.908     6.1744   3.186582    31.9996        677     2.8167  0.000e+00
     46.757     6.1748   3.186565    31.9991        678     2.8208  0.000e+00
     46.615     6.1751   3.186564    31.9989        679     2.8250  0.000e+00
     46.487     6.1753   3.186623    31.9994        680     2.8292  0.000e+00
     46.372     6.1756   3.186663    31.9996        681     2.8333  0.000e+00
     46.270     6.1763   3.186663    31.9990        682     2.8375  0.000e+00
     46.167     6.1767   3.186663    31.9986        683     2.8417  0.000e+00
     46.097     6.1770   3.186704    31.9988        684     2.8458  0.000e+00
     46.036     6.1775   3.186681    31.9982        685     2.8500  0.000e+00
     45.980     6.1778   3.186721    31.9984        686     2.8542  0.000e+00
     45.934     6.1779   3.186745    31.9986        687     2.8583  0.000e+00
     45.892     6.1783   3.186721    31.9980        688     2.8625  0.000e+00
     45.860     6.1782   3.186745    31.9983        689     2.8667  0.000e+00
     45.815     6.1783   3.186721    31.9980        690     2.8708  0.000e+00
     45.772     6.1783   3.186745    31.9982        691     2.8750  0.000e+00
     45.712     6.1785   3.186745    31.9981        692     2.8792  0.000e+00
     45.644     6.1787   3.186785    31.9984        693     2.8833  0.000e+00
     45.569     6.1788   3.186681    31.9971        694     2.8875  0.000e+00
     45.482     6.1785   3.186681    31.9975        695     2.8917  0.000e+00
     45.382     6.1783   3.186820    31.9993        696     2.8958  0.000e+00
     45.276     6.1790   3.186902    31.9996        697     2.9000  0.000e+00
     45.162     6.1799   3.187082    32.0008        698     2.9042  0.000e+00
     45.040     6.1815   3.187280    32.0016        699     2.9083  0.000e+00
     44.911     6.1834   3.187397    32.0011        700     2.9125  0.000e+00
     44.790     6.1855   3.187420    31.9995        701     2.9167  0.000e+00
     44.672     6.1872   3.188253    32.0071        702     2.9208  0.000e+00
     44.562     6.1911   3.188562    32.0070        703     2.9250  0.000e+00
     44.451     6.1958   3.188591    32.0029        704     2.9292  0.000e+00
     44.343     6.1991   3.188649    32.0005        705     2.9333  0.000e+00
     44.253     6.2010   3.188608    31.9983        706     2.9375  0.000e+00
     44.158     6.2019   3.188649    31.9980        707     2.9417  0.000e+00
     44.073     6.2022   3.188765    31.9990        708     2.9458  0.000e+00
     43.983     6.2030   3.188788    31.9985        709     2.9500  0.000e+00
     43.888     6.2037   3.188829    31.9984        710     2.9542  0.000e+00
     43.797     6.2044   3.188963    31.9992        711     2.9583  0.000e+00
     43.708     6.2055   3.189085    31.9997        712     2.9625  0.000e+00
     43.610     6.2067   3.189144    31.9992        713     2.9667  0.000e+00
     43.511     6.2079   3.189342    32.0003        714     2.9708  0.000e+00
     43.419     6.2096   3.189481    32.0003        715     2.9750  0.000e+00
     43.317     6.2116   3.189580    31.9996        716     2.9792  0.000e+00
     43.227     6.2134   3.189662    31.9988        717     2.9833  0.000e+00
     43.139     6.2152   3.189761    31.9983        718     2.9875  0.000e+00
     43.056     6.2170   3.189778    31.9968        719     2.9917  0.000e+00
     42.972     6.2185   3.189802    31.9958        720     2.9958  0.000e+00
     42.901     6.2193   3.189802    31.9950        721     3.0000  0.000e+00
     42.839     6.2197   3.189796    31.9946        722     3.0042  0.000e+00
     42.788     6.2199   3.189819    31.9947        723     3.0083  0.000e+00
     42.740     6.2203   3.189836    31.9946        724     3.0125  0.000e+00
     42.700     6.2207   3.189918    31.9950        725     3.0167  0.000e+00
     42.655     6.2213   3.189941    31.9948        726     3.0208  0.000e+00
     42.614     6.2218   3.189976    31.9947        727     3.0250  0.000e+00
     42.571     6.2223   3.189976    31.9943        728     3.0292  0.000e+00
     42.510     6.2225   3.190000    31.9944        729     3.0333  0.000e+00
     42.434     6.2227   3.190040    31.9947        730     3.0375  0.000e+00
     42.355     6.2232   3.182440    31.9099        731     3.0417  0.000e+00
     42.256     6.2237   3.190087    31.9944        732     3.0458  0.000e+00
     42.143     6.2241   3.190139    31.9946        733     3.0500  0.000e+00
     42.030     6.2246   3.190215    31.9950        734     3.0542  0.000e+00
     41.904     6.2254   3.190256    31.9948        735     3.0583  0.000e+00
     41.771     6.2259   3.190296    31.9948        736     3.0625  0.000e+00
     41.638     6.2266   3.190296    31.9942        737     3.0667  0.000e+00
     41.509     6.2273   3.190337    31.9941        738     3.0708  0.000e+00
     41.377     6.2277   3.190314    31.9935        739     3.0750  0.000e+00
     41.250     6.2280   3.190314    31.9933        740     3.0792  0.000e+00
     41.128     6.2281   3.190314    31.9932        741     3.0833  0.000e+00
     41.016     6.2281   3.190314    31.9933        742     3.0875  0.000e+00
     40.899     6.2282   3.190337    31.9935        743     3.0917  0.000e+00
     40.797     6.2285   3.190378    31.9938        744     3.0958  0.000e+00
     40.693     6.2287   3.190413    31.9940        745     3.1000  0.000e+00
     40.596     6.2293   3.190413    31.9935        746     3.1042  0.000e+00
     40.500     6.2297   3.190413    31.9932        747     3.1083  0.000e+00
     40.412     6.2298   3.190436    31.9933        748     3.1125  0.000e+00
     40.333     6.2301   3.190378    31.9924        749     3.1167  0.000e+00
     40.258     6.2301   3.190354    31.9923        750     3.1208  0.000e+00
     40.189     6.2300   3.190337    31.9922        751     3.1250  0.000e+00
     40.123     6.2300   3.190255    31.9913        752     3.1292  0.000e+00
     40.065     6.2298   3.190139    31.9902        753     3.1333  0.000e+00
     40.001     6.2291   3.190115    31.9906        754     3.1375  0.000e+00
     39.941     6.2285   3.190016    31.9902        755     3.1417  0.000e+00
     39.875     6.2277   3.189859    31.9892        756     3.1458  0.000e+00
     39.805     6.2267   3.189719    31.9886        757     3.1500  0.000e+00
     39.733     6.2255   3.189579    31.9883        758     3.1542  0.000e+00
     39.652     6.2243   3.189480    31.9883        759     3.1583  0.000e+00
     39.568     6.2232   3.189422    31.9887        760     3.1625  0.000e+00
     39.472     6.2223   3.189352    31.9888        761     3.1667  0.000e+00
     39.377     6.2220   3.189381    31.9895        762     3.1708  0.000e+00
     39.275     6.2217   3.189299    31.9889        763     3.1750  0.000e+00
     39.178     6.2213   3.189142    31.9876        764     3.1792  0.000e+00
     39.075     6.2208   3.189002    31.9866        765     3.1833  0.000e+00
     38.987     6.2200   3.188961    31.9869        766     3.1875  0.000e+00
     38.902     6.2192   3.188961    31.9877        767     3.1917  0.000e+00
     38.829     6.2188   3.188664    31.9848        768     3.1958  0.000e+00
     38.755     6.2179   3.188624    31.9853        769     3.2000  0.000e+00
     38.705     6.2166   3.188589    31.9861        770     3.2042  0.000e+00
     38.647     6.2159   3.188559    31.9865        771     3.2083  0.000e+00
     38.586     6.2152   3.188490    31.9863        772     3.2125  0.000e+00
     38.525     6.2150   3.188425    31.9859        773     3.2167  0.000e+00
     38.459     6.2145   3.188309    31.9850        774     3.2208  0.000e+00
     38.381     6.2138   3.188268    31.9853        775     3.2250  0.000e+00
     38.299     6.2134   3.188291    31.9860        776     3.2292  0.000e+00
     38.202     6.2133   3.188291    31.9861        777     3.2333  0.000e+00
     38.090     6.2134   3.188227    31.9854        778     3.2375  0.000e+00
     37.968     6.2133   3.188227    31.9855        779     3.2417  0.000e+00
     37.830     6.2134   3.188221    31.9854        780     3.2458  0.000e+00
     37.693     6.2136   3.188169    31.9848        781     3.2500  0.000e+00
     37.558     6.2136   3.188052    31.9835        782     3.2542  0.000e+00
     37.434     6.2136   3.187691    31.9796        783     3.2583  0.000e+00
     37.314     6.2128   3.186759    31.9700        784     3.2625  0.000e+00
     37.210     6.2104   3.186107    31.9651        785     3.2667  0.000e+00
     37.118     6.2070   3.185647    31.9633        786     3.2708  0.000e+00
     37.048     6.2033   3.185490    31.9649        787     3.2750  0.000e+00
     36.983     6.1999   3.185333    31.9665        788     3.2792  0.000e+00
     36.924     6.1974   3.185175    31.9671        789     3.2833  0.000e+00
     36.868     6.1955   3.185135    31.9684        790     3.2875  0.000e+00
     36.812     6.1942   3.185111    31.9695        791     3.2917  0.000e+00
     36.762     6.1931   3.185094    31.9703        792     3.2958  0.000e+00
     36.690     6.1925   3.185036    31.9703        793     3.3000  0.000e+00
     36.620     6.1923   3.185036    31.9705        794     3.3042  0.000e+00
     36.541     6.1926   3.185035    31.9702        795     3.3083  0.000e+00
     36.460     6.1935   3.185035    31.9694        796     3.3125  0.000e+00
     36.367     6.1945   3.185035    31.9685        797     3.3167  0.000e+00
     36.257     6.1955   3.185047    31.9678        798     3.3208  0.000e+00
     36.153     6.1967   3.185012    31.9663        799     3.3250  0.000e+00
     36.050     6.1980   3.185012    31.9652        800     3.3292  0.000e+00
     35.950     6.1997   3.185012    31.9636        801     3.3333  0.000e+00
     35.854     6.2012   3.184994    31.9620        802     3.3375  0.000e+00
     35.768     6.2025   3.184977    31.9606        803     3.3417  0.000e+00
     35.689     6.2034   3.184913    31.9591        804     3.3458  0.000e+00
     35.621     6.2043   3.185035    31.9596        805     3.3500  0.000e+00
     35.558     6.2053   3.184994    31.9583        806     3.3542  0.000e+00
     35.504     6.2064   3.184983    31.9571        807     3.3583  0.000e+00
     35.454     6.2074   3.184913    31.9555        808     3.3625  0.000e+00
     35.409     6.2084   3.185012    31.9556        809     3.3667  0.000e+00
     35.364     6.2104   3.185052    31.9543        810     3.3708  0.000e+00
     35.322     6.2123   3.185052    31.9525        811     3.3750  0.000e+00
     35.276     6.2134   3.185151    31.9525        812     3.3792  0.000e+00
     35.227     6.2145   3.185093    31.9509        813     3.3833  0.000e+00
     35.171     6.2154   3.185175    31.9510        814     3.3875  0.000e+00
     35.101     6.2162   3.185506    31.9540        815     3.3917  0.000e+00
     35.017     6.2185   3.185646    31.9534        816     3.3958  0.000e+00
     34.927     6.2213   3.185669    31.9511        817     3.4000  0.000e+00
     34.826     6.2231   3.185687    31.9496        818     3.4042  0.000e+00
     34.715     6.2246   3.185943    31.9511        819     3.4083  0.000e+00
     34.589     6.2267   3.186141    31.9513        820     3.4125  0.000e+00
     34.467     6.2296   3.186065    31.9479        821     3.4167  0.000e+00
     34.346     6.2309   3.186543    31.9520        822     3.4208  0.000e+00
     34.217     6.2339   3.186560    31.9495        823     3.4250  0.000e+00
     34.106     6.2366   3.186781    31.9495        824     3.4292  0.000e+00
     34.001     6.2392   3.186839    31.9477        825     3.4333  0.000e+00
     33.906     6.2414   3.186857    31.9459        826     3.4375  0.000e+00
     33.834     6.2432   3.186839    31.9440        827     3.4417  0.000e+00
     33.768     6.2443   3.186700    31.9414        828     3.4458  0.000e+00
     33.719     6.2443   3.186601    31.9403        829     3.4500  0.000e+00
     33.678     6.2434   3.186577    31.9410        830     3.4542  0.000e+00
