HB2402/sbe063.cnv
* Sea-Bird SBE 19plus V2 Data File:
* FileName = C:\cruise\data\sbe063.hex
* Software Version Seasave V 7.26.7.121
* Temperature SN = 7037
* Conductivity SN = 7037
* System UpLoad Time = Apr 08 2024 21:37:31
* NMEA Latitude = 40 12.35 N
* NMEA Longitude = 070 26.63 W
* NMEA UTC (Time) = Apr 08 2024  21:36:55
** Ship: Bigelow
** Cruise:  HB2304
** Program:  Fall Bottom Trawl
# nquan = 8
# nvalues = 2626                                  
# units = specified
# name 0 = depSM: Depth [salt water, m]
# name 1 = tv290C: Temperature [ITS-90, deg C]
# name 2 = c0S/m: Conductivity [S/m]
# name 3 = sal00: Salinity, Practical [PSU]
# name 4 = scan: Scan Count
# name 5 = timeM: Time, Elapsed [minutes]
# name 6 = sbeox0V: Oxygen raw, SBE 43 [V]
# name 7 = flag:  0.000e+00
# span 0 =     -0.012,    112.477                 
# span 1 =     5.5480,     9.2703                 
# span 2 =   0.000057,   3.647109                 
# span 3 =     0.0034,    34.0552                 
# span 4 =         11,       2636                 
# span 5 =     0.0417,    10.9792                 
# span 6 =     2.0185,     2.4738                 
# span 7 = 0.0000e+00, 0.0000e+00                 
# interval = seconds: 0.25
# start_time = Apr 08 2024 21:36:55 [NMEA time, header]
# bad_flag = -9.990e-29
*END*
[from data line 180]
      0.036     7.2331   0.000063     0.0035        191     0.7917     2.4218  0.000e+00
      0.033     7.2330   0.000068     0.0035        192     0.7958     2.4220  0.000e+00
      0.035     7.2325   0.000063     0.0035        193     0.8000     2.4237  0.000e+00
      0.035     7.2316   0.000063     0.0035        194     0.8042     2.4224  0.000e+00
      0.027     7.2313   0.000063     0.0035        195     0.8083     2.4234  0.000e+00
      0.027     7.2316   0.000065     0.0035        196     0.8125     2.4233  0.000e+00
      0.015     7.2324   0.000068     0.0035        197     0.8167     2.4224  0.000e+00
      0.016     7.2333   0.000063     0.0035        198     0.8208     2.4235  0.000e+00
      0.022     7.2345   0.000057     0.0035        199     0.8250     2.4237  0.000e+00
      0.029     7.2356   0.000063     0.0035        200     0.8292     2.4232  0.000e+00
      0.036     7.2366   0.000063     0.0035        201     0.8333     2.4229  0.000e+00
      0.031     7.2371   0.000068     0.0035        202     0.8375     2.4225  0.000e+00
      0.022     7.2378   0.000065     0.0035        203     0.8417     2.4224  0.000e+00
      0.027     7.2386   0.000063     0.0035        204     0.8458     2.4227  0.000e+00
      0.029     7.2393   0.000068     0.0035        205     0.8500     2.4234  0.000e+00
      0.033     7.2399   0.000063     0.0035        206     0.8542     2.4241  0.000e+00
      0.027     7.2406   0.000068     0.0035        207     0.8583     2.4233  0.000e+00
      0.029     7.2411   0.000068     0.0035        208     0.8625     2.4238  0.000e+00
      0.031     7.2415   0.000063     0.0035        209     0.8667     2.4231  0.000e+00
      0.022     7.2421   0.000065     0.0035        210     0.8708     2.4227  0.000e+00
      0.020     7.2428   0.000063     0.0035        211     0.8750     2.4236  0.000e+00
      0.024     7.2436   0.000068     0.0035        212     0.8792     2.4248  0.000e+00
      0.027     7.2446   0.000063     0.0035        213     0.8833     2.4237  0.000e+00
      0.027     7.2456   0.000068     0.0035        214     0.8875     2.4228  0.000e+00
      0.025     7.2464   0.000068     0.0035        215     0.8917     2.4221  0.000e+00
      0.024     7.2472   0.000065     0.0035        216     0.8958     2.4221  0.000e+00
      0.024     7.2481   0.000063     0.0035        217     0.9000     2.4221  0.000e+00
      0.024     7.2486   0.000063     0.0035        218     0.9042     2.4237  0.000e+00
      0.020     7.2494   0.000068     0.0035        219     0.9083     2.4211  0.000e+00
      0.020     7.2501   0.000063     0.0035        220     0.9125     2.4214  0.000e+00
      0.022     7.2507   0.000068     0.0035        221     0.9167     2.4231  0.000e+00
      0.020     7.2513   0.000063     0.0035        222     0.9208     2.4217  0.000e+00
      0.011     7.2516   0.000063     0.0035        223     0.9250     2.4238  0.000e+00
      0.020     7.2519   0.000063     0.0035        224     0.9292     2.4245  0.000e+00
      0.027     7.2523   0.000068     0.0035        225     0.9333     2.4228  0.000e+00
      0.043     7.2524   0.000063     0.0035        226     0.9375     2.4236  0.000e+00
      0.029     7.2527   0.000063     0.0035        227     0.9417     2.4218  0.000e+00
      0.029     7.2528   0.000068     0.0035        228     0.9458     2.4221  0.000e+00
      0.038     7.2529   0.000063     0.0035        229     0.9500     2.4215  0.000e+00
      0.031     7.2530   0.000063     0.0035        230     0.9542     2.4224  0.000e+00
      0.026     7.2530   0.000063     0.0035        231     0.9583     2.4233  0.000e+00
      0.027     7.2527   0.000068     0.0035        232     0.9625     2.4238  0.000e+00
      0.033     7.2525   0.000063     0.0035        233     0.9667     2.4235  0.000e+00
      0.017     7.2521   0.000068     0.0035        234     0.9708     2.4217  0.000e+00
      0.020     7.2521   0.000068     0.0035        235     0.9750     2.4237  0.000e+00
      0.027     7.2520   0.000065     0.0035        236     0.9792     2.4222  0.000e+00
      0.033     7.2520   0.000068     0.0035        237     0.9833     2.4238  0.000e+00
      0.031     7.2518   0.000063     0.0035        238     0.9875     2.4232  0.000e+00
      0.025     7.2514   0.000063     0.0035        239     0.9917     2.4244  0.000e+00
      0.024     7.2513   0.000063     0.0035        240     0.9958     2.4211  0.000e+00
      0.020     7.2513   0.000063     0.0035        241     1.0000     2.4235  0.000e+00
      0.020     7.2516   0.000065     0.0035        242     1.0042     2.4239  0.000e+00
      0.024     7.2518   0.000063     0.0035        243     1.0083     2.4212  0.000e+00
      0.029     7.2521   0.000068     0.0035        244     1.0125     2.4209  0.000e+00
      0.031     7.2522   0.000068     0.0035        245     1.0167     2.4224  0.000e+00
      0.027     7.2523   0.000068     0.0035        246     1.0208     2.4218  0.000e+00
      0.024     7.2523   0.000068     0.0035        247     1.0250     2.4218  0.000e+00
      0.027     7.2523   0.000068     0.0035        248     1.0292     2.4224  0.000e+00
      0.031     7.2524   0.000065     0.0035        249     1.0333     2.4238  0.000e+00
      0.027     7.2523   0.000068     0.0035        250     1.0375     2.4229  0.000e+00
      0.025     7.2524   0.000063     0.0035        251     1.0417     2.4211  0.000e+00
      0.027     7.2522   0.000068     0.0035        252     1.0458     2.4241  0.000e+00
      0.029     7.2523   0.000063     0.0035        253     1.0500     2.4232  0.000e+00
      0.035     7.2522   0.000063     0.0035        254     1.0542     2.4223  0.000e+00
      0.018     7.2520   0.000063     0.0035        255     1.0583     2.4229  0.000e+00
      0.015     7.2521   0.000063     0.0035        256     1.0625     2.4219  0.000e+00
      0.024     7.2521   0.000068     0.0035        257     1.0667     2.4228  0.000e+00
      0.029     7.2521   0.000068     0.0035        258     1.0708     2.4240  0.000e+00
      0.027     7.2521   0.000063     0.0035        259     1.0750     2.4235  0.000e+00
      0.035     7.2519   0.000063     0.0035        260     1.0792     2.4241  0.000e+00
      0.020     7.2521   0.000068     0.0035        261     1.0833     2.4229  0.000e+00
      0.020     7.2523   0.000063     0.0035        262     1.0875     2.4212  0.000e+00
      0.026     7.2524   0.000073     0.0036        263     1.0917     2.4229  0.000e+00
      0.201     7.2526   0.000073     0.0036        264     1.0958     2.4205  0.000e+00
      0.468     7.2560   0.000073     0.0036        265     1.1000     2.4099  0.000e+00
      0.692     7.2622   0.534489     4.4799        266     1.1042     2.4048  0.000e+00
      0.898     7.2632   2.032758    18.9317        267     1.1083     2.4053  0.000e+00
      1.057     7.1790   1.283202    11.5129        268     1.1125     2.4035  0.000e+00
      1.178     7.0021   1.481620    13.5223        269     1.1167     2.4032  0.000e+00
      1.272     6.8522   1.908933    17.8891        270     1.1208     2.4002  0.000e+00
      1.379     6.7341   2.959851    29.0324        271     1.1250     2.3973  0.000e+00
      1.496     6.6470   2.919207    28.6655        272     1.1292     2.3920  0.000e+00
      1.650     6.5812   2.784028    27.2581        273     1.1333     2.3844  0.000e+00
      1.814     6.5330   2.747631    26.9038        274     1.1375     2.3768  0.000e+00
      1.962     6.5032   3.150255    31.3136        275     1.1417     2.3680  0.000e+00
      2.118     6.4820   3.164313    31.4877        276     1.1458     2.3574  0.000e+00
      2.268     6.4681   3.164429    31.5018        277     1.1500     2.3462  0.000e+00
      2.407     6.4586   3.165517    31.5224        278     1.1542     2.3372  0.000e+00
      2.522     6.4522   3.164412    31.5162        279     1.1583     2.3269  0.000e+00
      2.595     6.4488   3.162816    31.5017        280     1.1625     2.3165  0.000e+00
      2.633     6.4388   3.160823    31.4889        281     1.1667     2.3054  0.000e+00
      2.664     6.4181   3.162911    31.5310        282     1.1708     2.2938  0.000e+00
      2.682     6.4022   3.170094    31.6251        283     1.1750     2.2821  0.000e+00
      2.696     6.3925   3.174224    31.6797        284     1.1792     2.2709  0.000e+00
      2.707     6.3926   3.176779    31.7079        285     1.1833     2.2593  0.000e+00
      2.738     6.4022   3.174323    31.6718        286     1.1875     2.2478  0.000e+00
      2.801     6.4043   3.173494    31.6606        287     1.1917     2.2360  0.000e+00
      2.906     6.4031   3.179374    31.7266        288     1.1958     2.2229  0.000e+00
      3.038     6.3969   3.182546    31.7674        289     1.2000     2.2114  0.000e+00
      3.199     6.3785   3.185088    31.8125        290     1.2042     2.2011  0.000e+00
      3.367     6.3610   3.186916    31.8491        291     1.2083     2.1909  0.000e+00
      3.535     6.3508   3.186440    31.8532        292     1.2125     2.1834  0.000e+00
      3.704     6.3470   3.184158    31.8315        293     1.2167     2.1771  0.000e+00
      3.869     6.3478   3.183460    31.8229        294     1.2208     2.1753  0.000e+00
      4.019     6.3514   3.183106    31.8156        295     1.2250     2.1743  0.000e+00
      4.152     6.3536   3.183599    31.8189        296     1.2292     2.1720  0.000e+00
      4.270     6.3469   3.184812    31.8386        297     1.2333     2.1705  0.000e+00
      4.319     6.3237   3.188606    31.9022        298     1.2375     2.1693  0.000e+00
      4.315     6.2893   3.190873    31.9596        299     1.2417     2.1669  0.000e+00
      4.283     6.2526   3.192270    32.0097        300     1.2458     2.1643  0.000e+00
      4.261     6.2208   3.194005    32.0590        301     1.2500     2.1615  0.000e+00
      4.263     6.1974   3.193562    32.0761        302     1.2542     2.1598  0.000e+00
      4.281     6.1796   3.192636    32.0826        303     1.2583     2.1589  0.000e+00
      4.324     6.1891   3.190358    32.0483        304     1.2625     2.1590  0.000e+00
      4.369     6.2281   3.190519    32.0133        305     1.2667     2.1605  0.000e+00
      4.434     6.2674   3.190817    31.9795        306     1.2708     2.1640  0.000e+00
      4.536     6.2964   3.192546    31.9714        307     1.2750     2.1686  0.000e+00
      4.648     6.3153   3.192907    31.9576        308     1.2792     2.1727  0.000e+00
      4.770     6.3294   3.193782    31.9540        309     1.2833     2.1754  0.000e+00
      4.897     6.3401   3.194919    31.9566        310     1.2875     2.1787  0.000e+00
      5.011     6.3476   3.196172    31.9633        311     1.2917     2.1788  0.000e+00
      5.099     6.3535   3.197309    31.9703        312     1.2958     2.1795  0.000e+00
      5.177     6.3579   3.197370    31.9668        313     1.3000     2.1791  0.000e+00
      5.247     6.3623   3.197708    31.9664        314     1.3042     2.1771  0.000e+00
      5.314     6.3661   3.197908    31.9650        315     1.3083     2.1745  0.000e+00
      5.390     6.3699   3.198307    31.9658        316     1.3125     2.1702  0.000e+00
      5.464     6.3750   3.198745    31.9658        317     1.3167     2.1664  0.000e+00
      5.532     6.3778   3.199267    31.9689        318     1.3208     2.1621  0.000e+00
      5.605     6.3803   3.199727    31.9717        319     1.3250     2.1575  0.000e+00
      5.695     6.3817   3.199888    31.9721        320     1.3292     2.1521  0.000e+00
      5.793     6.3822   3.199727    31.9698        321     1.3333     2.1473  0.000e+00
      5.903     6.3821   3.199888    31.9716        322     1.3375     2.1424  0.000e+00
      6.026     6.3818   3.199888    31.9719        323     1.3417     2.1371  0.000e+00
      6.154     6.3828   3.199367    31.9651        324     1.3458     2.1302  0.000e+00
      6.284     6.3831   3.198906    31.9596        325     1.3500     2.1247  0.000e+00
      6.416     6.3847   3.198967    31.9587        326     1.3542     2.1186  0.000e+00
      6.555     6.3860   3.199505    31.9635        327     1.3583     2.1136  0.000e+00
      6.700     6.3867   3.200066    31.9689        328     1.3625     2.1083  0.000e+00
      6.855     6.3863   3.200565    31.9747        329     1.3667     2.1031  0.000e+00
      7.012     6.3846   3.201226    31.9835        330     1.3708     2.0980  0.000e+00
      7.161     6.3840   3.202224    31.9951        331     1.3750     2.0952  0.000e+00
      7.264     6.3872   3.202241    31.9922        332     1.3792     2.0934  0.000e+00
      7.312     6.3913   3.199544    31.9585        333     1.3833     2.0929  0.000e+00
      7.298     6.3659   3.194082    31.9219        334     1.3875     2.0924  0.000e+00
      7.255     6.3015   3.190436    31.9419        335     1.3917     2.0923  0.000e+00
      7.202     6.2256   3.188769    31.9948        336     1.3958     2.0914  0.000e+00
      7.170     6.1564   3.187733    32.0485        337     1.4000     2.0922  0.000e+00
      7.161     6.1048   3.187097    32.0903        338     1.4042     2.0944  0.000e+00
      7.134     6.0598   3.185491    32.1150        339     1.4083     2.0989  0.000e+00
      7.094     6.0218   3.183348    32.1271        340     1.4125     2.1071  0.000e+00
      7.054     5.9929   3.182435    32.1443        341     1.4167     2.1134  0.000e+00
      7.020     5.9718   3.182253    32.1624        342     1.4208     2.1234  0.000e+00
      6.993     5.9576   3.182967    32.1839        343     1.4250     2.1320  0.000e+00
      6.967     5.9478   3.184003    32.2048        344     1.4292     2.1421  0.000e+00
      6.949     5.9426   3.184977    32.2207        345     1.4333     2.1514  0.000e+00
      6.938     5.9431   3.186068    32.2325        346     1.4375     2.1598  0.000e+00
      6.920     5.9461   3.188018    32.2514        347     1.4417     2.1675  0.000e+00
      6.902     5.9482   3.192174    32.2960        348     1.4458     2.1773  0.000e+00
      6.913     5.9504   3.194485    32.3198        349     1.4500     2.1841  0.000e+00
      6.924     5.9633   3.194646    32.3093        350     1.4542     2.1917  0.000e+00
      6.951     5.9972   3.193925    32.2688        351     1.4583     2.1971  0.000e+00
      7.005     6.0317   3.193027    32.2259        352     1.4625     2.2031  0.000e+00
      7.060     6.0612   3.192112    32.1876        353     1.4667     2.2055  0.000e+00
      7.135     6.0784   3.191951    32.1694        354     1.4708     2.2064  0.000e+00
      7.211     6.0835   3.193808    32.1853        355     1.4750     2.2066  0.000e+00
      7.293     6.0931   3.197756    32.2201        356     1.4792     2.2062  0.000e+00
      7.383     6.1303   3.199447    32.2037        357     1.4833     2.2040  0.000e+00
      7.470     6.1848   3.200207    32.1604        358     1.4875     2.2003  0.000e+00
      7.553     6.2238   3.201044    32.1328        359     1.4917     2.1968  0.000e+00
      7.638     6.2503   3.201488    32.1127        360     1.4958     2.1920  0.000e+00
      7.731     6.2703   3.201765    32.0968        361     1.5000     2.1903  0.000e+00
      7.824     6.2876   3.201843    32.0812        362     1.5042     2.1864  0.000e+00
      7.925     6.3010   3.201865    32.0688        363     1.5083     2.1844  0.000e+00
      8.031     6.3122   3.202187    32.0618        364     1.5125     2.1813  0.000e+00
      8.149     6.3193   3.202503    32.0585        365     1.5167     2.1799  0.000e+00
      8.270     6.3257   3.202764    32.0553        366     1.5208     2.1780  0.000e+00
      8.393     6.3319   3.203002    32.0521        367     1.5250     2.1749  0.000e+00
      8.510     6.3357   3.203086    32.0494        368     1.5292     2.1738  0.000e+00
      8.622     6.3375   3.203124    32.0481        369     1.5333     2.1738  0.000e+00
