HB2402/sbe044.cnv
* Sea-Bird SBE 19plus V2 Data File:
* FileName = C:\cruise\data\sbe044.hex
* Software Version Seasave V 7.26.7.121
* Temperature SN = 7142
* Conductivity SN = 7142
* System UpLoad Time = Mar 22 2024 09:12:26
* NMEA Latitude = 40 06.63 N
* NMEA Longitude = 073 18.31 W
* NMEA UTC (Time) = Mar 22 2024  09:11:33
** Ship: Bigelow
** Cruise:  HB2304
** Program:  Fall Bottom Trawl
# nquan = 7
# nvalues = 948                                   
# units = specified
# name 0 = depSM: Depth [salt water, m]
# name 1 = tv290C: Temperature [ITS-90, deg C]
# name 2 = c0S/m: Conductivity [S/m]
# name 3 = sal00: Salinity, Practical [PSU]
# name 4 = scan: Scan Count
# name 5 = timeM: Time, Elapsed [minutes]
# name 6 = flag:  0.000e+00
# span 0 =      0.089,     35.820                 
# span 1 =     6.8335,     7.1839                 
# span 2 =   0.506187,   3.259508                 
# span 3 =     4.2707,    32.0746                 
# span 4 =         11,        958                 
# span 5 =     0.0417,     3.9875                 
# span 6 = 0.0000e+00, 0.0000e+00                 
# interval = seconds: 0.25
# start_time = Mar 22 2024 09:11:33 [NMEA time, header]
# bad_flag = -9.990e-29
*END*
      0.882     6.9565   3.098417    30.3406         11     0.0417  0.000e+00
      0.945     6.9557   3.098474    30.3420         12     0.0458  0.000e+00
      0.990     6.9551   3.098520    30.3430         13     0.0500  0.000e+00
      0.993     6.9552   3.098590    30.3436         14     0.0542  0.000e+00
      0.954     6.9557   3.098843    30.3460         15     0.0583  0.000e+00
      0.875     6.9573   3.098780    30.3439         16     0.0625  0.000e+00
      0.778     6.9585   3.098803    30.3431         17     0.0667  0.000e+00
      0.682     6.9594   3.098687    30.3412         18     0.0708  0.000e+00
      0.628     6.9596   3.098739    30.3416         19     0.0750  0.000e+00
      0.619     6.9595   3.098728    30.3416         20     0.0792  0.000e+00
      0.655     6.9595   3.098612    30.3402         21     0.0833  0.000e+00
      0.729     6.9589   3.098440    30.3389         22     0.0875  0.000e+00
      0.787     6.9578   3.098417    30.3396         23     0.0917  0.000e+00
      0.819     6.9568   3.098515    30.3415         24     0.0958  0.000e+00
      0.826     6.9567   3.098641    30.3430         25     0.1000  0.000e+00
      0.819     6.9570   3.098820    30.3447         26     0.1042  0.000e+00
      0.790     6.9577   3.099206    30.3482         27     0.1083  0.000e+00
      0.769     6.9593   3.099045    30.3451         28     0.1125  0.000e+00
      0.776     6.9602   3.098901    30.3427         29     0.1167  0.000e+00
      0.803     6.9598   3.098728    30.3412         30     0.1208  0.000e+00
      0.821     6.9588   3.098497    30.3396         31     0.1250  0.000e+00
      0.828     6.9569   3.098284    30.3389         32     0.1292  0.000e+00
      0.821     6.9548   3.098687    30.3451         33     0.1333  0.000e+00
      0.821     6.9551   3.098860    30.3468         34     0.1375  0.000e+00
      0.812     6.9568   3.098878    30.3454         35     0.1417  0.000e+00
      0.801     6.9582   3.098745    30.3428         36     0.1458  0.000e+00
      0.769     6.9583   3.098440    30.3394         37     0.1500  0.000e+00
      0.718     6.9565   3.097938    30.3356         38     0.1542  0.000e+00
      0.661     6.9530   3.098129    30.3407         39     0.1583  0.000e+00
      0.611     6.9512   3.098054    30.3415         40     0.1625  0.000e+00
      0.591     6.9499   3.098359    30.3460         41     0.1667  0.000e+00
      0.607     6.9508   3.099108    30.3533         42     0.1708  0.000e+00
      0.655     6.9555   3.099004    30.3480         43     0.1750  0.000e+00
      0.740     6.9586   3.098647    30.3414         44     0.1792  0.000e+00
      0.806     6.9585   3.098659    30.3416         45     0.1833  0.000e+00
      0.839     6.9577   3.098705    30.3427         46     0.1875  0.000e+00
      0.839     6.9577   3.098612    30.3418         47     0.1917  0.000e+00
      0.823     6.9576   3.098659    30.3423         48     0.1958  0.000e+00
      0.830     6.9576   3.098670    30.3425         49     0.2000  0.000e+00
      0.875     6.9575   3.098589    30.3417         50     0.2042  0.000e+00
      0.945     6.9573   3.098682    30.3429         51     0.2083  0.000e+00
      0.973     6.9573   3.098670    30.3427         52     0.2125  0.000e+00
      0.921     6.9573   3.098935    30.3456         53     0.2167  0.000e+00
      0.805     6.9586   3.099143    30.3467         54     0.2208  0.000e+00
      0.627     6.9605   3.099108    30.3448         55     0.2250  0.000e+00
      0.467     6.9609   3.098785    30.3410         56     0.2292  0.000e+00
      0.436     6.9589   3.098399    30.3386         57     0.2333  0.000e+00
      0.546     6.9558   3.098589    30.3433         58     0.2375  0.000e+00
      0.709     6.9545   3.098670    30.3453         59     0.2417  0.000e+00
      0.862     6.9548   3.098538    30.3435         60     0.2458  0.000e+00
      0.988     6.9544   3.098647    30.3450         61     0.2500  0.000e+00
      1.052     6.9543   3.098901    30.3478         62     0.2542  0.000e+00
      1.092     6.9554   3.099166    30.3497         63     0.2583  0.000e+00
      1.088     6.9572   3.099264    30.3491         64     0.2625  0.000e+00
      1.087     6.9590   3.099880    30.3542         65     0.2667  0.000e+00
      1.099     6.9622   3.099915    30.3518         66     0.2708  0.000e+00
      1.119     6.9654   3.099863    30.3483         67     0.2750  0.000e+00
      1.184     6.9669   3.099632    30.3446         68     0.2792  0.000e+00
      1.290     6.9666   3.099246    30.3406         69     0.2833  0.000e+00
      1.428     6.9648   3.099287    30.3425         70     0.2875  0.000e+00
      1.599     6.9631   3.098976    30.3406         71     0.2917  0.000e+00
      1.796     6.9611   3.098941    30.3419         72     0.2958  0.000e+00
      2.005     6.9593   3.099051    30.3446         73     0.3000  0.000e+00
      2.226     6.9587   3.099108    30.3456         74     0.3042  0.000e+00
      2.442     6.9586   3.099085    30.3453         75     0.3083  0.000e+00
      2.666     6.9588   3.099091    30.3452         76     0.3125  0.000e+00
      2.894     6.9587   3.099051    30.3447         77     0.3167  0.000e+00
      3.112     6.9586   3.099063    30.3448         78     0.3208  0.000e+00
      3.302     6.9587   3.099074    30.3448         79     0.3250  0.000e+00
      3.480     6.9589   3.099017    30.3439         80     0.3292  0.000e+00
      3.647     6.9589   3.099022    30.3439         81     0.3333  0.000e+00
      3.829     6.9588   3.099074    30.3444         82     0.3375  0.000e+00
      4.010     6.9588   3.099051    30.3441         83     0.3417  0.000e+00
      4.188     6.9590   3.099046    30.3438         84     0.3458  0.000e+00
      4.357     6.9588   3.099092    30.3444         85     0.3500  0.000e+00
      4.517     6.9591   3.099086    30.3440         86     0.3542  0.000e+00
      4.673     6.9592   3.099132    30.3444         87     0.3583  0.000e+00
      4.835     6.9594   3.099190    30.3448         88     0.3625  0.000e+00
      4.995     6.9597   3.099167    30.3442         89     0.3667  0.000e+00
      5.142     6.9597   3.099092    30.3432         90     0.3708  0.000e+00
      5.293     6.9595   3.099132    30.3438         91     0.3750  0.000e+00
      5.464     6.9594   3.099127    30.3438         92     0.3792  0.000e+00
      5.651     6.9592   3.099052    30.3430         93     0.3833  0.000e+00
      5.854     6.9588   3.098902    30.3417         94     0.3875  0.000e+00
      6.068     6.9577   3.098942    30.3429         95     0.3917  0.000e+00
      6.278     6.9570   3.098822    30.3422         96     0.3958  0.000e+00
      6.488     6.9563   3.098706    30.3415         97     0.4000  0.000e+00
      6.691     6.9553   3.098539    30.3405         98     0.4042  0.000e+00
      6.894     6.9541   3.098418    30.3401         99     0.4083  0.000e+00
      7.092     6.9532   3.098154    30.3379        100     0.4125  0.000e+00
      7.270     6.9520   3.098015    30.3374        101     0.4167  0.000e+00
      7.442     6.9503   3.097998    30.3386        102     0.4208  0.000e+00
      7.606     6.9498   3.098056    30.3396        103     0.4250  0.000e+00
      7.764     6.9499   3.098096    30.3400        104     0.4292  0.000e+00
      7.928     6.9499   3.098154    30.3405        105     0.4333  0.000e+00
      8.087     6.9502   3.098304    30.3417        106     0.4375  0.000e+00
      8.244     6.9507   3.098580    30.3442        107     0.4417  0.000e+00
      8.405     6.9518   3.098649    30.3440        108     0.4458  0.000e+00
      8.580     6.9525   3.098500    30.3416        109     0.4500  0.000e+00
      8.769     6.9527   3.098258    30.3388        110     0.4542  0.000e+00
      8.959     6.9514   3.097785    30.3347        111     0.4583  0.000e+00
      9.155     6.9482   3.098304    30.3431        112     0.4625  0.000e+00
      9.349     6.9475   3.098460    30.3452        113     0.4667  0.000e+00
      9.552     6.9490   3.099168    30.3516        114     0.4708  0.000e+00
      9.748     6.9507   3.098961    30.3477        115     0.4750  0.000e+00
      9.942     6.9512   3.099975    30.3581        116     0.4792  0.000e+00
     10.140     6.9525   3.099866    30.3557        117     0.4833  0.000e+00
     10.321     6.9543   3.101710    30.3740        118     0.4875  0.000e+00
     10.508     6.9579   3.102874    30.3834        119     0.4917  0.000e+00
     10.684     6.9635   3.107123    30.4244        120     0.4958  0.000e+00
     10.867     6.9731   3.106598    30.4101        121     0.5000  0.000e+00
     11.035     6.9801   3.111357    30.4554        122     0.5042  0.000e+00
     11.207     6.9884   3.114763    30.4848        123     0.5083  0.000e+00
     11.380     7.0003   3.114843    30.4751        124     0.5125  0.000e+00
     11.545     7.0074   3.131139    30.6450        125     0.5167  0.000e+00
     11.717     7.0258   3.137400    30.6964        126     0.5208  0.000e+00
     11.886     7.0430   3.135235    30.6575        127     0.5250  0.000e+00
     12.062     7.0520   3.142275    30.7256        128     0.5292  0.000e+00
     12.233     7.0618   3.141395    30.7072        129     0.5333  0.000e+00
     12.415     7.0681   3.148609    30.7796        130     0.5375  0.000e+00
     12.594     7.0754   3.154918    30.8413        131     0.5417  0.000e+00
     12.776     7.0834   3.164624    30.9390        132     0.5458  0.000e+00
     12.956     7.0931   3.174015    31.0318        133     0.5500  0.000e+00
     13.135     7.1043   3.184640    31.1366        134     0.5542  0.000e+00
     13.308     7.1153   3.190139    31.1860        135     0.5583  0.000e+00
     13.491     7.1241   3.183278    31.1038        136     0.5625  0.000e+00
     13.665     7.1249   3.192306    31.2006        137     0.5667  0.000e+00
     13.845     7.1269   3.200849    31.2913        138     0.5708  0.000e+00
     14.030     7.1342   3.208121    31.3632        139     0.5750  0.000e+00
     14.213     7.1424   3.207280    31.3466        140     0.5792  0.000e+00
     14.400     7.1478   3.207537    31.3444        141     0.5833  0.000e+00
     14.582     7.1499   3.214623    31.4191        142     0.5875  0.000e+00
     14.771     7.1530   3.217615    31.4486        143     0.5917  0.000e+00
     14.965     7.1567   3.222597    31.4990        144     0.5958  0.000e+00
     15.166     7.1599   3.227144    31.5452        145     0.6000  0.000e+00
     15.362     7.1628   3.228993    31.5625        146     0.6042  0.000e+00
     15.558     7.1649   3.230205    31.5736        147     0.6083  0.000e+00
     15.752     7.1659   3.232501    31.5975        148     0.6125  0.000e+00
     15.933     7.1660   3.231048    31.5816        149     0.6167  0.000e+00
     16.118     7.1641   3.233977    31.6149        150     0.6208  0.000e+00
     16.298     7.1622   3.235471    31.6328        151     0.6250  0.000e+00
     16.474     7.1610   3.235810    31.6374        152     0.6292  0.000e+00
     16.641     7.1606   3.236297    31.6430        153     0.6333  0.000e+00
     16.806     7.1598   3.240745    31.6919        154     0.6375  0.000e+00
     16.974     7.1586   3.239514    31.6795        155     0.6417  0.000e+00
     17.139     7.1572   3.240218    31.6883        156     0.6458  0.000e+00
     17.310     7.1560   3.241554    31.7038        157     0.6500  0.000e+00
     17.475     7.1551   3.242000    31.7094        158     0.6542  0.000e+00
     17.646     7.1544   3.242751    31.7181        159     0.6583  0.000e+00
     17.820     7.1533   3.244105    31.7337        160     0.6625  0.000e+00
     17.998     7.1520   3.245038    31.7450        161     0.6667  0.000e+00
     18.183     7.1509   3.246498    31.7618        162     0.6708  0.000e+00
     18.359     7.1502   3.246375    31.7609        163     0.6750  0.000e+00
     18.541     7.1489   3.246804    31.7667        164     0.6792  0.000e+00
     18.724     7.1482   3.247367    31.7733        165     0.6833  0.000e+00
     18.914     7.1472   3.249174    31.7938        166     0.6875  0.000e+00
     19.105     7.1458   3.249544    31.7990        167     0.6917  0.000e+00
     19.290     7.1444   3.250982    31.8158        168     0.6958  0.000e+00
     19.475     7.1436   3.252039    31.8279        169     0.7000  0.000e+00
     19.667     7.1423   3.253119    31.8407        170     0.7042  0.000e+00
     19.860     7.1405   3.253953    31.8513        171     0.7083  0.000e+00
     20.046     7.1373   3.254417    31.8592        172     0.7125  0.000e+00
     20.239     7.1341   3.255127    31.8699        173     0.7167  0.000e+00
     20.415     7.1308   3.256308    31.8856        174     0.7208  0.000e+00
     20.598     7.1272   3.256267    31.8884        175     0.7250  0.000e+00
     20.774     7.1248   3.256754    31.8958        176     0.7292  0.000e+00
     20.952     7.1229   3.257389    31.9044        177     0.7333  0.000e+00
     21.130     7.1207   3.257124    31.9035        178     0.7375  0.000e+00
     21.308     7.1188   3.256837    31.9020        179     0.7417  0.000e+00
     21.470     7.1173   3.257313    31.9085        180     0.7458  0.000e+00
     21.640     7.1158   3.257694    31.9140        181     0.7500  0.000e+00
     21.808     7.1138   3.257959    31.9186        182     0.7542  0.000e+00
     21.969     7.1117   3.257671    31.9173        183     0.7583  0.000e+00
     22.138     7.1098   3.257407    31.9161        184     0.7625  0.000e+00
     22.307     7.1078   3.257554    31.9195        185     0.7667  0.000e+00
     22.474     7.1065   3.257754    31.9228        186     0.7708  0.000e+00
     22.649     7.1055   3.257589    31.9219        187     0.7750  0.000e+00
     22.832     7.1041   3.258018    31.9277        188     0.7792  0.000e+00
     23.012     7.1026   3.258000    31.9288        189     0.7833  0.000e+00
     23.197     7.1012   3.258224    31.9325        190     0.7875  0.000e+00
     23.380     7.1002   3.258241    31.9335        191     0.7917  0.000e+00
     23.565     7.0991   3.258183    31.9338        192     0.7958  0.000e+00
     23.766     7.0977   3.258124    31.9344        193     0.8000  0.000e+00
     23.960     7.0962   3.258071    31.9351        194     0.8042  0.000e+00
     24.147     7.0946   3.258060    31.9364        195     0.8083  0.000e+00
     24.334     7.0930   3.258060    31.9377        196     0.8125  0.000e+00
     24.521     7.0917   3.258001    31.9383        197     0.8167  0.000e+00
     24.703     7.0902   3.257937    31.9388        198     0.8208  0.000e+00
     24.884     7.0891   3.257796    31.9383        199     0.8250  0.000e+00
     25.067     7.0877   3.257778    31.9393        200     0.8292  0.000e+00
     25.244     7.0863   3.257737    31.9400        201     0.8333  0.000e+00
     25.432     7.0850   3.257714    31.9409        202     0.8375  0.000e+00
     25.617     7.0835   3.257755    31.9426        203     0.8417  0.000e+00
     25.810     7.0826   3.257737    31.9432        204     0.8458  0.000e+00
     26.002     7.0817   3.257755    31.9441        205     0.8500  0.000e+00
     26.201     7.0807   3.257755    31.9450        206     0.8542  0.000e+00
     26.399     7.0800   3.257626    31.9441        207     0.8583  0.000e+00
     26.597     7.0789   3.257614    31.9449        208     0.8625  0.000e+00
     26.789     7.0778   3.257632    31.9461        209     0.8667  0.000e+00
     26.990     7.0770   3.257573    31.9461        210     0.8708  0.000e+00
     27.177     7.0763   3.257591    31.9468        211     0.8750  0.000e+00
     27.357     7.0756   3.257556    31.9470        212     0.8792  0.000e+00
     27.538     7.0745   3.257591    31.9483        213     0.8833  0.000e+00
     27.702     7.0736   3.257556    31.9486        214     0.8875  0.000e+00
     27.862     7.0727   3.257433    31.9481        215     0.8917  0.000e+00
