HB2402/sbe006.cnv
* Sea-Bird SBE 19plus V2 Data File:
* FileName = C:\cruise\data\sbe006.hex
* Software Version Seasave V 7.26.7.121
* Temperature SN = 7142
* Conductivity SN = 7142
* System UpLoad Time = Mar 09 2024 02:27:17
* NMEA Latitude = 37 28.52 N
* NMEA Longitude = 074 22.53 W
* NMEA UTC (Time) = Mar 09 2024  02:26:42
** Ship: Bigelow
** Cruise:  HB2304
** Program:  Fall Bottom Trawl
# nquan = 7
# nvalues = 4138                                  
# units = specified
# name 0 = depSM: Depth [salt water, m]
# name 1 = tv290C: Temperature [ITS-90, deg C]
# name 2 = c0S/m: Conductivity [S/m]
# name 3 = sal00: Salinity, Practical [PSU]
# name 4 = scan: Scan Count
# name 5 = timeM: Time, Elapsed [minutes]
# name 6 = flag:  0.000e+00
# span 0 =      0.029,    272.421                 
# span 1 =     6.7709,    13.5220                 
# span 2 =   0.000076,   4.156388                 
# span 3 =     0.0033,    35.5240                 
# span 4 =         11,       4148                 
# span 5 =     0.0417,    17.2792                 
# span 6 = 0.0000e+00, 0.0000e+00                 
# interval = seconds: 0.25
# start_time = Mar 09 2024 02:26:42 [NMEA time, header]
# bad_flag = -9.990e-29
*END*
[from data line 3693]
     86.748    13.4140   4.110561    34.7167       3704    15.4292  0.000e+00
     86.660    13.4138   4.110851    34.7196       3705    15.4333  0.000e+00
     86.550    13.4148   4.111296    34.7230       3706    15.4375  0.000e+00
     86.408    13.4171   4.111547    34.7233       3707    15.4417  0.000e+00
     86.246    13.4198   4.111954    34.7248       3708    15.4458  0.000e+00
     86.068    13.4231   4.112076    34.7230       3709    15.4500  0.000e+00
     85.861    13.4257   4.110393    34.7048       3710    15.4542  0.000e+00
     85.647    13.4230   4.102180    34.6299       3711    15.4583  0.000e+00
     85.424    13.4008   4.100138    34.6309       3712    15.4625  0.000e+00
     85.189    13.3749   4.099604    34.6495       3713    15.4667  0.000e+00
     84.948    13.3581   4.098702    34.6564       3714    15.4708  0.000e+00
     84.714    13.3468   4.098702    34.6668       3715    15.4750  0.000e+00
     84.477    13.3403   4.098219    34.6682       3716    15.4792  0.000e+00
     84.241    13.3358   4.097343    34.6641       3717    15.4833  0.000e+00
     84.009    13.3311   4.096763    34.6630       3718    15.4875  0.000e+00
     83.786    13.3255   4.096094    34.6618       3719    15.4917  0.000e+00
     83.576    13.3202   4.090236    34.6114       3720    15.4958  0.000e+00
     83.367    13.3048   4.086626    34.5914       3721    15.5000  0.000e+00
     83.182    13.2817   4.086259    34.6091       3722    15.5042  0.000e+00
     82.995    13.2650   4.086189    34.6236       3723    15.5083  0.000e+00
     82.822    13.2561   4.086234    34.6322       3724    15.5125  0.000e+00
     82.661    13.2524   4.086092    34.6343       3725    15.5167  0.000e+00
     82.499    13.2508   4.085436    34.6297       3726    15.5208  0.000e+00
     82.339    13.2495   4.084934    34.6261       3727    15.5250  0.000e+00
     82.175    13.2476   4.084902    34.6277       3728    15.5292  0.000e+00
     82.015    13.2466   4.084954    34.6291       3729    15.5333  0.000e+00
     81.853    13.2463   4.085076    34.6306       3730    15.5375  0.000e+00
     81.682    13.2467   4.085172    34.6312       3731    15.5417  0.000e+00
     81.513    13.2474   4.085198    34.6309       3732    15.5458  0.000e+00
     81.330    13.2479   4.085294    34.6315       3733    15.5500  0.000e+00
     81.147    13.2487   4.085725    34.6348       3734    15.5542  0.000e+00
     80.958    13.2505   4.086072    34.6366       3735    15.5583  0.000e+00
     80.760    13.2535   4.085969    34.6329       3736    15.5625  0.000e+00
     80.557    13.2556   4.085899    34.6305       3737    15.5667  0.000e+00
     80.337    13.2564   4.085873    34.6295       3738    15.5708  0.000e+00
     80.104    13.2567   4.085995    34.6305       3739    15.5750  0.000e+00
     79.861    13.2571   4.086014    34.6305       3740    15.5792  0.000e+00
     79.598    13.2577   4.085409    34.6243       3741    15.5833  0.000e+00
     79.327    13.2562   4.084129    34.6137       3742    15.5875  0.000e+00
     79.045    13.2511   4.082065    34.5989       3743    15.5917  0.000e+00
     78.759    13.2422   4.078497    34.5734       3744    15.5958  0.000e+00
     78.475    13.2252   4.070773    34.5158       3745    15.6000  0.000e+00
     78.199    13.1919   4.068558    34.5251       3746    15.6042  0.000e+00
     77.921    13.1597   4.066895    34.5388       3747    15.6083  0.000e+00
     77.667    13.1361   4.062973    34.5232       3748    15.6125  0.000e+00
     77.419    13.1116   4.061074    34.5275       3749    15.6167  0.000e+00
     77.196    13.0887   4.055814    34.4985       3750    15.6208  0.000e+00
     76.988    13.0617   4.050659    34.4742       3751    15.6250  0.000e+00
     76.799    13.0294   4.045135    34.4511       3752    15.6292  0.000e+00
     76.617    12.9918   4.040140    34.4378       3753    15.6333  0.000e+00
     76.457    12.9535   4.037964    34.4521       3754    15.6375  0.000e+00
     76.304    12.9232   4.034649    34.4481       3755    15.6417  0.000e+00
     76.166    12.8978   4.033484    34.4602       3756    15.6458  0.000e+00
     76.042    12.8793   4.033600    34.4783       3757    15.6500  0.000e+00
     75.916    12.8698   4.033721    34.4881       3758    15.6542  0.000e+00
     75.799    12.8669   4.033747    34.4911       3759    15.6583  0.000e+00
     75.680    12.8663   4.034079    34.4949       3760    15.6625  0.000e+00
     75.574    12.8677   4.034271    34.4954       3761    15.6667  0.000e+00
     75.461    12.8703   4.033887    34.4895       3762    15.6708  0.000e+00
     75.348    12.8709   4.032576    34.4765       3763    15.6750  0.000e+00
     75.229    12.8692   4.032102    34.4736       3764    15.6792  0.000e+00
     75.094    12.8664   4.031885    34.4741       3765    15.6833  0.000e+00
     74.943    12.8651   4.031597    34.4725       3766    15.6875  0.000e+00
     74.769    12.8639   4.030599    34.4642       3767    15.6917  0.000e+00
     74.576    12.8613   4.029837    34.4594       3768    15.6958  0.000e+00
     74.362    12.8576   4.028859    34.4535       3769    15.7000  0.000e+00
     74.128    12.8529   4.028002    34.4498       3770    15.7042  0.000e+00
     73.877    12.8478   4.027126    34.4461       3771    15.7083  0.000e+00
     73.614    12.8419   4.026812    34.4486       3772    15.7125  0.000e+00
     73.337    12.8375   4.025316    34.4385       3773    15.7167  0.000e+00
     73.053    12.8290   4.010373    34.3036       3774    15.7208  0.000e+00
     72.776    12.7845   3.999973    34.2447       3775    15.7250  0.000e+00
     72.508    12.7124   3.993465    34.2481       3776    15.7292  0.000e+00
     72.269    12.6472   3.991701    34.2906       3777    15.7333  0.000e+00
     72.054    12.6026   3.988198    34.2977       3778    15.7375  0.000e+00
     71.861    12.5695   3.984015    34.2878       3779    15.7417  0.000e+00
     71.685    12.5380   3.974050    34.2208       3780    15.7458  0.000e+00
     71.525    12.4879   3.972626    34.2529       3781    15.7500  0.000e+00
     71.378    12.4485   3.971781    34.2807       3782    15.7542  0.000e+00
     71.234    12.4245   3.970382    34.2892       3783    15.7583  0.000e+00
     71.086    12.4080   3.968952    34.2906       3784    15.7625  0.000e+00
     70.924    12.3946   3.967878    34.2925       3785    15.7667  0.000e+00
     70.759    12.3837   3.966994    34.2940       3786    15.7708  0.000e+00
     70.577    12.3745   3.966829    34.3009       3787    15.7750  0.000e+00
     70.372    12.3683   3.964084    34.2802       3788    15.7792  0.000e+00
     70.148    12.3588   3.962413    34.2729       3789    15.7833  0.000e+00
     69.907    12.3456   3.961181    34.2732       3790    15.7875  0.000e+00
     69.664    12.3338   3.960317    34.2757       3791    15.7917  0.000e+00
     69.412    12.3244   3.960203    34.2833       3792    15.7958  0.000e+00
     69.157    12.3188   3.960038    34.2870       3793    15.8000  0.000e+00
     68.911    12.3162   3.960076    34.2898       3794    15.8042  0.000e+00
     68.677    12.3151   3.960082    34.2910       3795    15.8083  0.000e+00
     68.456    12.3149   3.959943    34.2899       3796    15.8125  0.000e+00
     68.247    12.3143   3.959784    34.2890       3797    15.8167  0.000e+00
     68.060    12.3140   3.959384    34.2855       3798    15.8208  0.000e+00
     67.884    12.3125   3.957390    34.2677       3799    15.8250  0.000e+00
     67.708    12.3065   3.956545    34.2651       3800    15.8292  0.000e+00
     67.535    12.2989   3.956171    34.2685       3801    15.8333  0.000e+00
     67.364    12.2929   3.955866    34.2711       3802    15.8375  0.000e+00
     67.185    12.2890   3.955891    34.2750       3803    15.8417  0.000e+00
     66.998    12.2865   3.955771    34.2762       3804    15.8458  0.000e+00
     66.803    12.2850   3.955612    34.2761       3805    15.8500  0.000e+00
     66.606    12.2837   3.955491    34.2762       3806    15.8542  0.000e+00
     66.390    12.2827   3.955142    34.2738       3807    15.8583  0.000e+00
     66.176    12.2812   3.955002    34.2739       3808    15.8625  0.000e+00
     65.967    12.2801   3.954774    34.2729       3809    15.8667  0.000e+00
     65.773    12.2786   3.951613    34.2437       3810    15.8708  0.000e+00
     65.599    12.2701   3.950141    34.2374       3811    15.8750  0.000e+00
     65.435    12.2581   3.950053    34.2476       3812    15.8792  0.000e+00
     65.291    12.2498   3.949704    34.2518       3813    15.8833  0.000e+00
     65.178    12.2449   3.949076    34.2503       3814    15.8875  0.000e+00
     65.083    12.2405   3.948232    34.2462       3815    15.8917  0.000e+00
     65.005    12.2357   3.947985    34.2482       3816    15.8958  0.000e+00
     64.919    12.2313   3.947750    34.2501       3817    15.9000  0.000e+00
     64.829    12.2282   3.947985    34.2552       3818    15.9042  0.000e+00
     64.736    12.2274   3.947959    34.2557       3819    15.9083  0.000e+00
     64.628    12.2269   3.947204    34.2489       3820    15.9125  0.000e+00
     64.493    12.2249   3.947243    34.2511       3821    15.9167  0.000e+00
     64.338    12.2231   3.946843    34.2490       3822    15.9208  0.000e+00
     64.151    12.2213   3.945942    34.2420       3823    15.9250  0.000e+00
     63.939    12.2173   3.945105    34.2377       3824    15.9292  0.000e+00
     63.713    12.2123   3.944655    34.2379       3825    15.9333  0.000e+00
     63.463    12.2081   3.947591    34.2704       3826    15.9375  0.000e+00
     63.186    12.2142   3.950262    34.2908       3827    15.9417  0.000e+00
     62.886    12.2313   3.957706    34.3473       3828    15.9458  0.000e+00
     62.578    12.2653   3.969351    34.4290       3829    15.9500  0.000e+00
     62.253    12.3286   3.972179    34.3983       3830    15.9542  0.000e+00
     61.933    12.3831   3.976993    34.3949       3831    15.9583  0.000e+00
     61.598    12.4293   3.977845    34.3609       3832    15.9625  0.000e+00
     61.269    12.4607   3.978315    34.3369       3833    15.9667  0.000e+00
     60.937    12.4784   3.981452    34.3510       3834    15.9708  0.000e+00
     60.622    12.4957   3.982229    34.3428       3835    15.9750  0.000e+00
     60.325    12.5120   3.986551    34.3696       3836    15.9792  0.000e+00
     60.047    12.5327   3.988761    34.3721       3837    15.9833  0.000e+00
     59.799    12.5571   3.986971    34.3327       3838    15.9875  0.000e+00
     59.579    12.5661   3.978542    34.2435       3839    15.9917  0.000e+00
     59.394    12.5464   3.971692    34.1957       3840    15.9958  0.000e+00
     59.230    12.5050   3.958584    34.1075       3841    16.0000  0.000e+00
     59.097    12.4391   3.948214    34.0676       3842    16.0042  0.000e+00
     58.997    12.3605   3.938978    34.0500       3843    16.0083  0.000e+00
     58.910    12.2812   3.936438    34.0976       3844    16.0125  0.000e+00
     58.846    12.2216   3.923644    34.0283       3845    16.0167  0.000e+00
     58.781    12.1580   3.918736    34.0386       3846    16.0208  0.000e+00
     58.723    12.0927   3.917080    34.0821       3847    16.0250  0.000e+00
     58.662    12.0492   3.909983    34.0530       3848    16.0292  0.000e+00
     58.596    12.0070   3.906768    34.0602       3849    16.0333  0.000e+00
     58.504    11.9706   3.906213    34.0882       3850    16.0375  0.000e+00
     58.410    11.9473   3.908259    34.1295       3851    16.0417  0.000e+00
     58.297    11.9427   3.910300    34.1537       3852    16.0458  0.000e+00
     58.159    11.9505   3.910805    34.1515       3853    16.0500  0.000e+00
     57.997    11.9595   3.911747    34.1524       3854    16.0542  0.000e+00
     57.817    11.9679   3.912682    34.1539       3855    16.0583  0.000e+00
     57.614    11.9765   3.914849    34.1672       3856    16.0625  0.000e+00
     57.409    11.9896   3.919705    34.2026       3857    16.0667  0.000e+00
     57.174    12.0146   3.921912    34.2012       3858    16.0708  0.000e+00
     56.922    12.0416   3.922582    34.1831       3859    16.0750  0.000e+00
     56.641    12.0599   3.923664    34.1769       3860    16.0792  0.000e+00
     56.366    12.0738   3.925024    34.1776       3861    16.0833  0.000e+00
     56.077    12.0861   3.925251    34.1687       3862    16.0875  0.000e+00
     55.791    12.0950   3.924397    34.1524       3863    16.0917  0.000e+00
     55.503    12.0974   3.923688    34.1434       3864    16.0958  0.000e+00
     55.228    12.0957   3.921056    34.1195       3865    16.1000  0.000e+00
     54.975    12.0861   3.915593    34.0753       3866    16.1042  0.000e+00
     54.737    12.0636   3.913627    34.0769       3867    16.1083  0.000e+00
     54.522    12.0401   3.912363    34.0862       3868    16.1125  0.000e+00
     54.331    12.0225   3.911650    34.0954       3869    16.1167  0.000e+00
     54.151    12.0106   3.911283    34.1028       3870    16.1208  0.000e+00
     53.997    12.0027   3.910986    34.1072       3871    16.1250  0.000e+00
     53.846    11.9983   3.910733    34.1089       3872    16.1292  0.000e+00
     53.709    11.9952   3.911163    34.1160       3873    16.1333  0.000e+00
     53.578    11.9954   3.913602    34.1396       3874    16.1375  0.000e+00
     53.432    12.0040   3.915050    34.1458       3875    16.1417  0.000e+00
     53.290    12.0164   3.915397    34.1379       3876    16.1458  0.000e+00
     53.130    12.0258   3.915612    34.1314       3877    16.1500  0.000e+00
     52.954    12.0315   3.915605    34.1262       3878    16.1542  0.000e+00
     52.760    12.0345   3.912938    34.0976       3879    16.1583  0.000e+00
     52.544    12.0273   3.900641    33.9848       3880    16.1625  0.000e+00
     52.309    11.9884   3.892780    33.9440       3881    16.1667  0.000e+00
     52.059    11.9301   3.885644    33.9277       3882    16.1708  0.000e+00
     51.798    11.8729   3.877582    33.9014       3883    16.1750  0.000e+00
     51.510    11.8125   3.874044    33.9221       3884    16.1792  0.000e+00
     51.221    11.7621   3.874202    33.9698       3885    16.1833  0.000e+00
     50.937    11.7346   3.876015    34.0128       3886    16.1875  0.000e+00
     50.655    11.7276   3.878339    34.0421       3887    16.1917  0.000e+00
     50.390    11.7353   3.879044    34.0421       3888    16.1958  0.000e+00
     50.151    11.7450   3.879843    34.0412       3889    16.2000  0.000e+00
     49.932    11.7532   3.879591    34.0312       3890    16.2042  0.000e+00
     49.747    11.7576   3.879585    34.0272       3891    16.2083  0.000e+00
     49.596    11.7596   3.877312    34.0032       3892    16.2125  0.000e+00
     49.464    11.7548   3.873434    33.9698       3893    16.2167  0.000e+00
     49.357    11.7387   3.870162    33.9525       3894    16.2208  0.000e+00
     49.268    11.7177   3.868960    33.9601       3895    16.2250  0.000e+00
     49.177    11.6999   3.868445    33.9713       3896    16.2292  0.000e+00
     49.082    11.6879   3.868621    33.9841       3897    16.2333  0.000e+00
     48.974    11.6819   3.867130    33.9750       3898    16.2375  0.000e+00
     48.851    11.6751   3.866199    33.9722       3899    16.2417  0.000e+00
     48.704    11.6669   3.864476    33.9628       3900    16.2458  0.000e+00
     48.530    11.6574   3.861584    33.9433       3901    16.2500  0.000e+00
     48.341    11.6428   3.860057    33.9418       3902    16.2542  0.000e+00
     48.121    11.6275   3.857198    33.9279       3903    16.2583  0.000e+00
     47.897    11.6095   3.850911    33.8828       3904    16.2625  0.000e+00
     47.676    11.5786   3.834042    33.7456       3905    16.2667  0.000e+00
     47.445    11.5058   3.825604    33.7292       3906    16.2708  0.000e+00
     47.217    11.4255   3.821873    33.7659       3907    16.2750  0.000e+00
