HB2402/sbe060.cnv
* Sea-Bird SBE 19plus V2 Data File:
* FileName = C:\cruise\data\sbe060.hex
* Software Version Seasave V 7.26.7.121
* Temperature SN = 7037
* Conductivity SN = 7037
* System UpLoad Time = Apr 07 2024 09:01:28
* NMEA Latitude = 39 57.52 N
* NMEA Longitude = 071 39.25 W
* NMEA UTC (Time) = Apr 07 2024  09:00:50
** Ship: Bigelow
** Cruise:  HB2304
** Program:  Fall Bottom Trawl
# nquan = 8
# nvalues = 2098                                  
# units = specified
# name 0 = depSM: Depth [salt water, m]
# name 1 = tv290C: Temperature [ITS-90, deg C]
# name 2 = c0S/m: Conductivity [S/m]
# name 3 = sal00: Salinity, Practical [PSU]
# name 4 = scan: Scan Count
# name 5 = timeM: Time, Elapsed [minutes]
# name 6 = sbeox0V: Oxygen raw, SBE 43 [V]
# name 7 = flag:  0.000e+00
# span 0 =     -0.064,    104.062                 
# span 1 =     5.0334,    11.4282                 
# span 2 =   0.000025,   3.924691                 
# span 3 =     0.0020,    34.7966                 
# span 4 =         11,       2108                 
# span 5 =     0.0417,     8.7792                 
# span 6 =     1.8701,     2.3607                 
# span 7 = 0.0000e+00, 0.0000e+00                 
# interval = seconds: 0.25
# start_time = Apr 07 2024 09:00:50 [NMEA time, header]
# bad_flag = -9.990e-29
*END*
[from data line 1079]
     77.065     8.7901   3.572353    33.6737       1090     4.5375     2.1075  0.000e+00
     77.001     8.7903   3.572440    33.6745       1091     4.5417     2.1088  0.000e+00
     76.942     8.7892   3.558468    33.5292       1092     4.5458     2.1086  0.000e+00
     76.878     8.7604   3.550025    33.4679       1093     4.5500     2.1088  0.000e+00
     76.808     8.7118   3.551749    33.5320       1094     4.5542     2.1089  0.000e+00
     76.734     8.6794   3.547813    33.5214       1095     4.5583     2.1066  0.000e+00
     76.651     8.6508   3.546172    33.5313       1096     4.5625     2.1065  0.000e+00
     76.562     8.6277   3.549900    33.5925       1097     4.5667     2.1050  0.000e+00
     76.472     8.6196   3.550114    33.6025       1098     4.5708     2.1050  0.000e+00
     76.385     8.6186   3.549599    33.5980       1099     4.5750     2.1065  0.000e+00
     76.298     8.6175   3.550327    33.6068       1100     4.5792     2.1065  0.000e+00
     76.204     8.6181   3.549576    33.5983       1101     4.5833     2.1083  0.000e+00
     76.114     8.6173   3.549853    33.6021       1102     4.5875     2.1085  0.000e+00
     76.018     8.6160   3.544225    33.5441       1103     4.5917     2.1086  0.000e+00
     75.924     8.6050   3.544093    33.5532       1104     4.5958     2.1092  0.000e+00
     75.828     8.5919   3.544867    33.5739       1105     4.6000     2.1101  0.000e+00
     75.720     8.5859   3.544306    33.5737       1106     4.6042     2.1102  0.000e+00
     75.610     8.5820   3.544589    33.5805       1107     4.6083     2.1107  0.000e+00
     75.501     8.5795   3.543128    33.5675       1108     4.6125     2.1122  0.000e+00
     75.382     8.5743   3.539288    33.5320       1109     4.6167     2.1114  0.000e+00
     75.261     8.5619   3.542678    33.5796       1110     4.6208     2.1130  0.000e+00
     75.131     8.5579   3.537447    33.5283       1111     4.6250     2.1130  0.000e+00
     74.992     8.5468   3.527306    33.4320       1112     4.6292     2.1150  0.000e+00
     74.851     8.5142   3.523507    33.4230       1113     4.6333     2.1133  0.000e+00
     74.708     8.4767   3.516330    33.3828       1114     4.6375     2.1129  0.000e+00
     74.567     8.4341   3.499314    33.2436       1115     4.6417     2.1124  0.000e+00
     74.435     8.3642   3.469745    32.9971       1116     4.6458     2.1107  0.000e+00
     74.314     8.2465   3.446488    32.8614       1117     4.6500     2.1091  0.000e+00
     74.205     8.0977   3.440094    32.9331       1118     4.6542     2.1067  0.000e+00
     74.117     7.9689   3.435165    33.0018       1119     4.6583     2.1029  0.000e+00
     74.048     7.8728   3.429845    33.0358       1120     4.6625     2.1006  0.000e+00
     73.992     7.7985   3.427372    33.0797       1121     4.6667     2.1014  0.000e+00
     73.950     7.7429   3.425782    33.1155       1122     4.6708     2.0998  0.000e+00
     73.918     7.7041   3.423834    33.1314       1123     4.6750     2.1028  0.000e+00
     73.905     7.6745   3.423760    33.1589       1124     4.6792     2.1050  0.000e+00
     73.882     7.6545   3.423185    33.1718       1125     4.6833     2.1095  0.000e+00
     73.862     7.6411   3.422450    33.1766       1126     4.6875     2.1140  0.000e+00
     73.826     7.6308   3.422012    33.1818       1127     4.6917     2.1185  0.000e+00
     73.766     7.6227   3.421414    33.1830       1128     4.6958     2.1237  0.000e+00
     73.679     7.6160   3.418976    33.1632       1129     4.7000     2.1281  0.000e+00
     73.549     7.6058   3.415731    33.1381       1130     4.7042     2.1327  0.000e+00
     73.397     7.5894   3.412158    33.1153       1131     4.7083     2.1366  0.000e+00
     73.208     7.5694   3.410730    33.1190       1132     4.7125     2.1409  0.000e+00
     72.978     7.5504   3.405941    33.0856       1133     4.7167     2.1441  0.000e+00
     72.712     7.5269   3.398531    33.0282       1134     4.7208     2.1457  0.000e+00
     72.430     7.4913   3.392960    33.0020       1135     4.7250     2.1463  0.000e+00
     72.138     7.4520   3.389430    33.0014       1136     4.7292     2.1498  0.000e+00
     71.834     7.4167   3.386468    33.0031       1137     4.7333     2.1508  0.000e+00
     71.530     7.3843   3.385805    33.0269       1138     4.7375     2.1528  0.000e+00
     71.245     7.3610   3.384319    33.0333       1139     4.7417     2.1553  0.000e+00
     70.986     7.3428   3.383287    33.0395       1140     4.7458     2.1575  0.000e+00
     70.771     7.3282   3.382057    33.0402       1141     4.7500     2.1598  0.000e+00
     70.599     7.3159   3.380827    33.0387       1142     4.7542     2.1620  0.000e+00
     70.478     7.3043   3.380197    33.0430       1143     4.7583     2.1645  0.000e+00
     70.390     7.2948   3.379801    33.0478       1144     4.7625     2.1681  0.000e+00
     70.330     7.2877   3.379444    33.0508       1145     4.7667     2.1691  0.000e+00
     70.303     7.2825   3.379166    33.0527       1146     4.7708     2.1711  0.000e+00
     70.294     7.2785   3.379036    33.0551       1147     4.7750     2.1722  0.000e+00
     70.298     7.2755   3.378951    33.0571       1148     4.7792     2.1744  0.000e+00
     70.305     7.2734   3.378996    33.0596       1149     4.7833     2.1748  0.000e+00
     70.307     7.2724   3.379036    33.0610       1150     4.7875     2.1768  0.000e+00
     70.294     7.2719   3.378979    33.0608       1151     4.7917     2.1767  0.000e+00
     70.258     7.2715   3.378781    33.0591       1152     4.7958     2.1789  0.000e+00
     70.204     7.2707   3.378350    33.0552       1153     4.8000     2.1791  0.000e+00
     70.120     7.2690   3.376361    33.0353       1154     4.8042     2.1801  0.000e+00
     70.010     7.2631   3.373783    33.0130       1155     4.8083     2.1811  0.000e+00
     69.869     7.2518   3.371201    32.9957       1156     4.8125     2.1818  0.000e+00
     69.712     7.2368   3.369327    32.9898       1157     4.8167     2.1817  0.000e+00
     69.522     7.2211   3.364799    32.9556       1158     4.8208     2.1820  0.000e+00
     69.323     7.2004   3.360443    32.9281       1159     4.8250     2.1830  0.000e+00
     69.134     7.1751   3.357464    32.9199       1160     4.8292     2.1827  0.000e+00
     68.953     7.1495   3.355078    32.9184       1161     4.8333     2.1844  0.000e+00
     68.776     7.1268   3.353943    32.9279       1162     4.8375     2.1827  0.000e+00
     68.615     7.1080   3.352824    32.9337       1163     4.8417     2.1840  0.000e+00
     68.467     7.0935   3.350886    32.9265       1164     4.8458     2.1849  0.000e+00
     68.331     7.0797   3.349327    32.9227       1165     4.8500     2.1859  0.000e+00
     68.205     7.0669   3.348678    32.9279       1166     4.8542     2.1865  0.000e+00
     68.087     7.0559   3.344268    32.8904       1167     4.8583     2.1879  0.000e+00
     67.972     7.0403   3.342959    32.8910       1168     4.8625     2.1892  0.000e+00
     67.854     7.0243   3.341780    32.8935       1169     4.8667     2.1881  0.000e+00
     67.733     7.0116   3.340707    32.8939       1170     4.8708     2.1882  0.000e+00
     67.594     7.0012   3.339765    32.8937       1171     4.8750     2.1890  0.000e+00
     67.455     6.9919   3.339596    32.9007       1172     4.8792     2.1904  0.000e+00
     67.294     6.9849   3.339512    32.9066       1173     4.8833     2.1906  0.000e+00
     67.136     6.9796   3.332694    32.8372       1174     4.8875     2.1924  0.000e+00
     66.970     6.9625   3.301893    32.5170       1175     4.8917     2.1937  0.000e+00
     66.800     6.8782   3.269773    32.2456       1176     4.8958     2.1932  0.000e+00
     66.639     6.7164   3.267028    32.3679       1177     4.9000     2.1901  0.000e+00
     66.482     6.5860   3.264703    32.4658       1178     4.9042     2.1862  0.000e+00
     66.341     6.4974   3.258622    32.4830       1179     4.9083     2.1838  0.000e+00
     66.193     6.4283   3.254082    32.4986       1180     4.9125     2.1827  0.000e+00
     66.068     6.3696   3.248427    32.4920       1181     4.9167     2.1817  0.000e+00
     65.947     6.3181   3.247540    32.5313       1182     4.9208     2.1829  0.000e+00
     65.835     6.2794   3.245075    32.5410       1183     4.9250     2.1839  0.000e+00
     65.728     6.2505   3.241952    32.5339       1184     4.9292     2.1865  0.000e+00
     65.616     6.2235   3.239621    32.5339       1185     4.9333     2.1898  0.000e+00
     65.506     6.1989   3.235676    32.5136       1186     4.9375     2.1941  0.000e+00
     65.390     6.1739   3.233698    32.5155       1187     4.9417     2.1969  0.000e+00
     65.264     6.1506   3.232033    32.5194       1188     4.9458     2.2010  0.000e+00
     65.134     6.1308   3.230301    32.5190       1189     4.9500     2.2050  0.000e+00
     64.987     6.1133   3.229739    32.5296       1190     4.9542     2.2087  0.000e+00
     64.830     6.0999   3.229494    32.5398       1191     4.9583     2.2131  0.000e+00
     64.671     6.0907   3.228893    32.5420       1192     4.9625     2.2162  0.000e+00
     64.503     6.0834   3.227740    32.5362       1193     4.9667     2.2194  0.000e+00
     64.337     6.0764   3.227234    32.5374       1194     4.9708     2.2232  0.000e+00
     64.174     6.0698   3.226288    32.5332       1195     4.9750     2.2272  0.000e+00
     64.021     6.0634   3.225508    32.5307       1196     4.9792     2.2312  0.000e+00
     63.874     6.0569   3.225041    32.5318       1197     4.9833     2.2344  0.000e+00
     63.740     6.0514   3.224574    32.5319       1198     4.9875     2.2371  0.000e+00
     63.618     6.0466   3.224373    32.5343       1199     4.9917     2.2395  0.000e+00
     63.509     6.0429   3.223511    32.5283       1200     4.9958     2.2422  0.000e+00
     63.402     6.0389   3.223388    32.5308       1201     5.0000     2.2420  0.000e+00
     63.301     6.0353   3.222159    32.5206       1202     5.0042     2.2443  0.000e+00
     63.207     6.0306   3.221091    32.5132       1203     5.0083     2.2472  0.000e+00
     63.106     6.0244   3.220896    32.5170       1204     5.0125     2.2473  0.000e+00
     62.992     6.0194   3.220390    32.5162       1205     5.0167     2.2502  0.000e+00
     62.875     6.0151   3.218839    32.5030       1206     5.0208     2.2508  0.000e+00
     62.737     6.0087   3.217032    32.4890       1207     5.0250     2.2521  0.000e+00
     62.586     6.0003   3.215886    32.4844       1208     5.0292     2.2543  0.000e+00
     62.410     5.9909   3.214803    32.4813       1209     5.0333     2.2549  0.000e+00
     62.217     5.9819   3.211052    32.4480       1210     5.0375     2.2571  0.000e+00
     62.014     5.9684   3.206942    32.4150       1211     5.0417     2.2569  0.000e+00
     61.810     5.9485   3.206181    32.4257       1212     5.0458     2.2570  0.000e+00
     61.604     5.9316   3.205504    32.4344       1213     5.0500     2.2586  0.000e+00
     61.404     5.9194   3.204966    32.4402       1214     5.0542     2.2592  0.000e+00
     61.214     5.9099   3.204122    32.4400       1215     5.0583     2.2589  0.000e+00
     61.035     5.9021   3.203306    32.4384       1216     5.0625     2.2617  0.000e+00
     60.865     5.8949   3.203245    32.4446       1217     5.0667     2.2620  0.000e+00
     60.708     5.8892   3.201808    32.4340       1218     5.0708     2.2629  0.000e+00
     60.570     5.8832   3.201048    32.4314       1219     5.0750     2.2643  0.000e+00
     60.444     5.8763   3.199666    32.4225       1220     5.0792     2.2644  0.000e+00
     60.337     5.8687   3.197275    32.4031       1221     5.0833     2.2656  0.000e+00
     60.243     5.8574   3.196477    32.4049       1222     5.0875     2.2662  0.000e+00
     60.158     5.8467   3.195917    32.4090       1223     5.0917     2.2671  0.000e+00
     60.082     5.8383   3.195202    32.4090       1224     5.0958     2.2681  0.000e+00
     60.003     5.8310   3.194342    32.4064       1225     5.1000     2.2684  0.000e+00
     59.922     5.8237   3.193782    32.4071       1226     5.1042     2.2699  0.000e+00
     59.837     5.8172   3.192968    32.4043       1227     5.1083     2.2694  0.000e+00
     59.746     5.8110   3.192452    32.4045       1228     5.1125     2.2720  0.000e+00
     59.647     5.8050   3.191693    32.4017       1229     5.1167     2.2739  0.000e+00
     59.542     5.7993   3.191094    32.4005       1230     5.1208     2.2745  0.000e+00
     59.430     5.7937   3.190618    32.4006       1231     5.1250     2.2759  0.000e+00
     59.313     5.7888   3.190119    32.3998       1232     5.1292     2.2777  0.000e+00
     59.186     5.7839   3.189050    32.3925       1233     5.1333     2.2789  0.000e+00
     59.060     5.7779   3.188052    32.3871       1234     5.1375     2.2814  0.000e+00
     58.926     5.7712   3.187277    32.3849       1235     5.1417     2.2799  0.000e+00
     58.787     5.7642   3.186147    32.3790       1236     5.1458     2.2848  0.000e+00
     58.626     5.7568   3.184857    32.3716       1237     5.1500     2.2859  0.000e+00
     58.470     5.7484   3.183306    32.3623       1238     5.1542     2.2868  0.000e+00
     58.293     5.7385   3.181025    32.3462       1239     5.1583     2.2882  0.000e+00
     58.107     5.7252   3.176090    32.3035       1240     5.1625     2.2892  0.000e+00
     57.916     5.7029   3.173496    32.2957       1241     5.1667     2.2923  0.000e+00
     57.711     5.6773   3.171622    32.2992       1242     5.1708     2.2926  0.000e+00
     57.505     5.6545   3.170256    32.3058       1243     5.1750     2.2945  0.000e+00
     57.296     5.6350   3.169035    32.3107       1244     5.1792     2.2961  0.000e+00
     57.090     5.6202   3.168974    32.3244       1245     5.1833     2.2961  0.000e+00
     56.889     5.6106   3.168383    32.3271       1246     5.1875     2.2996  0.000e+00
     56.703     5.6035   3.168261    32.3326       1247     5.1917     2.3010  0.000e+00
     56.546     5.5985   3.167294    32.3265       1248     5.1958     2.3025  0.000e+00
     56.401     5.5935   3.167316    32.3316       1249     5.2000     2.3030  0.000e+00
     56.287     5.5896   3.167195    32.3341       1250     5.2042     2.3051  0.000e+00
     56.184     5.5869   3.167079    32.3355       1251     5.2083     2.3074  0.000e+00
     56.099     5.5848   3.166880    32.3352       1252     5.2125     2.3094  0.000e+00
     56.041     5.5830   3.166802    32.3361       1253     5.2167     2.3102  0.000e+00
     55.982     5.5815   3.166802    32.3376       1254     5.2208     2.3127  0.000e+00
     55.933     5.5806   3.166780    32.3382       1255     5.2250     2.3159  0.000e+00
     55.875     5.5801   3.166880    32.3398       1256     5.2292     2.3179  0.000e+00
     55.810     5.5800   3.166863    32.3398       1257     5.2333     2.3166  0.000e+00
     55.734     5.5800   3.166863    32.3398       1258     5.2375     2.3192  0.000e+00
     55.644     5.5799   3.166764    32.3389       1259     5.2417     2.3211  0.000e+00
     55.550     5.5799   3.166802    32.3394       1260     5.2458     2.3215  0.000e+00
     55.420     5.5799   3.166813    32.3395       1261     5.2500     2.3221  0.000e+00
     55.277     5.5800   3.166824    32.3397       1262     5.2542     2.3223  0.000e+00
     55.115     5.5801   3.166625    32.3374       1263     5.2583     2.3245  0.000e+00
     54.937     5.5799   3.166548    32.3368       1264     5.2625     2.3242  0.000e+00
     54.739     5.5792   3.166548    32.3376       1265     5.2667     2.3266  0.000e+00
     54.547     5.5788   3.166388    32.3362       1266     5.2708     2.3271  0.000e+00
     54.354     5.5781   3.166288    32.3359       1267     5.2750     2.3279  0.000e+00
     54.175     5.5775   3.166310    32.3368       1268     5.2792     2.3284  0.000e+00
