HB2402/sbe077.cnv
* Sea-Bird SBE 19plus V2 Data File:
* FileName = C:\cruise\data\sbe077.hex
* Software Version Seasave V 7.26.7.121
* Temperature SN = 7037
* Conductivity SN = 7037
* System UpLoad Time = Apr 14 2024 09:37:52
* NMEA Latitude = 42 30.72 N
* NMEA Longitude = 070 34.97 W
* NMEA UTC (Time) = Apr 14 2024  09:37:22
** Ship: Bigelow
** Cruise:  HB2304
** Program:  Fall Bottom Trawl
# nquan = 8
# nvalues = 1421                                  
# units = specified
# name 0 = depSM: Depth [salt water, m]
# name 1 = tv290C: Temperature [ITS-90, deg C]
# name 2 = c0S/m: Conductivity [S/m]
# name 3 = sal00: Salinity, Practical [PSU]
# name 4 = scan: Scan Count
# name 5 = timeM: Time, Elapsed [minutes]
# name 6 = sbeox0V: Oxygen raw, SBE 43 [V]
# name 7 = flag:  0.000e+00
# span 0 =     -0.088,     67.885                 
# span 1 =     4.8356,     5.6204                 
# span 2 =   0.181323,   3.025584                 
# span 3 =     1.4938,    31.4049                 
# span 4 =         11,       1431                 
# span 5 =     0.0417,     5.9583                 
# span 6 =     2.2675,     2.3659                 
# span 7 = 0.0000e+00, 0.0000e+00                 
# interval = seconds: 0.25
# start_time = Apr 14 2024 09:37:22 [NMEA time, header]
# bad_flag = -9.990e-29
*END*
[from data line 360]
     61.811     4.8644   3.023546    31.3863        371     1.5417     2.2786  0.000e+00
     62.012     4.8648   3.023557    31.3860        372     1.5458     2.2782  0.000e+00
     62.207     4.8651   3.023601    31.3861        373     1.5500     2.2781  0.000e+00
     62.403     4.8653   3.023661    31.3865        374     1.5542     2.2773  0.000e+00
     62.583     4.8656   3.023655    31.3860        375     1.5583     2.2772  0.000e+00
     62.755     4.8657   3.023677    31.3861        376     1.5625     2.2765  0.000e+00
     62.919     4.8659   3.023715    31.3863        377     1.5667     2.2760  0.000e+00
     63.080     4.8656   3.023699    31.3863        378     1.5708     2.2757  0.000e+00
     63.239     4.8656   3.023753    31.3869        379     1.5750     2.2768  0.000e+00
     63.403     4.8653   3.023807    31.3876        380     1.5792     2.2764  0.000e+00
     63.572     4.8654   3.023867    31.3882        381     1.5833     2.2752  0.000e+00
     63.740     4.8655   3.023970    31.3892        382     1.5875     2.2755  0.000e+00
     63.917     4.8657   3.023998    31.3892        383     1.5917     2.2750  0.000e+00
     64.092     4.8660   3.024068    31.3897        384     1.5958     2.2735  0.000e+00
     64.278     4.8662   3.024166    31.3905        385     1.6000     2.2745  0.000e+00
     64.470     4.8664   3.024264    31.3913        386     1.6042     2.2737  0.000e+00
     64.661     4.8665   3.024334    31.3919        387     1.6083     2.2740  0.000e+00
     64.849     4.8669   3.024389    31.3921        388     1.6125     2.2738  0.000e+00
     65.041     4.8670   3.024519    31.3934        389     1.6167     2.2722  0.000e+00
     65.236     4.8672   3.024763    31.3959        390     1.6208     2.2722  0.000e+00
     65.438     4.8674   3.024894    31.3971        391     1.6250     2.2721  0.000e+00
     65.643     4.8677   3.025024    31.3982        392     1.6292     2.2721  0.000e+00
     65.836     4.8677   3.025111    31.3992        393     1.6333     2.2721  0.000e+00
     66.038     4.8680   3.025160    31.3993        394     1.6375     2.2718  0.000e+00
     66.241     4.8682   3.025247    31.4000        395     1.6417     2.2737  0.000e+00
     66.441     4.8683   3.025328    31.4008        396     1.6458     2.2717  0.000e+00
     66.646     4.8683   3.025383    31.4013        397     1.6500     2.2716  0.000e+00
     66.839     4.8685   3.025404    31.4013        398     1.6542     2.2721  0.000e+00
     67.025     4.8686   3.025421    31.4013        399     1.6583     2.2712  0.000e+00
     67.220     4.8688   3.025486    31.4018        400     1.6625     2.2721  0.000e+00
     67.407     4.8689   3.025497    31.4017        401     1.6667     2.2712  0.000e+00
     67.614     4.8689   3.025546    31.4021        402     1.6708     2.2725  0.000e+00
     67.699     4.8688   3.025513    31.4018        403     1.6750     2.2729  0.000e+00
     67.723     4.8684   3.025475    31.4018        404     1.6792     2.2721  0.000e+00
     67.683     4.8682   3.025448    31.4017        405     1.6833     2.2724  0.000e+00
     67.643     4.8678   3.025437    31.4020        406     1.6875     2.2711  0.000e+00
     67.638     4.8674   3.025448    31.4025        407     1.6917     2.2725  0.000e+00
     67.654     4.8671   3.025459    31.4028        408     1.6958     2.2707  0.000e+00
     67.661     4.8671   3.025464    31.4029        409     1.7000     2.2718  0.000e+00
     67.641     4.8670   3.025459    31.4029        410     1.7042     2.2718  0.000e+00
     67.628     4.8670   3.025437    31.4027        411     1.7083     2.2712  0.000e+00
     67.625     4.8669   3.025448    31.4029        412     1.7125     2.2703  0.000e+00
     67.634     4.8669   3.025459    31.4031        413     1.7167     2.2699  0.000e+00
     67.639     4.8669   3.025486    31.4034        414     1.7208     2.2699  0.000e+00
     67.632     4.8669   3.025475    31.4032        415     1.7250     2.2701  0.000e+00
     67.628     4.8669   3.025448    31.4029        416     1.7292     2.2695  0.000e+00
     67.630     4.8670   3.025421    31.4025        417     1.7333     2.2701  0.000e+00
     67.630     4.8669   3.025475    31.4032        418     1.7375     2.2702  0.000e+00
     67.634     4.8669   3.025486    31.4033        419     1.7417     2.2692  0.000e+00
     67.634     4.8668   3.025497    31.4035        420     1.7458     2.2694  0.000e+00
     67.641     4.8668   3.025486    31.4035        421     1.7500     2.2700  0.000e+00
     67.641     4.8668   3.025475    31.4033        422     1.7542     2.2699  0.000e+00
     67.645     4.8668   3.025486    31.4034        423     1.7583     2.2708  0.000e+00
     67.650     4.8667   3.025475    31.4034        424     1.7625     2.2696  0.000e+00
     67.652     4.8668   3.025486    31.4034        425     1.7667     2.2701  0.000e+00
     67.650     4.8670   3.025497    31.4034        426     1.7708     2.2711  0.000e+00
     67.646     4.8669   3.025475    31.4032        427     1.7750     2.2705  0.000e+00
     67.636     4.8669   3.025464    31.4031        428     1.7792     2.2711  0.000e+00
     67.625     4.8668   3.025475    31.4033        429     1.7833     2.2702  0.000e+00
     67.610     4.8669   3.025464    31.4031        430     1.7875     2.2707  0.000e+00
     67.598     4.8668   3.025437    31.4029        431     1.7917     2.2690  0.000e+00
     67.585     4.8667   3.025448    31.4031        432     1.7958     2.2689  0.000e+00
     67.571     4.8667   3.025459    31.4032        433     1.8000     2.2699  0.000e+00
     67.564     4.8667   3.025475    31.4034        434     1.8042     2.2694  0.000e+00
     67.558     4.8666   3.025464    31.4034        435     1.8083     2.2693  0.000e+00
     67.562     4.8668   3.025475    31.4034        436     1.8125     2.2699  0.000e+00
     67.567     4.8666   3.025486    31.4036        437     1.8167     2.2699  0.000e+00
     67.578     4.8668   3.025535    31.4041        438     1.8208     2.2695  0.000e+00
     67.594     4.8669   3.025524    31.4038        439     1.8250     2.2699  0.000e+00
     67.605     4.8671   3.025551    31.4039        440     1.8292     2.2701  0.000e+00
     67.620     4.8674   3.025551    31.4036        441     1.8333     2.2698  0.000e+00
     67.636     4.8675   3.025524    31.4032        442     1.8375     2.2689  0.000e+00
     67.645     4.8676   3.025551    31.4034        443     1.8417     2.2699  0.000e+00
     67.656     4.8677   3.025546    31.4032        444     1.8458     2.2701  0.000e+00
     67.665     4.8677   3.025551    31.4033        445     1.8500     2.2700  0.000e+00
     67.672     4.8677   3.025524    31.4030        446     1.8542     2.2717  0.000e+00
     67.680     4.8677   3.025513    31.4029        447     1.8583     2.2701  0.000e+00
     67.689     4.8677   3.025513    31.4029        448     1.8625     2.2702  0.000e+00
     67.692     4.8677   3.025524    31.4030        449     1.8667     2.2711  0.000e+00
     67.698     4.8677   3.025513    31.4029        450     1.8708     2.2703  0.000e+00
     67.703     4.8675   3.025486    31.4027        451     1.8750     2.2691  0.000e+00
     67.703     4.8675   3.025475    31.4026        452     1.8792     2.2701  0.000e+00
     67.705     4.8674   3.025464    31.4026        453     1.8833     2.2705  0.000e+00
     67.701     4.8674   3.025475    31.4027        454     1.8875     2.2698  0.000e+00
     67.705     4.8671   3.025497    31.4032        455     1.8917     2.2699  0.000e+00
     67.710     4.8671   3.025508    31.4034        456     1.8958     2.2696  0.000e+00
     67.705     4.8671   3.025497    31.4032        457     1.9000     2.2691  0.000e+00
     67.703     4.8671   3.025508    31.4033        458     1.9042     2.2702  0.000e+00
     67.697     4.8671   3.025535    31.4036        459     1.9083     2.2704  0.000e+00
     67.697     4.8672   3.025524    31.4035        460     1.9125     2.2706  0.000e+00
     67.692     4.8673   3.025497    31.4031        461     1.9167     2.2700  0.000e+00
     67.688     4.8673   3.025524    31.4034        462     1.9208     2.2704  0.000e+00
     67.679     4.8673   3.025513    31.4033        463     1.9250     2.2693  0.000e+00
     67.675     4.8671   3.025475    31.4030        464     1.9292     2.2703  0.000e+00
     67.672     4.8670   3.025486    31.4032        465     1.9333     2.2693  0.000e+00
     67.670     4.8670   3.025475    31.4031        466     1.9375     2.2711  0.000e+00
     67.664     4.8669   3.025426    31.4026        467     1.9417     2.2700  0.000e+00
     67.666     4.8669   3.025475    31.4032        468     1.9458     2.2692  0.000e+00
     67.670     4.8670   3.025486    31.4032        469     1.9500     2.2696  0.000e+00
     67.670     4.8670   3.025475    31.4031        470     1.9542     2.2696  0.000e+00
     67.670     4.8670   3.025459    31.4029        471     1.9583     2.2682  0.000e+00
     67.665     4.8669   3.025448    31.4029        472     1.9625     2.2696  0.000e+00
     67.665     4.8669   3.025475    31.4032        473     1.9667     2.2685  0.000e+00
     67.658     4.8669   3.025508    31.4036        474     1.9708     2.2680  0.000e+00
     67.656     4.8669   3.025497    31.4034        475     1.9750     2.2686  0.000e+00
     67.643     4.8669   3.025464    31.4031        476     1.9792     2.2696  0.000e+00
     67.636     4.8669   3.025421    31.4026        477     1.9833     2.2686  0.000e+00
     67.627     4.8669   3.025437    31.4028        478     1.9875     2.2693  0.000e+00
     67.612     4.8666   3.025448    31.4032        479     1.9917     2.2686  0.000e+00
     67.607     4.8666   3.025437    31.4031        480     1.9958     2.2693  0.000e+00
     67.596     4.8665   3.025426    31.4031        481     2.0000     2.2692  0.000e+00
     67.596     4.8665   3.025437    31.4032        482     2.0042     2.2698  0.000e+00
     67.594     4.8663   3.025464    31.4037        483     2.0083     2.2694  0.000e+00
     67.592     4.8665   3.025459    31.4034        484     2.0125     2.2688  0.000e+00
     67.598     4.8665   3.025497    31.4038        485     2.0167     2.2686  0.000e+00
     67.599     4.8668   3.025508    31.4037        486     2.0208     2.2683  0.000e+00
     67.609     4.8669   3.025567    31.4043        487     2.0250     2.2690  0.000e+00
     67.621     4.8671   3.025508    31.4034        488     2.0292     2.2694  0.000e+00
     67.630     4.8674   3.025475    31.4027        489     2.0333     2.2709  0.000e+00
     67.639     4.8673   3.025486    31.4030        490     2.0375     2.2698  0.000e+00
     67.650     4.8671   3.025497    31.4032        491     2.0417     2.2702  0.000e+00
     67.658     4.8671   3.025513    31.4035        492     2.0458     2.2700  0.000e+00
     67.663     4.8671   3.025524    31.4035        493     2.0500     2.2699  0.000e+00
     67.670     4.8671   3.025513    31.4034        494     2.0542     2.2691  0.000e+00
     67.668     4.8670   3.025464    31.4029        495     2.0583     2.2701  0.000e+00
     67.668     4.8670   3.025475    31.4031        496     2.0625     2.2695  0.000e+00
     67.672     4.8668   3.025486    31.4034        497     2.0667     2.2693  0.000e+00
     67.670     4.8667   3.025497    31.4036        498     2.0708     2.2699  0.000e+00
     67.674     4.8666   3.025497    31.4037        499     2.0750     2.2692  0.000e+00
     67.674     4.8666   3.025524    31.4040        500     2.0792     2.2687  0.000e+00
     67.676     4.8668   3.025513    31.4038        501     2.0833     2.2684  0.000e+00
     67.672     4.8670   3.025464    31.4030        502     2.0875     2.2679  0.000e+00
     67.668     4.8670   3.025475    31.4031        503     2.0917     2.2683  0.000e+00
     67.674     4.8670   3.025464    31.4030        504     2.0958     2.2690  0.000e+00
     67.670     4.8671   3.025475    31.4030        505     2.1000     2.2680  0.000e+00
     67.677     4.8670   3.025464    31.4029        506     2.1042     2.2682  0.000e+00
     67.674     4.8671   3.025475    31.4030        507     2.1083     2.2680  0.000e+00
     67.677     4.8670   3.025437    31.4027        508     2.1125     2.2690  0.000e+00
     67.684     4.8670   3.025464    31.4029        509     2.1167     2.2677  0.000e+00
     67.690     4.8671   3.025497    31.4033        510     2.1208     2.2681  0.000e+00
     67.695     4.8673   3.025508    31.4032        511     2.1250     2.2677  0.000e+00
     67.695     4.8674   3.025475    31.4027        512     2.1292     2.2675  0.000e+00
     67.701     4.8675   3.025508    31.4029        513     2.1333     2.2680  0.000e+00
     67.706     4.8674   3.025475    31.4027        514     2.1375     2.2689  0.000e+00
     67.704     4.8673   3.025459    31.4026        515     2.1417     2.2689  0.000e+00
     67.706     4.8671   3.025464    31.4029        516     2.1458     2.2678  0.000e+00
     67.703     4.8670   3.025475    31.4031        517     2.1500     2.2681  0.000e+00
     67.706     4.8669   3.025448    31.4028        518     2.1542     2.2689  0.000e+00
     67.708     4.8669   3.025459    31.4030        519     2.1583     2.2693  0.000e+00
     67.708     4.8670   3.025464    31.4030        520     2.1625     2.2690  0.000e+00
     67.712     4.8668   3.025437    31.4029        521     2.1667     2.2690  0.000e+00
     67.714     4.8668   3.025437    31.4029        522     2.1708     2.2688  0.000e+00
     67.717     4.8668   3.025448    31.4030        523     2.1750     2.2696  0.000e+00
     67.717     4.8666   3.025437    31.4030        524     2.1792     2.2690  0.000e+00
     67.721     4.8667   3.025448    31.4030        525     2.1833     2.2692  0.000e+00
     67.719     4.8668   3.025459    31.4031        526     2.1875     2.2693  0.000e+00
     67.719     4.8666   3.025464    31.4033        527     2.1917     2.2688  0.000e+00
     67.716     4.8666   3.025421    31.4028        528     2.1958     2.2683  0.000e+00
     67.708     4.8666   3.025459    31.4033        529     2.2000     2.2683  0.000e+00
     67.697     4.8665   3.025464    31.4034        530     2.2042     2.2683  0.000e+00
     67.683     4.8663   3.025459    31.4036        531     2.2083     2.2688  0.000e+00
     67.672     4.8660   3.025448    31.4037        532     2.2125     2.2690  0.000e+00
     67.658     4.8659   3.025459    31.4039        533     2.2167     2.2689  0.000e+00
     67.637     4.8659   3.025464    31.4041        534     2.2208     2.2688  0.000e+00
     67.627     4.8658   3.025437    31.4038        535     2.2250     2.2683  0.000e+00
     67.607     4.8657   3.025459    31.4042        536     2.2292     2.2694  0.000e+00
     67.596     4.8656   3.025448    31.4041        537     2.2333     2.2698  0.000e+00
     67.589     4.8657   3.025437    31.4039        538     2.2375     2.2696  0.000e+00
     67.582     4.8658   3.025486    31.4044        539     2.2417     2.2692  0.000e+00
     67.583     4.8657   3.025459    31.4041        540     2.2458     2.2709  0.000e+00
     67.587     4.8657   3.025486    31.4045        541     2.2500     2.2693  0.000e+00
     67.601     4.8659   3.025535    31.4049        542     2.2542     2.2709  0.000e+00
     67.617     4.8661   3.025546    31.4048        543     2.2583     2.2703  0.000e+00
     67.641     4.8663   3.025551    31.4046        544     2.2625     2.2690  0.000e+00
     67.666     4.8664   3.025567    31.4047        545     2.2667     2.2698  0.000e+00
     67.690     4.8666   3.025562    31.4045        546     2.2708     2.2700  0.000e+00
     67.711     4.8666   3.025567    31.4045        547     2.2750     2.2687  0.000e+00
     67.731     4.8667   3.025584    31.4046        548     2.2792     2.2695  0.000e+00
     67.742     4.8666   3.025475    31.4034        549     2.2833     2.2696  0.000e+00
