HB2402/sbe009.cnv
* Sea-Bird SBE 19plus V2 Data File:
* FileName = C:\cruise\data\sbe009.hex
* Software Version Seasave V 7.26.7.121
* Temperature SN = 7142
* Conductivity SN = 7142
* System UpLoad Time = Mar 10 2024 05:21:45
* NMEA Latitude = 36 54.05 N
* NMEA Longitude = 075 28.05 W
* NMEA UTC (Time) = Mar 10 2024  05:21:12
** Ship: Bigelow
** Cruise:  HB2304
** Program:  Fall Bottom Trawl
# nquan = 7
# nvalues = 1354                                  
# units = specified
# name 0 = depSM: Depth [salt water, m]
# name 1 = tv290C: Temperature [ITS-90, deg C]
# name 2 = c0S/m: Conductivity [S/m]
# name 3 = sal00: Salinity, Practical [PSU]
# name 4 = scan: Scan Count
# name 5 = timeM: Time, Elapsed [minutes]
# name 6 = flag:  0.000e+00
# span 0 =     -0.219,     21.161                 
# span 1 =     8.3183,    11.3303                 
# span 2 =  -0.029510,   3.336158                 
# span 3 =     0.0000,    31.5011                 
# span 4 =         11,       1364                 
# span 5 =     0.0417,     5.6792                 
# span 6 = 0.0000e+00, 0.0000e+00                 
# interval = seconds: 0.25
# start_time = Mar 10 2024 05:21:12 [NMEA time, header]
# bad_flag = -9.990e-29
*END*
[from data line 1026]
      4.271     8.3224   3.286975    31.1424       1037     4.3167  0.000e+00
      4.291     8.3226   3.286998    31.1425       1038     4.3208  0.000e+00
      4.339     8.3225   3.286998    31.1425       1039     4.3250  0.000e+00
      4.398     8.3227   3.286998    31.1423       1040     4.3292  0.000e+00
      4.463     8.3226   3.287010    31.1425       1041     4.3333  0.000e+00
      4.531     8.3226   3.286998    31.1424       1042     4.3375  0.000e+00
      4.594     8.3226   3.287016    31.1425       1043     4.3417  0.000e+00
      4.657     8.3229   3.287016    31.1422       1044     4.3458  0.000e+00
      4.699     8.3228   3.287016    31.1423       1045     4.3500  0.000e+00
      4.740     8.3228   3.287016    31.1423       1046     4.3542  0.000e+00
      4.767     8.3228   3.287040    31.1425       1047     4.3583  0.000e+00
      4.787     8.3228   3.287034    31.1425       1048     4.3625  0.000e+00
      4.801     8.3228   3.287040    31.1425       1049     4.3667  0.000e+00
      4.808     8.3227   3.287016    31.1423       1050     4.3708  0.000e+00
      4.810     8.3228   3.287016    31.1422       1051     4.3750  0.000e+00
      4.815     8.3229   3.287040    31.1423       1052     4.3792  0.000e+00
      4.806     8.3230   3.287040    31.1423       1053     4.3833  0.000e+00
      4.776     8.3229   3.287034    31.1424       1054     4.3875  0.000e+00
      4.717     8.3231   3.287058    31.1424       1055     4.3917  0.000e+00
      4.638     8.3231   3.287057    31.1425       1056     4.3958  0.000e+00
      4.540     8.3232   3.287040    31.1422       1057     4.4000  0.000e+00
      4.420     8.3231   3.287040    31.1423       1058     4.4042  0.000e+00
      4.292     8.3233   3.287057    31.1424       1059     4.4083  0.000e+00
      4.156     8.3234   3.287057    31.1424       1060     4.4125  0.000e+00
      4.044     8.3233   3.287051    31.1425       1061     4.4167  0.000e+00
      3.942     8.3236   3.287081    31.1426       1062     4.4208  0.000e+00
      3.865     8.3236   3.287057    31.1423       1063     4.4250  0.000e+00
      3.821     8.3237   3.287040    31.1421       1064     4.4292  0.000e+00
      3.800     8.3235   3.287040    31.1423       1065     4.4333  0.000e+00
      3.804     8.3235   3.287057    31.1425       1066     4.4375  0.000e+00
      3.816     8.3236   3.287057    31.1424       1067     4.4417  0.000e+00
      3.843     8.3237   3.287051    31.1422       1068     4.4458  0.000e+00
      3.886     8.3236   3.287057    31.1423       1069     4.4500  0.000e+00
      3.933     8.3237   3.287040    31.1421       1070     4.4542  0.000e+00
      3.973     8.3239   3.287016    31.1416       1071     4.4583  0.000e+00
      4.025     8.3239   3.287040    31.1419       1072     4.4625  0.000e+00
      4.093     8.3239   3.287040    31.1418       1073     4.4667  0.000e+00
      4.170     8.3239   3.287051    31.1419       1074     4.4708  0.000e+00
      4.249     8.3240   3.287057    31.1418       1075     4.4750  0.000e+00
      4.305     8.3239   3.287081    31.1422       1076     4.4792  0.000e+00
      4.327     8.3241   3.287099    31.1421       1077     4.4833  0.000e+00
      4.343     8.3241   3.287122    31.1424       1078     4.4875  0.000e+00
      4.325     8.3244   3.287122    31.1422       1079     4.4917  0.000e+00
      4.276     8.3246   3.287099    31.1417       1080     4.4958  0.000e+00
      4.195     8.3247   3.287128    31.1420       1081     4.5000  0.000e+00
      4.082     8.3249   3.287140    31.1420       1082     4.5042  0.000e+00
      3.958     8.3252   3.287163    31.1420       1083     4.5083  0.000e+00
      3.856     8.3257   3.287140    31.1414       1084     4.5125  0.000e+00
      3.786     8.3259   3.287140    31.1413       1085     4.5167  0.000e+00
      3.717     8.3261   3.287163    31.1414       1086     4.5208  0.000e+00
      3.645     8.3263   3.287163    31.1412       1087     4.5250  0.000e+00
      3.604     8.3265   3.287151    31.1409       1088     4.5292  0.000e+00
      3.575     8.3265   3.287163    31.1410       1089     4.5333  0.000e+00
      3.541     8.3267   3.287181    31.1410       1090     4.5375  0.000e+00
      3.487     8.3268   3.287181    31.1410       1091     4.5417  0.000e+00
      3.448     8.3269   3.287181    31.1409       1092     4.5458  0.000e+00
      3.405     8.3267   3.287181    31.1411       1093     4.5500  0.000e+00
      3.360     8.3268   3.287169    31.1409       1094     4.5542  0.000e+00
      3.324     8.3267   3.287163    31.1410       1095     4.5583  0.000e+00
      3.322     8.3268   3.287181    31.1411       1096     4.5625  0.000e+00
      3.340     8.3267   3.287181    31.1411       1097     4.5667  0.000e+00
      3.385     8.3269   3.287163    31.1408       1098     4.5708  0.000e+00
      3.437     8.3270   3.287163    31.1407       1099     4.5750  0.000e+00
      3.491     8.3269   3.287199    31.1411       1100     4.5792  0.000e+00
      3.529     8.3272   3.287187    31.1407       1101     4.5833  0.000e+00
      3.561     8.3273   3.287199    31.1407       1102     4.5875  0.000e+00
      3.565     8.3274   3.287199    31.1406       1103     4.5917  0.000e+00
      3.554     8.3273   3.287181    31.1405       1104     4.5958  0.000e+00
      3.539     8.3273   3.287181    31.1405       1105     4.6000  0.000e+00
      3.521     8.3270   3.287181    31.1408       1106     4.6042  0.000e+00
      3.538     8.3269   3.287169    31.1408       1107     4.6083  0.000e+00
      3.584     8.3266   3.287181    31.1411       1108     4.6125  0.000e+00
      3.654     8.3266   3.287163    31.1410       1109     4.6167  0.000e+00
      3.714     8.3264   3.287163    31.1410       1110     4.6208  0.000e+00
      3.755     8.3264   3.287181    31.1413       1111     4.6250  0.000e+00
      3.802     8.3263   3.287181    31.1413       1112     4.6292  0.000e+00
      3.843     8.3263   3.287181    31.1413       1113     4.6333  0.000e+00
      3.859     8.3264   3.287187    31.1413       1114     4.6375  0.000e+00
      3.824     8.3261   3.287181    31.1415       1115     4.6417  0.000e+00
      3.746     8.3260   3.287181    31.1416       1116     4.6458  0.000e+00
      3.619     8.3260   3.287181    31.1417       1117     4.6500  0.000e+00
      3.468     8.3262   3.287199    31.1417       1118     4.6542  0.000e+00
      3.304     8.3266   3.287222    31.1417       1119     4.6583  0.000e+00
      3.144     8.3271   3.287240    31.1415       1120     4.6625  0.000e+00
      3.007     8.3277   3.287246    31.1411       1121     4.6667  0.000e+00
      2.903     8.3281   3.287263    31.1410       1122     4.6708  0.000e+00
      2.835     8.3286   3.287281    31.1407       1123     4.6750  0.000e+00
      2.774     8.3289   3.287263    31.1404       1124     4.6792  0.000e+00
      2.736     8.3292   3.287281    31.1402       1125     4.6833  0.000e+00
      2.714     8.3293   3.287304    31.1404       1126     4.6875  0.000e+00
      2.700     8.3297   3.287304    31.1401       1127     4.6917  0.000e+00
      2.682     8.3296   3.287263    31.1397       1128     4.6958  0.000e+00
      2.666     8.3296   3.287263    31.1397       1129     4.7000  0.000e+00
      2.635     8.3296   3.287322    31.1404       1130     4.7042  0.000e+00
      2.598     8.3302   3.287363    31.1403       1131     4.7083  0.000e+00
      2.553     8.3307   3.287405    31.1403       1132     4.7125  0.000e+00
      2.511     8.3313   3.287405    31.1398       1133     4.7167  0.000e+00
      2.475     8.3314   3.287405    31.1397       1134     4.7208  0.000e+00
      2.456     8.3315   3.287404    31.1396       1135     4.7250  0.000e+00
      2.454     8.3317   3.287387    31.1393       1136     4.7292  0.000e+00
      2.465     8.3315   3.287387    31.1395       1137     4.7333  0.000e+00
      2.492     8.3313   3.287387    31.1396       1138     4.7375  0.000e+00
      2.502     8.3311   3.287405    31.1400       1139     4.7417  0.000e+00
      2.497     8.3313   3.287381    31.1396       1140     4.7458  0.000e+00
      2.492     8.3310   3.287387    31.1399       1141     4.7500  0.000e+00
      2.470     8.3308   3.287387    31.1401       1142     4.7542  0.000e+00
      2.441     8.3308   3.287404    31.1402       1143     4.7583  0.000e+00
      2.402     8.3312   3.287428    31.1402       1144     4.7625  0.000e+00
      2.366     8.3312   3.287428    31.1402       1145     4.7667  0.000e+00
      2.333     8.3313   3.287469    31.1406       1146     4.7708  0.000e+00
      2.314     8.3320   3.287581    31.1411       1147     4.7750  0.000e+00
      2.308     8.3330   3.287634    31.1408       1148     4.7792  0.000e+00
      2.317     8.3341   3.287634    31.1398       1149     4.7833  0.000e+00
      2.328     8.3346   3.287611    31.1391       1150     4.7875  0.000e+00
      2.353     8.3350   3.287611    31.1388       1151     4.7917  0.000e+00
      2.387     8.3348   3.287634    31.1392       1152     4.7958  0.000e+00
      2.427     8.3347   3.287617    31.1390       1153     4.8000  0.000e+00
      2.454     8.3343   3.287552    31.1387       1154     4.8042  0.000e+00
      2.450     8.3341   3.287528    31.1387       1155     4.8083  0.000e+00
      2.438     8.3336   3.287511    31.1389       1156     4.8125  0.000e+00
      2.407     8.3334   3.287528    31.1393       1157     4.8167  0.000e+00
      2.337     8.3333   3.287570    31.1399       1158     4.8208  0.000e+00
      2.256     8.3335   3.287552    31.1395       1159     4.8250  0.000e+00
      2.179     8.3337   3.287617    31.1400       1160     4.8292  0.000e+00
      2.121     8.3341   3.287593    31.1395       1161     4.8333  0.000e+00
      2.062     8.3341   3.287528    31.1388       1162     4.8375  0.000e+00
      1.987     8.3338   3.287510    31.1390       1163     4.8417  0.000e+00
      1.936     8.3336   3.287510    31.1391       1164     4.8458  0.000e+00
      1.900     8.3336   3.287528    31.1393       1165     4.8500  0.000e+00
      1.864     8.3338   3.287552    31.1394       1166     4.8542  0.000e+00
      1.870     8.3338   3.287558    31.1395       1167     4.8583  0.000e+00
      1.882     8.3342   3.287569    31.1392       1168     4.8625  0.000e+00
      1.893     8.3342   3.287552    31.1390       1169     4.8667  0.000e+00
      1.927     8.3343   3.287552    31.1389       1170     4.8708  0.000e+00
      1.940     8.3343   3.287569    31.1391       1171     4.8750  0.000e+00
      1.956     8.3343   3.287593    31.1393       1172     4.8792  0.000e+00
      1.931     8.3341   3.287499    31.1386       1173     4.8833  0.000e+00
      1.818     8.3334   3.287446    31.1387       1174     4.8875  0.000e+00
      1.678     8.3327   3.287469    31.1396       1175     4.8917  0.000e+00
      1.510     8.3324   3.287569    31.1410       1176     4.8958  0.000e+00
      1.349     8.3332   3.287734    31.1421       1177     4.9000  0.000e+00
      1.226     8.3349   3.287817    31.1415       1178     4.9042  0.000e+00
      1.149     8.3366   3.287840    31.1403       1179     4.9083  0.000e+00
      1.122     8.3376   3.287834    31.1393       1180     4.9125  0.000e+00
      1.129     8.3386   3.287799    31.1381       1181     4.9167  0.000e+00
      1.174     8.3391   3.287799    31.1376       1182     4.9208  0.000e+00
      1.230     8.3396   3.287775    31.1369       1183     4.9250  0.000e+00
      1.275     8.3399   3.287775    31.1366       1184     4.9292  0.000e+00
      1.329     8.3404   3.287799    31.1364       1185     4.9333  0.000e+00
      1.379     8.3409   3.287834    31.1363       1186     4.9375  0.000e+00
      1.422     8.3412   3.287899    31.1367       1187     4.9417  0.000e+00
      1.489     8.3419   3.288005    31.1371       1188     4.9458  0.000e+00
      1.537     8.3418   3.287982    31.1370       1189     4.9500  0.000e+00
      1.588     8.3414   3.287882    31.1362       1190     4.9542  0.000e+00
      1.611     8.3404   3.287858    31.1369       1191     4.9583  0.000e+00
      1.598     8.3397   3.287964    31.1386       1192     4.9625  0.000e+00
      1.541     8.3394   3.287893    31.1382       1193     4.9667  0.000e+00
      1.433     8.3389   3.287882    31.1386       1194     4.9708  0.000e+00
      1.244     8.3386   3.287899    31.1391       1195     4.9750  0.000e+00
      1.063     8.3387   3.287982    31.1400       1196     4.9792  0.000e+00
      0.953     8.3394   3.288064    31.1403       1197     4.9833  0.000e+00
      0.887     8.3408   3.288329    31.1418       1198     4.9875  0.000e+00
      0.840     8.3435   3.288595    31.1422       1199     4.9917  0.000e+00
      0.818     8.3466   3.288724    31.1409       1200     4.9958  0.000e+00
      0.827     8.3493   3.288701    31.1382       1201     5.0000  0.000e+00
      0.856     8.3508   3.288683    31.1367       1202     5.0042  0.000e+00
      0.892     8.3520   3.288660    31.1354       1203     5.0083  0.000e+00
      0.923     8.3526   3.288766    31.1360       1204     5.0125  0.000e+00
      0.939     8.3530   3.288807    31.1360       1205     5.0167  0.000e+00
      0.944     8.3525   3.288754    31.1359       1206     5.0208  0.000e+00
      0.969     8.3515   3.288618    31.1353       1207     5.0250  0.000e+00
      1.002     8.3505   3.288559    31.1356       1208     5.0292  0.000e+00
      1.005     8.3501   3.288660    31.1370       1209     5.0333  0.000e+00
      0.973     8.3498   3.288683    31.1375       1210     5.0375  0.000e+00
      0.905     8.3499   3.288724    31.1379       1211     5.0417  0.000e+00
      0.838     8.3502   3.288695    31.1373       1212     5.0458  0.000e+00
      0.806     8.3500   3.288660    31.1372       1213     5.0500  0.000e+00
      0.802     8.3502   3.288577    31.1361       1214     5.0542  0.000e+00
      0.829     8.3500   3.288559    31.1361       1215     5.0583  0.000e+00
      0.899     8.3498   3.288536    31.1360       1216     5.0625  0.000e+00
      0.987     8.3495   3.288559    31.1365       1217     5.0667  0.000e+00
      1.086     8.3493   3.288536    31.1364       1218     5.0708  0.000e+00
      1.182     8.3491   3.288542    31.1365       1219     5.0750  0.000e+00
      1.271     8.3490   3.288577    31.1370       1220     5.0792  0.000e+00
      1.289     8.3490   3.288660    31.1379       1221     5.0833  0.000e+00
      1.266     8.3490   3.288742    31.1387       1222     5.0875  0.000e+00
      1.185     8.3494   3.288601    31.1369       1223     5.0917  0.000e+00
      1.076     8.3489   3.288495    31.1363       1224     5.0958  0.000e+00
      0.890     8.3482   3.288459    31.1366       1225     5.1000  0.000e+00
      0.648     8.3477   3.288477    31.1374       1226     5.1042  0.000e+00
      0.380     8.3478   3.288518    31.1378       1227     5.1083  0.000e+00
      0.171     8.3482   3.288600    31.1384       1228     5.1125  0.000e+00
     -0.053     8.3490   3.288618    31.1380       1229     5.1167  0.000e+00
     -0.172     8.3490   3.288577    31.1377       1230     5.1208  0.000e+00
     -0.179     8.3490   3.288577    31.1377       1231     5.1250  0.000e+00
     -0.159     8.3491   3.288559    31.1373       1232     5.1292  0.000e+00
      0.055     8.3503   3.288559    31.1362       1233     5.1333  0.000e+00
      0.220     8.3502   3.288577    31.1364       1234     5.1375  0.000e+00
      0.346     8.3496   3.288536    31.1364       1235     5.1417  0.000e+00
      0.466     8.3493   3.288536    31.1367       1236     5.1458  0.000e+00
      0.536     8.3488   3.288600    31.1378       1237     5.1500  0.000e+00
      0.614     8.3488   3.288559    31.1373       1238     5.1542  0.000e+00
      0.635     8.3487   3.288247    31.1341       1239     5.1583  0.000e+00
      0.605     8.3482   3.288494    31.1371       1240     5.1625  0.000e+00
