HB2402/sbe049.cnv
* Sea-Bird SBE 19plus V2 Data File:
* FileName = C:\cruise\data\sbe049.hex
* Software Version Seasave V 7.26.7.121
* Temperature SN = 7142
* Conductivity SN = 7142
* System UpLoad Time = Apr 04 2024 21:45:42
* NMEA Latitude = 41 22.78 N
* NMEA Longitude = 071 01.94 W
* NMEA UTC (Time) = Apr 04 2024  21:45:01
** Ship: Bigelow
** Cruise:  HB2304
** Program:  Fall Bottom Trawl
# nquan = 7
# nvalues = 831                                   
# units = specified
# name 0 = depSM: Depth [salt water, m]
# name 1 = tv290C: Temperature [ITS-90, deg C]
# name 2 = c0S/m: Conductivity [S/m]
# name 3 = sal00: Salinity, Practical [PSU]
# name 4 = scan: Scan Count
# name 5 = timeM: Time, Elapsed [minutes]
# name 6 = flag:  0.000e+00
# span 0 =     -0.280,     18.400                 
# span 1 =     5.6144,     6.0424                 
# span 2 =  -0.033485,   3.051155                 
# span 3 =     0.0000,    30.8424                 
# span 4 =         11,        841                 
# span 5 =     0.0417,     3.5000                 
# span 6 = 0.0000e+00, 0.0000e+00                 
# interval = seconds: 0.25
# start_time = Apr 04 2024 21:45:01 [NMEA time, header]
# bad_flag = -9.990e-29
*END*
[from data line 206]
      8.170     6.0135   3.037502    30.5099        217     0.9000  0.000e+00
      8.220     6.0178   3.037554    30.5066        218     0.9042  0.000e+00
      8.262     6.0211   3.037371    30.5016        219     0.9083  0.000e+00
      8.296     6.0230   3.036959    30.4953        220     0.9125  0.000e+00
      8.326     6.0237   3.033747    30.4590        221     0.9167  0.000e+00
      8.361     6.0235   3.028098    30.3965        222     0.9208  0.000e+00
      8.407     6.0235   3.025049    30.3626        223     0.9250  0.000e+00
      8.467     6.0203   3.022389    30.3360        224     0.9292  0.000e+00
      8.535     6.0046   3.021488    30.3400        225     0.9333  0.000e+00
      8.609     5.9844   3.021363    30.3567        226     0.9375  0.000e+00
      8.697     5.9651   3.021643    30.3771        227     0.9417  0.000e+00
      8.790     5.9496   3.022128    30.3963        228     0.9458  0.000e+00
      8.882     5.9398   3.023001    30.4148        229     0.9500  0.000e+00
      8.984     5.9347   3.023132    30.4208        230     0.9542  0.000e+00
      9.092     5.9317   3.023218    30.4244        231     0.9583  0.000e+00
      9.200     5.9297   3.023566    30.4300        232     0.9625  0.000e+00
      9.306     5.9293   3.024182    30.4372        233     0.9667  0.000e+00
      9.408     5.9298   3.025227    30.4483        234     0.9708  0.000e+00
      9.512     5.9309   3.026563    30.4621        235     0.9750  0.000e+00
      9.609     5.9337   3.027785    30.4732        236     0.9792  0.000e+00
      9.708     5.9423   3.028464    30.4729        237     0.9833  0.000e+00
      9.798     5.9560   3.030583    30.4841        238     0.9875  0.000e+00
      9.888     5.9684   3.033674    30.5072        239     0.9917  0.000e+00
      9.960     5.9799   3.035520    30.5174        240     0.9958  0.000e+00
     10.026     5.9905   3.036657    30.5204        241     1.0000  0.000e+00
     10.087     5.9991   3.037435    30.5213        242     1.0042  0.000e+00
     10.150     6.0063   3.037972    30.5207        243     1.0083  0.000e+00
     10.213     6.0114   3.038424    30.5211        244     1.0125  0.000e+00
     10.278     6.0155   3.038727    30.5207        245     1.0167  0.000e+00
     10.350     6.0188   3.039018    30.5210        246     1.0208  0.000e+00
     10.432     6.0213   3.039138    30.5200        247     1.0250  0.000e+00
     10.524     6.0234   3.039138    30.5180        248     1.0292  0.000e+00
     10.623     6.0249   3.038932    30.5144        249     1.0333  0.000e+00
     10.731     6.0261   3.038206    30.5052        250     1.0375  0.000e+00
     10.847     6.0263   3.035834    30.4787        251     1.0417  0.000e+00
     10.970     6.0260   3.033422    30.4521        252     1.0458  0.000e+00
     11.097     6.0257   3.032251    30.4393        253     1.0500  0.000e+00
     11.230     6.0257   3.032080    30.4373        254     1.0542  0.000e+00
     11.365     6.0262   3.032359    30.4400        255     1.0583  0.000e+00
     11.510     6.0261   3.033068    30.4478        256     1.0625  0.000e+00
     11.649     6.0260   3.034257    30.4611        257     1.0667  0.000e+00
     11.787     6.0259   3.035537    30.4753        258     1.0708  0.000e+00
     11.913     6.0257   3.036074    30.4814        259     1.0750  0.000e+00
     12.035     6.0257   3.036326    30.4840        260     1.0792  0.000e+00
     12.155     6.0255   3.036412    30.4851        261     1.0833  0.000e+00
     12.270     6.0254   3.036526    30.4865        262     1.0875  0.000e+00
     12.373     6.0254   3.037149    30.4933        263     1.0917  0.000e+00
     12.466     6.0256   3.038464    30.5077        264     1.0958  0.000e+00
     12.553     6.0261   3.039230    30.5157        265     1.1000  0.000e+00
     12.624     6.0266   3.039631    30.5196        266     1.1042  0.000e+00
     12.673     6.0270   3.039871    30.5219        267     1.1083  0.000e+00
     12.709     6.0271   3.040025    30.5236        268     1.1125  0.000e+00
     12.727     6.0271   3.040100    30.5243        269     1.1167  0.000e+00
     12.730     6.0271   3.040025    30.5236        270     1.1208  0.000e+00
     12.718     6.0268   3.039837    30.5217        271     1.1250  0.000e+00
     12.698     6.0267   3.038127    30.5028        272     1.1292  0.000e+00
     12.680     6.0258   3.035760    30.4774        273     1.1333  0.000e+00
     12.666     6.0255   3.034651    30.4654        274     1.1375  0.000e+00
     12.659     6.0250   3.032531    30.4423        275     1.1417  0.000e+00
     12.666     6.0217   3.031372    30.4324        276     1.1458  0.000e+00
     12.695     6.0094   3.030583    30.4347        277     1.1500  0.000e+00
     12.747     5.9921   3.030092    30.4448        278     1.1542  0.000e+00
     12.835     5.9798   3.029944    30.4542        279     1.1583  0.000e+00
     12.934     5.9709   3.030070    30.4635        280     1.1625  0.000e+00
     13.052     5.9635   3.029990    30.4692        281     1.1667  0.000e+00
     13.192     5.9574   3.029984    30.4746        282     1.1708  0.000e+00
     13.350     5.9519   3.030030    30.4800        283     1.1750  0.000e+00
     13.521     5.9480   3.030019    30.4832        284     1.1792  0.000e+00
     13.704     5.9451   3.029990    30.4855        285     1.1833  0.000e+00
     13.886     5.9431   3.029962    30.4869        286     1.1875  0.000e+00
     14.071     5.9417   3.029973    30.4882        287     1.1917  0.000e+00
     14.252     5.9405   3.030116    30.4908        288     1.1958  0.000e+00
     14.430     5.9407   3.031002    30.5004        289     1.2000  0.000e+00
     14.592     5.9414   3.033133    30.5233        290     1.2042  0.000e+00
     14.738     5.9426   3.034413    30.5364        291     1.2083  0.000e+00
     14.865     5.9391   3.035796    30.5549        292     1.2125  0.000e+00
     14.968     5.9297   3.037991    30.5878        293     1.2167  0.000e+00
     15.050     5.9196   3.039495    30.6136        294     1.2208  0.000e+00
     15.135     5.9092   3.040187    30.6307        295     1.2250  0.000e+00
     15.198     5.9002   3.040817    30.6459        296     1.2292  0.000e+00
     15.255     5.8927   3.041909    30.6648        297     1.2333  0.000e+00
     15.311     5.8869   3.043071    30.6829        298     1.2375  0.000e+00
     15.359     5.8827   3.047225    30.7331        299     1.2417  0.000e+00
     15.402     5.8695   3.049933    30.7753        300     1.2458  0.000e+00
     15.444     5.8502   3.050243    30.7962        301     1.2500  0.000e+00
     15.490     5.8376   3.050312    30.8085        302     1.2542  0.000e+00
     15.543     5.8308   3.050461    30.8164        303     1.2583  0.000e+00
     15.589     5.8267   3.050478    30.8202        304     1.2625  0.000e+00
     15.638     5.8243   3.050501    30.8227        305     1.2667  0.000e+00
     15.686     5.8230   3.050312    30.8217        306     1.2708  0.000e+00
     15.735     5.8228   3.050237    30.8210        307     1.2750  0.000e+00
     15.783     5.8230   3.050478    30.8236        308     1.2792  0.000e+00
     15.839     5.8217   3.050558    30.8256        309     1.2833  0.000e+00
     15.888     5.8196   3.050581    30.8278        310     1.2875  0.000e+00
     15.940     5.8182   3.050535    30.8285        311     1.2917  0.000e+00
     15.997     5.8176   3.050404    30.8276        312     1.2958  0.000e+00
     16.058     5.8178   3.050346    30.8267        313     1.3000  0.000e+00
     16.125     5.8184   3.050381    30.8265        314     1.3042  0.000e+00
     16.204     5.8187   3.050478    30.8273        315     1.3083  0.000e+00
     16.292     5.8183   3.050518    30.8281        316     1.3125  0.000e+00
     16.391     5.8177   3.050558    30.8290        317     1.3167  0.000e+00
     16.500     5.8172   3.050518    30.8289        318     1.3208  0.000e+00
     16.613     5.8176   3.050518    30.8285        319     1.3250  0.000e+00
     16.739     5.8183   3.050501    30.8277        320     1.3292  0.000e+00
     16.878     5.8185   3.050536    30.8277        321     1.3333  0.000e+00
     17.018     5.8188   3.050541    30.8275        322     1.3375  0.000e+00
     17.160     5.8190   3.050559    30.8275        323     1.3417  0.000e+00
     17.302     5.8190   3.050559    30.8274        324     1.3458  0.000e+00
     17.445     5.8190   3.050582    30.8276        325     1.3500  0.000e+00
     17.587     5.8185   3.050593    30.8280        326     1.3542  0.000e+00
     17.717     5.8183   3.050622    30.8285        327     1.3583  0.000e+00
     17.843     5.8181   3.050668    30.8292        328     1.3625  0.000e+00
     17.949     5.8181   3.050719    30.8296        329     1.3667  0.000e+00
     18.031     5.8180   3.050805    30.8307        330     1.3708  0.000e+00
     18.091     5.8171   3.051000    30.8337        331     1.3750  0.000e+00
     18.141     5.8156   3.051069    30.8358        332     1.3792  0.000e+00
     18.130     5.8140   3.051120    30.8378        333     1.3833  0.000e+00
     18.074     5.8125   3.051143    30.8395        334     1.3875  0.000e+00
     17.988     5.8113   3.051120    30.8404        335     1.3917  0.000e+00
     17.884     5.8104   3.051086    30.8409        336     1.3958  0.000e+00
     17.780     5.8100   3.051040    30.8407        337     1.4000  0.000e+00
     17.697     5.8100   3.050897    30.8392        338     1.4042  0.000e+00
     17.623     5.8105   3.050954    30.8394        339     1.4083  0.000e+00
     17.560     5.8110   3.050960    30.8390        340     1.4125  0.000e+00
     17.523     5.8109   3.050914    30.8387        341     1.4167  0.000e+00
     17.510     5.8110   3.050920    30.8386        342     1.4208  0.000e+00
     17.526     5.8113   3.050879    30.8379        343     1.4250  0.000e+00
     17.559     5.8116   3.050839    30.8372        344     1.4292  0.000e+00
     17.607     5.8121   3.050822    30.8365        345     1.4333  0.000e+00
     17.681     5.8123   3.050816    30.8362        346     1.4375  0.000e+00
     17.751     5.8127   3.050897    30.8367        347     1.4417  0.000e+00
     17.837     5.8125   3.050920    30.8370        348     1.4458  0.000e+00
     17.932     5.8121   3.050937    30.8376        349     1.4500  0.000e+00
     18.031     5.8120   3.050920    30.8375        350     1.4542  0.000e+00
     18.123     5.8120   3.050971    30.8380        351     1.4583  0.000e+00
     18.197     5.8117   3.051017    30.8388        352     1.4625  0.000e+00
     18.265     5.8115   3.051011    30.8389        353     1.4667  0.000e+00
     18.313     5.8109   3.051057    30.8398        354     1.4708  0.000e+00
     18.351     5.8106   3.051126    30.8408        355     1.4750  0.000e+00
     18.385     5.8102   3.051143    30.8414        356     1.4792  0.000e+00
     18.400     5.8096   3.051155    30.8421        357     1.4833  0.000e+00
     18.396     5.8094   3.051103    30.8417        358     1.4875  0.000e+00
     18.385     5.8094   3.051120    30.8419        359     1.4917  0.000e+00
     18.362     5.8091   3.051103    30.8420        360     1.4958  0.000e+00
     18.333     5.8093   3.051120    30.8420        361     1.5000  0.000e+00
     18.295     5.8093   3.051143    30.8423        362     1.5042  0.000e+00
     18.249     5.8091   3.051137    30.8424        363     1.5083  0.000e+00
     18.195     5.8091   3.051126    30.8423        364     1.5125  0.000e+00
     18.135     5.8090   3.051120    30.8424        365     1.5167  0.000e+00
     18.074     5.8091   3.051126    30.8424        366     1.5208  0.000e+00
     18.004     5.8091   3.051120    30.8424        367     1.5250  0.000e+00
     17.934     5.8090   3.051046    30.8417        368     1.5292  0.000e+00
     17.862     5.8094   3.051017    30.8410        369     1.5333  0.000e+00
     17.792     5.8095   3.050988    30.8406        370     1.5375  0.000e+00
     17.728     5.8098   3.051000    30.8405        371     1.5417  0.000e+00
     17.681     5.8100   3.050971    30.8400        372     1.5458  0.000e+00
     17.640     5.8101   3.051011    30.8404        373     1.5500  0.000e+00
     17.609     5.8102   3.051017    30.8404        374     1.5542  0.000e+00
     17.587     5.8100   3.051046    30.8409        375     1.5583  0.000e+00
     17.562     5.8097   3.051017    30.8409        376     1.5625  0.000e+00
     17.541     5.8098   3.050988    30.8405        377     1.5667  0.000e+00
     17.526     5.8098   3.050937    30.8399        378     1.5708  0.000e+00
     17.512     5.8101   3.050954    30.8399        379     1.5750  0.000e+00
     17.489     5.8104   3.051000    30.8401        380     1.5792  0.000e+00
     17.471     5.8102   3.050937    30.8395        381     1.5833  0.000e+00
     17.444     5.8105   3.050897    30.8389        382     1.5875  0.000e+00
     17.413     5.8108   3.050839    30.8380        383     1.5917  0.000e+00
     17.375     5.8111   3.050856    30.8379        384     1.5958  0.000e+00
     17.341     5.8115   3.050725    30.8361        385     1.6000  0.000e+00
     17.305     5.8120   3.050541    30.8336        386     1.6042  0.000e+00
     17.278     5.8134   3.050519    30.8320        387     1.6083  0.000e+00
     17.250     5.8145   3.050822    30.8345        388     1.6125  0.000e+00
     17.235     5.8138   3.050896    30.8359        389     1.6167  0.000e+00
     17.224     5.8126   3.050914    30.8372        390     1.6208  0.000e+00
     17.215     5.8116   3.050960    30.8386        391     1.6250  0.000e+00
     17.214     5.8110   3.050954    30.8391        392     1.6292  0.000e+00
     17.219     5.8107   3.050856    30.8383        393     1.6333  0.000e+00
     17.214     5.8108   3.050805    30.8376        394     1.6375  0.000e+00
     17.219     5.8113   3.050879    30.8380        395     1.6417  0.000e+00
     17.217     5.8115   3.050879    30.8379        396     1.6458  0.000e+00
     17.201     5.8112   3.050879    30.8381        397     1.6500  0.000e+00
     17.176     5.8112   3.050839    30.8377        398     1.6542  0.000e+00
     17.147     5.8114   3.050782    30.8369        399     1.6583  0.000e+00
     17.115     5.8117   3.050765    30.8364        400     1.6625  0.000e+00
     17.066     5.8120   3.050679    30.8352        401     1.6667  0.000e+00
     17.018     5.8124   3.050667    30.8348        402     1.6708  0.000e+00
     16.964     5.8127   3.050461    30.8322        403     1.6750  0.000e+00
     16.910     5.8139   3.050427    30.8307        404     1.6792  0.000e+00
     16.851     5.8149   3.050427    30.8298        405     1.6833  0.000e+00
     16.782     5.8155   3.050444    30.8295        406     1.6875  0.000e+00
     16.718     5.8158   3.050444    30.8293        407     1.6917  0.000e+00
     16.649     5.8159   3.050518    30.8301        408     1.6958  0.000e+00
     16.578     5.8155   3.050536    30.8306        409     1.7000  0.000e+00
     16.511     5.8151   3.050461    30.8302        410     1.7042  0.000e+00
     16.446     5.8151   3.050404    30.8296        411     1.7083  0.000e+00
     16.391     5.8156   3.050341    30.8285        412     1.7125  0.000e+00
     16.339     5.8161   3.050427    30.8290        413     1.7167  0.000e+00
     16.322     5.8162   3.050518    30.8299        414     1.7208  0.000e+00
     16.317     5.8156   3.050650    30.8320        415     1.7250  0.000e+00
     16.328     5.8147   3.050719    30.8335        416     1.7292  0.000e+00
     16.346     5.8137   3.050747    30.8348        417     1.7333  0.000e+00
     16.355     5.8130   3.050816    30.8362        418     1.7375  0.000e+00
     16.358     5.8124   3.050747    30.8360        419     1.7417  0.000e+00
     16.357     5.8123   3.050799    30.8367        420     1.7458  0.000e+00
