HB2402/sbe031.cnv
* Sea-Bird SBE 19plus V2 Data File:
* FileName = C:\cruise\data\sbe031.hex
* Software Version Seasave V 7.26.7.121
* Temperature SN = 7142
* Conductivity SN = 7142
* System UpLoad Time = Mar 19 2024 09:58:51
* NMEA Latitude = 39 18.37 N
* NMEA Longitude = 073 24.10 W
* NMEA UTC (Time) = Mar 19 2024  09:58:07
** Ship: Bigelow
** Cruise:  HB2304
** Program:  Fall Bottom Trawl
# nquan = 7
# nvalues = 1706                                  
# units = specified
# name 0 = depSM: Depth [salt water, m]
# name 1 = tv290C: Temperature [ITS-90, deg C]
# name 2 = c0S/m: Conductivity [S/m]
# name 3 = sal00: Salinity, Practical [PSU]
# name 4 = scan: Scan Count
# name 5 = timeM: Time, Elapsed [minutes]
# name 6 = flag:  0.000e+00
# span 0 =     -0.136,     48.594                 
# span 1 =     2.8524,     7.4843                 
# span 2 =   0.000026,   3.290365                 
# span 3 =     0.0005,    32.7574                 
# span 4 =         11,       1716                 
# span 5 =     0.0417,     7.1458                 
# span 6 = 0.0000e+00, 0.0000e+00                 
# interval = seconds: 0.25
# start_time = Mar 19 2024 09:58:07 [NMEA time, header]
# bad_flag = -9.990e-29
*END*
[from data line 821]
     26.592     7.1637   3.277262    32.0796        832     3.4625  0.000e+00
     26.535     7.1738   3.277485    32.0726        833     3.4667  0.000e+00
     26.468     7.1807   3.277897    32.0707        834     3.4708  0.000e+00
     26.402     7.1876   3.277691    32.0620        835     3.4750  0.000e+00
     26.310     7.1912   3.277691    32.0587        836     3.4792  0.000e+00
     26.217     7.1914   3.277650    32.0582        837     3.4833  0.000e+00
     26.111     7.1918   3.278245    32.0643        838     3.4875  0.000e+00
     25.999     7.1961   3.278716    32.0655        839     3.4917  0.000e+00
     25.891     7.2032   3.278392    32.0555        840     3.4958  0.000e+00
     25.774     7.2068   3.279693    32.0662        841     3.5000  0.000e+00
     25.627     7.2167   3.279929    32.0596        842     3.5042  0.000e+00
     25.501     7.2281   3.280523    32.0556        843     3.5083  0.000e+00
     25.347     7.2398   3.282862    32.0702        844     3.5125  0.000e+00
     25.215     7.2679   3.284258    32.0592        845     3.5167  0.000e+00
     25.109     7.2999   3.284688    32.0343        846     3.5208  0.000e+00
     24.996     7.3244   3.285902    32.0248        847     3.5250  0.000e+00
     24.904     7.3454   3.286385    32.0106        848     3.5292  0.000e+00
     24.815     7.3607   3.283025    31.9603        849     3.5333  0.000e+00
     24.750     7.3512   3.285695    31.9979        850     3.5375  0.000e+00
     24.692     7.3497   3.286131    32.0040        851     3.5417  0.000e+00
     24.646     7.3598   3.286496    31.9986        852     3.5458  0.000e+00
     24.603     7.3708   3.286726    31.9910        853     3.5500  0.000e+00
     24.572     7.3795   3.286602    31.9816        854     3.5542  0.000e+00
     24.540     7.3838   3.285695    31.9679        855     3.5583  0.000e+00
     24.498     7.3773   3.283603    31.9514        856     3.5625  0.000e+00
     24.450     7.3530   3.282860    31.9658        857     3.5667  0.000e+00
     24.394     7.3285   3.283008    31.9901        858     3.5708  0.000e+00
     24.327     7.3152   3.283910    32.0121        859     3.5750  0.000e+00
     24.241     7.3161   3.285448    32.0279        860     3.5792  0.000e+00
     24.148     7.3335   3.286538    32.0237        861     3.5833  0.000e+00
     24.044     7.3540   3.286420    32.0034        862     3.5875  0.000e+00
     23.932     7.3682   3.284769    31.9726        863     3.5917  0.000e+00
     23.808     7.3618   3.284569    31.9764        864     3.5958  0.000e+00
     23.661     7.3509   3.284958    31.9907        865     3.6000  0.000e+00
     23.512     7.3468   3.285099    31.9961        866     3.6042  0.000e+00
     23.352     7.3484   3.286372    32.0084        867     3.6083  0.000e+00
     23.202     7.3576   3.286496    32.0014        868     3.6125  0.000e+00
     23.060     7.3691   3.286402    31.9898        869     3.6167  0.000e+00
     22.927     7.3761   3.287238    31.9924        870     3.6208  0.000e+00
     22.812     7.3855   3.287445    31.9860        871     3.6250  0.000e+00
     22.703     7.3939   3.287710    31.9811        872     3.6292  0.000e+00
     22.606     7.4006   3.287710    31.9750        873     3.6333  0.000e+00
     22.521     7.4048   3.287321    31.9670        874     3.6375  0.000e+00
     22.455     7.4035   3.286908    31.9638        875     3.6417  0.000e+00
     22.383     7.3988   3.287774    31.9775        876     3.6458  0.000e+00
     22.311     7.4012   3.288022    31.9780        877     3.6500  0.000e+00
     22.246     7.4068   3.288163    31.9743        878     3.6542  0.000e+00
     22.180     7.4115   3.288104    31.9694        879     3.6583  0.000e+00
     22.108     7.4141   3.288246    31.9686        880     3.6625  0.000e+00
     22.036     7.4158   3.288264    31.9672        881     3.6667  0.000e+00
     21.959     7.4171   3.288299    31.9664        882     3.6708  0.000e+00
     21.892     7.4185   3.288411    31.9664        883     3.6750  0.000e+00
     21.795     7.4200   3.288535    31.9664        884     3.6792  0.000e+00
     21.714     7.4221   3.288658    31.9659        885     3.6833  0.000e+00
     21.633     7.4246   3.288823    31.9653        886     3.6875  0.000e+00
     21.549     7.4279   3.288800    31.9620        887     3.6917  0.000e+00
     21.473     7.4302   3.288888    31.9610        888     3.6958  0.000e+00
     21.414     7.4318   3.288741    31.9579        889     3.7000  0.000e+00
     21.351     7.4318   3.288576    31.9561        890     3.7042  0.000e+00
     21.303     7.4291   3.288534    31.9582        891     3.7083  0.000e+00
     21.259     7.4267   3.288511    31.9602        892     3.7125  0.000e+00
     21.231     7.4248   3.288369    31.9605        893     3.7167  0.000e+00
     21.198     7.4229   3.288493    31.9635        894     3.7208  0.000e+00
     21.166     7.4227   3.288593    31.9649        895     3.7250  0.000e+00
     21.128     7.4237   3.288741    31.9655        896     3.7292  0.000e+00
     21.092     7.4260   3.288699    31.9630        897     3.7333  0.000e+00
     21.038     7.4273   3.288658    31.9614        898     3.7375  0.000e+00
     20.979     7.4272   3.288758    31.9625        899     3.7417  0.000e+00
     20.895     7.4280   3.288864    31.9630        900     3.7458  0.000e+00
     20.806     7.4295   3.288788    31.9608        901     3.7500  0.000e+00
     20.713     7.4300   3.288717    31.9596        902     3.7542  0.000e+00
     20.585     7.4293   3.289029    31.9637        903     3.7583  0.000e+00
     20.458     7.4318   3.289253    31.9639        904     3.7625  0.000e+00
     20.328     7.4369   3.289354    31.9603        905     3.7667  0.000e+00
     20.208     7.4411   3.289542    31.9585        906     3.7708  0.000e+00
     20.084     7.4472   3.289583    31.9534        907     3.7750  0.000e+00
     19.958     7.4521   3.289731    31.9505        908     3.7792  0.000e+00
     19.848     7.4559   3.289725    31.9470        909     3.7833  0.000e+00
     19.759     7.4601   3.289748    31.9434        910     3.7875  0.000e+00
     19.679     7.4620   3.289559    31.9397        911     3.7917  0.000e+00
     19.624     7.4608   3.289477    31.9400        912     3.7958  0.000e+00
     19.575     7.4583   3.289542    31.9430        913     3.8000  0.000e+00
     19.537     7.4575   3.289772    31.9461        914     3.8042  0.000e+00
     19.501     7.4595   3.289913    31.9458        915     3.8083  0.000e+00
     19.466     7.4638   3.289831    31.9411        916     3.8125  0.000e+00
     19.433     7.4667   3.289683    31.9368        917     3.8167  0.000e+00
     19.399     7.4658   3.289724    31.9381        918     3.8208  0.000e+00
     19.365     7.4649   3.289872    31.9405        919     3.8250  0.000e+00
     19.311     7.4672   3.289748    31.9371        920     3.8292  0.000e+00
     19.252     7.4671   3.289642    31.9361        921     3.8333  0.000e+00
     19.189     7.4643   3.289312    31.9352        922     3.8375  0.000e+00
     19.113     7.4578   3.289152    31.9395        923     3.8417  0.000e+00
     19.029     7.4485   3.288881    31.9451        924     3.8458  0.000e+00
     18.957     7.4412   3.288286    31.9454        925     3.8500  0.000e+00
     18.871     7.4334   3.287979    31.9494        926     3.8542  0.000e+00
     18.775     7.4257   3.288752    31.9649        927     3.8583  0.000e+00
     18.684     7.4260   3.289235    31.9698        928     3.8625  0.000e+00
     18.590     7.4338   3.289353    31.9640        929     3.8667  0.000e+00
     18.498     7.4420   3.289312    31.9560        930     3.8708  0.000e+00
     18.414     7.4446   3.289477    31.9554        931     3.8750  0.000e+00
     18.337     7.4486   3.289459    31.9516        932     3.8792  0.000e+00
     18.277     7.4509   3.289512    31.9501        933     3.8833  0.000e+00
     18.211     7.4537   3.289748    31.9501        934     3.8875  0.000e+00
     18.170     7.4609   3.289600    31.9419        935     3.8917  0.000e+00
     18.135     7.4629   3.289559    31.9396        936     3.8958  0.000e+00
     18.110     7.4611   3.289641    31.9422        937     3.9000  0.000e+00
     18.101     7.4623   3.289683    31.9414        938     3.9042  0.000e+00
     18.098     7.4635   3.289765    31.9412        939     3.9083  0.000e+00
     18.094     7.4658   3.289907    31.9407        940     3.9125  0.000e+00
     18.101     7.4702   3.289724    31.9347        941     3.9167  0.000e+00
     18.103     7.4696   3.289724    31.9352        942     3.9208  0.000e+00
     18.105     7.4679   3.289582    31.9353        943     3.9250  0.000e+00
     18.092     7.4648   3.289765    31.9401        944     3.9292  0.000e+00
     18.063     7.4649   3.289830    31.9406        945     3.9333  0.000e+00
     18.020     7.4675   3.289948    31.9395        946     3.9375  0.000e+00
     17.954     7.4717   3.289972    31.9360        947     3.9417  0.000e+00
     17.887     7.4759   3.289971    31.9322        948     3.9458  0.000e+00
     17.812     7.4782   3.290013    31.9305        949     3.9500  0.000e+00
     17.720     7.4794   3.290137    31.9308        950     3.9542  0.000e+00
     17.618     7.4805   3.290119    31.9297        951     3.9583  0.000e+00
     17.504     7.4811   3.290083    31.9287        952     3.9625  0.000e+00
     17.400     7.4819   3.290119    31.9284        953     3.9667  0.000e+00
     17.305     7.4824   3.290054    31.9273        954     3.9708  0.000e+00
     17.220     7.4823   3.290119    31.9282        955     3.9750  0.000e+00
     17.143     7.4825   3.290136    31.9282        956     3.9792  0.000e+00
     17.078     7.4826   3.290136    31.9282        957     3.9833  0.000e+00
     17.012     7.4824   3.290136    31.9284        958     3.9875  0.000e+00
     16.949     7.4817   3.289912    31.9266        959     3.9917  0.000e+00
     16.897     7.4811   3.290012    31.9283        960     3.9958  0.000e+00
     16.856     7.4812   3.290083    31.9290        961     4.0000  0.000e+00
     16.816     7.4811   3.290077    31.9290        962     4.0042  0.000e+00
     16.787     7.4806   3.290054    31.9292        963     4.0083  0.000e+00
     16.766     7.4804   3.290077    31.9297        964     4.0125  0.000e+00
     16.746     7.4804   3.290036    31.9292        965     4.0167  0.000e+00
     16.732     7.4805   3.290036    31.9292        966     4.0208  0.000e+00
     16.717     7.4805   3.290077    31.9296        967     4.0250  0.000e+00
     16.724     7.4802   3.290083    31.9299        968     4.0292  0.000e+00
     16.730     7.4789   3.290119    31.9315        969     4.0333  0.000e+00
     16.750     7.4785   3.290095    31.9316        970     4.0375  0.000e+00
     16.771     7.4786   3.290036    31.9309        971     4.0417  0.000e+00
     16.780     7.4794   3.290012    31.9299        972     4.0458  0.000e+00
     16.789     7.4803   3.290077    31.9298        973     4.0500  0.000e+00
     16.796     7.4811   3.290101    31.9293        974     4.0542  0.000e+00
     16.796     7.4818   3.290077    31.9284        975     4.0583  0.000e+00
     16.782     7.4822   3.290118    31.9284        976     4.0625  0.000e+00
     16.753     7.4820   3.290118    31.9286        977     4.0667  0.000e+00
     16.722     7.4814   3.290077    31.9288        978     4.0708  0.000e+00
     16.679     7.4807   3.290136    31.9301        979     4.0750  0.000e+00
     16.629     7.4801   3.290142    31.9307        980     4.0792  0.000e+00
     16.566     7.4799   3.289765    31.9269        981     4.0833  0.000e+00
     16.496     7.4762   3.289623    31.9288        982     4.0875  0.000e+00
     16.428     7.4700   3.289293    31.9309        983     4.0917  0.000e+00
     16.343     7.4629   3.289210    31.9366        984     4.0958  0.000e+00
     16.260     7.4542   3.289334    31.9461        985     4.1000  0.000e+00
     16.185     7.4495   3.289110    31.9480        986     4.1042  0.000e+00
     16.099     7.4459   3.289299    31.9534        987     4.1083  0.000e+00
     16.020     7.4459   3.289517    31.9558        988     4.1125  0.000e+00
     15.950     7.4503   3.289417    31.9507        989     4.1167  0.000e+00
     15.878     7.4534   3.289311    31.9467        990     4.1208  0.000e+00
     15.811     7.4529   3.289352    31.9477        991     4.1250  0.000e+00
     15.761     7.4531   3.289558    31.9497        992     4.1292  0.000e+00
     15.739     7.4552   3.289358    31.9456        993     4.1333  0.000e+00
     15.725     7.4548   3.288739    31.9393        994     4.1375  0.000e+00
     15.730     7.4477   3.288409    31.9423        995     4.1417  0.000e+00
     15.745     7.4383   3.288120    31.9479        996     4.1458  0.000e+00
     15.770     7.4301   3.288426    31.9587        997     4.1500  0.000e+00
     15.800     7.4276   3.288450    31.9612        998     4.1542  0.000e+00
     15.822     7.4276   3.288515    31.9620        999     4.1583  0.000e+00
     15.851     7.4282   3.288509    31.9613       1000     4.1625  0.000e+00
     15.878     7.4291   3.288945    31.9651       1001     4.1667  0.000e+00
     15.895     7.4326   3.289087    31.9635       1002     4.1708  0.000e+00
     15.913     7.4373   3.289169    31.9600       1003     4.1750  0.000e+00
     15.915     7.4408   3.289211    31.9572       1004     4.1792  0.000e+00
     15.908     7.4434   3.289417    31.9570       1005     4.1833  0.000e+00
     15.881     7.4472   3.289570    31.9552       1006     4.1875  0.000e+00
     15.816     7.4513   3.289600    31.9518       1007     4.1917  0.000e+00
     15.753     7.4543   3.289641    31.9495       1008     4.1958  0.000e+00
     15.683     7.4562   3.289623    31.9476       1009     4.2000  0.000e+00
     15.592     7.4574   3.289582    31.9461       1010     4.2042  0.000e+00
     15.496     7.4576   3.289476    31.9448       1011     4.2083  0.000e+00
     15.389     7.4565   3.289594    31.9471       1012     4.2125  0.000e+00
     15.295     7.4570   3.289664    31.9475       1013     4.2167  0.000e+00
     15.216     7.4588   3.289582    31.9450       1014     4.2208  0.000e+00
     15.162     7.4589   3.289499    31.9440       1015     4.2250  0.000e+00
     15.128     7.4580   3.289517    31.9451       1016     4.2292  0.000e+00
     15.123     7.4574   3.289475    31.9451       1017     4.2333  0.000e+00
     15.130     7.4571   3.289570    31.9464       1018     4.2375  0.000e+00
     15.153     7.4576   3.289434    31.9445       1019     4.2417  0.000e+00
     15.187     7.4569   3.289458    31.9453       1020     4.2458  0.000e+00
     15.223     7.4560   3.289476    31.9464       1021     4.2500  0.000e+00
     15.263     7.4555   3.289417    31.9462       1022     4.2542  0.000e+00
     15.299     7.4553   3.289499    31.9472       1023     4.2583  0.000e+00
     15.340     7.4558   3.289540    31.9472       1024     4.2625  0.000e+00
     15.370     7.4565   3.289535    31.9465       1025     4.2667  0.000e+00
     15.370     7.4570   3.289417    31.9448       1026     4.2708  0.000e+00
     15.345     7.4562   3.289169    31.9428       1027     4.2750  0.000e+00
     15.293     7.4531   3.289151    31.9455       1028     4.2792  0.000e+00
     15.212     7.4504   3.289517    31.9520       1029     4.2833  0.000e+00
     15.122     7.4527   3.289517    31.9499       1030     4.2875  0.000e+00
     15.024     7.4552   3.289417    31.9465       1031     4.2917  0.000e+00
     14.921     7.4567   3.288821    31.9388       1032     4.2958  0.000e+00
     14.824     7.4545   3.289069    31.9436       1033     4.3000  0.000e+00
     14.727     7.4508   3.289128    31.9476       1034     4.3042  0.000e+00
     14.652     7.4491   3.289210    31.9502       1035     4.3083  0.000e+00
