HB2402/sbe041.cnv
* Sea-Bird SBE 19plus V2 Data File:
* FileName = C:\cruise\data\sbe041.hex
* Software Version Seasave V 7.26.7.121
* Temperature SN = 7142
* Conductivity SN = 7142
* System UpLoad Time = Mar 22 2024 00:29:51
* NMEA Latitude = 40 15.43 N
* NMEA Longitude = 073 34.90 W
* NMEA UTC (Time) = Mar 22 2024  00:28:57
** Ship: Bigelow
** Cruise:  HB2304
** Program:  Fall Bottom Trawl
# nquan = 7
# nvalues = 1431                                  
# units = specified
# name 0 = depSM: Depth [salt water, m]
# name 1 = tv290C: Temperature [ITS-90, deg C]
# name 2 = c0S/m: Conductivity [S/m]
# name 3 = sal00: Salinity, Practical [PSU]
# name 4 = scan: Scan Count
# name 5 = timeM: Time, Elapsed [minutes]
# name 6 = flag:  0.000e+00
# span 0 =      0.009,     24.554                 
# span 1 =     5.5217,     7.3533                 
# span 2 =   0.000071,   3.277564                 
# span 3 =     0.0024,    31.9903                 
# span 4 =         11,       1441                 
# span 5 =     0.0417,     6.0000                 
# span 6 = 0.0000e+00, 0.0000e+00                 
# interval = seconds: 0.25
# start_time = Mar 22 2024 00:28:57 [NMEA time, header]
# bad_flag = -9.990e-29
*END*
      0.021     5.6421   0.000076     0.0025         11     0.0417  0.000e+00
      0.019     5.6415   0.000076     0.0025         12     0.0458  0.000e+00
      0.021     5.6423   0.000071     0.0025         13     0.0500  0.000e+00
      0.019     5.6438   0.000076     0.0026         14     0.0542  0.000e+00
      0.021     5.6452   0.000076     0.0026         15     0.0583  0.000e+00
      0.019     5.6462   0.000076     0.0026         16     0.0625  0.000e+00
      0.021     5.6471   0.000071     0.0025         17     0.0667  0.000e+00
      0.019     5.6478   0.000071     0.0025         18     0.0708  0.000e+00
      0.018     5.6487   0.000076     0.0026         19     0.0750  0.000e+00
      0.025     5.6496   0.000071     0.0025         20     0.0792  0.000e+00
      0.021     5.6505   0.000076     0.0026         21     0.0833  0.000e+00
      0.021     5.6509   0.000071     0.0025         22     0.0875  0.000e+00
      0.021     5.6513   0.000076     0.0026         23     0.0917  0.000e+00
      0.023     5.6507   0.000071     0.0025         24     0.0958  0.000e+00
      0.019     5.6484   0.000076     0.0026         25     0.1000  0.000e+00
      0.018     5.6470   0.000071     0.0025         26     0.1042  0.000e+00
      0.021     5.6468   0.000076     0.0026         27     0.1083  0.000e+00
      0.021     5.6466   0.000071     0.0025         28     0.1125  0.000e+00
      0.023     5.6464   0.000071     0.0025         29     0.1167  0.000e+00
      0.023     5.6459   0.000071     0.0025         30     0.1208  0.000e+00
      0.021     5.6448   0.000071     0.0025         31     0.1250  0.000e+00
      0.021     5.6423   0.000071     0.0025         32     0.1292  0.000e+00
      0.021     5.6395   0.000071     0.0025         33     0.1333  0.000e+00
      0.019     5.6376   0.000076     0.0025         34     0.1375  0.000e+00
      0.023     5.6372   0.000071     0.0025         35     0.1417  0.000e+00
      0.023     5.6367   0.000076     0.0025         36     0.1458  0.000e+00
      0.023     5.6354   0.000071     0.0025         37     0.1500  0.000e+00
      0.025     5.6340   0.000071     0.0025         38     0.1542  0.000e+00
      0.019     5.6334   0.000076     0.0025         39     0.1583  0.000e+00
      0.019     5.6322   0.000071     0.0025         40     0.1625  0.000e+00
      0.021     5.6310   0.000076     0.0025         41     0.1667  0.000e+00
      0.023     5.6298   0.000071     0.0025         42     0.1708  0.000e+00
      0.023     5.6286   0.000076     0.0025         43     0.1750  0.000e+00
      0.021     5.6269   0.000076     0.0025         44     0.1792  0.000e+00
      0.023     5.6255   0.000071     0.0025         45     0.1833  0.000e+00
      0.021     5.6245   0.000071     0.0025         46     0.1875  0.000e+00
      0.019     5.6232   0.000076     0.0025         47     0.1917  0.000e+00
      0.019     5.6214   0.000071     0.0025         48     0.1958  0.000e+00
      0.019     5.6198   0.000076     0.0025         49     0.2000  0.000e+00
      0.019     5.6179   0.000076     0.0025         50     0.2042  0.000e+00
      0.021     5.6165   0.000071     0.0025         51     0.2083  0.000e+00
      0.023     5.6153   0.000071     0.0025         52     0.2125  0.000e+00
      0.023     5.6139   0.000082     0.0026         53     0.2167  0.000e+00
      0.021     5.6125   0.000071     0.0025         54     0.2208  0.000e+00
      0.009     5.6106   0.000076     0.0025         55     0.2250  0.000e+00
      0.018     5.6088   0.000076     0.0025         56     0.2292  0.000e+00
      0.023     5.6070   0.000071     0.0025         57     0.2333  0.000e+00
      0.023     5.6056   0.000071     0.0025         58     0.2375  0.000e+00
      0.019     5.6045   0.000076     0.0025         59     0.2417  0.000e+00
      0.016     5.6030   0.000071     0.0025         60     0.2458  0.000e+00
      0.021     5.6004   0.000071     0.0025         61     0.2500  0.000e+00
      0.021     5.5952   0.000076     0.0025         62     0.2542  0.000e+00
      0.019     5.5901   0.000071     0.0025         63     0.2583  0.000e+00
      0.021     5.5874   0.000071     0.0025         64     0.2625  0.000e+00
      0.021     5.5864   0.000071     0.0025         65     0.2667  0.000e+00
      0.021     5.5854   0.000076     0.0025         66     0.2708  0.000e+00
      0.023     5.5822   0.000076     0.0025         67     0.2750  0.000e+00
      0.019     5.5774   0.000071     0.0025         68     0.2792  0.000e+00
      0.016     5.5719   0.000071     0.0025         69     0.2833  0.000e+00
      0.019     5.5683   0.000071     0.0025         70     0.2875  0.000e+00
      0.028     5.5669   0.000076     0.0025         71     0.2917  0.000e+00
      0.027     5.5656   0.000076     0.0025         72     0.2958  0.000e+00
      0.025     5.5647   0.000076     0.0025         73     0.3000  0.000e+00
      0.021     5.5637   0.000071     0.0025         74     0.3042  0.000e+00
      0.023     5.5614   0.000076     0.0025         75     0.3083  0.000e+00
      0.026     5.5571   0.000076     0.0025         76     0.3125  0.000e+00
      0.026     5.5517   0.000076     0.0025         77     0.3167  0.000e+00
      0.026     5.5471   0.000076     0.0025         78     0.3208  0.000e+00
      0.025     5.5446   0.000082     0.0025         79     0.3250  0.000e+00
      0.023     5.5436   0.000082     0.0025         80     0.3292  0.000e+00
      0.025     5.5428   0.000071     0.0025         81     0.3333  0.000e+00
      0.025     5.5420   0.000076     0.0025         82     0.3375  0.000e+00
      0.025     5.5401   0.000076     0.0025         83     0.3417  0.000e+00
      0.025     5.5376   0.000076     0.0025         84     0.3458  0.000e+00
      0.027     5.5349   0.000076     0.0025         85     0.3500  0.000e+00
      0.032     5.5330   0.000076     0.0025         86     0.3542  0.000e+00
      0.023     5.5322   0.000076     0.0025         87     0.3583  0.000e+00
      0.028     5.5317   0.000082     0.0025         88     0.3625  0.000e+00
      0.030     5.5305   0.000082     0.0025         89     0.3667  0.000e+00
      0.032     5.5293   0.000076     0.0025         90     0.3708  0.000e+00
      0.028     5.5282   0.000082     0.0025         91     0.3750  0.000e+00
      0.025     5.5273   0.000082     0.0025         92     0.3792  0.000e+00
      0.023     5.5266   0.000082     0.0025         93     0.3833  0.000e+00
      0.026     5.5261   0.000076     0.0025         94     0.3875  0.000e+00
      0.026     5.5252   0.000076     0.0025         95     0.3917  0.000e+00
      0.035     5.5242   0.000071     0.0024         96     0.3958  0.000e+00
      0.095     5.5223   0.000082     0.0025         97     0.4000  0.000e+00
      0.379     5.5217   0.436251     3.7959         98     0.4042  0.000e+00
      0.634     5.5379   1.730790    16.7129         99     0.4083  0.000e+00
      0.848     5.6932   1.479882    14.0338        100     0.4125  0.000e+00
      1.029     5.9053   2.444703    24.1040        101     0.4167  0.000e+00
      1.146     6.0509   1.868614    17.8926        102     0.4208  0.000e+00
      1.194     6.1483   2.377850    23.2153        103     0.4250  0.000e+00
      1.148     6.2035   2.588174    25.4366        104     0.4292  0.000e+00
      0.990     6.2328   2.498525    24.4498        105     0.4333  0.000e+00
      0.821     6.2663   2.256696    21.8474        106     0.4375  0.000e+00
      0.704     6.3156   1.204783    11.0280        107     0.4417  0.000e+00
      0.630     6.3256   2.980271    29.6057        108     0.4458  0.000e+00
      0.630     6.2939   2.598942    25.4854        109     0.4500  0.000e+00
      0.752     6.2837   2.983218    29.6744        110     0.4542  0.000e+00
      0.934     6.2872   2.992785    29.7764        111     0.4583  0.000e+00
      1.126     6.2967   3.003417    29.8848        112     0.4625  0.000e+00
      1.309     6.3160   3.002700    29.8600        113     0.4667  0.000e+00
      1.466     6.3496   3.003360    29.8377        114     0.4708  0.000e+00
      1.593     6.3777   2.999615    29.7720        115     0.4750  0.000e+00
      1.689     6.3933   3.001897    29.7834        116     0.4792  0.000e+00
      1.764     6.4008   2.999746    29.7531        117     0.4833  0.000e+00
      1.795     6.4045   2.992028    29.6654        118     0.4875  0.000e+00
      1.780     6.4096   2.989045    29.6283        119     0.4917  0.000e+00
      1.768     6.4095   2.987499    29.6115        120     0.4958  0.000e+00
      1.764     6.4039   2.992222    29.6681        121     0.5000  0.000e+00
      1.777     6.3965   2.997857    29.7362        122     0.5042  0.000e+00
      1.804     6.3893   2.999069    29.7558        123     0.5083  0.000e+00
      1.811     6.3934   2.999478    29.7567        124     0.5125  0.000e+00
      1.827     6.4009   2.999507    29.7505        125     0.5167  0.000e+00
      1.856     6.4065   3.000007    29.7510        126     0.5208  0.000e+00
      1.915     6.4132   3.000098    29.7462        127     0.5250  0.000e+00
      2.001     6.4197   2.999558    29.7345        128     0.5292  0.000e+00
      2.093     6.4238   2.999108    29.7260        129     0.5333  0.000e+00
      2.183     6.4237   2.998653    29.7211        130     0.5375  0.000e+00
      2.246     6.4250   2.998079    29.7136        131     0.5417  0.000e+00
      2.292     6.4221   2.996196    29.6955        132     0.5458  0.000e+00
      2.310     6.4150   2.993580    29.6730        133     0.5500  0.000e+00
      2.294     6.4111   2.998289    29.7280        134     0.5542  0.000e+00
      2.242     6.4371   3.011851    29.8538        135     0.5583  0.000e+00
      2.154     6.5075   3.014039    29.8163        136     0.5625  0.000e+00
      2.059     6.5808   3.017157    29.7864        137     0.5667  0.000e+00
      1.989     6.6351   3.016552    29.7326        138     0.5708  0.000e+00
      1.937     6.6681   3.015554    29.6931        139     0.5750  0.000e+00
      1.929     6.6861   3.012572    29.6452        140     0.5792  0.000e+00
      1.949     6.6940   3.008988    29.5994        141     0.5833  0.000e+00
      2.008     6.6951   3.010282    29.6125        142     0.5875  0.000e+00
      2.088     6.6797   3.010789    29.6312        143     0.5917  0.000e+00
      2.172     6.6599   3.007981    29.6178        144     0.5958  0.000e+00
      2.247     6.6409   3.006312    29.6160        145     0.6000  0.000e+00
      2.307     6.6086   3.003534    29.6137        146     0.6042  0.000e+00
      2.319     6.5765   3.001411    29.6184        147     0.6083  0.000e+00
      2.301     6.5405   3.000609    29.6408        148     0.6125  0.000e+00
      2.258     6.5134   3.001731    29.6766        149     0.6167  0.000e+00
      2.237     6.5053   3.002249    29.6893        150     0.6208  0.000e+00
      2.217     6.5193   3.002231    29.6770        151     0.6250  0.000e+00
      2.219     6.5414   3.002248    29.6580        152     0.6292  0.000e+00
      2.233     6.5606   3.001685    29.6352        153     0.6333  0.000e+00
      2.242     6.5718   2.998743    29.5934        154     0.6375  0.000e+00
      2.249     6.5794   2.997588    29.5743        155     0.6417  0.000e+00
      2.255     6.5715   2.997315    29.5781        156     0.6458  0.000e+00
      2.271     6.5339   2.997452    29.6121        157     0.6500  0.000e+00
      2.300     6.4950   2.997338    29.6446        158     0.6542  0.000e+00
      2.335     6.4678   2.996969    29.6642        159     0.6583  0.000e+00
      2.379     6.4478   2.996560    29.6771        160     0.6625  0.000e+00
      2.418     6.4331   2.996230    29.6863        161     0.6667  0.000e+00
      2.440     6.4191   2.995900    29.6948        162     0.6708  0.000e+00
      2.449     6.4073   2.995525    29.7009        163     0.6750  0.000e+00
      2.461     6.3988   2.995155    29.7043        164     0.6792  0.000e+00
      2.477     6.3907   2.995042    29.7102        165     0.6833  0.000e+00
      2.517     6.3833   2.994866    29.7146        166     0.6875  0.000e+00
      2.562     6.3789   2.994530    29.7147        167     0.6917  0.000e+00
      2.607     6.3773   2.994240    29.7130        168     0.6958  0.000e+00
      2.661     6.3764   2.994070    29.7119        169     0.7000  0.000e+00
      2.682     6.3745   2.993848    29.7110        170     0.7042  0.000e+00
      2.672     6.3730   2.993621    29.7099        171     0.7083  0.000e+00
      2.639     6.3713   2.992626    29.7005        172     0.7125  0.000e+00
      2.587     6.3688   2.992665    29.7031        173     0.7167  0.000e+00
      2.539     6.3692   2.992768    29.7039        174     0.7208  0.000e+00
      2.533     6.3872   2.991869    29.6784        175     0.7250  0.000e+00
      2.578     6.4071   2.992767    29.6709        176     0.7292  0.000e+00
      2.655     6.4146   2.993484    29.6722        177     0.7333  0.000e+00
      2.736     6.4011   2.993109    29.6798        178     0.7375  0.000e+00
      2.837     6.3874   2.993620    29.6972        179     0.7417  0.000e+00
      2.928     6.3747   2.994661    29.7197        180     0.7458  0.000e+00
      3.017     6.3696   2.995059    29.7285        181     0.7500  0.000e+00
      3.051     6.3703   2.995253    29.7300        182     0.7542  0.000e+00
      3.047     6.3717   2.993848    29.7134        183     0.7583  0.000e+00
      3.013     6.3722   2.993331    29.7073        184     0.7625  0.000e+00
      2.977     6.3742   2.996498    29.7402        185     0.7667  0.000e+00
      2.959     6.4102   3.000508    29.7528        186     0.7708  0.000e+00
      2.972     6.4653   2.997959    29.6769        187     0.7750  0.000e+00
      3.009     6.5097   2.995194    29.6082        188     0.7792  0.000e+00
      3.070     6.5346   2.994279    29.5766        189     0.7833  0.000e+00
      3.148     6.5130   2.993972    29.5919        190     0.7875  0.000e+00
      3.232     6.4718   2.993881    29.6266        191     0.7917  0.000e+00
      3.315     6.4378   2.993973    29.6570        192     0.7958  0.000e+00
      3.401     6.4124   2.994269    29.6824        193     0.8000  0.000e+00
      3.478     6.3941   2.994576    29.7016        194     0.8042  0.000e+00
      3.556     6.3833   2.994906    29.7146        195     0.8083  0.000e+00
      3.627     6.3803   2.995139    29.7198        196     0.8125  0.000e+00
      3.710     6.3827   2.995236    29.7186        197     0.8167  0.000e+00
      3.764     6.3857   2.995275    29.7164        198     0.8208  0.000e+00
      3.778     6.3876   2.995418    29.7163        199     0.8250  0.000e+00
      3.780     6.3884   2.995548    29.7171        200     0.8292  0.000e+00
      3.802     6.3901   2.995622    29.7164        201     0.8333  0.000e+00
      3.848     6.3920   2.995918    29.7180        202     0.8375  0.000e+00
      3.924     6.3938   2.996521    29.7230        203     0.8417  0.000e+00
      4.021     6.3972   2.996862    29.7237        204     0.8458  0.000e+00
      4.131     6.4026   2.997727    29.7284        205     0.8500  0.000e+00
      4.233     6.4090   2.998153    29.7274        206     0.8542  0.000e+00
      4.344     6.4167   2.999035    29.7304        207     0.8583  0.000e+00
      4.458     6.4247   3.000241    29.7366        208     0.8625  0.000e+00
      4.560     6.4340   3.000935    29.7360        209     0.8667  0.000e+00
      4.637     6.4432   3.001237    29.7312        210     0.8708  0.000e+00
      4.684     6.4494   3.001567    29.7295        211     0.8750  0.000e+00
      4.718     6.4575   3.001880    29.7258        212     0.8792  0.000e+00
      4.754     6.4664   3.002153    29.7210        213     0.8833  0.000e+00
      4.801     6.4741   3.002415    29.7172        214     0.8875  0.000e+00
      4.857     6.4799   3.002466    29.7126        215     0.8917  0.000e+00
