HB2402/sbe008.cnv
* Sea-Bird SBE 19plus V2 Data File:
* FileName = C:\cruise\data\sbe008.hex
* Software Version Seasave V 7.26.7.121
* Temperature SN = 7142
* Conductivity SN = 7142
* System UpLoad Time = Mar 09 2024 13:12:44
* NMEA Latitude = 37 00.07 N
* NMEA Longitude = 074 55.73 W
* NMEA UTC (Time) = Mar 09 2024  13:12:10
** Ship: Bigelow
** Cruise:  HB2304
** Program:  Fall Bottom Trawl
# nquan = 7
# nvalues = 1326                                  
# units = specified
# name 0 = depSM: Depth [salt water, m]
# name 1 = tv290C: Temperature [ITS-90, deg C]
# name 2 = c0S/m: Conductivity [S/m]
# name 3 = sal00: Salinity, Practical [PSU]
# name 4 = scan: Scan Count
# name 5 = timeM: Time, Elapsed [minutes]
# name 6 = flag:  0.000e+00
# span 0 =     -0.048,     41.609                 
# span 1 =     8.6733,    10.4314                 
# span 2 =   0.000071,   3.527449                 
# span 3 =     0.0054,    32.7962                 
# span 4 =         11,       1336                 
# span 5 =     0.0417,     5.5625                 
# span 6 = 0.0000e+00, 0.0000e+00                 
# interval = seconds: 0.25
# start_time = Mar 09 2024 13:12:10 [NMEA time, header]
# bad_flag = -9.990e-29
*END*
[from data line 1026]
      5.451     8.7516   3.462420    32.5921       1037     4.3167  0.000e+00
      5.443     8.7516   3.462438    32.5922       1038     4.3208  0.000e+00
      5.429     8.7515   3.462396    32.5920       1039     4.3250  0.000e+00
      5.417     8.7514   3.462396    32.5920       1040     4.3292  0.000e+00
      5.406     8.7510   3.462336    32.5918       1041     4.3333  0.000e+00
      5.386     8.7504   3.462318    32.5921       1042     4.3375  0.000e+00
      5.359     8.7501   3.462306    32.5923       1043     4.3417  0.000e+00
      5.332     8.7496   3.462318    32.5929       1044     4.3458  0.000e+00
      5.284     8.7490   3.462330    32.5936       1045     4.3500  0.000e+00
      5.197     8.7487   3.462336    32.5940       1046     4.3542  0.000e+00
      5.075     8.7484   3.462318    32.5941       1047     4.3583  0.000e+00
      4.942     8.7485   3.462330    32.5942       1048     4.3625  0.000e+00
      4.825     8.7488   3.462318    32.5939       1049     4.3667  0.000e+00
      4.739     8.7490   3.462305    32.5936       1050     4.3708  0.000e+00
      4.690     8.7489   3.462318    32.5938       1051     4.3750  0.000e+00
      4.683     8.7486   3.462318    32.5941       1052     4.3792  0.000e+00
      4.672     8.7483   3.462305    32.5943       1053     4.3833  0.000e+00
      4.662     8.7479   3.462336    32.5950       1054     4.3875  0.000e+00
      4.662     8.7478   3.462305    32.5947       1055     4.3917  0.000e+00
      4.681     8.7477   3.462318    32.5950       1056     4.3958  0.000e+00
      4.696     8.7477   3.462318    32.5950       1057     4.4000  0.000e+00
      4.699     8.7476   3.462330    32.5951       1058     4.4042  0.000e+00
      4.683     8.7475   3.462360    32.5955       1059     4.4083  0.000e+00
      4.638     8.7475   3.462354    32.5955       1060     4.4125  0.000e+00
      4.579     8.7477   3.462360    32.5954       1061     4.4167  0.000e+00
      4.521     8.7476   3.462396    32.5959       1062     4.4208  0.000e+00
      4.475     8.7474   3.462396    32.5962       1063     4.4250  0.000e+00
      4.446     8.7474   3.462360    32.5958       1064     4.4292  0.000e+00
      4.421     8.7473   3.462372    32.5960       1065     4.4333  0.000e+00
      4.414     8.7469   3.462396    32.5966       1066     4.4375  0.000e+00
      4.419     8.7470   3.462396    32.5965       1067     4.4417  0.000e+00
      4.437     8.7468   3.462396    32.5967       1068     4.4458  0.000e+00
      4.469     8.7466   3.462438    32.5973       1069     4.4500  0.000e+00
      4.493     8.7465   3.462438    32.5974       1070     4.4542  0.000e+00
      4.523     8.7465   3.462420    32.5972       1071     4.4583  0.000e+00
      4.548     8.7464   3.462420    32.5973       1072     4.4625  0.000e+00
      4.577     8.7466   3.462396    32.5968       1073     4.4667  0.000e+00
      4.595     8.7467   3.462420    32.5970       1074     4.4708  0.000e+00
      4.581     8.7465   3.462420    32.5971       1075     4.4750  0.000e+00
      4.530     8.7466   3.462378    32.5966       1076     4.4792  0.000e+00
      4.444     8.7467   3.462360    32.5964       1077     4.4833  0.000e+00
      4.333     8.7468   3.462329    32.5961       1078     4.4875  0.000e+00
      4.166     8.7472   3.462293    32.5954       1079     4.4917  0.000e+00
      4.002     8.7477   3.462287    32.5950       1080     4.4958  0.000e+00
      3.860     8.7479   3.462251    32.5944       1081     4.5000  0.000e+00
      3.772     8.7481   3.462233    32.5941       1082     4.5042  0.000e+00
      3.723     8.7484   3.462239    32.5939       1083     4.5083  0.000e+00
      3.700     8.7484   3.462251    32.5941       1084     4.5125  0.000e+00
      3.705     8.7486   3.462263    32.5940       1085     4.5167  0.000e+00
      3.720     8.7484   3.462251    32.5940       1086     4.5208  0.000e+00
      3.734     8.7485   3.462251    32.5939       1087     4.5250  0.000e+00
      3.750     8.7487   3.462263    32.5939       1088     4.5292  0.000e+00
      3.768     8.7491   3.462335    32.5943       1089     4.5333  0.000e+00
      3.747     8.7496   3.462371    32.5942       1090     4.5375  0.000e+00
      3.705     8.7502   3.462335    32.5933       1091     4.5417  0.000e+00
      3.646     8.7505   3.462293    32.5926       1092     4.5458  0.000e+00
      3.563     8.7501   3.462287    32.5929       1093     4.5500  0.000e+00
      3.483     8.7501   3.462317    32.5932       1094     4.5542  0.000e+00
      3.405     8.7500   3.462287    32.5931       1095     4.5583  0.000e+00
      3.337     8.7499   3.462275    32.5931       1096     4.5625  0.000e+00
      3.261     8.7500   3.462275    32.5930       1097     4.5667  0.000e+00
      3.208     8.7499   3.462263    32.5930       1098     4.5708  0.000e+00
      3.157     8.7496   3.462275    32.5934       1099     4.5750  0.000e+00
      3.128     8.7497   3.462263    32.5932       1100     4.5792  0.000e+00
      3.116     8.7497   3.462275    32.5934       1101     4.5833  0.000e+00
      3.146     8.7495   3.462275    32.5935       1102     4.5875  0.000e+00
      3.197     8.7494   3.462287    32.5937       1103     4.5917  0.000e+00
      3.262     8.7494   3.462275    32.5935       1104     4.5958  0.000e+00
      3.332     8.7494   3.462263    32.5934       1105     4.6000  0.000e+00
      3.409     8.7494   3.462293    32.5937       1106     4.6042  0.000e+00
      3.477     8.7495   3.462275    32.5934       1107     4.6083  0.000e+00
      3.533     8.7494   3.462287    32.5936       1108     4.6125  0.000e+00
      3.544     8.7492   3.462275    32.5936       1109     4.6167  0.000e+00
      3.493     8.7491   3.462239    32.5934       1110     4.6208  0.000e+00
      3.423     8.7488   3.462233    32.5936       1111     4.6250  0.000e+00
      3.324     8.7488   3.462233    32.5937       1112     4.6292  0.000e+00
      3.236     8.7489   3.462179    32.5931       1113     4.6333  0.000e+00
      3.156     8.7487   3.462124    32.5927       1114     4.6375  0.000e+00
      3.103     8.7487   3.462179    32.5932       1115     4.6417  0.000e+00
      3.073     8.7485   3.462149    32.5932       1116     4.6458  0.000e+00
      3.046     8.7484   3.462124    32.5930       1117     4.6500  0.000e+00
      3.024     8.7488   3.462112    32.5925       1118     4.6542  0.000e+00
      3.010     8.7495   3.462106    32.5918       1119     4.6583  0.000e+00
      2.994     8.7499   3.462088    32.5913       1120     4.6625  0.000e+00
      2.945     8.7503   3.462064    32.5907       1121     4.6667  0.000e+00
      2.868     8.7506   3.462064    32.5905       1122     4.6708  0.000e+00
      2.739     8.7508   3.462064    32.5904       1123     4.6750  0.000e+00
      2.584     8.7510   3.462046    32.5900       1124     4.6792  0.000e+00
      2.420     8.7510   3.462046    32.5901       1125     4.6833  0.000e+00
      2.271     8.7508   3.462064    32.5905       1126     4.6875  0.000e+00
      2.135     8.7511   3.462106    32.5908       1127     4.6917  0.000e+00
      2.050     8.7513   3.462112    32.5907       1128     4.6958  0.000e+00
      2.005     8.7513   3.462148    32.5911       1129     4.7000  0.000e+00
      2.014     8.7518   3.462178    32.5909       1130     4.7042  0.000e+00
      2.057     8.7521   3.462166    32.5905       1131     4.7083  0.000e+00
      2.102     8.7522   3.462190    32.5906       1132     4.7125  0.000e+00
      2.154     8.7524   3.462178    32.5903       1133     4.7167  0.000e+00
      2.223     8.7521   3.462124    32.5900       1134     4.7208  0.000e+00
      2.286     8.7520   3.462130    32.5901       1135     4.7250  0.000e+00
      2.356     8.7521   3.462124    32.5899       1136     4.7292  0.000e+00
      2.410     8.7518   3.462124    32.5902       1137     4.7333  0.000e+00
      2.426     8.7515   3.462130    32.5905       1138     4.7375  0.000e+00
      2.419     8.7520   3.462124    32.5900       1139     4.7417  0.000e+00
      2.374     8.7519   3.462130    32.5902       1140     4.7458  0.000e+00
      2.323     8.7518   3.462124    32.5902       1141     4.7500  0.000e+00
      2.232     8.7521   3.462148    32.5903       1142     4.7542  0.000e+00
      2.095     8.7523   3.462112    32.5898       1143     4.7583  0.000e+00
      1.973     8.7528   3.462148    32.5897       1144     4.7625  0.000e+00
      1.847     8.7535   3.462112    32.5887       1145     4.7667  0.000e+00
      1.714     8.7536   3.462106    32.5887       1146     4.7708  0.000e+00
      1.586     8.7536   3.462022    32.5878       1147     4.7750  0.000e+00
      1.466     8.7535   3.462064    32.5884       1148     4.7792  0.000e+00
      1.349     8.7534   3.462022    32.5881       1149     4.7833  0.000e+00
      1.225     8.7532   3.462003    32.5882       1150     4.7875  0.000e+00
      1.162     8.7531   3.461979    32.5880       1151     4.7917  0.000e+00
      1.169     8.7528   3.461961    32.5881       1152     4.7958  0.000e+00
      1.241     8.7525   3.461937    32.5881       1153     4.8000  0.000e+00
      1.344     8.7524   3.461937    32.5882       1154     4.8042  0.000e+00
      1.443     8.7521   3.461937    32.5884       1155     4.8083  0.000e+00
      1.563     8.7522   3.461919    32.5881       1156     4.8125  0.000e+00
      1.682     8.7521   3.461919    32.5881       1157     4.8167  0.000e+00
      1.782     8.7519   3.461956    32.5886       1158     4.8208  0.000e+00
      1.863     8.7518   3.462004    32.5891       1159     4.8250  0.000e+00
      1.917     8.7520   3.462022    32.5891       1160     4.8292  0.000e+00
      1.946     8.7522   3.462004    32.5888       1161     4.8333  0.000e+00
      1.975     8.7522   3.462004    32.5887       1162     4.8375  0.000e+00
      2.011     8.7522   3.461956    32.5883       1163     4.8417  0.000e+00
      2.041     8.7520   3.461980    32.5887       1164     4.8458  0.000e+00
      2.052     8.7519   3.462004    32.5890       1165     4.8500  0.000e+00
      2.041     8.7520   3.462022    32.5891       1166     4.8542  0.000e+00
      1.985     8.7520   3.462124    32.5902       1167     4.8583  0.000e+00
      1.924     8.7523   3.462154    32.5902       1168     4.8625  0.000e+00
      1.842     8.7527   3.462046    32.5888       1169     4.8667  0.000e+00
      1.683     8.7523   3.462004    32.5888       1170     4.8708  0.000e+00
      1.513     8.7521   3.462124    32.5903       1171     4.8750  0.000e+00
      1.387     8.7522   3.462046    32.5895       1172     4.8792  0.000e+00
      1.313     8.7519   3.462022    32.5895       1173     4.8833  0.000e+00
      1.266     8.7519   3.462088    32.5902       1174     4.8875  0.000e+00
      1.211     8.7521   3.462046    32.5896       1175     4.8917  0.000e+00
      1.112     8.7518   3.462003    32.5895       1176     4.8958  0.000e+00
      0.986     8.7518   3.462021    32.5897       1177     4.9000  0.000e+00
      0.855     8.7519   3.462003    32.5895       1178     4.9042  0.000e+00
      0.779     8.7515   3.461937    32.5893       1179     4.9083  0.000e+00
      0.772     8.7514   3.461889    32.5888       1180     4.9125  0.000e+00
      0.803     8.7508   3.461877    32.5892       1181     4.9167  0.000e+00
      0.848     8.7503   3.461877    32.5897       1182     4.9208  0.000e+00
      0.927     8.7504   3.461889    32.5896       1183     4.9250  0.000e+00
      1.011     8.7504   3.461895    32.5897       1184     4.9292  0.000e+00
      1.092     8.7502   3.461913    32.5901       1185     4.9333  0.000e+00
      1.166     8.7504   3.461919    32.5899       1186     4.9375  0.000e+00
      1.220     8.7504   3.461919    32.5899       1187     4.9417  0.000e+00
      1.250     8.7501   3.461871    32.5897       1188     4.9458  0.000e+00
      1.270     8.7502   3.461853    32.5893       1189     4.9500  0.000e+00
      1.270     8.7500   3.461847    32.5895       1190     4.9542  0.000e+00
      1.240     8.7499   3.461817    32.5892       1191     4.9583  0.000e+00
      1.207     8.7499   3.461817    32.5893       1192     4.9625  0.000e+00
      1.189     8.7496   3.461847    32.5898       1193     4.9667  0.000e+00
      1.178     8.7494   3.461835    32.5899       1194     4.9708  0.000e+00
      1.169     8.7498   3.461847    32.5897       1195     4.9750  0.000e+00
      1.151     8.7496   3.461835    32.5898       1196     4.9792  0.000e+00
      1.137     8.7496   3.461835    32.5898       1197     4.9833  0.000e+00
      1.124     8.7496   3.461805    32.5895       1198     4.9875  0.000e+00
      1.092     8.7495   3.461817    32.5897       1199     4.9917  0.000e+00
      1.056     8.7494   3.461847    32.5901       1200     4.9958  0.000e+00
      1.033     8.7496   3.461877    32.5902       1201     5.0000  0.000e+00
      1.029     8.7495   3.461919    32.5908       1202     5.0042  0.000e+00
      1.020     8.7495   3.461871    32.5903       1203     5.0083  0.000e+00
      0.993     8.7496   3.461877    32.5903       1204     5.0125  0.000e+00
      0.959     8.7494   3.461913    32.5909       1205     5.0167  0.000e+00
      0.912     8.7496   3.461919    32.5908       1206     5.0208  0.000e+00
      0.880     8.7496   3.461877    32.5903       1207     5.0250  0.000e+00
      0.851     8.7495   3.461913    32.5908       1208     5.0292  0.000e+00
      0.790     8.7496   3.461919    32.5908       1209     5.0333  0.000e+00
      0.675     8.7496   3.461871    32.5903       1210     5.0375  0.000e+00
      0.566     8.7495   3.461895    32.5907       1211     5.0417  0.000e+00
      0.522     8.7496   3.461919    32.5909       1212     5.0458  0.000e+00
      0.503     8.7497   3.461913    32.5908       1213     5.0500  0.000e+00
      0.431     8.7497   3.461961    32.5913       1214     5.0542  0.000e+00
      0.359     8.7499   3.461955    32.5911       1215     5.0583  0.000e+00
      0.316     8.7503   3.461979    32.5910       1216     5.0625  0.000e+00
      0.305     8.7504   3.462003    32.5912       1217     5.0667  0.000e+00
      0.330     8.7506   3.462021    32.5911       1218     5.0708  0.000e+00
      0.359     8.7510   3.462021    32.5908       1219     5.0750  0.000e+00
      0.406     8.7510   3.462021    32.5907       1220     5.0792  0.000e+00
      0.481     8.7513   3.462045    32.5907       1221     5.0833  0.000e+00
      0.546     8.7515   3.462021    32.5902       1222     5.0875  0.000e+00
      0.593     8.7513   3.462003    32.5902       1223     5.0917  0.000e+00
      0.618     8.7513   3.462003    32.5902       1224     5.0958  0.000e+00
      0.589     8.7513   3.462021    32.5904       1225     5.1000  0.000e+00
      0.485     8.7513   3.462105    32.5914       1226     5.1042  0.000e+00
      0.355     8.7518   3.462208    32.5920       1227     5.1083  0.000e+00
      0.204     8.7524   3.462196    32.5914       1228     5.1125  0.000e+00
      0.026     8.7526   3.462292    32.5923       1229     5.1167  0.000e+00
     -0.019     8.7532   2.885867    26.6456       1230     5.1208  0.000e+00
     -0.019     8.7538   0.652622     5.3161       1231     5.1250  0.000e+00
     -0.020     8.7557   0.391670     3.0824       1232     5.1292  0.000e+00
     -0.015     8.7590   0.319525     2.4828       1233     5.1333  0.000e+00
      0.052     8.7609   0.363298     2.8452       1234     5.1375  0.000e+00
      0.089     8.7617   1.328207    11.4230       1235     5.1417  0.000e+00
      0.069     8.7601   2.997452    27.7788       1236     5.1458  0.000e+00
      0.046     8.7581   3.380652    31.7356       1237     5.1500  0.000e+00
     -0.011     8.7564   2.725059    25.0129       1238     5.1542  0.000e+00
     -0.019     8.7559   0.679710     5.5525       1239     5.1583  0.000e+00
     -0.020     8.7579   0.421176     3.3299       1240     5.1625  0.000e+00
