HB2402/sbe061.cnv
* Sea-Bird SBE 19plus V2 Data File:
* FileName = C:\cruise\data\sbe061.hex
* Software Version Seasave V 7.26.7.121
* Temperature SN = 7037
* Conductivity SN = 7037
* System UpLoad Time = Apr 08 2024 02:57:49
* NMEA Latitude = 40 05.10 N
* NMEA Longitude = 070 48.86 W
* NMEA UTC (Time) = Apr 08 2024  02:57:12
** Ship: Bigelow
** Cruise:  HB2304
** Program:  Fall Bottom Trawl
# nquan = 8
# nvalues = 3944                                  
# units = specified
# name 0 = depSM: Depth [salt water, m]
# name 1 = tv290C: Temperature [ITS-90, deg C]
# name 2 = c0S/m: Conductivity [S/m]
# name 3 = sal00: Salinity, Practical [PSU]
# name 4 = scan: Scan Count
# name 5 = timeM: Time, Elapsed [minutes]
# name 6 = sbeox0V: Oxygen raw, SBE 43 [V]
# name 7 = flag:  0.000e+00
# span 0 =     -0.010,    138.419                 
# span 1 =     5.4477,    11.4664                 
# span 2 =   0.000041,   3.935766                 
# span 3 =     0.0024,    34.9538                 
# span 4 =         11,       3954                 
# span 5 =     0.0417,    16.4708                 
# span 6 =     1.8578,     2.4179                 
# span 7 = 0.0000e+00, 0.0000e+00                 
# interval = seconds: 0.25
# start_time = Apr 08 2024 02:57:12 [NMEA time, header]
# bad_flag = -9.990e-29
*END*
[from data line 1978]
     98.537     9.1664   3.629885    33.9067       1989     8.2833     2.0994  0.000e+00
     98.508     9.1597   3.629623    33.9103       1990     8.2875     2.0995  0.000e+00
     98.492     9.1541   3.629541    33.9148       1991     8.2917     2.0991  0.000e+00
     98.479     9.1504   3.629733    33.9204       1992     8.2958     2.0988  0.000e+00
     98.470     9.1486   3.630153    33.9264       1993     8.3000     2.1007  0.000e+00
     98.476     9.1486   3.630882    33.9340       1994     8.3042     2.1027  0.000e+00
     98.474     9.1507   3.632872    33.9526       1995     8.3083     2.1032  0.000e+00
     98.472     9.1571   3.633857    33.9568       1996     8.3125     2.1030  0.000e+00
     98.463     9.1647   3.634067    33.9518       1997     8.3167     2.1067  0.000e+00
     98.440     9.1706   3.634067    33.9462       1998     8.3208     2.1070  0.000e+00
     98.385     9.1745   3.633355    33.9351       1999     8.3250     2.1056  0.000e+00
     98.320     9.1748   3.630923    33.9095       2000     8.3292     2.1070  0.000e+00
     98.217     9.1696   3.629628    33.9011       2001     8.3333     2.1061  0.000e+00
     98.078     9.1611   3.626462    33.8763       2002     8.3375     2.1060  0.000e+00
     97.926     9.1485   3.623291    33.8554       2003     8.3417     2.1048  0.000e+00
     97.753     9.1305   3.620093    33.8393       2004     8.3458     2.1067  0.000e+00
     97.570     9.1096   3.617565    33.8329       2005     8.3500     2.1033  0.000e+00
     97.386     9.0874   3.609287    33.7679       2006     8.3542     2.1058  0.000e+00
     97.187     9.0538   3.586461    33.5622       2007     8.3583     2.1032  0.000e+00
     96.994     8.9828   3.571709    33.4755       2008     8.3625     2.1026  0.000e+00
     96.816     8.8814   3.570650    33.5602       2009     8.3667     2.0997  0.000e+00
     96.674     8.8056   3.570604    33.6315       2010     8.3708     2.0986  0.000e+00
     96.547     8.7580   3.570193    33.6725       2011     8.3750     2.0983  0.000e+00
     96.460     8.7286   3.570304    33.7016       2012     8.3792     2.0983  0.000e+00
     96.397     8.7108   3.570153    33.7171       2013     8.3833     2.1006  0.000e+00
     96.368     8.6997   3.569742    33.7233       2014     8.3875     2.0998  0.000e+00
     96.363     8.6923   3.569591    33.7288       2015     8.3917     2.1027  0.000e+00
     96.374     8.6868   3.569244    33.7304       2016     8.3958     2.1068  0.000e+00
     96.408     8.6826   3.569070    33.7325       2017     8.4000     2.1086  0.000e+00
     96.449     8.6793   3.569030    33.7353       2018     8.4042     2.1116  0.000e+00
     96.495     8.6771   3.568960    33.7366       2019     8.4083     2.1130  0.000e+00
     96.547     8.6757   3.569395    33.7425       2020     8.4125     2.1157  0.000e+00
     96.592     8.6757   3.569592    33.7445       2021     8.4167     2.1170  0.000e+00
     96.630     8.6767   3.569522    33.7428       2022     8.4208     2.1180  0.000e+00
     96.652     8.6774   3.569198    33.7387       2023     8.4250     2.1193  0.000e+00
     96.652     8.6770   3.569093    33.7380       2024     8.4292     2.1205  0.000e+00
     96.634     8.6763   3.569418    33.7421       2025     8.4333     2.1209  0.000e+00
     96.582     8.6765   3.569858    33.7465       2026     8.4375     2.1227  0.000e+00
     96.508     8.6782   3.569267    33.7388       2027     8.4417     2.1236  0.000e+00
     96.399     8.6782   3.568833    33.7342       2028     8.4458     2.1246  0.000e+00
     96.285     8.6767   3.568549    33.7327       2029     8.4500     2.1261  0.000e+00
     96.155     8.6746   3.568462    33.7338       2030     8.4542     2.1266  0.000e+00
     96.023     8.6728   3.567790    33.7286       2031     8.4583     2.1271  0.000e+00
     95.866     8.6701   3.565740    33.7097       2032     8.4625     2.1292  0.000e+00
     95.716     8.6634   3.563575    33.6934       2033     8.4667     2.1294  0.000e+00
     95.559     8.6522   3.561780    33.6852       2034     8.4708     2.1301  0.000e+00
     95.403     8.6394   3.559859    33.6773       2035     8.4750     2.1300  0.000e+00
     95.262     8.6259   3.555954    33.6491       2036     8.4792     2.1298  0.000e+00
     95.132     8.6074   3.554017    33.6464       2037     8.4833     2.1299  0.000e+00
     95.011     8.5880   3.553155    33.6558       2038     8.4875     2.1296  0.000e+00
     94.897     8.5727   3.550594    33.6435       2039     8.4917     2.1290  0.000e+00
     94.803     8.5569   3.547000    33.6207       2040     8.4958     2.1287  0.000e+00
     94.718     8.5376   3.545688    33.6253       2041     8.5000     2.1290  0.000e+00
     94.633     8.5199   3.545411    33.6393       2042     8.5042     2.1296  0.000e+00
     94.572     8.5074   3.545088    33.6478       2043     8.5083     2.1294  0.000e+00
     94.525     8.4988   3.544938    33.6545       2044     8.5125     2.1284  0.000e+00
     94.476     8.4929   3.544164    33.6520       2045     8.5167     2.1291  0.000e+00
     94.436     8.4876   3.543563    33.6507       2046     8.5208     2.1296  0.000e+00
     94.411     8.4824   3.543523    33.6552       2047     8.5250     2.1297  0.000e+00
     94.382     8.4787   3.543286    33.6563       2048     8.5292     2.1293  0.000e+00
     94.368     8.4757   3.543373    33.6600       2049     8.5333     2.1304  0.000e+00
     94.344     8.4740   3.543246    33.6603       2050     8.5375     2.1309  0.000e+00
     94.330     8.4727   3.542212    33.6507       2051     8.5417     2.1322  0.000e+00
     94.310     8.4699   3.542639    33.6579       2052     8.5458     2.1322  0.000e+00
     94.294     8.4681   3.541571    33.6483       2053     8.5500     2.1334  0.000e+00
     94.256     8.4653   3.540069    33.6351       2054     8.5542     2.1335  0.000e+00
     94.216     8.4592   3.537605    33.6149       2055     8.5583     2.1335  0.000e+00
     94.158     8.4489   3.532434    33.5702       2056     8.5625     2.1342  0.000e+00
     94.080     8.4293   3.530969    33.5733       2057     8.5667     2.1342  0.000e+00
     93.985     8.4092   3.526074    33.5408       2058     8.5708     2.1330  0.000e+00
     93.887     8.3857   3.521216    33.5118       2059     8.5750     2.1317  0.000e+00
     93.771     8.3554   3.511554    33.4385       2060     8.5792     2.1320  0.000e+00
     93.667     8.3128   3.507372    33.4347       2061     8.5833     2.1303  0.000e+00
     93.547     8.2692   3.505422    33.4555       2062     8.5875     2.1294  0.000e+00
     93.448     8.2348   3.503157    33.4643       2063     8.5917     2.1293  0.000e+00
     93.343     8.2074   3.500829    33.4658       2064     8.5958     2.1292  0.000e+00
     93.263     8.1840   3.498582    33.4642       2065     8.6000     2.1291  0.000e+00
     93.202     8.1627   3.497128    33.4691       2066     8.6042     2.1294  0.000e+00
     93.141     8.1448   3.496089    33.4751       2067     8.6083     2.1307  0.000e+00
     93.095     8.1300   3.494233    33.4695       2068     8.6125     2.1324  0.000e+00
     93.061     8.1163   3.493028    33.4697       2069     8.6167     2.1332  0.000e+00
     93.038     8.1039   3.492649    33.4776       2070     8.6208     2.1351  0.000e+00
     93.025     8.0944   3.492333    33.4833       2071     8.6250     2.1363  0.000e+00
     93.007     8.0877   3.491420    33.4799       2072     8.6292     2.1364  0.000e+00
     92.985     8.0812   3.491001    33.4817       2073     8.6333     2.1386  0.000e+00
     92.956     8.0758   3.489675    33.4728       2074     8.6375     2.1399  0.000e+00
     92.926     8.0692   3.487671    33.4578       2075     8.6417     2.1409  0.000e+00
     92.873     8.0605   3.487459    33.4638       2076     8.6458     2.1408  0.000e+00
     92.803     8.0535   3.487419    33.4701       2077     8.6500     2.1418  0.000e+00
     92.721     8.0493   3.487574    33.4758       2078     8.6542     2.1432  0.000e+00
     92.617     8.0475   3.487586    33.4777       2079     8.6583     2.1443  0.000e+00
     92.506     8.0468   3.487608    33.4787       2080     8.6625     2.1457  0.000e+00
     92.369     8.0467   3.487631    33.4790       2081     8.6667     2.1465  0.000e+00
     92.241     8.0474   3.487671    33.4789       2082     8.6708     2.1483  0.000e+00
     92.101     8.0483   3.487545    33.4768       2083     8.6750     2.1493  0.000e+00
     91.960     8.0491   3.486099    33.4606       2084     8.6792     2.1495  0.000e+00
     91.828     8.0473   3.484240    33.4426       2085     8.6833     2.1501  0.000e+00
     91.713     8.0411   3.481441    33.4187       2086     8.6875     2.1500  0.000e+00
     91.615     8.0299   3.475478    33.3658       2087     8.6917     2.1503  0.000e+00
     91.539     8.0095   3.473839    33.3678       2088     8.6958     2.1490  0.000e+00
     91.476     7.9890   3.472802    33.3764       2089     8.7000     2.1494  0.000e+00
     91.434     7.9720   3.470316    33.3660       2090     8.7042     2.1481  0.000e+00
     91.413     7.9555   3.469772    33.3760       2091     8.7083     2.1471  0.000e+00
     91.402     7.9423   3.469543    33.3861       2092     8.7125     2.1463  0.000e+00
     91.404     7.9332   3.469984    33.3994       2093     8.7167     2.1447  0.000e+00
     91.413     7.9286   3.469818    33.4021       2094     8.7208     2.1448  0.000e+00
     91.424     7.9261   3.470007    33.4065       2095     8.7250     2.1443  0.000e+00
     91.436     7.9249   3.470591    33.4139       2096     8.7292     2.1432  0.000e+00
     91.434     7.9256   3.470236    33.4094       2097     8.7333     2.1419  0.000e+00
     91.425     7.9261   3.469377    33.3998       2098     8.7375     2.1413  0.000e+00
     91.396     7.9242   3.470082    33.4092       2099     8.7417     2.1416  0.000e+00
     91.353     7.9231   3.469354    33.4025       2100     8.7458     2.1412  0.000e+00
     91.295     7.9213   3.468558    33.3957       2101     8.7500     2.1402  0.000e+00
     91.209     7.9178   3.464442    33.3550       2102     8.7542     2.1409  0.000e+00
     91.118     7.9067   3.456071    33.2761       2103     8.7583     2.1400  0.000e+00
     91.015     7.8784   3.452338    33.2632       2104     8.7625     2.1394  0.000e+00
     90.918     7.8462   3.449052    33.2587       2105     8.7667     2.1391  0.000e+00
     90.818     7.8140   3.439190    33.1837       2106     8.7708     2.1387  0.000e+00
     90.730     7.7703   3.432663    33.1553       2107     8.7750     2.1380  0.000e+00
     90.645     7.7223   3.417444    33.0377       2108     8.7792     2.1363  0.000e+00
     90.572     7.6575   3.410200    33.0213       2109     8.7833     2.1369  0.000e+00
     90.509     7.5870   3.402059    33.0006       2110     8.7875     2.1358  0.000e+00
     90.450     7.5203   3.400320    33.0453       2111     8.7917     2.1356  0.000e+00
     90.399     7.4687   3.399855    33.0894       2112     8.7958     2.1360  0.000e+00
     90.363     7.4345   3.400361    33.1275       2113     8.8000     2.1354  0.000e+00
     90.323     7.4147   3.402731    33.1722       2114     8.8042     2.1370  0.000e+00
     90.291     7.4065   3.397970    33.1285       2115     8.8083     2.1375  0.000e+00
     90.255     7.3960   3.392865    33.0832       2116     8.8125     2.1397  0.000e+00
     90.213     7.3734   3.380895    32.9753       2117     8.8167     2.1410  0.000e+00
     90.166     7.3314   3.377948    32.9834       2118     8.8208     2.1429  0.000e+00
     90.117     7.2881   3.377025    33.0146       2119     8.8250     2.1435  0.000e+00
     90.056     7.2577   3.375291    33.0249       2120     8.8292     2.1455  0.000e+00
     89.994     7.2324   3.366011    32.9483       2121     8.8333     2.1463  0.000e+00
     89.929     7.1958   3.352672    32.8382       2122     8.8375     2.1495  0.000e+00
     89.864     7.1359   3.338575    32.7418       2123     8.8417     2.1505  0.000e+00
     89.783     7.0559   3.332401    32.7505       2124     8.8458     2.1517  0.000e+00
     89.696     6.9787   3.329759    32.7952       2125     8.8500     2.1507  0.000e+00
     89.617     6.9212   3.328509    32.8363       2126     8.8542     2.1512  0.000e+00
     89.528     6.8799   3.327771    32.8678       2127     8.8583     2.1516  0.000e+00
     89.439     6.8521   3.326211    32.8773       2128     8.8625     2.1538  0.000e+00
     89.354     6.8310   3.325501    32.8897       2129     8.8667     2.1560  0.000e+00
     89.270     6.8149   3.325541    32.9056       2130     8.8708     2.1578  0.000e+00
     89.192     6.8047   3.325248    32.9123       2131     8.8750     2.1619  0.000e+00
     89.116     6.7980   3.325000    32.9160       2132     8.8792     2.1663  0.000e+00
     89.053     6.7928   3.324291    32.9133       2133     8.8833     2.1700  0.000e+00
     88.991     6.7876   3.324009    32.9151       2134     8.8875     2.1730  0.000e+00
     88.953     6.7833   3.324685    32.9267       2135     8.8917     2.1757  0.000e+00
     88.912     6.7820   3.324584    32.9269       2136     8.8958     2.1791  0.000e+00
     88.883     6.7817   3.324049    32.9213       2137     8.9000     2.1826  0.000e+00
     88.868     6.7798   3.323120    32.9129       2138     8.9042     2.1853  0.000e+00
     88.843     6.7762   3.323153    32.9168       2139     8.9083     2.1888  0.000e+00
     88.834     6.7730   3.322911    32.9172       2140     8.9125     2.1891  0.000e+00
     88.831     6.7705   3.323035    32.9210       2141     8.9167     2.1921  0.000e+00
     88.831     6.7693   3.323170    32.9236       2142     8.9208     2.1935  0.000e+00
     88.834     6.7690   3.324038    32.9334       2143     8.9250     2.1955  0.000e+00
     88.829     6.7709   3.323227    32.9227       2144     8.9292     2.1968  0.000e+00
     88.836     6.7713   3.323249    32.9225       2145     8.9333     2.1977  0.000e+00
     88.836     6.7706   3.322973    32.9201       2146     8.9375     2.2002  0.000e+00
     88.832     6.7698   3.322872    32.9199       2147     8.9417     2.2022  0.000e+00
     88.816     6.7689   3.323959    32.9327       2148     8.9458     2.2015  0.000e+00
     88.784     6.7708   3.323351    32.9241       2149     8.9500     2.2041  0.000e+00
     88.740     6.7720   3.323108    32.9203       2150     8.9542     2.2036  0.000e+00
     88.673     6.7712   3.323683    32.9275       2151     8.9583     2.2059  0.000e+00
     88.579     6.7720   3.323052    32.9198       2152     8.9625     2.2062  0.000e+00
     88.467     6.7714   3.323080    32.9207       2153     8.9667     2.2064  0.000e+00
     88.337     6.7708   3.322517    32.9152       2154     8.9708     2.2073  0.000e+00
     88.198     6.7690   3.321875    32.9100       2155     8.9750     2.2085  0.000e+00
     88.061     6.7659   3.321661    32.9106       2156     8.9792     2.2094  0.000e+00
     87.916     6.7628   3.321380    32.9105       2157     8.9833     2.2082  0.000e+00
     87.773     6.7602   3.321267    32.9119       2158     8.9875     2.2104  0.000e+00
     87.654     6.7578   3.321014    32.9114       2159     8.9917     2.2102  0.000e+00
     87.549     6.7558   3.320783    32.9109       2160     8.9958     2.2109  0.000e+00
     87.464     6.7536   3.320350    32.9083       2161     9.0000     2.2117  0.000e+00
     87.405     6.7512   3.320305    32.9101       2162     9.0042     2.2117  0.000e+00
     87.354     6.7490   3.320068    32.9096       2163     9.0083     2.2128  0.000e+00
     87.338     6.7471   3.319804    32.9086       2164     9.0125     2.2135  0.000e+00
     87.331     6.7453   3.320085    32.9134       2165     9.0167     2.2143  0.000e+00
     87.340     6.7446   3.320181    32.9152       2166     9.0208     2.2139  0.000e+00
     87.365     6.7447   3.320012    32.9132       2167     9.0250     2.2139  0.000e+00
