HB2402/sbe018.cnv
* Sea-Bird SBE 19plus V2 Data File:
* FileName = C:\cruise\data\sbe018.hex
* Software Version Seasave V 7.26.7.121
* Temperature SN = 7142
* Conductivity SN = 7142
* System UpLoad Time = Mar 15 2024 06:38:35
* NMEA Latitude = 36 16.41 N
* NMEA Longitude = 075 04.54 W
* NMEA UTC (Time) = Mar 15 2024  06:37:51
** Ship: Bigelow
** Cruise:  HB2304
** Program:  Fall Bottom Trawl
# nquan = 7
# nvalues = 1426                                  
# units = specified
# name 0 = depSM: Depth [salt water, m]
# name 1 = tv290C: Temperature [ITS-90, deg C]
# name 2 = c0S/m: Conductivity [S/m]
# name 3 = sal00: Salinity, Practical [PSU]
# name 4 = scan: Scan Count
# name 5 = timeM: Time, Elapsed [minutes]
# name 6 = flag:  0.000e+00
# span 0 =     -0.036,     36.137                 
# span 1 =     9.3193,    12.4834                 
# span 2 =   0.000020,   3.729702                 
# span 3 =     0.0062,    33.1930                 
# span 4 =         11,       1436                 
# span 5 =     0.0417,     5.9792                 
# span 6 = 0.0000e+00, 0.0000e+00                 
# interval = seconds: 0.25
# start_time = Mar 15 2024 06:37:51 [NMEA time, header]
# bad_flag = -9.990e-29
*END*
[from data line 1231]
      3.197     9.3216   3.449781    31.9451       1242     5.1708  0.000e+00
      3.163     9.3208   3.449745    31.9454       1243     5.1750  0.000e+00
      3.118     9.3204   3.449721    31.9456       1244     5.1792  0.000e+00
      3.091     9.3202   3.449661    31.9451       1245     5.1833  0.000e+00
      3.062     9.3196   3.449631    31.9454       1246     5.1875  0.000e+00
      3.023     9.3195   3.449619    31.9454       1247     5.1917  0.000e+00
      2.981     9.3193   3.449619    31.9455       1248     5.1958  0.000e+00
      2.938     9.3193   3.449631    31.9457       1249     5.2000  0.000e+00
      2.890     9.3193   3.449847    31.9479       1250     5.2042  0.000e+00
      2.843     9.3197   3.450153    31.9507       1251     5.2083  0.000e+00
      2.793     9.3205   3.450201    31.9505       1252     5.2125  0.000e+00
      2.746     9.3207   3.449847    31.9467       1253     5.2167  0.000e+00
      2.705     9.3202   3.449679    31.9454       1254     5.2208  0.000e+00
      2.667     9.3199   3.449847    31.9475       1255     5.2250  0.000e+00
      2.627     9.3200   3.450351    31.9526       1256     5.2292  0.000e+00
      2.590     9.3211   3.450862    31.9568       1257     5.2333  0.000e+00
      2.550     9.3227   3.451241    31.9593       1258     5.2375  0.000e+00
      2.500     9.3242   3.451607    31.9618       1259     5.2417  0.000e+00
      2.442     9.3255   3.451415    31.9587       1260     5.2458  0.000e+00
      2.385     9.3254   3.450363    31.9480       1261     5.2500  0.000e+00
      2.325     9.3239   3.450033    31.9460       1262     5.2542  0.000e+00
      2.271     9.3226   3.449955    31.9463       1263     5.2583  0.000e+00
      2.228     9.3217   3.449907    31.9467       1264     5.2625  0.000e+00
      2.191     9.3214   3.449805    31.9459       1265     5.2667  0.000e+00
      2.158     9.3209   3.449763    31.9460       1266     5.2708  0.000e+00
      2.128     9.3206   3.449720    31.9458       1267     5.2750  0.000e+00
      2.092     9.3204   3.449660    31.9454       1268     5.2792  0.000e+00
      2.052     9.3202   3.449654    31.9455       1269     5.2833  0.000e+00
      1.998     9.3202   3.449678    31.9458       1270     5.2875  0.000e+00
      1.937     9.3200   3.449618    31.9454       1271     5.2917  0.000e+00
      1.867     9.3200   3.449612    31.9453       1272     5.2958  0.000e+00
      1.792     9.3198   3.449618    31.9456       1273     5.3000  0.000e+00
      1.730     9.3198   3.449696    31.9464       1274     5.3042  0.000e+00
      1.705     9.3199   3.449846    31.9479       1275     5.3083  0.000e+00
      1.694     9.3200   3.449871    31.9481       1276     5.3125  0.000e+00
      1.691     9.3201   3.449907    31.9483       1277     5.3167  0.000e+00
      1.693     9.3201   3.449907    31.9483       1278     5.3208  0.000e+00
      1.685     9.3202   3.449955    31.9487       1279     5.3250  0.000e+00
      1.667     9.3203   3.449949    31.9486       1280     5.3292  0.000e+00
      1.626     9.3203   3.449913    31.9483       1281     5.3333  0.000e+00
      1.569     9.3204   3.450015    31.9493       1282     5.3375  0.000e+00
      1.506     9.3204   3.450045    31.9496       1283     5.3417  0.000e+00
      1.468     9.3206   3.450015    31.9491       1284     5.3458  0.000e+00
      1.452     9.3206   3.450015    31.9492       1285     5.3500  0.000e+00
      1.437     9.3206   3.450069    31.9497       1286     5.3542  0.000e+00
      1.430     9.3210   3.450015    31.9488       1287     5.3583  0.000e+00
      1.400     9.3208   3.450219    31.9510       1288     5.3625  0.000e+00
      1.346     9.3212   3.449973    31.9482       1289     5.3667  0.000e+00
      1.286     9.3208   3.449912    31.9479       1290     5.3708  0.000e+00
      1.240     9.3206   3.449888    31.9479       1291     5.3750  0.000e+00
      1.222     9.3205   3.449888    31.9480       1292     5.3792  0.000e+00
      1.218     9.3202   3.449870    31.9481       1293     5.3833  0.000e+00
      1.218     9.3201   3.449864    31.9481       1294     5.3875  0.000e+00
      1.198     9.3200   3.449912    31.9487       1295     5.3917  0.000e+00
      1.157     9.3202   3.450057    31.9501       1296     5.3958  0.000e+00
      1.094     9.3205   3.450069    31.9499       1297     5.4000  0.000e+00
      1.037     9.3206   3.450117    31.9503       1298     5.4042  0.000e+00
      1.015     9.3210   3.450177    31.9506       1299     5.4083  0.000e+00
      1.006     9.3213   3.450087    31.9494       1300     5.4125  0.000e+00
      0.992     9.3213   3.450014    31.9487       1301     5.4167  0.000e+00
      0.958     9.3211   3.450002    31.9487       1302     5.4208  0.000e+00
      0.905     9.3211   3.449906    31.9478       1303     5.4250  0.000e+00
      0.853     9.3208   3.449912    31.9482       1304     5.4292  0.000e+00
      0.789     9.3206   3.449990    31.9492       1305     5.4333  0.000e+00
      0.704     9.3208   3.450068    31.9499       1306     5.4375  0.000e+00
      0.629     9.3212   3.450321    31.9521       1307     5.4417  0.000e+00
      0.602     9.3218   3.450507    31.9535       1308     5.4458  0.000e+00
      0.602     9.3224   3.450435    31.9522       1309     5.4500  0.000e+00
      0.587     9.3225   3.450243    31.9501       1310     5.4542  0.000e+00
      0.542     9.3224   3.450152    31.9494       1311     5.4583  0.000e+00
      0.510     9.3219   3.450177    31.9500       1312     5.4625  0.000e+00
      0.514     9.3218   3.450177    31.9501       1313     5.4667  0.000e+00
      0.488     9.3218   3.450243    31.9508       1314     5.4708  0.000e+00
      0.426     9.3217   3.450201    31.9505       1315     5.4750  0.000e+00
      0.379     9.3217   3.450243    31.9509       1316     5.4792  0.000e+00
      0.311     9.3217   3.450200    31.9505       1317     5.4833  0.000e+00
      0.289     9.3215   3.450194    31.9507       1318     5.4875  0.000e+00
      0.230     9.3216   3.450158    31.9503       1319     5.4917  0.000e+00
      0.111     9.3216   3.450110    31.9498       1320     5.4958  0.000e+00
      0.044     9.3215   3.450116    31.9500       1321     5.5000  0.000e+00
      0.048     9.3215   3.450158    31.9504       1322     5.5042  0.000e+00
      0.142     9.3217   3.450176    31.9504       1323     5.5083  0.000e+00
      0.248     9.3219   3.450092    31.9493       1324     5.5125  0.000e+00
      0.266     9.3217   3.450044    31.9490       1325     5.5167  0.000e+00
      0.185     9.3215   3.449948    31.9482       1326     5.5208  0.000e+00
      0.062     9.3211   3.449954    31.9487       1327     5.5250  0.000e+00
      0.005     9.3209   3.449948    31.9488       1328     5.5292  0.000e+00
     -0.011     9.3213   2.110792    18.6079       1329     5.5333  0.000e+00
     -0.017     9.3224   0.548525     4.3446       1330     5.5375  0.000e+00
     -0.024     9.3261   0.387009     2.9953       1331     5.5417  0.000e+00
     -0.017     9.3314   0.328482     2.5162       1332     5.5458  0.000e+00
     -0.018     9.3373   0.281916     2.1394       1333     5.5500  0.000e+00
     -0.017     9.3407   0.249034     1.8762       1334     5.5542  0.000e+00
     -0.018     9.3416   0.226273     1.6955       1335     5.5583  0.000e+00
     -0.018     9.3420   0.207313     1.5459       1336     5.5625  0.000e+00
     -0.018     9.3423   0.198462     1.4764       1337     5.5667  0.000e+00
     -0.017     9.3464   0.185249     1.3728       1338     5.5708  0.000e+00
     -0.022     9.3536   0.162016     1.1921       1339     5.5750  0.000e+00
     -0.022     9.3576   0.155691     1.1431       1340     5.5792  0.000e+00
     -0.017     9.3585   0.150524     1.1032       1341     5.5833  0.000e+00
     -0.013     9.3586   0.151429     1.1102       1342     5.5875  0.000e+00
     -0.015     9.3599   0.146922     1.0755       1343     5.5917  0.000e+00
     -0.022     9.3647   0.135114     0.9848       1344     5.5958  0.000e+00
     -0.022     9.3682   0.119242     0.8638       1345     5.6000  0.000e+00
     -0.024     9.3691   0.119022     0.8621       1346     5.6042  0.000e+00
     -0.015     9.3691   0.120099     0.8703       1347     5.6083  0.000e+00
     -0.015     9.3726   0.119766     0.8677       1348     5.6125  0.000e+00
     -0.015     9.3787   0.114382     0.8267       1349     5.6167  0.000e+00
     -0.017     9.3820   0.111499     0.8049       1350     5.6208  0.000e+00
     -0.013     9.3830   0.109248     0.7879       1351     5.6250  0.000e+00
     -0.018     9.3829   0.106984     0.7708       1352     5.6292  0.000e+00
     -0.018     9.3850   0.097714     0.7011       1353     5.6333  0.000e+00
     -0.022     9.3929   0.095763     0.6863       1354     5.6375  0.000e+00
     -0.015     9.4027   0.099075     0.7109       1355     5.6417  0.000e+00
     -0.011     9.4132   0.097720     0.7006       1356     5.6458  0.000e+00
     -0.011     9.4241   0.092320     0.6600       1357     5.6500  0.000e+00
     -0.015     9.4362   0.089464     0.6385       1358     5.6542  0.000e+00
     -0.013     9.4473   0.088675     0.6324       1359     5.6583  0.000e+00
     -0.017     9.4575   0.085282     0.6070       1360     5.6625  0.000e+00
     -0.017     9.4670   0.080372     0.5705       1361     5.6667  0.000e+00
     -0.015     9.4758   0.080947     0.5746       1362     5.6708  0.000e+00
     -0.015     9.4841   0.078751     0.5582       1363     5.6750  0.000e+00
     -0.011     9.4930   0.078544     0.5565       1364     5.6792  0.000e+00
     -0.017     9.5028   0.072735     0.5136       1365     5.6833  0.000e+00
     -0.017     9.5131   0.071764     0.5063       1366     5.6875  0.000e+00
     -0.008     9.5235   0.071996     0.5079       1367     5.6917  0.000e+00
     -0.008     9.5338   0.070115     0.4939       1368     5.6958  0.000e+00
     -0.011     9.5440   0.067230     0.4727       1369     5.7000  0.000e+00
     -0.017     9.5537   0.060241     0.4216       1370     5.7042  0.000e+00
     -0.011     9.5625   0.060762     0.4253       1371     5.7083  0.000e+00
     -0.006     9.5710   0.060854     0.4259       1372     5.7125  0.000e+00
     -0.006     9.5797   0.060119     0.4204       1373     5.7167  0.000e+00
     -0.009     9.5879   0.057223     0.3993       1374     5.7208  0.000e+00
     -0.015     9.5964   0.054829     0.3819       1375     5.7250  0.000e+00
     -0.015     9.6040   0.052782     0.3671       1376     5.7292  0.000e+00
     -0.018     9.6108   0.051531     0.3580       1377     5.7333  0.000e+00
     -0.013     9.6174   0.048367     0.3352       1378     5.7375  0.000e+00
     -0.009     9.6241   0.050457     0.3501       1379     5.7417  0.000e+00
     -0.008     9.6307   0.049800     0.3454       1380     5.7458  0.000e+00
     -0.009     9.6381   0.048491     0.3359       1381     5.7500  0.000e+00
     -0.013     9.6450   0.046338     0.3204       1382     5.7542  0.000e+00
     -0.015     9.6515   0.046174     0.3192       1383     5.7583  0.000e+00
     -0.013     9.6582   0.045062     0.3112       1384     5.7625  0.000e+00
     -0.015     9.6651   0.043360     0.2990       1385     5.7667  0.000e+00
     -0.009     9.6716   0.042706     0.2943       1386     5.7708  0.000e+00
     -0.009     9.6783   0.042259     0.2910       1387     5.7750  0.000e+00
     -0.006     9.6845   0.041221     0.2836       1388     5.7792  0.000e+00
     -0.008     9.6913   0.040748     0.2802       1389     5.7833  0.000e+00
     -0.004     9.6985   0.040484     0.2783       1390     5.7875  0.000e+00
     -0.006     9.7056   0.039937     0.2743       1391     5.7917  0.000e+00
     -0.008     9.7125   0.038565     0.2645       1392     5.7958  0.000e+00
     -0.006     9.7193   0.037366     0.2560       1393     5.8000  0.000e+00
     -0.002     9.7266   0.037358     0.2559       1394     5.8042  0.000e+00
      0.001     9.7337   0.037223     0.2549       1395     5.8083  0.000e+00
     -0.008     9.7407   0.035350     0.2417       1396     5.8125  0.000e+00
     -0.004     9.7470   0.033856     0.2311       1397     5.8167  0.000e+00
     -0.002     9.7524   0.033879     0.2312       1398     5.8208  0.000e+00
      0.003     9.7571   0.034253     0.2338       1399     5.8250  0.000e+00
     -0.000     9.7627   0.033217     0.2265       1400     5.8292  0.000e+00
     -0.006     9.7694   0.031194     0.2123       1401     5.8333  0.000e+00
     -0.002     9.7760   0.030002     0.2039       1402     5.8375  0.000e+00
      0.001     9.7807   0.029460     0.2001       1403     5.8417  0.000e+00
      0.005     9.7858   0.029118     0.1977       1404     5.8458  0.000e+00
     -0.000     9.7915   0.029067     0.1973       1405     5.8500  0.000e+00
     -0.008     9.7974   0.028372     0.1925       1406     5.8542  0.000e+00
     -0.008     9.8036   0.026265     0.1778       1407     5.8583  0.000e+00
     -0.000     9.8090   0.025549     0.1728       1408     5.8625  0.000e+00
      0.003     9.8139   0.025003     0.1690       1409     5.8667  0.000e+00
      0.001     9.8189   0.025096     0.1696       1410     5.8708  0.000e+00
     -0.002     9.8236   0.024073     0.1625       1411     5.8750  0.000e+00
     -0.006     9.8287   0.023170     0.1563       1412     5.8792  0.000e+00
     -0.000     9.8336   0.022431     0.1512       1413     5.8833  0.000e+00
      0.001     9.8383   0.021957     0.1479       1414     5.8875  0.000e+00
      0.003     9.8431   0.021006     0.1414       1415     5.8917  0.000e+00
     -0.004     9.8482   0.019837     0.1333       1416     5.8958  0.000e+00
     -0.004     9.8535   0.018431     0.1237       1417     5.9000  0.000e+00
      0.001     9.8585   0.017029     0.1142       1418     5.9042  0.000e+00
      0.007     9.8643   0.014507     0.0971       1419     5.9083  0.000e+00
      0.005     9.8704   0.009471     0.0635       1420     5.9125  0.000e+00
     -0.002     9.8768   0.009395     0.0630       1421     5.9167  0.000e+00
      0.001     9.8824   0.008898     0.0597       1422     5.9208  0.000e+00
      0.005     9.8878   0.009079     0.0609       1423     5.9250  0.000e+00
      0.003     9.8930   0.009036     0.0606       1424     5.9292  0.000e+00
      0.003     9.8982   0.009096     0.0610       1425     5.9333  0.000e+00
      0.002     9.9029   0.008912     0.0597       1426     5.9375  0.000e+00
      0.002     9.9069   0.009042     0.0606       1427     5.9417  0.000e+00
      0.003     9.9098   0.008881     0.0595       1428     5.9458  0.000e+00
      0.002     9.9132   0.008861     0.0594       1429     5.9500  0.000e+00
      0.002     9.9153   0.008562     0.0574       1430     5.9542  0.000e+00
      0.005     9.9152   0.008543     0.0573       1431     5.9583  0.000e+00
      0.007     9.9158   0.008390     0.0563       1432     5.9625  0.000e+00
      0.009     9.9181   0.008283     0.0556       1433     5.9667  0.000e+00
      0.002     9.9209   0.008049     0.0541       1434     5.9708  0.000e+00
     -0.000     9.9231   0.007886     0.0530       1435     5.9750  0.000e+00
      0.005     9.9248   0.007646     0.0514       1436     5.9792  0.000e+00
