HB2402/sbe005.cnv
* Sea-Bird SBE 19plus V2 Data File:
* FileName = C:\cruise\data\sbe005.hex
* Software Version Seasave V 7.26.7.121
* Temperature SN = 7142
* Conductivity SN = 7142
* System UpLoad Time = Mar 08 2024 23:47:14
* NMEA Latitude = 37 40.60 N
* NMEA Longitude = 074 20.63 W
* NMEA UTC (Time) = Mar 08 2024  23:46:38
** Ship: Bigelow
** Cruise:  HB2304
** Program:  Fall Bottom Trawl
# nquan = 7
# nvalues = 1976                                  
# units = specified
# name 0 = depSM: Depth [salt water, m]
# name 1 = tv290C: Temperature [ITS-90, deg C]
# name 2 = c0S/m: Conductivity [S/m]
# name 3 = sal00: Salinity, Practical [PSU]
# name 4 = scan: Scan Count
# name 5 = timeM: Time, Elapsed [minutes]
# name 6 = flag:  0.000e+00
# span 0 =      0.010,     90.571                 
# span 1 =     7.0746,    10.1423                 
# span 2 =   0.000059,   3.707589                 
# span 3 =     0.0034,    33.7922                 
# span 4 =         11,       1986                 
# span 5 =     0.0417,     8.2708                 
# span 6 = 0.0000e+00, 0.0000e+00                 
# interval = seconds: 0.25
# start_time = Mar 08 2024 23:46:38 [NMEA time, header]
# bad_flag = -9.990e-29
*END*
[from data line 1026]
     57.881    10.0374   3.688689    33.7098       1037     4.3167  0.000e+00
     57.746    10.0338   3.685875    33.6846       1038     4.3208  0.000e+00
     57.620    10.0262   3.685407    33.6870       1039     4.3250  0.000e+00
     57.498    10.0185   3.685474    33.6949       1040     4.3292  0.000e+00
     57.394    10.0138   3.684352    33.6880       1041     4.3333  0.000e+00
     57.299    10.0094   3.684778    33.6964       1042     4.3375  0.000e+00
     57.216    10.0069   3.685117    33.7022       1043     4.3417  0.000e+00
     57.142    10.0069   3.685734    33.7085       1044     4.3458  0.000e+00
     57.081    10.0086   3.686011    33.7098       1045     4.3500  0.000e+00
     57.032    10.0108   3.686054    33.7082       1046     4.3542  0.000e+00
     56.991    10.0124   3.686079    33.7069       1047     4.3583  0.000e+00
     56.946    10.0132   3.684395    33.6891       1048     4.3625  0.000e+00
     56.907    10.0099   3.681194    33.6596       1049     4.3667  0.000e+00
     56.865     9.9985   3.682785    33.6865       1050     4.3708  0.000e+00
     56.824     9.9938   3.682693    33.6899       1051     4.3750  0.000e+00
     56.777     9.9932   3.682785    33.6914       1052     4.3792  0.000e+00
     56.725     9.9923   3.681040    33.6746       1053     4.3833  0.000e+00
     56.658     9.9884   3.680880    33.6765       1054     4.3875  0.000e+00
     56.572     9.9846   3.680615    33.6775       1055     4.3917  0.000e+00
     56.484     9.9817   3.678938    33.6631       1056     4.3958  0.000e+00
     56.383     9.9761   3.676806    33.6466       1057     4.4000  0.000e+00
     56.268     9.9666   3.676276    33.6502       1058     4.4042  0.000e+00
     56.146     9.9588   3.675764    33.6523       1059     4.4083  0.000e+00
     56.018     9.9527   3.673238    33.6323       1060     4.4125  0.000e+00
     55.887     9.9424   3.664796    33.5559       1061     4.4167  0.000e+00
     55.743     9.9143   3.651334    33.4448       1062     4.4208  0.000e+00
     55.599     9.8569   3.640230    33.3849       1063     4.4250  0.000e+00
     55.452     9.7829   3.633175    33.3814       1064     4.4292  0.000e+00
     55.308     9.7172   3.628534    33.3950       1065     4.4333  0.000e+00
     55.170     9.6641   3.625654    33.4149       1066     4.4375  0.000e+00
     55.037     9.6248   3.621262    33.4065       1067     4.4417  0.000e+00
     54.905     9.5905   3.613021    33.3538       1068     4.4458  0.000e+00
     54.783     9.5479   3.610550    33.3681       1069     4.4500  0.000e+00
     54.682     9.5112   3.608953    33.3859       1070     4.4542  0.000e+00
     54.578     9.4859   3.607663    33.3962       1071     4.4583  0.000e+00
     54.495     9.4690   3.606795    33.4030       1072     4.4625  0.000e+00
     54.418     9.4570   3.605878    33.4048       1073     4.4667  0.000e+00
     54.357     9.4476   3.604392    33.3983       1074     4.4708  0.000e+00
     54.292     9.4375   3.598745    33.3496       1075     4.4750  0.000e+00
     54.237     9.4179   3.592045    33.2988       1076     4.4792  0.000e+00
     54.179     9.3847   3.591978    33.3290       1077     4.4833  0.000e+00
     54.131     9.3593   3.591630    33.3491       1078     4.4875  0.000e+00
     54.077     9.3467   3.591502    33.3596       1079     4.4917  0.000e+00
     54.019     9.3392   3.590178    33.3529       1080     4.4958  0.000e+00
     53.962     9.3324   3.588762    33.3446       1081     4.5000  0.000e+00
     53.899     9.3238   3.587028    33.3348       1082     4.5042  0.000e+00
     53.827     9.3146   3.587181    33.3450       1083     4.5083  0.000e+00
     53.740     9.3070   3.584619    33.3256       1084     4.5125  0.000e+00
     53.652     9.2970   3.584704    33.3359       1085     4.5167  0.000e+00
     53.559     9.2897   3.583624    33.3316       1086     4.5208  0.000e+00
     53.455     9.2840   3.583557    33.3362       1087     4.5250  0.000e+00
     53.350     9.2798   3.583838    33.3431       1088     4.5292  0.000e+00
     53.241     9.2782   3.583405    33.3401       1089     4.5333  0.000e+00
     53.131     9.2766   3.583490    33.3426       1090     4.5375  0.000e+00
     53.018     9.2760   3.582691    33.3349       1091     4.5417  0.000e+00
     52.904     9.2737   3.582606    33.3363       1092     4.5458  0.000e+00
     52.788     9.2715   3.582545    33.3377       1093     4.5500  0.000e+00
     52.674     9.2700   3.582276    33.3364       1094     4.5542  0.000e+00
     52.563     9.2687   3.581892    33.3337       1095     4.5583  0.000e+00
     52.446     9.2669   3.582130    33.3379       1096     4.5625  0.000e+00
     52.331     9.2662   3.582148    33.3388       1097     4.5667  0.000e+00
     52.221     9.2659   3.582130    33.3389       1098     4.5708  0.000e+00
     52.117     9.2659   3.581392    33.3314       1099     4.5750  0.000e+00
     52.013     9.2641   3.580782    33.3267       1100     4.5792  0.000e+00
     51.919     9.2608   3.580679    33.3288       1101     4.5833  0.000e+00
     51.835     9.2581   3.580502    33.3295       1102     4.5875  0.000e+00
     51.761     9.2561   3.580020    33.3265       1103     4.5917  0.000e+00
     51.685     9.2540   3.579813    33.3263       1104     4.5958  0.000e+00
     51.619     9.2520   3.579831    33.3284       1105     4.6000  0.000e+00
     51.558     9.2505   3.579008    33.3213       1106     4.6042  0.000e+00
     51.500     9.2483   3.579441    33.3278       1107     4.6083  0.000e+00
     51.428     9.2471   3.579813    33.3329       1108     4.6125  0.000e+00
     51.358     9.2478   3.579483    33.3288       1109     4.6167  0.000e+00
     51.295     9.2480   3.578228    33.3157       1110     4.6208  0.000e+00
     51.225     9.2445   3.578770    33.3245       1111     4.6250  0.000e+00
     51.153     9.2424   3.578545    33.3242       1112     4.6292  0.000e+00
     51.085     9.2417   3.577886    33.3181       1113     4.6333  0.000e+00
     51.009     9.2395   3.577752    33.3188       1114     4.6375  0.000e+00
     50.937     9.2374   3.577557    33.3188       1115     4.6417  0.000e+00
     50.873     9.2355   3.577130    33.3162       1116     4.6458  0.000e+00
     50.806     9.2334   3.576826    33.3150       1117     4.6500  0.000e+00
     50.740     9.2313   3.576826    33.3170       1118     4.6542  0.000e+00
     50.671     9.2297   3.576783    33.3180       1119     4.6583  0.000e+00
     50.610     9.2289   3.576911    33.3202       1120     4.6625  0.000e+00
     50.549     9.2288   3.576795    33.3190       1121     4.6667  0.000e+00
     50.481     9.2288   3.576265    33.3136       1122     4.6708  0.000e+00
     50.407     9.2268   3.574686    33.2992       1123     4.6750  0.000e+00
     50.330     9.2233   3.575095    33.3067       1124     4.6792  0.000e+00
     50.245     9.2198   3.575204    33.3112       1125     4.6833  0.000e+00
     50.154     9.2181   3.575290    33.3137       1126     4.6875  0.000e+00
     50.049     9.2174   3.574077    33.3018       1127     4.6917  0.000e+00
     49.943     9.2145   3.573066    33.2941       1128     4.6958  0.000e+00
     49.832     9.2090   3.572590    33.2943       1129     4.7000  0.000e+00
     49.728     9.2036   3.571914    33.2924       1130     4.7042  0.000e+00
     49.627     9.1986   3.571445    33.2923       1131     4.7083  0.000e+00
     49.519     9.1944   3.570903    33.2907       1132     4.7125  0.000e+00
     49.426     9.1903   3.570928    33.2948       1133     4.7167  0.000e+00
     49.339     9.1875   3.569977    33.2875       1134     4.7208  0.000e+00
     49.262     9.1840   3.568960    33.2803       1135     4.7250  0.000e+00
     49.197     9.1784   3.568705    33.2829       1136     4.7292  0.000e+00
     49.140     9.1737   3.566787    33.2674       1137     4.7333  0.000e+00
     49.095     9.1666   3.565691    33.2627       1138     4.7375  0.000e+00
     49.050     9.1577   3.566982    33.2844       1139     4.7417  0.000e+00
     49.018     9.1559   3.565320    33.2689       1140     4.7458  0.000e+00
     48.989     9.1522   3.564632    33.2652       1141     4.7500  0.000e+00
     48.964     9.1463   3.563080    33.2547       1142     4.7542  0.000e+00
     48.946     9.1384   3.563317    33.2645       1143     4.7583  0.000e+00
     48.924     9.1337   3.562179    33.2571       1144     4.7625  0.000e+00
     48.899     9.1290   3.561328    33.2526       1145     4.7667  0.000e+00
     48.866     9.1227   3.560671    33.2517       1146     4.7708  0.000e+00
     48.829     9.1167   3.559770    33.2479       1147     4.7750  0.000e+00
     48.789     9.1112   3.563123    33.2880       1148     4.7792  0.000e+00
     48.737     9.1163   3.563165    33.2836       1149     4.7833  0.000e+00
     48.676     9.1227   3.563531    33.2815       1150     4.7875  0.000e+00
     48.615     9.1270   3.560512    33.2462       1151     4.7917  0.000e+00
     48.541     9.1215   3.558456    33.2300       1152     4.7958  0.000e+00
     48.457     9.1103   3.555495    33.2097       1153     4.8000  0.000e+00
     48.367     9.0934   3.553756    33.2075       1154     4.8042  0.000e+00
     48.273     9.0778   3.553154    33.2157       1155     4.8083  0.000e+00
     48.180     9.0664   3.552747    33.2223       1156     4.8125  0.000e+00
     48.079     9.0591   3.551112    33.2121       1157     4.8167  0.000e+00
     47.980     9.0504   3.544861    33.1553       1158     4.8208  0.000e+00
     47.887     9.0279   3.535331    33.0772       1159     4.8250  0.000e+00
     47.789     8.9840   3.529600    33.0584       1160     4.8292  0.000e+00
     47.707     8.9354   3.520905    33.0131       1161     4.8333  0.000e+00
     47.637     8.8833   3.520027    33.0524       1162     4.8375  0.000e+00
     47.572     8.8455   3.519573    33.0829       1163     4.8417  0.000e+00
     47.513     8.8242   3.518423    33.0908       1164     4.8458  0.000e+00
     47.459     8.8106   3.518296    33.1022       1165     4.8500  0.000e+00
     47.414     8.8019   3.518223    33.1096       1166     4.8542  0.000e+00
     47.378     8.7976   3.515269    33.0827       1167     4.8583  0.000e+00
     47.336     8.7878   3.513169    33.0699       1168     4.8625  0.000e+00
     47.300     8.7736   3.512927    33.0807       1169     4.8667  0.000e+00
     47.268     8.7636   3.512727    33.0880       1170     4.8708  0.000e+00
     47.241     8.7577   3.512110    33.0870       1171     4.8750  0.000e+00
     47.207     8.7530   3.510864    33.0784       1172     4.8792  0.000e+00
     47.167     8.7471   3.510350    33.0785       1173     4.8833  0.000e+00
     47.122     8.7417   3.510126    33.0812       1174     4.8875  0.000e+00
     47.068     8.7378   3.509448    33.0778       1175     4.8917  0.000e+00
     47.020     8.7341   3.509194    33.0787       1176     4.8958  0.000e+00
     46.953     8.7305   3.508704    33.0769       1177     4.9000  0.000e+00
     46.876     8.7273   3.508094    33.0736       1178     4.9042  0.000e+00
     46.797     8.7233   3.507755    33.0737       1179     4.9083  0.000e+00
     46.704     8.7193   3.505487    33.0538       1180     4.9125  0.000e+00
     46.608     8.7116   3.503196    33.0370       1181     4.9167  0.000e+00
     46.515     8.6986   3.500392    33.0198       1182     4.9208  0.000e+00
     46.414     8.6831   3.498338    33.0128       1183     4.9250  0.000e+00
     46.315     8.6656   3.497480    33.0202       1184     4.9292  0.000e+00
     46.207     8.6525   3.495861    33.0154       1185     4.9333  0.000e+00
     46.098     8.6408   3.493947    33.0063       1186     4.9375  0.000e+00
     46.010     8.6279   3.491200    32.9896       1187     4.9417  0.000e+00
     45.920     8.6125   3.489408    32.9852       1188     4.9458  0.000e+00
     45.844     8.5966   3.487682    32.9819       1189     4.9500  0.000e+00
     45.776     8.5827   3.486198    32.9793       1190     4.9542  0.000e+00
     45.720     8.5701   3.486192    32.9911       1191     4.9583  0.000e+00
     45.677     8.5622   3.485715    32.9934       1192     4.9625  0.000e+00
     45.650     8.5571   3.485028    32.9910       1193     4.9667  0.000e+00
     45.627     8.5519   3.484515    32.9905       1194     4.9708  0.000e+00
     45.616     8.5475   3.485010    32.9998       1195     4.9750  0.000e+00
     45.616     8.5457   3.484726    32.9985       1196     4.9792  0.000e+00
     45.621     8.5450   3.484913    33.0011       1197     4.9833  0.000e+00
     45.621     8.5447   3.484611    32.9983       1198     4.9875  0.000e+00
     45.623     8.5441   3.484455    32.9971       1199     4.9917  0.000e+00
     45.625     8.5430   3.485082    33.0047       1200     4.9958  0.000e+00
     45.623     8.5439   3.484545    32.9983       1201     5.0000  0.000e+00
     45.610     8.5436   3.484244    32.9954       1202     5.0042  0.000e+00
     45.592     8.5422   3.483508    32.9889       1203     5.0083  0.000e+00
     45.562     8.5392   3.482187    32.9779       1204     5.0125  0.000e+00
     45.524     8.5329   3.477901    32.9387       1205     5.0167  0.000e+00
     45.474     8.5175   3.470833    32.8787       1206     5.0208  0.000e+00
     45.405     8.4867   3.469455    32.8930       1207     5.0250  0.000e+00
     45.330     8.4597   3.468251    32.9055       1208     5.0292  0.000e+00
     45.242     8.4408   3.464513    32.8838       1209     5.0333  0.000e+00
     45.139     8.4209   3.462064    32.8766       1210     5.0375  0.000e+00
     45.024     8.3996   3.460686    32.8820       1211     5.0417  0.000e+00
     44.906     8.3825   3.459375    32.8841       1212     5.0458  0.000e+00
     44.780     8.3694   3.458840    32.8908       1213     5.0500  0.000e+00
     44.656     8.3601   3.458479    32.8958       1214     5.0542  0.000e+00
     44.532     8.3543   3.457547    32.8914       1215     5.0583  0.000e+00
     44.406     8.3483   3.456657    32.8877       1216     5.0625  0.000e+00
     44.291     8.3423   3.455365    32.8797       1217     5.0667  0.000e+00
     44.181     8.3344   3.452275    32.8545       1218     5.0708  0.000e+00
     44.075     8.3206   3.449764    32.8408       1219     5.0750  0.000e+00
     43.974     8.3039   3.448959    32.8480       1220     5.0792  0.000e+00
     43.885     8.2905   3.447962    32.8499       1221     5.0833  0.000e+00
     43.800     8.2802   3.447199    32.8516       1222     5.0875  0.000e+00
     43.724     8.2722   3.447157    32.8586       1223     5.0917  0.000e+00
     43.654     8.2674   3.447001    32.8615       1224     5.0958  0.000e+00
     43.588     8.2646   3.446100    32.8547       1225     5.1000  0.000e+00
     43.529     8.2608   3.444677    32.8432       1226     5.1042  0.000e+00
     43.476     8.2543   3.443950    32.8416       1227     5.1083  0.000e+00
     43.435     8.2475   3.441987    32.8271       1228     5.1125  0.000e+00
     43.397     8.2382   3.440829    32.8235       1229     5.1167  0.000e+00
     43.360     8.2282   3.440187    32.8261       1230     5.1208  0.000e+00
     43.331     8.2205   3.438969    32.8204       1231     5.1250  0.000e+00
     43.302     8.2128   3.437751    32.8147       1232     5.1292  0.000e+00
     43.270     8.2043   3.436677    32.8113       1233     5.1333  0.000e+00
     43.243     8.1961   3.434866    32.7998       1234     5.1375  0.000e+00
     43.205     8.1865   3.433145    32.7905       1235     5.1417  0.000e+00
     43.171     8.1755   3.432683    32.7959       1236     5.1458  0.000e+00
     43.128     8.1670   3.431544    32.7918       1237     5.1500  0.000e+00
     43.090     8.1594   3.430063    32.7832       1238     5.1542  0.000e+00
     43.039     8.1508   3.429362    32.7839       1239     5.1583  0.000e+00
     42.995     8.1428   3.429182    32.7894       1240     5.1625  0.000e+00
