HB2402/sbe024.cnv
* Sea-Bird SBE 19plus V2 Data File:
* FileName = C:\cruise\data\sbe024.hex
* Software Version Seasave V 7.26.7.121
* Temperature SN = 7142
* Conductivity SN = 7142
* System UpLoad Time = Mar 17 2024 23:00:00
* NMEA Latitude = 38 24.06 N
* NMEA Longitude = 073 34.79 W
* NMEA UTC (Time) = Mar 17 2024  22:59:15
** Ship: Bigelow
** Cruise:  HB2304
** Program:  Fall Bottom Trawl
# nquan = 7
# nvalues = 3987                                  
# units = specified
# name 0 = depSM: Depth [salt water, m]
# name 1 = tv290C: Temperature [ITS-90, deg C]
# name 2 = c0S/m: Conductivity [S/m]
# name 3 = sal00: Salinity, Practical [PSU]
# name 4 = scan: Scan Count
# name 5 = timeM: Time, Elapsed [minutes]
# name 6 = flag:  0.000e+00
# span 0 =     -0.201,    292.589                 
# span 1 =     6.9034,    12.0661                 
# span 2 =   0.000014,   4.030491                 
# span 3 =     0.0051,    35.4061                 
# span 4 =         11,       3997                 
# span 5 =     0.0417,    16.6500                 
# span 6 = 0.0000e+00, 0.0000e+00                 
# interval = seconds: 0.25
# start_time = Mar 17 2024 22:59:15 [NMEA time, header]
# bad_flag = -9.990e-29
*END*
[from data line 616]
     28.211     7.1769   3.304591    32.3631        627     2.6083  0.000e+00
     28.398     7.1762   3.305962    32.3786        628     2.6125  0.000e+00
     28.573     7.1780   3.306334    32.3808        629     2.6167  0.000e+00
     28.733     7.1802   3.306517    32.3806        630     2.6208  0.000e+00
     28.880     7.1818   3.306293    32.3766        631     2.6250  0.000e+00
     29.024     7.1742   3.306104    32.3816        632     2.6292  0.000e+00
     29.168     7.1580   3.306104    32.3968        633     2.6333  0.000e+00
     29.315     7.1452   3.306559    32.4137        634     2.6375  0.000e+00
     29.457     7.1392   3.306808    32.4220        635     2.6417  0.000e+00
     29.612     7.1341   3.305780    32.4155        636     2.6458  0.000e+00
     29.779     7.1378   3.304929    32.4026        637     2.6500  0.000e+00
     29.953     7.1590   3.304716    32.3804        638     2.6542  0.000e+00
     30.133     7.1702   3.304887    32.3716        639     2.6583  0.000e+00
     30.327     7.1731   3.304675    32.3665        640     2.6625  0.000e+00
     30.523     7.1799   3.304226    32.3552        641     2.6667  0.000e+00
     30.715     7.1881   3.303789    32.3427        642     2.6708  0.000e+00
     30.918     7.1853   3.303062    32.3373        643     2.6750  0.000e+00
     31.131     7.1785   3.302856    32.3413        644     2.6792  0.000e+00
     31.346     7.1686   3.302815    32.3501        645     2.6833  0.000e+00
     31.558     7.1591   3.302726    32.3579        646     2.6875  0.000e+00
     31.767     7.1508   3.302673    32.3651        647     2.6917  0.000e+00
     31.974     7.1440   3.302673    32.3713        648     2.6958  0.000e+00
     32.177     7.1333   3.302650    32.3810        649     2.7000  0.000e+00
     32.369     7.1215   3.302733    32.3929        650     2.7042  0.000e+00
     32.560     7.1116   3.302827    32.4032        651     2.7083  0.000e+00
     32.737     7.1025   3.302981    32.4133        652     2.7125  0.000e+00
     32.914     7.0942   3.303170    32.4230        653     2.7167  0.000e+00
     33.083     7.0906   3.303312    32.4278        654     2.7208  0.000e+00
     33.255     7.0908   3.303395    32.4285        655     2.7250  0.000e+00
     33.419     7.0899   3.303436    32.4297        656     2.7292  0.000e+00
     33.588     7.0868   3.303501    32.4333        657     2.7333  0.000e+00
     33.755     7.0832   3.303543    32.4371        658     2.7375  0.000e+00
     33.931     7.0790   3.303230    32.4375        659     2.7417  0.000e+00
     34.118     7.0752   3.303171    32.4403        660     2.7458  0.000e+00
     34.312     7.0725   3.303360    32.4449        661     2.7500  0.000e+00
     34.510     7.0663   3.303502    32.4521        662     2.7542  0.000e+00
     34.717     7.0573   3.303478    32.4603        663     2.7583  0.000e+00
     34.923     7.0484   3.303585    32.4698        664     2.7625  0.000e+00
     35.139     7.0442   3.303874    32.4768        665     2.7667  0.000e+00
     35.353     7.0429   3.304371    32.4833        666     2.7708  0.000e+00
     35.565     7.0455   3.304601    32.4832        667     2.7750  0.000e+00
     35.772     7.0467   3.305198    32.4885        668     2.7792  0.000e+00
     35.975     7.0466   3.306338    32.5010        669     2.7833  0.000e+00
     36.174     7.0468   3.307017    32.5080        670     2.7875  0.000e+00
     36.368     7.0484   3.307561    32.5123        671     2.7917  0.000e+00
     36.554     7.0509   3.307697    32.5114        672     2.7958  0.000e+00
     36.733     7.0539   3.307413    32.5054        673     2.8000  0.000e+00
     36.906     7.0573   3.307248    32.5003        674     2.8042  0.000e+00
     37.071     7.0614   3.307437    32.4985        675     2.8083  0.000e+00
     37.238     7.0642   3.307207    32.4932        676     2.8125  0.000e+00
     37.395     7.0669   3.307124    32.4897        677     2.8167  0.000e+00
     37.553     7.0716   3.307207    32.4861        678     2.8208  0.000e+00
     37.718     7.0767   3.307437    32.4837        679     2.8250  0.000e+00
     37.889     7.0809   3.307934    32.4851        680     2.8292  0.000e+00
     38.067     7.0833   3.308330    32.4870        681     2.8333  0.000e+00
     38.251     7.0850   3.308655    32.4889        682     2.8375  0.000e+00
     38.436     7.0860   3.308950    32.4910        683     2.8417  0.000e+00
     38.635     7.0878   3.310256    32.5035        684     2.8458  0.000e+00
     38.840     7.0957   3.311125    32.5054        685     2.8500  0.000e+00
     39.050     7.1006   3.311131    32.5007        686     2.8542  0.000e+00
     39.270     7.0960   3.311126    32.5049        687     2.8583  0.000e+00
     39.493     7.0933   3.311226    32.5084        688     2.8625  0.000e+00
     39.721     7.0935   3.311439    32.5104        689     2.8667  0.000e+00
     39.953     7.0940   3.311770    32.5135        690     2.8708  0.000e+00
     40.190     7.0930   3.313586    32.5340        691     2.8750  0.000e+00
     40.422     7.0896   3.315111    32.5538        692     2.8792  0.000e+00
     40.652     7.0854   3.316194    32.5694        693     2.8833  0.000e+00
     40.873     7.0862   3.316857    32.5758        694     2.8875  0.000e+00
     41.089     7.0890   3.316987    32.5744        695     2.8917  0.000e+00
     41.303     7.0915   3.315195    32.5525        696     2.8958  0.000e+00
     41.492     7.0930   3.313864    32.5365        697     2.9000  0.000e+00
     41.666     7.0939   3.313284    32.5293        698     2.9042  0.000e+00
     41.826     7.0936   3.313574    32.5326        699     2.9083  0.000e+00
     41.970     7.0872   3.314260    32.5460        700     2.9125  0.000e+00
     42.106     7.0731   3.315343    32.5711        701     2.9167  0.000e+00
     42.232     7.0549   3.316792    32.6040        702     2.9208  0.000e+00
     42.354     7.0367   3.317982    32.6341        703     2.9250  0.000e+00
     42.480     7.0201   3.318710    32.6578        704     2.9292  0.000e+00
     42.604     7.0078   3.318520    32.6673        705     2.9333  0.000e+00
     42.737     7.0018   3.316876    32.6550        706     2.9375  0.000e+00
     42.895     6.9973   3.317982    32.6713        707     2.9417  0.000e+00
     43.052     6.9958   3.318852    32.6822        708     2.9458  0.000e+00
     43.224     7.0119   3.319544    32.6744        709     2.9500  0.000e+00
     43.411     7.0384   3.319372    32.6473        710     2.9542  0.000e+00
     43.616     7.0625   3.319331    32.6239        711     2.9583  0.000e+00
     43.841     7.0788   3.319934    32.6149        712     2.9625  0.000e+00
     44.073     7.0892   3.319366    32.5988        713     2.9667  0.000e+00
     44.316     7.0982   3.319106    32.5873        714     2.9708  0.000e+00
     44.564     7.1053   3.320437    32.5950        715     2.9750  0.000e+00
     44.819     7.1093   3.321183    32.5992        716     2.9792  0.000e+00
     45.071     7.1052   3.321325    32.6045        717     2.9833  0.000e+00
     45.319     7.1008   3.321787    32.6135        718     2.9875  0.000e+00
     45.556     7.0992   3.322184    32.6193        719     2.9917  0.000e+00
     45.779     7.0984   3.322160    32.6197        720     2.9958  0.000e+00
     45.986     7.0984   3.321326    32.6105        721     3.0000  0.000e+00
     46.180     7.0996   3.321083    32.6066        722     3.0042  0.000e+00
     46.363     7.1008   3.321225    32.6069        723     3.0083  0.000e+00
     46.530     7.1017   3.321349    32.6073        724     3.0125  0.000e+00
     46.685     7.0932   3.321646    32.6185        725     3.0167  0.000e+00
     46.836     7.0698   3.321557    32.6397        726     3.0208  0.000e+00
     46.980     7.0442   3.321540    32.6637        727     3.0250  0.000e+00
     47.131     7.0238   3.321581    32.6834        728     3.0292  0.000e+00
     47.283     7.0086   3.321789    32.7000        729     3.0333  0.000e+00
     47.436     6.9988   3.321824    32.7097        730     3.0375  0.000e+00
     47.594     6.9948   3.322186    32.7174        731     3.0417  0.000e+00
     47.771     6.9911   3.323145    32.7312        732     3.0458  0.000e+00
     47.956     7.0011   3.322997    32.7200        733     3.0500  0.000e+00
     48.159     7.0238   3.323133    32.6998        734     3.0542  0.000e+00
     48.362     7.0420   3.323351    32.6849        735     3.0583  0.000e+00
     48.572     7.0548   3.323269    32.6717        736     3.0625  0.000e+00
     48.797     7.0637   3.323393    32.6645        737     3.0667  0.000e+00
     49.018     7.0690   3.323334    32.6588        738     3.0708  0.000e+00
     49.243     7.0682   3.323310    32.6591        739     3.0750  0.000e+00
     49.460     7.0666   3.323434    32.6620        740     3.0792  0.000e+00
     49.676     7.0677   3.323541    32.6619        741     3.0833  0.000e+00
     49.894     7.0697   3.323612    32.6607        742     3.0875  0.000e+00
     50.111     7.0708   3.323766    32.6612        743     3.0917  0.000e+00
     50.318     7.0720   3.324104    32.6637        744     3.0958  0.000e+00
     50.516     7.0730   3.324121    32.6628        745     3.1000  0.000e+00
     50.701     7.0746   3.324246    32.6625        746     3.1042  0.000e+00
     50.873     7.0752   3.324163    32.6610        747     3.1083  0.000e+00
     51.041     7.0679   3.324187    32.6681        748     3.1125  0.000e+00
     51.202     7.0527   3.324329    32.6840        749     3.1167  0.000e+00
     51.353     7.0400   3.324566    32.6986        750     3.1208  0.000e+00
     51.503     7.0286   3.324768    32.7116        751     3.1250  0.000e+00
     51.652     7.0178   3.324892    32.7230        752     3.1292  0.000e+00
     51.806     7.0101   3.324875    32.7301        753     3.1333  0.000e+00
     51.968     7.0068   3.324567    32.7298        754     3.1375  0.000e+00
     52.135     7.0037   3.324934    32.7367        755     3.1417  0.000e+00
     52.313     6.9987   3.324875    32.7408        756     3.1458  0.000e+00
     52.486     7.0024   3.324893    32.7373        757     3.1500  0.000e+00
     52.675     7.0158   3.324845    32.7240        758     3.1542  0.000e+00
     52.869     7.0320   3.324602    32.7059        759     3.1583  0.000e+00
     53.090     7.0427   3.324626    32.6958        760     3.1625  0.000e+00
     53.313     7.0532   3.324626    32.6858        761     3.1667  0.000e+00
     53.545     7.0608   3.324484    32.6769        762     3.1708  0.000e+00
     53.789     7.0590   3.324354    32.6771        763     3.1750  0.000e+00
     54.035     7.0566   3.324395    32.6797        764     3.1792  0.000e+00
     54.284     7.0577   3.324768    32.6826        765     3.1833  0.000e+00
     54.526     7.0586   3.325260    32.6870        766     3.1875  0.000e+00
     54.764     7.0584   3.325728    32.6922        767     3.1917  0.000e+00
     54.983     7.0564   3.325917    32.6960        768     3.1958  0.000e+00
     55.193     7.0544   3.325438    32.6926        769     3.2000  0.000e+00
     55.387     7.0553   3.325420    32.6914        770     3.2042  0.000e+00
     55.560     7.0572   3.325438    32.6897        771     3.2083  0.000e+00
     55.718     7.0625   3.325793    32.6885        772     3.2125  0.000e+00
     55.860     7.0815   3.330005    32.7163        773     3.2167  0.000e+00
     55.997     7.1066   3.336079    32.7586        774     3.2208  0.000e+00
     56.117     7.1327   3.340735    32.7844        775     3.2250  0.000e+00
     56.238     7.1574   3.343713    32.7934        776     3.2292  0.000e+00
     56.355     7.1768   3.344799    32.7867        777     3.2333  0.000e+00
     56.484     7.1915   3.340236    32.7231        778     3.2375  0.000e+00
     56.624     7.2006   3.334834    32.6557        779     3.2417  0.000e+00
     56.782     7.2086   3.331360    32.6104        780     3.2458  0.000e+00
     56.950     7.2025   3.330324    32.6047        781     3.2500  0.000e+00
     57.137     7.1791   3.330715    32.6310        782     3.2542  0.000e+00
     57.340     7.1512   3.331136    32.6619        783     3.2583  0.000e+00
     57.555     7.1320   3.331053    32.6791        784     3.2625  0.000e+00
     57.787     7.1153   3.330923    32.6933        785     3.2667  0.000e+00
     58.025     7.1036   3.331907    32.7151        786     3.2708  0.000e+00
     58.258     7.0959   3.334752    32.7532        787     3.2750  0.000e+00
     58.499     7.0941   3.336561    32.7745        788     3.2792  0.000e+00
     58.737     7.1022   3.338856    32.7917        789     3.2833  0.000e+00
     58.976     7.1067   3.339692    32.7965        790     3.2875  0.000e+00
     59.209     7.1134   3.339461    32.7875        791     3.2917  0.000e+00
     59.430     7.1225   3.339692    32.7812        792     3.2958  0.000e+00
     59.648     7.1280   3.340024    32.7795        793     3.3000  0.000e+00
     59.855     7.1308   3.340760    32.7848        794     3.3042  0.000e+00
     60.053     7.1323   3.342783    32.8053        795     3.3083  0.000e+00
     60.247     7.1319   3.343507    32.8134        796     3.3125  0.000e+00
     60.423     7.1300   3.341828    32.7969        797     3.3167  0.000e+00
     60.594     7.1300   3.340066    32.7776        798     3.3208  0.000e+00
     60.754     7.1305   3.339728    32.7733        799     3.3250  0.000e+00
     60.917     7.1302   3.341597    32.7939        800     3.3292  0.000e+00
     61.072     7.1303   3.343300    32.8123        801     3.3333  0.000e+00
     61.226     7.1300   3.343964    32.8198        802     3.3375  0.000e+00
     61.381     7.1305   3.345163    32.8323        803     3.3417  0.000e+00
     61.536     7.1336   3.346428    32.8429        804     3.3458  0.000e+00
     61.690     7.1359   3.347663    32.8541        805     3.3500  0.000e+00
     61.861     7.1410   3.349284    32.8669        806     3.3542  0.000e+00
     62.035     7.1544   3.350774    32.8703        807     3.3583  0.000e+00
     62.213     7.1726   3.351113    32.8566        808     3.3625  0.000e+00
     62.402     7.1896   3.351891    32.8487        809     3.3667  0.000e+00
     62.595     7.1984   3.354374    32.8673        810     3.3708  0.000e+00
     62.798     7.2053   3.354629    32.8634        811     3.3750  0.000e+00
     63.001     7.2206   3.353530    32.8368        812     3.3792  0.000e+00
     63.215     7.2303   3.355045    32.8439        813     3.3833  0.000e+00
     63.423     7.2275   3.356394    32.8612        814     3.3875  0.000e+00
     63.639     7.2287   3.357542    32.8724        815     3.3917  0.000e+00
     63.860     7.2380   3.364100    32.9346        816     3.3958  0.000e+00
     64.076     7.2446   3.369938    32.9917        817     3.4000  0.000e+00
     64.293     7.2632   3.374154    33.0197        818     3.4042  0.000e+00
     64.509     7.2975   3.376971    33.0173        819     3.4083  0.000e+00
     64.721     7.3191   3.380683    33.0369        820     3.4125  0.000e+00
     64.937     7.3435   3.382537    33.0336        821     3.4167  0.000e+00
     65.156     7.3776   3.383770    33.0144        822     3.4208  0.000e+00
     65.367     7.4126   3.384044    32.9839        823     3.4250  0.000e+00
     65.573     7.4392   3.384134    32.9595        824     3.4292  0.000e+00
     65.778     7.4518   3.383865    32.9445        825     3.4333  0.000e+00
     65.982     7.4537   3.383794    32.9418        826     3.4375  0.000e+00
     66.185     7.4529   3.382774    32.9314        827     3.4417  0.000e+00
     66.377     7.4531   3.381516    32.9176        828     3.4458  0.000e+00
     66.560     7.4489   3.379496    32.8996        829     3.4500  0.000e+00
     66.737     7.4374   3.378358    32.8982        830     3.4542  0.000e+00
