HB2402/sbe081.cnv
* Sea-Bird SBE 19plus V2 Data File:
* FileName = C:\cruise\data\sbe081.hex
* Software Version Seasave V 7.26.7.121
* Temperature SN = 7037
* Conductivity SN = 7037
* System UpLoad Time = Apr 16 2024 16:15:37
* NMEA Latitude = 41 45.57 N
* NMEA Longitude = 069 03.51 W
* NMEA UTC (Time) = Apr 16 2024  16:15:09
** Ship: Bigelow
** Cruise:  HB2304
** Program:  Fall Bottom Trawl
# nquan = 8
# nvalues = 2778                                  
# units = specified
# name 0 = depSM: Depth [salt water, m]
# name 1 = tv290C: Temperature [ITS-90, deg C]
# name 2 = c0S/m: Conductivity [S/m]
# name 3 = sal00: Salinity, Practical [PSU]
# name 4 = scan: Scan Count
# name 5 = timeM: Time, Elapsed [minutes]
# name 6 = sbeox0V: Oxygen raw, SBE 43 [V]
# name 7 = flag:  0.000e+00
# span 0 =      0.103,    173.196                 
# span 1 =     5.1185,     7.7491                 
# span 2 =   2.356095,   3.455225                 
# span 3 =    22.2798,    33.3799                 
# span 4 =         11,       2788                 
# span 5 =     0.0417,    11.6125                 
# span 6 =     1.5733,     2.4199                 
# span 7 = 0.0000e+00, 0.0000e+00                 
# interval = seconds: 0.25
# start_time = Apr 16 2024 16:15:09 [NMEA time, header]
# bad_flag = -9.990e-29
*END*
[from data line 2158]
    115.510     6.9560   3.327283    32.7774       2169     9.0333     1.8506  0.000e+00
    115.333     6.9546   3.326742    32.7728       2170     9.0375     1.8509  0.000e+00
    115.163     6.9527   3.326195    32.7687       2171     9.0417     1.8517  0.000e+00
    114.998     6.9501   3.325469    32.7633       2172     9.0458     1.8531  0.000e+00
    114.839     6.9469   3.324444    32.7553       2173     9.0500     1.8528  0.000e+00
    114.682     6.9428   3.323836    32.7526       2174     9.0542     1.8541  0.000e+00
    114.526     6.9387   3.323717    32.7553       2175     9.0583     1.8541  0.000e+00
    114.365     6.9355   3.323588    32.7570       2176     9.0625     1.8548  0.000e+00
    114.191     6.9333   3.322839    32.7510       2177     9.0667     1.8547  0.000e+00
    114.007     6.9305   3.321460    32.7387       2178     9.0708     1.8553  0.000e+00
    113.808     6.9257   3.319647    32.7236       2179     9.0750     1.8554  0.000e+00
    113.600     6.9182   3.318403    32.7171       2180     9.0792     1.8562  0.000e+00
    113.378     6.9100   3.317295    32.7129       2181     9.0833     1.8564  0.000e+00
    113.132     6.9019   3.316439    32.7114       2182     9.0875     1.8560  0.000e+00
    112.886     6.8945   3.315821    32.7118       2183     9.0917     1.8554  0.000e+00
    112.626     6.8879   3.315005    32.7092       2184     9.0958     1.8577  0.000e+00
    112.364     6.8818   3.314150    32.7059       2185     9.1000     1.8594  0.000e+00
    112.096     6.8756   3.312136    32.6898       2186     9.1042     1.8583  0.000e+00
    111.823     6.8672   3.305284    32.6229       2187     9.1083     1.8602  0.000e+00
    111.555     6.8466   3.300212    32.5870       2188     9.1125     1.8611  0.000e+00
    111.302     6.8167   3.296715    32.5772       2189     9.1167     1.8624  0.000e+00
    111.056     6.7882   3.291945    32.5520       2190     9.1208     1.8637  0.000e+00
    110.816     6.7580   3.290313    32.5630       2191     9.1250     1.8641  0.000e+00
    110.585     6.7324   3.289719    32.5808       2192     9.1292     1.8660  0.000e+00
    110.371     6.7142   3.289512    32.5960       2193     9.1333     1.8662  0.000e+00
    110.169     6.7022   3.289243    32.6045       2194     9.1375     1.8686  0.000e+00
    109.974     6.6944   3.288839    32.6075       2195     9.1417     1.8694  0.000e+00
    109.786     6.6884   3.288216    32.6065       2196     9.1458     1.8715  0.000e+00
    109.608     6.6835   3.287762    32.6063       2197     9.1500     1.8750  0.000e+00
    109.438     6.6789   3.286910    32.6013       2198     9.1542     1.8791  0.000e+00
    109.281     6.6742   3.286546    32.6019       2199     9.1583     1.8818  0.000e+00
    109.127     6.6697   3.285189    32.5913       2200     9.1625     1.8849  0.000e+00
    108.970     6.6641   3.284259    32.5865       2201     9.1667     1.8867  0.000e+00
    108.824     6.6572   3.283373    32.5833       2202     9.1708     1.8899  0.000e+00
    108.672     6.6503   3.282000    32.5749       2203     9.1750     1.8927  0.000e+00
    108.526     6.6423   3.279244    32.5522       2204     9.1792     1.8950  0.000e+00
    108.377     6.6305   3.275766    32.5253       2205     9.1833     1.8971  0.000e+00
    108.218     6.6133   3.274115    32.5234       2206     9.1875     1.8987  0.000e+00
    108.064     6.5960   3.272391    32.5210       2207     9.1917     1.8993  0.000e+00
    107.893     6.5801   3.269342    32.5026       2208     9.1958     1.9032  0.000e+00
    107.719     6.5623   3.266383    32.4870       2209     9.2000     1.9052  0.000e+00
    107.538     6.5423   3.262469    32.4629       2210     9.2042     1.9065  0.000e+00
    107.348     6.5196   3.258780    32.4438       2211     9.2083     1.9087  0.000e+00
    107.144     6.4935   3.254356    32.4198       2212     9.2125     1.9095  0.000e+00
    106.927     6.4650   3.249047    32.3883       2213     9.2167     1.9120  0.000e+00
    106.703     6.4320   3.245979    32.3859       2214     9.2208     1.9126  0.000e+00
    106.464     6.4007   3.243870    32.3923       2215     9.2250     1.9148  0.000e+00
    106.222     6.3740   3.241255    32.3889       2216     9.2292     1.9168  0.000e+00
    105.967     6.3493   3.238256    32.3792       2217     9.2333     1.9185  0.000e+00
    105.701     6.3246   3.235180    32.3687       2218     9.2375     1.9209  0.000e+00
    105.434     6.3006   3.230679    32.3417       2219     9.2417     1.9232  0.000e+00
    105.161     6.2728   3.226821    32.3254       2220     9.2458     1.9267  0.000e+00
    104.884     6.2434   3.223650    32.3183       2221     9.2500     1.9307  0.000e+00
    104.606     6.2151   3.222754    32.3354       2222     9.2542     1.9322  0.000e+00
    104.324     6.1926   3.222148    32.3501       2223     9.2583     1.9372  0.000e+00
    104.047     6.1767   3.220501    32.3471       2224     9.2625     1.9409  0.000e+00
    103.776     6.1631   3.218972    32.3432       2225     9.2667     1.9439  0.000e+00
    103.505     6.1500   3.218388    32.3493       2226     9.2708     1.9479  0.000e+00
    103.242     6.1391   3.217226    32.3468       2227     9.2750     1.9541  0.000e+00
    102.991     6.1288   3.213569    32.3160       2228     9.2792     1.9576  0.000e+00
    102.760     6.1140   3.211602    32.3082       2229     9.2833     1.9622  0.000e+00
    102.528     6.0966   3.204577    32.2466       2230     9.2875     1.9665  0.000e+00
    102.322     6.0688   3.198240    32.2025       2231     9.2917     1.9694  0.000e+00
    102.132     6.0310   3.195423    32.2070       2232     9.2958     1.9719  0.000e+00
    101.961     5.9957   3.191881    32.2010       2233     9.3000     1.9758  0.000e+00
    101.794     5.9641   3.187271    32.1797       2234     9.3042     1.9783  0.000e+00
    101.652     5.9316   3.185499    32.1908       2235     9.3083     1.9812  0.000e+00
    101.525     5.9038   3.183517    32.1951       2236     9.3125     1.9842  0.000e+00
    101.415     5.8814   3.180323    32.1807       2237     9.3167     1.9875  0.000e+00
    101.317     5.8593   3.177805    32.1736       2238     9.3208     1.9899  0.000e+00
    101.225     5.8371   3.175825    32.1725       2239     9.3250     1.9932  0.000e+00
    101.127     5.8166   3.174420    32.1763       2240     9.3292     1.9947  0.000e+00
    101.035     5.7991   3.172679    32.1735       2241     9.3333     2.0006  0.000e+00
    100.937     5.7829   3.170981    32.1699       2242     9.3375     2.0043  0.000e+00
    100.832     5.7673   3.168339    32.1551       2243     9.3417     2.0088  0.000e+00
    100.711     5.7503   3.165494    32.1394       2244     9.3458     2.0132  0.000e+00
    100.570     5.7311   3.163776    32.1384       2245     9.3500     2.0175  0.000e+00
    100.409     5.7128   3.162992    32.1471       2246     9.3542     2.0211  0.000e+00
    100.227     5.6983   3.162224    32.1524       2247     9.3583     2.0256  0.000e+00
    100.013     5.6870   3.161766    32.1581       2248     9.3625     2.0296  0.000e+00
     99.766     5.6783   3.160921    32.1569       2249     9.3667     2.0330  0.000e+00
     99.500     5.6712   3.160452    32.1586       2250     9.3708     2.0371  0.000e+00
     99.216     5.6649   3.159800    32.1573       2251     9.3750     2.0404  0.000e+00
     98.914     5.6593   3.159248    32.1567       2252     9.3792     2.0448  0.000e+00
     98.580     5.6543   3.158680    32.1552       2253     9.3833     2.0495  0.000e+00
     98.238     5.6495   3.158326    32.1560       2254     9.3875     2.0533  0.000e+00
     97.893     5.6454   3.158089    32.1573       2255     9.3917     2.0566  0.000e+00
     97.553     5.6424   3.158011    32.1596       2256     9.3958     2.0599  0.000e+00
     97.199     5.6403   3.157537    32.1564       2257     9.4000     2.0630  0.000e+00
     96.864     5.6386   3.156632    32.1480       2258     9.4042     2.0654  0.000e+00
     96.552     5.6359   3.155533    32.1383       2259     9.4083     2.0680  0.000e+00
     96.252     5.6324   3.154711    32.1325       2260     9.4125     2.0714  0.000e+00
     95.980     5.6282   3.154430    32.1335       2261     9.4167     2.0740  0.000e+00
     95.740     5.6249   3.153900    32.1307       2262     9.4208     2.0758  0.000e+00
     95.525     5.6219   3.152587    32.1189       2263     9.4250     2.0792  0.000e+00
     95.337     5.6168   3.150469    32.1000       2264     9.4292     2.0818  0.000e+00
     95.180     5.6082   3.149251    32.0945       2265     9.4333     2.0843  0.000e+00
     95.029     5.5986   3.147939    32.0889       2266     9.4375     2.0871  0.000e+00
     94.906     5.5892   3.146588    32.0827       2267     9.4417     2.0896  0.000e+00
     94.791     5.5796   3.145332    32.0777       2268     9.4458     2.0924  0.000e+00
     94.679     5.5699   3.143965    32.0716       2269     9.4500     2.0943  0.000e+00
     94.568     5.5600   3.143260    32.0731       2270     9.4542     2.0971  0.000e+00
     94.456     5.5512   3.142059    32.0680       2271     9.4583     2.0988  0.000e+00
     94.346     5.5422   3.139762    32.0507       2272     9.4625     2.1032  0.000e+00
     94.221     5.5303   3.138083    32.0431       2273     9.4667     2.1023  0.000e+00
     94.093     5.5171   3.136558    32.0385       2274     9.4708     2.1063  0.000e+00
     93.952     5.5043   3.135738    32.0415       2275     9.4750     2.1092  0.000e+00
     93.816     5.4935   3.135408    32.0481       2276     9.4792     2.1115  0.000e+00
     93.659     5.4853   3.135039    32.0518       2277     9.4833     2.1145  0.000e+00
     93.496     5.4794   3.134703    32.0538       2278     9.4875     2.1166  0.000e+00
     93.321     5.4746   3.134472    32.0558       2279     9.4917     2.1195  0.000e+00
     93.151     5.4713   3.134357    32.0577       2280     9.4958     2.1221  0.000e+00
     92.972     5.4693   3.134197    32.0579       2281     9.5000     2.1238  0.000e+00
     92.780     5.4678   3.133828    32.0553       2282     9.5042     2.1264  0.000e+00
     92.576     5.4665   3.133300    32.0506       2283     9.5083     2.1282  0.000e+00
     92.363     5.4647   3.132678    32.0454       2284     9.5125     2.1304  0.000e+00
     92.142     5.4622   3.132348    32.0442       2285     9.5167     2.1318  0.000e+00
     91.909     5.4599   3.132210    32.0449       2286     9.5208     2.1353  0.000e+00
     91.670     5.4587   3.131324    32.0361       2287     9.5250     2.1374  0.000e+00
     91.410     5.4571   3.131005    32.0342       2288     9.5292     2.1387  0.000e+00
     91.135     5.4552   3.130884    32.0347       2289     9.5333     2.1422  0.000e+00
     90.868     5.4537   3.129718    32.0231       2290     9.5375     2.1434  0.000e+00
     90.589     5.4508   3.125924    31.9831       2291     9.5417     2.1465  0.000e+00
     90.304     5.4412   3.120373    31.9295       2292     9.5458     2.1494  0.000e+00
     90.021     5.4223   3.117017    31.9096       2293     9.5500     2.1524  0.000e+00
     89.738     5.3988   3.114420    31.9026       2294     9.5542     2.1534  0.000e+00
     89.463     5.3761   3.112894    31.9070       2295     9.5583     2.1562  0.000e+00
     89.197     5.3563   3.112082    31.9168       2296     9.5625     2.1579  0.000e+00
     88.928     5.3412   3.111385    31.9234       2297     9.5667     2.1598  0.000e+00
     88.666     5.3297   3.110847    31.9284       2298     9.5708     2.1638  0.000e+00
     88.423     5.3206   3.110403    31.9321       2299     9.5750     2.1673  0.000e+00
     88.194     5.3136   3.110052    31.9349       2300     9.5792     2.1721  0.000e+00
     87.973     5.3079   3.109706    31.9365       2301     9.5833     2.1776  0.000e+00
     87.767     5.3033   3.109377    31.9372       2302     9.5875     2.1815  0.000e+00
     87.567     5.2995   3.109201    31.9390       2303     9.5917     2.1868  0.000e+00
     87.375     5.2963   3.108740    31.9369       2304     9.5958     2.1915  0.000e+00
     87.196     5.2933   3.107500    31.9257       2305     9.6000     2.1950  0.000e+00
     87.024     5.2882   3.105976    31.9134       2306     9.6042     2.1993  0.000e+00
     86.860     5.2811   3.104512    31.9036       2307     9.6083     2.2020  0.000e+00
     86.706     5.2726   3.103530    31.9006       2308     9.6125     2.2059  0.000e+00
     86.565     5.2642   3.103064    31.9033       2309     9.6167     2.2082  0.000e+00
     86.423     5.2573   3.102834    31.9073       2310     9.6208     2.2102  0.000e+00
     86.289     5.2522   3.102834    31.9123       2311     9.6250     2.2127  0.000e+00
     86.153     5.2489   3.102872    31.9160       2312     9.6292     2.2162  0.000e+00
     86.021     5.2472   3.102862    31.9176       2313     9.6333     2.2183  0.000e+00
     85.886     5.2463   3.102121    31.9100       2314     9.6375     2.2158  0.000e+00
     85.747     5.2449   3.101562    31.9051       2315     9.6417     2.2215  0.000e+00
     85.604     5.2426   3.101025    31.9012       2316     9.6458     2.2243  0.000e+00
     85.452     5.2401   3.100718    31.9002       2317     9.6500     2.2257  0.000e+00
     85.307     5.2378   3.100494    31.8999       2318     9.6542     2.2279  0.000e+00
     85.144     5.2356   3.100329    31.9001       2319     9.6583     2.2296  0.000e+00
     84.971     5.2341   3.100006    31.8980       2320     9.6625     2.2317  0.000e+00
     84.792     5.2325   3.099677    31.8959       2321     9.6667     2.2344  0.000e+00
     84.593     5.2309   3.099403    31.8944       2322     9.6708     2.2357  0.000e+00
     84.391     5.2294   3.099080    31.8922       2323     9.6750     2.2363  0.000e+00
     84.181     5.2277   3.098773    31.8904       2324     9.6792     2.2394  0.000e+00
     83.955     5.2261   3.098521    31.8893       2325     9.6833     2.2406  0.000e+00
     83.707     5.2245   3.098214    31.8874       2326     9.6875     2.2436  0.000e+00
     83.468     5.2230   3.097929    31.8857       2327     9.6917     2.2460  0.000e+00
     83.214     5.2215   3.097830    31.8861       2328     9.6958     2.2478  0.000e+00
     82.955     5.2202   3.097830    31.8875       2329     9.7000     2.2498  0.000e+00
     82.675     5.2194   3.097792    31.8879       2330     9.7042     2.2528  0.000e+00
     82.397     5.2187   3.097709    31.8878       2331     9.7083     2.2544  0.000e+00
     82.111     5.2182   3.097578    31.8869       2332     9.7125     2.2569  0.000e+00
     81.833     5.2177   3.097079    31.8819       2333     9.7167     2.2599  0.000e+00
     81.547     5.2163   3.096750    31.8796       2334     9.7208     2.2608  0.000e+00
     81.261     5.2144   3.096433    31.8779       2335     9.7250     2.2636  0.000e+00
     80.987     5.2124   3.096060    31.8758       2336     9.7292     2.2662  0.000e+00
     80.721     5.2103   3.095907    31.8762       2337     9.7333     2.2683  0.000e+00
     80.466     5.2086   3.095792    31.8766       2338     9.7375     2.2702  0.000e+00
     80.229     5.2071   3.095671    31.8767       2339     9.7417     2.2731  0.000e+00
     79.998     5.2060   3.095666    31.8778       2340     9.7458     2.2742  0.000e+00
     79.777     5.2053   3.095578    31.8776       2341     9.7500     2.2750  0.000e+00
     79.575     5.2048   3.095518    31.8775       2342     9.7542     2.2771  0.000e+00
     79.389     5.2042   3.095402    31.8769       2343     9.7583     2.2781  0.000e+00
     79.213     5.2037   3.094920    31.8719       2344     9.7625     2.2805  0.000e+00
     79.040     5.2021   3.094521    31.8690       2345     9.7667     2.2821  0.000e+00
     78.879     5.1998   3.094367    31.8695       2346     9.7708     2.2815  0.000e+00
     78.727     5.1976   3.094230    31.8701       2347     9.7750     2.2831  0.000e+00
