HB2402/sbe054.cnv
* Sea-Bird SBE 19plus V2 Data File:
* FileName = C:\cruise\data\sbe054.hex
* Software Version Seasave V 7.26.7.121
* Temperature SN = 7037
* Conductivity SN = 7037
* System UpLoad Time = Apr 05 2024 16:01:34
** Ship: Bigelow
** Cruise:  HB2304
** Program:  Fall Bottom Trawl
# nquan = 8
# nvalues = 1853                                  
# units = specified
# name 0 = depSM: Depth [salt water, m], lat = 40.00
# name 1 = tv290C: Temperature [ITS-90, deg C]
# name 2 = c0S/m: Conductivity [S/m]
# name 3 = sal00: Salinity, Practical [PSU]
# name 4 = scan: Scan Count
# name 5 = timeM: Time, Elapsed [minutes]
# name 6 = sbeox0V: Oxygen raw, SBE 43 [V]
# name 7 = flag:  0.000e+00
# span 0 =     -0.179,     52.055                 
# span 1 =     5.5960,     6.7681                 
# span 2 =  -0.000012,   3.128021                 
# span 3 =     0.0000,    31.6540                 
# span 4 =         11,       1863                 
# span 5 =     0.0417,     7.7583                 
# span 6 =     1.9224,     2.3324                 
# span 7 = 0.0000e+00, 0.0000e+00                 
# interval = seconds: 0.25
# start_time = Apr 05 2024 16:01:34 [System UTC, header]
# bad_flag = -9.990e-29
*END*
[from data line 899]
     30.670     5.6232   3.106943    31.6348        910     3.7875     2.3193  0.000e+00
     30.679     5.6232   3.106921    31.6345        911     3.7917     2.3202  0.000e+00
     30.677     5.6234   3.106904    31.6342        912     3.7958     2.3195  0.000e+00
     30.674     5.6234   3.106921    31.6344        913     3.8000     2.3198  0.000e+00
     30.661     5.6234   3.106915    31.6343        914     3.8042     2.3195  0.000e+00
     30.639     5.6234   3.106882    31.6340        915     3.8083     2.3197  0.000e+00
     30.607     5.6233   3.106882    31.6341        916     3.8125     2.3191  0.000e+00
     30.567     5.6234   3.106866    31.6339        917     3.8167     2.3188  0.000e+00
     30.518     5.6232   3.106844    31.6338        918     3.8208     2.3186  0.000e+00
     30.457     5.6231   3.106893    31.6344        919     3.8250     2.3183  0.000e+00
     30.377     5.6231   3.106866    31.6342        920     3.8292     2.3183  0.000e+00
     30.294     5.6231   3.106882    31.6344        921     3.8333     2.3182  0.000e+00
     30.206     5.6230   3.106904    31.6348        922     3.8375     2.3185  0.000e+00
     30.112     5.6232   3.106904    31.6346        923     3.8417     2.3185  0.000e+00
     30.018     5.6231   3.106855    31.6342        924     3.8458     2.3185  0.000e+00
     29.906     5.6232   3.106827    31.6339        925     3.8500     2.3188  0.000e+00
     29.801     5.6232   3.106827    31.6340        926     3.8542     2.3182  0.000e+00
     29.696     5.6230   3.106844    31.6344        927     3.8583     2.3192  0.000e+00
     29.598     5.6230   3.106827    31.6342        928     3.8625     2.3184  0.000e+00
     29.501     5.6230   3.106833    31.6343        929     3.8667     2.3183  0.000e+00
     29.414     5.6230   3.106827    31.6343        930     3.8708     2.3195  0.000e+00
     29.333     5.6231   3.106827    31.6343        931     3.8750     2.3190  0.000e+00
     29.260     5.6232   3.106827    31.6342        932     3.8792     2.3188  0.000e+00
     29.203     5.6232   3.106844    31.6344        933     3.8833     2.3180  0.000e+00
     29.157     5.6231   3.106833    31.6344        934     3.8875     2.3178  0.000e+00
     29.123     5.6232   3.106827    31.6342        935     3.8917     2.3177  0.000e+00
     29.112     5.6232   3.106827    31.6343        936     3.8958     2.3179  0.000e+00
     29.107     5.6233   3.106827    31.6342        937     3.9000     2.3191  0.000e+00
     29.114     5.6232   3.106827    31.6343        938     3.9042     2.3195  0.000e+00
     29.123     5.6231   3.106750    31.6335        939     3.9083     2.3192  0.000e+00
     29.138     5.6231   3.106805    31.6341        940     3.9125     2.3193  0.000e+00
     29.163     5.6230   3.106805    31.6342        941     3.9167     2.3199  0.000e+00
     29.175     5.6229   3.106805    31.6343        942     3.9208     2.3205  0.000e+00
     29.184     5.6229   3.106805    31.6342        943     3.9250     2.3197  0.000e+00
     29.183     5.6228   3.106811    31.6344        944     3.9292     2.3205  0.000e+00
     29.166     5.6228   3.106789    31.6342        945     3.9333     2.3200  0.000e+00
     29.134     5.6227   3.106767    31.6340        946     3.9375     2.3211  0.000e+00
     29.089     5.6228   3.106750    31.6338        947     3.9417     2.3200  0.000e+00
     29.027     5.6228   3.106772    31.6341        948     3.9458     2.3195  0.000e+00
     28.951     5.6227   3.106767    31.6342        949     3.9500     2.3201  0.000e+00
     28.859     5.6227   3.106767    31.6342        950     3.9542     2.3197  0.000e+00
     28.749     5.6228   3.106750    31.6340        951     3.9583     2.3188  0.000e+00
     28.650     5.6226   3.106712    31.6338        952     3.9625     2.3198  0.000e+00
     28.536     5.6226   3.106607    31.6326        953     3.9667     2.3198  0.000e+00
     28.420     5.6226   3.106575    31.6323        954     3.9708     2.3193  0.000e+00
     28.301     5.6226   3.106596    31.6326        955     3.9750     2.3194  0.000e+00
     28.174     5.6225   3.106613    31.6330        956     3.9792     2.3191  0.000e+00
     28.055     5.6225   3.106613    31.6330        957     3.9833     2.3206  0.000e+00
     27.941     5.6224   3.106607    31.6331        958     3.9875     2.3207  0.000e+00
     27.827     5.6225   3.106635    31.6334        959     3.9917     2.3207  0.000e+00
     27.708     5.6223   3.106635    31.6336        960     3.9958     2.3208  0.000e+00
     27.591     5.6224   3.106613    31.6333        961     4.0000     2.3205  0.000e+00
     27.480     5.6224   3.106596    31.6332        962     4.0042     2.3205  0.000e+00
     27.385     5.6224   3.106591    31.6332        963     4.0083     2.3198  0.000e+00
     27.296     5.6224   3.106613    31.6335        964     4.0125     2.3204  0.000e+00
     27.224     5.6224   3.106596    31.6333        965     4.0167     2.3214  0.000e+00
     27.162     5.6223   3.106596    31.6335        966     4.0208     2.3203  0.000e+00
     27.110     5.6223   3.106596    31.6335        967     4.0250     2.3198  0.000e+00
     27.076     5.6224   3.106591    31.6334        968     4.0292     2.3199  0.000e+00
     27.054     5.6223   3.106574    31.6333        969     4.0333     2.3195  0.000e+00
     27.050     5.6223   3.106574    31.6333        970     4.0375     2.3201  0.000e+00
     27.057     5.6223   3.106574    31.6333        971     4.0417     2.3206  0.000e+00
     27.083     5.6223   3.106574    31.6332        972     4.0458     2.3198  0.000e+00
     27.104     5.6222   3.106569    31.6333        973     4.0500     2.3199  0.000e+00
     27.139     5.6223   3.106596    31.6335        974     4.0542     2.3201  0.000e+00
     27.175     5.6223   3.106574    31.6332        975     4.0583     2.3198  0.000e+00
     27.198     5.6223   3.106574    31.6332        976     4.0625     2.3196  0.000e+00
     27.215     5.6221   3.106574    31.6333        977     4.0667     2.3186  0.000e+00
     27.215     5.6222   3.106591    31.6335        978     4.0708     2.3199  0.000e+00
     27.207     5.6222   3.106574    31.6333        979     4.0750     2.3184  0.000e+00
     27.189     5.6222   3.106558    31.6331        980     4.0792     2.3193  0.000e+00
     27.153     5.6223   3.106574    31.6333        981     4.0833     2.3191  0.000e+00
     27.108     5.6224   3.106596    31.6334        982     4.0875     2.3182  0.000e+00
     27.054     5.6223   3.106547    31.6330        983     4.0917     2.3187  0.000e+00
     26.990     5.6224   3.106574    31.6332        984     4.0958     2.3186  0.000e+00
     26.925     5.6224   3.106558    31.6331        985     4.1000     2.3175  0.000e+00
     26.848     5.6224   3.106558    31.6331        986     4.1042     2.3190  0.000e+00
     26.775     5.6224   3.106547    31.6330        987     4.1083     2.3190  0.000e+00
     26.698     5.6223   3.106497    31.6326        988     4.1125     2.3192  0.000e+00
     26.616     5.6222   3.106497    31.6327        989     4.1167     2.3179  0.000e+00
     26.524     5.6222   3.106459    31.6323        990     4.1208     2.3182  0.000e+00
     26.434     5.6223   3.106420    31.6319        991     4.1250     2.3198  0.000e+00
     26.347     5.6222   3.106404    31.6318        992     4.1292     2.3195  0.000e+00
     26.248     5.6222   3.106420    31.6320        993     4.1333     2.3190  0.000e+00
     26.136     5.6222   3.106382    31.6316        994     4.1375     2.3193  0.000e+00
     26.022     5.6222   3.106382    31.6317        995     4.1417     2.3198  0.000e+00
     25.892     5.6222   3.106382    31.6318        996     4.1458     2.3198  0.000e+00
     25.771     5.6221   3.106387    31.6319        997     4.1500     2.3195  0.000e+00
     25.653     5.6222   3.106382    31.6319        998     4.1542     2.3190  0.000e+00
     25.527     5.6221   3.106343    31.6316        999     4.1583     2.3205  0.000e+00
     25.418     5.6223   3.106360    31.6317       1000     4.1625     2.3205  0.000e+00
     25.319     5.6222   3.106321    31.6314       1001     4.1667     2.3205  0.000e+00
     25.230     5.6222   3.106321    31.6314       1002     4.1708     2.3199  0.000e+00
     25.149     5.6221   3.106305    31.6313       1003     4.1750     2.3211  0.000e+00
     25.071     5.6220   3.106305    31.6315       1004     4.1792     2.3205  0.000e+00
     25.012     5.6221   3.106305    31.6314       1005     4.1833     2.3210  0.000e+00
     24.948     5.6222   3.106244    31.6307       1006     4.1875     2.3209  0.000e+00
     24.898     5.6220   3.106261    31.6310       1007     4.1917     2.3201  0.000e+00
     24.856     5.6219   3.106266    31.6313       1008     4.1958     2.3202  0.000e+00
     24.815     5.6219   3.106228    31.6309       1009     4.2000     2.3196  0.000e+00
     24.771     5.6217   3.106244    31.6312       1010     4.2042     2.3196  0.000e+00
     24.730     5.6217   3.106244    31.6313       1011     4.2083     2.3202  0.000e+00
     24.688     5.6217   3.106222    31.6310       1012     4.2125     2.3195  0.000e+00
     24.638     5.6217   3.106228    31.6311       1013     4.2167     2.3195  0.000e+00
     24.583     5.6216   3.106206    31.6310       1014     4.2208     2.3191  0.000e+00
     24.538     5.6216   3.106228    31.6312       1015     4.2250     2.3192  0.000e+00
     24.484     5.6216   3.106206    31.6311       1016     4.2292     2.3200  0.000e+00
     24.444     5.6216   3.106200    31.6310       1017     4.2333     2.3196  0.000e+00
     24.413     5.6216   3.106206    31.6311       1018     4.2375     2.3196  0.000e+00
     24.385     5.6215   3.106206    31.6312       1019     4.2417     2.3206  0.000e+00
     24.372     5.6217   3.106206    31.6310       1020     4.2458     2.3208  0.000e+00
     24.375     5.6216   3.106184    31.6308       1021     4.2500     2.3203  0.000e+00
     24.388     5.6216   3.106206    31.6311       1022     4.2542     2.3206  0.000e+00
     24.410     5.6219   3.106228    31.6310       1023     4.2583     2.3205  0.000e+00
     24.433     5.6221   3.106206    31.6305       1024     4.2625     2.3204  0.000e+00
     24.453     5.6221   3.106189    31.6304       1025     4.2667     2.3201  0.000e+00
     24.470     5.6221   3.106184    31.6303       1026     4.2708     2.3199  0.000e+00
     24.462     5.6221   3.106206    31.6306       1027     4.2750     2.3194  0.000e+00
     24.448     5.6220   3.106228    31.6309       1028     4.2792     2.3193  0.000e+00
     24.415     5.6222   3.106228    31.6307       1029     4.2833     2.3189  0.000e+00
     24.354     5.6222   3.106206    31.6305       1030     4.2875     2.3189  0.000e+00
     24.285     5.6221   3.106222    31.6308       1031     4.2917     2.3192  0.000e+00
     24.191     5.6223   3.106244    31.6309       1032     4.2958     2.3196  0.000e+00
     24.084     5.6223   3.106228    31.6309       1033     4.3000     2.3190  0.000e+00
     23.972     5.6223   3.106189    31.6304       1034     4.3042     2.3195  0.000e+00
     23.860     5.6221   3.106189    31.6306       1035     4.3083     2.3199  0.000e+00
     23.745     5.6223   3.106244    31.6312       1036     4.3125     2.3195  0.000e+00
     23.629     5.6223   3.106266    31.6315       1037     4.3167     2.3192  0.000e+00
     23.512     5.6227   3.106244    31.6309       1038     4.3208     2.3206  0.000e+00
     23.405     5.6228   3.106266    31.6311       1039     4.3250     2.3201  0.000e+00
     23.302     5.6229   3.106244    31.6308       1040     4.3292     2.3198  0.000e+00
     23.192     5.6230   3.106260    31.6310       1041     4.3333     2.3204  0.000e+00
     23.083     5.6232   3.106227    31.6305       1042     4.3375     2.3200  0.000e+00
     22.973     5.6231   3.106227    31.6306       1043     4.3417     2.3205  0.000e+00
     22.868     5.6230   3.106205    31.6305       1044     4.3458     2.3202  0.000e+00
     22.758     5.6231   3.105975    31.6278       1045     4.3500     2.3209  0.000e+00
     22.653     5.6231   3.105838    31.6263       1046     4.3542     2.3204  0.000e+00
     22.556     5.6227   3.105706    31.6253       1047     4.3583     2.3206  0.000e+00
     22.458     5.6224   3.105470    31.6229       1048     4.3625     2.3211  0.000e+00
     22.370     5.6220   3.105377    31.6223       1049     4.3667     2.3211  0.000e+00
     22.294     5.6216   3.105048    31.6191       1050     4.3708     2.3218  0.000e+00
     22.236     5.6208   3.104642    31.6152       1051     4.3750     2.3216  0.000e+00
     22.196     5.6197   3.104527    31.6150       1052     4.3792     2.3216  0.000e+00
     22.183     5.6188   3.104313    31.6135       1053     4.3833     2.3211  0.000e+00
     22.196     5.6180   3.104237    31.6133       1054     4.3875     2.3221  0.000e+00
     22.223     5.6172   3.104275    31.6145       1055     4.3917     2.3216  0.000e+00
     22.263     5.6166   3.104352    31.6159       1056     4.3958     2.3213  0.000e+00
     22.308     5.6165   3.104297    31.6154       1057     4.4000     2.3214  0.000e+00
     22.337     5.6163   3.104220    31.6147       1058     4.4042     2.3215  0.000e+00
     22.360     5.6162   3.104160    31.6141       1059     4.4083     2.3219  0.000e+00
     22.355     5.6159   3.104237    31.6153       1060     4.4125     2.3214  0.000e+00
     22.350     5.6158   3.104396    31.6172       1061     4.4167     2.3221  0.000e+00
     22.313     5.6159   3.104352    31.6166       1062     4.4208     2.3222  0.000e+00
     22.259     5.6160   3.104335    31.6163       1063     4.4250     2.3231  0.000e+00
     22.183     5.6160   3.104412    31.6172       1064     4.4292     2.3231  0.000e+00
     22.095     5.6162   3.104401    31.6170       1065     4.4333     2.3215  0.000e+00
     22.001     5.6163   3.104374    31.6166       1066     4.4375     2.3216  0.000e+00
     21.887     5.6163   3.104374    31.6166       1067     4.4417     2.3203  0.000e+00
     21.789     5.6163   3.104182    31.6145       1068     4.4458     2.3202  0.000e+00
     21.683     5.6160   3.104154    31.6146       1069     4.4500     2.3214  0.000e+00
     21.580     5.6159   3.104220    31.6154       1070     4.4542     2.3211  0.000e+00
     21.482     5.6159   3.104143    31.6146       1071     4.4583     2.3214  0.000e+00
     21.397     5.6156   3.103913    31.6124       1072     4.4625     2.3217  0.000e+00
     21.318     5.6150   3.103677    31.6103       1073     4.4667     2.3213  0.000e+00
     21.236     5.6145   3.103546    31.6093       1074     4.4708     2.3203  0.000e+00
     21.171     5.6137   3.103469    31.6092       1075     4.4750     2.3218  0.000e+00
     21.110     5.6130   3.103409    31.6092       1076     4.4792     2.3221  0.000e+00
     21.050     5.6125   3.103622    31.6121       1077     4.4833     2.3214  0.000e+00
     20.998     5.6125   3.103814    31.6144       1078     4.4875     2.3211  0.000e+00
     20.944     5.6128   3.103831    31.6142       1079     4.4917     2.3205  0.000e+00
     20.895     5.6133   3.103754    31.6129       1080     4.4958     2.3206  0.000e+00
     20.846     5.6135   3.103584    31.6109       1081     4.5000     2.3193  0.000e+00
     20.790     5.6133   3.103485    31.6100       1082     4.5042     2.3198  0.000e+00
     20.738     5.6130   3.103567    31.6112       1083     4.5083     2.3193  0.000e+00
     20.682     5.6127   3.103447    31.6102       1084     4.5125     2.3193  0.000e+00
     20.631     5.6126   3.103469    31.6105       1085     4.5167     2.3202  0.000e+00
     20.581     5.6124   3.103447    31.6105       1086     4.5208     2.3195  0.000e+00
     20.534     5.6120   3.103332    31.6096       1087     4.5250     2.3204  0.000e+00
     20.485     5.6117   3.103162    31.6080       1088     4.5292     2.3198  0.000e+00
