HB2402/sbe028.cnv
* Sea-Bird SBE 19plus V2 Data File:
* FileName = C:\cruise\data\sbe028.hex
* Software Version Seasave V 7.26.7.121
* Temperature SN = 7142
* Conductivity SN = 7142
* System UpLoad Time = Mar 18 2024 14:37:39
* NMEA Latitude = 38 44.05 N
* NMEA Longitude = 073 03.63 W
* NMEA UTC (Time) = Mar 18 2024  14:36:54
** Ship: Bigelow
** Cruise:  HB2304
** Program:  Fall Bottom Trawl
# nquan = 7
# nvalues = 4298                                  
# units = specified
# name 0 = depSM: Depth [salt water, m]
# name 1 = tv290C: Temperature [ITS-90, deg C]
# name 2 = c0S/m: Conductivity [S/m]
# name 3 = sal00: Salinity, Practical [PSU]
# name 4 = scan: Scan Count
# name 5 = timeM: Time, Elapsed [minutes]
# name 6 = flag:  0.000e+00
# span 0 =     -0.123,    166.221                 
# span 1 =     6.9120,    12.7415                 
# span 2 =  -0.073053,   4.069697                 
# span 3 =     0.0000,    35.0232                 
# span 4 =         11,       4308                 
# span 5 =     0.0417,    17.9458                 
# span 6 = 0.0000e+00, 0.0000e+00                 
# interval = seconds: 0.25
# start_time = Mar 18 2024 14:36:54 [NMEA time, header]
# bad_flag = -9.990e-29
*END*
[from data line 3693]
     31.912     6.9275   3.316950    32.7316       3704    15.4292  0.000e+00
     31.827     6.9288   3.316962    32.7306       3705    15.4333  0.000e+00
     31.734     6.9295   3.317045    32.7309       3706    15.4375  0.000e+00
     31.646     6.9305   3.317127    32.7308       3707    15.4417  0.000e+00
     31.545     6.9318   3.317163    32.7300       3708    15.4458  0.000e+00
     31.461     6.9331   3.317145    32.7287       3709    15.4500  0.000e+00
     31.385     6.9335   3.317086    32.7277       3710    15.4542  0.000e+00
     31.326     6.9335   3.317476    32.7320       3711    15.4583  0.000e+00
     31.283     6.9349   3.317601    32.7320       3712    15.4625  0.000e+00
     31.249     6.9377   3.318145    32.7353       3713    15.4667  0.000e+00
     31.229     6.9413   3.317955    32.7298       3714    15.4708  0.000e+00
     31.225     6.9438   3.317642    32.7240       3715    15.4750  0.000e+00
     31.224     6.9429   3.317458    32.7228       3716    15.4792  0.000e+00
     31.225     6.9409   3.317305    32.7231       3717    15.4833  0.000e+00
     31.224     6.9389   3.317210    32.7240       3718    15.4875  0.000e+00
     31.211     6.9371   3.317169    32.7252       3719    15.4917  0.000e+00
     31.181     6.9358   3.317127    32.7260       3720    15.4958  0.000e+00
     31.136     6.9349   3.317204    32.7277       3721    15.5000  0.000e+00
     31.074     6.9348   3.317169    32.7275       3722    15.5042  0.000e+00
     31.013     6.9347   3.317186    32.7278       3723    15.5083  0.000e+00
     30.927     6.9347   3.317311    32.7292       3724    15.5125  0.000e+00
     30.830     6.9355   3.317435    32.7299       3725    15.5167  0.000e+00
     30.722     6.9366   3.317559    32.7303       3726    15.5208  0.000e+00
     30.613     6.9380   3.317997    32.7337       3727    15.5250  0.000e+00
     30.489     6.9408   3.318062    32.7318       3728    15.5292  0.000e+00
     30.363     6.9441   3.318707    32.7358       3729    15.5333  0.000e+00
     30.239     6.9479   3.318789    32.7332       3730    15.5375  0.000e+00
     30.113     6.9525   3.319310    32.7345       3731    15.5417  0.000e+00
     29.984     6.9570   3.319618    32.7337       3732    15.5458  0.000e+00
     29.863     6.9623   3.319493    32.7273       3733    15.5500  0.000e+00
     29.737     6.9649   3.319262    32.7224       3734    15.5542  0.000e+00
     29.626     6.9650   3.320221    32.7328       3735    15.5583  0.000e+00
     29.507     6.9687   3.319872    32.7256       3736    15.5625  0.000e+00
     29.401     6.9709   3.319913    32.7240       3737    15.5667  0.000e+00
     29.283     6.9718   3.319895    32.7230       3738    15.5708  0.000e+00
     29.180     6.9721   3.320345    32.7277       3739    15.5750  0.000e+00
     29.081     6.9741   3.320475    32.7272       3740    15.5792  0.000e+00
     28.972     6.9771   3.320345    32.7230       3741    15.5833  0.000e+00
     28.875     6.9779   3.320221    32.7209       3742    15.5875  0.000e+00
     28.776     6.9783   3.321777    32.7376       3743    15.5917  0.000e+00
     28.688     6.9842   3.320948    32.7230       3744    15.5958  0.000e+00
     28.609     6.9875   3.322635    32.7383       3745    15.6000  0.000e+00
     28.538     6.9944   3.321724    32.7218       3746    15.6042  0.000e+00
     28.470     6.9966   3.321262    32.7147       3747    15.6083  0.000e+00
     28.416     6.9942   3.321658    32.7214       3748    15.6125  0.000e+00
     28.375     6.9936   3.322156    32.7273       3749    15.6167  0.000e+00
     28.341     6.9967   3.322410    32.7272       3750    15.6208  0.000e+00
     28.310     7.0000   3.322392    32.7239       3751    15.6250  0.000e+00
     28.292     7.0019   3.322327    32.7214       3752    15.6292  0.000e+00
     28.281     7.0029   3.322221    32.7193       3753    15.6333  0.000e+00
     28.271     7.0029   3.322534    32.7227       3754    15.6375  0.000e+00
     28.260     7.0038   3.322611    32.7227       3755    15.6417  0.000e+00
     28.251     7.0051   3.322493    32.7202       3756    15.6458  0.000e+00
     28.233     7.0051   3.322552    32.7208       3757    15.6500  0.000e+00
     28.206     7.0054   3.322824    32.7236       3758    15.6542  0.000e+00
     28.168     7.0067   3.323126    32.7257       3759    15.6583  0.000e+00
     28.116     7.0091   3.323114    32.7233       3760    15.6625  0.000e+00
     28.046     7.0110   3.323511    32.7258       3761    15.6667  0.000e+00
     27.974     7.0134   3.323369    32.7220       3762    15.6708  0.000e+00
     27.888     7.0150   3.323446    32.7213       3763    15.6750  0.000e+00
     27.798     7.0155   3.323659    32.7232       3764    15.6792  0.000e+00
     27.706     7.0169   3.323973    32.7253       3765    15.6833  0.000e+00
     27.627     7.0196   3.324056    32.7237       3766    15.6875  0.000e+00
     27.541     7.0217   3.324653    32.7284       3767    15.6917  0.000e+00
     27.460     7.0253   3.324908    32.7277       3768    15.6958  0.000e+00
     27.381     7.0295   3.324973    32.7245       3769    15.7000  0.000e+00
     27.302     7.0322   3.324636    32.7183       3770    15.7042  0.000e+00
     27.227     7.0319   3.324416    32.7162       3771    15.7083  0.000e+00
     27.138     7.0304   3.324470    32.7182       3772    15.7125  0.000e+00
     27.050     7.0292   3.324618    32.7211       3773    15.7167  0.000e+00
     26.952     7.0297   3.324843    32.7231       3774    15.7208  0.000e+00
     26.849     7.0311   3.324558    32.7187       3775    15.7250  0.000e+00
     26.736     7.0312   3.324576    32.7189       3776    15.7292  0.000e+00
     26.617     7.0307   3.324659    32.7203       3777    15.7333  0.000e+00
     26.500     7.0307   3.325304    32.7274       3778    15.7375  0.000e+00
     26.376     7.0335   3.325269    32.7244       3779    15.7417  0.000e+00
     26.245     7.0363   3.325387    32.7231       3780    15.7458  0.000e+00
     26.109     7.0381   3.325387    32.7214       3781    15.7500  0.000e+00
     25.976     7.0391   3.325470    32.7214       3782    15.7542  0.000e+00
     25.853     7.0403   3.325766    32.7236       3783    15.7583  0.000e+00
     25.731     7.0420   3.326056    32.7253       3784    15.7625  0.000e+00
     25.611     7.0449   3.326281    32.7249       3785    15.7667  0.000e+00
     25.519     7.0481   3.326447    32.7238       3786    15.7708  0.000e+00
     25.417     7.0508   3.326583    32.7228       3787    15.7750  0.000e+00
     25.329     7.0532   3.326743    32.7223       3788    15.7792  0.000e+00
     25.260     7.0553   3.326844    32.7214       3789    15.7833  0.000e+00
     25.201     7.0574   3.326867    32.7197       3790    15.7875  0.000e+00
     25.154     7.0587   3.326897    32.7188       3791    15.7917  0.000e+00
     25.115     7.0595   3.326909    32.7182       3792    15.7958  0.000e+00
     25.091     7.0597   3.326885    32.7178       3793    15.8000  0.000e+00
     25.061     7.0600   3.326909    32.7177       3794    15.8042  0.000e+00
     25.043     7.0601   3.326897    32.7175       3795    15.8083  0.000e+00
     25.030     7.0602   3.326909    32.7176       3796    15.8125  0.000e+00
     25.010     7.0602   3.326909    32.7176       3797    15.8167  0.000e+00
     24.996     7.0602   3.326885    32.7173       3798    15.8208  0.000e+00
     24.978     7.0602   3.326897    32.7175       3799    15.8250  0.000e+00
     24.962     7.0600   3.326885    32.7176       3800    15.8292  0.000e+00
     24.930     7.0601   3.326909    32.7177       3801    15.8333  0.000e+00
     24.894     7.0600   3.326908    32.7178       3802    15.8375  0.000e+00
     24.849     7.0602   3.326920    32.7178       3803    15.8417  0.000e+00
     24.791     7.0602   3.326974    32.7184       3804    15.8458  0.000e+00
     24.730     7.0606   3.327033    32.7187       3805    15.8500  0.000e+00
     24.662     7.0611   3.327015    32.7181       3806    15.8542  0.000e+00
     24.601     7.0614   3.327015    32.7178       3807    15.8583  0.000e+00
     24.536     7.0617   3.327056    32.7180       3808    15.8625  0.000e+00
     24.466     7.0620   3.327056    32.7177       3809    15.8667  0.000e+00
     24.410     7.0623   3.327181    32.7188       3810    15.8708  0.000e+00
     24.346     7.0629   3.327234    32.7189       3811    15.8750  0.000e+00
     24.283     7.0639   3.327305    32.7187       3812    15.8792  0.000e+00
     24.218     7.0649   3.327240    32.7171       3813    15.8833  0.000e+00
     24.143     7.0654   3.327346    32.7179       3814    15.8875  0.000e+00
     24.054     7.0657   3.327412    32.7183       3815    15.8917  0.000e+00
     23.961     7.0670   3.327471    32.7178       3816    15.8958  0.000e+00
     23.846     7.0678   3.327471    32.7171       3817    15.9000  0.000e+00
     23.727     7.0684   3.327471    32.7165       3818    15.9042  0.000e+00
     23.589     7.0687   3.327512    32.7168       3819    15.9083  0.000e+00
     23.456     7.0691   3.327678    32.7183       3820    15.9125  0.000e+00
     23.314     7.0703   3.327844    32.7190       3821    15.9167  0.000e+00
     23.174     7.0720   3.328057    32.7198       3822    15.9208  0.000e+00
     23.034     7.0743   3.328288    32.7202       3823    15.9250  0.000e+00
     22.902     7.0772   3.328454    32.7193       3824    15.9292  0.000e+00
     22.786     7.0800   3.329159    32.7244       3825    15.9333  0.000e+00
     22.683     7.0853   3.331440    32.7443       3826    15.9375  0.000e+00
     22.586     7.0996   3.331908    32.7358       3827    15.9417  0.000e+00
     22.507     7.1136   3.332210    32.7259       3828    15.9458  0.000e+00
     22.440     7.1236   3.332044    32.7146       3829    15.9500  0.000e+00
     22.378     7.1282   3.332126    32.7111       3830    15.9542  0.000e+00
     22.336     7.1308   3.332565    32.7135       3831    15.9583  0.000e+00
     22.293     7.1336   3.332755    32.7129       3832    15.9625  0.000e+00
     22.252     7.1366   3.332417    32.7064       3833    15.9667  0.000e+00
     22.225     7.1373   3.332227    32.7037       3834    15.9708  0.000e+00
     22.185     7.1360   3.332523    32.7082       3835    15.9750  0.000e+00
     22.151     7.1361   3.332251    32.7051       3836    15.9792  0.000e+00
     22.110     7.1354   3.332061    32.7038       3837    15.9833  0.000e+00
     22.068     7.1338   3.332008    32.7047       3838    15.9875  0.000e+00
     22.022     7.1326   3.332500    32.7113       3839    15.9917  0.000e+00
     21.970     7.1335   3.332731    32.7129       3840    15.9958  0.000e+00
     21.921     7.1359   3.332725    32.7106       3841    16.0000  0.000e+00
     21.869     7.1378   3.332583    32.7072       3842    16.0042  0.000e+00
     21.819     7.1381   3.332689    32.7082       3843    16.0083  0.000e+00
     21.768     7.1383   3.332606    32.7071       3844    16.0125  0.000e+00
     21.722     7.1381   3.332523    32.7064       3845    16.0167  0.000e+00
     21.671     7.1376   3.332565    32.7074       3846    16.0208  0.000e+00
     21.632     7.1373   3.332648    32.7086       3847    16.0250  0.000e+00
     21.581     7.1376   3.332796    32.7099       3848    16.0292  0.000e+00
     21.529     7.1390   3.332725    32.7078       3849    16.0333  0.000e+00
     21.484     7.1393   3.332648    32.7068       3850    16.0375  0.000e+00
     21.416     7.1389   3.332796    32.7088       3851    16.0417  0.000e+00
     21.346     7.1392   3.332731    32.7078       3852    16.0458  0.000e+00
     21.269     7.1397   3.332979    32.7101       3853    16.0500  0.000e+00
     21.181     7.1408   3.333276    32.7123       3854    16.0542  0.000e+00
     21.078     7.1431   3.333424    32.7118       3855    16.0583  0.000e+00
     20.969     7.1456   3.333999    32.7157       3856    16.0625  0.000e+00
     20.857     7.1499   3.334343    32.7155       3857    16.0667  0.000e+00
     20.733     7.1548   3.334402    32.7115       3858    16.0708  0.000e+00
     20.609     7.1584   3.335054    32.7153       3859    16.0750  0.000e+00
     20.480     7.1629   3.335409    32.7149       3860    16.0792  0.000e+00
     20.341     7.1683   3.335889    32.7151       3861    16.0833  0.000e+00
     20.205     7.1738   3.336702    32.7188       3862    16.0875  0.000e+00
     20.074     7.1803   3.336998    32.7159       3863    16.0917  0.000e+00
     19.939     7.1869   3.337223    32.7122       3864    16.0958  0.000e+00
     19.822     7.1913   3.337271    32.7085       3865    16.1000  0.000e+00
     19.707     7.1943   3.337626    32.7097       3866    16.1042  0.000e+00
     19.599     7.1973   3.337644    32.7071       3867    16.1083  0.000e+00
     19.502     7.1996   3.337419    32.7024       3868    16.1125  0.000e+00
     19.421     7.1999   3.337187    32.6997       3869    16.1167  0.000e+00
     19.351     7.1986   3.337187    32.7010       3870    16.1208  0.000e+00
     19.279     7.1977   3.337146    32.7014       3871    16.1250  0.000e+00
     19.225     7.1966   3.337039    32.7013       3872    16.1292  0.000e+00
     19.180     7.1959   3.337104    32.7026       3873    16.1333  0.000e+00
     19.137     7.1955   3.337087    32.7029       3874    16.1375  0.000e+00
     19.110     7.1952   3.337081    32.7031       3875    16.1417  0.000e+00
     19.089     7.1953   3.337015    32.7023       3876    16.1458  0.000e+00
     19.071     7.1949   3.336891    32.7013       3877    16.1500  0.000e+00
     19.060     7.1942   3.337122    32.7046       3878    16.1542  0.000e+00
     19.040     7.1945   3.337122    32.7043       3879    16.1583  0.000e+00
     19.028     7.1952   3.337247    32.7050       3880    16.1625  0.000e+00
     19.004     7.1959   3.337460    32.7066       3881    16.1667  0.000e+00
     18.961     7.1971   3.337395    32.7048       3882    16.1708  0.000e+00
     18.916     7.1983   3.337460    32.7044       3883    16.1750  0.000e+00
     18.857     7.1988   3.337751    32.7071       3884    16.1792  0.000e+00
     18.780     7.2001   3.337780    32.7063       3885    16.1833  0.000e+00
     18.684     7.2017   3.337940    32.7065       3886    16.1875  0.000e+00
     18.568     7.2030   3.337940    32.7053       3887    16.1917  0.000e+00
     18.449     7.2038   3.337982    32.7051       3888    16.1958  0.000e+00
     18.316     7.2047   3.338919    32.7145       3889    16.2000  0.000e+00
     18.172     7.2087   3.338337    32.7045       3890    16.2042  0.000e+00
     18.018     7.2100   3.338966    32.7101       3891    16.2083  0.000e+00
     17.868     7.2124   3.338420    32.7020       3892    16.2125  0.000e+00
     17.744     7.2124   3.340158    32.7209       3893    16.2167  0.000e+00
     17.622     7.2175   3.342110    32.7373       3894    16.2208  0.000e+00
     17.522     7.2329   3.341647    32.7178       3895    16.2250  0.000e+00
     17.439     7.2409   3.341012    32.7033       3896    16.2292  0.000e+00
     17.372     7.2423   3.340454    32.6960       3897    16.2333  0.000e+00
     17.310     7.2389   3.340365    32.6983       3898    16.2375  0.000e+00
     17.257     7.2361   3.340294    32.7002       3899    16.2417  0.000e+00
     17.214     7.2342   3.340496    32.7042       3900    16.2458  0.000e+00
     17.164     7.2338   3.340579    32.7055       3901    16.2500  0.000e+00
     17.110     7.2343   3.340733    32.7067       3902    16.2542  0.000e+00
     17.047     7.2355   3.340662    32.7048       3903    16.2583  0.000e+00
     16.984     7.2364   3.341101    32.7088       3904    16.2625  0.000e+00
     16.911     7.2384   3.341481    32.7111       3905    16.2667  0.000e+00
     16.833     7.2415   3.341213    32.7053       3906    16.2708  0.000e+00
     16.740     7.2429   3.341035    32.7021       3907    16.2750  0.000e+00
