HB2402/sbe069.cnv
* Sea-Bird SBE 19plus V2 Data File:
* FileName = C:\cruise\data\sbe069.hex
* Software Version Seasave V 7.26.7.121
* Temperature SN = 7037
* Conductivity SN = 7037
* System UpLoad Time = Apr 09 2024 22:29:54
* NMEA Latitude = 40 39.56 N
* NMEA Longitude = 069 43.73 W
* NMEA UTC (Time) = Apr 09 2024  22:29:19
** Ship: Bigelow
** Cruise:  HB2304
** Program:  Fall Bottom Trawl
# nquan = 8
# nvalues = 1528                                  
# units = specified
# name 0 = depSM: Depth [salt water, m]
# name 1 = tv290C: Temperature [ITS-90, deg C]
# name 2 = c0S/m: Conductivity [S/m]
# name 3 = sal00: Salinity, Practical [PSU]
# name 4 = scan: Scan Count
# name 5 = timeM: Time, Elapsed [minutes]
# name 6 = sbeox0V: Oxygen raw, SBE 43 [V]
# name 7 = flag:  0.000e+00
# span 0 =      0.019,     47.716                 
# span 1 =     5.6570,     7.5321                 
# span 2 =   0.000004,   3.202063                 
# span 3 =     0.0035,    32.0981                 
# span 4 =         11,       1538                 
# span 5 =     0.0417,     6.4042                 
# span 6 =     2.0940,     2.4269                 
# span 7 = 0.0000e+00, 0.0000e+00                 
# interval = seconds: 0.25
# start_time = Apr 09 2024 22:29:19 [NMEA time, header]
# bad_flag = -9.990e-29
*END*
      0.033     7.4716   0.000025     0.0036         11     0.0417     2.4256  0.000e+00
      0.033     7.4711   0.000025     0.0036         12     0.0458     2.4248  0.000e+00
      0.035     7.4711   0.000020     0.0036         13     0.0500     2.4248  0.000e+00
      0.032     7.4721   0.000028     0.0036         14     0.0542     2.4255  0.000e+00
      0.037     7.4745   0.000020     0.0036         15     0.0583     2.4259  0.000e+00
      0.037     7.4765   0.000020     0.0036         16     0.0625     2.4250  0.000e+00
      0.037     7.4783   0.000020     0.0036         17     0.0667     2.4262  0.000e+00
      0.032     7.4800   0.000025     0.0036         18     0.0708     2.4258  0.000e+00
      0.037     7.4815   0.000020     0.0036         19     0.0750     2.4258  0.000e+00
      0.035     7.4812   0.000020     0.0036         20     0.0792     2.4260  0.000e+00
      0.034     7.4793   0.000025     0.0036         21     0.0833     2.4260  0.000e+00
      0.032     7.4773   0.000025     0.0036         22     0.0875     2.4245  0.000e+00
      0.032     7.4761   0.000020     0.0036         23     0.0917     2.4257  0.000e+00
      0.032     7.4760   0.000020     0.0036         24     0.0958     2.4242  0.000e+00
      0.032     7.4766   0.000025     0.0036         25     0.1000     2.4252  0.000e+00
      0.032     7.4781   0.000025     0.0036         26     0.1042     2.4251  0.000e+00
      0.033     7.4812   0.000025     0.0036         27     0.1083     2.4253  0.000e+00
      0.037     7.4840   0.000025     0.0036         28     0.1125     2.4253  0.000e+00
      0.037     7.4836   0.000025     0.0036         29     0.1167     2.4258  0.000e+00
      0.035     7.4805   0.000020     0.0036         30     0.1208     2.4268  0.000e+00
      0.033     7.4754   0.000020     0.0036         31     0.1250     2.4259  0.000e+00
      0.032     7.4705   0.000020     0.0036         32     0.1292     2.4239  0.000e+00
      0.032     7.4672   0.000020     0.0036         33     0.1333     2.4244  0.000e+00
      0.035     7.4678   0.000025     0.0036         34     0.1375     2.4250  0.000e+00
      0.033     7.4689   0.000025     0.0036         35     0.1417     2.4247  0.000e+00
      0.035     7.4686   0.000025     0.0036         36     0.1458     2.4250  0.000e+00
      0.035     7.4685   0.000025     0.0036         37     0.1500     2.4247  0.000e+00
      0.035     7.4685   0.000025     0.0036         38     0.1542     2.4247  0.000e+00
      0.037     7.4688   0.000025     0.0036         39     0.1583     2.4251  0.000e+00
      0.035     7.4689   0.000020     0.0036         40     0.1625     2.4245  0.000e+00
      0.035     7.4688   0.000025     0.0036         41     0.1667     2.4244  0.000e+00
      0.030     7.4696   0.000020     0.0036         42     0.1708     2.4266  0.000e+00
      0.035     7.4711   0.000020     0.0036         43     0.1750     2.4266  0.000e+00
      0.032     7.4732   0.000020     0.0036         44     0.1792     2.4257  0.000e+00
      0.032     7.4745   0.000025     0.0036         45     0.1833     2.4266  0.000e+00
      0.032     7.4743   0.000025     0.0036         46     0.1875     2.4250  0.000e+00
      0.030     7.4739   0.000020     0.0036         47     0.1917     2.4260  0.000e+00
      0.037     7.4737   0.000015     0.0036         48     0.1958     2.4255  0.000e+00
      0.030     7.4730   0.000025     0.0036         49     0.2000     2.4241  0.000e+00
      0.028     7.4723   0.000020     0.0036         50     0.2042     2.4248  0.000e+00
      0.030     7.4717   0.000025     0.0036         51     0.2083     2.4251  0.000e+00
      0.030     7.4719   0.000020     0.0036         52     0.2125     2.4252  0.000e+00
      0.032     7.4731   0.000020     0.0036         53     0.2167     2.4250  0.000e+00
      0.028     7.4739   0.000025     0.0036         54     0.2208     2.4268  0.000e+00
      0.032     7.4739   0.000020     0.0036         55     0.2250     2.4248  0.000e+00
      0.037     7.4735   0.000020     0.0036         56     0.2292     2.4252  0.000e+00
      0.034     7.4738   0.000025     0.0036         57     0.2333     2.4248  0.000e+00
      0.032     7.4743   0.000020     0.0036         58     0.2375     2.4250  0.000e+00
      0.032     7.4743   0.000020     0.0036         59     0.2417     2.4253  0.000e+00
      0.029     7.4743   0.000025     0.0036         60     0.2458     2.4254  0.000e+00
      0.034     7.4750   0.000025     0.0036         61     0.2500     2.4253  0.000e+00
      0.030     7.4769   0.000020     0.0036         62     0.2542     2.4260  0.000e+00
      0.036     7.4784   0.000020     0.0036         63     0.2583     2.4257  0.000e+00
      0.032     7.4796   0.000020     0.0036         64     0.2625     2.4255  0.000e+00
      0.032     7.4800   0.000025     0.0036         65     0.2667     2.4253  0.000e+00
      0.023     7.4805   0.000020     0.0036         66     0.2708     2.4257  0.000e+00
      0.027     7.4837   0.000020     0.0036         67     0.2750     2.4246  0.000e+00
      0.036     7.4876   0.000025     0.0036         68     0.2792     2.4251  0.000e+00
      0.034     7.4896   0.000020     0.0036         69     0.2833     2.4257  0.000e+00
      0.038     7.4908   0.000020     0.0036         70     0.2875     2.4262  0.000e+00
      0.046     7.4932   0.000020     0.0036         71     0.2917     2.4257  0.000e+00
      0.037     7.4959   0.000020     0.0036         72     0.2958     2.4253  0.000e+00
      0.030     7.4965   0.000020     0.0036         73     0.3000     2.4248  0.000e+00
      0.032     7.4962   0.000020     0.0036         74     0.3042     2.4249  0.000e+00
      0.034     7.4961   0.000025     0.0036         75     0.3083     2.4260  0.000e+00
      0.034     7.4967   0.000020     0.0036         76     0.3125     2.4252  0.000e+00
      0.028     7.4983   0.000020     0.0036         77     0.3167     2.4253  0.000e+00
      0.035     7.5015   0.000025     0.0036         78     0.3208     2.4250  0.000e+00
      0.037     7.5035   0.000020     0.0036         79     0.3250     2.4257  0.000e+00
      0.028     7.5047   0.000025     0.0036         80     0.3292     2.4257  0.000e+00
      0.030     7.5063   0.000025     0.0036         81     0.3333     2.4248  0.000e+00
      0.028     7.5079   0.000025     0.0036         82     0.3375     2.4253  0.000e+00
      0.027     7.5079   0.000020     0.0036         83     0.3417     2.4253  0.000e+00
      0.030     7.5080   0.000025     0.0036         84     0.3458     2.4245  0.000e+00
      0.029     7.5106   0.000025     0.0036         85     0.3500     2.4250  0.000e+00
      0.034     7.5129   0.000025     0.0036         86     0.3542     2.4253  0.000e+00
      0.032     7.5117   0.000025     0.0036         87     0.3583     2.4253  0.000e+00
      0.029     7.5085   0.000020     0.0036         88     0.3625     2.4253  0.000e+00
      0.036     7.5073   0.000020     0.0036         89     0.3667     2.4244  0.000e+00
      0.030     7.5068   0.000020     0.0036         90     0.3708     2.4255  0.000e+00
      0.030     7.5067   0.000025     0.0036         91     0.3750     2.4249  0.000e+00
      0.032     7.5094   0.000025     0.0036         92     0.3792     2.4247  0.000e+00
      0.032     7.5129   0.000020     0.0036         93     0.3833     2.4253  0.000e+00
      0.034     7.5161   0.000025     0.0036         94     0.3875     2.4253  0.000e+00
      0.032     7.5184   0.000020     0.0036         95     0.3917     2.4253  0.000e+00
      0.032     7.5182   0.000025     0.0036         96     0.3958     2.4255  0.000e+00
      0.034     7.5190   0.000025     0.0036         97     0.4000     2.4253  0.000e+00
      0.030     7.5211   0.000020     0.0036         98     0.4042     2.4252  0.000e+00
      0.034     7.5239   0.000025     0.0036         99     0.4083     2.4258  0.000e+00
      0.030     7.5243   0.000025     0.0036        100     0.4125     2.4255  0.000e+00
      0.034     7.5235   0.000025     0.0036        101     0.4167     2.4250  0.000e+00
      0.032     7.5216   0.000025     0.0036        102     0.4208     2.4257  0.000e+00
      0.034     7.5203   0.000025     0.0036        103     0.4250     2.4252  0.000e+00
      0.032     7.5201   0.000025     0.0036        104     0.4292     2.4255  0.000e+00
      0.028     7.5200   0.000025     0.0036        105     0.4333     2.4252  0.000e+00
      0.030     7.5191   0.000025     0.0036        106     0.4375     2.4258  0.000e+00
      0.030     7.5176   0.000020     0.0036        107     0.4417     2.4250  0.000e+00
      0.032     7.5145   0.000025     0.0036        108     0.4458     2.4255  0.000e+00
      0.036     7.5114   0.000025     0.0036        109     0.4500     2.4257  0.000e+00
      0.030     7.5089   0.000020     0.0036        110     0.4542     2.4247  0.000e+00
      0.019     7.5064   0.000025     0.0036        111     0.4583     2.4247  0.000e+00
      0.030     7.5077   0.000020     0.0036        112     0.4625     2.4252  0.000e+00
      0.036     7.5105   0.000020     0.0036        113     0.4667     2.4253  0.000e+00
      0.030     7.5138   0.000020     0.0036        114     0.4708     2.4248  0.000e+00
      0.030     7.5160   0.000020     0.0036        115     0.4750     2.4244  0.000e+00
      0.026     7.5164   0.000020     0.0036        116     0.4792     2.4246  0.000e+00
      0.037     7.5162   0.000025     0.0036        117     0.4833     2.4258  0.000e+00
      0.037     7.5156   0.000025     0.0036        118     0.4875     2.4263  0.000e+00
      0.035     7.5144   0.000028     0.0036        119     0.4917     2.4257  0.000e+00
      0.025     7.5143   0.000020     0.0036        120     0.4958     2.4252  0.000e+00
      0.028     7.5149   0.000020     0.0036        121     0.5000     2.4247  0.000e+00
      0.032     7.5165   0.000020     0.0036        122     0.5042     2.4257  0.000e+00
      0.030     7.5183   0.000020     0.0036        123     0.5083     2.4250  0.000e+00
      0.030     7.5214   0.000025     0.0036        124     0.5125     2.4253  0.000e+00
      0.030     7.5239   0.000020     0.0036        125     0.5167     2.4260  0.000e+00
      0.030     7.5256   0.000020     0.0036        126     0.5208     2.4251  0.000e+00
      0.030     7.5284   0.000020     0.0036        127     0.5250     2.4253  0.000e+00
      0.030     7.5309   0.000025     0.0036        128     0.5292     2.4250  0.000e+00
      0.032     7.5306   0.000020     0.0036        129     0.5333     2.4244  0.000e+00
      0.034     7.5282   0.000020     0.0036        130     0.5375     2.4262  0.000e+00
      0.034     7.5267   0.000025     0.0036        131     0.5417     2.4253  0.000e+00
      0.028     7.5264   0.000025     0.0036        132     0.5458     2.4250  0.000e+00
      0.032     7.5266   0.000020     0.0036        133     0.5500     2.4260  0.000e+00
      0.037     7.5255   0.000025     0.0036        134     0.5542     2.4254  0.000e+00
      0.034     7.5228   0.000025     0.0036        135     0.5583     2.4257  0.000e+00
      0.034     7.5191   0.000025     0.0036        136     0.5625     2.4256  0.000e+00
      0.030     7.5160   0.000025     0.0036        137     0.5667     2.4255  0.000e+00
      0.032     7.5126   0.000020     0.0036        138     0.5708     2.4255  0.000e+00
      0.034     7.5086   0.000025     0.0036        139     0.5750     2.4250  0.000e+00
      0.030     7.5029   0.000020     0.0036        140     0.5792     2.4253  0.000e+00
      0.032     7.4954   0.000025     0.0036        141     0.5833     2.4245  0.000e+00
      0.034     7.4865   0.000025     0.0036        142     0.5875     2.4255  0.000e+00
      0.030     7.4791   0.000025     0.0036        143     0.5917     2.4255  0.000e+00
      0.030     7.4750   0.000025     0.0036        144     0.5958     2.4256  0.000e+00
      0.030     7.4745   0.000025     0.0036        145     0.6000     2.4259  0.000e+00
      0.030     7.4758   0.000025     0.0036        146     0.6042     2.4248  0.000e+00
      0.028     7.4757   0.000020     0.0036        147     0.6083     2.4253  0.000e+00
      0.028     7.4721   0.000020     0.0036        148     0.6125     2.4250  0.000e+00
      0.025     7.4641   0.000025     0.0036        149     0.6167     2.4252  0.000e+00
      0.028     7.4545   0.000025     0.0036        150     0.6208     2.4253  0.000e+00
      0.029     7.4454   0.000025     0.0036        151     0.6250     2.4243  0.000e+00
      0.030     7.4376   0.000028     0.0036        152     0.6292     2.4253  0.000e+00
      0.028     7.4313   0.000031     0.0036        153     0.6333     2.4249  0.000e+00
      0.036     7.4254   0.000025     0.0035        154     0.6375     2.4252  0.000e+00
      0.030     7.4198   0.000025     0.0035        155     0.6417     2.4253  0.000e+00
      0.034     7.4159   0.000025     0.0035        156     0.6458     2.4257  0.000e+00
      0.032     7.4152   0.000020     0.0035        157     0.6500     2.4250  0.000e+00
      0.030     7.4180   0.000025     0.0035        158     0.6542     2.4245  0.000e+00
      0.030     7.4209   0.000025     0.0035        159     0.6583     2.4257  0.000e+00
      0.032     7.4238   0.000025     0.0035        160     0.6625     2.4255  0.000e+00
      0.032     7.4280   0.000020     0.0035        161     0.6667     2.4253  0.000e+00
      0.030     7.4343   0.000025     0.0035        162     0.6708     2.4252  0.000e+00
      0.032     7.4403   0.000025     0.0036        163     0.6750     2.4248  0.000e+00
      0.036     7.4454   0.000031     0.0036        164     0.6792     2.4252  0.000e+00
      0.034     7.4490   0.000025     0.0036        165     0.6833     2.4250  0.000e+00
      0.034     7.4522   0.000020     0.0036        166     0.6875     2.4250  0.000e+00
      0.032     7.4576   0.000020     0.0036        167     0.6917     2.4248  0.000e+00
      0.034     7.4641   0.000031     0.0036        168     0.6958     2.4247  0.000e+00
      0.023     7.4674   0.000025     0.0036        169     0.7000     2.4259  0.000e+00
      0.023     7.4691   0.000025     0.0036        170     0.7042     2.4253  0.000e+00
      0.028     7.4706   0.000020     0.0036        171     0.7083     2.4261  0.000e+00
      0.032     7.4723   0.000025     0.0036        172     0.7125     2.4257  0.000e+00
      0.034     7.4725   0.000025     0.0036        173     0.7167     2.4262  0.000e+00
      0.032     7.4699   0.000020     0.0036        174     0.7208     2.4249  0.000e+00
      0.028     7.4638   0.000025     0.0036        175     0.7250     2.4255  0.000e+00
      0.036     7.4592   0.000025     0.0036        176     0.7292     2.4252  0.000e+00
      0.038     7.4589   0.000020     0.0036        177     0.7333     2.4252  0.000e+00
      0.036     7.4609   0.000028     0.0036        178     0.7375     2.4253  0.000e+00
      0.029     7.4639   0.000025     0.0036        179     0.7417     2.4258  0.000e+00
      0.030     7.4681   0.000025     0.0036        180     0.7458     2.4256  0.000e+00
      0.038     7.4699   0.000020     0.0036        181     0.7500     2.4245  0.000e+00
      0.034     7.4677   0.000025     0.0036        182     0.7542     2.4257  0.000e+00
      0.030     7.4638   0.000025     0.0036        183     0.7583     2.4248  0.000e+00
      0.029     7.4620   0.000020     0.0036        184     0.7625     2.4263  0.000e+00
      0.034     7.4612   0.000025     0.0036        185     0.7667     2.4255  0.000e+00
      0.034     7.4615   0.000031     0.0036        186     0.7708     2.4257  0.000e+00
      0.034     7.4637   0.000020     0.0036        187     0.7750     2.4263  0.000e+00
      0.030     7.4671   0.000025     0.0036        188     0.7792     2.4261  0.000e+00
      0.036     7.4715   0.000025     0.0036        189     0.7833     2.4258  0.000e+00
