HB2402/sbe036.cnv
* Sea-Bird SBE 19plus V2 Data File:
* FileName = C:\cruise\data\sbe036.hex
* Software Version Seasave V 7.26.7.121
* Temperature SN = 7142
* Conductivity SN = 7142
* System UpLoad Time = Mar 20 2024 11:51:16
* NMEA Latitude = 39 22.22 N
* NMEA Longitude = 074 03.65 W
* NMEA UTC (Time) = Mar 20 2024  11:50:34
** Ship: Bigelow
** Cruise:  HB2304
** Program:  Fall Bottom Trawl
# nquan = 7
# nvalues = 749                                   
# units = specified
# name 0 = depSM: Depth [salt water, m]
# name 1 = tv290C: Temperature [ITS-90, deg C]
# name 2 = c0S/m: Conductivity [S/m]
# name 3 = sal00: Salinity, Practical [PSU]
# name 4 = scan: Scan Count
# name 5 = timeM: Time, Elapsed [minutes]
# name 6 = flag:  0.000e+00
# span 0 =     -0.135,     20.953                 
# span 1 =     6.8657,     7.6341                 
# span 2 =   0.176159,   3.172398                 
# span 3 =     1.3679,    31.2099                 
# span 4 =         11,        759                 
# span 5 =     0.0417,     3.1583                 
# span 6 = 0.0000e+00, 0.0000e+00                 
# interval = seconds: 0.25
# start_time = Mar 20 2024 11:50:34 [NMEA time, header]
# bad_flag = -9.990e-29
*END*
[from data line 206]
     20.894     6.8700   3.171915    31.2070        217     0.9000  0.000e+00
     20.885     6.8699   3.171846    31.2063        218     0.9042  0.000e+00
     20.867     6.8695   3.171805    31.2063        219     0.9083  0.000e+00
     20.849     6.8692   3.171828    31.2069        220     0.9125  0.000e+00
     20.824     6.8689   3.171846    31.2073        221     0.9167  0.000e+00
     20.795     6.8689   3.171846    31.2074        222     0.9208  0.000e+00
     20.768     6.8689   3.171863    31.2075        223     0.9250  0.000e+00
     20.747     6.8690   3.171875    31.2075        224     0.9292  0.000e+00
     20.723     6.8693   3.171886    31.2075        225     0.9333  0.000e+00
     20.713     6.8692   3.171863    31.2073        226     0.9375  0.000e+00
     20.718     6.8692   3.171846    31.2071        227     0.9417  0.000e+00
     20.729     6.8691   3.171962    31.2084        228     0.9458  0.000e+00
     20.747     6.8695   3.172043    31.2090        229     0.9500  0.000e+00
     20.781     6.8703   3.172061    31.2084        230     0.9542  0.000e+00
     20.819     6.8711   3.172119    31.2083        231     0.9583  0.000e+00
     20.853     6.8717   3.172061    31.2071        232     0.9625  0.000e+00
     20.885     6.8717   3.172026    31.2067        233     0.9667  0.000e+00
     20.916     6.8714   3.172026    31.2070        234     0.9708  0.000e+00
     20.939     6.8713   3.172026    31.2070        235     0.9750  0.000e+00
     20.950     6.8712   3.171985    31.2067        236     0.9792  0.000e+00
     20.953     6.8711   3.171915    31.2060        237     0.9833  0.000e+00
     20.930     6.8707   3.171828    31.2054        238     0.9875  0.000e+00
     20.867     6.8701   3.171764    31.2053        239     0.9917  0.000e+00
     20.790     6.8692   3.171648    31.2049        240     0.9958  0.000e+00
     20.673     6.8684   3.171648    31.2056        241     1.0000  0.000e+00
     20.538     6.8680   3.171689    31.2065        242     1.0042  0.000e+00
     20.402     6.8677   3.171648    31.2064        243     1.0083  0.000e+00
     20.261     6.8676   3.171689    31.2070        244     1.0125  0.000e+00
     20.125     6.8677   3.171665    31.2067        245     1.0167  0.000e+00
     20.005     6.8678   3.171607    31.2061        246     1.0208  0.000e+00
     19.900     6.8675   3.171590    31.2062        247     1.0250  0.000e+00
     19.819     6.8673   3.171508    31.2055        248     1.0292  0.000e+00
     19.755     6.8672   3.171508    31.2056        249     1.0333  0.000e+00
     19.694     6.8670   3.171433    31.2050        250     1.0375  0.000e+00
     19.634     6.8668   3.171520    31.2062        251     1.0417  0.000e+00
     19.575     6.8669   3.171590    31.2069        252     1.0458  0.000e+00
     19.499     6.8671   3.171531    31.2062        253     1.0500  0.000e+00
     19.428     6.8672   3.171467    31.2054        254     1.0542  0.000e+00
     19.341     6.8671   3.171450    31.2053        255     1.0583  0.000e+00
     19.250     6.8668   3.171310    31.2041        256     1.0625  0.000e+00
     19.136     6.8665   3.171188    31.2031        257     1.0667  0.000e+00
     19.003     6.8661   3.170816    31.1995        258     1.0708  0.000e+00
     18.858     6.8657   3.168056    31.1698        259     1.0750  0.000e+00
     18.700     6.8671   3.165162    31.1372        260     1.0792  0.000e+00
     18.525     6.8752   3.164750    31.1254        261     1.0833  0.000e+00
     18.353     6.8841   3.164709    31.1170        262     1.0875  0.000e+00
     18.177     6.8894   3.164546    31.1105        263     1.0917  0.000e+00
     18.004     6.8927   3.164395    31.1059        264     1.0958  0.000e+00
     17.839     6.8961   3.164215    31.1010        265     1.1000  0.000e+00
     17.672     6.8995   3.164139    31.0971        266     1.1042  0.000e+00
     17.514     6.9033   3.164058    31.0929        267     1.1083  0.000e+00
     17.373     6.9087   3.163193    31.0787        268     1.1125  0.000e+00
     17.251     6.9310   3.163430    31.0612        269     1.1167  0.000e+00
     17.133     6.9593   3.163529    31.0368        270     1.1208  0.000e+00
     17.025     6.9778   3.163465    31.0194        271     1.1250  0.000e+00
     16.920     6.9878   3.163366    31.0094        272     1.1292  0.000e+00
     16.822     6.9961   3.163464    31.0030        273     1.1333  0.000e+00
     16.730     7.0048   3.163331    30.9938        274     1.1375  0.000e+00
     16.628     7.0142   3.163058    30.9824        275     1.1417  0.000e+00
     16.523     7.0259   3.163017    30.9715        276     1.1458  0.000e+00
     16.403     7.0378   3.163150    30.9623        277     1.1500  0.000e+00
     16.281     7.0448   3.162622    30.9503        278     1.1542  0.000e+00
     16.150     7.0536   3.161402    30.9293        279     1.1583  0.000e+00
     16.015     7.0740   3.158413    30.8787        280     1.1625  0.000e+00
     15.873     7.1213   3.154577    30.7950        281     1.1667  0.000e+00
     15.727     7.2080   3.150545    30.6744        282     1.1708  0.000e+00
     15.574     7.3208   3.148723    30.5551        283     1.1750  0.000e+00
     15.429     7.4265   3.148409    30.4587        284     1.1792  0.000e+00
     15.283     7.4968   3.148020    30.3929        285     1.1833  0.000e+00
     15.138     7.5412   3.147950    30.3534        286     1.1875  0.000e+00
     14.996     7.5675   3.148234    30.3336        287     1.1917  0.000e+00
     14.848     7.5807   3.148529    30.3253        288     1.1958  0.000e+00
     14.703     7.5845   3.148407    30.3207        289     1.2000  0.000e+00
     14.555     7.5873   3.148280    30.3170        290     1.2042  0.000e+00
     14.414     7.5913   3.148332    30.3141        291     1.2083  0.000e+00
     14.261     7.5939   3.148430    30.3130        292     1.2125  0.000e+00
     14.117     7.5947   3.148349    30.3115        293     1.2167  0.000e+00
     13.977     7.5963   3.147937    30.3058        294     1.2208  0.000e+00
     13.851     7.6023   3.147746    30.2985        295     1.2250  0.000e+00
     13.731     7.6117   3.147740    30.2904        296     1.2292  0.000e+00
     13.623     7.6182   3.147740    30.2848        297     1.2333  0.000e+00
     13.517     7.6215   3.147647    30.2810        298     1.2375  0.000e+00
     13.418     7.6233   3.147780    30.2808        299     1.2417  0.000e+00
     13.314     7.6246   3.147786    30.2798        300     1.2458  0.000e+00
     13.215     7.6254   3.147821    30.2796        301     1.2500  0.000e+00
     13.107     7.6257   3.147879    30.2799        302     1.2542  0.000e+00
     12.997     7.6263   3.147896    30.2796        303     1.2583  0.000e+00
     12.873     7.6266   3.147931    30.2798        304     1.2625  0.000e+00
     12.740     7.6274   3.147960    30.2795        305     1.2667  0.000e+00
     12.606     7.6284   3.148018    30.2793        306     1.2708  0.000e+00
     12.462     7.6295   3.148035    30.2786        307     1.2750  0.000e+00
     12.313     7.6307   3.148035    30.2776        308     1.2792  0.000e+00
     12.156     7.6311   3.148052    30.2775        309     1.2833  0.000e+00
     12.004     7.6316   3.148035    30.2770        310     1.2875  0.000e+00
     11.844     7.6319   3.147977    30.2761        311     1.2917  0.000e+00
     11.689     7.6319   3.147919    30.2756        312     1.2958  0.000e+00
     11.531     7.6322   3.147896    30.2752        313     1.3000  0.000e+00
     11.378     7.6321   3.147826    30.2745        314     1.3042  0.000e+00
     11.224     7.6320   3.147861    30.2751        315     1.3083  0.000e+00
     11.069     7.6319   3.147861    30.2752        316     1.3125  0.000e+00
     10.922     7.6319   3.147861    30.2753        317     1.3167  0.000e+00
     10.789     7.6321   3.147837    30.2750        318     1.3208  0.000e+00
     10.647     7.6322   3.147826    30.2748        319     1.3250  0.000e+00
     10.586     7.6324   3.147820    30.2746        320     1.3292  0.000e+00
     10.595     7.6322   3.147803    30.2745        321     1.3333  0.000e+00
     10.654     7.6320   3.147739    30.2740        322     1.3375  0.000e+00
     10.724     7.6316   3.147803    30.2750        323     1.3417  0.000e+00
     10.778     7.6316   3.147739    30.2743        324     1.3458  0.000e+00
     10.805     7.6313   3.147762    30.2748        325     1.3500  0.000e+00
     10.816     7.6309   3.147803    30.2756        326     1.3542  0.000e+00
     10.839     7.6309   3.147803    30.2756        327     1.3583  0.000e+00
     10.880     7.6311   3.147826    30.2756        328     1.3625  0.000e+00
     10.911     7.6311   3.147646    30.2737        329     1.3667  0.000e+00
     10.913     7.6312   3.147838    30.2757        330     1.3708  0.000e+00
     10.893     7.6313   3.147878    30.2760        331     1.3750  0.000e+00
     10.871     7.6315   3.147895    30.2761        332     1.3792  0.000e+00
     10.855     7.6315   3.147890    30.2760        333     1.3833  0.000e+00
     10.852     7.6316   3.147895    30.2760        334     1.3875  0.000e+00
     10.835     7.6319   3.147895    30.2757        335     1.3917  0.000e+00
     10.805     7.6319   3.147895    30.2757        336     1.3958  0.000e+00
     10.760     7.6320   3.147930    30.2760        337     1.4000  0.000e+00
     10.722     7.6321   3.147919    30.2759        338     1.4042  0.000e+00
     10.693     7.6321   3.147895    30.2756        339     1.4083  0.000e+00
     10.674     7.6319   3.147895    30.2758        340     1.4125  0.000e+00
     10.659     7.6320   3.147919    30.2759        341     1.4167  0.000e+00
     10.645     7.6320   3.147930    30.2761        342     1.4208  0.000e+00
     10.650     7.6321   3.147895    30.2757        343     1.4250  0.000e+00
     10.672     7.6319   3.147490    30.2714        344     1.4292  0.000e+00
     10.699     7.6318   3.147861    30.2755        345     1.4333  0.000e+00
     10.737     7.6313   3.147861    30.2759        346     1.4375  0.000e+00
     10.773     7.6312   3.147866    30.2760        347     1.4417  0.000e+00
     10.803     7.6313   3.147895    30.2763        348     1.4458  0.000e+00
     10.835     7.6313   3.147895    30.2762        349     1.4500  0.000e+00
     10.861     7.6313   3.147895    30.2762        350     1.4542  0.000e+00
     10.870     7.6313   3.147907    30.2764        351     1.4583  0.000e+00
     10.871     7.6313   3.147919    30.2765        352     1.4625  0.000e+00
     10.864     7.6314   3.147919    30.2764        353     1.4667  0.000e+00
     10.855     7.6315   3.147919    30.2763        354     1.4708  0.000e+00
     10.836     7.6318   3.147919    30.2761        355     1.4750  0.000e+00
     10.819     7.6318   3.147948    30.2764        356     1.4792  0.000e+00
     10.800     7.6318   3.147936    30.2762        357     1.4833  0.000e+00
     10.783     7.6318   3.147936    30.2763        358     1.4875  0.000e+00
     10.769     7.6318   3.147936    30.2762        359     1.4917  0.000e+00
     10.758     7.6321   3.147959    30.2763        360     1.4958  0.000e+00
     10.747     7.6321   3.147948    30.2761        361     1.5000  0.000e+00
     10.742     7.6321   3.147959    30.2763        362     1.5042  0.000e+00
     10.740     7.6319   3.147959    30.2764        363     1.5083  0.000e+00
     10.738     7.6319   3.147936    30.2762        364     1.5125  0.000e+00
     10.746     7.6319   3.147959    30.2764        365     1.5167  0.000e+00
     10.753     7.6319   3.147930    30.2761        366     1.5208  0.000e+00
     10.764     7.6319   3.147936    30.2762        367     1.5250  0.000e+00
     10.776     7.6318   3.147919    30.2761        368     1.5292  0.000e+00
     10.791     7.6316   3.147936    30.2764        369     1.5333  0.000e+00
     10.801     7.6316   3.147971    30.2768        370     1.5375  0.000e+00
     10.819     7.6317   3.147977    30.2768        371     1.5417  0.000e+00
     10.828     7.6318   3.147959    30.2765        372     1.5458  0.000e+00
     10.828     7.6318   3.147977    30.2767        373     1.5500  0.000e+00
     10.828     7.6319   3.148017    30.2770        374     1.5542  0.000e+00
     10.834     7.6318   3.148052    30.2775        375     1.5583  0.000e+00
     10.828     7.6318   3.148052    30.2775        376     1.5625  0.000e+00
     10.827     7.6320   3.147994    30.2767        377     1.5667  0.000e+00
     10.809     7.6320   3.148035    30.2771        378     1.5708  0.000e+00
     10.792     7.6321   3.148052    30.2773        379     1.5750  0.000e+00
     10.783     7.6322   3.148116    30.2778        380     1.5792  0.000e+00
     10.780     7.6321   3.148092    30.2777        381     1.5833  0.000e+00
     10.764     7.6320   3.148052    30.2773        382     1.5875  0.000e+00
     10.742     7.6321   3.148017    30.2769        383     1.5917  0.000e+00
     10.715     7.6323   3.148011    30.2766        384     1.5958  0.000e+00
     10.703     7.6322   3.148035    30.2769        385     1.6000  0.000e+00
     10.695     7.6322   3.148017    30.2768        386     1.6042  0.000e+00
     10.688     7.6322   3.148017    30.2768        387     1.6083  0.000e+00
     10.679     7.6322   3.148017    30.2768        388     1.6125  0.000e+00
     10.674     7.6322   3.148011    30.2767        389     1.6167  0.000e+00
     10.668     7.6324   3.148017    30.2767        390     1.6208  0.000e+00
     10.676     7.6325   3.148017    30.2766        391     1.6250  0.000e+00
     10.681     7.6322   3.147994    30.2766        392     1.6292  0.000e+00
     10.679     7.6321   3.148017    30.2769        393     1.6333  0.000e+00
     10.670     7.6321   3.148011    30.2769        394     1.6375  0.000e+00
     10.656     7.6321   3.148075    30.2775        395     1.6417  0.000e+00
     10.645     7.6324   3.148052    30.2770        396     1.6458  0.000e+00
     10.640     7.6324   3.148034    30.2768        397     1.6500  0.000e+00
     10.632     7.6324   3.148092    30.2775        398     1.6542  0.000e+00
     10.616     7.6325   3.148092    30.2774        399     1.6583  0.000e+00
     10.598     7.6326   3.148174    30.2782        400     1.6625  0.000e+00
     10.582     7.6330   3.148191    30.2780        401     1.6667  0.000e+00
     10.579     7.6334   3.148214    30.2779        402     1.6708  0.000e+00
     10.570     7.6336   3.148197    30.2776        403     1.6750  0.000e+00
     10.557     7.6334   3.148214    30.2779        404     1.6792  0.000e+00
     10.546     7.6329   3.148191    30.2781        405     1.6833  0.000e+00
     10.534     7.6327   3.148191    30.2783        406     1.6875  0.000e+00
     10.521     7.6327   3.148191    30.2783        407     1.6917  0.000e+00
     10.510     7.6324   3.148174    30.2784        408     1.6958  0.000e+00
     10.501     7.6317   3.148133    30.2786        409     1.7000  0.000e+00
     10.483     7.6307   3.148133    30.2794        410     1.7042  0.000e+00
     10.467     7.6302   3.148116    30.2797        411     1.7083  0.000e+00
     10.455     7.6297   3.148092    30.2798        412     1.7125  0.000e+00
     10.435     7.6294   3.148133    30.2806        413     1.7167  0.000e+00
     10.433     7.6296   3.148133    30.2804        414     1.7208  0.000e+00
     10.435     7.6299   3.148133    30.2802        415     1.7250  0.000e+00
     10.433     7.6299   3.148133    30.2801        416     1.7292  0.000e+00
     10.442     7.6299   3.148133    30.2801        417     1.7333  0.000e+00
     10.458     7.6301   3.148133    30.2800        418     1.7375  0.000e+00
     10.474     7.6300   3.148116    30.2798        419     1.7417  0.000e+00
     10.491     7.6300   3.148150    30.2802        420     1.7458  0.000e+00
