HB2402/sbe007.cnv
* Sea-Bird SBE 19plus V2 Data File:
* FileName = C:\cruise\data\sbe007.hex
* Software Version Seasave V 7.26.7.121
* Temperature SN = 7142
* Conductivity SN = 7142
* System UpLoad Time = Mar 09 2024 05:23:40
* NMEA Latitude = 37 23.24 N
* NMEA Longitude = 074 35.29 W
* NMEA UTC (Time) = Mar 09 2024  05:23:06
** Ship: Bigelow
** Cruise:  HB2304
** Program:  Fall Bottom Trawl
# nquan = 7
# nvalues = 2070                                  
# units = specified
# name 0 = depSM: Depth [salt water, m]
# name 1 = tv290C: Temperature [ITS-90, deg C]
# name 2 = c0S/m: Conductivity [S/m]
# name 3 = sal00: Salinity, Practical [PSU]
# name 4 = scan: Scan Count
# name 5 = timeM: Time, Elapsed [minutes]
# name 6 = flag:  0.000e+00
# span 0 =     -0.015,     80.219                 
# span 1 =     7.6025,     9.8943                 
# span 2 =   0.000059,   3.652916                 
# span 3 =     0.0037,    33.4713                 
# span 4 =         11,       2080                 
# span 5 =     0.0417,     8.6625                 
# span 6 = 0.0000e+00, 0.0000e+00                 
# interval = seconds: 0.25
# start_time = Mar 09 2024 05:23:06 [NMEA time, header]
# bad_flag = -9.990e-29
*END*
[from data line 1231]
     43.562     9.1000   3.522282    32.8768       1242     5.1708  0.000e+00
     43.533     9.0335   3.514121    32.8535       1243     5.1750  0.000e+00
     43.494     8.9655   3.508852    32.8615       1244     5.1792  0.000e+00
     43.454     8.9055   3.506319    32.8908       1245     5.1833  0.000e+00
     43.398     8.8605   3.505769    32.9268       1246     5.1875  0.000e+00
     43.328     8.8344   3.507263    32.9667       1247     5.1917  0.000e+00
     43.258     8.8268   3.508327    32.9849       1248     5.1958  0.000e+00
     43.186     8.8310   3.508533    32.9831       1249     5.2000  0.000e+00
     43.114     8.8364   3.508460    32.9774       1250     5.2042  0.000e+00
     43.037     8.8400   3.514504    33.0372       1251     5.2083  0.000e+00
     42.965     8.8634   3.521691    33.0905       1252     5.2125  0.000e+00
     42.904     8.9097   3.522751    33.0584       1253     5.2167  0.000e+00
     42.855     8.9463   3.523568    33.0329       1254     5.2208  0.000e+00
     42.816     8.9682   3.523816    33.0151       1255     5.2250  0.000e+00
     42.782     8.9815   3.524495    33.0098       1256     5.2292  0.000e+00
     42.753     8.9904   3.524598    33.0027       1257     5.2333  0.000e+00
     42.744     8.9966   3.525755    33.0090       1258     5.2375  0.000e+00
     42.740     9.0025   3.525452    33.0004       1259     5.2417  0.000e+00
     42.733     9.0065   3.525470    32.9968       1260     5.2458  0.000e+00
     42.724     9.0081   3.525070    32.9912       1261     5.2500  0.000e+00
     42.722     9.0083   3.526155    33.0023       1262     5.2542  0.000e+00
     42.701     9.0111   3.527385    33.0125       1263     5.2583  0.000e+00
     42.674     9.0177   3.528131    33.0141       1264     5.2625  0.000e+00
     42.641     9.0255   3.528410    33.0099       1265     5.2667  0.000e+00
     42.591     9.0314   3.528791    33.0083       1266     5.2708  0.000e+00
     42.519     9.0359   3.528700    33.0033       1267     5.2750  0.000e+00
     42.454     9.0384   3.528809    33.0021       1268     5.2792  0.000e+00
     42.384     9.0401   3.529234    33.0050       1269     5.2833  0.000e+00
     42.303     9.0424   3.529149    33.0019       1270     5.2875  0.000e+00
     42.226     9.0437   3.528900    32.9983       1271     5.2917  0.000e+00
     42.152     9.0433   3.529003    32.9997       1272     5.2958  0.000e+00
     42.086     9.0431   3.528852    32.9983       1273     5.3000  0.000e+00
     42.028     9.0426   3.528191    32.9920       1274     5.3042  0.000e+00
     41.980     9.0402   3.527785    32.9900       1275     5.3083  0.000e+00
     41.944     9.0365   3.527064    32.9860       1276     5.3125  0.000e+00
     41.915     9.0316   3.527021    32.9900       1277     5.3167  0.000e+00
     41.888     9.0283   3.526106    32.9837       1278     5.3208  0.000e+00
     41.863     9.0241   3.527985    33.0071       1279     5.3250  0.000e+00
     41.839     9.0260   3.528852    33.0144       1280     5.3292  0.000e+00
     41.813     9.0332   3.530004    33.0196       1281     5.3333  0.000e+00
     41.773     9.0419   3.530192    33.0136       1282     5.3375  0.000e+00
     41.721     9.0482   3.528876    32.9940       1283     5.3417  0.000e+00
     41.654     9.0474   3.528724    32.9932       1284     5.3458  0.000e+00
     41.577     9.0447   3.529427    33.0031       1285     5.3500  0.000e+00
     41.485     9.0449   3.529003    32.9986       1286     5.3542  0.000e+00
     41.399     9.0458   3.530810    33.0165       1287     5.3583  0.000e+00
     41.309     9.0505   3.531161    33.0159       1288     5.3625  0.000e+00
     41.216     9.0569   3.531022    33.0085       1289     5.3667  0.000e+00
     41.133     9.0608   3.531410    33.0089       1290     5.3708  0.000e+00
     41.065     9.0630   3.531452    33.0074       1291     5.3750  0.000e+00
     41.009     9.0651   3.531367    33.0046       1292     5.3792  0.000e+00
     40.966     9.0659   3.531561    33.0059       1293     5.3833  0.000e+00
     40.937     9.0669   3.531580    33.0052       1294     5.3875  0.000e+00
     40.915     9.0676   3.531555    33.0043       1295     5.3917  0.000e+00
     40.910     9.0679   3.531537    33.0038       1296     5.3958  0.000e+00
     40.910     9.0680   3.531537    33.0037       1297     5.4000  0.000e+00
     40.914     9.0678   3.531640    33.0049       1298     5.4042  0.000e+00
     40.924     9.0682   3.531707    33.0052       1299     5.4083  0.000e+00
     40.930     9.0688   3.531810    33.0058       1300     5.4125  0.000e+00
     40.948     9.0696   3.531895    33.0059       1301     5.4167  0.000e+00
     40.960     9.0704   3.531937    33.0056       1302     5.4208  0.000e+00
     40.962     9.0711   3.532028    33.0059       1303     5.4250  0.000e+00
     40.962     9.0715   3.532028    33.0055       1304     5.4292  0.000e+00
     40.953     9.0720   3.531810    33.0028       1305     5.4333  0.000e+00
     40.923     9.0715   3.531919    33.0044       1306     5.4375  0.000e+00
     40.892     9.0712   3.531895    33.0045       1307     5.4417  0.000e+00
     40.838     9.0711   3.531937    33.0050       1308     5.4458  0.000e+00
     40.777     9.0713   3.532046    33.0059       1309     5.4500  0.000e+00
     40.705     9.0719   3.531786    33.0027       1310     5.4542  0.000e+00
     40.610     9.0714   3.531149    32.9966       1311     5.4583  0.000e+00
     40.520     9.0694   3.531767    33.0050       1312     5.4625  0.000e+00
     40.417     9.0694   3.531598    33.0033       1313     5.4667  0.000e+00
     40.320     9.0696   3.530451    32.9912       1314     5.4708  0.000e+00
     40.227     9.0666   3.530603    32.9956       1315     5.4750  0.000e+00
     40.133     9.0642   3.530409    32.9958       1316     5.4792  0.000e+00
     40.054     9.0621   3.530536    32.9991       1317     5.4833  0.000e+00
     39.986     9.0610   3.530536    33.0002       1318     5.4875  0.000e+00
     39.925     9.0611   3.529972    32.9943       1319     5.4917  0.000e+00
     39.878     9.0592   3.529318    32.9893       1320     5.4958  0.000e+00
     39.830     9.0544   3.528893    32.9893       1321     5.5000  0.000e+00
     39.799     9.0498   3.526917    32.9731       1322     5.5042  0.000e+00
     39.770     9.0414   3.526620    32.9778       1323     5.5083  0.000e+00
     39.750     9.0339   3.526172    32.9801       1324     5.5125  0.000e+00
     39.734     9.0289   3.525536    32.9781       1325     5.5167  0.000e+00
     39.714     9.0224   3.524469    32.9731       1326     5.5208  0.000e+00
     39.711     9.0154   3.524366    32.9785       1327     5.5250  0.000e+00
     39.704     9.0105   3.523657    32.9757       1328     5.5292  0.000e+00
     39.693     9.0056   3.523130    32.9748       1329     5.5333  0.000e+00
     39.684     9.0002   3.523088    32.9793       1330     5.5375  0.000e+00
     39.678     8.9964   3.522264    32.9743       1331     5.5417  0.000e+00
     39.677     8.9927   3.522809    32.9834       1332     5.5458  0.000e+00
     39.666     8.9913   3.522731    32.9839       1333     5.5500  0.000e+00
     39.657     8.9914   3.522834    32.9848       1334     5.5542  0.000e+00
     39.651     8.9910   3.522537    32.9821       1335     5.5583  0.000e+00
     39.634     8.9908   3.522070    32.9775       1336     5.5625  0.000e+00
     39.617     8.9881   3.521967    32.9789       1337     5.5667  0.000e+00
     39.589     8.9859   3.521519    32.9763       1338     5.5708  0.000e+00
     39.554     8.9831   3.521307    32.9767       1339     5.5750  0.000e+00
     39.504     8.9805   3.521089    32.9769       1340     5.5792  0.000e+00
     39.452     8.9784   3.520435    32.9721       1341     5.5833  0.000e+00
     39.378     8.9747   3.519145    32.9621       1342     5.5875  0.000e+00
     39.299     8.9673   3.518588    32.9631       1343     5.5917  0.000e+00
     39.218     8.9595   3.515676    32.9401       1344     5.5958  0.000e+00
     39.118     8.9466   3.516281    32.9585       1345     5.6000  0.000e+00
     39.022     8.9383   3.518376    32.9880       1346     5.6042  0.000e+00
     38.920     8.9397   3.514635    32.9478       1347     5.6083  0.000e+00
     38.810     8.9333   3.511301    32.9191       1348     5.6125  0.000e+00
     38.702     8.9129   3.510775    32.9325       1349     5.6167  0.000e+00
     38.600     8.8971   3.511833    32.9582       1350     5.6208  0.000e+00
     38.501     8.8905   3.513945    32.9864       1351     5.6250  0.000e+00
     38.407     8.8987   3.519249    33.0342       1352     5.6292  0.000e+00
     38.332     8.9208   3.519672    33.0181       1353     5.6333  0.000e+00
     38.260     8.9421   3.519714    32.9987       1354     5.6375  0.000e+00
     38.201     8.9538   3.519351    32.9841       1355     5.6417  0.000e+00
     38.156     8.9584   3.519248    32.9788       1356     5.6458  0.000e+00
     38.123     8.9596   3.519545    32.9808       1357     5.6500  0.000e+00
     38.095     8.9610   3.519230    32.9763       1358     5.6542  0.000e+00
     38.084     8.9614   3.519260    32.9762       1359     5.6583  0.000e+00
     38.073     8.9610   3.519333    32.9773       1360     5.6625  0.000e+00
     38.064     8.9610   3.519417    32.9782       1361     5.6667  0.000e+00
     38.055     8.9616   3.519314    32.9766       1362     5.6708  0.000e+00
     38.042     8.9617   3.519442    32.9778       1363     5.6750  0.000e+00
     38.028     8.9619   3.519696    32.9803       1364     5.6792  0.000e+00
     38.017     8.9633   3.520350    32.9858       1365     5.6833  0.000e+00
     37.997     8.9663   3.521283    32.9927       1366     5.6875  0.000e+00
     37.985     8.9723   3.521713    32.9917       1367     5.6917  0.000e+00
     37.965     8.9774   3.520011    32.9693       1368     5.6958  0.000e+00
     37.954     8.9754   3.519502    32.9658       1369     5.7000  0.000e+00
     37.940     8.9700   3.519163    32.9673       1370     5.7042  0.000e+00
     37.940     8.9660   3.519732    32.9769       1371     5.7083  0.000e+00
     37.933     8.9648   3.519865    32.9794       1372     5.7125  0.000e+00
     37.929     8.9657   3.519714    32.9770       1373     5.7167  0.000e+00
     37.931     8.9656   3.519102    32.9707       1374     5.7208  0.000e+00
     37.926     8.9636   3.519193    32.9735       1375     5.7250  0.000e+00
     37.924     8.9619   3.518672    32.9697       1376     5.7292  0.000e+00
     37.909     8.9596   3.518527    32.9703       1377     5.7333  0.000e+00
     37.879     8.9570   3.517613    32.9632       1378     5.7375  0.000e+00
     37.846     8.9529   3.517171    32.9625       1379     5.7417  0.000e+00
     37.785     8.9482   3.517655    32.9719       1380     5.7458  0.000e+00
     37.708     8.9465   3.518333    32.9805       1381     5.7500  0.000e+00
     37.606     8.9480   3.518461    32.9805       1382     5.7542  0.000e+00
     37.491     8.9510   3.518291    32.9761       1383     5.7583  0.000e+00
     37.367     8.9523   3.520204    32.9948       1384     5.7625  0.000e+00
     37.223     8.9591   3.522324    33.0106       1385     5.7667  0.000e+00
     37.066     8.9742   3.523966    33.0137       1386     5.7708  0.000e+00
     36.906     8.9897   3.523451    32.9941       1387     5.7750  0.000e+00
     36.739     8.9997   3.521627    32.9659       1388     5.7792  0.000e+00
     36.581     8.9993   3.516341    32.9113       1389     5.7833  0.000e+00
     36.430     8.9866   3.516431    32.9242       1390     5.7875  0.000e+00
     36.290     8.9728   3.518145    32.9548       1391     5.7917  0.000e+00
     36.187     8.9701   3.516764    32.9431       1392     5.7958  0.000e+00
     36.095     8.9673   3.516849    32.9465       1393     5.8000  0.000e+00
     36.029     8.9651   3.515990    32.9397       1394     5.8042  0.000e+00
     36.002     8.9612   3.515814    32.9415       1395     5.8083  0.000e+00
     35.991     8.9584   3.516153    32.9476       1396     5.8125  0.000e+00
     36.013     8.9579   3.516510    32.9517       1397     5.8167  0.000e+00
     36.058     8.9587   3.517860    32.9651       1398     5.8208  0.000e+00
     36.128     8.9629   3.518611    32.9689       1399     5.8250  0.000e+00
     36.218     8.9685   3.518950    32.9672       1400     5.8292  0.000e+00
     36.324     8.9732   3.519289    32.9664       1401     5.8333  0.000e+00
     36.432     8.9767   3.519750    32.9678       1402     5.8375  0.000e+00
     36.539     8.9800   3.520688    32.9746       1403     5.8417  0.000e+00
     36.638     8.9843   3.521857    32.9827       1404     5.8458  0.000e+00
     36.726     8.9899   3.523111    32.9905       1405     5.8500  0.000e+00
     36.807     8.9969   3.523117    32.9840       1406     5.8542  0.000e+00
     36.858     9.0008   3.521924    32.9679       1407     5.8583  0.000e+00
     36.874     8.9973   3.521282    32.9645       1408     5.8625  0.000e+00
     36.840     8.9911   3.521240    32.9698       1409     5.8667  0.000e+00
     36.757     8.9868   3.523251    32.9948       1410     5.8708  0.000e+00
     36.653     8.9900   3.524044    33.0001       1411     5.8750  0.000e+00
     36.523     8.9986   3.524535    32.9973       1412     5.8792  0.000e+00
     36.378     9.0063   3.524832    32.9933       1413     5.8833  0.000e+00
     36.223     9.0122   3.525329    32.9931       1414     5.8875  0.000e+00
     36.063     9.0171   3.525298    32.9883       1415     5.8917  0.000e+00
     35.907     9.0202   3.521754    32.9486       1416     5.8958  0.000e+00
     35.759     9.0130   3.516552    32.9013       1417     5.9000  0.000e+00
     35.630     8.9906   3.513096    32.8861       1418     5.9042  0.000e+00
     35.527     8.9673   3.507833    32.8529       1419     5.9083  0.000e+00
     35.448     8.9370   3.504749    32.8489       1420     5.9125  0.000e+00
     35.391     8.9069   3.501691    32.8449       1421     5.9167  0.000e+00
     35.369     8.8810   3.500555    32.8571       1422     5.9208  0.000e+00
     35.364     8.8619   3.499522    32.8640       1423     5.9250  0.000e+00
     35.382     8.8486   3.498507    32.8657       1424     5.9292  0.000e+00
     35.414     8.8394   3.499565    32.8853       1425     5.9333  0.000e+00
     35.450     8.8362   3.501734    32.9109       1426     5.9375  0.000e+00
     35.488     8.8411   3.504098    32.9309       1427     5.9417  0.000e+00
     35.536     8.8518   3.506129    32.9422       1428     5.9458  0.000e+00
     35.578     8.8647   3.507943    32.9492       1429     5.9500  0.000e+00
     35.612     8.8786   3.508173    32.9386       1430     5.9542  0.000e+00
     35.637     8.8881   3.509455    32.9431       1431     5.9583  0.000e+00
     35.640     8.8966   3.510120    32.9423       1432     5.9625  0.000e+00
     35.630     8.9036   3.507072    32.9040       1433     5.9667  0.000e+00
     35.596     8.9000   3.508215    32.9192       1434     5.9708  0.000e+00
     35.547     8.8969   3.504708    32.8856       1435     5.9750  0.000e+00
     35.489     8.8879   3.502912    32.8752       1436     5.9792  0.000e+00
     35.434     8.8761   3.500743    32.8635       1437     5.9833  0.000e+00
     35.374     8.8624   3.497667    32.8442       1438     5.9875  0.000e+00
     35.326     8.8440   3.497160    32.8560       1439     5.9917  0.000e+00
     35.270     8.8300   3.495415    32.8507       1440     5.9958  0.000e+00
     35.223     8.8184   3.494751    32.8545       1441     6.0000  0.000e+00
     35.177     8.8090   3.494171    32.8573       1442     6.0042  0.000e+00
     35.139     8.8014   3.493712    32.8595       1443     6.0083  0.000e+00
     35.098     8.7960   3.493181    32.8590       1444     6.0125  0.000e+00
     35.060     8.7911   3.492656    32.8580       1445     6.0167  0.000e+00
