HB2402/sbe089.cnv
* Sea-Bird SBE 19plus V2 Data File:
* FileName = C:\cruise\data\sbe089.hex
* Software Version Seasave V 7.26.7.121
* Temperature SN = 7037
* Conductivity SN = 7037
* System UpLoad Time = Apr 18 2024 13:48:32
* NMEA Latitude = 41 12.44 N
* NMEA Longitude = 067 27.86 W
* NMEA UTC (Time) = Apr 18 2024  13:47:06
** Ship: Bigelow
** Cruise:  HB2304
** Program:  Fall Bottom Trawl
# nquan = 8
# nvalues = 1060                                  
# units = specified
# name 0 = depSM: Depth [salt water, m]
# name 1 = tv290C: Temperature [ITS-90, deg C]
# name 2 = c0S/m: Conductivity [S/m]
# name 3 = sal00: Salinity, Practical [PSU]
# name 4 = scan: Scan Count
# name 5 = timeM: Time, Elapsed [minutes]
# name 6 = sbeox0V: Oxygen raw, SBE 43 [V]
# name 7 = flag:  0.000e+00
# span 0 =      0.049,     41.106                 
# span 1 =     6.0599,     6.1952                 
# span 2 =   0.138476,   3.174703                 
# span 3 =     1.1057,    31.8998                 
# span 4 =         11,       1070                 
# span 5 =     0.0417,     4.4542                 
# span 6 =     2.4021,     2.5420                 
# span 7 = 0.0000e+00, 0.0000e+00                 
# interval = seconds: 0.25
# start_time = Apr 18 2024 13:47:06 [NMEA time, header]
# bad_flag = -9.990e-29
*END*
[from data line 899]
     19.947     6.0777   3.165405    31.8679        910     3.7875     2.5076  0.000e+00
     19.774     6.0781   3.165366    31.8671        911     3.7917     2.5076  0.000e+00
     19.599     6.0785   3.165327    31.8664        912     3.7958     2.5076  0.000e+00
     19.427     6.0785   3.165228    31.8654        913     3.8000     2.5073  0.000e+00
     19.259     6.0783   3.165167    31.8649        914     3.8042     2.5071  0.000e+00
     19.098     6.0778   3.165206    31.8659        915     3.8083     2.5078  0.000e+00
     18.930     6.0777   3.165206    31.8661        916     3.8125     2.5082  0.000e+00
     18.751     6.0776   3.165189    31.8661        917     3.8167     2.5084  0.000e+00
     18.573     6.0774   3.165167    31.8661        918     3.8208     2.5086  0.000e+00
     18.397     6.0773   3.165150    31.8662        919     3.8250     2.5089  0.000e+00
     18.227     6.0773   3.165150    31.8662        920     3.8292     2.5089  0.000e+00
     18.054     6.0771   3.165150    31.8664        921     3.8333     2.5099  0.000e+00
     17.877     6.0771   3.165150    31.8666        922     3.8375     2.5112  0.000e+00
     17.694     6.0771   3.165288    31.8681        923     3.8417     2.5097  0.000e+00
     17.519     6.0776   3.165482    31.8700        924     3.8458     2.5108  0.000e+00
     17.338     6.0788   3.165327    31.8671        925     3.8500     2.5095  0.000e+00
     17.169     6.0796   3.165581    31.8693        926     3.8542     2.5092  0.000e+00
     16.990     6.0804   3.165619    31.8691        927     3.8583     2.5105  0.000e+00
     16.800     6.0816   3.165443    31.8661        928     3.8625     2.5093  0.000e+00
     16.612     6.0818   3.165343    31.8649        929     3.8667     2.5101  0.000e+00
     16.426     6.0813   3.165404    31.8661        930     3.8708     2.5104  0.000e+00
     16.240     6.0810   3.165564    31.8683        931     3.8750     2.5102  0.000e+00
     16.048     6.0817   3.165404    31.8659        932     3.8792     2.5121  0.000e+00
     15.846     6.0819   3.165205    31.8637        933     3.8833     2.5119  0.000e+00
     15.633     6.0810   3.165188    31.8644        934     3.8875     2.5114  0.000e+00
     15.418     6.0804   3.165641    31.8702        935     3.8917     2.5121  0.000e+00
     15.197     6.0811   3.165840    31.8718        936     3.8958     2.5118  0.000e+00
     14.977     6.0832   3.165442    31.8655        937     3.9000     2.5128  0.000e+00
     14.746     6.0834   3.165779    31.8692        938     3.9042     2.5128  0.000e+00
     14.502     6.0840   3.166155    31.8729        939     3.9083     2.5145  0.000e+00
     14.260     6.0864   3.166094    31.8701        940     3.9125     2.5144  0.000e+00
     14.012     6.0879   3.165994    31.8676        941     3.9167     2.5144  0.000e+00
     13.779     6.0887   3.166309    31.8705        942     3.9208     2.5154  0.000e+00
     13.541     6.0902   3.166547    31.8719        943     3.9250     2.5159  0.000e+00
     13.302     6.0923   3.166569    31.8703        944     3.9292     2.5161  0.000e+00
     13.067     6.0938   3.166508    31.8683        945     3.9333     2.5183  0.000e+00
     12.845     6.0949   3.166861    31.8713        946     3.9375     2.5192  0.000e+00
     12.630     6.0965   3.167298    31.8748        947     3.9417     2.5195  0.000e+00
     12.421     6.0994   3.167198    31.8711        948     3.9458     2.5215  0.000e+00
     12.215     6.1015   3.167099    31.8681        949     3.9500     2.5225  0.000e+00
     12.010     6.1024   3.167159    31.8680        950     3.9542     2.5230  0.000e+00
     11.812     6.1032   3.167297    31.8689        951     3.9583     2.5248  0.000e+00
     11.615     6.1041   3.167375    31.8690        952     3.9625     2.5247  0.000e+00
     11.423     6.1051   3.167397    31.8684        953     3.9667     2.5253  0.000e+00
     11.228     6.1060   3.167198    31.8654        954     3.9708     2.5266  0.000e+00
     11.037     6.1060   3.167258    31.8661        955     3.9750     2.5255  0.000e+00
     10.849     6.1060   3.167358    31.8673        956     3.9792     2.5263  0.000e+00
     10.664     6.1062   3.167021    31.8635        957     3.9833     2.5266  0.000e+00
     10.480     6.1056   3.166960    31.8635        958     3.9875     2.5260  0.000e+00
     10.294     6.1047   3.166921    31.8640        959     3.9917     2.5268  0.000e+00
     10.108     6.1039   3.167098    31.8668        960     3.9958     2.5269  0.000e+00
      9.915     6.1039   3.167689    31.8735        961     4.0000     2.5266  0.000e+00
      9.729     6.1059   3.167849    31.8735        962     4.0042     2.5276  0.000e+00
      9.526     6.1088   3.167612    31.8682        963     4.0083     2.5282  0.000e+00
      9.328     6.1101   3.167728    31.8684        964     4.0125     2.5263  0.000e+00
      9.123     6.1106   3.168656    31.8784        965     4.0167     2.5269  0.000e+00
      8.914     6.1142   3.169115    31.8802        966     4.0208     2.5287  0.000e+00
      8.701     6.1192   3.168932    31.8736        967     4.0250     2.5269  0.000e+00
      8.480     6.1226   3.168578    31.8665        968     4.0292     2.5295  0.000e+00
      8.253     6.1233   3.168893    31.8695        969     4.0333     2.5291  0.000e+00
      8.036     6.1241   3.169070    31.8708        970     4.0375     2.5302  0.000e+00
      7.815     6.1260   3.169330    31.8720        971     4.0417     2.5316  0.000e+00
      7.599     6.1281   3.169545    31.8726        972     4.0458     2.5309  0.000e+00
      7.383     6.1305   3.169744    31.8726        973     4.0500     2.5324  0.000e+00
      7.172     6.1329   3.170435    31.8781        974     4.0542     2.5318  0.000e+00
      6.973     6.1371   3.170689    31.8772        975     4.0583     2.5337  0.000e+00
      6.780     6.1417   3.171087    31.8773        976     4.0625     2.5337  0.000e+00
      6.592     6.1457   3.171126    31.8741        977     4.0667     2.5350  0.000e+00
      6.408     6.1493   3.172591    31.8871        978     4.0708     2.5350  0.000e+00
      6.240     6.1557   3.174272    31.8998        979     4.0750     2.5363  0.000e+00
      6.075     6.1677   3.174703    31.8935        980     4.0792     2.5354  0.000e+00
      5.922     6.1785   3.174172    31.8775        981     4.0833     2.5366  0.000e+00
      5.765     6.1844   3.174188    31.8722        982     4.0875     2.5374  0.000e+00
      5.611     6.1872   3.174149    31.8692        983     4.0917     2.5366  0.000e+00
      5.449     6.1887   3.174011    31.8664        984     4.0958     2.5377  0.000e+00
      5.273     6.1892   3.174188    31.8679        985     4.1000     2.5368  0.000e+00
      5.089     6.1898   3.174149    31.8671        986     4.1042     2.5382  0.000e+00
      4.896     6.1904   3.174525    31.8707        987     4.1083     2.5393  0.000e+00
      4.679     6.1916   3.174227    31.8664        988     4.1125     2.5372  0.000e+00
      4.459     6.1925   3.173911    31.8622        989     4.1167     2.5384  0.000e+00
      4.224     6.1913   3.173950    31.8638        990     4.1208     2.5379  0.000e+00
      3.996     6.1904   3.173895    31.8642        991     4.1250     2.5371  0.000e+00
      3.787     6.1897   3.173695    31.8628        992     4.1292     2.5384  0.000e+00
      3.553     6.1888   3.173596    31.8626        993     4.1333     2.5385  0.000e+00
      3.328     6.1876   3.173634    31.8643        994     4.1375     2.5376  0.000e+00
      3.116     6.1869   3.173695    31.8657        995     4.1417     2.5388  0.000e+00
      2.894     6.1867   3.173756    31.8666        996     4.1458     2.5388  0.000e+00
      2.674     6.1869   3.173518    31.8639        997     4.1500     2.5386  0.000e+00
      2.430     6.1864   3.173496    31.8642        998     4.1542     2.5388  0.000e+00
      2.198     6.1858   3.173634    31.8665        999     4.1583     2.5379  0.000e+00
      1.976     6.1860   3.173595    31.8659       1000     4.1625     2.5384  0.000e+00
      1.781     6.1860   3.173557    31.8656       1001     4.1667     2.5387  0.000e+00
      1.593     6.1861   3.173595    31.8660       1002     4.1708     2.5387  0.000e+00
      1.378     6.1860   3.173595    31.8662       1003     4.1750     2.5392  0.000e+00
      1.138     6.1863   3.173556    31.8657       1004     4.1792     2.5390  0.000e+00
      0.872     6.1863   3.173634    31.8666       1005     4.1833     2.5395  0.000e+00
      0.623     6.1865   3.173435    31.8643       1006     4.1875     2.5400  0.000e+00
      0.414     6.1863   3.173434    31.8646       1007     4.1917     2.5410  0.000e+00
      0.395     6.1860   3.173434    31.8649       1008     4.1958     2.5412  0.000e+00
      0.448     6.1860   3.173434    31.8649       1009     4.2000     2.5412  0.000e+00
      0.540     6.1860   3.173473    31.8653       1010     4.2042     2.5401  0.000e+00
      0.594     6.1860   3.173490    31.8655       1011     4.2083     2.5420  0.000e+00
      0.607     6.1860   3.173473    31.8653       1012     4.2125     2.5404  0.000e+00
      0.576     6.1860   3.173556    31.8662       1013     4.2167     2.5405  0.000e+00
      0.544     6.1863   3.173556    31.8660       1014     4.2208     2.5405  0.000e+00
      0.569     6.1867   3.173573    31.8657       1015     4.2250     2.5388  0.000e+00
      0.641     6.1871   3.173573    31.8653       1016     4.2292     2.5383  0.000e+00
      0.728     6.1873   3.173595    31.8653       1017     4.2333     2.5367  0.000e+00
      0.789     6.1873   3.173595    31.8653       1018     4.2375     2.5372  0.000e+00
      0.825     6.1875   3.173612    31.8653       1019     4.2417     2.5367  0.000e+00
      0.863     6.1878   3.173612    31.8649       1020     4.2458     2.5366  0.000e+00
      0.916     6.1879   3.173612    31.8649       1021     4.2500     2.5355  0.000e+00
      0.957     6.1879   3.173612    31.8648       1022     4.2542     2.5367  0.000e+00
      0.979     6.1876   3.173573    31.8647       1023     4.2583     2.5359  0.000e+00
      0.966     6.1874   3.173473    31.8638       1024     4.2625     2.5367  0.000e+00
      0.936     6.1868   3.173457    31.8642       1025     4.2667     2.5351  0.000e+00
      0.909     6.1864   3.173634    31.8665       1026     4.2708     2.5347  0.000e+00
      0.847     6.1867   3.173811    31.8682       1027     4.2750     2.5359  0.000e+00
      0.744     6.1878   3.173849    31.8677       1028     4.2792     2.5353  0.000e+00
      0.638     6.1886   3.173772    31.8661       1029     4.2833     2.5353  0.000e+00
      0.558     6.1893   3.173871    31.8666       1030     4.2875     2.5345  0.000e+00
      0.506     6.1896   3.174010    31.8679       1031     4.2917     2.5364  0.000e+00
      0.464     6.1905   3.173949    31.8663       1032     4.2958     2.5352  0.000e+00
      0.439     6.1909   3.173833    31.8647       1033     4.3000     2.5356  0.000e+00
      0.495     6.1907   3.173871    31.8654       1034     4.3042     2.5361  0.000e+00
      0.596     6.1908   3.173871    31.8652       1035     4.3083     2.5365  0.000e+00
      0.634     6.1906   3.173894    31.8656       1036     4.3125     2.5379  0.000e+00
      0.634     6.1908   3.173833    31.8648       1037     4.3167     2.5369  0.000e+00
      0.607     6.1907   3.173755    31.8640       1038     4.3208     2.5385  0.000e+00
      0.600     6.1904   3.173694    31.8636       1039     4.3250     2.5361  0.000e+00
      0.627     6.1900   3.173711    31.8642       1040     4.3292     2.5364  0.000e+00
      0.678     6.1896   3.173755    31.8650       1041     4.3333     2.5382  0.000e+00
      0.696     6.1894   3.173755    31.8652       1042     4.3375     2.5364  0.000e+00
      0.676     6.1891   3.173733    31.8652       1043     4.3417     2.5374  0.000e+00
      0.643     6.1891   3.173772    31.8656       1044     4.3458     2.5372  0.000e+00
      0.611     6.1890   3.173656    31.8644       1045     4.3500     2.5369  0.000e+00
      0.594     6.1889   3.173733    31.8654       1046     4.3542     2.5350  0.000e+00
      0.584     6.1887   3.173849    31.8669       1047     4.3583     2.5373  0.000e+00
      0.564     6.1892   3.173988    31.8680       1048     4.3625     2.5371  0.000e+00
      0.542     6.1901   3.174148    31.8689       1049     4.3667     2.5360  0.000e+00
      0.506     6.1914   3.174048    31.8666       1050     4.3708     2.5341  0.000e+00
      0.453     6.1922   3.174126    31.8668       1051     4.3750     2.5344  0.000e+00
      0.334     6.1928   3.174170    31.8668       1052     4.3792     2.5340  0.000e+00
      0.152     6.1934   3.134453    31.4253       1053     4.3833     2.5341  0.000e+00
      0.054     6.1945   0.843977     7.5408       1054     4.3875     2.5337  0.000e+00
      0.050     6.1933   0.537476     4.6492       1055     4.3917     2.5343  0.000e+00
      0.052     6.1884   0.379731     3.2107       1056     4.3958     2.5324  0.000e+00
      0.056     6.1802   0.364802     3.0774       1057     4.4000     2.5347  0.000e+00
      0.054     6.1734   0.309788     2.5876       1058     4.4042     2.5334  0.000e+00
      0.052     6.1708   0.269765     2.2349       1059     4.4083     2.5307  0.000e+00
      0.054     6.1708   0.243740     2.0075       1060     4.4125     2.5261  0.000e+00
      0.052     6.1719   0.220484     1.8056       1061     4.4167     2.5166  0.000e+00
      0.060     6.1737   0.210363     1.7181       1062     4.4208     2.5035  0.000e+00
      0.052     6.1757   0.210705     1.7209       1063     4.4250     2.4904  0.000e+00
      0.052     6.1781   0.206397     1.6837       1064     4.4292     2.4757  0.000e+00
      0.050     6.1812   0.190788     1.5496       1065     4.4333     2.4601  0.000e+00
      0.049     6.1843   0.170839     1.3792       1066     4.4375     2.4474  0.000e+00
      0.052     6.1873   0.156284     1.2558       1067     4.4417     2.4339  0.000e+00
      0.052     6.1904   0.144873     1.1595       1068     4.4458     2.4210  0.000e+00
      0.049     6.1930   0.138476     1.1057       1069     4.4500     2.4121  0.000e+00
      0.051     6.1952   0.146694     1.1746       1070     4.4542     2.4021  0.000e+00
