HB2402/sbe099.cnv
* Sea-Bird SBE 19plus V2 Data File:
* FileName = C:\cruise\data\sbe099.hex
* Software Version Seasave V 7.26.7.121
* Temperature SN = 7037
* Conductivity SN = 7037
* System UpLoad Time = Apr 28 2024 03:02:08
* NMEA Latitude = 41 40.35 N
* NMEA Longitude = 066 06.73 W
* NMEA UTC (Time) = Apr 28 2024  03:00:52
** Ship: Bigelow
** Cruise:  HB2402
** Program:  Spring Bottom Trawl
# nquan = 8
# nvalues = 2394                                  
# units = specified
# name 0 = depSM: Depth [salt water, m]
# name 1 = tv290C: Temperature [ITS-90, deg C]
# name 2 = c0S/m: Conductivity [S/m]
# name 3 = sal00: Salinity, Practical [PSU]
# name 4 = scan: Scan Count
# name 5 = timeM: Time, Elapsed [minutes]
# name 6 = sbeox0V: Oxygen raw, SBE 43 [V]
# name 7 = flag:  0.000e+00
# span 0 =      0.074,     92.449                 
# span 1 =     5.5355,     6.5730                 
# span 2 =  -0.000012,   3.210507                 
# span 3 =     0.0000,    32.4240                 
# span 4 =         11,       2404                 
# span 5 =     0.0417,    10.0125                 
# span 6 =     2.1490,     2.7010                 
# span 7 = 0.0000e+00, 0.0000e+00                 
# interval = seconds: 0.25
# start_time = Apr 28 2024 03:00:52 [NMEA time, header]
# bad_flag = -9.990e-29
*END*
[from data line 180]
     15.783     6.2846   3.189485    31.9431        191     0.7917     2.2884  0.000e+00
     15.955     6.2613   3.186206    31.9286        192     0.7958     2.2848  0.000e+00
     16.127     6.2385   3.183349    31.9182        193     0.8000     2.2818  0.000e+00
     16.289     6.2120   3.180747    31.9141        194     0.8042     2.2785  0.000e+00
     16.448     6.1854   3.178269    31.9114        195     0.8083     2.2786  0.000e+00
     16.596     6.1629   3.176449    31.9123        196     0.8125     2.2767  0.000e+00
     16.745     6.1432   3.175442    31.9196        197     0.8167     2.2802  0.000e+00
     16.885     6.1268   3.174745    31.9272        198     0.8208     2.2829  0.000e+00
     17.025     6.1130   3.174275    31.9349        199     0.8250     2.2903  0.000e+00
     17.160     6.1018   3.173899    31.9412        200     0.8292     2.2988  0.000e+00
     17.288     6.0930   3.173678    31.9469        201     0.8333     2.3089  0.000e+00
     17.411     6.0862   3.173601    31.9524        202     0.8375     2.3208  0.000e+00
     17.538     6.0812   3.173601    31.9571        203     0.8417     2.3333  0.000e+00
     17.655     6.0770   3.173618    31.9612        204     0.8458     2.3453  0.000e+00
     17.778     6.0738   3.173740    31.9654        205     0.8500     2.3555  0.000e+00
     17.906     6.0711   3.173917    31.9699        206     0.8542     2.3666  0.000e+00
     18.026     6.0688   3.174293    31.9762        207     0.8583     2.3745  0.000e+00
     18.147     6.0672   3.175582    31.9921        208     0.8625     2.3816  0.000e+00
     18.277     6.0666   3.177540    32.0144        209     0.8667     2.3880  0.000e+00
     18.409     6.0670   3.179244    32.0329        210     0.8708     2.3910  0.000e+00
     18.548     6.0671   3.180351    32.0451        211     0.8750     2.3944  0.000e+00
     18.698     6.0668   3.182493    32.0692        212     0.8792     2.3961  0.000e+00
     18.851     6.0706   3.184343    32.0862        213     0.8833     2.3946  0.000e+00
     19.010     6.0768   3.185173    32.0896        214     0.8875     2.3931  0.000e+00
     19.175     6.0822   3.185135    32.0839        215     0.8917     2.3889  0.000e+00
     19.343     6.0881   3.183844    32.0639        216     0.8958     2.3854  0.000e+00
     19.509     6.0921   3.181801    32.0372        217     0.9000     2.3803  0.000e+00
     19.677     6.0933   3.179244    32.0076        218     0.9042     2.3734  0.000e+00
     19.841     6.0919   3.177380    31.9880        219     0.9083     2.3676  0.000e+00
     20.006     6.0857   3.175958    31.9779        220     0.9125     2.3603  0.000e+00
     20.165     6.0762   3.174332    31.9687        221     0.9167     2.3532  0.000e+00
     20.324     6.0659   3.172734    31.9605        222     0.9208     2.3459  0.000e+00
     20.474     6.0559   3.171291    31.9538        223     0.9250     2.3413  0.000e+00
     20.624     6.0465   3.170440    31.9531        224     0.9292     2.3365  0.000e+00
     20.775     6.0367   3.169865    31.9557        225     0.9333     2.3312  0.000e+00
     20.922     6.0246   3.169473    31.9628        226     0.9375     2.3280  0.000e+00
     21.065     6.0106   3.168799    31.9684        227     0.9417     2.3256  0.000e+00
     21.209     5.9966   3.168025    31.9729        228     0.9458     2.3253  0.000e+00
     21.350     5.9827   3.167456    31.9796        229     0.9500     2.3274  0.000e+00
     21.494     5.9706   3.167202    31.9881        230     0.9542     2.3301  0.000e+00
     21.639     5.9608   3.167003    31.9951        231     0.9583     2.3354  0.000e+00
     21.789     5.9512   3.167004    32.0041        232     0.9625     2.3419  0.000e+00
     21.937     5.9417   3.166987    32.0128        233     0.9667     2.3470  0.000e+00
     22.091     5.9344   3.167004    32.0198        234     0.9708     2.3547  0.000e+00
     22.242     5.9278   3.166927    32.0251        235     0.9750     2.3581  0.000e+00
     22.400     5.9207   3.166396    32.0259        236     0.9792     2.3635  0.000e+00
     22.559     5.9129   3.165584    32.0240        237     0.9833     2.3668  0.000e+00
     22.709     5.9042   3.164955    32.0252        238     0.9875     2.3684  0.000e+00
     22.868     5.8952   3.164364    32.0270        239     0.9917     2.3708  0.000e+00
     23.014     5.8850   3.163596    32.0280        240     0.9958     2.3719  0.000e+00
     23.167     5.8746   3.162806    32.0290        241     1.0000     2.3716  0.000e+00
     23.317     5.8642   3.162000    32.0297        242     1.0042     2.3703  0.000e+00
     23.464     5.8544   3.161111    32.0289        243     1.0083     2.3690  0.000e+00
     23.612     5.8449   3.159538    32.0202        244     1.0125     2.3662  0.000e+00
     23.755     5.8356   3.148190    31.9016        245     1.0167     2.3626  0.000e+00
     23.899     5.8031   3.143253    31.8769        246     1.0208     2.3584  0.000e+00
     24.046     5.7472   3.142857    31.9252        247     1.0250     2.3506  0.000e+00
     24.194     5.7040   3.142141    31.9580        248     1.0292     2.3465  0.000e+00
     24.345     5.6733   3.141827    31.9836        249     1.0333     2.3457  0.000e+00
     24.503     5.6518   3.141304    31.9980        250     1.0375     2.3500  0.000e+00
     24.660     5.6353   3.140616    32.0058        251     1.0417     2.3552  0.000e+00
     24.823     5.6209   3.139504    32.0070        252     1.0458     2.3614  0.000e+00
     24.991     5.6062   3.139135    32.0167        253     1.0500     2.3664  0.000e+00
     25.160     5.5939   3.138761    32.0241        254     1.0542     2.3698  0.000e+00
     25.337     5.5826   3.139504    32.0431        255     1.0583     2.3748  0.000e+00
     25.515     5.5715   3.139615    32.0549        256     1.0625     2.3744  0.000e+00
     25.693     5.5621   3.139703    32.0648        257     1.0667     2.3768  0.000e+00
     25.869     5.5542   3.139505    32.0700        258     1.0708     2.3788  0.000e+00
     26.049     5.5481   3.140050    32.0818        259     1.0750     2.3774  0.000e+00
     26.221     5.5431   3.140524    32.0919        260     1.0792     2.3774  0.000e+00
     26.389     5.5403   3.141031    32.1003        261     1.0833     2.3758  0.000e+00
     26.534     5.5384   3.141951    32.1124        262     1.0875     2.3741  0.000e+00
     26.683     5.5365   3.143041    32.1265        263     1.0917     2.3721  0.000e+00
     26.817     5.5355   3.144215    32.1406        264     1.0958     2.3697  0.000e+00
     26.942     5.5356   3.144728    32.1463        265     1.1000     2.3680  0.000e+00
     27.056     5.5359   3.145058    32.1497        266     1.1042     2.3652  0.000e+00
     27.161     5.5361   3.145648    32.1561        267     1.1083     2.3625  0.000e+00
     27.260     5.5369   3.146271    32.1623        268     1.1125     2.3592  0.000e+00
     27.352     5.5384   3.147742    32.1775        269     1.1167     2.3554  0.000e+00
     27.451     5.5420   3.147996    32.1769        270     1.1208     2.3533  0.000e+00
     27.547     5.5454   3.148117    32.1749        271     1.1250     2.3504  0.000e+00
     27.647     5.5479   3.147390    32.1643        272     1.1292     2.3454  0.000e+00
     27.746     5.5489   3.147704    32.1669        273     1.1333     2.3411  0.000e+00
     27.858     5.5494   3.147996    32.1696        274     1.1375     2.3371  0.000e+00
     27.974     5.5503   3.148448    32.1738        275     1.1417     2.3318  0.000e+00
     28.104     5.5516   3.149132    32.1802        276     1.1458     2.3277  0.000e+00
     28.243     5.5537   3.149369    32.1808        277     1.1500     2.3243  0.000e+00
     28.393     5.5555   3.148818    32.1728        278     1.1542     2.3204  0.000e+00
     28.547     5.5562   3.148977    32.1738        279     1.1583     2.3167  0.000e+00
     28.713     5.5567   3.149308    32.1771        280     1.1625     2.3146  0.000e+00
     28.884     5.5575   3.150251    32.1868        281     1.1667     2.3107  0.000e+00
     29.060     5.5594   3.150803    32.1912        282     1.1708     2.3079  0.000e+00
     29.249     5.5619   3.151470    32.1963        283     1.1750     2.3048  0.000e+00
     29.446     5.5645   3.151801    32.1974        284     1.1792     2.3030  0.000e+00
     29.641     5.5670   3.152176    32.1991        285     1.1833     2.3011  0.000e+00
     29.829     5.5692   3.151978    32.1947        286     1.1875     2.2981  0.000e+00
     30.024     5.5702   3.151840    32.1920        287     1.1917     2.2972  0.000e+00
     30.210     5.5707   3.152016    32.1935        288     1.1958     2.2957  0.000e+00
     30.398     5.5711   3.152215    32.1953        289     1.2000     2.2937  0.000e+00
     30.577     5.5717   3.152331    32.1959        290     1.2042     2.2917  0.000e+00
     30.747     5.5722   3.152408    32.1962        291     1.2083     2.2892  0.000e+00
     30.915     5.5726   3.152430    32.1960        292     1.2125     2.2876  0.000e+00
     31.072     5.5729   3.152507    32.1965        293     1.2167     2.2865  0.000e+00
     31.224     5.5735   3.152507    32.1959        294     1.2208     2.2853  0.000e+00
     31.369     5.5735   3.152507    32.1958        295     1.2250     2.2828  0.000e+00
     31.504     5.5736   3.152546    32.1960        296     1.2292     2.2832  0.000e+00
     31.643     5.5737   3.152629    32.1969        297     1.2333     2.2810  0.000e+00
     31.777     5.5739   3.152745    32.1979        298     1.2375     2.2793  0.000e+00
     31.896     5.5743   3.152805    32.1981        299     1.2417     2.2786  0.000e+00
     32.017     5.5747   3.152706    32.1966        300     1.2458     2.2769  0.000e+00
     32.128     5.5748   3.152613    32.1954        301     1.2500     2.2759  0.000e+00
     32.225     5.5746   3.152585    32.1953        302     1.2542     2.2748  0.000e+00
     32.332     5.5743   3.152431    32.1937        303     1.2583     2.2742  0.000e+00
     32.431     5.5738   3.152409    32.1939        304     1.2625     2.2731  0.000e+00
     32.525     5.5734   3.152745    32.1981        305     1.2667     2.2725  0.000e+00
     32.630     5.5736   3.153076    32.2015        306     1.2708     2.2712  0.000e+00
     32.724     5.5746   3.153275    32.2028        307     1.2750     2.2709  0.000e+00
     32.840     5.5761   3.154257    32.2124        308     1.2792     2.2696  0.000e+00
     32.952     5.5788   3.154808    32.2160        309     1.2833     2.2700  0.000e+00
     33.078     5.5822   3.155338    32.2187        310     1.2875     2.2687  0.000e+00
     33.205     5.5854   3.155261    32.2146        311     1.2917     2.2680  0.000e+00
     33.347     5.5878   3.155945    32.2200        312     1.2958     2.2676  0.000e+00
     33.497     5.5905   3.156282    32.2211        313     1.3000     2.2668  0.000e+00
     33.656     5.5933   3.156497    32.2208        314     1.3042     2.2670  0.000e+00
     33.821     5.5956   3.156696    32.2208        315     1.3083     2.2663  0.000e+00
     33.994     5.5976   3.156734    32.2192        316     1.3125     2.2656  0.000e+00
     34.175     5.5989   3.156751    32.2180        317     1.3167     2.2662  0.000e+00
     34.363     5.5999   3.156690    32.2164        318     1.3208     2.2648  0.000e+00
     34.556     5.6003   3.157049    32.2199        319     1.3250     2.2637  0.000e+00
     34.748     5.6012   3.157264    32.2214        320     1.3292     2.2632  0.000e+00
     34.936     5.6022   3.157342    32.2212        321     1.3333     2.2624  0.000e+00
     35.131     5.6033   3.157402    32.2208        322     1.3375     2.2619  0.000e+00
     35.311     5.6041   3.157281    32.2185        323     1.3417     2.2615  0.000e+00
     35.481     5.6045   3.157502    32.2205        324     1.3458     2.2615  0.000e+00
     35.647     5.6049   3.157678    32.2220        325     1.3500     2.2604  0.000e+00
     35.794     5.6058   3.157910    32.2238        326     1.3542     2.2597  0.000e+00
     35.928     5.6067   3.158087    32.2249        327     1.3583     2.2591  0.000e+00
     36.050     5.6078   3.158225    32.2253        328     1.3625     2.2591  0.000e+00
     36.166     5.6088   3.158363    32.2258        329     1.3667     2.2586  0.000e+00
     36.271     5.6098   3.158595    32.2275        330     1.3708     2.2572  0.000e+00
     36.369     5.6110   3.158622    32.2266        331     1.3750     2.2570  0.000e+00
     36.466     5.6120   3.158838    32.2280        332     1.3792     2.2567  0.000e+00
     36.562     5.6130   3.159130    32.2303        333     1.3833     2.2558  0.000e+00
     36.661     5.6143   3.159252    32.2304        334     1.3875     2.2550  0.000e+00
     36.757     5.6155   3.159583    32.2329        335     1.3917     2.2533  0.000e+00
     36.862     5.6172   3.159467    32.2299        336     1.3958     2.2533  0.000e+00
     36.963     5.6179   3.159544    32.2300        337     1.4000     2.2519  0.000e+00
     37.084     5.6187   3.159881    32.2330        338     1.4042     2.2509  0.000e+00
     37.209     5.6197   3.160295    32.2367        339     1.4083     2.2494  0.000e+00
     37.344     5.6216   3.160941    32.2421        340     1.4125     2.2493  0.000e+00
     37.494     5.6242   3.161079    32.2411        341     1.4167     2.2476  0.000e+00
     37.644     5.6266   3.161118    32.2392        342     1.4208     2.2471  0.000e+00
     37.803     5.6282   3.161494    32.2418        343     1.4250     2.2465  0.000e+00
     37.973     5.6298   3.161748    32.2430        344     1.4292     2.2467  0.000e+00
     38.156     5.6316   3.161886    32.2427        345     1.4333     2.2460  0.000e+00
     38.340     5.6334   3.163465    32.2588        346     1.4375     2.2449  0.000e+00
     38.528     5.6371   3.164211    32.2636        347     1.4417     2.2445  0.000e+00
     38.718     5.6420   3.164984    32.2675        348     1.4458     2.2435  0.000e+00
     38.905     5.6468   3.166305    32.2777        349     1.4500     2.2438  0.000e+00
     39.083     5.6530   3.168001    32.2908        350     1.4542     2.2441  0.000e+00
     39.249     5.6607   3.168907    32.2936        351     1.4583     2.2435  0.000e+00
     39.419     5.6682   3.169698    32.2953        352     1.4625     2.2437  0.000e+00
     39.565     5.6751   3.170372    32.2962        353     1.4667     2.2427  0.000e+00
     39.710     5.6807   3.170842    32.2960        354     1.4708     2.2424  0.000e+00
     39.854     5.6859   3.171931    32.3032        355     1.4750     2.2415  0.000e+00
     39.986     5.6911   3.172606    32.3058        356     1.4792     2.2396  0.000e+00
     40.107     5.6962   3.173197    32.3076        357     1.4833     2.2380  0.000e+00
     40.224     5.7004   3.173750    32.3097        358     1.4875     2.2371  0.000e+00
     40.340     5.7043   3.174126    32.3101        359     1.4917     2.2347  0.000e+00
     40.450     5.7074   3.174265    32.3086        360     1.4958     2.2329  0.000e+00
     40.557     5.7099   3.174425    32.3080        361     1.5000     2.2302  0.000e+00
     40.653     5.7117   3.174480    32.3069        362     1.5042     2.2295  0.000e+00
     40.748     5.7130   3.174641    32.3074        363     1.5083     2.2265  0.000e+00
     40.848     5.7139   3.174818    32.3084        364     1.5125     2.2255  0.000e+00
     40.944     5.7147   3.174917    32.3088        365     1.5167     2.2245  0.000e+00
     41.043     5.7151   3.175133    32.3107        366     1.5208     2.2227  0.000e+00
     41.150     5.7154   3.175354    32.3129        367     1.5250     2.2196  0.000e+00
     41.267     5.7155   3.175410    32.3133        368     1.5292     2.2155  0.000e+00
     41.390     5.7157   3.175432    32.3133        369     1.5333     2.2168  0.000e+00
