HB2402/sbe055.cnv
* Sea-Bird SBE 19plus V2 Data File:
* FileName = C:\cruise\data\sbe055.hex
* Software Version Seasave V 7.26.7.121
* Temperature SN = 7037
* Conductivity SN = 7037
* System UpLoad Time = Apr 06 2024 03:42:09
* NMEA Latitude = 40 50.07 N
* NMEA Longitude = 072 14.73 W
* NMEA UTC (Time) = Apr 06 2024  03:41:30
** Ship: Bigelow
** Cruise:  HB2304
** Program:  Fall Bottom Trawl
# nquan = 8
# nvalues = 1231                                  
# units = specified
# name 0 = depSM: Depth [salt water, m]
# name 1 = tv290C: Temperature [ITS-90, deg C]
# name 2 = c0S/m: Conductivity [S/m]
# name 3 = sal00: Salinity, Practical [PSU]
# name 4 = scan: Scan Count
# name 5 = timeM: Time, Elapsed [minutes]
# name 6 = sbeox0V: Oxygen raw, SBE 43 [V]
# name 7 = flag:  0.000e+00
# span 0 =     -0.136,     29.290                 
# span 1 =     5.8284,     6.7176                 
# span 2 =   0.000031,   3.157753                 
# span 3 =     0.0031,    31.4824                 
# span 4 =         11,       1241                 
# span 5 =     0.0417,     5.1667                 
# span 6 =     1.9751,     2.3917                 
# span 7 = 0.0000e+00, 0.0000e+00                 
# interval = seconds: 0.25
# start_time = Apr 06 2024 03:41:30 [NMEA time, header]
# bad_flag = -9.990e-29
*END*
     -0.100     6.6883   0.000052     0.0031         11     0.0417     2.2870  0.000e+00
     -0.100     6.6891   0.000052     0.0031         12     0.0458     2.2869  0.000e+00
     -0.100     6.6888   0.000047     0.0031         13     0.0500     2.2866  0.000e+00
     -0.102     6.6883   0.000047     0.0031         14     0.0542     2.2869  0.000e+00
     -0.097     6.6878   0.000047     0.0031         15     0.0583     2.2868  0.000e+00
     -0.099     6.6879   0.000047     0.0031         16     0.0625     2.2876  0.000e+00
     -0.102     6.6881   0.000052     0.0031         17     0.0667     2.2876  0.000e+00
     -0.097     6.6885   0.000052     0.0031         18     0.0708     2.2879  0.000e+00
     -0.104     6.6888   0.000047     0.0031         19     0.0750     2.2869  0.000e+00
     -0.099     6.6891   0.000047     0.0031         20     0.0792     2.2869  0.000e+00
     -0.102     6.6890   0.000052     0.0031         21     0.0833     2.2873  0.000e+00
     -0.102     6.6888   0.000052     0.0031         22     0.0875     2.2862  0.000e+00
     -0.102     6.6888   0.000047     0.0031         23     0.0917     2.2872  0.000e+00
     -0.099     6.6893   0.000047     0.0031         24     0.0958     2.2882  0.000e+00
     -0.102     6.6897   0.000047     0.0031         25     0.1000     2.2872  0.000e+00
     -0.099     6.6899   0.000047     0.0031         26     0.1042     2.2882  0.000e+00
     -0.101     6.6896   0.000044     0.0031         27     0.1083     2.2882  0.000e+00
     -0.102     6.6894   0.000052     0.0031         28     0.1125     2.2872  0.000e+00
     -0.100     6.6894   0.000047     0.0031         29     0.1167     2.2867  0.000e+00
     -0.100     6.6896   0.000052     0.0031         30     0.1208     2.2870  0.000e+00
     -0.097     6.6898   0.000052     0.0031         31     0.1250     2.2871  0.000e+00
     -0.098     6.6901   0.000052     0.0031         32     0.1292     2.2873  0.000e+00
     -0.100     6.6903   0.000052     0.0031         33     0.1333     2.2873  0.000e+00
     -0.104     6.6903   0.000047     0.0031         34     0.1375     2.2872  0.000e+00
     -0.102     6.6905   0.000052     0.0031         35     0.1417     2.2872  0.000e+00
     -0.100     6.6903   0.000052     0.0031         36     0.1458     2.2877  0.000e+00
     -0.101     6.6901   0.000052     0.0031         37     0.1500     2.2881  0.000e+00
     -0.099     6.6904   0.000047     0.0031         38     0.1542     2.2873  0.000e+00
     -0.102     6.6906   0.000047     0.0031         39     0.1583     2.2870  0.000e+00
     -0.099     6.6909   0.000044     0.0031         40     0.1625     2.2871  0.000e+00
     -0.100     6.6909   0.000047     0.0031         41     0.1667     2.2871  0.000e+00
     -0.099     6.6908   0.000052     0.0031         42     0.1708     2.2878  0.000e+00
     -0.100     6.6906   0.000047     0.0031         43     0.1750     2.2879  0.000e+00
     -0.102     6.6903   0.000031     0.0031         44     0.1792     2.2871  0.000e+00
     -0.106     6.6908   0.000052     0.0031         45     0.1833     2.2879  0.000e+00
     -0.104     6.6913   0.000047     0.0031         46     0.1875     2.2879  0.000e+00
     -0.100     6.6915   0.000047     0.0031         47     0.1917     2.2872  0.000e+00
     -0.098     6.6911   0.000052     0.0031         48     0.1958     2.2874  0.000e+00
     -0.104     6.6906   0.000047     0.0031         49     0.2000     2.2871  0.000e+00
     -0.099     6.6904   0.000047     0.0031         50     0.2042     2.2874  0.000e+00
     -0.102     6.6904   0.000047     0.0031         51     0.2083     2.2879  0.000e+00
     -0.102     6.6909   0.000047     0.0031         52     0.2125     2.2860  0.000e+00
     -0.102     6.6909   0.000047     0.0031         53     0.2167     2.2876  0.000e+00
     -0.102     6.6910   0.000047     0.0031         54     0.2208     2.2877  0.000e+00
     -0.098     6.6912   0.000047     0.0031         55     0.2250     2.2882  0.000e+00
     -0.097     6.6911   0.000047     0.0031         56     0.2292     2.2876  0.000e+00
     -0.102     6.6904   0.000047     0.0031         57     0.2333     2.2866  0.000e+00
     -0.100     6.6903   0.000047     0.0031         58     0.2375     2.2872  0.000e+00
     -0.098     6.6904   0.000047     0.0031         59     0.2417     2.2871  0.000e+00
     -0.100     6.6909   0.000047     0.0031         60     0.2458     2.2871  0.000e+00
     -0.100     6.6913   0.000047     0.0031         61     0.2500     2.2873  0.000e+00
     -0.102     6.6909   0.000041     0.0031         62     0.2542     2.2873  0.000e+00
     -0.098     6.6902   0.000052     0.0031         63     0.2583     2.2868  0.000e+00
     -0.098     6.6897   0.000052     0.0031         64     0.2625     2.2869  0.000e+00
     -0.102     6.6900   0.000047     0.0031         65     0.2667     2.2876  0.000e+00
     -0.098     6.6907   0.000047     0.0031         66     0.2708     2.2875  0.000e+00
     -0.104     6.6914   0.000052     0.0031         67     0.2750     2.2879  0.000e+00
     -0.102     6.6910   0.000052     0.0031         68     0.2792     2.2876  0.000e+00
     -0.104     6.6904   0.000052     0.0031         69     0.2833     2.2876  0.000e+00
     -0.102     6.6899   0.000052     0.0031         70     0.2875     2.2869  0.000e+00
     -0.098     6.6897   0.000047     0.0031         71     0.2917     2.2871  0.000e+00
     -0.104     6.6899   0.000047     0.0031         72     0.2958     2.2873  0.000e+00
     -0.104     6.6903   0.000052     0.0031         73     0.3000     2.2879  0.000e+00
     -0.106     6.6905   0.000041     0.0031         74     0.3042     2.2873  0.000e+00
     -0.102     6.6901   0.000047     0.0031         75     0.3083     2.2873  0.000e+00
     -0.104     6.6894   0.000047     0.0031         76     0.3125     2.2871  0.000e+00
     -0.100     6.6891   0.000052     0.0031         77     0.3167     2.2870  0.000e+00
     -0.104     6.6887   0.000052     0.0031         78     0.3208     2.2881  0.000e+00
     -0.100     6.6890   0.000047     0.0031         79     0.3250     2.2866  0.000e+00
     -0.102     6.6891   0.000047     0.0031         80     0.3292     2.2869  0.000e+00
     -0.097     6.6891   0.000052     0.0031         81     0.3333     2.2871  0.000e+00
     -0.106     6.6885   0.000047     0.0031         82     0.3375     2.2871  0.000e+00
     -0.106     6.6881   0.000052     0.0031         83     0.3417     2.2884  0.000e+00
     -0.104     6.6881   0.000052     0.0031         84     0.3458     2.2868  0.000e+00
     -0.102     6.6885   0.000047     0.0031         85     0.3500     2.2866  0.000e+00
     -0.098     6.6889   0.000047     0.0031         86     0.3542     2.2873  0.000e+00
     -0.102     6.6890   0.000047     0.0031         87     0.3583     2.2874  0.000e+00
     -0.106     6.6889   0.000052     0.0031         88     0.3625     2.2869  0.000e+00
     -0.098     6.6882   0.000047     0.0031         89     0.3667     2.2873  0.000e+00
     -0.104     6.6879   0.000052     0.0031         90     0.3708     2.2874  0.000e+00
     -0.102     6.6879   0.000052     0.0031         91     0.3750     2.2872  0.000e+00
     -0.100     6.6880   0.000047     0.0031         92     0.3792     2.2870  0.000e+00
     -0.102     6.6881   0.000047     0.0031         93     0.3833     2.2872  0.000e+00
     -0.102     6.6882   0.000047     0.0031         94     0.3875     2.2873  0.000e+00
     -0.100     6.6879   0.000052     0.0031         95     0.3917     2.2874  0.000e+00
     -0.098     6.6876   0.000047     0.0031         96     0.3958     2.2871  0.000e+00
     -0.104     6.6873   0.000047     0.0031         97     0.4000     2.2873  0.000e+00
     -0.104     6.6869   0.000047     0.0031         98     0.4042     2.2871  0.000e+00
     -0.100     6.6871   0.000047     0.0031         99     0.4083     2.2878  0.000e+00
     -0.100     6.6877   0.000052     0.0031        100     0.4125     2.2871  0.000e+00
     -0.098     6.6878   0.000052     0.0031        101     0.4167     2.2871  0.000e+00
     -0.100     6.6872   0.000052     0.0031        102     0.4208     2.2873  0.000e+00
     -0.102     6.6867   0.000052     0.0031        103     0.4250     2.2871  0.000e+00
     -0.104     6.6864   0.000047     0.0031        104     0.4292     2.2873  0.000e+00
     -0.100     6.6866   0.000047     0.0031        105     0.4333     2.2873  0.000e+00
     -0.100     6.6871   0.000047     0.0031        106     0.4375     2.2872  0.000e+00
     -0.104     6.6871   0.000047     0.0031        107     0.4417     2.2883  0.000e+00
     -0.102     6.6868   0.000047     0.0031        108     0.4458     2.2875  0.000e+00
     -0.099     6.6866   0.000047     0.0031        109     0.4500     2.2873  0.000e+00
     -0.100     6.6864   0.000052     0.0031        110     0.4542     2.2874  0.000e+00
     -0.099     6.6865   0.000052     0.0031        111     0.4583     2.2874  0.000e+00
     -0.099     6.6865   0.000047     0.0031        112     0.4625     2.2878  0.000e+00
     -0.102     6.6864   0.000047     0.0031        113     0.4667     2.2881  0.000e+00
     -0.102     6.6863   0.000047     0.0031        114     0.4708     2.2876  0.000e+00
     -0.102     6.6863   0.000052     0.0031        115     0.4750     2.2878  0.000e+00
     -0.102     6.6867   0.000052     0.0031        116     0.4792     2.2879  0.000e+00
     -0.099     6.6870   0.000047     0.0031        117     0.4833     2.2877  0.000e+00
     -0.100     6.6871   0.000052     0.0031        118     0.4875     2.2871  0.000e+00
     -0.097     6.6868   0.000047     0.0031        119     0.4917     2.2878  0.000e+00
     -0.104     6.6860   0.000047     0.0031        120     0.4958     2.2870  0.000e+00
     -0.106     6.6855   0.000052     0.0031        121     0.5000     2.2879  0.000e+00
     -0.095     6.6853   0.000052     0.0031        122     0.5042     2.2873  0.000e+00
     -0.098     6.6859   0.000057     0.0031        123     0.5083     2.2879  0.000e+00
     -0.098     6.6861   0.000047     0.0031        124     0.5125     2.2885  0.000e+00
     -0.097     6.6857   0.000047     0.0031        125     0.5167     2.2876  0.000e+00
     -0.100     6.6849   0.000052     0.0031        126     0.5208     2.2881  0.000e+00
     -0.102     6.6831   0.000052     0.0031        127     0.5250     2.2885  0.000e+00
     -0.100     6.6823   0.000052     0.0031        128     0.5292     2.2879  0.000e+00
     -0.098     6.6825   0.000057     0.0031        129     0.5333     2.2877  0.000e+00
     -0.102     6.6836   0.000052     0.0031        130     0.5375     2.2882  0.000e+00
     -0.104     6.6819   0.000052     0.0031        131     0.5417     2.2870  0.000e+00
     -0.106     6.6812   0.000052     0.0031        132     0.5458     2.2880  0.000e+00
     -0.100     6.6828   0.000057     0.0031        133     0.5500     2.2879  0.000e+00
     -0.096     6.6853   0.000052     0.0031        134     0.5542     2.2889  0.000e+00
     -0.100     6.6917   0.000052     0.0031        135     0.5583     2.2880  0.000e+00
     -0.086     6.6987   0.035658     0.2649        136     0.5625     2.2878  0.000e+00
     -0.091     6.7061   0.573737     4.9110        137     0.5667     2.2876  0.000e+00
     -0.089     6.7123   0.531026     4.5205        138     0.5708     2.2876  0.000e+00
     -0.088     6.7157   0.543214     4.6310        139     0.5750     2.2875  0.000e+00
     -0.059     6.7161   1.890788    17.7745        140     0.5792     2.2867  0.000e+00
      0.062     6.7176   2.208596    21.0589        141     0.5833     2.2846  0.000e+00
      0.259     6.7142   2.152953    20.4815        142     0.5875     2.2814  0.000e+00
      0.435     6.7067   2.695653    26.2116        143     0.5917     2.2768  0.000e+00
      0.592     6.6846   2.341659    22.4729        144     0.5958     2.2698  0.000e+00
      0.704     6.6334   3.073984    30.3609        145     0.6000     2.2643  0.000e+00
      0.756     6.5566   2.986611    29.4750        146     0.6042     2.2558  0.000e+00
      0.765     6.4848   2.125436    20.3311        147     0.6083     2.2465  0.000e+00
      0.785     6.4312   2.287868    22.0710        148     0.6125     2.2375  0.000e+00
      0.865     6.3951   3.052375    30.3359        149     0.6167     2.2281  0.000e+00
      0.998     6.4101   3.157753    31.4824        150     0.6208     2.2186  0.000e+00
      1.150     6.4526   3.125150    31.0841        151     0.6250     2.2081  0.000e+00
      1.305     6.5022   3.106168    30.8304        152     0.6292     2.2013  0.000e+00
      1.444     6.5401   3.081773    30.5287        153     0.6333     2.1928  0.000e+00
      1.569     6.5659   3.096253    30.6642        154     0.6375     2.1846  0.000e+00
      1.674     6.5832   3.106151    30.7570        155     0.6417     2.1778  0.000e+00
      1.766     6.5950   3.106672    30.7521        156     0.6458     2.1730  0.000e+00
      1.856     6.6037   3.106491    30.7422        157     0.6500     2.1653  0.000e+00
      1.967     6.6088   3.116764    30.8500        158     0.6542     2.1601  0.000e+00
      2.111     6.6110   3.120878    30.8930        159     0.6583     2.1518  0.000e+00
      2.274     6.6128   3.156339    31.2799        160     0.6625     2.1460  0.000e+00
      2.440     6.6149   3.156907    31.2841        161     0.6667     2.1387  0.000e+00
      2.590     6.6166   3.157084    31.2844        162     0.6708     2.1312  0.000e+00
      2.724     6.6188   3.157029    31.2818        163     0.6750     2.1240  0.000e+00
      2.836     6.6205   3.157106    31.2810        164     0.6792     2.1163  0.000e+00
      2.919     6.6111   3.151997    31.2335        165     0.6833     2.1109  0.000e+00
      3.000     6.5596   3.117254    30.8993        166     0.6875     2.1044  0.000e+00
      3.089     6.4904   3.085564    30.6140        167     0.6917     2.0993  0.000e+00
      3.192     6.4218   3.062378    30.4209        168     0.6958     2.0924  0.000e+00
      3.296     6.3628   3.044590    30.2780        169     0.7000     2.0857  0.000e+00
      3.407     6.3124   3.028852    30.1496        170     0.7042     2.0796  0.000e+00
      3.506     6.2709   3.014923    30.0330        171     0.7083     2.0745  0.000e+00
      3.596     6.2363   3.005436    29.9591        172     0.7125     2.0703  0.000e+00
      3.676     6.2086   3.002085    29.9465        173     0.7167     2.0677  0.000e+00
      3.757     6.1867   3.003369    29.9800        174     0.7208     2.0690  0.000e+00
      3.849     6.1713   3.027149    30.2559        175     0.7250     2.0713  0.000e+00
      3.947     6.1643   3.066030    30.6920        176     0.7292     2.0752  0.000e+00
      4.066     6.1557   3.079503    30.8489        177     0.7333     2.0805  0.000e+00
      4.185     6.1493   3.104692    31.1339        178     0.7375     2.0887  0.000e+00
      4.323     6.1617   3.121581    31.3098        179     0.7417     2.0918  0.000e+00
      4.460     6.1967   3.131318    31.3854        180     0.7458     2.0984  0.000e+00
      4.601     6.2348   3.133271    31.3718        181     0.7500     2.1024  0.000e+00
      4.738     6.2768   3.132115    31.3202        182     0.7542     2.1045  0.000e+00
      4.874     6.3168   3.118806    31.1364        183     0.7583     2.1069  0.000e+00
      4.997     6.3388   3.102876    30.9404        184     0.7625     2.1073  0.000e+00
      5.114     6.3442   3.094602    30.8442        185     0.7667     2.1080  0.000e+00
      5.226     6.3407   3.087634    30.7706        186     0.7708     2.1065  0.000e+00
      5.334     6.3349   3.087098    30.7698        187     0.7750     2.1067  0.000e+00
      5.445     6.3301   3.093294    30.8425        188     0.7792     2.1038  0.000e+00
      5.555     6.3271   3.092281    30.8340        189     0.7833     2.1023  0.000e+00
