HB2402/sbe015.cnv
* Sea-Bird SBE 19plus V2 Data File:
* FileName = C:\cruise\data\sbe015.hex
* Software Version Seasave V 7.26.7.121
* Temperature SN = 7142
* Conductivity SN = 7142
* System UpLoad Time = Mar 14 2024 20:37:12
* NMEA Latitude = 36 09.14 N
* NMEA Longitude = 074 47.60 W
* NMEA UTC (Time) = Mar 14 2024  20:36:26
** Ship: Bigelow
** Cruise:  HB2304
** Program:  Fall Bottom Trawl
# nquan = 7
# nvalues = 2069                                  
# units = specified
# name 0 = depSM: Depth [salt water, m]
# name 1 = tv290C: Temperature [ITS-90, deg C]
# name 2 = c0S/m: Conductivity [S/m]
# name 3 = sal00: Salinity, Practical [PSU]
# name 4 = scan: Scan Count
# name 5 = timeM: Time, Elapsed [minutes]
# name 6 = flag:  0.000e+00
# span 0 =      0.193,    141.918                 
# span 1 =    12.7885,    18.4673                 
# span 2 =   4.101625,   4.704971                 
# span 3 =    33.3641,    35.8376                 
# span 4 =         11,       2079                 
# span 5 =     0.0417,     8.6583                 
# span 6 = 0.0000e+00, 0.0000e+00                 
# interval = seconds: 0.25
# start_time = Mar 14 2024 20:36:26 [NMEA time, header]
# bad_flag = -9.990e-29
*END*
[from data line 1436]
     79.547    14.4466   4.246822    35.0537       1447     6.0250  0.000e+00
     79.608    14.4186   4.247038    35.0810       1448     6.0292  0.000e+00
     79.648    14.3983   4.246921    35.0983       1449     6.0333  0.000e+00
     79.680    14.3855   4.246758    35.1084       1450     6.0375  0.000e+00
     79.709    14.3792   4.247013    35.1165       1451     6.0417  0.000e+00
     79.732    14.3766   4.246686    35.1158       1452     6.0458  0.000e+00
     79.803    14.3756   4.246601    35.1160       1453     6.0500  0.000e+00
     79.821    14.3759   4.247320    35.1223       1454     6.0542  0.000e+00
     79.828    14.3774   4.247745    35.1249       1455     6.0583  0.000e+00
     79.840    14.3887   4.247725    35.1144       1456     6.0625  0.000e+00
     79.853    14.4115   4.248372    35.0997       1457     6.0667  0.000e+00
     79.860    14.4378   4.249882    35.0898       1458     6.0708  0.000e+00
     79.869    14.4624   4.250744    35.0754       1459     6.0750  0.000e+00
     79.885    14.4813   4.251287    35.0633       1460     6.0792  0.000e+00
     79.885    14.4942   4.253667    35.0736       1461     6.0833  0.000e+00
     79.882    14.5069   4.255204    35.0763       1462     6.0875  0.000e+00
     79.887    14.5188   4.254556    35.0595       1463     6.0917  0.000e+00
     79.891    14.5266   4.255937    35.0652       1464     6.0958  0.000e+00
     79.876    14.5344   4.257690    35.0743       1465     6.1000  0.000e+00
     79.867    14.5410   4.256983    35.0618       1466     6.1042  0.000e+00
     79.867    14.5438   4.256087    35.0510       1467     6.1083  0.000e+00
     79.869    14.5441   4.254451    35.0357       1468     6.1125  0.000e+00
     79.875    14.5442   4.253438    35.0263       1469     6.1167  0.000e+00
     79.875    14.5445   4.253379    35.0254       1470     6.1208  0.000e+00
     79.873    14.5445   4.253588    35.0274       1471     6.1250  0.000e+00
     79.873    14.5442   4.255596    35.0462       1472     6.1292  0.000e+00
     79.866    14.5440   4.256035    35.0503       1473     6.1333  0.000e+00
     79.857    14.5458   4.256420    35.0523       1474     6.1375  0.000e+00
     79.849    14.5483   4.256564    35.0514       1475     6.1417  0.000e+00
     79.839    14.5512   4.257029    35.0530       1476     6.1458  0.000e+00
     79.828    14.5542   4.255982    35.0407       1477     6.1500  0.000e+00
     79.828    14.5558   4.255014    35.0303       1478     6.1542  0.000e+00
     79.815    14.5557   4.255936    35.0389       1479     6.1583  0.000e+00
     79.810    14.5560   4.253568    35.0168       1480     6.1625  0.000e+00
     79.819    14.5567   4.252404    35.0054       1481     6.1667  0.000e+00
     79.821    14.5580   4.251861    34.9993       1482     6.1708  0.000e+00
     79.824    14.5576   4.251410    34.9955       1483     6.1750  0.000e+00
     79.833    14.5499   4.250338    34.9926       1484     6.1792  0.000e+00
     79.846    14.5354   4.249540    34.9983       1485     6.1833  0.000e+00
     79.862    14.5178   4.249220    35.0112       1486     6.1875  0.000e+00
     79.878    14.4999   4.248979    35.0252       1487     6.1917  0.000e+00
     79.894    14.4826   4.248763    35.0388       1488     6.1958  0.000e+00
     79.914    14.4695   4.248711    35.0502       1489     6.2000  0.000e+00
     79.939    14.4594   4.248665    35.0589       1490     6.2042  0.000e+00
     79.961    14.4532   4.248692    35.0648       1491     6.2083  0.000e+00
     79.981    14.4504   4.248790    35.0683       1492     6.2125  0.000e+00
     80.002    14.4506   4.249058    35.0705       1493     6.2167  0.000e+00
     80.022    14.4533   4.249757    35.0745       1494     6.2208  0.000e+00
     80.040    14.4566   4.250705    35.0803       1495     6.2250  0.000e+00
     80.053    14.4612   4.251810    35.0863       1496     6.2292  0.000e+00
     80.063    14.4736   4.252896    35.0850       1497     6.2333  0.000e+00
     80.067    14.4881   4.254714    35.0887       1498     6.2375  0.000e+00
     80.065    14.5008   4.256644    35.0950       1499     6.2417  0.000e+00
     80.060    14.5159   4.258476    35.0982       1500     6.2458  0.000e+00
     80.047    14.5303   4.260151    35.1006       1501     6.2500  0.000e+00
     80.027    14.5426   4.261270    35.0998       1502     6.2542  0.000e+00
     80.011    14.5524   4.261839    35.0962       1503     6.2583  0.000e+00
     79.993    14.5601   4.262219    35.0927       1504     6.2625  0.000e+00
     79.977    14.5665   4.262297    35.0877       1505     6.2667  0.000e+00
     79.961    14.5709   4.262074    35.0817       1506     6.2708  0.000e+00
     79.947    14.5738   4.261302    35.0719       1507     6.2750  0.000e+00
     79.941    14.5747   4.259122    35.0510       1508     6.2792  0.000e+00
     79.934    14.5739   4.256721    35.0296       1509     6.2833  0.000e+00
     79.938    14.5740   4.255570    35.0190       1510     6.2875  0.000e+00
     79.945    14.5759   4.254026    35.0030       1511     6.2917  0.000e+00
     79.954    14.5741   4.251874    34.9848       1512     6.2958  0.000e+00
     79.963    14.5647   4.250259    34.9784       1513     6.3000  0.000e+00
     79.984    14.5471   4.249442    34.9868       1514     6.3042  0.000e+00
     80.008    14.5249   4.249220    35.0048       1515     6.3083  0.000e+00
     80.029    14.4989   4.249175    35.0279       1516     6.3125  0.000e+00
     80.053    14.4750   4.249247    35.0501       1517     6.3167  0.000e+00
     80.074    14.4577   4.249300    35.0663       1518     6.3208  0.000e+00
     80.092    14.4466   4.249705    35.0800       1519     6.3250  0.000e+00
     80.116    14.4422   4.250562    35.0920       1520     6.3292  0.000e+00
     80.132    14.4443   4.251968    35.1030       1521     6.3333  0.000e+00
     80.135    14.4504   4.253845    35.1148       1522     6.3375  0.000e+00
     80.144    14.4579   4.255205    35.1206       1523     6.3417  0.000e+00
     80.139    14.4735   4.256363    35.1172       1524     6.3458  0.000e+00
     80.126    14.4927   4.258515    35.1196       1525     6.3500  0.000e+00
     80.112    14.5101   4.260871    35.1255       1526     6.3542  0.000e+00
     80.090    14.5279   4.262389    35.1235       1527     6.3583  0.000e+00
     80.064    14.5436   4.263469    35.1192       1528     6.3625  0.000e+00
     80.031    14.5560   4.264098    35.1138       1529     6.3667  0.000e+00
     80.002    14.5654   4.264412    35.1081       1530     6.3708  0.000e+00
     79.974    14.5725   4.264294    35.1007       1531     6.3750  0.000e+00
     79.952    14.5774   4.262938    35.0837       1532     6.3792  0.000e+00
     79.936    14.5796   4.259247    35.0477       1533     6.3833  0.000e+00
     79.932    14.5805   4.257231    35.0284       1534     6.3875  0.000e+00
     79.932    14.5830   4.254693    35.0027       1535     6.3917  0.000e+00
     79.947    14.5774   4.251874    34.9819       1536     6.3958  0.000e+00
     79.968    14.5608   4.250743    34.9864       1537     6.4000  0.000e+00
     79.997    14.5324   4.250776    35.0123       1538     6.4042  0.000e+00
     80.033    14.4981   4.251176    35.0470       1539     6.4083  0.000e+00
     80.069    14.4723   4.251509    35.0735       1540     6.4125  0.000e+00
     80.103    14.4553   4.251889    35.0924       1541     6.4167  0.000e+00
     80.130    14.4451   4.253308    35.1147       1542     6.4208  0.000e+00
     80.150    14.4397   4.255323    35.1382       1543     6.4250  0.000e+00
     80.164    14.4376   4.256736    35.1532       1544     6.4292  0.000e+00
     80.166    14.4373   4.256775    35.1538       1545     6.4333  0.000e+00
     80.153    14.4457   4.256716    35.1456       1546     6.4375  0.000e+00
     80.135    14.4710   4.259268    35.1462       1547     6.4417  0.000e+00
     80.112    14.4978   4.262023    35.1473       1548     6.4458  0.000e+00
     80.082    14.5205   4.263653    35.1418       1549     6.4500  0.000e+00
     80.044    14.5389   4.264635    35.1341       1550     6.4542  0.000e+00
     80.010    14.5532   4.265152    35.1260       1551     6.4583  0.000e+00
     79.975    14.5633   4.265099    35.1163       1552     6.4625  0.000e+00
     79.948    14.5698   4.264123    35.1015       1553     6.4667  0.000e+00
     79.927    14.5734   4.260870    35.0682       1554     6.4708  0.000e+00
     79.920    14.5757   4.258370    35.0432       1555     6.4750  0.000e+00
     79.918    14.5783   4.255877    35.0179       1556     6.4792  0.000e+00
     79.927    14.5739   4.253405    34.9991       1557     6.4833  0.000e+00
     79.949    14.5591   4.252398    35.0032       1558     6.4875  0.000e+00
     79.974    14.5326   4.252333    35.0265       1559     6.4917  0.000e+00
     80.004    14.5027   4.252470    35.0548       1560     6.4958  0.000e+00
     80.044    14.4806   4.252700    35.0769       1561     6.5000  0.000e+00
     80.080    14.4670   4.252902    35.0911       1562     6.5042  0.000e+00
     80.112    14.4588   4.253066    35.1001       1563     6.5083  0.000e+00
     80.146    14.4524   4.253112    35.1062       1564     6.5125  0.000e+00
     80.189    14.4485   4.253040    35.1091       1565     6.5167  0.000e+00
     80.234    14.4449   4.253086    35.1128       1566     6.5208  0.000e+00
     80.281    14.4418   4.253720    35.1214       1567     6.5250  0.000e+00
     80.310    14.4408   4.255676    35.1404       1568     6.5292  0.000e+00
     80.330    14.4421   4.257253    35.1538       1569     6.5333  0.000e+00
     80.342    14.4435   4.257567    35.1554       1570     6.5375  0.000e+00
     80.344    14.4482   4.257233    35.1481       1571     6.5417  0.000e+00
     80.337    14.4681   4.258908    35.1455       1572     6.5458  0.000e+00
     80.328    14.4947   4.261486    35.1451       1573     6.5500  0.000e+00
     80.314    14.5173   4.263365    35.1419       1574     6.5542  0.000e+00
     80.290    14.5345   4.264393    35.1358       1575     6.5583  0.000e+00
     80.263    14.5479   4.264903    35.1284       1576     6.5625  0.000e+00
     80.238    14.5584   4.265080    35.1205       1577     6.5667  0.000e+00
     80.213    14.5660   4.265145    35.1142       1578     6.5708  0.000e+00
     80.188    14.5715   4.265132    35.1091       1579     6.5750  0.000e+00
     80.163    14.5759   4.265047    35.1044       1580     6.5792  0.000e+00
     80.139    14.5789   4.264831    35.0997       1581     6.5833  0.000e+00
     80.116    14.5810   4.264182    35.0919       1582     6.5875  0.000e+00
     80.098    14.5817   4.263076    35.0810       1583     6.5917  0.000e+00
     80.087    14.5813   4.261943    35.0710       1584     6.5958  0.000e+00
     80.071    14.5805   4.260857    35.0617       1585     6.6000  0.000e+00
     80.062    14.5805   4.260209    35.0557       1586     6.6042  0.000e+00
     80.056    14.5819   4.259685    35.0497       1587     6.6083  0.000e+00
     80.053    14.5830   4.258834    35.0408       1588     6.6125  0.000e+00
     80.051    14.5808   4.258003    35.0351       1589     6.6167  0.000e+00
     80.046    14.5743   4.257460    35.0360       1590     6.6208  0.000e+00
     80.046    14.5671   4.257251    35.0406       1591     6.6250  0.000e+00
     80.037    14.5620   4.257382    35.0464       1592     6.6292  0.000e+00
     80.035    14.5590   4.257709    35.0522       1593     6.6333  0.000e+00
     80.024    14.5574   4.258030    35.0566       1594     6.6375  0.000e+00
     80.013    14.5572   4.258272    35.0590       1595     6.6417  0.000e+00
     80.008    14.5574   4.258416    35.0601       1596     6.6458  0.000e+00
     79.999    14.5581   4.259011    35.0650       1597     6.6500  0.000e+00
     79.990    14.5588   4.259463    35.0685       1598     6.6542  0.000e+00
     79.979    14.5601   4.259594    35.0686       1599     6.6583  0.000e+00
     79.970    14.5611   4.258442    35.0571       1600     6.6625  0.000e+00
     79.977    14.5613   4.256774    35.0415       1601     6.6667  0.000e+00
     79.997    14.5598   4.255256    35.0288       1602     6.6708  0.000e+00
     80.019    14.5500   4.254837    35.0338       1603     6.6750  0.000e+00
     80.042    14.5304   4.254890    35.0520       1604     6.6792  0.000e+00
     80.076    14.5086   4.254916    35.0720       1605     6.6833  0.000e+00
     80.116    14.4904   4.254963    35.0889       1606     6.6875  0.000e+00
     80.155    14.4802   4.255375    35.1019       1607     6.6917  0.000e+00
     80.179    14.4757   4.256323    35.1148       1608     6.6958  0.000e+00
     80.202    14.4734   4.256566    35.1191       1609     6.7000  0.000e+00
     80.235    14.4714   4.257298    35.1276       1610     6.7042  0.000e+00
     80.256    14.4707   4.258640    35.1406       1611     6.7083  0.000e+00
     80.254    14.4705   4.258987    35.1440       1612     6.7125  0.000e+00
     80.244    14.4735   4.259320    35.1443       1613     6.7167  0.000e+00
     80.231    14.4904   4.260924    35.1439       1614     6.7208  0.000e+00
     80.209    14.5126   4.263463    35.1471       1615     6.7250  0.000e+00
     80.179    14.5321   4.265663    35.1497       1616     6.7292  0.000e+00
     80.137    14.5480   4.266756    35.1454       1617     6.7333  0.000e+00
     80.084    14.5612   4.267116    35.1368       1618     6.7375  0.000e+00
     80.035    14.5719   4.267221    35.1281       1619     6.7417  0.000e+00
     79.994    14.5793   4.267352    35.1226       1620     6.7458  0.000e+00
     79.936    14.5845   4.267856    35.1226       1621     6.7500  0.000e+00
     79.880    14.5884   4.267980    35.1202       1622     6.7542  0.000e+00
     79.837    14.5912   4.267424    35.1126       1623     6.7583  0.000e+00
     79.799    14.5928   4.265950    35.0976       1624     6.7625  0.000e+00
     79.771    14.5931   4.265105    35.0896       1625     6.7667  0.000e+00
     79.749    14.5937   4.264490    35.0833       1626     6.7708  0.000e+00
     79.726    14.5943   4.262781    35.0671       1627     6.7750  0.000e+00
     79.727    14.5951   4.261144    35.0513       1628     6.7792  0.000e+00
     79.728    14.5951   4.258932    35.0310       1629     6.7833  0.000e+00
     79.740    14.5874   4.258029    35.0296       1630     6.7875  0.000e+00
     79.753    14.5702   4.257866    35.0436       1631     6.7917  0.000e+00
     79.767    14.5524   4.258200    35.0628       1632     6.7958  0.000e+00
     79.796    14.5336   4.258927    35.0864       1633     6.8000  0.000e+00
     79.821    14.5200   4.259594    35.1050       1634     6.8042  0.000e+00
     79.852    14.5128   4.259804    35.1134       1635     6.8083  0.000e+00
     79.864    14.5091   4.259954    35.1181       1636     6.8125  0.000e+00
     79.888    14.5065   4.259981    35.1207       1637     6.8167  0.000e+00
     79.907    14.5045   4.260131    35.1239       1638     6.8208  0.000e+00
     79.924    14.5027   4.260707    35.1309       1639     6.8250  0.000e+00
     79.929    14.5015   4.261611    35.1402       1640     6.8292  0.000e+00
     79.927    14.5004   4.262075    35.1455       1641     6.8333  0.000e+00
     79.927    14.4994   4.261918    35.1450       1642     6.8375  0.000e+00
     79.927    14.5035   4.261735    35.1396       1643     6.8417  0.000e+00
     79.924    14.5121   4.261584    35.1303       1644     6.8458  0.000e+00
     79.913    14.5223   4.261977    35.1247       1645     6.8500  0.000e+00
     79.897    14.5338   4.262710    35.1211       1646     6.8542  0.000e+00
     79.882    14.5446   4.263188    35.1158       1647     6.8583  0.000e+00
     79.875    14.5525   4.263338    35.1099       1648     6.8625  0.000e+00
     79.861    14.5580   4.263495    35.1064       1649     6.8667  0.000e+00
     79.852    14.5630   4.263606    35.1030       1650     6.8708  0.000e+00
     79.837    14.5673   4.263318    35.0964       1651     6.8750  0.000e+00
