HB2402/sbe001.cnv
* Sea-Bird SBE 19plus V2 Data File:
* FileName = C:\cruise\data\sbe001.hex
* Software Version Seasave V 7.26.7.121
* Temperature SN = 7142
* Conductivity SN = 7142
* System UpLoad Time = Mar 07 2024 21:51:40
* NMEA Latitude = 38 23.21 N
* NMEA Longitude = 074 30.78 W
* NMEA UTC (Time) = Mar 07 2024  21:51:03
** Ship: Bigelow
** Cruise:  HB2304
** Program:  Fall Bottom Trawl
# nquan = 7
# nvalues = 1407                                  
# units = specified
# name 0 = depSM: Depth [salt water, m]
# name 1 = tv290C: Temperature [ITS-90, deg C]
# name 2 = c0S/m: Conductivity [S/m]
# name 3 = sal00: Salinity, Practical [PSU]
# name 4 = scan: Scan Count
# name 5 = timeM: Time, Elapsed [minutes]
# name 6 = flag:  0.000e+00
# span 0 =     -0.097,     33.768                 
# span 1 =     7.3787,     9.6820                 
# span 2 =  -0.101609,   3.300640                 
# span 3 =     0.0000,    32.1065                 
# span 4 =         11,       1417                 
# span 5 =     0.0417,     5.9000                 
# span 6 = 0.0000e+00, 0.0000e+00                 
# interval = seconds: 0.25
# start_time = Mar 07 2024 21:51:03 [NMEA time, header]
# bad_flag = -9.990e-29
*END*
[from data line 1231]
      5.829     7.6441   3.214778    30.9798       1242     5.1708  0.000e+00
      5.748     7.6439   3.214901    30.9813       1243     5.1750  0.000e+00
      5.660     7.6441   3.214977    30.9820       1244     5.1792  0.000e+00
      5.588     7.6448   3.214959    30.9812       1245     5.1833  0.000e+00
      5.525     7.6453   3.214977    30.9810       1246     5.1875  0.000e+00
      5.476     7.6457   3.214977    30.9807       1247     5.1917  0.000e+00
      5.453     7.6458   3.214977    30.9806       1248     5.1958  0.000e+00
      5.441     7.6458   3.214919    30.9800       1249     5.2000  0.000e+00
      5.441     7.6457   3.214878    30.9796       1250     5.2042  0.000e+00
      5.455     7.6452   3.214878    30.9800       1251     5.2083  0.000e+00
      5.455     7.6449   3.214901    30.9806       1252     5.2125  0.000e+00
      5.455     7.6449   3.214959    30.9812       1253     5.2167  0.000e+00
      5.449     7.6453   3.215000    30.9813       1254     5.2208  0.000e+00
      5.446     7.6456   3.215041    30.9815       1255     5.2250  0.000e+00
      5.432     7.6461   3.215059    30.9812       1256     5.2292  0.000e+00
      5.399     7.6467   3.215059    30.9806       1257     5.2333  0.000e+00
      5.358     7.6469   3.215217    30.9822       1258     5.2375  0.000e+00
      5.291     7.6479   3.214918    30.9782       1259     5.2417  0.000e+00
      5.194     7.6472   3.214819    30.9778       1260     5.2458  0.000e+00
      5.079     7.6460   3.214918    30.9799       1261     5.2500  0.000e+00
      4.952     7.6454   3.215018    30.9816       1262     5.2542  0.000e+00
      4.828     7.6460   3.214860    30.9794       1263     5.2583  0.000e+00
      4.713     7.6459   3.215380    30.9851       1264     5.2625  0.000e+00
      4.634     7.6474   3.215602    30.9862       1265     5.2667  0.000e+00
      4.600     7.6506   3.215497    30.9822       1266     5.2708  0.000e+00
      4.610     7.6523   3.215497    30.9807       1267     5.2750  0.000e+00
      4.659     7.6528   3.215438    30.9797       1268     5.2792  0.000e+00
      4.720     7.6529   3.215281    30.9778       1269     5.2833  0.000e+00
      4.776     7.6520   3.215117    30.9768       1270     5.2875  0.000e+00
      4.819     7.6503   3.215018    30.9773       1271     5.2917  0.000e+00
      4.855     7.6488   3.214959    30.9780       1272     5.2958  0.000e+00
      4.880     7.6477   3.215041    30.9798       1273     5.3000  0.000e+00
      4.898     7.6472   3.215041    30.9803       1274     5.3042  0.000e+00
      4.882     7.6471   3.214766    30.9775       1275     5.3083  0.000e+00
      4.824     7.6458   3.214918    30.9802       1276     5.3125  0.000e+00
      4.747     7.6453   3.214959    30.9811       1277     5.3167  0.000e+00
      4.657     7.6455   3.214836    30.9797       1278     5.3208  0.000e+00
      4.562     7.6453   3.214860    30.9801       1279     5.3250  0.000e+00
      4.485     7.6452   3.215041    30.9822       1280     5.3292  0.000e+00
      4.441     7.6458   3.215000    30.9813       1281     5.3333  0.000e+00
      4.411     7.6464   3.215041    30.9812       1282     5.3375  0.000e+00
      4.395     7.6469   3.215058    30.9810       1283     5.3417  0.000e+00
      4.380     7.6471   3.215076    30.9810       1284     5.3458  0.000e+00
      4.370     7.6478   3.215140    30.9811       1285     5.3500  0.000e+00
      4.352     7.6483   3.215158    30.9808       1286     5.3542  0.000e+00
      4.341     7.6486   3.215000    30.9789       1287     5.3583  0.000e+00
      4.330     7.6484   3.215017    30.9792       1288     5.3625  0.000e+00
      4.301     7.6481   3.214918    30.9784       1289     5.3667  0.000e+00
      4.255     7.6472   3.214901    30.9790       1290     5.3708  0.000e+00
      4.204     7.6466   3.214795    30.9785       1291     5.3750  0.000e+00
      4.149     7.6459   3.214696    30.9781       1292     5.3792  0.000e+00
      4.091     7.6447   3.214655    30.9788       1293     5.3833  0.000e+00
      4.030     7.6436   3.214597    30.9792       1294     5.3875  0.000e+00
      3.956     7.6427   3.214719    30.9813       1295     5.3917  0.000e+00
      3.868     7.6428   3.214795    30.9820       1296     5.3958  0.000e+00
      3.762     7.6436   3.214719    30.9806       1297     5.4000  0.000e+00
      3.660     7.6439   3.214655    30.9796       1298     5.4042  0.000e+00
      3.566     7.6437   3.214655    30.9799       1299     5.4083  0.000e+00
      3.500     7.6431   3.215017    30.9843       1300     5.4125  0.000e+00
      3.485     7.6444   3.215117    30.9842       1301     5.4167  0.000e+00
      3.521     7.6466   3.215082    30.9819       1302     5.4208  0.000e+00
      3.577     7.6477   3.215099    30.9810       1303     5.4250  0.000e+00
      3.633     7.6483   3.215140    30.9809       1304     5.4292  0.000e+00
      3.674     7.6487   3.214918    30.9782       1305     5.4333  0.000e+00
      3.705     7.6489   3.215339    30.9824       1306     5.4375  0.000e+00
      3.714     7.6499   3.215479    30.9831       1307     5.4417  0.000e+00
      3.732     7.6515   3.215380    30.9806       1308     5.4458  0.000e+00
      3.708     7.6522   3.215117    30.9771       1309     5.4500  0.000e+00
      3.627     7.6511   3.215257    30.9797       1310     5.4542  0.000e+00
      3.501     7.6508   3.215520    30.9828       1311     5.4583  0.000e+00
      3.354     7.6520   3.215479    30.9813       1312     5.4625  0.000e+00
      3.185     7.6530   3.215379    30.9795       1313     5.4667  0.000e+00
      3.004     7.6531   3.215379    30.9795       1314     5.4708  0.000e+00
      2.806     7.6536   3.215257    30.9778       1315     5.4750  0.000e+00
      2.628     7.6530   3.215017    30.9759       1316     5.4792  0.000e+00
      2.490     7.6513   3.215397    30.9815       1317     5.4833  0.000e+00
      2.373     7.6516   3.215438    30.9817       1318     5.4875  0.000e+00
      2.324     7.6525   3.215479    30.9814       1319     5.4917  0.000e+00
      2.366     7.6533   3.215496    30.9809       1320     5.4958  0.000e+00
      2.493     7.6541   3.215560    30.9808       1321     5.5000  0.000e+00
      2.666     7.6546   3.215601    30.9807       1322     5.5042  0.000e+00
      2.819     7.6549   3.215619    30.9806       1323     5.5083  0.000e+00
      2.939     7.6553   3.215601    30.9799       1324     5.5125  0.000e+00
      3.043     7.6556   3.215619    30.9798       1325     5.5167  0.000e+00
      3.138     7.6555   3.215578    30.9794       1326     5.5208  0.000e+00
      3.225     7.6555   3.215660    30.9803       1327     5.5250  0.000e+00
      3.257     7.6555   3.215718    30.9808       1328     5.5292  0.000e+00
      3.236     7.6560   3.215660    30.9798       1329     5.5333  0.000e+00
      3.139     7.6563   3.215631    30.9793       1330     5.5375  0.000e+00
      3.007     7.6561   3.215537    30.9785       1331     5.5417  0.000e+00
      2.837     7.6556   3.215537    30.9790       1332     5.5458  0.000e+00
      2.644     7.6550   3.215578    30.9800       1333     5.5500  0.000e+00
      2.454     7.6552   3.215560    30.9798       1334     5.5542  0.000e+00
      2.315     7.6552   3.215478    30.9790       1335     5.5583  0.000e+00
      2.231     7.6549   3.215677    30.9815       1336     5.5625  0.000e+00
      2.206     7.6554   3.215619    30.9804       1337     5.5667  0.000e+00
      2.204     7.6560   3.215519    30.9788       1338     5.5708  0.000e+00
      2.229     7.6558   3.215619    30.9800       1339     5.5750  0.000e+00
      2.272     7.6558   3.215619    30.9800       1340     5.5792  0.000e+00
      2.317     7.6558   3.215496    30.9786       1341     5.5833  0.000e+00
      2.317     7.6553   3.215280    30.9768       1342     5.5875  0.000e+00
      2.306     7.6540   3.215379    30.9790       1343     5.5917  0.000e+00
      2.258     7.6533   3.215701    30.9830       1344     5.5958  0.000e+00
      2.175     7.6545   3.215800    30.9831       1345     5.6000  0.000e+00
      2.076     7.6563   3.215677    30.9803       1346     5.6042  0.000e+00
      1.987     7.6572   3.215560    30.9782       1347     5.6083  0.000e+00
      1.915     7.6577   3.215700    30.9793       1348     5.6125  0.000e+00
      1.863     7.6575   3.215741    30.9800       1349     5.6167  0.000e+00
      1.812     7.6577   3.215858    30.9810       1350     5.6208  0.000e+00
      1.758     7.6584   3.215858    30.9804       1351     5.6250  0.000e+00
      1.717     7.6588   3.215741    30.9788       1352     5.6292  0.000e+00
      1.667     7.6588   3.215800    30.9795       1353     5.6333  0.000e+00
      1.600     7.6589   3.215858    30.9801       1354     5.6375  0.000e+00
      1.512     7.6591   3.215800    30.9793       1355     5.6417  0.000e+00
      1.433     7.6592   3.215800    30.9792       1356     5.6458  0.000e+00
      1.392     7.6592   3.215759    30.9788       1357     5.6500  0.000e+00
      1.377     7.6588   3.215776    30.9794       1358     5.6542  0.000e+00
      1.424     7.6586   3.215817    30.9799       1359     5.6583  0.000e+00
      1.509     7.6589   3.215817    30.9797       1360     5.6625  0.000e+00
      1.600     7.6590   3.215841    30.9798       1361     5.6667  0.000e+00
      1.694     7.6591   3.215841    30.9796       1362     5.6708  0.000e+00
      1.769     7.6593   3.215800    30.9790       1363     5.6750  0.000e+00
      1.828     7.6589   3.215776    30.9791       1364     5.6792  0.000e+00
      1.852     7.6588   3.215759    30.9790       1365     5.6833  0.000e+00
      1.845     7.6585   3.215741    30.9791       1366     5.6875  0.000e+00
      1.816     7.6583   3.215718    30.9790       1367     5.6917  0.000e+00
      1.735     7.6579   3.215700    30.9792       1368     5.6958  0.000e+00
      1.615     7.6578   3.215601    30.9783       1369     5.7000  0.000e+00
      1.458     7.6571   3.215578    30.9787       1370     5.7042  0.000e+00
      1.329     7.6564   3.215578    30.9794       1371     5.7083  0.000e+00
      1.230     7.6564   3.215636    30.9801       1372     5.7125  0.000e+00
      1.167     7.6566   3.215537    30.9789       1373     5.7167  0.000e+00
      1.119     7.6563   3.215437    30.9781       1374     5.7208  0.000e+00
      1.084     7.6555   3.215355    30.9779       1375     5.7250  0.000e+00
      1.043     7.6547   3.215437    30.9796       1376     5.7292  0.000e+00
      0.989     7.6543   3.215420    30.9798       1377     5.7333  0.000e+00
      0.919     7.6542   3.215320    30.9788       1378     5.7375  0.000e+00
      0.822     7.6539   3.215279    30.9787       1379     5.7417  0.000e+00
      0.705     7.6531   3.215215    30.9787       1380     5.7458  0.000e+00
      0.615     7.6526   3.215256    30.9797       1381     5.7500  0.000e+00
      0.590     7.6527   3.215238    30.9794       1382     5.7542  0.000e+00
      0.603     7.6525   3.215197    30.9792       1383     5.7583  0.000e+00
      0.642     7.6520   3.215197    30.9796       1384     5.7625  0.000e+00
      0.685     7.6519   3.215180    30.9795       1385     5.7667  0.000e+00
      0.721     7.6516   3.215139    30.9793       1386     5.7708  0.000e+00
      0.736     7.6514   3.215098    30.9790       1387     5.7750  0.000e+00
      0.739     7.6508   3.215057    30.9791       1388     5.7792  0.000e+00
      0.759     7.6505   3.215075    30.9795       1389     5.7833  0.000e+00
      0.750     7.6502   3.215075    30.9799       1390     5.7875  0.000e+00
      0.712     7.6501   3.215116    30.9804       1391     5.7917  0.000e+00
      0.626     7.6503   3.215116    30.9802       1392     5.7958  0.000e+00
      0.565     7.6505   3.214999    30.9789       1393     5.8000  0.000e+00
      0.497     7.6501   3.214999    30.9792       1394     5.8042  0.000e+00
      0.398     7.6496   3.214999    30.9797       1395     5.8083  0.000e+00
      0.278     7.6495   3.214958    30.9794       1396     5.8125  0.000e+00
      0.225     7.6491   3.214999    30.9803       1397     5.8167  0.000e+00
      0.177     7.6491   3.214934    30.9796       1398     5.8208  0.000e+00
      0.186     7.6489   3.214934    30.9798       1399     5.8250  0.000e+00
      0.256     7.6486   3.214934    30.9800       1400     5.8292  0.000e+00
      0.349     7.6486   3.214934    30.9800       1401     5.8333  0.000e+00
      0.427     7.6485   3.214958    30.9802       1402     5.8375  0.000e+00
      0.402     7.6485   3.214917    30.9798       1403     5.8417  0.000e+00
      0.269     7.6485   3.214677    30.9774       1404     5.8458  0.000e+00
      0.100     7.6486   3.215075    30.9816       1405     5.8500  0.000e+00
     -0.035     7.6492   2.213279    20.5469       1406     5.8542  0.000e+00
     -0.062     7.6505   0.843240     7.2216       1407     5.8583  0.000e+00
     -0.066     7.6522   0.720317     6.0972       1408     5.8625  0.000e+00
     -0.067     7.6536   0.527747     4.3702       1409     5.8667  0.000e+00
     -0.062     7.6560   0.437265     3.5755       1410     5.8708  0.000e+00
     -0.062     7.6575   0.371843     3.0090       1411     5.8750  0.000e+00
     -0.057     7.6581   0.301468     2.4082       1412     5.8792  0.000e+00
     -0.066     7.6583   0.262119     2.0766       1413     5.8833  0.000e+00
     -0.062     7.6585   0.227368     1.7867       1414     5.8875  0.000e+00
     -0.069     7.6585   0.207521     1.6225       1415     5.8917  0.000e+00
     -0.067     7.6585   0.195607     1.5244       1416     5.8958  0.000e+00
     -0.067     7.6586   0.183483     1.4250       1417     5.9000  0.000e+00
