HB2402/sbe098.cnv
* Sea-Bird SBE 19plus V2 Data File:
* FileName = C:\cruise\data\sbe098.hex
* Software Version Seasave V 7.26.7.121
* Temperature SN = 7037
* Conductivity SN = 7037
* System UpLoad Time = Apr 27 2024 17:45:23
* NMEA Latitude = 41 09.74 N
* NMEA Longitude = 066 19.33 W
* NMEA UTC (Time) = Apr 27 2024  17:44:07
** Ship: Bigelow
** Cruise:  HB2402
** Program:  Spring Bottom Trawl
# nquan = 8
# nvalues = 3844                                  
# units = specified
# name 0 = depSM: Depth [salt water, m]
# name 1 = tv290C: Temperature [ITS-90, deg C]
# name 2 = c0S/m: Conductivity [S/m]
# name 3 = sal00: Salinity, Practical [PSU]
# name 4 = scan: Scan Count
# name 5 = timeM: Time, Elapsed [minutes]
# name 6 = sbeox0V: Oxygen raw, SBE 43 [V]
# name 7 = flag:  0.000e+00
# span 0 =      0.117,    148.599                 
# span 1 =     6.2686,     9.7010                 
# span 2 =  -0.000012,   3.782977                 
# span 3 =     0.0000,    35.0683                 
# span 4 =         11,       3854                 
# span 5 =     0.0417,    16.0542                 
# span 6 =     1.7166,     2.4928                 
# span 7 = 0.0000e+00, 0.0000e+00                 
# interval = seconds: 0.25
# start_time = Apr 27 2024 17:44:07 [NMEA time, header]
# bad_flag = -9.990e-29
*END*
[from data line 1259]
    139.754     9.4844   3.761863    34.9505       1270     5.2875     1.7203  0.000e+00
    139.687     9.4874   3.762230    34.9514       1271     5.2917     1.7204  0.000e+00
    139.605     9.4899   3.763141    34.9585       1272     5.2958     1.7202  0.000e+00
    139.520     9.4937   3.762738    34.9506       1273     5.3000     1.7198  0.000e+00
    139.434     9.4961   3.762608    34.9470       1274     5.3042     1.7195  0.000e+00
    139.345     9.4967   3.760940    34.9291       1275     5.3083     1.7200  0.000e+00
    139.244     9.4933   3.762300    34.9467       1276     5.3125     1.7203  0.000e+00
    139.142     9.4928   3.762626    34.9505       1277     5.3167     1.7199  0.000e+00
    139.038     9.4953   3.762543    34.9473       1278     5.3208     1.7192  0.000e+00
    138.929     9.4962   3.764585    34.9676       1279     5.3250     1.7202  0.000e+00
    138.824     9.5023   3.764395    34.9598       1280     5.3292     1.7208  0.000e+00
    138.708     9.5076   3.764241    34.9531       1281     5.3333     1.7208  0.000e+00
    138.594     9.5102   3.764537    34.9536       1282     5.3375     1.7207  0.000e+00
    138.477     9.5127   3.766182    34.9683       1283     5.3417     1.7217  0.000e+00
    138.354     9.5181   3.765277    34.9537       1284     5.3458     1.7210  0.000e+00
    138.242     9.5214   3.764418    34.9417       1285     5.3500     1.7223  0.000e+00
    138.121     9.5181   3.759833    34.8975       1286     5.3542     1.7208  0.000e+00
    138.010     9.5058   3.763732    34.9498       1287     5.3583     1.7214  0.000e+00
    137.902     9.5027   3.760460    34.9190       1288     5.3625     1.7215  0.000e+00
    137.793     9.4958   3.761241    34.9339       1289     5.3667     1.7211  0.000e+00
    137.688     9.4931   3.762347    34.9480       1290     5.3708     1.7207  0.000e+00
    137.591     9.4921   3.762554    34.9512       1291     5.3750     1.7205  0.000e+00
    137.495     9.4943   3.762832    34.9520       1292     5.3792     1.7211  0.000e+00
    137.399     9.4977   3.765300    34.9742       1293     5.3833     1.7209  0.000e+00
    137.309     9.5048   3.766206    34.9768       1294     5.3875     1.7216  0.000e+00
    137.220     9.5144   3.765827    34.9635       1295     5.3917     1.7215  0.000e+00
    137.135     9.5206   3.766892    34.9685       1296     5.3958     1.7218  0.000e+00
    137.056     9.5275   3.767401    34.9671       1297     5.4000     1.7220  0.000e+00
    136.972     9.5327   3.767135    34.9593       1298     5.4042     1.7221  0.000e+00
    136.895     9.5371   3.770581    34.9907       1299     5.4083     1.7210  0.000e+00
    136.815     9.5471   3.771048    34.9858       1300     5.4125     1.7214  0.000e+00
    136.741     9.5594   3.771996    34.9837       1301     5.4167     1.7221  0.000e+00
    136.674     9.5694   3.771534    34.9692       1302     5.4208     1.7224  0.000e+00
    136.602     9.5750   3.766092    34.9075       1303     5.4250     1.7228  0.000e+00
    136.535     9.5652   3.764305    34.8986       1304     5.4292     1.7228  0.000e+00
    136.462     9.5467   3.764151    34.9151       1305     5.4333     1.7220  0.000e+00
    136.405     9.5341   3.768372    34.9710       1306     5.4375     1.7208  0.000e+00
    136.346     9.5365   3.770657    34.9923       1307     5.4417     1.7210  0.000e+00
    136.290     9.5491   3.771617    34.9901       1308     5.4458     1.7208  0.000e+00
    136.240     9.5616   3.772896    34.9910       1309     5.4500     1.7213  0.000e+00
    136.186     9.5742   3.773079    34.9808       1310     5.4542     1.7211  0.000e+00
    136.131     9.5821   3.768093    34.9215       1311     5.4583     1.7206  0.000e+00
    136.075     9.5760   3.767311    34.9194       1312     5.4625     1.7211  0.000e+00
    136.008     9.5644   3.770533    34.9641       1313     5.4667     1.7197  0.000e+00
    135.941     9.5656   3.769988    34.9573       1314     5.4708     1.7207  0.000e+00
    135.869     9.5666   3.771527    34.9722       1315     5.4750     1.7212  0.000e+00
    135.782     9.5714   3.771119    34.9634       1316     5.4792     1.7199  0.000e+00
    135.695     9.5753   3.769342    34.9412       1317     5.4833     1.7207  0.000e+00
    135.598     9.5722   3.761008    34.8582       1318     5.4875     1.7208  0.000e+00
    135.498     9.5465   3.762014    34.8937       1319     5.4917     1.7213  0.000e+00
    135.392     9.5240   3.763151    34.9274       1320     5.4958     1.7210  0.000e+00
    135.283     9.5155   3.762808    34.9321       1321     5.5000     1.7198  0.000e+00
    135.171     9.5102   3.763204    34.9414       1322     5.5042     1.7199  0.000e+00
    135.057     9.5075   3.766749    34.9808       1323     5.5083     1.7185  0.000e+00
    134.943     9.5154   3.772861    35.0364       1324     5.5125     1.7188  0.000e+00
    134.826     9.5421   3.772410    35.0057       1325     5.5167     1.7202  0.000e+00
    134.714     9.5633   3.772635    34.9875       1326     5.5208     1.7208  0.000e+00
    134.589     9.5738   3.771326    34.9638       1327     5.5250     1.7218  0.000e+00
    134.466     9.5794   3.771752    34.9628       1328     5.5292     1.7212  0.000e+00
    134.332     9.5810   3.772504    34.9690       1329     5.5333     1.7221  0.000e+00
    134.202     9.5844   3.773013    34.9710       1330     5.5375     1.7217  0.000e+00
    134.084     9.5886   3.773233    34.9693       1331     5.5417     1.7225  0.000e+00
    133.971     9.5924   3.772456    34.9576       1332     5.5458     1.7218  0.000e+00
    133.855     9.5931   3.773298    34.9656       1333     5.5500     1.7209  0.000e+00
    133.748     9.5947   3.773173    34.9628       1334     5.5542     1.7225  0.000e+00
    133.647     9.5965   3.773345    34.9629       1335     5.5583     1.7225  0.000e+00
    133.553     9.5977   3.773274    34.9610       1336     5.5625     1.7215  0.000e+00
    133.459     9.5984   3.773635    34.9641       1337     5.5667     1.7225  0.000e+00
    133.366     9.5999   3.772658    34.9526       1338     5.5708     1.7228  0.000e+00
    133.276     9.5988   3.771603    34.9428       1339     5.5750     1.7225  0.000e+00
    133.184     9.5943   3.772083    34.9523       1340     5.5792     1.7222  0.000e+00
    133.095     9.5906   3.768808    34.9221       1341     5.5833     1.7221  0.000e+00
    133.007     9.5829   3.771970    34.9623       1342     5.5875     1.7220  0.000e+00
    132.913     9.5808   3.773143    34.9765       1343     5.5917     1.7208  0.000e+00
    132.817     9.5865   3.774375    34.9837       1344     5.5958     1.7216  0.000e+00
    132.719     9.5947   3.775691    34.9894       1345     5.6000     1.7215  0.000e+00
    132.616     9.6045   3.774565    34.9682       1346     5.6042     1.7222  0.000e+00
    132.513     9.6087   3.775400    34.9729       1347     5.6083     1.7221  0.000e+00
    132.408     9.6125   3.774138    34.9561       1348     5.6125     1.7225  0.000e+00
    132.296     9.6125   3.774612    34.9611       1349     5.6167     1.7216  0.000e+00
    132.184     9.6121   3.774784    34.9633       1350     5.6208     1.7225  0.000e+00
    132.070     9.6127   3.774239    34.9571       1351     5.6250     1.7220  0.000e+00
    131.963     9.6119   3.774849    34.9643       1352     5.6292     1.7226  0.000e+00
    131.851     9.6126   3.775791    34.9733       1353     5.6333     1.7226  0.000e+00
    131.741     9.6155   3.775287    34.9653       1354     5.6375     1.7225  0.000e+00
    131.629     9.6179   3.775732    34.9676       1355     5.6417     1.7228  0.000e+00
    131.531     9.6196   3.775186    34.9604       1356     5.6458     1.7217  0.000e+00
    131.432     9.6202   3.774783    34.9558       1357     5.6500     1.7216  0.000e+00
    131.334     9.6185   3.774724    34.9569       1358     5.6542     1.7218  0.000e+00
    131.240     9.6171   3.775068    34.9618       1359     5.6583     1.7212  0.000e+00
    131.146     9.6174   3.775334    34.9643       1360     5.6625     1.7218  0.000e+00
    131.058     9.6187   3.775465    34.9645       1361     5.6667     1.7206  0.000e+00
    130.974     9.6199   3.775447    34.9631       1362     5.6708     1.7212  0.000e+00
    130.882     9.6208   3.776069    34.9687       1363     5.6750     1.7200  0.000e+00
    130.801     9.6233   3.775642    34.9619       1364     5.6792     1.7213  0.000e+00
    130.714     9.6241   3.775879    34.9636       1365     5.6833     1.7216  0.000e+00
    130.629     9.6248   3.776993    34.9744       1366     5.6875     1.7212  0.000e+00
    130.537     9.6283   3.776993    34.9711       1367     5.6917     1.7219  0.000e+00
    130.448     9.6311   3.771371    34.9103       1368     5.6958     1.7220  0.000e+00
    130.359     9.6197   3.774427    34.9531       1369     5.7000     1.7212  0.000e+00
    130.269     9.6135   3.770488    34.9184       1370     5.7042     1.7220  0.000e+00
    130.175     9.6025   3.768523    34.9089       1371     5.7083     1.7209  0.000e+00
    130.077     9.5857   3.769648    34.9369       1372     5.7125     1.7208  0.000e+00
    129.985     9.5764   3.768387    34.9330       1373     5.7167     1.7201  0.000e+00
    129.895     9.5694   3.764746    34.9023       1374     5.7208     1.7195  0.000e+00
    129.802     9.5541   3.760433    34.8725       1375     5.7250     1.7213  0.000e+00
    129.708     9.5318   3.764456    34.9359       1376     5.7292     1.7195  0.000e+00
    129.605     9.5202   3.761190    34.9135       1377     5.7333     1.7192  0.000e+00
    129.508     9.5141   3.759830    34.9054       1378     5.7375     1.7197  0.000e+00
    129.399     9.5012   3.759924    34.9189       1379     5.7417     1.7199  0.000e+00
    129.291     9.4920   3.759457    34.9231       1380     5.7458     1.7196  0.000e+00
    129.166     9.4848   3.759853    34.9343       1381     5.7500     1.7199  0.000e+00
    129.039     9.4810   3.760007    34.9397       1382     5.7542     1.7198  0.000e+00
    128.907     9.4799   3.759984    34.9406       1383     5.7583     1.7199  0.000e+00
    128.783     9.4791   3.760339    34.9450       1384     5.7625     1.7216  0.000e+00
    128.645     9.4796   3.760889    34.9504       1385     5.7667     1.7200  0.000e+00
    128.519     9.4817   3.759901    34.9381       1386     5.7708     1.7205  0.000e+00
    128.390     9.4815   3.761060    34.9504       1387     5.7750     1.7204  0.000e+00
    128.265     9.4829   3.761261    34.9512       1388     5.7792     1.7205  0.000e+00
    128.144     9.4864   3.762959    34.9654       1389     5.7833     1.7211  0.000e+00
    128.032     9.4924   3.762225    34.9520       1390     5.7875     1.7228  0.000e+00
    127.922     9.4966   3.760492    34.9300       1391     5.7917     1.7223  0.000e+00
    127.824     9.4931   3.761515    34.9441       1392     5.7958     1.7232  0.000e+00
    127.743     9.4911   3.762912    34.9605       1393     5.8000     1.7237  0.000e+00
    127.661     9.4960   3.763089    34.9576       1394     5.8042     1.7239  0.000e+00
    127.585     9.4999   3.762296    34.9457       1395     5.8083     1.7247  0.000e+00
    127.513     9.5011   3.761965    34.9411       1396     5.8125     1.7241  0.000e+00
    127.455     9.5000   3.761237    34.9346       1397     5.8167     1.7241  0.000e+00
    127.395     9.4969   3.761746    34.9429       1398     5.8208     1.7233  0.000e+00
    127.343     9.4960   3.762622    34.9529       1399     5.8250     1.7238  0.000e+00
    127.282     9.4983   3.761722    34.9414       1400     5.8292     1.7233  0.000e+00
    127.222     9.4979   3.763172    34.9568       1401     5.8333     1.7235  0.000e+00
    127.162     9.5029   3.772034    35.0438       1402     5.8375     1.7228  0.000e+00
    127.101     9.5296   3.769914    34.9958       1403     5.8417     1.7235  0.000e+00
    127.023     9.5485   3.778706    35.0683       1404     5.8458     1.7231  0.000e+00
    126.947     9.5827   3.779541    35.0435       1405     5.8500     1.7235  0.000e+00
    126.866     9.6147   3.780584    35.0232       1406     5.8542     1.7237  0.000e+00
    126.779     9.6380   3.780720    35.0018       1407     5.8583     1.7239  0.000e+00
    126.676     9.6540   3.780429    34.9833       1408     5.8625     1.7242  0.000e+00
    126.578     9.6630   3.781117    34.9817       1409     5.8667     1.7251  0.000e+00
    126.470     9.6696   3.781781    34.9822       1410     5.8708     1.7259  0.000e+00
    126.361     9.6766   3.781490    34.9725       1411     5.8750     1.7265  0.000e+00
    126.251     9.6806   3.781514    34.9688       1412     5.8792     1.7271  0.000e+00
    126.146     9.6829   3.781360    34.9650       1413     5.8833     1.7268  0.000e+00
    126.041     9.6842   3.781466    34.9650       1414     5.8875     1.7278  0.000e+00
    125.949     9.6850   3.781650    34.9661       1415     5.8917     1.7273  0.000e+00
    125.860     9.6857   3.781721    34.9662       1416     5.8958     1.7269  0.000e+00
    125.774     9.6866   3.781757    34.9657       1417     5.9000     1.7284  0.000e+00
    125.694     9.6875   3.781739    34.9647       1418     5.9042     1.7271  0.000e+00
    125.629     9.6878   3.780974    34.9565       1419     5.9083     1.7271  0.000e+00
    125.551     9.6869   3.781448    34.9624       1420     5.9125     1.7279  0.000e+00
    125.481     9.6863   3.781674    34.9653       1421     5.9167     1.7275  0.000e+00
    125.410     9.6870   3.781004    34.9578       1422     5.9208     1.7269  0.000e+00
    125.332     9.6861   3.780980    34.9584       1423     5.9250     1.7264  0.000e+00
    125.256     9.6851   3.780885    34.9585       1424     5.9292     1.7271  0.000e+00
    125.169     9.6844   3.780849    34.9588       1425     5.9333     1.7272  0.000e+00
    125.076     9.6836   3.780654    34.9576       1426     5.9375     1.7267  0.000e+00
    124.972     9.6826   3.780808    34.9602       1427     5.9417     1.7277  0.000e+00
    124.869     9.6823   3.780784    34.9603       1428     5.9458     1.7277  0.000e+00
    124.763     9.6823   3.780998    34.9626       1429     5.9500     1.7277  0.000e+00
    124.656     9.6831   3.781140    34.9633       1430     5.9542     1.7286  0.000e+00
    124.553     9.6840   3.781252    34.9637       1431     5.9583     1.7278  0.000e+00
    124.448     9.6852   3.781383    34.9639       1432     5.9625     1.7297  0.000e+00
    124.354     9.6862   3.781157    34.9606       1433     5.9667     1.7300  0.000e+00
    124.262     9.6863   3.781489    34.9640       1434     5.9708     1.7287  0.000e+00
    124.172     9.6871   3.781383    34.9622       1435     5.9750     1.7299  0.000e+00
    124.079     9.6877   3.781276    34.9605       1436     5.9792     1.7293  0.000e+00
    123.991     9.6876   3.781383    34.9617       1437     5.9833     1.7296  0.000e+00
    123.902     9.6878   3.781952    34.9674       1438     5.9875     1.7309  0.000e+00
    123.808     9.6897   3.781738    34.9635       1439     5.9917     1.7304  0.000e+00
    123.716     9.6906   3.781916    34.9644       1440     5.9958     1.7297  0.000e+00
    123.622     9.6910   3.781394    34.9587       1441     6.0000     1.7296  0.000e+00
    123.533     9.6908   3.782622    34.9717       1442     6.0042     1.7299  0.000e+00
    123.437     9.6930   3.782278    34.9660       1443     6.0083     1.7295  0.000e+00
    123.347     9.6945   3.782200    34.9637       1444     6.0125     1.7301  0.000e+00
    123.262     9.6951   3.781649    34.9575       1445     6.0167     1.7299  0.000e+00
    123.179     9.6941   3.781187    34.9538       1446     6.0208     1.7300  0.000e+00
    123.110     9.6919   3.782977    34.9744       1447     6.0250     1.7284  0.000e+00
    123.040     9.6940   3.782936    34.9720       1448     6.0292     1.7293  0.000e+00
