HB2402/sbe069.cnv
* Sea-Bird SBE 19plus V2 Data File:
* FileName = C:\cruise\data\sbe069.hex
* Software Version Seasave V 7.26.7.121
* Temperature SN = 7037
* Conductivity SN = 7037
* System UpLoad Time = Apr 09 2024 22:29:54
* NMEA Latitude = 40 39.56 N
* NMEA Longitude = 069 43.73 W
* NMEA UTC (Time) = Apr 09 2024  22:29:19
** Ship: Bigelow
** Cruise:  HB2304
** Program:  Fall Bottom Trawl
# nquan = 8
# nvalues = 1528                                  
# units = specified
# name 0 = depSM: Depth [salt water, m]
# name 1 = tv290C: Temperature [ITS-90, deg C]
# name 2 = c0S/m: Conductivity [S/m]
# name 3 = sal00: Salinity, Practical [PSU]
# name 4 = scan: Scan Count
# name 5 = timeM: Time, Elapsed [minutes]
# name 6 = sbeox0V: Oxygen raw, SBE 43 [V]
# name 7 = flag:  0.000e+00
# span 0 =      0.019,     47.716                 
# span 1 =     5.6570,     7.5321                 
# span 2 =   0.000004,   3.202063                 
# span 3 =     0.0035,    32.0981                 
# span 4 =         11,       1538                 
# span 5 =     0.0417,     6.4042                 
# span 6 =     2.0940,     2.4269                 
# span 7 = 0.0000e+00, 0.0000e+00                 
# interval = seconds: 0.25
# start_time = Apr 09 2024 22:29:19 [NMEA time, header]
# bad_flag = -9.990e-29
*END*
[from data line 180]
      0.039     7.4830   0.000025     0.0036        191     0.7917     2.4253  0.000e+00
      0.036     7.4876   0.000020     0.0036        192     0.7958     2.4257  0.000e+00
      0.034     7.4924   0.000020     0.0036        193     0.8000     2.4269  0.000e+00
      0.036     7.4976   0.000025     0.0036        194     0.8042     2.4258  0.000e+00
      0.032     7.5015   0.000025     0.0036        195     0.8083     2.4262  0.000e+00
      0.036     7.5040   0.000025     0.0036        196     0.8125     2.4257  0.000e+00
      0.039     7.5061   0.000025     0.0036        197     0.8167     2.4260  0.000e+00
      0.032     7.5059   0.000025     0.0036        198     0.8208     2.4257  0.000e+00
      0.028     7.5026   0.000020     0.0036        199     0.8250     2.4256  0.000e+00
      0.030     7.4999   0.000025     0.0036        200     0.8292     2.4260  0.000e+00
      0.036     7.5004   0.000031     0.0036        201     0.8333     2.4267  0.000e+00
      0.209     7.5087   0.000031     0.0036        202     0.8375     2.4213  0.000e+00
      0.401     7.5230   0.000004     0.0036        203     0.8417     2.4059  0.000e+00
      0.507     7.5321   1.211594    10.7102        204     0.8458     2.3991  0.000e+00
      0.547     7.3900   1.503239    13.5834        205     0.8500     2.3951  0.000e+00
      0.626     7.1254   1.428275    12.9490        206     0.8542     2.3942  0.000e+00
      0.773     6.9163   1.757911    16.3231        207     0.8583     2.3937  0.000e+00
      0.953     6.7544   2.266506    21.6402        208     0.8625     2.3922  0.000e+00
      1.143     6.6379   2.691892    26.2236        209     0.8667     2.3890  0.000e+00
      1.237     6.5627   2.627207    25.5876        210     0.8708     2.3834  0.000e+00
      1.288     6.5006   2.869318    28.2464        211     0.8750     2.3774  0.000e+00
      1.293     6.4231   2.248280    21.6583        212     0.8792     2.3689  0.000e+00
      1.302     6.3494   1.810964    17.1411        213     0.8833     2.3590  0.000e+00
      1.326     6.3009   2.162121    20.8267        214     0.8875     2.3502  0.000e+00
      1.378     6.3219   2.730193    26.8818        215     0.8917     2.3400  0.000e+00
      1.409     6.3658   3.001694    29.8053        216     0.8958     2.3321  0.000e+00
      1.430     6.3927   3.174622    31.6845        217     0.9000     2.3241  0.000e+00
      1.432     6.4058   3.180901    31.7417        218     0.9042     2.3139  0.000e+00
      1.432     6.4111   3.181914    31.7480        219     0.9083     2.3069  0.000e+00
      1.423     6.3997   3.184096    31.7827        220     0.9125     2.2979  0.000e+00
      1.421     6.3830   3.187951    31.8409        221     0.9167     2.2894  0.000e+00
      1.420     6.3705   3.192146    31.8989        222     0.9208     2.2802  0.000e+00
      1.405     6.3614   3.194341    31.9318        223     0.9250     2.2731  0.000e+00
      1.387     6.3538   3.194895    31.9451        224     0.9292     2.2637  0.000e+00
      1.349     6.3458   3.194679    31.9503        225     0.9333     2.2526  0.000e+00
      1.304     6.3384   3.194879    31.9594        226     0.9375     2.2444  0.000e+00
      1.253     6.3317   3.195971    31.9778        227     0.9417     2.2333  0.000e+00
      1.221     6.3188   3.197508    32.0070        228     0.9458     2.2228  0.000e+00
      1.196     6.3026   3.200126    32.0513        229     0.9500     2.2119  0.000e+00
      1.194     6.2933   3.202063    32.0815        230     0.9542     2.2020  0.000e+00
      1.215     6.2912   3.200265    32.0635        231     0.9583     2.1913  0.000e+00
      1.253     6.2934   3.197391    32.0296        232     0.9625     2.1807  0.000e+00
      1.284     6.3177   3.194181    31.9711        233     0.9667     2.1702  0.000e+00
      1.304     6.3598   3.188981    31.8740        234     0.9708     2.1592  0.000e+00
      1.309     6.3999   3.185148    31.7942        235     0.9750     2.1499  0.000e+00
      1.308     6.4215   3.184494    31.7668        236     0.9792     2.1403  0.000e+00
      1.290     6.4286   3.189579    31.8163        237     0.9833     2.1331  0.000e+00
      1.248     6.4296   3.197151    31.8991        238     0.9875     2.1255  0.000e+00
      1.187     6.4376   3.197107    31.8912        239     0.9917     2.1196  0.000e+00
      1.105     6.4198   3.175905    31.6736        240     0.9958     2.1134  0.000e+00
      1.013     6.3468   3.153334    31.4920        241     1.0000     2.1065  0.000e+00
      0.899     6.2396   3.143754    31.4853        242     1.0042     2.1008  0.000e+00
      0.785     6.1332   3.141623    31.5604        243     1.0083     2.0958  0.000e+00
      0.748     6.0465   3.159921    31.8453        244     1.0125     2.0940  0.000e+00
      0.746     5.9791   3.166367    31.9808        245     1.0167     2.0949  0.000e+00
      0.842     5.9338   3.171994    32.0866        246     1.0208     2.1009  0.000e+00
      0.995     5.9571   2.700640    26.8487        247     1.0250     2.1087  0.000e+00
      1.185     6.0339   2.516112    24.7833        248     1.0292     2.1185  0.000e+00
      1.400     6.0982   2.776399    27.5639        249     1.0333     2.1304  0.000e+00
      1.633     6.1375   2.513700    24.6816        250     1.0375     2.1415  0.000e+00
      1.880     6.1553   2.210540    21.4284        251     1.0417     2.1527  0.000e+00
      2.130     6.1732   3.120432    31.2875        252     1.0458     2.1622  0.000e+00
      2.379     6.1895   2.939894    29.2794        253     1.0500     2.1718  0.000e+00
      2.619     6.1902   3.134536    31.4280        254     1.0542     2.1790  0.000e+00
      2.860     6.1602   3.152829    31.6589        255     1.0583     2.1846  0.000e+00
      3.100     6.1084   3.144031    31.6092        256     1.0625     2.1878  0.000e+00
      3.329     6.0470   3.140451    31.6265        257     1.0667     2.1900  0.000e+00
      3.515     5.9897   3.138343    31.6565        258     1.0708     2.1899  0.000e+00
      3.667     5.9406   3.136994    31.6872        259     1.0750     2.1888  0.000e+00
      3.792     5.9009   3.137496    31.7300        260     1.0792     2.1880  0.000e+00
      3.924     5.8707   3.062858    30.9238        261     1.0833     2.1879  0.000e+00
      4.072     5.8500   2.566255    25.4629        262     1.0875     2.1878  0.000e+00
      4.233     5.8378   2.641698    26.2962        263     1.0917     2.1875  0.000e+00
      4.388     5.8262   2.824684    28.3177        264     1.0958     2.1897  0.000e+00
      4.534     5.8326   2.662147    26.5241        265     1.1000     2.1940  0.000e+00
      4.684     5.8564   3.139534    31.7943        266     1.1042     2.1981  0.000e+00
      4.841     5.9047   3.153616    31.9064        267     1.1083     2.2016  0.000e+00
      5.006     5.9351   3.154305    31.8853        268     1.1125     2.2044  0.000e+00
      5.178     5.9507   3.155204    31.8806        269     1.1167     2.2067  0.000e+00
      5.358     5.9624   3.156407    31.8830        270     1.1208     2.2061  0.000e+00
      5.530     5.9709   3.158118    31.8940        271     1.1250     2.2068  0.000e+00
      5.711     5.9781   3.161165    31.9212        272     1.1292     2.2052  0.000e+00
      5.879     5.9853   3.161143    31.9141        273     1.1333     2.2052  0.000e+00
      6.043     5.9924   3.159515    31.8891        274     1.1375     2.2028  0.000e+00
      6.195     5.9962   3.158350    31.8724        275     1.1417     2.1998  0.000e+00
      6.334     5.9867   3.156424    31.8598        276     1.1458     2.1977  0.000e+00
      6.466     5.9667   3.153362    31.8443        277     1.1500     2.1939  0.000e+00
      6.587     5.9438   3.150356    31.8322        278     1.1542     2.1913  0.000e+00
      6.721     5.9196   3.148085    31.8295        279     1.1583     2.1864  0.000e+00
      6.851     5.8953   3.147143    31.8418        280     1.1625     2.1815  0.000e+00
      6.990     5.8735   3.147479    31.8661        281     1.1667     2.1792  0.000e+00
      7.133     5.8565   3.148439    31.8928        282     1.1708     2.1751  0.000e+00
      7.275     5.8445   3.150495    31.9271        283     1.1750     2.1730  0.000e+00
      7.422     5.8387   3.155090    31.9841        284     1.1792     2.1727  0.000e+00
      7.571     5.8384   3.159417    32.0328        285     1.1833     2.1729  0.000e+00
      7.732     5.8359   3.161444    32.0579        286     1.1875     2.1752  0.000e+00
      7.900     5.8287   3.161681    32.0674        287     1.1917     2.1778  0.000e+00
      8.076     5.8206   3.162548    32.0847        288     1.1958     2.1795  0.000e+00
      8.256     5.8183   3.163454    32.0969        289     1.2000     2.1813  0.000e+00
      8.446     5.8279   3.164382    32.0981        290     1.2042     2.1825  0.000e+00
      8.638     5.8391   3.165150    32.0960        291     1.2083     2.1829  0.000e+00
      8.825     5.8469   3.164995    32.0868        292     1.2125     2.1807  0.000e+00
      9.028     5.8496   3.161698    32.0471        293     1.2167     2.1798  0.000e+00
      9.219     5.8477   3.157723    32.0043        294     1.2208     2.1756  0.000e+00
      9.407     5.8430   3.152796    31.9533        295     1.2250     2.1731  0.000e+00
      9.595     5.8350   3.148616    31.9139        296     1.2292     2.1691  0.000e+00
      9.783     5.8256   3.146070    31.8941        297     1.2333     2.1643  0.000e+00
      9.967     5.8166   3.144229    31.8819        298     1.2375     2.1614  0.000e+00
     10.153     5.8076   3.142857    31.8749        299     1.2417     2.1568  0.000e+00
     10.327     5.7988   3.142020    31.8737        300     1.2458     2.1534  0.000e+00
     10.502     5.7899   3.141552    31.8768        301     1.2500     2.1487  0.000e+00
     10.683     5.7817   3.141431    31.8831        302     1.2542     2.1456  0.000e+00
     10.862     5.7743   3.141497    31.8907        303     1.2583     2.1434  0.000e+00
     11.041     5.7677   3.141729    31.8995        304     1.2625     2.1433  0.000e+00
     11.225     5.7621   3.142021    31.9080        305     1.2667     2.1449  0.000e+00
     11.406     5.7577   3.142197    31.9140        306     1.2708     2.1471  0.000e+00
     11.590     5.7538   3.141591    31.9108        307     1.2750     2.1513  0.000e+00
     11.774     5.7502   3.140633    31.9034        308     1.2792     2.1562  0.000e+00
     11.957     5.7472   3.139967    31.8986        309     1.2833     2.1610  0.000e+00
     12.137     5.7451   3.139653    31.8970        310     1.2875     2.1655  0.000e+00
     12.320     5.7433   3.139306    31.8947        311     1.2917     2.1694  0.000e+00
     12.491     5.7419   3.138645    31.8885        312     1.2958     2.1728  0.000e+00
     12.658     5.7404   3.137880    31.8812        313     1.3000     2.1770  0.000e+00
     12.820     5.7394   3.137252    31.8751        314     1.3042     2.1781  0.000e+00
     12.968     5.7388   3.137038    31.8732        315     1.3083     2.1797  0.000e+00
     13.113     5.7381   3.136785    31.8709        316     1.3125     2.1829  0.000e+00
     13.250     5.7370   3.136592    31.8697        317     1.3167     2.1841  0.000e+00
     13.386     5.7355   3.136823    31.8736        318     1.3208     2.1848  0.000e+00
     13.518     5.7338   3.137214    31.8795        319     1.3250     2.1871  0.000e+00
     13.646     5.7321   3.137682    31.8864        320     1.3292     2.1896  0.000e+00
     13.776     5.7305   3.138112    31.8927        321     1.3333     2.1920  0.000e+00
     13.912     5.7291   3.138541    31.8988        322     1.3375     2.1929  0.000e+00
     14.042     5.7278   3.138932    31.9044        323     1.3417     2.1972  0.000e+00
     14.179     5.7269   3.139599    31.9126        324     1.3458     2.2014  0.000e+00
     14.324     5.7265   3.140436    31.9223        325     1.3500     2.2033  0.000e+00
     14.473     5.7268   3.142275    31.9427        326     1.3542     2.2036  0.000e+00
     14.629     5.7279   3.145818    31.9814        327     1.3583     2.2063  0.000e+00
     14.793     5.7302   3.148635    32.0109        328     1.3625     2.2068  0.000e+00
     14.969     5.7318   3.150030    32.0249        329     1.3667     2.2062  0.000e+00
     15.142     5.7321   3.151326    32.0392        330     1.3708     2.2051  0.000e+00
     15.328     5.7319   3.153290    32.0613        331     1.3750     2.2032  0.000e+00
     15.516     5.7378   3.155210    32.0772        332     1.3792     2.2010  0.000e+00
     15.706     5.7513   3.156059    32.0739        333     1.3833     2.1965  0.000e+00
     15.901     5.7642   3.155822    32.0589        334     1.3875     2.1929  0.000e+00
     16.091     5.7721   3.153681    32.0272        335     1.3917     2.1868  0.000e+00
     16.279     5.7753   3.150322    31.9863        336     1.3958     2.1801  0.000e+00
     16.454     5.7740   3.147660    31.9576        337     1.4000     2.1740  0.000e+00
     16.636     5.7700   3.145290    31.9346        338     1.4042     2.1669  0.000e+00
     16.810     5.7648   3.142628    31.9095        339     1.4083     2.1593  0.000e+00
     16.982     5.7588   3.140321    31.8892        340     1.4125     2.1540  0.000e+00
     17.141     5.7527   3.138834    31.8781        341     1.4167     2.1469  0.000e+00
     17.301     5.7469   3.138035    31.8746        342     1.4208     2.1414  0.000e+00
     17.455     5.7415   3.137628    31.8751        343     1.4250     2.1366  0.000e+00
     17.614     5.7367   3.137568    31.8788        344     1.4292     2.1317  0.000e+00
     17.769     5.7324   3.137882    31.8863        345     1.4333     2.1264  0.000e+00
     17.932     5.7288   3.138642    31.8982        346     1.4375     2.1240  0.000e+00
     18.098     5.7266   3.138972    31.9040        347     1.4417     2.1221  0.000e+00
     18.259     5.7250   3.139815    31.9148        348     1.4458     2.1230  0.000e+00
     18.422     5.7235   3.140321    31.9219        349     1.4500     2.1260  0.000e+00
     18.590     5.7221   3.140784    31.9283        350     1.4542     2.1269  0.000e+00
     18.749     5.7207   3.141219    31.9345        351     1.4583     2.1306  0.000e+00
     18.919     5.7197   3.141632    31.9400        352     1.4625     2.1343  0.000e+00
     19.096     5.7191   3.141825    31.9426        353     1.4667     2.1368  0.000e+00
     19.271     5.7187   3.141864    31.9434        354     1.4708     2.1396  0.000e+00
     19.452     5.7184   3.141633    31.9409        355     1.4750     2.1418  0.000e+00
     19.639     5.7179   3.141142    31.9359        356     1.4792     2.1427  0.000e+00
     19.818     5.7172   3.140283    31.9267        357     1.4833     2.1430  0.000e+00
     19.994     5.7163   3.138818    31.9110        358     1.4875     2.1430  0.000e+00
     20.162     5.7151   3.137194    31.8938        359     1.4917     2.1428  0.000e+00
     20.322     5.7139   3.135752    31.8787        360     1.4958     2.1405  0.000e+00
     20.465     5.7129   3.134679    31.8674        361     1.5000     2.1383  0.000e+00
     20.597     5.7132   3.134134    31.8610        362     1.5042     2.1357  0.000e+00
     20.715     5.7135   3.133903    31.8580        363     1.5083     2.1334  0.000e+00
     20.819     5.7127   3.133199    31.8508        364     1.5125     2.1317  0.000e+00
     20.917     5.7103   3.130222    31.8195        365     1.5167     2.1286  0.000e+00
     21.005     5.7038   3.129557    31.8181        366     1.5208     2.1252  0.000e+00
     21.087     5.6956   3.129359    31.8237        367     1.5250     2.1223  0.000e+00
     21.157     5.6891   3.129266    31.8287        368     1.5292     2.1230  0.000e+00
     21.228     5.6845   3.129189    31.8321        369     1.5333     2.1273  0.000e+00
