HB2402/sbe048.cnv
* Sea-Bird SBE 19plus V2 Data File:
* FileName = C:\cruise\data\sbe048.hex
* Software Version Seasave V 7.26.7.121
* Temperature SN = 7142
* Conductivity SN = 7142
* System UpLoad Time = Apr 03 2024 05:56:45
* NMEA Latitude = 40 31.33 N
* NMEA Longitude = 071 48.16 W
* NMEA UTC (Time) = Apr 03 2024  05:56:03
** Ship: Bigelow
** Cruise:  HB2304
** Program:  Fall Bottom Trawl
# nquan = 7
# nvalues = 1553                                  
# units = specified
# name 0 = depSM: Depth [salt water, m]
# name 1 = tv290C: Temperature [ITS-90, deg C]
# name 2 = c0S/m: Conductivity [S/m]
# name 3 = sal00: Salinity, Practical [PSU]
# name 4 = scan: Scan Count
# name 5 = timeM: Time, Elapsed [minutes]
# name 6 = flag:  0.000e+00
# span 0 =     -0.100,     64.226                 
# span 1 =     5.7391,     6.2299                 
# span 2 =   0.000014,   3.194939                 
# span 3 =     0.0024,    32.1507                 
# span 4 =         11,       1563                 
# span 5 =     0.0417,     6.5083                 
# span 6 = 0.0000e+00, 0.0000e+00                 
# interval = seconds: 0.25
# start_time = Apr 03 2024 05:56:03 [NMEA time, header]
# bad_flag = -9.990e-29
*END*
[from data line 206]
     18.993     6.1827   3.191280    32.0575        217     0.9000  0.000e+00
     19.207     6.1821   3.191292    32.0581        218     0.9042  0.000e+00
     19.403     6.1815   3.191222    32.0578        219     0.9083  0.000e+00
     19.579     6.1804   3.191024    32.0565        220     0.9125  0.000e+00
     19.728     6.1783   3.190826    32.0562        221     0.9167  0.000e+00
     19.854     6.1757   3.190587    32.0559        222     0.9208  0.000e+00
     19.966     6.1725   3.190389    32.0567        223     0.9250  0.000e+00
     20.070     6.1695   3.190232    32.0578        224     0.9292  0.000e+00
     20.163     6.1665   3.190092    32.0590        225     0.9333  0.000e+00
     20.248     6.1635   3.189871    32.0593        226     0.9375  0.000e+00
     20.336     6.1600   3.189597    32.0595        227     0.9417  0.000e+00
     20.417     6.1562   3.189347    32.0603        228     0.9458  0.000e+00
     20.505     6.1528   3.189195    32.0618        229     0.9500  0.000e+00
     20.602     6.1495   3.189178    32.0647        230     0.9542  0.000e+00
     20.724     6.1470   3.189394    32.0694        231     0.9583  0.000e+00
     20.871     6.1454   3.189656    32.0737        232     0.9625  0.000e+00
     21.038     6.1439   3.189755    32.0762        233     0.9667  0.000e+00
     21.222     6.1433   3.189813    32.0773        234     0.9708  0.000e+00
     21.421     6.1436   3.189633    32.0749        235     0.9750  0.000e+00
     21.617     6.1436   3.189394    32.0721        236     0.9792  0.000e+00
     21.809     6.1432   3.189039    32.0685        237     0.9833  0.000e+00
     21.998     6.1422   3.188765    32.0663        238     0.9875  0.000e+00
     22.187     6.1407   3.188660    32.0664        239     0.9917  0.000e+00
     22.361     6.1391   3.188602    32.0672        240     0.9958  0.000e+00
     22.530     6.1380   3.188561    32.0677        241     1.0000  0.000e+00
     22.690     6.1370   3.188561    32.0685        242     1.0042  0.000e+00
     22.843     6.1370   3.188602    32.0690        243     1.0083  0.000e+00
     22.981     6.1370   3.188643    32.0694        244     1.0125  0.000e+00
     23.110     6.1372   3.188660    32.0693        245     1.0167  0.000e+00
     23.234     6.1372   3.188660    32.0692        246     1.0208  0.000e+00
     23.346     6.1372   3.188678    32.0694        247     1.0250  0.000e+00
     23.463     6.1372   3.189278    32.0760        248     1.0292  0.000e+00
     23.578     6.1402   3.190251    32.0840        249     1.0333  0.000e+00
     23.694     6.1479   3.190571    32.0802        250     1.0375  0.000e+00
     23.815     6.1550   3.190507    32.0727        251     1.0417  0.000e+00
     23.944     6.1596   3.190373    32.0668        252     1.0458  0.000e+00
     24.077     6.1612   3.190292    32.0643        253     1.0500  0.000e+00
     24.214     6.1615   3.190268    32.0638        254     1.0542  0.000e+00
     24.338     6.1613   3.190233    32.0635        255     1.0583  0.000e+00
     24.469     6.1608   3.190210    32.0636        256     1.0625  0.000e+00
     24.588     6.1604   3.190164    32.0634        257     1.0667  0.000e+00
     24.706     6.1598   3.190729    32.0702        258     1.0708  0.000e+00
     24.823     6.1616   3.191207    32.0738        259     1.0750  0.000e+00
     24.938     6.1658   3.191323    32.0711        260     1.0792  0.000e+00
     25.053     6.1696   3.191067    32.0645        261     1.0833  0.000e+00
     25.177     6.1709   3.190391    32.0557        262     1.0875  0.000e+00
     25.305     6.1681   3.190111    32.0552        263     1.0917  0.000e+00
     25.441     6.1641   3.189995    32.0576        264     1.0958  0.000e+00
     25.581     6.1604   3.190374    32.0653        265     1.1000  0.000e+00
     25.741     6.1595   3.190112    32.0631        266     1.1042  0.000e+00
     25.908     6.1590   3.189517    32.0569        267     1.1083  0.000e+00
     26.090     6.1555   3.188923    32.0535        268     1.1125  0.000e+00
     26.282     6.1498   3.188958    32.0592        269     1.1167  0.000e+00
     26.482     6.1452   3.189022    32.0641        270     1.1208  0.000e+00
     26.692     6.1429   3.189180    32.0679        271     1.1250  0.000e+00
     26.911     6.1426   3.188900    32.0650        272     1.1292  0.000e+00
     27.125     6.1419   3.189139    32.0682        273     1.1333  0.000e+00
     27.332     6.1418   3.188067    32.0563        274     1.1375  0.000e+00
     27.520     6.1377   3.188009    32.0595        275     1.1417  0.000e+00
     27.689     6.1332   3.187870    32.0621        276     1.1458  0.000e+00
     27.837     6.1295   3.187555    32.0620        277     1.1500  0.000e+00
     27.955     6.1258   3.187375    32.0634        278     1.1542  0.000e+00
     28.058     6.1223   3.187177    32.0645        279     1.1583  0.000e+00
     28.139     6.1192   3.187054    32.0660        280     1.1625  0.000e+00
     28.207     6.1166   3.186955    32.0673        281     1.1667  0.000e+00
     28.272     6.1145   3.186938    32.0691        282     1.1708  0.000e+00
     28.329     6.1130   3.186880    32.0698        283     1.1750  0.000e+00
     28.385     6.1120   3.186676    32.0685        284     1.1792  0.000e+00
     28.449     6.1101   3.186362    32.0667        285     1.1833  0.000e+00
     28.521     6.1079   3.186426    32.0694        286     1.1875  0.000e+00
     28.600     6.1060   3.186362    32.0706        287     1.1917  0.000e+00
     28.692     6.1046   3.186280    32.0709        288     1.1958  0.000e+00
     28.805     6.1035   3.186344    32.0726        289     1.2000  0.000e+00
     28.942     6.1028   3.186461    32.0745        290     1.2042  0.000e+00
     29.104     6.1032   3.186560    32.0751        291     1.2083  0.000e+00
     29.291     6.1040   3.186519    32.0739        292     1.2125  0.000e+00
     29.492     6.1043   3.186641    32.0748        293     1.2167  0.000e+00
     29.706     6.1050   3.186444    32.0718        294     1.2208  0.000e+00
     29.936     6.1047   3.186508    32.0727        295     1.2250  0.000e+00
     30.173     6.1043   3.186543    32.0734        296     1.2292  0.000e+00
     30.416     6.1044   3.186479    32.0725        297     1.2333  0.000e+00
     30.656     6.1042   3.186380    32.0715        298     1.2375  0.000e+00
     30.890     6.1033   3.186304    32.0713        299     1.2417  0.000e+00
     31.107     6.1021   3.186246    32.0717        300     1.2458  0.000e+00
     31.309     6.1011   3.185926    32.0690        301     1.2500  0.000e+00
     31.483     6.0990   3.185745    32.0689        302     1.2542  0.000e+00
     31.625     6.0959   3.185571    32.0698        303     1.2583  0.000e+00
     31.744     6.0931   3.185588    32.0726        304     1.2625  0.000e+00
     31.830     6.0912   3.185274    32.0708        305     1.2667  0.000e+00
     31.898     6.0891   3.185093    32.0707        306     1.2708  0.000e+00
     31.943     6.0864   3.184936    32.0715        307     1.2750  0.000e+00
     31.957     6.0835   3.184954    32.0745        308     1.2792  0.000e+00
     31.948     6.0816   3.184994    32.0767        309     1.2833  0.000e+00
     31.932     6.0808   3.185076    32.0784        310     1.2875  0.000e+00
     31.914     6.0812   3.184936    32.0765        311     1.2917  0.000e+00
     31.896     6.0809   3.185029    32.0778        312     1.2958  0.000e+00
     31.893     6.0808   3.185012    32.0777        313     1.3000  0.000e+00
     31.918     6.0811   3.185076    32.0782        314     1.3042  0.000e+00
     31.970     6.0814   3.184954    32.0765        315     1.3083  0.000e+00
     32.071     6.0813   3.185233    32.0796        316     1.3125  0.000e+00
     32.202     6.0820   3.185612    32.0831        317     1.3167  0.000e+00
     32.380     6.0847   3.185588    32.0802        318     1.3208  0.000e+00
     32.594     6.0870   3.185490    32.0768        319     1.3250  0.000e+00
     32.831     6.0876   3.185274    32.0737        320     1.3292  0.000e+00
     33.100     6.0869   3.185216    32.0737        321     1.3333  0.000e+00
     33.361     6.0855   3.185193    32.0746        322     1.3375  0.000e+00
     33.623     6.0844   3.185135    32.0749        323     1.3417  0.000e+00
     33.913     6.0834   3.185036    32.0745        324     1.3458  0.000e+00
     34.233     6.0823   3.185036    32.0754        325     1.3500  0.000e+00
     34.509     6.0813   3.185013    32.0760        326     1.3542  0.000e+00
     34.802     6.0805   3.184995    32.0764        327     1.3583  0.000e+00
     35.088     6.0800   3.184978    32.0766        328     1.3625  0.000e+00
     35.320     6.0793   3.184978    32.0771        329     1.3667  0.000e+00
     35.489     6.0789   3.184984    32.0775        330     1.3708  0.000e+00
     35.667     6.0786   3.184955    32.0773        331     1.3750  0.000e+00
     35.854     6.0783   3.184955    32.0775        332     1.3792  0.000e+00
     35.971     6.0780   3.184955    32.0777        333     1.3833  0.000e+00
     35.980     6.0781   3.184914    32.0772        334     1.3875  0.000e+00
     35.913     6.0775   3.184955    32.0782        335     1.3917  0.000e+00
     35.847     6.0775   3.184937    32.0781        336     1.3958  0.000e+00
     35.796     6.0775   3.184914    32.0778        337     1.4000  0.000e+00
     35.744     6.0773   3.184926    32.0782        338     1.4042  0.000e+00
     35.690     6.0773   3.184914    32.0781        339     1.4083  0.000e+00
     35.647     6.0773   3.184914    32.0781        340     1.4125  0.000e+00
     35.629     6.0773   3.184914    32.0781        341     1.4167  0.000e+00
     35.656     6.0773   3.184914    32.0781        342     1.4208  0.000e+00
     35.728     6.0771   3.184873    32.0778        343     1.4250  0.000e+00
     35.843     6.0772   3.184897    32.0779        344     1.4292  0.000e+00
     35.997     6.0770   3.184914    32.0782        345     1.4333  0.000e+00
     36.188     6.0769   3.184938    32.0785        346     1.4375  0.000e+00
     36.405     6.0770   3.184943    32.0783        347     1.4417  0.000e+00
     36.641     6.0771   3.184978    32.0785        348     1.4458  0.000e+00
     36.889     6.0771   3.184996    32.0786        349     1.4500  0.000e+00
     37.157     6.0773   3.185037    32.0788        350     1.4542  0.000e+00
     37.439     6.0773   3.185095    32.0793        351     1.4583  0.000e+00
     37.709     6.0775   3.185136    32.0794        352     1.4625  0.000e+00
     37.982     6.0774   3.185136    32.0794        353     1.4667  0.000e+00
     38.239     6.0775   3.185154    32.0794        354     1.4708  0.000e+00
     38.505     6.0776   3.185154    32.0791        355     1.4750  0.000e+00
     38.760     6.0773   3.185177    32.0796        356     1.4792  0.000e+00
     38.984     6.0772   3.185154    32.0792        357     1.4833  0.000e+00
     39.171     6.0771   3.185177    32.0795        358     1.4875  0.000e+00
     39.324     6.0769   3.185177    32.0797        359     1.4917  0.000e+00
     39.445     6.0770   3.185212    32.0798        360     1.4958  0.000e+00
     39.536     6.0766   3.185236    32.0804        361     1.5000  0.000e+00
     39.610     6.0766   3.185236    32.0805        362     1.5042  0.000e+00
     39.685     6.0764   3.185253    32.0808        363     1.5083  0.000e+00
     39.739     6.0763   3.185253    32.0809        364     1.5125  0.000e+00
     39.807     6.0763   3.185259    32.0809        365     1.5167  0.000e+00
     39.865     6.0762   3.185276    32.0811        366     1.5208  0.000e+00
     39.933     6.0762   3.185276    32.0811        367     1.5250  0.000e+00
     40.025     6.0763   3.185294    32.0812        368     1.5292  0.000e+00
     40.133     6.0761   3.185294    32.0813        369     1.5333  0.000e+00
     40.267     6.0763   3.185294    32.0810        370     1.5375  0.000e+00
     40.424     6.0763   3.185312    32.0811        371     1.5417  0.000e+00
     40.600     6.0761   3.185335    32.0815        372     1.5458  0.000e+00
     40.789     6.0762   3.185323    32.0812        373     1.5500  0.000e+00
     40.983     6.0762   3.185312    32.0810        374     1.5542  0.000e+00
     41.175     6.0761   3.185335    32.0812        375     1.5583  0.000e+00
     41.364     6.0762   3.185353    32.0812        376     1.5625  0.000e+00
     41.545     6.0762   3.185335    32.0810        377     1.5667  0.000e+00
     41.711     6.0762   3.185353    32.0811        378     1.5708  0.000e+00
     41.854     6.0762   3.185353    32.0811        379     1.5750  0.000e+00
     41.978     6.0759   3.185335    32.0810        380     1.5792  0.000e+00
     42.086     6.0759   3.185213    32.0797        381     1.5833  0.000e+00
     42.191     6.0753   3.185137    32.0793        382     1.5875  0.000e+00
     42.286     6.0743   3.185137    32.0803        383     1.5917  0.000e+00
     42.385     6.0737   3.185114    32.0805        384     1.5958  0.000e+00
     42.487     6.0731   3.185097    32.0808        385     1.6000  0.000e+00
     42.598     6.0727   3.185114    32.0813        386     1.6042  0.000e+00
     42.719     6.0725   3.185097    32.0813        387     1.6083  0.000e+00
     42.854     6.0720   3.185097    32.0816        388     1.6125  0.000e+00
     42.999     6.0721   3.185079    32.0813        389     1.6167  0.000e+00
     43.163     6.0719   3.185114    32.0818        390     1.6208  0.000e+00
     43.332     6.0718   3.185155    32.0823        391     1.6250  0.000e+00
     43.513     6.0722   3.185237    32.0827        392     1.6292  0.000e+00
     43.695     6.0725   3.185254    32.0826        393     1.6333  0.000e+00
     43.885     6.0728   3.185214    32.0817        394     1.6375  0.000e+00
     44.074     6.0731   3.185196    32.0811        395     1.6417  0.000e+00
     44.261     6.0727   3.185057    32.0798        396     1.6458  0.000e+00
     44.439     6.0722   3.184917    32.0787        397     1.6500  0.000e+00
     44.608     6.0711   3.184818    32.0786        398     1.6542  0.000e+00
     44.761     6.0695   3.184504    32.0765        399     1.6583  0.000e+00
     44.903     6.0677   3.184137    32.0740        400     1.6625  0.000e+00
     45.036     6.0647   3.183712    32.0721        401     1.6667  0.000e+00
     45.179     6.0608   3.183136    32.0692        402     1.6708  0.000e+00
     45.314     6.0561   3.182740    32.0693        403     1.6750  0.000e+00
     45.451     6.0510   3.182443    32.0707        404     1.6792  0.000e+00
     45.591     6.0461   3.182344    32.0742        405     1.6833  0.000e+00
     45.731     6.0424   3.182181    32.0758        406     1.6875  0.000e+00
     45.875     6.0392   3.182007    32.0768        407     1.6917  0.000e+00
     46.022     6.0366   3.181943    32.0784        408     1.6958  0.000e+00
     46.170     6.0346   3.182147    32.0825        409     1.7000  0.000e+00
     46.319     6.0338   3.182362    32.0857        410     1.7042  0.000e+00
     46.479     6.0346   3.182461    32.0859        411     1.7083  0.000e+00
     46.633     6.0358   3.182164    32.0813        412     1.7125  0.000e+00
     46.790     6.0357   3.182281    32.0827        413     1.7167  0.000e+00
     46.944     6.0354   3.181926    32.0789        414     1.7208  0.000e+00
     47.102     6.0339   3.181868    32.0796        415     1.7250  0.000e+00
     47.250     6.0320   3.181879    32.0815        416     1.7292  0.000e+00
     47.392     6.0307   3.181908    32.0829        417     1.7333  0.000e+00
     47.530     6.0299   3.181885    32.0834        418     1.7375  0.000e+00
     47.667     6.0293   3.181926    32.0844        419     1.7417  0.000e+00
     47.800     6.0288   3.182304    32.0890        420     1.7458  0.000e+00
