HB2402/sbe089.cnv
* Sea-Bird SBE 19plus V2 Data File:
* FileName = C:\cruise\data\sbe089.hex
* Software Version Seasave V 7.26.7.121
* Temperature SN = 7037
* Conductivity SN = 7037
* System UpLoad Time = Apr 18 2024 13:48:32
* NMEA Latitude = 41 12.44 N
* NMEA Longitude = 067 27.86 W
* NMEA UTC (Time) = Apr 18 2024  13:47:06
** Ship: Bigelow
** Cruise:  HB2304
** Program:  Fall Bottom Trawl
# nquan = 8
# nvalues = 1060                                  
# units = specified
# name 0 = depSM: Depth [salt water, m]
# name 1 = tv290C: Temperature [ITS-90, deg C]
# name 2 = c0S/m: Conductivity [S/m]
# name 3 = sal00: Salinity, Practical [PSU]
# name 4 = scan: Scan Count
# name 5 = timeM: Time, Elapsed [minutes]
# name 6 = sbeox0V: Oxygen raw, SBE 43 [V]
# name 7 = flag:  0.000e+00
# span 0 =      0.049,     41.106                 
# span 1 =     6.0599,     6.1952                 
# span 2 =   0.138476,   3.174703                 
# span 3 =     1.1057,    31.8998                 
# span 4 =         11,       1070                 
# span 5 =     0.0417,     4.4542                 
# span 6 =     2.4021,     2.5420                 
# span 7 = 0.0000e+00, 0.0000e+00                 
# interval = seconds: 0.25
# start_time = Apr 18 2024 13:47:06 [NMEA time, header]
# bad_flag = -9.990e-29
*END*
[from data line 540]
     25.596     6.0759   3.165407    31.8668        551     2.2917     2.5014  0.000e+00
     25.590     6.0760   3.165429    31.8669        552     2.2958     2.5013  0.000e+00
     25.581     6.0762   3.165407    31.8665        553     2.3000     2.5014  0.000e+00
     25.578     6.0763   3.165429    31.8667        554     2.3042     2.4985  0.000e+00
     25.578     6.0764   3.165445    31.8667        555     2.3083     2.4963  0.000e+00
     25.583     6.0764   3.165467    31.8670        556     2.3125     2.5006  0.000e+00
     25.594     6.0767   3.165467    31.8667        557     2.3167     2.5006  0.000e+00
     25.612     6.0769   3.165445    31.8663        558     2.3208     2.4984  0.000e+00
     25.637     6.0770   3.165445    31.8662        559     2.3250     2.5007  0.000e+00
     25.668     6.0769   3.165390    31.8657        560     2.3292     2.5004  0.000e+00
     25.706     6.0766   3.165374    31.8658        561     2.3333     2.4990  0.000e+00
     25.742     6.0766   3.165368    31.8657        562     2.3375     2.5000  0.000e+00
     25.776     6.0763   3.165390    31.8661        563     2.3417     2.4982  0.000e+00
     25.820     6.0763   3.165368    31.8659        564     2.3458     2.4982  0.000e+00
     25.852     6.0762   3.165390    31.8662        565     2.3500     2.4997  0.000e+00
     25.892     6.0760   3.165390    31.8664        566     2.3542     2.4966  0.000e+00
     25.924     6.0761   3.165407    31.8665        567     2.3583     2.5019  0.000e+00
     25.952     6.0762   3.165390    31.8662        568     2.3625     2.5011  0.000e+00
     25.973     6.0762   3.165429    31.8666        569     2.3667     2.5000  0.000e+00
     25.989     6.0762   3.165445    31.8668        570     2.3708     2.4994  0.000e+00
     26.004     6.0765   3.165445    31.8665        571     2.3750     2.4976  0.000e+00
     26.006     6.0766   3.165484    31.8669        572     2.3792     2.4981  0.000e+00
     26.006     6.0767   3.165468    31.8665        573     2.3833     2.4983  0.000e+00
     26.006     6.0769   3.165506    31.8668        574     2.3875     2.5002  0.000e+00
     26.000     6.0770   3.165545    31.8671        575     2.3917     2.5015  0.000e+00
     25.991     6.0773   3.165545    31.8669        576     2.3958     2.5000  0.000e+00
     25.977     6.0776   3.165567    31.8669        577     2.4000     2.5018  0.000e+00
     25.964     6.0778   3.165567    31.8666        578     2.4042     2.4998  0.000e+00
     25.944     6.0779   3.165545    31.8663        579     2.4083     2.5011  0.000e+00
     25.926     6.0780   3.165545    31.8663        580     2.4125     2.5024  0.000e+00
     25.908     6.0780   3.165567    31.8665        581     2.4167     2.5043  0.000e+00
     25.886     6.0779   3.165506    31.8659        582     2.4208     2.5035  0.000e+00
     25.861     6.0781   3.165567    31.8664        583     2.4250     2.5053  0.000e+00
     25.840     6.0783   3.165545    31.8660        584     2.4292     2.5041  0.000e+00
     25.812     6.0783   3.165517    31.8657        585     2.4333     2.5051  0.000e+00
     25.778     6.0781   3.165528    31.8660        586     2.4375     2.5039  0.000e+00
     25.749     6.0779   3.165545    31.8664        587     2.4417     2.5048  0.000e+00
     25.722     6.0779   3.165528    31.8662        588     2.4458     2.5059  0.000e+00
     25.695     6.0780   3.165484    31.8657        589     2.4500     2.5044  0.000e+00
     25.666     6.0778   3.165484    31.8659        590     2.4542     2.5055  0.000e+00
     25.645     6.0777   3.165506    31.8662        591     2.4583     2.5049  0.000e+00
     25.626     6.0776   3.165484    31.8661        592     2.4625     2.5035  0.000e+00
     25.612     6.0775   3.165506    31.8664        593     2.4667     2.5050  0.000e+00
     25.605     6.0776   3.165506    31.8664        594     2.4708     2.5051  0.000e+00
     25.608     6.0774   3.165506    31.8665        595     2.4750     2.5050  0.000e+00
     25.619     6.0774   3.165506    31.8665        596     2.4792     2.5049  0.000e+00
     25.634     6.0774   3.165528    31.8667        597     2.4833     2.5048  0.000e+00
     25.648     6.0777   3.165528    31.8665        598     2.4875     2.5033  0.000e+00
     25.666     6.0776   3.165528    31.8666        599     2.4917     2.5040  0.000e+00
     25.684     6.0778   3.165528    31.8664        600     2.4958     2.5028  0.000e+00
     25.710     6.0779   3.165545    31.8664        601     2.5000     2.5032  0.000e+00
     25.733     6.0778   3.165528    31.8663        602     2.5042     2.5032  0.000e+00
     25.755     6.0778   3.165506    31.8661        603     2.5083     2.5026  0.000e+00
     25.782     6.0778   3.165506    31.8660        604     2.5125     2.5026  0.000e+00
     25.816     6.0777   3.165528    31.8663        605     2.5167     2.5043  0.000e+00
     25.840     6.0778   3.165545    31.8665        606     2.5208     2.5048  0.000e+00
     25.870     6.0777   3.165545    31.8665        607     2.5250     2.5041  0.000e+00
     25.888     6.0779   3.165545    31.8663        608     2.5292     2.5045  0.000e+00
     25.903     6.0778   3.165556    31.8666        609     2.5333     2.5048  0.000e+00
     25.924     6.0778   3.165567    31.8667        610     2.5375     2.5047  0.000e+00
     25.943     6.0778   3.165545    31.8664        611     2.5417     2.5056  0.000e+00
     25.943     6.0778   3.165528    31.8662        612     2.5458     2.5051  0.000e+00
     25.941     6.0778   3.165545    31.8664        613     2.5500     2.5055  0.000e+00
     25.950     6.0777   3.165528    31.8663        614     2.5542     2.5049  0.000e+00
     25.953     6.0777   3.165506    31.8660        615     2.5583     2.5049  0.000e+00
     25.942     6.0777   3.165506    31.8661        616     2.5625     2.5063  0.000e+00
     25.932     6.0776   3.165484    31.8659        617     2.5667     2.5070  0.000e+00
     25.914     6.0776   3.165506    31.8662        618     2.5708     2.5072  0.000e+00
     25.890     6.0775   3.165484    31.8660        619     2.5750     2.5083  0.000e+00
     25.865     6.0773   3.165484    31.8662        620     2.5792     2.5079  0.000e+00
     25.847     6.0773   3.165506    31.8665        621     2.5833     2.5062  0.000e+00
     25.807     6.0773   3.165484    31.8662        622     2.5875     2.5081  0.000e+00
     25.774     6.0774   3.165484    31.8662        623     2.5917     2.5068  0.000e+00
     25.734     6.0773   3.165467    31.8661        624     2.5958     2.5073  0.000e+00
     25.700     6.0771   3.165467    31.8663        625     2.6000     2.5077  0.000e+00
     25.668     6.0772   3.165467    31.8662        626     2.6042     2.5069  0.000e+00
     25.626     6.0770   3.165484    31.8666        627     2.6083     2.5076  0.000e+00
     25.581     6.0771   3.165506    31.8668        628     2.6125     2.5069  0.000e+00
     25.543     6.0774   3.165506    31.8666        629     2.6167     2.5068  0.000e+00
     25.509     6.0774   3.165506    31.8666        630     2.6208     2.5077  0.000e+00
     25.478     6.0776   3.165528    31.8667        631     2.6250     2.5072  0.000e+00
     25.451     6.0777   3.165517    31.8664        632     2.6292     2.5077  0.000e+00
     25.420     6.0778   3.165506    31.8662        633     2.6333     2.5076  0.000e+00
     25.404     6.0779   3.165528    31.8664        634     2.6375     2.5079  0.000e+00
     25.382     6.0778   3.165545    31.8666        635     2.6417     2.5074  0.000e+00
     25.372     6.0780   3.165545    31.8665        636     2.6458     2.5091  0.000e+00
     25.364     6.0780   3.165528    31.8663        637     2.6500     2.5065  0.000e+00
     25.357     6.0779   3.165528    31.8664        638     2.6542     2.5058  0.000e+00
     25.361     6.0780   3.165528    31.8663        639     2.6583     2.5064  0.000e+00
     25.368     6.0780   3.165528    31.8663        640     2.6625     2.5065  0.000e+00
     25.386     6.0780   3.165528    31.8663        641     2.6667     2.5063  0.000e+00
     25.413     6.0780   3.165506    31.8661        642     2.6708     2.5068  0.000e+00
     25.449     6.0778   3.165528    31.8664        643     2.6750     2.5056  0.000e+00
     25.480     6.0778   3.165528    31.8664        644     2.6792     2.5070  0.000e+00
     25.520     6.0778   3.165506    31.8661        645     2.6833     2.5059  0.000e+00
     25.558     6.0778   3.165528    31.8664        646     2.6875     2.5055  0.000e+00
     25.601     6.0778   3.165506    31.8661        647     2.6917     2.5059  0.000e+00
     25.633     6.0778   3.165528    31.8663        648     2.6958     2.5058  0.000e+00
     25.664     6.0777   3.165506    31.8662        649     2.7000     2.5048  0.000e+00
     25.689     6.0777   3.165506    31.8662        650     2.7042     2.5053  0.000e+00
     25.717     6.0776   3.165506    31.8663        651     2.7083     2.5041  0.000e+00
     25.738     6.0777   3.165506    31.8662        652     2.7125     2.5051  0.000e+00
     25.755     6.0776   3.165484    31.8660        653     2.7167     2.5043  0.000e+00
     25.776     6.0776   3.165506    31.8662        654     2.7208     2.5047  0.000e+00
     25.787     6.0775   3.165484    31.8661        655     2.7250     2.5048  0.000e+00
     25.800     6.0774   3.165495    31.8663        656     2.7292     2.5049  0.000e+00
     25.814     6.0772   3.165468    31.8662        657     2.7333     2.5065  0.000e+00
     25.832     6.0773   3.165468    31.8661        658     2.7375     2.5063  0.000e+00
     25.843     6.0772   3.165484    31.8663        659     2.7417     2.5061  0.000e+00
     25.856     6.0773   3.165468    31.8661        660     2.7458     2.5070  0.000e+00
     25.863     6.0772   3.165484    31.8663        661     2.7500     2.5076  0.000e+00
     25.865     6.0771   3.165468    31.8662        662     2.7542     2.5072  0.000e+00
     25.865     6.0771   3.165445    31.8660        663     2.7583     2.5066  0.000e+00
     25.865     6.0770   3.165445    31.8661        664     2.7625     2.5078  0.000e+00
     25.863     6.0768   3.165445    31.8663        665     2.7667     2.5066  0.000e+00
     25.845     6.0767   3.165506    31.8670        666     2.7708     2.5072  0.000e+00
     25.836     6.0769   3.165528    31.8672        667     2.7750     2.5072  0.000e+00
     25.815     6.0771   3.165545    31.8671        668     2.7792     2.5066  0.000e+00
     25.789     6.0775   3.165584    31.8672        669     2.7833     2.5063  0.000e+00
     25.758     6.0777   3.165545    31.8666        670     2.7875     2.5047  0.000e+00
     25.730     6.0779   3.165528    31.8662        671     2.7917     2.5048  0.000e+00
     25.697     6.0780   3.165545    31.8664        672     2.7958     2.5038  0.000e+00
     25.666     6.0778   3.165528    31.8663        673     2.8000     2.5038  0.000e+00
     25.637     6.0779   3.165528    31.8663        674     2.8042     2.5041  0.000e+00
     25.610     6.0778   3.165528    31.8664        675     2.8083     2.5047  0.000e+00
     25.596     6.0777   3.165528    31.8664        676     2.8125     2.5049  0.000e+00
     25.587     6.0777   3.165545    31.8666        677     2.8167     2.5045  0.000e+00
     25.592     6.0778   3.165567    31.8668        678     2.8208     2.5047  0.000e+00
     25.599     6.0780   3.165567    31.8667        679     2.8250     2.5041  0.000e+00
     25.607     6.0782   3.165556    31.8663        680     2.8292     2.5049  0.000e+00
     25.621     6.0783   3.165567    31.8664        681     2.8333     2.5043  0.000e+00
     25.661     6.0783   3.165545    31.8661        682     2.8375     2.5047  0.000e+00
     25.702     6.0781   3.165567    31.8664        683     2.8417     2.5041  0.000e+00
     25.738     6.0781   3.165545    31.8662        684     2.8458     2.5035  0.000e+00
     25.784     6.0782   3.165545    31.8661        685     2.8500     2.5053  0.000e+00
     25.838     6.0780   3.165545    31.8662        686     2.8542     2.5045  0.000e+00
     25.892     6.0780   3.165545    31.8662        687     2.8583     2.5050  0.000e+00
     25.946     6.0780   3.165567    31.8665        688     2.8625     2.5046  0.000e+00
     26.002     6.0780   3.165584    31.8666        689     2.8667     2.5054  0.000e+00
     26.055     6.0780   3.165567    31.8664        690     2.8708     2.5043  0.000e+00
     26.107     6.0781   3.165567    31.8662        691     2.8750     2.5040  0.000e+00
     26.150     6.0780   3.165545    31.8661        692     2.8792     2.5047  0.000e+00
     26.197     6.0779   3.165545    31.8662        693     2.8833     2.5031  0.000e+00
     26.250     6.0779   3.165545    31.8662        694     2.8875     2.5038  0.000e+00
     26.288     6.0779   3.165584    31.8666        695     2.8917     2.5034  0.000e+00
     26.329     6.0779   3.165584    31.8665        696     2.8958     2.5034  0.000e+00
     26.365     6.0779   3.165567    31.8663        697     2.9000     2.5038  0.000e+00
     26.393     6.0780   3.165584    31.8665        698     2.9042     2.5037  0.000e+00
     26.425     6.0779   3.165606    31.8667        699     2.9083     2.5037  0.000e+00
     26.440     6.0780   3.165606    31.8667        700     2.9125     2.5041  0.000e+00
     26.459     6.0781   3.165606    31.8665        701     2.9167     2.5031  0.000e+00
     26.467     6.0783   3.165606    31.8664        702     2.9208     2.5041  0.000e+00
     26.468     6.0783   3.165606    31.8663        703     2.9250     2.5035  0.000e+00
     26.454     6.0783   3.165639    31.8668        704     2.9292     2.5034  0.000e+00
     26.445     6.0784   3.165644    31.8667        705     2.9333     2.5031  0.000e+00
     26.445     6.0785   3.165622    31.8664        706     2.9375     2.5036  0.000e+00
     26.439     6.0787   3.165622    31.8662        707     2.9417     2.5031  0.000e+00
     26.430     6.0785   3.165644    31.8666        708     2.9458     2.5018  0.000e+00
     26.427     6.0787   3.165644    31.8665        709     2.9500     2.5021  0.000e+00
     26.418     6.0787   3.165622    31.8662        710     2.9542     2.5025  0.000e+00
     26.412     6.0788   3.165644    31.8664        711     2.9583     2.5014  0.000e+00
     26.405     6.0789   3.165667    31.8665        712     2.9625     2.5012  0.000e+00
     26.402     6.0789   3.165667    31.8665        713     2.9667     2.5005  0.000e+00
     26.391     6.0790   3.165667    31.8665        714     2.9708     2.5016  0.000e+00
     26.373     6.0791   3.165644    31.8661        715     2.9750     2.5005  0.000e+00
     26.353     6.0791   3.165644    31.8661        716     2.9792     2.5028  0.000e+00
     26.335     6.0789   3.165622    31.8660        717     2.9833     2.5036  0.000e+00
     26.306     6.0789   3.165584    31.8656        718     2.9875     2.5038  0.000e+00
     26.275     6.0787   3.165606    31.8661        719     2.9917     2.5029  0.000e+00
     26.235     6.0786   3.165622    31.8664        720     2.9958     2.5035  0.000e+00
     26.205     6.0786   3.165622    31.8664        721     3.0000     2.5056  0.000e+00
     26.168     6.0787   3.165622    31.8663        722     3.0042     2.5052  0.000e+00
     26.132     6.0787   3.165644    31.8666        723     3.0083     2.5047  0.000e+00
     26.100     6.0788   3.165644    31.8665        724     3.0125     2.5050  0.000e+00
     26.078     6.0789   3.165644    31.8664        725     3.0167     2.5068  0.000e+00
     26.060     6.0788   3.165545    31.8654        726     3.0208     2.5068  0.000e+00
     26.046     6.0788   3.165545    31.8654        727     3.0250     2.5060  0.000e+00
     26.044     6.0784   3.165539    31.8657        728     3.0292     2.5060  0.000e+00
     26.051     6.0782   3.165545    31.8660        729     3.0333     2.5064  0.000e+00
