HB2402/sbe093.cnv
* Sea-Bird SBE 19plus V2 Data File:
* FileName = C:\cruise\data\sbe093.hex
* Software Version Seasave V 7.26.7.121
* Temperature SN = 7037
* Conductivity SN = 7037
* System UpLoad Time = Apr 27 2024 04:54:56
* NMEA Latitude = 40 55.69 N
* NMEA Longitude = 066 34.64 W
* NMEA UTC (Time) = Apr 27 2024  04:53:39
** Ship: Bigelow
** Cruise:  HB2402
** Program:  Spring Bottom Trawl
# nquan = 8
# nvalues = 2458                                  
# units = specified
# name 0 = depSM: Depth [salt water, m]
# name 1 = tv290C: Temperature [ITS-90, deg C]
# name 2 = c0S/m: Conductivity [S/m]
# name 3 = sal00: Salinity, Practical [PSU]
# name 4 = scan: Scan Count
# name 5 = timeM: Time, Elapsed [minutes]
# name 6 = sbeox0V: Oxygen raw, SBE 43 [V]
# name 7 = flag:  0.000e+00
# span 0 =      0.136,    135.985                 
# span 1 =     5.3796,     9.0431                 
# span 2 =   0.079979,   3.689188                 
# span 3 =     0.6372,    34.6510                 
# span 4 =         11,       2468                 
# span 5 =     0.0417,    10.2792                 
# span 6 =     1.8480,     2.3145                 
# span 7 = 0.0000e+00, 0.0000e+00                 
# interval = seconds: 0.25
# start_time = Apr 27 2024 04:53:39 [NMEA time, header]
# bad_flag = -9.990e-29
*END*
[from data line 1798]
     74.638     6.1404   3.286602    33.1338       1809     7.5333     2.0692  0.000e+00
     74.665     6.1407   3.286748    33.1351       1810     7.5375     2.0683  0.000e+00
     74.677     6.1411   3.286826    33.1356       1811     7.5417     2.0689  0.000e+00
     74.695     6.1416   3.287000    33.1370       1812     7.5458     2.0693  0.000e+00
     74.704     6.1422   3.287011    33.1366       1813     7.5500     2.0704  0.000e+00
     74.699     6.1427   3.287056    33.1366       1814     7.5542     2.0706  0.000e+00
     74.703     6.1430   3.287157    33.1374       1815     7.5583     2.0715  0.000e+00
     74.699     6.1434   3.287095    33.1364       1816     7.5625     2.0712  0.000e+00
     74.683     6.1436   3.286972    33.1348       1817     7.5667     2.0710  0.000e+00
     74.672     6.1436   3.286849    33.1335       1818     7.5708     2.0710  0.000e+00
     74.656     6.1431   3.286961    33.1351       1819     7.5750     2.0705  0.000e+00
     74.641     6.1432   3.286950    33.1350       1820     7.5792     2.0715  0.000e+00
     74.623     6.1432   3.286950    33.1350       1821     7.5833     2.0712  0.000e+00
     74.605     6.1431   3.286865    33.1341       1822     7.5875     2.0710  0.000e+00
     74.594     6.1430   3.286765    33.1331       1823     7.5917     2.0709  0.000e+00
     74.591     6.1427   3.286787    33.1337       1824     7.5958     2.0710  0.000e+00
     74.596     6.1424   3.286703    33.1330       1825     7.6000     2.0715  0.000e+00
     74.609     6.1423   3.286686    33.1329       1826     7.6042     2.0715  0.000e+00
     74.643     6.1421   3.286641    33.1326       1827     7.6083     2.0709  0.000e+00
     74.692     6.1420   3.286748    33.1339       1828     7.6125     2.0712  0.000e+00
     74.750     6.1420   3.286826    33.1347       1829     7.6167     2.0712  0.000e+00
     74.817     6.1423   3.286933    33.1356       1830     7.6208     2.0705  0.000e+00
     74.880     6.1426   3.287011    33.1362       1831     7.6250     2.0712  0.000e+00
     74.956     6.1430   3.286983    33.1354       1832     7.6292     2.0712  0.000e+00
     75.023     6.1431   3.287034    33.1358       1833     7.6333     2.0711  0.000e+00
     75.077     6.1434   3.287073    33.1359       1834     7.6375     2.0699  0.000e+00
     75.126     6.1436   3.287180    33.1369       1835     7.6417     2.0699  0.000e+00
     75.153     6.1436   3.287477    33.1402       1836     7.6458     2.0693  0.000e+00
     75.175     6.1444   3.287404    33.1386       1837     7.6500     2.0687  0.000e+00
     75.180     6.1449   3.287449    33.1386       1838     7.6542     2.0680  0.000e+00
     75.184     6.1453   3.287555    33.1394       1839     7.6583     2.0686  0.000e+00
     75.180     6.1457   3.287757    33.1413       1840     7.6625     2.0695  0.000e+00
     75.171     6.1462   3.287735    33.1405       1841     7.6667     2.0696  0.000e+00
     75.164     6.1469   3.287774    33.1403       1842     7.6708     2.0702  0.000e+00
     75.142     6.1473   3.287454    33.1364       1843     7.6750     2.0702  0.000e+00
     75.135     6.1471   3.287280    33.1346       1844     7.6792     2.0706  0.000e+00
     75.135     6.1463   3.287280    33.1354       1845     7.6833     2.0705  0.000e+00
     75.150     6.1460   3.287454    33.1377       1846     7.6875     2.0693  0.000e+00
     75.146     6.1459   3.287712    33.1406       1847     7.6917     2.0704  0.000e+00
     75.155     6.1464   3.287920    33.1425       1848     7.6958     2.0709  0.000e+00
     75.157     6.1471   3.287712    33.1395       1849     7.7000     2.0706  0.000e+00
     75.164     6.1475   3.287651    33.1384       1850     7.7042     2.0706  0.000e+00
     75.173     6.1475   3.287572    33.1375       1851     7.7083     2.0713  0.000e+00
     75.182     6.1474   3.287959    33.1419       1852     7.7125     2.0705  0.000e+00
     75.166     6.1478   3.288065    33.1427       1853     7.7167     2.0717  0.000e+00
     75.161     6.1485   3.288004    33.1413       1854     7.7208     2.0707  0.000e+00
     75.182     6.1488   3.287836    33.1392       1855     7.7250     2.0710  0.000e+00
     75.209     6.1488   3.287673    33.1373       1856     7.7292     2.0712  0.000e+00
     75.227     6.1484   3.287796    33.1391       1857     7.7333     2.0707  0.000e+00
     75.253     6.1481   3.287858    33.1400       1858     7.7375     2.0711  0.000e+00
     75.283     6.1483   3.287959    33.1410       1859     7.7417     2.0702  0.000e+00
     75.320     6.1486   3.288122    33.1424       1860     7.7458     2.0700  0.000e+00
     75.358     6.1492   3.288290    33.1438       1861     7.7500     2.0706  0.000e+00
     75.410     6.1499   3.288396    33.1442       1862     7.7542     2.0703  0.000e+00
     75.459     6.1507   3.288396    33.1434       1863     7.7583     2.0710  0.000e+00
     75.509     6.1512   3.288475    33.1438       1864     7.7625     2.0708  0.000e+00
     75.562     6.1517   3.288598    33.1447       1865     7.7667     2.0702  0.000e+00
     75.612     6.1520   3.288621    33.1445       1866     7.7708     2.0693  0.000e+00
     75.654     6.1526   3.288615    33.1439       1867     7.7750     2.0702  0.000e+00
     75.697     6.1530   3.288598    33.1433       1868     7.7792     2.0696  0.000e+00
     75.723     6.1530   3.288682    33.1443       1869     7.7833     2.0692  0.000e+00
     75.724     6.1532   3.288733    33.1446       1870     7.7875     2.0691  0.000e+00
     75.719     6.1534   3.288783    33.1449       1871     7.7917     2.0695  0.000e+00
     75.708     6.1536   3.288845    33.1455       1872     7.7958     2.0703  0.000e+00
     75.681     6.1538   3.288873    33.1456       1873     7.8000     2.0704  0.000e+00
     75.643     6.1543   3.288828    33.1446       1874     7.8042     2.0708  0.000e+00
     75.593     6.1544   3.288766    33.1438       1875     7.8083     2.0712  0.000e+00
     75.546     6.1544   3.288766    33.1439       1876     7.8125     2.0707  0.000e+00
     75.501     6.1543   3.288733    33.1437       1877     7.8167     2.0715  0.000e+00
     75.457     6.1541   3.288744    33.1439       1878     7.8208     2.0712  0.000e+00
     75.427     6.1541   3.288705    33.1435       1879     7.8250     2.0710  0.000e+00
     75.401     6.1540   3.288677    33.1433       1880     7.8292     2.0713  0.000e+00
     75.380     6.1540   3.288682    33.1435       1881     7.8333     2.0714  0.000e+00
     75.374     6.1538   3.288682    33.1436       1882     7.8375     2.0709  0.000e+00
     75.372     6.1538   3.288677    33.1435       1883     7.8417     2.0707  0.000e+00
     75.380     6.1538   3.288682    33.1436       1884     7.8458     2.0709  0.000e+00
     75.387     6.1538   3.288705    33.1439       1885     7.8500     2.0712  0.000e+00
     75.400     6.1538   3.288705    33.1439       1886     7.8542     2.0719  0.000e+00
     75.412     6.1538   3.288716    33.1440       1887     7.8583     2.0708  0.000e+00
     75.430     6.1540   3.288722    33.1439       1888     7.8625     2.0715  0.000e+00
     75.450     6.1539   3.288744    33.1442       1889     7.8667     2.0715  0.000e+00
     75.479     6.1541   3.288733    33.1439       1890     7.8708     2.0716  0.000e+00
     75.517     6.1541   3.288744    33.1440       1891     7.8750     2.0715  0.000e+00
     75.550     6.1541   3.288783    33.1443       1892     7.8792     2.0719  0.000e+00
     75.598     6.1544   3.288766    33.1439       1893     7.8833     2.0726  0.000e+00
     75.651     6.1544   3.288755    33.1437       1894     7.8875     2.0715  0.000e+00
     75.703     6.1543   3.288783    33.1441       1895     7.8917     2.0714  0.000e+00
     75.761     6.1544   3.288828    33.1444       1896     7.8958     2.0725  0.000e+00
     75.819     6.1545   3.288912    33.1452       1897     7.9000     2.0722  0.000e+00
     75.877     6.1547   3.288991    33.1460       1898     7.9042     2.0716  0.000e+00
     75.931     6.1551   3.289013    33.1458       1899     7.9083     2.0715  0.000e+00
     75.982     6.1553   3.289030    33.1458       1900     7.9125     2.0718  0.000e+00
     76.023     6.1555   3.289053    33.1458       1901     7.9167     2.0727  0.000e+00
     76.052     6.1557   3.289114    33.1463       1902     7.9208     2.0715  0.000e+00
     76.077     6.1559   3.289137    33.1463       1903     7.9250     2.0712  0.000e+00
     76.096     6.1560   3.289148    33.1463       1904     7.9292     2.0712  0.000e+00
     76.092     6.1562   3.289176    33.1465       1905     7.9333     2.0713  0.000e+00
     76.096     6.1565   3.289198    33.1464       1906     7.9375     2.0715  0.000e+00
     76.087     6.1565   3.289187    33.1463       1907     7.9417     2.0708  0.000e+00
     76.070     6.1567   3.289198    33.1463       1908     7.9458     2.0713  0.000e+00
     76.045     6.1568   3.289221    33.1464       1909     7.9500     2.0710  0.000e+00
     76.018     6.1568   3.289226    33.1464       1910     7.9542     2.0711  0.000e+00
     75.980     6.1569   3.289221    33.1463       1911     7.9583     2.0718  0.000e+00
     75.946     6.1569   3.289221    33.1463       1912     7.9625     2.0715  0.000e+00
     75.908     6.1570   3.289238    33.1464       1913     7.9667     2.0715  0.000e+00
     75.873     6.1571   3.289226    33.1462       1914     7.9708     2.0715  0.000e+00
     75.832     6.1571   3.289137    33.1452       1915     7.9750     2.0716  0.000e+00
     75.796     6.1571   3.288991    33.1437       1916     7.9792     2.0720  0.000e+00
     75.760     6.1568   3.288929    33.1433       1917     7.9833     2.0728  0.000e+00
     75.740     6.1564   3.288890    33.1433       1918     7.9875     2.0719  0.000e+00
     75.720     6.1560   3.288828    33.1430       1919     7.9917     2.0722  0.000e+00
     75.716     6.1555   3.288806    33.1431       1920     7.9958     2.0722  0.000e+00
     75.713     6.1553   3.288811    33.1434       1921     8.0000     2.0718  0.000e+00
     75.720     6.1551   3.288828    33.1438       1922     8.0042     2.0713  0.000e+00
     75.731     6.1550   3.288828    33.1439       1923     8.0083     2.0719  0.000e+00
     75.749     6.1551   3.288851    33.1441       1924     8.0125     2.0719  0.000e+00
     75.776     6.1552   3.288828    33.1437       1925     8.0167     2.0716  0.000e+00
     75.807     6.1551   3.288828    33.1438       1926     8.0208     2.0714  0.000e+00
     75.836     6.1550   3.288811    33.1436       1927     8.0250     2.0719  0.000e+00
     75.866     6.1550   3.288828    33.1438       1928     8.0292     2.0715  0.000e+00
     75.892     6.1550   3.288912    33.1447       1929     8.0333     2.0710  0.000e+00
     75.922     6.1551   3.288952    33.1451       1930     8.0375     2.0719  0.000e+00
     75.948     6.1553   3.288968    33.1451       1931     8.0417     2.0712  0.000e+00
     75.971     6.1555   3.288974    33.1449       1932     8.0458     2.0715  0.000e+00
     75.991     6.1556   3.289036    33.1455       1933     8.0500     2.0715  0.000e+00
     76.007     6.1558   3.289086    33.1458       1934     8.0542     2.0713  0.000e+00
     76.029     6.1561   3.289137    33.1462       1935     8.0583     2.0710  0.000e+00
     76.045     6.1564   3.289159    33.1461       1936     8.0625     2.0711  0.000e+00
     76.061     6.1566   3.289148    33.1458       1937     8.0667     2.0708  0.000e+00
     76.092     6.1567   3.289176    33.1459       1938     8.0708     2.0709  0.000e+00
     76.118     6.1569   3.289198    33.1460       1939     8.0750     2.0700  0.000e+00
     76.157     6.1570   3.289260    33.1466       1940     8.0792     2.0713  0.000e+00
     76.192     6.1573   3.289283    33.1465       1941     8.0833     2.0700  0.000e+00
     76.230     6.1575   3.289260    33.1461       1942     8.0875     2.0700  0.000e+00
     76.266     6.1576   3.289283    33.1461       1943     8.0917     2.0682  0.000e+00
     76.297     6.1576   3.289344    33.1468       1944     8.0958     2.0696  0.000e+00
     76.316     6.1578   3.289299    33.1462       1945     8.1000     2.0695  0.000e+00
     76.329     6.1580   3.289344    33.1464       1946     8.1042     2.0699  0.000e+00
     76.338     6.1580   3.289344    33.1464       1947     8.1083     2.0702  0.000e+00
     76.333     6.1582   3.289361    33.1465       1948     8.1125     2.0708  0.000e+00
     76.324     6.1582   3.289383    33.1467       1949     8.1167     2.0701  0.000e+00
     76.309     6.1582   3.289361    33.1464       1950     8.1208     2.0704  0.000e+00
     76.297     6.1584   3.289344    33.1461       1951     8.1250     2.0705  0.000e+00
     76.282     6.1584   3.289344    33.1461       1952     8.1292     2.0698  0.000e+00
     76.270     6.1582   3.289299    33.1457       1953     8.1333     2.0693  0.000e+00
     76.259     6.1581   3.289283    33.1457       1954     8.1375     2.0702  0.000e+00
     76.244     6.1581   3.289260    33.1455       1955     8.1417     2.0703  0.000e+00
     76.239     6.1580   3.289221    33.1451       1956     8.1458     2.0699  0.000e+00
     76.239     6.1579   3.289283    33.1459       1957     8.1500     2.0693  0.000e+00
     76.233     6.1579   3.289226    33.1452       1958     8.1542     2.0695  0.000e+00
     76.243     6.1578   3.289159    33.1446       1959     8.1583     2.0696  0.000e+00
     76.243     6.1576   3.289075    33.1438       1960     8.1625     2.0696  0.000e+00
     76.235     6.1574   3.289125    33.1447       1961     8.1667     2.0696  0.000e+00
     76.234     6.1571   3.289159    33.1453       1962     8.1708     2.0699  0.000e+00
     76.225     6.1571   3.289097    33.1447       1963     8.1750     2.0692  0.000e+00
     76.219     6.1569   3.289187    33.1458       1964     8.1792     2.0703  0.000e+00
     76.216     6.1569   3.289137    33.1453       1965     8.1833     2.0701  0.000e+00
     76.207     6.1570   3.289097    33.1447       1966     8.1875     2.0700  0.000e+00
     76.207     6.1569   3.289013    33.1438       1967     8.1917     2.0699  0.000e+00
     76.210     6.1567   3.288968    33.1436       1968     8.1958     2.0700  0.000e+00
     76.219     6.1563   3.288868    33.1428       1969     8.2000     2.0695  0.000e+00
     76.225     6.1561   3.288929    33.1437       1970     8.2042     2.0703  0.000e+00
     76.245     6.1557   3.288952    33.1443       1971     8.2083     2.0700  0.000e+00
     76.257     6.1557   3.288952    33.1443       1972     8.2125     2.0699  0.000e+00
     76.274     6.1558   3.289036    33.1452       1973     8.2167     2.0706  0.000e+00
     76.284     6.1560   3.288952    33.1440       1974     8.2208     2.0707  0.000e+00
     76.315     6.1560   3.288991    33.1445       1975     8.2250     2.0709  0.000e+00
     76.321     6.1560   3.288974    33.1443       1976     8.2292     2.0718  0.000e+00
     76.304     6.1560   3.288974    33.1443       1977     8.2333     2.0715  0.000e+00
     76.295     6.1559   3.288834    33.1428       1978     8.2375     2.0710  0.000e+00
     76.284     6.1557   3.288828    33.1430       1979     8.2417     2.0703  0.000e+00
     76.265     6.1553   3.289159    33.1470       1980     8.2458     2.0713  0.000e+00
     76.254     6.1557   3.289383    33.1491       1981     8.2500     2.0709  0.000e+00
     76.241     6.1568   3.289468    33.1491       1982     8.2542     2.0714  0.000e+00
     76.243     6.1576   3.289468    33.1482       1983     8.2583     2.0703  0.000e+00
     76.237     6.1584   3.289484    33.1477       1984     8.2625     2.0707  0.000e+00
     76.252     6.1587   3.289479    33.1473       1985     8.2667     2.0705  0.000e+00
     76.270     6.1590   3.289484    33.1471       1986     8.2708     2.0716  0.000e+00
     76.299     6.1593   3.289529    33.1473       1987     8.2750     2.0708  0.000e+00
