HB2402/sbe058.cnv
* Sea-Bird SBE 19plus V2 Data File:
* FileName = C:\cruise\data\sbe058.hex
* Software Version Seasave V 7.26.7.121
* Temperature SN = 7037
* Conductivity SN = 7037
* System UpLoad Time = Apr 06 2024 20:10:04
* NMEA Latitude = 39 51.02 N
* NMEA Longitude = 072 01.47 W
* NMEA UTC (Time) = Apr 06 2024  20:09:25
** Ship: Bigelow
** Cruise:  HB2304
** Program:  Fall Bottom Trawl
# nquan = 8
# nvalues = 1617                                  
# units = specified
# name 0 = depSM: Depth [salt water, m]
# name 1 = tv290C: Temperature [ITS-90, deg C]
# name 2 = c0S/m: Conductivity [S/m]
# name 3 = sal00: Salinity, Practical [PSU]
# name 4 = scan: Scan Count
# name 5 = timeM: Time, Elapsed [minutes]
# name 6 = sbeox0V: Oxygen raw, SBE 43 [V]
# name 7 = flag:  0.000e+00
# span 0 =     -0.099,    102.939                 
# span 1 =     6.0669,     9.7384                 
# span 2 =   0.035199,   3.687355                 
# span 3 =     0.2642,    34.0031                 
# span 4 =         11,       1627                 
# span 5 =     0.0417,     6.7750                 
# span 6 =     2.1411,     2.3922                 
# span 7 = 0.0000e+00, 0.0000e+00                 
# interval = seconds: 0.25
# start_time = Apr 06 2024 20:09:25 [NMEA time, header]
# bad_flag = -9.990e-29
*END*
[from data line 1439]
     25.418     6.2535   3.204796    32.1377       1450     6.0375     2.3606  0.000e+00
     25.221     6.2547   3.204751    32.1362       1451     6.0417     2.3597  0.000e+00
     24.997     6.2555   3.204751    32.1355       1452     6.0458     2.3598  0.000e+00
     24.735     6.2564   3.204729    32.1346       1453     6.0500     2.3610  0.000e+00
     24.444     6.2571   3.204707    32.1338       1454     6.0542     2.3612  0.000e+00
     24.113     6.2576   3.204690    32.1333       1455     6.0583     2.3616  0.000e+00
     23.784     6.2578   3.204690    32.1333       1456     6.0625     2.3610  0.000e+00
     23.435     6.2579   3.204728    32.1338       1457     6.0667     2.3624  0.000e+00
     23.108     6.2585   3.204906    32.1354       1458     6.0708     2.3625  0.000e+00
     22.805     6.2596   3.204989    32.1354       1459     6.0750     2.3631  0.000e+00
     22.528     6.2612   3.205205    32.1364       1460     6.0792     2.3632  0.000e+00
     22.297     6.2630   3.205205    32.1348       1461     6.0833     2.3631  0.000e+00
     22.115     6.2644   3.204928    32.1305       1462     6.0875     2.3651  0.000e+00
     21.977     6.2643   3.204706    32.1282       1463     6.0917     2.3650  0.000e+00
     21.876     6.2627   3.204767    32.1304       1464     6.0958     2.3645  0.000e+00
     21.804     6.2618   3.204794    32.1317       1465     6.1000     2.3649  0.000e+00
     21.762     6.2616   3.204828    32.1322       1466     6.1042     2.3654  0.000e+00
     21.708     6.2617   3.205250    32.1368       1467     6.1083     2.3655  0.000e+00
     21.657     6.2634   3.205466    32.1376       1468     6.1125     2.3652  0.000e+00
     21.587     6.2659   3.205510    32.1358       1469     6.1167     2.3662  0.000e+00
     21.491     6.2682   3.205510    32.1337       1470     6.1208     2.3660  0.000e+00
     21.365     6.2695   3.205549    32.1329       1471     6.1250     2.3671  0.000e+00
     21.224     6.2706   3.205627    32.1329       1472     6.1292     2.3677  0.000e+00
     21.030     6.2715   3.205810    32.1341       1473     6.1333     2.3679  0.000e+00
     20.804     6.2730   3.205766    32.1323       1474     6.1375     2.3685  0.000e+00
     20.541     6.2740   3.205727    32.1310       1475     6.1417     2.3691  0.000e+00
     20.251     6.2744   3.205788    32.1315       1476     6.1458     2.3694  0.000e+00
     19.953     6.2748   3.205749    32.1308       1477     6.1500     2.3696  0.000e+00
     19.651     6.2751   3.205810    32.1314       1478     6.1542     2.3698  0.000e+00
     19.353     6.2754   3.205748    32.1305       1479     6.1583     2.3694  0.000e+00
     19.062     6.2757   3.205726    32.1302       1480     6.1625     2.3692  0.000e+00
     18.798     6.2758   3.205765    32.1306       1481     6.1667     2.3708  0.000e+00
     18.569     6.2760   3.205687    32.1297       1482     6.1708     2.3703  0.000e+00
     18.361     6.2758   3.205665    32.1297       1483     6.1750     2.3704  0.000e+00
     18.184     6.2757   3.205765    32.1310       1484     6.1792     2.3703  0.000e+00
     18.032     6.2759   3.205809    32.1314       1485     6.1833     2.3706  0.000e+00
     17.900     6.2764   3.205887    32.1319       1486     6.1875     2.3707  0.000e+00
     17.785     6.2770   3.206248    32.1353       1487     6.1917     2.3721  0.000e+00
     17.678     6.2789   3.206747    32.1391       1488     6.1958     2.3724  0.000e+00
     17.573     6.2819   3.206725    32.1361       1489     6.2000     2.3729  0.000e+00
     17.443     6.2845   3.206386    32.1299       1490     6.2042     2.3739  0.000e+00
     17.306     6.2852   3.206747    32.1334       1491     6.2083     2.3734  0.000e+00
     17.157     6.2862   3.206908    32.1343       1492     6.2125     2.3748  0.000e+00
     16.997     6.2879   3.206969    32.1334       1493     6.2167     2.3745  0.000e+00
     16.801     6.2892   3.206891    32.1315       1494     6.2208     2.3754  0.000e+00
     16.585     6.2901   3.206869    32.1304       1495     6.2250     2.3758  0.000e+00
     16.348     6.2904   3.206824    32.1298       1496     6.2292     2.3754  0.000e+00
     16.088     6.2906   3.206808    32.1295       1497     6.2333     2.3764  0.000e+00
     15.819     6.2904   3.206724    32.1289       1498     6.2375     2.3771  0.000e+00
     15.549     6.2902   3.206585    32.1277       1499     6.2417     2.3774  0.000e+00
     15.266     6.2894   3.206769    32.1306       1500     6.2458     2.3775  0.000e+00
     14.978     6.2895   3.206824    32.1313       1501     6.2500     2.3784  0.000e+00
     14.702     6.2900   3.206746    32.1301       1502     6.2542     2.3777  0.000e+00
     14.443     6.2906   3.206824    32.1305       1503     6.2583     2.3780  0.000e+00
     14.203     6.2908   3.206824    32.1304       1504     6.2625     2.3778  0.000e+00
     13.981     6.2910   3.206624    32.1281       1505     6.2667     2.3795  0.000e+00
     13.784     6.2906   3.206568    32.1280       1506     6.2708     2.3792  0.000e+00
     13.603     6.2899   3.206524    32.1283       1507     6.2750     2.3795  0.000e+00
     13.453     6.2893   3.206546    32.1291       1508     6.2792     2.3791  0.000e+00
     13.314     6.2889   3.206668    32.1309       1509     6.2833     2.3783  0.000e+00
     13.177     6.2891   3.206685    32.1310       1510     6.2875     2.3789  0.000e+00
     13.059     6.2896   3.206724    32.1310       1511     6.2917     2.3794  0.000e+00
     12.944     6.2900   3.206807    32.1316       1512     6.2958     2.3783  0.000e+00
     12.825     6.2906   3.206768    32.1307       1513     6.3000     2.3784  0.000e+00
     12.709     6.2909   3.206768    32.1304       1514     6.3042     2.3789  0.000e+00
     12.561     6.2912   3.206723    32.1298       1515     6.3083     2.3793  0.000e+00
     12.403     6.2912   3.206746    32.1300       1516     6.3125     2.3794  0.000e+00
     12.228     6.2912   3.206723    32.1299       1517     6.3167     2.3787  0.000e+00
     12.024     6.2913   3.206723    32.1299       1518     6.3208     2.3800  0.000e+00
     11.795     6.2914   3.206745    32.1302       1519     6.3250     2.3801  0.000e+00
     11.543     6.2915   3.206823    32.1310       1520     6.3292     2.3803  0.000e+00
     11.272     6.2920   3.206806    32.1305       1521     6.3333     2.3800  0.000e+00
     11.003     6.2922   3.206701    32.1293       1522     6.3375     2.3803  0.000e+00
     10.725     6.2920   3.206706    32.1297       1523     6.3417     2.3813  0.000e+00
     10.447     6.2920   3.206723    32.1299       1524     6.3458     2.3802  0.000e+00
     10.188     6.2920   3.206684    32.1296       1525     6.3500     2.3810  0.000e+00
      9.955     6.2920   3.206706    32.1300       1526     6.3542     2.3816  0.000e+00
      9.753     6.2921   3.206722    32.1302       1527     6.3583     2.3817  0.000e+00
      9.575     6.2922   3.206645    32.1293       1528     6.3625     2.3823  0.000e+00
      9.424     6.2920   3.206645    32.1296       1529     6.3667     2.3824  0.000e+00
      9.286     6.2918   3.206722    32.1307       1530     6.3708     2.3826  0.000e+00
      9.178     6.2920   3.206744    32.1308       1531     6.3750     2.3814  0.000e+00
      9.082     6.2924   3.206706    32.1301       1532     6.3792     2.3823  0.000e+00
      8.990     6.2925   3.206722    32.1303       1533     6.3833     2.3835  0.000e+00
      8.882     6.2926   3.206706    32.1300       1534     6.3875     2.3824  0.000e+00
      8.768     6.2926   3.206667    32.1296       1535     6.3917     2.3824  0.000e+00
      8.625     6.2926   3.206700    32.1300       1536     6.3958     2.3834  0.000e+00
      8.450     6.2925   3.206644    32.1296       1537     6.4000     2.3832  0.000e+00
      8.244     6.2925   3.206622    32.1295       1538     6.4042     2.3832  0.000e+00
      8.000     6.2923   3.206766    32.1314       1539     6.4083     2.3832  0.000e+00
      7.714     6.2927   3.206866    32.1322       1540     6.4125     2.3841  0.000e+00
      7.413     6.2934   3.206766    32.1306       1541     6.4167     2.3832  0.000e+00
      7.100     6.2938   3.206644    32.1290       1542     6.4208     2.3845  0.000e+00
      6.767     6.2937   3.206805    32.1311       1543     6.4250     2.3837  0.000e+00
      6.442     6.2939   3.206744    32.1304       1544     6.4292     2.3842  0.000e+00
      6.137     6.2940   3.206644    32.1293       1545     6.4333     2.3848  0.000e+00
      5.880     6.2939   3.206582    32.1289       1546     6.4375     2.3861  0.000e+00
      5.671     6.2935   3.206643    32.1300       1547     6.4417     2.3850  0.000e+00
      5.494     6.2935   3.206666    32.1303       1548     6.4458     2.3844  0.000e+00
      5.335     6.2936   3.206682    32.1305       1549     6.4500     2.3858  0.000e+00
      5.201     6.2939   3.206660    32.1301       1550     6.4542     2.3860  0.000e+00
      5.064     6.2940   3.206704    32.1305       1551     6.4583     2.3862  0.000e+00
      4.944     6.2941   3.206721    32.1306       1552     6.4625     2.3852  0.000e+00
      4.829     6.2944   3.206765    32.1309       1553     6.4667     2.3865  0.000e+00
      4.709     6.2948   3.206765    32.1306       1554     6.4708     2.3859  0.000e+00
      4.570     6.2950   3.206965    32.1327       1555     6.4750     2.3859  0.000e+00
      4.424     6.2957   3.206982    32.1323       1556     6.4792     2.3868  0.000e+00
      4.267     6.2967   3.207043    32.1321       1557     6.4833     2.3867  0.000e+00
      4.088     6.2976   3.207004    32.1309       1558     6.4875     2.3868  0.000e+00
      3.905     6.2980   3.206965    32.1302       1559     6.4917     2.3868  0.000e+00
      3.732     6.2981   3.206904    32.1295       1560     6.4958     2.3870  0.000e+00
      3.560     6.2981   3.206965    32.1303       1561     6.5000     2.3868  0.000e+00
      3.381     6.2980   3.207026    32.1311       1562     6.5042     2.3866  0.000e+00
      3.177     6.2985   3.207042    32.1309       1563     6.5083     2.3860  0.000e+00
      2.959     6.2988   3.207042    32.1307       1564     6.5125     2.3868  0.000e+00
      2.742     6.2991   3.207026    32.1303       1565     6.5167     2.3877  0.000e+00
      2.514     6.2993   3.206981    32.1298       1566     6.5208     2.3868  0.000e+00
      2.281     6.2993   3.207003    32.1302       1567     6.5250     2.3875  0.000e+00
      2.046     6.2993   3.207042    32.1307       1568     6.5292     2.3863  0.000e+00
      1.802     6.2997   3.207025    32.1302       1569     6.5333     2.3876  0.000e+00
      1.578     6.2998   3.207025    32.1303       1570     6.5375     2.3884  0.000e+00
      1.341     6.2999   3.206981    32.1298       1571     6.5417     2.3892  0.000e+00
      1.107     6.3000   3.206942    32.1294       1572     6.5458     2.3894  0.000e+00
      0.864     6.2999   3.207064    32.1309       1573     6.5500     2.3891  0.000e+00
      0.582     6.3001   3.207203    32.1324       1574     6.5542     2.3902  0.000e+00
      0.266     6.3011   3.207203    32.1317       1575     6.5583     2.3907  0.000e+00
     -0.012     6.3018   2.938088    29.1641       1576     6.5625     2.3920  0.000e+00
     -0.086     6.3018   0.744974     6.5740       1577     6.5667     2.3912  0.000e+00
     -0.079     6.2981   0.479454     4.1028       1578     6.5708     2.3922  0.000e+00
     -0.081     6.2865   0.399605     3.3801       1579     6.5750     2.3919  0.000e+00
     -0.079     6.2734   0.384513     3.2457       1580     6.5792     2.3909  0.000e+00
     -0.081     6.2670   0.346590     2.9070       1581     6.5833     2.3916  0.000e+00
     -0.083     6.2645   0.310046     2.5830       1582     6.5875     2.3887  0.000e+00
     -0.079     6.2618   0.282651     2.3419       1583     6.5917     2.3831  0.000e+00
     -0.077     6.2605   0.256179     2.1104       1584     6.5958     2.3742  0.000e+00
     -0.079     6.2605   0.242955     1.9954       1585     6.6000     2.3652  0.000e+00
     -0.084     6.2616   0.219275     1.7904       1586     6.6042     2.3550  0.000e+00
     -0.077     6.2626   0.198471     1.6116       1587     6.6083     2.3425  0.000e+00
     -0.079     6.2639   0.184972     1.4962       1588     6.6125     2.3327  0.000e+00
     -0.075     6.2654   0.180782     1.4604       1589     6.6167     2.3240  0.000e+00
     -0.079     6.2671   0.170379     1.3720       1590     6.6208     2.3190  0.000e+00
     -0.079     6.2681   0.150879     1.2073       1591     6.6250     2.3163  0.000e+00
     -0.083     6.2691   0.138379     1.1024       1592     6.6292     2.3172  0.000e+00
     -0.083     6.2706   0.129295     1.0265       1593     6.6333     2.3185  0.000e+00
     -0.081     6.2721   0.118691     0.9384       1594     6.6375     2.3223  0.000e+00
     -0.088     6.2733   0.113654     0.8966       1595     6.6417     2.3259  0.000e+00
     -0.088     6.2744   0.112551     0.8875       1596     6.6458     2.3290  0.000e+00
     -0.084     6.2759   0.109419     0.8616       1597     6.6500     2.3331  0.000e+00
     -0.086     6.2775   0.104207     0.8186       1598     6.6542     2.3370  0.000e+00
     -0.090     6.2788   0.100692     0.7897       1599     6.6583     2.3391  0.000e+00
     -0.090     6.2799   0.100596     0.7889       1600     6.6625     2.3415  0.000e+00
     -0.088     6.2813   0.100510     0.7882       1601     6.6667     2.3457  0.000e+00
     -0.090     6.2828   0.098155     0.7688       1602     6.6708     2.3468  0.000e+00
     -0.088     6.2842   0.094868     0.7419       1603     6.6750     2.3513  0.000e+00
     -0.086     6.2852   0.096614     0.7562       1604     6.6792     2.3552  0.000e+00
     -0.086     6.2866   0.094325     0.7374       1605     6.6833     2.3541  0.000e+00
     -0.099     6.2880   0.086344     0.6723       1606     6.6875     2.3553  0.000e+00
     -0.093     6.2894   0.085946     0.6690       1607     6.6917     2.3569  0.000e+00
     -0.084     6.2909   0.089710     0.6996       1608     6.6958     2.3591  0.000e+00
     -0.081     6.2922   0.089029     0.6941       1609     6.7000     2.3596  0.000e+00
     -0.079     6.2934   0.087911     0.6849       1610     6.7042     2.3617  0.000e+00
     -0.086     6.2936   0.083574     0.6497       1611     6.7083     2.3611  0.000e+00
     -0.084     6.2940   0.080340     0.6234       1612     6.7125     2.3617  0.000e+00
     -0.086     6.2951   0.078118     0.6054       1613     6.7167     2.3638  0.000e+00
     -0.081     6.2962   0.077183     0.5979       1614     6.7208     2.3649  0.000e+00
     -0.084     6.2966   0.071741     0.5539       1615     6.7250     2.3647  0.000e+00
     -0.088     6.2967   0.067915     0.5232       1616     6.7292     2.3649  0.000e+00
     -0.088     6.2975   0.064733     0.4976       1617     6.7333     2.3654  0.000e+00
     -0.095     6.2987   0.060551     0.4642       1618     6.7375     2.3661  0.000e+00
     -0.095     6.2999   0.057762     0.4419       1619     6.7417     2.3658  0.000e+00
     -0.086     6.3010   0.057503     0.4399       1620     6.7458     2.3668  0.000e+00
     -0.090     6.3014   0.057916     0.4432       1621     6.7500     2.3667  0.000e+00
     -0.088     6.3015   0.057839     0.4425       1622     6.7542     2.3671  0.000e+00
     -0.090     6.3023   0.054598     0.4168       1623     6.7583     2.3673  0.000e+00
     -0.092     6.3034   0.048818     0.3710       1624     6.7625     2.3679  0.000e+00
     -0.088     6.3044   0.044081     0.3337       1625     6.7667     2.3681  0.000e+00
     -0.088     6.3055   0.039796     0.3001       1626     6.7708     2.3677  0.000e+00
     -0.088     6.3065   0.035199     0.2642       1627     6.7750     2.3686  0.000e+00
