HB2402/sbe066.cnv
* Sea-Bird SBE 19plus V2 Data File:
* FileName = C:\cruise\data\sbe066.hex
* Software Version Seasave V 7.26.7.121
* Temperature SN = 7037
* Conductivity SN = 7037
* System UpLoad Time = Apr 09 2024 08:03:38
* NMEA Latitude = 40 39.73 N
* NMEA Longitude = 070 14.69 W
* NMEA UTC (Time) = Apr 09 2024  08:03:02
** Ship: Bigelow
** Cruise:  HB2304
** Program:  Fall Bottom Trawl
# nquan = 8
# nvalues = 1094                                  
# units = specified
# name 0 = depSM: Depth [salt water, m]
# name 1 = tv290C: Temperature [ITS-90, deg C]
# name 2 = c0S/m: Conductivity [S/m]
# name 3 = sal00: Salinity, Practical [PSU]
# name 4 = scan: Scan Count
# name 5 = timeM: Time, Elapsed [minutes]
# name 6 = sbeox0V: Oxygen raw, SBE 43 [V]
# name 7 = flag:  0.000e+00
# span 0 =     -0.002,     44.768                 
# span 1 =     5.5765,     5.8120                 
# span 2 =   0.128536,   3.134719                 
# span 3 =     1.0341,    31.8412                 
# span 4 =         11,       1104                 
# span 5 =     0.0417,     4.5958                 
# span 6 =     2.2161,     2.3792                 
# span 7 = 0.0000e+00, 0.0000e+00                 
# interval = seconds: 0.25
# start_time = Apr 09 2024 08:03:02 [NMEA time, header]
# bad_flag = -9.990e-29
*END*
[from data line 540]
     31.010     5.5819   3.120815    31.8301        551     2.2917     2.3358  0.000e+00
     31.038     5.5816   3.120837    31.8305        552     2.2958     2.3373  0.000e+00
     31.066     5.5816   3.120859    31.8307        553     2.3000     2.3366  0.000e+00
     31.090     5.5817   3.120854    31.8306        554     2.3042     2.3363  0.000e+00
     31.115     5.5816   3.120859    31.8307        555     2.3083     2.3360  0.000e+00
     31.133     5.5817   3.120876    31.8308        556     2.3125     2.3366  0.000e+00
     31.150     5.5817   3.120898    31.8311        557     2.3167     2.3363  0.000e+00
     31.150     5.5818   3.120876    31.8307        558     2.3208     2.3347  0.000e+00
     31.146     5.5819   3.120799    31.8298        559     2.3250     2.3347  0.000e+00
     31.130     5.5816   3.120689    31.8288        560     2.3292     2.3340  0.000e+00
     31.094     5.5811   3.120623    31.8286        561     2.3333     2.3350  0.000e+00
     31.068     5.5803   3.120584    31.8289        562     2.3375     2.3338  0.000e+00
     31.028     5.5796   3.120568    31.8294        563     2.3417     2.3336  0.000e+00
     30.999     5.5792   3.120546    31.8296        564     2.3458     2.3341  0.000e+00
     30.969     5.5787   3.120529    31.8298        565     2.3500     2.3340  0.000e+00
     30.954     5.5784   3.120529    31.8302        566     2.3542     2.3337  0.000e+00
     30.951     5.5781   3.120546    31.8306        567     2.3583     2.3337  0.000e+00
     30.949     5.5780   3.120568    31.8310        568     2.3625     2.3337  0.000e+00
     30.958     5.5780   3.120568    31.8310        569     2.3667     2.3334  0.000e+00
     30.961     5.5780   3.120568    31.8309        570     2.3708     2.3332  0.000e+00
     30.967     5.5780   3.120568    31.8309        571     2.3750     2.3340  0.000e+00
     30.970     5.5780   3.120568    31.8309        572     2.3792     2.3337  0.000e+00
     30.967     5.5781   3.120568    31.8309        573     2.3833     2.3337  0.000e+00
     30.965     5.5779   3.120568    31.8310        574     2.3875     2.3340  0.000e+00
     30.960     5.5780   3.120606    31.8314        575     2.3917     2.3344  0.000e+00
     30.954     5.5782   3.120623    31.8313        576     2.3958     2.3338  0.000e+00
     30.942     5.5785   3.120606    31.8309        577     2.4000     2.3328  0.000e+00
     30.934     5.5785   3.120606    31.8309        578     2.4042     2.3331  0.000e+00
     30.925     5.5785   3.120606    31.8309        579     2.4083     2.3336  0.000e+00
     30.922     5.5785   3.120584    31.8306        580     2.4125     2.3335  0.000e+00
     30.907     5.5785   3.120568    31.8305        581     2.4167     2.3317  0.000e+00
     30.900     5.5784   3.120568    31.8306        582     2.4208     2.3324  0.000e+00
     30.906     5.5782   3.120568    31.8308        583     2.4250     2.3327  0.000e+00
     30.918     5.5782   3.120568    31.8307        584     2.4292     2.3331  0.000e+00
     30.929     5.5780   3.120568    31.8309        585     2.4333     2.3338  0.000e+00
     30.936     5.5781   3.120568    31.8308        586     2.4375     2.3340  0.000e+00
     30.942     5.5781   3.120568    31.8309        587     2.4417     2.3335  0.000e+00
     30.960     5.5781   3.120568    31.8308        588     2.4458     2.3331  0.000e+00
     30.967     5.5781   3.120568    31.8308        589     2.4500     2.3337  0.000e+00
     30.963     5.5782   3.120546    31.8305        590     2.4542     2.3334  0.000e+00
     30.951     5.5781   3.120568    31.8309        591     2.4583     2.3339  0.000e+00
     30.931     5.5781   3.120546    31.8306        592     2.4625     2.3335  0.000e+00
     30.909     5.5781   3.120546    31.8306        593     2.4667     2.3337  0.000e+00
     30.886     5.5781   3.120546    31.8307        594     2.4708     2.3324  0.000e+00
     30.866     5.5781   3.120546    31.8307        595     2.4750     2.3325  0.000e+00
     30.835     5.5780   3.120546    31.8308        596     2.4792     2.3317  0.000e+00
     30.806     5.5780   3.120529    31.8306        597     2.4833     2.3316  0.000e+00
     30.784     5.5780   3.120546    31.8308        598     2.4875     2.3315  0.000e+00
     30.770     5.5779   3.120529    31.8307        599     2.4917     2.3323  0.000e+00
     30.761     5.5780   3.120546    31.8308        600     2.4958     2.3318  0.000e+00
     30.755     5.5780   3.120584    31.8313        601     2.5000     2.3327  0.000e+00
     30.754     5.5781   3.120590    31.8312        602     2.5042     2.3329  0.000e+00
     30.755     5.5781   3.120568    31.8309        603     2.5083     2.3337  0.000e+00
     30.763     5.5783   3.120568    31.8308        604     2.5125     2.3334  0.000e+00
     30.768     5.5782   3.120568    31.8308        605     2.5167     2.3340  0.000e+00
     30.764     5.5782   3.120529    31.8304        606     2.5208     2.3338  0.000e+00
     30.759     5.5781   3.120584    31.8311        607     2.5250     2.3328  0.000e+00
     30.753     5.5781   3.120606    31.8314        608     2.5292     2.3333  0.000e+00
     30.744     5.5782   3.120661    31.8319        609     2.5333     2.3331  0.000e+00
     30.735     5.5785   3.120700    31.8321        610     2.5375     2.3333  0.000e+00
     30.723     5.5789   3.120645    31.8310        611     2.5417     2.3326  0.000e+00
     30.705     5.5792   3.120568    31.8300        612     2.5458     2.3322  0.000e+00
     30.681     5.5789   3.120546    31.8300        613     2.5500     2.3328  0.000e+00
     30.663     5.5786   3.120546    31.8302        614     2.5542     2.3318  0.000e+00
     30.650     5.5785   3.120546    31.8304        615     2.5583     2.3320  0.000e+00
     30.632     5.5782   3.120546    31.8306        616     2.5625     2.3319  0.000e+00
     30.616     5.5782   3.120546    31.8307        617     2.5667     2.3324  0.000e+00
     30.598     5.5781   3.120546    31.8308        618     2.5708     2.3313  0.000e+00
     30.587     5.5781   3.120546    31.8308        619     2.5750     2.3315  0.000e+00
     30.578     5.5780   3.120546    31.8309        620     2.5792     2.3301  0.000e+00
     30.573     5.5782   3.120546    31.8307        621     2.5833     2.3317  0.000e+00
     30.565     5.5782   3.120546    31.8307        622     2.5875     2.3303  0.000e+00
     30.551     5.5782   3.120568    31.8310        623     2.5917     2.3305  0.000e+00
     30.540     5.5783   3.120584    31.8310        624     2.5958     2.3304  0.000e+00
     30.531     5.5784   3.120584    31.8310        625     2.6000     2.3301  0.000e+00
     30.524     5.5785   3.120590    31.8310        626     2.6042     2.3307  0.000e+00
     30.513     5.5785   3.120568    31.8307        627     2.6083     2.3308  0.000e+00
     30.511     5.5785   3.120568    31.8307        628     2.6125     2.3321  0.000e+00
     30.515     5.5785   3.120546    31.8305        629     2.6167     2.3318  0.000e+00
     30.524     5.5784   3.120568    31.8308        630     2.6208     2.3312  0.000e+00
     30.544     5.5784   3.120546    31.8305        631     2.6250     2.3304  0.000e+00
     30.565     5.5784   3.120568    31.8307        632     2.6292     2.3314  0.000e+00
     30.587     5.5784   3.120568    31.8307        633     2.6333     2.3308  0.000e+00
     30.618     5.5782   3.120568    31.8309        634     2.6375     2.3313  0.000e+00
     30.645     5.5784   3.120584    31.8309        635     2.6417     2.3314  0.000e+00
     30.683     5.5784   3.120546    31.8304        636     2.6458     2.3318  0.000e+00
     30.714     5.5782   3.120568    31.8308        637     2.6500     2.3315  0.000e+00
     30.744     5.5782   3.120568    31.8308        638     2.6542     2.3301  0.000e+00
     30.771     5.5781   3.120568    31.8309        639     2.6583     2.3307  0.000e+00
     30.804     5.5782   3.120568    31.8308        640     2.6625     2.3289  0.000e+00
     30.826     5.5782   3.120546    31.8306        641     2.6667     2.3293  0.000e+00
     30.842     5.5781   3.120568    31.8309        642     2.6708     2.3283  0.000e+00
     30.855     5.5781   3.120568    31.8309        643     2.6750     2.3287  0.000e+00
     30.858     5.5782   3.120546    31.8306        644     2.6792     2.3294  0.000e+00
     30.856     5.5782   3.120584    31.8310        645     2.6833     2.3297  0.000e+00
     30.847     5.5782   3.120623    31.8314        646     2.6875     2.3297  0.000e+00
     30.836     5.5784   3.120623    31.8312        647     2.6917     2.3298  0.000e+00
     30.815     5.5786   3.120645    31.8313        648     2.6958     2.3302  0.000e+00
     30.797     5.5788   3.120645    31.8311        649     2.7000     2.3299  0.000e+00
     30.770     5.5790   3.120711    31.8317        650     2.7042     2.3305  0.000e+00
     30.744     5.5793   3.120738    31.8318        651     2.7083     2.3320  0.000e+00
     30.726     5.5796   3.120700    31.8310        652     2.7125     2.3316  0.000e+00
     30.706     5.5798   3.120700    31.8309        653     2.7167     2.3327  0.000e+00
     30.699     5.5800   3.120700    31.8307        654     2.7208     2.3321  0.000e+00
     30.695     5.5800   3.120683    31.8305        655     2.7250     2.3323  0.000e+00
     30.699     5.5800   3.120689    31.8305        656     2.7292     2.3323  0.000e+00
     30.699     5.5799   3.120683    31.8306        657     2.7333     2.3327  0.000e+00
     30.706     5.5800   3.120683    31.8305        658     2.7375     2.3319  0.000e+00
     30.717     5.5799   3.120683    31.8306        659     2.7417     2.3312  0.000e+00
     30.730     5.5798   3.120661    31.8304        660     2.7458     2.3326  0.000e+00
     30.748     5.5797   3.120700    31.8309        661     2.7500     2.3317  0.000e+00
     30.768     5.5797   3.120711    31.8310        662     2.7542     2.3315  0.000e+00
     30.797     5.5799   3.120738    31.8312        663     2.7583     2.3325  0.000e+00
     30.825     5.5801   3.120777    31.8314        664     2.7625     2.3321  0.000e+00
     30.847     5.5803   3.120760    31.8310        665     2.7667     2.3309  0.000e+00
     30.865     5.5805   3.120738    31.8306        666     2.7708     2.3318  0.000e+00
     30.896     5.5805   3.120738    31.8305        667     2.7750     2.3322  0.000e+00
     30.934     5.5806   3.120733    31.8304        668     2.7792     2.3328  0.000e+00
     30.957     5.5804   3.120722    31.8304        669     2.7833     2.3336  0.000e+00
     30.981     5.5804   3.120738    31.8306        670     2.7875     2.3331  0.000e+00
     31.010     5.5804   3.120760    31.8308        671     2.7917     2.3334  0.000e+00
     31.044     5.5805   3.120760    31.8307        672     2.7958     2.3330  0.000e+00
     31.073     5.5805   3.120777    31.8308        673     2.8000     2.3332  0.000e+00
     31.102     5.5806   3.120793    31.8310        674     2.8042     2.3331  0.000e+00
     31.129     5.5807   3.120799    31.8309        675     2.8083     2.3337  0.000e+00
     31.165     5.5808   3.120799    31.8308        676     2.8125     2.3333  0.000e+00
     31.198     5.5808   3.120760    31.8304        677     2.8167     2.3327  0.000e+00
     31.225     5.5808   3.120738    31.8301        678     2.8208     2.3338  0.000e+00
     31.256     5.5805   3.120760    31.8306        679     2.8250     2.3334  0.000e+00
     31.283     5.5805   3.120749    31.8305        680     2.8292     2.3341  0.000e+00
     31.301     5.5803   3.120760    31.8308        681     2.8333     2.3335  0.000e+00
     31.319     5.5803   3.120760    31.8308        682     2.8375     2.3344  0.000e+00
     31.326     5.5803   3.120760    31.8307        683     2.8417     2.3341  0.000e+00
     31.337     5.5804   3.120738    31.8304        684     2.8458     2.3344  0.000e+00
     31.337     5.5804   3.120760    31.8306        685     2.8500     2.3345  0.000e+00
     31.339     5.5804   3.120749    31.8305        686     2.8542     2.3351  0.000e+00
     31.346     5.5803   3.120777    31.8309        687     2.8583     2.3343  0.000e+00
     31.353     5.5804   3.120799    31.8311        688     2.8625     2.3343  0.000e+00
     31.351     5.5805   3.120760    31.8305        689     2.8667     2.3357  0.000e+00
     31.346     5.5805   3.120738    31.8303        690     2.8708     2.3351  0.000e+00
     31.339     5.5805   3.120777    31.8308        691     2.8750     2.3346  0.000e+00
     31.328     5.5804   3.120749    31.8305        692     2.8792     2.3354  0.000e+00
     31.326     5.5804   3.120661    31.8295        693     2.8833     2.3350  0.000e+00
     31.317     5.5802   3.120700    31.8302        694     2.8875     2.3357  0.000e+00
     31.311     5.5800   3.120738    31.8308        695     2.8917     2.3349  0.000e+00
     31.302     5.5798   3.120760    31.8312        696     2.8958     2.3340  0.000e+00
     31.306     5.5801   3.120799    31.8314        697     2.9000     2.3341  0.000e+00
     31.295     5.5804   3.120832    31.8315        698     2.9042     2.3341  0.000e+00
     31.297     5.5808   3.120898    31.8319        699     2.9083     2.3344  0.000e+00
     31.299     5.5812   3.120876    31.8312        700     2.9125     2.3344  0.000e+00
     31.301     5.5814   3.120837    31.8306        701     2.9167     2.3341  0.000e+00
     31.308     5.5814   3.120799    31.8302        702     2.9208     2.3350  0.000e+00
     31.322     5.5813   3.120799    31.8303        703     2.9250     2.3343  0.000e+00
     31.337     5.5811   3.120771    31.8301        704     2.9292     2.3347  0.000e+00
     31.349     5.5809   3.120799    31.8306        705     2.9333     2.3347  0.000e+00
     31.366     5.5809   3.120799    31.8306        706     2.9375     2.3346  0.000e+00
     31.384     5.5809   3.120777    31.8304        707     2.9417     2.3351  0.000e+00
     31.402     5.5807   3.120722    31.8299        708     2.9458     2.3356  0.000e+00
     31.418     5.5805   3.120700    31.8298        709     2.9500     2.3351  0.000e+00
     31.436     5.5804   3.120700    31.8300        710     2.9542     2.3351  0.000e+00
     31.452     5.5800   3.120749    31.8308        711     2.9583     2.3347  0.000e+00
     31.472     5.5800   3.120777    31.8312        712     2.9625     2.3358  0.000e+00
     31.492     5.5801   3.120799    31.8313        713     2.9667     2.3362  0.000e+00
     31.512     5.5803   3.120799    31.8311        714     2.9708     2.3354  0.000e+00
     31.526     5.5805   3.120799    31.8309        715     2.9750     2.3347  0.000e+00
     31.550     5.5807   3.120837    31.8312        716     2.9792     2.3351  0.000e+00
     31.566     5.5809   3.120876    31.8314        717     2.9833     2.3354  0.000e+00
     31.575     5.5810   3.120876    31.8313        718     2.9875     2.3350  0.000e+00
     31.581     5.5813   3.120837    31.8305        719     2.9917     2.3346  0.000e+00
     31.570     5.5814   3.120837    31.8305        720     2.9958     2.3354  0.000e+00
     31.559     5.5815   3.120815    31.8302        721     3.0000     2.3347  0.000e+00
     31.541     5.5813   3.120815    31.8303        722     3.0042     2.3357  0.000e+00
     31.512     5.5812   3.120854    31.8309        723     3.0083     2.3353  0.000e+00
     31.483     5.5812   3.120815    31.8305        724     3.0125     2.3348  0.000e+00
     31.450     5.5812   3.120777    31.8300        725     3.0167     2.3345  0.000e+00
     31.422     5.5809   3.120777    31.8303        726     3.0208     2.3341  0.000e+00
     31.394     5.5808   3.120760    31.8303        727     3.0250     2.3344  0.000e+00
     31.367     5.5807   3.120777    31.8306        728     3.0292     2.3337  0.000e+00
     31.355     5.5806   3.120733    31.8302        729     3.0333     2.3337  0.000e+00
