HB2402/sbe091.cnv
* Sea-Bird SBE 19plus V2 Data File:
* FileName = C:\cruise\data\sbe091.hex
* Software Version Seasave V 7.26.7.121
* Temperature SN = 7037
* Conductivity SN = 7037
* System UpLoad Time = Apr 26 2024 18:25:34
* NMEA Latitude = 40 44.40 N
* NMEA Longitude = 067 03.88 W
* NMEA UTC (Time) = Apr 26 2024  18:24:17
** Ship: Bigelow
** Cruise:  HB2402
** Program:  Spring Bottom Trawl
# nquan = 8
# nvalues = 2542                                  
# units = specified
# name 0 = depSM: Depth [salt water, m]
# name 1 = tv290C: Temperature [ITS-90, deg C]
# name 2 = c0S/m: Conductivity [S/m]
# name 3 = sal00: Salinity, Practical [PSU]
# name 4 = scan: Scan Count
# name 5 = timeM: Time, Elapsed [minutes]
# name 6 = sbeox0V: Oxygen raw, SBE 43 [V]
# name 7 = flag:  0.000e+00
# span 0 =      0.109,     97.272                 
# span 1 =     3.9492,     7.6001                 
# span 2 =  -0.000002,   3.472105                 
# span 3 =     0.0000,    33.9386                 
# span 4 =         11,       2552                 
# span 5 =     0.0417,    10.6292                 
# span 6 =     1.9771,     2.5968                 
# span 7 = 0.0000e+00, 0.0000e+00                 
# interval = seconds: 0.25
# start_time = Apr 26 2024 18:24:17 [NMEA time, header]
# bad_flag = -9.990e-29
*END*
[from data line 180]
     11.653     5.7265   3.096012    31.4245        191     0.7917     2.2485  0.000e+00
     11.788     5.6862   3.087883    31.3706        192     0.7958     2.2514  0.000e+00
     11.906     5.6048   3.072414    31.2723        193     0.8000     2.2524  0.000e+00
     12.000     5.5104   3.063224    31.2565        194     0.8042     2.2538  0.000e+00
     12.095     5.4124   3.059566    31.3065        195     0.8083     2.2554  0.000e+00
     12.182     5.3271   3.059119    31.3812        196     0.8125     2.2571  0.000e+00
     12.278     5.2628   3.062147    31.4759        197     0.8167     2.2577  0.000e+00
     12.366     5.2210   3.073407    31.6434        198     0.8208     2.2596  0.000e+00
     12.464     5.1990   3.083824    31.7829        199     0.8250     2.2624  0.000e+00
     12.565     5.1758   3.086001    31.8298        200     0.8292     2.2673  0.000e+00
     12.668     5.1585   3.093001    31.9261        201     0.8333     2.2723  0.000e+00
     12.787     5.1827   3.098752    31.9685        202     0.8375     2.2794  0.000e+00
     12.928     5.2492   3.101524    31.9365        203     0.8417     2.2849  0.000e+00
     13.067     5.3510   3.102290    31.8481        204     0.8458     2.2901  0.000e+00
     13.214     5.4536   3.102602    31.7543        205     0.8500     2.2935  0.000e+00
     13.369     5.5323   3.103001    31.6843        206     0.8542     2.2968  0.000e+00
     13.530     5.5873   3.103302    31.6359        207     0.8583     2.2979  0.000e+00
     13.698     5.6234   3.103253    31.6014        208     0.8625     2.2989  0.000e+00
     13.857     5.6449   3.101191    31.5579        209     0.8667     2.2985  0.000e+00
     14.005     5.6497   3.097224    31.5086        210     0.8708     2.2967  0.000e+00
     14.151     5.6447   3.092865    31.4642        211     0.8750     2.2953  0.000e+00
     14.281     5.6356   3.089214    31.4315        212     0.8792     2.2927  0.000e+00
     14.406     5.6005   3.087184    31.4414        213     0.8833     2.2915  0.000e+00
     14.525     5.5358   3.086458    31.4938        214     0.8875     2.2875  0.000e+00
     14.643     5.4754   3.086595    31.5519        215     0.8917     2.2844  0.000e+00
     14.758     5.4323   3.089736    31.6280        216     0.8958     2.2805  0.000e+00
     14.872     5.3951   3.094883    31.7213        217     0.9000     2.2780  0.000e+00
     14.992     5.3601   3.098000    31.7899        218     0.9042     2.2752  0.000e+00
     15.107     5.3387   3.101118    31.8456        219     0.9083     2.2716  0.000e+00
     15.232     5.3927   3.102680    31.8119        220     0.9125     2.2682  0.000e+00
     15.358     5.4807   3.103194    31.7343        221     0.9167     2.2633  0.000e+00
     15.488     5.5594   3.103216    31.6602        222     0.9208     2.2594  0.000e+00
     15.624     5.6205   3.102848    31.5985        223     0.9250     2.2550  0.000e+00
     15.763     5.6657   3.102348    31.5505        224     0.9292     2.2483  0.000e+00
     15.911     5.7019   3.102090    31.5136        225     0.9333     2.2428  0.000e+00
     16.070     5.7301   3.101844    31.4844        226     0.9375     2.2382  0.000e+00
     16.222     5.7492   3.101865    31.4667        227     0.9417     2.2326  0.000e+00
     16.379     5.7631   3.101865    31.4537        228     0.9458     2.2290  0.000e+00
     16.533     5.7727   3.101196    31.4371        229     0.9500     2.2232  0.000e+00
     16.679     5.7781   3.100380    31.4229        230     0.9542     2.2201  0.000e+00
     16.820     5.7831   3.099667    31.4102        231     0.9583     2.2141  0.000e+00
     16.958     5.7884   3.098632    31.3936        232     0.9625     2.2092  0.000e+00
     17.084     5.7918   3.097399    31.3765        233     0.9667     2.2055  0.000e+00
     17.209     5.7804   3.097098    31.3837        234     0.9708     2.2008  0.000e+00
     17.328     5.7451   3.097301    31.4188        235     0.9750     2.1979  0.000e+00
     17.440     5.7132   3.097575    31.4516        236     0.9792     2.1960  0.000e+00
     17.551     5.6876   3.098129    31.4817        237     0.9833     2.1930  0.000e+00
     17.655     5.6659   3.098874    31.5103        238     0.9875     2.1920  0.000e+00
     17.760     5.6537   3.099768    31.5317        239     0.9917     2.1892  0.000e+00
     17.861     5.6527   3.100749    31.5436        240     0.9958     2.1882  0.000e+00
     17.966     5.6541   3.101346    31.5490        241     1.0000     2.1870  0.000e+00
     18.065     5.6551   3.101807    31.5532        242     1.0042     2.1839  0.000e+00
     18.161     5.6700   3.102349    31.5452        243     1.0083     2.1809  0.000e+00
     18.262     5.6913   3.102639    31.5285        244     1.0125     2.1779  0.000e+00
     18.367     5.7138   3.102754    31.5088        245     1.0167     2.1753  0.000e+00
     18.472     5.7389   3.102847    31.4863        246     1.0208     2.1714  0.000e+00
     18.582     5.7628   3.102918    31.4647        247     1.0250     2.1667  0.000e+00
     18.705     5.7824   3.103214    31.4497        248     1.0292     2.1629  0.000e+00
     18.832     5.7983   3.103636    31.4396        249     1.0333     2.1597  0.000e+00
     18.976     5.8119   3.104119    31.4323        250     1.0375     2.1547  0.000e+00
     19.124     5.8233   3.104486    31.4256        251     1.0417     2.1503  0.000e+00
     19.285     5.8325   3.104579    31.4181        252     1.0458     2.1466  0.000e+00
     19.449     5.8417   3.104661    31.4103        253     1.0500     2.1431  0.000e+00
     19.623     5.8510   3.104716    31.4022        254     1.0542     2.1394  0.000e+00
     19.794     5.8585   3.104524    31.3930        255     1.0583     2.1339  0.000e+00
     19.966     5.8638   3.103707    31.3789        256     1.0625     2.1308  0.000e+00
     20.138     5.8663   3.102753    31.3658        257     1.0667     2.1260  0.000e+00
     20.291     5.8659   3.101405    31.3510        258     1.0708     2.1214  0.000e+00
     20.432     5.8558   3.100632    31.3517        259     1.0750     2.1172  0.000e+00
     20.553     5.8013   3.097553    31.3678        260     1.0792     2.1135  0.000e+00
     20.660     5.7343   3.089456    31.3392        261     1.0833     2.1094  0.000e+00
     20.757     5.6598   3.081558    31.3198        262     1.0875     2.1037  0.000e+00
     20.844     5.5717   3.076061    31.3399        263     1.0917     2.1061  0.000e+00
     20.920     5.4725   3.073576    31.4044        264     1.0958     2.1030  0.000e+00
     20.999     5.3798   3.075811    31.5167        265     1.1000     2.1032  0.000e+00
     21.081     5.3154   3.087364    31.7084        266     1.1042     2.1029  0.000e+00
     21.173     5.2617   3.095270    31.8493        267     1.1083     2.1063  0.000e+00
     21.274     5.2473   3.101548    31.9345        268     1.1125     2.1113  0.000e+00
     21.383     5.3375   3.099865    31.8293        269     1.1167     2.1176  0.000e+00
     21.498     5.4502   3.050081    31.1596        270     1.1208     2.1256  0.000e+00
     21.623     5.4185   3.012151    30.7605        271     1.1250     2.1348  0.000e+00
     21.757     5.2000   3.009612    30.9331        272     1.1292     2.1358  0.000e+00
     21.899     5.0208   3.008985    31.0924        273     1.1333     2.1376  0.000e+00
     22.033     4.9043   3.008623    31.1972        274     1.1375     2.1453  0.000e+00
     22.167     4.8309   3.008461    31.2643        275     1.1417     2.1584  0.000e+00
     22.297     4.7855   3.008305    31.3052        276     1.1458     2.1777  0.000e+00
     22.422     4.7573   3.008180    31.3303        277     1.1500     2.2029  0.000e+00
     22.537     4.7397   3.008051    31.3454        278     1.1542     2.2297  0.000e+00
     22.655     4.7286   3.007997    31.3551        279     1.1583     2.2576  0.000e+00
     22.769     4.7216   3.007915    31.3608        280     1.1625     2.2876  0.000e+00
     22.882     4.7169   3.007867    31.3647        281     1.1667     2.3146  0.000e+00
     23.000     4.7137   3.007796    31.3668        282     1.1708     2.3394  0.000e+00
     23.117     4.7111   3.007753    31.3687        283     1.1750     2.3624  0.000e+00
     23.240     4.7095   3.007699    31.3695        284     1.1792     2.3827  0.000e+00
     23.372     4.7082   3.007661    31.3703        285     1.1833     2.4019  0.000e+00
     23.500     4.7073   3.007640    31.3708        286     1.1875     2.4184  0.000e+00
     23.632     4.7063   3.007623    31.3715        287     1.1917     2.4341  0.000e+00
     23.762     4.7049   3.007602    31.3725        288     1.1958     2.4484  0.000e+00
     23.898     4.7035   3.007607    31.3738        289     1.2000     2.4616  0.000e+00
     24.044     4.7023   3.007624    31.3751        290     1.2042     2.4714  0.000e+00
     24.180     4.7013   3.007586    31.3756        291     1.2083     2.4829  0.000e+00
     24.319     4.7007   3.007542    31.3756        292     1.2125     2.4912  0.000e+00
     24.458     4.7001   3.007570    31.3764        293     1.2167     2.4978  0.000e+00
     24.599     4.6996   3.007542    31.3764        294     1.2208     2.5074  0.000e+00
     24.729     4.6992   3.007478    31.3760        295     1.2250     2.5138  0.000e+00
     24.854     4.6990   3.007488    31.3763        296     1.2292     2.5208  0.000e+00
     24.980     4.6987   3.007478    31.3764        297     1.2333     2.5263  0.000e+00
     25.103     4.6982   3.007488    31.3769        298     1.2375     2.5314  0.000e+00
     25.210     4.6976   3.007456    31.3770        299     1.2417     2.5350  0.000e+00
     25.322     4.6972   3.007489    31.3777        300     1.2458     2.5390  0.000e+00
     25.425     4.6970   3.007608    31.3792        301     1.2500     2.5425  0.000e+00
     25.530     4.6966   3.007586    31.3793        302     1.2542     2.5461  0.000e+00
     25.634     4.6964   3.007586    31.3795        303     1.2583     2.5513  0.000e+00
     25.743     4.6960   3.007570    31.3796        304     1.2625     2.5524  0.000e+00
     25.855     4.6957   3.007565    31.3797        305     1.2667     2.5551  0.000e+00
     25.985     4.6955   3.007548    31.3797        306     1.2708     2.5580  0.000e+00
     26.119     4.6952   3.007603    31.3806        307     1.2750     2.5616  0.000e+00
     26.256     4.6951   3.007608    31.3807        308     1.2792     2.5621  0.000e+00
     26.406     4.6950   3.007543    31.3800        309     1.2833     2.5630  0.000e+00
     26.562     4.6949   3.007608    31.3807        310     1.2875     2.5643  0.000e+00
     26.717     4.6949   3.007489    31.3792        311     1.2917     2.5650  0.000e+00
     26.867     4.6942   3.007327    31.3779        312     1.2958     2.5674  0.000e+00
     27.012     4.6919   3.007213    31.3787        313     1.3000     2.5687  0.000e+00
     27.153     4.6895   3.007013    31.3787        314     1.3042     2.5704  0.000e+00
     27.277     4.6867   3.007078    31.3820        315     1.3083     2.5710  0.000e+00
     27.388     4.6831   3.007083    31.3854        316     1.3125     2.5717  0.000e+00
     27.483     4.6799   3.007099    31.3885        317     1.3167     2.5717  0.000e+00
     27.568     4.6774   3.007067    31.3906        318     1.3208     2.5718  0.000e+00
     27.648     4.6755   3.007056    31.3921        319     1.3250     2.5734  0.000e+00
     27.725     4.6742   3.007013    31.3929        320     1.3292     2.5724  0.000e+00
     27.799     4.6732   3.007078    31.3945        321     1.3333     2.5737  0.000e+00
     27.879     4.6725   3.007083    31.3952        322     1.3375     2.5734  0.000e+00
     27.964     4.6721   3.007078    31.3955        323     1.3417     2.5741  0.000e+00
     28.061     4.6719   3.006953    31.3942        324     1.3458     2.5750  0.000e+00
     28.155     4.6710   3.006022    31.3842        325     1.3500     2.5754  0.000e+00
     28.269     4.6668   3.005226    31.3789        326     1.3542     2.5763  0.000e+00
     28.387     4.6590   3.004831    31.3817        327     1.3583     2.5776  0.000e+00
     28.518     4.6507   3.004728    31.3883        328     1.3625     2.5758  0.000e+00
     28.654     4.6435   3.004620    31.3938        329     1.3667     2.5773  0.000e+00
     28.799     4.6383   3.004560    31.3981        330     1.3708     2.5775  0.000e+00
     28.948     4.6343   3.004463    31.4007        331     1.3750     2.5778  0.000e+00
     29.099     4.6310   3.004279    31.4016        332     1.3792     2.5781  0.000e+00
     29.254     4.6280   3.003954    31.4006        333     1.3833     2.5778  0.000e+00
     29.406     4.6241   3.003370    31.3974        334     1.3875     2.5795  0.000e+00
     29.548     4.6185   3.002650    31.3943        335     1.3917     2.5778  0.000e+00
     29.697     4.6110   3.002033    31.3942        336     1.3958     2.5774  0.000e+00
     29.829     4.6018   3.001459    31.3963        337     1.4000     2.5782  0.000e+00
     29.960     4.5921   3.000956    31.3996        338     1.4042     2.5778  0.000e+00
     30.089     4.5823   3.000485    31.4034        339     1.4083     2.5778  0.000e+00
     30.208     4.5726   2.999566    31.4020        340     1.4125     2.5771  0.000e+00
     30.329     4.5613   2.998835    31.4042        341     1.4167     2.5777  0.000e+00
     30.448     4.5492   2.998381    31.4104        342     1.4208     2.5794  0.000e+00
     30.571     4.5377   2.997900    31.4156        343     1.4250     2.5774  0.000e+00
     30.689     4.5273   2.997564    31.4216        344     1.4292     2.5780  0.000e+00
     30.810     4.5179   2.996986    31.4238        345     1.4333     2.5808  0.000e+00
     30.927     4.5085   2.996342    31.4252        346     1.4375     2.5778  0.000e+00
     31.052     4.4984   2.996072    31.4317        347     1.4417     2.5775  0.000e+00
     31.180     4.4889   2.996013    31.4399        348     1.4458     2.5769  0.000e+00
     31.299     4.4816   2.996050    31.4472        349     1.4500     2.5757  0.000e+00
     31.420     4.4764   2.995937    31.4508        350     1.4542     2.5758  0.000e+00
     31.536     4.4725   2.995840    31.4534        351     1.4583     2.5759  0.000e+00
     31.650     4.4692   2.995640    31.4541        352     1.4625     2.5751  0.000e+00
     31.757     4.4658   2.995331    31.4537        353     1.4667     2.5753  0.000e+00
     31.858     4.4619   2.995029    31.4539        354     1.4708     2.5746  0.000e+00
     31.948     4.4576   2.994693    31.4540        355     1.4750     2.5743  0.000e+00
     32.044     4.4532   2.994250    31.4530        356     1.4792     2.5743  0.000e+00
     32.127     4.4480   2.993834    31.4532        357     1.4833     2.5745  0.000e+00
     32.214     4.4421   2.993418    31.4539        358     1.4875     2.5732  0.000e+00
     32.306     4.4358   2.992747    31.4520        359     1.4917     2.5728  0.000e+00
     32.395     4.4285   2.991499    31.4445        360     1.4958     2.5721  0.000e+00
     32.496     4.4179   2.990461    31.4424        361     1.5000     2.5712  0.000e+00
     32.599     4.4052   2.989537    31.4437        362     1.5042     2.5707  0.000e+00
     32.706     4.3907   2.988559    31.4462        363     1.5083     2.5705  0.000e+00
     32.823     4.3746   2.987490    31.4491        364     1.5125     2.5695  0.000e+00
     32.939     4.3577   2.986674    31.4557        365     1.5167     2.5688  0.000e+00
     33.069     4.3415   2.985670    31.4594        366     1.5208     2.5685  0.000e+00
     33.197     4.3262   2.984519    31.4605        367     1.5250     2.5661  0.000e+00
     33.320     4.3101   2.983272    31.4613        368     1.5292     2.5654  0.000e+00
     33.450     4.2929   2.982252    31.4658        369     1.5333     2.5640  0.000e+00
