HB2402/sbe071.cnv
* Sea-Bird SBE 19plus V2 Data File:
* FileName = C:\cruise\data\sbe071.hex
* Software Version Seasave V 7.26.7.121
* Temperature SN = 7037
* Conductivity SN = 7037
* System UpLoad Time = Apr 10 2024 07:52:20
* NMEA Latitude = 40 09.56 N
* NMEA Longitude = 069 30.10 W
* NMEA UTC (Time) = Apr 10 2024  07:51:45
** Ship: Bigelow
** Cruise:  HB2304
** Program:  Fall Bottom Trawl
# nquan = 8
# nvalues = 1632                                  
# units = specified
# name 0 = depSM: Depth [salt water, m]
# name 1 = tv290C: Temperature [ITS-90, deg C]
# name 2 = c0S/m: Conductivity [S/m]
# name 3 = sal00: Salinity, Practical [PSU]
# name 4 = scan: Scan Count
# name 5 = timeM: Time, Elapsed [minutes]
# name 6 = sbeox0V: Oxygen raw, SBE 43 [V]
# name 7 = flag:  0.000e+00
# span 0 =      0.013,     82.671                 
# span 1 =     5.5815,     6.6244                 
# span 2 =   0.000009,   3.183665                 
# span 3 =     0.0030,    32.3269                 
# span 4 =         11,       1642                 
# span 5 =     0.0417,     6.8375                 
# span 6 =     2.1550,     2.3956                 
# span 7 = 0.0000e+00, 0.0000e+00                 
# interval = seconds: 0.25
# start_time = Apr 10 2024 07:51:45 [NMEA time, header]
# bad_flag = -9.990e-29
*END*
[from data line 540]
     82.286     5.7474   3.166057    32.1575        551     2.2917     2.3156  0.000e+00
     82.280     5.7475   3.166057    32.1574        552     2.2958     2.3167  0.000e+00
     82.233     5.7474   3.166057    32.1575        553     2.3000     2.3146  0.000e+00
     82.179     5.7475   3.166057    32.1574        554     2.3042     2.3171  0.000e+00
     82.143     5.7474   3.166041    32.1573        555     2.3083     2.3168  0.000e+00
     82.121     5.7474   3.166057    32.1575        556     2.3125     2.3150  0.000e+00
     82.082     5.7475   3.166041    32.1573        557     2.3167     2.3161  0.000e+00
     82.025     5.7474   3.166041    32.1574        558     2.3208     2.3180  0.000e+00
     81.962     5.7474   3.166018    32.1571        559     2.3250     2.3181  0.000e+00
     81.890     5.7474   3.166018    32.1572        560     2.3292     2.3158  0.000e+00
     81.830     5.7473   3.166018    32.1573        561     2.3333     2.3150  0.000e+00
     81.749     5.7474   3.166018    32.1573        562     2.3375     2.3171  0.000e+00
     81.686     5.7474   3.166018    32.1573        563     2.3417     2.3178  0.000e+00
     81.635     5.7472   3.166018    32.1575        564     2.3458     2.3170  0.000e+00
     81.617     5.7472   3.166013    32.1575        565     2.3500     2.3174  0.000e+00
     81.584     5.7472   3.166002    32.1574        566     2.3542     2.3177  0.000e+00
     81.550     5.7472   3.166002    32.1574        567     2.3583     2.3179  0.000e+00
     81.505     5.7471   3.166002    32.1575        568     2.3625     2.3171  0.000e+00
     81.445     5.7473   3.165980    32.1571        569     2.3667     2.3178  0.000e+00
     81.376     5.7472   3.165980    32.1572        570     2.3708     2.3158  0.000e+00
     81.302     5.7473   3.166002    32.1574        571     2.3750     2.3157  0.000e+00
     81.217     5.7471   3.165957    32.1571        572     2.3792     2.3155  0.000e+00
     81.140     5.7472   3.165980    32.1573        573     2.3833     2.3160  0.000e+00
     81.053     5.7471   3.165957    32.1572        574     2.3875     2.3164  0.000e+00
     80.980     5.7471   3.165957    32.1572        575     2.3917     2.3168  0.000e+00
     80.895     5.7471   3.165957    32.1573        576     2.3958     2.3167  0.000e+00
     80.812     5.7471   3.165957    32.1574        577     2.4000     2.3160  0.000e+00
     80.744     5.7470   3.165919    32.1571        578     2.4042     2.3161  0.000e+00
     80.675     5.7470   3.165941    32.1573        579     2.4083     2.3161  0.000e+00
     80.612     5.7470   3.165941    32.1574        580     2.4125     2.3169  0.000e+00
     80.550     5.7470   3.165902    32.1569        581     2.4167     2.3172  0.000e+00
     80.494     5.7468   3.165941    32.1575        582     2.4208     2.3168  0.000e+00
     80.451     5.7468   3.165902    32.1572        583     2.4250     2.3171  0.000e+00
     80.420     5.7468   3.165919    32.1573        584     2.4292     2.3161  0.000e+00
     80.384     5.7469   3.165941    32.1575        585     2.4333     2.3167  0.000e+00
     80.353     5.7468   3.165919    32.1574        586     2.4375     2.3158  0.000e+00
     80.322     5.7470   3.165941    32.1575        587     2.4417     2.3158  0.000e+00
     80.290     5.7470   3.165941    32.1575        588     2.4458     2.3163  0.000e+00
     80.255     5.7471   3.165941    32.1574        589     2.4500     2.3150  0.000e+00
     80.217     5.7471   3.165952    32.1576        590     2.4542     2.3147  0.000e+00
     80.172     5.7470   3.165918    32.1573        591     2.4583     2.3145  0.000e+00
     80.123     5.7470   3.165941    32.1576        592     2.4625     2.3171  0.000e+00
     80.058     5.7471   3.165941    32.1575        593     2.4667     2.3151  0.000e+00
     79.982     5.7472   3.165918    32.1572        594     2.4708     2.3154  0.000e+00
     79.905     5.7471   3.165902    32.1572        595     2.4750     2.3167  0.000e+00
     79.814     5.7471   3.165863    32.1567        596     2.4792     2.3170  0.000e+00
     79.711     5.7471   3.165902    32.1573        597     2.4833     2.3152  0.000e+00
     79.603     5.7470   3.165841    32.1567        598     2.4875     2.3168  0.000e+00
     79.483     5.7469   3.165863    32.1571        599     2.4917     2.3172  0.000e+00
     79.366     5.7468   3.165863    32.1573        600     2.4958     2.3178  0.000e+00
     79.239     5.7468   3.165841    32.1570        601     2.5000     2.3181  0.000e+00
     79.118     5.7468   3.165802    32.1567        602     2.5042     2.3175  0.000e+00
     78.997     5.7467   3.165780    32.1566        603     2.5083     2.3189  0.000e+00
     78.885     5.7466   3.165780    32.1568        604     2.5125     2.3176  0.000e+00
     78.786     5.7466   3.165802    32.1571        605     2.5167     2.3190  0.000e+00
     78.697     5.7464   3.165802    32.1572        606     2.5208     2.3184  0.000e+00
     78.627     5.7464   3.165802    32.1573        607     2.5250     2.3186  0.000e+00
     78.562     5.7464   3.165780    32.1571        608     2.5292     2.3194  0.000e+00
     78.513     5.7464   3.165802    32.1573        609     2.5333     2.3187  0.000e+00
     78.477     5.7466   3.165780    32.1570        610     2.5375     2.3193  0.000e+00
     78.450     5.7464   3.165780    32.1571        611     2.5417     2.3173  0.000e+00
     78.422     5.7464   3.165802    32.1574        612     2.5458     2.3190  0.000e+00
     78.397     5.7465   3.165802    32.1573        613     2.5500     2.3180  0.000e+00
     78.370     5.7465   3.165807    32.1574        614     2.5542     2.3195  0.000e+00
     78.334     5.7466   3.165802    32.1573        615     2.5583     2.3192  0.000e+00
     78.287     5.7467   3.165802    32.1572        616     2.5625     2.3178  0.000e+00
     78.224     5.7467   3.165802    32.1573        617     2.5667     2.3191  0.000e+00
     78.148     5.7467   3.165802    32.1573        618     2.5708     2.3170  0.000e+00
     78.052     5.7467   3.165780    32.1570        619     2.5750     2.3176  0.000e+00
     77.940     5.7467   3.165780    32.1571        620     2.5792     2.3173  0.000e+00
     77.806     5.7467   3.165780    32.1572        621     2.5833     2.3167  0.000e+00
     77.656     5.7467   3.165780    32.1573        622     2.5875     2.3180  0.000e+00
     77.486     5.7466   3.165780    32.1574        623     2.5917     2.3181  0.000e+00
     77.309     5.7466   3.165779    32.1575        624     2.5958     2.3191  0.000e+00
     77.125     5.7467   3.165741    32.1571        625     2.6000     2.3175  0.000e+00
     76.931     5.7467   3.165779    32.1576        626     2.6042     2.3180  0.000e+00
     76.741     5.7467   3.165724    32.1571        627     2.6083     2.3173  0.000e+00
     76.553     5.7467   3.165663    32.1565        628     2.6125     2.3190  0.000e+00
     76.373     5.7466   3.165685    32.1570        629     2.6167     2.3180  0.000e+00
     76.217     5.7465   3.165740    32.1577        630     2.6208     2.3175  0.000e+00
     76.073     5.7464   3.165740    32.1578        631     2.6250     2.3185  0.000e+00
     75.948     5.7466   3.165663    32.1569        632     2.6292     2.3188  0.000e+00
     75.843     5.7465   3.165464    32.1548        633     2.6333     2.3194  0.000e+00
     75.756     5.7460   3.165525    32.1560        634     2.6375     2.3196  0.000e+00
     75.682     5.7456   3.165525    32.1564        635     2.6417     2.3191  0.000e+00
     75.630     5.7455   3.165547    32.1568        636     2.6458     2.3201  0.000e+00
     75.594     5.7454   3.165547    32.1569        637     2.6500     2.3192  0.000e+00
     75.567     5.7456   3.165536    32.1566        638     2.6542     2.3183  0.000e+00
     75.540     5.7453   3.165503    32.1565        639     2.6583     2.3194  0.000e+00
     75.521     5.7453   3.165525    32.1567        640     2.6625     2.3190  0.000e+00
     75.503     5.7452   3.165525    32.1569        641     2.6667     2.3182  0.000e+00
     75.485     5.7451   3.165525    32.1570        642     2.6708     2.3194  0.000e+00
     75.462     5.7452   3.165503    32.1567        643     2.6750     2.3191  0.000e+00
     75.424     5.7453   3.165525    32.1568        644     2.6792     2.3190  0.000e+00
     75.388     5.7452   3.165547    32.1572        645     2.6833     2.3170  0.000e+00
     75.333     5.7453   3.165585    32.1575        646     2.6875     2.3184  0.000e+00
     75.270     5.7453   3.165585    32.1576        647     2.6917     2.3177  0.000e+00
     75.200     5.7456   3.165585    32.1573        648     2.6958     2.3184  0.000e+00
     75.115     5.7456   3.165447    32.1558        649     2.7000     2.3180  0.000e+00
     75.021     5.7456   3.165447    32.1558        650     2.7042     2.3181  0.000e+00
     74.919     5.7451   3.165348    32.1553        651     2.7083     2.3186  0.000e+00
     74.807     5.7447   3.165149    32.1535        652     2.7125     2.3190  0.000e+00
     74.672     5.7438   3.165171    32.1546        653     2.7167     2.3178  0.000e+00
     74.522     5.7433   3.165287    32.1565        654     2.7208     2.3186  0.000e+00
     74.355     5.7434   3.165408    32.1579        655     2.7250     2.3181  0.000e+00
     74.191     5.7438   3.165425    32.1577        656     2.7292     2.3186  0.000e+00
     74.030     5.7441   3.165408    32.1574        657     2.7333     2.3173  0.000e+00
     73.882     5.7444   3.165386    32.1569        658     2.7375     2.3197  0.000e+00
     73.741     5.7446   3.165425    32.1572        659     2.7417     2.3191  0.000e+00
     73.605     5.7448   3.165425    32.1571        660     2.7458     2.3199  0.000e+00
     73.482     5.7449   3.165408    32.1569        661     2.7500     2.3188  0.000e+00
     73.374     5.7449   3.165386    32.1566        662     2.7542     2.3197  0.000e+00
     73.274     5.7451   3.165408    32.1568        663     2.7583     2.3210  0.000e+00
     73.177     5.7449   3.165386    32.1568        664     2.7625     2.3207  0.000e+00
     73.086     5.7449   3.165364    32.1565        665     2.7667     2.3207  0.000e+00
     72.994     5.7450   3.165386    32.1567        666     2.7708     2.3215  0.000e+00
     72.900     5.7448   3.165364    32.1567        667     2.7750     2.3220  0.000e+00
     72.793     5.7448   3.165364    32.1567        668     2.7792     2.3217  0.000e+00
     72.683     5.7449   3.165364    32.1567        669     2.7833     2.3207  0.000e+00
     72.546     5.7449   3.165347    32.1566        670     2.7875     2.3217  0.000e+00
     72.401     5.7449   3.165347    32.1567        671     2.7917     2.3205  0.000e+00
     72.238     5.7449   3.165347    32.1568        672     2.7958     2.3204  0.000e+00
     72.057     5.7448   3.165325    32.1567        673     2.8000     2.3211  0.000e+00
     71.862     5.7449   3.165386    32.1574        674     2.8042     2.3198  0.000e+00
     71.654     5.7450   3.165446    32.1581        675     2.8083     2.3213  0.000e+00
     71.439     5.7452   3.165446    32.1580        676     2.8125     2.3213  0.000e+00
     71.219     5.7455   3.165407    32.1574        677     2.8167     2.3214  0.000e+00
     71.000     5.7458   3.165308    32.1561        678     2.8208     2.3217  0.000e+00
     70.783     5.7455   3.165032    32.1533        679     2.8250     2.3218  0.000e+00
     70.577     5.7449   3.164656    32.1498        680     2.8292     2.3214  0.000e+00
     70.382     5.7432   3.164893    32.1542        681     2.8333     2.3217  0.000e+00
     70.205     5.7421   3.165070    32.1573        682     2.8375     2.3222  0.000e+00
     70.051     5.7423   3.164993    32.1563        683     2.8417     2.3211  0.000e+00
     69.914     5.7426   3.164971    32.1559        684     2.8458     2.3226  0.000e+00
     69.798     5.7425   3.164893    32.1551        685     2.8500     2.3222  0.000e+00
     69.701     5.7424   3.164832    32.1546        686     2.8542     2.3223  0.000e+00
     69.616     5.7421   3.164716    32.1537        687     2.8583     2.3216  0.000e+00
     69.543     5.7415   3.164595    32.1529        688     2.8625     2.3221  0.000e+00
     69.482     5.7408   3.164694    32.1547        689     2.8667     2.3214  0.000e+00
     69.422     5.7404   3.164810    32.1564        690     2.8708     2.3218  0.000e+00
     69.361     5.7408   3.164871    32.1567        691     2.8750     2.3223  0.000e+00
     69.307     5.7411   3.164970    32.1576        692     2.8792     2.3227  0.000e+00
     69.249     5.7415   3.164970    32.1572        693     2.8833     2.3223  0.000e+00
     69.182     5.7421   3.164970    32.1567        694     2.8875     2.3220  0.000e+00
     69.102     5.7423   3.164932    32.1561        695     2.8917     2.3217  0.000e+00
     69.028     5.7423   3.164970    32.1565        696     2.8958     2.3219  0.000e+00
     68.934     5.7425   3.164948    32.1562        697     2.9000     2.3207  0.000e+00
     68.836     5.7425   3.165031    32.1571        698     2.9042     2.3212  0.000e+00
     68.724     5.7427   3.164910    32.1557        699     2.9083     2.3217  0.000e+00
     68.605     5.7429   3.164832    32.1546        700     2.9125     2.3219  0.000e+00
     68.475     5.7424   3.165108    32.1583        701     2.9167     2.3214  0.000e+00
     68.347     5.7430   3.164992    32.1565        702     2.9208     2.3214  0.000e+00
     68.198     5.7432   3.165147    32.1581        703     2.9250     2.3206  0.000e+00
     68.050     5.7435   3.165147    32.1579        704     2.9292     2.3214  0.000e+00
     67.905     5.7440   3.165169    32.1578        705     2.9333     2.3232  0.000e+00
     67.752     5.7443   3.165169    32.1575        706     2.9375     2.3210  0.000e+00
     67.607     5.7446   3.165130    32.1569        707     2.9417     2.3224  0.000e+00
     67.453     5.7446   3.165141    32.1571        708     2.9458     2.3225  0.000e+00
     67.316     5.7447   3.165130    32.1570        709     2.9500     2.3224  0.000e+00
     67.177     5.7447   3.165130    32.1570        710     2.9542     2.3226  0.000e+00
     67.042     5.7449   3.165169    32.1573        711     2.9583     2.3233  0.000e+00
     66.910     5.7449   3.165146    32.1571        712     2.9625     2.3228  0.000e+00
     66.776     5.7449   3.165130    32.1570        713     2.9667     2.3239  0.000e+00
     66.646     5.7450   3.165169    32.1574        714     2.9708     2.3242  0.000e+00
     66.514     5.7451   3.164892    32.1542        715     2.9750     2.3237  0.000e+00
     66.384     5.7446   3.164555    32.1510        716     2.9792     2.3242  0.000e+00
     66.246     5.7432   3.164732    32.1544        717     2.9833     2.3236  0.000e+00
     66.107     5.7425   3.164831    32.1563        718     2.9875     2.3239  0.000e+00
     65.959     5.7422   3.164494    32.1528        719     2.9917     2.3246  0.000e+00
     65.809     5.7416   3.164632    32.1550        720     2.9958     2.3250  0.000e+00
     65.653     5.7414   3.164533    32.1542        721     3.0000     2.3246  0.000e+00
     65.484     5.7409   3.164555    32.1550        722     3.0042     2.3243  0.000e+00
     65.323     5.7408   3.164516    32.1547        723     3.0083     2.3240  0.000e+00
     65.147     5.7406   3.164378    32.1534        724     3.0125     2.3240  0.000e+00
     64.976     5.7402   3.164516    32.1554        725     3.0167     2.3237  0.000e+00
     64.800     5.7403   3.164455    32.1548        726     3.0208     2.3236  0.000e+00
     64.641     5.7402   3.164201    32.1521        727     3.0250     2.3230  0.000e+00
     64.480     5.7395   3.164179    32.1526        728     3.0292     2.3220  0.000e+00
     64.330     5.7387   3.164102    32.1525        729     3.0333     2.3230  0.000e+00
