HB2402/sbe075.cnv
* Sea-Bird SBE 19plus V2 Data File:
* FileName = C:\cruise\data\sbe075.hex
* Software Version Seasave V 7.26.7.121
* Temperature SN = 7037
* Conductivity SN = 7037
* System UpLoad Time = Apr 11 2024 11:41:15
* NMEA Latitude = 40 40.07 N
* NMEA Longitude = 068 17.08 W
* NMEA UTC (Time) = Apr 11 2024  11:40:41
** Ship: Bigelow
** Cruise:  HB2304
** Program:  Fall Bottom Trawl
# nquan = 8
# nvalues = 1641                                  
# units = specified
# name 0 = depSM: Depth [salt water, m]
# name 1 = tv290C: Temperature [ITS-90, deg C]
# name 2 = c0S/m: Conductivity [S/m]
# name 3 = sal00: Salinity, Practical [PSU]
# name 4 = scan: Scan Count
# name 5 = timeM: Time, Elapsed [minutes]
# name 6 = sbeox0V: Oxygen raw, SBE 43 [V]
# name 7 = flag:  0.000e+00
# span 0 =      0.005,     70.634                 
# span 1 =     5.7052,     8.2971                 
# span 2 =   0.000068,   3.223404                 
# span 3 =     0.0042,    32.3341                 
# span 4 =         11,       1651                 
# span 5 =     0.0417,     6.8750                 
# span 6 =     2.1576,     2.4311                 
# span 7 = 0.0000e+00, 0.0000e+00                 
# interval = seconds: 0.25
# start_time = Apr 11 2024 11:40:41 [NMEA time, header]
# bad_flag = -9.990e-29
*END*
      0.070     8.2814   0.000084     0.0042         11     0.0417     2.4297  0.000e+00
      0.070     8.2820   0.000084     0.0042         12     0.0458     2.4287  0.000e+00
      0.068     8.2826   0.000087     0.0042         13     0.0500     2.4302  0.000e+00
      0.072     8.2831   0.000079     0.0042         14     0.0542     2.4290  0.000e+00
      0.072     8.2836   0.000084     0.0042         15     0.0583     2.4292  0.000e+00
      0.067     8.2841   0.000084     0.0042         16     0.0625     2.4295  0.000e+00
      0.067     8.2846   0.000084     0.0042         17     0.0667     2.4308  0.000e+00
      0.068     8.2850   0.000084     0.0042         18     0.0708     2.4292  0.000e+00
      0.065     8.2854   0.000079     0.0042         19     0.0750     2.4304  0.000e+00
      0.063     8.2858   0.000076     0.0042         20     0.0792     2.4301  0.000e+00
      0.067     8.2863   0.000079     0.0042         21     0.0833     2.4287  0.000e+00
      0.065     8.2867   0.000079     0.0042         22     0.0875     2.4289  0.000e+00
      0.066     8.2870   0.000073     0.0042         23     0.0917     2.4295  0.000e+00
      0.068     8.2874   0.000079     0.0042         24     0.0958     2.4288  0.000e+00
      0.063     8.2877   0.000084     0.0042         25     0.1000     2.4301  0.000e+00
      0.065     8.2881   0.000076     0.0042         26     0.1042     2.4292  0.000e+00
      0.065     8.2885   0.000079     0.0042         27     0.1083     2.4298  0.000e+00
      0.066     8.2889   0.000079     0.0042         28     0.1125     2.4291  0.000e+00
      0.063     8.2890   0.000079     0.0042         29     0.1167     2.4292  0.000e+00
      0.061     8.2894   0.000079     0.0042         30     0.1208     2.4298  0.000e+00
      0.061     8.2896   0.000079     0.0042         31     0.1250     2.4282  0.000e+00
      0.059     8.2899   0.000079     0.0042         32     0.1292     2.4292  0.000e+00
      0.065     8.2902   0.000081     0.0042         33     0.1333     2.4292  0.000e+00
      0.072     8.2905   0.000079     0.0042         34     0.1375     2.4286  0.000e+00
      0.068     8.2907   0.000079     0.0042         35     0.1417     2.4293  0.000e+00
      0.063     8.2910   0.000079     0.0042         36     0.1458     2.4295  0.000e+00
      0.063     8.2911   0.000079     0.0042         37     0.1500     2.4292  0.000e+00
      0.063     8.2914   0.000073     0.0042         38     0.1542     2.4302  0.000e+00
      0.070     8.2915   0.000076     0.0042         39     0.1583     2.4291  0.000e+00
      0.076     8.2918   0.000079     0.0042         40     0.1625     2.4288  0.000e+00
      0.065     8.2920   0.000073     0.0042         41     0.1667     2.4290  0.000e+00
      0.067     8.2922   0.000079     0.0042         42     0.1708     2.4287  0.000e+00
      0.070     8.2925   0.000084     0.0042         43     0.1750     2.4299  0.000e+00
      0.070     8.2927   0.000084     0.0042         44     0.1792     2.4292  0.000e+00
      0.070     8.2927   0.000079     0.0042         45     0.1833     2.4284  0.000e+00
      0.067     8.2929   0.000081     0.0042         46     0.1875     2.4298  0.000e+00
      0.068     8.2929   0.000084     0.0042         47     0.1917     2.4291  0.000e+00
      0.072     8.2932   0.000068     0.0042         48     0.1958     2.4310  0.000e+00
      0.070     8.2932   0.000079     0.0042         49     0.2000     2.4297  0.000e+00
      0.068     8.2934   0.000073     0.0042         50     0.2042     2.4295  0.000e+00
      0.067     8.2934   0.000073     0.0042         51     0.2083     2.4301  0.000e+00
      0.067     8.2935   0.000073     0.0042         52     0.2125     2.4311  0.000e+00
      0.070     8.2937   0.000076     0.0042         53     0.2167     2.4299  0.000e+00
      0.070     8.2937   0.000068     0.0042         54     0.2208     2.4304  0.000e+00
      0.069     8.2938   0.000068     0.0042         55     0.2250     2.4308  0.000e+00
      0.070     8.2938   0.000068     0.0042         56     0.2292     2.4308  0.000e+00
      0.069     8.2939   0.000068     0.0042         57     0.2333     2.4296  0.000e+00
      0.074     8.2940   0.000073     0.0042         58     0.2375     2.4308  0.000e+00
      0.065     8.2940   0.000071     0.0042         59     0.2417     2.4293  0.000e+00
      0.063     8.2941   0.000079     0.0042         60     0.2458     2.4288  0.000e+00
      0.058     8.2942   0.000097     0.0043         61     0.2500     2.4297  0.000e+00
      0.081     8.2950   0.000108     0.0043         62     0.2542     2.4305  0.000e+00
      0.132     8.2960   0.000108     0.0043         63     0.2583     2.4193  0.000e+00
      0.240     8.2971   0.119677     0.8933         64     0.2625     2.4019  0.000e+00
      0.433     8.2660   1.335855    11.6564         65     0.2667     2.3955  0.000e+00
      0.641     7.9360   1.434384    12.7094         66     0.2708     2.3922  0.000e+00
      0.831     7.5341   1.750812    15.9639         67     0.2750     2.3891  0.000e+00
      1.031     7.2225   1.550888    14.1192         68     0.2792     2.3866  0.000e+00
      1.221     6.9935   1.760637    16.3139         69     0.2833     2.3847  0.000e+00
      1.404     6.8358   0.725801     6.2935         70     0.2875     2.3819  0.000e+00
      1.564     6.7399   0.897662     7.9300         71     0.2917     2.3793  0.000e+00
      1.712     6.6808   0.837991     7.3772         72     0.2958     2.3762  0.000e+00
      1.850     6.6409   0.529779     4.5184         73     0.3000     2.3720  0.000e+00
      1.987     6.6196   1.162159    10.5128         74     0.3042     2.3661  0.000e+00
      2.137     6.6117   1.316035    12.0285         75     0.3083     2.3603  0.000e+00
      2.310     6.6159   2.077111    19.7503         76     0.3125     2.3541  0.000e+00
      2.491     6.6237   2.446056    23.6146         77     0.3167     2.3449  0.000e+00
      2.677     6.6144   2.663501    25.9368         78     0.3208     2.3349  0.000e+00
      2.858     6.5808   2.654820    25.8691         79     0.3250     2.3248  0.000e+00
      3.021     6.5310   2.658769    25.9491         80     0.3292     2.3143  0.000e+00
      3.178     6.4653   2.685487    26.2865         81     0.3333     2.3031  0.000e+00
      3.322     6.3857   2.703809    26.5456         82     0.3375     2.2922  0.000e+00
      3.474     6.3070   2.728648    26.8760         83     0.3417     2.2794  0.000e+00
      3.610     6.2320   2.727004    26.9174         84     0.3458     2.2678  0.000e+00
      3.713     6.1609   2.709208    26.7800         85     0.3500     2.2568  0.000e+00
      3.772     6.0986   2.764277    27.4301         86     0.3542     2.2458  0.000e+00
      3.807     6.0483   2.726917    27.0623         87     0.3583     2.2371  0.000e+00
      3.845     6.0067   2.378704    23.3205         88     0.3625     2.2301  0.000e+00
      3.875     5.9801   1.268575    11.7759         89     0.3667     2.2237  0.000e+00
      3.921     5.9694   2.378893    23.3482         90     0.3708     2.2197  0.000e+00
      3.982     5.9688   3.076778    30.9892         91     0.3750     2.2173  0.000e+00
      4.069     6.0036   2.884741    28.8307         92     0.3792     2.2132  0.000e+00
      4.188     6.1017   2.619690    25.8533         93     0.3833     2.2122  0.000e+00
      4.329     6.2350   2.676782    26.3698         94     0.3875     2.2088  0.000e+00
      4.493     6.3591   3.220952    32.2272         95     0.3917     2.2066  0.000e+00
      4.667     6.4439   3.222036    32.1590         96     0.3958     2.2042  0.000e+00
      4.867     6.4930   3.223404    32.1278         97     0.4000     2.1997  0.000e+00
      5.077     6.5210   3.222759    32.0943         98     0.4042     2.1984  0.000e+00
      5.301     6.5331   3.219316    32.0448         99     0.4083     2.1950  0.000e+00
      5.528     6.5160   3.208485    31.9413        100     0.4125     2.1931  0.000e+00
      5.751     6.4618   3.191254    31.8018        101     0.4167     2.1913  0.000e+00
      5.964     6.3688   3.176465    31.7250        102     0.4208     2.1874  0.000e+00
      6.177     6.2542   3.167272    31.7299        103     0.4250     2.1860  0.000e+00
      6.385     6.1426   3.163213    31.7890        104     0.4292     2.1823  0.000e+00
      6.568     6.0473   3.160337    31.8463        105     0.4333     2.1798  0.000e+00
      6.712     5.9726   3.159040    31.9022        106     0.4375     2.1771  0.000e+00
      6.828     5.9178   3.158119    31.9435        107     0.4417     2.1736  0.000e+00
      6.931     5.8777   3.157645    31.9760        108     0.4458     2.1728  0.000e+00
      7.014     5.8483   3.158826    32.0171        109     0.4500     2.1719  0.000e+00
      7.090     5.8270   3.160323    32.0541        110     0.4542     2.1729  0.000e+00
      7.137     5.8105   3.159749    32.0633        111     0.4583     2.1772  0.000e+00
      7.179     5.7985   3.160201    32.0797        112     0.4625     2.1810  0.000e+00
      7.198     5.7899   3.161422    32.1016        113     0.4667     2.1865  0.000e+00
      7.218     5.7836   3.162488    32.1196        114     0.4708     2.1919  0.000e+00
      7.233     5.7784   3.162410    32.1237        115     0.4750     2.1981  0.000e+00
      7.262     5.7742   3.162328    32.1267        116     0.4792     2.2038  0.000e+00
      7.321     5.7718   3.166587    32.1769        117     0.4833     2.2090  0.000e+00
      7.417     5.7736   3.180711    32.3341        118     0.4875     2.2139  0.000e+00
      7.536     5.7762   3.180910    32.3337        119     0.4917     2.2196  0.000e+00
      7.679     5.7914   3.180971    32.3198        120     0.4958     2.2217  0.000e+00
      7.845     5.8434   3.181701    32.2781        121     0.5000     2.2240  0.000e+00
      8.029     5.8887   3.180970    32.2266        122     0.5042     2.2254  0.000e+00
      8.224     5.9331   3.180394    32.1778        123     0.5083     2.2242  0.000e+00
      8.425     5.9685   3.181445    32.1557        124     0.5125     2.2237  0.000e+00
      8.633     5.9914   3.183604    32.1581        125     0.5167     2.2190  0.000e+00
      8.846     6.0109   3.185254    32.1579        126     0.5208     2.2175  0.000e+00
      9.073     6.0282   3.182098    32.1061        127     0.5250     2.2138  0.000e+00
      9.304     6.0387   3.177991    32.0502        128     0.5292     2.2095  0.000e+00
      9.541     6.0268   3.168856    31.9593        129     0.5333     2.2047  0.000e+00
      9.774     5.9935   3.160968    31.9025        130     0.5375     2.2011  0.000e+00
      9.989     5.9478   3.157192    31.9033        131     0.5417     2.1971  0.000e+00
     10.181     5.9031   3.155289    31.9240        132     0.5458     2.1930  0.000e+00
     10.345     5.8656   3.153833    31.9431        133     0.5500     2.1900  0.000e+00
     10.499     5.8359   3.153679    31.9694        134     0.5542     2.1851  0.000e+00
     10.624     5.8131   3.153756    31.9918        135     0.5583     2.1817  0.000e+00
     10.717     5.7962   3.153464    32.0045        136     0.5625     2.1798  0.000e+00
     10.784     5.7834   3.153597    32.0181        137     0.5667     2.1801  0.000e+00
     10.835     5.7738   3.153972    32.0314        138     0.5708     2.1820  0.000e+00
     10.866     5.7674   3.154088    32.0388        139     0.5750     2.1849  0.000e+00
     10.889     5.7624   3.154149    32.0442        140     0.5792     2.1906  0.000e+00
     10.902     5.7582   3.154011    32.0466        141     0.5833     2.1971  0.000e+00
     10.907     5.7552   3.154364    32.0534        142     0.5875     2.2034  0.000e+00
     10.914     5.7537   3.155661    32.0694        143     0.5917     2.2111  0.000e+00
     10.936     5.7533   3.163395    32.1568        144     0.5958     2.2169  0.000e+00
     10.996     5.7542   3.169135    32.2206        145     0.6000     2.2239  0.000e+00
     11.093     5.7553   3.169887    32.2279        146     0.6042     2.2281  0.000e+00
     11.225     5.7782   3.169848    32.2055        147     0.6083     2.2331  0.000e+00
     11.395     5.8148   3.169058    32.1617        148     0.6125     2.2357  0.000e+00
     11.585     5.8537   3.167753    32.1099        149     0.6167     2.2385  0.000e+00
     11.791     5.8845   3.167438    32.0770        150     0.6208     2.2388  0.000e+00
     12.002     5.9051   3.168029    32.0639        151     0.6250     2.2393  0.000e+00
     12.224     5.9196   3.169112    32.0623        152     0.6292     2.2367  0.000e+00
     12.445     5.9284   3.171246    32.0777        153     0.6333     2.2351  0.000e+00
     12.663     5.9350   3.172611    32.0866        154     0.6375     2.2312  0.000e+00
     12.898     5.9428   3.171528    32.0669        155     0.6417     2.2260  0.000e+00
     13.135     5.9493   3.170754    32.0520        156     0.6458     2.2239  0.000e+00
     13.350     5.9455   3.168189    32.0269        157     0.6500     2.2152  0.000e+00
     13.536     5.9300   3.162880    31.9820        158     0.6542     2.2085  0.000e+00
     13.681     5.9058   3.158138    31.9517        159     0.6583     2.2016  0.000e+00
     13.807     5.8762   3.155644    31.9517        160     0.6625     2.1949  0.000e+00
     13.916     5.8485   3.154678    31.9670        161     0.6667     2.1882  0.000e+00
     14.011     5.8250   3.153895    31.9805        162     0.6708     2.1798  0.000e+00
     14.096     5.8055   3.153482    31.9942        163     0.6750     2.1730  0.000e+00
     14.181     5.7905   3.153305    32.0064        164     0.6792     2.1674  0.000e+00
     14.259     5.7789   3.153383    32.0182        165     0.6833     2.1636  0.000e+00
     14.335     5.7699   3.154012    32.0338        166     0.6875     2.1622  0.000e+00
     14.411     5.7628   3.156704    32.0708        167     0.6917     2.1636  0.000e+00
     14.503     5.7593   3.165307    32.1709        168     0.6958     2.1662  0.000e+00
     14.595     5.7573   3.170043    32.2261        169     0.7000     2.1704  0.000e+00
     14.696     5.7559   3.175523    32.2891        170     0.7042     2.1771  0.000e+00
     14.799     5.7695   3.178970    32.3148        171     0.7083     2.1807  0.000e+00
     14.909     5.8075   3.180214    32.2923        172     0.7125     2.1868  0.000e+00
     15.036     5.8642   3.179837    32.2339        173     0.7167     2.1913  0.000e+00
     15.171     5.9221   3.179461    32.1744        174     0.7208     2.1951  0.000e+00
     15.318     5.9652   3.179405    32.1327        175     0.7250     2.1965  0.000e+00
     15.473     5.9930   3.179659    32.1090        176     0.7292     2.1976  0.000e+00
     15.636     6.0111   3.179404    32.0890        177     0.7333     2.1968  0.000e+00
     15.800     6.0218   3.177816    32.0611        178     0.7375     2.1951  0.000e+00
     15.966     6.0273   3.175305    32.0277        179     0.7417     2.1935  0.000e+00
     16.143     6.0315   3.173717    32.0059        180     0.7458     2.1910  0.000e+00
     16.319     6.0250   3.173225    32.0065        181     0.7500     2.1882  0.000e+00
     16.492     5.9983   3.171290    32.0100        182     0.7542     2.1842  0.000e+00
     16.658     5.9643   3.168417    32.0100        183     0.7583     2.1817  0.000e+00
     16.819     5.9320   3.166118    32.0148        184     0.7625     2.1780  0.000e+00
     16.976     5.9028   3.165014    32.0300        185     0.7667     2.1743  0.000e+00
     17.125     5.8765   3.164263    32.0464        186     0.7708     2.1694  0.000e+00
     17.262     5.8544   3.163611    32.0600        187     0.7750     2.1662  0.000e+00
     17.376     5.8360   3.161960    32.0589        188     0.7792     2.1628  0.000e+00
     17.488     5.8189   3.158377    32.0349        189     0.7833     2.1597  0.000e+00
