HB2402/sbe042.cnv
* Sea-Bird SBE 19plus V2 Data File:
* FileName = C:\cruise\data\sbe042.hex
* Software Version Seasave V 7.26.7.121
* Temperature SN = 7142
* Conductivity SN = 7142
* System UpLoad Time = Mar 22 2024 04:23:24
* NMEA Latitude = 39 43.98 N
* NMEA Longitude = 073 24.97 W
* NMEA UTC (Time) = Mar 22 2024  04:22:30
** Ship: Bigelow
** Cruise:  HB2304
** Program:  Fall Bottom Trawl
# nquan = 7
# nvalues = 1615                                  
# units = specified
# name 0 = depSM: Depth [salt water, m]
# name 1 = tv290C: Temperature [ITS-90, deg C]
# name 2 = c0S/m: Conductivity [S/m]
# name 3 = sal00: Salinity, Practical [PSU]
# name 4 = scan: Scan Count
# name 5 = timeM: Time, Elapsed [minutes]
# name 6 = flag:  0.000e+00
# span 0 =      0.055,     30.043                 
# span 1 =     4.2879,     7.1049                 
# span 2 =   0.000006,   3.219848                 
# span 3 =     0.0015,    31.7420                 
# span 4 =         11,       1625                 
# span 5 =     0.0417,     6.7667                 
# span 6 = 0.0000e+00, 0.0000e+00                 
# interval = seconds: 0.25
# start_time = Mar 22 2024 04:22:30 [NMEA time, header]
# bad_flag = -9.990e-29
*END*
      0.066     4.2879   0.000040     0.0015         11     0.0417  0.000e+00
      0.062     4.2897   0.000043     0.0015         12     0.0458  0.000e+00
      0.064     4.2901   0.000045     0.0015         13     0.0500  0.000e+00
      0.068     4.2905   0.000040     0.0015         14     0.0542  0.000e+00
      0.064     4.2927   0.000043     0.0015         15     0.0583  0.000e+00
      0.068     4.2963   0.000040     0.0015         16     0.0625  0.000e+00
      0.059     4.3014   0.000043     0.0015         17     0.0667  0.000e+00
      0.062     4.3077   0.000040     0.0015         18     0.0708  0.000e+00
      0.064     4.3144   0.000045     0.0015         19     0.0750  0.000e+00
      0.064     4.3204   0.000043     0.0015         20     0.0792  0.000e+00
      0.062     4.3258   0.000045     0.0015         21     0.0833  0.000e+00
      0.062     4.3312   0.000043     0.0015         22     0.0875  0.000e+00
      0.064     4.3360   0.000045     0.0015         23     0.0917  0.000e+00
      0.064     4.3406   0.000040     0.0015         24     0.0958  0.000e+00
      0.066     4.3453   0.000043     0.0015         25     0.1000  0.000e+00
      0.060     4.3496   0.000040     0.0015         26     0.1042  0.000e+00
      0.064     4.3539   0.000040     0.0015         27     0.1083  0.000e+00
      0.064     4.3581   0.000043     0.0016         28     0.1125  0.000e+00
      0.066     4.3617   0.000040     0.0015         29     0.1167  0.000e+00
      0.066     4.3650   0.000043     0.0016         30     0.1208  0.000e+00
      0.066     4.3682   0.000040     0.0015         31     0.1250  0.000e+00
      0.068     4.3707   0.000045     0.0016         32     0.1292  0.000e+00
      0.066     4.3735   0.000043     0.0016         33     0.1333  0.000e+00
      0.066     4.3768   0.000045     0.0016         34     0.1375  0.000e+00
      0.062     4.3804   0.000048     0.0016         35     0.1417  0.000e+00
      0.062     4.3839   0.000045     0.0016         36     0.1458  0.000e+00
      0.064     4.3872   0.000045     0.0016         37     0.1500  0.000e+00
      0.060     4.3903   0.000037     0.0016         38     0.1542  0.000e+00
      0.059     4.3933   0.000040     0.0016         39     0.1583  0.000e+00
      0.062     4.3959   0.000043     0.0016         40     0.1625  0.000e+00
      0.062     4.3987   0.000040     0.0016         41     0.1667  0.000e+00
      0.060     4.4018   0.000045     0.0016         42     0.1708  0.000e+00
      0.062     4.4045   0.000043     0.0016         43     0.1750  0.000e+00
      0.059     4.4071   0.000040     0.0016         44     0.1792  0.000e+00
      0.062     4.4091   0.000043     0.0016         45     0.1833  0.000e+00
      0.060     4.4112   0.000045     0.0016         46     0.1875  0.000e+00
      0.060     4.4134   0.000045     0.0016         47     0.1917  0.000e+00
      0.062     4.4155   0.000048     0.0016         48     0.1958  0.000e+00
      0.062     4.4176   0.000045     0.0016         49     0.2000  0.000e+00
      0.062     4.4197   0.000040     0.0016         50     0.2042  0.000e+00
      0.062     4.4216   0.000037     0.0016         51     0.2083  0.000e+00
      0.060     4.4236   0.000040     0.0016         52     0.2125  0.000e+00
      0.062     4.4251   0.000037     0.0016         53     0.2167  0.000e+00
      0.062     4.4265   0.000040     0.0016         54     0.2208  0.000e+00
      0.066     4.4281   0.000040     0.0016         55     0.2250  0.000e+00
      0.062     4.4294   0.000043     0.0016         56     0.2292  0.000e+00
      0.062     4.4307   0.000045     0.0016         57     0.2333  0.000e+00
      0.060     4.4317   0.000043     0.0016         58     0.2375  0.000e+00
      0.062     4.4329   0.000040     0.0016         59     0.2417  0.000e+00
      0.066     4.4340   0.000045     0.0016         60     0.2458  0.000e+00
      0.055     4.4350   0.000048     0.0016         61     0.2500  0.000e+00
      0.059     4.4360   0.000040     0.0016         62     0.2542  0.000e+00
      0.066     4.4373   0.000043     0.0016         63     0.2583  0.000e+00
      0.066     4.4384   0.000045     0.0016         64     0.2625  0.000e+00
      0.068     4.4391   0.000045     0.0016         65     0.2667  0.000e+00
      0.068     4.4398   0.000043     0.0016         66     0.2708  0.000e+00
      0.066     4.4403   0.000045     0.0016         67     0.2750  0.000e+00
      0.066     4.4409   0.000043     0.0016         68     0.2792  0.000e+00
      0.062     4.4414   0.000040     0.0016         69     0.2833  0.000e+00
      0.064     4.4418   0.000045     0.0016         70     0.2875  0.000e+00
      0.064     4.4420   0.000043     0.0016         71     0.2917  0.000e+00
      0.066     4.4422   0.000045     0.0016         72     0.2958  0.000e+00
      0.062     4.4427   0.000043     0.0016         73     0.3000  0.000e+00
      0.060     4.4431   0.000040     0.0016         74     0.3042  0.000e+00
      0.068     4.4434   0.000045     0.0016         75     0.3083  0.000e+00
      0.062     4.4435   0.000043     0.0016         76     0.3125  0.000e+00
      0.062     4.4436   0.000045     0.0016         77     0.3167  0.000e+00
      0.062     4.4436   0.000040     0.0016         78     0.3208  0.000e+00
      0.062     4.4435   0.000048     0.0016         79     0.3250  0.000e+00
      0.068     4.4436   0.000040     0.0016         80     0.3292  0.000e+00
      0.062     4.4435   0.000043     0.0016         81     0.3333  0.000e+00
      0.060     4.4436   0.000045     0.0016         82     0.3375  0.000e+00
      0.062     4.4435   0.000040     0.0016         83     0.3417  0.000e+00
      0.064     4.4437   0.000043     0.0016         84     0.3458  0.000e+00
      0.062     4.4434   0.000045     0.0016         85     0.3500  0.000e+00
      0.066     4.4433   0.000043     0.0016         86     0.3542  0.000e+00
      0.066     4.4430   0.000040     0.0016         87     0.3583  0.000e+00
      0.066     4.4427   0.000045     0.0016         88     0.3625  0.000e+00
      0.060     4.4426   0.000043     0.0016         89     0.3667  0.000e+00
      0.066     4.4424   0.000045     0.0016         90     0.3708  0.000e+00
      0.062     4.4422   0.000048     0.0016         91     0.3750  0.000e+00
      0.060     4.4419   0.000045     0.0016         92     0.3792  0.000e+00
      0.060     4.4415   0.000045     0.0016         93     0.3833  0.000e+00
      0.062     4.4412   0.000043     0.0016         94     0.3875  0.000e+00
      0.062     4.4408   0.000040     0.0016         95     0.3917  0.000e+00
      0.068     4.4408   0.000043     0.0016         96     0.3958  0.000e+00
      0.060     4.4405   0.000045     0.0016         97     0.4000  0.000e+00
      0.064     4.4403   0.000045     0.0016         98     0.4042  0.000e+00
      0.060     4.4401   0.000043     0.0016         99     0.4083  0.000e+00
      0.066     4.4400   0.000045     0.0016        100     0.4125  0.000e+00
      0.062     4.4397   0.000051     0.0016        101     0.4167  0.000e+00
      0.064     4.4396   0.000048     0.0016        102     0.4208  0.000e+00
      0.062     4.4394   0.000040     0.0016        103     0.4250  0.000e+00
      0.062     4.4391   0.000043     0.0016        104     0.4292  0.000e+00
      0.062     4.4388   0.000045     0.0016        105     0.4333  0.000e+00
      0.060     4.4385   0.000045     0.0016        106     0.4375  0.000e+00
      0.066     4.4383   0.000043     0.0016        107     0.4417  0.000e+00
      0.062     4.4381   0.000045     0.0016        108     0.4458  0.000e+00
      0.068     4.4382   0.000043     0.0016        109     0.4500  0.000e+00
      0.068     4.4379   0.000045     0.0016        110     0.4542  0.000e+00
      0.062     4.4376   0.000045     0.0016        111     0.4583  0.000e+00
      0.068     4.4373   0.000043     0.0016        112     0.4625  0.000e+00
      0.068     4.4369   0.000045     0.0016        113     0.4667  0.000e+00
      0.066     4.4367   0.000048     0.0016        114     0.4708  0.000e+00
      0.066     4.4363   0.000051     0.0016        115     0.4750  0.000e+00
      0.057     4.4362   0.000051     0.0016        116     0.4792  0.000e+00
      0.060     4.4358   0.000043     0.0016        117     0.4833  0.000e+00
      0.066     4.4355   0.000045     0.0016        118     0.4875  0.000e+00
      0.068     4.4354   0.000043     0.0016        119     0.4917  0.000e+00
      0.069     4.4350   0.000040     0.0016        120     0.4958  0.000e+00
      0.069     4.4347   0.000045     0.0016        121     0.5000  0.000e+00
      0.071     4.4343   0.000043     0.0016        122     0.5042  0.000e+00
      0.068     4.4339   0.000051     0.0016        123     0.5083  0.000e+00
      0.071     4.4336   0.000045     0.0016        124     0.5125  0.000e+00
      0.068     4.4337   0.000043     0.0016        125     0.5167  0.000e+00
      0.069     4.4339   0.000051     0.0016        126     0.5208  0.000e+00
      0.068     4.4340   0.000048     0.0016        127     0.5250  0.000e+00
      0.071     4.4340   0.000045     0.0016        128     0.5292  0.000e+00
      0.069     4.4342   0.000045     0.0016        129     0.5333  0.000e+00
      0.073     4.4342   0.000048     0.0016        130     0.5375  0.000e+00
      0.069     4.4341   0.000045     0.0016        131     0.5417  0.000e+00
      0.069     4.4340   0.000048     0.0016        132     0.5458  0.000e+00
      0.068     4.4339   0.000040     0.0016        133     0.5500  0.000e+00
      0.068     4.4340   0.000045     0.0016        134     0.5542  0.000e+00
      0.068     4.4342   0.000048     0.0016        135     0.5583  0.000e+00
      0.075     4.4342   0.000045     0.0016        136     0.5625  0.000e+00
      0.073     4.4340   0.000048     0.0016        137     0.5667  0.000e+00
      0.073     4.4335   0.000045     0.0016        138     0.5708  0.000e+00
      0.071     4.4332   0.000045     0.0016        139     0.5750  0.000e+00
      0.071     4.4327   0.000048     0.0016        140     0.5792  0.000e+00
      0.076     4.4321   0.000045     0.0016        141     0.5833  0.000e+00
      0.075     4.4317   0.000043     0.0016        142     0.5875  0.000e+00
      0.076     4.4314   0.000045     0.0016        143     0.5917  0.000e+00
      0.064     4.4314   0.000031     0.0016        144     0.5958  0.000e+00
      0.060     4.4309   0.000031     0.0016        145     0.6000  0.000e+00
      0.098     4.4304   0.000026     0.0015        146     0.6042  0.000e+00
      0.247     4.4313   0.000026     0.0016        147     0.6083  0.000e+00
      0.258     4.4343   0.000006     0.0015        148     0.6125  0.000e+00
      0.116     4.4994   0.097613     0.8057        149     0.6167  0.000e+00
      0.069     5.0943   1.302072    12.4370        150     0.6208  0.000e+00
      0.077     5.6122   0.525869     4.6208        151     0.6250  0.000e+00
      0.075     5.7797   0.418563     3.6045        152     0.6292  0.000e+00
      0.075     5.8241   0.340011     2.8858        153     0.6333  0.000e+00
      0.078     5.8342   0.302952     2.5524        154     0.6375  0.000e+00
      0.080     5.8332   0.257978     2.1530        155     0.6417  0.000e+00
      0.073     5.8254   0.223924     1.8541        156     0.6458  0.000e+00
      0.066     5.8165   0.207340     1.7099        157     0.6500  0.000e+00
      0.062     5.8057   0.193920     1.5939        158     0.6542  0.000e+00
      0.069     5.7893   2.648186    26.4069        159     0.6583  0.000e+00
      0.120     5.7944   3.129470    31.7420        160     0.6625  0.000e+00
      0.267     5.9528   3.113904    31.4196        161     0.6667  0.000e+00
      0.438     6.0880   3.135357    31.5330        162     0.6708  0.000e+00
      0.581     6.1565   3.138667    31.5060        163     0.6750  0.000e+00
      0.634     6.1898   3.123385    31.3056        164     0.6792  0.000e+00
      0.601     6.2052   3.126801    31.3293        165     0.6833  0.000e+00
      0.465     6.2388   3.138047    31.4230        166     0.6875  0.000e+00
      0.330     6.3597   3.121153    31.1252        167     0.6917  0.000e+00
      0.317     6.5032   3.112929    30.9041        168     0.6958  0.000e+00
      0.439     6.5793   3.129185    31.0135        169     0.7000  0.000e+00
      0.612     6.5257   3.127885    31.0478        170     0.7042  0.000e+00
      0.797     6.4529   3.128255    31.1181        171     0.7083  0.000e+00
      0.975     6.4033   3.132611    31.2113        172     0.7125  0.000e+00
      1.174     6.3890   3.136408    31.2662        173     0.7167  0.000e+00
      1.361     6.4506   3.147748    31.3345        174     0.7208  0.000e+00
      1.521     6.5536   3.160550    31.3807        175     0.7250  0.000e+00
      1.692     6.6441   3.149920    31.1812        176     0.7292  0.000e+00
      1.857     6.7005   3.133598    30.9514        177     0.7333  0.000e+00
      2.001     6.7173   3.131908    30.9177        178     0.7375  0.000e+00
      2.105     6.6153   3.132164    31.0128        179     0.7417  0.000e+00
      2.193     6.4870   3.133079    31.1394        180     0.7458  0.000e+00
      2.274     6.3923   3.132843    31.2234        181     0.7500  0.000e+00
      2.346     6.3366   3.131640    31.2611        182     0.7542  0.000e+00
      2.413     6.3013   3.129079    31.2652        183     0.7583  0.000e+00
      2.470     6.2792   3.126916    31.2616        184     0.7625  0.000e+00
      2.531     6.2644   3.124974    31.2537        185     0.7667  0.000e+00
      2.617     6.2542   3.124957    31.2628        186     0.7708  0.000e+00
      2.722     6.2467   3.127483    31.2977        187     0.7750  0.000e+00
      2.842     6.2428   3.130959    31.3396        188     0.7792  0.000e+00
      2.971     6.2281   3.134459    31.3919        189     0.7833  0.000e+00
      3.117     6.2100   3.135223    31.4170        190     0.7875  0.000e+00
      3.266     6.2133   3.132741    31.3864        191     0.7917  0.000e+00
      3.415     6.2289   3.127091    31.3094        192     0.7958  0.000e+00
      3.563     6.2272   3.128686    31.3286        193     0.8000  0.000e+00
      3.703     6.2151   3.132926    31.3866        194     0.8042  0.000e+00
      3.825     6.2002   3.136289    31.4376        195     0.8083  0.000e+00
      3.922     6.1980   3.136879    31.4462        196     0.8125  0.000e+00
      3.992     6.2119   3.135965    31.4231        197     0.8167  0.000e+00
      4.028     6.2233   3.133528    31.3855        198     0.8208  0.000e+00
      4.046     6.2220   3.133644    31.3880        199     0.8250  0.000e+00
      4.060     6.2154   3.136410    31.4247        200     0.8292  0.000e+00
      4.091     6.1954   3.141459    31.4993        201     0.8333  0.000e+00
      4.131     6.2033   3.141228    31.4893        202     0.8375  0.000e+00
      4.192     6.2391   3.141974    31.4644        203     0.8417  0.000e+00
      4.264     6.2700   3.143277    31.4503        204     0.8458  0.000e+00
      4.337     6.2938   3.143648    31.4323        205     0.8500  0.000e+00
      4.416     6.3065   3.144604    31.4311        206     0.8542  0.000e+00
      4.497     6.3145   3.144505    31.4226        207     0.8583  0.000e+00
      4.571     6.3258   3.144134    31.4081        208     0.8625  0.000e+00
      4.639     6.3325   3.144470    31.4055        209     0.8667  0.000e+00
      4.724     6.3340   3.146267    31.4240        210     0.8708  0.000e+00
      4.804     6.3382   3.147321    31.4317        211     0.8750  0.000e+00
      4.901     6.3416   3.148805    31.4450        212     0.8792  0.000e+00
      4.995     6.3494   3.151983    31.4728        213     0.8833  0.000e+00
      5.096     6.3636   3.153258    31.4738        214     0.8875  0.000e+00
      5.191     6.3801   3.154807    31.4755        215     0.8917  0.000e+00
