HB2402/sbe023.cnv
* Sea-Bird SBE 19plus V2 Data File:
* FileName = C:\cruise\data\sbe023.hex
* Software Version Seasave V 7.26.7.121
* Temperature SN = 7142
* Conductivity SN = 7142
* System UpLoad Time = Mar 16 2024 21:41:06
* NMEA Latitude = 37 50.95 N
* NMEA Longitude = 075 07.90 W
* NMEA UTC (Time) = Mar 16 2024  21:40:19
** Ship: Bigelow
** Cruise:  HB2304
** Program:  Fall Bottom Trawl
# nquan = 7
# nvalues = 1296                                  
# units = specified
# name 0 = depSM: Depth [salt water, m]
# name 1 = tv290C: Temperature [ITS-90, deg C]
# name 2 = c0S/m: Conductivity [S/m]
# name 3 = sal00: Salinity, Practical [PSU]
# name 4 = scan: Scan Count
# name 5 = timeM: Time, Elapsed [minutes]
# name 6 = flag:  0.000e+00
# span 0 =     -0.118,     15.977                 
# span 1 =     7.8168,    10.0604                 
# span 2 =   0.000026,   3.275975                 
# span 3 =     0.0051,    30.6054                 
# span 4 =         11,       1306                 
# span 5 =     0.0417,     5.4375                 
# span 6 = 0.0000e+00, 0.0000e+00                 
# interval = seconds: 0.25
# start_time = Mar 16 2024 21:40:19 [NMEA time, header]
# bad_flag = -9.990e-29
*END*
[from data line 1231]
      0.589     8.8848   3.201322    29.7692       1242     5.1708  0.000e+00
      0.535     8.8871   3.201684    29.7710       1243     5.1750  0.000e+00
      0.481     8.8905   3.201882    29.7703       1244     5.1792  0.000e+00
      0.450     8.8932   3.201742    29.7666       1245     5.1833  0.000e+00
      0.441     8.8940   3.201602    29.7644       1246     5.1875  0.000e+00
      0.448     8.8941   3.201602    29.7644       1247     5.1917  0.000e+00
      0.475     8.8938   3.201567    29.7643       1248     5.1958  0.000e+00
      0.497     8.8931   3.201503    29.7641       1249     5.2000  0.000e+00
      0.520     8.8928   3.201486    29.7643       1250     5.2042  0.000e+00
      0.524     8.8933   3.201742    29.7664       1251     5.2083  0.000e+00
      0.517     8.8939   3.201666    29.7652       1252     5.2125  0.000e+00
      0.500     8.8943   3.202063    29.7689       1253     5.2167  0.000e+00
      0.463     8.8967   3.202524    29.7717       1254     5.2208  0.000e+00
      0.423     8.9001   3.202763    29.7713       1255     5.2250  0.000e+00
      0.371     8.9035   3.202623    29.7671       1256     5.2292  0.000e+00
      0.323     8.9048   3.202483    29.7645       1257     5.2333  0.000e+00
      0.310     8.9045   3.202343    29.7633       1258     5.2375  0.000e+00
      0.296     8.9035   3.202185    29.7625       1259     5.2417  0.000e+00
      0.254     8.9021   3.202104    29.7629       1260     5.2458  0.000e+00
      0.251     8.9008   3.202145    29.7644       1261     5.2500  0.000e+00
      0.252     8.9004   3.202022    29.7635       1262     5.2542  0.000e+00
      0.181     8.8991   3.201806    29.7624       1263     5.2583  0.000e+00
      0.123     8.8976   3.201783    29.7635       1264     5.2625  0.000e+00
      0.130     8.8968   3.201800    29.7643       1265     5.2667  0.000e+00
      0.204     8.8966   3.201824    29.7646       1266     5.2708  0.000e+00
      0.261     8.8965   3.201923    29.7657       1267     5.2750  0.000e+00
      0.274     8.8971   3.202022    29.7662       1268     5.2792  0.000e+00
      0.319     8.8972   3.201964    29.7655       1269     5.2833  0.000e+00
      0.346     8.8971   3.201941    29.7654       1270     5.2875  0.000e+00
      0.373     8.8973   3.201964    29.7654       1271     5.2917  0.000e+00
      0.448     8.8972   3.201981    29.7657       1272     5.2958  0.000e+00
      0.493     8.8971   3.201806    29.7639       1273     5.3000  0.000e+00
      0.479     8.8963   3.202005    29.7666       1274     5.3042  0.000e+00
      0.402     8.8961   3.202186    29.7687       1275     5.3083  0.000e+00
      0.292     8.8972   3.202186    29.7678       1276     5.3125  0.000e+00
      0.227     8.8980   3.202081    29.7662       1277     5.3167  0.000e+00
      0.234     8.8974   3.201765    29.7633       1278     5.3208  0.000e+00
      0.224     8.8952   3.201048    29.7579       1279     5.3250  0.000e+00
      0.204     8.8904   3.200949    29.7608       1280     5.3292  0.000e+00
      0.202     8.8868   3.201124    29.7657       1281     5.3333  0.000e+00
      0.173     8.8861   3.201345    29.7685       1282     5.3375  0.000e+00
      0.067     8.8868   3.201404    29.7686       1283     5.3417  0.000e+00
     -0.042     8.8878   3.201462    29.7684       1284     5.3458  0.000e+00
     -0.087     8.8892   3.201567    29.7684       1285     5.3500  0.000e+00
     -0.084     8.8906   1.099427     9.2781       1286     5.3542  0.000e+00
     -0.064     8.8915   0.820095     6.7663       1287     5.3583  0.000e+00
     -0.010     8.8923   2.050007    18.2412       1288     5.3625  0.000e+00
     -0.042     8.8932   2.760938    25.2780       1289     5.3667  0.000e+00
     -0.084     8.8933   3.178163    29.5242       1290     5.3708  0.000e+00
     -0.085     8.8934   1.551178    13.4658       1291     5.3750  0.000e+00
     -0.085     8.8936   0.637951     5.1679       1292     5.3792  0.000e+00
     -0.085     8.8929   0.350496     2.7287       1293     5.3833  0.000e+00
     -0.091     8.8912   0.284363     2.1861       1294     5.3875  0.000e+00
     -0.091     8.8886   0.240774     1.8334       1295     5.3917  0.000e+00
     -0.091     8.8876   0.214410     1.6221       1296     5.3958  0.000e+00
     -0.091     8.8877   0.199812     1.5059       1297     5.4000  0.000e+00
     -0.087     8.8878   0.185623     1.3934       1298     5.4042  0.000e+00
     -0.089     8.8885   0.174530     1.3058       1299     5.4083  0.000e+00
     -0.087     8.8895   0.160246     1.1936       1300     5.4125  0.000e+00
     -0.091     8.8899   0.152298     1.1315       1301     5.4167  0.000e+00
     -0.089     8.8911   0.148639     1.1029       1302     5.4208  0.000e+00
     -0.082     8.8918   0.144246     1.0687       1303     5.4250  0.000e+00
     -0.087     8.8924   0.134096     0.9899       1304     5.4292  0.000e+00
     -0.087     8.8935   0.124642     0.9168       1305     5.4333  0.000e+00
     -0.085     8.8943   0.121540     0.8929       1306     5.4375  0.000e+00
