HB2402/sbe072.cnv
* Sea-Bird SBE 19plus V2 Data File:
* FileName = C:\cruise\data\sbe072.hex
* Software Version Seasave V 7.26.7.121
* Temperature SN = 7037
* Conductivity SN = 7037
* System UpLoad Time = Apr 10 2024 11:51:12
* NMEA Latitude = 40 03.64 N
* NMEA Longitude = 069 26.57 W
* NMEA UTC (Time) = Apr 10 2024  11:50:37
** Ship: Bigelow
** Cruise:  HB2304
** Program:  Fall Bottom Trawl
# nquan = 8
# nvalues = 2423                                  
# units = specified
# name 0 = depSM: Depth [salt water, m]
# name 1 = tv290C: Temperature [ITS-90, deg C]
# name 2 = c0S/m: Conductivity [S/m]
# name 3 = sal00: Salinity, Practical [PSU]
# name 4 = scan: Scan Count
# name 5 = timeM: Time, Elapsed [minutes]
# name 6 = sbeox0V: Oxygen raw, SBE 43 [V]
# name 7 = flag:  0.000e+00
# span 0 =      0.011,     96.463                 
# span 1 =     5.3806,     7.5147                 
# span 2 =   0.000025,   3.227791                 
# span 3 =     0.0035,    32.6925                 
# span 4 =         11,       2433                 
# span 5 =     0.0417,    10.1333                 
# span 6 =     2.0398,     2.4292                 
# span 7 = 0.0000e+00, 0.0000e+00                 
# interval = seconds: 0.25
# start_time = Apr 10 2024 11:50:37 [NMEA time, header]
# bad_flag = -9.990e-29
*END*
[from data line 540]
     62.189     5.4791   3.163805    32.3992        551     2.2917     2.2811  0.000e+00
     62.321     5.4805   3.163966    32.3996        552     2.2958     2.2810  0.000e+00
     62.464     5.4819   3.164004    32.3986        553     2.3000     2.2803  0.000e+00
     62.603     5.4829   3.164126    32.3989        554     2.3042     2.2794  0.000e+00
     62.747     5.4837   3.164264    32.3997        555     2.3083     2.2794  0.000e+00
     62.892     5.4843   3.164441    32.4010        556     2.3125     2.2784  0.000e+00
     63.033     5.4850   3.164618    32.4023        557     2.3167     2.2775  0.000e+00
     63.183     5.4858   3.164933    32.4050        558     2.3208     2.2778  0.000e+00
     63.342     5.4867   3.165148    32.4065        559     2.3250     2.2759  0.000e+00
     63.492     5.4877   3.165485    32.4093        560     2.3292     2.2758  0.000e+00
     63.649     5.4891   3.165861    32.4121        561     2.3333     2.2759  0.000e+00
     63.807     5.4906   3.166176    32.4142        562     2.3375     2.2757  0.000e+00
     63.949     5.4922   3.166369    32.4148        563     2.3417     2.2757  0.000e+00
     64.096     5.4936   3.166491    32.4147        564     2.3458     2.2748  0.000e+00
     64.233     5.4950   3.166568    32.4142        565     2.3500     2.2746  0.000e+00
     64.360     5.4959   3.166668    32.4143        566     2.3542     2.2756  0.000e+00
     64.483     5.4968   3.166706    32.4139        567     2.3583     2.2749  0.000e+00
     64.589     5.4976   3.166767    32.4137        568     2.3625     2.2739  0.000e+00
     64.696     5.4981   3.167104    32.4171        569     2.3667     2.2732  0.000e+00
     64.801     5.4989   3.167336    32.4188        570     2.3708     2.2726  0.000e+00
     64.895     5.5002   3.167795    32.4227        571     2.3750     2.2729  0.000e+00
     64.987     5.5019   3.168027    32.4237        572     2.3792     2.2718  0.000e+00
     65.079     5.5036   3.168364    32.4258        573     2.3833     2.2714  0.000e+00
     65.179     5.5054   3.168740    32.4283        574     2.3875     2.2710  0.000e+00
     65.278     5.5074   3.169177    32.4312        575     2.3917     2.2718  0.000e+00
     65.379     5.5097   3.169392    32.4314        576     2.3958     2.2713  0.000e+00
     65.491     5.5118   3.169691    32.4327        577     2.4000     2.2715  0.000e+00
     65.602     5.5138   3.169884    32.4329        578     2.4042     2.2713  0.000e+00
     65.714     5.5155   3.170006    32.4326        579     2.4083     2.2723  0.000e+00
     65.846     5.5169   3.170105    32.4323        580     2.4125     2.2722  0.000e+00
     65.974     5.5181   3.170183    32.4320        581     2.4167     2.2727  0.000e+00
     66.119     5.5190   3.170338    32.4328        582     2.4208     2.2729  0.000e+00
     66.265     5.5198   3.170537    32.4342        583     2.4250     2.2733  0.000e+00
     66.421     5.5208   3.170752    32.4356        584     2.4292     2.2734  0.000e+00
     66.578     5.5219   3.171051    32.4379        585     2.4333     2.2730  0.000e+00
     66.739     5.5231   3.171504    32.4417        586     2.4375     2.2740  0.000e+00
     66.903     5.5246   3.171626    32.4415        587     2.4417     2.2726  0.000e+00
     67.060     5.5262   3.171819    32.4421        588     2.4458     2.2733  0.000e+00
     67.220     5.5276   3.171963    32.4424        589     2.4500     2.2733  0.000e+00
     67.370     5.5287   3.172334    32.4454        590     2.4542     2.2731  0.000e+00
     67.518     5.5302   3.172732    32.4484        591     2.4583     2.2725  0.000e+00
     67.668     5.5319   3.173362    32.4538        592     2.4625     2.2720  0.000e+00
     67.811     5.5343   3.173937    32.4580        593     2.4667     2.2708  0.000e+00
     67.952     5.5372   3.174297    32.4591        594     2.4708     2.2705  0.000e+00
     68.096     5.5401   3.174590    32.4596        595     2.4750     2.2710  0.000e+00
     68.244     5.5424   3.174811    32.4598        596     2.4792     2.2707  0.000e+00
     68.394     5.5447   3.174905    32.4586        597     2.4833     2.2704  0.000e+00
     68.537     5.5462   3.175088    32.4592        598     2.4875     2.2701  0.000e+00
     68.685     5.5475   3.175420    32.4616        599     2.4917     2.2706  0.000e+00
     68.836     5.5489   3.175680    32.4630        600     2.4958     2.2701  0.000e+00
     68.984     5.5507   3.175879    32.4636        601     2.5000     2.2710  0.000e+00
     69.128     5.5521   3.176095    32.4645        602     2.5042     2.2713  0.000e+00
     69.276     5.5538   3.176194    32.4640        603     2.5083     2.2708  0.000e+00
     69.416     5.5554   3.176454    32.4653        604     2.5125     2.2713  0.000e+00
     69.558     5.5566   3.176831    32.4683        605     2.5167     2.2716  0.000e+00
     69.705     5.5584   3.177163    32.4703        606     2.5208     2.2729  0.000e+00
     69.839     5.5602   3.177262    32.4696        607     2.5250     2.2726  0.000e+00
     69.976     5.5617   3.177539    32.4711        608     2.5292     2.2716  0.000e+00
     70.115     5.5631   3.177799    32.4727        609     2.5333     2.2714  0.000e+00
     70.244     5.5647   3.177959    32.4729        610     2.5375     2.2720  0.000e+00
     70.379     5.5659   3.178076    32.4730        611     2.5417     2.2717  0.000e+00
     70.504     5.5670   3.178275    32.4742        612     2.5458     2.2710  0.000e+00
     70.638     5.5679   3.178391    32.4745        613     2.5500     2.2714  0.000e+00
     70.768     5.5688   3.178491    32.4747        614     2.5542     2.2717  0.000e+00
     70.896     5.5697   3.178552    32.4745        615     2.5583     2.2719  0.000e+00
     71.023     5.5702   3.178491    32.4732        616     2.5625     2.2721  0.000e+00
     71.147     5.5707   3.178590    32.4739        617     2.5667     2.2722  0.000e+00
     71.276     5.5709   3.178690    32.4747        618     2.5708     2.2719  0.000e+00
     71.397     5.5711   3.178729    32.4749        619     2.5750     2.2714  0.000e+00
     71.523     5.5716   3.178851    32.4757        620     2.5792     2.2707  0.000e+00
     71.652     5.5720   3.179089    32.4780        621     2.5833     2.2717  0.000e+00
     71.789     5.5724   3.179244    32.4793        622     2.5875     2.2711  0.000e+00
     71.917     5.5730   3.179327    32.4795        623     2.5917     2.2713  0.000e+00
     72.049     5.5737   3.179443    32.4801        624     2.5958     2.2707  0.000e+00
     72.178     5.5743   3.179720    32.4826        625     2.6000     2.2709  0.000e+00
     72.315     5.5751   3.180279    32.4881        626     2.6042     2.2701  0.000e+00
     72.449     5.5766   3.180733    32.4917        627     2.6083     2.2707  0.000e+00
     72.590     5.5784   3.180849    32.4913        628     2.6125     2.2710  0.000e+00
     72.725     5.5799   3.181109    32.4927        629     2.6167     2.2707  0.000e+00
     72.868     5.5814   3.181170    32.4918        630     2.6208     2.2701  0.000e+00
     73.013     5.5826   3.181347    32.4926        631     2.6250     2.2699  0.000e+00
     73.159     5.5834   3.181447    32.4929        632     2.6292     2.2700  0.000e+00
     73.318     5.5842   3.181469    32.4923        633     2.6333     2.2713  0.000e+00
     73.466     5.5847   3.181563    32.4928        634     2.6375     2.2706  0.000e+00
     73.626     5.5851   3.181646    32.4932        635     2.6417     2.2693  0.000e+00
     73.777     5.5856   3.181707    32.4934        636     2.6458     2.2689  0.000e+00
     73.938     5.5858   3.181724    32.4933        637     2.6500     2.2707  0.000e+00
     74.094     5.5861   3.181724    32.4929        638     2.6542     2.2691  0.000e+00
     74.251     5.5862   3.181707    32.4926        639     2.6583     2.2693  0.000e+00
     74.407     5.5862   3.181785    32.4934        640     2.6625     2.2694  0.000e+00
     74.557     5.5862   3.181901    32.4946        641     2.6667     2.2688  0.000e+00
     74.708     5.5864   3.181884    32.4942        642     2.6708     2.2685  0.000e+00
     74.851     5.5866   3.181945    32.4946        643     2.6750     2.2683  0.000e+00
     74.992     5.5864   3.182100    32.4964        644     2.6792     2.2681  0.000e+00
     75.124     5.5868   3.182222    32.4974        645     2.6833     2.2673  0.000e+00
     75.256     5.5870   3.182300    32.4980        646     2.6875     2.2681  0.000e+00
     75.390     5.5872   3.182377    32.4987        647     2.6917     2.2665  0.000e+00
     75.518     5.5876   3.182438    32.4988        648     2.6958     2.2679  0.000e+00
     75.641     5.5879   3.182560    32.4999        649     2.7000     2.2672  0.000e+00
     75.768     5.5881   3.182599    32.5001        650     2.7042     2.2670  0.000e+00
     75.887     5.5884   3.182660    32.5004        651     2.7083     2.2675  0.000e+00
     75.999     5.5885   3.182660    32.5002        652     2.7125     2.2677  0.000e+00
     76.124     5.5888   3.182677    32.5001        653     2.7167     2.2678  0.000e+00
     76.247     5.5888   3.182677    32.5000        654     2.7208     2.2675  0.000e+00
     76.355     5.5890   3.182715    32.5002        655     2.7250     2.2680  0.000e+00
     76.474     5.5891   3.182798    32.5010        656     2.7292     2.2669  0.000e+00
     76.590     5.5893   3.182876    32.5016        657     2.7333     2.2680  0.000e+00
     76.711     5.5895   3.182992    32.5027        658     2.7375     2.2677  0.000e+00
     76.838     5.5896   3.182976    32.5023        659     2.7417     2.2682  0.000e+00
     76.964     5.5898   3.182992    32.5023        660     2.7458     2.2684  0.000e+00
     77.094     5.5900   3.183092    32.5032        661     2.7500     2.2680  0.000e+00
     77.237     5.5900   3.183330    32.5057        662     2.7542     2.2669  0.000e+00
     77.375     5.5905   3.183413    32.5062        663     2.7583     2.2675  0.000e+00
     77.525     5.5908   3.183552    32.5074        664     2.7625     2.2675  0.000e+00
     77.675     5.5912   3.183613    32.5076        665     2.7667     2.2665  0.000e+00
     77.832     5.5915   3.183651    32.5076        666     2.7708     2.2660  0.000e+00
     77.995     5.5919   3.183690    32.5077        667     2.7750     2.2665  0.000e+00
     78.150     5.5920   3.183790    32.5086        668     2.7792     2.2672  0.000e+00
     78.317     5.5923   3.183868    32.5091        669     2.7833     2.2669  0.000e+00
     78.490     5.5925   3.183928    32.5095        670     2.7875     2.2655  0.000e+00
     78.660     5.5928   3.183989    32.5098        671     2.7917     2.2659  0.000e+00
     78.825     5.5930   3.183989    32.5095        672     2.7958     2.2660  0.000e+00
     78.987     5.5931   3.184045    32.5100        673     2.8000     2.2648  0.000e+00
     79.144     5.5932   3.184145    32.5109        674     2.8042     2.2648  0.000e+00
     79.296     5.5934   3.184167    32.5110        675     2.8083     2.2649  0.000e+00
     79.443     5.5935   3.184206    32.5112        676     2.8125     2.2642  0.000e+00
     79.582     5.5936   3.184244    32.5115        677     2.8167     2.2648  0.000e+00
     79.714     5.5936   3.184328    32.5123        678     2.8208     2.2652  0.000e+00
     79.846     5.5938   3.184483    32.5138        679     2.8250     2.2647  0.000e+00
     79.974     5.5941   3.184743    32.5165        680     2.8292     2.2649  0.000e+00
     80.099     5.5947   3.184959    32.5182        681     2.8333     2.2650  0.000e+00
     80.227     5.5954   3.185120    32.5193        682     2.8375     2.2643  0.000e+00
     80.339     5.5964   3.185297    32.5203        683     2.8417     2.2652  0.000e+00
     80.455     5.5973   3.185795    32.5250        684     2.8458     2.2655  0.000e+00
     80.567     5.5990   3.186094    32.5267        685     2.8500     2.2646  0.000e+00
     80.676     5.6008   3.186310    32.5273        686     2.8542     2.2659  0.000e+00
     80.775     5.6027   3.186471    32.5273        687     2.8583     2.2652  0.000e+00
     80.867     5.6044   3.186549    32.5265        688     2.8625     2.2650  0.000e+00
     80.965     5.6059   3.187324    32.5338        689     2.8667     2.2660  0.000e+00
     81.048     5.6082   3.189834    32.5599        690     2.8708     2.2659  0.000e+00
     81.137     5.6151   3.191164    32.5681        691     2.8750     2.2655  0.000e+00
     81.229     5.6243   3.192577    32.5752        692     2.8792     2.2660  0.000e+00
     81.319     5.6338   3.193891    32.5808        693     2.8833     2.2659  0.000e+00
     81.422     5.6435   3.195166    32.5858        694     2.8875     2.2669  0.000e+00
     81.532     5.6530   3.196347    32.5898        695     2.8917     2.2669  0.000e+00
     81.650     5.6628   3.197977    32.5988        696     2.8958     2.2673  0.000e+00
     81.782     5.6726   3.199819    32.6100        697     2.9000     2.2683  0.000e+00
     81.919     5.6837   3.200895    32.6113        698     2.9042     2.2675  0.000e+00
     82.071     5.6946   3.201794    32.6108        699     2.9083     2.2677  0.000e+00
     82.230     5.7039   3.203392    32.6198        700     2.9125     2.2675  0.000e+00
     82.400     5.7137   3.204686    32.6248        701     2.9167     2.2679  0.000e+00
     82.572     5.7237   3.205552    32.6248        702     2.9208     2.2677  0.000e+00
     82.756     5.7328   3.205774    32.6184        703     2.9250     2.2672  0.000e+00
     82.935     5.7392   3.205935    32.6139        704     2.9292     2.2666  0.000e+00
     83.123     5.7438   3.206396    32.6146        705     2.9333     2.2657  0.000e+00
     83.302     5.7474   3.205935    32.6058        706     2.9375     2.2657  0.000e+00
     83.481     5.7495   3.205752    32.6017        707     2.9417     2.2644  0.000e+00
     83.655     5.7499   3.206634    32.6112        708     2.9458     2.2634  0.000e+00
     83.823     5.7518   3.207095    32.6144        709     2.9500     2.2636  0.000e+00
     83.984     5.7545   3.208695    32.6297        710     2.9542     2.2630  0.000e+00
     84.134     5.7597   3.210300    32.6427        711     2.9583     2.2614  0.000e+00
     84.277     5.7673   3.211239    32.6459        712     2.9625     2.2601  0.000e+00
     84.414     5.7751   3.211422    32.6403        713     2.9667     2.2602  0.000e+00
     84.550     5.7813   3.211522    32.6354        714     2.9708     2.2601  0.000e+00
     84.678     5.7858   3.212583    32.6429        715     2.9750     2.2590  0.000e+00
     84.801     5.7904   3.212705    32.6397        716     2.9792     2.2580  0.000e+00
     84.922     5.7944   3.213128    32.6406        717     2.9833     2.2586  0.000e+00
     85.041     5.7978   3.213428    32.6407        718     2.9875     2.2583  0.000e+00
     85.159     5.8007   3.213589    32.6396        719     2.9917     2.2573  0.000e+00
     85.269     5.8032   3.214450    32.6468        720     2.9958     2.2579  0.000e+00
     85.379     5.8064   3.214773    32.6473        721     3.0000     2.2567  0.000e+00
     85.495     5.8098   3.214573    32.6417        722     3.0042     2.2559  0.000e+00
     85.605     5.8120   3.214689    32.6408        723     3.0083     2.2560  0.000e+00
     85.723     5.8135   3.215718    32.6509        724     3.0125     2.2555  0.000e+00
     85.835     5.8166   3.218047    32.6740        725     3.0167     2.2549  0.000e+00
     85.949     5.8233   3.219999    32.6894        726     3.0208     2.2550  0.000e+00
     86.065     5.8338   3.220761    32.6879        727     3.0250     2.2549  0.000e+00
     86.180     5.8429   3.220138    32.6720        728     3.0292     2.2551  0.000e+00
     86.300     5.8484   3.219192    32.6560        729     3.0333     2.2537  0.000e+00
