HB2402/sbe056.cnv
* Sea-Bird SBE 19plus V2 Data File:
* FileName = C:\cruise\data\sbe056.hex
* Software Version Seasave V 7.26.7.121
* Temperature SN = 7037
* Conductivity SN = 7037
* System UpLoad Time = Apr 06 2024 16:00:44
* NMEA Latitude = 40 01.05 N
* NMEA Longitude = 071 44.23 W
* NMEA UTC (Time) = Apr 06 2024  16:00:05
** Ship: Bigelow
** Cruise:  HB2304
** Program:  Fall Bottom Trawl
# nquan = 8
# nvalues = 2540                                  
# units = specified
# name 0 = depSM: Depth [salt water, m]
# name 1 = tv290C: Temperature [ITS-90, deg C]
# name 2 = c0S/m: Conductivity [S/m]
# name 3 = sal00: Salinity, Practical [PSU]
# name 4 = scan: Scan Count
# name 5 = timeM: Time, Elapsed [minutes]
# name 6 = sbeox0V: Oxygen raw, SBE 43 [V]
# name 7 = flag:  0.000e+00
# span 0 =     -0.128,     90.386                 
# span 1 =     5.6107,     9.1076                 
# span 2 =  -0.000023,   3.620656                 
# span 3 =     0.0000,    33.9526                 
# span 4 =         11,       2550                 
# span 5 =     0.0417,    10.6208                 
# span 6 =     2.0482,     2.3555                 
# span 7 = 0.0000e+00, 0.0000e+00                 
# interval = seconds: 0.25
# start_time = Apr 06 2024 16:00:05 [NMEA time, header]
# bad_flag = -9.990e-29
*END*
[from data line 1079]
     71.687     5.6220   3.170637    32.3343       1090     4.5375     2.3122  0.000e+00
     71.548     5.6235   3.170615    32.3327       1091     4.5417     2.3120  0.000e+00
     71.405     5.6253   3.170852    32.3337       1092     4.5458     2.3118  0.000e+00
     71.248     5.6274   3.170935    32.3327       1093     4.5500     2.3129  0.000e+00
     71.087     5.6297   3.170974    32.3309       1094     4.5542     2.3134  0.000e+00
     70.928     5.6323   3.171051    32.3294       1095     4.5583     2.3141  0.000e+00
     70.776     5.6362   3.171388    32.3295       1096     4.5625     2.3139  0.000e+00
     70.635     5.6419   3.171626    32.3268       1097     4.5667     2.3150  0.000e+00
     70.505     5.6479   3.171781    32.3229       1098     4.5708     2.3163  0.000e+00
     70.400     5.6530   3.171725    32.3174       1099     4.5750     2.3144  0.000e+00
     70.307     5.6562   3.171803    32.3153       1100     4.5792     2.3160  0.000e+00
     70.233     5.6583   3.171819    32.3135       1101     4.5833     2.3169  0.000e+00
     70.172     5.6602   3.171802    32.3115       1102     4.5875     2.3183  0.000e+00
     70.120     5.6613   3.171880    32.3113       1103     4.5917     2.3180  0.000e+00
     70.074     5.6624   3.171841    32.3099       1104     4.5958     2.3186  0.000e+00
     70.029     5.6633   3.171819    32.3088       1105     4.6000     2.3199  0.000e+00
     70.000     5.6642   3.171780    32.3075       1106     4.6042     2.3195  0.000e+00
     69.964     5.6649   3.171741    32.3064       1107     4.6083     2.3208  0.000e+00
     69.922     5.6654   3.171725    32.3057       1108     4.6125     2.3205  0.000e+00
     69.870     5.6656   3.171725    32.3055       1109     4.6167     2.3210  0.000e+00
     69.809     5.6657   3.171725    32.3055       1110     4.6208     2.3218  0.000e+00
     69.735     5.6655   3.171664    32.3050       1111     4.6250     2.3223  0.000e+00
     69.633     5.6659   3.171642    32.3045       1112     4.6292     2.3225  0.000e+00
     69.539     5.6663   3.171625    32.3040       1113     4.6333     2.3233  0.000e+00
     69.407     5.6664   3.171564    32.3032       1114     4.6375     2.3234  0.000e+00
     69.281     5.6667   3.171448    32.3017       1115     4.6417     2.3241  0.000e+00
     69.149     5.6669   3.171448    32.3016       1116     4.6458     2.3241  0.000e+00
     69.013     5.6670   3.171327    32.3001       1117     4.6500     2.3244  0.000e+00
     68.892     5.6673   3.171172    32.2982       1118     4.6542     2.3249  0.000e+00
     68.775     5.6678   3.171127    32.2973       1119     4.6583     2.3247  0.000e+00
     68.670     5.6685   3.171150    32.2969       1120     4.6625     2.3259  0.000e+00
     68.579     5.6690   3.171050    32.2954       1121     4.6667     2.3271  0.000e+00
     68.498     5.6696   3.170989    32.2941       1122     4.6708     2.3276  0.000e+00
     68.417     5.6703   3.170950    32.2931       1123     4.6750     2.3257  0.000e+00
     68.343     5.6709   3.170912    32.2920       1124     4.6792     2.3280  0.000e+00
     68.279     5.6716   3.170873    32.2910       1125     4.6833     2.3272  0.000e+00
     68.216     5.6722   3.170889    32.2907       1126     4.6875     2.3272  0.000e+00
     68.155     5.6727   3.170873    32.2900       1127     4.6917     2.3275  0.000e+00
     68.100     5.6731   3.170873    32.2897       1128     4.6958     2.3267  0.000e+00
     68.041     5.6734   3.170851    32.2891       1129     4.7000     2.3274  0.000e+00
     67.979     5.6739   3.170884    32.2891       1130     4.7042     2.3271  0.000e+00
     67.918     5.6743   3.170873    32.2886       1131     4.7083     2.3264  0.000e+00
     67.853     5.6748   3.170934    32.2888       1132     4.7125     2.3281  0.000e+00
     67.780     5.6760   3.171033    32.2889       1133     4.7167     2.3281  0.000e+00
     67.701     5.6777   3.171033    32.2872       1134     4.7208     2.3280  0.000e+00
     67.617     5.6792   3.171050    32.2860       1135     4.7250     2.3278  0.000e+00
     67.524     5.6805   3.171072    32.2851       1136     4.7292     2.3285  0.000e+00
     67.422     5.6817   3.171188    32.2853       1137     4.7333     2.3296  0.000e+00
     67.317     5.6837   3.171210    32.2837       1138     4.7375     2.3295  0.000e+00
     67.211     5.6856   3.171248    32.2824       1139     4.7417     2.3293  0.000e+00
     67.100     5.6872   3.171287    32.2813       1140     4.7458     2.3312  0.000e+00
     66.983     5.6888   3.171348    32.2805       1141     4.7500     2.3305  0.000e+00
     66.876     5.6904   3.171364    32.2792       1142     4.7542     2.3318  0.000e+00
     66.779     5.6920   3.171425    32.2784       1143     4.7583     2.3318  0.000e+00
     66.685     5.6936   3.171447    32.2772       1144     4.7625     2.3308  0.000e+00
     66.591     5.6950   3.171425    32.2756       1145     4.7667     2.3316  0.000e+00
     66.511     5.6959   3.171425    32.2748       1146     4.7708     2.3312  0.000e+00
     66.444     5.6964   3.171425    32.2744       1147     4.7750     2.3305  0.000e+00
     66.383     5.6968   3.171464    32.2744       1148     4.7792     2.3303  0.000e+00
     66.329     5.6971   3.171464    32.2742       1149     4.7833     2.3315  0.000e+00
     66.280     5.6974   3.171486    32.2742       1150     4.7875     2.3297  0.000e+00
     66.233     5.6977   3.171486    32.2740       1151     4.7917     2.3291  0.000e+00
     66.188     5.6981   3.171541    32.2742       1152     4.7958     2.3298  0.000e+00
     66.135     5.6986   3.171541    32.2737       1153     4.8000     2.3295  0.000e+00
     66.081     5.6992   3.171563    32.2735       1154     4.8042     2.3289  0.000e+00
     66.023     5.6995   3.171624    32.2739       1155     4.8083     2.3280  0.000e+00
     65.965     5.7002   3.171585    32.2728       1156     4.8125     2.3299  0.000e+00
     65.897     5.7008   3.171679    32.2733       1157     4.8167     2.3293  0.000e+00
     65.833     5.7015   3.171723    32.2731       1158     4.8208     2.3286  0.000e+00
     65.766     5.7022   3.171723    32.2725       1159     4.8250     2.3294  0.000e+00
     65.707     5.7028   3.171861    32.2735       1160     4.8292     2.3298  0.000e+00
     65.642     5.7039   3.172038    32.2745       1161     4.8333     2.3302  0.000e+00
     65.578     5.7060   3.172177    32.2741       1162     4.8375     2.3289  0.000e+00
     65.522     5.7087   3.172254    32.2724       1163     4.8417     2.3306  0.000e+00
     65.461     5.7111   3.172414    32.2719       1164     4.8458     2.3305  0.000e+00
     65.401     5.7135   3.172552    32.2712       1165     4.8500     2.3293  0.000e+00
     65.336     5.7159   3.172514    32.2685       1166     4.8542     2.3302  0.000e+00
     65.262     5.7176   3.172552    32.2673       1167     4.8583     2.3291  0.000e+00
     65.182     5.7187   3.172630    32.2672       1168     4.8625     2.3299  0.000e+00
     65.088     5.7196   3.172707    32.2672       1169     4.8667     2.3309  0.000e+00
     64.971     5.7207   3.172790    32.2672       1170     4.8708     2.3306  0.000e+00
     64.844     5.7220   3.172729    32.2654       1171     4.8750     2.3293  0.000e+00
     64.707     5.7226   3.172790    32.2655       1172     4.8792     2.3305  0.000e+00
     64.575     5.7232   3.172806    32.2652       1173     4.8833     2.3299  0.000e+00
     64.434     5.7237   3.172828    32.2650       1174     4.8875     2.3300  0.000e+00
     64.298     5.7243   3.172845    32.2647       1175     4.8917     2.3302  0.000e+00
     64.159     5.7247   3.172906    32.2651       1176     4.8958     2.3309  0.000e+00
     64.044     5.7254   3.172889    32.2643       1177     4.9000     2.3305  0.000e+00
     63.930     5.7261   3.172889    32.2637       1178     4.9042     2.3293  0.000e+00
     63.841     5.7266   3.172889    32.2633       1179     4.9083     2.3291  0.000e+00
     63.769     5.7269   3.172889    32.2630       1180     4.9125     2.3293  0.000e+00
     63.702     5.7271   3.172889    32.2628       1181     4.9167     2.3291  0.000e+00
     63.644     5.7276   3.172889    32.2624       1182     4.9208     2.3290  0.000e+00
     63.606     5.7278   3.172867    32.2620       1183     4.9250     2.3304  0.000e+00
     63.577     5.7277   3.172906    32.2625       1184     4.9292     2.3306  0.000e+00
     63.557     5.7282   3.172889    32.2619       1185     4.9333     2.3299  0.000e+00
     63.536     5.7286   3.172928    32.2619       1186     4.9375     2.3315  0.000e+00
     63.527     5.7289   3.172944    32.2618       1187     4.9417     2.3308  0.000e+00
     63.512     5.7292   3.172928    32.2614       1188     4.9458     2.3316  0.000e+00
     63.501     5.7293   3.172928    32.2612       1189     4.9500     2.3318  0.000e+00
     63.485     5.7297   3.172906    32.2606       1190     4.9542     2.3322  0.000e+00
     63.462     5.7298   3.172928    32.2608       1191     4.9583     2.3319  0.000e+00
     63.431     5.7299   3.173005    32.2616       1192     4.9625     2.3299  0.000e+00
     63.387     5.7305   3.173082    32.2619       1193     4.9667     2.3304  0.000e+00
     63.335     5.7313   3.173105    32.2614       1194     4.9708     2.3301  0.000e+00
     63.268     5.7320   3.173121    32.2610       1195     4.9750     2.3292  0.000e+00
     63.196     5.7326   3.173143    32.2607       1196     4.9792     2.3303  0.000e+00
     63.112     5.7332   3.173182    32.2606       1197     4.9833     2.3309  0.000e+00
     63.022     5.7336   3.173221    32.2607       1198     4.9875     2.3312  0.000e+00
     62.935     5.7340   3.173182    32.2599       1199     4.9917     2.3305  0.000e+00
     62.837     5.7344   3.173220    32.2600       1200     4.9958     2.3302  0.000e+00
     62.745     5.7347   3.173243    32.2600       1201     5.0000     2.3303  0.000e+00
     62.655     5.7352   3.173243    32.2596       1202     5.0042     2.3302  0.000e+00
     62.564     5.7355   3.173303    32.2600       1203     5.0083     2.3295  0.000e+00
     62.476     5.7360   3.173458    32.2613       1204     5.0125     2.3319  0.000e+00
     62.378     5.7374   3.174249    32.2690       1205     5.0167     2.3317  0.000e+00
     62.293     5.7411   3.174033    32.2630       1206     5.0208     2.3310  0.000e+00
     62.197     5.7444   3.174664    32.2670       1207     5.0250     2.3316  0.000e+00
     62.116     5.7477   3.174708    32.2644       1208     5.0292     2.3324  0.000e+00
     62.024     5.7506   3.174763    32.2623       1209     5.0333     2.3332  0.000e+00
     61.941     5.7529   3.174785    32.2603       1210     5.0375     2.3320  0.000e+00
     61.863     5.7541   3.174647    32.2577       1211     5.0417     2.3329  0.000e+00
     61.789     5.7548   3.174011    32.2499       1212     5.0458     2.3341  0.000e+00
     61.709     5.7533   3.173872    32.2499       1213     5.0500     2.3333  0.000e+00
     61.648     5.7506   3.174171    32.2558       1214     5.0542     2.3338  0.000e+00
     61.579     5.7499   3.174448    32.2596       1215     5.0583     2.3328  0.000e+00
     61.521     5.7508   3.174409    32.2584       1216     5.0625     2.3325  0.000e+00
     61.465     5.7517   3.174271    32.2559       1217     5.0667     2.3313  0.000e+00
     61.406     5.7517   3.174177    32.2549       1218     5.0708     2.3319  0.000e+00
     61.344     5.7512   3.174586    32.2600       1219     5.0750     2.3317  0.000e+00
     61.290     5.7522   3.175039    32.2642       1220     5.0792     2.3311  0.000e+00
     61.223     5.7548   3.175200    32.2635       1221     5.0833     2.3306  0.000e+00
     61.154     5.7574   3.175100    32.2600       1222     5.0875     2.3304  0.000e+00
     61.073     5.7589   3.175177    32.2594       1223     5.0917     2.3321  0.000e+00
     60.982     5.7599   3.175139    32.2582       1224     5.0958     2.3315  0.000e+00
     60.901     5.7604   3.175100    32.2572       1225     5.1000     2.3322  0.000e+00
     60.800     5.7607   3.175338    32.2597       1226     5.1042     2.3317  0.000e+00
     60.704     5.7616   3.175399    32.2595       1227     5.1083     2.3327  0.000e+00
     60.610     5.7625   3.175415    32.2589       1228     5.1125     2.3319  0.000e+00
     60.511     5.7634   3.175576    32.2599       1229     5.1167     2.3321  0.000e+00
     60.422     5.7644   3.175476    32.2579       1230     5.1208     2.3333  0.000e+00
     60.333     5.7648   3.175177    32.2542       1231     5.1250     2.3309  0.000e+00
     60.248     5.7641   3.175138    32.2544       1232     5.1292     2.3329  0.000e+00
     60.162     5.7630   3.175061    32.2546       1233     5.1333     2.3306  0.000e+00
     60.086     5.7625   3.174807    32.2524       1234     5.1375     2.3321  0.000e+00
     60.017     5.7609   3.174607    32.2517       1235     5.1417     2.3313  0.000e+00
     59.952     5.7590   3.174961    32.2574       1236     5.1458     2.3315  0.000e+00
     59.887     5.7588   3.175238    32.2608       1237     5.1500     2.3309  0.000e+00
     59.831     5.7602   3.175791    32.2657       1238     5.1542     2.3300  0.000e+00
     59.771     5.7634   3.175891    32.2638       1239     5.1583     2.3304  0.000e+00
     59.706     5.7661   3.175913    32.2615       1240     5.1625     2.3305  0.000e+00
     59.650     5.7681   3.175736    32.2577       1241     5.1667     2.3301  0.000e+00
     59.583     5.7687   3.176150    32.2618       1242     5.1708     2.3306  0.000e+00
     59.518     5.7701   3.175874    32.2574       1243     5.1750     2.3313  0.000e+00
     59.444     5.7709   3.175852    32.2564       1244     5.1792     2.3305  0.000e+00
     59.370     5.7704   3.176189    32.2606       1245     5.1833     2.3305  0.000e+00
     59.285     5.7716   3.176089    32.2585       1246     5.1875     2.3302  0.000e+00
     59.200     5.7723   3.175735    32.2539       1247     5.1917     2.3305  0.000e+00
     59.119     5.7715   3.175874    32.2562       1248     5.1958     2.3300  0.000e+00
     59.032     5.7711   3.175951    32.2575       1249     5.2000     2.3287  0.000e+00
     58.954     5.7711   3.176543    32.2642       1250     5.2042     2.3296  0.000e+00
     58.878     5.7732   3.176587    32.2627       1251     5.2083     2.3284  0.000e+00
     58.803     5.7755   3.176427    32.2587       1252     5.2125     2.3295  0.000e+00
     58.741     5.7765   3.176781    32.2618       1253     5.2167     2.3302  0.000e+00
     58.685     5.7783   3.177279    32.2657       1254     5.2208     2.3300  0.000e+00
     58.636     5.7815   3.177118    32.2608       1255     5.2250     2.3301  0.000e+00
     58.591     5.7836   3.177057    32.2582       1256     5.2292     2.3302  0.000e+00
     58.557     5.7844   3.177201    32.2590       1257     5.2333     2.3300  0.000e+00
     58.524     5.7852   3.177317    32.2596       1258     5.2375     2.3302  0.000e+00
     58.490     5.7867   3.177339    32.2585       1259     5.2417     2.3303  0.000e+00
     58.470     5.7876   3.177278    32.2569       1260     5.2458     2.3322  0.000e+00
     58.434     5.7881   3.177240    32.2561       1261     5.2500     2.3313  0.000e+00
     58.400     5.7880   3.177057    32.2541       1262     5.2542     2.3306  0.000e+00
     58.351     5.7874   3.177118    32.2554       1263     5.2583     2.3319  0.000e+00
     58.298     5.7867   3.177157    32.2565       1264     5.2625     2.3323  0.000e+00
     58.241     5.7867   3.177256    32.2576       1265     5.2667     2.3316  0.000e+00
     58.176     5.7870   3.177278    32.2577       1266     5.2708     2.3316  0.000e+00
     58.105     5.7874   3.177278    32.2573       1267     5.2750     2.3314  0.000e+00
     58.032     5.7880   3.177655    32.2610       1268     5.2792     2.3311  0.000e+00
