HB2402/sbe014.cnv
* Sea-Bird SBE 19plus V2 Data File:
* FileName = C:\cruise\data\sbe014.hex
* Software Version Seasave V 7.26.7.121
* Temperature SN = 7142
* Conductivity SN = 7142
* System UpLoad Time = Mar 12 2024 00:32:04
* NMEA Latitude = 35 33.16 N
* NMEA Longitude = 075 12.81 W
* NMEA UTC (Time) = Mar 12 2024  00:31:33
** Ship: Bigelow
** Cruise:  HB2304
** Program:  Fall Bottom Trawl
# nquan = 7
# nvalues = 1192                                  
# units = specified
# name 0 = depSM: Depth [salt water, m]
# name 1 = tv290C: Temperature [ITS-90, deg C]
# name 2 = c0S/m: Conductivity [S/m]
# name 3 = sal00: Salinity, Practical [PSU]
# name 4 = scan: Scan Count
# name 5 = timeM: Time, Elapsed [minutes]
# name 6 = flag:  0.000e+00
# span 0 =     -0.045,     25.413                 
# span 1 =     9.3131,    10.6480                 
# span 2 =   0.000026,   3.419072                 
# span 3 =     0.0055,    31.3861                 
# span 4 =         11,       1202                 
# span 5 =     0.0417,     5.0042                 
# span 6 = 0.0000e+00, 0.0000e+00                 
# interval = seconds: 0.25
# start_time = Mar 12 2024 00:31:33 [NMEA time, header]
# bad_flag = -9.990e-29
*END*
[from data line 821]
      7.849     9.3754   3.348001    30.8529        832     3.4625  0.000e+00
      7.863     9.3750   3.348001    30.8532        833     3.4667  0.000e+00
      7.885     9.3745   3.347562    30.8492        834     3.4708  0.000e+00
      7.890     9.3734   3.347205    30.8464        835     3.4750  0.000e+00
      7.894     9.3728   3.347140    30.8463        836     3.4792  0.000e+00
      7.890     9.3721   3.346784    30.8433        837     3.4833  0.000e+00
      7.881     9.3712   3.345965    30.8357        838     3.4875  0.000e+00
      7.849     9.3701   3.346523    30.8424        839     3.4917  0.000e+00
      7.804     9.3697   3.346570    30.8432        840     3.4958  0.000e+00
      7.730     9.3700   3.346428    30.8415        841     3.5000  0.000e+00
      7.642     9.3701   3.346220    30.8393        842     3.5042  0.000e+00
      7.541     9.3699   3.345923    30.8365        843     3.5083  0.000e+00
      7.428     9.3697   3.345608    30.8335        844     3.5125  0.000e+00
      7.322     9.3689   3.345691    30.8351        845     3.5167  0.000e+00
      7.225     9.3689   3.346540    30.8438        846     3.5208  0.000e+00
      7.135     9.3699   3.346611    30.8437        847     3.5250  0.000e+00
      7.081     9.3703   3.345567    30.8328        848     3.5292  0.000e+00
      7.054     9.3697   3.345620    30.8338        849     3.5333  0.000e+00
      7.052     9.3690   3.345418    30.8324        850     3.5375  0.000e+00
      7.085     9.3683   3.345377    30.8325        851     3.5417  0.000e+00
      7.122     9.3680   3.345383    30.8329        852     3.5458  0.000e+00
      7.180     9.3677   3.345377    30.8330        853     3.5500  0.000e+00
      7.255     9.3674   3.345335    30.8328        854     3.5542  0.000e+00
      7.326     9.3674   3.345122    30.8305        855     3.5583  0.000e+00
      7.405     9.3671   3.344801    30.8275        856     3.5625  0.000e+00
      7.468     9.3673   3.345502    30.8345        857     3.5667  0.000e+00
      7.534     9.3686   3.346718    30.8458        858     3.5708  0.000e+00
      7.584     9.3704   3.347924    30.8565        859     3.5750  0.000e+00
      7.626     9.3732   3.348903    30.8641        860     3.5792  0.000e+00
      7.642     9.3756   3.349260    30.8657        861     3.5833  0.000e+00
      7.637     9.3775   3.348321    30.8545        862     3.5875  0.000e+00
      7.606     9.3777   3.347918    30.8501        863     3.5917  0.000e+00
      7.550     9.3774   3.347751    30.8487        864     3.5958  0.000e+00
      7.480     9.3771   3.348820    30.8600        865     3.6000  0.000e+00
      7.390     9.3780   3.349283    30.8639        866     3.6042  0.000e+00
      7.302     9.3786   3.349028    30.8608        867     3.6083  0.000e+00
      7.218     9.3790   3.348654    30.8568        868     3.6125  0.000e+00
      7.142     9.3786   3.348084    30.8512        869     3.6167  0.000e+00
      7.070     9.3779   3.347917    30.8502        870     3.6208  0.000e+00
      7.020     9.3774   3.347811    30.8496        871     3.6250  0.000e+00
      6.989     9.3767   3.347342    30.8454        872     3.6292  0.000e+00
      6.982     9.3759   3.347157    30.8442        873     3.6333  0.000e+00
      6.995     9.3757   3.347306    30.8459        874     3.6375  0.000e+00
      7.011     9.3755   3.347704    30.8501        875     3.6417  0.000e+00
      7.029     9.3764   3.348398    30.8564        876     3.6458  0.000e+00
      7.049     9.3773   3.348778    30.8595        877     3.6500  0.000e+00
      7.072     9.3782   3.349063    30.8617        878     3.6542  0.000e+00
      7.092     9.3791   3.349218    30.8625        879     3.6583  0.000e+00
      7.106     9.3797   3.349895    30.8689        880     3.6625  0.000e+00
      7.095     9.3807   3.350691    30.8761        881     3.6667  0.000e+00
      7.074     9.3822   3.351083    30.8789        882     3.6708  0.000e+00
      7.038     9.3830   3.351344    30.8808        883     3.6750  0.000e+00
      6.997     9.3840   3.351409    30.8807        884     3.6792  0.000e+00
      6.953     9.3844   3.351546    30.8817        885     3.6833  0.000e+00
      6.898     9.3847   3.351682    30.8829        886     3.6875  0.000e+00
      6.851     9.3851   3.351807    30.8838        887     3.6917  0.000e+00
      6.799     9.3855   3.351908    30.8846        888     3.6958  0.000e+00
      6.752     9.3854   3.351593    30.8814        889     3.7000  0.000e+00
      6.714     9.3855   3.351219    30.8776        890     3.7042  0.000e+00
      6.677     9.3848   3.350524    30.8711        891     3.7083  0.000e+00
      6.639     9.3842   3.350102    30.8673        892     3.7125  0.000e+00
      6.598     9.3836   3.350126    30.8681        893     3.7167  0.000e+00
      6.560     9.3834   3.350785    30.8750        894     3.7208  0.000e+00
      6.509     9.3836   3.350774    30.8747        895     3.7250  0.000e+00
      6.470     9.3837   3.350399    30.8708        896     3.7292  0.000e+00
      6.430     9.3833   3.349782    30.8648        897     3.7333  0.000e+00
      6.387     9.3831   3.350019    30.8675        898     3.7375  0.000e+00
      6.337     9.3826   3.349912    30.8669        899     3.7417  0.000e+00
      6.299     9.3822   3.349621    30.8642        900     3.7458  0.000e+00
      6.276     9.3820   3.349764    30.8658        901     3.7500  0.000e+00
      6.258     9.3817   3.349259    30.8610        902     3.7542  0.000e+00
      6.238     9.3813   3.348778    30.8565        903     3.7583  0.000e+00
      6.233     9.3806   3.348481    30.8540        904     3.7625  0.000e+00
      6.229     9.3801   3.348463    30.8542        905     3.7667  0.000e+00
      6.236     9.3799   3.348588    30.8557        906     3.7708  0.000e+00
      6.243     9.3798   3.348624    30.8561        907     3.7750  0.000e+00
      6.267     9.3801   3.348754    30.8572        908     3.7792  0.000e+00
      6.287     9.3803   3.348903    30.8585        909     3.7833  0.000e+00
      6.308     9.3806   3.348784    30.8571        910     3.7875  0.000e+00
      6.330     9.3807   3.348778    30.8569        911     3.7917  0.000e+00
      6.346     9.3806   3.348885    30.8581        912     3.7958  0.000e+00
      6.355     9.3806   3.349117    30.8604        913     3.8000  0.000e+00
      6.357     9.3811   3.349402    30.8629        914     3.8042  0.000e+00
      6.351     9.3814   3.349301    30.8616        915     3.8083  0.000e+00
      6.337     9.3815   3.349176    30.8603        916     3.8125  0.000e+00
      6.312     9.3817   3.349604    30.8645        917     3.8167  0.000e+00
      6.270     9.3819   3.349075    30.8589        918     3.8208  0.000e+00
      6.222     9.3817   3.348944    30.8578        919     3.8250  0.000e+00
      6.170     9.3815   3.349425    30.8629        920     3.8292  0.000e+00
      6.123     9.3818   3.349621    30.8646        921     3.8333  0.000e+00
      6.091     9.3825   3.349746    30.8653        922     3.8375  0.000e+00
      6.065     9.3829   3.349621    30.8637        923     3.8417  0.000e+00
      6.038     9.3831   3.349301    30.8603        924     3.8458  0.000e+00
      6.022     9.3829   3.349259    30.8600        925     3.8500  0.000e+00
      6.006     9.3827   3.349342    30.8610        926     3.8542  0.000e+00
      5.999     9.3829   3.349283    30.8603        927     3.8583  0.000e+00
      5.981     9.3827   3.349075    30.8583        928     3.8625  0.000e+00
      5.961     9.3824   3.349027    30.8582        929     3.8667  0.000e+00
      5.938     9.3822   3.348861    30.8566        930     3.8708  0.000e+00
      5.913     9.3818   3.348796    30.8563        931     3.8750  0.000e+00
      5.878     9.3817   3.348861    30.8571        932     3.8792  0.000e+00
      5.843     9.3817   3.348944    30.8580        933     3.8833  0.000e+00
      5.823     9.3815   3.348885    30.8576        934     3.8875  0.000e+00
      5.799     9.3815   3.348796    30.8567        935     3.8917  0.000e+00
      5.794     9.3813   3.348742    30.8562        936     3.8958  0.000e+00
      5.796     9.3810   3.348653    30.8556        937     3.9000  0.000e+00
      5.807     9.3810   3.348546    30.8545        938     3.9042  0.000e+00
      5.814     9.3808   3.348440    30.8536        939     3.9083  0.000e+00
      5.817     9.3805   3.348463    30.8541        940     3.9125  0.000e+00
      5.819     9.3807   3.348695    30.8563        941     3.9167  0.000e+00
      5.823     9.3808   3.348903    30.8583        942     3.9208  0.000e+00
      5.825     9.3811   3.348986    30.8589        943     3.9250  0.000e+00
      5.817     9.3814   3.349449    30.8634        944     3.9292  0.000e+00
      5.799     9.3821   3.350352    30.8720        945     3.9333  0.000e+00
      5.774     9.3835   3.350803    30.8754        946     3.9375  0.000e+00
      5.744     9.3844   3.350922    30.8759        947     3.9417  0.000e+00
      5.710     9.3850   3.350714    30.8732        948     3.9458  0.000e+00
      5.674     9.3852   3.350304    30.8689        949     3.9500  0.000e+00
      5.643     9.3849   3.350310    30.8692        950     3.9542  0.000e+00
      5.598     9.3848   3.349847    30.8646        951     3.9583  0.000e+00
      5.553     9.3842   3.349484    30.8614        952     3.9625  0.000e+00
      5.496     9.3838   3.349431    30.8613        953     3.9667  0.000e+00
      5.436     9.3836   3.349300    30.8601        954     3.9708  0.000e+00
      5.368     9.3835   3.349360    30.8609        955     3.9750  0.000e+00
      5.285     9.3836   3.349490    30.8621        956     3.9792  0.000e+00
      5.194     9.3838   3.349389    30.8610        957     3.9833  0.000e+00
      5.102     9.3836   3.348944    30.8566        958     3.9875  0.000e+00
      5.016     9.3833   3.348653    30.8540        959     3.9917  0.000e+00
      4.935     9.3826   3.348231    30.8503        960     3.9958  0.000e+00
      4.881     9.3817   3.347851    30.8472        961     4.0000  0.000e+00
      4.850     9.3804   3.347442    30.8441        962     4.0042  0.000e+00
      4.836     9.3795   3.347329    30.8437        963     4.0083  0.000e+00
      4.841     9.3786   3.347056    30.8417        964     4.0125  0.000e+00
      4.863     9.3775   3.346498    30.8370        965     4.0167  0.000e+00
      4.892     9.3762   3.346278    30.8359        966     4.0208  0.000e+00
      4.922     9.3760   3.346528    30.8386        967     4.0250  0.000e+00
      4.955     9.3763   3.347222    30.8454        968     4.0292  0.000e+00
      4.987     9.3773   3.347935    30.8518        969     4.0333  0.000e+00
      5.012     9.3788   3.348315    30.8544        970     4.0375  0.000e+00
      5.032     9.3799   3.348564    30.8559        971     4.0417  0.000e+00
      5.034     9.3810   3.348505    30.8544        972     4.0458  0.000e+00
      5.026     9.3811   3.347287    30.8419        973     4.0500  0.000e+00
      4.998     9.3797   3.346047    30.8304        974     4.0542  0.000e+00
      4.955     9.3780   3.346302    30.8345        975     4.0583  0.000e+00
      4.906     9.3765   3.345774    30.8304        976     4.0625  0.000e+00
      4.856     9.3754   3.345898    30.8327        977     4.0667  0.000e+00
      4.814     9.3750   3.345738    30.8314        978     4.0708  0.000e+00
      4.782     9.3743   3.345584    30.8304        979     4.0750  0.000e+00
      4.757     9.3742   3.345417    30.8289        980     4.0792  0.000e+00
      4.728     9.3737   3.345138    30.8265        981     4.0833  0.000e+00
      4.705     9.3731   3.345103    30.8266        982     4.0875  0.000e+00
      4.674     9.3728   3.345144    30.8273        983     4.0917  0.000e+00
      4.647     9.3727   3.345103    30.8270        984     4.0958  0.000e+00
      4.626     9.3724   3.345322    30.8295        985     4.1000  0.000e+00
      4.588     9.3729   3.346112    30.8371        986     4.1042  0.000e+00
      4.550     9.3739   3.346385    30.8391        987     4.1083  0.000e+00
      4.505     9.3747   3.346201    30.8365        988     4.1125  0.000e+00
      4.464     9.3752   3.346153    30.8357        989     4.1167  0.000e+00
      4.428     9.3752   3.345981    30.8339        990     4.1208  0.000e+00
      4.401     9.3751   3.345578    30.8299        991     4.1250  0.000e+00
      4.381     9.3743   3.345524    30.8300        992     4.1292  0.000e+00
      4.363     9.3741   3.345524    30.8302        993     4.1333  0.000e+00
      4.370     9.3739   3.345459    30.8297        994     4.1375  0.000e+00
      4.392     9.3736   3.345382    30.8292        995     4.1417  0.000e+00
      4.421     9.3737   3.345459    30.8299        996     4.1458  0.000e+00
      4.455     9.3736   3.345524    30.8306        997     4.1500  0.000e+00
      4.494     9.3737   3.345500    30.8303        998     4.1542  0.000e+00
      4.532     9.3736   3.345376    30.8290        999     4.1583  0.000e+00
      4.561     9.3736   3.345667    30.8320       1000     4.1625  0.000e+00
      4.574     9.3738   3.346201    30.8373       1001     4.1667  0.000e+00
      4.572     9.3748   3.346593    30.8404       1002     4.1708  0.000e+00
      4.545     9.3755   3.346444    30.8383       1003     4.1750  0.000e+00
      4.498     9.3757   3.345311    30.8266       1004     4.1792  0.000e+00
      4.419     9.3744   3.344242    30.8168       1005     4.1833  0.000e+00
      4.320     9.3724   3.343945    30.8156       1006     4.1875  0.000e+00
      4.221     9.3711   3.344515    30.8225       1007     4.1917  0.000e+00
      4.120     9.3708   3.344622    30.8239       1008     4.1958  0.000e+00
      4.032     9.3709   3.344450    30.8221       1009     4.2000  0.000e+00
      3.962     9.3707   3.344242    30.8202       1010     4.2042  0.000e+00
      3.905     9.3703   3.343839    30.8165       1011     4.2083  0.000e+00
      3.856     9.3696   3.343613    30.8147       1012     4.2125  0.000e+00
      3.822     9.3687   3.343126    30.8106       1013     4.2167  0.000e+00
      3.788     9.3673   3.342723    30.8077       1014     4.2208  0.000e+00
      3.761     9.3658   3.342414    30.8058       1015     4.2250  0.000e+00
      3.739     9.3644   3.342373    30.8066       1016     4.2292  0.000e+00
      3.723     9.3637   3.342563    30.8092       1017     4.2333  0.000e+00
      3.712     9.3638   3.343204    30.8157       1018     4.2375  0.000e+00
      3.711     9.3647   3.343613    30.8191       1019     4.2417  0.000e+00
      3.707     9.3659   3.343821    30.8201       1020     4.2458  0.000e+00
      3.700     9.3669   3.344100    30.8222       1021     4.2500  0.000e+00
      3.703     9.3680   3.344284    30.8231       1022     4.2542  0.000e+00
      3.698     9.3687   3.344135    30.8209       1023     4.2583  0.000e+00
      3.693     9.3687   3.343755    30.8171       1024     4.2625  0.000e+00
      3.680     9.3685   3.343684    30.8165       1025     4.2667  0.000e+00
      3.684     9.3682   3.343927    30.8193       1026     4.2708  0.000e+00
      3.687     9.3684   3.343945    30.8193       1027     4.2750  0.000e+00
      3.693     9.3687   3.344082    30.8204       1028     4.2792  0.000e+00
      3.704     9.3689   3.344284    30.8223       1029     4.2833  0.000e+00
      3.704     9.3696   3.344284    30.8217       1030     4.2875  0.000e+00
      3.716     9.3698   3.344260    30.8213       1031     4.2917  0.000e+00
      3.711     9.3698   3.344218    30.8208       1032     4.2958  0.000e+00
      3.698     9.3700   3.344177    30.8202       1033     4.3000  0.000e+00
      3.680     9.3698   3.344094    30.8196       1034     4.3042  0.000e+00
      3.659     9.3698   3.343862    30.8173       1035     4.3083  0.000e+00
