HB2402/sbe082.cnv
* Sea-Bird SBE 19plus V2 Data File:
* FileName = C:\cruise\data\sbe082.hex
* Software Version Seasave V 7.26.7.121
* Temperature SN = 7037
* Conductivity SN = 7037
* System UpLoad Time = Apr 17 2024 02:46:34
* NMEA Latitude = 41 26.23 N
* NMEA Longitude = 068 17.49 W
* NMEA UTC (Time) = Apr 17 2024  02:46:07
** Ship: Bigelow
** Cruise:  HB2304
** Program:  Fall Bottom Trawl
# nquan = 8
# nvalues = 1596                                  
# units = specified
# name 0 = depSM: Depth [salt water, m]
# name 1 = tv290C: Temperature [ITS-90, deg C]
# name 2 = c0S/m: Conductivity [S/m]
# name 3 = sal00: Salinity, Practical [PSU]
# name 4 = scan: Scan Count
# name 5 = timeM: Time, Elapsed [minutes]
# name 6 = sbeox0V: Oxygen raw, SBE 43 [V]
# name 7 = flag:  0.000e+00
# span 0 =      0.009,     45.738                 
# span 1 =     6.1865,     8.0436                 
# span 2 =  -0.000012,   3.258474                 
# span 3 =     0.0000,    32.1376                 
# span 4 =         11,       1606                 
# span 5 =     0.0417,     6.6875                 
# span 6 =     2.0772,     2.4290                 
# span 7 = 0.0000e+00, 0.0000e+00                 
# interval = seconds: 0.25
# start_time = Apr 17 2024 02:46:07 [NMEA time, header]
# bad_flag = -9.990e-29
*END*
[from data line 1079]
     12.492     6.1942   3.190483    32.0409       1090     4.5375     2.3315  0.000e+00
     12.456     6.1936   3.190499    32.0416       1091     4.5417     2.3303  0.000e+00
     12.436     6.1932   3.190483    32.0418       1092     4.5458     2.3321  0.000e+00
     12.416     6.1929   3.190460    32.0419       1093     4.5500     2.3324  0.000e+00
     12.403     6.1927   3.190422    32.0417       1094     4.5542     2.3323  0.000e+00
     12.391     6.1924   3.190438    32.0421       1095     4.5583     2.3317  0.000e+00
     12.393     6.1921   3.190460    32.0427       1096     4.5625     2.3319  0.000e+00
     12.403     6.1921   3.190521    32.0433       1097     4.5667     2.3317  0.000e+00
     12.414     6.1922   3.190521    32.0433       1098     4.5708     2.3310  0.000e+00
     12.425     6.1924   3.190660    32.0446       1099     4.5750     2.3313  0.000e+00
     12.421     6.1928   3.190799    32.0458       1100     4.5792     2.3307  0.000e+00
     12.418     6.1938   3.190660    32.0433       1101     4.5833     2.3313  0.000e+00
     12.423     6.1945   3.190621    32.0422       1102     4.5875     2.3316  0.000e+00
     12.403     6.1945   3.190699    32.0431       1103     4.5917     2.3318  0.000e+00
     12.391     6.1946   3.190699    32.0429       1104     4.5958     2.3319  0.000e+00
     12.373     6.1950   3.190738    32.0431       1105     4.6000     2.3322  0.000e+00
     12.353     6.1954   3.190538    32.0405       1106     4.6042     2.3333  0.000e+00
     12.318     6.1951   3.190621    32.0417       1107     4.6083     2.3342  0.000e+00
     12.288     6.1946   3.190582    32.0418       1108     4.6125     2.3328  0.000e+00
     12.250     6.1944   3.190798    32.0443       1109     4.6167     2.3338  0.000e+00
     12.219     6.1948   3.190699    32.0429       1110     4.6208     2.3345  0.000e+00
     12.185     6.1953   3.190837    32.0439       1111     4.6250     2.3344  0.000e+00
     12.143     6.1960   3.190859    32.0435       1112     4.6292     2.3344  0.000e+00
     12.103     6.1969   3.190859    32.0427       1113     4.6333     2.3336  0.000e+00
     12.060     6.1975   3.190937    32.0430       1114     4.6375     2.3346  0.000e+00
     12.011     6.1981   3.191098    32.0443       1115     4.6417     2.3336  0.000e+00
     11.948     6.1991   3.190937    32.0416       1116     4.6458     2.3338  0.000e+00
     11.879     6.1998   3.190876    32.0402       1117     4.6500     2.3329  0.000e+00
     11.809     6.1997   3.190920    32.0409       1118     4.6542     2.3339  0.000e+00
     11.717     6.1995   3.191020    32.0423       1119     4.6583     2.3317  0.000e+00
     11.625     6.1996   3.190998    32.0419       1120     4.6625     2.3327  0.000e+00
     11.540     6.2000   3.191075    32.0425       1121     4.6667     2.3319  0.000e+00
     11.433     6.2004   3.191097    32.0424       1122     4.6708     2.3319  0.000e+00
     11.345     6.2008   3.190998    32.0410       1123     4.6750     2.3331  0.000e+00
     11.270     6.2010   3.190920    32.0399       1124     4.6792     2.3320  0.000e+00
     11.196     6.2011   3.191020    32.0410       1125     4.6833     2.3333  0.000e+00
     11.140     6.2011   3.190920    32.0399       1126     4.6875     2.3332  0.000e+00
     11.108     6.2013   3.190959    32.0402       1127     4.6917     2.3348  0.000e+00
     11.066     6.2011   3.190798    32.0386       1128     4.6958     2.3348  0.000e+00
     11.048     6.2008   3.190798    32.0389       1129     4.7000     2.3346  0.000e+00
     11.028     6.2004   3.190798    32.0392       1130     4.7042     2.3347  0.000e+00
     11.023     6.2000   3.190659    32.0381       1131     4.7083     2.3348  0.000e+00
     11.027     6.1994   3.190599    32.0380       1132     4.7125     2.3336  0.000e+00
     11.027     6.1987   3.190482    32.0373       1133     4.7167     2.3338  0.000e+00
     11.030     6.1977   3.190460    32.0380       1134     4.7208     2.3336  0.000e+00
     11.035     6.1969   3.190499    32.0393       1135     4.7250     2.3338  0.000e+00
     11.043     6.1962   3.190682    32.0419       1136     4.7292     2.3338  0.000e+00
     11.055     6.1963   3.191075    32.0462       1137     4.7333     2.3345  0.000e+00
     11.057     6.1973   3.190820    32.0424       1138     4.7375     2.3342  0.000e+00
     11.048     6.1984   3.190582    32.0387       1139     4.7417     2.3342  0.000e+00
     11.043     6.1983   3.190560    32.0386       1140     4.7458     2.3348  0.000e+00
     11.016     6.1977   3.190599    32.0396       1141     4.7500     2.3343  0.000e+00
     10.978     6.1974   3.190781    32.0420       1142     4.7542     2.3347  0.000e+00
     10.932     6.1974   3.190876    32.0430       1143     4.7583     2.3343  0.000e+00
     10.894     6.1980   3.190560    32.0389       1144     4.7625     2.3335  0.000e+00
     10.828     6.1981   3.190438    32.0375       1145     4.7667     2.3335  0.000e+00
     10.764     6.1973   3.190460    32.0386       1146     4.7708     2.3355  0.000e+00
     10.707     6.1965   3.190482    32.0396       1147     4.7750     2.3347  0.000e+00
     10.629     6.1959   3.190460    32.0399       1148     4.7792     2.3351  0.000e+00
     10.560     6.1954   3.190382    32.0396       1149     4.7833     2.3356  0.000e+00
     10.488     6.1949   3.190421    32.0405       1150     4.7875     2.3356  0.000e+00
     10.425     6.1946   3.190421    32.0409       1151     4.7917     2.3358  0.000e+00
     10.360     6.1944   3.190382    32.0406       1152     4.7958     2.3360  0.000e+00
     10.302     6.1943   3.190382    32.0407       1153     4.8000     2.3366  0.000e+00
     10.248     6.1941   3.190438    32.0416       1154     4.8042     2.3376  0.000e+00
     10.203     6.1941   3.190421    32.0414       1155     4.8083     2.3374  0.000e+00
     10.168     6.1940   3.190360    32.0409       1156     4.8125     2.3370  0.000e+00
     10.137     6.1939   3.190360    32.0409       1157     4.8167     2.3358  0.000e+00
     10.105     6.1936   3.190321    32.0408       1158     4.8208     2.3360  0.000e+00
     10.071     6.1933   3.190321    32.0411       1159     4.8250     2.3351  0.000e+00
     10.036     6.1930   3.190382    32.0421       1160     4.8292     2.3348  0.000e+00
     10.006     6.1928   3.190399    32.0425       1161     4.8333     2.3349  0.000e+00
      9.971     6.1927   3.190393    32.0425       1162     4.8375     2.3346  0.000e+00
      9.946     6.1925   3.190421    32.0430       1163     4.8417     2.3348  0.000e+00
      9.911     6.1925   3.190438    32.0432       1164     4.8458     2.3345  0.000e+00
      9.881     6.1926   3.190460    32.0434       1165     4.8500     2.3345  0.000e+00
      9.845     6.1928   3.190460    32.0433       1166     4.8542     2.3341  0.000e+00
      9.812     6.1929   3.190460    32.0432       1167     4.8583     2.3337  0.000e+00
      9.778     6.1929   3.190399    32.0425       1168     4.8625     2.3342  0.000e+00
      9.742     6.1929   3.190221    32.0406       1169     4.8667     2.3340  0.000e+00
      9.709     6.1922   3.190122    32.0401       1170     4.8708     2.3343  0.000e+00
      9.682     6.1911   3.190144    32.0415       1171     4.8750     2.3335  0.000e+00
      9.653     6.1901   3.190183    32.0428       1172     4.8792     2.3344  0.000e+00
      9.632     6.1895   3.190299    32.0447       1173     4.8833     2.3339  0.000e+00
      9.617     6.1899   3.190221    32.0435       1174     4.8875     2.3331  0.000e+00
      9.604     6.1901   3.190144    32.0424       1175     4.8917     2.3337  0.000e+00
      9.603     6.1895   3.190083    32.0423       1176     4.8958     2.3338  0.000e+00
      9.594     6.1888   3.190083    32.0430       1177     4.9000     2.3332  0.000e+00
      9.601     6.1882   3.190083    32.0435       1178     4.9042     2.3322  0.000e+00
      9.597     6.1874   3.190083    32.0442       1179     4.9083     2.3324  0.000e+00
      9.597     6.1870   3.190100    32.0449       1180     4.9125     2.3325  0.000e+00
      9.606     6.1868   3.190083    32.0448       1181     4.9167     2.3314  0.000e+00
      9.608     6.1865   3.190100    32.0453       1182     4.9208     2.3324  0.000e+00
      9.610     6.1866   3.190100    32.0453       1183     4.9250     2.3327  0.000e+00
      9.597     6.1867   3.190100    32.0451       1184     4.9292     2.3319  0.000e+00
      9.579     6.1866   3.190083    32.0450       1185     4.9333     2.3316  0.000e+00
      9.555     6.1866   3.190099    32.0453       1186     4.9375     2.3320  0.000e+00
      9.517     6.1866   3.190099    32.0452       1187     4.9417     2.3321  0.000e+00
      9.474     6.1866   3.190099    32.0453       1188     4.9458     2.3319  0.000e+00
      9.411     6.1867   3.190083    32.0451       1189     4.9500     2.3314  0.000e+00
      9.337     6.1866   3.190061    32.0449       1190     4.9542     2.3319  0.000e+00
      9.257     6.1866   3.190061    32.0450       1191     4.9583     2.3318  0.000e+00
      9.174     6.1865   3.190099    32.0455       1192     4.9625     2.3315  0.000e+00
      9.082     6.1866   3.190083    32.0453       1193     4.9667     2.3303  0.000e+00
      8.990     6.1869   3.190083    32.0450       1194     4.9708     2.3317  0.000e+00
      8.909     6.1870   3.190099    32.0451       1195     4.9750     2.3314  0.000e+00
      8.825     6.1872   3.190083    32.0448       1196     4.9792     2.3316  0.000e+00
      8.768     6.1871   3.190083    32.0449       1197     4.9833     2.3309  0.000e+00
      8.706     6.1873   3.190083    32.0448       1198     4.9875     2.3322  0.000e+00
      8.677     6.1873   3.190620    32.0508       1199     4.9917     2.3310  0.000e+00
      8.654     6.1884   3.190847    32.0523       1200     4.9958     2.3319  0.000e+00
      8.650     6.1912   3.190221    32.0426       1201     5.0000     2.3325  0.000e+00
      8.659     6.1918   3.190182    32.0417       1202     5.0042     2.3319  0.000e+00
      8.684     6.1913   3.190182    32.0421       1203     5.0083     2.3324  0.000e+00
      8.715     6.1906   3.190199    32.0430       1204     5.0125     2.3322  0.000e+00
      8.768     6.1904   3.190199    32.0432       1205     5.0167     2.3326  0.000e+00
      8.818     6.1901   3.190199    32.0434       1206     5.0208     2.3329  0.000e+00
      8.865     6.1900   3.190737    32.0494       1207     5.0250     2.3330  0.000e+00
      8.907     6.1909   3.190836    32.0497       1208     5.0292     2.3325  0.000e+00
      8.937     6.1928   3.191075    32.0506       1209     5.0333     2.3344  0.000e+00
      8.957     6.1953   3.191850    32.0568       1210     5.0375     2.3336  0.000e+00
      8.972     6.1993   3.193524    32.0716       1211     5.0417     2.3323  0.000e+00
      8.977     6.2071   3.193862    32.0680       1212     5.0458     2.3338  0.000e+00
      8.977     6.2156   3.193624    32.0573       1213     5.0500     2.3322  0.000e+00
      8.959     6.2222   3.193663    32.0515       1214     5.0542     2.3322  0.000e+00
      8.928     6.2265   3.192925    32.0393       1215     5.0583     2.3338  0.000e+00
      8.874     6.2280   3.193546    32.0449       1216     5.0625     2.3333  0.000e+00
      8.804     6.2288   3.194084    32.0501       1217     5.0667     2.3327  0.000e+00
      8.715     6.2320   3.194960    32.0568       1218     5.0708     2.3346  0.000e+00
      8.630     6.2366   3.193468    32.0360       1219     5.0750     2.3335  0.000e+00
      8.538     6.2383   3.193485    32.0346       1220     5.0792     2.3348  0.000e+00
      8.442     6.2371   3.195398    32.0570       1221     5.0833     2.3356  0.000e+00
      8.343     6.2402   3.196657    32.0681       1222     5.0875     2.3351  0.000e+00
      8.245     6.2475   3.193723    32.0287       1223     5.0917     2.3361  0.000e+00
      8.144     6.2493   3.193424    32.0238       1224     5.0958     2.3371  0.000e+00
      8.043     6.2450   3.194244    32.0370       1225     5.1000     2.3374  0.000e+00
      7.949     6.2426   3.193962    32.0361       1226     5.1042     2.3377  0.000e+00
      7.875     6.2417   3.194161    32.0392       1227     5.1083     2.3375  0.000e+00
      7.815     6.2409   3.193806    32.0361       1228     5.1125     2.3383  0.000e+00
      7.770     6.2402   3.192132    32.0181       1229     5.1167     2.3386  0.000e+00
      7.747     6.2358   3.194538    32.0491       1230     5.1208     2.3377  0.000e+00
      7.734     6.2355   3.195398    32.0589       1231     5.1250     2.3375  0.000e+00
      7.736     6.2405   3.196235    32.0635       1232     5.1292     2.3387  0.000e+00
      7.765     6.2477   3.196617    32.0609       1233     5.1333     2.3391  0.000e+00
      7.797     6.2548   3.196518    32.0531       1234     5.1375     2.3395  0.000e+00
      7.833     6.2604   3.196373    32.0462       1235     5.1417     2.3394  0.000e+00
      7.868     6.2639   3.196157    32.0405       1236     5.1458     2.3409  0.000e+00
      7.896     6.2652   3.195736    32.0345       1237     5.1500     2.3404  0.000e+00
      7.918     6.2652   3.195020    32.0266       1238     5.1542     2.3407  0.000e+00
      7.933     6.2626   3.194982    32.0286       1239     5.1583     2.3417  0.000e+00
      7.929     6.2593   3.194122    32.0221       1240     5.1625     2.3414  0.000e+00
      7.915     6.2553   3.194521    32.0304       1241     5.1667     2.3417  0.000e+00
      7.897     6.2518   3.193862    32.0263       1242     5.1708     2.3403  0.000e+00
      7.868     6.2484   3.193147    32.0216       1243     5.1750     2.3411  0.000e+00
      7.821     6.2434   3.192969    32.0244       1244     5.1792     2.3409  0.000e+00
      7.759     6.2386   3.193008    32.0294       1245     5.1833     2.3410  0.000e+00
      7.694     6.2354   3.194483    32.0489       1246     5.1875     2.3404  0.000e+00
      7.615     6.2362   3.194982    32.0537       1247     5.1917     2.3391  0.000e+00
      7.530     6.2400   3.194660    32.0465       1248     5.1958     2.3406  0.000e+00
      7.425     6.2435   3.194344    32.0398       1249     5.2000     2.3402  0.000e+00
      7.329     6.2447   3.194721    32.0429       1250     5.2042     2.3400  0.000e+00
      7.244     6.2457   3.194998    32.0450       1251     5.2083     2.3390  0.000e+00
      7.156     6.2477   3.194920    32.0424       1252     5.2125     2.3396  0.000e+00
      7.085     6.2490   3.194898    32.0409       1253     5.2167     2.3391  0.000e+00
      7.033     6.2500   3.195120    32.0424       1254     5.2208     2.3391  0.000e+00
      6.990     6.2513   3.195896    32.0499       1255     5.2250     2.3417  0.000e+00
      6.957     6.2543   3.195447    32.0421       1256     5.2292     2.3405  0.000e+00
      6.930     6.2563   3.195680    32.0428       1257     5.2333     2.3409  0.000e+00
      6.906     6.2576   3.195735    32.0422       1258     5.2375     2.3404  0.000e+00
      6.892     6.2588   3.196035    32.0444       1259     5.2417     2.3403  0.000e+00
      6.869     6.2605   3.196196    32.0446       1260     5.2458     2.3404  0.000e+00
      6.850     6.2625   3.195818    32.0386       1261     5.2500     2.3414  0.000e+00
      6.816     6.2631   3.194643    32.0249       1262     5.2542     2.3396  0.000e+00
      6.780     6.2605   3.194144    32.0218       1263     5.2583     2.3399  0.000e+00
      6.729     6.2561   3.194443    32.0293       1264     5.2625     2.3398  0.000e+00
      6.677     6.2525   3.194299    32.0311       1265     5.2667     2.3392  0.000e+00
      6.624     6.2498   3.194582    32.0368       1266     5.2708     2.3394  0.000e+00
      6.579     6.2487   3.194881    32.0412       1267     5.2750     2.3403  0.000e+00
      6.543     6.2488   3.195059    32.0432       1268     5.2792     2.3403  0.000e+00
