HB2402/sbe051.cnv
* Sea-Bird SBE 19plus V2 Data File:
* FileName = C:\cruise\data\sbe051.hex
* Software Version Seasave V 7.26.7.121
* Temperature SN = 7037
* Conductivity SN = 7037
* System UpLoad Time = Apr 05 2024 07:04:16
** Ship: Bigelow
** Cruise:  HB2304
** Program:  Fall Bottom Trawl
# nquan = 8
# nvalues = 1057                                  
# units = specified
# name 0 = depSM: Depth [salt water, m], lat = 40.00
# name 1 = tv290C: Temperature [ITS-90, deg C]
# name 2 = c0S/m: Conductivity [S/m]
# name 3 = sal00: Salinity, Practical [PSU]
# name 4 = scan: Scan Count
# name 5 = timeM: Time, Elapsed [minutes]
# name 6 = sbeox0V: Oxygen raw, SBE 43 [V]
# name 7 = flag:  0.000e+00
# span 0 =      0.370,     46.682                 
# span 1 =     5.5958,     5.7162                 
# span 2 =   3.077655,   3.084320                 
# span 3 =    31.2548,    31.3932                 
# span 4 =         11,       1067                 
# span 5 =     0.0417,     4.4417                 
# span 6 =     2.2809,     2.3123                 
# span 7 = 0.0000e+00, 0.0000e+00                 
# interval = seconds: 0.25
# start_time = Apr 05 2024 07:04:16 [System UTC, header]
# bad_flag = -9.990e-29
*END*
[from data line 899]
     26.479     5.6891   3.080624    31.2793        910     3.7875     2.3017  0.000e+00
     26.329     5.6893   3.080630    31.2792        911     3.7917     2.3015  0.000e+00
     26.165     5.6899   3.080608    31.2786        912     3.7958     2.3013  0.000e+00
     26.006     5.6901   3.080586    31.2782        913     3.8000     2.3004  0.000e+00
     25.828     5.6906   3.080570    31.2777        914     3.8042     2.3013  0.000e+00
     25.659     5.6909   3.080591    31.2777        915     3.8083     2.3015  0.000e+00
     25.476     5.6910   3.080624    31.2781        916     3.8125     2.3013  0.000e+00
     25.292     5.6905   3.080662    31.2790        917     3.8167     2.3009  0.000e+00
     25.097     5.6898   3.080509    31.2780        918     3.8208     2.3000  0.000e+00
     24.907     5.6896   3.080586    31.2792        919     3.8250     2.3000  0.000e+00
     24.714     5.6896   3.080569    31.2790        920     3.8292     2.3013  0.000e+00
     24.520     5.6897   3.080509    31.2784        921     3.8333     2.3006  0.000e+00
     24.327     5.6901   3.080192    31.2746        922     3.8375     2.3014  0.000e+00
     24.135     5.6915   3.080033    31.2715        923     3.8417     2.3004  0.000e+00
     23.940     5.6931   3.080088    31.2708        924     3.8458     2.3010  0.000e+00
     23.756     5.6941   3.080028    31.2693        925     3.8500     2.3013  0.000e+00
     23.573     5.6948   3.079973    31.2681        926     3.8542     2.3012  0.000e+00
     23.384     5.6952   3.079973    31.2678        927     3.8583     2.3012  0.000e+00
     23.203     5.6953   3.079995    31.2680        928     3.8625     2.3018  0.000e+00
     23.024     5.6955   3.079989    31.2679        929     3.8667     2.3023  0.000e+00
     22.843     5.6956   3.080011    31.2681        930     3.8708     2.3027  0.000e+00
     22.670     5.6957   3.080011    31.2681        931     3.8750     2.3025  0.000e+00
     22.515     5.6957   3.079995    31.2680        932     3.8792     2.3032  0.000e+00
     22.357     5.6957   3.079967    31.2677        933     3.8833     2.3023  0.000e+00
     22.211     5.6958   3.079820    31.2661        934     3.8875     2.3021  0.000e+00
     22.072     5.6958   3.079858    31.2666        935     3.8917     2.3020  0.000e+00
     21.942     5.6956   3.079787    31.2660        936     3.8958     2.3013  0.000e+00
     21.823     5.6955   3.079841    31.2668        937     3.9000     2.3019  0.000e+00
     21.694     5.6956   3.079726    31.2655        938     3.9042     2.3016  0.000e+00
     21.560     5.6956   3.079666    31.2649        939     3.9083     2.3020  0.000e+00
     21.412     5.6956   3.079606    31.2642        940     3.9125     2.3016  0.000e+00
     21.257     5.6956   3.079535    31.2635        941     3.9167     2.3013  0.000e+00
     21.071     5.6955   3.079688    31.2654        942     3.9208     2.3015  0.000e+00
     20.865     5.6957   3.079404    31.2622        943     3.9250     2.3013  0.000e+00
     20.634     5.6952   3.079130    31.2597        944     3.9292     2.3015  0.000e+00
     20.372     5.6938   3.079130    31.2611        945     3.9333     2.3007  0.000e+00
     20.091     5.6929   3.079114    31.2619        946     3.9375     2.3013  0.000e+00
     19.797     5.6922   3.079283    31.2646        947     3.9417     2.3011  0.000e+00
     19.493     5.6923   3.079360    31.2655        948     3.9458     2.3011  0.000e+00
     19.190     5.6929   3.079130    31.2625        949     3.9500     2.3013  0.000e+00
     18.884     5.6929   3.079026    31.2615        950     3.9542     2.3026  0.000e+00
     18.599     5.6925   3.079113    31.2630        951     3.9583     2.3019  0.000e+00
     18.335     5.6923   3.079053    31.2626        952     3.9625     2.3026  0.000e+00
     18.111     5.6921   3.079075    31.2632        953     3.9667     2.3022  0.000e+00
     17.910     5.6921   3.079086    31.2634        954     3.9708     2.3017  0.000e+00
     17.732     5.6922   3.079053    31.2630        955     3.9750     2.3020  0.000e+00
     17.583     5.6921   3.079075    31.2634        956     3.9792     2.3039  0.000e+00
     17.452     5.6922   3.079075    31.2633        957     3.9833     2.3055  0.000e+00
     17.343     5.6923   3.079102    31.2636        958     3.9875     2.3037  0.000e+00
     17.251     5.6926   3.079075    31.2631        959     3.9917     2.3045  0.000e+00
     17.144     5.6927   3.079036    31.2626        960     3.9958     2.3040  0.000e+00
     17.054     5.6926   3.079004    31.2624        961     4.0000     2.3032  0.000e+00
     16.951     5.6924   3.079015    31.2627        962     4.0042     2.3049  0.000e+00
     16.846     5.6923   3.078883    31.2614        963     4.0083     2.3052  0.000e+00
     16.740     5.6917   3.078900    31.2622        964     4.0125     2.3050  0.000e+00
     16.604     5.6914   3.078922    31.2628        965     4.0167     2.3041  0.000e+00
     16.449     5.6914   3.079113    31.2650        966     4.0208     2.3040  0.000e+00
     16.277     5.6921   3.079053    31.2638        967     4.0250     2.3052  0.000e+00
     16.102     5.6924   3.079025    31.2633        968     4.0292     2.3032  0.000e+00
     15.916     5.6926   3.079014    31.2630        969     4.0333     2.3030  0.000e+00
     15.717     5.6928   3.079052    31.2634        970     4.0375     2.3039  0.000e+00
     15.500     5.6930   3.079036    31.2631        971     4.0417     2.3036  0.000e+00
     15.269     5.6929   3.079003    31.2630        972     4.0458     2.3049  0.000e+00
     15.045     5.6929   3.078976    31.2628        973     4.0500     2.3048  0.000e+00
     14.837     5.6928   3.079052    31.2638        974     4.0542     2.3049  0.000e+00
     14.631     5.6929   3.079041    31.2637        975     4.0583     2.3052  0.000e+00
     14.427     5.6930   3.079052    31.2638        976     4.0625     2.3046  0.000e+00
     14.225     5.6931   3.079112    31.2645        977     4.0667     2.3052  0.000e+00
     14.038     5.6934   3.079074    31.2639        978     4.0708     2.3058  0.000e+00
     13.856     5.6937   3.078921    31.2620        979     4.0750     2.3057  0.000e+00
     13.677     5.6934   3.078822    31.2612        980     4.0792     2.3069  0.000e+00
     13.498     5.6925   3.078822    31.2621        981     4.0833     2.3060  0.000e+00
     13.308     5.6920   3.078762    31.2620        982     4.0875     2.3062  0.000e+00
     13.106     5.6918   3.078822    31.2630        983     4.0917     2.3062  0.000e+00
     12.909     5.6919   3.078920    31.2641        984     4.0958     2.3064  0.000e+00
     12.703     5.6921   3.078882    31.2636        985     4.1000     2.3060  0.000e+00
     12.492     5.6923   3.078822    31.2628        986     4.1042     2.3068  0.000e+00
     12.270     5.6922   3.078844    31.2633        987     4.1083     2.3074  0.000e+00
     12.047     5.6923   3.078844    31.2632        988     4.1125     2.3073  0.000e+00
     11.847     5.6923   3.078844    31.2633        989     4.1167     2.3081  0.000e+00
     11.663     5.6923   3.078882    31.2639        990     4.1208     2.3078  0.000e+00
     11.498     5.6924   3.078936    31.2645        991     4.1250     2.3095  0.000e+00
     11.348     5.6928   3.078936    31.2642        992     4.1292     2.3091  0.000e+00
     11.220     5.6931   3.079002    31.2647        993     4.1333     2.3087  0.000e+00
     11.111     5.6936   3.078975    31.2640        994     4.1375     2.3094  0.000e+00
     11.016     5.6940   3.078882    31.2627        995     4.1417     2.3078  0.000e+00
     10.934     5.6938   3.078860    31.2626        996     4.1458     2.3084  0.000e+00
     10.846     5.6936   3.078898    31.2633        997     4.1500     2.3096  0.000e+00
     10.748     5.6936   3.078881    31.2631        998     4.1542     2.3084  0.000e+00
     10.635     5.6936   3.078898    31.2633        999     4.1583     2.3078  0.000e+00
     10.501     5.6937   3.078821    31.2625       1000     4.1625     2.3077  0.000e+00
     10.353     5.6936   3.078821    31.2626       1001     4.1667     2.3067  0.000e+00
     10.172     5.6933   3.078728    31.2619       1002     4.1708     2.3080  0.000e+00
      9.960     5.6928   3.078706    31.2623       1003     4.1750     2.3079  0.000e+00
      9.700     5.6924   3.078679    31.2625       1004     4.1792     2.3078  0.000e+00
      9.426     5.6920   3.078706    31.2633       1005     4.1833     2.3085  0.000e+00
      9.120     5.6918   3.078668    31.2631       1006     4.1875     2.3084  0.000e+00
      8.833     5.6918   3.078679    31.2635       1007     4.1917     2.3083  0.000e+00
      8.526     5.6915   3.078629    31.2633       1008     4.1958     2.3081  0.000e+00
      8.222     5.6915   3.078629    31.2634       1009     4.2000     2.3091  0.000e+00
      7.926     5.6912   3.078591    31.2634       1010     4.2042     2.3086  0.000e+00
      7.649     5.6909   3.078618    31.2642       1011     4.2083     2.3083  0.000e+00
      7.398     5.6908   3.078574    31.2639       1012     4.2125     2.3091  0.000e+00
      7.160     5.6906   3.078536    31.2637       1013     4.2167     2.3103  0.000e+00
      6.943     5.6903   3.078520    31.2640       1014     4.2208     2.3097  0.000e+00
      6.737     5.6900   3.078520    31.2643       1015     4.2250     2.3106  0.000e+00
      6.553     5.6898   3.078612    31.2656       1016     4.2292     2.3107  0.000e+00
      6.397     5.6901   3.078612    31.2654       1017     4.2333     2.3119  0.000e+00
      6.244     5.6904   3.078618    31.2653       1018     4.2375     2.3103  0.000e+00
      6.101     5.6908   3.078558    31.2643       1019     4.2417     2.3116  0.000e+00
      5.973     5.6912   3.078574    31.2641       1020     4.2458     2.3106  0.000e+00
      5.855     5.6916   3.078558    31.2637       1021     4.2500     2.3117  0.000e+00
      5.762     5.6915   3.078558    31.2638       1022     4.2542     2.3107  0.000e+00
      5.677     5.6915   3.078558    31.2638       1023     4.2583     2.3110  0.000e+00
      5.588     5.6916   3.078519    31.2634       1024     4.2625     2.3115  0.000e+00
      5.496     5.6916   3.078541    31.2637       1025     4.2667     2.3106  0.000e+00
      5.391     5.6916   3.078536    31.2636       1026     4.2708     2.3104  0.000e+00
      5.270     5.6916   3.078536    31.2637       1027     4.2750     2.3101  0.000e+00
      5.120     5.6916   3.078497    31.2633       1028     4.2792     2.3115  0.000e+00
      4.954     5.6915   3.078519    31.2638       1029     4.2833     2.3110  0.000e+00
      4.757     5.6915   3.078497    31.2637       1030     4.2875     2.3119  0.000e+00
      4.528     5.6914   3.078497    31.2639       1031     4.2917     2.3119  0.000e+00
      4.287     5.6912   3.078497    31.2641       1032     4.2958     2.3116  0.000e+00
      4.060     5.6911   3.078497    31.2643       1033     4.3000     2.3108  0.000e+00
      3.850     5.6908   3.078535    31.2652       1034     4.3042     2.3122  0.000e+00
      3.653     5.6907   3.078579    31.2658       1035     4.3083     2.3123  0.000e+00
      3.456     5.6907   3.078557    31.2657       1036     4.3125     2.3117  0.000e+00
      3.294     5.6910   3.078726    31.2674       1037     4.3167     2.3123  0.000e+00
      3.138     5.6918   3.078480    31.2640       1038     4.3208     2.3119  0.000e+00
      2.996     5.6918   3.078360    31.2626       1039     4.3250     2.3114  0.000e+00
      2.820     5.6912   3.078305    31.2626       1040     4.3292     2.3117  0.000e+00
      2.620     5.6905   3.078382    31.2643       1041     4.3333     2.3111  0.000e+00
      2.398     5.6903   3.078376    31.2645       1042     4.3375     2.3111  0.000e+00
      2.161     5.6904   3.078518    31.2661       1043     4.3417     2.3114  0.000e+00
      1.895     5.6908   3.077655    31.2562       1044     4.3458     2.3121  0.000e+00
      1.646     5.6907   3.077884    31.2590       1045     4.3500     2.3122  0.000e+00
      1.375     5.6903   3.077797    31.2585       1046     4.3542     2.3123  0.000e+00
      1.131     5.6897   3.077769    31.2589       1047     4.3583     2.3123  0.000e+00
      0.916     5.6892   3.077807    31.2598       1048     4.3625     2.3116  0.000e+00
      0.726     5.6890   3.077955    31.2618       1049     4.3667     2.3115  0.000e+00
      0.544     5.6891   3.078020    31.2626       1050     4.3708     2.3117  0.000e+00
      0.444     5.6896   3.078135    31.2634       1051     4.3750     2.3117  0.000e+00
      0.388     5.6897   3.078212    31.2642       1052     4.3792     2.3116  0.000e+00
      0.370     5.6897   3.078299    31.2651       1053     4.3833     2.3118  0.000e+00
      0.381     5.6900   3.078266    31.2646       1054     4.3875     2.3104  0.000e+00
      0.430     5.6900   3.078250    31.2643       1055     4.3917     2.3107  0.000e+00
      0.538     5.6900   3.078299    31.2648       1056     4.3958     2.3095  0.000e+00
      0.683     5.6901   3.078228    31.2638       1057     4.4000     2.3092  0.000e+00
      0.864     5.6901   3.078113    31.2624       1058     4.4042     2.3075  0.000e+00
      1.055     5.6900   3.078190    31.2634       1059     4.4083     2.3063  0.000e+00
      1.227     5.6900   3.078217    31.2635       1060     4.4125     2.3068  0.000e+00
      1.339     5.6899   3.078250    31.2640       1061     4.4167     2.3058  0.000e+00
      1.377     5.6901   3.078267    31.2640       1062     4.4208     2.3057  0.000e+00
      1.357     5.6904   3.078420    31.2654       1063     4.4250     2.3060  0.000e+00
      1.268     5.6911   3.078458    31.2653       1064     4.4292     2.3065  0.000e+00
      1.104     5.6919   3.078480    31.2648       1065     4.4333     2.3047  0.000e+00
      0.844     5.6925   3.078441    31.2640       1066     4.4375     2.3057  0.000e+00
      0.513     5.6929   3.078135    31.2603       1067     4.4417     2.3057  0.000e+00
