HB2402/sbe076.cnv
* Sea-Bird SBE 19plus V2 Data File:
* FileName = C:\cruise\data\sbe076.hex
* Software Version Seasave V 7.26.7.121
* Temperature SN = 7037
* Conductivity SN = 7037
* System UpLoad Time = Apr 14 2024 06:49:10
* NMEA Latitude = 42 31.93 N
* NMEA Longitude = 070 41.77 W
* NMEA UTC (Time) = Apr 14 2024  06:48:40
** Ship: Bigelow
** Cruise:  HB2304
** Program:  Fall Bottom Trawl
# nquan = 8
# nvalues = 1360                                  
# units = specified
# name 0 = depSM: Depth [salt water, m]
# name 1 = tv290C: Temperature [ITS-90, deg C]
# name 2 = c0S/m: Conductivity [S/m]
# name 3 = sal00: Salinity, Practical [PSU]
# name 4 = scan: Scan Count
# name 5 = timeM: Time, Elapsed [minutes]
# name 6 = sbeox0V: Oxygen raw, SBE 43 [V]
# name 7 = flag:  0.000e+00
# span 0 =     -0.130,     46.052                 
# span 1 =     4.8531,     7.7052                 
# span 2 =   0.000031,   3.046997                 
# span 3 =     0.0037,    31.2659                 
# span 4 =         11,       1370                 
# span 5 =     0.0417,     5.7042                 
# span 6 =     1.8746,     2.3991                 
# span 7 = 0.0000e+00, 0.0000e+00                 
# interval = seconds: 0.25
# start_time = Apr 14 2024 06:48:40 [NMEA time, header]
# bad_flag = -9.990e-29
*END*
[from data line 1259]
      1.301     5.8147   3.004595    30.3259       1270     5.2875     2.3551  0.000e+00
      1.240     5.8144   3.004519    30.3253       1271     5.2917     2.3550  0.000e+00
      1.204     5.8143   3.004541    30.3257       1272     5.2958     2.3555  0.000e+00
      1.180     5.8141   3.004557    30.3261       1273     5.3000     2.3547  0.000e+00
      1.160     5.8139   3.004563    30.3263       1274     5.3042     2.3552  0.000e+00
      1.151     5.8141   3.004611    30.3267       1275     5.3083     2.3557  0.000e+00
      1.122     5.8146   3.004563    30.3256       1276     5.3125     2.3569  0.000e+00
      1.084     5.8147   3.004519    30.3251       1277     5.3167     2.3555  0.000e+00
      1.030     5.8143   3.004541    30.3257       1278     5.3208     2.3560  0.000e+00
      0.981     5.8139   3.004481    30.3255       1279     5.3250     2.3562  0.000e+00
      0.963     5.8133   3.004443    30.3256       1280     5.3292     2.3560  0.000e+00
      0.949     5.8128   3.004443    30.3260       1281     5.3333     2.3562  0.000e+00
      0.896     5.8122   3.004481    30.3271       1282     5.3375     2.3553  0.000e+00
      0.835     5.8117   3.004465    30.3273       1283     5.3417     2.3551  0.000e+00
      0.803     5.8115   3.004465    30.3275       1284     5.3458     2.3559  0.000e+00
      0.786     5.8116   3.004465    30.3274       1285     5.3500     2.3562  0.000e+00
      0.766     5.8113   3.004519    30.3283       1286     5.3542     2.3563  0.000e+00
      0.739     5.8109   3.004541    30.3289       1287     5.3583     2.3562  0.000e+00
      0.683     5.8103   3.004443    30.3284       1288     5.3625     2.3566  0.000e+00
      0.593     5.8106   3.004465    30.3284       1289     5.3667     2.3549  0.000e+00
      0.513     5.8111   3.004519    30.3286       1290     5.3708     2.3557  0.000e+00
      0.456     5.8115   3.004557    30.3287       1291     5.3750     2.3563  0.000e+00
      0.394     5.8119   3.004519    30.3279       1292     5.3792     2.3556  0.000e+00
      0.349     5.8123   3.004541    30.3279       1293     5.3833     2.3571  0.000e+00
      0.349     5.8125   3.004579    30.3281       1294     5.3875     2.3561  0.000e+00
      0.320     5.8126   3.004465    30.3267       1295     5.3917     2.3558  0.000e+00
      0.221     5.8120   3.004405    30.3266       1296     5.3958     2.3573  0.000e+00
      0.078     5.8112   3.004373    30.3271       1297     5.4000     2.3572  0.000e+00
      0.018     5.8106   3.004443    30.3284       1298     5.4042     2.3570  0.000e+00
      0.064     5.8103   3.004443    30.3287       1299     5.4083     2.3573  0.000e+00
      0.161     5.8105   3.004405    30.3281       1300     5.4125     2.3572  0.000e+00
      0.204     5.8101   3.004411    30.3284       1301     5.4167     2.3574  0.000e+00
      0.141     5.8100   3.004367    30.3281       1302     5.4208     2.3579  0.000e+00
      0.073     5.8097   3.004313    30.3278       1303     5.4250     2.3575  0.000e+00
      0.119     5.8094   3.004346    30.3284       1304     5.4292     2.3569  0.000e+00
      0.175     5.8093   3.004335    30.3284       1305     5.4333     2.3568  0.000e+00
      0.190     5.8090   3.004346    30.3287       1306     5.4375     2.3568  0.000e+00
      0.194     5.8089   3.004297    30.3283       1307     5.4417     2.3567  0.000e+00
      0.213     5.8086   3.004324    30.3288       1308     5.4458     2.3558  0.000e+00
      0.206     5.8083   3.004373    30.3296       1309     5.4500     2.3549  0.000e+00
      0.190     5.8083   3.004443    30.3304       1310     5.4542     2.3531  0.000e+00
      0.101     5.8085   3.004411    30.3299       1311     5.4583     2.3543  0.000e+00
      0.018     5.8089   3.004422    30.3297       1312     5.4625     2.3537  0.000e+00
      0.009     5.8087   3.004389    30.3296       1313     5.4667     2.3524  0.000e+00
     -0.020     5.8086   3.004324    30.3289       1314     5.4708     2.3529  0.000e+00
     -0.036     5.8083   3.004351    30.3295       1315     5.4750     2.3543  0.000e+00
     -0.012     5.8079   3.004384    30.3302       1316     5.4792     2.3535  0.000e+00
     -0.078     5.8079   2.855383    28.6746       1317     5.4833     2.3553  0.000e+00
     -0.119     5.8082   1.073411     9.8822       1318     5.4875     2.3546  0.000e+00
     -0.121     5.8073   0.661660     5.8740       1319     5.4917     2.3543  0.000e+00
     -0.125     5.8050   0.377023     3.2226       1320     5.4958     2.3552  0.000e+00
     -0.123     5.8006   0.315109     2.6639       1321     5.5000     2.3555  0.000e+00
     -0.123     5.7966   0.263034     2.2000       1322     5.5042     2.3555  0.000e+00
     -0.128     5.7944   0.242928     2.0227       1323     5.5083     2.3556  0.000e+00
     -0.125     5.7932   0.219192     1.8145       1324     5.5125     2.3550  0.000e+00
     -0.121     5.7924   0.199597     1.6438       1325     5.5167     2.3499  0.000e+00
     -0.123     5.7917   0.177885     1.4559       1326     5.5208     2.3450  0.000e+00
     -0.130     5.7911   0.160476     1.3063       1327     5.5250     2.3390  0.000e+00
     -0.123     5.7904   0.149738     1.2146       1328     5.5292     2.3298  0.000e+00
     -0.123     5.7899   0.144478     1.1698       1329     5.5333     2.3193  0.000e+00
     -0.121     5.7892   0.137792     1.1130       1330     5.5375     2.3102  0.000e+00
     -0.119     5.7886   0.123434     0.9916       1331     5.5417     2.2977  0.000e+00
     -0.128     5.7878   0.115896     0.9283       1332     5.5458     2.2861  0.000e+00
     -0.128     5.7869   0.108836     0.8691       1333     5.5500     2.2733  0.000e+00
     -0.126     5.7862   0.106737     0.8516       1334     5.5542     2.2615  0.000e+00
     -0.128     5.7854   0.112991     0.9040       1335     5.5583     2.2487  0.000e+00
     -0.105     5.7845   0.315847     2.6718       1336     5.5625     2.2375  0.000e+00
     -0.022     5.7844   0.329052     2.7905       1337     5.5667     2.2268  0.000e+00
      0.007     5.7870   0.292732     2.4647       1338     5.5708     2.2156  0.000e+00
      0.011     5.7902   0.273374     2.2921       1339     5.5750     2.2037  0.000e+00
      0.042     5.7929   0.289549     2.4359       1340     5.5792     2.1950  0.000e+00
      0.108     5.7952   1.236435    11.5171       1341     5.5833     2.1919  0.000e+00
      0.152     5.7963   1.795836    17.2646       1342     5.5875     2.1896  0.000e+00
      0.211     5.7979   2.365062    23.3187       1343     5.5917     2.1911  0.000e+00
      0.271     5.7997   2.213198    21.6834       1344     5.5958     2.1939  0.000e+00
      0.314     5.8012   2.984334    30.1125       1345     5.6000     2.1982  0.000e+00
      0.354     5.8023   3.001753    30.3057       1346     5.6042     2.2025  0.000e+00
      0.343     5.8034   3.003139    30.3202       1347     5.6083     2.2053  0.000e+00
      0.291     5.8049   3.001028    30.2954       1348     5.6125     2.2085  0.000e+00
      0.283     5.8062   3.001969    30.3047       1349     5.6167     2.2090  0.000e+00
      0.341     5.8070   3.001753    30.3015       1350     5.6208     2.2119  0.000e+00
      0.412     5.8076   3.002651    30.3110       1351     5.6250     2.2154  0.000e+00
      0.376     5.8078   3.003074    30.3155       1352     5.6292     2.2190  0.000e+00
      0.296     5.8077   2.988282    30.1508       1353     5.6333     2.2258  0.000e+00
      0.182     5.8079   3.003295    30.3180       1354     5.6375     2.2317  0.000e+00
      0.061     5.8084   3.003333    30.3180       1355     5.6417     2.2358  0.000e+00
     -0.062     5.8087   3.003664    30.3215       1356     5.6458     2.2405  0.000e+00
     -0.121     5.8086   1.772261    17.0120       1357     5.6500     2.2459  0.000e+00
     -0.120     5.8078   0.462823     4.0087       1358     5.6542     2.2523  0.000e+00
     -0.121     5.8069   0.338715     2.8756       1359     5.6583     2.2589  0.000e+00
     -0.120     5.8060   0.273358     2.2909       1360     5.6625     2.2667  0.000e+00
     -0.121     5.8054   0.231643     1.9229       1361     5.6667     2.2741  0.000e+00
     -0.121     5.8047   0.207656     1.7132       1362     5.6708     2.2798  0.000e+00
     -0.118     5.8042   0.188832     1.5499       1363     5.6750     2.2853  0.000e+00
     -0.118     5.8036   0.169066     1.3795       1364     5.6792     2.2882  0.000e+00
     -0.116     5.8031   0.154929     1.2584       1365     5.6833     2.2891  0.000e+00
     -0.120     5.8023   0.144432     1.1690       1366     5.6875     2.2888  0.000e+00
     -0.118     5.8013   0.135952     1.0970       1367     5.6917     2.2877  0.000e+00
     -0.109     5.8006   0.124358     0.9991       1368     5.6958     2.2860  0.000e+00
     -0.107     5.7998   0.112855     0.9024       1369     5.7000     2.2838  0.000e+00
     -0.111     5.7990   0.105950     0.8447       1370     5.7042     2.2839  0.000e+00
