HB2402/sbe053.cnv
* Sea-Bird SBE 19plus V2 Data File:
* FileName = C:\cruise\data\sbe053.hex
* Software Version Seasave V 7.26.7.121
* Temperature SN = 7037
* Conductivity SN = 7037
* System UpLoad Time = Apr 05 2024 13:18:02
** Ship: Bigelow
** Cruise:  HB2304
** Program:  Fall Bottom Trawl
# nquan = 8
# nvalues = 1316                                  
# units = specified
# name 0 = depSM: Depth [salt water, m], lat = 40.00
# name 1 = tv290C: Temperature [ITS-90, deg C]
# name 2 = c0S/m: Conductivity [S/m]
# name 3 = sal00: Salinity, Practical [PSU]
# name 4 = scan: Scan Count
# name 5 = timeM: Time, Elapsed [minutes]
# name 6 = sbeox0V: Oxygen raw, SBE 43 [V]
# name 7 = flag:  0.000e+00
# span 0 =     -0.160,     36.640                 
# span 1 =     3.7225,     5.4059                 
# span 2 =   0.000047,   3.064089                 
# span 3 =     0.0011,    31.9294                 
# span 4 =         11,       1326                 
# span 5 =     0.0417,     5.5208                 
# span 6 =     1.9064,     2.3394                 
# span 7 = 0.0000e+00, 0.0000e+00                 
# interval = seconds: 0.25
# start_time = Apr 05 2024 13:18:02 [System UTC, header]
# bad_flag = -9.990e-29
*END*
[from data line 1079]
      8.758     5.3787   3.050133    31.2328       1090     4.5375     2.3323  0.000e+00
      8.714     5.3788   3.050133    31.2327       1091     4.5417     2.3315  0.000e+00
      8.673     5.3786   3.050171    31.2334       1092     4.5458     2.3318  0.000e+00
      8.633     5.3779   3.050236    31.2348       1093     4.5500     2.3322  0.000e+00
      8.595     5.3771   3.050171    31.2348       1094     4.5542     2.3325  0.000e+00
      8.563     5.3772   3.050176    31.2348       1095     4.5583     2.3320  0.000e+00
      8.528     5.3776   3.050154    31.2342       1096     4.5625     2.3317  0.000e+00
      8.489     5.3776   3.050154    31.2342       1097     4.5667     2.3326  0.000e+00
      8.454     5.3774   3.050095    31.2338       1098     4.5708     2.3324  0.000e+00
      8.404     5.3775   3.050062    31.2333       1099     4.5750     2.3332  0.000e+00
      8.355     5.3782   3.050040    31.2324       1100     4.5792     2.3332  0.000e+00
      8.293     5.3787   3.050073    31.2323       1101     4.5833     2.3326  0.000e+00
      8.225     5.3787   3.050024    31.2318       1102     4.5875     2.3326  0.000e+00
      8.154     5.3784   3.050024    31.2321       1103     4.5917     2.3330  0.000e+00
      8.089     5.3786   3.050035    31.2322       1104     4.5958     2.3332  0.000e+00
      8.043     5.3784   3.050062    31.2326       1105     4.6000     2.3327  0.000e+00
      8.003     5.3783   3.050056    31.2327       1106     4.6042     2.3337  0.000e+00
      7.972     5.3783   3.050002    31.2321       1107     4.6083     2.3339  0.000e+00
      7.965     5.3782   3.050002    31.2322       1108     4.6125     2.3336  0.000e+00
      7.963     5.3786   3.050013    31.2320       1109     4.6167     2.3333  0.000e+00
      7.970     5.3784   3.050100    31.2331       1110     4.6208     2.3326  0.000e+00
      7.967     5.3782   3.050062    31.2329       1111     4.6250     2.3327  0.000e+00
      7.970     5.3778   3.050073    31.2334       1112     4.6292     2.3323  0.000e+00
      7.956     5.3775   3.050002    31.2329       1113     4.6333     2.3317  0.000e+00
      7.936     5.3776   3.049964    31.2323       1114     4.6375     2.3319  0.000e+00
      7.920     5.3780   3.049975    31.2321       1115     4.6417     2.3326  0.000e+00
      7.887     5.3781   3.049964    31.2319       1116     4.6458     2.3319  0.000e+00
      7.848     5.3783   3.050056    31.2327       1117     4.6500     2.3322  0.000e+00
      7.806     5.3780   3.050116    31.2338       1118     4.6542     2.3340  0.000e+00
      7.752     5.3775   3.050171    31.2349       1119     4.6583     2.3330  0.000e+00
      7.689     5.3767   3.050034    31.2341       1120     4.6625     2.3337  0.000e+00
      7.633     5.3767   3.050078    31.2346       1121     4.6667     2.3333  0.000e+00
      7.571     5.3769   3.050078    31.2345       1122     4.6708     2.3334  0.000e+00
      7.510     5.3769   3.050132    31.2350       1123     4.6750     2.3339  0.000e+00
      7.459     5.3772   3.050154    31.2350       1124     4.6792     2.3340  0.000e+00
      7.419     5.3769   3.050116    31.2349       1125     4.6833     2.3336  0.000e+00
      7.378     5.3769   3.050132    31.2351       1126     4.6875     2.3344  0.000e+00
      7.338     5.3772   3.050170    31.2353       1127     4.6917     2.3342  0.000e+00
      7.296     5.3775   3.050176    31.2351       1128     4.6958     2.3343  0.000e+00
      7.268     5.3775   3.050132    31.2346       1129     4.7000     2.3348  0.000e+00
      7.248     5.3781   3.050209    31.2350       1130     4.7042     2.3342  0.000e+00
      7.219     5.3794   3.050214    31.2339       1131     4.7083     2.3356  0.000e+00
      7.199     5.3810   3.050421    31.2347       1132     4.7125     2.3349  0.000e+00
      7.176     5.3838   3.050421    31.2321       1133     4.7167     2.3357  0.000e+00
      7.150     5.3860   3.050252    31.2282       1134     4.7208     2.3363  0.000e+00
      7.129     5.3859   3.050132    31.2269       1135     4.7250     2.3345  0.000e+00
      7.107     5.3839   3.050116    31.2286       1136     4.7292     2.3350  0.000e+00
      7.080     5.3817   3.050132    31.2308       1137     4.7333     2.3349  0.000e+00
      7.044     5.3802   3.050116    31.2320       1138     4.7375     2.3340  0.000e+00
      7.009     5.3794   3.050116    31.2328       1139     4.7417     2.3346  0.000e+00
      6.984     5.3788   3.050116    31.2334       1140     4.7458     2.3341  0.000e+00
      6.950     5.3787   3.050023    31.2324       1141     4.7500     2.3344  0.000e+00
      6.919     5.3786   3.049974    31.2320       1142     4.7542     2.3339  0.000e+00
      6.874     5.3785   3.049963    31.2320       1143     4.7583     2.3342  0.000e+00
      6.834     5.3785   3.049947    31.2318       1144     4.7625     2.3327  0.000e+00
      6.778     5.3786   3.049996    31.2324       1145     4.7667     2.3339  0.000e+00
      6.717     5.3788   3.050023    31.2325       1146     4.7708     2.3337  0.000e+00
      6.661     5.3791   3.050001    31.2320       1147     4.7750     2.3330  0.000e+00
      6.597     5.3795   3.049996    31.2316       1148     4.7792     2.3336  0.000e+00
      6.525     5.3795   3.049985    31.2315       1149     4.7833     2.3331  0.000e+00
      6.456     5.3792   3.050116    31.2333       1150     4.7875     2.3343  0.000e+00
      6.399     5.3780   3.050061    31.2338       1151     4.7917     2.3338  0.000e+00
      6.337     5.3768   3.050023    31.2345       1152     4.7958     2.3337  0.000e+00
      6.283     5.3763   3.050034    31.2352       1153     4.8000     2.3333  0.000e+00
      6.241     5.3758   3.049985    31.2351       1154     4.8042     2.3336  0.000e+00
      6.220     5.3753   3.049963    31.2352       1155     4.8083     2.3342  0.000e+00
      6.205     5.3751   3.050034    31.2363       1156     4.8125     2.3345  0.000e+00
      6.193     5.3749   3.050078    31.2370       1157     4.8167     2.3345  0.000e+00
      6.193     5.3750   3.049963    31.2356       1158     4.8208     2.3332  0.000e+00
      6.182     5.3758   3.049914    31.2343       1159     4.8250     2.3326  0.000e+00
      6.182     5.3760   3.049811    31.2329       1160     4.8292     2.3341  0.000e+00
      6.162     5.3759   3.049898    31.2341       1161     4.8333     2.3329  0.000e+00
      6.146     5.3759   3.049909    31.2342       1162     4.8375     2.3322  0.000e+00
      6.110     5.3754   3.049947    31.2351       1163     4.8417     2.3313  0.000e+00
      6.055     5.3745   3.049914    31.2355       1164     4.8458     2.3318  0.000e+00
      6.003     5.3743   3.049887    31.2354       1165     4.8500     2.3311  0.000e+00
      5.956     5.3747   3.049871    31.2350       1166     4.8542     2.3310  0.000e+00
      5.906     5.3752   3.049876    31.2345       1167     4.8583     2.3320  0.000e+00
      5.871     5.3757   3.049871    31.2340       1168     4.8625     2.3323  0.000e+00
      5.844     5.3756   3.049887    31.2344       1169     4.8667     2.3310  0.000e+00
      5.817     5.3748   3.049854    31.2347       1170     4.8708     2.3313  0.000e+00
      5.794     5.3738   3.049832    31.2354       1171     4.8750     2.3310  0.000e+00
      5.768     5.3732   3.049838    31.2360       1172     4.8792     2.3313  0.000e+00
      5.736     5.3727   3.049832    31.2365       1173     4.8833     2.3320  0.000e+00
      5.683     5.3726   3.049794    31.2362       1174     4.8875     2.3321  0.000e+00
      5.624     5.3725   3.049838    31.2367       1175     4.8917     2.3329  0.000e+00
      5.559     5.3727   3.049849    31.2367       1176     4.8958     2.3335  0.000e+00
      5.488     5.3734   3.049756    31.2351       1177     4.9000     2.3340  0.000e+00
      5.427     5.3736   3.049696    31.2342       1178     4.9042     2.3330  0.000e+00
      5.367     5.3735   3.049604    31.2333       1179     4.9083     2.3332  0.000e+00
      5.318     5.3734   3.049549    31.2328       1180     4.9125     2.3333  0.000e+00
      5.286     5.3739   3.049598    31.2329       1181     4.9167     2.3339  0.000e+00
      5.259     5.3739   3.049549    31.2324       1182     4.9208     2.3344  0.000e+00
      5.233     5.3740   3.049560    31.2324       1183     4.9250     2.3347  0.000e+00
      5.199     5.3739   3.049511    31.2320       1184     4.9292     2.3343  0.000e+00
      5.170     5.3741   3.049549    31.2322       1185     4.9333     2.3330  0.000e+00
      5.145     5.3744   3.049560    31.2321       1186     4.9375     2.3340  0.000e+00
      5.112     5.3748   3.049473    31.2308       1187     4.9417     2.3350  0.000e+00
      5.074     5.3748   3.049473    31.2307       1188     4.9458     2.3342  0.000e+00
      5.036     5.3749   3.049478    31.2307       1189     4.9500     2.3344  0.000e+00
      5.002     5.3749   3.049527    31.2313       1190     4.9542     2.3348  0.000e+00
      4.962     5.3751   3.049625    31.2322       1191     4.9583     2.3346  0.000e+00
      4.941     5.3760   3.049854    31.2340       1192     4.9625     2.3349  0.000e+00
      4.905     5.3780   3.050001    31.2338       1193     4.9667     2.3359  0.000e+00
      4.876     5.3804   3.050175    31.2336       1194     4.9708     2.3357  0.000e+00
      4.847     5.3834   3.050268    31.2318       1195     4.9750     2.3355  0.000e+00
      4.809     5.3862   3.050208    31.2286       1196     4.9792     2.3359  0.000e+00
      4.769     5.3880   3.050213    31.2270       1197     4.9833     2.3358  0.000e+00
      4.739     5.3888   3.050208    31.2262       1198     4.9875     2.3356  0.000e+00
      4.697     5.3895   3.050170    31.2252       1199     4.9917     2.3355  0.000e+00
      4.665     5.3896   3.050213    31.2255       1200     4.9958     2.3352  0.000e+00
      4.627     5.3898   3.050284    31.2262       1201     5.0000     2.3357  0.000e+00
      4.587     5.3902   3.050360    31.2267       1202     5.0042     2.3352  0.000e+00
      4.563     5.3910   3.050409    31.2265       1203     5.0083     2.3352  0.000e+00
      4.527     5.3922   3.050284    31.2240       1204     5.0125     2.3353  0.000e+00
      4.477     5.3923   3.050251    31.2235       1205     5.0167     2.3348  0.000e+00
      4.432     5.3922   3.050360    31.2249       1206     5.0208     2.3355  0.000e+00
      4.379     5.3922   3.050061    31.2216       1207     5.0250     2.3354  0.000e+00
      4.334     5.3910   3.050055    31.2226       1208     5.0292     2.3349  0.000e+00
      4.269     5.3902   3.050169    31.2247       1209     5.0333     2.3358  0.000e+00
      4.197     5.3902   3.050208    31.2251       1210     5.0375     2.3370  0.000e+00
      4.110     5.3910   3.050371    31.2263       1211     5.0417     2.3351  0.000e+00
      4.016     5.3919   3.050420    31.2260       1212     5.0458     2.3356  0.000e+00
      3.922     5.3930   3.050229    31.2230       1213     5.0500     2.3363  0.000e+00
      3.833     5.3928   3.050011    31.2207       1214     5.0542     2.3361  0.000e+00
      3.776     5.3909   3.049984    31.2222       1215     5.0583     2.3368  0.000e+00
      3.741     5.3891   3.050115    31.2254       1216     5.0625     2.3361  0.000e+00
      3.747     5.3885   3.050039    31.2250       1217     5.0667     2.3364  0.000e+00
      3.768     5.3891   3.050022    31.2243       1218     5.0708     2.3373  0.000e+00
      3.803     5.3894   3.050011    31.2239       1219     5.0750     2.3372  0.000e+00
      3.828     5.3896   3.050039    31.2240       1220     5.0792     2.3375  0.000e+00
      3.841     5.3900   3.050153    31.2249       1221     5.0833     2.3371  0.000e+00
      3.859     5.3905   3.050115    31.2240       1222     5.0875     2.3380  0.000e+00
      3.868     5.3908   3.050207    31.2248       1223     5.0917     2.3384  0.000e+00
      3.834     5.3912   3.050169    31.2239       1224     5.0958     2.3375  0.000e+00
      3.768     5.3909   3.050273    31.2254       1225     5.1000     2.3366  0.000e+00
      3.678     5.3908   3.050491    31.2280       1226     5.1042     2.3378  0.000e+00
      3.570     5.3923   3.050512    31.2269       1227     5.1083     2.3371  0.000e+00
      3.474     5.3937   3.050512    31.2257       1228     5.1125     2.3370  0.000e+00
      3.378     5.3946   3.050529    31.2251       1229     5.1167     2.3378  0.000e+00
      3.308     5.3954   3.050512    31.2242       1230     5.1208     2.3386  0.000e+00
      3.275     5.3958   3.050381    31.2224       1231     5.1250     2.3380  0.000e+00
      3.284     5.3956   3.050343    31.2221       1232     5.1292     2.3384  0.000e+00
      3.308     5.3950   3.050392    31.2232       1233     5.1333     2.3384  0.000e+00
      3.342     5.3948   3.050382    31.2232       1234     5.1375     2.3378  0.000e+00
      3.357     5.3947   3.050284    31.2222       1235     5.1417     2.3367  0.000e+00
      3.355     5.3945   3.050311    31.2227       1236     5.1458     2.3368  0.000e+00
      3.297     5.3943   3.050283    31.2227       1237     5.1500     2.3373  0.000e+00
      3.207     5.3940   3.050289    31.2230       1238     5.1542     2.3371  0.000e+00
      3.096     5.3939   3.050267    31.2229       1239     5.1583     2.3370  0.000e+00
      2.986     5.3936   3.050191    31.2223       1240     5.1625     2.3376  0.000e+00
      2.892     5.3929   3.050131    31.2224       1241     5.1667     2.3370  0.000e+00
      2.834     5.3924   3.050153    31.2232       1242     5.1708     2.3370  0.000e+00
      2.818     5.3921   3.050131    31.2232       1243     5.1750     2.3366  0.000e+00
      2.822     5.3918   3.050131    31.2234       1244     5.1792     2.3363  0.000e+00
      2.842     5.3911   3.050060    31.2233       1245     5.1833     2.3366  0.000e+00
      2.855     5.3899   3.050038    31.2242       1246     5.1875     2.3368  0.000e+00
      2.855     5.3887   3.050071    31.2257       1247     5.1917     2.3370  0.000e+00
      2.849     5.3889   3.050000    31.2247       1248     5.1958     2.3360  0.000e+00
      2.822     5.3890   3.049908    31.2236       1249     5.2000     2.3365  0.000e+00
      2.777     5.3890   3.050055    31.2253       1250     5.2042     2.3371  0.000e+00
      2.715     5.3894   3.050169    31.2262       1251     5.2083     2.3373  0.000e+00
      2.638     5.3900   3.050071    31.2246       1252     5.2125     2.3376  0.000e+00
      2.551     5.3900   3.049886    31.2225       1253     5.2167     2.3380  0.000e+00
      2.473     5.3887   3.049848    31.2233       1254     5.2208     2.3378  0.000e+00
      2.416     5.3875   3.049853    31.2245       1255     5.2250     2.3381  0.000e+00
      2.376     5.3868   3.049924    31.2260       1256     5.2292     2.3387  0.000e+00
      2.365     5.3868   3.050131    31.2283       1257     5.2333     2.3394  0.000e+00
      2.367     5.3880   3.050093    31.2268       1258     5.2375     2.3377  0.000e+00
      2.379     5.3890   3.050060    31.2255       1259     5.2417     2.3381  0.000e+00
      2.387     5.3894   3.050022    31.2247       1260     5.2458     2.3393  0.000e+00
      2.403     5.3896   3.050011    31.2243       1261     5.2500     2.3391  0.000e+00
      2.407     5.3898   3.050245    31.2269       1262     5.2542     2.3380  0.000e+00
      2.385     5.3907   3.050289    31.2265       1263     5.2583     2.3394  0.000e+00
      2.307     5.3916   3.050245    31.2252       1264     5.2625     2.3384  0.000e+00
      2.163     5.3920   3.050267    31.2251       1265     5.2667     2.3388  0.000e+00
      1.977     5.3923   3.050131    31.2234       1266     5.2708     2.3386  0.000e+00
      1.809     5.3922   3.050076    31.2229       1267     5.2750     2.3381  0.000e+00
      1.686     5.3915   3.050229    31.2254       1268     5.2792     2.3375  0.000e+00
