HB2402/sbe083.cnv
* Sea-Bird SBE 19plus V2 Data File:
* FileName = C:\cruise\data\sbe083.hex
* Software Version Seasave V 7.26.7.121
* Temperature SN = 7037
* Conductivity SN = 7037
* System UpLoad Time = Apr 17 2024 08:06:20
* NMEA Latitude = 41 09.32 N
* NMEA Longitude = 068 11.95 W
* NMEA UTC (Time) = Apr 17 2024  08:04:52
** Ship: Bigelow
** Cruise:  HB2304
** Program:  Fall Bottom Trawl
# nquan = 8
# nvalues = 1307                                  
# units = specified
# name 0 = depSM: Depth [salt water, m]
# name 1 = tv290C: Temperature [ITS-90, deg C]
# name 2 = c0S/m: Conductivity [S/m]
# name 3 = sal00: Salinity, Practical [PSU]
# name 4 = scan: Scan Count
# name 5 = timeM: Time, Elapsed [minutes]
# name 6 = sbeox0V: Oxygen raw, SBE 43 [V]
# name 7 = flag:  0.000e+00
# span 0 =      0.020,     39.903                 
# span 1 =     6.5292,     7.3941                 
# span 2 =   0.000009,   3.243995                 
# span 3 =     0.0035,    32.1957                 
# span 4 =         11,       1317                 
# span 5 =     0.0417,     5.4833                 
# span 6 =     2.0887,     2.4415                 
# span 7 = 0.0000e+00, 0.0000e+00                 
# interval = seconds: 0.25
# start_time = Apr 17 2024 08:04:52 [NMEA time, header]
# bad_flag = -9.990e-29
*END*
[from data line 180]
     18.938     6.6467   3.215366    31.8886        191     0.7917     2.1813  0.000e+00
     19.082     6.6263   3.214682    31.9000        192     0.7958     2.1799  0.000e+00
     19.211     6.6100   3.214221    31.9101        193     0.8000     2.1807  0.000e+00
     19.337     6.5977   3.213921    31.9182        194     0.8042     2.1781  0.000e+00
     19.460     6.5884   3.213838    31.9259        195     0.8083     2.1769  0.000e+00
     19.570     6.5817   3.213922    31.9330        196     0.8125     2.1762  0.000e+00
     19.689     6.5772   3.214322    31.9416        197     0.8167     2.1780  0.000e+00
     19.809     6.5741   3.215122    31.9532        198     0.8208     2.1819  0.000e+00
     19.931     6.5727   3.217035    31.9755        199     0.8250     2.1877  0.000e+00
     20.045     6.5727   3.219125    31.9985        200     0.8292     2.1945  0.000e+00
     20.163     6.5726   3.221378    32.0234        201     0.8333     2.2026  0.000e+00
     20.289     6.5716   3.222602    32.0377        202     0.8375     2.2094  0.000e+00
     20.417     6.5702   3.225022    32.0656        203     0.8417     2.2142  0.000e+00
     20.555     6.5729   3.227215    32.0872        204     0.8458     2.2197  0.000e+00
     20.699     6.5842   3.228389    32.0894        205     0.8500     2.2209  0.000e+00
     20.854     6.6047   3.228590    32.0723        206     0.8542     2.2232  0.000e+00
     21.017     6.6293   3.228183    32.0447        207     0.8583     2.2190  0.000e+00
     21.176     6.6474   3.226524    32.0095        208     0.8625     2.2187  0.000e+00
     21.337     6.6555   3.224031    31.9745        209     0.8667     2.2158  0.000e+00
     21.492     6.6570   3.220771    31.9371        210     0.8708     2.2124  0.000e+00
     21.637     6.6502   3.212255    31.8498        211     0.8750     2.2087  0.000e+00
     21.774     6.6265   3.211049    31.8586        212     0.8792     2.2039  0.000e+00
     21.900     6.6005   3.210933    31.8815        213     0.8833     2.2000  0.000e+00
     22.030     6.5828   3.210894    31.8976        214     0.8875     2.1975  0.000e+00
     22.159     6.5719   3.210894    31.9077        215     0.8917     2.1998  0.000e+00
     22.284     6.5652   3.210994    31.9149        216     0.8958     2.2084  0.000e+00
     22.425     6.5617   3.211095    31.9193        217     0.9000     2.2193  0.000e+00
     22.573     6.5597   3.211095    31.9211        218     0.9042     2.2358  0.000e+00
     22.725     6.5587   3.211061    31.9216        219     0.9083     2.2534  0.000e+00
     22.884     6.5579   3.211134    31.9230        220     0.9125     2.2695  0.000e+00
     23.057     6.5575   3.211134    31.9233        221     0.9167     2.2857  0.000e+00
     23.234     6.5574   3.211012    31.9220        222     0.9208     2.2992  0.000e+00
     23.415     6.5570   3.210973    31.9218        223     0.9250     2.3132  0.000e+00
     23.590     6.5565   3.210873    31.9211        224     0.9292     2.3264  0.000e+00
     23.758     6.5559   3.210873    31.9216        225     0.9333     2.3379  0.000e+00
     23.924     6.5553   3.210951    31.9229        226     0.9375     2.3474  0.000e+00
     24.089     6.5552   3.210951    31.9230        227     0.9417     2.3571  0.000e+00
     24.235     6.5551   3.210934    31.9228        228     0.9458     2.3648  0.000e+00
     24.364     6.5550   3.210873    31.9222        229     0.9500     2.3728  0.000e+00
     24.492     6.5547   3.210795    31.9215        230     0.9542     2.3782  0.000e+00
     24.617     6.5541   3.210734    31.9213        231     0.9583     2.3855  0.000e+00
     24.736     6.5534   3.210673    31.9213        232     0.9625     2.3896  0.000e+00
     24.853     6.5529   3.210634    31.9213        233     0.9667     2.3931  0.000e+00
     24.965     6.5521   3.210573    31.9213        234     0.9708     2.3963  0.000e+00
     25.084     6.5514   3.210651    31.9227        235     0.9750     2.3991  0.000e+00
     25.198     6.5512   3.210712    31.9235        236     0.9792     2.4023  0.000e+00
     25.309     6.5513   3.210796    31.9243        237     0.9833     2.4057  0.000e+00
     25.421     6.5518   3.210834    31.9242        238     0.9875     2.4065  0.000e+00
     25.538     6.5524   3.210773    31.9229        239     0.9917     2.4100  0.000e+00
     25.652     6.5524   3.210751    31.9226        240     0.9958     2.4124  0.000e+00
     25.775     6.5524   3.210735    31.9224        241     1.0000     2.4139  0.000e+00
     25.900     6.5524   3.210812    31.9232        242     1.0042     2.4144  0.000e+00
     26.031     6.5523   3.210796    31.9230        243     1.0083     2.4173  0.000e+00
     26.180     6.5524   3.210796    31.9228        244     1.0125     2.4165  0.000e+00
     26.333     6.5523   3.210651    31.9213        245     1.0167     2.4192  0.000e+00
     26.492     6.5518   3.210574    31.9208        246     1.0208     2.4207  0.000e+00
     26.662     6.5511   3.210552    31.9212        247     1.0250     2.4203  0.000e+00
     26.834     6.5505   3.210613    31.9223        248     1.0292     2.4213  0.000e+00
     27.014     6.5503   3.210652    31.9229        249     1.0333     2.4246  0.000e+00
     27.186     6.5501   3.210552    31.9219        250     1.0375     2.4229  0.000e+00
     27.360     6.5499   3.210574    31.9222        251     1.0417     2.4239  0.000e+00
     27.526     6.5495   3.210552    31.9222        252     1.0458     2.4244  0.000e+00
     27.694     6.5494   3.210596    31.9228        253     1.0500     2.4242  0.000e+00
     27.856     6.5492   3.210674    31.9237        254     1.0542     2.4233  0.000e+00
     28.019     6.5495   3.210713    31.9237        255     1.0583     2.4241  0.000e+00
     28.185     6.5500   3.210758    31.9238        256     1.0625     2.4239  0.000e+00
     28.351     6.5504   3.210835    31.9241        257     1.0667     2.4226  0.000e+00
     28.516     6.5510   3.210874    31.9239        258     1.0708     2.4240  0.000e+00
     28.680     6.5515   3.210974    31.9245        259     1.0750     2.4225  0.000e+00
     28.837     6.5523   3.211036    31.9244        260     1.0792     2.4249  0.000e+00
     29.000     6.5530   3.211052    31.9238        261     1.0833     2.4250  0.000e+00
     29.150     6.5534   3.211097    31.9238        262     1.0875     2.4249  0.000e+00
     29.293     6.5540   3.211136    31.9236        263     1.0917     2.4247  0.000e+00
     29.437     6.5546   3.211136    31.9230        264     1.0958     2.4243  0.000e+00
     29.575     6.5547   3.211114    31.9226        265     1.1000     2.4237  0.000e+00
     29.714     6.5549   3.211114    31.9223        266     1.1042     2.4244  0.000e+00
     29.846     6.5550   3.211136    31.9224        267     1.1083     2.4240  0.000e+00
     29.974     6.5550   3.211158    31.9226        268     1.1125     2.4241  0.000e+00
     30.097     6.5550   3.211175    31.9227        269     1.1167     2.4248  0.000e+00
     30.211     6.5550   3.211197    31.9229        270     1.1208     2.4240  0.000e+00
     30.323     6.5552   3.211175    31.9224        271     1.1250     2.4250  0.000e+00
     30.429     6.5553   3.211175    31.9223        272     1.1292     2.4239  0.000e+00
     30.536     6.5553   3.211197    31.9225        273     1.1333     2.4254  0.000e+00
     30.648     6.5553   3.211197    31.9224        274     1.1375     2.4252  0.000e+00
     30.760     6.5554   3.211197    31.9223        275     1.1417     2.4249  0.000e+00
     30.883     6.5553   3.211197    31.9223        276     1.1458     2.4277  0.000e+00
     31.011     6.5553   3.211197    31.9222        277     1.1500     2.4262  0.000e+00
     31.156     6.5555   3.211158    31.9216        278     1.1542     2.4258  0.000e+00
     31.313     6.5553   3.211136    31.9214        279     1.1583     2.4269  0.000e+00
     31.477     6.5550   3.211197    31.9223        280     1.1625     2.4265  0.000e+00
     31.662     6.5550   3.211259    31.9229        281     1.1667     2.4265  0.000e+00
     31.862     6.5551   3.211259    31.9227        282     1.1708     2.4274  0.000e+00
     32.074     6.5554   3.211198    31.9217        283     1.1750     2.4274  0.000e+00
     32.301     6.5552   3.211198    31.9217        284     1.1792     2.4268  0.000e+00
     32.527     6.5550   3.211214    31.9220        285     1.1833     2.4283  0.000e+00
     32.759     6.5550   3.211259    31.9224        286     1.1875     2.4283  0.000e+00
     32.992     6.5550   3.211259    31.9223        287     1.1917     2.4290  0.000e+00
     33.221     6.5551   3.211276    31.9223        288     1.1958     2.4293  0.000e+00
     33.451     6.5552   3.211315    31.9225        289     1.2000     2.4287  0.000e+00
     33.669     6.5553   3.211315    31.9223        290     1.2042     2.4288  0.000e+00
     33.877     6.5553   3.211359    31.9226        291     1.2083     2.4288  0.000e+00
     34.065     6.5555   3.211370    31.9225        292     1.2125     2.4289  0.000e+00
     34.232     6.5556   3.211359    31.9222        293     1.2167     2.4284  0.000e+00
     34.378     6.5558   3.211359    31.9220        294     1.2208     2.4283  0.000e+00
     34.497     6.5556   3.211359    31.9221        295     1.2250     2.4285  0.000e+00
     34.586     6.5558   3.211398    31.9224        296     1.2292     2.4273  0.000e+00
     34.660     6.5558   3.211398    31.9223        297     1.2333     2.4284  0.000e+00
     34.734     6.5560   3.211415    31.9222        298     1.2375     2.4288  0.000e+00
     34.797     6.5560   3.211437    31.9225        299     1.2417     2.4275  0.000e+00
     34.873     6.5561   3.211460    31.9226        300     1.2458     2.4290  0.000e+00
     34.945     6.5562   3.211460    31.9224        301     1.2500     2.4275  0.000e+00
     35.016     6.5563   3.211415    31.9218        302     1.2542     2.4288  0.000e+00
     35.101     6.5562   3.211387    31.9215        303     1.2583     2.4292  0.000e+00
     35.193     6.5561   3.211399    31.9218        304     1.2625     2.4271  0.000e+00
     35.297     6.5559   3.211415    31.9221        305     1.2667     2.4265  0.000e+00
     35.417     6.5559   3.211460    31.9225        306     1.2708     2.4261  0.000e+00
     35.547     6.5560   3.211460    31.9224        307     1.2750     2.4262  0.000e+00
     35.686     6.5560   3.211477    31.9225        308     1.2792     2.4247  0.000e+00
     35.839     6.5561   3.211477    31.9223        309     1.2833     2.4247  0.000e+00
     35.989     6.5562   3.211499    31.9223        310     1.2875     2.4250  0.000e+00
     36.159     6.5561   3.211460    31.9220        311     1.2917     2.4256  0.000e+00
     36.342     6.5562   3.211460    31.9218        312     1.2958     2.4246  0.000e+00
     36.530     6.5561   3.211477    31.9220        313     1.3000     2.4257  0.000e+00
     36.728     6.5559   3.211521    31.9226        314     1.3042     2.4258  0.000e+00
     36.936     6.5562   3.211521    31.9222        315     1.3083     2.4259  0.000e+00
     37.157     6.5562   3.211499    31.9218        316     1.3125     2.4245  0.000e+00
     37.384     6.5562   3.211521    31.9220        317     1.3167     2.4248  0.000e+00
     37.614     6.5562   3.211560    31.9223        318     1.3208     2.4250  0.000e+00
     37.856     6.5563   3.211577    31.9223        319     1.3250     2.4244  0.000e+00
     38.101     6.5563   3.211577    31.9221        320     1.3292     2.4241  0.000e+00
     38.344     6.5562   3.211577    31.9221        321     1.3333     2.4242  0.000e+00
     38.582     6.5563   3.211561    31.9217        322     1.3375     2.4239  0.000e+00
     38.810     6.5562   3.211561    31.9217        323     1.3417     2.4223  0.000e+00
     39.028     6.5562   3.211600    31.9221        324     1.3458     2.4239  0.000e+00
     39.245     6.5560   3.211600    31.9221        325     1.3500     2.4239  0.000e+00
     39.446     6.5561   3.211639    31.9224        326     1.3542     2.4236  0.000e+00
     39.621     6.5562   3.211639    31.9222        327     1.3583     2.4236  0.000e+00
     39.762     6.5563   3.211639    31.9220        328     1.3625     2.4219  0.000e+00
     39.878     6.5562   3.211678    31.9225        329     1.3667     2.4239  0.000e+00
     39.903     6.5563   3.211661    31.9222        330     1.3708     2.4236  0.000e+00
     39.873     6.5564   3.211622    31.9217        331     1.3750     2.4249  0.000e+00
     39.777     6.5562   3.211600    31.9217        332     1.3792     2.4241  0.000e+00
     39.665     6.5561   3.211639    31.9223        333     1.3833     2.4249  0.000e+00
     39.562     6.5562   3.211678    31.9227        334     1.3875     2.4248  0.000e+00
     39.488     6.5562   3.211678    31.9227        335     1.3917     2.4249  0.000e+00
     39.385     6.5565   3.211639    31.9220        336     1.3958     2.4242  0.000e+00
     39.293     6.5565   3.211639    31.9220        337     1.4000     2.4250  0.000e+00
     39.197     6.5566   3.211561    31.9211        338     1.4042     2.4255  0.000e+00
     39.136     6.5564   3.211505    31.9208        339     1.4083     2.4268  0.000e+00
     39.089     6.5559   3.211522    31.9215        340     1.4125     2.4255  0.000e+00
     39.049     6.5556   3.211522    31.9217        341     1.4167     2.4254  0.000e+00
     39.011     6.5556   3.211522    31.9218        342     1.4208     2.4264  0.000e+00
     38.984     6.5554   3.211522    31.9220        343     1.4250     2.4259  0.000e+00
     39.002     6.5555   3.211578    31.9225        344     1.4292     2.4268  0.000e+00
     39.022     6.5555   3.211622    31.9229        345     1.4333     2.4262  0.000e+00
     39.089     6.5559   3.211661    31.9230        346     1.4375     2.4268  0.000e+00
     39.161     6.5562   3.211700    31.9231        347     1.4417     2.4260  0.000e+00
     39.224     6.5565   3.211700    31.9228        348     1.4458     2.4273  0.000e+00
     39.273     6.5568   3.211678    31.9223        349     1.4500     2.4267  0.000e+00
     39.300     6.5569   3.211661    31.9219        350     1.4542     2.4275  0.000e+00
     39.311     6.5567   3.211622    31.9217        351     1.4583     2.4275  0.000e+00
     39.316     6.5565   3.211561    31.9212        352     1.4625     2.4271  0.000e+00
     39.313     6.5563   3.211578    31.9215        353     1.4667     2.4274  0.000e+00
     39.314     6.5563   3.211578    31.9216        354     1.4708     2.4268  0.000e+00
     39.314     6.5561   3.211600    31.9220        355     1.4750     2.4273  0.000e+00
     39.329     6.5559   3.211600    31.9221        356     1.4792     2.4268  0.000e+00
     39.360     6.5558   3.211639    31.9227        357     1.4833     2.4268  0.000e+00
     39.394     6.5561   3.211639    31.9224        358     1.4875     2.4274  0.000e+00
     39.432     6.5562   3.211639    31.9222        359     1.4917     2.4278  0.000e+00
     39.466     6.5563   3.211678    31.9226        360     1.4958     2.4268  0.000e+00
     39.490     6.5564   3.211639    31.9221        361     1.5000     2.4270  0.000e+00
     39.509     6.5566   3.211639    31.9219        362     1.5042     2.4265  0.000e+00
     39.522     6.5565   3.211622    31.9217        363     1.5083     2.4271  0.000e+00
     39.537     6.5563   3.211561    31.9212        364     1.5125     2.4262  0.000e+00
     39.537     6.5563   3.211600    31.9217        365     1.5167     2.4275  0.000e+00
     39.535     6.5562   3.211600    31.9218        366     1.5208     2.4267  0.000e+00
     39.522     6.5561   3.211600    31.9219        367     1.5250     2.4254  0.000e+00
     39.493     6.5562   3.211539    31.9212        368     1.5292     2.4274  0.000e+00
     39.457     6.5560   3.211578    31.9218        369     1.5333     2.4270  0.000e+00
