HB2402/sbe001.cnv
* Sea-Bird SBE 19plus V2 Data File:
* FileName = C:\cruise\data\sbe001.hex
* Software Version Seasave V 7.26.7.121
* Temperature SN = 7142
* Conductivity SN = 7142
* System UpLoad Time = Mar 07 2024 21:51:40
* NMEA Latitude = 38 23.21 N
* NMEA Longitude = 074 30.78 W
* NMEA UTC (Time) = Mar 07 2024  21:51:03
** Ship: Bigelow
** Cruise:  HB2304
** Program:  Fall Bottom Trawl
# nquan = 7
# nvalues = 1407                                  
# units = specified
# name 0 = depSM: Depth [salt water, m]
# name 1 = tv290C: Temperature [ITS-90, deg C]
# name 2 = c0S/m: Conductivity [S/m]
# name 3 = sal00: Salinity, Practical [PSU]
# name 4 = scan: Scan Count
# name 5 = timeM: Time, Elapsed [minutes]
# name 6 = flag:  0.000e+00
# span 0 =     -0.097,     33.768                 
# span 1 =     7.3787,     9.6820                 
# span 2 =  -0.101609,   3.300640                 
# span 3 =     0.0000,    32.1065                 
# span 4 =         11,       1417                 
# span 5 =     0.0417,     5.9000                 
# span 6 = 0.0000e+00, 0.0000e+00                 
# interval = seconds: 0.25
# start_time = Mar 07 2024 21:51:03 [NMEA time, header]
# bad_flag = -9.990e-29
*END*
[from data line 1026]
     10.868     7.6120   3.213214    30.9895       1037     4.3167  0.000e+00
     10.839     7.6145   3.213226    30.9874       1038     4.3208  0.000e+00
     10.817     7.6166   3.213255    30.9858       1039     4.3250  0.000e+00
     10.803     7.6176   3.213319    30.9856       1040     4.3292  0.000e+00
     10.792     7.6187   3.213319    30.9846       1041     4.3333  0.000e+00
     10.771     7.6195   3.213337    30.9842       1042     4.3375  0.000e+00
     10.744     7.6197   3.213296    30.9835       1043     4.3417  0.000e+00
     10.718     7.6198   3.213278    30.9833       1044     4.3458  0.000e+00
     10.688     7.6196   3.213238    30.9830       1045     4.3500  0.000e+00
     10.645     7.6193   3.213278    30.9837       1046     4.3542  0.000e+00
     10.602     7.6191   3.213214    30.9832       1047     4.3583  0.000e+00
     10.548     7.6190   3.213056    30.9816       1048     4.3625  0.000e+00
     10.490     7.6184   3.213138    30.9831       1049     4.3667  0.000e+00
     10.438     7.6178   3.213237    30.9847       1050     4.3708  0.000e+00
     10.379     7.6182   3.213559    30.9878       1051     4.3750  0.000e+00
     10.343     7.6202   3.213378    30.9841       1052     4.3792  0.000e+00
     10.321     7.6207   3.213419    30.9841       1053     4.3833  0.000e+00
     10.316     7.6207   3.213156    30.9813       1054     4.3875  0.000e+00
     10.312     7.6198   3.212998    30.9805       1055     4.3917  0.000e+00
     10.305     7.6180   3.213156    30.9837       1056     4.3958  0.000e+00
     10.301     7.6173   3.212975    30.9824       1057     4.4000  0.000e+00
     10.307     7.6166   3.212834    30.9815       1058     4.4042  0.000e+00
     10.312     7.6152   3.212817    30.9826       1059     4.4083  0.000e+00
     10.309     7.6137   3.212916    30.9850       1060     4.4125  0.000e+00
     10.298     7.6135   3.212875    30.9847       1061     4.4167  0.000e+00
     10.285     7.6137   3.212951    30.9854       1062     4.4208  0.000e+00
     10.264     7.6138   3.213179    30.9877       1063     4.4250  0.000e+00
     10.221     7.6152   3.213179    30.9865       1064     4.4292  0.000e+00
     10.178     7.6168   3.212998    30.9831       1065     4.4333  0.000e+00
     10.133     7.6166   3.212974    30.9831       1066     4.4375  0.000e+00
     10.082     7.6156   3.212974    30.9841       1067     4.4417  0.000e+00
     10.048     7.6154   3.212998    30.9844       1068     4.4458  0.000e+00
     10.028     7.6154   3.213039    30.9849       1069     4.4500  0.000e+00
     10.028     7.6154   3.213074    30.9853       1070     4.4542  0.000e+00
     10.032     7.6160   3.212998    30.9839       1071     4.4583  0.000e+00
     10.028     7.6160   3.213115    30.9852       1072     4.4625  0.000e+00
     10.021     7.6162   3.213015    30.9839       1073     4.4667  0.000e+00
     10.010     7.6165   3.212834    30.9818       1074     4.4708  0.000e+00
     10.005     7.6155   3.212916    30.9835       1075     4.4750  0.000e+00
     10.001     7.6148   3.213015    30.9852       1076     4.4792  0.000e+00
      9.991     7.6149   3.213179    30.9868       1077     4.4833  0.000e+00
      9.962     7.6167   3.213354    30.9871       1078     4.4875  0.000e+00
      9.915     7.6183   3.213395    30.9862       1079     4.4917  0.000e+00
      9.854     7.6197   3.213559    30.9867       1080     4.4958  0.000e+00
      9.788     7.6218   3.213699    30.9863       1081     4.5000  0.000e+00
      9.714     7.6234   3.213775    30.9858       1082     4.5042  0.000e+00
      9.644     7.6249   3.213816    30.9849       1083     4.5083  0.000e+00
      9.588     7.6261   3.213816    30.9839       1084     4.5125  0.000e+00
      9.543     7.6271   3.213938    30.9843       1085     4.5167  0.000e+00
      9.511     7.6279   3.213979    30.9840       1086     4.5208  0.000e+00
      9.484     7.6289   3.214049    30.9839       1087     4.5250  0.000e+00
      9.460     7.6300   3.214055    30.9830       1088     4.5292  0.000e+00
      9.442     7.6305   3.214078    30.9828       1089     4.5333  0.000e+00
      9.426     7.6307   3.214219    30.9841       1090     4.5375  0.000e+00
      9.407     7.6318   3.214318    30.9842       1091     4.5417  0.000e+00
      9.390     7.6330   3.214517    30.9853       1092     4.5458  0.000e+00
      9.376     7.6344   3.214318    30.9819       1093     4.5500  0.000e+00
      9.356     7.6352   3.214359    30.9817       1094     4.5542  0.000e+00
      9.333     7.6349   3.214400    30.9824       1095     4.5583  0.000e+00
      9.310     7.6352   3.214417    30.9823       1096     4.5625  0.000e+00
      9.292     7.6353   3.214499    30.9831       1097     4.5667  0.000e+00
      9.277     7.6361   3.214417    30.9815       1098     4.5708  0.000e+00
      9.265     7.6360   3.214160    30.9789       1099     4.5750  0.000e+00
      9.265     7.6347   3.213956    30.9778       1100     4.5792  0.000e+00
      9.270     7.6325   3.213675    30.9768       1101     4.5833  0.000e+00
      9.288     7.6294   3.213915    30.9821       1102     4.5875  0.000e+00
      9.297     7.6287   3.214037    30.9841       1103     4.5917  0.000e+00
      9.320     7.6295   3.214096    30.9840       1104     4.5958  0.000e+00
      9.331     7.6305   3.214359    30.9858       1105     4.6000  0.000e+00
      9.346     7.6321   3.214861    30.9898       1106     4.6042  0.000e+00
      9.355     7.6362   3.215019    30.9878       1107     4.6083  0.000e+00
      9.353     7.6398   3.214937    30.9838       1108     4.6125  0.000e+00
      9.329     7.6414   3.214961    30.9825       1109     4.6167  0.000e+00
      9.286     7.6424   3.214978    30.9819       1110     4.6208  0.000e+00
      9.225     7.6428   3.215002    30.9818       1111     4.6250  0.000e+00
      9.139     7.6432   3.214920    30.9806       1112     4.6292  0.000e+00
      9.033     7.6430   3.215042    30.9821       1113     4.6333  0.000e+00
      8.918     7.6432   3.214557    30.9769       1114     4.6375  0.000e+00
      8.787     7.6417   3.214195    30.9744       1115     4.6417  0.000e+00
      8.661     7.6381   3.214557    30.9815       1116     4.6458  0.000e+00
      8.548     7.6375   3.214738    30.9841       1117     4.6500  0.000e+00
      8.460     7.6387   3.214300    30.9783       1118     4.6542  0.000e+00
      8.395     7.6374   3.214195    30.9784       1119     4.6583  0.000e+00
      8.364     7.6357   3.214218    30.9802       1120     4.6625  0.000e+00
      8.364     7.6348   3.214177    30.9805       1121     4.6667  0.000e+00
      8.380     7.6339   3.214277    30.9824       1122     4.6708  0.000e+00
      8.425     7.6341   3.214277    30.9822       1123     4.6750  0.000e+00
      8.477     7.6343   3.214259    30.9818       1124     4.6792  0.000e+00
      8.533     7.6343   3.214218    30.9814       1125     4.6833  0.000e+00
      8.583     7.6338   3.214236    30.9820       1126     4.6875  0.000e+00
      8.619     7.6338   3.214417    30.9838       1127     4.6917  0.000e+00
      8.645     7.6346   3.214400    30.9829       1128     4.6958  0.000e+00
      8.659     7.6353   3.214177    30.9799       1129     4.7000  0.000e+00
      8.673     7.6347   3.214078    30.9794       1130     4.7042  0.000e+00
      8.679     7.6335   3.214020    30.9799       1131     4.7083  0.000e+00
      8.664     7.6321   3.214160    30.9827       1132     4.7125  0.000e+00
      8.618     7.6321   3.214259    30.9837       1133     4.7167  0.000e+00
      8.558     7.6330   3.214400    30.9844       1134     4.7208  0.000e+00
      8.485     7.6344   3.214475    30.9840       1135     4.7250  0.000e+00
      8.418     7.6356   3.214399    30.9822       1136     4.7292  0.000e+00
      8.359     7.6363   3.214581    30.9835       1137     4.7333  0.000e+00
      8.314     7.6370   3.214738    30.9846       1138     4.7375  0.000e+00
      8.289     7.6386   3.214540    30.9811       1139     4.7417  0.000e+00
      8.289     7.6389   3.214469    30.9801       1140     4.7458  0.000e+00
      8.289     7.6383   3.214417    30.9800       1141     4.7500  0.000e+00
      8.312     7.6375   3.214358    30.9801       1142     4.7542  0.000e+00
      8.336     7.6368   3.214376    30.9809       1143     4.7583  0.000e+00
      8.353     7.6363   3.214300    30.9806       1144     4.7625  0.000e+00
      8.366     7.6355   3.214236    30.9805       1145     4.7667  0.000e+00
      8.377     7.6349   3.214277    30.9815       1146     4.7708  0.000e+00
      8.361     7.6347   3.214335    30.9823       1147     4.7750  0.000e+00
      8.325     7.6348   3.214318    30.9821       1148     4.7792  0.000e+00
      8.274     7.6350   3.214358    30.9823       1149     4.7833  0.000e+00
      8.215     7.6354   3.214440    30.9829       1150     4.7875  0.000e+00
      8.154     7.6358   3.214417    30.9823       1151     4.7917  0.000e+00
      8.093     7.6362   3.214195    30.9796       1152     4.7958  0.000e+00
      8.026     7.6354   3.213955    30.9778       1153     4.8000  0.000e+00
      7.953     7.6335   3.214095    30.9810       1154     4.8042  0.000e+00
      7.884     7.6323   3.214160    30.9828       1155     4.8083  0.000e+00
      7.807     7.6328   3.214195    30.9828       1156     4.8125  0.000e+00
      7.737     7.6330   3.214259    30.9833       1157     4.8167  0.000e+00
      7.680     7.6336   3.214376    30.9841       1158     4.8208  0.000e+00
      7.635     7.6347   3.214557    30.9850       1159     4.8250  0.000e+00
      7.602     7.6363   3.214820    30.9864       1160     4.8292  0.000e+00
      7.575     7.6391   3.214797    30.9837       1161     4.8333  0.000e+00
      7.548     7.6407   3.215042    30.9849       1162     4.8375  0.000e+00
      7.534     7.6425   3.215100    30.9839       1163     4.8417  0.000e+00
      7.534     7.6443   3.215258    30.9840       1164     4.8458  0.000e+00
      7.550     7.6458   3.215580    30.9860       1165     4.8500  0.000e+00
      7.572     7.6487   3.215673    30.9845       1166     4.8542  0.000e+00
      7.597     7.6511   3.215761    30.9833       1167     4.8583  0.000e+00
      7.628     7.6530   3.215843    30.9825       1168     4.8625  0.000e+00
      7.658     7.6545   3.215819    30.9808       1169     4.8667  0.000e+00
      7.660     7.6555   3.215743    30.9792       1170     4.8708  0.000e+00
      7.654     7.6550   3.215521    30.9772       1171     4.8750  0.000e+00
      7.628     7.6538   3.215439    30.9775       1172     4.8792  0.000e+00
      7.588     7.6525   3.215200    30.9760       1173     4.8833  0.000e+00
      7.543     7.6503   3.215281    30.9789       1174     4.8875  0.000e+00
      7.493     7.6491   3.215381    30.9811       1175     4.8917  0.000e+00
      7.435     7.6493   3.215398    30.9811       1176     4.8958  0.000e+00
      7.374     7.6497   3.215480    30.9816       1177     4.9000  0.000e+00
      7.308     7.6502   3.215322    30.9795       1178     4.9042  0.000e+00
      7.243     7.6502   3.215381    30.9802       1179     4.9083  0.000e+00
      7.198     7.6499   3.215258    30.9791       1180     4.9125  0.000e+00
      7.167     7.6492   3.214977    30.9768       1181     4.9167  0.000e+00
      7.144     7.6477   3.214755    30.9758       1182     4.9208  0.000e+00
      7.133     7.6452   3.214358    30.9737       1183     4.9250  0.000e+00
      7.132     7.6413   3.214259    30.9762       1184     4.9292  0.000e+00
      7.128     7.6381   3.214358    30.9801       1185     4.9333  0.000e+00
      7.137     7.6367   3.214218    30.9798       1186     4.9375  0.000e+00
      7.144     7.6356   3.213955    30.9780       1187     4.9417  0.000e+00
      7.155     7.6337   3.213739    30.9774       1188     4.9458  0.000e+00
      7.166     7.6312   3.213634    30.9785       1189     4.9500  0.000e+00
      7.167     7.6287   3.213558    30.9799       1190     4.9542  0.000e+00
      7.153     7.6268   3.213558    30.9816       1191     4.9583  0.000e+00
      7.141     7.6260   3.213616    30.9829       1192     4.9625  0.000e+00
      7.110     7.6257   3.213581    30.9828       1193     4.9667  0.000e+00
      7.070     7.6254   3.213558    30.9829       1194     4.9708  0.000e+00
      7.022     7.6255   3.213634    30.9836       1195     4.9750  0.000e+00
      6.964     7.6258   3.214037    30.9877       1196     4.9792  0.000e+00
      6.923     7.6280   3.214457    30.9903       1197     4.9833  0.000e+00
      6.882     7.6324   3.214656    30.9884       1198     4.9875  0.000e+00
      6.855     7.6358   3.214878    30.9878       1199     4.9917  0.000e+00
      6.808     7.6390   3.214919    30.9854       1200     4.9958  0.000e+00
      6.749     7.6418   3.215042    30.9842       1201     5.0000  0.000e+00
      6.695     7.6436   3.215199    30.9844       1202     5.0042  0.000e+00
      6.635     7.6458   3.215158    30.9820       1203     5.0083  0.000e+00
      6.583     7.6466   3.215100    30.9807       1204     5.0125  0.000e+00
      6.526     7.6469   3.215141    30.9809       1205     5.0167  0.000e+00
      6.461     7.6471   3.215042    30.9797       1206     5.0208  0.000e+00
      6.396     7.6466   3.215077    30.9805       1207     5.0250  0.000e+00
      6.328     7.6467   3.215100    30.9807       1208     5.0292  0.000e+00
      6.263     7.6467   3.214901    30.9786       1209     5.0333  0.000e+00
      6.240     7.6461   3.214919    30.9794       1210     5.0375  0.000e+00
      6.240     7.6453   3.214936    30.9803       1211     5.0417  0.000e+00
      6.287     7.6452   3.215001    30.9810       1212     5.0458  0.000e+00
      6.334     7.6452   3.215059    30.9816       1213     5.0500  0.000e+00
      6.393     7.6455   3.215100    30.9817       1214     5.0542  0.000e+00
      6.436     7.6461   3.215199    30.9822       1215     5.0583  0.000e+00
      6.476     7.6469   3.215299    30.9826       1216     5.0625  0.000e+00
      6.501     7.6478   3.215381    30.9826       1217     5.0667  0.000e+00
      6.508     7.6491   3.215421    30.9819       1218     5.0708  0.000e+00
      6.513     7.6499   3.215439    30.9814       1219     5.0750  0.000e+00
      6.492     7.6505   3.215077    30.9770       1220     5.0792  0.000e+00
      6.440     7.6495   3.215147    30.9786       1221     5.0833  0.000e+00
      6.361     7.6481   3.215357    30.9821       1222     5.0875  0.000e+00
      6.264     7.6487   3.215357    30.9817       1223     5.0917  0.000e+00
      6.150     7.6494   3.215240    30.9799       1224     5.0958  0.000e+00
      6.033     7.6495   3.215339    30.9809       1225     5.1000  0.000e+00
      5.935     7.6496   3.215380    30.9813       1226     5.1042  0.000e+00
      5.841     7.6502   3.215521    30.9823       1227     5.1083  0.000e+00
      5.766     7.6512   3.215141    30.9774       1228     5.1125  0.000e+00
      5.708     7.6499   3.214860    30.9756       1229     5.1167  0.000e+00
      5.674     7.6473   3.214860    30.9779       1230     5.1208  0.000e+00
      5.660     7.6457   3.214919    30.9800       1231     5.1250  0.000e+00
      5.665     7.6450   3.214878    30.9801       1232     5.1292  0.000e+00
      5.703     7.6446   3.214837    30.9800       1233     5.1333  0.000e+00
      5.735     7.6444   3.214819    30.9800       1234     5.1375  0.000e+00
      5.769     7.6439   3.214755    30.9797       1235     5.1417  0.000e+00
      5.804     7.6435   3.214697    30.9795       1236     5.1458  0.000e+00
      5.832     7.6429   3.214679    30.9798       1237     5.1500  0.000e+00
      5.865     7.6422   3.214638    30.9800       1238     5.1542  0.000e+00
      5.902     7.6417   3.214860    30.9827       1239     5.1583  0.000e+00
      5.919     7.6424   3.214919    30.9828       1240     5.1625  0.000e+00
