HB2402/sbe040.cnv
* Sea-Bird SBE 19plus V2 Data File:
* FileName = C:\cruise\data\sbe040.hex
* Software Version Seasave V 7.26.7.121
* Temperature SN = 7142
* Conductivity SN = 7142
* System UpLoad Time = Mar 21 2024 17:06:40
* NMEA Latitude = 40 22.87 N
* NMEA Longitude = 073 42.11 W
* NMEA UTC (Time) = Mar 21 2024  17:05:59
** Ship: Bigelow
** Cruise:  HB2304
** Program:  Fall Bottom Trawl
# nquan = 7
# nvalues = 1031                                  
# units = specified
# name 0 = depSM: Depth [salt water, m]
# name 1 = tv290C: Temperature [ITS-90, deg C]
# name 2 = c0S/m: Conductivity [S/m]
# name 3 = sal00: Salinity, Practical [PSU]
# name 4 = scan: Scan Count
# name 5 = timeM: Time, Elapsed [minutes]
# name 6 = flag:  0.000e+00
# span 0 =     -0.008,     18.917                 
# span 1 =     4.8877,     6.8828                 
# span 2 =   0.000009,   3.231439                 
# span 3 =     0.0019,    31.8660                 
# span 4 =         11,       1041                 
# span 5 =     0.0417,     4.3333                 
# span 6 = 0.0000e+00, 0.0000e+00                 
# interval = seconds: 0.25
# start_time = Mar 21 2024 17:05:59 [NMEA time, header]
# bad_flag = -9.990e-29
*END*
[from data line 616]
     10.904     6.7278   2.987891    29.3374        627     2.6083  0.000e+00
     10.884     6.7280   2.987862    29.3369        628     2.6125  0.000e+00
     10.875     6.7282   2.986976    29.3271        629     2.6167  0.000e+00
     10.859     6.7285   2.985602    29.3120        630     2.6208  0.000e+00
     10.846     6.7289   2.984454    29.2992        631     2.6250  0.000e+00
     10.832     6.7296   2.983563    29.2889        632     2.6292  0.000e+00
     10.814     6.7303   2.982053    29.2720        633     2.6333  0.000e+00
     10.803     6.7317   2.981349    29.2631        634     2.6375  0.000e+00
     10.794     6.7330   2.981667    29.2655        635     2.6417  0.000e+00
     10.781     6.7339   2.982808    29.2771        636     2.6458  0.000e+00
     10.778     6.7335   2.982194    29.2708        637     2.6500  0.000e+00
     10.770     6.7335   2.981706    29.2655        638     2.6542  0.000e+00
     10.760     6.7340   2.981474    29.2625        639     2.6583  0.000e+00
     10.740     6.7346   2.982229    29.2702        640     2.6625  0.000e+00
     10.722     6.7345   2.983216    29.2810        641     2.6667  0.000e+00
     10.688     6.7343   2.983489    29.2842        642     2.6708  0.000e+00
     10.655     6.7338   2.982654    29.2756        643     2.6750  0.000e+00
     10.618     6.7341   2.982013    29.2684        644     2.6792  0.000e+00
     10.591     6.7346   2.980310    29.2495        645     2.6833  0.000e+00
     10.553     6.7362   2.979215    29.2363        646     2.6875  0.000e+00
     10.515     6.7378   2.978936    29.2319        647     2.6917  0.000e+00
     10.487     6.7392   2.978630    29.2274        648     2.6958  0.000e+00
     10.461     6.7399   2.978551    29.2260        649     2.7000  0.000e+00
     10.429     6.7406   2.978221    29.2218        650     2.7042  0.000e+00
     10.409     6.7413   2.978085    29.2198        651     2.7083  0.000e+00
     10.384     6.7421   2.977138    29.2089        652     2.7125  0.000e+00
     10.366     6.7432   2.979362    29.2320        653     2.7167  0.000e+00
     10.345     6.7432   2.980741    29.2469        654     2.7208  0.000e+00
     10.330     6.7419   2.982887    29.2713        655     2.7250  0.000e+00
     10.316     6.7397   2.983585    29.2808        656     2.7292  0.000e+00
     10.301     6.7377   2.983483    29.2814        657     2.7333  0.000e+00
     10.289     6.7365   2.982438    29.2711        658     2.7375  0.000e+00
     10.282     6.7362   2.982268    29.2695        659     2.7417  0.000e+00
     10.265     6.7363   2.981956    29.2661        660     2.7458  0.000e+00
     10.256     6.7364   2.981723    29.2634        661     2.7500  0.000e+00
     10.246     6.7367   2.981258    29.2582        662     2.7542  0.000e+00
     10.235     6.7370   2.981309    29.2585        663     2.7583  0.000e+00
     10.230     6.7372   2.980735    29.2520        664     2.7625  0.000e+00
     10.219     6.7376   2.980174    29.2457        665     2.7667  0.000e+00
     10.210     6.7384   2.980060    29.2438        666     2.7708  0.000e+00
     10.201     6.7390   2.979073    29.2325        667     2.7750  0.000e+00
     10.186     6.7399   2.977682    29.2167        668     2.7792  0.000e+00
     10.165     6.7415   2.976826    29.2061        669     2.7833  0.000e+00
     10.143     6.7432   2.975634    29.1918        670     2.7875  0.000e+00
     10.122     6.7460   2.974880    29.1812        671     2.7917  0.000e+00
     10.100     6.7488   2.974608    29.1759        672     2.7958  0.000e+00
     10.073     6.7513   2.974415    29.1717        673     2.8000  0.000e+00
     10.046     6.7528   2.975033    29.1771        674     2.8042  0.000e+00
     10.028     6.7531   2.974863    29.1750        675     2.8083  0.000e+00
     10.005     6.7528   2.974664    29.1731        676     2.8125  0.000e+00
      9.980     6.7531   2.973989    29.1656        677     2.8167  0.000e+00
      9.963     6.7542   2.973377    29.1580        678     2.8208  0.000e+00
      9.929     6.7565   2.973394    29.1563        679     2.8250  0.000e+00
      9.910     6.7576   2.974511    29.1674        680     2.8292  0.000e+00
      9.883     6.7568   2.975067    29.1741        681     2.8333  0.000e+00
      9.861     6.7547   2.974976    29.1749        682     2.8375  0.000e+00
      9.839     6.7536   2.975152    29.1778        683     2.8417  0.000e+00
      9.807     6.7527   2.975504    29.1824        684     2.8458  0.000e+00
      9.766     6.7518   2.975634    29.1846        685     2.8500  0.000e+00
      9.725     6.7511   2.976190    29.1912        686     2.8542  0.000e+00
      9.674     6.7504   2.976479    29.1950        687     2.8583  0.000e+00
      9.638     6.7495   2.976366    29.1946        688     2.8625  0.000e+00
      9.610     6.7493   2.976190    29.1928        689     2.8667  0.000e+00
      9.586     6.7493   2.975543    29.1858        690     2.8708  0.000e+00
      9.579     6.7501   2.975787    29.1878        691     2.8750  0.000e+00
      9.575     6.7505   2.975884    29.1885        692     2.8792  0.000e+00
      9.586     6.7504   2.975855    29.1882        693     2.8833  0.000e+00
      9.593     6.7504   2.975265    29.1819        694     2.8875  0.000e+00
      9.597     6.7507   2.975226    29.1812        695     2.8917  0.000e+00
      9.602     6.7513   2.975963    29.1887        696     2.8958  0.000e+00
      9.613     6.7510   2.976638    29.1962        697     2.9000  0.000e+00
      9.611     6.7500   2.976967    29.2006        698     2.9042  0.000e+00
      9.602     6.7486   2.976899    29.2011        699     2.9083  0.000e+00
      9.595     6.7477   2.977098    29.2040        700     2.9125  0.000e+00
      9.586     6.7471   2.977001    29.2035        701     2.9167  0.000e+00
      9.568     6.7467   2.977228    29.2063        702     2.9208  0.000e+00
      9.538     6.7463   2.977024    29.2044        703     2.9250  0.000e+00
      9.503     6.7461   2.976519    29.1991        704     2.9292  0.000e+00
      9.480     6.7467   2.975725    29.1901        705     2.9333  0.000e+00
      9.448     6.7482   2.975555    29.1870        706     2.9375  0.000e+00
      9.419     6.7495   2.975515    29.1854        707     2.9417  0.000e+00
      9.399     6.7503   2.976111    29.1912        708     2.9458  0.000e+00
      9.397     6.7498   2.976406    29.1948        709     2.9500  0.000e+00
      9.397     6.7492   2.976542    29.1968        710     2.9542  0.000e+00
      9.397     6.7483   2.976406    29.1961        711     2.9583  0.000e+00
      9.403     6.7482   2.976752    29.1999        712     2.9625  0.000e+00
      9.406     6.7476   2.976808    29.2010        713     2.9667  0.000e+00
      9.414     6.7472   2.976871    29.2021        714     2.9708  0.000e+00
      9.428     6.7468   2.974273    29.1743        715     2.9750  0.000e+00
      9.441     6.7466   2.976349    29.1969        716     2.9792  0.000e+00
      9.453     6.7469   2.976423    29.1974        717     2.9833  0.000e+00
      9.471     6.7472   2.976275    29.1956        718     2.9875  0.000e+00
      9.491     6.7473   2.976156    29.1942        719     2.9917  0.000e+00
      9.502     6.7479   2.976269    29.1949        720     2.9958  0.000e+00
      9.525     6.7477   2.976366    29.1961        721     3.0000  0.000e+00
      9.545     6.7476   2.975901    29.1911        722     3.0042  0.000e+00
      9.564     6.7482   2.975152    29.1826        723     3.0083  0.000e+00
      9.582     6.7495   2.974863    29.1783        724     3.0125  0.000e+00
      9.597     6.7513   2.975186    29.1802        725     3.0167  0.000e+00
      9.606     6.7521   2.975379    29.1817        726     3.0208  0.000e+00
      9.620     6.7521   2.975470    29.1826        727     3.0250  0.000e+00
      9.624     6.7517   2.975611    29.1845        728     3.0292  0.000e+00
      9.629     6.7516   2.975731    29.1859        729     3.0333  0.000e+00
      9.624     6.7511   2.976128    29.1906        730     3.0375  0.000e+00
      9.613     6.7503   2.976462    29.1949        731     3.0417  0.000e+00
      9.590     6.7493   2.976542    29.1966        732     3.0458  0.000e+00
      9.563     6.7488   2.975833    29.1894        733     3.0500  0.000e+00
      9.541     6.7492   2.975016    29.1802        734     3.0542  0.000e+00
      9.512     6.7511   2.974108    29.1688        735     3.0583  0.000e+00
      9.491     6.7536   2.974607    29.1721        736     3.0625  0.000e+00
      9.464     6.7545   2.975379    29.1797        737     3.0667  0.000e+00
      9.442     6.7531   2.975475    29.1819        738     3.0708  0.000e+00
      9.430     6.7517   2.975396    29.1823        739     3.0750  0.000e+00
      9.426     6.7512   2.974205    29.1698        740     3.0792  0.000e+00
      9.430     6.7526   2.973105    29.1567        741     3.0833  0.000e+00
      9.430     6.7561   2.972220    29.1442        742     3.0875  0.000e+00
      9.426     6.7600   2.971812    29.1364        743     3.0917  0.000e+00
      9.424     6.7635   2.971500    29.1300        744     3.0958  0.000e+00
      9.414     6.7663   2.971358    29.1262        745     3.1000  0.000e+00
      9.413     6.7683   2.971347    29.1243        746     3.1042  0.000e+00
      9.406     6.7689   2.971426    29.1247        747     3.1083  0.000e+00
      9.399     6.7687   2.971727    29.1281        748     3.1125  0.000e+00
      9.379     6.7678   2.972158    29.1335        749     3.1167  0.000e+00
      9.354     6.7666   2.971908    29.1319        750     3.1208  0.000e+00
      9.322     6.7658   2.972146    29.1351        751     3.1250  0.000e+00
      9.272     6.7651   2.971965    29.1338        752     3.1292  0.000e+00
      9.225     6.7647   2.971829    29.1327        753     3.1333  0.000e+00
      9.175     6.7650   2.971693    29.1310        754     3.1375  0.000e+00
      9.119     6.7656   2.971443    29.1278        755     3.1417  0.000e+00
      9.068     6.7665   2.971386    29.1264        756     3.1458  0.000e+00
      9.024     6.7674   2.971460    29.1264        757     3.1500  0.000e+00
      8.979     6.7676   2.971454    29.1263        758     3.1542  0.000e+00
      8.939     6.7678   2.971347    29.1250        759     3.1583  0.000e+00
      8.898     6.7677   2.971267    29.1242        760     3.1625  0.000e+00
      8.864     6.7678   2.971726    29.1291        761     3.1667  0.000e+00
      8.833     6.7670   2.972101    29.1338        762     3.1708  0.000e+00
      8.802     6.7654   2.972004    29.1341        763     3.1750  0.000e+00
      8.768     6.7642   2.971783    29.1328        764     3.1792  0.000e+00
      8.738     6.7641   2.971619    29.1312        765     3.1833  0.000e+00
      8.713     6.7650   2.971347    29.1275        766     3.1875  0.000e+00
      8.682     6.7669   2.971358    29.1259        767     3.1917  0.000e+00
      8.648     6.7685   2.971250    29.1235        768     3.1958  0.000e+00
      8.623     6.7698   2.971171    29.1215        769     3.2000  0.000e+00
      8.589     6.7709   2.971159    29.1204        770     3.2042  0.000e+00
      8.556     6.7717   2.971137    29.1195        771     3.2083  0.000e+00
      8.520     6.7724   2.971097    29.1186        772     3.2125  0.000e+00
      8.486     6.7728   2.970938    29.1165        773     3.2167  0.000e+00
      8.443     6.7737   2.971001    29.1164        774     3.2208  0.000e+00
      8.396     6.7742   2.971057    29.1167        775     3.2250  0.000e+00
      8.364     6.7745   2.971431    29.1205        776     3.2292  0.000e+00
      8.321     6.7734   2.971539    29.1226        777     3.2333  0.000e+00
      8.290     6.7718   2.971500    29.1235        778     3.2375  0.000e+00
      8.262     6.7708   2.971692    29.1265        779     3.2417  0.000e+00
      8.231     6.7699   2.971726    29.1276        780     3.2458  0.000e+00
      8.204     6.7693   2.971443    29.1251        781     3.2500  0.000e+00
      8.179     6.7695   2.971193    29.1222        782     3.2542  0.000e+00
      8.147     6.7707   2.971069    29.1198        783     3.2583  0.000e+00
      8.114     6.7721   2.970825    29.1160        784     3.2625  0.000e+00
      8.071     6.7734   2.970825    29.1149        785     3.2667  0.000e+00
      8.019     6.7741   2.970405    29.1098        786     3.2708  0.000e+00
      7.965     6.7761   2.969861    29.1023        787     3.2750  0.000e+00
      7.907     6.7803   2.969725    29.0973        788     3.2792  0.000e+00
      7.848     6.7841   2.969714    29.0939        789     3.2833  0.000e+00
      7.792     6.7862   2.969725    29.0923        790     3.2875  0.000e+00
      7.749     6.7871   2.969725    29.0916        791     3.2917  0.000e+00
      7.717     6.7873   2.970042    29.0948        792     3.2958  0.000e+00
      7.695     6.7863   2.970615    29.1019        793     3.3000  0.000e+00
      7.688     6.7833   2.970592    29.1042        794     3.3042  0.000e+00
      7.678     6.7807   2.970190    29.1021        795     3.3083  0.000e+00
      7.663     6.7806   2.970037    29.1005        796     3.3125  0.000e+00
      7.642     6.7815   2.969884    29.0981        797     3.3167  0.000e+00
      7.622     6.7827   2.969844    29.0966        798     3.3208  0.000e+00
      7.591     6.7835   2.969821    29.0957        799     3.3250  0.000e+00
      7.552     6.7844   2.969765    29.0944        800     3.3292  0.000e+00
      7.498     6.7847   2.969844    29.0950        801     3.3333  0.000e+00
      7.442     6.7848   2.969804    29.0945        802     3.3375  0.000e+00
      7.376     6.7856   2.969787    29.0937        803     3.3417  0.000e+00
      7.304     6.7863   2.969787    29.0931        804     3.3458  0.000e+00
      7.232     6.7870   2.969804    29.0927        805     3.3500  0.000e+00
      7.169     6.7872   2.969861    29.0932        806     3.3542  0.000e+00
      7.117     6.7880   2.969844    29.0923        807     3.3583  0.000e+00
      7.085     6.7886   2.969855    29.0920        808     3.3625  0.000e+00
      7.063     6.7887   2.969940    29.0928        809     3.3667  0.000e+00
      7.049     6.7879   2.969917    29.0933        810     3.3708  0.000e+00
      7.034     6.7875   2.969912    29.0936        811     3.3750  0.000e+00
      7.023     6.7871   2.969940    29.0942        812     3.3792  0.000e+00
      7.005     6.7864   2.969980    29.0952        813     3.3833  0.000e+00
      6.986     6.7860   2.970014    29.0960        814     3.3875  0.000e+00
      6.951     6.7854   2.969968    29.0960        815     3.3917  0.000e+00
      6.917     6.7854   2.969917    29.0955        816     3.3958  0.000e+00
      6.871     6.7858   2.969883    29.0948        817     3.4000  0.000e+00
      6.813     6.7866   2.969929    29.0946        818     3.4042  0.000e+00
      6.748     6.7870   2.969980    29.0949        819     3.4083  0.000e+00
      6.666     6.7866   2.969900    29.0943        820     3.4125  0.000e+00
      6.597     6.7863   2.969929    29.0949        821     3.4167  0.000e+00
      6.544     6.7856   2.969997    29.0963        822     3.4208  0.000e+00
      6.508     6.7853   2.969997    29.0966        823     3.4250  0.000e+00
      6.502     6.7849   2.970076    29.0978        824     3.4292  0.000e+00
      6.506     6.7849   2.970133    29.0984        825     3.4333  0.000e+00
      6.509     6.7845   2.970172    29.0992        826     3.4375  0.000e+00
      6.504     6.7838   2.970240    29.1005        827     3.4417  0.000e+00
      6.495     6.7831   2.970286    29.1016        828     3.4458  0.000e+00
      6.486     6.7825   2.970325    29.1025        829     3.4500  0.000e+00
      6.463     6.7826   2.970303    29.1022        830     3.4542  0.000e+00
