HB2402/sbe038.cnv
* Sea-Bird SBE 19plus V2 Data File:
* FileName = C:\cruise\data\sbe038.hex
* Software Version Seasave V 7.26.7.121
* Temperature SN = 7142
* Conductivity SN = 7142
* System UpLoad Time = Mar 20 2024 23:54:17
* NMEA Latitude = 39 33.26 N
* NMEA Longitude = 073 30.26 W
* NMEA UTC (Time) = Mar 20 2024  23:53:35
** Ship: Bigelow
** Cruise:  HB2304
** Program:  Fall Bottom Trawl
# nquan = 7
# nvalues = 1262                                  
# units = specified
# name 0 = depSM: Depth [salt water, m]
# name 1 = tv290C: Temperature [ITS-90, deg C]
# name 2 = c0S/m: Conductivity [S/m]
# name 3 = sal00: Salinity, Practical [PSU]
# name 4 = scan: Scan Count
# name 5 = timeM: Time, Elapsed [minutes]
# name 6 = flag:  0.000e+00
# span 0 =     -0.202,     35.599                 
# span 1 =     7.0894,     9.4977                 
# span 2 =   0.000054,   3.281165                 
# span 3 =     0.0048,    31.9983                 
# span 4 =         11,       1272                 
# span 5 =     0.0417,     5.2958                 
# span 6 = 0.0000e+00, 0.0000e+00                 
# interval = seconds: 0.25
# start_time = Mar 20 2024 23:53:35 [NMEA time, header]
# bad_flag = -9.990e-29
*END*
[from data line 206]
     10.596     7.4509   3.045697    29.3435        217     0.9000  0.000e+00
     10.688     7.4518   3.026149    29.1347        218     0.9042  0.000e+00
     10.792     7.4534   3.024699    29.1179        219     0.9083  0.000e+00
     10.911     7.4558   3.168739    30.6525        220     0.9125  0.000e+00
     11.040     7.4569   3.082611    29.7314        221     0.9167  0.000e+00
     11.169     7.4570   3.084094    29.7471        222     0.9208  0.000e+00
     11.313     7.4574   3.093542    29.8474        223     0.9250  0.000e+00
     11.452     7.4573   3.179526    30.7664        224     0.9292  0.000e+00
     11.604     7.4573   3.196359    30.9467        225     0.9333  0.000e+00
     11.754     7.4571   3.213917    31.1351        226     0.9375  0.000e+00
     11.905     7.4562   3.219295    31.1935        227     0.9417  0.000e+00
     12.061     7.4562   3.213099    31.1270        228     0.9458  0.000e+00
     12.215     7.4573   3.203961    31.0279        229     0.9500  0.000e+00
     12.372     7.4577   3.205455    31.0435        230     0.9542  0.000e+00
     12.528     7.4571   3.205035    31.0395        231     0.9583  0.000e+00
     12.686     7.4563   3.212515    31.1204        232     0.9625  0.000e+00
     12.835     7.4555   3.216986    31.1690        233     0.9667  0.000e+00
     12.983     7.4550   3.220319    31.2051        234     0.9708  0.000e+00
     13.123     7.4548   3.221026    31.2128        235     0.9750  0.000e+00
     13.260     7.4546   3.219757    31.1993        236     0.9792  0.000e+00
     13.389     7.4542   3.216384    31.1634        237     0.9833  0.000e+00
     13.524     7.4539   3.210378    31.0992        238     0.9875  0.000e+00
     13.658     7.4534   3.207656    31.0704        239     0.9917  0.000e+00
     13.786     7.4531   3.208258    31.0771        240     0.9958  0.000e+00
     13.910     7.4524   3.212919    31.1276        241     1.0000  0.000e+00
     14.038     7.4517   3.216969    31.1716        242     1.0042  0.000e+00
     14.160     7.4516   3.215344    31.1542        243     1.0083  0.000e+00
     14.282     7.4515   3.213521    31.1347        244     1.0125  0.000e+00
     14.404     7.4514   3.213842    31.1382        245     1.0167  0.000e+00
     14.528     7.4515   3.207353    31.0685        246     1.0208  0.000e+00
     14.645     7.4515   3.196121    30.9480        247     1.0250  0.000e+00
     14.758     7.4512   3.186978    30.8502        248     1.0292  0.000e+00
     14.872     7.4509   3.188097    30.8624        249     1.0333  0.000e+00
     14.990     7.4504   3.187176    30.8529        250     1.0375  0.000e+00
     15.100     7.4498   3.189343    30.8766        251     1.0417  0.000e+00
     15.222     7.4494   3.191068    30.8954        252     1.0458  0.000e+00
     15.350     7.4487   3.183112    30.8107        253     1.0500  0.000e+00
     15.475     7.4486   3.174484    30.7184        254     1.0542  0.000e+00
     15.610     7.4484   3.188033    30.8636        255     1.0583  0.000e+00
     15.750     7.4482   3.202182    31.0154        256     1.0625  0.000e+00
     15.891     7.4479   3.211395    31.1144        257     1.0667  0.000e+00
     16.036     7.4480   3.217472    31.1794        258     1.0708  0.000e+00
     16.184     7.4481   3.220524    31.2121        259     1.0750  0.000e+00
     16.334     7.4487   3.220542    31.2116        260     1.0792  0.000e+00
     16.484     7.4491   3.214866    31.1503        261     1.0833  0.000e+00
     16.633     7.4490   3.205310    31.0478        262     1.0875  0.000e+00
     16.782     7.4487   3.197737    30.9668        263     1.0917  0.000e+00
     16.931     7.4485   3.205276    31.0478        264     1.0958  0.000e+00
     17.073     7.4479   3.207494    31.0721        265     1.1000  0.000e+00
     17.220     7.4471   3.211220    31.1126        266     1.1042  0.000e+00
     17.364     7.4463   3.216929    31.1746        267     1.1083  0.000e+00
     17.497     7.4455   3.217110    31.1771        268     1.1125  0.000e+00
     17.627     7.4445   3.213779    31.1423        269     1.1167  0.000e+00
     17.765     7.4429   3.205241    31.0520        270     1.1208  0.000e+00
     17.898     7.4412   3.205976    31.0613        271     1.1250  0.000e+00
     18.027     7.4395   3.209556    31.1012        272     1.1292  0.000e+00
     18.157     7.4381   3.211057    31.1185        273     1.1333  0.000e+00
     18.290     7.4367   3.212541    31.1357        274     1.1375  0.000e+00
     18.425     7.4353   3.215544    31.1691        275     1.1417  0.000e+00
     18.559     7.4334   3.214662    31.1612        276     1.1458  0.000e+00
     18.698     7.4313   3.209200    31.1045        277     1.1500  0.000e+00
     18.834     7.4287   3.202720    31.0372        278     1.1542  0.000e+00
     18.978     7.4260   3.198257    30.9916        279     1.1583  0.000e+00
     19.124     7.4235   3.195237    30.9614        280     1.1625  0.000e+00
     19.266     7.4208   3.197779    30.9911        281     1.1667  0.000e+00
     19.417     7.4181   3.208476    31.1082        282     1.1708  0.000e+00
     19.564     7.4158   3.212763    31.1563        283     1.1750  0.000e+00
     19.709     7.4130   3.209119    31.1195        284     1.1792  0.000e+00
     19.848     7.4108   3.206999    31.0987        285     1.1833  0.000e+00
     19.993     7.4088   3.210999    31.1434        286     1.1875  0.000e+00
     20.137     7.4063   3.218877    31.2302        287     1.1917  0.000e+00
     20.276     7.4026   3.226095    31.3110        288     1.1958  0.000e+00
     20.412     7.3937   3.233150    31.3949        289     1.2000  0.000e+00
     20.558     7.3786   3.233004    31.4070        290     1.2042  0.000e+00
     20.696     7.3668   3.232969    31.4172        291     1.2083  0.000e+00
     20.840     7.3593   3.232682    31.4208        292     1.2125  0.000e+00
     20.978     7.3503   3.232846    31.4307        293     1.2167  0.000e+00
     21.118     7.3426   3.233086    31.4402        294     1.2208  0.000e+00
     21.260     7.3334   3.233572    31.4537        295     1.2250  0.000e+00
     21.402     7.3235   3.234100    31.4683        296     1.2292  0.000e+00
     21.546     7.3138   3.235189    31.4888        297     1.2333  0.000e+00
     21.697     7.3063   3.236197    31.5065        298     1.2375  0.000e+00
     21.845     7.3000   3.236783    31.5185        299     1.2417  0.000e+00
     21.996     7.2944   3.236338    31.5187        300     1.2458  0.000e+00
     22.148     7.2887   3.236034    31.5205        301     1.2500  0.000e+00
     22.301     7.2817   3.235670    31.5229        302     1.2542  0.000e+00
     22.448     7.2679   3.235208    31.5304        303     1.2583  0.000e+00
     22.590     7.2457   3.234564    31.5437        304     1.2625  0.000e+00
     22.729     7.2171   3.236908    31.5951        305     1.2667  0.000e+00
     22.865     7.1920   3.241474    31.6673        306     1.2708  0.000e+00
     23.004     7.1685   3.244734    31.7242        307     1.2750  0.000e+00
     23.137     7.1513   3.246864    31.7630        308     1.2792  0.000e+00
     23.272     7.1418   3.248084    31.7849        309     1.2833  0.000e+00
     23.406     7.1389   3.245996    31.7649        310     1.2875  0.000e+00
     23.538     7.1428   3.248161    31.7847        311     1.2917  0.000e+00
     23.667     7.1425   3.248489    31.7885        312     1.2958  0.000e+00
     23.807     7.1403   3.247797    31.7829        313     1.3000  0.000e+00
     23.944     7.1387   3.247028    31.7760        314     1.3042  0.000e+00
     24.082     7.1392   3.248084    31.7869        315     1.3083  0.000e+00
     24.231     7.1390   3.250256    31.8106        316     1.3125  0.000e+00
     24.377     7.1353   3.252181    31.8348        317     1.3167  0.000e+00
     24.522     7.1302   3.251230    31.8291        318     1.3208  0.000e+00
     24.672     7.1276   3.250538    31.8239        319     1.3250  0.000e+00
     24.819     7.1279   3.250092    31.8188        320     1.3292  0.000e+00
     24.970     7.1291   3.250902    31.8263        321     1.3333  0.000e+00
     25.130     7.1295   3.252510    31.8434        322     1.3375  0.000e+00
     25.297     7.1281   3.252023    31.8394        323     1.3417  0.000e+00
     25.452     7.1273   3.252428    31.8444        324     1.3458  0.000e+00
     25.619     7.1272   3.252369    31.8438        325     1.3500  0.000e+00
     25.784     7.1267   3.252287    31.8433        326     1.3542  0.000e+00
     25.958     7.1260   3.253309    31.8549        327     1.3583  0.000e+00
     26.126     7.1250   3.253403    31.8568        328     1.3625  0.000e+00
     26.294     7.1244   3.254378    31.8678        329     1.3667  0.000e+00
     26.454     7.1239   3.254888    31.8738        330     1.3708  0.000e+00
     26.620     7.1237   3.255658    31.8822        331     1.3750  0.000e+00
     26.769     7.1242   3.256351    31.8892        332     1.3792  0.000e+00
     26.920     7.1249   3.256186    31.8866        333     1.3833  0.000e+00
     27.064     7.1254   3.257185    31.8970        334     1.3875  0.000e+00
     27.209     7.1266   3.261503    31.9427        335     1.3917  0.000e+00
     27.346     7.1309   3.262932    31.9541        336     1.3958  0.000e+00
     27.490     7.1357   3.263320    31.9538        337     1.4000  0.000e+00
     27.615     7.1385   3.264072    31.9593        338     1.4042  0.000e+00
     27.756     7.1403   3.265565    31.9738        339     1.4083  0.000e+00
     27.885     7.1419   3.265783    31.9747        340     1.4125  0.000e+00
     28.022     7.1426   3.265953    31.9757        341     1.4167  0.000e+00
     28.153     7.1422   3.266030    31.9769        342     1.4208  0.000e+00
     28.286     7.1414   3.266136    31.9787        343     1.4250  0.000e+00
     28.422     7.1404   3.266112    31.9793        344     1.4292  0.000e+00
     28.555     7.1393   3.266071    31.9799        345     1.4333  0.000e+00
     28.694     7.1383   3.266030    31.9803        346     1.4375  0.000e+00
     28.841     7.1369   3.266013    31.9813        347     1.4417  0.000e+00
     28.983     7.1357   3.265848    31.9806        348     1.4458  0.000e+00
     29.132     7.1350   3.265807    31.9807        349     1.4500  0.000e+00
     29.280     7.1347   3.265584    31.9785        350     1.4542  0.000e+00
     29.434     7.1348   3.265542    31.9778        351     1.4583  0.000e+00
     29.596     7.1349   3.265584    31.9781        352     1.4625  0.000e+00
     29.758     7.1340   3.265707    31.9802        353     1.4667  0.000e+00
     29.929     7.1326   3.265684    31.9812        354     1.4708  0.000e+00
     30.099     7.1317   3.265648    31.9816        355     1.4750  0.000e+00
     30.275     7.1313   3.265607    31.9814        356     1.4792  0.000e+00
     30.444     7.1305   3.265607    31.9821        357     1.4833  0.000e+00
     30.619     7.1297   3.265584    31.9824        358     1.4875  0.000e+00
     30.789     7.1295   3.265566    31.9824        359     1.4917  0.000e+00
     30.949     7.1291   3.265566    31.9827        360     1.4958  0.000e+00
     31.111     7.1286   3.265549    31.9829        361     1.5000  0.000e+00
     31.259     7.1276   3.265525    31.9835        362     1.5042  0.000e+00
     31.397     7.1264   3.265502    31.9843        363     1.5083  0.000e+00
     31.534     7.1252   3.265526    31.9856        364     1.5125  0.000e+00
     31.663     7.1242   3.265420    31.9853        365     1.5167  0.000e+00
     31.792     7.1224   3.265320    31.9858        366     1.5208  0.000e+00
     31.927     7.1204   3.265279    31.9872        367     1.5250  0.000e+00
     32.051     7.1185   3.265220    31.9882        368     1.5292  0.000e+00
     32.182     7.1170   3.265197    31.9894        369     1.5333  0.000e+00
     32.317     7.1158   3.265155    31.9900        370     1.5375  0.000e+00
     32.455     7.1148   3.265179    31.9910        371     1.5417  0.000e+00
     32.596     7.1141   3.265179    31.9916        372     1.5458  0.000e+00
     32.730     7.1135   3.265114    31.9914        373     1.5500  0.000e+00
     32.871     7.1129   3.265015    31.9908        374     1.5542  0.000e+00
     33.014     7.1120   3.265073    31.9922        375     1.5583  0.000e+00
     33.153     7.1115   3.265015    31.9920        376     1.5625  0.000e+00
     33.289     7.1110   3.264974    31.9920        377     1.5667  0.000e+00
     33.428     7.1104   3.264974    31.9925        378     1.5708  0.000e+00
     33.573     7.1101   3.264874    31.9916        379     1.5750  0.000e+00
     33.726     7.1092   3.264874    31.9923        380     1.5792  0.000e+00
     33.875     7.1080   3.264933    31.9940        381     1.5833  0.000e+00
     34.030     7.1078   3.264850    31.9932        382     1.5875  0.000e+00
     34.185     7.1077   3.264792    31.9926        383     1.5917  0.000e+00
     34.348     7.1068   3.264833    31.9938        384     1.5958  0.000e+00
     34.504     7.1065   3.264892    31.9947        385     1.6000  0.000e+00
     34.663     7.1066   3.264851    31.9941        386     1.6042  0.000e+00
     34.815     7.1067   3.264768    31.9930        387     1.6083  0.000e+00
     34.968     7.1061   3.264604    31.9917        388     1.6125  0.000e+00
     35.115     7.1045   3.264668    31.9938        389     1.6167  0.000e+00
     35.257     7.1035   3.264627    31.9942        390     1.6208  0.000e+00
     35.405     7.1028   3.264569    31.9942        391     1.6250  0.000e+00
     35.511     7.1018   3.264486    31.9942        392     1.6292  0.000e+00
     35.586     7.1007   3.264328    31.9934        393     1.6333  0.000e+00
     35.599     7.0989   3.264157    31.9933        394     1.6375  0.000e+00
     35.534     7.0965   3.264140    31.9953        395     1.6417  0.000e+00
     35.484     7.0948   3.264140    31.9969        396     1.6458  0.000e+00
     35.439     7.0942   3.264116    31.9972        397     1.6500  0.000e+00
     35.407     7.0938   3.264140    31.9979        398     1.6542  0.000e+00
     35.371     7.0936   3.264098    31.9976        399     1.6583  0.000e+00
     35.313     7.0934   3.264140    31.9983        400     1.6625  0.000e+00
     35.249     7.0936   3.264157    31.9983        401     1.6667  0.000e+00
     35.175     7.0939   3.264140    31.9979        402     1.6708  0.000e+00
     35.107     7.0941   3.264116    31.9975        403     1.6750  0.000e+00
     35.042     7.0941   3.264134    31.9977        404     1.6792  0.000e+00
     34.970     7.0945   3.264157    31.9976        405     1.6833  0.000e+00
     34.900     7.0945   3.264139    31.9974        406     1.6875  0.000e+00
     34.835     7.0947   3.264157    31.9975        407     1.6917  0.000e+00
     34.783     7.0948   3.264157    31.9974        408     1.6958  0.000e+00
     34.735     7.0949   3.264181    31.9976        409     1.7000  0.000e+00
     34.695     7.0953   3.264198    31.9974        410     1.7042  0.000e+00
     34.654     7.0958   3.264222    31.9972        411     1.7083  0.000e+00
     34.634     7.0962   3.264239    31.9971        412     1.7125  0.000e+00
     34.611     7.0963   3.264222    31.9968        413     1.7167  0.000e+00
     34.589     7.0963   3.264222    31.9968        414     1.7208  0.000e+00
     34.569     7.0965   3.264210    31.9965        415     1.7250  0.000e+00
     34.553     7.0966   3.264198    31.9963        416     1.7292  0.000e+00
     34.539     7.0966   3.264198    31.9963        417     1.7333  0.000e+00
     34.512     7.0965   3.264222    31.9967        418     1.7375  0.000e+00
     34.478     7.0964   3.264198    31.9965        419     1.7417  0.000e+00
     34.427     7.0965   3.264222    31.9967        420     1.7458  0.000e+00
