HB2402/sbe096.cnv
* Sea-Bird SBE 19plus V2 Data File:
* FileName = C:\cruise\data\sbe096.hex
* Software Version Seasave V 7.26.7.121
* Temperature SN = 7037
* Conductivity SN = 7037
* System UpLoad Time = Apr 27 2024 12:51:40
* NMEA Latitude = 41 15.07 N
* NMEA Longitude = 066 32.56 W
* NMEA UTC (Time) = Apr 27 2024  12:50:24
** Ship: Bigelow
** Cruise:  HB2402
** Program:  Spring Bottom Trawl
# nquan = 8
# nvalues = 2032                                  
# units = specified
# name 0 = depSM: Depth [salt water, m]
# name 1 = tv290C: Temperature [ITS-90, deg C]
# name 2 = c0S/m: Conductivity [S/m]
# name 3 = sal00: Salinity, Practical [PSU]
# name 4 = scan: Scan Count
# name 5 = timeM: Time, Elapsed [minutes]
# name 6 = sbeox0V: Oxygen raw, SBE 43 [V]
# name 7 = flag:  0.000e+00
# span 0 =      0.170,     85.510                 
# span 1 =     5.2836,     7.5606                 
# span 2 =   0.000004,   3.228296                 
# span 3 =     0.0035,    32.5358                 
# span 4 =         11,       2042                 
# span 5 =     0.0417,     8.5042                 
# span 6 =     2.1446,     2.6367                 
# span 7 = 0.0000e+00, 0.0000e+00                 
# interval = seconds: 0.25
# start_time = Apr 27 2024 12:50:24 [NMEA time, header]
# bad_flag = -9.990e-29
*END*
[from data line 1618]
     22.402     5.9701   3.151243    31.8097       1629     6.7833     2.5364  0.000e+00
     22.334     5.9701   3.151243    31.8098       1630     6.7875     2.5366  0.000e+00
     22.290     5.9701   3.151227    31.8096       1631     6.7917     2.5382  0.000e+00
     22.252     5.9699   3.151265    31.8102       1632     6.7958     2.5370  0.000e+00
     22.214     5.9702   3.151243    31.8098       1633     6.8000     2.5383  0.000e+00
     22.178     5.9702   3.151265    31.8100       1634     6.8042     2.5386  0.000e+00
     22.158     5.9701   3.151227    31.8097       1635     6.8083     2.5401  0.000e+00
     22.144     5.9701   3.151205    31.8095       1636     6.8125     2.5399  0.000e+00
     22.138     5.9701   3.151205    31.8095       1637     6.8167     2.5400  0.000e+00
     22.142     5.9699   3.151166    31.8092       1638     6.8208     2.5402  0.000e+00
     22.142     5.9699   3.151188    31.8094       1639     6.8250     2.5401  0.000e+00
     22.144     5.9699   3.151188    31.8094       1640     6.8292     2.5405  0.000e+00
     22.153     5.9701   3.151188    31.8093       1641     6.8333     2.5412  0.000e+00
     22.149     5.9701   3.151166    31.8090       1642     6.8375     2.5415  0.000e+00
     22.149     5.9700   3.151166    31.8091       1643     6.8417     2.5409  0.000e+00
     22.156     5.9698   3.151166    31.8093       1644     6.8458     2.5418  0.000e+00
     22.146     5.9697   3.151149    31.8092       1645     6.8500     2.5409  0.000e+00
     22.124     5.9695   3.151127    31.8091       1646     6.8542     2.5408  0.000e+00
     22.109     5.9694   3.151111    31.8091       1647     6.8583     2.5403  0.000e+00
     22.077     5.9694   3.151127    31.8093       1648     6.8625     2.5396  0.000e+00
     22.030     5.9694   3.151149    31.8096       1649     6.8667     2.5401  0.000e+00
     21.972     5.9693   3.151149    31.8097       1650     6.8708     2.5405  0.000e+00
     21.896     5.9692   3.151149    31.8097       1651     6.8750     2.5397  0.000e+00
     21.806     5.9692   3.151111    31.8094       1652     6.8792     2.5404  0.000e+00
     21.717     5.9691   3.151127    31.8097       1653     6.8833     2.5403  0.000e+00
     21.614     5.9691   3.151100    31.8094       1654     6.8875     2.5389  0.000e+00
     21.513     5.9693   3.151089    31.8092       1655     6.8917     2.5408  0.000e+00
     21.410     5.9694   3.151066    31.8089       1656     6.8958     2.5401  0.000e+00
     21.316     5.9693   3.151111    31.8095       1657     6.9000     2.5405  0.000e+00
     21.228     5.9694   3.151127    31.8097       1658     6.9042     2.5394  0.000e+00
     21.154     5.9696   3.151088    31.8091       1659     6.9083     2.5385  0.000e+00
     21.096     5.9698   3.151088    31.8090       1660     6.9125     2.5386  0.000e+00
     21.051     5.9698   3.151088    31.8090       1661     6.9167     2.5391  0.000e+00
     21.033     5.9698   3.151088    31.8089       1662     6.9208     2.5401  0.000e+00
     21.034     5.9697   3.151088    31.8090       1663     6.9250     2.5396  0.000e+00
     21.052     5.9698   3.151066    31.8087       1664     6.9292     2.5393  0.000e+00
     21.080     5.9697   3.151050    31.8086       1665     6.9333     2.5399  0.000e+00
     21.112     5.9696   3.151061    31.8088       1666     6.9375     2.5395  0.000e+00
     21.143     5.9695   3.151066    31.8090       1667     6.9417     2.5401  0.000e+00
     21.175     5.9695   3.151050    31.8088       1668     6.9458     2.5405  0.000e+00
     21.197     5.9694   3.151066    31.8090       1669     6.9500     2.5393  0.000e+00
     21.217     5.9694   3.151088    31.8093       1670     6.9542     2.5399  0.000e+00
     21.253     5.9694   3.151111    31.8095       1671     6.9583     2.5411  0.000e+00
     21.271     5.9695   3.151088    31.8091       1672     6.9625     2.5405  0.000e+00
     21.271     5.9697   3.151088    31.8090       1673     6.9667     2.5397  0.000e+00
     21.231     5.9696   3.151050    31.8086       1674     6.9708     2.5402  0.000e+00
     21.177     5.9697   3.151066    31.8088       1675     6.9750     2.5389  0.000e+00
     21.099     5.9697   3.151066    31.8088       1676     6.9792     2.5395  0.000e+00
     21.013     5.9697   3.151066    31.8088       1677     6.9833     2.5403  0.000e+00
     20.899     5.9697   3.151039    31.8086       1678     6.9875     2.5411  0.000e+00
     20.783     5.9698   3.151050    31.8086       1679     6.9917     2.5402  0.000e+00
     20.669     5.9697   3.151028    31.8085       1680     6.9958     2.5407  0.000e+00
     20.563     5.9699   3.151028    31.8084       1681     7.0000     2.5420  0.000e+00
     20.461     5.9699   3.151066    31.8089       1682     7.0042     2.5426  0.000e+00
     20.362     5.9702   3.151050    31.8085       1683     7.0083     2.5439  0.000e+00
     20.274     5.9702   3.151050    31.8085       1684     7.0125     2.5443  0.000e+00
     20.199     5.9704   3.151050    31.8084       1685     7.0167     2.5441  0.000e+00
     20.138     5.9706   3.151027    31.8080       1686     7.0208     2.5452  0.000e+00
     20.086     5.9708   3.151027    31.8078       1687     7.0250     2.5452  0.000e+00
     20.053     5.9708   3.151011    31.8076       1688     7.0292     2.5455  0.000e+00
     20.024     5.9708   3.150972    31.8073       1689     7.0333     2.5458  0.000e+00
     20.010     5.9705   3.151011    31.8080       1690     7.0375     2.5472  0.000e+00
     20.002     5.9703   3.151000    31.8080       1691     7.0417     2.5470  0.000e+00
     20.013     5.9703   3.151011    31.8081       1692     7.0458     2.5478  0.000e+00
     20.024     5.9704   3.151011    31.8081       1693     7.0500     2.5482  0.000e+00
     20.042     5.9702   3.150989    31.8079       1694     7.0542     2.5483  0.000e+00
     20.060     5.9702   3.151011    31.8082       1695     7.0583     2.5499  0.000e+00
     20.077     5.9704   3.151011    31.8080       1696     7.0625     2.5491  0.000e+00
     20.086     5.9705   3.150989    31.8077       1697     7.0667     2.5502  0.000e+00
     20.098     5.9703   3.150972    31.8077       1698     7.0708     2.5493  0.000e+00
     20.102     5.9704   3.150972    31.8075       1699     7.0750     2.5505  0.000e+00
     20.095     5.9702   3.150950    31.8075       1700     7.0792     2.5505  0.000e+00
     20.067     5.9702   3.150934    31.8073       1701     7.0833     2.5489  0.000e+00
     20.029     5.9701   3.150950    31.8077       1702     7.0875     2.5506  0.000e+00
     19.979     5.9701   3.150956    31.8077       1703     7.0917     2.5501  0.000e+00
     19.916     5.9700   3.150950    31.8078       1704     7.0958     2.5526  0.000e+00
     19.832     5.9701   3.150912    31.8073       1705     7.1000     2.5517  0.000e+00
     19.735     5.9702   3.150950    31.8076       1706     7.1042     2.5516  0.000e+00
     19.636     5.9704   3.150950    31.8076       1707     7.1083     2.5523  0.000e+00
     19.527     5.9704   3.150933    31.8074       1708     7.1125     2.5522  0.000e+00
     19.410     5.9704   3.150911    31.8072       1709     7.1167     2.5525  0.000e+00
     19.296     5.9703   3.150911    31.8074       1710     7.1208     2.5524  0.000e+00
     19.193     5.9704   3.150911    31.8073       1711     7.1250     2.5531  0.000e+00
     19.088     5.9704   3.150889    31.8071       1712     7.1292     2.5528  0.000e+00
     18.998     5.9705   3.150911    31.8073       1713     7.1333     2.5532  0.000e+00
     18.911     5.9706   3.150933    31.8075       1714     7.1375     2.5535  0.000e+00
     18.851     5.9709   3.151038    31.8084       1715     7.1417     2.5544  0.000e+00
     18.801     5.9714   3.151066    31.8083       1716     7.1458     2.5545  0.000e+00
     18.765     5.9720   3.151049    31.8075       1717     7.1500     2.5544  0.000e+00
     18.756     5.9724   3.151049    31.8072       1718     7.1542     2.5533  0.000e+00
     18.752     5.9726   3.151066    31.8072       1719     7.1583     2.5548  0.000e+00
     18.765     5.9728   3.151066    31.8070       1720     7.1625     2.5555  0.000e+00
     18.774     5.9729   3.151066    31.8069       1721     7.1667     2.5550  0.000e+00
     18.785     5.9732   3.151049    31.8064       1722     7.1708     2.5567  0.000e+00
     18.803     5.9730   3.150988    31.8059       1723     7.1750     2.5559  0.000e+00
     18.808     5.9729   3.150950    31.8056       1724     7.1792     2.5550  0.000e+00
     18.833     5.9723   3.150950    31.8061       1725     7.1833     2.5547  0.000e+00
     18.866     5.9720   3.150950    31.8064       1726     7.1875     2.5546  0.000e+00
     18.887     5.9719   3.150933    31.8063       1727     7.1917     2.5542  0.000e+00
     18.878     5.9717   3.150911    31.8062       1728     7.1958     2.5544  0.000e+00
     18.835     5.9713   3.150911    31.8066       1729     7.2000     2.5550  0.000e+00
     18.779     5.9712   3.150889    31.8065       1730     7.2042     2.5558  0.000e+00
     18.714     5.9710   3.150911    31.8070       1731     7.2083     2.5552  0.000e+00
     18.620     5.9710   3.150933    31.8073       1732     7.2125     2.5566  0.000e+00
     18.526     5.9713   3.150950    31.8072       1733     7.2167     2.5555  0.000e+00
     18.412     5.9715   3.150933    31.8069       1734     7.2208     2.5557  0.000e+00
     18.306     5.9715   3.150872    31.8063       1735     7.2250     2.5563  0.000e+00
     18.188     5.9714   3.150988    31.8077       1736     7.2292     2.5575  0.000e+00
     18.071     5.9717   3.150972    31.8073       1737     7.2333     2.5575  0.000e+00
     17.952     5.9719   3.150911    31.8065       1738     7.2375     2.5575  0.000e+00
     17.847     5.9720   3.150933    31.8067       1739     7.2417     2.5575  0.000e+00
     17.735     5.9722   3.150988    31.8072       1740     7.2458     2.5579  0.000e+00
     17.644     5.9723   3.151027    31.8076       1741     7.2500     2.5572  0.000e+00
     17.563     5.9728   3.151126    31.8082       1742     7.2542     2.5558  0.000e+00
     17.489     5.9735   3.151126    31.8076       1743     7.2583     2.5555  0.000e+00
     17.422     5.9742   3.151049    31.8061       1744     7.2625     2.5552  0.000e+00
     17.375     5.9744   3.151065    31.8062       1745     7.2667     2.5554  0.000e+00
     17.341     5.9744   3.151148    31.8071       1746     7.2708     2.5557  0.000e+00
     17.325     5.9747   3.151148    31.8069       1747     7.2750     2.5556  0.000e+00
     17.321     5.9750   3.151164    31.8067       1748     7.2792     2.5565  0.000e+00
     17.319     5.9754   3.151164    31.8064       1749     7.2833     2.5576  0.000e+00
     17.319     5.9758   3.151164    31.8060       1750     7.2875     2.5588  0.000e+00
     17.334     5.9761   3.151203    31.8062       1751     7.2917     2.5581  0.000e+00
     17.343     5.9763   3.151164    31.8055       1752     7.2958     2.5591  0.000e+00
     17.350     5.9763   3.151148    31.8053       1753     7.3000     2.5585  0.000e+00
     17.337     5.9761   3.151148    31.8055       1754     7.3042     2.5592  0.000e+00
     17.310     5.9759   3.151186    31.8061       1755     7.3083     2.5602  0.000e+00
     17.272     5.9761   3.151225    31.8064       1756     7.3125     2.5602  0.000e+00
     17.218     5.9765   3.151164    31.8053       1757     7.3167     2.5606  0.000e+00
     17.165     5.9766   3.151148    31.8051       1758     7.3208     2.5616  0.000e+00
     17.113     5.9766   3.151164    31.8053       1759     7.3250     2.5602  0.000e+00
     17.057     5.9769   3.151164    31.8050       1760     7.3292     2.5623  0.000e+00
     17.003     5.9772   3.151241    31.8057       1761     7.3333     2.5616  0.000e+00
     16.947     5.9780   3.151286    31.8055       1762     7.3375     2.5630  0.000e+00
     16.889     5.9788   3.151286    31.8047       1763     7.3417     2.5622  0.000e+00
     16.822     5.9794   3.151429    31.8058       1764     7.3458     2.5639  0.000e+00
     16.743     5.9805   3.151616    31.8068       1765     7.3500     2.5641  0.000e+00
     16.650     5.9828   3.151594    31.8045       1766     7.3542     2.5652  0.000e+00
     16.560     5.9844   3.151578    31.8028       1767     7.3583     2.5654  0.000e+00
     16.457     5.9855   3.151578    31.8019       1768     7.3625     2.5663  0.000e+00
     16.338     5.9859   3.151556    31.8013       1769     7.3667     2.5677  0.000e+00
     16.210     5.9868   3.151578    31.8008       1770     7.3708     2.5691  0.000e+00
     16.092     5.9878   3.151578    31.7999       1771     7.3750     2.5695  0.000e+00
     15.975     5.9887   3.151555    31.7989       1772     7.3792     2.5715  0.000e+00
     15.868     5.9896   3.151555    31.7981       1773     7.3833     2.5723  0.000e+00
     15.772     5.9905   3.151655    31.7984       1774     7.3875     2.5737  0.000e+00
     15.695     5.9920   3.151732    31.7979       1775     7.3917     2.5743  0.000e+00
     15.644     5.9940   3.151715    31.7959       1776     7.3958     2.5765  0.000e+00
     15.606     5.9953   3.151715    31.7946       1777     7.4000     2.5775  0.000e+00
     15.601     5.9958   3.151754    31.7946       1778     7.4042     2.5802  0.000e+00
     15.592     5.9966   3.151715    31.7934       1779     7.4083     2.5795  0.000e+00
     15.588     5.9971   3.151732    31.7932       1780     7.4125     2.5798  0.000e+00
     15.592     5.9974   3.151715    31.7927       1781     7.4167     2.5819  0.000e+00
     15.581     5.9973   3.151677    31.7923       1782     7.4208     2.5832  0.000e+00
     15.574     5.9974   3.151654    31.7920       1783     7.4250     2.5852  0.000e+00
     15.581     5.9972   3.151654    31.7922       1784     7.4292     2.5856  0.000e+00
     15.565     5.9970   3.151616    31.7919       1785     7.4333     2.5869  0.000e+00
     15.563     5.9965   3.151616    31.7924       1786     7.4375     2.5881  0.000e+00
     15.561     5.9959   3.151594    31.7927       1787     7.4417     2.5887  0.000e+00
     15.545     5.9954   3.151616    31.7934       1788     7.4458     2.5899  0.000e+00
     15.516     5.9950   3.151517    31.7927       1789     7.4500     2.5896  0.000e+00
     15.483     5.9943   3.151539    31.7936       1790     7.4542     2.5892  0.000e+00
     15.425     5.9942   3.151577    31.7942       1791     7.4583     2.5909  0.000e+00
     15.353     5.9948   3.151517    31.7930       1792     7.4625     2.5914  0.000e+00
     15.263     5.9950   3.151517    31.7929       1793     7.4667     2.5922  0.000e+00
     15.167     5.9950   3.151594    31.7937       1794     7.4708     2.5916  0.000e+00
     15.064     5.9957   3.151616    31.7934       1795     7.4750     2.5929  0.000e+00
     14.949     5.9971   3.151732    31.7935       1796     7.4792     2.5948  0.000e+00
     14.820     5.9986   3.151754    31.7923       1797     7.4833     2.5952  0.000e+00
     14.676     5.9999   3.151792    31.7916       1798     7.4875     2.5955  0.000e+00
     14.538     6.0011   3.151930    31.7921       1799     7.4917     2.5951  0.000e+00
     14.394     6.0030   3.151968    31.7908       1800     7.4958     2.5959  0.000e+00
     14.251     6.0050   3.152068    31.7901       1801     7.5000     2.5969  0.000e+00
     14.119     6.0071   3.152128    31.7888       1802     7.5042     2.5971  0.000e+00
     14.000     6.0096   3.152106    31.7864       1803     7.5083     2.5979  0.000e+00
     13.899     6.0111   3.152084    31.7847       1804     7.5125     2.5981  0.000e+00
     13.825     6.0119   3.152084    31.7840       1805     7.5167     2.5993  0.000e+00
     13.776     6.0124   3.152145    31.7842       1806     7.5208     2.5985  0.000e+00
     13.754     6.0134   3.152205    31.7840       1807     7.5250     2.6005  0.000e+00
