HB2402/sbe003.cnv
* Sea-Bird SBE 19plus V2 Data File:
* FileName = C:\cruise\data\sbe003.hex
* Software Version Seasave V 7.26.7.121
* Temperature SN = 7142
* Conductivity SN = 7142
* System UpLoad Time = Mar 08 2024 14:49:23
* NMEA Latitude = 38 03.70 N
* NMEA Longitude = 074 38.93 W
* NMEA UTC (Time) = Mar 08 2024  14:48:48
** Ship: Bigelow
** Cruise:  HB2304
** Program:  Fall Bottom Trawl
# nquan = 7
# nvalues = 1132                                  
# units = specified
# name 0 = depSM: Depth [salt water, m]
# name 1 = tv290C: Temperature [ITS-90, deg C]
# name 2 = c0S/m: Conductivity [S/m]
# name 3 = sal00: Salinity, Practical [PSU]
# name 4 = scan: Scan Count
# name 5 = timeM: Time, Elapsed [minutes]
# name 6 = flag:  0.000e+00
# span 0 =      0.023,     26.642                 
# span 1 =     7.3934,     9.5120                 
# span 2 =   0.000031,   3.347233                 
# span 3 =     0.0048,    31.9443                 
# span 4 =         11,       1142                 
# span 5 =     0.0417,     4.7542                 
# span 6 = 0.0000e+00, 0.0000e+00                 
# interval = seconds: 0.25
# start_time = Mar 08 2024 14:48:48 [NMEA time, header]
# bad_flag = -9.990e-29
*END*
      0.034     9.5098   0.000082     0.0049         11     0.0417  0.000e+00
      0.028     9.5102   0.000082     0.0049         12     0.0458  0.000e+00
      0.034     9.5096   0.000085     0.0049         13     0.0500  0.000e+00
      0.032     9.5083   0.000082     0.0049         14     0.0542  0.000e+00
      0.030     9.5074   0.000082     0.0049         15     0.0583  0.000e+00
      0.030     9.5070   0.000082     0.0049         16     0.0625  0.000e+00
      0.028     9.5077   0.000085     0.0049         17     0.0667  0.000e+00
      0.032     9.5083   0.000082     0.0049         18     0.0708  0.000e+00
      0.026     9.5083   0.000076     0.0049         19     0.0750  0.000e+00
      0.026     9.5087   0.000082     0.0049         20     0.0792  0.000e+00
      0.025     9.5096   0.000082     0.0049         21     0.0833  0.000e+00
      0.026     9.5103   0.000082     0.0049         22     0.0875  0.000e+00
      0.023     9.5105   0.000085     0.0049         23     0.0917  0.000e+00
      0.028     9.5108   0.000087     0.0049         24     0.0958  0.000e+00
      0.028     9.5113   0.000082     0.0049         25     0.1000  0.000e+00
      0.030     9.5114   0.000087     0.0049         26     0.1042  0.000e+00
      0.025     9.5116   0.000085     0.0049         27     0.1083  0.000e+00
      0.030     9.5119   0.000082     0.0049         28     0.1125  0.000e+00
      0.028     9.5120   0.000076     0.0049         29     0.1167  0.000e+00
      0.028     9.5119   0.000082     0.0049         30     0.1208  0.000e+00
      0.027     9.5115   0.000085     0.0049         31     0.1250  0.000e+00
      0.028     9.5112   0.000082     0.0049         32     0.1292  0.000e+00
      0.030     9.5103   0.000085     0.0049         33     0.1333  0.000e+00
      0.032     9.5087   0.000087     0.0049         34     0.1375  0.000e+00
      0.032     9.5076   0.000085     0.0049         35     0.1417  0.000e+00
      0.034     9.5067   0.000082     0.0049         36     0.1458  0.000e+00
      0.034     9.5064   0.000082     0.0049         37     0.1500  0.000e+00
      0.037     9.5056   0.000090     0.0049         38     0.1542  0.000e+00
      0.035     9.5041   0.000082     0.0049         39     0.1583  0.000e+00
      0.032     9.5030   0.000085     0.0049         40     0.1625  0.000e+00
      0.039     9.5018   0.000082     0.0049         41     0.1667  0.000e+00
      0.037     9.5018   0.000087     0.0049         42     0.1708  0.000e+00
      0.043     9.5025   0.000082     0.0049         43     0.1750  0.000e+00
      0.048     9.5030   0.000082     0.0049         44     0.1792  0.000e+00
      0.041     9.5032   0.000076     0.0049         45     0.1833  0.000e+00
      0.034     9.5029   0.000076     0.0049         46     0.1875  0.000e+00
      0.043     9.5016   0.000071     0.0049         47     0.1917  0.000e+00
      0.100     9.4994   0.000065     0.0049         48     0.1958  0.000e+00
      0.377     9.5021   0.000031     0.0048         49     0.2000  0.000e+00
      0.679     9.4970   0.956948     7.8543         50     0.2042  0.000e+00
      0.965     9.3057   2.346199    20.8982         51     0.2083  0.000e+00
      1.207     8.9366   2.351046    21.1629         52     0.2125  0.000e+00
      1.407     8.7016   2.156727    19.3843         53     0.2167  0.000e+00
      1.585     8.5876   2.184270    19.7184         54     0.2208  0.000e+00
      1.761     8.5297   2.121740    19.1334         55     0.2250  0.000e+00
      1.912     8.4995   2.051121    18.4547         56     0.2292  0.000e+00
      2.011     8.4828   2.626702    24.2077         57     0.2333  0.000e+00
      2.047     8.4701   2.691957    24.8785         58     0.2375  0.000e+00
      2.025     8.4559   2.819888    26.1934         59     0.2417  0.000e+00
      1.946     8.4338   2.840993    26.4260         60     0.2458  0.000e+00
      1.835     8.4056   2.478417    22.7611         61     0.2500  0.000e+00
      1.734     8.3830   1.467373    12.8618         62     0.2542  0.000e+00
      1.673     8.3756   2.717884    25.2098         63     0.2583  0.000e+00
      1.596     8.4109   3.334008    31.5584         64     0.2625  0.000e+00
      1.574     8.4468   3.342780    31.6183         65     0.2667  0.000e+00
      1.622     8.4382   3.338200    31.5779         66     0.2708  0.000e+00
      1.738     8.3951   3.343053    31.6675         67     0.2750  0.000e+00
      1.887     8.3620   3.343451    31.7014         68     0.2792  0.000e+00
      2.012     8.3409   3.334673    31.6280         69     0.2833  0.000e+00
      2.128     8.3277   3.347233    31.7720         70     0.2875  0.000e+00
      2.208     8.3251   3.346752    31.7693         71     0.2917  0.000e+00
      2.210     8.3098   3.332836    31.6366         72     0.2958  0.000e+00
      2.151     8.2330   3.320784    31.5788         73     0.3000  0.000e+00
      2.050     8.1371   3.316229    31.6171         74     0.3042  0.000e+00
      1.928     8.0636   3.314633    31.6666         75     0.3083  0.000e+00
      1.809     8.0148   3.313883    31.7029         76     0.3125  0.000e+00
      1.705     7.9854   3.312476    31.7146         77     0.3167  0.000e+00
      1.622     7.9709   3.302962    31.6268         78     0.3208  0.000e+00
      1.560     7.9651   3.317249    31.7838         79     0.3250  0.000e+00
      1.558     7.9609   3.328745    31.9098         80     0.3292  0.000e+00
      1.608     7.9818   3.330262    31.9068         81     0.3333  0.000e+00
      1.696     8.0333   3.329059    31.8470         82     0.3375  0.000e+00
      1.808     8.0750   3.329100    31.8095         83     0.3417  0.000e+00
      1.933     8.1009   3.331001    31.8061         84     0.3458  0.000e+00
      2.061     8.1184   3.330000    31.7796         85     0.3500  0.000e+00
      2.174     8.1296   3.327304    31.7409         86     0.3542  0.000e+00
      2.284     8.1196   3.321034    31.6836         87     0.3583  0.000e+00
      2.358     8.0846   3.316561    31.6678         88     0.3625  0.000e+00
      2.392     8.0471   3.314415    31.6790         89     0.3667  0.000e+00
      2.386     8.0164   3.313221    31.6941         90     0.3708  0.000e+00
      2.349     7.9940   3.312328    31.7050         91     0.3750  0.000e+00
      2.289     7.9777   3.310874    31.7044         92     0.3792  0.000e+00
      2.196     7.9663   3.308988    31.6947         93     0.3833  0.000e+00
      2.084     7.9579   3.308149    31.6934         94     0.3875  0.000e+00
      1.948     7.9511   3.308634    31.7048         95     0.3917  0.000e+00
      1.806     7.9467   3.287226    31.4816         96     0.3958  0.000e+00
      1.763     7.9445   3.284780    31.4576         97     0.4000  0.000e+00
      1.772     7.9448   3.311974    31.7461         98     0.4042  0.000e+00
      1.878     7.9580   3.313818    31.7536         99     0.4083  0.000e+00
      2.029     7.9835   3.316231    31.7561        100     0.4125  0.000e+00
      2.176     8.0036   3.317313    31.7492        101     0.4167  0.000e+00
      2.320     8.0167   3.319497    31.7604        102     0.4208  0.000e+00
      2.473     8.0256   3.321491    31.7735        103     0.4250  0.000e+00
      2.629     8.0356   3.322829    31.7785        104     0.4292  0.000e+00
      2.787     8.0438   3.323699    31.7802        105     0.4333  0.000e+00
      2.951     8.0480   3.323178    31.7708        106     0.4375  0.000e+00
      3.112     8.0495   3.321929    31.7561        107     0.4417  0.000e+00
      3.280     8.0486   3.319680    31.7331        108     0.4458  0.000e+00
      3.447     8.0388   3.316852    31.7118        109     0.4500  0.000e+00
      3.608     8.0236   3.313948    31.6948        110     0.4542  0.000e+00
      3.759     8.0071   3.312222    31.6913        111     0.4583  0.000e+00
      3.909     7.9918   3.311802    31.7006        112     0.4625  0.000e+00
      4.063     7.9790   3.311974    31.7140        113     0.4667  0.000e+00
      4.227     7.9699   3.312205    31.7246        114     0.4708  0.000e+00
      4.406     7.9636   3.312518    31.7336        115     0.4750  0.000e+00
      4.604     7.9589   3.312867    31.7415        116     0.4792  0.000e+00
      4.811     7.9556   3.312773    31.7434        117     0.4833  0.000e+00
      5.032     7.9528   3.312181    31.7396        118     0.4875  0.000e+00
      5.251     7.9508   3.311726    31.7364        119     0.4917  0.000e+00
      5.463     7.9503   3.310999    31.7291        120     0.4958  0.000e+00
      5.659     7.9503   3.310420    31.7228        121     0.5000  0.000e+00
      5.837     7.9498   3.309853    31.7172        122     0.5042  0.000e+00
      5.956     7.9480   3.307500    31.6938        123     0.5083  0.000e+00
      5.985     7.9459   3.309551    31.7174        124     0.5125  0.000e+00
      5.940     7.9436   3.308806    31.7117        125     0.5167  0.000e+00
      5.843     7.9408   3.308588    31.7119        126     0.5208  0.000e+00
      5.747     7.9382   3.308121    31.7094        127     0.5250  0.000e+00
      5.665     7.9363   3.308097    31.7109        128     0.5292  0.000e+00
      5.585     7.9353   3.308162    31.7125        129     0.5333  0.000e+00
      5.488     7.9350   3.308121    31.7124        130     0.5375  0.000e+00
      5.400     7.9345   3.308056    31.7121        131     0.5417  0.000e+00
      5.300     7.9336   3.307790    31.7102        132     0.5458  0.000e+00
      5.210     7.9330   3.308204    31.7152        133     0.5500  0.000e+00
      5.147     7.9328   3.309693    31.7312        134     0.5542  0.000e+00
      5.095     7.9334   3.312347    31.7589        135     0.5583  0.000e+00
      5.071     7.9352   3.312140    31.7551        136     0.5625  0.000e+00
      5.082     7.9471   3.311933    31.7421        137     0.5667  0.000e+00
      5.131     7.9607   3.312140    31.7319        138     0.5708  0.000e+00
      5.195     7.9710   3.312684    31.7283        139     0.5750  0.000e+00
      5.310     7.9779   3.313618    31.7319        140     0.5792  0.000e+00
      5.458     7.9822   3.314056    31.7326        141     0.5833  0.000e+00
      5.654     7.9842   3.313346    31.7231        142     0.5875  0.000e+00
      5.878     7.9844   3.312181    31.7105        143     0.5917  0.000e+00
      6.121     7.9797   3.310319    31.6949        144     0.5958  0.000e+00
      6.378     7.9713   3.309433    31.6930        145     0.6000  0.000e+00
      6.640     7.9624   3.308848    31.6947        146     0.6042  0.000e+00
      6.889     7.9549   3.308511    31.6978        147     0.6083  0.000e+00
      7.122     7.9493   3.308287    31.7004        148     0.6125  0.000e+00
      7.318     7.9449   3.307708    31.6981        149     0.6167  0.000e+00
      7.447     7.9411   3.307519    31.6996        150     0.6208  0.000e+00
      7.500     7.9368   3.307519    31.7034        151     0.6250  0.000e+00
      7.501     7.9331   3.307460    31.7061        152     0.6292  0.000e+00
      7.487     7.9308   3.306585    31.6990        153     0.6333  0.000e+00
      7.462     7.9292   3.306337    31.6978        154     0.6375  0.000e+00
      7.431     7.9281   3.306178    31.6970        155     0.6417  0.000e+00
      7.376     7.9272   3.306071    31.6968        156     0.6458  0.000e+00
      7.313     7.9258   3.305551    31.6926        157     0.6500  0.000e+00
      7.250     7.9235   3.292334    31.5542        158     0.6542  0.000e+00
      7.223     7.9209   3.279073    31.4158        159     0.6583  0.000e+00
      7.248     7.9194   3.296665    31.6040        160     0.6625  0.000e+00
      7.313     7.9235   3.310858    31.7511        161     0.6667  0.000e+00
      7.424     7.9352   3.311231    31.7444        162     0.6708  0.000e+00
      7.566     7.9448   3.311751    31.7411        163     0.6750  0.000e+00
      7.731     7.9502   3.311331    31.7316        164     0.6792  0.000e+00
      7.920     7.9527   3.310166    31.7169        165     0.6833  0.000e+00
      8.111     7.9507   3.308346    31.6993        166     0.6875  0.000e+00
      8.308     7.9440   3.307436    31.6956        167     0.6917  0.000e+00
      8.506     7.9358   3.306999    31.6983        168     0.6958  0.000e+00
      8.709     7.9289   3.306668    31.7010        169     0.7000  0.000e+00
      8.918     7.9234   3.306379    31.7028        170     0.7042  0.000e+00
      9.133     7.9185   3.305924    31.7023        171     0.7083  0.000e+00
      9.344     7.9133   3.305263    31.6999        172     0.7125  0.000e+00
      9.549     7.9060   3.303709    31.6900        173     0.7167  0.000e+00
      9.725     7.8896   3.301270    31.6788        174     0.7208  0.000e+00
      9.872     7.8687   3.300981    31.6946        175     0.7250  0.000e+00
     10.002     7.8568   3.301873    31.7148        176     0.7292  0.000e+00
     10.127     7.8515   3.302080    31.7218        177     0.7333  0.000e+00
     10.253     7.8468   3.301708    31.7221        178     0.7375  0.000e+00
     10.374     7.8389   3.300964    31.7213        179     0.7417  0.000e+00
     10.492     7.8282   3.300279    31.7236        180     0.7458  0.000e+00
     10.600     7.8176   3.299937    31.7296        181     0.7500  0.000e+00
     10.710     7.8090   3.299477    31.7325        182     0.7542  0.000e+00
     10.801     7.8024   3.299123    31.7347        183     0.7583  0.000e+00
     10.886     7.7967   3.299040    31.7389        184     0.7625  0.000e+00
     10.949     7.7875   3.298155    31.7378        185     0.7667  0.000e+00
     11.004     7.7741   3.296614    31.7336        186     0.7708  0.000e+00
     11.046     7.7581   3.294768    31.7284        187     0.7750  0.000e+00
     11.076     7.7406   3.293204    31.7277        188     0.7792  0.000e+00
     11.098     7.7240   3.292627    31.7366        189     0.7833  0.000e+00
     11.119     7.7096   3.292049    31.7435        190     0.7875  0.000e+00
     11.143     7.6985   3.292066    31.7538        191     0.7917  0.000e+00
     11.166     7.6913   3.292002    31.7596        192     0.7958  0.000e+00
     11.190     7.6861   3.292132    31.7658        193     0.8000  0.000e+00
     11.229     7.6823   3.293612    31.7851        194     0.8042  0.000e+00
     11.292     7.6809   3.297536    31.8283        195     0.8083  0.000e+00
     11.375     7.6813   3.300346    31.8580        196     0.8125  0.000e+00
     11.477     7.6803   3.300777    31.8635        197     0.8167  0.000e+00
     11.607     7.6783   3.298327    31.8390        198     0.8208  0.000e+00
     11.765     7.6767   3.295577    31.8110        199     0.8250  0.000e+00
     11.944     7.6754   3.293264    31.7873        200     0.8292  0.000e+00
     12.144     7.6717   3.290628    31.7624        201     0.8333  0.000e+00
     12.354     7.6667   3.288712    31.7464        202     0.8375  0.000e+00
     12.572     7.6647   3.287975    31.7402        203     0.8417  0.000e+00
     12.791     7.6609   3.287273    31.7361        204     0.8458  0.000e+00
     13.005     7.6566   3.287050    31.7375        205     0.8500  0.000e+00
     13.217     7.6550   3.287209    31.7405        206     0.8542  0.000e+00
     13.411     7.6549   3.286555    31.7336        207     0.8583  0.000e+00
     13.573     7.6506   3.284928    31.7200        208     0.8625  0.000e+00
     13.700     7.6397   3.283944    31.7193        209     0.8667  0.000e+00
     13.799     7.6287   3.283697    31.7267        210     0.8708  0.000e+00
     13.873     7.6190   3.283520    31.7336        211     0.8750  0.000e+00
     13.925     7.6083   3.283432    31.7424        212     0.8792  0.000e+00
     13.972     7.5966   3.283903    31.7581        213     0.8833  0.000e+00
     14.010     7.5872   3.284764    31.7759        214     0.8875  0.000e+00
     14.044     7.5818   3.287953    31.8151        215     0.8917  0.000e+00
