HB2402/sbe079.cnv
* Sea-Bird SBE 19plus V2 Data File:
* FileName = C:\cruise\data\sbe079.hex
* Software Version Seasave V 7.26.7.121
* Temperature SN = 7037
* Conductivity SN = 7037
* System UpLoad Time = Apr 15 2024 19:24:39
* NMEA Latitude = 42 00.61 N
* NMEA Longitude = 069 58.92 W
* NMEA UTC (Time) = Apr 15 2024  19:24:10
** Ship: Bigelow
** Cruise:  HB2304
** Program:  Fall Bottom Trawl
# nquan = 8
# nvalues = 1685                                  
# units = specified
# name 0 = depSM: Depth [salt water, m]
# name 1 = tv290C: Temperature [ITS-90, deg C]
# name 2 = c0S/m: Conductivity [S/m]
# name 3 = sal00: Salinity, Practical [PSU]
# name 4 = scan: Scan Count
# name 5 = timeM: Time, Elapsed [minutes]
# name 6 = sbeox0V: Oxygen raw, SBE 43 [V]
# name 7 = flag:  0.000e+00
# span 0 =     -0.119,     29.103                 
# span 1 =     5.5838,    13.0879                 
# span 2 =  -0.000263,   3.285725                 
# span 3 =     0.0000,    31.6426                 
# span 4 =         11,       1695                 
# span 5 =     0.0417,     7.0583                 
# span 6 =     1.9734,     2.4722                 
# span 7 = 0.0000e+00, 0.0000e+00                 
# interval = seconds: 0.25
# start_time = Apr 15 2024 19:24:10 [NMEA time, header]
# bad_flag = -9.990e-29
*END*
[from data line 540]
     28.671     5.6017   3.052702    31.0454        551     2.2917     2.3163  0.000e+00
     28.608     5.6023   3.052767    31.0456        552     2.2958     2.3158  0.000e+00
     28.546     5.6037   3.052843    31.0452        553     2.3000     2.3161  0.000e+00
     28.474     5.6058   3.052838    31.0433        554     2.3042     2.3166  0.000e+00
     28.400     5.6068   3.052881    31.0429        555     2.3083     2.3173  0.000e+00
     28.329     5.6082   3.052920    31.0421        556     2.3125     2.3174  0.000e+00
     28.246     5.6102   3.052881    31.0398        557     2.3167     2.3172  0.000e+00
     28.165     5.6107   3.052919    31.0398        558     2.3208     2.3179  0.000e+00
     28.087     5.6116   3.052936    31.0392        559     2.3250     2.3179  0.000e+00
     28.026     5.6125   3.052996    31.0391        560     2.3292     2.3174  0.000e+00
     27.973     5.6145   3.053072    31.0381        561     2.3333     2.3188  0.000e+00
     27.933     5.6173   3.053094    31.0358        562     2.3375     2.3187  0.000e+00
     27.899     5.6196   3.053126    31.0340        563     2.3417     2.3189  0.000e+00
     27.877     5.6213   3.053126    31.0325        564     2.3458     2.3190  0.000e+00
     27.861     5.6221   3.053077    31.0312        565     2.3500     2.3187  0.000e+00
     27.865     5.6221   3.053088    31.0313        566     2.3542     2.3189  0.000e+00
     27.858     5.6223   3.053126    31.0316        567     2.3583     2.3192  0.000e+00
     27.859     5.6229   3.053094    31.0307        568     2.3625     2.3184  0.000e+00
     27.861     5.6241   3.053241    31.0312        569     2.3667     2.3182  0.000e+00
     27.866     5.6258   3.053295    31.0302        570     2.3708     2.3191  0.000e+00
     27.870     5.6274   3.053295    31.0287        571     2.3750     2.3197  0.000e+00
     27.866     5.6287   3.053333    31.0280        572     2.3792     2.3192  0.000e+00
     27.845     5.6300   3.053355    31.0270        573     2.3833     2.3181  0.000e+00
     27.828     5.6313   3.053241    31.0246        574     2.3875     2.3185  0.000e+00
     27.799     5.6315   3.053295    31.0250        575     2.3917     2.3184  0.000e+00
     27.756     5.6319   3.053235    31.0240        576     2.3958     2.3189  0.000e+00
     27.704     5.6332   3.053295    31.0235        577     2.4000     2.3195  0.000e+00
     27.639     5.6351   3.053355    31.0225        578     2.4042     2.3209  0.000e+00
     27.563     5.6375   3.053377    31.0205        579     2.4083     2.3207  0.000e+00
     27.478     5.6391   3.053355    31.0189        580     2.4125     2.3202  0.000e+00
     27.395     5.6408   3.053355    31.0173        581     2.4167     2.3214  0.000e+00
     27.308     5.6426   3.053393    31.0161        582     2.4208     2.3212  0.000e+00
     27.219     5.6437   3.053431    31.0155        583     2.4250     2.3227  0.000e+00
     27.134     5.6450   3.053469    31.0148        584     2.4292     2.3225  0.000e+00
     27.051     5.6463   3.053491    31.0139        585     2.4333     2.3231  0.000e+00
     26.981     5.6471   3.053485    31.0131        586     2.4375     2.3234  0.000e+00
     26.914     5.6473   3.053491    31.0131        587     2.4417     2.3240  0.000e+00
     26.853     5.6474   3.053540    31.0135        588     2.4458     2.3243  0.000e+00
     26.802     5.6475   3.053600    31.0141        589     2.4500     2.3247  0.000e+00
     26.762     5.6478   3.053611    31.0140        590     2.4542     2.3248  0.000e+00
     26.730     5.6483   3.053600    31.0134        591     2.4583     2.3248  0.000e+00
     26.704     5.6493   3.053638    31.0130        592     2.4625     2.3250  0.000e+00
     26.692     5.6501   3.053654    31.0125        593     2.4667     2.3260  0.000e+00
     26.690     5.6509   3.053676    31.0120        594     2.4708     2.3250  0.000e+00
     26.686     5.6518   3.053714    31.0116        595     2.4750     2.3251  0.000e+00
     26.688     5.6527   3.053752    31.0112        596     2.4792     2.3264  0.000e+00
     26.701     5.6532   3.053730    31.0104        597     2.4833     2.3240  0.000e+00
     26.703     5.6539   3.053752    31.0100        598     2.4875     2.3256  0.000e+00
     26.710     5.6549   3.053790    31.0095        599     2.4917     2.3253  0.000e+00
     26.713     5.6561   3.053807    31.0087        600     2.4958     2.3245  0.000e+00
     26.712     5.6574   3.053845    31.0079        601     2.5000     2.3258  0.000e+00
     26.697     5.6586   3.053872    31.0071        602     2.5042     2.3253  0.000e+00
     26.679     5.6600   3.053861    31.0057        603     2.5083     2.3257  0.000e+00
     26.655     5.6608   3.053850    31.0048        604     2.5125     2.3248  0.000e+00
     26.627     5.6614   3.053921    31.0051        605     2.5167     2.3250  0.000e+00
     26.585     5.6621   3.053921    31.0044        606     2.5208     2.3252  0.000e+00
     26.536     5.6633   3.053948    31.0037        607     2.5250     2.3256  0.000e+00
     26.487     5.6642   3.054014    31.0036        608     2.5292     2.3247  0.000e+00
     26.431     5.6655   3.054090    31.0033        609     2.5333     2.3253  0.000e+00
     26.383     5.6678   3.054150    31.0018        610     2.5375     2.3261  0.000e+00
     26.318     5.6707   3.054259    31.0004        611     2.5417     2.3264  0.000e+00
     26.251     5.6742   3.054509    31.0000        612     2.5458     2.3269  0.000e+00
     26.189     5.6798   3.054683    30.9969        613     2.5500     2.3281  0.000e+00
     26.122     5.6871   3.054694    30.9903        614     2.5542     2.3289  0.000e+00
     26.055     5.6926   3.054885    30.9874        615     2.5583     2.3297  0.000e+00
     25.994     5.6972   3.054825    30.9825        616     2.5625     2.3298  0.000e+00
     25.932     5.7007   3.054732    30.9783        617     2.5667     2.3294  0.000e+00
     25.867     5.7024   3.054830    30.9779        618     2.5708     2.3304  0.000e+00
     25.817     5.7034   3.055239    30.9816        619     2.5750     2.3308  0.000e+00
     25.761     5.7091   3.055397    30.9782        620     2.5792     2.3307  0.000e+00
     25.710     5.7157   3.055473    30.9730        621     2.5833     2.3311  0.000e+00
     25.663     5.7196   3.055637    30.9712        622     2.5875     2.3316  0.000e+00
     25.622     5.7246   3.055718    30.9676        623     2.5917     2.3321  0.000e+00
     25.585     5.7291   3.055756    30.9639        624     2.5958     2.3320  0.000e+00
     25.556     5.7324   3.055756    30.9609        625     2.6000     2.3320  0.000e+00
     25.538     5.7351   3.055511    30.9556        626     2.6042     2.3331  0.000e+00
     25.524     5.7340   3.055576    30.9574        627     2.6083     2.3328  0.000e+00
     25.515     5.7334   3.055794    30.9604        628     2.6125     2.3330  0.000e+00
     25.508     5.7352   3.055925    30.9602        629     2.6167     2.3340  0.000e+00
     25.500     5.7388   3.056252    30.9606        630     2.6208     2.3340  0.000e+00
     25.495     5.7443   3.056208    30.9550        631     2.6250     2.3348  0.000e+00
     25.504     5.7485   3.056170    30.9507        632     2.6292     2.3342  0.000e+00
     25.489     5.7505   3.056214    30.9494        633     2.6333     2.3351  0.000e+00
     25.480     5.7521   3.056285    30.9487        634     2.6375     2.3353  0.000e+00
     25.471     5.7538   3.056492    30.9495        635     2.6417     2.3354  0.000e+00
     25.464     5.7566   3.056432    30.9463        636     2.6458     2.3341  0.000e+00
     25.462     5.7590   3.056475    30.9445        637     2.6500     2.3341  0.000e+00
     25.461     5.7606   3.056513    30.9435        638     2.6542     2.3340  0.000e+00
     25.448     5.7624   3.056710    30.9441        639     2.6583     2.3349  0.000e+00
     25.448     5.7653   3.056666    30.9409        640     2.6625     2.3354  0.000e+00
     25.443     5.7679   3.056873    30.9408        641     2.6667     2.3358  0.000e+00
     25.434     5.7711   3.057211    30.9417        642     2.6708     2.3355  0.000e+00
     25.423     5.7782   3.057402    30.9374        643     2.6750     2.3360  0.000e+00
     25.401     5.7865   3.057538    30.9313        644     2.6792     2.3365  0.000e+00
     25.376     5.7939   3.058007    30.9298        645     2.6833     2.3378  0.000e+00
     25.343     5.8027   3.058595    30.9283        646     2.6875     2.3389  0.000e+00
     25.307     5.8149   3.059467    30.9268        647     2.6917     2.3404  0.000e+00
     25.264     5.8318   3.059794    30.9151        648     2.6958     2.3408  0.000e+00
     25.206     5.8484   3.060361    30.9062        649     2.7000     2.3421  0.000e+00
     25.139     5.8646   3.061288    30.9018        650     2.7042     2.3442  0.000e+00
     25.079     5.8850   3.061746    30.8883        651     2.7083     2.3428  0.000e+00
     25.009     5.9040   3.062160    30.8756        652     2.7125     2.3443  0.000e+00
     24.940     5.9204   3.062236    30.8615        653     2.7167     2.3454  0.000e+00
     24.871     5.9319   3.062264    30.8513        654     2.7208     2.3456  0.000e+00
     24.812     5.9391   3.062389    30.8462        655     2.7250     2.3490  0.000e+00
     24.752     5.9442   3.062563    30.8435        656     2.7292     2.3508  0.000e+00
     24.700     5.9484   3.062683    30.8410        657     2.7333     2.3498  0.000e+00
     24.662     5.9524   3.062732    30.8379        658     2.7375     2.3544  0.000e+00
     24.631     5.9555   3.062711    30.8349        659     2.7417     2.3548  0.000e+00
     24.609     5.9573   3.062705    30.8333        660     2.7458     2.3547  0.000e+00
     24.593     5.9581   3.062885    30.8345        661     2.7500     2.3553  0.000e+00
     24.591     5.9597   3.062825    30.8324        662     2.7542     2.3569  0.000e+00
     24.589     5.9608   3.062727    30.8303        663     2.7583     2.3572  0.000e+00
     24.595     5.9607   3.062710    30.8302        664     2.7625     2.3584  0.000e+00
     24.602     5.9602   3.062563    30.8290        665     2.7667     2.3584  0.000e+00
     24.611     5.9589   3.062345    30.8278        666     2.7708     2.3588  0.000e+00
     24.616     5.9566   3.062541    30.8321        667     2.7750     2.3586  0.000e+00
     24.624     5.9557   3.062601    30.8335        668     2.7792     2.3607  0.000e+00
     24.629     5.9559   3.062585    30.8331        669     2.7833     2.3611  0.000e+00
     24.622     5.9561   3.062389    30.8308        670     2.7875     2.3615  0.000e+00
     24.613     5.9548   3.062236    30.8303        671     2.7917     2.3612  0.000e+00
     24.591     5.9527   3.062307    30.8330        672     2.7958     2.3630  0.000e+00
     24.573     5.9514   3.062274    30.8338        673     2.8000     2.3627  0.000e+00
     24.551     5.9507   3.062312    30.8349        674     2.8042     2.3632  0.000e+00
     24.526     5.9502   3.062465    30.8371        675     2.8083     2.3630  0.000e+00
     24.495     5.9509   3.062411    30.8358        676     2.8125     2.3633  0.000e+00
     24.461     5.9514   3.062181    30.8329        677     2.8167     2.3633  0.000e+00
     24.430     5.9498   3.062225    30.8348        678     2.8208     2.3637  0.000e+00
     24.397     5.9488   3.062427    30.8380        679     2.8250     2.3642  0.000e+00
     24.365     5.9495   3.062427    30.8373        680     2.8292     2.3649  0.000e+00
     24.347     5.9503   3.062307    30.8353        681     2.8333     2.3656  0.000e+00
     24.329     5.9501   3.062312    30.8356        682     2.8375     2.3640  0.000e+00
     24.323     5.9501   3.062312    30.8356        683     2.8417     2.3648  0.000e+00
     24.320     5.9500   3.062307    30.8356        684     2.8458     2.3645  0.000e+00
     24.320     5.9500   3.062236    30.8348        685     2.8500     2.3662  0.000e+00
     24.325     5.9493   3.062198    30.8350        686     2.8542     2.3659  0.000e+00
     24.334     5.9481   3.062105    30.8351        687     2.8583     2.3664  0.000e+00
     24.343     5.9463   3.062029    30.8358        688     2.8625     2.3659  0.000e+00
     24.349     5.9441   3.062143    30.8391        689     2.8667     2.3659  0.000e+00
     24.349     5.9435   3.062045    30.8386        690     2.8708     2.3659  0.000e+00
     24.338     5.9426   3.062051    30.8395        691     2.8750     2.3644  0.000e+00
     24.318     5.9415   3.062029    30.8403        692     2.8792     2.3659  0.000e+00
     24.287     5.9409   3.062203    30.8427        693     2.8833     2.3640  0.000e+00
     24.262     5.9419   3.062411    30.8442        694     2.8875     2.3642  0.000e+00
     24.224     5.9441   3.062465    30.8428        695     2.8917     2.3636  0.000e+00
     24.177     5.9466   3.062525    30.8412        696     2.8958     2.3638  0.000e+00
     24.124     5.9488   3.062694    30.8411        697     2.9000     2.3641  0.000e+00
     24.067     5.9516   3.062940    30.8413        698     2.9042     2.3637  0.000e+00
     24.007     5.9554   3.063081    30.8394        699     2.9083     2.3641  0.000e+00
     23.944     5.9594   3.063114    30.8362        700     2.9125     2.3643  0.000e+00
     23.891     5.9624   3.063261    30.8351        701     2.9167     2.3638  0.000e+00
     23.843     5.9653   3.063539    30.8356        702     2.9208     2.3648  0.000e+00
     23.799     5.9692   3.063665    30.8334        703     2.9250     2.3638  0.000e+00
     23.768     5.9733   3.063834    30.8317        704     2.9292     2.3637  0.000e+00
     23.734     5.9774   3.063839    30.8280        705     2.9333     2.3646  0.000e+00
     23.716     5.9804   3.063910    30.8261        706     2.9375     2.3668  0.000e+00
     23.692     5.9824   3.063926    30.8244        707     2.9417     2.3669  0.000e+00
     23.678     5.9838   3.063910    30.8229        708     2.9458     2.3672  0.000e+00
     23.673     5.9848   3.063899    30.8219        709     2.9500     2.3679  0.000e+00
     23.663     5.9853   3.064003    30.8226        710     2.9542     2.3683  0.000e+00
     23.649     5.9861   3.064063    30.8226        711     2.9583     2.3690  0.000e+00
     23.635     5.9871   3.064221    30.8234        712     2.9625     2.3690  0.000e+00
     23.629     5.9886   3.064286    30.8228        713     2.9667     2.3690  0.000e+00
     23.615     5.9907   3.064423    30.8224        714     2.9708     2.3711  0.000e+00
     23.613     5.9930   3.064559    30.8218        715     2.9750     2.3708  0.000e+00
     23.607     5.9956   3.064270    30.8162        716     2.9792     2.3718  0.000e+00
     23.605     5.9958   3.064194    30.8152        717     2.9833     2.3708  0.000e+00
     23.613     5.9946   3.064461    30.8193        718     2.9875     2.3718  0.000e+00
     23.624     5.9953   3.064630    30.8206        719     2.9917     2.3724  0.000e+00
     23.634     5.9976   3.064859    30.8209        720     2.9958     2.3718  0.000e+00
     23.649     6.0007   3.064936    30.8190        721     3.0000     2.3708  0.000e+00
     23.656     6.0038   3.064837    30.8151        722     3.0042     2.3718  0.000e+00
     23.663     6.0055   3.064974    30.8150        723     3.0083     2.3724  0.000e+00
     23.663     6.0071   3.065039    30.8143        724     3.0125     2.3714  0.000e+00
     23.656     6.0084   3.065012    30.8128        725     3.0167     2.3710  0.000e+00
     23.647     6.0092   3.064935    30.8113        726     3.0208     2.3711  0.000e+00
     23.640     6.0093   3.064935    30.8112        727     3.0250     2.3723  0.000e+00
     23.609     6.0091   3.064935    30.8114        728     3.0292     2.3720  0.000e+00
     23.587     6.0089   3.064952    30.8118        729     3.0333     2.3709  0.000e+00
