HB2402/sbe002.cnv
* Sea-Bird SBE 19plus V2 Data File:
* FileName = C:\cruise\data\sbe002.hex
* Software Version Seasave V 7.26.7.121
* Temperature SN = 7142
* Conductivity SN = 7142
* System UpLoad Time = Mar 08 2024 12:38:44
* NMEA Latitude = 38 10.62 N
* NMEA Longitude = 074 34.89 W
* NMEA UTC (Time) = Mar 08 2024  12:38:09
** Ship: Bigelow
** Cruise:  HB2304
** Program:  Fall Bottom Trawl
# nquan = 7
# nvalues = 1299                                  
# units = specified
# name 0 = depSM: Depth [salt water, m]
# name 1 = tv290C: Temperature [ITS-90, deg C]
# name 2 = c0S/m: Conductivity [S/m]
# name 3 = sal00: Salinity, Practical [PSU]
# name 4 = scan: Scan Count
# name 5 = timeM: Time, Elapsed [minutes]
# name 6 = flag:  0.000e+00
# span 0 =      0.003,     35.611                 
# span 1 =     7.4593,     8.2505                 
# span 2 =   0.000076,   3.304673                 
# span 3 =     0.0041,    32.0874                 
# span 4 =         11,       1309                 
# span 5 =     0.0417,     5.4500                 
# span 6 = 0.0000e+00, 0.0000e+00                 
# interval = seconds: 0.25
# start_time = Mar 08 2024 12:38:09 [NMEA time, header]
# bad_flag = -9.990e-29
*END*
[from data line 616]
     24.259     7.5265   3.301049    32.0017        627     2.6083  0.000e+00
     24.272     7.5277   3.301096    32.0011        628     2.6125  0.000e+00
     24.284     7.5286   3.300931    31.9985        629     2.6167  0.000e+00
     24.290     7.5275   3.301013    32.0004        630     2.6208  0.000e+00
     24.274     7.5271   3.300948    32.0001        631     2.6250  0.000e+00
     24.232     7.5260   3.300966    32.0013        632     2.6292  0.000e+00
     24.164     7.5256   3.301072    32.0029        633     2.6333  0.000e+00
     24.063     7.5275   3.301238    32.0029        634     2.6375  0.000e+00
     23.943     7.5396   3.295642    31.9317        635     2.6417  0.000e+00
     23.787     7.5722   3.293865    31.8828        636     2.6458  0.000e+00
     23.612     7.6112   3.293145    31.8394        637     2.6500  0.000e+00
     23.432     7.6452   3.292950    31.8062        638     2.6542  0.000e+00
     23.231     7.6694   3.292855    31.7833        639     2.6583  0.000e+00
     23.030     7.6847   3.292772    31.7685        640     2.6625  0.000e+00
     22.825     7.6944   3.292772    31.7597        641     2.6667  0.000e+00
     22.631     7.7005   3.292524    31.7516        642     2.6708  0.000e+00
     22.446     7.7072   3.291663    31.7364        643     2.6750  0.000e+00
     22.289     7.7175   3.291433    31.7246        644     2.6792  0.000e+00
     22.162     7.7264   3.291185    31.7139        645     2.6833  0.000e+00
     22.061     7.7313   3.291085    31.7084        646     2.6875  0.000e+00
     21.995     7.7335   3.291020    31.7057        647     2.6917  0.000e+00
     21.953     7.7346   3.290855    31.7030        648     2.6958  0.000e+00
     21.955     7.7348   3.290837    31.7026        649     2.7000  0.000e+00
     21.991     7.7349   3.290825    31.7024        650     2.7042  0.000e+00
     22.066     7.7349   3.290937    31.7036        651     2.7083  0.000e+00
     22.155     7.7349   3.291061    31.7048        652     2.7125  0.000e+00
     22.262     7.7352   3.291250    31.7066        653     2.7167  0.000e+00
     22.374     7.7355   3.291433    31.7082        654     2.7208  0.000e+00
     22.482     7.7359   3.291598    31.7096        655     2.7250  0.000e+00
     22.591     7.7357   3.292317    31.7173        656     2.7292  0.000e+00
     22.690     7.7328   3.292648    31.7235        657     2.7333  0.000e+00
     22.780     7.7276   3.292896    31.7308        658     2.7375  0.000e+00
     22.854     7.7219   3.293043    31.7375        659     2.7417  0.000e+00
     22.908     7.7162   3.293085    31.7432        660     2.7458  0.000e+00
     22.944     7.7122   3.293102    31.7470        661     2.7500  0.000e+00
     22.953     7.7098   3.293120    31.7494        662     2.7542  0.000e+00
     22.913     7.7084   3.293085    31.7502        663     2.7583  0.000e+00
     22.836     7.7081   3.293061    31.7503        664     2.7625  0.000e+00
     22.726     7.7086   3.292813    31.7472        665     2.7667  0.000e+00
     22.582     7.7121   3.292565    31.7415        666     2.7708  0.000e+00
     22.408     7.7195   3.291828    31.7270        667     2.7750  0.000e+00
     22.207     7.7275   3.291315    31.7142        668     2.7792  0.000e+00
     21.991     7.7324   3.290507    31.7013        669     2.7833  0.000e+00
     21.764     7.7340   3.289351    31.6876        670     2.7875  0.000e+00
     21.525     7.7338   3.288962    31.6837        671     2.7917  0.000e+00
     21.301     7.7334   3.288466    31.6789        672     2.7958  0.000e+00
     21.087     7.7330   3.288101    31.6754        673     2.8000  0.000e+00
     20.894     7.7327   3.287936    31.6740        674     2.8042  0.000e+00
     20.747     7.7329   3.287552    31.6698        675     2.8083  0.000e+00
     20.627     7.7360   3.287417    31.6657        676     2.8125  0.000e+00
     20.542     7.7407   3.287417    31.6614        677     2.8167  0.000e+00
     20.506     7.7445   3.287358    31.6574        678     2.8208  0.000e+00
     20.506     7.7473   3.287358    31.6548        679     2.8250  0.000e+00
     20.549     7.7491   3.287375    31.6533        680     2.8292  0.000e+00
     20.623     7.7500   3.287375    31.6525        681     2.8333  0.000e+00
     20.717     7.7505   3.287416    31.6525        682     2.8375  0.000e+00
     20.817     7.7501   3.287499    31.6536        683     2.8417  0.000e+00
     20.912     7.7481   3.287564    31.6560        684     2.8458  0.000e+00
     20.992     7.7451   3.287688    31.6601        685     2.8500  0.000e+00
     21.051     7.7413   3.287770    31.6644        686     2.8542  0.000e+00
     21.089     7.7377   3.287747    31.6674        687     2.8583  0.000e+00
     21.096     7.7352   3.287847    31.6708        688     2.8625  0.000e+00
     21.067     7.7338   3.287812    31.6716        689     2.8667  0.000e+00
     20.997     7.7333   3.287647    31.6704        690     2.8708  0.000e+00
     20.893     7.7330   3.287647    31.6707        691     2.8750  0.000e+00
     20.754     7.7338   3.287499    31.6685        692     2.8792  0.000e+00
     20.596     7.7367   3.287458    31.6655        693     2.8833  0.000e+00
     20.418     7.7411   3.287434    31.6613        694     2.8875  0.000e+00
     20.246     7.7456   3.287375    31.6567        695     2.8917  0.000e+00
     20.064     7.7498   3.287251    31.6516        696     2.8958  0.000e+00
     19.913     7.7542   3.287068    31.6457        697     2.9000  0.000e+00
     19.784     7.7577   3.287027    31.6421        698     2.9042  0.000e+00
     19.685     7.7604   3.286968    31.6391        699     2.9083  0.000e+00
     19.625     7.7621   3.286944    31.6373        700     2.9125  0.000e+00
     19.602     7.7634   3.286927    31.6360        701     2.9167  0.000e+00
     19.618     7.7640   3.286986    31.6360        702     2.9208  0.000e+00
     19.663     7.7641   3.287051    31.6367        703     2.9250  0.000e+00
     19.737     7.7637   3.287068    31.6372        704     2.9292  0.000e+00
     19.838     7.7631   3.287192    31.6390        705     2.9333  0.000e+00
     19.935     7.7623   3.287334    31.6412        706     2.9375  0.000e+00
     20.030     7.7603   3.287440    31.6441        707     2.9417  0.000e+00
     20.113     7.7574   3.287493    31.6472        708     2.9458  0.000e+00
     20.168     7.7540   3.287522    31.6506        709     2.9500  0.000e+00
     20.210     7.7503   3.287522    31.6540        710     2.9542  0.000e+00
     20.224     7.7459   3.287416    31.6568        711     2.9583  0.000e+00
     20.201     7.7415   3.287481    31.6615        712     2.9625  0.000e+00
     20.145     7.7399   3.287499    31.6632        713     2.9667  0.000e+00
     20.066     7.7417   3.287475    31.6613        714     2.9708  0.000e+00
     19.947     7.7453   3.287440    31.6578        715     2.9750  0.000e+00
     19.816     7.7489   3.287210    31.6521        716     2.9792  0.000e+00
     19.667     7.7534   3.287068    31.6466        717     2.9833  0.000e+00
     19.500     7.7580   3.286927    31.6410        718     2.9875  0.000e+00
     19.322     7.7613   3.286573    31.6343        719     2.9917  0.000e+00
     19.142     7.7638   3.286207    31.6282        720     2.9958  0.000e+00
     18.969     7.7656   3.285866    31.6229        721     3.0000  0.000e+00
     18.809     7.7668   3.285565    31.6188        722     3.0042  0.000e+00
     18.655     7.7675   3.285258    31.6149        723     3.0083  0.000e+00
     18.529     7.7679   3.284928    31.6111        724     3.0125  0.000e+00
     18.427     7.7681   3.284663    31.6081        725     3.0167  0.000e+00
     18.346     7.7683   3.284398    31.6051        726     3.0208  0.000e+00
     18.286     7.7685   3.284068    31.6015        727     3.0250  0.000e+00
     18.250     7.7681   3.283850    31.5995        728     3.0292  0.000e+00
     18.234     7.7676   3.283596    31.5973        729     3.0333  0.000e+00
     18.234     7.7671   3.283490    31.5966        730     3.0375  0.000e+00
     18.243     7.7669   3.283473    31.5966        731     3.0417  0.000e+00
     18.261     7.7665   3.283820    31.6007        732     3.0458  0.000e+00
     18.290     7.7666   3.284150    31.6041        733     3.0500  0.000e+00
     18.321     7.7671   3.284498    31.6073        734     3.0542  0.000e+00
     18.337     7.7678   3.284675    31.6085        735     3.0583  0.000e+00
     18.349     7.7682   3.284746    31.6090        736     3.0625  0.000e+00
     18.367     7.7686   3.284787    31.6091        737     3.0667  0.000e+00
     18.385     7.7687   3.284928    31.6104        738     3.0708  0.000e+00
     18.414     7.7686   3.284969    31.6110        739     3.0750  0.000e+00
     18.452     7.7683   3.285011    31.6116        740     3.0792  0.000e+00
     18.506     7.7683   3.285241    31.6141        741     3.0833  0.000e+00
     18.556     7.7681   3.285535    31.6173        742     3.0875  0.000e+00
     18.624     7.7681   3.285877    31.6210        743     3.0917  0.000e+00
     18.684     7.7680   3.286207    31.6246        744     3.0958  0.000e+00
     18.730     7.7678   3.286366    31.6265        745     3.1000  0.000e+00
     18.764     7.7674   3.286390    31.6270        746     3.1042  0.000e+00
     18.781     7.7673   3.286431    31.6275        747     3.1083  0.000e+00
     18.788     7.7673   3.286455    31.6278        748     3.1125  0.000e+00
     18.781     7.7671   3.286449    31.6279        749     3.1167  0.000e+00
     18.743     7.7672   3.286408    31.6274        750     3.1208  0.000e+00
     18.698     7.7672   3.286366    31.6270        751     3.1250  0.000e+00
     18.631     7.7671   3.286266    31.6260        752     3.1292  0.000e+00
     18.552     7.7672   3.285918    31.6223        753     3.1333  0.000e+00
     18.461     7.7676   3.285712    31.6198        754     3.1375  0.000e+00
     18.360     7.7678   3.285535    31.6178        755     3.1417  0.000e+00
     18.241     7.7680   3.285052    31.6125        756     3.1458  0.000e+00
     18.114     7.7680   3.283803    31.5992        757     3.1500  0.000e+00
     17.999     7.7667   3.283573    31.5979        758     3.1542  0.000e+00
     17.889     7.7658   3.283679    31.5999        759     3.1583  0.000e+00
     17.783     7.7650   3.283920    31.6033        760     3.1625  0.000e+00
     17.686     7.7651   3.283143    31.5950        761     3.1667  0.000e+00
     17.605     7.7644   3.282459    31.5883        762     3.1708  0.000e+00
     17.542     7.7632   3.281540    31.5796        763     3.1750  0.000e+00
     17.506     7.7615   3.281440    31.5801        764     3.1792  0.000e+00
     17.479     7.7603   3.281151    31.5782        765     3.1833  0.000e+00
     17.472     7.7595   3.280945    31.5767        766     3.1875  0.000e+00
     17.474     7.7587   3.281045    31.5785        767     3.1917  0.000e+00
     17.478     7.7584   3.281028    31.5786        768     3.1958  0.000e+00
     17.485     7.7581   3.280916    31.5777        769     3.2000  0.000e+00
     17.481     7.7579   3.281169    31.5806        770     3.2042  0.000e+00
     17.472     7.7581   3.281316    31.5819        771     3.2083  0.000e+00
     17.449     7.7586   3.280845    31.5765        772     3.2125  0.000e+00
     17.416     7.7583   3.280492    31.5730        773     3.2167  0.000e+00
     17.357     7.7577   3.280185    31.5703        774     3.2208  0.000e+00
     17.291     7.7572   3.280226    31.5712        775     3.2250  0.000e+00
     17.212     7.7567   3.280656    31.5763        776     3.2292  0.000e+00
     17.125     7.7571   3.279761    31.5664        777     3.2333  0.000e+00
     17.041     7.7567   3.279920    31.5685        778     3.2375  0.000e+00
     16.964     7.7563   3.279343    31.5628        779     3.2417  0.000e+00
     16.893     7.7557   3.279060    31.5603        780     3.2458  0.000e+00
     16.823     7.7547   3.279219    31.5629        781     3.2500  0.000e+00
     16.771     7.7544   3.279508    31.5663        782     3.2542  0.000e+00
     16.728     7.7546   3.279384    31.5649        783     3.2583  0.000e+00
     16.707     7.7547   3.279243    31.5633        784     3.2625  0.000e+00
     16.696     7.7547   3.279296    31.5638        785     3.2667  0.000e+00
     16.703     7.7546   3.279160    31.5624        786     3.2708  0.000e+00
     16.724     7.7544   3.279284    31.5639        787     3.2750  0.000e+00
     16.766     7.7545   3.278913    31.5599        788     3.2792  0.000e+00
     16.818     7.7544   3.278813    31.5589        789     3.2833  0.000e+00
     16.877     7.7541   3.278607    31.5570        790     3.2875  0.000e+00
     16.951     7.7540   3.278507    31.5560        791     3.2917  0.000e+00
     17.017     7.7537   3.278730    31.5585        792     3.2958  0.000e+00
     17.082     7.7538   3.279178    31.5632        793     3.3000  0.000e+00
     17.145     7.7543   3.280391    31.5757        794     3.3042  0.000e+00
     17.194     7.7555   3.280886    31.5798        795     3.3083  0.000e+00
     17.226     7.7567   3.280904    31.5789        796     3.3125  0.000e+00
     17.246     7.7574   3.280409    31.5730        797     3.3167  0.000e+00
     17.249     7.7576   3.280168    31.5703        798     3.3208  0.000e+00
     17.231     7.7573   3.279897    31.5677        799     3.3250  0.000e+00
     17.186     7.7569   3.279708    31.5660        800     3.3292  0.000e+00
     17.131     7.7565   3.279366    31.5628        801     3.3333  0.000e+00
     17.053     7.7560   3.279573    31.5655        802     3.3375  0.000e+00
     16.958     7.7558   3.279449    31.5643        803     3.3417  0.000e+00
     16.854     7.7557   3.277871    31.5476        804     3.3458  0.000e+00
     16.732     7.7549   3.278424    31.5543        805     3.3500  0.000e+00
     16.588     7.7543   3.278483    31.5556        806     3.3542  0.000e+00
     16.444     7.7541   3.277617    31.5465        807     3.3583  0.000e+00
     16.289     7.7536   3.276293    31.5329        808     3.3625  0.000e+00
     16.140     7.7522   3.276004    31.5312        809     3.3667  0.000e+00
     15.973     7.7509   3.275633    31.5285        810     3.3708  0.000e+00
     15.797     7.7499   3.274756    31.5202        811     3.3750  0.000e+00
     15.624     7.7487   3.274303    31.5165        812     3.3792  0.000e+00
     15.450     7.7477   3.274220    31.5166        813     3.3833  0.000e+00
     15.285     7.7469   3.273914    31.5142        814     3.3875  0.000e+00
     15.128     7.7464   3.273485    31.5101        815     3.3917  0.000e+00
     14.986     7.7458   3.273073    31.5063        816     3.3958  0.000e+00
     14.866     7.7451   3.272990    31.5061        817     3.4000  0.000e+00
     14.769     7.7446   3.272831    31.5049        818     3.4042  0.000e+00
     14.702     7.7442   3.272196    31.4985        819     3.4083  0.000e+00
     14.672     7.7439   3.272113    31.4979        820     3.4125  0.000e+00
     14.679     7.7434   3.272013    31.4973        821     3.4167  0.000e+00
     14.720     7.7429   3.271990    31.4974        822     3.4208  0.000e+00
     14.810     7.7427   3.272625    31.5044        823     3.4250  0.000e+00
     14.922     7.7429   3.272831    31.5063        824     3.4292  0.000e+00
     15.046     7.7435   3.273267    31.5104        825     3.4333  0.000e+00
     15.186     7.7439   3.273320    31.5105        826     3.4375  0.000e+00
     15.319     7.7442   3.273502    31.5121        827     3.4417  0.000e+00
     15.445     7.7447   3.274262    31.5198        828     3.4458  0.000e+00
     15.553     7.7452   3.274509    31.5219        829     3.4500  0.000e+00
     15.650     7.7458   3.274179    31.5178        830     3.4542  0.000e+00
