HB2402/sbe088.cnv
* Sea-Bird SBE 19plus V2 Data File:
* FileName = C:\cruise\data\sbe088.hex
* Software Version Seasave V 7.26.7.121
* Temperature SN = 7037
* Conductivity SN = 7037
* System UpLoad Time = Apr 18 2024 11:41:36
* NMEA Latitude = 41 12.89 N
* NMEA Longitude = 067 16.12 W
* NMEA UTC (Time) = Apr 18 2024  11:40:09
** Ship: Bigelow
** Cruise:  HB2304
** Program:  Fall Bottom Trawl
# nquan = 8
# nvalues = 1355                                  
# units = specified
# name 0 = depSM: Depth [salt water, m]
# name 1 = tv290C: Temperature [ITS-90, deg C]
# name 2 = c0S/m: Conductivity [S/m]
# name 3 = sal00: Salinity, Practical [PSU]
# name 4 = scan: Scan Count
# name 5 = timeM: Time, Elapsed [minutes]
# name 6 = sbeox0V: Oxygen raw, SBE 43 [V]
# name 7 = flag:  0.000e+00
# span 0 =      0.022,     51.492                 
# span 1 =     5.6874,     7.2530                 
# span 2 =  -0.000002,   3.207564                 
# span 3 =     0.0000,    32.3333                 
# span 4 =         11,       1365                 
# span 5 =     0.0417,     5.6833                 
# span 6 =     2.1414,     2.4920                 
# span 7 = 0.0000e+00, 0.0000e+00                 
# interval = seconds: 0.25
# start_time = Apr 18 2024 11:40:09 [NMEA time, header]
# bad_flag = -9.990e-29
*END*
[from data line 1079]
     11.739     5.7407   3.138287    31.8860       1090     4.5375     2.4793  0.000e+00
     11.667     5.7416   3.139168    31.8950       1091     4.5417     2.4791  0.000e+00
     11.596     5.7451   3.139598    31.8966       1092     4.5458     2.4788  0.000e+00
     11.524     5.7501   3.139829    31.8946       1093     4.5500     2.4786  0.000e+00
     11.461     5.7545   3.139774    31.8898       1094     4.5542     2.4782  0.000e+00
     11.389     5.7574   3.139636    31.8856       1095     4.5583     2.4797  0.000e+00
     11.322     5.7585   3.139597    31.8841       1096     4.5625     2.4782  0.000e+00
     11.266     5.7589   3.139674    31.8846       1097     4.5667     2.4800  0.000e+00
     11.215     5.7594   3.139383    31.8809       1098     4.5708     2.4801  0.000e+00
     11.161     5.7588   3.139520    31.8831       1099     4.5750     2.4795  0.000e+00
     11.101     5.7585   3.139206    31.8798       1100     4.5792     2.4803  0.000e+00
     11.053     5.7575   3.138232    31.8698       1101     4.5833     2.4807  0.000e+00
     11.013     5.7529   3.137995    31.8715       1102     4.5875     2.4808  0.000e+00
     10.975     5.7486   3.139146    31.8885       1103     4.5917     2.4810  0.000e+00
     10.928     5.7491   3.139322    31.8901       1104     4.5958     2.4814  0.000e+00
     10.890     5.7520   3.139966    31.8946       1105     4.6000     2.4809  0.000e+00
     10.850     5.7557   3.139950    31.8909       1106     4.6042     2.4818  0.000e+00
     10.810     5.7590   3.139300    31.8805       1107     4.6083     2.4817  0.000e+00
     10.763     5.7588   3.138931    31.8766       1108     4.6125     2.4806  0.000e+00
     10.724     5.7564   3.138738    31.8767       1109     4.6167     2.4824  0.000e+00
     10.675     5.7539   3.138386    31.8751       1110     4.6208     2.4808  0.000e+00
     10.644     5.7507   3.138094    31.8749       1111     4.6250     2.4816  0.000e+00
     10.605     5.7471   3.137565    31.8724       1112     4.6292     2.4807  0.000e+00
     10.567     5.7435   3.137643    31.8767       1113     4.6333     2.4809  0.000e+00
     10.523     5.7406   3.137643    31.8795       1114     4.6375     2.4809  0.000e+00
     10.491     5.7386   3.137538    31.8801       1115     4.6417     2.4815  0.000e+00
     10.460     5.7373   3.137758    31.8839       1116     4.6458     2.4813  0.000e+00
     10.435     5.7370   3.137742    31.8840       1117     4.6500     2.4809  0.000e+00
     10.404     5.7368   3.137290    31.8791       1118     4.6542     2.4804  0.000e+00
     10.375     5.7354   3.137136    31.8787       1119     4.6583     2.4809  0.000e+00
     10.357     5.7336   3.137373    31.8831       1120     4.6625     2.4805  0.000e+00
     10.324     5.7329   3.137213    31.8820       1121     4.6667     2.4792  0.000e+00
     10.281     5.7321   3.137252    31.8832       1122     4.6708     2.4782  0.000e+00
     10.238     5.7317   3.137312    31.8843       1123     4.6750     2.4790  0.000e+00
     10.191     5.7318   3.137565    31.8871       1124     4.6792     2.4787  0.000e+00
     10.140     5.7328   3.137213    31.8822       1125     4.6833     2.4780  0.000e+00
     10.080     5.7325   3.137235    31.8827       1126     4.6875     2.4775  0.000e+00
     10.017     5.7319   3.137312    31.8842       1127     4.6917     2.4783  0.000e+00
      9.958     5.7318   3.137136    31.8823       1128     4.6958     2.4777  0.000e+00
      9.898     5.7313   3.136960    31.8809       1129     4.7000     2.4773  0.000e+00
      9.842     5.7301   3.136668    31.8788       1130     4.7042     2.4773  0.000e+00
      9.786     5.7283   3.136822    31.8822       1131     4.7083     2.4772  0.000e+00
      9.744     5.7271   3.136740    31.8824       1132     4.7125     2.4766  0.000e+00
      9.706     5.7265   3.136492    31.8803       1133     4.7167     2.4783  0.000e+00
      9.677     5.7251   3.136492    31.8815       1134     4.7208     2.4783  0.000e+00
      9.647     5.7241   3.136470    31.8823       1135     4.7250     2.4779  0.000e+00
      9.627     5.7232   3.136569    31.8842       1136     4.7292     2.4775  0.000e+00
      9.602     5.7229   3.136629    31.8853       1137     4.7333     2.4775  0.000e+00
      9.571     5.7232   3.136552    31.8841       1138     4.7375     2.4775  0.000e+00
      9.538     5.7231   3.136415    31.8827       1139     4.7417     2.4778  0.000e+00
      9.506     5.7226   3.136574    31.8849       1140     4.7458     2.4775  0.000e+00
      9.459     5.7225   3.136745    31.8870       1141     4.7500     2.4779  0.000e+00
      9.419     5.7233   3.136729    31.8861       1142     4.7542     2.4766  0.000e+00
      9.365     5.7239   3.136899    31.8874       1143     4.7583     2.4777  0.000e+00
      9.312     5.7251   3.137097    31.8886       1144     4.7625     2.4778  0.000e+00
      9.258     5.7266   3.137097    31.8871       1145     4.7667     2.4767  0.000e+00
      9.204     5.7279   3.137312    31.8884       1146     4.7708     2.4779  0.000e+00
      9.161     5.7293   3.137428    31.8884       1147     4.7750     2.4781  0.000e+00
      9.110     5.7312   3.137213    31.8842       1148     4.7792     2.4772  0.000e+00
      9.063     5.7317   3.137642    31.8886       1149     4.7833     2.4782  0.000e+00
      9.018     5.7331   3.139558    31.9088       1150     4.7875     2.4779  0.000e+00
      8.975     5.7404   3.141139    31.9197       1151     4.7917     2.4784  0.000e+00
      8.938     5.7539   3.141040    31.9058       1152     4.7958     2.4783  0.000e+00
      8.897     5.7637   3.140946    31.8956       1153     4.8000     2.4793  0.000e+00
      8.855     5.7691   3.140670    31.8873       1154     4.8042     2.4787  0.000e+00
      8.810     5.7716   3.140648    31.8848       1155     4.8083     2.4783  0.000e+00
      8.761     5.7723   3.140670    31.8843       1156     4.8125     2.4785  0.000e+00
      8.712     5.7729   3.140472    31.8816       1157     4.8167     2.4788  0.000e+00
      8.667     5.7726   3.140378    31.8808       1158     4.8208     2.4795  0.000e+00
      8.609     5.7720   3.140340    31.8810       1159     4.8250     2.4791  0.000e+00
      8.559     5.7713   3.140279    31.8810       1160     4.8292     2.4791  0.000e+00
      8.516     5.7707   3.140318    31.8821       1161     4.8333     2.4800  0.000e+00
      8.472     5.7702   3.140164    31.8808       1162     4.8375     2.4798  0.000e+00
      8.422     5.7695   3.140125    31.8810       1163     4.8417     2.4801  0.000e+00
      8.378     5.7687   3.140142    31.8820       1164     4.8458     2.4801  0.000e+00
      8.335     5.7683   3.140202    31.8831       1165     4.8500     2.4808  0.000e+00
      8.293     5.7682   3.140202    31.8832       1166     4.8542     2.4814  0.000e+00
      8.257     5.7683   3.140202    31.8831       1167     4.8583     2.4816  0.000e+00
      8.216     5.7685   3.140417    31.8854       1168     4.8625     2.4825  0.000e+00
      8.178     5.7692   3.140417    31.8848       1169     4.8667     2.4829  0.000e+00
      8.142     5.7699   3.140257    31.8823       1170     4.8708     2.4832  0.000e+00
      8.107     5.7698   3.140125    31.8809       1171     4.8750     2.4830  0.000e+00
      8.075     5.7691   3.140026    31.8805       1172     4.8792     2.4830  0.000e+00
      8.042     5.7681   3.139712    31.8779       1173     4.8833     2.4839  0.000e+00
      8.006     5.7663   3.139673    31.8792       1174     4.8875     2.4850  0.000e+00
      7.972     5.7642   3.139035    31.8740       1175     4.8917     2.4849  0.000e+00
      7.934     5.7613   3.138363    31.8692       1176     4.8958     2.4847  0.000e+00
      7.885     5.7564   3.139536    31.8870       1177     4.9000     2.4854  0.000e+00
      7.833     5.7577   3.139695    31.8876       1178     4.9042     2.4852  0.000e+00
      7.782     5.7595   3.138500    31.8725       1179     4.9083     2.4847  0.000e+00
      7.730     5.7567   3.137074    31.8592       1180     4.9125     2.4844  0.000e+00
      7.676     5.7483   3.136997    31.8663       1181     4.9167     2.4839  0.000e+00
      7.618     5.7412   3.136744    31.8702       1182     4.9208     2.4826  0.000e+00
      7.556     5.7356   3.136777    31.8759       1183     4.9250     2.4834  0.000e+00
      7.499     5.7321   3.136766    31.8791       1184     4.9292     2.4832  0.000e+00
      7.435     5.7300   3.136552    31.8787       1185     4.9333     2.4827  0.000e+00
      7.377     5.7280   3.136843    31.8839       1186     4.9375     2.4824  0.000e+00
      7.312     5.7276   3.137350    31.8900       1187     4.9417     2.4817  0.000e+00
      7.249     5.7294   3.137466    31.8896       1188     4.9458     2.4811  0.000e+00
      7.188     5.7319   3.138523    31.8992       1189     4.9500     2.4814  0.000e+00
      7.124     5.7367   3.138187    31.8909       1190     4.9542     2.4803  0.000e+00
      7.058     5.7402   3.138110    31.8868       1191     4.9583     2.4807  0.000e+00
      6.994     5.7415   3.137664    31.8806       1192     4.9625     2.4801  0.000e+00
      6.924     5.7408   3.137878    31.8836       1193     4.9667     2.4795  0.000e+00
      6.853     5.7407   3.139007    31.8965       1194     4.9708     2.4792  0.000e+00
      6.787     5.7447   3.141122    31.9165       1195     4.9750     2.4790  0.000e+00
      6.722     5.7564   3.141551    31.9103       1196     4.9792     2.4783  0.000e+00
      6.671     5.7670   3.141353    31.8980       1197     4.9833     2.4784  0.000e+00
      6.638     5.7738   3.141215    31.8901       1198     4.9875     2.4785  0.000e+00
      6.611     5.7774   3.141705    31.8922       1199     4.9917     2.4801  0.000e+00
      6.600     5.7807   3.141903    31.8914       1200     4.9958     2.4795  0.000e+00
      6.602     5.7838   3.141722    31.8864       1201     5.0000     2.4798  0.000e+00
      6.597     5.7856   3.142036    31.8882       1202     5.0042     2.4800  0.000e+00
      6.604     5.7877   3.142250    31.8886       1203     5.0083     2.4798  0.000e+00
      6.600     5.7899   3.142311    31.8872       1204     5.0125     2.4813  0.000e+00
      6.593     5.7920   3.142272    31.8848       1205     5.0167     2.4817  0.000e+00
      6.570     5.7931   3.142135    31.8823       1206     5.0208     2.4827  0.000e+00
      6.539     5.7932   3.141903    31.8796       1207     5.0250     2.4833  0.000e+00
      6.496     5.7924   3.141666    31.8777       1208     5.0292     2.4830  0.000e+00
      6.440     5.7916   3.141705    31.8789       1209     5.0333     2.4840  0.000e+00
      6.369     5.7905   3.141639    31.8792       1210     5.0375     2.4841  0.000e+00
      6.295     5.7891   3.141352    31.8774       1211     5.0417     2.4844  0.000e+00
      6.217     5.7872   3.141336    31.8790       1212     5.0458     2.4853  0.000e+00
      6.132     5.7857   3.141430    31.8815       1213     5.0500     2.4846  0.000e+00
      6.049     5.7848   3.141038    31.8780       1214     5.0542     2.4856  0.000e+00
      5.964     5.7834   3.141099    31.8800       1215     5.0583     2.4865  0.000e+00
      5.878     5.7823   3.141138    31.8816       1216     5.0625     2.4874  0.000e+00
      5.791     5.7815   3.140846    31.8791       1217     5.0667     2.4860  0.000e+00
      5.704     5.7802   3.141374    31.8863       1218     5.0708     2.4869  0.000e+00
      5.608     5.7810   3.141292    31.8846       1219     5.0750     2.4873  0.000e+00
      5.511     5.7817   3.141374    31.8850       1220     5.0792     2.4883  0.000e+00
      5.435     5.7824   3.141589    31.8868       1221     5.0833     2.4872  0.000e+00
      5.352     5.7835   3.141705    31.8871       1222     5.0875     2.4885  0.000e+00
      5.281     5.7854   3.141644    31.8846       1223     5.0917     2.4889  0.000e+00
      5.218     5.7865   3.141589    31.8830       1224     5.0958     2.4885  0.000e+00
      5.158     5.7866   3.141468    31.8816       1225     5.1000     2.4885  0.000e+00
      5.115     5.7863   3.141490    31.8821       1226     5.1042     2.4892  0.000e+00
      5.072     5.7861   3.141336    31.8806       1227     5.1083     2.4892  0.000e+00
      5.036     5.7856   3.141765    31.8859       1228     5.1125     2.4896  0.000e+00
      5.001     5.7862   3.141820    31.8860       1229     5.1167     2.4900  0.000e+00
      4.971     5.7876   3.141605    31.8822       1230     5.1208     2.4901  0.000e+00
      4.940     5.7877   3.141589    31.8820       1231     5.1250     2.4902  0.000e+00
      4.904     5.7875   3.141512    31.8813       1232     5.1292     2.4909  0.000e+00
      4.853     5.7870   3.141627    31.8831       1233     5.1333     2.4904  0.000e+00
      4.797     5.7871   3.141490    31.8815       1234     5.1375     2.4906  0.000e+00
      4.730     5.7867   3.141468    31.8816       1235     5.1417     2.4908  0.000e+00
      4.658     5.7863   3.141468    31.8821       1236     5.1458     2.4896  0.000e+00
      4.586     5.7862   3.141413    31.8816       1237     5.1500     2.4891  0.000e+00
      4.519     5.7859   3.141413    31.8819       1238     5.1542     2.4896  0.000e+00
      4.452     5.7858   3.141589    31.8841       1239     5.1583     2.4906  0.000e+00
      4.383     5.7861   3.141605    31.8839       1240     5.1625     2.4903  0.000e+00
      4.327     5.7866   3.141627    31.8837       1241     5.1667     2.4907  0.000e+00
      4.282     5.7870   3.141627    31.8834       1242     5.1708     2.4903  0.000e+00
      4.233     5.7873   3.141605    31.8829       1243     5.1750     2.4900  0.000e+00
      4.212     5.7874   3.141429    31.8808       1244     5.1792     2.4907  0.000e+00
      4.190     5.7870   3.141412    31.8810       1245     5.1833     2.4901  0.000e+00
      4.177     5.7865   3.141490    31.8824       1246     5.1875     2.4904  0.000e+00
      4.158     5.7864   3.141539    31.8830       1247     5.1917     2.4892  0.000e+00
      4.150     5.7865   3.141512    31.8826       1248     5.1958     2.4899  0.000e+00
      4.143     5.7865   3.141490    31.8824       1249     5.2000     2.4901  0.000e+00
      4.118     5.7866   3.141451    31.8819       1250     5.2042     2.4901  0.000e+00
      4.085     5.7865   3.141429    31.8818       1251     5.2083     2.4901  0.000e+00
      4.037     5.7862   3.141297    31.8806       1252     5.2125     2.4894  0.000e+00
      3.986     5.7856   3.141198    31.8801       1253     5.2167     2.4893  0.000e+00
      3.926     5.7845   3.141120    31.8802       1254     5.2208     2.4888  0.000e+00
      3.865     5.7837   3.141098    31.8808       1255     5.2250     2.4903  0.000e+00
      3.793     5.7828   3.141164    31.8825       1256     5.2292     2.4898  0.000e+00
      3.720     5.7826   3.140983    31.8806       1257     5.2333     2.4880  0.000e+00
      3.650     5.7819   3.140746    31.8786       1258     5.2375     2.4888  0.000e+00
      3.567     5.7806   3.140707    31.8795       1259     5.2417     2.4888  0.000e+00
      3.482     5.7793   3.140630    31.8798       1260     5.2458     2.4883  0.000e+00
      3.397     5.7782   3.140338    31.8777       1261     5.2500     2.4875  0.000e+00
      3.310     5.7765   3.140162    31.8773       1262     5.2542     2.4881  0.000e+00
      3.229     5.7745   3.140140    31.8790       1263     5.2583     2.4889  0.000e+00
      3.144     5.7729   3.140002    31.8791       1264     5.2625     2.4880  0.000e+00
      3.063     5.7714   3.139936    31.8797       1265     5.2667     2.4891  0.000e+00
      2.996     5.7702   3.140470    31.8869       1266     5.2708     2.4878  0.000e+00
      2.931     5.7712   3.141335    31.8957       1267     5.2750     2.4883  0.000e+00
      2.878     5.7755   3.141467    31.8932       1268     5.2792     2.4883  0.000e+00
