HB2402/sbe097.cnv
* Sea-Bird SBE 19plus V2 Data File:
* FileName = C:\cruise\data\sbe097.hex
* Software Version Seasave V 7.26.7.121
* Temperature SN = 7037
* Conductivity SN = 7037
* System UpLoad Time = Apr 27 2024 15:47:17
* NMEA Latitude = 41 09.01 N
* NMEA Longitude = 066 21.93 W
* NMEA UTC (Time) = Apr 27 2024  15:46:00
** Ship: Bigelow
** Cruise:  HB2402
** Program:  Spring Bottom Trawl
# nquan = 8
# nvalues = 1384                                  
# units = specified
# name 0 = depSM: Depth [salt water, m]
# name 1 = tv290C: Temperature [ITS-90, deg C]
# name 2 = c0S/m: Conductivity [S/m]
# name 3 = sal00: Salinity, Practical [PSU]
# name 4 = scan: Scan Count
# name 5 = timeM: Time, Elapsed [minutes]
# name 6 = sbeox0V: Oxygen raw, SBE 43 [V]
# name 7 = flag:  0.000e+00
# span 0 =      0.653,    119.263                 
# span 1 =     3.8750,     9.6415                 
# span 2 =   3.001545,   3.769358                 
# span 3 =    31.7605,    34.9016                 
# span 4 =         11,       1394                 
# span 5 =     0.0417,     5.8042                 
# span 6 =     1.7690,     2.4942                 
# span 7 = 0.0000e+00, 0.0000e+00                 
# interval = seconds: 0.25
# start_time = Apr 27 2024 15:46:00 [NMEA time, header]
# bad_flag = -9.990e-29
*END*
[from data line 360]
     62.187     6.5048   3.312603    33.0749        371     1.5417     2.2774  0.000e+00
     62.337     6.5248   3.314346    33.0749        372     1.5458     2.2780  0.000e+00
     62.478     6.5411   3.315769    33.0748        373     1.5500     2.2793  0.000e+00
     62.616     6.5559   3.318278    33.0881        374     1.5542     2.2798  0.000e+00
     62.744     6.5729   3.320518    33.0964        375     1.5583     2.2810  0.000e+00
     62.878     6.5897   3.323907    33.1174        376     1.5625     2.2830  0.000e+00
     63.002     6.6081   3.325056    33.1123        377     1.5667     2.2833  0.000e+00
     63.122     6.6240   3.326171    33.1092        378     1.5708     2.2846  0.000e+00
     63.234     6.6361   3.326098    33.0966        379     1.5750     2.2855  0.000e+00
     63.346     6.6440   3.326892    33.0977        380     1.5792     2.2877  0.000e+00
     63.472     6.6502   3.327286    33.0960        381     1.5833     2.2877  0.000e+00
     63.606     6.6547   3.328712    33.1072        382     1.5875     2.2877  0.000e+00
     63.738     6.6597   3.329365    33.1095        383     1.5917     2.2879  0.000e+00
     63.888     6.6632   3.328943    33.1015        384     1.5958     2.2888  0.000e+00
     64.052     6.6651   3.329681    33.1076        385     1.6000     2.2877  0.000e+00
     64.238     6.6651   3.333232    33.1468        386     1.6042     2.2888  0.000e+00
     64.441     6.6705   3.338341    33.1978        387     1.6083     2.2876  0.000e+00
     64.668     6.6844   3.338820    33.1895        388     1.6125     2.2872  0.000e+00
     64.909     6.6977   3.345502    33.2502        389     1.6167     2.2864  0.000e+00
     65.175     6.7190   3.353494    33.3175        390     1.6208     2.2869  0.000e+00
     65.466     6.7525   3.360255    33.3592        391     1.6250     2.2863  0.000e+00
     65.767     6.7917   3.364944    33.3726        392     1.6292     2.2871  0.000e+00
     66.087     6.8321   3.376149    33.4565        393     1.6333     2.2869  0.000e+00
     66.413     6.8813   3.384771    33.5031        394     1.6375     2.2856  0.000e+00
     66.729     6.9377   3.395190    33.5623        395     1.6417     2.2851  0.000e+00
     67.043     7.0011   3.405661    33.6151        396     1.6458     2.2851  0.000e+00
     67.345     7.0679   3.409675    33.5937        397     1.6500     2.2840  0.000e+00
     67.624     7.1283   3.416913    33.6139        398     1.6542     2.2805  0.000e+00
     67.873     7.1806   3.422032    33.6187        399     1.6583     2.2815  0.000e+00
     68.077     7.2300   3.428551    33.6416        400     1.6625     2.2785  0.000e+00
     68.249     7.2775   3.440604    33.7265        401     1.6667     2.2772  0.000e+00
     68.383     7.3363   3.443669    33.7025        402     1.6708     2.2755  0.000e+00
     68.488     7.3864   3.445056    33.6688        403     1.6750     2.2724  0.000e+00
     68.562     7.4237   3.446541    33.6486        404     1.6792     2.2708  0.000e+00
     68.619     7.4502   3.448072    33.6395        405     1.6833     2.2676  0.000e+00
     68.668     7.4699   3.449380    33.6346        406     1.6875     2.2653  0.000e+00
     68.712     7.4863   3.451752    33.6443        407     1.6917     2.2622  0.000e+00
     68.768     7.5023   3.454690    33.6606        408     1.6958     2.2563  0.000e+00
     68.845     7.5188   3.457212    33.6718        409     1.7000     2.2530  0.000e+00
     68.941     7.5356   3.458339    33.6677        410     1.7042     2.2492  0.000e+00
     69.064     7.5495   3.456605    33.6353        411     1.7083     2.2439  0.000e+00
     69.223     7.5552   3.454930    33.6117        412     1.7125     2.2393  0.000e+00
     69.407     7.5542   3.454793    33.6111        413     1.7167     2.2353  0.000e+00
     69.619     7.5516   3.456754    33.6347        414     1.7208     2.2318  0.000e+00
     69.852     7.5530   3.458527    33.6524        415     1.7250     2.2266  0.000e+00
     70.112     7.5576   3.462847    33.6945        416     1.7292     2.2239  0.000e+00
     70.385     7.5695   3.467742    33.7357        417     1.7333     2.2189  0.000e+00
     70.672     7.5880   3.470399    33.7464        418     1.7375     2.2196  0.000e+00
     70.965     7.6070   3.472582    33.7513        419     1.7417     2.2164  0.000e+00
     71.245     7.6234   3.474427    33.7552        420     1.7458     2.2133  0.000e+00
     71.527     7.6377   3.475435    33.7520        421     1.7500     2.2118  0.000e+00
     71.798     7.6484   3.476020    33.7479        422     1.7542     2.2089  0.000e+00
     72.055     7.6548   3.476186    33.7433        423     1.7583     2.2053  0.000e+00
     72.303     7.6583   3.476249    33.7405        424     1.7625     2.2027  0.000e+00
     72.525     7.6596   3.476502    33.7419        425     1.7667     2.1995  0.000e+00
     72.736     7.6588   3.476691    33.7445        426     1.7708     2.1934  0.000e+00
     72.939     7.6582   3.477597    33.7549        427     1.7750     2.1896  0.000e+00
     73.127     7.6555   3.478222    33.7641        428     1.7792     2.1868  0.000e+00
     73.309     7.6518   3.479799    33.7846        429     1.7833     2.1812  0.000e+00
     73.476     7.6471   3.480516    33.7968        430     1.7875     2.1768  0.000e+00
     73.642     7.6430   3.482213    33.8191        431     1.7917     2.1721  0.000e+00
     73.803     7.6400   3.482701    33.8272        432     1.7958     2.1672  0.000e+00
     73.969     7.6386   3.486534    33.8698        433     1.8000     2.1609  0.000e+00
     74.137     7.6432   3.485208    33.8509        434     1.8042     2.1552  0.000e+00
     74.298     7.6471   3.486046    33.8561        435     1.8083     2.1486  0.000e+00
     74.461     7.6497   3.487354    33.8677        436     1.8125     2.1415  0.000e+00
     74.629     7.6533   3.488158    33.8727        437     1.8167     2.1331  0.000e+00
     74.802     7.6579   3.490580    33.8943        438     1.8208     2.1244  0.000e+00
     74.978     7.6654   3.491574    33.8976        439     1.8250     2.1162  0.000e+00
     75.159     7.6733   3.492688    33.9018        440     1.8292     2.1087  0.000e+00
     75.336     7.6811   3.493744    33.9056        441     1.8333     2.0989  0.000e+00
     75.515     7.6882   3.493744    33.8986        442     1.8375     2.0927  0.000e+00
     75.690     7.6926   3.494560    33.9030        443     1.8417     2.0857  0.000e+00
     75.871     7.6969   3.496427    33.9189        444     1.8458     2.0789  0.000e+00
     76.053     7.7022   3.497634    33.9266        445     1.8500     2.0736  0.000e+00
     76.225     7.7086   3.498944    33.9345        446     1.8542     2.0676  0.000e+00
     76.395     7.7158   3.500743    33.9467        447     1.8583     2.0640  0.000e+00
     76.572     7.7246   3.503134    33.9638        448     1.8625     2.0587  0.000e+00
     76.753     7.7352   3.505549    33.9794        449     1.8667     2.0541  0.000e+00
     76.937     7.7487   3.508195    33.9946        450     1.8708     2.0515  0.000e+00
     77.125     7.7655   3.509535    33.9926        451     1.8750     2.0457  0.000e+00
     77.320     7.7811   3.510364    33.9862        452     1.8792     2.0445  0.000e+00
     77.523     7.7927   3.512447    33.9973        453     1.8833     2.0415  0.000e+00
     77.739     7.8045   3.514957    34.0126        454     1.8875     2.0387  0.000e+00
     77.960     7.8181   3.517571    34.0274        455     1.8917     2.0360  0.000e+00
     78.186     7.8323   3.520105    34.0406        456     1.8958     2.0357  0.000e+00
     78.410     7.8465   3.521321    34.0397        457     1.9000     2.0327  0.000e+00
     78.647     7.8589   3.523453    34.0505        458     1.9042     2.0305  0.000e+00
     78.880     7.8708   3.524092    34.0456        459     1.9083     2.0293  0.000e+00
     79.113     7.8803   3.525695    34.0535        460     1.9125     2.0281  0.000e+00
     79.334     7.8879   3.527084    34.0609        461     1.9167     2.0263  0.000e+00
     79.552     7.8951   3.527274    34.0558        462     1.9208     2.0247  0.000e+00
     79.762     7.9005   3.527851    34.0566        463     1.9250     2.0228  0.000e+00
     79.959     7.9044   3.529091    34.0660        464     1.9292     2.0210  0.000e+00
     80.152     7.9086   3.529748    34.0689        465     1.9333     2.0181  0.000e+00
     80.328     7.9130   3.530971    34.0777        466     1.9375     2.0171  0.000e+00
     80.499     7.9179   3.533728    34.1024        467     1.9417     2.0145  0.000e+00
     80.660     7.9259   3.535032    34.1084        468     1.9458     2.0130  0.000e+00
     80.819     7.9346   3.535546    34.1054        469     1.9500     2.0124  0.000e+00
     80.969     7.9406   3.536423    34.1089        470     1.9542     2.0112  0.000e+00
     81.116     7.9453   3.537023    34.1107        471     1.9583     2.0092  0.000e+00
     81.262     7.9492   3.537392    34.1108        472     1.9625     2.0067  0.000e+00
     81.416     7.9521   3.537346    34.1074        473     1.9667     2.0053  0.000e+00
     81.575     7.9538   3.537560    34.1079        474     1.9708     2.0026  0.000e+00
     81.734     7.9549   3.537756    34.1089        475     1.9750     2.0020  0.000e+00
     81.906     7.9553   3.537906    34.1099        476     1.9792     1.9970  0.000e+00
     82.083     7.9554   3.538010    34.1109        477     1.9833     1.9953  0.000e+00
     82.265     7.9553   3.538270    34.1137        478     1.9875     1.9928  0.000e+00
     82.459     7.9550   3.538588    34.1173        479     1.9917     1.9909  0.000e+00
     82.670     7.9553   3.538847    34.1197        480     1.9958     1.9887  0.000e+00
     82.876     7.9563   3.539511    34.1257        481     2.0000     1.9873  0.000e+00
     83.082     7.9578   3.541313    34.1435        482     2.0042     1.9844  0.000e+00
     83.299     7.9621   3.542774    34.1549        483     2.0083     1.9813  0.000e+00
     83.521     7.9684   3.544126    34.1631        484     2.0125     1.9800  0.000e+00
     83.753     7.9753   3.545760    34.1738        485     2.0167     1.9774  0.000e+00
     83.984     7.9831   3.545801    34.1664        486     2.0208     1.9757  0.000e+00
     84.221     7.9890   3.545674    34.1593        487     2.0250     1.9731  0.000e+00
     84.467     7.9917   3.546136    34.1614        488     2.0292     1.9728  0.000e+00
     84.722     7.9931   3.546575    34.1646        489     2.0333     1.9696  0.000e+00
     84.978     7.9940   3.546575    34.1636        490     2.0375     1.9672  0.000e+00
     85.235     7.9938   3.546552    34.1634        491     2.0417     1.9647  0.000e+00
     85.488     7.9925   3.546188    34.1607        492     2.0458     1.9631  0.000e+00
     85.730     7.9896   3.546079    34.1623        493     2.0500     1.9607  0.000e+00
     85.965     7.9860   3.546038    34.1652        494     2.0542     1.9578  0.000e+00
     86.197     7.9830   3.545992    34.1675        495     2.0583     1.9553  0.000e+00
     86.412     7.9802   3.545929    34.1695        496     2.0625     1.9531  0.000e+00
     86.603     7.9780   3.545975    34.1721        497     2.0667     1.9513  0.000e+00
     86.777     7.9763   3.546016    34.1741        498     2.0708     1.9502  0.000e+00
     86.932     7.9750   3.546102    34.1762        499     2.0750     1.9480  0.000e+00
     87.073     7.9739   3.546212    34.1784        500     2.0792     1.9459  0.000e+00
     87.202     7.9734   3.546276    34.1795        501     2.0833     1.9445  0.000e+00
     87.312     7.9729   3.546339    34.1805        502     2.0875     1.9412  0.000e+00
     87.413     7.9725   3.546363    34.1812        503     2.0917     1.9412  0.000e+00
     87.512     7.9720   3.546449    34.1825        504     2.0958     1.9390  0.000e+00
     87.608     7.9715   3.546617    34.1848        505     2.1000     1.9377  0.000e+00
     87.711     7.9713   3.546640    34.1851        506     2.1042     1.9364  0.000e+00
     87.818     7.9713   3.546750    34.1863        507     2.1083     1.9345  0.000e+00
     87.932     7.9713   3.547050    34.1895        508     2.1125     1.9332  0.000e+00
     88.064     7.9715   3.547218    34.1910        509     2.1167     1.9335  0.000e+00
     88.207     7.9722   3.547478    34.1930        510     2.1208     1.9314  0.000e+00
     88.362     7.9727   3.547438    34.1920        511     2.1250     1.9307  0.000e+00
     88.539     7.9730   3.547565    34.1930        512     2.1292     1.9294  0.000e+00
     88.725     7.9734   3.547779    34.1948        513     2.1333     1.9281  0.000e+00
     88.930     7.9739   3.549154    34.2090        514     2.1375     1.9275  0.000e+00
     89.147     7.9768   3.550923    34.2250        515     2.1417     1.9260  0.000e+00
     89.381     7.9832   3.551565    34.2255        516     2.1458     1.9261  0.000e+00
     89.627     7.9894   3.552062    34.2247        517     2.1500     1.9254  0.000e+00
     89.884     7.9945   3.553074    34.2304        518     2.1542     1.9250  0.000e+00
     90.150     7.9996   3.554519    34.2407        519     2.1583     1.9238  0.000e+00
     90.432     8.0061   3.555896    34.2490        520     2.1625     1.9245  0.000e+00
     90.723     8.0137   3.557192    34.2553        521     2.1667     1.9241  0.000e+00
     91.016     8.0222   3.558401    34.2598        522     2.1708     1.9225  0.000e+00
     91.316     8.0308   3.558939    34.2570        523     2.1750     1.9225  0.000e+00
     91.605     8.0384   3.560386    34.2649        524     2.1792     1.9217  0.000e+00
     91.894     8.0465   3.561051    34.2640        525     2.1833     1.9208  0.000e+00
     92.180     8.0547   3.562458    34.2708        526     2.1875     1.9191  0.000e+00
     92.451     8.0635   3.563754    34.2760        527     2.1917     1.9204  0.000e+00
     92.695     8.0731   3.565028    34.2801        528     2.1958     1.9183  0.000e+00
     92.912     8.0833   3.567194    34.2931        529     2.2000     1.9184  0.000e+00
     93.109     8.0956   3.569661    34.3074        530     2.2042     1.9176  0.000e+00
     93.284     8.1103   3.570651    34.3035        531     2.2083     1.9178  0.000e+00
     93.436     8.1240   3.571480    34.2989        532     2.2125     1.9144  0.000e+00
     93.566     8.1354   3.574603    34.3211        533     2.2167     1.9157  0.000e+00
     93.671     8.1494   3.576487    34.3275        534     2.2208     1.9144  0.000e+00
     93.770     8.1657   3.585774    34.4106        535     2.2250     1.9146  0.000e+00
     93.861     8.1925   3.590324    34.4328        536     2.2292     1.9136  0.000e+00
     93.956     8.2266   3.590411    34.4003        537     2.2333     1.9134  0.000e+00
     94.050     8.2526   3.591218    34.3833        538     2.2375     1.9136  0.000e+00
     94.150     8.2698   3.591810    34.3728        539     2.2417     1.9130  0.000e+00
     94.257     8.2814   3.594406    34.3891        540     2.2458     1.9127  0.000e+00
     94.390     8.2940   3.591961    34.3506        541     2.2500     1.9119  0.000e+00
     94.540     8.3005   3.591694    34.3413        542     2.2542     1.9109  0.000e+00
     94.699     8.3021   3.593180    34.3555        543     2.2583     1.9083  0.000e+00
     94.882     8.3047   3.593947    34.3611        544     2.2625     1.9077  0.000e+00
     95.077     8.3090   3.599386    34.4147        545     2.2667     1.9075  0.000e+00
     95.294     8.3221   3.603130    34.4415        546     2.2708     1.9028  0.000e+00
     95.518     8.3425   3.610296    34.4977        547     2.2750     1.9057  0.000e+00
     95.757     8.3714   3.611530    34.4823        548     2.2792     1.9020  0.000e+00
     95.994     8.3965   3.611198    34.4542        549     2.2833     1.9024  0.000e+00
