HB2402/sbe031.cnv
* Sea-Bird SBE 19plus V2 Data File:
* FileName = C:\cruise\data\sbe031.hex
* Software Version Seasave V 7.26.7.121
* Temperature SN = 7142
* Conductivity SN = 7142
* System UpLoad Time = Mar 19 2024 09:58:51
* NMEA Latitude = 39 18.37 N
* NMEA Longitude = 073 24.10 W
* NMEA UTC (Time) = Mar 19 2024  09:58:07
** Ship: Bigelow
** Cruise:  HB2304
** Program:  Fall Bottom Trawl
# nquan = 7
# nvalues = 1706                                  
# units = specified
# name 0 = depSM: Depth [salt water, m]
# name 1 = tv290C: Temperature [ITS-90, deg C]
# name 2 = c0S/m: Conductivity [S/m]
# name 3 = sal00: Salinity, Practical [PSU]
# name 4 = scan: Scan Count
# name 5 = timeM: Time, Elapsed [minutes]
# name 6 = flag:  0.000e+00
# span 0 =     -0.136,     48.594                 
# span 1 =     2.8524,     7.4843                 
# span 2 =   0.000026,   3.290365                 
# span 3 =     0.0005,    32.7574                 
# span 4 =         11,       1716                 
# span 5 =     0.0417,     7.1458                 
# span 6 = 0.0000e+00, 0.0000e+00                 
# interval = seconds: 0.25
# start_time = Mar 19 2024 09:58:07 [NMEA time, header]
# bad_flag = -9.990e-29
*END*
[from data line 411]
     43.220     6.9990   3.268794    32.1330        422     1.7542  0.000e+00
     43.414     6.9991   3.268818    32.1331        423     1.7583  0.000e+00
     43.623     6.9994   3.268859    32.1332        424     1.7625  0.000e+00
     43.824     6.9997   3.268900    32.1332        425     1.7667  0.000e+00
     44.020     7.0000   3.268918    32.1331        426     1.7708  0.000e+00
     44.210     7.0000   3.268918    32.1329        427     1.7750  0.000e+00
     44.392     7.0002   3.268918    32.1328        428     1.7792  0.000e+00
     44.564     7.0003   3.268942    32.1328        429     1.7833  0.000e+00
     44.721     7.0002   3.268960    32.1330        430     1.7875  0.000e+00
     44.865     7.0003   3.268901    32.1322        431     1.7917  0.000e+00
     44.989     7.0000   3.268901    32.1324        432     1.7958  0.000e+00
     45.097     6.9994   3.268919    32.1331        433     1.8000  0.000e+00
     45.188     6.9992   3.268960    32.1337        434     1.8042  0.000e+00
     45.249     6.9994   3.268960    32.1335        435     1.8083  0.000e+00
     45.296     6.9996   3.268983    32.1336        436     1.8125  0.000e+00
     45.321     6.9996   3.268983    32.1335        437     1.8167  0.000e+00
     45.341     6.9994   3.269001    32.1339        438     1.8208  0.000e+00
     45.363     6.9992   3.269001    32.1341        439     1.8250  0.000e+00
     45.402     6.9992   3.269019    32.1343        440     1.8292  0.000e+00
     45.451     6.9993   3.269001    32.1340        441     1.8333  0.000e+00
     45.517     6.9992   3.268983    32.1338        442     1.8375  0.000e+00
     45.609     6.9992   3.268942    32.1333        443     1.8417  0.000e+00
     45.724     6.9987   3.268919    32.1335        444     1.8458  0.000e+00
     45.869     6.9982   3.268795    32.1326        445     1.8500  0.000e+00
     46.020     6.9975   3.268795    32.1331        446     1.8542  0.000e+00
     46.197     6.9969   3.268819    32.1339        447     1.8583  0.000e+00
     46.384     6.9967   3.268860    32.1344        448     1.8625  0.000e+00
     46.601     6.9967   3.268901    32.1348        449     1.8667  0.000e+00
     46.883     6.9969   3.268960    32.1351        450     1.8708  0.000e+00
     47.108     6.9972   3.268984    32.1349        451     1.8750  0.000e+00
     47.363     6.9975   3.269002    32.1348        452     1.8792  0.000e+00
     47.604     6.9976   3.269025    32.1347        453     1.8833  0.000e+00
     47.832     6.9978   3.269025    32.1345        454     1.8875  0.000e+00
     48.037     6.9979   3.269043    32.1344        455     1.8917  0.000e+00
     48.244     6.9978   3.269084    32.1349        456     1.8958  0.000e+00
     48.371     6.9981   3.269102    32.1348        457     1.9000  0.000e+00
     48.470     6.9983   3.269125    32.1348        458     1.9042  0.000e+00
     48.526     6.9984   3.268996    32.1333        459     1.9083  0.000e+00
     48.515     6.9978   3.269026    32.1341        460     1.9125  0.000e+00
     48.492     6.9976   3.269026    32.1344        461     1.9167  0.000e+00
     48.460     6.9976   3.269102    32.1352        462     1.9208  0.000e+00
     48.406     6.9980   3.269084    32.1347        463     1.9250  0.000e+00
     48.343     6.9982   3.269143    32.1351        464     1.9292  0.000e+00
     48.278     6.9985   3.269167    32.1352        465     1.9333  0.000e+00
     48.222     6.9987   3.269143    32.1347        466     1.9375  0.000e+00
     48.190     6.9988   3.269102    32.1342        467     1.9417  0.000e+00
     48.192     6.9988   3.269131    32.1345        468     1.9458  0.000e+00
     48.233     6.9988   3.269102    32.1342        469     1.9500  0.000e+00
     48.301     6.9986   3.269102    32.1344        470     1.9542  0.000e+00
     48.386     6.9985   3.269084    32.1342        471     1.9583  0.000e+00
     48.456     6.9984   3.269002    32.1334        472     1.9625  0.000e+00
     48.503     6.9980   3.268878    32.1324        473     1.9667  0.000e+00
     48.515     6.9979   3.268837    32.1320        474     1.9708  0.000e+00
     48.508     6.9973   3.268778    32.1320        475     1.9750  0.000e+00
     48.508     6.9964   3.268820    32.1332        476     1.9792  0.000e+00
     48.503     6.9958   3.268796    32.1335        477     1.9833  0.000e+00
     48.506     6.9955   3.268743    32.1332        478     1.9875  0.000e+00
     48.503     6.9951   3.268678    32.1329        479     1.9917  0.000e+00
     48.510     6.9947   3.268737    32.1339        480     1.9958  0.000e+00
     48.510     6.9945   3.268714    32.1339        481     2.0000  0.000e+00
     48.510     6.9944   3.268737    32.1342        482     2.0042  0.000e+00
     48.512     6.9944   3.268796    32.1349        483     2.0083  0.000e+00
     48.510     6.9947   3.268778    32.1344        484     2.0125  0.000e+00
     48.515     6.9950   3.268820    32.1346        485     2.0167  0.000e+00
     48.519     6.9953   3.268878    32.1349        486     2.0208  0.000e+00
     48.526     6.9956   3.268902    32.1349        487     2.0250  0.000e+00
     48.533     6.9959   3.268878    32.1343        488     2.0292  0.000e+00
     48.537     6.9961   3.268878    32.1341        489     2.0333  0.000e+00
     48.544     6.9963   3.268902    32.1342        490     2.0375  0.000e+00
     48.549     6.9964   3.268820    32.1332        491     2.0417  0.000e+00
     48.556     6.9959   3.268714    32.1325        492     2.0458  0.000e+00
     48.567     6.9951   3.268679    32.1328        493     2.0500  0.000e+00
     48.569     6.9938   3.268737    32.1347        494     2.0542  0.000e+00
     48.576     6.9938   3.268714    32.1345        495     2.0583  0.000e+00
     48.574     6.9942   3.268714    32.1341        496     2.0625  0.000e+00
     48.576     6.9943   3.268514    32.1318        497     2.0667  0.000e+00
     48.575     6.9936   3.268555    32.1330        498     2.0708  0.000e+00
     48.580     6.9929   3.268390    32.1318        499     2.0750  0.000e+00
     48.580     6.9920   3.268249    32.1311        500     2.0792  0.000e+00
     48.580     6.9901   3.268143    32.1317        501     2.0833  0.000e+00
     48.585     6.9889   3.268326    32.1349        502     2.0875  0.000e+00
     48.587     6.9890   3.268249    32.1339        503     2.0917  0.000e+00
     48.593     6.9890   3.268349    32.1349        504     2.0958  0.000e+00
     48.594     6.9893   3.268367    32.1349        505     2.1000  0.000e+00
     48.591     6.9896   3.268208    32.1329        506     2.1042  0.000e+00
     48.594     6.9894   3.268102    32.1319        507     2.1083  0.000e+00
     48.589     6.9882   3.268020    32.1321        508     2.1125  0.000e+00
     48.582     6.9868   3.268102    32.1343        509     2.1167  0.000e+00
     48.574     6.9865   3.268102    32.1347        510     2.1208  0.000e+00
     48.569     6.9859   3.267938    32.1334        511     2.1250  0.000e+00
     48.567     6.9851   3.268043    32.1353        512     2.1292  0.000e+00
     48.569     6.9846   3.268143    32.1369        513     2.1333  0.000e+00
     48.560     6.9847   3.268085    32.1361        514     2.1375  0.000e+00
     48.555     6.9844   3.268290    32.1386        515     2.1417  0.000e+00
     48.531     6.9860   3.268679    32.1414        516     2.1458  0.000e+00
     48.490     6.9897   3.268902    32.1404        517     2.1500  0.000e+00
     48.429     6.9934   3.268961    32.1376        518     2.1542  0.000e+00
     48.348     6.9957   3.269102    32.1370        519     2.1583  0.000e+00
     48.267     6.9973   3.269102    32.1356        520     2.1625  0.000e+00
     48.201     6.9981   3.269125    32.1351        521     2.1667  0.000e+00
     48.152     6.9984   3.269125    32.1348        522     2.1708  0.000e+00
     48.123     6.9987   3.269125    32.1346        523     2.1750  0.000e+00
     48.091     6.9987   3.269143    32.1348        524     2.1792  0.000e+00
     48.064     6.9990   3.269167    32.1348        525     2.1833  0.000e+00
     48.043     6.9991   3.269167    32.1347        526     2.1875  0.000e+00
     48.012     6.9993   3.269155    32.1345        527     2.1917  0.000e+00
     47.974     6.9993   3.269143    32.1343        528     2.1958  0.000e+00
     47.936     6.9993   3.269166    32.1346        529     2.2000  0.000e+00
     47.917     6.9993   3.269166    32.1346        530     2.2042  0.000e+00
     47.884     6.9993   3.269166    32.1346        531     2.2083  0.000e+00
     47.848     6.9993   3.269143    32.1343        532     2.2125  0.000e+00
     47.818     6.9993   3.269143    32.1344        533     2.2167  0.000e+00
     47.810     6.9994   3.269143    32.1343        534     2.2208  0.000e+00
     47.793     6.9994   3.269143    32.1343        535     2.2250  0.000e+00
     47.771     6.9993   3.269155    32.1345        536     2.2292  0.000e+00
     47.749     6.9993   3.269143    32.1344        537     2.2333  0.000e+00
     47.749     6.9993   3.269143    32.1344        538     2.2375  0.000e+00
     47.733     6.9993   3.269125    32.1342        539     2.2417  0.000e+00
     47.730     6.9993   3.269143    32.1344        540     2.2458  0.000e+00
     47.643     6.9994   3.269143    32.1344        541     2.2500  0.000e+00
     47.614     6.9994   3.269143    32.1344        542     2.2542  0.000e+00
     47.569     6.9994   3.269143    32.1344        543     2.2583  0.000e+00
     47.530     6.9993   3.269143    32.1345        544     2.2625  0.000e+00
     47.492     6.9993   3.269125    32.1344        545     2.2667  0.000e+00
     47.451     6.9993   3.269131    32.1345        546     2.2708  0.000e+00
     47.395     6.9994   3.269125    32.1343        547     2.2750  0.000e+00
     47.323     6.9993   3.269125    32.1345        548     2.2792  0.000e+00
     47.246     6.9994   3.269125    32.1344        549     2.2833  0.000e+00
     47.143     6.9996   3.269102    32.1339        550     2.2875  0.000e+00
     47.014     6.9998   3.268572    32.1281        551     2.2917  0.000e+00
     46.872     6.9997   3.269101    32.1340        552     2.2958  0.000e+00
     46.682     6.9998   3.269101    32.1340        553     2.3000  0.000e+00
     46.489     6.9999   3.269084    32.1338        554     2.3042  0.000e+00
     46.275     6.9999   3.269078    32.1338        555     2.3083  0.000e+00
     46.072     7.0000   3.269066    32.1337        556     2.3125  0.000e+00
     45.882     7.0000   3.269042    32.1336        557     2.3167  0.000e+00
     45.697     7.0000   3.269042    32.1336        558     2.3208  0.000e+00
     45.502     7.0000   3.269042    32.1337        559     2.3250  0.000e+00
     45.306     6.9998   3.269024    32.1338        560     2.3292  0.000e+00
     45.118     6.9998   3.269001    32.1336        561     2.3333  0.000e+00
     44.924     6.9999   3.269001    32.1337        562     2.3375  0.000e+00
     44.740     6.9999   3.269042    32.1342        563     2.3417  0.000e+00
     44.559     7.0002   3.269024    32.1338        564     2.3458  0.000e+00
     44.384     7.0008   3.269036    32.1334        565     2.3500  0.000e+00
     44.228     7.0012   3.269024    32.1330        566     2.3542  0.000e+00
     44.077     7.0015   3.269024    32.1328        567     2.3583  0.000e+00
     43.931     7.0016   3.269042    32.1329        568     2.3625  0.000e+00
     43.780     7.0019   3.269024    32.1326        569     2.3667  0.000e+00
     43.628     7.0019   3.269000    32.1323        570     2.3708  0.000e+00
     43.500     7.0018   3.269000    32.1325        571     2.3750  0.000e+00
     43.356     7.0019   3.269000    32.1325        572     2.3792  0.000e+00
     43.216     7.0019   3.268983    32.1323        573     2.3833  0.000e+00
     43.076     7.0019   3.268983    32.1324        574     2.3875  0.000e+00
     42.928     7.0019   3.268994    32.1327        575     2.3917  0.000e+00
     42.783     7.0021   3.268959    32.1322        576     2.3958  0.000e+00
     42.614     7.0021   3.268959    32.1322        577     2.4000  0.000e+00
     42.450     7.0021   3.268959    32.1323        578     2.4042  0.000e+00
     42.289     7.0021   3.268941    32.1322        579     2.4083  0.000e+00
     42.116     7.0019   3.268918    32.1322        580     2.4125  0.000e+00
     41.933     7.0016   3.268918    32.1325        581     2.4167  0.000e+00
     41.740     7.0015   3.268917    32.1327        582     2.4208  0.000e+00
     41.552     7.0018   3.268917    32.1325        583     2.4250  0.000e+00
     41.345     7.0021   3.268917    32.1323        584     2.4292  0.000e+00
     41.156     7.0024   3.268900    32.1320        585     2.4333  0.000e+00
     40.960     7.0027   3.268900    32.1318        586     2.4375  0.000e+00
     40.779     7.0027   3.268876    32.1316        587     2.4417  0.000e+00
     40.595     7.0027   3.268876    32.1317        588     2.4458  0.000e+00
     40.439     7.0026   3.268858    32.1317        589     2.4500  0.000e+00
     40.419     7.0026   3.268858    32.1317        590     2.4542  0.000e+00
     40.441     7.0025   3.268858    32.1317        591     2.4583  0.000e+00
     40.514     7.0025   3.268858    32.1318        592     2.4625  0.000e+00
     40.597     7.0023   3.268858    32.1319        593     2.4667  0.000e+00
     40.669     7.0022   3.268876    32.1321        594     2.4708  0.000e+00
     40.710     7.0024   3.268876    32.1319        595     2.4750  0.000e+00
     40.725     7.0025   3.268876    32.1318        596     2.4792  0.000e+00
     40.757     7.0023   3.268858    32.1318        597     2.4833  0.000e+00
     40.773     7.0021   3.268876    32.1322        598     2.4875  0.000e+00
     40.786     7.0019   3.268876    32.1323        599     2.4917  0.000e+00
     40.800     7.0019   3.268876    32.1323        600     2.4958  0.000e+00
     40.795     7.0020   3.268858    32.1321        601     2.5000  0.000e+00
     40.789     7.0021   3.268876    32.1322        602     2.5042  0.000e+00
     40.787     7.0019   3.268858    32.1322        603     2.5083  0.000e+00
     40.768     7.0019   3.268876    32.1323        604     2.5125  0.000e+00
     40.748     7.0020   3.268858    32.1321        605     2.5167  0.000e+00
     40.726     7.0021   3.268876    32.1322        606     2.5208  0.000e+00
     40.708     7.0021   3.268876    32.1322        607     2.5250  0.000e+00
     40.699     7.0021   3.268858    32.1320        608     2.5292  0.000e+00
     40.699     7.0021   3.268876    32.1322        609     2.5333  0.000e+00
     40.717     7.0021   3.268858    32.1320        610     2.5375  0.000e+00
     40.746     7.0021   3.268858    32.1320        611     2.5417  0.000e+00
     40.791     7.0020   3.268876    32.1323        612     2.5458  0.000e+00
     40.843     7.0021   3.268900    32.1324        613     2.5500  0.000e+00
     40.897     7.0022   3.268900    32.1322        614     2.5542  0.000e+00
     40.949     7.0025   3.268900    32.1319        615     2.5583  0.000e+00
     41.003     7.0028   3.268917    32.1318        616     2.5625  0.000e+00
     41.053     7.0031   3.268917    32.1316        617     2.5667  0.000e+00
     41.097     7.0033   3.268917    32.1313        618     2.5708  0.000e+00
     41.142     7.0035   3.268917    32.1312        619     2.5750  0.000e+00
     41.174     7.0034   3.268917    32.1312        620     2.5792  0.000e+00
     41.210     7.0033   3.268900    32.1312        621     2.5833  0.000e+00
     41.239     7.0030   3.268917    32.1316        622     2.5875  0.000e+00
     41.260     7.0029   3.268900    32.1315        623     2.5917  0.000e+00
     41.285     7.0025   3.268900    32.1318        624     2.5958  0.000e+00
     41.307     7.0025   3.268917    32.1320        625     2.6000  0.000e+00
