HB2402/sbe064.cnv
* Sea-Bird SBE 19plus V2 Data File:
* FileName = C:\cruise\data\sbe064.hex
* Software Version Seasave V 7.26.7.121
* Temperature SN = 7037
* Conductivity SN = 7037
* System UpLoad Time = Apr 09 2024 03:09:45
* NMEA Latitude = 40 19.41 N
* NMEA Longitude = 070 08.21 W
* NMEA UTC (Time) = Apr 09 2024  03:09:09
** Ship: Bigelow
** Cruise:  HB2304
** Program:  Fall Bottom Trawl
# nquan = 8
# nvalues = 2085                                  
# units = specified
# name 0 = depSM: Depth [salt water, m]
# name 1 = tv290C: Temperature [ITS-90, deg C]
# name 2 = c0S/m: Conductivity [S/m]
# name 3 = sal00: Salinity, Practical [PSU]
# name 4 = scan: Scan Count
# name 5 = timeM: Time, Elapsed [minutes]
# name 6 = sbeox0V: Oxygen raw, SBE 43 [V]
# name 7 = flag:  0.000e+00
# span 0 =     -0.009,     82.251                 
# span 1 =     5.8762,     6.5553                 
# span 2 =  -0.000002,   3.229518                 
# span 3 =     0.0000,    32.5366                 
# span 4 =         11,       2095                 
# span 5 =     0.0417,     8.7250                 
# span 6 =     1.9141,     2.4117                 
# span 7 = 0.0000e+00, 0.0000e+00                 
# interval = seconds: 0.25
# start_time = Apr 09 2024 03:09:09 [NMEA time, header]
# bad_flag = -9.990e-29
*END*
[from data line 720]
     82.170     5.8796   3.182122    32.2120        731     3.0417     2.3198  0.000e+00
     82.148     5.8796   3.182100    32.2117        732     3.0458     2.3201  0.000e+00
     82.136     5.8796   3.182100    32.2117        733     3.0500     2.3214  0.000e+00
     82.128     5.8796   3.182100    32.2117        734     3.0542     2.3199  0.000e+00
     82.121     5.8795   3.182100    32.2118        735     3.0583     2.3209  0.000e+00
     82.108     5.8794   3.182083    32.2117        736     3.0625     2.3207  0.000e+00
     82.092     5.8796   3.182122    32.2120        737     3.0667     2.3214  0.000e+00
     82.069     5.8795   3.182100    32.2118        738     3.0708     2.3215  0.000e+00
     82.040     5.8795   3.182100    32.2118        739     3.0750     2.3218  0.000e+00
     82.002     5.8796   3.182083    32.2116        740     3.0792     2.3213  0.000e+00
     81.968     5.8796   3.182100    32.2118        741     3.0833     2.3215  0.000e+00
     81.913     5.8795   3.182083    32.2117        742     3.0875     2.3207  0.000e+00
     81.855     5.8796   3.182100    32.2118        743     3.0917     2.3195  0.000e+00
     81.787     5.8796   3.182099    32.2119        744     3.0958     2.3196  0.000e+00
     81.707     5.8796   3.182099    32.2119        745     3.1000     2.3206  0.000e+00
     81.619     5.8797   3.182083    32.2117        746     3.1042     2.3199  0.000e+00
     81.519     5.8794   3.182083    32.2120        747     3.1083     2.3198  0.000e+00
     81.412     5.8794   3.182061    32.2118        748     3.1125     2.3199  0.000e+00
     81.311     5.8794   3.182061    32.2118        749     3.1167     2.3222  0.000e+00
     81.199     5.8794   3.182061    32.2119        750     3.1208     2.3211  0.000e+00
     81.082     5.8795   3.182061    32.2119        751     3.1250     2.3222  0.000e+00
     80.960     5.8794   3.182038    32.2117        752     3.1292     2.3222  0.000e+00
     80.832     5.8794   3.182038    32.2118        753     3.1333     2.3220  0.000e+00
     80.702     5.8795   3.182022    32.2116        754     3.1375     2.3223  0.000e+00
     80.577     5.8794   3.181999    32.2115        755     3.1417     2.3224  0.000e+00
     80.456     5.8794   3.181999    32.2116        756     3.1458     2.3237  0.000e+00
     80.340     5.8794   3.181999    32.2117        757     3.1500     2.3243  0.000e+00
     80.225     5.8794   3.182022    32.2120        758     3.1542     2.3243  0.000e+00
     80.122     5.8794   3.181999    32.2118        759     3.1583     2.3239  0.000e+00
     80.028     5.8793   3.181983    32.2117        760     3.1625     2.3243  0.000e+00
     79.944     5.8794   3.181999    32.2118        761     3.1667     2.3243  0.000e+00
     79.865     5.8793   3.181999    32.2119        762     3.1708     2.3243  0.000e+00
     79.794     5.8793   3.181999    32.2120        763     3.1750     2.3242  0.000e+00
     79.727     5.8794   3.181983    32.2118        764     3.1792     2.3234  0.000e+00
     79.664     5.8794   3.181983    32.2118        765     3.1833     2.3237  0.000e+00
     79.610     5.8794   3.181983    32.2118        766     3.1875     2.3249  0.000e+00
     79.550     5.8795   3.181983    32.2117        767     3.1917     2.3237  0.000e+00
     79.491     5.8793   3.181983    32.2119        768     3.1958     2.3249  0.000e+00
     79.427     5.8794   3.181983    32.2119        769     3.2000     2.3240  0.000e+00
     79.357     5.8793   3.181960    32.2118        770     3.2042     2.3243  0.000e+00
     79.285     5.8793   3.181960    32.2118        771     3.2083     2.3233  0.000e+00
     79.205     5.8793   3.181960    32.2118        772     3.2125     2.3234  0.000e+00
     79.126     5.8794   3.181960    32.2118        773     3.2167     2.3231  0.000e+00
     79.032     5.8794   3.181944    32.2117        774     3.2208     2.3240  0.000e+00
     78.950     5.8793   3.181944    32.2118        775     3.2250     2.3226  0.000e+00
     78.865     5.8793   3.181944    32.2118        776     3.2292     2.3237  0.000e+00
     78.775     5.8793   3.181921    32.2117        777     3.2333     2.3230  0.000e+00
     78.685     5.8793   3.181921    32.2117        778     3.2375     2.3221  0.000e+00
     78.585     5.8793   3.181921    32.2117        779     3.2417     2.3233  0.000e+00
     78.482     5.8791   3.181921    32.2119        780     3.2458     2.3222  0.000e+00
     78.383     5.8792   3.181899    32.2117        781     3.2500     2.3242  0.000e+00
     78.271     5.8793   3.181899    32.2117        782     3.2542     2.3234  0.000e+00
     78.153     5.8790   3.181899    32.2119        783     3.2583     2.3237  0.000e+00
     78.032     5.8791   3.181882    32.2117        784     3.2625     2.3236  0.000e+00
     77.909     5.8790   3.181899    32.2120        785     3.2667     2.3227  0.000e+00
     77.781     5.8792   3.181860    32.2115        786     3.2708     2.3238  0.000e+00
     77.643     5.8793   3.181882    32.2118        787     3.2750     2.3242  0.000e+00
     77.508     5.8791   3.181860    32.2117        788     3.2792     2.3240  0.000e+00
     77.378     5.8791   3.181843    32.2116        789     3.2833     2.3247  0.000e+00
     77.242     5.8791   3.181843    32.2117        790     3.2875     2.3243  0.000e+00
     77.114     5.8792   3.181843    32.2116        791     3.2917     2.3250  0.000e+00
     76.992     5.8791   3.181843    32.2118        792     3.2958     2.3239  0.000e+00
     76.868     5.8791   3.181821    32.2116        793     3.3000     2.3242  0.000e+00
     76.748     5.8791   3.181821    32.2117        794     3.3042     2.3238  0.000e+00
     76.642     5.8790   3.181799    32.2115        795     3.3083     2.3247  0.000e+00
     76.526     5.8791   3.181821    32.2118        796     3.3125     2.3242  0.000e+00
     76.421     5.8790   3.181799    32.2117        797     3.3167     2.3246  0.000e+00
     76.316     5.8790   3.181799    32.2117        798     3.3208     2.3254  0.000e+00
     76.206     5.8791   3.181799    32.2117        799     3.3250     2.3264  0.000e+00
     76.098     5.8790   3.181799    32.2119        800     3.3292     2.3253  0.000e+00
     75.991     5.8790   3.181799    32.2119        801     3.3333     2.3248  0.000e+00
     75.875     5.8790   3.181782    32.2117        802     3.3375     2.3249  0.000e+00
     75.763     5.8790   3.181760    32.2116        803     3.3417     2.3260  0.000e+00
     75.651     5.8790   3.181760    32.2116        804     3.3458     2.3253  0.000e+00
     75.530     5.8790   3.181782    32.2120        805     3.3500     2.3260  0.000e+00
     75.411     5.8790   3.181743    32.2116        806     3.3542     2.3248  0.000e+00
     75.289     5.8790   3.181743    32.2116        807     3.3583     2.3261  0.000e+00
     75.179     5.8789   3.181743    32.2117        808     3.3625     2.3250  0.000e+00
     75.063     5.8790   3.181721    32.2115        809     3.3667     2.3248  0.000e+00
     74.953     5.8789   3.181721    32.2116        810     3.3708     2.3247  0.000e+00
     74.848     5.8789   3.181743    32.2119        811     3.3750     2.3256  0.000e+00
     74.744     5.8789   3.181721    32.2118        812     3.3792     2.3244  0.000e+00
     74.650     5.8789   3.181721    32.2118        813     3.3833     2.3250  0.000e+00
     74.554     5.8787   3.181704    32.2118        814     3.3875     2.3249  0.000e+00
     74.462     5.8789   3.181721    32.2119        815     3.3917     2.3253  0.000e+00
     74.366     5.8789   3.181704    32.2118        816     3.3958     2.3247  0.000e+00
     74.277     5.8789   3.181721    32.2120        817     3.4000     2.3246  0.000e+00
     74.185     5.8789   3.181682    32.2116        818     3.4042     2.3243  0.000e+00
     74.093     5.8789   3.181704    32.2119        819     3.4083     2.3258  0.000e+00
     74.008     5.8788   3.181682    32.2117        820     3.4125     2.3242  0.000e+00
     73.916     5.8788   3.181682    32.2118        821     3.4167     2.3250  0.000e+00
     73.834     5.8788   3.181682    32.2118        822     3.4208     2.3249  0.000e+00
     73.753     5.8788   3.181660    32.2116        823     3.4250     2.3252  0.000e+00
     73.663     5.8787   3.181682    32.2120        824     3.4292     2.3256  0.000e+00
     73.574     5.8788   3.181660    32.2117        825     3.4333     2.3250  0.000e+00
     73.487     5.8788   3.181660    32.2117        826     3.4375     2.3252  0.000e+00
     73.402     5.8787   3.181660    32.2118        827     3.4417     2.3252  0.000e+00
     73.312     5.8787   3.181660    32.2119        828     3.4458     2.3250  0.000e+00
     73.225     5.8789   3.181643    32.2116        829     3.4500     2.3252  0.000e+00
     73.144     5.8788   3.181621    32.2115        830     3.4542     2.3248  0.000e+00
     73.061     5.8787   3.181643    32.2119        831     3.4583     2.3242  0.000e+00
     72.985     5.8786   3.181643    32.2120        832     3.4625     2.3260  0.000e+00
     72.909     5.8787   3.181643    32.2119        833     3.4667     2.3259  0.000e+00
     72.831     5.8787   3.181643    32.2120        834     3.4708     2.3257  0.000e+00
     72.752     5.8787   3.181643    32.2120        835     3.4750     2.3266  0.000e+00
     72.672     5.8787   3.181621    32.2118        836     3.4792     2.3267  0.000e+00
     72.583     5.8787   3.181604    32.2117        837     3.4833     2.3286  0.000e+00
     72.495     5.8787   3.181604    32.2117        838     3.4875     2.3269  0.000e+00
     72.399     5.8787   3.181604    32.2118        839     3.4917     2.3266  0.000e+00
     72.289     5.8787   3.181604    32.2118        840     3.4958     2.3262  0.000e+00
     72.173     5.8787   3.181620    32.2121        841     3.5000     2.3257  0.000e+00
     72.048     5.8787   3.181604    32.2119        842     3.5042     2.3264  0.000e+00
     71.925     5.8787   3.181582    32.2117        843     3.5083     2.3269  0.000e+00
     71.804     5.8787   3.181582    32.2118        844     3.5125     2.3273  0.000e+00
     71.670     5.8786   3.181582    32.2119        845     3.5167     2.3282  0.000e+00
     71.551     5.8786   3.181559    32.2117        846     3.5208     2.3270  0.000e+00
     71.432     5.8787   3.181559    32.2117        847     3.5250     2.3266  0.000e+00
     71.313     5.8786   3.181559    32.2119        848     3.5292     2.3276  0.000e+00
     71.184     5.8786   3.181543    32.2118        849     3.5333     2.3265  0.000e+00
     71.049     5.8787   3.181543    32.2117        850     3.5375     2.3263  0.000e+00
     70.912     5.8785   3.181421    32.2106        851     3.5417     2.3270  0.000e+00
     70.763     5.8785   3.181520    32.2118        852     3.5458     2.3276  0.000e+00
     70.633     5.8785   3.181504    32.2117        853     3.5500     2.3280  0.000e+00
     70.490     5.8785   3.181520    32.2119        854     3.5542     2.3276  0.000e+00
     70.353     5.8786   3.181504    32.2117        855     3.5583     2.3286  0.000e+00
     70.221     5.8786   3.181504    32.2118        856     3.5625     2.3270  0.000e+00
     70.094     5.8786   3.181504    32.2119        857     3.5667     2.3271  0.000e+00
     69.957     5.8784   3.181481    32.2119        858     3.5708     2.3267  0.000e+00
     69.829     5.8784   3.181481    32.2119        859     3.5750     2.3272  0.000e+00
     69.704     5.8785   3.181465    32.2117        860     3.5792     2.3270  0.000e+00
     69.586     5.8784   3.181481    32.2120        861     3.5833     2.3278  0.000e+00
     69.473     5.8783   3.181465    32.2120        862     3.5875     2.3272  0.000e+00
     69.359     5.8783   3.181465    32.2120        863     3.5917     2.3279  0.000e+00
     69.259     5.8784   3.181442    32.2118        864     3.5958     2.3276  0.000e+00
     69.169     5.8784   3.181465    32.2121        865     3.6000     2.3282  0.000e+00
     69.084     5.8783   3.181442    32.2119        866     3.6042     2.3278  0.000e+00
     68.997     5.8785   3.181420    32.2116        867     3.6083     2.3278  0.000e+00
     68.914     5.8784   3.181442    32.2119        868     3.6125     2.3273  0.000e+00
     68.836     5.8783   3.181442    32.2120        869     3.6167     2.3266  0.000e+00
     68.755     5.8783   3.181420    32.2118        870     3.6208     2.3263  0.000e+00
     68.666     5.8783   3.181404    32.2117        871     3.6250     2.3269  0.000e+00
     68.574     5.8783   3.181403    32.2118        872     3.6292     2.3261  0.000e+00
     68.480     5.8783   3.181420    32.2120        873     3.6333     2.3260  0.000e+00
     68.386     5.8783   3.181420    32.2120        874     3.6375     2.3269  0.000e+00
     68.285     5.8783   3.181403    32.2119        875     3.6417     2.3257  0.000e+00
     68.182     5.8783   3.181381    32.2117        876     3.6458     2.3254  0.000e+00
     68.072     5.8783   3.181381    32.2117        877     3.6500     2.3250  0.000e+00
     67.965     5.8783   3.181381    32.2118        878     3.6542     2.3255  0.000e+00
     67.847     5.8782   3.181403    32.2122        879     3.6583     2.3257  0.000e+00
     67.730     5.8783   3.181381    32.2119        880     3.6625     2.3248  0.000e+00
     67.609     5.8783   3.181381    32.2119        881     3.6667     2.3251  0.000e+00
     67.477     5.8783   3.181381    32.2120        882     3.6708     2.3253  0.000e+00
     67.350     5.8783   3.181364    32.2119        883     3.6750     2.3254  0.000e+00
     67.216     5.8784   3.181364    32.2119        884     3.6792     2.3260  0.000e+00
     67.084     5.8783   3.181342    32.2118        885     3.6833     2.3263  0.000e+00
     66.941     5.8783   3.181364    32.2121        886     3.6875     2.3278  0.000e+00
     66.800     5.8783   3.181320    32.2117        887     3.6917     2.3267  0.000e+00
     66.658     5.8783   3.181342    32.2120        888     3.6958     2.3274  0.000e+00
     66.520     5.8783   3.181320    32.2118        889     3.7000     2.3262  0.000e+00
     66.377     5.8783   3.181320    32.2118        890     3.7042     2.3276  0.000e+00
     66.251     5.8782   3.181303    32.2118        891     3.7083     2.3293  0.000e+00
     66.123     5.8783   3.181320    32.2120        892     3.7125     2.3271  0.000e+00
     65.989     5.8783   3.181281    32.2117        893     3.7167     2.3275  0.000e+00
     65.869     5.8783   3.181303    32.2119        894     3.7208     2.3282  0.000e+00
     65.743     5.8783   3.181281    32.2118        895     3.7250     2.3286  0.000e+00
     65.616     5.8783   3.181264    32.2117        896     3.7292     2.3296  0.000e+00
     65.495     5.8783   3.181264    32.2117        897     3.7333     2.3292  0.000e+00
     65.376     5.8782   3.181264    32.2118        898     3.7375     2.3294  0.000e+00
     65.264     5.8782   3.181264    32.2119        899     3.7417     2.3283  0.000e+00
     65.145     5.8781   3.181242    32.2118        900     3.7458     2.3286  0.000e+00
     65.029     5.8782   3.181264    32.2120        901     3.7500     2.3289  0.000e+00
     64.908     5.8782   3.181242    32.2118        902     3.7542     2.3286  0.000e+00
     64.802     5.8782   3.181242    32.2119        903     3.7583     2.3292  0.000e+00
     64.680     5.8782   3.181242    32.2119        904     3.7625     2.3299  0.000e+00
     64.572     5.8781   3.181242    32.2121        905     3.7667     2.3289  0.000e+00
     64.453     5.8781   3.181225    32.2119        906     3.7708     2.3293  0.000e+00
     64.344     5.8780   3.181203    32.2119        907     3.7750     2.3303  0.000e+00
     64.236     5.8781   3.181203    32.2118        908     3.7792     2.3295  0.000e+00
