HB2402/sbe021.cnv
* Sea-Bird SBE 19plus V2 Data File:
* FileName = C:\cruise\data\sbe021.hex
* Software Version Seasave V 7.26.7.121
* Temperature SN = 7142
* Conductivity SN = 7142
* System UpLoad Time = Mar 16 2024 14:34:57
* NMEA Latitude = 37 23.54 N
* NMEA Longitude = 075 16.74 W
* NMEA UTC (Time) = Mar 16 2024  14:34:15
** Ship: Bigelow
** Cruise:  HB2304
** Program:  Fall Bottom Trawl
# nquan = 7
# nvalues = 1627                                  
# units = specified
# name 0 = depSM: Depth [salt water, m]
# name 1 = tv290C: Temperature [ITS-90, deg C]
# name 2 = c0S/m: Conductivity [S/m]
# name 3 = sal00: Salinity, Practical [PSU]
# name 4 = scan: Scan Count
# name 5 = timeM: Time, Elapsed [minutes]
# name 6 = flag:  0.000e+00
# span 0 =     -0.067,     26.408                 
# span 1 =     7.9217,    11.6614                 
# span 2 =   0.000031,   3.403067                 
# span 3 =     0.0059,    31.6069                 
# span 4 =         11,       1637                 
# span 5 =     0.0417,     6.8167                 
# span 6 = 0.0000e+00, 0.0000e+00                 
# interval = seconds: 0.25
# start_time = Mar 16 2024 14:34:15 [NMEA time, header]
# bad_flag = -9.990e-29
*END*
     -0.060    11.6244   0.000048     0.0060         11     0.0417  0.000e+00
     -0.061    11.6269   0.000051     0.0060         12     0.0458  0.000e+00
     -0.061    11.6290   0.000054     0.0060         13     0.0500  0.000e+00
     -0.065    11.6309   0.000045     0.0060         14     0.0542  0.000e+00
     -0.061    11.6317   0.000057     0.0060         15     0.0583  0.000e+00
     -0.060    11.6327   0.000048     0.0060         16     0.0625  0.000e+00
     -0.061    11.6344   0.000051     0.0060         17     0.0667  0.000e+00
     -0.060    11.6371   0.000054     0.0060         18     0.0708  0.000e+00
     -0.063    11.6393   0.000051     0.0060         19     0.0750  0.000e+00
     -0.060    11.6408   0.000051     0.0060         20     0.0792  0.000e+00
     -0.061    11.6425   0.000048     0.0060         21     0.0833  0.000e+00
     -0.061    11.6441   0.000045     0.0060         22     0.0875  0.000e+00
     -0.058    11.6460   0.000054     0.0060         23     0.0917  0.000e+00
     -0.061    11.6474   0.000051     0.0060         24     0.0958  0.000e+00
     -0.058    11.6489   0.000051     0.0060         25     0.1000  0.000e+00
     -0.062    11.6506   0.000054     0.0060         26     0.1042  0.000e+00
     -0.058    11.6517   0.000057     0.0060         27     0.1083  0.000e+00
     -0.060    11.6530   0.000048     0.0060         28     0.1125  0.000e+00
     -0.063    11.6541   0.000051     0.0060         29     0.1167  0.000e+00
     -0.060    11.6547   0.000051     0.0060         30     0.1208  0.000e+00
     -0.062    11.6551   0.000054     0.0060         31     0.1250  0.000e+00
     -0.060    11.6546   0.000051     0.0060         32     0.1292  0.000e+00
     -0.062    11.6543   0.000051     0.0060         33     0.1333  0.000e+00
     -0.063    11.6555   0.000048     0.0060         34     0.1375  0.000e+00
     -0.062    11.6571   0.000051     0.0060         35     0.1417  0.000e+00
     -0.062    11.6585   0.000054     0.0060         36     0.1458  0.000e+00
     -0.062    11.6599   0.000051     0.0060         37     0.1500  0.000e+00
     -0.067    11.6608   0.000057     0.0060         38     0.1542  0.000e+00
     -0.062    11.6608   0.000054     0.0060         39     0.1583  0.000e+00
     -0.056    11.6612   0.000057     0.0060         40     0.1625  0.000e+00
     -0.060    11.6614   0.000054     0.0060         41     0.1667  0.000e+00
     -0.058    11.6612   0.000057     0.0060         42     0.1708  0.000e+00
     -0.060    11.6607   0.000045     0.0060         43     0.1750  0.000e+00
     -0.062    11.6552   0.000048     0.0060         44     0.1792  0.000e+00
     -0.062    11.6476   0.000051     0.0060         45     0.1833  0.000e+00
     -0.062    11.6428   0.000048     0.0060         46     0.1875  0.000e+00
     -0.063    11.6371   0.000057     0.0060         47     0.1917  0.000e+00
     -0.063    11.6250   0.000051     0.0060         48     0.1958  0.000e+00
     -0.060    11.6173   0.000059     0.0060         49     0.2000  0.000e+00
     -0.063    11.6161   0.000051     0.0060         50     0.2042  0.000e+00
     -0.062    11.6150   0.000054     0.0060         51     0.2083  0.000e+00
     -0.058    11.6081   0.000051     0.0060         52     0.2125  0.000e+00
     -0.062    11.5988   0.000051     0.0060         53     0.2167  0.000e+00
     -0.062    11.5894   0.000054     0.0060         54     0.2208  0.000e+00
     -0.060    11.5854   0.000059     0.0060         55     0.2250  0.000e+00
     -0.058    11.5877   0.000048     0.0060         56     0.2292  0.000e+00
     -0.062    11.5903   0.000051     0.0060         57     0.2333  0.000e+00
     -0.060    11.5921   0.000057     0.0060         58     0.2375  0.000e+00
     -0.056    11.5932   0.000048     0.0060         59     0.2417  0.000e+00
     -0.062    11.5959   0.000051     0.0060         60     0.2458  0.000e+00
     -0.065    11.5988   0.000057     0.0060         61     0.2500  0.000e+00
     -0.065    11.5988   0.000054     0.0060         62     0.2542  0.000e+00
     -0.067    11.5959   0.000057     0.0060         63     0.2583  0.000e+00
     -0.062    11.5918   0.000054     0.0060         64     0.2625  0.000e+00
     -0.067    11.5888   0.000057     0.0060         65     0.2667  0.000e+00
     -0.058    11.5841   0.000051     0.0060         66     0.2708  0.000e+00
     -0.062    11.5804   0.000054     0.0060         67     0.2750  0.000e+00
     -0.062    11.5729   0.000057     0.0060         68     0.2792  0.000e+00
     -0.062    11.5606   0.000048     0.0060         69     0.2833  0.000e+00
     -0.060    11.5524   0.000057     0.0060         70     0.2875  0.000e+00
     -0.058    11.5475   0.000051     0.0060         71     0.2917  0.000e+00
     -0.062    11.5434   0.000054     0.0060         72     0.2958  0.000e+00
     -0.062    11.5407   0.000057     0.0060         73     0.3000  0.000e+00
     -0.060    11.5423   0.000048     0.0060         74     0.3042  0.000e+00
     -0.058    11.5414   0.000057     0.0060         75     0.3083  0.000e+00
     -0.062    11.5405   0.000057     0.0060         76     0.3125  0.000e+00
     -0.063    11.5306   0.000054     0.0060         77     0.3167  0.000e+00
     -0.067    11.5175   0.000051     0.0060         78     0.3208  0.000e+00
     -0.062    11.5132   0.000054     0.0060         79     0.3250  0.000e+00
     -0.063    11.5170   0.000057     0.0060         80     0.3292  0.000e+00
     -0.060    11.5209   0.000051     0.0060         81     0.3333  0.000e+00
     -0.060    11.5151   0.000054     0.0060         82     0.3375  0.000e+00
     -0.062    11.5103   0.000057     0.0060         83     0.3417  0.000e+00
     -0.060    11.5122   0.000051     0.0059         84     0.3458  0.000e+00
     -0.058    11.5177   0.000048     0.0059         85     0.3500  0.000e+00
     -0.060    11.5230   0.000057     0.0060         86     0.3542  0.000e+00
     -0.058    11.5268   0.000054     0.0060         87     0.3583  0.000e+00
     -0.054    11.5316   0.000051     0.0060         88     0.3625  0.000e+00
     -0.065    11.5370   0.000057     0.0060         89     0.3667  0.000e+00
     -0.065    11.5412   0.000054     0.0060         90     0.3708  0.000e+00
     -0.062    11.5460   0.000057     0.0060         91     0.3750  0.000e+00
     -0.062    11.5517   0.000054     0.0060         92     0.3792  0.000e+00
     -0.062    11.5563   0.000057     0.0060         93     0.3833  0.000e+00
     -0.060    11.5582   0.000057     0.0060         94     0.3875  0.000e+00
     -0.060    11.5588   0.000054     0.0060         95     0.3917  0.000e+00
     -0.063    11.5624   0.000057     0.0060         96     0.3958  0.000e+00
     -0.056    11.5693   0.000054     0.0060         97     0.4000  0.000e+00
     -0.058    11.5739   0.000057     0.0060         98     0.4042  0.000e+00
     -0.058    11.5646   0.000059     0.0060         99     0.4083  0.000e+00
     -0.062    11.5437   0.000054     0.0060        100     0.4125  0.000e+00
     -0.056    11.5278   0.000051     0.0060        101     0.4167  0.000e+00
     -0.058    11.5257   0.000054     0.0060        102     0.4208  0.000e+00
     -0.062    11.5297   0.000051     0.0060        103     0.4250  0.000e+00
     -0.060    11.5356   0.000051     0.0060        104     0.4292  0.000e+00
     -0.058    11.5417   0.000048     0.0060        105     0.4333  0.000e+00
     -0.054    11.5453   0.000051     0.0060        106     0.4375  0.000e+00
     -0.058    11.5385   0.000051     0.0060        107     0.4417  0.000e+00
     -0.056    11.5262   0.000054     0.0060        108     0.4458  0.000e+00
     -0.058    11.5210   0.000051     0.0060        109     0.4500  0.000e+00
     -0.054    11.5241   0.000054     0.0060        110     0.4542  0.000e+00
     -0.049    11.5310   0.000059     0.0060        111     0.4583  0.000e+00
     -0.054    11.5376   0.000051     0.0060        112     0.4625  0.000e+00
     -0.056    11.5354   0.000054     0.0060        113     0.4667  0.000e+00
     -0.062    11.5228   0.000051     0.0060        114     0.4708  0.000e+00
     -0.054    11.5082   0.000054     0.0059        115     0.4750  0.000e+00
     -0.053    11.5031   0.000051     0.0059        116     0.4792  0.000e+00
     -0.053    11.5055   0.000051     0.0059        117     0.4833  0.000e+00
     -0.058    11.5047   0.000054     0.0059        118     0.4875  0.000e+00
     -0.054    11.4928   0.000057     0.0059        119     0.4917  0.000e+00
     -0.056    11.4762   0.000048     0.0059        120     0.4958  0.000e+00
     -0.063    11.4605   0.000051     0.0059        121     0.5000  0.000e+00
     -0.060    11.4570   0.000057     0.0059        122     0.5042  0.000e+00
     -0.056    11.4610   0.000054     0.0059        123     0.5083  0.000e+00
     -0.058    11.4608   0.000057     0.0059        124     0.5125  0.000e+00
     -0.058    11.4506   0.000054     0.0059        125     0.5167  0.000e+00
     -0.058    11.4371   0.000051     0.0059        126     0.5208  0.000e+00
     -0.056    11.4303   0.000051     0.0059        127     0.5250  0.000e+00
     -0.054    11.4317   0.000048     0.0059        128     0.5292  0.000e+00
     -0.058    11.4355   0.000051     0.0059        129     0.5333  0.000e+00
     -0.060    11.4351   0.000048     0.0059        130     0.5375  0.000e+00
     -0.062    11.4309   0.000051     0.0059        131     0.5417  0.000e+00
     -0.054    11.4316   0.000051     0.0059        132     0.5458  0.000e+00
     -0.054    11.4377   0.000054     0.0059        133     0.5500  0.000e+00
     -0.051    11.4397   0.000051     0.0059        134     0.5542  0.000e+00
     -0.056    11.4329   0.000051     0.0059        135     0.5583  0.000e+00
     -0.053    11.4229   0.000048     0.0059        136     0.5625  0.000e+00
     -0.051    11.4114   0.000057     0.0059        137     0.5667  0.000e+00
     -0.051    11.4049   0.000048     0.0059        138     0.5708  0.000e+00
     -0.051    11.4053   0.000051     0.0059        139     0.5750  0.000e+00
     -0.062    11.3957   0.000045     0.0059        140     0.5792  0.000e+00
     -0.058    11.3876   0.000048     0.0059        141     0.5833  0.000e+00
     -0.053    11.3849   0.000045     0.0059        142     0.5875  0.000e+00
     -0.053    11.3857   0.000048     0.0059        143     0.5917  0.000e+00
     -0.051    11.3923   0.000051     0.0059        144     0.5958  0.000e+00
     -0.054    11.4000   0.000057     0.0059        145     0.6000  0.000e+00
     -0.054    11.4050   0.000054     0.0059        146     0.6042  0.000e+00
     -0.053    11.3964   0.000051     0.0059        147     0.6083  0.000e+00
     -0.045    11.3844   0.000054     0.0059        148     0.6125  0.000e+00
     -0.053    11.3753   0.000031     0.0059        149     0.6167  0.000e+00
     -0.033    11.3814   0.398400     2.9206        150     0.6208  0.000e+00
      0.176    11.3853   2.647351    22.5354        151     0.6250  0.000e+00
      0.418    11.0990   1.896798    15.7697        152     0.6292  0.000e+00
      0.666    10.5701   3.075749    27.1791        153     0.6333  0.000e+00
      0.873    10.1972   3.146070    28.1533        154     0.6375  0.000e+00
      1.072     9.9742   3.081392    27.6842        155     0.6417  0.000e+00
      1.281     9.8521   3.067746    27.6420        156     0.6458  0.000e+00
      1.471     9.7918   3.228218    29.2937        157     0.6500  0.000e+00
      1.596     9.7571   3.319975    30.2462        158     0.6542  0.000e+00
      1.649     9.6814   3.363673    30.7523        159     0.6583  0.000e+00
      1.675     9.5474   3.265937    29.8750        160     0.6625  0.000e+00
      1.730     9.4136   3.121631    28.5243        161     0.6667  0.000e+00
      1.806     9.3230   3.364646    31.0711        162     0.6708  0.000e+00
      1.885     9.3284   3.376559    31.1883        163     0.6750  0.000e+00
      1.937     9.3872   3.380580    31.1782        164     0.6792  0.000e+00
      2.005     9.4502   3.385176    31.1703        165     0.6833  0.000e+00
      2.088     9.4914   3.384090    31.1234        166     0.6875  0.000e+00
      2.187     9.5160   3.376634    31.0260        167     0.6917  0.000e+00
      2.298     9.5304   3.384346    31.0920        168     0.6958  0.000e+00
      2.381     9.5382   3.382963    31.0711        169     0.7000  0.000e+00
      2.465     9.5279   3.375526    31.0043        170     0.7042  0.000e+00
      2.552     9.5054   3.383029    31.1002        171     0.7083  0.000e+00
      2.643     9.4898   3.401417    31.3013        172     0.7125  0.000e+00
      2.739     9.4677   3.402033    31.3269        173     0.7167  0.000e+00
      2.814     9.4476   3.403067    31.3550        174     0.7208  0.000e+00
      2.873     9.4556   3.388994    31.2042        175     0.7250  0.000e+00
      2.900     9.4284   3.357890    30.9103        176     0.7292  0.000e+00
      2.895     9.3347   3.341388    30.8225        177     0.7333  0.000e+00
      2.872     9.2206   3.335838    30.8642        178     0.7375  0.000e+00
      2.829     9.1274   3.333308    30.9189        179     0.7417  0.000e+00
      2.785     9.0637   3.333042    30.9715        180     0.7458  0.000e+00
      2.753     9.0250   3.314972    30.8190        181     0.7500  0.000e+00
      2.771     9.0006   3.323635    30.9295        182     0.7542  0.000e+00
      2.832     8.9861   3.362878    31.3473        183     0.7583  0.000e+00
      2.909     9.0265   3.365328    31.3370        184     0.7625  0.000e+00
      2.999     9.1171   3.363436    31.2378        185     0.7667  0.000e+00
      3.089     9.1976   3.362578    31.1586        186     0.7708  0.000e+00
      3.183     9.2558   3.362893    31.1110        187     0.7750  0.000e+00
      3.263     9.2916   3.365986    31.1115        188     0.7792  0.000e+00
      3.341     9.3178   3.369003    31.1195        189     0.7833  0.000e+00
      3.409     9.3404   3.366378    31.0730        190     0.7875  0.000e+00
      3.458     9.3477   3.361560    31.0174        191     0.7917  0.000e+00
      3.502     9.3088   3.351765    30.9508        192     0.7958  0.000e+00
      3.538     9.2404   3.344344    30.9340        193     0.8000  0.000e+00
      3.571     9.1722   3.338590    30.9340        194     0.8042  0.000e+00
      3.592     9.1128   3.335169    30.9504        195     0.8083  0.000e+00
      3.607     9.0656   3.333540    30.9747        196     0.8125  0.000e+00
      3.634     9.0283   3.333522    31.0070        197     0.8167  0.000e+00
      3.682     9.0047   3.336161    31.0547        198     0.8208  0.000e+00
      3.751     8.9913   3.339233    31.0981        199     0.8250  0.000e+00
      3.831     8.9774   3.341665    31.1354        200     0.8292  0.000e+00
      3.914     8.9650   3.342205    31.1518        201     0.8333  0.000e+00
      4.000     8.9554   3.336636    31.1026        202     0.8375  0.000e+00
      4.097     8.9483   3.333002    31.0712        203     0.8417  0.000e+00
      4.195     8.9405   3.330365    31.0507        204     0.8458  0.000e+00
      4.290     8.9341   3.327906    31.0309        205     0.8500  0.000e+00
      4.394     8.9300   3.326923    31.0242        206     0.8542  0.000e+00
      4.500     8.9259   3.326633    31.0248        207     0.8583  0.000e+00
      4.606     8.9197   3.326337    31.0271        208     0.8625  0.000e+00
      4.716     8.9120   3.325603    31.0261        209     0.8667  0.000e+00
      4.824     8.9037   3.323880    31.0156        210     0.8708  0.000e+00
      4.921     8.8967   3.322317    31.0055        211     0.8750  0.000e+00
      5.012     8.8905   3.321275    31.0001        212     0.8792  0.000e+00
      5.093     8.8840   3.320601    30.9987        213     0.8833  0.000e+00
      5.169     8.8773   3.320406    31.0025        214     0.8875  0.000e+00
      5.237     8.8715   3.319530    30.9985        215     0.8917  0.000e+00
