HB2402/sbe029.cnv
* Sea-Bird SBE 19plus V2 Data File:
* FileName = C:\cruise\data\sbe029.hex
* Software Version Seasave V 7.26.7.121
* Temperature SN = 7142
* Conductivity SN = 7142
* System UpLoad Time = Mar 18 2024 17:14:30
* NMEA Latitude = 38 56.23 N
* NMEA Longitude = 073 02.43 W
* NMEA UTC (Time) = Mar 18 2024  17:13:46
** Ship: Bigelow
** Cruise:  HB2304
** Program:  Fall Bottom Trawl
# nquan = 7
# nvalues = 1370                                  
# units = specified
# name 0 = depSM: Depth [salt water, m]
# name 1 = tv290C: Temperature [ITS-90, deg C]
# name 2 = c0S/m: Conductivity [S/m]
# name 3 = sal00: Salinity, Practical [PSU]
# name 4 = scan: Scan Count
# name 5 = timeM: Time, Elapsed [minutes]
# name 6 = flag:  0.000e+00
# span 0 =     -0.167,     80.372                 
# span 1 =     6.7077,     9.1059                 
# span 2 =   0.000031,   3.596186                 
# span 3 =     0.0042,    33.6648                 
# span 4 =         11,       1380                 
# span 5 =     0.0417,     5.7458                 
# span 6 = 0.0000e+00, 0.0000e+00                 
# interval = seconds: 0.25
# start_time = Mar 18 2024 17:13:46 [NMEA time, header]
# bad_flag = -9.990e-29
*END*
[from data line 1026]
     60.840     7.2545   3.358801    32.8628       1037     4.3167  0.000e+00
     60.667     7.2535   3.358426    32.8598       1038     4.3208  0.000e+00
     60.489     7.2515   3.357956    32.8567       1039     4.3250  0.000e+00
     60.304     7.2483   3.357511    32.8549       1040     4.3292  0.000e+00
     60.108     7.2447   3.357142    32.8545       1041     4.3333  0.000e+00
     59.896     7.2410   3.356649    32.8528       1042     4.3375  0.000e+00
     59.673     7.2369   3.356203    32.8519       1043     4.3417  0.000e+00
     59.448     7.2328   3.355638    32.8498       1044     4.3458  0.000e+00
     59.211     7.2282   3.355406    32.8517       1045     4.3500  0.000e+00
     58.985     7.2244   3.354943    32.8505       1046     4.3542  0.000e+00
     58.758     7.2208   3.354812    32.8525       1047     4.3583  0.000e+00
     58.550     7.2180   3.354646    32.8535       1048     4.3625  0.000e+00
     58.339     7.2157   3.354265    32.8516       1049     4.3667  0.000e+00
     58.151     7.2135   3.354230    32.8535       1050     4.3708  0.000e+00
     57.969     7.2117   3.354331    32.8564       1051     4.3750  0.000e+00
     57.796     7.2110   3.353802    32.8513       1052     4.3792  0.000e+00
     57.624     7.2090   3.353891    32.8543       1053     4.3833  0.000e+00
     57.460     7.2077   3.353297    32.8492       1054     4.3875  0.000e+00
     57.291     7.2053   3.352584    32.8438       1055     4.3917  0.000e+00
     57.113     7.2009   3.352210    32.8440       1056     4.3958  0.000e+00
     56.941     7.1966   3.350647    32.8312       1057     4.4000  0.000e+00
     56.756     7.1888   3.348628    32.8167       1058     4.4042  0.000e+00
     56.561     7.1760   3.348421    32.8267       1059     4.4083  0.000e+00
     56.358     7.1654   3.347043    32.8219       1060     4.4125  0.000e+00
     56.134     7.1559   3.346153    32.8214       1061     4.4167  0.000e+00
     55.904     7.1461   3.345856    32.8276       1062     4.4208  0.000e+00
     55.666     7.1389   3.345719    32.8331       1063     4.4250  0.000e+00
     55.422     7.1348   3.345648    32.8363       1064     4.4292  0.000e+00
     55.176     7.1324   3.345648    32.8386       1065     4.4333  0.000e+00
     54.922     7.1314   3.345583    32.8390       1066     4.4375  0.000e+00
     54.679     7.1309   3.345541    32.8392       1067     4.4417  0.000e+00
     54.439     7.1306   3.345606    32.8403       1068     4.4458  0.000e+00
     54.201     7.1306   3.345790    32.8424       1069     4.4500  0.000e+00
     53.971     7.1315   3.346223    32.8464       1070     4.4542  0.000e+00
     53.752     7.1339   3.347808    32.8614       1071     4.4583  0.000e+00
     53.529     7.1415   3.348313    32.8598       1072     4.4625  0.000e+00
     53.324     7.1498   3.348402    32.8530       1073     4.4667  0.000e+00
     53.130     7.1554   3.348123    32.8447       1074     4.4708  0.000e+00
     52.943     7.1575   3.347790    32.8392       1075     4.4750  0.000e+00
     52.769     7.1571   3.346900    32.8300       1076     4.4792  0.000e+00
     52.585     7.1538   3.346757    32.8317       1077     4.4833  0.000e+00
     52.413     7.1504   3.346923    32.8368       1078     4.4875  0.000e+00
     52.231     7.1490   3.346478    32.8333       1079     4.4917  0.000e+00
     52.053     7.1470   3.345415    32.8238       1080     4.4958  0.000e+00
     51.864     7.1411   3.342537    32.7981       1081     4.5000  0.000e+00
     51.672     7.1278   3.342288    32.8081       1082     4.5042  0.000e+00
     51.476     7.1159   3.342205    32.8187       1083     4.5083  0.000e+00
     51.284     7.1092   3.341825    32.8210       1084     4.5125  0.000e+00
     51.090     7.1052   3.341386    32.8201       1085     4.5167  0.000e+00
     50.892     7.1004   3.338432    32.7926       1086     4.5208  0.000e+00
     50.689     7.0882   3.337323    32.7922       1087     4.5250  0.000e+00
     50.475     7.0742   3.337365    32.8061       1088     4.5292  0.000e+00
     50.259     7.0657   3.337614    32.8170       1089     4.5333  0.000e+00
     50.038     7.0630   3.338830    32.8330       1090     4.5375  0.000e+00
     49.808     7.0665   3.340508    32.8480       1091     4.5417  0.000e+00
     49.567     7.0761   3.340757    32.8417       1092     4.5458  0.000e+00
     49.326     7.0848   3.340365    32.8292       1093     4.5500  0.000e+00
     49.093     7.0885   3.340359    32.8257       1094     4.5542  0.000e+00
     48.850     7.0901   3.340864    32.8299       1095     4.5583  0.000e+00
     48.611     7.0928   3.342436    32.8445       1096     4.5625  0.000e+00
     48.374     7.1015   3.344418    32.8580       1097     4.5667  0.000e+00
     48.140     7.1165   3.344613    32.8459       1098     4.5708  0.000e+00
     47.921     7.1288   3.344637    32.8345       1099     4.5750  0.000e+00
     47.718     7.1356   3.344542    32.8271       1100     4.5792  0.000e+00
     47.518     7.1385   3.344595    32.8251       1101     4.5833  0.000e+00
     47.320     7.1401   3.344156    32.8189       1102     4.5875  0.000e+00
     47.139     7.1401   3.344102    32.8184       1103     4.5917  0.000e+00
     46.952     7.1401   3.344529    32.8232       1104     4.5958  0.000e+00
     46.785     7.1420   3.345242    32.8292       1105     4.6000  0.000e+00
     46.628     7.1470   3.345414    32.8264       1106     4.6042  0.000e+00
     46.466     7.1526   3.345378    32.8207       1107     4.6083  0.000e+00
     46.308     7.1565   3.345413    32.8174       1108     4.6125  0.000e+00
     46.150     7.1593   3.345538    32.8162       1109     4.6167  0.000e+00
     45.999     7.1620   3.345775    32.8163       1110     4.6208  0.000e+00
     45.845     7.1652   3.345852    32.8142       1111     4.6250  0.000e+00
     45.695     7.1678   3.346001    32.8134       1112     4.6292  0.000e+00
     45.544     7.1701   3.346315    32.8147       1113     4.6333  0.000e+00
     45.393     7.1729   3.346903    32.8186       1114     4.6375  0.000e+00
     45.237     7.1774   3.347639    32.8223       1115     4.6417  0.000e+00
     45.070     7.1838   3.348334    32.8239       1116     4.6458  0.000e+00
     44.879     7.1918   3.350519    32.8401       1117     4.6500  0.000e+00
     44.674     7.2067   3.353043    32.8535       1118     4.6542  0.000e+00
     44.460     7.2293   3.352407    32.8252       1119     4.6583  0.000e+00
     44.230     7.2456   3.353447    32.8211       1120     4.6625  0.000e+00
     43.980     7.2578   3.354177    32.8176       1121     4.6667  0.000e+00
     43.725     7.2683   3.354807    32.8145       1122     4.6708  0.000e+00
     43.465     7.2774   3.355591    32.8145       1123     4.6750  0.000e+00
     43.208     7.2861   3.356453    32.8158       1124     4.6792  0.000e+00
     42.958     7.2947   3.356619    32.8095       1125     4.6833  0.000e+00
     42.704     7.3010   3.356571    32.8032       1126     4.6875  0.000e+00
     42.463     7.3043   3.356619    32.8007       1127     4.6917  0.000e+00
     42.233     7.3061   3.356684    32.7997       1128     4.6958  0.000e+00
     42.007     7.3071   3.356892    32.8012       1129     4.7000  0.000e+00
     41.788     7.3087   3.357022    32.8012       1130     4.7042  0.000e+00
     41.574     7.3106   3.357759    32.8075       1131     4.7083  0.000e+00
     41.372     7.3146   3.357837    32.8046       1132     4.7125  0.000e+00
     41.176     7.3186   3.357735    32.7999       1133     4.7167  0.000e+00
     40.981     7.3206   3.357486    32.7954       1134     4.7208  0.000e+00
     40.790     7.3207   3.357396    32.7943       1135     4.7250  0.000e+00
     40.612     7.3203   3.357587    32.7969       1136     4.7292  0.000e+00
     40.438     7.3207   3.357818    32.7991       1137     4.7333  0.000e+00
     40.274     7.3228   3.358116    32.8004       1138     4.7375  0.000e+00
     40.120     7.3262   3.358579    32.8023       1139     4.7417  0.000e+00
     39.967     7.3307   3.359233    32.8052       1140     4.7458  0.000e+00
     39.828     7.3361   3.359381    32.8017       1141     4.7500  0.000e+00
     39.683     7.3406   3.359215    32.7957       1142     4.7542  0.000e+00
     39.523     7.3429   3.360119    32.8034       1143     4.7583  0.000e+00
     39.363     7.3469   3.360184    32.8004       1144     4.7625  0.000e+00
     39.187     7.3501   3.360499    32.8009       1145     4.7667  0.000e+00
     39.002     7.3534   3.360796    32.8011       1146     4.7708  0.000e+00
     38.816     7.3564   3.360992    32.8004       1147     4.7750  0.000e+00
     38.615     7.3593   3.361111    32.7990       1148     4.7792  0.000e+00
     38.417     7.3613   3.361236    32.7986       1149     4.7833  0.000e+00
     38.200     7.3630   3.361450    32.7994       1150     4.7875  0.000e+00
     37.981     7.3647   3.361616    32.7998       1151     4.7917  0.000e+00
     37.763     7.3668   3.363519    32.8184       1152     4.7958  0.000e+00
     37.531     7.3757   3.367369    32.8518       1153     4.8000  0.000e+00
     37.312     7.3976   3.368803    32.8466       1154     4.8042  0.000e+00
     37.087     7.4222   3.369386    32.8297       1155     4.8083  0.000e+00
     36.877     7.4402   3.369927    32.8187       1156     4.8125  0.000e+00
     36.679     7.4533   3.370326    32.8106       1157     4.8167  0.000e+00
     36.496     7.4637   3.371320    32.8116       1158     4.8208  0.000e+00
     36.320     7.4739   3.371701    32.8062       1159     4.8250  0.000e+00
     36.154     7.4823   3.371831    32.7997       1160     4.8292  0.000e+00
     35.996     7.4878   3.372468    32.8015       1161     4.8333  0.000e+00
     35.842     7.4944   3.373165    32.8028       1162     4.8375  0.000e+00
     35.680     7.5050   3.373617    32.7977       1163     4.8417  0.000e+00
     35.531     7.5158   3.373820    32.7898       1164     4.8458  0.000e+00
     35.369     7.5266   3.374010    32.7818       1165     4.8500  0.000e+00
     35.189     7.5358   3.374183    32.7750       1166     4.8542  0.000e+00
     34.999     7.5429   3.373736    32.7636       1167     4.8583  0.000e+00
     34.801     7.5466   3.372700    32.7490       1168     4.8625  0.000e+00
     34.598     7.5452   3.371116    32.7333       1169     4.8667  0.000e+00
     34.386     7.5391   3.365985    32.6839       1170     4.8708  0.000e+00
     34.181     7.5194   3.360811    32.6468       1171     4.8750  0.000e+00
     33.971     7.4870   3.356590    32.6319       1172     4.8792  0.000e+00
     33.766     7.4516   3.352449    32.6206       1173     4.8833  0.000e+00
     33.566     7.4157   3.348998    32.6172       1174     4.8875  0.000e+00
     33.368     7.3812   3.346054    32.6179       1175     4.8917  0.000e+00
     33.171     7.3517   3.341063    32.5918       1176     4.8958  0.000e+00
     32.960     7.3212   3.338448    32.5923       1177     4.9000  0.000e+00
     32.750     7.2926   3.338744    32.6226       1178     4.9042  0.000e+00
     32.527     7.2762   3.338341    32.6338       1179     4.9083  0.000e+00
     32.297     7.2680   3.337481    32.6323       1180     4.9125  0.000e+00
     32.051     7.2605   3.335537    32.6184       1181     4.9167  0.000e+00
     31.806     7.2508   3.335293    32.6251       1182     4.9208  0.000e+00
     31.553     7.2419   3.335015    32.6306       1183     4.9250  0.000e+00
     31.312     7.2367   3.334784    32.6331       1184     4.9292  0.000e+00
     31.079     7.2331   3.333361    32.6212       1185     4.9333  0.000e+00
     30.861     7.2268   3.332336    32.6161       1186     4.9375  0.000e+00
     30.662     7.2176   3.330416    32.6040       1187     4.9417  0.000e+00
     30.473     7.2065   3.327868    32.5869       1188     4.9458  0.000e+00
     30.318     7.1905   3.328170    32.6054       1189     4.9500  0.000e+00
     30.182     7.1790   3.329332    32.6289       1190     4.9542  0.000e+00
     30.065     7.1771   3.327993    32.6162       1191     4.9583  0.000e+00
     29.952     7.1741   3.325470    32.5917       1192     4.9625  0.000e+00
     29.851     7.1626   3.325310    32.6008       1193     4.9667  0.000e+00
     29.761     7.1531   3.325032    32.6069       1194     4.9708  0.000e+00
     29.653     7.1470   3.324511    32.6070       1195     4.9750  0.000e+00
     29.553     7.1420   3.323451    32.6003       1196     4.9792  0.000e+00
     29.445     7.1351   3.321758    32.5884       1197     4.9833  0.000e+00
     29.319     7.1245   3.318763    32.5659       1198     4.9875  0.000e+00
     29.166     7.1079   3.318764    32.5816       1199     4.9917  0.000e+00
     29.013     7.0955   3.317687    32.5817       1200     4.9958  0.000e+00
     28.826     7.0844   3.316314    32.5774       1201     5.0000  0.000e+00
     28.625     7.0736   3.314410    32.5669       1202     5.0042  0.000e+00
     28.402     7.0599   3.309834    32.5301       1203     5.0083  0.000e+00
     28.170     7.0352   3.304038    32.4903       1204     5.0125  0.000e+00
     27.924     6.9975   3.296121    32.4396       1205     5.0167  0.000e+00
     27.674     6.9447   3.289733    32.4198       1206     5.0208  0.000e+00
     27.415     6.8860   3.284410    32.4171       1207     5.0250  0.000e+00
     27.166     6.8315   3.279910    32.4194       1208     5.0292  0.000e+00
     26.918     6.7856   3.276877    32.4297       1209     5.0333  0.000e+00
     26.689     6.7491   3.275936    32.4540       1210     5.0375  0.000e+00
     26.468     6.7247   3.275771    32.4754       1211     5.0417  0.000e+00
     26.262     6.7118   3.276183    32.4922       1212     5.0458  0.000e+00
     26.069     6.7077   3.276695    32.5018       1213     5.0500  0.000e+00
     25.882     6.7093   3.277372    32.5079       1214     5.0542  0.000e+00
     25.706     6.7145   3.278291    32.5131       1215     5.0583  0.000e+00
     25.539     6.7228   3.278885    32.5118       1216     5.0625  0.000e+00
     25.376     6.7310   3.279521    32.5111       1217     5.0667  0.000e+00
     25.216     6.7391   3.279686    32.5053       1218     5.0708  0.000e+00
     25.052     6.7457   3.279710    32.4994       1219     5.0750  0.000e+00
     24.883     6.7498   3.280016    32.4990       1220     5.0792  0.000e+00
     24.702     6.7533   3.279992    32.4954       1221     5.0833  0.000e+00
     24.518     6.7581   3.279992    32.4910       1222     5.0875  0.000e+00
     24.328     6.7631   3.280092    32.4875       1223     5.0917  0.000e+00
     24.121     6.7682   3.280445    32.4866       1224     5.0958  0.000e+00
     23.907     6.7776   3.281818    32.4928       1225     5.1000  0.000e+00
     23.700     6.7990   3.282477    32.4799       1226     5.1042  0.000e+00
     23.490     6.8217   3.282972    32.4640       1227     5.1083  0.000e+00
     23.291     6.8398   3.284079    32.4591       1228     5.1125  0.000e+00
     23.089     6.8570   3.284857    32.4514       1229     5.1167  0.000e+00
     22.902     6.8725   3.285800    32.4472       1230     5.1208  0.000e+00
     22.724     6.8857   3.286542    32.4429       1231     5.1250  0.000e+00
     22.556     6.8972   3.286707    32.4340       1232     5.1292  0.000e+00
     22.408     6.9051   3.286748    32.4270       1233     5.1333  0.000e+00
     22.272     6.9097   3.286500    32.4200       1234     5.1375  0.000e+00
     22.139     6.9120   3.286052    32.4130       1235     5.1417  0.000e+00
     22.015     6.9135   3.285840    32.4093       1236     5.1458  0.000e+00
     21.901     6.9163   3.285599    32.4041       1237     5.1500  0.000e+00
     21.772     6.9191   3.285374    32.3991       1238     5.1542  0.000e+00
     21.652     6.9213   3.285168    32.3948       1239     5.1583  0.000e+00
     21.515     6.9231   3.285127    32.3928       1240     5.1625  0.000e+00
