HB2402/sbe037.cnv
* Sea-Bird SBE 19plus V2 Data File:
* FileName = C:\cruise\data\sbe037.hex
* Software Version Seasave V 7.26.7.121
* Temperature SN = 7142
* Conductivity SN = 7142
* System UpLoad Time = Mar 20 2024 17:30:01
* NMEA Latitude = 39 42.96 N
* NMEA Longitude = 073 55.39 W
* NMEA UTC (Time) = Mar 20 2024  17:29:18
** Ship: Bigelow
** Cruise:  HB2304
** Program:  Fall Bottom Trawl
# nquan = 7
# nvalues = 1336                                  
# units = specified
# name 0 = depSM: Depth [salt water, m]
# name 1 = tv290C: Temperature [ITS-90, deg C]
# name 2 = c0S/m: Conductivity [S/m]
# name 3 = sal00: Salinity, Practical [PSU]
# name 4 = scan: Scan Count
# name 5 = timeM: Time, Elapsed [minutes]
# name 6 = flag:  0.000e+00
# span 0 =     -0.181,     21.364                 
# span 1 =     6.7599,    10.7869                 
# span 2 =   0.000026,   3.219259                 
# span 3 =     0.0055,    31.1245                 
# span 4 =         11,       1346                 
# span 5 =     0.0417,     5.6042                 
# span 6 = 0.0000e+00, 0.0000e+00                 
# interval = seconds: 0.25
# start_time = Mar 20 2024 17:29:18 [NMEA time, header]
# bad_flag = -9.990e-29
*END*
[from data line 821]
     11.428     7.7152   3.136085    30.0778        832     3.4625  0.000e+00
     11.400     7.7144   3.136102    30.0787        833     3.4667  0.000e+00
     11.369     7.7139   3.136142    30.0795        834     3.4708  0.000e+00
     11.326     7.7141   3.136200    30.0800        835     3.4750  0.000e+00
     11.276     7.7142   3.136154    30.0795        836     3.4792  0.000e+00
     11.220     7.7148   3.136200    30.0794        837     3.4833  0.000e+00
     11.161     7.7162   3.136281    30.0791        838     3.4875  0.000e+00
     11.094     7.7192   3.136536    30.0793        839     3.4917  0.000e+00
     11.031     7.7269   3.136929    30.0768        840     3.4958  0.000e+00
     10.974     7.7388   3.137427    30.0719        841     3.5000  0.000e+00
     10.925     7.7513   3.137855    30.0657        842     3.5042  0.000e+00
     10.888     7.7622   3.138093    30.0588        843     3.5083  0.000e+00
     10.859     7.7703   3.138266    30.0536        844     3.5125  0.000e+00
     10.848     7.7763   3.138405    30.0499        845     3.5167  0.000e+00
     10.852     7.7804   3.138347    30.0458        846     3.5208  0.000e+00
     10.864     7.7831   3.138208    30.0420        847     3.5250  0.000e+00
     10.884     7.7832   3.138532    30.0453        848     3.5292  0.000e+00
     10.911     7.7845   3.138660    30.0456        849     3.5333  0.000e+00
     10.938     7.7861   3.137293    30.0297        850     3.5375  0.000e+00
     10.967     7.7779   3.136628    30.0297        851     3.5417  0.000e+00
     10.990     7.7625   3.136501    30.0416        852     3.5458  0.000e+00
     11.006     7.7502   3.136258    30.0497        853     3.5500  0.000e+00
     11.022     7.7403   3.136125    30.0567        854     3.5542  0.000e+00
     11.019     7.7316   3.136200    30.0651        855     3.5583  0.000e+00
     11.017     7.7266   3.136275    30.0702        856     3.5625  0.000e+00
     11.012     7.7242   3.136165    30.0710        857     3.5667  0.000e+00
     10.997     7.7241   3.136322    30.0728        858     3.5708  0.000e+00
     10.990     7.7250   3.136339    30.0722        859     3.5750  0.000e+00
     10.979     7.7267   3.136339    30.0708        860     3.5792  0.000e+00
     10.968     7.7278   3.136316    30.0696        861     3.5833  0.000e+00
     10.956     7.7274   3.136356    30.0703        862     3.5875  0.000e+00
     10.936     7.7282   3.136495    30.0712        863     3.5917  0.000e+00
     10.918     7.7299   3.136536    30.0701        864     3.5958  0.000e+00
     10.886     7.7318   3.136623    30.0694        865     3.6000  0.000e+00
     10.861     7.7349   3.136686    30.0674        866     3.6042  0.000e+00
     10.823     7.7392   3.136785    30.0648        867     3.6083  0.000e+00
     10.785     7.7440   3.136883    30.0617        868     3.6125  0.000e+00
     10.746     7.7493   3.136929    30.0576        869     3.6167  0.000e+00
     10.710     7.7538   3.136964    30.0541        870     3.6208  0.000e+00
     10.674     7.7569   3.137039    30.0523        871     3.6250  0.000e+00
     10.647     7.7595   3.137079    30.0505        872     3.6292  0.000e+00
     10.629     7.7618   3.137259    30.0504        873     3.6333  0.000e+00
     10.613     7.7643   3.137213    30.0478        874     3.6375  0.000e+00
     10.607     7.7664   3.137369    30.0476        875     3.6417  0.000e+00
     10.598     7.7680   3.137548    30.0482        876     3.6458  0.000e+00
     10.607     7.7702   3.137815    30.0490        877     3.6500  0.000e+00
     10.613     7.7733   3.138168    30.0501        878     3.6542  0.000e+00
     10.627     7.7776   3.138208    30.0469        879     3.6583  0.000e+00
     10.643     7.7807   3.138307    30.0452        880     3.6625  0.000e+00
     10.656     7.7831   3.138283    30.0429        881     3.6667  0.000e+00
     10.672     7.7845   3.138480    30.0438        882     3.6708  0.000e+00
     10.681     7.7863   3.138909    30.0468        883     3.6750  0.000e+00
     10.676     7.7904   3.138619    30.0401        884     3.6792  0.000e+00
     10.668     7.7917   3.138735    30.0403        885     3.6833  0.000e+00
     10.658     7.7923   3.139372    30.0465        886     3.6875  0.000e+00
     10.640     7.7969   3.139945    30.0486        887     3.6917  0.000e+00
     10.620     7.8043   3.140142    30.0444        888     3.6958  0.000e+00
     10.600     7.8105   3.140003    30.0375        889     3.7000  0.000e+00
     10.573     7.8133   3.140339    30.0387        890     3.7042  0.000e+00
     10.546     7.8166   3.140802    30.0407        891     3.7083  0.000e+00
     10.523     7.8215   3.140976    30.0384        892     3.7125  0.000e+00
     10.500     7.8257   3.140900    30.0340        893     3.7167  0.000e+00
     10.469     7.8282   3.140709    30.0299        894     3.7208  0.000e+00
     10.444     7.8279   3.140587    30.0288        895     3.7250  0.000e+00
     10.417     7.8271   3.140645    30.0301        896     3.7292  0.000e+00
     10.388     7.8262   3.140159    30.0258        897     3.7333  0.000e+00
     10.374     7.8237   3.140709    30.0338        898     3.7375  0.000e+00
     10.347     7.8237   3.140668    30.0333        899     3.7417  0.000e+00
     10.329     7.8251   3.140900    30.0346        900     3.7458  0.000e+00
     10.314     7.8270   3.140941    30.0333        901     3.7500  0.000e+00
     10.305     7.8283   3.140199    30.0244        902     3.7542  0.000e+00
     10.305     7.8248   3.140726    30.0330        903     3.7583  0.000e+00
     10.307     7.8242   3.140391    30.0300        904     3.7625  0.000e+00
     10.305     7.8228   3.139904    30.0260        905     3.7667  0.000e+00
     10.318     7.8190   3.139557    30.0256        906     3.7708  0.000e+00
     10.331     7.8142   3.139146    30.0254        907     3.7750  0.000e+00
     10.343     7.8086   3.139244    30.0312        908     3.7792  0.000e+00
     10.356     7.8043   3.139123    30.0336        909     3.7833  0.000e+00
     10.372     7.8022   3.139007    30.0342        910     3.7875  0.000e+00
     10.376     7.8002   3.138903    30.0349        911     3.7917  0.000e+00
     10.379     7.7981   3.139186    30.0396        912     3.7958  0.000e+00
     10.365     7.7981   3.140142    30.0497        913     3.8000  0.000e+00
     10.343     7.8041   3.140628    30.0498        914     3.8042  0.000e+00
     10.311     7.8123   3.140686    30.0433        915     3.8083  0.000e+00
     10.266     7.8178   3.140790    30.0397        916     3.8125  0.000e+00
     10.207     7.8212   3.141114    30.0402        917     3.8167  0.000e+00
     10.158     7.8251   3.140958    30.0352        918     3.8208  0.000e+00
     10.099     7.8276   3.141195    30.0356        919     3.8250  0.000e+00
     10.050     7.8297   3.141323    30.0352        920     3.8292  0.000e+00
     10.013     7.8319   3.141914    30.0396        921     3.8333  0.000e+00
      9.977     7.8360   3.142110    30.0381        922     3.8375  0.000e+00
      9.953     7.8397   3.142597    30.0401        923     3.8417  0.000e+00
      9.939     7.8441   3.142863    30.0392        924     3.8458  0.000e+00
      9.935     7.8486   3.142968    30.0364        925     3.8500  0.000e+00
      9.941     7.8522   3.142910    30.0327        926     3.8542  0.000e+00
      9.941     7.8537   3.142481    30.0269        927     3.8583  0.000e+00
      9.948     7.8521   3.142521    30.0287        928     3.8625  0.000e+00
      9.957     7.8497   3.141942    30.0246        929     3.8667  0.000e+00
      9.950     7.8464   3.142267    30.0309        930     3.8708  0.000e+00
      9.950     7.8442   3.141172    30.0212        931     3.8750  0.000e+00
      9.934     7.8386   3.141699    30.0316        932     3.8792  0.000e+00
      9.919     7.8353   3.142887    30.0470        933     3.8833  0.000e+00
      9.910     7.8413   3.142713    30.0400        934     3.8875  0.000e+00
      9.887     7.8464   3.143165    30.0404        935     3.8917  0.000e+00
      9.880     7.8497   3.142597    30.0315        936     3.8958  0.000e+00
      9.864     7.8495   3.141838    30.0237        937     3.9000  0.000e+00
      9.853     7.8450   3.141572    30.0248        938     3.9042  0.000e+00
      9.844     7.8399   3.141699    30.0305        939     3.9083  0.000e+00
      9.826     7.8374   3.142110    30.0370        940     3.9125  0.000e+00
      9.804     7.8385   3.142991    30.0454        941     3.9167  0.000e+00
      9.781     7.8435   3.143582    30.0474        942     3.9208  0.000e+00
      9.749     7.8511   3.143518    30.0402        943     3.9250  0.000e+00
      9.711     7.8557   3.143692    30.0380        944     3.9292  0.000e+00
      9.666     7.8586   3.143865    30.0374        945     3.9333  0.000e+00
      9.616     7.8614   3.144282    30.0394        946     3.9375  0.000e+00
      9.574     7.8648   3.144433    30.0381        947     3.9417  0.000e+00
      9.535     7.8683   3.144804    30.0390        948     3.9458  0.000e+00
      9.511     7.8718   3.145157    30.0397        949     3.9500  0.000e+00
      9.501     7.8762   3.145644    30.0411        950     3.9542  0.000e+00
      9.495     7.8815   3.145702    30.0372        951     3.9583  0.000e+00
      9.501     7.8856   3.145765    30.0344        952     3.9625  0.000e+00
      9.522     7.8880   3.145041    30.0246        953     3.9667  0.000e+00
      9.544     7.8859   3.144728    30.0231        954     3.9708  0.000e+00
      9.572     7.8816   3.143378    30.0125        955     3.9750  0.000e+00
      9.603     7.8724   3.141716    30.0028        956     3.9792  0.000e+00
      9.632     7.8563   3.141328    30.0126        957     3.9833  0.000e+00
      9.650     7.8425   3.141212    30.0232        958     3.9875  0.000e+00
      9.671     7.8341   3.141230    30.0306        959     3.9917  0.000e+00
      9.675     7.8305   3.141531    30.0369        960     3.9958  0.000e+00
      9.673     7.8301   3.141583    30.0378        961     4.0000  0.000e+00
      9.664     7.8308   3.141641    30.0378        962     4.0042  0.000e+00
      9.646     7.8318   3.141838    30.0390        963     4.0083  0.000e+00
      9.621     7.8334   3.141467    30.0338        964     4.0125  0.000e+00
      9.589     7.8327   3.141682    30.0366        965     4.0167  0.000e+00
      9.546     7.8326   3.141896    30.0390        966     4.0208  0.000e+00
      9.492     7.8340   3.141994    30.0388        967     4.0250  0.000e+00
      9.427     7.8356   3.142521    30.0431        968     4.0292  0.000e+00
      9.361     7.8396   3.142533    30.0398        969     4.0333  0.000e+00
      9.289     7.8430   3.142736    30.0390        970     4.0375  0.000e+00
      9.202     7.8462   3.142753    30.0365        971     4.0417  0.000e+00
      9.123     7.8483   3.143066    30.0381        972     4.0458  0.000e+00
      9.048     7.8507   3.143112    30.0365        973     4.0500  0.000e+00
      8.985     7.8530   3.143280    30.0363        974     4.0542  0.000e+00
      8.933     7.8550   3.143361    30.0355        975     4.0583  0.000e+00
      8.895     7.8572   3.143732    30.0376        976     4.0625  0.000e+00
      8.868     7.8596   3.143807    30.0363        977     4.0667  0.000e+00
      8.856     7.8622   3.144016    30.0362        978     4.0708  0.000e+00
      8.861     7.8645   3.144045    30.0346        979     4.0750  0.000e+00
      8.883     7.8663   3.143888    30.0314        980     4.0792  0.000e+00
      8.911     7.8667   3.143436    30.0262        981     4.0833  0.000e+00
      8.940     7.8643   3.143297    30.0268        982     4.0875  0.000e+00
      8.978     7.8618   3.142892    30.0247        983     4.0917  0.000e+00
      9.016     7.8576   3.142382    30.0228        984     4.0958  0.000e+00
      9.041     7.8532   3.142712    30.0301        985     4.1000  0.000e+00
      9.073     7.8507   3.142718    30.0323        986     4.1042  0.000e+00
      9.084     7.8507   3.142539    30.0305        987     4.1083  0.000e+00
      9.086     7.8495   3.142208    30.0279        988     4.1125  0.000e+00
      9.073     7.8469   3.141600    30.0238        989     4.1167  0.000e+00
      9.042     7.8419   3.141427    30.0262        990     4.1208  0.000e+00
      9.007     7.8367   3.141259    30.0289        991     4.1250  0.000e+00
      8.956     7.8337   3.141815    30.0375        992     4.1292  0.000e+00
      8.901     7.8341   3.142712    30.0466        993     4.1333  0.000e+00
      8.838     7.8409   3.145238    30.0675        994     4.1375  0.000e+00
      8.777     7.8565   3.146073    30.0629        995     4.1417  0.000e+00
      8.723     7.8738   3.146096    30.0483        996     4.1458  0.000e+00
      8.667     7.8843   3.145881    30.0370        997     4.1500  0.000e+00
      8.615     7.8887   3.145800    30.0324        998     4.1542  0.000e+00
      8.572     7.8899   3.146136    30.0350        999     4.1583  0.000e+00
      8.532     7.8915   3.145580    30.0277       1000     4.1625  0.000e+00
      8.503     7.8910   3.145643    30.0288       1001     4.1667  0.000e+00
      8.482     7.8897   3.145174    30.0250       1002     4.1708  0.000e+00
      8.469     7.8866   3.145116    30.0271       1003     4.1750  0.000e+00
      8.458     7.8831   3.144305    30.0215       1004     4.1792  0.000e+00
      8.455     7.8782   3.143847    30.0209       1005     4.1833  0.000e+00
      8.451     7.8716   3.143320    30.0210       1006     4.1875  0.000e+00
      8.450     7.8647   3.143204    30.0257       1007     4.1917  0.000e+00
      8.450     7.8598   3.143065    30.0284       1008     4.1958  0.000e+00
      8.459     7.8575   3.145087    30.0518       1009     4.2000  0.000e+00
      8.466     7.8645   3.145667    30.0519       1010     4.2042  0.000e+00
      8.485     7.8756   3.145626    30.0419       1011     4.2083  0.000e+00
      8.502     7.8818   3.145470    30.0349       1012     4.2125  0.000e+00
      8.516     7.8844   3.145823    30.0364       1013     4.2167  0.000e+00
      8.523     7.8869   3.146292    30.0392       1014     4.2208  0.000e+00
      8.529     7.8910   3.146368    30.0365       1015     4.2250  0.000e+00
      8.523     7.8944   3.146426    30.0342       1016     4.2292  0.000e+00
      8.505     7.8966   3.146507    30.0332       1017     4.2333  0.000e+00
      8.477     7.8983   3.146402    30.0306       1018     4.2375  0.000e+00
      8.426     7.8987   3.146194    30.0281       1019     4.2417  0.000e+00
      8.358     7.8977   3.146252    30.0296       1020     4.2458  0.000e+00
      8.282     7.8971   3.146507    30.0328       1021     4.2500  0.000e+00
      8.205     7.8979   3.146681    30.0340       1022     4.2542  0.000e+00
      8.135     7.8999   3.146420    30.0296       1023     4.2583  0.000e+00
      8.067     7.8999   3.146078    30.0260       1024     4.2625  0.000e+00
      8.006     7.8978   3.145643    30.0232       1025     4.2667  0.000e+00
      7.959     7.8940   3.145452    30.0244       1026     4.2708  0.000e+00
      7.918     7.8903   3.145701    30.0303       1027     4.2750  0.000e+00
      7.885     7.8890   3.146037    30.0350       1028     4.2792  0.000e+00
      7.866     7.8907   3.146055    30.0337       1029     4.2833  0.000e+00
      7.848     7.8926   3.146014    30.0316       1030     4.2875  0.000e+00
      7.839     7.8933   3.146113    30.0321       1031     4.2917  0.000e+00
      7.830     7.8939   3.146240    30.0329       1032     4.2958  0.000e+00
      7.822     7.8953   3.146483    30.0343       1033     4.3000  0.000e+00
      7.808     7.8972   3.146738    30.0354       1034     4.3042  0.000e+00
      7.801     7.8993   3.146837    30.0346       1035     4.3083  0.000e+00
