HB2402/sbe085.cnv
* Sea-Bird SBE 19plus V2 Data File:
* FileName = C:\cruise\data\sbe085.hex
* Software Version Seasave V 7.26.7.121
* Temperature SN = 7037
* Conductivity SN = 7037
* System UpLoad Time = Apr 17 2024 18:48:51
* NMEA Latitude = 41 03.28 N
* NMEA Longitude = 068 16.41 W
* NMEA UTC (Time) = Apr 17 2024  18:47:24
** Ship: Bigelow
** Cruise:  HB2304
** Program:  Fall Bottom Trawl
# nquan = 8
# nvalues = 1448                                  
# units = specified
# name 0 = depSM: Depth [salt water, m]
# name 1 = tv290C: Temperature [ITS-90, deg C]
# name 2 = c0S/m: Conductivity [S/m]
# name 3 = sal00: Salinity, Practical [PSU]
# name 4 = scan: Scan Count
# name 5 = timeM: Time, Elapsed [minutes]
# name 6 = sbeox0V: Oxygen raw, SBE 43 [V]
# name 7 = flag:  0.000e+00
# span 0 =      0.030,     38.786                 
# span 1 =     6.5800,    12.4767                 
# span 2 =   0.000076,   3.407404                 
# span 3 =     0.0064,    32.7993                 
# span 4 =         11,       1458                 
# span 5 =     0.0417,     6.0708                 
# span 6 =     2.0402,     2.4627                 
# span 7 = 0.0000e+00, 0.0000e+00                 
# interval = seconds: 0.25
# start_time = Apr 17 2024 18:47:24 [NMEA time, header]
# bad_flag = -9.990e-29
*END*
      0.074    12.3373   0.000084     0.0064         11     0.0417     2.3898  0.000e+00
      0.074    12.3412   0.000081     0.0064         12     0.0458     2.3905  0.000e+00
      0.074    12.3454   0.000084     0.0064         13     0.0500     2.3893  0.000e+00
      0.074    12.3475   0.000089     0.0065         14     0.0542     2.3899  0.000e+00
      0.070    12.3479   0.000079     0.0064         15     0.0583     2.3900  0.000e+00
      0.072    12.3473   0.000084     0.0064         16     0.0625     2.3893  0.000e+00
      0.072    12.3475   0.000084     0.0064         17     0.0667     2.3896  0.000e+00
      0.070    12.3491   0.000084     0.0064         18     0.0708     2.3896  0.000e+00
      0.072    12.3518   0.000081     0.0064         19     0.0750     2.3893  0.000e+00
      0.068    12.3543   0.000079     0.0064         20     0.0792     2.3903  0.000e+00
      0.072    12.3553   0.000084     0.0064         21     0.0833     2.3912  0.000e+00
      0.070    12.3565   0.000089     0.0065         22     0.0875     2.3902  0.000e+00
      0.072    12.3585   0.000084     0.0065         23     0.0917     2.3901  0.000e+00
      0.072    12.3617   0.000084     0.0065         24     0.0958     2.3900  0.000e+00
      0.072    12.3643   0.000087     0.0065         25     0.1000     2.3900  0.000e+00
      0.072    12.3665   0.000084     0.0065         26     0.1042     2.3902  0.000e+00
      0.070    12.3680   0.000079     0.0064         27     0.1083     2.3893  0.000e+00
      0.070    12.3685   0.000089     0.0065         28     0.1125     2.3905  0.000e+00
      0.072    12.3684   0.000089     0.0065         29     0.1167     2.3898  0.000e+00
      0.072    12.3669   0.000079     0.0064         30     0.1208     2.3899  0.000e+00
      0.074    12.3658   0.000084     0.0065         31     0.1250     2.3902  0.000e+00
      0.074    12.3652   0.000087     0.0065         32     0.1292     2.3902  0.000e+00
      0.074    12.3648   0.000084     0.0065         33     0.1333     2.3898  0.000e+00
      0.075    12.3642   0.000079     0.0064         34     0.1375     2.3902  0.000e+00
      0.075    12.3637   0.000079     0.0064         35     0.1417     2.3892  0.000e+00
      0.072    12.3629   0.000084     0.0065         36     0.1458     2.3902  0.000e+00
      0.072    12.3617   0.000084     0.0065         37     0.1500     2.3896  0.000e+00
      0.068    12.3609   0.000084     0.0065         38     0.1542     2.3898  0.000e+00
      0.070    12.3609   0.000081     0.0064         39     0.1583     2.3900  0.000e+00
      0.072    12.3614   0.000084     0.0065         40     0.1625     2.3898  0.000e+00
      0.072    12.3623   0.000079     0.0064         41     0.1667     2.3897  0.000e+00
      0.068    12.3629   0.000089     0.0065         42     0.1708     2.3902  0.000e+00
      0.072    12.3630   0.000084     0.0065         43     0.1750     2.3896  0.000e+00
      0.068    12.3633   0.000079     0.0064         44     0.1792     2.3896  0.000e+00
      0.068    12.3641   0.000081     0.0064         45     0.1833     2.3901  0.000e+00
      0.063    12.3657   0.000079     0.0064         46     0.1875     2.3896  0.000e+00
      0.067    12.3685   0.000084     0.0065         47     0.1917     2.3901  0.000e+00
      0.074    12.3717   0.000079     0.0064         48     0.1958     2.3898  0.000e+00
      0.070    12.3740   0.000084     0.0065         49     0.2000     2.3904  0.000e+00
      0.067    12.3756   0.000084     0.0065         50     0.2042     2.3900  0.000e+00
      0.072    12.3767   0.000084     0.0065         51     0.2083     2.3901  0.000e+00
      0.083    12.3782   0.000081     0.0065         52     0.2125     2.3901  0.000e+00
      0.072    12.3801   0.000079     0.0065         53     0.2167     2.3904  0.000e+00
      0.069    12.3819   0.000084     0.0065         54     0.2208     2.3895  0.000e+00
      0.070    12.3836   0.000079     0.0065         55     0.2250     2.3903  0.000e+00
      0.074    12.3849   0.000084     0.0065         56     0.2292     2.3901  0.000e+00
      0.070    12.3858   0.000084     0.0065         57     0.2333     2.3892  0.000e+00
      0.069    12.3871   0.000081     0.0065         58     0.2375     2.3908  0.000e+00
      0.068    12.3881   0.000084     0.0065         59     0.2417     2.3901  0.000e+00
      0.070    12.3893   0.000084     0.0065         60     0.2458     2.3901  0.000e+00
      0.072    12.3901   0.000079     0.0065         61     0.2500     2.3900  0.000e+00
      0.067    12.3909   0.000089     0.0065         62     0.2542     2.3899  0.000e+00
      0.070    12.3913   0.000084     0.0065         63     0.2583     2.3896  0.000e+00
      0.072    12.3917   0.000084     0.0065         64     0.2625     2.3895  0.000e+00
      0.070    12.3918   0.000081     0.0065         65     0.2667     2.3901  0.000e+00
      0.067    12.3916   0.000079     0.0065         66     0.2708     2.3898  0.000e+00
      0.072    12.3912   0.000084     0.0065         67     0.2750     2.3906  0.000e+00
      0.067    12.3913   0.000084     0.0065         68     0.2792     2.3899  0.000e+00
      0.069    12.3919   0.000084     0.0065         69     0.2833     2.3899  0.000e+00
      0.070    12.3925   0.000084     0.0065         70     0.2875     2.3896  0.000e+00
      0.067    12.3935   0.000087     0.0065         71     0.2917     2.3901  0.000e+00
      0.072    12.3948   0.000084     0.0065         72     0.2958     2.3899  0.000e+00
      0.067    12.3959   0.000084     0.0065         73     0.3000     2.3903  0.000e+00
      0.070    12.3971   0.000084     0.0065         74     0.3042     2.3898  0.000e+00
      0.070    12.3983   0.000084     0.0065         75     0.3083     2.3899  0.000e+00
      0.070    12.3991   0.000079     0.0065         76     0.3125     2.3899  0.000e+00
      0.069    12.3998   0.000084     0.0065         77     0.3167     2.3902  0.000e+00
      0.072    12.3999   0.000081     0.0065         78     0.3208     2.3901  0.000e+00
      0.070    12.3992   0.000084     0.0065         79     0.3250     2.3896  0.000e+00
      0.074    12.3978   0.000079     0.0065         80     0.3292     2.3912  0.000e+00
      0.076    12.3970   0.000084     0.0065         81     0.3333     2.3900  0.000e+00
      0.070    12.3961   0.000079     0.0065         82     0.3375     2.3902  0.000e+00
      0.070    12.3957   0.000084     0.0065         83     0.3417     2.3904  0.000e+00
      0.074    12.3952   0.000084     0.0065         84     0.3458     2.3901  0.000e+00
      0.072    12.3949   0.000087     0.0065         85     0.3500     2.3906  0.000e+00
      0.065    12.3944   0.000079     0.0065         86     0.3542     2.3902  0.000e+00
      0.065    12.3945   0.000084     0.0065         87     0.3583     2.3904  0.000e+00
      0.070    12.3953   0.000079     0.0065         88     0.3625     2.3906  0.000e+00
      0.069    12.3966   0.000079     0.0065         89     0.3667     2.3901  0.000e+00
      0.074    12.3978   0.000084     0.0065         90     0.3708     2.3896  0.000e+00
      0.069    12.3981   0.000081     0.0065         91     0.3750     2.3898  0.000e+00
      0.069    12.3980   0.000079     0.0065         92     0.3792     2.3900  0.000e+00
      0.069    12.3985   0.000084     0.0065         93     0.3833     2.3898  0.000e+00
      0.069    12.3996   0.000084     0.0065         94     0.3875     2.3908  0.000e+00
      0.069    12.4013   0.000084     0.0065         95     0.3917     2.3897  0.000e+00
      0.070    12.4030   0.000084     0.0065         96     0.3958     2.3902  0.000e+00
      0.056    12.4052   0.000084     0.0065         97     0.4000     2.3906  0.000e+00
      0.072    12.4077   0.000076     0.0065         98     0.4042     2.3906  0.000e+00
      0.070    12.4109   0.000084     0.0065         99     0.4083     2.3893  0.000e+00
      0.069    12.4138   0.000084     0.0065        100     0.4125     2.3909  0.000e+00
      0.070    12.4160   0.000084     0.0065        101     0.4167     2.3894  0.000e+00
      0.070    12.4176   0.000084     0.0065        102     0.4208     2.3907  0.000e+00
      0.070    12.4187   0.000084     0.0065        103     0.4250     2.3895  0.000e+00
      0.070    12.4192   0.000081     0.0065        104     0.4292     2.3902  0.000e+00
      0.074    12.4201   0.000084     0.0065        105     0.4333     2.3901  0.000e+00
      0.078    12.4202   0.000079     0.0065        106     0.4375     2.3902  0.000e+00
      0.074    12.4197   0.000079     0.0065        107     0.4417     2.3905  0.000e+00
      0.072    12.4194   0.000079     0.0065        108     0.4458     2.3907  0.000e+00
      0.074    12.4192   0.000084     0.0065        109     0.4500     2.3909  0.000e+00
      0.072    12.4193   0.000084     0.0065        110     0.4542     2.3902  0.000e+00
      0.076    12.4196   0.000081     0.0065        111     0.4583     2.3905  0.000e+00
      0.074    12.4202   0.000084     0.0065        112     0.4625     2.3912  0.000e+00
      0.072    12.4209   0.000079     0.0065        113     0.4667     2.3906  0.000e+00
      0.072    12.4223   0.000079     0.0065        114     0.4708     2.3909  0.000e+00
      0.072    12.4236   0.000079     0.0065        115     0.4750     2.3914  0.000e+00
      0.074    12.4253   0.000084     0.0065        116     0.4792     2.3911  0.000e+00
      0.074    12.4268   0.000081     0.0065        117     0.4833     2.3912  0.000e+00
      0.080    12.4286   0.000079     0.0065        118     0.4875     2.3906  0.000e+00
      0.076    12.4302   0.000084     0.0065        119     0.4917     2.3905  0.000e+00
      0.072    12.4318   0.000084     0.0065        120     0.4958     2.3909  0.000e+00
      0.074    12.4338   0.000084     0.0065        121     0.5000     2.3904  0.000e+00
      0.074    12.4359   0.000079     0.0065        122     0.5042     2.3914  0.000e+00
      0.074    12.4379   0.000079     0.0065        123     0.5083     2.3908  0.000e+00
      0.080    12.4397   0.000087     0.0065        124     0.5125     2.3910  0.000e+00
      0.085    12.4415   0.000084     0.0065        125     0.5167     2.3919  0.000e+00
      0.069    12.4421   0.000089     0.0065        126     0.5208     2.3912  0.000e+00
      0.067    12.4419   0.000084     0.0065        127     0.5250     2.3911  0.000e+00
      0.067    12.4425   0.000092     0.0065        128     0.5292     2.3912  0.000e+00
      0.262    12.4548   0.000084     0.0065        129     0.5333     2.3816  0.000e+00
      0.571    12.4767   0.054712     0.3533        130     0.5375     2.3291  0.000e+00
      0.844    12.4651   0.683289     5.0469        131     0.5417     2.3078  0.000e+00
      1.030    12.1727   1.962463    15.9005        132     0.5458     2.3042  0.000e+00
      1.176    11.3783   1.374265    11.0282        133     0.5500     2.3164  0.000e+00
      1.283    10.4946   2.326970    20.0412        134     0.5542     2.3281  0.000e+00
      1.384     9.8167   2.621052    23.2656        135     0.5583     2.3457  0.000e+00
      1.491     9.3407   1.980541    17.3483        136     0.5625     2.3571  0.000e+00
      1.583     9.0011   2.613050    23.7206        137     0.5667     2.3626  0.000e+00
      1.659     8.7751   3.099633    28.8137        138     0.5708     2.3677  0.000e+00
      1.731     8.6386   2.861700    26.4846        139     0.5750     2.3690  0.000e+00
      1.818     8.5534   3.077457    28.7656        140     0.5792     2.3682  0.000e+00
      1.917     8.4903   3.035834    28.3866        141     0.5833     2.3655  0.000e+00
      2.031     8.4418   3.345355    31.6496        142     0.5875     2.3605  0.000e+00
      2.148     8.4370   3.346727    31.6682        143     0.5917     2.3548  0.000e+00
      2.271     8.4305   3.358768    31.8004        144     0.5958     2.3503  0.000e+00
      2.389     8.4155   3.357575    31.8014        145     0.6000     2.3416  0.000e+00
      2.508     8.4040   3.365675    31.8968        146     0.6042     2.3352  0.000e+00
      2.623     8.3987   3.369445    31.9412        147     0.6083     2.3276  0.000e+00
      2.741     8.3940   3.376650    32.0212        148     0.6125     2.3187  0.000e+00
      2.855     8.3912   3.379387    32.0525        149     0.6167     2.3102  0.000e+00
      2.979     8.3931   3.382987    32.0886        150     0.6208     2.3018  0.000e+00
      3.100     8.3985   3.384904    32.1038        151     0.6250     2.2930  0.000e+00
      3.227     8.4052   3.386605    32.1155        152     0.6292     2.2853  0.000e+00
      3.348     8.4073   3.389425    32.1431        153     0.6333     2.2769  0.000e+00
      3.469     8.4064   3.392331    32.1745        154     0.6375     2.2681  0.000e+00
      3.590     8.4077   3.394233    32.1933        155     0.6417     2.2599  0.000e+00
      3.722     8.4109   3.406807    32.3227        156     0.6458     2.2525  0.000e+00
      3.801     8.4160   3.407404    32.3242        157     0.6500     2.2459  0.000e+00
      3.839     8.3930   3.380555    32.0626        158     0.6542     2.2387  0.000e+00
      3.834     8.2717   3.341305    31.7594        159     0.6583     2.2314  0.000e+00
      3.814     8.0638   3.330745    31.8363        160     0.6625     2.2195  0.000e+00
      3.828     7.8555   3.365744    32.3999        161     0.6667     2.2110  0.000e+00
      3.868     7.6774   3.379180    32.7102        162     0.6708     2.2039  0.000e+00
      3.901     7.5240   3.374025    32.7993        163     0.6750     2.1999  0.000e+00
      3.919     7.4430   3.344780    32.5600        164     0.6792     2.1979  0.000e+00
      3.921     7.4050   3.313058    32.2531        165     0.6833     2.1977  0.000e+00
      3.906     7.3571   3.292730    32.0782        166     0.6875     2.1965  0.000e+00
      3.884     7.2948   3.279019    31.9877        167     0.6917     2.1982  0.000e+00
      3.850     7.2300   3.265722    31.9037        168     0.6958     2.2000  0.000e+00
      3.801     7.1660   3.253954    31.8353        169     0.7000     2.1986  0.000e+00
      3.747     7.0849   3.248093    31.8466        170     0.7042     2.1962  0.000e+00
      3.671     6.9995   3.241846    31.8578        171     0.7083     2.1965  0.000e+00
      3.586     6.9212   3.238040    31.8889        172     0.7125     2.1939  0.000e+00
      3.483     6.8585   3.235471    31.9191        173     0.7167     2.1997  0.000e+00
      3.384     6.8125   3.235572    31.9630        174     0.7208     2.2084  0.000e+00
      3.283     6.7802   3.235907    31.9969        175     0.7250     2.2197  0.000e+00
      3.200     6.7614   3.236419    32.0201        176     0.7292     2.2329  0.000e+00
      3.146     6.7496   3.239256    32.0623        177     0.7333     2.2483  0.000e+00
      3.113     6.7425   3.238810    32.0640        178     0.7375     2.2634  0.000e+00
      3.104     6.7403   3.230582    31.9758        179     0.7417     2.2786  0.000e+00
      3.115     6.7377   3.232859    32.0033        180     0.7458     2.2912  0.000e+00
      3.133     6.7355   3.236057    32.0404        181     0.7500     2.3016  0.000e+00
      3.167     6.7321   3.237857    32.0633        182     0.7542     2.3108  0.000e+00
      3.211     6.7277   3.241381    32.1060        183     0.7583     2.3175  0.000e+00
      3.259     6.7248   3.241057    32.1052        184     0.7625     2.3226  0.000e+00
      3.312     6.7268   3.240227    32.0941        185     0.7667     2.3249  0.000e+00
      3.373     6.7328   3.238950    32.0745        186     0.7708     2.3262  0.000e+00
      3.453     6.7384   3.237936    32.0580        187     0.7750     2.3254  0.000e+00
      3.539     6.7407   3.237529    32.0514        188     0.7792     2.3217  0.000e+00
      3.642     6.7422   3.244019    32.1211        189     0.7833     2.3187  0.000e+00
