HB2402/sbe032.cnv
* Sea-Bird SBE 19plus V2 Data File:
* FileName = C:\cruise\data\sbe032.hex
* Software Version Seasave V 7.26.7.121
* Temperature SN = 7142
* Conductivity SN = 7142
* System UpLoad Time = Mar 19 2024 16:36:10
* NMEA Latitude = 38 50.05 N
* NMEA Longitude = 073 40.14 W
* NMEA UTC (Time) = Mar 19 2024  16:35:26
** Ship: Bigelow
** Cruise:  HB2304
** Program:  Fall Bottom Trawl
# nquan = 7
# nvalues = 1334                                  
# units = specified
# name 0 = depSM: Depth [salt water, m]
# name 1 = tv290C: Temperature [ITS-90, deg C]
# name 2 = c0S/m: Conductivity [S/m]
# name 3 = sal00: Salinity, Practical [PSU]
# name 4 = scan: Scan Count
# name 5 = timeM: Time, Elapsed [minutes]
# name 6 = flag:  0.000e+00
# span 0 =     -0.108,     51.146                 
# span 1 =     6.4248,     7.6908                 
# span 2 =  -0.039374,   3.339127                 
# span 3 =     0.0000,    32.7060                 
# span 4 =         11,       1344                 
# span 5 =     0.0417,     5.5958                 
# span 6 = 0.0000e+00, 0.0000e+00                 
# interval = seconds: 0.25
# start_time = Mar 19 2024 16:35:26 [NMEA time, header]
# bad_flag = -9.990e-29
*END*
[from data line 206]
     20.650     7.6649   3.319879    32.0779        217     0.9000  0.000e+00
     20.815     7.6637   3.320193    32.0823        218     0.9042  0.000e+00
     20.971     7.6622   3.320323    32.0849        219     0.9083  0.000e+00
     21.115     7.6618   3.320524    32.0874        220     0.9125  0.000e+00
     21.235     7.6619   3.320690    32.0891        221     0.9167  0.000e+00
     21.341     7.6625   3.320838    32.0901        222     0.9208  0.000e+00
     21.435     7.6632   3.320897    32.0900        223     0.9250  0.000e+00
     21.519     7.6641   3.320690    32.0869        224     0.9292  0.000e+00
     21.607     7.6652   3.320442    32.0832        225     0.9333  0.000e+00
     21.687     7.6661   3.320211    32.0798        226     0.9375  0.000e+00
     21.775     7.6670   3.319927    32.0759        227     0.9417  0.000e+00
     21.866     7.6672   3.319631    32.0725        228     0.9458  0.000e+00
     21.969     7.6674   3.319483    32.0707        229     0.9500  0.000e+00
     22.082     7.6677   3.319607    32.0717        230     0.9542  0.000e+00
     22.210     7.6678   3.319749    32.0730        231     0.9583  0.000e+00
     22.344     7.6680   3.319755    32.0729        232     0.9625  0.000e+00
     22.497     7.6684   3.319862    32.0736        233     0.9667  0.000e+00
     22.653     7.6688   3.320276    32.0776        234     0.9708  0.000e+00
     22.821     7.6690   3.320756    32.0825        235     0.9750  0.000e+00
     22.995     7.6691   3.321176    32.0868        236     0.9792  0.000e+00
     23.166     7.6682   3.321442    32.0904        237     0.9833  0.000e+00
     23.338     7.6672   3.321543    32.0923        238     0.9875  0.000e+00
     23.500     7.6662   3.321632    32.0941        239     0.9917  0.000e+00
     23.658     7.6660   3.321869    32.0968        240     0.9958  0.000e+00
     23.804     7.6665   3.321940    32.0970        241     1.0000  0.000e+00
     23.937     7.6670   3.321981    32.0969        242     1.0042  0.000e+00
     24.059     7.6676   3.321898    32.0954        243     1.0083  0.000e+00
     24.179     7.6675   3.321810    32.0945        244     1.0125  0.000e+00
     24.289     7.6674   3.321733    32.0937        245     1.0167  0.000e+00
     24.402     7.6668   3.321674    32.0936        246     1.0208  0.000e+00
     24.507     7.6667   3.321585    32.0927        247     1.0250  0.000e+00
     24.613     7.6663   3.321496    32.0920        248     1.0292  0.000e+00
     24.713     7.6660   3.321484    32.0921        249     1.0333  0.000e+00
     24.801     7.6659   3.322236    32.1003        250     1.0375  0.000e+00
     24.893     7.6642   3.322799    32.1078        251     1.0417  0.000e+00
     24.981     7.6610   3.322982    32.1127        252     1.0458  0.000e+00
     25.078     7.6594   3.323065    32.1150        253     1.0500  0.000e+00
     25.172     7.6596   3.322964    32.1137        254     1.0542  0.000e+00
     25.287     7.6594   3.322923    32.1134        255     1.0583  0.000e+00
     25.411     7.6592   3.322882    32.1130        256     1.0625  0.000e+00
     25.549     7.6585   3.322882    32.1137        257     1.0667  0.000e+00
     25.698     7.6580   3.322982    32.1152        258     1.0708  0.000e+00
     25.854     7.6580   3.322982    32.1151        259     1.0750  0.000e+00
     26.022     7.6586   3.322941    32.1140        260     1.0792  0.000e+00
     26.196     7.6583   3.322965    32.1144        261     1.0833  0.000e+00
     26.372     7.6583   3.323107    32.1159        262     1.0875  0.000e+00
     26.548     7.6589   3.323131    32.1155        263     1.0917  0.000e+00
     26.724     7.6597   3.323261    32.1161        264     1.0958  0.000e+00
     26.890     7.6608   3.323006    32.1123        265     1.1000  0.000e+00
     27.050     7.6599   3.323066    32.1136        266     1.1042  0.000e+00
     27.202     7.6592   3.323024    32.1137        267     1.1083  0.000e+00
     27.346     7.6585   3.322924    32.1133        268     1.1125  0.000e+00
     27.472     7.6578   3.322900    32.1136        269     1.1167  0.000e+00
     27.589     7.6569   3.322693    32.1122        270     1.1208  0.000e+00
     27.700     7.6554   3.322545    32.1119        271     1.1250  0.000e+00
     27.797     7.6534   3.322610    32.1144        272     1.1292  0.000e+00
     27.904     7.6522   3.322628    32.1156        273     1.1333  0.000e+00
     27.997     7.6519   3.322610    32.1157        274     1.1375  0.000e+00
     28.096     7.6517   3.322628    32.1161        275     1.1417  0.000e+00
     28.202     7.6517   3.322652    32.1162        276     1.1458  0.000e+00
     28.322     7.6516   3.322628    32.1160        277     1.1500  0.000e+00
     28.450     7.6514   3.322652    32.1164        278     1.1542  0.000e+00
     28.588     7.6513   3.322711    32.1171        279     1.1583  0.000e+00
     28.736     7.6517   3.322711    32.1166        280     1.1625  0.000e+00
     28.894     7.6517   3.322664    32.1160        281     1.1667  0.000e+00
     29.048     7.6516   3.322670    32.1161        282     1.1708  0.000e+00
     29.216     7.6515   3.322693    32.1164        283     1.1750  0.000e+00
     29.385     7.6516   3.322735    32.1167        284     1.1792  0.000e+00
     29.553     7.6516   3.322765    32.1169        285     1.1833  0.000e+00
     29.721     7.6519   3.322753    32.1164        286     1.1875  0.000e+00
     29.890     7.6522   3.322777    32.1164        287     1.1917  0.000e+00
     30.046     7.6522   3.322753    32.1160        288     1.1958  0.000e+00
     30.190     7.6522   3.322747    32.1159        289     1.2000  0.000e+00
     30.321     7.6520   3.322694    32.1154        290     1.2042  0.000e+00
     30.436     7.6518   3.322694    32.1156        291     1.2083  0.000e+00
     30.542     7.6514   3.322670    32.1156        292     1.2125  0.000e+00
     30.641     7.6511   3.322688    32.1161        293     1.2167  0.000e+00
     30.747     7.6508   3.322694    32.1164        294     1.2208  0.000e+00
     30.853     7.6508   3.322694    32.1163        295     1.2250  0.000e+00
     30.962     7.6506   3.322694    32.1164        296     1.2292  0.000e+00
     31.074     7.6506   3.322688    32.1163        297     1.2333  0.000e+00
     31.191     7.6505   3.322694    32.1164        298     1.2375  0.000e+00
     31.302     7.6506   3.322694    32.1163        299     1.2417  0.000e+00
     31.423     7.6504   3.322671    32.1161        300     1.2458  0.000e+00
     31.557     7.6504   3.322706    32.1165        301     1.2500  0.000e+00
     31.680     7.6503   3.322736    32.1168        302     1.2542  0.000e+00
     31.820     7.6505   3.322736    32.1166        303     1.2583  0.000e+00
     31.964     7.6503   3.322736    32.1166        304     1.2625  0.000e+00
     32.111     7.6505   3.322736    32.1165        305     1.2667  0.000e+00
     32.262     7.6505   3.322724    32.1162        306     1.2708  0.000e+00
     32.418     7.6503   3.322712    32.1162        307     1.2750  0.000e+00
     32.573     7.6500   3.322671    32.1160        308     1.2792  0.000e+00
     32.737     7.6495   3.322653    32.1161        309     1.2833  0.000e+00
     32.900     7.6491   3.322665    32.1166        310     1.2875  0.000e+00
     33.060     7.6486   3.322671    32.1171        311     1.2917  0.000e+00
     33.224     7.6486   3.322671    32.1169        312     1.2958  0.000e+00
     33.387     7.6483   3.322695    32.1174        313     1.3000  0.000e+00
     33.551     7.6483   3.322665    32.1170        314     1.3042  0.000e+00
     33.714     7.6478   3.322630    32.1171        315     1.3083  0.000e+00
     33.876     7.6476   3.322695    32.1179        316     1.3125  0.000e+00
     34.031     7.6473   3.322713    32.1183        317     1.3167  0.000e+00
     34.185     7.6475   3.322666    32.1175        318     1.3208  0.000e+00
     34.334     7.6472   3.322630    32.1173        319     1.3250  0.000e+00
     34.475     7.6466   3.322506    32.1165        320     1.3292  0.000e+00
     34.608     7.6455   3.322382    32.1161        321     1.3333  0.000e+00
     34.721     7.6439   3.322234    32.1159        322     1.3375  0.000e+00
     34.834     7.6413   3.321884    32.1145        323     1.3417  0.000e+00
     34.933     7.6379   3.321612    32.1147        324     1.3458  0.000e+00
     35.030     7.6325   3.321547    32.1190        325     1.3500  0.000e+00
     35.129     7.6286   3.321441    32.1214        326     1.3542  0.000e+00
     35.228     7.6255   3.321216    32.1217        327     1.3583  0.000e+00
     35.330     7.6225   3.321240    32.1248        328     1.3625  0.000e+00
     35.443     7.6202   3.321033    32.1246        329     1.3667  0.000e+00
     35.558     7.6179   3.320766    32.1238        330     1.3708  0.000e+00
     35.686     7.6143   3.320612    32.1254        331     1.3750  0.000e+00
     35.812     7.6109   3.320654    32.1290        332     1.3792  0.000e+00
     35.950     7.6087   3.320571    32.1300        333     1.3833  0.000e+00
     36.096     7.6072   3.320530    32.1310        334     1.3875  0.000e+00
     36.242     7.6059   3.320429    32.1310        335     1.3917  0.000e+00
     36.393     7.6046   3.320406    32.1319        336     1.3958  0.000e+00
     36.538     7.6034   3.320554    32.1345        337     1.4000  0.000e+00
     36.682     7.6036   3.320447    32.1331        338     1.4042  0.000e+00
     36.827     7.6034   3.320447    32.1332        339     1.4083  0.000e+00
     36.959     7.6030   3.320341    32.1324        340     1.4125  0.000e+00
     37.086     7.6020   3.319992    32.1295        341     1.4167  0.000e+00
     37.207     7.5986   3.320033    32.1330        342     1.4208  0.000e+00
     37.325     7.5965   3.319933    32.1338        343     1.4250  0.000e+00
     37.437     7.5942   3.319554    32.1318        344     1.4292  0.000e+00
     37.557     7.5905   3.319447    32.1341        345     1.4333  0.000e+00
     37.670     7.5867   3.319323    32.1362        346     1.4375  0.000e+00
     37.785     7.5834   3.319276    32.1387        347     1.4417  0.000e+00
     37.913     7.5810   3.319241    32.1405        348     1.4458  0.000e+00
     38.043     7.5794   3.319223    32.1417        349     1.4500  0.000e+00
     38.181     7.5781   3.319182    32.1424        350     1.4542  0.000e+00
     38.316     7.5773   3.319075    32.1419        351     1.4583  0.000e+00
     38.460     7.5759   3.319022    32.1426        352     1.4625  0.000e+00
     38.605     7.5746   3.319052    32.1440        353     1.4667  0.000e+00
     38.742     7.5736   3.319075    32.1451        354     1.4708  0.000e+00
     38.884     7.5735   3.319010    32.1445        355     1.4750  0.000e+00
     39.033     7.5730   3.319182    32.1467        356     1.4792  0.000e+00
     39.184     7.5740   3.319282    32.1467        357     1.4833  0.000e+00
     39.324     7.5752   3.319241    32.1452        358     1.4875  0.000e+00
     39.464     7.5761   3.318803    32.1395        359     1.4917  0.000e+00
     39.601     7.5734   3.318667    32.1405        360     1.4958  0.000e+00
     39.732     7.5699   3.318265    32.1394        361     1.5000  0.000e+00
     39.863     7.5643   3.318141    32.1432        362     1.5042  0.000e+00
     39.995     7.5600   3.318017    32.1458        363     1.5083  0.000e+00
     40.124     7.5566   3.317579    32.1441        364     1.5125  0.000e+00
     40.252     7.5513   3.317520    32.1484        365     1.5167  0.000e+00
     40.372     7.5469   3.317124    32.1481        366     1.5208  0.000e+00
     40.498     7.5425   3.316852    32.1492        367     1.5250  0.000e+00
     40.611     7.5359   3.316231    32.1485        368     1.5292  0.000e+00
     40.728     7.5277   3.315734    32.1508        369     1.5333  0.000e+00
     40.839     7.5180   3.315125    32.1531        370     1.5375  0.000e+00
     40.954     7.5079   3.314545    32.1562        371     1.5417  0.000e+00
     41.071     7.4973   3.313883    32.1588        372     1.5458  0.000e+00
     41.190     7.4866   3.313304    32.1625        373     1.5500  0.000e+00
     41.312     7.4753   3.312322    32.1623        374     1.5542  0.000e+00
     41.434     7.4635   3.310915    32.1581        375     1.5583  0.000e+00
     41.562     7.4462   3.309609    32.1600        376     1.5625  0.000e+00
     41.693     7.4261   3.308280    32.1642        377     1.5667  0.000e+00
     41.833     7.4050   3.307559    32.1760        378     1.5708  0.000e+00
     41.974     7.3861   3.308528    32.2040        379     1.5750  0.000e+00
     42.121     7.3793   3.306065    32.1836        380     1.5792  0.000e+00
     42.274     7.3685   3.307329    32.2072        381     1.5833  0.000e+00
     42.430     7.3596   3.309173    32.2353        382     1.5875  0.000e+00
     42.579     7.3713   3.309138    32.2240        383     1.5917  0.000e+00
     42.716     7.3827   3.306313    32.1829        384     1.5958  0.000e+00
     42.847     7.3720   3.304369    32.1718        385     1.6000  0.000e+00
     42.955     7.3477   3.302527    32.1743        386     1.6042  0.000e+00
     43.047     7.3190   3.300980    32.1843        387     1.6083  0.000e+00
     43.136     7.2880   3.300502    32.2079        388     1.6125  0.000e+00
     43.216     7.2662   3.300361    32.2266        389     1.6167  0.000e+00
     43.305     7.2530   3.300361    32.2389        390     1.6208  0.000e+00
     43.395     7.2464   3.300320    32.2446        391     1.6250  0.000e+00
     43.499     7.2429   3.300237    32.2469        392     1.6292  0.000e+00
     43.613     7.2409   3.300155    32.2478        393     1.6333  0.000e+00
     43.731     7.2393   3.300013    32.2478        394     1.6375  0.000e+00
     43.870     7.2376   3.300031    32.2494        395     1.6417  0.000e+00
     44.012     7.2365   3.300338    32.2537        396     1.6458  0.000e+00
     44.157     7.2378   3.300237    32.2513        397     1.6500  0.000e+00
     44.312     7.2389   3.300609    32.2543        398     1.6542  0.000e+00
     44.474     7.2412   3.300645    32.2525        399     1.6583  0.000e+00
     44.648     7.2443   3.301164    32.2551        400     1.6625  0.000e+00
     44.824     7.2490   3.301395    32.2531        401     1.6667  0.000e+00
     45.004     7.2549   3.300651    32.2395        402     1.6708  0.000e+00
     45.182     7.2535   3.300403    32.2381        403     1.6750  0.000e+00
     45.362     7.2485   3.300503    32.2437        404     1.6792  0.000e+00
     45.529     7.2454   3.300214    32.2434        405     1.6833  0.000e+00
     45.689     7.2429   3.300031    32.2437        406     1.6875  0.000e+00
     45.826     7.2394   3.299990    32.2464        407     1.6917  0.000e+00
     45.955     7.2370   3.299907    32.2477        408     1.6958  0.000e+00
     46.066     7.2347   3.299825    32.2489        409     1.7000  0.000e+00
     46.174     7.2328   3.299701    32.2492        410     1.7042  0.000e+00
     46.282     7.2309   3.299618    32.2500        411     1.7083  0.000e+00
     46.395     7.2293   3.299618    32.2516        412     1.7125  0.000e+00
     46.514     7.2279   3.299595    32.2525        413     1.7167  0.000e+00
     46.636     7.2271   3.299595    32.2532        414     1.7208  0.000e+00
     46.775     7.2264   3.299583    32.2536        415     1.7250  0.000e+00
     46.915     7.2261   3.299618    32.2543        416     1.7292  0.000e+00
     47.069     7.2258   3.299619    32.2544        417     1.7333  0.000e+00
     47.228     7.2258   3.299595    32.2541        418     1.7375  0.000e+00
     47.391     7.2256   3.299577    32.2541        419     1.7417  0.000e+00
     47.558     7.2256   3.299577    32.2540        420     1.7458  0.000e+00
