HB2402/sbe012.cnv
* Sea-Bird SBE 19plus V2 Data File:
* FileName = C:\cruise\data\sbe013.hex
* Software Version Seasave V 7.26.7.121
* Temperature SN = 7142
* Conductivity SN = 7142
* System UpLoad Time = Mar 11 2024 14:13:13
* NMEA Latitude = 36 04.17 N
* NMEA Longitude = 075 23.45 W
* NMEA UTC (Time) = Mar 11 2024  14:12:41
** Ship: Bigelow
** Cruise:  HB2304
** Program:  Fall Bottom Trawl
# nquan = 7
# nvalues = 1983                                  
# units = specified
# name 0 = depSM: Depth [salt water, m]
# name 1 = tv290C: Temperature [ITS-90, deg C]
# name 2 = c0S/m: Conductivity [S/m]
# name 3 = sal00: Salinity, Practical [PSU]
# name 4 = scan: Scan Count
# name 5 = timeM: Time, Elapsed [minutes]
# name 6 = flag:  0.000e+00
# span 0 =     -0.061,     25.486                 
# span 1 =     7.9884,    10.3994                 
# span 2 =   0.000051,   3.477856                 
# span 3 =     0.0046,    32.5223                 
# span 4 =         11,       1993                 
# span 5 =     0.0417,     8.3000                 
# span 6 = 0.0000e+00, 0.0000e+00                 
# interval = seconds: 0.25
# start_time = Mar 11 2024 14:12:41 [NMEA time, header]
# bad_flag = -9.990e-29
*END*
[from data line 1436]
     11.555     9.0029   3.363701    31.3372       1447     6.0250  0.000e+00
     11.422     9.0030   3.363719    31.3374       1448     6.0292  0.000e+00
     11.268     9.0028   3.363701    31.3374       1449     6.0333  0.000e+00
     11.120     9.0028   3.363767    31.3381       1450     6.0375  0.000e+00
     10.994     9.0032   3.363778    31.3380       1451     6.0417  0.000e+00
     10.885     9.0034   3.363808    31.3382       1452     6.0458  0.000e+00
     10.797     9.0035   3.363808    31.3381       1453     6.0500  0.000e+00
     10.743     9.0037   3.363796    31.3379       1454     6.0542  0.000e+00
     10.712     9.0038   3.363784    31.3376       1455     6.0583  0.000e+00
     10.705     9.0038   3.363766    31.3374       1456     6.0625  0.000e+00
     10.705     9.0037   3.363796    31.3379       1457     6.0667  0.000e+00
     10.710     9.0037   3.363743    31.3373       1458     6.0708  0.000e+00
     10.707     9.0033   3.363701    31.3372       1459     6.0750  0.000e+00
     10.682     9.0033   3.363677    31.3369       1460     6.0792  0.000e+00
     10.639     9.0032   3.363683    31.3371       1461     6.0833  0.000e+00
     10.570     9.0029   3.363618    31.3368       1462     6.0875  0.000e+00
     10.468     9.0029   3.363600    31.3366       1463     6.0917  0.000e+00
     10.355     9.0026   3.363576    31.3367       1464     6.0958  0.000e+00
     10.225     9.0025   3.363552    31.3366       1465     6.1000  0.000e+00
     10.097     9.0023   3.363600    31.3373       1466     6.1042  0.000e+00
      9.961     9.0024   3.363510    31.3364       1467     6.1083  0.000e+00
      9.812     9.0018   3.363397    31.3358       1468     6.1125  0.000e+00
      9.684     9.0012   3.363451    31.3369       1469     6.1167  0.000e+00
      9.569     9.0011   3.363451    31.3371       1470     6.1208  0.000e+00
      9.490     9.0013   3.363498    31.3374       1471     6.1250  0.000e+00
      9.456     9.0013   3.363492    31.3374       1472     6.1292  0.000e+00
      9.452     9.0014   3.363427    31.3366       1473     6.1333  0.000e+00
      9.486     9.0011   3.363439    31.3370       1474     6.1375  0.000e+00
      9.546     9.0011   3.363427    31.3369       1475     6.1417  0.000e+00
      9.618     9.0009   3.363427    31.3370       1476     6.1458  0.000e+00
      9.702     9.0007   3.363415    31.3370       1477     6.1500  0.000e+00
      9.803     9.0005   3.363409    31.3370       1478     6.1542  0.000e+00
      9.893     9.0002   3.363362    31.3368       1479     6.1583  0.000e+00
      9.982     9.0004   3.363356    31.3365       1480     6.1625  0.000e+00
     10.058     9.0001   3.363320    31.3364       1481     6.1667  0.000e+00
     10.119     8.9997   3.363261    31.3361       1482     6.1708  0.000e+00
     10.144     8.9993   3.363213    31.3360       1483     6.1750  0.000e+00
     10.141     8.9988   3.363219    31.3364       1484     6.1792  0.000e+00
     10.108     8.9987   3.363237    31.3367       1485     6.1833  0.000e+00
     10.060     8.9986   3.363177    31.3363       1486     6.1875  0.000e+00
      9.977     8.9985   3.363171    31.3363       1487     6.1917  0.000e+00
      9.876     8.9983   3.363154    31.3363       1488     6.1958  0.000e+00
      9.765     8.9982   3.363237    31.3373       1489     6.2000  0.000e+00
      9.637     8.9986   3.363302    31.3377       1490     6.2042  0.000e+00
      9.502     8.9990   3.363397    31.3384       1491     6.2083  0.000e+00
      9.384     8.9998   3.363409    31.3378       1492     6.2125  0.000e+00
      9.280     9.0005   3.363409    31.3373       1493     6.2167  0.000e+00
      9.184     9.0008   3.363439    31.3374       1494     6.2208  0.000e+00
      9.112     9.0011   3.360513    31.3070       1495     6.2250  0.000e+00
      9.069     9.0010   3.360406    31.3059       1496     6.2292  0.000e+00
      9.062     9.0012   3.360679    31.3085       1497     6.2333  0.000e+00
      9.078     9.0012   3.360870    31.3105       1498     6.2375  0.000e+00
      9.118     9.0012   3.360768    31.3094       1499     6.2417  0.000e+00
      9.170     9.0013   3.360323    31.3047       1500     6.2458  0.000e+00
      9.233     9.0009   3.359669    31.2983       1501     6.2500  0.000e+00
      9.292     9.0007   3.360031    31.3022       1502     6.2542  0.000e+00
      9.352     9.0004   3.360382    31.3061       1503     6.2583  0.000e+00
      9.393     9.0002   3.360388    31.3063       1504     6.2625  0.000e+00
      9.438     8.9999   3.360495    31.3076       1505     6.2667  0.000e+00
      9.458     8.9997   3.360620    31.3091       1506     6.2708  0.000e+00
      9.447     8.9996   3.360685    31.3099       1507     6.2750  0.000e+00
      9.404     8.9995   3.360537    31.3085       1508     6.2792  0.000e+00
      9.334     8.9995   3.361726    31.3207       1509     6.2833  0.000e+00
      9.242     8.9995   3.363260    31.3366       1510     6.2875  0.000e+00
      9.139     8.9994   3.363237    31.3365       1511     6.2917  0.000e+00
      9.017     8.9995   3.363237    31.3365       1512     6.2958  0.000e+00
      8.909     8.9993   3.363260    31.3369       1513     6.3000  0.000e+00
      8.794     8.9996   3.363195    31.3361       1514     6.3042  0.000e+00
      8.692     8.9996   3.363254    31.3367       1515     6.3083  0.000e+00
      8.604     8.9997   3.363260    31.3368       1516     6.3125  0.000e+00
      8.525     8.9998   3.363260    31.3367       1517     6.3167  0.000e+00
      8.447     8.9998   3.363236    31.3365       1518     6.3208  0.000e+00
      8.383     8.9998   3.363260    31.3368       1519     6.3250  0.000e+00
      8.318     8.9998   3.363236    31.3366       1520     6.3292  0.000e+00
      8.250     8.9997   3.363254    31.3369       1521     6.3333  0.000e+00
      8.180     8.9998   3.363260    31.3368       1522     6.3375  0.000e+00
      8.124     8.9999   3.363254    31.3367       1523     6.3417  0.000e+00
      8.079     9.0000   3.363236    31.3365       1524     6.3458  0.000e+00
      8.039     9.0000   3.363236    31.3365       1525     6.3500  0.000e+00
      8.052     8.9997   3.363236    31.3367       1526     6.3542  0.000e+00
      8.091     8.9997   3.363218    31.3366       1527     6.3583  0.000e+00
      8.163     8.9995   3.363218    31.3367       1528     6.3625  0.000e+00
      8.251     8.9995   3.363213    31.3366       1529     6.3667  0.000e+00
      8.332     8.9995   3.363195    31.3364       1530     6.3708  0.000e+00
      8.395     8.9994   3.363195    31.3364       1531     6.3750  0.000e+00
      8.447     8.9996   3.363195    31.3362       1532     6.3792  0.000e+00
      8.494     8.9993   3.363171    31.3363       1533     6.3833  0.000e+00
      8.530     8.9991   3.363111    31.3358       1534     6.3875  0.000e+00
      8.537     8.9985   3.363094    31.3361       1535     6.3917  0.000e+00
      8.507     8.9983   3.363088    31.3363       1536     6.3958  0.000e+00
      8.420     8.9981   3.363088    31.3364       1537     6.4000  0.000e+00
      8.291     8.9981   3.363052    31.3361       1538     6.4042  0.000e+00
      8.126     8.9981   3.363070    31.3364       1539     6.4083  0.000e+00
      7.951     8.9981   3.363088    31.3367       1540     6.4125  0.000e+00
      7.761     8.9984   3.363135    31.3370       1541     6.4167  0.000e+00
      7.585     8.9987   3.363153    31.3370       1542     6.4208  0.000e+00
      7.434     8.9988   3.363111    31.3365       1543     6.4250  0.000e+00
      7.313     8.9991   3.363135    31.3365       1544     6.4292  0.000e+00
      7.248     8.9990   3.363129    31.3366       1545     6.4333  0.000e+00
      7.227     8.9993   3.363153    31.3366       1546     6.4375  0.000e+00
      7.248     8.9996   3.363176    31.3366       1547     6.4417  0.000e+00
      7.320     8.9995   3.363153    31.3364       1548     6.4458  0.000e+00
      7.414     8.9997   3.363153    31.3362       1549     6.4500  0.000e+00
      7.538     8.9995   3.363153    31.3363       1550     6.4542  0.000e+00
      7.664     8.9997   3.363153    31.3361       1551     6.4583  0.000e+00
      7.770     8.9995   3.363177    31.3364       1552     6.4625  0.000e+00
      7.867     8.9994   3.363171    31.3364       1553     6.4667  0.000e+00
      7.939     8.9995   3.363111    31.3357       1554     6.4708  0.000e+00
      7.987     8.9988   3.363034    31.3355       1555     6.4750  0.000e+00
      8.009     8.9983   3.363028    31.3358       1556     6.4792  0.000e+00
      8.007     8.9979   3.363046    31.3364       1557     6.4833  0.000e+00
      7.984     8.9976   3.363052    31.3367       1558     6.4875  0.000e+00
      7.941     8.9977   3.363070    31.3368       1559     6.4917  0.000e+00
      7.876     8.9977   3.363070    31.3368       1560     6.4958  0.000e+00
      7.793     8.9979   3.363052    31.3366       1561     6.5000  0.000e+00
      7.707     8.9975   3.363046    31.3369       1562     6.5042  0.000e+00
      7.619     8.9972   3.363028    31.3370       1563     6.5083  0.000e+00
      7.561     8.9972   3.362992    31.3367       1564     6.5125  0.000e+00
      7.540     8.9969   3.363004    31.3370       1565     6.5167  0.000e+00
      7.563     8.9974   3.363046    31.3370       1566     6.5208  0.000e+00
      7.628     8.9973   3.363052    31.3371       1567     6.5250  0.000e+00
      7.732     8.9974   3.363046    31.3369       1568     6.5292  0.000e+00
      7.845     8.9977   3.363070    31.3368       1569     6.5333  0.000e+00
      7.955     8.9977   3.363093    31.3370       1570     6.5375  0.000e+00
      8.032     8.9982   3.363111    31.3368       1571     6.5417  0.000e+00
      8.075     8.9983   3.363135    31.3369       1572     6.5458  0.000e+00
      8.077     8.9987   3.363129    31.3365       1573     6.5500  0.000e+00
      8.045     8.9988   3.363111    31.3362       1574     6.5542  0.000e+00
      8.009     8.9988   3.363076    31.3359       1575     6.5583  0.000e+00
      7.955     8.9984   3.363028    31.3357       1576     6.5625  0.000e+00
      7.851     8.9978   3.363028    31.3363       1577     6.5667  0.000e+00
      7.707     8.9977   3.363052    31.3367       1578     6.5708  0.000e+00
      7.515     8.9979   3.363046    31.3366       1579     6.5750  0.000e+00
      7.270     8.9977   3.362980    31.3362       1580     6.5792  0.000e+00
      6.984     8.9979   3.362974    31.3361       1581     6.5833  0.000e+00
      6.718     8.9976   3.363004    31.3368       1582     6.5875  0.000e+00
      6.495     8.9980   3.362980    31.3363       1583     6.5917  0.000e+00
      6.314     8.9979   3.363016    31.3368       1584     6.5958  0.000e+00
      6.190     8.9980   3.362980    31.3364       1585     6.6000  0.000e+00
      6.156     8.9981   3.363004    31.3366       1586     6.6042  0.000e+00
      6.197     8.9979   3.362992    31.3366       1587     6.6083  0.000e+00
      6.294     8.9982   3.362980    31.3362       1588     6.6125  0.000e+00
      6.440     8.9981   3.363028    31.3367       1589     6.6167  0.000e+00
      6.585     8.9984   3.363016    31.3363       1590     6.6208  0.000e+00
      6.724     8.9983   3.363028    31.3364       1591     6.6250  0.000e+00
      6.846     8.9981   3.363046    31.3367       1592     6.6292  0.000e+00
      6.954     8.9983   3.363016    31.3362       1593     6.6333  0.000e+00
      7.033     8.9980   3.363004    31.3363       1594     6.6375  0.000e+00
      7.087     8.9980   3.363046    31.3367       1595     6.6417  0.000e+00
      7.107     8.9979   3.363052    31.3369       1596     6.6458  0.000e+00
      7.089     8.9980   3.363046    31.3367       1597     6.6500  0.000e+00
      7.026     8.9983   3.363034    31.3363       1598     6.6542  0.000e+00
      6.900     8.9979   3.362962    31.3360       1599     6.6583  0.000e+00
      6.722     8.9979   3.362980    31.3362       1600     6.6625  0.000e+00
      6.521     8.9977   3.362891    31.3356       1601     6.6667  0.000e+00
      6.299     8.9973   3.362897    31.3361       1602     6.6708  0.000e+00
      6.120     8.9972   3.362938    31.3367       1603     6.6750  0.000e+00
      5.976     8.9973   3.362950    31.3368       1604     6.6792  0.000e+00
      5.886     8.9977   3.362938    31.3364       1605     6.6833  0.000e+00
      5.854     8.9977   3.362962    31.3366       1606     6.6875  0.000e+00
      5.873     8.9980   3.362974    31.3365       1607     6.6917  0.000e+00
      5.931     8.9979   3.362980    31.3366       1608     6.6958  0.000e+00
      5.999     8.9981   3.362962    31.3363       1609     6.7000  0.000e+00
      6.075     8.9982   3.362992    31.3364       1610     6.7042  0.000e+00
      6.154     8.9981   3.363004    31.3366       1611     6.7083  0.000e+00
      6.231     8.9982   3.362980    31.3362       1612     6.7125  0.000e+00
      6.289     8.9981   3.362932    31.3358       1613     6.7167  0.000e+00
      6.328     8.9977   3.362879    31.3356       1614     6.7208  0.000e+00
      6.334     8.9972   3.362855    31.3357       1615     6.7250  0.000e+00
      6.312     8.9969   3.362915    31.3366       1616     6.7292  0.000e+00
      6.265     8.9970   3.362897    31.3364       1617     6.7333  0.000e+00
      6.217     8.9970   3.362920    31.3366       1618     6.7375  0.000e+00
      6.158     8.9970   3.362891    31.3363       1619     6.7417  0.000e+00
      6.087     8.9971   3.362897    31.3364       1620     6.7458  0.000e+00
      6.014     8.9969   3.362879    31.3364       1621     6.7500  0.000e+00
      5.938     8.9967   3.362831    31.3361       1622     6.7542  0.000e+00
      5.870     8.9964   3.362855    31.3367       1623     6.7583  0.000e+00
      5.811     8.9962   3.362831    31.3367       1624     6.7625  0.000e+00
      5.766     8.9958   3.362837    31.3371       1625     6.7667  0.000e+00
      5.715     8.9958   3.362855    31.3373       1626     6.7708  0.000e+00
      5.669     8.9960   3.362891    31.3375       1627     6.7750  0.000e+00
      5.611     8.9960   3.362879    31.3374       1628     6.7792  0.000e+00
      5.546     8.9963   3.362896    31.3373       1629     6.7833  0.000e+00
      5.482     8.9964   3.362873    31.3371       1630     6.7875  0.000e+00
      5.424     8.9962   3.362795    31.3365       1631     6.7917  0.000e+00
      5.390     8.9957   3.362748    31.3364       1632     6.7958  0.000e+00
      5.388     8.9948   3.362688    31.3365       1633     6.8000  0.000e+00
      5.413     8.9943   3.362647    31.3366       1634     6.8042  0.000e+00
      5.456     8.9938   3.362605    31.3366       1635     6.8083  0.000e+00
      5.501     8.9934   3.362593    31.3368       1636     6.8125  0.000e+00
      5.548     8.9931   3.362557    31.3366       1637     6.8167  0.000e+00
      5.597     8.9929   3.362557    31.3368       1638     6.8208  0.000e+00
      5.642     8.9929   3.362593    31.3371       1639     6.8250  0.000e+00
      5.670     8.9928   3.362581    31.3371       1640     6.8292  0.000e+00
      5.670     8.9927   3.362557    31.3369       1641     6.8333  0.000e+00
      5.633     8.9926   3.362552    31.3370       1642     6.8375  0.000e+00
      5.559     8.9925   3.362540    31.3370       1643     6.8417  0.000e+00
      5.448     8.9926   3.362516    31.3367       1644     6.8458  0.000e+00
      5.320     8.9921   3.362492    31.3370       1645     6.8500  0.000e+00
      5.180     8.9920   3.362456    31.3368       1646     6.8542  0.000e+00
      5.050     8.9917   3.362432    31.3368       1647     6.8583  0.000e+00
      4.937     8.9915   3.362450    31.3372       1648     6.8625  0.000e+00
      4.854     8.9915   3.362456    31.3373       1649     6.8667  0.000e+00
      4.826     8.9915   3.362468    31.3374       1650     6.8708  0.000e+00
      4.840     8.9915   3.362456    31.3374       1651     6.8750  0.000e+00
