HB2402/sbe092.cnv
* Sea-Bird SBE 19plus V2 Data File:
* FileName = C:\cruise\data\sbe092.hex
* Software Version Seasave V 7.26.7.121
* Temperature SN = 7037
* Conductivity SN = 7037
* System UpLoad Time = Apr 27 2024 02:16:34
* NMEA Latitude = 40 49.64 N
* NMEA Longitude = 066 40.93 W
* NMEA UTC (Time) = Apr 27 2024  02:15:16
** Ship: Bigelow
** Cruise:  HB2402
** Program:  Spring Bottom Trawl
# nquan = 8
# nvalues = 4102                                  
# units = specified
# name 0 = depSM: Depth [salt water, m]
# name 1 = tv290C: Temperature [ITS-90, deg C]
# name 2 = c0S/m: Conductivity [S/m]
# name 3 = sal00: Salinity, Practical [PSU]
# name 4 = scan: Scan Count
# name 5 = timeM: Time, Elapsed [minutes]
# name 6 = sbeox0V: Oxygen raw, SBE 43 [V]
# name 7 = flag:  0.000e+00
# span 0 =      0.111,    186.844                 
# span 1 =     5.6362,     9.6702                 
# span 2 =   0.000009,   3.773213                 
# span 3 =     0.0024,    35.0209                 
# span 4 =         11,       4112                 
# span 5 =     0.0417,    17.1292                 
# span 6 =     1.6360,     2.5048                 
# span 7 = 0.0000e+00, 0.0000e+00                 
# interval = seconds: 0.25
# start_time = Apr 27 2024 02:15:16 [NMEA time, header]
# bad_flag = -9.990e-29
*END*
[from data line 1439]
    176.358     8.8640   3.707609    34.9752       1450     6.0375     1.6432  0.000e+00
    176.217     8.8643   3.707433    34.9731       1451     6.0417     1.6437  0.000e+00
    176.065     8.8636   3.707415    34.9736       1452     6.0458     1.6436  0.000e+00
    175.913     8.8632   3.707521    34.9753       1453     6.0500     1.6433  0.000e+00
    175.763     8.8632   3.707868    34.9789       1454     6.0542     1.6436  0.000e+00
    175.609     8.8643   3.707838    34.9776       1455     6.0583     1.6433  0.000e+00
    175.459     8.8653   3.707885    34.9772       1456     6.0625     1.6433  0.000e+00
    175.302     8.8660   3.708085    34.9787       1457     6.0667     1.6437  0.000e+00
    175.142     8.8669   3.707885    34.9758       1458     6.0708     1.6432  0.000e+00
    174.991     8.8673   3.708085    34.9776       1459     6.0750     1.6434  0.000e+00
    174.821     8.8680   3.708109    34.9772       1460     6.0792     1.6438  0.000e+00
    174.656     8.8687   3.708315    34.9788       1461     6.0833     1.6430  0.000e+00
    174.481     8.8697   3.708279    34.9775       1462     6.0875     1.6429  0.000e+00
    174.310     8.8704   3.708085    34.9748       1463     6.0917     1.6441  0.000e+00
    174.142     8.8703   3.707691    34.9709       1464     6.0958     1.6440  0.000e+00
    173.972     8.8688   3.707861    34.9743       1465     6.1000     1.6442  0.000e+00
    173.802     8.8680   3.708126    34.9779       1466     6.1042     1.6440  0.000e+00
    173.639     8.8684   3.708155    34.9778       1467     6.1083     1.6443  0.000e+00
    173.491     8.8693   3.708155    34.9770       1468     6.1125     1.6433  0.000e+00
    173.346     8.8699   3.708173    34.9767       1469     6.1167     1.6439  0.000e+00
    173.222     8.8702   3.708538    34.9803       1470     6.1208     1.6439  0.000e+00
    173.113     8.8713   3.708385    34.9777       1471     6.1250     1.6450  0.000e+00
    173.019     8.8723   3.708696    34.9800       1472     6.1292     1.6442  0.000e+00
    172.934     8.8735   3.708855    34.9806       1473     6.1333     1.6446  0.000e+00
    172.866     8.8752   3.709079    34.9813       1474     6.1375     1.6437  0.000e+00
    172.806     8.8772   3.709673    34.9855       1475     6.1417     1.6442  0.000e+00
    172.744     8.8805   3.709755    34.9832       1476     6.1458     1.6450  0.000e+00
    172.685     8.8832   3.709331    34.9761       1477     6.1500     1.6439  0.000e+00
    172.607     8.8839   3.709537    34.9776       1478     6.1542     1.6457  0.000e+00
    172.525     8.8842   3.710014    34.9824       1479     6.1583     1.6452  0.000e+00
    172.433     8.8864   3.710173    34.9819       1480     6.1625     1.6443  0.000e+00
    172.319     8.8884   3.710014    34.9783       1481     6.1667     1.6446  0.000e+00
    172.189     8.8895   3.710420    34.9815       1482     6.1708     1.6450  0.000e+00
    172.043     8.8912   3.710425    34.9800       1483     6.1750     1.6440  0.000e+00
    171.876     8.8928   3.710490    34.9792       1484     6.1792     1.6434  0.000e+00
    171.697     8.8939   3.710672    34.9802       1485     6.1833     1.6441  0.000e+00
    171.505     8.8953   3.710967    34.9819       1486     6.1875     1.6441  0.000e+00
    171.306     8.8972   3.711620    34.9870       1487     6.1917     1.6442  0.000e+00
    171.107     8.9009   3.711831    34.9857       1488     6.1958     1.6441  0.000e+00
    170.921     8.9045   3.711919    34.9832       1489     6.2000     1.6453  0.000e+00
    170.728     8.9073   3.711872    34.9800       1490     6.2042     1.6450  0.000e+00
    170.556     8.9091   3.711831    34.9779       1491     6.2083     1.6445  0.000e+00
    170.402     8.9101   3.711896    34.9776       1492     6.2125     1.6451  0.000e+00
    170.261     8.9108   3.711919    34.9772       1493     6.2167     1.6456  0.000e+00
    170.151     8.9115   3.712007    34.9776       1494     6.2208     1.6453  0.000e+00
    170.053     8.9121   3.712160    34.9786       1495     6.2250     1.6456  0.000e+00
    169.981     8.9131   3.712143    34.9775       1496     6.2292     1.6459  0.000e+00
    169.923     8.9137   3.712054    34.9760       1497     6.2333     1.6450  0.000e+00
    169.876     8.9139   3.712048    34.9757       1498     6.2375     1.6449  0.000e+00
    169.836     8.9139   3.712072    34.9760       1499     6.2417     1.6448  0.000e+00
    169.811     8.9141   3.712137    34.9765       1500     6.2458     1.6456  0.000e+00
    169.769     8.9143   3.712231    34.9773       1501     6.2500     1.6453  0.000e+00
    169.742     8.9150   3.712048    34.9748       1502     6.2542     1.6452  0.000e+00
    169.704     8.9151   3.712007    34.9742       1503     6.2583     1.6456  0.000e+00
    169.648     8.9145   3.711984    34.9746       1504     6.2625     1.6453  0.000e+00
    169.586     8.9139   3.712072    34.9761       1505     6.2667     1.6452  0.000e+00
    169.509     8.9139   3.712166    34.9771       1506     6.2708     1.6449  0.000e+00
    169.411     8.9145   3.712031    34.9752       1507     6.2750     1.6449  0.000e+00
    169.292     8.9144   3.712119    34.9763       1508     6.2792     1.6453  0.000e+00
    169.154     8.9144   3.712166    34.9768       1509     6.2833     1.6453  0.000e+00
    168.997     8.9150   3.712442    34.9793       1510     6.2875     1.6455  0.000e+00
    168.834     8.9164   3.712666    34.9803       1511     6.2917     1.6442  0.000e+00
    168.662     8.9183   3.712895    34.9809       1512     6.2958     1.6447  0.000e+00
    168.490     8.9204   3.712984    34.9798       1513     6.3000     1.6447  0.000e+00
    168.317     8.9225   3.712919    34.9771       1514     6.3042     1.6448  0.000e+00
    168.136     8.9239   3.712936    34.9761       1515     6.3083     1.6452  0.000e+00
    167.977     8.9246   3.713166    34.9778       1516     6.3125     1.6450  0.000e+00
    167.894     8.9259   3.713266    34.9777       1517     6.3167     1.6459  0.000e+00
    167.827     8.9274   3.713230    34.9759       1518     6.3208     1.6447  0.000e+00
    167.801     8.9283   3.713395    34.9767       1519     6.3250     1.6458  0.000e+00
    167.785     8.9295   3.713501    34.9766       1520     6.3292     1.6455  0.000e+00
    167.771     8.9306   3.713266    34.9731       1521     6.3333     1.6464  0.000e+00
    167.769     8.9306   3.713007    34.9704       1522     6.3375     1.6473  0.000e+00
    167.774     8.9295   3.712824    34.9695       1523     6.3417     1.6469  0.000e+00
    167.776     8.9277   3.712636    34.9693       1524     6.3458     1.6464  0.000e+00
    167.767     8.9257   3.712730    34.9723       1525     6.3500     1.6470  0.000e+00
    167.753     8.9244   3.712895    34.9753       1526     6.3542     1.6460  0.000e+00
    167.749     8.9244   3.713048    34.9769       1527     6.3583     1.6459  0.000e+00
    167.738     8.9252   3.713095    34.9766       1528     6.3625     1.6450  0.000e+00
    167.727     8.9260   3.713136    34.9763       1529     6.3667     1.6461  0.000e+00
    167.704     8.9266   3.713166    34.9760       1530     6.3708     1.6455  0.000e+00
    167.684     8.9272   3.713266    34.9765       1531     6.3750     1.6457  0.000e+00
    167.668     8.9281   3.713342    34.9764       1532     6.3792     1.6458  0.000e+00
    167.644     8.9290   3.713330    34.9754       1533     6.3833     1.6457  0.000e+00
    167.619     8.9295   3.713460    34.9763       1534     6.3875     1.6453  0.000e+00
    167.595     8.9302   3.713436    34.9753       1535     6.3917     1.6456  0.000e+00
    167.559     8.9309   3.713136    34.9715       1536     6.3958     1.6453  0.000e+00
    167.532     8.9303   3.713183    34.9726       1537     6.4000     1.6449  0.000e+00
    167.501     8.9294   3.713154    34.9732       1538     6.4042     1.6459  0.000e+00
    167.467     8.9290   3.713095    34.9731       1539     6.4083     1.6444  0.000e+00
    167.427     8.9283   3.713242    34.9753       1540     6.4125     1.6444  0.000e+00
    167.380     8.9285   3.713572    34.9786       1541     6.4167     1.6439  0.000e+00
    167.335     8.9299   3.713642    34.9779       1542     6.4208     1.6445  0.000e+00
    167.264     8.9315   3.713784    34.9779       1543     6.4250     1.6444  0.000e+00
    167.179     8.9333   3.714072    34.9792       1544     6.4292     1.6446  0.000e+00
    167.084     8.9353   3.714331    34.9800       1545     6.4333     1.6454  0.000e+00
    166.980     8.9379   3.714549    34.9798       1546     6.4375     1.6458  0.000e+00
    166.868     8.9401   3.714654    34.9788       1547     6.4417     1.6463  0.000e+00
    166.756     8.9424   3.715296    34.9833       1548     6.4458     1.6463  0.000e+00
    166.641     8.9465   3.716091    34.9876       1549     6.4500     1.6474  0.000e+00
    166.530     8.9523   3.716456    34.9858       1550     6.4542     1.6469  0.000e+00
    166.422     8.9578   3.716885    34.9850       1551     6.4583     1.6475  0.000e+00
    166.320     8.9632   3.717480    34.9859       1552     6.4625     1.6471  0.000e+00
    166.219     8.9686   3.718569    34.9921       1553     6.4667     1.6463  0.000e+00
    166.132     8.9762   3.718999    34.9891       1554     6.4708     1.6475  0.000e+00
    166.044     8.9832   3.719205    34.9845       1555     6.4750     1.6474  0.000e+00
    165.970     8.9884   3.719364    34.9810       1556     6.4792     1.6482  0.000e+00
    165.897     8.9923   3.719370    34.9773       1557     6.4833     1.6486  0.000e+00
    165.830     8.9949   3.719570    34.9769       1558     6.4875     1.6486  0.000e+00
    165.763     8.9969   3.719741    34.9767       1559     6.4917     1.6495  0.000e+00
    165.693     8.9990   3.719864    34.9760       1560     6.4958     1.6493  0.000e+00
    165.622     9.0008   3.720677    34.9828       1561     6.5000     1.6506  0.000e+00
    165.547     9.0041   3.720636    34.9792       1562     6.5042     1.6499  0.000e+00
    165.467     9.0073   3.721743    34.9876       1563     6.5083     1.6511  0.000e+00
    165.384     9.0122   3.721478    34.9801       1564     6.5125     1.6500  0.000e+00
    165.297     9.0155   3.721231    34.9742       1565     6.5167     1.6500  0.000e+00
    165.210     9.0167   3.721849    34.9796       1566     6.5208     1.6513  0.000e+00
    165.114     9.0187   3.721955    34.9788       1567     6.5250     1.6515  0.000e+00
    165.027     9.0212   3.722350    34.9806       1568     6.5292     1.6512  0.000e+00
    164.937     9.0236   3.722456    34.9793       1569     6.5333     1.6520  0.000e+00
    164.838     9.0259   3.722591    34.9785       1570     6.5375     1.6508  0.000e+00
    164.753     9.0276   3.722526    34.9762       1571     6.5417     1.6515  0.000e+00
    164.673     9.0287   3.722697    34.9770       1572     6.5458     1.6512  0.000e+00
    164.599     9.0300   3.722797    34.9768       1573     6.5500     1.6509  0.000e+00
    164.532     9.0309   3.722821    34.9762       1574     6.5542     1.6512  0.000e+00
    164.463     9.0319   3.722809    34.9751       1575     6.5583     1.6514  0.000e+00
    164.411     9.0324   3.722956    34.9762       1576     6.5625     1.6510  0.000e+00
    164.351     9.0332   3.723133    34.9773       1577     6.5667     1.6506  0.000e+00
    164.295     9.0341   3.723162    34.9767       1578     6.5708     1.6509  0.000e+00
    164.243     9.0350   3.723109    34.9753       1579     6.5750     1.6516  0.000e+00
    164.190     9.0353   3.722956    34.9734       1580     6.5792     1.6522  0.000e+00
    164.136     9.0353   3.723003    34.9739       1581     6.5833     1.6516  0.000e+00
    164.080     9.0352   3.723162    34.9757       1582     6.5875     1.6526  0.000e+00
    164.020     9.0358   3.723298    34.9766       1583     6.5917     1.6518  0.000e+00
    163.964     9.0365   3.723310    34.9760       1584     6.5958     1.6519  0.000e+00
    163.885     9.0372   3.723251    34.9748       1585     6.6000     1.6519  0.000e+00
    163.812     9.0371   3.723156    34.9739       1586     6.6042     1.6512  0.000e+00
    163.729     9.0370   3.723321    34.9758       1587     6.6083     1.6517  0.000e+00
    163.630     9.0372   3.723415    34.9766       1588     6.6125     1.6513  0.000e+00
    163.527     9.0379   3.723410    34.9760       1589     6.6167     1.6518  0.000e+00
    163.405     9.0385   3.723392    34.9753       1590     6.6208     1.6513  0.000e+00
    163.279     9.0386   3.723433    34.9756       1591     6.6250     1.6510  0.000e+00
    163.136     9.0390   3.723392    34.9749       1592     6.6292     1.6509  0.000e+00
    162.989     9.0390   3.723657    34.9777       1593     6.6333     1.6514  0.000e+00
    162.839     9.0397   3.723710    34.9776       1594     6.6375     1.6516  0.000e+00
    162.686     9.0406   3.723786    34.9776       1595     6.6417     1.6516  0.000e+00
    162.537     9.0413   3.723639    34.9754       1596     6.6458     1.6519  0.000e+00
    162.389     9.0418   3.723568    34.9743       1597     6.6500     1.6522  0.000e+00
    162.257     9.0416   3.723981    34.9789       1598     6.6542     1.6520  0.000e+00
    162.141     9.0425   3.724199    34.9804       1599     6.6583     1.6525  0.000e+00
    162.044     9.0439   3.723869    34.9756       1600     6.6625     1.6535  0.000e+00
    161.964     9.0444   3.723980    34.9763       1601     6.6667     1.6534  0.000e+00
    161.903     9.0445   3.724028    34.9767       1602     6.6708     1.6519  0.000e+00
    161.861     9.0448   3.724210    34.9783       1603     6.6750     1.6529  0.000e+00
    161.827     9.0455   3.724222    34.9777       1604     6.6792     1.6538  0.000e+00
    161.805     9.0463   3.724187    34.9766       1605     6.6833     1.6522  0.000e+00
    161.787     9.0466   3.724198    34.9765       1606     6.6875     1.6529  0.000e+00
    161.774     9.0468   3.724139    34.9756       1607     6.6917     1.6535  0.000e+00
    161.756     9.0468   3.724328    34.9777       1608     6.6958     1.6538  0.000e+00
    161.731     9.0472   3.724776    34.9820       1609     6.7000     1.6538  0.000e+00
    161.691     9.0490   3.724917    34.9816       1610     6.7042     1.6542  0.000e+00
    161.648     9.0510   3.725736    34.9883       1611     6.7083     1.6538  0.000e+00
    161.593     9.0543   3.726226    34.9902       1612     6.7125     1.6535  0.000e+00
    161.519     9.0588   3.726349    34.9871       1613     6.7167     1.6536  0.000e+00
    161.434     9.0624   3.726326    34.9834       1614     6.7208     1.6528  0.000e+00
    161.340     9.0646   3.726491    34.9830       1615     6.7250     1.6532  0.000e+00
    161.242     9.0665   3.726349    34.9797       1616     6.7292     1.6525  0.000e+00
    161.134     9.0676   3.726184    34.9769       1617     6.7333     1.6532  0.000e+00
    161.031     9.0680   3.726166    34.9764       1618     6.7375     1.6531  0.000e+00
    160.924     9.0682   3.726708    34.9819       1619     6.7417     1.6529  0.000e+00
    160.810     9.0701   3.727581    34.9892       1620     6.7458     1.6542  0.000e+00
    160.700     9.0745   3.727645    34.9857       1621     6.7500     1.6534  0.000e+00
    160.586     9.0794   3.728653    34.9914       1622     6.7542     1.6537  0.000e+00
    160.479     9.0865   3.730982    35.0089       1623     6.7583     1.6535  0.000e+00
    160.373     9.0981   3.731731    35.0054       1624     6.7625     1.6540  0.000e+00
    160.266     9.1103   3.733141    35.0081       1625     6.7667     1.6540  0.000e+00
    160.167     9.1225   3.734108    35.0063       1626     6.7708     1.6529  0.000e+00
    160.067     9.1343   3.734521    34.9991       1627     6.7750     1.6534  0.000e+00
