HB2402/sbe074.cnv
* Sea-Bird SBE 19plus V2 Data File:
* FileName = C:\cruise\data\sbe074.hex
* Software Version Seasave V 7.26.7.121
* Temperature SN = 7037
* Conductivity SN = 7037
* System UpLoad Time = Apr 11 2024 07:15:01
* NMEA Latitude = 40 17.00 N
* NMEA Longitude = 068 17.31 W
* NMEA UTC (Time) = Apr 11 2024  07:14:27
** Ship: Bigelow
** Cruise:  HB2304
** Program:  Fall Bottom Trawl
# nquan = 8
# nvalues = 4188                                  
# units = specified
# name 0 = depSM: Depth [salt water, m]
# name 1 = tv290C: Temperature [ITS-90, deg C]
# name 2 = c0S/m: Conductivity [S/m]
# name 3 = sal00: Salinity, Practical [PSU]
# name 4 = scan: Scan Count
# name 5 = timeM: Time, Elapsed [minutes]
# name 6 = sbeox0V: Oxygen raw, SBE 43 [V]
# name 7 = flag:  0.000e+00
# span 0 =      0.002,    188.751                 
# span 1 =     5.4805,    11.2506                 
# span 2 =   0.000020,   3.918973                 
# span 3 =     0.0048,    34.9715                 
# span 4 =         11,       4198                 
# span 5 =     0.0417,    17.4875                 
# span 6 =     1.8117,     2.4340                 
# span 7 = 0.0000e+00, 0.0000e+00                 
# interval = seconds: 0.25
# start_time = Apr 11 2024 07:14:27 [NMEA time, header]
# bad_flag = -9.990e-29
*END*
[from data line 180]
     25.122     5.5424   3.181931    32.5619        191     0.7917     2.2045  0.000e+00
     25.241     5.5351   3.183276    32.5842        192     0.7958     2.2108  0.000e+00
     25.366     5.5304   3.186255    32.6225        193     0.8000     2.2167  0.000e+00
     25.496     5.5296   3.192572    32.6948        194     0.8042     2.2191  0.000e+00
     25.630     5.5327   3.199742    32.7730        195     0.8083     2.2280  0.000e+00
     25.765     5.5336   3.203998    32.8204        196     0.8125     2.2318  0.000e+00
     25.904     5.5296   3.206597    32.8538        197     0.8167     2.2345  0.000e+00
     26.054     5.5304   3.211506    32.9086        198     0.8208     2.2354  0.000e+00
     26.217     5.5493   3.215280    32.9328        199     0.8250     2.2364  0.000e+00
     26.396     5.5732   3.217909    32.9391        200     0.8292     2.2339  0.000e+00
     26.578     5.6254   3.215079    32.8560        201     0.8333     2.2318  0.000e+00
     26.772     5.6712   3.177170    32.3829        202     0.8375     2.2274  0.000e+00
     26.972     5.6531   3.170601    32.3260        203     0.8417     2.2239  0.000e+00
     27.182     5.5956   3.170347    32.3784        204     0.8458     2.2133  0.000e+00
     27.386     5.5506   3.170231    32.4203        205     0.8500     2.2037  0.000e+00
     27.603     5.5210   3.170132    32.4477        206     0.8542     2.1995  0.000e+00
     27.805     5.5022   3.170232    32.4669        207     0.8583     2.2012  0.000e+00
     28.008     5.4907   3.170525    32.4813        208     0.8625     2.2080  0.000e+00
     28.192     5.4840   3.170923    32.4922        209     0.8667     2.2187  0.000e+00
     28.367     5.4808   3.171493    32.5016        210     0.8708     2.2292  0.000e+00
     28.532     5.4805   3.172245    32.5104        211     0.8750     2.2406  0.000e+00
     28.684     5.4821   3.172997    32.5173        212     0.8792     2.2511  0.000e+00
     28.823     5.4854   3.173672    32.5216        213     0.8833     2.2630  0.000e+00
     28.946     5.4898   3.174263    32.5240        214     0.8875     2.2723  0.000e+00
     29.054     5.4945   3.175508    32.5335        215     0.8917     2.2815  0.000e+00
     29.155     5.5003   3.176343    32.5374        216     0.8958     2.2908  0.000e+00
     29.251     5.5076   3.177035    32.5380        217     0.9000     2.2983  0.000e+00
     29.350     5.5147   3.177333    32.5345        218     0.9042     2.3050  0.000e+00
     29.441     5.5203   3.177626    32.5324        219     0.9083     2.3109  0.000e+00
     29.537     5.5249   3.177765    32.5295        220     0.9125     2.3169  0.000e+00
     29.649     5.5284   3.177886    32.5274        221     0.9167     2.3218  0.000e+00
     29.775     5.5311   3.178401    32.5305        222     0.9208     2.3248  0.000e+00
     29.920     5.5339   3.178739    32.5316        223     0.9250     2.3291  0.000e+00
     30.086     5.5372   3.178838    32.5294        224     0.9292     2.3321  0.000e+00
     30.268     5.5402   3.178954    32.5278        225     0.9333     2.3347  0.000e+00
     30.480     5.5423   3.179807    32.5353        226     0.9375     2.3371  0.000e+00
     30.711     5.5457   3.180322    32.5377        227     0.9417     2.3391  0.000e+00
     30.961     5.5499   3.180659    32.5373        228     0.9458     2.3415  0.000e+00
     31.212     5.5537   3.180836    32.5355        229     0.9500     2.3427  0.000e+00
     31.452     5.5571   3.180681    32.5304        230     0.9542     2.3447  0.000e+00
     31.687     5.5601   3.181412    32.5356        231     0.9583     2.3473  0.000e+00
     31.889     5.5628   3.181550    32.5344        232     0.9625     2.3456  0.000e+00
     32.113     5.5651   3.181872    32.5358        233     0.9667     2.3511  0.000e+00
     32.319     5.5671   3.182265    32.5382        234     0.9708     2.3497  0.000e+00
     32.477     5.5698   3.182503    32.5382        235     0.9750     2.3538  0.000e+00
     32.581     5.5724   3.183416    32.5460        236     0.9792     2.3548  0.000e+00
     32.636     5.5762   3.183776    32.5463        237     0.9833     2.3530  0.000e+00
     32.670     5.5807   3.184053    32.5451        238     0.9875     2.3528  0.000e+00
     32.712     5.5843   3.184291    32.5443        239     0.9917     2.3554  0.000e+00
     32.757     5.5875   3.184513    32.5437        240     0.9958     2.3560  0.000e+00
     32.816     5.5902   3.184944    32.5459        241     1.0000     2.3572  0.000e+00
     32.883     5.5931   3.185243    32.5464        242     1.0042     2.3574  0.000e+00
     32.959     5.5961   3.185343    32.5446        243     1.0083     2.3579  0.000e+00
     33.066     5.5985   3.185426    32.5432        244     1.0125     2.3583  0.000e+00
     33.201     5.6002   3.185742    32.5451        245     1.0167     2.3571  0.000e+00
     33.362     5.6022   3.185919    32.5450        246     1.0208     2.3583  0.000e+00
     33.545     5.6043   3.186119    32.5452        247     1.0250     2.3595  0.000e+00
     33.738     5.6063   3.186279    32.5450        248     1.0292     2.3582  0.000e+00
     33.949     5.6080   3.186656    32.5475        249     1.0333     2.3579  0.000e+00
     34.166     5.6100   3.187171    32.5513        250     1.0375     2.3591  0.000e+00
     34.394     5.6130   3.187986    32.5574        251     1.0417     2.3585  0.000e+00
     34.616     5.6171   3.188922    32.5640        252     1.0458     2.3574  0.000e+00
     34.842     5.6224   3.189797    32.5686        253     1.0500     2.3576  0.000e+00
     35.063     5.6283   3.190651    32.5725        254     1.0542     2.3582  0.000e+00
     35.274     5.6344   3.191571    32.5769        255     1.0583     2.3582  0.000e+00
     35.464     5.6406   3.192801    32.5847        256     1.0625     2.3598  0.000e+00
     35.636     5.6478   3.194636    32.5983        257     1.0667     2.3594  0.000e+00
     35.802     5.6567   3.197226    32.6189        258     1.0708     2.3588  0.000e+00
     35.952     5.6692   3.201203    32.6517        259     1.0750     2.3595  0.000e+00
     36.107     5.6864   3.205660    32.6853        260     1.0792     2.3597  0.000e+00
     36.259     5.7092   3.207981    32.6893        261     1.0833     2.3598  0.000e+00
     36.402     5.7323   3.211608    32.7077        262     1.0875     2.3607  0.000e+00
     36.548     5.7561   3.213774    32.7090        263     1.0917     2.3595  0.000e+00
     36.700     5.7781   3.217009    32.7240        264     1.0958     2.3597  0.000e+00
     36.870     5.7999   3.222031    32.7594        265     1.1000     2.3590  0.000e+00
     37.045     5.8273   3.227250    32.7915        266     1.1042     2.3586  0.000e+00
     37.233     5.8581   3.230863    32.8021        267     1.1083     2.3581  0.000e+00
     37.427     5.8873   3.231587    32.7818        268     1.1125     2.3581  0.000e+00
     37.631     5.9107   3.236924    32.8190        269     1.1167     2.3571  0.000e+00
     37.839     5.9368   3.240976    32.8391        270     1.1208     2.3578  0.000e+00
     38.054     5.9645   3.244394    32.8505        271     1.1250     2.3558  0.000e+00
     38.258     5.9910   3.245638    32.8386        272     1.1292     2.3555  0.000e+00
     38.458     6.0130   3.247591    32.8391        273     1.1333     2.3511  0.000e+00
     38.639     6.0315   3.248299    32.8290        274     1.1375     2.3500  0.000e+00
     38.800     6.0461   3.248869    32.8211        275     1.1417     2.3504  0.000e+00
     38.937     6.0564   3.250169    32.8256        276     1.1458     2.3482  0.000e+00
     39.053     6.0656   3.250811    32.8238        277     1.1500     2.3453  0.000e+00
     39.154     6.0731   3.250900    32.8175        278     1.1542     2.3428  0.000e+00
     39.245     6.0776   3.250961    32.8138        279     1.1583     2.3406  0.000e+00
     39.335     6.0799   3.250861    32.8104        280     1.1625     2.3385  0.000e+00
     39.427     6.0810   3.250984    32.8107        281     1.1667     2.3360  0.000e+00
     39.525     6.0811   3.251123    32.8121        282     1.1708     2.3333  0.000e+00
     39.631     6.0808   3.251369    32.8151        283     1.1750     2.3319  0.000e+00
     39.750     6.0808   3.251470    32.8161        284     1.1792     2.3289  0.000e+00
     39.868     6.0811   3.251978    32.8215        285     1.1833     2.3271  0.000e+00
     40.002     6.0820   3.252508    32.8264        286     1.1875     2.3263  0.000e+00
     40.143     6.0839   3.252676    32.8265        287     1.1917     2.3228  0.000e+00
     40.298     6.0858   3.252530    32.8229        288     1.1958     2.3217  0.000e+00
     40.453     6.0872   3.252732    32.8237        289     1.2000     2.3217  0.000e+00
     40.622     6.0885   3.253055    32.8260        290     1.2042     2.3190  0.000e+00
     40.797     6.0898   3.253871    32.8338        291     1.2083     2.3173  0.000e+00
     40.976     6.0920   3.255239    32.8469        292     1.2125     2.3176  0.000e+00
     41.164     6.0959   3.256110    32.8527        293     1.2167     2.3158  0.000e+00
     41.348     6.1009   3.256909    32.8567        294     1.2208     2.3144  0.000e+00
     41.543     6.1057   3.257457    32.8581        295     1.2250     2.3145  0.000e+00
     41.728     6.1102   3.258088    32.8607        296     1.2292     2.3145  0.000e+00
     41.918     6.1144   3.259792    32.8756        297     1.2333     2.3131  0.000e+00
     42.100     6.1202   3.263191    32.9078        298     1.2375     2.3128  0.000e+00
     42.283     6.1309   3.268587    32.9578        299     1.2417     2.3115  0.000e+00
     42.463     6.1500   3.273853    32.9979        300     1.2458     2.3124  0.000e+00
     42.637     6.1753   3.279626    33.0377        301     1.2500     2.3125  0.000e+00
     42.805     6.2058   3.282247    33.0372        302     1.2542     2.3123  0.000e+00
     42.964     6.2337   3.284181    33.0316        303     1.2583     2.3124  0.000e+00
     43.119     6.2570   3.287168    33.0422        304     1.2625     2.3120  0.000e+00
     43.275     6.2784   3.288817    33.0397        305     1.2667     2.3115  0.000e+00
     43.427     6.2970   3.288710    33.0203        306     1.2708     2.3109  0.000e+00
     43.589     6.3096   3.288031    33.0005        307     1.2750     2.3092  0.000e+00
     43.752     6.3162   3.290218    33.0184        308     1.2792     2.3095  0.000e+00
     43.920     6.3229   3.291043    33.0209        309     1.2833     2.3073  0.000e+00
     44.095     6.3301   3.291744    33.0217        310     1.2875     2.3043  0.000e+00
     44.282     6.3369   3.293348    33.0329        311     1.2917     2.3029  0.000e+00
     44.470     6.3448   3.294987    33.0433        312     1.2958     2.3004  0.000e+00
     44.658     6.3539   3.295767    33.0430        313     1.3000     2.2984  0.000e+00
     44.851     6.3627   3.296760    33.0455        314     1.3042     2.2954  0.000e+00
     45.048     6.3709   3.297670    33.0476        315     1.3083     2.2959  0.000e+00
     45.243     6.3786   3.298270    33.0466        316     1.3125     2.2934  0.000e+00
     45.442     6.3854   3.298910    33.0471        317     1.3167     2.2914  0.000e+00
     45.637     6.3914   3.299449    33.0472        318     1.3208     2.2897  0.000e+00
     45.825     6.3967   3.299988    33.0479        319     1.3250     2.2893  0.000e+00
     46.008     6.4017   3.300314    33.0465        320     1.3292     2.2876  0.000e+00
     46.161     6.4060   3.300859    33.0483        321     1.3333     2.2868  0.000e+00
     46.308     6.4099   3.301252    33.0489        322     1.3375     2.2856  0.000e+00
     46.434     6.4135   3.301319    33.0461        323     1.3417     2.2857  0.000e+00
     46.543     6.4163   3.301454    33.0448        324     1.3458     2.2853  0.000e+00
     46.635     6.4182   3.301769    33.0464        325     1.3500     2.2849  0.000e+00
     46.716     6.4202   3.302162    33.0488        326     1.3542     2.2828  0.000e+00
     46.808     6.4225   3.302606    33.0514        327     1.3583     2.2799  0.000e+00
     46.906     6.4252   3.302780    33.0507        328     1.3625     2.2795  0.000e+00
     47.016     6.4277   3.302926    33.0499        329     1.3667     2.2784  0.000e+00
     47.148     6.4293   3.303061    33.0497        330     1.3708     2.2779  0.000e+00
     47.298     6.4310   3.303589    33.0538        331     1.3750     2.2777  0.000e+00
     47.464     6.4330   3.304684    33.0640        332     1.3792     2.2770  0.000e+00
     47.650     6.4370   3.305375    33.0677        333     1.3833     2.2757  0.000e+00
     47.858     6.4417   3.307797    33.0899        334     1.3875     2.2748  0.000e+00
     48.066     6.4506   3.313262    33.1418        335     1.3917     2.2744  0.000e+00
     48.292     6.4706   3.327306    33.2781        336     1.3958     2.2747  0.000e+00
     48.527     6.5157   3.338168    33.3544        337     1.4000     2.2740  0.000e+00
     48.765     6.5808   3.344905    33.3653        338     1.4042     2.2744  0.000e+00
     49.002     6.6467   3.353077    33.3913        339     1.4083     2.2772  0.000e+00
     49.244     6.7105   3.356812    33.3701        340     1.4125     2.2794  0.000e+00
     49.476     6.7673   3.360905    33.3599        341     1.4167     2.2797  0.000e+00
     49.693     6.8160   3.363728    33.3435        342     1.4208     2.2815  0.000e+00
     49.904     6.8537   3.367128    33.3442        343     1.4250     2.2806  0.000e+00
     50.107     6.8874   3.374126    33.3882        344     1.4292     2.2796  0.000e+00
     50.296     6.9262   3.379373    33.4080        345     1.4333     2.2794  0.000e+00
     50.475     6.9676   3.383160    33.4092        346     1.4375     2.2801  0.000e+00
     50.638     7.0062   3.384418    33.3855        347     1.4417     2.2786  0.000e+00
     50.784     7.0357   3.387453    33.3900        348     1.4458     2.2777  0.000e+00
     50.922     7.0624   3.387963    33.3697        349     1.4500     2.2783  0.000e+00
     51.041     7.0825   3.389433    33.3662        350     1.4542     2.2771  0.000e+00
     51.148     7.0986   3.390165    33.3586        351     1.4583     2.2754  0.000e+00
     51.258     7.1111   3.391180    33.3575        352     1.4625     2.2742  0.000e+00
     51.355     7.1218   3.392162    33.3579        353     1.4667     2.2727  0.000e+00
     51.460     7.1309   3.392423    33.3518        354     1.4708     2.2701  0.000e+00
     51.571     7.1384   3.393343    33.3546        355     1.4750     2.2678  0.000e+00
     51.694     7.1452   3.393956    33.3546        356     1.4792     2.2660  0.000e+00
     51.829     7.1511   3.393854    33.3478        357     1.4833     2.2637  0.000e+00
     51.968     7.1552   3.394302    33.3486        358     1.4875     2.2625  0.000e+00
     52.122     7.1584   3.394796    33.3508        359     1.4917     2.2603  0.000e+00
     52.285     7.1616   3.394893    33.3487        360     1.4958     2.2588  0.000e+00
     52.463     7.1643   3.395427    33.3518        361     1.5000     2.2576  0.000e+00
     52.642     7.1668   3.395824    33.3537        362     1.5042     2.2556  0.000e+00
     52.829     7.1695   3.396017    33.3531        363     1.5083     2.2545  0.000e+00
     53.015     7.1721   3.396568    33.3564        364     1.5125     2.2532  0.000e+00
     53.201     7.1749   3.396852    33.3568        365     1.5167     2.2528  0.000e+00
     53.378     7.1779   3.396869    33.3540        366     1.5208     2.2515  0.000e+00
     53.557     7.1797   3.396852    33.3520        367     1.5250     2.2499  0.000e+00
     53.725     7.1809   3.397364    33.3563        368     1.5292     2.2498  0.000e+00
     53.884     7.1827   3.397943    33.3608        369     1.5333     2.2487  0.000e+00
