HB2402/sbe094.cnv
* Sea-Bird SBE 19plus V2 Data File:
* FileName = C:\cruise\data\sbe094.hex
* Software Version Seasave V 7.26.7.121
* Temperature SN = 7037
* Conductivity SN = 7037
* System UpLoad Time = Apr 27 2024 06:54:55
* NMEA Latitude = 41 00.07 N
* NMEA Longitude = 066 36.70 W
* NMEA UTC (Time) = Apr 27 2024  06:53:37
** Ship: Bigelow
** Cruise:  HB2402
** Program:  Spring Bottom Trawl
# nquan = 8
# nvalues = 2083                                  
# units = specified
# name 0 = depSM: Depth [salt water, m]
# name 1 = tv290C: Temperature [ITS-90, deg C]
# name 2 = c0S/m: Conductivity [S/m]
# name 3 = sal00: Salinity, Practical [PSU]
# name 4 = scan: Scan Count
# name 5 = timeM: Time, Elapsed [minutes]
# name 6 = sbeox0V: Oxygen raw, SBE 43 [V]
# name 7 = flag:  0.000e+00
# span 0 =      0.109,     83.991                 
# span 1 =     4.5335,     5.8870                 
# span 2 =  -0.000012,   3.254110                 
# span 3 =     0.0000,    33.0143                 
# span 4 =         11,       2093                 
# span 5 =     0.0417,     8.7167                 
# span 6 =     2.0972,     2.4459                 
# span 7 = 0.0000e+00, 0.0000e+00                 
# interval = seconds: 0.25
# start_time = Apr 27 2024 06:53:37 [NMEA time, header]
# bad_flag = -9.990e-29
*END*
      0.171     4.5455  -0.000007     0.0000         11     0.0417     2.4380  0.000e+00
      0.169     4.5456  -0.000007     0.0000         12     0.0458     2.4382  0.000e+00
      0.175     4.5450  -0.000007     0.0000         13     0.0500     2.4376  0.000e+00
      0.171     4.5448  -0.000007     0.0000         14     0.0542     2.4383  0.000e+00
      0.168     4.5451  -0.000002     0.0000         15     0.0583     2.4386  0.000e+00
      0.168     4.5459  -0.000004     0.0000         16     0.0625     2.4381  0.000e+00
      0.169     4.5472  -0.000012     0.0000         17     0.0667     2.4379  0.000e+00
      0.169     4.5484  -0.000002     0.0000         18     0.0708     2.4385  0.000e+00
      0.168     4.5485  -0.000007     0.0000         19     0.0750     2.4380  0.000e+00
      0.173     4.5480  -0.000007     0.0000         20     0.0792     2.4384  0.000e+00
      0.171     4.5464  -0.000002     0.0000         21     0.0833     2.4381  0.000e+00
      0.169     4.5441  -0.000007     0.0000         22     0.0875     2.4380  0.000e+00
      0.169     4.5418  -0.000004     0.0000         23     0.0917     2.4386  0.000e+00
      0.168     4.5397  -0.000007     0.0000         24     0.0958     2.4393  0.000e+00
      0.166     4.5388  -0.000007     0.0000         25     0.1000     2.4395  0.000e+00
      0.166     4.5387  -0.000002     0.0000         26     0.1042     2.4389  0.000e+00
      0.166     4.5380  -0.000002     0.0000         27     0.1083     2.4386  0.000e+00
      0.166     4.5373  -0.000007     0.0000         28     0.1125     2.4389  0.000e+00
      0.166     4.5368  -0.000010     0.0000         29     0.1167     2.4378  0.000e+00
      0.168     4.5360  -0.000007     0.0000         30     0.1208     2.4379  0.000e+00
      0.166     4.5349  -0.000007     0.0000         31     0.1250     2.4381  0.000e+00
      0.168     4.5345  -0.000002     0.0000         32     0.1292     2.4385  0.000e+00
      0.166     4.5348  -0.000007     0.0000         33     0.1333     2.4382  0.000e+00
      0.164     4.5367  -0.000007     0.0000         34     0.1375     2.4379  0.000e+00
      0.166     4.5381  -0.000007     0.0000         35     0.1417     2.4374  0.000e+00
      0.157     4.5389  -0.000004     0.0000         36     0.1458     2.4382  0.000e+00
      0.171     4.5402  -0.000012     0.0000         37     0.1500     2.4386  0.000e+00
      0.164     4.5408  -0.000002     0.0000         38     0.1542     2.4377  0.000e+00
      0.168     4.5407  -0.000002     0.0000         39     0.1583     2.4382  0.000e+00
      0.166     4.5398  -0.000007     0.0000         40     0.1625     2.4390  0.000e+00
      0.164     4.5391  -0.000002     0.0000         41     0.1667     2.4395  0.000e+00
      0.166     4.5388  -0.000012     0.0000         42     0.1708     2.4385  0.000e+00
      0.169     4.5386  -0.000004     0.0000         43     0.1750     2.4391  0.000e+00
      0.169     4.5374  -0.000007     0.0000         44     0.1792     2.4394  0.000e+00
      0.166     4.5364  -0.000002     0.0000         45     0.1833     2.4380  0.000e+00
      0.169     4.5358  -0.000007     0.0000         46     0.1875     2.4388  0.000e+00
      0.167     4.5350  -0.000007     0.0000         47     0.1917     2.4381  0.000e+00
      0.166     4.5341  -0.000007     0.0000         48     0.1958     2.4388  0.000e+00
      0.164     4.5336  -0.000004     0.0000         49     0.2000     2.4375  0.000e+00
      0.168     4.5335  -0.000002     0.0000         50     0.2042     2.4390  0.000e+00
      0.168     4.5342  -0.000007     0.0000         51     0.2083     2.4380  0.000e+00
      0.166     4.5374  -0.000007     0.0000         52     0.2125     2.4380  0.000e+00
      0.164     4.5403  -0.000007     0.0000         53     0.2167     2.4386  0.000e+00
      0.164     4.5407  -0.000012     0.0000         54     0.2208     2.4387  0.000e+00
      0.168     4.5397  -0.000007     0.0000         55     0.2250     2.4388  0.000e+00
      0.168     4.5384  -0.000004     0.0000         56     0.2292     2.4385  0.000e+00
      0.168     4.5367  -0.000007     0.0000         57     0.2333     2.4381  0.000e+00
      0.168     4.5363  -0.000002     0.0000         58     0.2375     2.4383  0.000e+00
      0.171     4.5379  -0.000007     0.0000         59     0.2417     2.4380  0.000e+00
      0.164     4.5406  -0.000007     0.0000         60     0.2458     2.4383  0.000e+00
      0.164     4.5414  -0.000007     0.0000         61     0.2500     2.4382  0.000e+00
      0.162     4.5412  -0.000004     0.0000         62     0.2542     2.4388  0.000e+00
      0.164     4.5415  -0.000007     0.0000         63     0.2583     2.4383  0.000e+00
      0.159     4.5449  -0.000007     0.0000         64     0.2625     2.4392  0.000e+00
      0.162     4.5514  -0.000007     0.0000         65     0.2667     2.4392  0.000e+00
      0.164     4.5575  -0.000007     0.0000         66     0.2708     2.4383  0.000e+00
      0.166     4.5607  -0.000007     0.0000         67     0.2750     2.4381  0.000e+00
      0.166     4.5610  -0.000002     0.0000         68     0.2792     2.4381  0.000e+00
      0.164     4.5601  -0.000004     0.0000         69     0.2833     2.4381  0.000e+00
      0.162     4.5582  -0.000007     0.0000         70     0.2875     2.4385  0.000e+00
      0.169     4.5560  -0.000002     0.0000         71     0.2917     2.4387  0.000e+00
      0.168     4.5536  -0.000007     0.0000         72     0.2958     2.4385  0.000e+00
      0.164     4.5513  -0.000007     0.0000         73     0.3000     2.4386  0.000e+00
      0.164     4.5491  -0.000007     0.0000         74     0.3042     2.4382  0.000e+00
      0.168     4.5464  -0.000002     0.0000         75     0.3083     2.4379  0.000e+00
      0.166     4.5443  -0.000010     0.0000         76     0.3125     2.4379  0.000e+00
      0.166     4.5437  -0.000007     0.0000         77     0.3167     2.4388  0.000e+00
      0.166     4.5447  -0.000007     0.0000         78     0.3208     2.4376  0.000e+00
      0.162     4.5460  -0.000002     0.0000         79     0.3250     2.4382  0.000e+00
      0.162     4.5458  -0.000007     0.0000         80     0.3292     2.4392  0.000e+00
      0.159     4.5456  -0.000007     0.0000         81     0.3333     2.4388  0.000e+00
      0.160     4.5489  -0.000004     0.0000         82     0.3375     2.4389  0.000e+00
      0.164     4.5517  -0.000007     0.0000         83     0.3417     2.4377  0.000e+00
      0.171     4.5513  -0.000007     0.0000         84     0.3458     2.4388  0.000e+00
      0.166     4.5500  -0.000002     0.0000         85     0.3500     2.4381  0.000e+00
      0.159     4.5484  -0.000007     0.0000         86     0.3542     2.4392  0.000e+00
      0.166     4.5463  -0.000007     0.0000         87     0.3583     2.4387  0.000e+00
      0.166     4.5436  -0.000007     0.0000         88     0.3625     2.4391  0.000e+00
      0.166     4.5420  -0.000010     0.0000         89     0.3667     2.4380  0.000e+00
      0.168     4.5427  -0.000007     0.0000         90     0.3708     2.4382  0.000e+00
      0.169     4.5437  -0.000007     0.0000         91     0.3750     2.4384  0.000e+00
      0.168     4.5423  -0.000002     0.0000         92     0.3792     2.4390  0.000e+00
      0.173     4.5396  -0.000007     0.0000         93     0.3833     2.4388  0.000e+00
      0.160     4.5370  -0.000007     0.0000         94     0.3875     2.4388  0.000e+00
      0.160     4.5374  -0.000004     0.0000         95     0.3917     2.4397  0.000e+00
      0.164     4.5408  -0.000002     0.0000         96     0.3958     2.4385  0.000e+00
      0.169     4.5432  -0.000007     0.0000         97     0.4000     2.4388  0.000e+00
      0.168     4.5436  -0.000002     0.0000         98     0.4042     2.4372  0.000e+00
      0.168     4.5431  -0.000002     0.0000         99     0.4083     2.4384  0.000e+00
      0.168     4.5412  -0.000007     0.0000        100     0.4125     2.4388  0.000e+00
      0.168     4.5389  -0.000002     0.0000        101     0.4167     2.4385  0.000e+00
      0.164     4.5365  -0.000004     0.0000        102     0.4208     2.4385  0.000e+00
      0.168     4.5343  -0.000007     0.0000        103     0.4250     2.4388  0.000e+00
      0.166     4.5341  -0.000002     0.0000        104     0.4292     2.4390  0.000e+00
      0.169     4.5369  -0.000007     0.0000        105     0.4333     2.4381  0.000e+00
      0.164     4.5410  -0.000002     0.0000        106     0.4375     2.4389  0.000e+00
      0.166     4.5424  -0.000002     0.0000        107     0.4417     2.4382  0.000e+00
      0.166     4.5413  -0.000004     0.0000        108     0.4458     2.4385  0.000e+00
      0.169     4.5412  -0.000007     0.0000        109     0.4500     2.4380  0.000e+00
      0.160     4.5421  -0.000002     0.0000        110     0.4542     2.4393  0.000e+00
      0.164     4.5436  -0.000002     0.0000        111     0.4583     2.4388  0.000e+00
      0.164     4.5454  -0.000007     0.0000        112     0.4625     2.4385  0.000e+00
      0.166     4.5456  -0.000007     0.0000        113     0.4667     2.4382  0.000e+00
      0.166     4.5440  -0.000002     0.0000        114     0.4708     2.4394  0.000e+00
      0.164     4.5441  -0.000004     0.0000        115     0.4750     2.4397  0.000e+00
      0.162     4.5483  -0.000007     0.0000        116     0.4792     2.4391  0.000e+00
      0.164     4.5525  -0.000007     0.0000        117     0.4833     2.4388  0.000e+00
      0.168     4.5566  -0.000007     0.0000        118     0.4875     2.4392  0.000e+00
      0.168     4.5624  -0.000002     0.0000        119     0.4917     2.4386  0.000e+00
      0.168     4.5679  -0.000002     0.0000        120     0.4958     2.4385  0.000e+00
      0.166     4.5722  -0.000007     0.0000        121     0.5000     2.4391  0.000e+00
      0.168     4.5740  -0.000004     0.0000        122     0.5042     2.4389  0.000e+00
      0.177     4.5761  -0.000007     0.0000        123     0.5083     2.4382  0.000e+00
      0.171     4.5798  -0.000007     0.0000        124     0.5125     2.4392  0.000e+00
      0.168     4.5822  -0.000002     0.0000        125     0.5167     2.4397  0.000e+00
      0.173     4.5820  -0.000002     0.0000        126     0.5208     2.4377  0.000e+00
      0.171     4.5804  -0.000007     0.0000        127     0.5250     2.4394  0.000e+00
      0.168     4.5799  -0.000004     0.0000        128     0.5292     2.4394  0.000e+00
      0.169     4.5831  -0.000002     0.0000        129     0.5333     2.4395  0.000e+00
      0.169     4.5905  -0.000007     0.0000        130     0.5375     2.4397  0.000e+00
      0.169     4.6017  -0.000002     0.0000        131     0.5417     2.4385  0.000e+00
      0.193     4.6192  -0.000002     0.0000        132     0.5458     2.4408  0.000e+00
      0.269     4.6423  -0.000007     0.0000        133     0.5500     2.4432  0.000e+00
      0.375     4.6723   1.466986    14.3327        134     0.5542     2.4440  0.000e+00
      0.542     4.7915   1.440221    13.9989        135     0.5583     2.4459  0.000e+00
      0.679     4.9678   1.803659    17.7802        136     0.5625     2.4442  0.000e+00
      0.814     5.1030   1.903463    18.7780        137     0.5667     2.4451  0.000e+00
      0.952     5.1975   1.903858    18.7292        138     0.5708     2.4418  0.000e+00
      1.123     5.2613   2.050379    20.2680        139     0.5750     2.4388  0.000e+00
      1.295     5.3044   3.048906    31.2919        140     0.5792     2.4336  0.000e+00
      1.474     5.3299   3.071021    31.5188        141     0.5833     2.4279  0.000e+00
      1.644     5.3468   3.100593    31.8385        142     0.5875     2.4230  0.000e+00
      1.803     5.3602   3.104622    31.8714        143     0.5917     2.4150  0.000e+00
      1.944     5.3699   3.099629    31.8055        144     0.5958     2.4082  0.000e+00
      2.063     5.3763   3.093883    31.7342        145     0.6000     2.4009  0.000e+00
      2.169     5.3804   3.104820    31.8543        146     0.6042     2.3902  0.000e+00
      2.283     5.3846   3.110898    31.9193        147     0.6083     2.3823  0.000e+00
      2.395     5.3862   3.114185    31.9550        148     0.6125     2.3727  0.000e+00
      2.516     5.3855   3.115305    31.9683        149     0.6167     2.3630  0.000e+00
      2.641     5.3844   3.115228    31.9684        150     0.6208     2.3526  0.000e+00
      2.757     5.3835   3.115695    31.9745        151     0.6250     2.3435  0.000e+00
      2.865     5.3839   3.116025    31.9778        152     0.6292     2.3335  0.000e+00
      2.972     5.3866   3.116063    31.9757        153     0.6333     2.3230  0.000e+00
      3.102     5.3904   3.116140    31.9728        154     0.6375     2.3122  0.000e+00
      3.235     5.3920   3.116101    31.9707        155     0.6417     2.3013  0.000e+00
      3.362     5.3922   3.116063    31.9701        156     0.6458     2.2898  0.000e+00
      3.468     5.3940   3.116184    31.9696        157     0.6500     2.2795  0.000e+00
      3.573     5.3967   3.116217    31.9674        158     0.6542     2.2697  0.000e+00
      3.678     5.3981   3.116239    31.9663        159     0.6583     2.2593  0.000e+00
      3.799     5.4014   3.116332    31.9642        160     0.6625     2.2496  0.000e+00
      3.927     5.4055   3.116409    31.9610        161     0.6667     2.2398  0.000e+00
      4.045     5.4084   3.116393    31.9580        162     0.6708     2.2311  0.000e+00
      4.166     5.4109   3.116349    31.9551        163     0.6750     2.2197  0.000e+00
      4.281     5.4145   3.116255    31.9505        164     0.6792     2.2108  0.000e+00
      4.402     5.4185   3.116255    31.9466        165     0.6833     2.2032  0.000e+00
      4.522     5.4201   3.116217    31.9446        166     0.6875     2.1955  0.000e+00
      4.634     5.4200   3.116200    31.9445        167     0.6917     2.1875  0.000e+00
      4.747     5.4206   3.116146    31.9433        168     0.6958     2.1818  0.000e+00
      4.858     5.4213   3.116041    31.9413        169     0.7000     2.1758  0.000e+00
      4.975     5.4213   3.115910    31.9398        170     0.7042     2.1717  0.000e+00
      5.091     5.4210   3.115789    31.9387        171     0.7083     2.1679  0.000e+00
      5.214     5.4202   3.114861    31.9288        172     0.7125     2.1634  0.000e+00
      5.279     5.4185   3.113758    31.9179        173     0.7167     2.1618  0.000e+00
      5.302     5.4155   3.113867    31.9220        174     0.7208     2.1589  0.000e+00
      5.250     5.4149   3.117475    31.9635        175     0.7250     2.1596  0.000e+00
      5.165     5.4260   3.120424    31.9865        176     0.7292     2.1600  0.000e+00
      5.105     5.4449   3.121682    31.9827        177     0.7333     2.1597  0.000e+00
      5.076     5.4633   3.122501    31.9745        178     0.7375     2.1596  0.000e+00
      5.058     5.4794   3.123100    31.9659        179     0.7417     2.1617  0.000e+00
      5.038     5.4922   3.123111    31.9538        180     0.7458     2.1645  0.000e+00
      4.998     5.5032   3.122924    31.9413        181     0.7500     2.1723  0.000e+00
      4.948     5.5112   3.124226    31.9484        182     0.7542     2.1781  0.000e+00
      4.908     5.5160   3.124034    31.9417        183     0.7583     2.1848  0.000e+00
      4.876     5.5180   3.123742    31.9365        184     0.7625     2.1912  0.000e+00
      4.831     5.5187   3.123643    31.9348        185     0.7667     2.1979  0.000e+00
      4.782     5.5197   3.123577    31.9331        186     0.7708     2.2042  0.000e+00
      4.719     5.5200   3.123627    31.9334        187     0.7750     2.2095  0.000e+00
      4.675     5.5198   3.123566    31.9330        188     0.7792     2.2180  0.000e+00
      4.648     5.5193   3.123335    31.9308        189     0.7833     2.2254  0.000e+00
