HB2402/sbe095.cnv
* Sea-Bird SBE 19plus V2 Data File:
* FileName = C:\cruise\data\sbe095.hex
* Software Version Seasave V 7.26.7.121
* Temperature SN = 7037
* Conductivity SN = 7037
* System UpLoad Time = Apr 27 2024 10:14:19
* NMEA Latitude = 41 19.20 N
* NMEA Longitude = 066 47.80 W
* NMEA UTC (Time) = Apr 27 2024  10:13:01
** Ship: Bigelow
** Cruise:  HB2402
** Program:  Spring Bottom Trawl
# nquan = 8
# nvalues = 2157                                  
# units = specified
# name 0 = depSM: Depth [salt water, m]
# name 1 = tv290C: Temperature [ITS-90, deg C]
# name 2 = c0S/m: Conductivity [S/m]
# name 3 = sal00: Salinity, Practical [PSU]
# name 4 = scan: Scan Count
# name 5 = timeM: Time, Elapsed [minutes]
# name 6 = sbeox0V: Oxygen raw, SBE 43 [V]
# name 7 = flag:  0.000e+00
# span 0 =      0.139,     69.826                 
# span 1 =     5.9744,     6.3950                 
# span 2 =  -0.008931,   3.184597                 
# span 3 =     0.0000,    32.1174                 
# span 4 =         11,       2167                 
# span 5 =     0.0417,     9.0250                 
# span 6 =     2.3215,     2.7226                 
# span 7 = 0.0000e+00, 0.0000e+00                 
# interval = seconds: 0.25
# start_time = Apr 27 2024 10:13:01 [NMEA time, header]
# bad_flag = -9.990e-29
*END*
[from data line 1259]
     39.827     6.0095   3.182561    32.1140       1270     5.2875     2.3394  0.000e+00
     39.810     6.0095   3.182561    32.1141       1271     5.2917     2.3385  0.000e+00
     39.790     6.0094   3.182545    32.1139       1272     5.2958     2.3378  0.000e+00
     39.774     6.0095   3.182545    32.1139       1273     5.3000     2.3381  0.000e+00
     39.743     6.0094   3.182561    32.1142       1274     5.3042     2.3380  0.000e+00
     39.718     6.0093   3.182545    32.1140       1275     5.3083     2.3369  0.000e+00
     39.671     6.0092   3.182523    32.1139       1276     5.3125     2.3382  0.000e+00
     39.621     6.0095   3.182523    32.1137       1277     5.3167     2.3378  0.000e+00
     39.563     6.0094   3.182545    32.1141       1278     5.3208     2.3375  0.000e+00
     39.483     6.0095   3.182523    32.1137       1279     5.3250     2.3372  0.000e+00
     39.414     6.0094   3.182522    32.1139       1280     5.3292     2.3373  0.000e+00
     39.335     6.0095   3.182500    32.1136       1281     5.3333     2.3386  0.000e+00
     39.241     6.0096   3.182500    32.1136       1282     5.3375     2.3380  0.000e+00
     39.147     6.0095   3.182484    32.1135       1283     5.3417     2.3362  0.000e+00
     39.048     6.0096   3.182484    32.1135       1284     5.3458     2.3370  0.000e+00
     38.941     6.0095   3.182461    32.1134       1285     5.3500     2.3359  0.000e+00
     38.834     6.0095   3.182461    32.1134       1286     5.3542     2.3350  0.000e+00
     38.730     6.0093   3.182461    32.1136       1287     5.3583     2.3359  0.000e+00
     38.621     6.0092   3.182445    32.1136       1288     5.3625     2.3356  0.000e+00
     38.524     6.0090   3.182423    32.1136       1289     5.3667     2.3356  0.000e+00
     38.424     6.0092   3.182406    32.1133       1290     5.3708     2.3353  0.000e+00
     38.348     6.0092   3.182384    32.1130       1291     5.3750     2.3358  0.000e+00
     38.263     6.0092   3.182345    32.1127       1292     5.3792     2.3347  0.000e+00
     38.177     6.0090   3.182323    32.1126       1293     5.3833     2.3354  0.000e+00
     38.101     6.0089   3.182323    32.1128       1294     5.3875     2.3350  0.000e+00
     38.030     6.0088   3.182323    32.1129       1295     5.3917     2.3361  0.000e+00
     37.955     6.0086   3.182323    32.1131       1296     5.3958     2.3362  0.000e+00
     37.886     6.0084   3.182323    32.1133       1297     5.4000     2.3362  0.000e+00
     37.805     6.0081   3.182306    32.1135       1298     5.4042     2.3373  0.000e+00
     37.725     6.0079   3.182323    32.1138       1299     5.4083     2.3366  0.000e+00
     37.640     6.0080   3.182284    32.1134       1300     5.4125     2.3370  0.000e+00
     37.562     6.0079   3.182168    32.1122       1301     5.4167     2.3370  0.000e+00
     37.485     6.0079   3.182184    32.1125       1302     5.4208     2.3369  0.000e+00
     37.391     6.0078   3.182085    32.1115       1303     5.4250     2.3370  0.000e+00
     37.322     6.0078   3.182206    32.1129       1304     5.4292     2.3366  0.000e+00
     37.261     6.0078   3.182206    32.1129       1305     5.4333     2.3369  0.000e+00
     37.190     6.0079   3.182184    32.1126       1306     5.4375     2.3365  0.000e+00
     37.140     6.0080   3.182123    32.1119       1307     5.4417     2.3366  0.000e+00
     37.087     6.0079   3.182245    32.1133       1308     5.4458     2.3362  0.000e+00
     37.028     6.0079   3.182262    32.1135       1309     5.4500     2.3355  0.000e+00
     36.973     6.0079   3.182245    32.1134       1310     5.4542     2.3360  0.000e+00
     36.914     6.0079   3.182262    32.1136       1311     5.4583     2.3358  0.000e+00
     36.852     6.0079   3.182245    32.1135       1312     5.4625     2.3355  0.000e+00
     36.784     6.0078   3.182261    32.1137       1313     5.4667     2.3365  0.000e+00
     36.715     6.0079   3.182245    32.1135       1314     5.4708     2.3365  0.000e+00
     36.643     6.0078   3.182245    32.1136       1315     5.4750     2.3359  0.000e+00
     36.569     6.0079   3.182245    32.1136       1316     5.4792     2.3356  0.000e+00
     36.496     6.0079   3.182245    32.1136       1317     5.4833     2.3359  0.000e+00
     36.420     6.0079   3.182245    32.1137       1318     5.4875     2.3356  0.000e+00
     36.350     6.0078   3.182223    32.1135       1319     5.4917     2.3363  0.000e+00
     36.296     6.0078   3.182223    32.1135       1320     5.4958     2.3364  0.000e+00
     36.230     6.0077   3.182245    32.1140       1321     5.5000     2.3375  0.000e+00
     36.166     6.0077   3.182223    32.1137       1322     5.5042     2.3381  0.000e+00
     36.100     6.0078   3.182223    32.1136       1323     5.5083     2.3375  0.000e+00
     36.032     6.0077   3.182206    32.1136       1324     5.5125     2.3378  0.000e+00
     35.965     6.0077   3.182206    32.1137       1325     5.5167     2.3386  0.000e+00
     35.884     6.0077   3.182206    32.1137       1326     5.5208     2.3388  0.000e+00
     35.790     6.0076   3.182184    32.1136       1327     5.5250     2.3394  0.000e+00
     35.688     6.0077   3.182222    32.1140       1328     5.5292     2.3388  0.000e+00
     35.582     6.0077   3.182206    32.1139       1329     5.5333     2.3385  0.000e+00
     35.486     6.0078   3.182206    32.1138       1330     5.5375     2.3382  0.000e+00
     35.372     6.0078   3.182167    32.1134       1331     5.5417     2.3401  0.000e+00
     35.255     6.0077   3.182123    32.1131       1332     5.5458     2.3382  0.000e+00
     35.128     6.0077   3.182106    32.1130       1333     5.5500     2.3384  0.000e+00
     35.018     6.0075   3.182123    32.1133       1334     5.5542     2.3384  0.000e+00
     34.911     6.0075   3.182123    32.1134       1335     5.5583     2.3385  0.000e+00
     34.805     6.0074   3.182122    32.1135       1336     5.5625     2.3382  0.000e+00
     34.709     6.0073   3.182084    32.1133       1337     5.5667     2.3388  0.000e+00
     34.615     6.0075   3.182122    32.1136       1338     5.5708     2.3385  0.000e+00
     34.543     6.0074   3.182084    32.1132       1339     5.5750     2.3397  0.000e+00
     34.469     6.0073   3.182106    32.1136       1340     5.5792     2.3395  0.000e+00
     34.396     6.0074   3.182106    32.1135       1341     5.5833     2.3386  0.000e+00
     34.329     6.0074   3.182084    32.1133       1342     5.5875     2.3383  0.000e+00
     34.264     6.0075   3.182084    32.1133       1343     5.5917     2.3391  0.000e+00
     34.225     6.0074   3.182106    32.1137       1344     5.5958     2.3374  0.000e+00
     34.187     6.0074   3.182106    32.1136       1345     5.6000     2.3379  0.000e+00
     34.156     6.0075   3.182122    32.1138       1346     5.6042     2.3370  0.000e+00
     34.133     6.0075   3.182144    32.1140       1347     5.6083     2.3364  0.000e+00
     34.111     6.0077   3.182122    32.1136       1348     5.6125     2.3362  0.000e+00
     34.098     6.0075   3.182122    32.1138       1349     5.6167     2.3355  0.000e+00
     34.080     6.0077   3.182106    32.1134       1350     5.6208     2.3347  0.000e+00
     34.057     6.0077   3.182106    32.1135       1351     5.6250     2.3348  0.000e+00
     34.031     6.0076   3.182122    32.1137       1352     5.6292     2.3346  0.000e+00
     33.995     6.0076   3.182122    32.1138       1353     5.6333     2.3349  0.000e+00
     33.952     6.0076   3.182106    32.1136       1354     5.6375     2.3353  0.000e+00
     33.898     6.0075   3.182122    32.1139       1355     5.6417     2.3348  0.000e+00
     33.842     6.0077   3.182106    32.1135       1356     5.6458     2.3344  0.000e+00
     33.775     6.0077   3.182106    32.1136       1357     5.6500     2.3356  0.000e+00
     33.692     6.0075   3.182083    32.1135       1358     5.6542     2.3356  0.000e+00
     33.605     6.0076   3.182122    32.1139       1359     5.6583     2.3363  0.000e+00
     33.506     6.0076   3.182122    32.1140       1360     5.6625     2.3361  0.000e+00
     33.417     6.0077   3.182122    32.1140       1361     5.6667     2.3360  0.000e+00
     33.309     6.0077   3.182083    32.1135       1362     5.6708     2.3375  0.000e+00
     33.206     6.0078   3.182067    32.1134       1363     5.6750     2.3378  0.000e+00
     33.086     6.0077   3.182044    32.1133       1364     5.6792     2.3383  0.000e+00
     32.981     6.0077   3.182083    32.1137       1365     5.6833     2.3391  0.000e+00
     32.878     6.0077   3.182083    32.1138       1366     5.6875     2.3385  0.000e+00
     32.752     6.0075   3.182067    32.1138       1367     5.6917     2.3400  0.000e+00
     32.649     6.0077   3.182066    32.1137       1368     5.6958     2.3403  0.000e+00
     32.533     6.0077   3.182044    32.1135       1369     5.7000     2.3403  0.000e+00
     32.419     6.0077   3.182066    32.1138       1370     5.7042     2.3402  0.000e+00
     32.324     6.0076   3.182066    32.1139       1371     5.7083     2.3408  0.000e+00
     32.235     6.0077   3.182083    32.1141       1372     5.7125     2.3408  0.000e+00
     32.139     6.0080   3.182066    32.1136       1373     5.7167     2.3401  0.000e+00
     32.067     6.0080   3.182066    32.1137       1374     5.7208     2.3406  0.000e+00
     32.007     6.0079   3.182066    32.1138       1375     5.7250     2.3401  0.000e+00
     31.944     6.0079   3.182022    32.1134       1376     5.7292     2.3411  0.000e+00
     31.890     6.0077   3.182022    32.1135       1377     5.7333     2.3398  0.000e+00
     31.852     6.0075   3.182044    32.1140       1378     5.7375     2.3402  0.000e+00
     31.820     6.0076   3.182022    32.1137       1379     5.7417     2.3401  0.000e+00
     31.792     6.0075   3.182022    32.1138       1380     5.7458     2.3401  0.000e+00
     31.774     6.0075   3.182022    32.1138       1381     5.7500     2.3399  0.000e+00
     31.747     6.0075   3.182022    32.1138       1382     5.7542     2.3398  0.000e+00
     31.736     6.0074   3.182022    32.1140       1383     5.7583     2.3398  0.000e+00
     31.722     6.0074   3.182005    32.1138       1384     5.7625     2.3405  0.000e+00
     31.711     6.0075   3.182005    32.1136       1385     5.7667     2.3403  0.000e+00
     31.697     6.0073   3.182005    32.1138       1386     5.7708     2.3398  0.000e+00
     31.680     6.0073   3.182005    32.1139       1387     5.7750     2.3395  0.000e+00
     31.653     6.0074   3.182005    32.1138       1388     5.7792     2.3385  0.000e+00
     31.619     6.0074   3.182022    32.1140       1389     5.7833     2.3391  0.000e+00
     31.565     6.0076   3.182022    32.1138       1390     5.7875     2.3385  0.000e+00
     31.502     6.0077   3.182005    32.1136       1391     5.7917     2.3372  0.000e+00
     31.420     6.0076   3.181966    32.1133       1392     5.7958     2.3365  0.000e+00
     31.328     6.0074   3.181983    32.1137       1393     5.8000     2.3363  0.000e+00
     31.200     6.0075   3.181983    32.1136       1394     5.8042     2.3369  0.000e+00
     31.044     6.0075   3.181983    32.1137       1395     5.8083     2.3363  0.000e+00
     30.914     6.0074   3.182005    32.1141       1396     5.8125     2.3363  0.000e+00
     30.761     6.0075   3.181983    32.1138       1397     5.8167     2.3368  0.000e+00
     30.614     6.0077   3.181983    32.1138       1398     5.8208     2.3380  0.000e+00
     30.475     6.0077   3.181927    32.1132       1399     5.8250     2.3369  0.000e+00
     30.363     6.0075   3.181905    32.1132       1400     5.8292     2.3378  0.000e+00
     30.273     6.0075   3.181927    32.1134       1401     5.8333     2.3385  0.000e+00
     30.195     6.0075   3.181905    32.1133       1402     5.8375     2.3396  0.000e+00
     30.125     6.0073   3.181866    32.1131       1403     5.8417     2.3399  0.000e+00
     30.080     6.0073   3.181905    32.1135       1404     5.8458     2.3392  0.000e+00
     30.043     6.0071   3.181927    32.1139       1405     5.8500     2.3400  0.000e+00
     30.014     6.0073   3.181905    32.1136       1406     5.8542     2.3395  0.000e+00
     29.998     6.0073   3.181905    32.1136       1407     5.8583     2.3387  0.000e+00
     29.991     6.0073   3.181905    32.1136       1408     5.8625     2.3394  0.000e+00
     29.982     6.0071   3.181905    32.1137       1409     5.8667     2.3394  0.000e+00
     29.980     6.0073   3.181905    32.1136       1410     5.8708     2.3390  0.000e+00
     29.971     6.0071   3.181883    32.1135       1411     5.8750     2.3395  0.000e+00
     29.958     6.0070   3.181905    32.1138       1412     5.8792     2.3395  0.000e+00
     29.933     6.0070   3.181905    32.1139       1413     5.8833     2.3389  0.000e+00
     29.901     6.0070   3.181905    32.1139       1414     5.8875     2.3389  0.000e+00
     29.859     6.0071   3.181905    32.1138       1415     5.8917     2.3395  0.000e+00
     29.808     6.0071   3.181866    32.1134       1416     5.8958     2.3394  0.000e+00
     29.760     6.0071   3.181883    32.1136       1417     5.9000     2.3403  0.000e+00
     29.698     6.0070   3.181883    32.1137       1418     5.9042     2.3382  0.000e+00
     29.633     6.0070   3.181866    32.1136       1419     5.9083     2.3395  0.000e+00
     29.561     6.0070   3.181866    32.1137       1420     5.9125     2.3399  0.000e+00
     29.480     6.0070   3.181866    32.1137       1421     5.9167     2.3398  0.000e+00
     29.387     6.0070   3.181883    32.1139       1422     5.9208     2.3380  0.000e+00
     29.299     6.0069   3.181866    32.1138       1423     5.9250     2.3383  0.000e+00
     29.209     6.0068   3.181844    32.1137       1424     5.9292     2.3386  0.000e+00
     29.115     6.0068   3.181866    32.1140       1425     5.9333     2.3382  0.000e+00
     29.017     6.0071   3.181866    32.1138       1426     5.9375     2.3401  0.000e+00
     28.916     6.0070   3.181844    32.1137       1427     5.9417     2.3392  0.000e+00
     28.809     6.0070   3.181827    32.1135       1428     5.9458     2.3395  0.000e+00
     28.737     6.0070   3.181827    32.1136       1429     5.9500     2.3398  0.000e+00
     28.663     6.0069   3.181805    32.1135       1430     5.9542     2.3396  0.000e+00
     28.605     6.0070   3.181805    32.1134       1431     5.9583     2.3396  0.000e+00
     28.549     6.0070   3.181805    32.1134       1432     5.9625     2.3401  0.000e+00
     28.506     6.0069   3.181805    32.1135       1433     5.9667     2.3399  0.000e+00
     28.457     6.0069   3.181783    32.1133       1434     5.9708     2.3402  0.000e+00
     28.412     6.0068   3.181805    32.1136       1435     5.9750     2.3395  0.000e+00
     28.365     6.0070   3.181783    32.1133       1436     5.9792     2.3404  0.000e+00
     28.312     6.0068   3.181783    32.1134       1437     5.9833     2.3383  0.000e+00
     28.267     6.0068   3.181783    32.1135       1438     5.9875     2.3373  0.000e+00
     28.222     6.0068   3.181783    32.1135       1439     5.9917     2.3380  0.000e+00
     28.177     6.0067   3.181783    32.1136       1440     5.9958     2.3380  0.000e+00
     28.126     6.0066   3.181783    32.1138       1441     6.0000     2.3382  0.000e+00
     28.081     6.0067   3.181783    32.1137       1442     6.0042     2.3383  0.000e+00
     28.041     6.0067   3.181805    32.1139       1443     6.0083     2.3376  0.000e+00
     28.000     6.0067   3.181766    32.1135       1444     6.0125     2.3380  0.000e+00
     27.958     6.0067   3.181783    32.1137       1445     6.0167     2.3382  0.000e+00
     27.922     6.0067   3.181766    32.1136       1446     6.0208     2.3380  0.000e+00
     27.871     6.0067   3.181766    32.1136       1447     6.0250     2.3385  0.000e+00
     27.815     6.0067   3.181783    32.1138       1448     6.0292     2.3379  0.000e+00
