HB2402/sbe103.cnv
* Sea-Bird SBE 19plus V2 Data File:
* FileName = C:\cruise\data\sbe103.hex
* Software Version Seasave V 7.26.7.121
* Temperature SN = 7037
* Conductivity SN = 7037
* System UpLoad Time = Apr 28 2024 14:20:14
* NMEA Latitude = 41 56.51 N
* NMEA Longitude = 066 41.25 W
* NMEA UTC (Time) = Apr 28 2024  14:18:58
** Ship: Bigelow
** Cruise:  HB2402
** Program:  Spring Bottom Trawl
# nquan = 8
# nvalues = 1929                                  
# units = specified
# name 0 = depSM: Depth [salt water, m]
# name 1 = tv290C: Temperature [ITS-90, deg C]
# name 2 = c0S/m: Conductivity [S/m]
# name 3 = sal00: Salinity, Practical [PSU]
# name 4 = scan: Scan Count
# name 5 = timeM: Time, Elapsed [minutes]
# name 6 = sbeox0V: Oxygen raw, SBE 43 [V]
# name 7 = flag:  0.000e+00
# span 0 =      0.098,     63.641                 
# span 1 =     6.0654,    10.3592                 
# span 2 =   0.000009,   3.287249                 
# span 3 =     0.0053,    32.6695                 
# span 4 =         11,       1939                 
# span 5 =     0.0417,     8.0750                 
# span 6 =     2.0572,     2.4442                 
# span 7 = 0.0000e+00, 0.0000e+00                 
# interval = seconds: 0.25
# start_time = Apr 28 2024 14:18:58 [NMEA time, header]
# bad_flag = -9.990e-29
*END*
[from data line 1618]
     14.081     6.0752   3.172710    31.9545       1629     6.7833     2.3703  0.000e+00
     14.020     6.0753   3.172649    31.9537       1630     6.7875     2.3705  0.000e+00
     13.977     6.0752   3.172594    31.9532       1631     6.7917     2.3696  0.000e+00
     13.949     6.0751   3.172594    31.9533       1632     6.7958     2.3714  0.000e+00
     13.937     6.0749   3.172572    31.9533       1633     6.8000     2.3718  0.000e+00
     13.951     6.0746   3.172594    31.9537       1634     6.8042     2.3719  0.000e+00
     13.980     6.0746   3.172649    31.9544       1635     6.8083     2.3721  0.000e+00
     14.020     6.0749   3.172749    31.9552       1636     6.8125     2.3715  0.000e+00
     14.076     6.0753   3.172710    31.9543       1637     6.8167     2.3701  0.000e+00
     14.134     6.0756   3.172688    31.9538       1638     6.8208     2.3715  0.000e+00
     14.199     6.0757   3.172710    31.9539       1639     6.8250     2.3702  0.000e+00
     14.251     6.0756   3.172710    31.9540       1640     6.8292     2.3709  0.000e+00
     14.284     6.0756   3.172749    31.9544       1641     6.8333     2.3700  0.000e+00
     14.316     6.0759   3.172771    31.9544       1642     6.8375     2.3691  0.000e+00
     14.340     6.0761   3.172809    31.9546       1643     6.8417     2.3704  0.000e+00
     14.341     6.0763   3.172787    31.9541       1644     6.8458     2.3691  0.000e+00
     14.340     6.0765   3.172826    31.9544       1645     6.8500     2.3677  0.000e+00
     14.311     6.0768   3.172787    31.9537       1646     6.8542     2.3670  0.000e+00
     14.273     6.0768   3.172848    31.9544       1647     6.8583     2.3686  0.000e+00
     14.215     6.0769   3.172848    31.9544       1648     6.8625     2.3671  0.000e+00
     14.135     6.0770   3.172787    31.9536       1649     6.8667     2.3678  0.000e+00
     14.047     6.0770   3.172848    31.9543       1650     6.8708     2.3670  0.000e+00
     13.946     6.0772   3.172948    31.9553       1651     6.8750     2.3669  0.000e+00
     13.830     6.0776   3.172948    31.9550       1652     6.8792     2.3664  0.000e+00
     13.716     6.0778   3.172986    31.9552       1653     6.8833     2.3665  0.000e+00
     13.584     6.0784   3.173008    31.9550       1654     6.8875     2.3673  0.000e+00
     13.465     6.0787   3.173086    31.9556       1655     6.8917     2.3685  0.000e+00
     13.353     6.0793   3.173301    31.9575       1656     6.8958     2.3679  0.000e+00
     13.235     6.0806   3.173340    31.9568       1657     6.9000     2.3687  0.000e+00
     13.132     6.0815   3.173677    31.9597       1658     6.9042     2.3690  0.000e+00
     13.031     6.0835   3.173799    31.9593       1659     6.9083     2.3696  0.000e+00
     12.953     6.0856   3.174352    31.9635       1660     6.9125     2.3707  0.000e+00
     12.876     6.0886   3.173898    31.9556       1661     6.9167     2.3711  0.000e+00
     12.814     6.0900   3.173362    31.9483       1662     6.9208     2.3711  0.000e+00
     12.765     6.0882   3.174014    31.9573       1663     6.9250     2.3719  0.000e+00
     12.731     6.0886   3.174131    31.9583       1664     6.9292     2.3720  0.000e+00
     12.695     6.0903   3.174175    31.9572       1665     6.9333     2.3715  0.000e+00
     12.684     6.0914   3.174213    31.9566       1666     6.9375     2.3725  0.000e+00
     12.679     6.0924   3.174053    31.9539       1667     6.9417     2.3724  0.000e+00
     12.686     6.0925   3.174175    31.9552       1668     6.9458     2.3722  0.000e+00
     12.700     6.0929   3.174175    31.9548       1669     6.9500     2.3731  0.000e+00
     12.720     6.0930   3.174291    31.9559       1670     6.9542     2.3733  0.000e+00
     12.754     6.0935   3.174590    31.9588       1671     6.9583     2.3734  0.000e+00
     12.779     6.0949   3.174905    31.9610       1672     6.9625     2.3742  0.000e+00
     12.807     6.0969   3.174827    31.9582       1673     6.9667     2.3732  0.000e+00
     12.834     6.0982   3.174805    31.9567       1674     6.9708     2.3736  0.000e+00
     12.848     6.0989   3.174490    31.9525       1675     6.9750     2.3742  0.000e+00
     12.863     6.0983   3.174689    31.9554       1676     6.9792     2.3736  0.000e+00
     12.859     6.0980   3.174789    31.9567       1677     6.9833     2.3750  0.000e+00
     12.846     6.0986   3.174744    31.9557       1678     6.9875     2.3745  0.000e+00
     12.814     6.0987   3.174927    31.9576       1679     6.9917     2.3749  0.000e+00
     12.761     6.0994   3.174883    31.9565       1680     6.9958     2.3734  0.000e+00
     12.705     6.1001   3.174606    31.9528       1681     7.0000     2.3738  0.000e+00
     12.624     6.0996   3.174706    31.9544       1682     7.0042     2.3733  0.000e+00
     12.539     6.0991   3.174412    31.9516       1683     7.0083     2.3727  0.000e+00
     12.434     6.0980   3.174943    31.9586       1684     7.0125     2.3729  0.000e+00
     12.330     6.0987   3.175142    31.9602       1685     7.0167     2.3737  0.000e+00
     12.216     6.1008   3.175718    31.9647       1686     7.0208     2.3739  0.000e+00
     12.107     6.1038   3.175579    31.9605       1687     7.0250     2.3742  0.000e+00
     11.985     6.1063   3.175258    31.9546       1688     7.0292     2.3742  0.000e+00
     11.876     6.1070   3.175441    31.9560       1689     7.0333     2.3751  0.000e+00
     11.779     6.1076   3.176132    31.9632       1690     7.0375     2.3752  0.000e+00
     11.683     6.1100   3.176199    31.9617       1691     7.0417     2.3760  0.000e+00
     11.602     6.1133   3.176309    31.9598       1692     7.0458     2.3753  0.000e+00
     11.535     6.1156   3.175756    31.9516       1693     7.0500     2.3768  0.000e+00
     11.468     6.1155   3.175656    31.9506       1694     7.0542     2.3760  0.000e+00
     11.412     6.1145   3.175756    31.9527       1695     7.0583     2.3763  0.000e+00
     11.367     6.1140   3.176270    31.9588       1696     7.0625     2.3769  0.000e+00
     11.338     6.1154   3.175833    31.9527       1697     7.0667     2.3753  0.000e+00
     11.310     6.1155   3.175695    31.9511       1698     7.0708     2.3760  0.000e+00
     11.294     6.1144   3.175181    31.9464       1699     7.0750     2.3747  0.000e+00
     11.292     6.1117   3.175020    31.9471       1700     7.0792     2.3747  0.000e+00
     11.298     6.1092   3.174882    31.9480       1701     7.0833     2.3742  0.000e+00
     11.305     6.1070   3.175081    31.9522       1702     7.0875     2.3750  0.000e+00
     11.310     6.1059   3.174412    31.9459       1703     7.0917     2.3739  0.000e+00
     11.317     6.1034   3.174053    31.9442       1704     7.0958     2.3739  0.000e+00
     11.314     6.1000   3.173798    31.9445       1705     7.1000     2.3733  0.000e+00
     11.301     6.0965   3.173439    31.9439       1706     7.1042     2.3730  0.000e+00
     11.288     6.0931   3.173439    31.9471       1707     7.1083     2.3731  0.000e+00
     11.268     6.0902   3.173478    31.9503       1708     7.1125     2.3730  0.000e+00
     11.236     6.0886   3.173560    31.9526       1709     7.1167     2.3729  0.000e+00
     11.187     6.0886   3.173461    31.9516       1710     7.1208     2.3728  0.000e+00
     11.138     6.0879   3.174075    31.9591       1711     7.1250     2.3718  0.000e+00
     11.086     6.0898   3.174528    31.9625       1712     7.1292     2.3726  0.000e+00
     11.025     6.0926   3.174926    31.9642       1713     7.1333     2.3731  0.000e+00
     10.958     6.0963   3.175302    31.9650       1714     7.1375     2.3724  0.000e+00
     10.889     6.1006   3.175358    31.9616       1715     7.1417     2.3725  0.000e+00
     10.829     6.1037   3.175678    31.9622       1716     7.1458     2.3716  0.000e+00
     10.761     6.1067   3.175557    31.9581       1717     7.1500     2.3715  0.000e+00
     10.696     6.1086   3.175833    31.9595       1718     7.1542     2.3726  0.000e+00
     10.641     6.1105   3.175994    31.9595       1719     7.1583     2.3727  0.000e+00
     10.591     6.1126   3.175971    31.9573       1720     7.1625     2.3734  0.000e+00
     10.549     6.1142   3.175955    31.9556       1721     7.1667     2.3735  0.000e+00
     10.509     6.1149   3.175911    31.9545       1722     7.1708     2.3739  0.000e+00
     10.473     6.1153   3.176171    31.9569       1723     7.1750     2.3727  0.000e+00
     10.443     6.1161   3.175678    31.9508       1724     7.1792     2.3744  0.000e+00
     10.414     6.1156   3.175518    31.9495       1725     7.1833     2.3734  0.000e+00
     10.383     6.1139   3.175634    31.9524       1726     7.1875     2.3735  0.000e+00
     10.350     6.1130   3.175656    31.9534       1727     7.1917     2.3735  0.000e+00
     10.327     6.1130   3.175994    31.9572       1728     7.1958     2.3739  0.000e+00
     10.294     6.1138   3.176287    31.9598       1729     7.2000     2.3742  0.000e+00
     10.253     6.1156   3.175579    31.9502       1730     7.2042     2.3740  0.000e+00
     10.208     6.1154   3.175496    31.9495       1731     7.2083     2.3747  0.000e+00
     10.153     6.1135   3.175556    31.9520       1732     7.2125     2.3747  0.000e+00
     10.094     6.1125   3.175910    31.9569       1733     7.2167     2.3739  0.000e+00
     10.023     6.1133   3.175518    31.9518       1734     7.2208     2.3732  0.000e+00
      9.946     6.1129   3.175319    31.9500       1735     7.2250     2.3734  0.000e+00
      9.866     6.1114   3.175003    31.9480       1736     7.2292     2.3727  0.000e+00
      9.790     6.1094   3.175020    31.9500       1737     7.2333     2.3727  0.000e+00
      9.711     6.1078   3.175440    31.9563       1738     7.2375     2.3726  0.000e+00
      9.635     6.1083   3.176010    31.9622       1739     7.2417     2.3717  0.000e+00
      9.566     6.1109   3.176054    31.9603       1740     7.2458     2.3723  0.000e+00
      9.516     6.1135   3.176607    31.9640       1741     7.2500     2.3732  0.000e+00
      9.468     6.1168   3.176607    31.9609       1742     7.2542     2.3735  0.000e+00
      9.429     6.1196   3.176569    31.9579       1743     7.2583     2.3740  0.000e+00
      9.409     6.1212   3.176430    31.9548       1744     7.2625     2.3742  0.000e+00
      9.394     6.1218   3.176624    31.9564       1745     7.2667     2.3743  0.000e+00
      9.394     6.1223   3.176286    31.9522       1746     7.2708     2.3740  0.000e+00
      9.403     6.1221   3.176148    31.9508       1747     7.2750     2.3741  0.000e+00
      9.412     6.1213   3.175932    31.9492       1748     7.2792     2.3737  0.000e+00
      9.432     6.1195   3.175910    31.9506       1749     7.2833     2.3734  0.000e+00
      9.436     6.1183   3.175357    31.9456       1750     7.2875     2.3724  0.000e+00
      9.439     6.1157   3.175103    31.9452       1751     7.2917     2.3726  0.000e+00
      9.436     6.1123   3.175479    31.9526       1752     7.2958     2.3727  0.000e+00
      9.418     6.1110   3.174804    31.9463       1753     7.3000     2.3721  0.000e+00
      9.392     6.1087   3.174389    31.9439       1754     7.3042     2.3716  0.000e+00
      9.353     6.1050   3.174190    31.9451       1755     7.3083     2.3717  0.000e+00
      9.295     6.1017   3.173875    31.9448       1756     7.3125     2.3718  0.000e+00
      9.232     6.0982   3.173991    31.9494       1757     7.3167     2.3722  0.000e+00
      9.158     6.0961   3.173952    31.9510       1758     7.3208     2.3730  0.000e+00
      9.071     6.0953   3.174666    31.9597       1759     7.3250     2.3720  0.000e+00
      8.984     6.0969   3.174942    31.9614       1760     7.3292     2.3721  0.000e+00
      8.908     6.0996   3.174804    31.9573       1761     7.3333     2.3719  0.000e+00
      8.831     6.1015   3.174588    31.9532       1762     7.3375     2.3722  0.000e+00
      8.762     6.1018   3.174151    31.9480       1763     7.3417     2.3715  0.000e+00
      8.700     6.1000   3.173853    31.9464       1764     7.3458     2.3729  0.000e+00
      8.648     6.0974   3.173576    31.9458       1765     7.3500     2.3727  0.000e+00
      8.614     6.0944   3.173438    31.9472       1766     7.3542     2.3733  0.000e+00
      8.585     6.0919   3.174251    31.9585       1767     7.3583     2.3729  0.000e+00
      8.557     6.0926   3.174212    31.9575       1768     7.3625     2.3719  0.000e+00
      8.539     6.0941   3.174273    31.9567       1769     7.3667     2.3712  0.000e+00
      8.528     6.0954   3.174273    31.9556       1770     7.3708     2.3728  0.000e+00
      8.516     6.0961   3.174644    31.9590       1771     7.3750     2.3708  0.000e+00
      8.499     6.0977   3.174450    31.9554       1772     7.3792     2.3715  0.000e+00
      8.474     6.0986   3.174666    31.9569       1773     7.3833     2.3708  0.000e+00
      8.449     6.0997   3.174643    31.9557       1774     7.3875     2.3725  0.000e+00
      8.416     6.1005   3.174289    31.9510       1775     7.3917     2.3709  0.000e+00
      8.373     6.0997   3.173775    31.9460       1776     7.3958     2.3725  0.000e+00
      8.326     6.0973   3.174151    31.9525       1777     7.4000     2.3709  0.000e+00
      8.265     6.0960   3.173897    31.9509       1778     7.4042     2.3718  0.000e+00
      8.199     6.0951   3.173836    31.9511       1779     7.4083     2.3719  0.000e+00
      8.124     6.0943   3.172531    31.9373       1780     7.4125     2.3714  0.000e+00
      8.044     6.0890   3.173300    31.9509       1781     7.4167     2.3708  0.000e+00
      7.964     6.0872   3.174903    31.9706       1782     7.4208     2.3696  0.000e+00
      7.889     6.0923   3.174925    31.9661       1783     7.4250     2.3718  0.000e+00
      7.815     6.0968   3.172946    31.9398       1784     7.4292     2.3716  0.000e+00
      7.744     6.0945   3.171939    31.9307       1785     7.4333     2.3729  0.000e+00
      7.679     6.0868   3.171956    31.9382       1786     7.4375     2.3721  0.000e+00
      7.638     6.0807   3.172017    31.9447       1787     7.4417     2.3719  0.000e+00
      7.596     6.0771   3.172470    31.9531       1788     7.4458     2.3715  0.000e+00
      7.572     6.0763   3.173537    31.9658       1789     7.4500     2.3722  0.000e+00
      7.558     6.0802   3.172946    31.9555       1790     7.4542     2.3711  0.000e+00
      7.551     6.0819   3.171818    31.9413       1791     7.4583     2.3711  0.000e+00
      7.542     6.0786   3.171939    31.9458       1792     7.4625     2.3704  0.000e+00
      7.532     6.0756   3.172570    31.9557       1793     7.4667     2.3696  0.000e+00
      7.516     6.0756   3.172409    31.9539       1794     7.4708     2.3698  0.000e+00
      7.500     6.0766   3.172686    31.9561       1795     7.4750     2.3689  0.000e+00
      7.478     6.0772   3.172531    31.9538       1796     7.4792     2.3686  0.000e+00
      7.453     6.0779   3.172531    31.9531       1797     7.4833     2.3679  0.000e+00
      7.411     6.0777   3.172116    31.9487       1798     7.4875     2.3692  0.000e+00
      7.364     6.0766   3.171818    31.9465       1799     7.4917     2.3675  0.000e+00
      7.305     6.0743   3.171895    31.9495       1800     7.4958     2.3674  0.000e+00
      7.245     6.0728   3.171818    31.9500       1801     7.5000     2.3685  0.000e+00
      7.175     6.0720   3.171740    31.9500       1802     7.5042     2.3672  0.000e+00
      7.091     6.0708   3.171641    31.9501       1803     7.5083     2.3673  0.000e+00
      7.025     6.0697   3.171641    31.9511       1804     7.5125     2.3673  0.000e+00
      6.941     6.0691   3.171795    31.9535       1805     7.5167     2.3670  0.000e+00
      6.875     6.0694   3.173139    31.9682       1806     7.5208     2.3672  0.000e+00
      6.808     6.0735   3.172492    31.9571       1807     7.5250     2.3672  0.000e+00
