HB2402/sbe126.cnv
* Sea-Bird SBE 19plus V2 Data File:
* FileName = C:\cruise\data\sbe126.hex
* Software Version Seasave V 7.26.7.121
* Temperature SN = 7037
* Conductivity SN = 7037
* System UpLoad Time = May 06 2024 06:41:30
* NMEA Latitude = 43 44.49 N
* NMEA Longitude = 067 08.26 W
* NMEA UTC (Time) = May 06 2024  06:40:21
** Ship: Bigelow
** Cruise:  HB2402
** Program:  Spring Bottom Trawl
# nquan = 8
# nvalues = 4353                                  
# units = specified
# name 0 = depSM: Depth [salt water, m]
# name 1 = tv290C: Temperature [ITS-90, deg C]
# name 2 = c0S/m: Conductivity [S/m]
# name 3 = sal00: Salinity, Practical [PSU]
# name 4 = scan: Scan Count
# name 5 = timeM: Time, Elapsed [minutes]
# name 6 = sbeox0V: Oxygen raw, SBE 43 [V]
# name 7 = flag:  0.000e+00
# span 0 =     -0.010,    169.540                 
# span 1 =     5.0678,     6.9807                 
# span 2 =  -0.000002,   3.407372                 
# span 3 =     0.0000,    33.6085                 
# span 4 =         11,       4363                 
# span 5 =     0.0417,    18.1750                 
# span 6 =     1.8496,     2.7392                 
# span 7 = 0.0000e+00, 0.0000e+00                 
# interval = seconds: 0.25
# start_time = May 06 2024 06:40:21 [NMEA time, header]
# bad_flag = -9.990e-29
*END*
[from data line 1618]
    154.128     6.9772   3.406293    33.6027       1629     6.7833     1.8569  0.000e+00
    154.050     6.9769   3.406264    33.6028       1630     6.7875     1.8569  0.000e+00
    153.985     6.9764   3.406281    33.6035       1631     6.7917     1.8573  0.000e+00
    153.916     6.9763   3.406315    33.6040       1632     6.7958     1.8569  0.000e+00
    153.860     6.9764   3.406367    33.6045       1633     6.8000     1.8566  0.000e+00
    153.801     6.9765   3.406367    33.6044       1634     6.8042     1.8563  0.000e+00
    153.739     6.9767   3.406423    33.6049       1635     6.8083     1.8579  0.000e+00
    153.678     6.9769   3.406469    33.6052       1636     6.8125     1.8569  0.000e+00
    153.614     6.9772   3.406378    33.6040       1637     6.8167     1.8569  0.000e+00
    153.551     6.9770   3.405690    33.5966       1638     6.8208     1.8577  0.000e+00
    153.477     6.9755   3.405769    33.5990       1639     6.8250     1.8565  0.000e+00
    153.399     6.9741   3.405610    33.5987       1640     6.8292     1.8570  0.000e+00
    153.329     6.9731   3.405337    33.5967       1641     6.8333     1.8589  0.000e+00
    153.245     6.9718   3.405542    33.6002       1642     6.8375     1.8569  0.000e+00
    153.173     6.9715   3.405502    33.6001       1643     6.8417     1.8566  0.000e+00
    153.101     6.9714   3.405485    33.6001       1644     6.8458     1.8566  0.000e+00
    153.036     6.9711   3.405673    33.6025       1645     6.8500     1.8563  0.000e+00
    152.974     6.9714   3.405974    33.6055       1646     6.8542     1.8560  0.000e+00
    152.915     6.9723   3.406218    33.6074       1647     6.8583     1.8564  0.000e+00
    152.857     6.9737   3.406338    33.6073       1648     6.8625     1.8559  0.000e+00
    152.799     6.9749   3.406366    33.6064       1649     6.8667     1.8566  0.000e+00
    152.732     6.9757   3.406378    33.6058       1650     6.8708     1.8559  0.000e+00
    152.663     6.9763   3.406116    33.6024       1651     6.8750     1.8570  0.000e+00
    152.587     6.9760   3.405849    33.5998       1652     6.8792     1.8561  0.000e+00
    152.506     6.9751   3.405974    33.6021       1653     6.8833     1.8565  0.000e+00
    152.416     6.9746   3.406116    33.6041       1654     6.8875     1.8563  0.000e+00
    152.320     6.9748   3.406036    33.6032       1655     6.8917     1.8573  0.000e+00
    152.224     6.9748   3.406178    33.6047       1656     6.8958     1.8573  0.000e+00
    152.119     6.9752   3.406161    33.6043       1657     6.9000     1.8578  0.000e+00
    152.011     6.9754   3.405888    33.6011       1658     6.9042     1.8589  0.000e+00
    151.899     6.9751   3.405934    33.6019       1659     6.9083     1.8582  0.000e+00
    151.794     6.9747   3.405780    33.6007       1660     6.9125     1.8600  0.000e+00
    151.683     6.9741   3.405831    33.6019       1661     6.9167     1.8584  0.000e+00
    151.589     6.9741   3.405564    33.5990       1662     6.9208     1.8583  0.000e+00
    151.490     6.9733   3.405502    33.5992       1663     6.9250     1.8590  0.000e+00
    151.398     6.9725   3.405541    33.6005       1664     6.9292     1.8599  0.000e+00
    151.311     6.9721   3.405689    33.6025       1665     6.9333     1.8581  0.000e+00
    151.224     6.9723   3.406036    33.6061       1666     6.9375     1.8583  0.000e+00
    151.155     6.9731   3.405831    33.6031       1667     6.9417     1.8586  0.000e+00
    151.081     6.9734   3.405433    33.5985       1668     6.9458     1.8579  0.000e+00
    151.016     6.9729   3.405604    33.6009       1669     6.9500     1.8587  0.000e+00
    150.955     6.9726   3.405746    33.6029       1670     6.9542     1.8573  0.000e+00
    150.900     6.9727   3.405803    33.6034       1671     6.9583     1.8582  0.000e+00
    150.848     6.9731   3.405911    33.6042       1672     6.9625     1.8584  0.000e+00
    150.796     6.9734   3.405928    33.6041       1673     6.9667     1.8586  0.000e+00
    150.736     6.9739   3.405769    33.6019       1674     6.9708     1.8587  0.000e+00
    150.680     6.9738   3.405666    33.6009       1675     6.9750     1.8574  0.000e+00
    150.620     6.9736   3.405734    33.6019       1676     6.9792     1.8575  0.000e+00
    150.557     6.9733   3.405729    33.6022       1677     6.9833     1.8586  0.000e+00
    150.485     6.9732   3.405757    33.6026       1678     6.9875     1.8559  0.000e+00
    150.411     6.9733   3.405604    33.6008       1679     6.9917     1.8571  0.000e+00
    150.331     6.9730   3.405666    33.6018       1680     6.9958     1.8571  0.000e+00
    150.241     6.9728   3.405734    33.6028       1681     7.0000     1.8566  0.000e+00
    150.152     6.9729   3.405746    33.6029       1682     7.0042     1.8573  0.000e+00
    150.065     6.9731   3.405626    33.6014       1683     7.0083     1.8560  0.000e+00
    149.982     6.9730   3.405649    33.6019       1684     7.0125     1.8569  0.000e+00
    149.895     6.9729   3.405728    33.6029       1685     7.0167     1.8560  0.000e+00
    149.821     6.9730   3.405711    33.6026       1686     7.0208     1.8560  0.000e+00
    149.747     6.9731   3.405666    33.6020       1687     7.0250     1.8562  0.000e+00
    149.676     6.9731   3.405768    33.6031       1688     7.0292     1.8563  0.000e+00
    149.606     6.9731   3.405734    33.6028       1689     7.0333     1.8550  0.000e+00
    149.534     6.9733   3.405791    33.6033       1690     7.0375     1.8563  0.000e+00
    149.468     6.9735   3.405802    33.6033       1691     7.0417     1.8564  0.000e+00
    149.394     6.9737   3.405563    33.6005       1692     7.0458     1.8566  0.000e+00
    149.324     6.9734   3.405643    33.6017       1693     7.0500     1.8570  0.000e+00
    149.255     6.9731   3.405649    33.6020       1694     7.0542     1.8564  0.000e+00
    149.177     6.9731   3.405706    33.6027       1695     7.0583     1.8564  0.000e+00
    149.101     6.9732   3.405603    33.6015       1696     7.0625     1.8567  0.000e+00
    149.015     6.9730   3.405626    33.6020       1697     7.0667     1.8570  0.000e+00
    148.928     6.9730   3.405808    33.6041       1698     7.0708     1.8567  0.000e+00
    148.832     6.9733   3.405711    33.6027       1699     7.0750     1.8582  0.000e+00
    148.729     6.9734   3.405830    33.6040       1700     7.0792     1.8589  0.000e+00
    148.642     6.9738   3.405768    33.6030       1701     7.0833     1.8567  0.000e+00
    148.537     6.9739   3.405648    33.6016       1702     7.0875     1.8570  0.000e+00
    148.449     6.9738   3.405586    33.6011       1703     7.0917     1.8570  0.000e+00
    148.358     6.9734   3.405518    33.6008       1704     7.0958     1.8567  0.000e+00
    148.273     6.9731   3.405563    33.6016       1705     7.1000     1.8575  0.000e+00
    148.192     6.9727   3.405665    33.6031       1706     7.1042     1.8565  0.000e+00
    148.120     6.9730   3.405864    33.6051       1707     7.1083     1.8576  0.000e+00
    148.047     6.9736   3.405790    33.6037       1708     7.1125     1.8567  0.000e+00
    147.973     6.9739   3.405671    33.6022       1709     7.1167     1.8568  0.000e+00
    147.903     6.9738   3.405665    33.6022       1710     7.1208     1.8606  0.000e+00
    147.820     6.9737   3.405688    33.6026       1711     7.1250     1.8600  0.000e+00
    147.742     6.9735   3.405779    33.6038       1712     7.1292     1.8583  0.000e+00
    147.657     6.9739   3.405768    33.6034       1713     7.1333     1.8605  0.000e+00
    147.572     6.9739   3.405398    33.5994       1714     7.1375     1.8600  0.000e+00
    147.483     6.9733   3.405284    33.5987       1715     7.1417     1.8592  0.000e+00
    147.398     6.9725   3.405279    33.5995       1716     7.1458     1.8585  0.000e+00
    147.306     6.9718   3.405239    33.5998       1717     7.1500     1.8580  0.000e+00
    147.216     6.9714   3.405193    33.5997       1718     7.1542     1.8580  0.000e+00
    147.131     6.9710   3.405193    33.6002       1719     7.1583     1.8568  0.000e+00
    147.055     6.9708   3.405176    33.6003       1720     7.1625     1.8566  0.000e+00
    146.979     6.9706   3.405176    33.6005       1721     7.1667     1.8566  0.000e+00
    146.907     6.9704   3.405307    33.6021       1722     7.1708     1.8559  0.000e+00
    146.843     6.9707   3.405500    33.6040       1723     7.1750     1.8582  0.000e+00
    146.785     6.9715   3.405602    33.6044       1724     7.1792     1.8581  0.000e+00
    146.731     6.9720   3.405347    33.6011       1725     7.1833     1.8584  0.000e+00
    146.677     6.9720   3.405398    33.6016       1726     7.1875     1.8584  0.000e+00
    146.624     6.9720   3.405369    33.6014       1727     7.1917     1.8570  0.000e+00
    146.559     6.9718   3.405278    33.6006       1728     7.1958     1.8600  0.000e+00
    146.489     6.9715   3.405216    33.6002       1729     7.2000     1.8574  0.000e+00
    146.424     6.9714   3.405221    33.6004       1730     7.2042     1.8586  0.000e+00
    146.346     6.9711   3.405398    33.6027       1731     7.2083     1.8567  0.000e+00
    146.259     6.9714   3.405346    33.6019       1732     7.2125     1.8580  0.000e+00
    146.173     6.9715   3.405295    33.6012       1733     7.2167     1.8584  0.000e+00
    146.095     6.9715   3.405335    33.6018       1734     7.2208     1.8573  0.000e+00
    146.012     6.9715   3.405432    33.6029       1735     7.2250     1.8583  0.000e+00
    145.928     6.9717   3.405380    33.6021       1736     7.2292     1.8588  0.000e+00
    145.851     6.9720   3.405397    33.6020       1737     7.2333     1.8590  0.000e+00
    145.775     6.9720   3.405608    33.6044       1738     7.2375     1.8585  0.000e+00
    145.697     6.9725   3.405625    33.6041       1739     7.2417     1.8596  0.000e+00
    145.625     6.9730   3.405477    33.6021       1740     7.2458     1.8599  0.000e+00
    145.556     6.9730   3.405295    33.6001       1741     7.2500     1.8586  0.000e+00
    145.484     6.9725   3.405193    33.5995       1742     7.2542     1.8583  0.000e+00
    145.410     6.9720   3.405284    33.6011       1743     7.2583     1.8601  0.000e+00
    145.326     6.9717   3.405380    33.6025       1744     7.2625     1.8595  0.000e+00
    145.241     6.9718   3.405477    33.6035       1745     7.2667     1.8600  0.000e+00
    145.156     6.9720   3.405397    33.6024       1746     7.2708     1.8600  0.000e+00
    145.066     6.9723   3.405335    33.6015       1747     7.2750     1.8602  0.000e+00
    144.977     6.9722   3.405369    33.6020       1748     7.2792     1.8606  0.000e+00
    144.876     6.9721   3.405420    33.6027       1749     7.2833     1.8602  0.000e+00
    144.784     6.9723   3.405477    33.6031       1750     7.2875     1.8605  0.000e+00
    144.694     6.9725   3.405482    33.6031       1751     7.2917     1.8596  0.000e+00
    144.609     6.9727   3.405397    33.6019       1752     7.2958     1.8599  0.000e+00
    144.536     6.9727   3.405346    33.6015       1753     7.3000     1.8589  0.000e+00
    144.457     6.9726   3.405437    33.6026       1754     7.3042     1.8596  0.000e+00
    144.392     6.9726   3.405562    33.6040       1755     7.3083     1.8600  0.000e+00
    144.330     6.9729   3.405499    33.6030       1756     7.3125     1.8603  0.000e+00
    144.274     6.9732   3.405585    33.6037       1757     7.3167     1.8600  0.000e+00
    144.216     6.9734   3.405562    33.6033       1758     7.3208     1.8608  0.000e+00
    144.153     6.9736   3.405624    33.6038       1759     7.3250     1.8590  0.000e+00
    144.081     6.9737   3.405624    33.6037       1760     7.3292     1.8606  0.000e+00
    144.001     6.9740   3.405670    33.6039       1761     7.3333     1.8607  0.000e+00
    143.907     6.9743   3.405704    33.6041       1762     7.3375     1.8607  0.000e+00
    143.808     6.9744   3.405670    33.6037       1763     7.3417     1.8613  0.000e+00
    143.703     6.9745   3.405687    33.6039       1764     7.3458     1.8598  0.000e+00
    143.593     6.9745   3.405664    33.6036       1765     7.3500     1.8611  0.000e+00
    143.484     6.9746   3.405670    33.6037       1766     7.3542     1.8605  0.000e+00
    143.374     6.9746   3.405499    33.6018       1767     7.3583     1.8605  0.000e+00
    143.269     6.9743   3.405431    33.6014       1768     7.3625     1.8599  0.000e+00
    143.166     6.9739   3.405175    33.5990       1769     7.3667     1.8601  0.000e+00
    143.072     6.9731   3.405499    33.6034       1770     7.3708     1.8597  0.000e+00
    142.983     6.9729   3.405584    33.6046       1771     7.3750     1.8593  0.000e+00
    142.904     6.9735   3.405686    33.6052       1772     7.3792     1.8590  0.000e+00
    142.819     6.9740   3.405584    33.6036       1773     7.3833     1.8600  0.000e+00
    142.752     6.9743   3.405669    33.6043       1774     7.3875     1.8569  0.000e+00
    142.685     6.9744   3.405584    33.6033       1775     7.3917     1.8563  0.000e+00
    142.631     6.9743   3.405453    33.6020       1776     7.3958     1.8586  0.000e+00
    142.577     6.9741   3.405538    33.6031       1777     7.4000     1.8593  0.000e+00
    142.535     6.9740   3.405459    33.6024       1778     7.4042     1.8587  0.000e+00
    142.492     6.9740   3.405430    33.6021       1779     7.4083     1.8586  0.000e+00
    142.448     6.9738   3.405459    33.6026       1780     7.4125     1.8600  0.000e+00
    142.399     6.9737   3.405430    33.6025       1781     7.4167     1.8582  0.000e+00
    142.347     6.9736   3.405459    33.6029       1782     7.4208     1.8600  0.000e+00
    142.296     6.9734   3.405277    33.6011       1783     7.4250     1.8593  0.000e+00
    142.231     6.9731   3.405044    33.5989       1784     7.4292     1.8579  0.000e+00
    142.164     6.9723   3.405072    33.6000       1785     7.4333     1.8597  0.000e+00
    142.087     6.9717   3.405044    33.6003       1786     7.4375     1.8581  0.000e+00
    142.000     6.9712   3.405191    33.6024       1787     7.4417     1.8593  0.000e+00
    141.917     6.9713   3.405152    33.6020       1788     7.4458     1.8603  0.000e+00
    141.839     6.9715   3.405112    33.6014       1789     7.4500     1.8586  0.000e+00
    141.754     6.9715   3.405191    33.6023       1790     7.4542     1.8598  0.000e+00
    141.667     6.9715   3.405152    33.6019       1791     7.4583     1.8595  0.000e+00
    141.582     6.9715   3.404958    33.5998       1792     7.4625     1.8602  0.000e+00
    141.495     6.9711   3.405049    33.6012       1793     7.4667     1.8604  0.000e+00
    141.412     6.9711   3.405043    33.6013       1794     7.4708     1.8599  0.000e+00
    141.324     6.9708   3.405009    33.6012       1795     7.4750     1.8607  0.000e+00
    141.239     6.9707   3.404987    33.6011       1796     7.4792     1.8607  0.000e+00
    141.150     6.9707   3.404873    33.5999       1797     7.4833     1.8602  0.000e+00
    141.054     6.9705   3.405356    33.6054       1798     7.4875     1.8613  0.000e+00
    140.957     6.9711   3.404253    33.5928       1799     7.4917     1.8604  0.000e+00
    140.859     6.9697   3.403719    33.5883       1800     7.4958     1.8599  0.000e+00
    140.761     6.9669   3.403759    33.5915       1801     7.5000     1.8605  0.000e+00
    140.664     6.9649   3.404014    33.5963       1802     7.5042     1.8593  0.000e+00
    140.566     6.9645   3.404964    33.6072       1803     7.5083     1.8603  0.000e+00
    140.465     6.9661   3.405219    33.6085       1804     7.5125     1.8600  0.000e+00
    140.373     6.9683   3.404782    33.6016       1805     7.5167     1.8588  0.000e+00
    140.277     6.9691   3.404759    33.6006       1806     7.5208     1.8607  0.000e+00
    140.183     6.9693   3.404765    33.6006       1807     7.5250     1.8597  0.000e+00
