HB2402/sbe117.cnv
* Sea-Bird SBE 19plus V2 Data File:
* FileName = C:\cruise\data\sbe117.hex
* Software Version Seasave V 7.26.7.121
* Temperature SN = 7037
* Conductivity SN = 7037
* System UpLoad Time = May 03 2024 12:12:37
* NMEA Latitude = 42 19.23 N
* NMEA Longitude = 068 12.04 W
* NMEA UTC (Time) = May 03 2024  12:11:27
** Ship: Bigelow
** Cruise:  HB2402
** Program:  Spring Bottom Trawl
# nquan = 8
# nvalues = 3151                                  
# units = specified
# name 0 = depSM: Depth [salt water, m]
# name 1 = tv290C: Temperature [ITS-90, deg C]
# name 2 = c0S/m: Conductivity [S/m]
# name 3 = sal00: Salinity, Practical [PSU]
# name 4 = scan: Scan Count
# name 5 = timeM: Time, Elapsed [minutes]
# name 6 = sbeox0V: Oxygen raw, SBE 43 [V]
# name 7 = flag:  0.000e+00
# span 0 =      0.055,    188.695                 
# span 1 =     4.9666,     7.6900                 
# span 2 =  -0.000002,   3.518227                 
# span 3 =     0.0000,    34.1422                 
# span 4 =         11,       3161                 
# span 5 =     0.0417,    13.1667                 
# span 6 =     1.6232,     2.6942                 
# span 7 = 0.0000e+00, 0.0000e+00                 
# interval = seconds: 0.25
# start_time = May 03 2024 12:11:27 [NMEA time, header]
# bad_flag = -9.990e-29
*END*
[from data line 2338]
     69.660     4.9834   3.068856    31.7889       2349     9.7833     2.2748  0.000e+00
     69.685     4.9836   3.068954    31.7898       2350     9.7875     2.2758  0.000e+00
     69.723     4.9842   3.068976    31.7896       2351     9.7917     2.2732  0.000e+00
     69.763     4.9847   3.069031    31.7897       2352     9.7958     2.2755  0.000e+00
     69.799     4.9852   3.069031    31.7892       2353     9.8000     2.2752  0.000e+00
     69.850     4.9853   3.069096    31.7898       2354     9.8042     2.2738  0.000e+00
     69.893     4.9855   3.069145    31.7901       2355     9.8083     2.2756  0.000e+00
     69.946     4.9858   3.069200    31.7904       2356     9.8125     2.2739  0.000e+00
     70.000     4.9862   3.069254    31.7907       2357     9.8167     2.2745  0.000e+00
     70.047     4.9866   3.069456    31.7926       2358     9.8208     2.2741  0.000e+00
     70.090     4.9874   3.069484    31.7921       2359     9.8250     2.2736  0.000e+00
     70.132     4.9881   3.069407    31.7906       2360     9.8292     2.2731  0.000e+00
     70.150     4.9884   3.069576    31.7922       2361     9.8333     2.2741  0.000e+00
     70.159     4.9889   3.069658    31.7927       2362     9.8375     2.2746  0.000e+00
     70.152     4.9894   3.069866    31.7945       2363     9.8417     2.2756  0.000e+00
     70.135     4.9902   3.069915    31.7944       2364     9.8458     2.2745  0.000e+00
     70.088     4.9910   3.069866    31.7930       2365     9.8500     2.2758  0.000e+00
     70.034     4.9914   3.069789    31.7918       2366     9.8542     2.2747  0.000e+00
     69.956     4.9914   3.069675    31.7905       2367     9.8583     2.2742  0.000e+00
     69.873     4.9912   3.069429    31.7880       2368     9.8625     2.2754  0.000e+00
     69.777     4.9902   3.069276    31.7872       2369     9.8667     2.2755  0.000e+00
     69.678     4.9891   3.069222    31.7877       2370     9.8708     2.2742  0.000e+00
     69.580     4.9882   3.069216    31.7886       2371     9.8750     2.2765  0.000e+00
     69.484     4.9876   3.069221    31.7892       2372     9.8792     2.2761  0.000e+00
     69.405     4.9872   3.069123    31.7885       2373     9.8833     2.2765  0.000e+00
     69.336     4.9869   3.068998    31.7874       2374     9.8875     2.2767  0.000e+00
     69.273     4.9862   3.068610    31.7836       2375     9.8917     2.2764  0.000e+00
     69.240     4.9851   3.068495    31.7835       2376     9.8958     2.2760  0.000e+00
     69.229     4.9834   3.068354    31.7835       2377     9.9000     2.2762  0.000e+00
     69.222     4.9821   3.068495    31.7863       2378     9.9042     2.2757  0.000e+00
     69.237     4.9816   3.068517    31.7870       2379     9.9083     2.2746  0.000e+00
     69.257     4.9813   3.068616    31.7884       2380     9.9125     2.2756  0.000e+00
     69.289     4.9816   3.068687    31.7889       2381     9.9167     2.2757  0.000e+00
     69.316     4.9821   3.068741    31.7890       2382     9.9208     2.2752  0.000e+00
     69.342     4.9826   3.068725    31.7883       2383     9.9250     2.2735  0.000e+00
     69.369     4.9830   3.068676    31.7874       2384     9.9292     2.2740  0.000e+00
     69.391     4.9830   3.068703    31.7878       2385     9.9333     2.2761  0.000e+00
     69.407     4.9830   3.068725    31.7879       2386     9.9375     2.2751  0.000e+00
     69.418     4.9830   3.068736    31.7881       2387     9.9417     2.2731  0.000e+00
     69.438     4.9830   3.068725    31.7879       2388     9.9458     2.2751  0.000e+00
     69.458     4.9833   3.068779    31.7883       2389     9.9500     2.2745  0.000e+00
     69.469     4.9834   3.068878    31.7893       2390     9.9542     2.2736  0.000e+00
     69.478     4.9838   3.068894    31.7891       2391     9.9583     2.2749  0.000e+00
     69.490     4.9841   3.068818    31.7879       2392     9.9625     2.2741  0.000e+00
     69.496     4.9842   3.068916    31.7890       2393     9.9667     2.2744  0.000e+00
     69.499     4.9844   3.068954    31.7892       2394     9.9708     2.2750  0.000e+00
     69.507     4.9848   3.068932    31.7886       2395     9.9750     2.2746  0.000e+00
     69.516     4.9849   3.069014    31.7894       2396     9.9792     2.2738  0.000e+00
     69.516     4.9851   3.069107    31.7903       2397     9.9833     2.2738  0.000e+00
     69.526     4.9857   3.069161    31.7903       2398     9.9875     2.2734  0.000e+00
     69.548     4.9861   3.069161    31.7899       2399     9.9917     2.2743  0.000e+00
     69.565     4.9865   3.069232    31.7903       2400     9.9958     2.2742  0.000e+00
     69.579     4.9870   3.069369    31.7915       2401    10.0000     2.2746  0.000e+00
     69.602     4.9877   3.069369    31.7907       2402    10.0042     2.2752  0.000e+00
     69.630     4.9882   3.069314    31.7897       2403    10.0083     2.2731  0.000e+00
     69.644     4.9883   3.069369    31.7902       2404    10.0125     2.2729  0.000e+00
     69.666     4.9884   3.069369    31.7900       2405    10.0167     2.2736  0.000e+00
     69.677     4.9887   3.069494    31.7912       2406    10.0208     2.2739  0.000e+00
     69.682     4.9891   3.069658    31.7927       2407    10.0250     2.2726  0.000e+00
     69.682     4.9897   3.069713    31.7928       2408    10.0292     2.2738  0.000e+00
     69.675     4.9904   3.069735    31.7924       2409    10.0333     2.2742  0.000e+00
     69.660     4.9909   3.069751    31.7921       2410    10.0375     2.2732  0.000e+00
     69.641     4.9912   3.069811    31.7925       2411    10.0417     2.2743  0.000e+00
     69.610     4.9916   3.069789    31.7919       2412    10.0458     2.2746  0.000e+00
     69.574     4.9918   3.069533    31.7887       2413    10.0500     2.2755  0.000e+00
     69.534     4.9913   3.069238    31.7859       2414    10.0542     2.2754  0.000e+00
     69.481     4.9899   3.069107    31.7857       2415    10.0583     2.2754  0.000e+00
     69.424     4.9886   3.068998    31.7857       2416    10.0625     2.2749  0.000e+00
     69.358     4.9873   3.068894    31.7858       2417    10.0667     2.2746  0.000e+00
     69.288     4.9864   3.068839    31.7861       2418    10.0708     2.2744  0.000e+00
     69.214     4.9853   3.068774    31.7864       2419    10.0750     2.2746  0.000e+00
     69.147     4.9844   3.068686    31.7863       2420    10.0792     2.2756  0.000e+00
     69.095     4.9838   3.068648    31.7865       2421    10.0833     2.2761  0.000e+00
     69.037     4.9833   3.068615    31.7867       2422    10.0875     2.2758  0.000e+00
     68.988     4.9829   3.068610    31.7870       2423    10.0917     2.2759  0.000e+00
     68.955     4.9826   3.068550    31.7866       2424    10.0958     2.2767  0.000e+00
     68.937     4.9821   3.068353    31.7848       2425    10.1000     2.2765  0.000e+00
     68.928     4.9813   3.068343    31.7854       2426    10.1042     2.2769  0.000e+00
     68.933     4.9809   3.068419    31.7867       2427    10.1083     2.2755  0.000e+00
     68.955     4.9806   3.068441    31.7872       2428    10.1125     2.2762  0.000e+00
     68.986     4.9806   3.068736    31.7906       2429    10.1167     2.2762  0.000e+00
     69.044     4.9814   3.068741    31.7899       2430    10.1208     2.2765  0.000e+00
     69.102     4.9823   3.068801    31.7897       2431    10.1250     2.2763  0.000e+00
     69.176     4.9829   3.068856    31.7897       2432    10.1292     2.2764  0.000e+00
     69.257     4.9835   3.068856    31.7891       2433    10.1333     2.2756  0.000e+00
     69.340     4.9840   3.068839    31.7884       2434    10.1375     2.2758  0.000e+00
     69.423     4.9842   3.068856    31.7884       2435    10.1417     2.2770  0.000e+00
     69.503     4.9843   3.068916    31.7889       2436    10.1458     2.2758  0.000e+00
     69.573     4.9844   3.068894    31.7884       2437    10.1500     2.2746  0.000e+00
     69.644     4.9844   3.068916    31.7887       2438    10.1542     2.2753  0.000e+00
     69.691     4.9846   3.068992    31.7894       2439    10.1583     2.2748  0.000e+00
     69.731     4.9848   3.069085    31.7902       2440    10.1625     2.2758  0.000e+00
     69.756     4.9852   3.069276    31.7920       2441    10.1667     2.2759  0.000e+00
     69.763     4.9860   3.069533    31.7942       2442    10.1708     2.2747  0.000e+00
     69.765     4.9870   3.069849    31.7968       2443    10.1750     2.2760  0.000e+00
     69.749     4.9890   3.070133    31.7982       2444    10.1792     2.2754  0.000e+00
     69.731     4.9910   3.070013    31.7949       2445    10.1833     2.2765  0.000e+00
     69.709     4.9925   3.069789    31.7910       2446    10.1875     2.2765  0.000e+00
     69.655     4.9926   3.069636    31.7891       2447    10.1917     2.2764  0.000e+00
     69.590     4.9921   3.069276    31.7855       2448    10.1958     2.2755  0.000e+00
     69.526     4.9906   3.069161    31.7857       2449    10.2000     2.2756  0.000e+00
     69.469     4.9892   3.069030    31.7855       2450    10.2042     2.2761  0.000e+00
     69.460     4.9877   3.068976    31.7863       2451    10.2083     2.2762  0.000e+00
     69.413     4.9865   3.068916    31.7868       2452    10.2125     2.2757  0.000e+00
     69.373     4.9855   3.068932    31.7880       2453    10.2167     2.2770  0.000e+00
     69.355     4.9849   3.068856    31.7876       2454    10.2208     2.2742  0.000e+00
     69.337     4.9846   3.068878    31.7883       2455    10.2250     2.2757  0.000e+00
     69.384     4.9843   3.069030    31.7903       2456    10.2292     2.2748  0.000e+00
     69.427     4.9844   3.069069    31.7905       2457    10.2333     2.2761  0.000e+00
     69.494     4.9851   3.069058    31.7898       2458    10.2375     2.2756  0.000e+00
     69.516     4.9855   3.069123    31.7901       2459    10.2417     2.2743  0.000e+00
     69.508     4.9857   3.069107    31.7897       2460    10.2458     2.2762  0.000e+00
     69.510     4.9857   3.069172    31.7905       2461    10.2500     2.2742  0.000e+00
     69.527     4.9860   3.069254    31.7911       2462    10.2542     2.2757  0.000e+00
     69.512     4.9864   3.069238    31.7906       2463    10.2583     2.2749  0.000e+00
     69.496     4.9868   3.069096    31.7886       2464    10.2625     2.2767  0.000e+00
     69.452     4.9865   3.069047    31.7883       2465    10.2667     2.2751  0.000e+00
     69.414     4.9859   3.069030    31.7887       2466    10.2708     2.2749  0.000e+00
     69.369     4.9856   3.068976    31.7884       2467    10.2750     2.2759  0.000e+00
     69.339     4.9852   3.068932    31.7883       2468    10.2792     2.2752  0.000e+00
     69.324     4.9847   3.068916    31.7886       2469    10.2833     2.2749  0.000e+00
     69.306     4.9845   3.068916    31.7888       2470    10.2875     2.2748  0.000e+00
     69.297     4.9843   3.068856    31.7883       2471    10.2917     2.2739  0.000e+00
     69.315     4.9842   3.068954    31.7895       2472    10.2958     2.2745  0.000e+00
     69.353     4.9842   3.069069    31.7908       2473    10.3000     2.2749  0.000e+00
     69.400     4.9847   3.069112    31.7908       2474    10.3042     2.2736  0.000e+00
     69.467     4.9852   3.069145    31.7907       2475    10.3083     2.2736  0.000e+00
     69.530     4.9857   3.069254    31.7914       2476    10.3125     2.2753  0.000e+00
     69.590     4.9863   3.069593    31.7947       2477    10.3167     2.2749  0.000e+00
     69.640     4.9876   3.069713    31.7948       2478    10.3208     2.2751  0.000e+00
     69.687     4.9890   3.069636    31.7925       2479    10.3250     2.2749  0.000e+00
     69.711     4.9899   3.070035    31.7962       2480    10.3292     2.2752  0.000e+00
     69.715     4.9913   3.070515    31.8004       2481    10.3333     2.2746  0.000e+00
     69.704     4.9938   3.070816    31.8014       2482    10.3375     2.2762  0.000e+00
     69.687     4.9966   3.070854    31.7992       2483    10.3417     2.2772  0.000e+00
     69.655     4.9989   3.070832    31.7968       2484    10.3458     2.2755  0.000e+00
     69.597     5.0003   3.070723    31.7942       2485    10.3500     2.2767  0.000e+00
     69.554     5.0007   3.070226    31.7882       2486    10.3542     2.2755  0.000e+00
     69.510     4.9997   3.069653    31.7826       2487    10.3583     2.2749  0.000e+00
     69.467     4.9970   3.069696    31.7857       2488    10.3625     2.2768  0.000e+00
     69.434     4.9947   3.069505    31.7858       2489    10.3667     2.2762  0.000e+00
     69.420     4.9928   3.069276    31.7849       2490    10.3708     2.2755  0.000e+00
     69.420     4.9909   3.069292    31.7869       2491    10.3750     2.2759  0.000e+00
     69.434     4.9896   3.069352    31.7889       2492    10.3792     2.2769  0.000e+00
     69.476     4.9889   3.069494    31.7911       2493    10.3833     2.2762  0.000e+00
     69.521     4.9891   3.069980    31.7965       2494    10.3875     2.2774  0.000e+00
     69.584     4.9908   3.070248    31.7979       2495    10.3917     2.2754  0.000e+00
     69.651     4.9928   3.070592    31.7999       2496    10.3958     2.2762  0.000e+00
     69.725     4.9953   3.070772    31.7995       2497    10.4000     2.2760  0.000e+00
     69.801     4.9977   3.071121    31.8012       2498    10.4042     2.2758  0.000e+00
     69.862     5.0002   3.071220    31.7999       2499    10.4083     2.2754  0.000e+00
     69.917     5.0021   3.071214    31.7980       2500    10.4125     2.2755  0.000e+00
     69.964     5.0034   3.071427    31.7992       2501    10.4167     2.2762  0.000e+00
     69.991     5.0046   3.071618    31.8002       2502    10.4208     2.2758  0.000e+00
     70.009     5.0058   3.071717    31.8002       2503    10.4250     2.2766  0.000e+00
     70.013     5.0069   3.071886    31.8011       2504    10.4292     2.2767  0.000e+00
     69.995     5.0080   3.071902    31.8003       2505    10.4333     2.2761  0.000e+00
     69.967     5.0088   3.071913    31.7996       2506    10.4375     2.2758  0.000e+00
     69.935     5.0094   3.071902    31.7989       2507    10.4417     2.2759  0.000e+00
     69.888     5.0096   3.071940    31.7992       2508    10.4458     2.2764  0.000e+00
     69.845     5.0099   3.071924    31.7987       2509    10.4500     2.2753  0.000e+00
     69.796     5.0102   3.071913    31.7984       2510    10.4542     2.2754  0.000e+00
     69.749     5.0103   3.071886    31.7980       2511    10.4583     2.2762  0.000e+00
     69.711     5.0104   3.071809    31.7970       2512    10.4625     2.2754  0.000e+00
     69.666     5.0102   3.071815    31.7973       2513    10.4667     2.2749  0.000e+00
     69.633     5.0102   3.071733    31.7964       2514    10.4708     2.2748  0.000e+00
     69.613     5.0099   3.071634    31.7955       2515    10.4750     2.2743  0.000e+00
     69.590     5.0095   3.071553    31.7949       2516    10.4792     2.2751  0.000e+00
     69.575     5.0091   3.071503    31.7948       2517    10.4833     2.2754  0.000e+00
     69.577     5.0087   3.071465    31.7948       2518    10.4875     2.2749  0.000e+00
     69.575     5.0085   3.071525    31.7957       2519    10.4917     2.2740  0.000e+00
     69.581     5.0084   3.071514    31.7956       2520    10.4958     2.2746  0.000e+00
     69.584     5.0084   3.071465    31.7951       2521    10.5000     2.2749  0.000e+00
     69.586     5.0082   3.071465    31.7952       2522    10.5042     2.2753  0.000e+00
     69.583     5.0080   3.071514    31.7960       2523    10.5083     2.2745  0.000e+00
     69.581     5.0082   3.071580    31.7966       2524    10.5125     2.2741  0.000e+00
     69.590     5.0084   3.071564    31.7962       2525    10.5167     2.2746  0.000e+00
     69.581     5.0085   3.071536    31.7958       2526    10.5208     2.2744  0.000e+00
