HB2402/sbe131.cnv
* Sea-Bird SBE 19plus V2 Data File:
* FileName = C:\cruise\data\sbe131.hex
* Software Version Seasave V 7.26.7.121
* Temperature SN = 7037
* Conductivity SN = 7037
* System UpLoad Time = May 08 2024 19:38:49
* NMEA Latitude = 42 55.91 N
* NMEA Longitude = 069 16.68 W
* NMEA UTC (Time) = May 08 2024  19:37:45
** Ship: Bigelow
** Cruise:  HB2402
** Program:  Spring Bottom Trawl
# nquan = 8
# nvalues = 3398                                  
# units = specified
# name 0 = depSM: Depth [salt water, m]
# name 1 = tv290C: Temperature [ITS-90, deg C]
# name 2 = c0S/m: Conductivity [S/m]
# name 3 = sal00: Salinity, Practical [PSU]
# name 4 = scan: Scan Count
# name 5 = timeM: Time, Elapsed [minutes]
# name 6 = sbeox0V: Oxygen raw, SBE 43 [V]
# name 7 = flag:  0.000e+00
# span 0 =     -0.184,    153.264                 
# span 1 =     5.2280,    10.0937                 
# span 2 =   0.000047,   3.404614                 
# span 3 =     0.0051,    33.3137                 
# span 4 =         11,       3408                 
# span 5 =     0.0417,    14.1958                 
# span 6 =     1.6945,     2.8295                 
# span 7 = 0.0000e+00, 0.0000e+00                 
# interval = seconds: 0.25
# start_time = May 08 2024 19:37:45 [NMEA time, header]
# bad_flag = -9.990e-29
*END*
[from data line 2158]
     76.733     5.5436   3.175505    32.4622       2169     9.0333     2.0365  0.000e+00
     76.637     5.5403   3.173901    32.4474       2170     9.0375     2.0396  0.000e+00
     76.525     5.5346   3.172735    32.4397       2171     9.0417     2.0396  0.000e+00
     76.403     5.5277   3.171745    32.4352       2172     9.0458     2.0409  0.000e+00
     76.274     5.5206   3.170385    32.4268       2173     9.0500     2.0426  0.000e+00
     76.146     5.5125   3.168307    32.4111       2174     9.0542     2.0429  0.000e+00
     76.001     5.5027   3.167401    32.4104       2175     9.0583     2.0441  0.000e+00
     75.862     5.4930   3.167025    32.4155       2176     9.0625     2.0432  0.000e+00
     75.725     5.4856   3.166771    32.4198       2177     9.0667     2.0453  0.000e+00
     75.600     5.4802   3.166157    32.4181       2178     9.0708     2.0472  0.000e+00
     75.492     5.4754   3.165450    32.4148       2179     9.0750     2.0464  0.000e+00
     75.403     5.4704   3.164837    32.4127       2180     9.0792     2.0510  0.000e+00
     75.331     5.4658   3.164362    32.4118       2181     9.0833     2.0506  0.000e+00
     75.280     5.4614   3.163716    32.4087       2182     9.0875     2.0528  0.000e+00
     75.247     5.4573   3.163655    32.4120       2183     9.0917     2.0544  0.000e+00
     75.231     5.4540   3.163511    32.4136       2184     9.0958     2.0558  0.000e+00
     75.222     5.4514   3.163418    32.4151       2185     9.1000     2.0577  0.000e+00
     75.211     5.4498   3.163263    32.4149       2186     9.1042     2.0595  0.000e+00
     75.202     5.4484   3.163064    32.4140       2187     9.1083     2.0599  0.000e+00
     75.193     5.4470   3.162965    32.4142       2188     9.1125     2.0612  0.000e+00
     75.162     5.4460   3.162827    32.4136       2189     9.1167     2.0644  0.000e+00
     75.117     5.4450   3.162827    32.4145       2190     9.1208     2.0654  0.000e+00
     75.054     5.4442   3.162810    32.4152       2191     9.1250     2.0654  0.000e+00
     74.976     5.4438   3.162788    32.4154       2192     9.1292     2.0652  0.000e+00
     74.886     5.4437   3.162788    32.4155       2193     9.1333     2.0677  0.000e+00
     74.787     5.4435   3.162827    32.4162       2194     9.1375     2.0689  0.000e+00
     74.684     5.4435   3.162672    32.4145       2195     9.1417     2.0699  0.000e+00
     74.584     5.4433   3.162672    32.4147       2196     9.1458     2.0703  0.000e+00
     74.476     5.4432   3.162711    32.4154       2197     9.1500     2.0711  0.000e+00
     74.376     5.4431   3.162688    32.4152       2198     9.1542     2.0724  0.000e+00
     74.284     5.4430   3.162727    32.4158       2199     9.1583     2.0731  0.000e+00
     74.194     5.4432   3.162710    32.4155       2200     9.1625     2.0732  0.000e+00
     74.114     5.4433   3.162727    32.4156       2201     9.1667     2.0744  0.000e+00
     74.046     5.4433   3.162766    32.4160       2202     9.1708     2.0746  0.000e+00
     73.980     5.4434   3.162749    32.4158       2203     9.1750     2.0757  0.000e+00
     73.926     5.4434   3.162766    32.4160       2204     9.1792     2.0764  0.000e+00
     73.874     5.4436   3.162727    32.4155       2205     9.1833     2.0761  0.000e+00
     73.827     5.4436   3.162749    32.4157       2206     9.1875     2.0762  0.000e+00
     73.782     5.4436   3.162749    32.4158       2207     9.1917     2.0779  0.000e+00
     73.731     5.4436   3.162727    32.4155       2208     9.1958     2.0779  0.000e+00
     73.679     5.4436   3.162710    32.4154       2209     9.2000     2.0774  0.000e+00
     73.614     5.4435   3.162710    32.4155       2210     9.2042     2.0790  0.000e+00
     73.536     5.4435   3.162710    32.4155       2211     9.2083     2.0788  0.000e+00
     73.449     5.4436   3.162672    32.4150       2212     9.2125     2.0782  0.000e+00
     73.351     5.4434   3.162627    32.4147       2213     9.2167     2.0786  0.000e+00
     73.245     5.4433   3.162511    32.4136       2214     9.2208     2.0783  0.000e+00
     73.126     5.4430   3.162235    32.4108       2215     9.2250     2.0782  0.000e+00
     73.001     5.4424   3.161959    32.4083       2216     9.2292     2.0779  0.000e+00
     72.878     5.4412   3.162174    32.4120       2217     9.2333     2.0783  0.000e+00
     72.748     5.4407   3.162036    32.4110       2218     9.2375     2.0777  0.000e+00
     72.630     5.4402   3.161506    32.4055       2219     9.2417     2.0779  0.000e+00
     72.520     5.4393   3.161230    32.4032       2220     9.2458     2.0777  0.000e+00
     72.426     5.4377   3.160915    32.4013       2221     9.2500     2.0782  0.000e+00
     72.341     5.4361   3.160661    32.4000       2222     9.2542     2.0780  0.000e+00
     72.272     5.4345   3.160468    32.3994       2223     9.2583     2.0778  0.000e+00
     72.220     5.4330   3.160324    32.3992       2224     9.2625     2.0777  0.000e+00
     72.175     5.4318   3.160032    32.3971       2225     9.2667     2.0790  0.000e+00
     72.142     5.4306   3.159971    32.3976       2226     9.2708     2.0782  0.000e+00
     72.112     5.4293   3.159772    32.3966       2227     9.2750     2.0786  0.000e+00
     72.083     5.4283   3.159441    32.3938       2228     9.2792     2.0783  0.000e+00
     72.048     5.4268   3.159380    32.3946       2229     9.2833     2.0786  0.000e+00
     72.009     5.4256   3.159182    32.3935       2230     9.2875     2.0793  0.000e+00
     71.967     5.4243   3.159143    32.3944       2231     9.2917     2.0793  0.000e+00
     71.918     5.4235   3.159104    32.3947       2232     9.2958     2.0799  0.000e+00
     71.857     5.4227   3.158950    32.3938       2233     9.3000     2.0805  0.000e+00
     71.779     5.4220   3.158867    32.3935       2234     9.3042     2.0816  0.000e+00
     71.698     5.4215   3.158712    32.3923       2235     9.3083     2.0812  0.000e+00
     71.611     5.4209   3.158574    32.3913       2236     9.3125     2.0832  0.000e+00
     71.510     5.4201   3.158475    32.3910       2237     9.3167     2.0839  0.000e+00
     71.401     5.4195   3.158398    32.3908       2238     9.3208     2.0843  0.000e+00
     71.286     5.4189   3.158260    32.3899       2239     9.3250     2.0849  0.000e+00
     71.168     5.4182   3.158199    32.3898       2240     9.3292     2.0861  0.000e+00
     71.052     5.4177   3.158061    32.3889       2241     9.3333     2.0861  0.000e+00
     70.935     5.4172   3.157962    32.3883       2242     9.3375     2.0866  0.000e+00
     70.816     5.4166   3.157785    32.3869       2243     9.3417     2.0856  0.000e+00
     70.722     5.4160   3.157691    32.3865       2244     9.3458     2.0870  0.000e+00
     70.624     5.4152   3.157492    32.3851       2245     9.3500     2.0865  0.000e+00
     70.543     5.4142   3.157117    32.3817       2246     9.3542     2.0877  0.000e+00
     70.472     5.4129   3.156902    32.3807       2247     9.3583     2.0885  0.000e+00
     70.414     5.4113   3.156703    32.3800       2248     9.3625     2.0889  0.000e+00
     70.356     5.4099   3.156648    32.3807       2249     9.3667     2.0886  0.000e+00
     70.309     5.4087   3.156510    32.3803       2250     9.3708     2.0877  0.000e+00
     70.257     5.4077   3.156411    32.3801       2251     9.3750     2.0893  0.000e+00
     70.208     5.4069   3.156273    32.3794       2252     9.3792     2.0887  0.000e+00
     70.158     5.4059   3.155666    32.3734       2253     9.3833     2.0899  0.000e+00
     70.096     5.4043   3.155230    32.3701       2254     9.3875     2.0895  0.000e+00
     70.029     5.4018   3.153922    32.3577       2255     9.3917     2.0894  0.000e+00
     69.957     5.3975   3.152758    32.3486       2256     9.3958     2.0901  0.000e+00
     69.876     5.3922   3.151854    32.3435       2257     9.4000     2.0906  0.000e+00
     69.785     5.3867   3.151049    32.3397       2258     9.4042     2.0919  0.000e+00
     69.691     5.3811   3.149521    32.3279       2259     9.4083     2.0918  0.000e+00
     69.603     5.3744   3.148777    32.3259       2260     9.4125     2.0908  0.000e+00
     69.503     5.3678   3.148088    32.3245       2261     9.4167     2.0918  0.000e+00
     69.415     5.3619   3.147542    32.3240       2262     9.4208     2.0921  0.000e+00
     69.326     5.3566   3.147151    32.3247       2263     9.4250     2.0919  0.000e+00
     69.252     5.3526   3.147051    32.3275       2264     9.4292     2.0923  0.000e+00
     69.185     5.3494   3.146682    32.3264       2265     9.4333     2.0932  0.000e+00
     69.115     5.3467   3.146660    32.3288       2266     9.4375     2.0938  0.000e+00
     69.044     5.3448   3.146677    32.3308       2267     9.4417     2.0949  0.000e+00
     68.972     5.3436   3.146544    32.3305       2268     9.4458     2.0965  0.000e+00
     68.900     5.3428   3.146230    32.3277       2269     9.4500     2.0965  0.000e+00
     68.813     5.3416   3.145955    32.3258       2270     9.4542     2.0967  0.000e+00
     68.721     5.3404   3.145916    32.3265       2271     9.4583     2.0969  0.000e+00
     68.616     5.3394   3.145679    32.3249       2272     9.4625     2.0989  0.000e+00
     68.511     5.3385   3.145233    32.3207       2273     9.4667     2.0987  0.000e+00
     68.388     5.3369   3.144720    32.3165       2274     9.4708     2.0996  0.000e+00
     68.274     5.3350   3.144643    32.3176       2275     9.4750     2.0990  0.000e+00
     68.159     5.3331   3.144467    32.3174       2276     9.4792     2.1026  0.000e+00
     68.050     5.3318   3.144312    32.3170       2277     9.4833     2.1021  0.000e+00
     67.955     5.3305   3.144389    32.3191       2278     9.4875     2.1035  0.000e+00
     67.879     5.3298   3.144290    32.3188       2279     9.4917     2.1064  0.000e+00
     67.819     5.3291   3.144230    32.3187       2280     9.4958     2.1042  0.000e+00
     67.779     5.3287   3.144213    32.3190       2281     9.5000     2.1069  0.000e+00
     67.763     5.3283   3.144191    32.3191       2282     9.5042     2.1072  0.000e+00
     67.752     5.3278   3.144191    32.3196       2283     9.5083     2.1073  0.000e+00
     67.757     5.3278   3.144230    32.3201       2284     9.5125     2.1090  0.000e+00
     67.766     5.3277   3.144312    32.3211       2285     9.5167     2.1093  0.000e+00
     67.766     5.3277   3.144406    32.3221       2286     9.5208     2.1090  0.000e+00
     67.757     5.3281   3.144455    32.3224       2287     9.5250     2.1092  0.000e+00
     67.739     5.3284   3.144466    32.3222       2288     9.5292     2.1097  0.000e+00
     67.699     5.3285   3.144489    32.3223       2289     9.5333     2.1103  0.000e+00
     67.634     5.3289   3.144329    32.3202       2290     9.5375     2.1103  0.000e+00
     67.560     5.3287   3.144097    32.3178       2291     9.5417     2.1109  0.000e+00
     67.459     5.3282   3.143723    32.3141       2292     9.5458     2.1103  0.000e+00
     67.343     5.3271   3.143623    32.3140       2293     9.5500     2.1114  0.000e+00
     67.221     5.3261   3.142747    32.3051       2294     9.5542     2.1116  0.000e+00
     67.089     5.3242   3.142747    32.3069       2295     9.5583     2.1119  0.000e+00
     66.948     5.3225   3.142340    32.3040       2296     9.5625     2.1117  0.000e+00
     66.814     5.3207   3.142373    32.3062       2297     9.5667     2.1126  0.000e+00
     66.678     5.3193   3.142318    32.3070       2298     9.5708     2.1129  0.000e+00
     66.547     5.3184   3.142273    32.3075       2299     9.5750     2.1132  0.000e+00
     66.425     5.3177   3.142317    32.3087       2300     9.5792     2.1131  0.000e+00
     66.315     5.3173   3.142196    32.3077       2301     9.5833     2.1135  0.000e+00
     66.216     5.3172   3.142295    32.3090       2302     9.5875     2.1142  0.000e+00
     66.124     5.3170   3.142257    32.3088       2303     9.5917     2.1144  0.000e+00
     66.042     5.3169   3.142158    32.3079       2304     9.5958     2.1148  0.000e+00
     65.966     5.3168   3.142003    32.3062       2305     9.6000     2.1145  0.000e+00
     65.903     5.3165   3.142091    32.3076       2306     9.6042     2.1161  0.000e+00
     65.849     5.3164   3.142020    32.3068       2307     9.6083     2.1154  0.000e+00
     65.793     5.3160   3.142141    32.3086       2308     9.6125     2.1153  0.000e+00
     65.748     5.3163   3.142020    32.3070       2309     9.6167     2.1162  0.000e+00
     65.708     5.3162   3.141843    32.3051       2310     9.6208     2.1170  0.000e+00
     65.666     5.3159   3.141667    32.3034       2311     9.6250     2.1171  0.000e+00
     65.636     5.3153   3.141805    32.3055       2312     9.6292     2.1170  0.000e+00
     65.598     5.3151   3.141667    32.3042       2313     9.6333     2.1170  0.000e+00
     65.565     5.3148   3.141629    32.3041       2314     9.6375     2.1175  0.000e+00
     65.536     5.3145   3.141563    32.3036       2315     9.6417     2.1169  0.000e+00
     65.502     5.3142   3.141629    32.3047       2316     9.6458     2.1173  0.000e+00
     65.462     5.3141   3.141651    32.3051       2317     9.6500     2.1164  0.000e+00
     65.421     5.3139   3.141535    32.3039       2318     9.6542     2.1164  0.000e+00
     65.374     5.3138   3.141436    32.3029       2319     9.6583     2.1171  0.000e+00
     65.325     5.3134   3.141397    32.3029       2320     9.6625     2.1174  0.000e+00
     65.270     5.3133   3.141337    32.3024       2321     9.6667     2.1175  0.000e+00
     65.205     5.3129   3.141276    32.3020       2322     9.6708     2.1175  0.000e+00
     65.140     5.3128   3.141199    32.3014       2323     9.6750     2.1169  0.000e+00
     65.064     5.3124   3.141210    32.3018       2324     9.6792     2.1187  0.000e+00
     64.989     5.3122   3.141144    32.3013       2325     9.6833     2.1183  0.000e+00
     64.904     5.3121   3.141122    32.3013       2326     9.6875     2.1188  0.000e+00
     64.806     5.3118   3.141100    32.3013       2327     9.6917     2.1191  0.000e+00
     64.717     5.3115   3.140967    32.3001       2328     9.6958     2.1184  0.000e+00
     64.613     5.3112   3.140945    32.3002       2329     9.7000     2.1194  0.000e+00
     64.511     5.3109   3.140967    32.3008       2330     9.7042     2.1182  0.000e+00
     64.405     5.3108   3.140929    32.3005       2331     9.7083     2.1190  0.000e+00
     64.300     5.3107   3.140868    32.3000       2332     9.7125     2.1178  0.000e+00
     64.199     5.3105   3.140841    32.2999       2333     9.7167     2.1192  0.000e+00
     64.099     5.3102   3.140752    32.2993       2334     9.7208     2.1193  0.000e+00
     64.014     5.3100   3.140769    32.2997       2335     9.7250     2.1193  0.000e+00
     63.933     5.3098   3.140830    32.3006       2336     9.7292     2.1194  0.000e+00
     63.864     5.3098   3.140807    32.3003       2337     9.7333     2.1193  0.000e+00
     63.805     5.3097   3.140829    32.3007       2338     9.7375     2.1193  0.000e+00
     63.750     5.3098   3.140576    32.2978       2339     9.7417     2.1192  0.000e+00
     63.700     5.3094   3.140538    32.2978       2340     9.7458     2.1202  0.000e+00
     63.646     5.3092   3.140538    32.2980       2341     9.7500     2.1188  0.000e+00
     63.590     5.3089   3.140493    32.2978       2342     9.7542     2.1209  0.000e+00
     63.532     5.3086   3.140416    32.2973       2343     9.7583     2.1193  0.000e+00
     63.460     5.3083   3.140185    32.2949       2344     9.7625     2.1196  0.000e+00
     63.387     5.3080   3.140064    32.2939       2345     9.7667     2.1203  0.000e+00
     63.295     5.3075   3.140086    32.2947       2346     9.7708     2.1197  0.000e+00
     63.192     5.3072   3.140047    32.2946       2347     9.7750     2.1200  0.000e+00
