HB2402/sbe128.cnv
* Sea-Bird SBE 19plus V2 Data File:
* FileName = C:\cruise\data\sbe128.hex
* Software Version Seasave V 7.26.7.121
* Temperature SN = 7037
* Conductivity SN = 7037
* System UpLoad Time = May 07 2024 23:18:32
* NMEA Latitude = 43 57.46 N
* NMEA Longitude = 068 19.74 W
* NMEA UTC (Time) = May 07 2024  23:17:27
** Ship: Bigelow
** Cruise:  HB2402
** Program:  Spring Bottom Trawl
# nquan = 8
# nvalues = 2410                                  
# units = specified
# name 0 = depSM: Depth [salt water, m]
# name 1 = tv290C: Temperature [ITS-90, deg C]
# name 2 = c0S/m: Conductivity [S/m]
# name 3 = sal00: Salinity, Practical [PSU]
# name 4 = scan: Scan Count
# name 5 = timeM: Time, Elapsed [minutes]
# name 6 = sbeox0V: Oxygen raw, SBE 43 [V]
# name 7 = flag:  0.000e+00
# span 0 =     -0.148,     99.216                 
# span 1 =     5.3406,    11.8090                 
# span 2 =   0.000076,   3.482322                 
# span 3 =     0.0060,    32.9777                 
# span 4 =         11,       2420                 
# span 5 =     0.0417,    10.0792                 
# span 6 =     2.2587,     3.1068                 
# span 7 = 0.0000e+00, 0.0000e+00                 
# interval = seconds: 0.25
# start_time = May 07 2024 23:17:27 [NMEA time, header]
# bad_flag = -9.990e-29
*END*
[from data line 720]
     95.775     5.3422   3.108550    31.8869        731     3.0417     2.2612  0.000e+00
     95.899     5.3422   3.108567    31.8871        732     3.0458     2.2609  0.000e+00
     96.022     5.3421   3.108589    31.8873        733     3.0500     2.2604  0.000e+00
     96.147     5.3420   3.108589    31.8873        734     3.0542     2.2606  0.000e+00
     96.272     5.3422   3.108578    31.8870        735     3.0583     2.2607  0.000e+00
     96.396     5.3422   3.108567    31.8868        736     3.0625     2.2614  0.000e+00
     96.521     5.3420   3.108567    31.8869        737     3.0667     2.2604  0.000e+00
     96.651     5.3420   3.108605    31.8873        738     3.0708     2.2605  0.000e+00
     96.785     5.3420   3.108666    31.8879        739     3.0750     2.2599  0.000e+00
     96.921     5.3422   3.108616    31.8871        740     3.0792     2.2609  0.000e+00
     97.056     5.3420   3.108606    31.8870        741     3.0833     2.2612  0.000e+00
     97.195     5.3421   3.108628    31.8872        742     3.0875     2.2618  0.000e+00
     97.333     5.3419   3.108666    31.8877        743     3.0917     2.2616  0.000e+00
     97.477     5.3420   3.108682    31.8877        744     3.0958     2.2612  0.000e+00
     97.613     5.3422   3.108677    31.8875        745     3.1000     2.2612  0.000e+00
     97.765     5.3421   3.108683    31.8875        746     3.1042     2.2624  0.000e+00
     97.909     5.3422   3.108705    31.8876        747     3.1083     2.2612  0.000e+00
     98.059     5.3422   3.108721    31.8877        748     3.1125     2.2611  0.000e+00
     98.198     5.3422   3.108705    31.8874        749     3.1167     2.2612  0.000e+00
     98.341     5.3423   3.108760    31.8879        750     3.1208     2.2611  0.000e+00
     98.493     5.3423   3.108760    31.8879        751     3.1250     2.2602  0.000e+00
     98.641     5.3422   3.108760    31.8878        752     3.1292     2.2614  0.000e+00
     98.784     5.3422   3.108760    31.8878        753     3.1333     2.2600  0.000e+00
     98.920     5.3422   3.108760    31.8878        754     3.1375     2.2605  0.000e+00
     99.064     5.3421   3.108760    31.8877        755     3.1417     2.2605  0.000e+00
     99.171     5.3421   3.108760    31.8877        756     3.1458     2.2606  0.000e+00
     99.216     5.3419   3.108782    31.8881        757     3.1500     2.2600  0.000e+00
     99.187     5.3419   3.108760    31.8879        758     3.1542     2.2604  0.000e+00
     99.097     5.3418   3.108743    31.8878        759     3.1583     2.2600  0.000e+00
     99.033     5.3416   3.108743    31.8881        760     3.1625     2.2608  0.000e+00
     98.999     5.3414   3.108743    31.8882        761     3.1667     2.2609  0.000e+00
     98.974     5.3415   3.108743    31.8882        762     3.1708     2.2602  0.000e+00
     98.948     5.3412   3.108743    31.8885        763     3.1750     2.2602  0.000e+00
     98.912     5.3413   3.108743    31.8884        764     3.1792     2.2606  0.000e+00
     98.872     5.3413   3.108743    31.8884        765     3.1833     2.2600  0.000e+00
     98.836     5.3413   3.108721    31.8882        766     3.1875     2.2602  0.000e+00
     98.811     5.3412   3.108721    31.8883        767     3.1917     2.2598  0.000e+00
     98.773     5.3412   3.108743    31.8886        768     3.1958     2.2587  0.000e+00
     98.747     5.3412   3.108743    31.8886        769     3.2000     2.2587  0.000e+00
     98.700     5.3412   3.108760    31.8888        770     3.2042     2.2594  0.000e+00
     98.653     5.3412   3.108760    31.8888        771     3.2083     2.2587  0.000e+00
     98.590     5.3412   3.108760    31.8888        772     3.2125     2.2593  0.000e+00
     98.529     5.3411   3.108743    31.8888        773     3.2167     2.2592  0.000e+00
     98.453     5.3411   3.108743    31.8888        774     3.2208     2.2596  0.000e+00
     98.380     5.3411   3.108743    31.8888        775     3.2250     2.2606  0.000e+00
     98.303     5.3411   3.108760    31.8890        776     3.2292     2.2609  0.000e+00
     98.221     5.3409   3.108743    31.8891        777     3.2333     2.2616  0.000e+00
     98.136     5.3411   3.108683    31.8883        778     3.2375     2.2612  0.000e+00
     98.055     5.3410   3.108666    31.8882        779     3.2417     2.2621  0.000e+00
     97.974     5.3411   3.108661    31.8881        780     3.2458     2.2626  0.000e+00
     97.898     5.3410   3.108644    31.8881        781     3.2500     2.2613  0.000e+00
     97.820     5.3411   3.108628    31.8878        782     3.2542     2.2629  0.000e+00
     97.739     5.3410   3.108628    31.8879        783     3.2583     2.2628  0.000e+00
     97.659     5.3410   3.108644    31.8882        784     3.2625     2.2626  0.000e+00
     97.587     5.3408   3.108639    31.8883        785     3.2667     2.2627  0.000e+00
     97.507     5.3410   3.108628    31.8880        786     3.2708     2.2626  0.000e+00
     97.444     5.3412   3.108606    31.8877        787     3.2750     2.2639  0.000e+00
     97.373     5.3411   3.108682    31.8887        788     3.2792     2.2629  0.000e+00
     97.303     5.3410   3.108682    31.8888        789     3.2833     2.2629  0.000e+00
     97.238     5.3408   3.108677    31.8890        790     3.2875     2.2626  0.000e+00
     97.162     5.3406   3.108666    31.8891        791     3.2917     2.2629  0.000e+00
     97.086     5.3407   3.108666    31.8890        792     3.2958     2.2629  0.000e+00
     97.015     5.3406   3.108644    31.8889        793     3.3000     2.2634  0.000e+00
     96.938     5.3407   3.108644    31.8888        794     3.3042     2.2634  0.000e+00
     96.862     5.3407   3.108616    31.8885        795     3.3083     2.2639  0.000e+00
     96.786     5.3408   3.108627    31.8886        796     3.3125     2.2642  0.000e+00
     96.712     5.3407   3.108627    31.8887        797     3.3167     2.2642  0.000e+00
     96.627     5.3407   3.108627    31.8887        798     3.3208     2.2635  0.000e+00
     96.547     5.3407   3.108605    31.8885        799     3.3250     2.2635  0.000e+00
     96.462     5.3408   3.108600    31.8885        800     3.3292     2.2640  0.000e+00
     96.377     5.3408   3.108605    31.8886        801     3.3333     2.2639  0.000e+00
     96.298     5.3408   3.108589    31.8884        802     3.3375     2.2637  0.000e+00
     96.216     5.3407   3.108567    31.8883        803     3.3417     2.2643  0.000e+00
     96.133     5.3407   3.108550    31.8882        804     3.3458     2.2635  0.000e+00
     96.050     5.3407   3.108457    31.8871        805     3.3500     2.2626  0.000e+00
     95.961     5.3407   3.108353    31.8860        806     3.3542     2.2627  0.000e+00
     95.880     5.3409   3.108276    31.8850        807     3.3583     2.2639  0.000e+00
     95.788     5.3413   3.108276    31.8846        808     3.3625     2.2632  0.000e+00
     95.707     5.3414   3.108298    31.8849        809     3.3667     2.2635  0.000e+00
     95.618     5.3415   3.108254    31.8842        810     3.3708     2.2635  0.000e+00
     95.529     5.3416   3.108122    31.8827        811     3.3750     2.2623  0.000e+00
     95.435     5.3418   3.108183    31.8833        812     3.3792     2.2626  0.000e+00
     95.349     5.3420   3.108067    31.8818        813     3.3833     2.2632  0.000e+00
     95.264     5.3423   3.108007    31.8809        814     3.3875     2.2635  0.000e+00
     95.171     5.3427   3.108051    31.8810        815     3.3917     2.2634  0.000e+00
     95.079     5.3428   3.108045    31.8809        816     3.3958     2.2639  0.000e+00
     94.989     5.3430   3.108084    31.8813        817     3.4000     2.2644  0.000e+00
     94.898     5.3427   3.108067    31.8814        818     3.4042     2.2637  0.000e+00
     94.808     5.3426   3.108144    31.8824        819     3.4083     2.2645  0.000e+00
     94.714     5.3422   3.108111    31.8824        820     3.4125     2.2644  0.000e+00
     94.616     5.3420   3.108122    31.8828        821     3.4167     2.2641  0.000e+00
     94.513     5.3419   3.107968    31.8812        822     3.4208     2.2636  0.000e+00
     94.414     5.3422   3.107968    31.8810        823     3.4250     2.2640  0.000e+00
     94.313     5.3427   3.107930    31.8801        824     3.4292     2.2635  0.000e+00
     94.211     5.3431   3.107946    31.8800        825     3.4333     2.2640  0.000e+00
     94.110     5.3434   3.107946    31.8798        826     3.4375     2.2644  0.000e+00
     94.013     5.3435   3.107946    31.8796        827     3.4417     2.2642  0.000e+00
     93.924     5.3435   3.107908    31.8793        828     3.4458     2.2644  0.000e+00
     93.830     5.3438   3.107930    31.8793        829     3.4500     2.2643  0.000e+00
     93.741     5.3437   3.107908    31.8792        830     3.4542     2.2639  0.000e+00
     93.662     5.3438   3.107908    31.8791        831     3.4583     2.2659  0.000e+00
     93.582     5.3439   3.107908    31.8791        832     3.4625     2.2652  0.000e+00
     93.508     5.3438   3.107891    31.8790        833     3.4667     2.2653  0.000e+00
     93.432     5.3438   3.107908    31.8792        834     3.4708     2.2655  0.000e+00
     93.360     5.3439   3.107886    31.8789        835     3.4750     2.2647  0.000e+00
     93.288     5.3438   3.107891    31.8791        836     3.4792     2.2657  0.000e+00
     93.217     5.3438   3.107869    31.8789        837     3.4833     2.2668  0.000e+00
     93.141     5.3439   3.107869    31.8788        838     3.4875     2.2660  0.000e+00
     93.063     5.3440   3.107869    31.8788        839     3.4917     2.2664  0.000e+00
     92.986     5.3440   3.107869    31.8788        840     3.4958     2.2662  0.000e+00
     92.901     5.3442   3.107776    31.8777        841     3.5000     2.2658  0.000e+00
     92.819     5.3443   3.107792    31.8777        842     3.5042     2.2657  0.000e+00
     92.742     5.3446   3.107737    31.8769        843     3.5083     2.2655  0.000e+00
     92.655     5.3449   3.107699    31.8762        844     3.5125     2.2648  0.000e+00
     92.572     5.3454   3.107683    31.8756        845     3.5167     2.2656  0.000e+00
     92.489     5.3456   3.107699    31.8756        846     3.5208     2.2660  0.000e+00
     92.405     5.3458   3.107715    31.8757        847     3.5250     2.2657  0.000e+00
     92.324     5.3459   3.107699    31.8754        848     3.5292     2.2648  0.000e+00
     92.246     5.3459   3.107677    31.8752        849     3.5333     2.2657  0.000e+00
     92.167     5.3459   3.107682    31.8753        850     3.5375     2.2657  0.000e+00
     92.084     5.3461   3.107677    31.8751        851     3.5417     2.2658  0.000e+00
     92.015     5.3461   3.107622    31.8745        852     3.5458     2.2664  0.000e+00
     91.944     5.3463   3.107523    31.8732        853     3.5500     2.2666  0.000e+00
     91.870     5.3466   3.107446    31.8721        854     3.5542     2.2669  0.000e+00
     91.803     5.3474   3.107079    31.8672        855     3.5583     2.2673  0.000e+00
     91.735     5.3488   3.107293    31.8683        856     3.5625     2.2670  0.000e+00
     91.646     5.3498   3.106887    31.8628        857     3.5667     2.2673  0.000e+00
     91.561     5.3509   3.106788    31.8607        858     3.5708     2.2671  0.000e+00
     91.463     5.3522   3.106788    31.8595        859     3.5750     2.2668  0.000e+00
     91.368     5.3531   3.106689    31.8576        860     3.5792     2.2670  0.000e+00
     91.274     5.3538   3.106634    31.8563        861     3.5833     2.2664  0.000e+00
     91.165     5.3545   3.106580    31.8551        862     3.5875     2.2673  0.000e+00
     91.060     5.3549   3.106382    31.8525        863     3.5917     2.2681  0.000e+00
     90.959     5.3557   3.106229    31.8501        864     3.5958     2.2682  0.000e+00
     90.856     5.3565   3.106163    31.8486        865     3.6000     2.2681  0.000e+00
     90.748     5.3572   3.106152    31.8478        866     3.6042     2.2687  0.000e+00
     90.636     5.3578   3.106152    31.8474        867     3.6083     2.2691  0.000e+00
     90.523     5.3582   3.106058    31.8460        868     3.6125     2.2690  0.000e+00
     90.417     5.3585   3.106003    31.8451        869     3.6167     2.2687  0.000e+00
     90.305     5.3589   3.106036    31.8451        870     3.6208     2.2691  0.000e+00
     90.194     5.3590   3.105960    31.8443        871     3.6250     2.2700  0.000e+00
     90.086     5.3592   3.105960    31.8441        872     3.6292     2.2701  0.000e+00
     89.978     5.3595   3.105938    31.8436        873     3.6333     2.2699  0.000e+00
     89.875     5.3597   3.105899    31.8430        874     3.6375     2.2693  0.000e+00
     89.779     5.3597   3.105883    31.8429        875     3.6417     2.2701  0.000e+00
     89.679     5.3599   3.105844    31.8423        876     3.6458     2.2694  0.000e+00
     89.582     5.3602   3.105861    31.8423        877     3.6500     2.2694  0.000e+00
     89.486     5.3602   3.105707    31.8406        878     3.6542     2.2701  0.000e+00
     89.385     5.3605   3.105614    31.8393        879     3.6583     2.2689  0.000e+00
     89.289     5.3611   3.105592    31.8386        880     3.6625     2.2691  0.000e+00
     89.195     5.3615   3.105575    31.8380        881     3.6667     2.2691  0.000e+00
     89.093     5.3618   3.105575    31.8378        882     3.6708     2.2705  0.000e+00
     88.994     5.3620   3.105553    31.8374        883     3.6750     2.2688  0.000e+00
     88.900     5.3623   3.105493    31.8365        884     3.6792     2.2704  0.000e+00
     88.797     5.3625   3.105477    31.8362        885     3.6833     2.2694  0.000e+00
     88.692     5.3628   3.105476    31.8359        886     3.6875     2.2691  0.000e+00
     88.591     5.3628   3.105575    31.8370        887     3.6917     2.2690  0.000e+00
     88.490     5.3627   3.105614    31.8376        888     3.6958     2.2703  0.000e+00
     88.385     5.3624   3.105613    31.8380        889     3.7000     2.2703  0.000e+00
     88.285     5.3621   3.105592    31.8380        890     3.7042     2.2703  0.000e+00
     88.190     5.3619   3.105613    31.8385        891     3.7083     2.2707  0.000e+00
     88.090     5.3617   3.105591    31.8385        892     3.7125     2.2706  0.000e+00
     87.998     5.3616   3.105597    31.8387        893     3.7167     2.2699  0.000e+00
     87.913     5.3615   3.105515    31.8379        894     3.7208     2.2707  0.000e+00
     87.834     5.3618   3.105454    31.8370        895     3.7250     2.2710  0.000e+00
     87.761     5.3621   3.105416    31.8363        896     3.7292     2.2707  0.000e+00
     87.687     5.3625   3.105399    31.8358        897     3.7333     2.2715  0.000e+00
     87.615     5.3628   3.105350    31.8350        898     3.7375     2.2706  0.000e+00
     87.550     5.3631   3.105399    31.8353        899     3.7417     2.2710  0.000e+00
     87.474     5.3632   3.105493    31.8363        900     3.7458     2.2707  0.000e+00
     87.405     5.3630   3.105454    31.8361        901     3.7500     2.2713  0.000e+00
     87.327     5.3627   3.105399    31.8358        902     3.7542     2.2709  0.000e+00
     87.246     5.3629   3.105350    31.8351        903     3.7583     2.2714  0.000e+00
     87.156     5.3631   3.105377    31.8353        904     3.7625     2.2715  0.000e+00
     87.067     5.3633   3.105339    31.8347        905     3.7667     2.2711  0.000e+00
     86.957     5.3633   3.105361    31.8349        906     3.7708     2.2708  0.000e+00
     86.852     5.3635   3.105322    31.8344        907     3.7750     2.2706  0.000e+00
     86.742     5.3635   3.105311    31.8343        908     3.7792     2.2713  0.000e+00
