HB2402/sbe100.cnv
* Sea-Bird SBE 19plus V2 Data File:
* FileName = C:\cruise\data\sbe100.hex
* Software Version Seasave V 7.26.7.121
* Temperature SN = 7037
* Conductivity SN = 7037
* System UpLoad Time = Apr 28 2024 08:29:01
* NMEA Latitude = 41 34.50 N
* NMEA Longitude = 066 30.57 W
* NMEA UTC (Time) = Apr 28 2024  08:27:45
** Ship: Bigelow
** Cruise:  HB2402
** Program:  Spring Bottom Trawl
# nquan = 8
# nvalues = 2042                                  
# units = specified
# name 0 = depSM: Depth [salt water, m]
# name 1 = tv290C: Temperature [ITS-90, deg C]
# name 2 = c0S/m: Conductivity [S/m]
# name 3 = sal00: Salinity, Practical [PSU]
# name 4 = scan: Scan Count
# name 5 = timeM: Time, Elapsed [minutes]
# name 6 = sbeox0V: Oxygen raw, SBE 43 [V]
# name 7 = flag:  0.000e+00
# span 0 =      0.068,     78.375                 
# span 1 =     5.5834,     5.8035                 
# span 2 =   0.000020,   3.150162                 
# span 3 =     0.0024,    31.9785                 
# span 4 =         11,       2052                 
# span 5 =     0.0417,     8.5458                 
# span 6 =     2.2996,     2.6536                 
# span 7 = 0.0000e+00, 0.0000e+00                 
# interval = seconds: 0.25
# start_time = Apr 28 2024 08:27:45 [NMEA time, header]
# bad_flag = -9.990e-29
*END*
[from data line 1798]
     11.025     5.7071   3.137720    31.9118       1809     7.5333     2.4195  0.000e+00
     10.992     5.7074   3.137803    31.9124       1810     7.5375     2.4210  0.000e+00
     10.962     5.7070   3.136746    31.9009       1811     7.5417     2.4265  0.000e+00
     10.933     5.7055   3.137236    31.9079       1812     7.5458     2.4297  0.000e+00
     10.909     5.7046   3.137137    31.9076       1813     7.5500     2.4321  0.000e+00
     10.881     5.7041   3.137527    31.9125       1814     7.5542     2.4347  0.000e+00
     10.853     5.7049   3.137456    31.9109       1815     7.5583     2.4378  0.000e+00
     10.821     5.7054   3.137098    31.9065       1816     7.5625     2.4395  0.000e+00
     10.799     5.7049   3.136514    31.9004       1817     7.5667     2.4403  0.000e+00
     10.774     5.7036   3.136432    31.9007       1818     7.5708     2.4432  0.000e+00
     10.747     5.7021   3.136685    31.9050       1819     7.5750     2.4455  0.000e+00
     10.723     5.7017   3.136999    31.9089       1820     7.5792     2.4463  0.000e+00
     10.703     5.7023   3.136669    31.9047       1821     7.5833     2.4479  0.000e+00
     10.682     5.7021   3.136608    31.9042       1822     7.5875     2.4488  0.000e+00
     10.664     5.7015   3.135964    31.8975       1823     7.5917     2.4506  0.000e+00
     10.647     5.7003   3.135105    31.8890       1824     7.5958     2.4530  0.000e+00
     10.627     5.6974   3.132398    31.8613       1825     7.6000     2.4539  0.000e+00
     10.606     5.6906   3.131193    31.8541       1826     7.6042     2.4558  0.000e+00
     10.582     5.6833   3.133823    31.8906       1827     7.6083     2.4577  0.000e+00
     10.555     5.6809   3.129867    31.8484       1828     7.6125     2.4574  0.000e+00
     10.517     5.6750   3.128817    31.8421       1829     7.6167     2.4584  0.000e+00
     10.476     5.6672   3.129829    31.8610       1830     7.6208     2.4600  0.000e+00
     10.425     5.6632   3.128641    31.8514       1831     7.6250     2.4624  0.000e+00
     10.358     5.6595   3.128234    31.8504       1832     7.6292     2.4649  0.000e+00
     10.293     5.6557   3.128740    31.8596       1833     7.6333     2.4694  0.000e+00
     10.208     5.6539   3.128619    31.8601       1834     7.6375     2.4739  0.000e+00
     10.113     5.6528   3.127239    31.8456       1835     7.6417     2.4779  0.000e+00
     10.028     5.6500   3.126755    31.8429       1836     7.6458     2.4833  0.000e+00
      9.937     5.6469   3.126579    31.8439       1837     7.6500     2.4867  0.000e+00
      9.849     5.6441   3.125941    31.8393       1838     7.6542     2.4926  0.000e+00
      9.773     5.6412   3.123083    31.8099       1839     7.6583     2.4922  0.000e+00
      9.695     5.6344   3.124325    31.8304       1840     7.6625     2.5016  0.000e+00
      9.621     5.6300   3.122462    31.8136       1841     7.6667     2.5042  0.000e+00
      9.572     5.6254   3.121720    31.8096       1842     7.6708     2.5078  0.000e+00
      9.529     5.6201   3.121841    31.8160       1843     7.6750     2.5119  0.000e+00
      9.486     5.6164   3.121599    31.8168       1844     7.6792     2.5163  0.000e+00
      9.453     5.6139   3.121665    31.8199       1845     7.6833     2.5205  0.000e+00
      9.426     5.6124   3.121451    31.8189       1846     7.6875     2.5245  0.000e+00
      9.395     5.6110   3.121160    31.8170       1847     7.6917     2.5296  0.000e+00
      9.377     5.6097   3.120792    31.8140       1848     7.6958     2.5339  0.000e+00
      9.367     5.6084   3.120654    31.8137       1849     7.7000     2.5386  0.000e+00
      9.361     5.6072   3.120583    31.8140       1850     7.7042     2.5430  0.000e+00
      9.365     5.6065   3.120501    31.8138       1851     7.7083     2.5479  0.000e+00
      9.361     5.6059   3.120286    31.8120       1852     7.7125     2.5514  0.000e+00
      9.356     5.6052   3.119957    31.8089       1853     7.7167     2.5543  0.000e+00
      9.340     5.6044   3.119688    31.8066       1854     7.7208     2.5591  0.000e+00
      9.321     5.6031   3.119550    31.8063       1855     7.7250     2.5607  0.000e+00
      9.303     5.6017   3.119561    31.8077       1856     7.7292     2.5650  0.000e+00
      9.278     5.6008   3.119435    31.8071       1857     7.7333     2.5685  0.000e+00
      9.245     5.6000   3.119281    31.8062       1858     7.7375     2.5718  0.000e+00
      9.204     5.5991   3.119221    31.8064       1859     7.7417     2.5742  0.000e+00
      9.157     5.5987   3.119199    31.8066       1860     7.7458     2.5781  0.000e+00
      9.097     5.5987   3.118891    31.8031       1861     7.7500     2.5799  0.000e+00
      9.012     5.5984   3.118770    31.8021       1862     7.7542     2.5829  0.000e+00
      8.918     5.5983   3.118622    31.8006       1863     7.7583     2.5858  0.000e+00
      8.817     5.5980   3.118561    31.8002       1864     7.7625     2.5879  0.000e+00
      8.714     5.5979   3.118622    31.8011       1865     7.7667     2.5912  0.000e+00
      8.619     5.5984   3.118814    31.8027       1866     7.7708     2.5921  0.000e+00
      8.512     5.5994   3.119155    31.8057       1867     7.7750     2.5956  0.000e+00
      8.412     5.6013   3.119918    31.8126       1868     7.7792     2.5961  0.000e+00
      8.324     5.6056   3.119995    31.8094       1869     7.7833     2.6007  0.000e+00
      8.244     5.6099   3.119901    31.8043       1870     7.7875     2.6021  0.000e+00
      8.192     5.6135   3.119918    31.8012       1871     7.7917     2.6033  0.000e+00
      8.145     5.6174   3.119780    31.7959       1872     7.7958     2.6052  0.000e+00
      8.115     5.6209   3.119561    31.7901       1873     7.8000     2.6073  0.000e+00
      8.087     5.6236   3.119473    31.7866       1874     7.8042     2.6084  0.000e+00
      8.080     5.6254   3.119588    31.7862       1875     7.8083     2.6106  0.000e+00
      8.075     5.6265   3.119742    31.7870       1876     7.8125     2.6116  0.000e+00
      8.086     5.6265   3.119802    31.7876       1877     7.8167     2.6127  0.000e+00
      8.102     5.6262   3.119802    31.7879       1878     7.8208     2.6136  0.000e+00
      8.116     5.6258   3.119764    31.7878       1879     7.8250     2.6138  0.000e+00
      8.142     5.6253   3.119687    31.7875       1880     7.8292     2.6150  0.000e+00
      8.158     5.6243   3.119725    31.7888       1881     7.8333     2.6167  0.000e+00
      8.178     5.6239   3.119725    31.7891       1882     7.8375     2.6174  0.000e+00
      8.180     5.6238   3.119572    31.7875       1883     7.8417     2.6176  0.000e+00
      8.172     5.6242   3.119297    31.7841       1884     7.8458     2.6187  0.000e+00
      8.162     5.6255   3.119198    31.7817       1885     7.8500     2.6207  0.000e+00
      8.144     5.6269   3.118929    31.7774       1886     7.8542     2.6202  0.000e+00
      8.107     5.6277   3.118967    31.7770       1887     7.8583     2.6198  0.000e+00
      8.069     5.6284   3.118912    31.7758       1888     7.8625     2.6206  0.000e+00
      8.021     5.6291   3.118424    31.7697       1889     7.8667     2.6214  0.000e+00
      7.970     5.6291   3.117457    31.7588       1890     7.8708     2.6216  0.000e+00
      7.912     5.6276   3.114662    31.7287       1891     7.8750     2.6216  0.000e+00
      7.844     5.6201   3.114360    31.7325       1892     7.8792     2.6219  0.000e+00
      7.773     5.6119   3.114031    31.7365       1893     7.8833     2.6232  0.000e+00
      7.692     5.6056   3.113427    31.7356       1894     7.8875     2.6224  0.000e+00
      7.603     5.6001   3.112851    31.7344       1895     7.8917     2.6239  0.000e+00
      7.515     5.5953   3.112752    31.7379       1896     7.8958     2.6246  0.000e+00
      7.401     5.5919   3.112483    31.7381       1897     7.9000     2.6262  0.000e+00
      7.302     5.5894   3.111863    31.7335       1898     7.9042     2.6276  0.000e+00
      7.206     5.5872   3.111632    31.7330       1899     7.9083     2.6290  0.000e+00
      7.098     5.5853   3.111243    31.7305       1900     7.9125     2.6303  0.000e+00
      7.000     5.5834   3.111319    31.7332       1901     7.9167     2.6327  0.000e+00
      6.906     5.5842   3.112609    31.7470       1902     7.9208     2.6350  0.000e+00
      6.828     5.5911   3.112362    31.7378       1903     7.9250     2.6363  0.000e+00
      6.745     5.5985   3.113817    31.7472       1904     7.9292     2.6390  0.000e+00
      6.675     5.6072   3.114453    31.7462       1905     7.9333     2.6405  0.000e+00
      6.617     5.6174   3.115172    31.7447       1906     7.9375     2.6422  0.000e+00
      6.565     5.6277   3.115414    31.7377       1907     7.9417     2.6446  0.000e+00
      6.516     5.6365   3.115249    31.7276       1908     7.9458     2.6457  0.000e+00
      6.476     5.6428   3.115342    31.7228       1909     7.9500     2.6480  0.000e+00
      6.458     5.6464   3.115095    31.7166       1910     7.9542     2.6502  0.000e+00
      6.454     5.6478   3.115595    31.7209       1911     7.9583     2.6503  0.000e+00
      6.458     5.6512   3.115946    31.7217       1912     7.9625     2.6515  0.000e+00
      6.471     5.6554   3.115919    31.7174       1913     7.9667     2.6525  0.000e+00
      6.487     5.6581   3.115710    31.7125       1914     7.9708     2.6528  0.000e+00
      6.500     5.6588   3.116215    31.7175       1915     7.9750     2.6526  0.000e+00
      6.503     5.6609   3.116446    31.7181       1916     7.9792     2.6536  0.000e+00
      6.505     5.6642   3.116682    31.7177       1917     7.9833     2.6535  0.000e+00
      6.514     5.6678   3.116572    31.7131       1918     7.9875     2.6529  0.000e+00
      6.510     5.6701   3.116583    31.7110       1919     7.9917     2.6529  0.000e+00
      6.496     5.6712   3.116391    31.7078       1920     7.9958     2.6522  0.000e+00
      6.473     5.6714   3.116605    31.7100       1921     8.0000     2.6520  0.000e+00
      6.451     5.6721   3.116605    31.7094       1922     8.0042     2.6511  0.000e+00
      6.417     5.6737   3.116934    31.7117       1923     8.0083     2.6510  0.000e+00
      6.377     5.6755   3.117159    31.7125       1924     8.0125     2.6506  0.000e+00
      6.328     5.6780   3.117319    31.7119       1925     8.0167     2.6500  0.000e+00
      6.274     5.6807   3.117341    31.7096       1926     8.0208     2.6496  0.000e+00
      6.205     5.6831   3.117319    31.7072       1927     8.0250     2.6499  0.000e+00
      6.142     5.6843   3.117302    31.7059       1928     8.0292     2.6493  0.000e+00
      6.062     5.6847   3.117340    31.7060       1929     8.0333     2.6506  0.000e+00
      5.996     5.6854   3.117242    31.7043       1930     8.0375     2.6509  0.000e+00
      5.927     5.6855   3.117511    31.7072       1931     8.0417     2.6518  0.000e+00
      5.856     5.6871   3.118054    31.7119       1932     8.0458     2.6519  0.000e+00
      5.789     5.6919   3.118268    31.7098       1933     8.0500     2.6524  0.000e+00
      5.723     5.6977   3.118406    31.7060       1934     8.0542     2.6523  0.000e+00
      5.652     5.7022   3.118257    31.7001       1935     8.0583     2.6522  0.000e+00
      5.580     5.7042   3.118345    31.6992       1936     8.0625     2.6528  0.000e+00
      5.504     5.7052   3.118482    31.6999       1937     8.0667     2.6531  0.000e+00
      5.426     5.7069   3.118636    31.6999       1938     8.0708     2.6529  0.000e+00
      5.347     5.7104   3.118828    31.6989       1939     8.0750     2.6528  0.000e+00
      5.257     5.7165   3.118988    31.6950       1940     8.0792     2.6525  0.000e+00
      5.154     5.7215   3.118949    31.6899       1941     8.0833     2.6522  0.000e+00
      5.072     5.7250   3.119004    31.6873       1942     8.0875     2.6511  0.000e+00
      4.982     5.7271   3.118965    31.6849       1943     8.0917     2.6522  0.000e+00
      4.888     5.7273   3.118987    31.6850       1944     8.0958     2.6513  0.000e+00
      4.800     5.7268   3.118927    31.6848       1945     8.1000     2.6514  0.000e+00
      4.709     5.7262   3.118866    31.6848       1946     8.1042     2.6497  0.000e+00
      4.626     5.7258   3.118927    31.6858       1947     8.1083     2.6506  0.000e+00
      4.548     5.7254   3.118812    31.6850       1948     8.1125     2.6490  0.000e+00
      4.476     5.7241   3.118888    31.6871       1949     8.1167     2.6485  0.000e+00
      4.426     5.7233   3.118888    31.6878       1950     8.1208     2.6454  0.000e+00
      4.384     5.7233   3.118949    31.6885       1951     8.1250     2.6452  0.000e+00
      4.366     5.7230   3.118927    31.6886       1952     8.1292     2.6455  0.000e+00
      4.359     5.7223   3.118949    31.6895       1953     8.1333     2.6446  0.000e+00
      4.375     5.7220   3.119158    31.6921       1954     8.1375     2.6445  0.000e+00
      4.399     5.7230   3.119103    31.6906       1955     8.1417     2.6425  0.000e+00
      4.451     5.7237   3.119295    31.6920       1956     8.1458     2.6428  0.000e+00
      4.512     5.7250   3.119256    31.6904       1957     8.1500     2.6426  0.000e+00
      4.567     5.7259   3.119103    31.6877       1958     8.1542     2.6419  0.000e+00
      4.630     5.7252   3.118910    31.6862       1959     8.1583     2.6413  0.000e+00
      4.673     5.7232   3.118910    31.6881       1960     8.1625     2.6422  0.000e+00
      4.689     5.7215   3.118828    31.6888       1961     8.1667     2.6415  0.000e+00
      4.689     5.7198   3.118927    31.6915       1962     8.1708     2.6408  0.000e+00
      4.664     5.7199   3.119103    31.6934       1963     8.1750     2.6409  0.000e+00
      4.637     5.7220   3.118971    31.6899       1964     8.1792     2.6399  0.000e+00
      4.597     5.7234   3.118866    31.6875       1965     8.1833     2.6399  0.000e+00
      4.529     5.7221   3.119064    31.6910       1966     8.1875     2.6412  0.000e+00
      4.451     5.7221   3.119196    31.6924       1967     8.1917     2.6402  0.000e+00
      4.353     5.7237   3.119240    31.6915       1968     8.1958     2.6409  0.000e+00
      4.241     5.7261   3.119218    31.6891       1969     8.2000     2.6409  0.000e+00
      4.115     5.7281   3.119152    31.6865       1970     8.2042     2.6415  0.000e+00
      3.978     5.7294   3.119394    31.6880       1971     8.2083     2.6429  0.000e+00
      3.833     5.7310   3.119080    31.6831       1972     8.2125     2.6415  0.000e+00
      3.680     5.7313   3.119003    31.6821       1973     8.2167     2.6428  0.000e+00
      3.528     5.7311   3.119333    31.6860       1974     8.2208     2.6429  0.000e+00
      3.378     5.7318   3.119393    31.6861       1975     8.2250     2.6425  0.000e+00
      3.237     5.7328   3.119256    31.6837       1976     8.2292     2.6435  0.000e+00
      3.105     5.7332   3.119316    31.6840       1977     8.2333     2.6431  0.000e+00
      2.982     5.7334   3.119355    31.6843       1978     8.2375     2.6438  0.000e+00
      2.876     5.7341   3.119393    31.6842       1979     8.2417     2.6425  0.000e+00
      2.791     5.7344   3.119487    31.6849       1980     8.2458     2.6436  0.000e+00
      2.722     5.7352   3.119316    31.6823       1981     8.2500     2.6435  0.000e+00
      2.670     5.7351   3.119113    31.6802       1982     8.2542     2.6433  0.000e+00
      2.634     5.7344   3.119025    31.6798       1983     8.2583     2.6430  0.000e+00
      2.608     5.7333   3.119195    31.6828       1984     8.2625     2.6433  0.000e+00
      2.601     5.7332   3.119371    31.6849       1985     8.2667     2.6427  0.000e+00
      2.605     5.7338   3.119278    31.6833       1986     8.2708     2.6426  0.000e+00
      2.612     5.7341   3.119102    31.6810       1987     8.2750     2.6416  0.000e+00
