HB2402/sbe109.cnv
* Sea-Bird SBE 19plus V2 Data File:
* FileName = C:\cruise\data\sbe109.hex
* Software Version Seasave V 7.26.7.121
* Temperature SN = 7037
* Conductivity SN = 7037
* System UpLoad Time = May 01 2024 07:47:30
* NMEA Latitude = 41 45.22 N
* NMEA Longitude = 067 04.15 W
* NMEA UTC (Time) = May 01 2024  07:46:17
** Ship: Bigelow
** Cruise:  HB2402
** Program:  Spring Bottom Trawl
# nquan = 8
# nvalues = 1264                                  
# units = specified
# name 0 = depSM: Depth [salt water, m]
# name 1 = tv290C: Temperature [ITS-90, deg C]
# name 2 = c0S/m: Conductivity [S/m]
# name 3 = sal00: Salinity, Practical [PSU]
# name 4 = scan: Scan Count
# name 5 = timeM: Time, Elapsed [minutes]
# name 6 = sbeox0V: Oxygen raw, SBE 43 [V]
# name 7 = flag:  0.000e+00
# span 0 =     -0.061,     50.632                 
# span 1 =     6.5627,     7.0415                 
# span 2 =  -0.044857,   3.234722                 
# span 3 =     0.0000,    32.0860                 
# span 4 =         11,       1274                 
# span 5 =     0.0417,     5.3042                 
# span 6 =     2.1174,     2.5390                 
# span 7 = 0.0000e+00, 0.0000e+00                 
# interval = seconds: 0.25
# start_time = May 01 2024 07:46:17 [NMEA time, header]
# bad_flag = -9.990e-29
*END*
[from data line 899]
     18.059     6.5841   3.217896    31.9753        910     3.7875     2.5333  0.000e+00
     18.010     6.5841   3.217879    31.9751        911     3.7917     2.5339  0.000e+00
     17.974     6.5840   3.217896    31.9754        912     3.7958     2.5336  0.000e+00
     17.925     6.5841   3.217873    31.9751        913     3.8000     2.5348  0.000e+00
     17.878     6.5841   3.217896    31.9754        914     3.8042     2.5356  0.000e+00
     17.835     6.5841   3.217873    31.9752        915     3.8083     2.5342  0.000e+00
     17.795     6.5841   3.217873    31.9752        916     3.8125     2.5342  0.000e+00
     17.743     6.5840   3.217857    31.9751        917     3.8167     2.5340  0.000e+00
     17.692     6.5840   3.217873    31.9753        918     3.8208     2.5340  0.000e+00
     17.635     6.5841   3.217857    31.9751        919     3.8250     2.5347  0.000e+00
     17.573     6.5841   3.217862    31.9752        920     3.8292     2.5339  0.000e+00
     17.504     6.5839   3.217834    31.9750        921     3.8333     2.5339  0.000e+00
     17.434     6.5841   3.217857    31.9752        922     3.8375     2.5339  0.000e+00
     17.364     6.5839   3.217834    31.9751        923     3.8417     2.5342  0.000e+00
     17.293     6.5839   3.217834    31.9752        924     3.8458     2.5339  0.000e+00
     17.212     6.5839   3.217834    31.9752        925     3.8500     2.5342  0.000e+00
     17.127     6.5838   3.217834    31.9753        926     3.8542     2.5342  0.000e+00
     17.042     6.5839   3.217834    31.9752        927     3.8583     2.5331  0.000e+00
     16.955     6.5841   3.217834    31.9752        928     3.8625     2.5337  0.000e+00
     16.863     6.5839   3.217817    31.9751        929     3.8667     2.5330  0.000e+00
     16.766     6.5841   3.217840    31.9753        930     3.8708     2.5328  0.000e+00
     16.655     6.5839   3.217834    31.9754        931     3.8750     2.5322  0.000e+00
     16.563     6.5840   3.217817    31.9752        932     3.8792     2.5335  0.000e+00
     16.468     6.5841   3.217817    31.9751        933     3.8833     2.5324  0.000e+00
     16.381     6.5839   3.217795    31.9751        934     3.8875     2.5330  0.000e+00
     16.298     6.5839   3.217817    31.9754        935     3.8917     2.5329  0.000e+00
     16.236     6.5839   3.217795    31.9752        936     3.8958     2.5347  0.000e+00
     16.180     6.5839   3.217773    31.9750        937     3.9000     2.5337  0.000e+00
     16.131     6.5839   3.217773    31.9750        938     3.9042     2.5342  0.000e+00
     16.095     6.5838   3.217795    31.9754        939     3.9083     2.5339  0.000e+00
     16.072     6.5838   3.217762    31.9751        940     3.9125     2.5337  0.000e+00
     16.063     6.5838   3.217773    31.9752        941     3.9167     2.5345  0.000e+00
     16.047     6.5838   3.217756    31.9750        942     3.9208     2.5340  0.000e+00
     16.047     6.5837   3.217773    31.9752        943     3.9250     2.5339  0.000e+00
     16.047     6.5838   3.217773    31.9751        944     3.9292     2.5326  0.000e+00
     16.052     6.5838   3.217773    31.9752        945     3.9333     2.5327  0.000e+00
     16.045     6.5836   3.217795    31.9756        946     3.9375     2.5322  0.000e+00
     16.032     6.5839   3.217795    31.9753        947     3.9417     2.5303  0.000e+00
     16.007     6.5839   3.217795    31.9753        948     3.9458     2.5302  0.000e+00
     15.967     6.5839   3.217795    31.9754        949     3.9500     2.5323  0.000e+00
     15.931     6.5839   3.217784    31.9753        950     3.9542     2.5300  0.000e+00
     15.878     6.5839   3.217773    31.9752        951     3.9583     2.5306  0.000e+00
     15.803     6.5838   3.217773    31.9752        952     3.9625     2.5311  0.000e+00
     15.723     6.5839   3.217773    31.9752        953     3.9667     2.5307  0.000e+00
     15.626     6.5839   3.217773    31.9753        954     3.9708     2.5326  0.000e+00
     15.528     6.5839   3.217756    31.9751        955     3.9750     2.5312  0.000e+00
     15.414     6.5839   3.217756    31.9751        956     3.9792     2.5319  0.000e+00
     15.318     6.5838   3.217756    31.9753        957     3.9833     2.5308  0.000e+00
     15.210     6.5838   3.217756    31.9753        958     3.9875     2.5316  0.000e+00
     15.103     6.5839   3.217734    31.9751        959     3.9917     2.5321  0.000e+00
     15.009     6.5838   3.217761    31.9755        960     3.9958     2.5316  0.000e+00
     14.926     6.5837   3.217717    31.9752        961     4.0000     2.5309  0.000e+00
     14.854     6.5838   3.217756    31.9755        962     4.0042     2.5326  0.000e+00
     14.791     6.5839   3.217733    31.9752        963     4.0083     2.5320  0.000e+00
     14.742     6.5838   3.217756    31.9756        964     4.0125     2.5329  0.000e+00
     14.713     6.5839   3.217756    31.9755        965     4.0167     2.5329  0.000e+00
     14.686     6.5838   3.217717    31.9752        966     4.0208     2.5319  0.000e+00
     14.668     6.5838   3.217733    31.9754        967     4.0250     2.5323  0.000e+00
     14.659     6.5838   3.217733    31.9754        968     4.0292     2.5324  0.000e+00
     14.650     6.5839   3.217717    31.9751        969     4.0333     2.5329  0.000e+00
     14.646     6.5839   3.217728    31.9752        970     4.0375     2.5333  0.000e+00
     14.628     6.5838   3.217733    31.9754        971     4.0417     2.5324  0.000e+00
     14.623     6.5838   3.217717    31.9752        972     4.0458     2.5325  0.000e+00
     14.605     6.5838   3.217733    31.9754        973     4.0500     2.5329  0.000e+00
     14.579     6.5838   3.217733    31.9754        974     4.0542     2.5330  0.000e+00
     14.536     6.5838   3.217717    31.9752        975     4.0583     2.5320  0.000e+00
     14.482     6.5838   3.217733    31.9754        976     4.0625     2.5325  0.000e+00
     14.413     6.5839   3.217733    31.9754        977     4.0667     2.5332  0.000e+00
     14.337     6.5839   3.217733    31.9755        978     4.0708     2.5318  0.000e+00
     14.254     6.5838   3.217689    31.9751        979     4.0750     2.5326  0.000e+00
     14.157     6.5838   3.217694    31.9752        980     4.0792     2.5339  0.000e+00
     14.057     6.5838   3.217694    31.9753        981     4.0833     2.5335  0.000e+00
     13.965     6.5838   3.217694    31.9753        982     4.0875     2.5337  0.000e+00
     13.868     6.5836   3.217672    31.9752        983     4.0917     2.5320  0.000e+00
     13.783     6.5836   3.217672    31.9753        984     4.0958     2.5323  0.000e+00
     13.707     6.5837   3.217672    31.9752        985     4.1000     2.5320  0.000e+00
     13.647     6.5836   3.217672    31.9754        986     4.1042     2.5323  0.000e+00
     13.598     6.5837   3.217672    31.9753        987     4.1083     2.5319  0.000e+00
     13.557     6.5836   3.217672    31.9754        988     4.1125     2.5323  0.000e+00
     13.528     6.5837   3.217666    31.9753        989     4.1167     2.5335  0.000e+00
     13.505     6.5837   3.217655    31.9752        990     4.1208     2.5339  0.000e+00
     13.477     6.5837   3.217655    31.9752        991     4.1250     2.5322  0.000e+00
     13.459     6.5836   3.217655    31.9753        992     4.1292     2.5335  0.000e+00
     13.430     6.5836   3.217655    31.9753        993     4.1333     2.5337  0.000e+00
     13.398     6.5835   3.217655    31.9754        994     4.1375     2.5322  0.000e+00
     13.358     6.5834   3.217655    31.9755        995     4.1417     2.5348  0.000e+00
     13.318     6.5836   3.217655    31.9754        996     4.1458     2.5340  0.000e+00
     13.277     6.5835   3.217633    31.9752        997     4.1500     2.5335  0.000e+00
     13.226     6.5834   3.217633    31.9753        998     4.1542     2.5338  0.000e+00
     13.174     6.5834   3.217627    31.9753        999     4.1583     2.5330  0.000e+00
     13.120     6.5833   3.217611    31.9752       1000     4.1625     2.5338  0.000e+00
     13.064     6.5833   3.217611    31.9752       1001     4.1667     2.5351  0.000e+00
     13.024     6.5834   3.217611    31.9752       1002     4.1708     2.5345  0.000e+00
     12.986     6.5834   3.217611    31.9752       1003     4.1750     2.5340  0.000e+00
     12.950     6.5833   3.217611    31.9753       1004     4.1792     2.5342  0.000e+00
     12.923     6.5832   3.217633    31.9756       1005     4.1833     2.5346  0.000e+00
     12.896     6.5832   3.217594    31.9752       1006     4.1875     2.5340  0.000e+00
     12.885     6.5832   3.217611    31.9754       1007     4.1917     2.5338  0.000e+00
     12.874     6.5833   3.217611    31.9753       1008     4.1958     2.5331  0.000e+00
     12.865     6.5834   3.217627    31.9754       1009     4.2000     2.5333  0.000e+00
     12.845     6.5833   3.217610    31.9754       1010     4.2042     2.5333  0.000e+00
     12.820     6.5833   3.217633    31.9756       1011     4.2083     2.5352  0.000e+00
     12.787     6.5834   3.217610    31.9753       1012     4.2125     2.5329  0.000e+00
     12.746     6.5834   3.217610    31.9753       1013     4.2167     2.5339  0.000e+00
     12.695     6.5833   3.217633    31.9756       1014     4.2208     2.5330  0.000e+00
     12.626     6.5835   3.217610    31.9753       1015     4.2250     2.5335  0.000e+00
     12.551     6.5834   3.217594    31.9752       1016     4.2292     2.5335  0.000e+00
     12.468     6.5833   3.217610    31.9756       1017     4.2333     2.5329  0.000e+00
     12.372     6.5834   3.217594    31.9753       1018     4.2375     2.5334  0.000e+00
     12.271     6.5834   3.217571    31.9751       1019     4.2417     2.5328  0.000e+00
     12.180     6.5834   3.217571    31.9751       1020     4.2458     2.5337  0.000e+00
     12.090     6.5833   3.217594    31.9755       1021     4.2500     2.5326  0.000e+00
     12.009     6.5833   3.217571    31.9753       1022     4.2542     2.5327  0.000e+00
     11.940     6.5835   3.217571    31.9752       1023     4.2583     2.5342  0.000e+00
     11.877     6.5833   3.217571    31.9753       1024     4.2625     2.5342  0.000e+00
     11.828     6.5833   3.217571    31.9754       1025     4.2667     2.5346  0.000e+00
     11.786     6.5833   3.217555    31.9753       1026     4.2708     2.5345  0.000e+00
     11.758     6.5832   3.217571    31.9755       1027     4.2750     2.5342  0.000e+00
     11.734     6.5833   3.217571    31.9754       1028     4.2792     2.5352  0.000e+00
     11.720     6.5833   3.217549    31.9752       1029     4.2833     2.5336  0.000e+00
     11.700     6.5832   3.217571    31.9755       1030     4.2875     2.5353  0.000e+00
     11.683     6.5834   3.217571    31.9754       1031     4.2917     2.5342  0.000e+00
     11.665     6.5834   3.217571    31.9754       1032     4.2958     2.5345  0.000e+00
     11.640     6.5833   3.217555    31.9753       1033     4.3000     2.5348  0.000e+00
     11.617     6.5834   3.217555    31.9752       1034     4.3042     2.5348  0.000e+00
     11.582     6.5833   3.217555    31.9753       1035     4.3083     2.5347  0.000e+00
     11.539     6.5834   3.217532    31.9750       1036     4.3125     2.5348  0.000e+00
     11.499     6.5833   3.217571    31.9755       1037     4.3167     2.5349  0.000e+00
     11.449     6.5833   3.217554    31.9754       1038     4.3208     2.5344  0.000e+00
     11.389     6.5832   3.217571    31.9757       1039     4.3250     2.5337  0.000e+00
     11.333     6.5834   3.217532    31.9751       1040     4.3292     2.5348  0.000e+00
     11.279     6.5835   3.217532    31.9751       1041     4.3333     2.5360  0.000e+00
     11.225     6.5834   3.217510    31.9749       1042     4.3375     2.5348  0.000e+00
     11.178     6.5833   3.217510    31.9751       1043     4.3417     2.5348  0.000e+00
     11.132     6.5832   3.217510    31.9752       1044     4.3458     2.5358  0.000e+00
     11.091     6.5831   3.217493    31.9751       1045     4.3500     2.5346  0.000e+00
     11.051     6.5831   3.217510    31.9753       1046     4.3542     2.5345  0.000e+00
     11.013     6.5830   3.217510    31.9754       1047     4.3583     2.5348  0.000e+00
     10.984     6.5829   3.217493    31.9753       1048     4.3625     2.5340  0.000e+00
     10.952     6.5829   3.217510    31.9755       1049     4.3667     2.5345  0.000e+00
     10.928     6.5830   3.217532    31.9757       1050     4.3708     2.5347  0.000e+00
     10.901     6.5831   3.217532    31.9756       1051     4.3750     2.5346  0.000e+00
     10.869     6.5832   3.217510    31.9753       1052     4.3792     2.5343  0.000e+00
     10.845     6.5832   3.217493    31.9751       1053     4.3833     2.5342  0.000e+00
     10.816     6.5831   3.217532    31.9756       1054     4.3875     2.5335  0.000e+00
     10.784     6.5832   3.217532    31.9756       1055     4.3917     2.5335  0.000e+00
     10.746     6.5833   3.217532    31.9755       1056     4.3958     2.5336  0.000e+00
     10.708     6.5833   3.217510    31.9753       1057     4.4000     2.5339  0.000e+00
     10.665     6.5833   3.217515    31.9753       1058     4.4042     2.5342  0.000e+00
     10.627     6.5834   3.217510    31.9752       1059     4.4083     2.5327  0.000e+00
     10.587     6.5834   3.217532    31.9755       1060     4.4125     2.5329  0.000e+00
     10.549     6.5833   3.217510    31.9754       1061     4.4167     2.5329  0.000e+00
     10.511     6.5833   3.217471    31.9749       1062     4.4208     2.5326  0.000e+00
     10.477     6.5832   3.217471    31.9750       1063     4.4250     2.5320  0.000e+00
     10.444     6.5831   3.217454    31.9750       1064     4.4292     2.5322  0.000e+00
     10.408     6.5829   3.217454    31.9752       1065     4.4333     2.5317  0.000e+00
     10.372     6.5827   3.217471    31.9756       1066     4.4375     2.5332  0.000e+00
     10.327     6.5828   3.217471    31.9755       1067     4.4417     2.5326  0.000e+00
     10.276     6.5828   3.217493    31.9757       1068     4.4458     2.5323  0.000e+00
     10.222     6.5830   3.217493    31.9756       1069     4.4500     2.5318  0.000e+00
     10.160     6.5831   3.217493    31.9755       1070     4.4542     2.5323  0.000e+00
     10.086     6.5831   3.217493    31.9756       1071     4.4583     2.5323  0.000e+00
     10.014     6.5832   3.217493    31.9755       1072     4.4625     2.5331  0.000e+00
      9.936     6.5832   3.217493    31.9755       1073     4.4667     2.5330  0.000e+00
      9.855     6.5831   3.217454    31.9752       1074     4.4708     2.5327  0.000e+00
      9.785     6.5833   3.217471    31.9753       1075     4.4750     2.5330  0.000e+00
      9.716     6.5832   3.217454    31.9752       1076     4.4792     2.5340  0.000e+00
      9.660     6.5832   3.217454    31.9753       1077     4.4833     2.5323  0.000e+00
      9.608     6.5832   3.217437    31.9751       1078     4.4875     2.5330  0.000e+00
      9.575     6.5832   3.217470    31.9755       1079     4.4917     2.5335  0.000e+00
      9.552     6.5832   3.217432    31.9750       1080     4.4958     2.5331  0.000e+00
      9.543     6.5833   3.217470    31.9754       1081     4.5000     2.5326  0.000e+00
      9.532     6.5834   3.217470    31.9753       1082     4.5042     2.5334  0.000e+00
      9.530     6.5832   3.217470    31.9755       1083     4.5083     2.5335  0.000e+00
      9.528     6.5832   3.217470    31.9755       1084     4.5125     2.5340  0.000e+00
      9.534     6.5832   3.217454    31.9753       1085     4.5167     2.5335  0.000e+00
      9.528     6.5832   3.217470    31.9755       1086     4.5208     2.5335  0.000e+00
      9.512     6.5832   3.217470    31.9755       1087     4.5250     2.5336  0.000e+00
      9.483     6.5832   3.217476    31.9756       1088     4.5292     2.5332  0.000e+00
