HB2402/sbe124.cnv
* Sea-Bird SBE 19plus V2 Data File:
* FileName = C:\cruise\data\sbe124.hex
* Software Version Seasave V 7.26.7.121
* Temperature SN = 7037
* Conductivity SN = 7037
* System UpLoad Time = May 05 2024 12:07:30
* NMEA Latitude = 43 26.43 N
* NMEA Longitude = 067 06.20 W
* NMEA UTC (Time) = May 05 2024  12:06:21
** Ship: Bigelow
** Cruise:  HB2402
** Program:  Spring Bottom Trawl
# nquan = 8
# nvalues = 4129                                  
# units = specified
# name 0 = depSM: Depth [salt water, m]
# name 1 = tv290C: Temperature [ITS-90, deg C]
# name 2 = c0S/m: Conductivity [S/m]
# name 3 = sal00: Salinity, Practical [PSU]
# name 4 = scan: Scan Count
# name 5 = timeM: Time, Elapsed [minutes]
# name 6 = sbeox0V: Oxygen raw, SBE 43 [V]
# name 7 = flag:  0.000e+00
# span 0 =      0.076,    177.424                 
# span 1 =     5.2629,     7.7212                 
# span 2 =   0.000015,   3.521569                 
# span 3 =     0.0026,    34.1209                 
# span 4 =         11,       4139                 
# span 5 =     0.0417,    17.2417                 
# span 6 =     1.8273,     2.5545                 
# span 7 = 0.0000e+00, 0.0000e+00                 
# interval = seconds: 0.25
# start_time = May 05 2024 12:06:21 [NMEA time, header]
# bad_flag = -9.990e-29
*END*
[from data line 1618]
    154.057     7.2194   3.444676    33.7858       1629     6.7833     1.9225  0.000e+00
    153.969     7.2185   3.444676    33.7866       1630     6.7875     1.9216  0.000e+00
    153.876     7.2176   3.444567    33.7864       1631     6.7917     1.9219  0.000e+00
    153.779     7.2170   3.444567    33.7870       1632     6.7958     1.9230  0.000e+00
    153.685     7.2165   3.444567    33.7876       1633     6.8000     1.9224  0.000e+00
    153.593     7.2163   3.444567    33.7878       1634     6.8042     1.9219  0.000e+00
    153.491     7.2161   3.444504    33.7874       1635     6.8083     1.9240  0.000e+00
    153.386     7.2157   3.444527    33.7880       1636     6.8125     1.9244  0.000e+00
    153.276     7.2156   3.444527    33.7882       1637     6.8167     1.9231  0.000e+00
    153.170     7.2156   3.444321    33.7860       1638     6.8208     1.9234  0.000e+00
    153.063     7.2153   3.444133    33.7843       1639     6.8250     1.9224  0.000e+00
    152.952     7.2144   3.444110    33.7850       1640     6.8292     1.9238  0.000e+00
    152.839     7.2138   3.444007    33.7846       1641     6.8333     1.9247  0.000e+00
    152.734     7.2132   3.443841    33.7833       1642     6.8375     1.9249  0.000e+00
    152.633     7.2123   3.443459    33.7801       1643     6.8417     1.9245  0.000e+00
    152.535     7.2111   3.443385    33.7805       1644     6.8458     1.9244  0.000e+00
    152.432     7.2100   3.443322    33.7810       1645     6.8500     1.9240  0.000e+00
    152.347     7.2090   3.443242    33.7811       1646     6.8542     1.9248  0.000e+00
    152.249     7.2082   3.443384    33.7835       1647     6.8583     1.9248  0.000e+00
    152.164     7.2080   3.443407    33.7840       1648     6.8625     1.9260  0.000e+00
    152.085     7.2081   3.443322    33.7829       1649     6.8667     1.9263  0.000e+00
    151.991     7.2080   3.443373    33.7837       1650     6.8708     1.9254  0.000e+00
    151.902     7.2081   3.443470    33.7847       1651     6.8750     1.9263  0.000e+00
    151.806     7.2082   3.443487    33.7848       1652     6.8792     1.9264  0.000e+00
    151.721     7.2086   3.443413    33.7837       1653     6.8833     1.9255  0.000e+00
    151.622     7.2085   3.443487    33.7846       1654     6.8875     1.9265  0.000e+00
    151.519     7.2086   3.443321    33.7828       1655     6.8917     1.9268  0.000e+00
    151.416     7.2084   3.443196    33.7817       1656     6.8958     1.9258  0.000e+00
    151.307     7.2080   3.442887    33.7788       1657     6.9000     1.9268  0.000e+00
    151.199     7.2070   3.443304    33.7843       1658     6.9042     1.9269  0.000e+00
    151.085     7.2069   3.443367    33.7851       1659     6.9083     1.9250  0.000e+00
    150.962     7.2072   3.443173    33.7828       1660     6.9125     1.9270  0.000e+00
    150.832     7.2072   3.443093    33.7819       1661     6.9167     1.9278  0.000e+00
    150.714     7.2069   3.443258    33.7842       1662     6.9208     1.9267  0.000e+00
    150.592     7.2070   3.442716    33.7782       1663     6.9250     1.9271  0.000e+00
    150.472     7.2064   3.442430    33.7757       1664     6.9292     1.9270  0.000e+00
    150.347     7.2047   3.442328    33.7763       1665     6.9333     1.9268  0.000e+00
    150.232     7.2033   3.442784    33.7827       1666     6.9375     1.9267  0.000e+00
    150.112     7.2031   3.442653    33.7815       1667     6.9417     1.9271  0.000e+00
    150.004     7.2033   3.442242    33.7769       1668     6.9458     1.9273  0.000e+00
    149.903     7.2025   3.441973    33.7749       1669     6.9500     1.9261  0.000e+00
    149.805     7.2010   3.441699    33.7733       1670     6.9542     1.9275  0.000e+00
    149.716     7.1996   3.441911    33.7771       1671     6.9583     1.9268  0.000e+00
    149.631     7.1987   3.441602    33.7746       1672     6.9625     1.9269  0.000e+00
    149.543     7.1978   3.441083    33.7699       1673     6.9667     1.9265  0.000e+00
    149.469     7.1960   3.440980    33.7706       1674     6.9708     1.9268  0.000e+00
    149.394     7.1943   3.440586    33.7680       1675     6.9750     1.9270  0.000e+00
    149.317     7.1924   3.440523    33.7692       1676     6.9792     1.9271  0.000e+00
    149.248     7.1908   3.440415    33.7696       1677     6.9833     1.9278  0.000e+00
    149.176     7.1895   3.440004    33.7664       1678     6.9875     1.9271  0.000e+00
    149.103     7.1880   3.440398    33.7722       1679     6.9917     1.9274  0.000e+00
    149.035     7.1873   3.439981    33.7683       1680     6.9958     1.9267  0.000e+00
    148.970     7.1864   3.439256    33.7614       1681     7.0000     1.9274  0.000e+00
    148.894     7.1842   3.439233    33.7633       1682     7.0042     1.9270  0.000e+00
    148.816     7.1823   3.438075    33.7526       1683     7.0083     1.9266  0.000e+00
    148.744     7.1789   3.437441    33.7490       1684     7.0125     1.9270  0.000e+00
    148.662     7.1749   3.437082    33.7490       1685     7.0167     1.9267  0.000e+00
    148.575     7.1711   3.435775    33.7385       1686     7.0208     1.9262  0.000e+00
    148.480     7.1664   3.436226    33.7481       1687     7.0250     1.9266  0.000e+00
    148.391     7.1627   3.435051    33.7390       1688     7.0292     1.9271  0.000e+00
    148.288     7.1590   3.433830    33.7292       1689     7.0333     1.9260  0.000e+00
    148.181     7.1536   3.433687    33.7331       1690     7.0375     1.9257  0.000e+00
    148.084     7.1492   3.433254    33.7327       1691     7.0417     1.9268  0.000e+00
    147.963     7.1455   3.431742    33.7198       1692     7.0458     1.9253  0.000e+00
    147.843     7.1399   3.429724    33.7033       1693     7.0500     1.9260  0.000e+00
    147.722     7.1313   3.428726    33.7008       1694     7.0542     1.9271  0.000e+00
    147.605     7.1226   3.428128    33.7029       1695     7.0583     1.9265  0.000e+00
    147.489     7.1157   3.427455    33.7024       1696     7.0625     1.9268  0.000e+00
    147.362     7.1092   3.427113    33.7050       1697     7.0667     1.9267  0.000e+00
    147.241     7.1045   3.426720    33.7054       1698     7.0708     1.9270  0.000e+00
    147.129     7.1008   3.425979    33.7010       1699     7.0750     1.9275  0.000e+00
    147.021     7.0967   3.424019    33.6836       1700     7.0792     1.9287  0.000e+00
    146.912     7.0897   3.421154    33.6592       1701     7.0833     1.9282  0.000e+00
    146.813     7.0783   3.420692    33.6653       1702     7.0875     1.9294  0.000e+00
    146.713     7.0683   3.419878    33.6662       1703     7.0917     1.9293  0.000e+00
    146.621     7.0602   3.419200    33.6668       1704     7.0958     1.9294  0.000e+00
    146.531     7.0527   3.415409    33.6327       1705     7.1000     1.9283  0.000e+00
    146.442     7.0414   3.413542    33.6232       1706     7.1042     1.9295  0.000e+00
    146.348     7.0270   3.413030    33.6317       1707     7.1083     1.9313  0.000e+00
    146.261     7.0160   3.412848    33.6406       1708     7.1125     1.9310  0.000e+00
    146.166     7.0088   3.412370    33.6423       1709     7.1167     1.9313  0.000e+00
    146.070     7.0034   3.412268    33.6465       1710     7.1208     1.9334  0.000e+00
    145.968     6.9994   3.411022    33.6369       1711     7.1250     1.9328  0.000e+00
    145.864     6.9941   3.407757    33.6064       1712     7.1292     1.9343  0.000e+00
    145.762     6.9844   3.405517    33.5913       1713     7.1333     1.9355  0.000e+00
    145.654     6.9710   3.403533    33.5827       1714     7.1375     1.9364  0.000e+00
    145.556     6.9576   3.403493    33.5954       1715     7.1417     1.9362  0.000e+00
    145.459     6.9480   3.403050    33.5999       1716     7.1458     1.9374  0.000e+00
    145.368     6.9412   3.402447    33.6000       1717     7.1500     1.9370  0.000e+00
    145.282     6.9355   3.402044    33.6012       1718     7.1542     1.9378  0.000e+00
    145.204     6.9306   3.401834    33.6037       1719     7.1583     1.9384  0.000e+00
    145.135     6.9270   3.401527    33.6039       1720     7.1625     1.9400  0.000e+00
    145.068     6.9240   3.401766    33.6094       1721     7.1667     1.9396  0.000e+00
    145.008     6.9224   3.401572    33.6090       1722     7.1708     1.9416  0.000e+00
    144.956     6.9213   3.400799    33.6015       1723     7.1750     1.9419  0.000e+00
    144.898     6.9194   3.401038    33.6061       1724     7.1792     1.9424  0.000e+00
    144.842     6.9178   3.401140    33.6088       1725     7.1833     1.9421  0.000e+00
    144.777     6.9170   3.400521    33.6028       1726     7.1875     1.9436  0.000e+00
    144.721     6.9154   3.400487    33.6041       1727     7.1917     1.9443  0.000e+00
    144.647     6.9140   3.400243    33.6027       1728     7.1958     1.9446  0.000e+00
    144.574     6.9126   3.399873    33.6001       1729     7.2000     1.9451  0.000e+00
    144.490     6.9110   3.399811    33.6010       1730     7.2042     1.9457  0.000e+00
    144.395     6.9095   3.400027    33.6049       1731     7.2083     1.9469  0.000e+00
    144.296     6.9092   3.399708    33.6017       1732     7.2125     1.9469  0.000e+00
    144.195     6.9085   3.399771    33.6032       1733     7.2167     1.9473  0.000e+00
    144.092     6.9078   3.399055    33.5961       1734     7.2208     1.9475  0.000e+00
    143.978     6.9059   3.398544    33.5924       1735     7.2250     1.9489  0.000e+00
    143.867     6.9033   3.398254    33.5917       1736     7.2292     1.9488  0.000e+00
    143.759     6.9007   3.398010    33.5916       1737     7.2333     1.9490  0.000e+00
    143.638     6.8984   3.396794    33.5806       1738     7.2375     1.9498  0.000e+00
    143.537     6.8948   3.397379    33.5906       1739     7.2417     1.9491  0.000e+00
    143.426     6.8925   3.396499    33.5832       1740     7.2458     1.9487  0.000e+00
    143.318     6.8900   3.395255    33.5721       1741     7.2500     1.9502  0.000e+00
    143.217     6.8855   3.395113    33.5750       1742     7.2542     1.9508  0.000e+00
    143.117     6.8809   3.394250    33.5700       1743     7.2583     1.9511  0.000e+00
    143.020     6.8769   3.394108    33.5725       1744     7.2625     1.9508  0.000e+00
    142.926     6.8735   3.393779    33.5722       1745     7.2667     1.9514  0.000e+00
    142.837     6.8705   3.394029    33.5779       1746     7.2708     1.9519  0.000e+00
    142.761     6.8691   3.394029    33.5792       1747     7.2750     1.9535  0.000e+00
    142.685     6.8683   3.393671    33.5762       1748     7.2792     1.9534  0.000e+00
    142.615     6.8674   3.394193    33.5829       1749     7.2833     1.9529  0.000e+00
    142.551     6.8675   3.394188    33.5827       1750     7.2875     1.9540  0.000e+00
    142.488     6.8678   3.393620    33.5762       1751     7.2917     1.9536  0.000e+00
    142.423     6.8668   3.393660    33.5777       1752     7.2958     1.9556  0.000e+00
    142.353     6.8659   3.393268    33.5742       1753     7.3000     1.9543  0.000e+00
    142.284     6.8646   3.393296    33.5759       1754     7.3042     1.9537  0.000e+00
    142.219     6.8637   3.393995    33.5845       1755     7.3083     1.9551  0.000e+00
    142.145     6.8643   3.393376    33.5771       1756     7.3125     1.9566  0.000e+00
    142.065     6.8642   3.393097    33.5741       1757     7.3167     1.9555  0.000e+00
    141.984     6.8630   3.393211    33.5766       1758     7.3208     1.9574  0.000e+00
    141.895     6.8623   3.392990    33.5750       1759     7.3250     1.9570  0.000e+00
    141.807     6.8615   3.392734    33.5729       1760     7.3292     1.9575  0.000e+00
    141.716     6.8604   3.392745    33.5742       1761     7.3333     1.9565  0.000e+00
    141.620     6.8597   3.392751    33.5750       1762     7.3375     1.9576  0.000e+00
    141.526     6.8592   3.392598    33.5738       1763     7.3417     1.9575  0.000e+00
    141.436     6.8586   3.392541    33.5739       1764     7.3458     1.9569  0.000e+00
    141.347     6.8580   3.392149    33.5702       1765     7.3500     1.9569  0.000e+00
    141.257     6.8567   3.391990    33.5698       1766     7.3542     1.9563  0.000e+00
    141.168     6.8552   3.392047    33.5718       1767     7.3583     1.9563  0.000e+00
    141.078     6.8545   3.392047    33.5726       1768     7.3625     1.9572  0.000e+00
    140.995     6.8541   3.391985    33.5723       1769     7.3667     1.9586  0.000e+00
    140.910     6.8537   3.392109    33.5742       1770     7.3708     1.9580  0.000e+00
    140.825     6.8538   3.392200    33.5751       1771     7.3750     1.9583  0.000e+00
    140.742     6.8540   3.392030    33.5731       1772     7.3792     1.9585  0.000e+00
    140.664     6.8539   3.391723    33.5699       1773     7.3833     1.9576  0.000e+00
    140.577     6.8530   3.391536    33.5687       1774     7.3875     1.9585  0.000e+00
    140.501     6.8519   3.391496    33.5693       1775     7.3917     1.9576  0.000e+00
    140.429     6.8511   3.391258    33.5675       1776     7.3958     1.9578  0.000e+00
    140.357     6.8499   3.391292    33.5691       1777     7.4000     1.9569  0.000e+00
    140.292     6.8492   3.391173    33.5685       1778     7.4042     1.9573  0.000e+00
    140.225     6.8485   3.391071    33.5681       1779     7.4083     1.9582  0.000e+00
    140.154     6.8478   3.391150    33.5697       1780     7.4125     1.9576  0.000e+00
    140.087     6.8475   3.391235    33.5710       1781     7.4167     1.9563  0.000e+00
    140.026     6.8475   3.390991    33.5683       1782     7.4208     1.9584  0.000e+00
    139.952     6.8472   3.390832    33.5669       1783     7.4250     1.9579  0.000e+00
    139.883     6.8464   3.391093    33.5706       1784     7.4292     1.9578  0.000e+00
    139.811     6.8465   3.391087    33.5705       1785     7.4333     1.9588  0.000e+00
    139.731     6.8466   3.390866    33.5680       1786     7.4375     1.9588  0.000e+00
    139.648     6.8462   3.390787    33.5675       1787     7.4417     1.9580  0.000e+00
    139.561     6.8454   3.389935    33.5590       1788     7.4458     1.9586  0.000e+00
    139.466     6.8433   3.388704    33.5475       1789     7.4500     1.9583  0.000e+00
    139.368     6.8392   3.387927    33.5431       1790     7.4542     1.9593  0.000e+00
    139.265     6.8341   3.387115    33.5392       1791     7.4583     1.9582  0.000e+00
    139.169     6.8290   3.386457    33.5370       1792     7.4625     1.9590  0.000e+00
    139.075     6.8239   3.385918    33.5361       1793     7.4667     1.9580  0.000e+00
    138.967     6.8191   3.385487    33.5361       1794     7.4708     1.9574  0.000e+00
    138.869     6.8150   3.384880    33.5334       1795     7.4750     1.9580  0.000e+00
    138.775     6.8109   3.384795    33.5365       1796     7.4792     1.9585  0.000e+00
    138.686     6.8080   3.384472    33.5359       1797     7.4833     1.9586  0.000e+00
    138.598     6.8057   3.384149    33.5346       1798     7.4875     1.9589  0.000e+00
    138.517     6.8031   3.384154    33.5372       1799     7.4917     1.9580  0.000e+00
    138.431     6.8015   3.384086    33.5381       1800     7.4958     1.9587  0.000e+00
    138.352     6.8003   3.383984    33.5382       1801     7.5000     1.9586  0.000e+00
    138.278     6.7993   3.383559    33.5346       1802     7.5042     1.9599  0.000e+00
    138.198     6.7978   3.383411    33.5344       1803     7.5083     1.9615  0.000e+00
    138.128     6.7964   3.383706    33.5391       1804     7.5125     1.9609  0.000e+00
    138.059     6.7959   3.383394    33.5361       1805     7.5167     1.9611  0.000e+00
    137.983     6.7954   3.383343    33.5361       1806     7.5208     1.9624  0.000e+00
    137.920     6.7947   3.383457    33.5380       1807     7.5250     1.9631  0.000e+00
