HB2402/sbe110.cnv
* Sea-Bird SBE 19plus V2 Data File:
* FileName = C:\cruise\data\sbe110.hex
* Software Version Seasave V 7.26.7.121
* Temperature SN = 7037
* Conductivity SN = 7037
* System UpLoad Time = May 01 2024 10:20:51
* NMEA Latitude = 41 43.16 N
* NMEA Longitude = 067 19.91 W
* NMEA UTC (Time) = May 01 2024  10:19:38
** Ship: Bigelow
** Cruise:  HB2402
** Program:  Spring Bottom Trawl
# nquan = 8
# nvalues = 2062                                  
# units = specified
# name 0 = depSM: Depth [salt water, m]
# name 1 = tv290C: Temperature [ITS-90, deg C]
# name 2 = c0S/m: Conductivity [S/m]
# name 3 = sal00: Salinity, Practical [PSU]
# name 4 = scan: Scan Count
# name 5 = timeM: Time, Elapsed [minutes]
# name 6 = sbeox0V: Oxygen raw, SBE 43 [V]
# name 7 = flag:  0.000e+00
# span 0 =     -0.045,     33.045                 
# span 1 =     6.7554,     7.0612                 
# span 2 =  -0.000028,   3.255825                 
# span 3 =     0.0000,    31.9911                 
# span 4 =         11,       2072                 
# span 5 =     0.0417,     8.6292                 
# span 6 =     2.2234,     2.6340                 
# span 7 = 0.0000e+00, 0.0000e+00                 
# interval = seconds: 0.25
# start_time = May 01 2024 10:19:38 [NMEA time, header]
# bad_flag = -9.990e-29
*END*
[from data line 1978]
      2.469     7.0591   3.255664    31.9534       1989     8.2833     2.6337  0.000e+00
      2.503     7.0590   3.255619    31.9530       1990     8.2875     2.6340  0.000e+00
      2.554     7.0589   3.255591    31.9528       1991     8.2917     2.6334  0.000e+00
      2.579     7.0586   3.255602    31.9532       1992     8.2958     2.6329  0.000e+00
      2.584     7.0584   3.255602    31.9533       1993     8.3000     2.6321  0.000e+00
      2.597     7.0585   3.255580    31.9530       1994     8.3042     2.6324  0.000e+00
      2.602     7.0584   3.255580    31.9531       1995     8.3083     2.6320  0.000e+00
      2.577     7.0584   3.255569    31.9530       1996     8.3125     2.6323  0.000e+00
      2.519     7.0583   3.255619    31.9536       1997     8.3167     2.6323  0.000e+00
      2.443     7.0583   3.255641    31.9539       1998     8.3208     2.6319  0.000e+00
      2.342     7.0584   3.255641    31.9539       1999     8.3250     2.6329  0.000e+00
      2.223     7.0585   3.255725    31.9548       2000     8.3292     2.6323  0.000e+00
      2.113     7.0588   3.255647    31.9536       2001     8.3333     2.6324  0.000e+00
      1.997     7.0591   3.255663    31.9537       2002     8.3375     2.6329  0.000e+00
      1.891     7.0591   3.255663    31.9537       2003     8.3417     2.6330  0.000e+00
      1.784     7.0592   3.255663    31.9536       2004     8.3458     2.6333  0.000e+00
      1.695     7.0592   3.255647    31.9535       2005     8.3500     2.6331  0.000e+00
      1.647     7.0591   3.255641    31.9536       2006     8.3542     2.6340  0.000e+00
      1.645     7.0591   3.255641    31.9536       2007     8.3583     2.6331  0.000e+00
      1.674     7.0590   3.255641    31.9537       2008     8.3625     2.6332  0.000e+00
      1.717     7.0591   3.255680    31.9540       2009     8.3667     2.6339  0.000e+00
      1.779     7.0591   3.255663    31.9537       2010     8.3708     2.6332  0.000e+00
      1.840     7.0592   3.255663    31.9536       2011     8.3750     2.6332  0.000e+00
      1.873     7.0592   3.255702    31.9540       2012     8.3792     2.6335  0.000e+00
      1.867     7.0593   3.255742    31.9543       2013     8.3833     2.6331  0.000e+00
      1.858     7.0596   3.255786    31.9546       2014     8.3875     2.6327  0.000e+00
      1.856     7.0599   3.255781    31.9542       2015     8.3917     2.6322  0.000e+00
      1.804     7.0602   3.255825    31.9544       2016     8.3958     2.6319  0.000e+00
      1.723     7.0605   3.255803    31.9540       2017     8.4000     2.6313  0.000e+00
      1.611     7.0606   3.255786    31.9538       2018     8.4042     2.6322  0.000e+00
      1.504     7.0605   3.255741    31.9535       2019     8.4083     2.6325  0.000e+00
      1.408     7.0606   3.255780    31.9538       2020     8.4125     2.6324  0.000e+00
      1.304     7.0607   3.255741    31.9533       2021     8.4167     2.6323  0.000e+00
      1.199     7.0605   3.255725    31.9534       2022     8.4208     2.6331  0.000e+00
      1.119     7.0604   3.255741    31.9537       2023     8.4250     2.6322  0.000e+00
      1.087     7.0603   3.255702    31.9533       2024     8.4292     2.6326  0.000e+00
      1.090     7.0603   3.255702    31.9533       2025     8.4333     2.6330  0.000e+00
      1.112     7.0602   3.255663    31.9530       2026     8.4375     2.6334  0.000e+00
      1.152     7.0600   3.255680    31.9534       2027     8.4417     2.6332  0.000e+00
      1.127     7.0598   3.255680    31.9536       2028     8.4458     2.6330  0.000e+00
      1.076     7.0597   3.255663    31.9535       2029     8.4500     2.6331  0.000e+00
      1.054     7.0597   3.255663    31.9535       2030     8.4542     2.6328  0.000e+00
      1.027     7.0596   3.255663    31.9536       2031     8.4583     2.6327  0.000e+00
      1.034     7.0596   3.255680    31.9538       2032     8.4625     2.6329  0.000e+00
      1.032     7.0594   3.255724    31.9544       2033     8.4667     2.6326  0.000e+00
      1.036     7.0598   3.255724    31.9541       2034     8.4708     2.6324  0.000e+00
      1.069     7.0600   3.255724    31.9539       2035     8.4750     2.6325  0.000e+00
      1.078     7.0600   3.255741    31.9540       2036     8.4792     2.6315  0.000e+00
      1.072     7.0603   3.255724    31.9536       2037     8.4833     2.6316  0.000e+00
      1.054     7.0603   3.255724    31.9536       2038     8.4875     2.6301  0.000e+00
      1.033     7.0603   3.255724    31.9537       2039     8.4917     2.6311  0.000e+00
      0.995     7.0604   3.255724    31.9536       2040     8.4958     2.6307  0.000e+00
      0.957     7.0605   3.255741    31.9537       2041     8.5000     2.6316  0.000e+00
      0.921     7.0605   3.255741    31.9537       2042     8.5042     2.6311  0.000e+00
      0.857     7.0605   3.255702    31.9533       2043     8.5083     2.6303  0.000e+00
      0.774     7.0605   3.255629    31.9525       2044     8.5125     2.6309  0.000e+00
      0.680     7.0602   3.255641    31.9530       2045     8.5167     2.6321  0.000e+00
      0.613     7.0599   3.255663    31.9536       2046     8.5208     2.6314  0.000e+00
      0.594     7.0597   3.255702    31.9542       2047     8.5250     2.6327  0.000e+00
      0.570     7.0600   3.255663    31.9535       2048     8.5292     2.6321  0.000e+00
      0.561     7.0600   3.255646    31.9533       2049     8.5333     2.6318  0.000e+00
      0.567     7.0599   3.255680    31.9537       2050     8.5375     2.6317  0.000e+00
      0.561     7.0599   3.255702    31.9540       2051     8.5417     2.6318  0.000e+00
      0.511     7.0600   3.255702    31.9539       2052     8.5458     2.6321  0.000e+00
      0.402     7.0602   3.255702    31.9538       2053     8.5500     2.6323  0.000e+00
      0.319     7.0602   3.255724    31.9541       2054     8.5542     2.6320  0.000e+00
      0.290     7.0604   3.255724    31.9539       2055     8.5583     2.6331  0.000e+00
      0.337     7.0604   3.255724    31.9539       2056     8.5625     2.6330  0.000e+00
      0.343     7.0606   3.255741    31.9538       2057     8.5667     2.6330  0.000e+00
      0.330     7.0606   3.255741    31.9538       2058     8.5708     2.6333  0.000e+00
      0.303     7.0607   3.255741    31.9538       2059     8.5750     2.6332  0.000e+00
      0.260     7.0609   3.255763    31.9539       2060     8.5792     2.6334  0.000e+00
      0.202     7.0610   3.255786    31.9540       2061     8.5833     2.6329  0.000e+00
      0.167     7.0612   3.255680    31.9527       2062     8.5875     2.6327  0.000e+00
      0.115     7.0609   3.255663    31.9528       2063     8.5917     2.6336  0.000e+00
      0.050     7.0606   3.255590    31.9523       2064     8.5958     2.6333  0.000e+00
      0.059     7.0602   3.255702    31.9539       2065     8.6000     2.6336  0.000e+00
      0.129     7.0602   3.255724    31.9542       2066     8.6042     2.6329  0.000e+00
      0.137     7.0602   3.255640    31.9533       2067     8.6083     2.6336  0.000e+00
      0.088     7.0602   3.255679    31.9537       2068     8.6125     2.6333  0.000e+00
      0.064     7.0602   3.255724    31.9542       2069     8.6167     2.6337  0.000e+00
      0.064     7.0603   3.255702    31.9538       2070     8.6208     2.6330  0.000e+00
      0.118     7.0604   3.255724    31.9540       2071     8.6250     2.6332  0.000e+00
      0.169     7.0606   3.255724    31.9538       2072     8.6292     2.6327  0.000e+00
