HB2402/sbe105.cnv
* Sea-Bird SBE 19plus V2 Data File:
* FileName = C:\cruise\data\sbe105.hex
* Software Version Seasave V 7.26.7.121
* Temperature SN = 7037
* Conductivity SN = 7037
* System UpLoad Time = Apr 29 2024 16:12:35
* NMEA Latitude = 42 20.05 N
* NMEA Longitude = 066 36.31 W
* NMEA UTC (Time) = Apr 29 2024  16:11:21
** Ship: Bigelow
** Cruise:  HB2402
** Program:  Spring Bottom Trawl
# nquan = 8
# nvalues = 4672                                  
# units = specified
# name 0 = depSM: Depth [salt water, m]
# name 1 = tv290C: Temperature [ITS-90, deg C]
# name 2 = c0S/m: Conductivity [S/m]
# name 3 = sal00: Salinity, Practical [PSU]
# name 4 = scan: Scan Count
# name 5 = timeM: Time, Elapsed [minutes]
# name 6 = sbeox0V: Oxygen raw, SBE 43 [V]
# name 7 = flag:  0.000e+00
# span 0 =     -0.072,    202.330                 
# span 1 =     5.0028,     8.6938                 
# span 2 =  -0.000028,   3.651504                 
# span 3 =     0.0000,    34.8656                 
# span 4 =         11,       4682                 
# span 5 =     0.0417,    19.5042                 
# span 6 =     1.7459,     2.7864                 
# span 7 = 0.0000e+00, 0.0000e+00                 
# interval = seconds: 0.25
# start_time = Apr 29 2024 16:11:21 [NMEA time, header]
# bad_flag = -9.990e-29
*END*
     -0.013     7.8020   0.000052     0.0038         11     0.0417     2.4147  0.000e+00
     -0.015     7.8021   0.000052     0.0038         12     0.0458     2.4137  0.000e+00
     -0.015     7.8012   0.000052     0.0038         13     0.0500     2.4134  0.000e+00
     -0.013     7.7996   0.000052     0.0038         14     0.0542     2.4150  0.000e+00
     -0.013     7.7980   0.000057     0.0038         15     0.0583     2.4136  0.000e+00
     -0.013     7.7972   0.000052     0.0038         16     0.0625     2.4140  0.000e+00
     -0.017     7.7972   0.000052     0.0038         17     0.0667     2.4134  0.000e+00
     -0.021     7.7975   0.000052     0.0038         18     0.0708     2.4135  0.000e+00
     -0.021     7.7972   0.000052     0.0038         19     0.0750     2.4140  0.000e+00
     -0.017     7.7959   0.000052     0.0038         20     0.0792     2.4140  0.000e+00
     -0.017     7.7942   0.000052     0.0038         21     0.0833     2.4131  0.000e+00
     -0.015     7.7928   0.000057     0.0038         22     0.0875     2.4134  0.000e+00
     -0.017     7.7918   0.000057     0.0038         23     0.0917     2.4144  0.000e+00
     -0.017     7.7909   0.000052     0.0038         24     0.0958     2.4135  0.000e+00
     -0.017     7.7904   0.000052     0.0038         25     0.1000     2.4143  0.000e+00
     -0.015     7.7900   0.000052     0.0038         26     0.1042     2.4134  0.000e+00
     -0.019     7.7895   0.000052     0.0038         27     0.1083     2.4128  0.000e+00
     -0.017     7.7897   0.000052     0.0038         28     0.1125     2.4137  0.000e+00
     -0.017     7.7905   0.000052     0.0038         29     0.1167     2.4137  0.000e+00
     -0.015     7.7908   0.000057     0.0038         30     0.1208     2.4131  0.000e+00
     -0.013     7.7908   0.000052     0.0038         31     0.1250     2.4135  0.000e+00
     -0.015     7.7907   0.000052     0.0038         32     0.1292     2.4138  0.000e+00
     -0.015     7.7905   0.000052     0.0038         33     0.1333     2.4136  0.000e+00
     -0.013     7.7908   0.000052     0.0038         34     0.1375     2.4134  0.000e+00
     -0.013     7.7920   0.000052     0.0038         35     0.1417     2.4140  0.000e+00
     -0.015     7.7932   0.000057     0.0038         36     0.1458     2.4134  0.000e+00
     -0.015     7.7938   0.000057     0.0038         37     0.1500     2.4136  0.000e+00
     -0.011     7.7941   0.000057     0.0038         38     0.1542     2.4136  0.000e+00
     -0.013     7.7944   0.000052     0.0038         39     0.1583     2.4131  0.000e+00
     -0.013     7.7946   0.000057     0.0038         40     0.1625     2.4143  0.000e+00
     -0.017     7.7949   0.000047     0.0038         41     0.1667     2.4141  0.000e+00
     -0.013     7.7958   0.000052     0.0038         42     0.1708     2.4137  0.000e+00
     -0.009     7.7969   0.000052     0.0038         43     0.1750     2.4132  0.000e+00
     -0.015     7.7972   0.000057     0.0038         44     0.1792     2.4138  0.000e+00
     -0.015     7.7969   0.000057     0.0038         45     0.1833     2.4139  0.000e+00
     -0.018     7.7960   0.000052     0.0038         46     0.1875     2.4137  0.000e+00
     -0.018     7.7951   0.000057     0.0038         47     0.1917     2.4132  0.000e+00
     -0.019     7.7953   0.000052     0.0038         48     0.1958     2.4131  0.000e+00
     -0.019     7.7979   0.000052     0.0038         49     0.2000     2.4134  0.000e+00
     -0.017     7.8017   0.000052     0.0038         50     0.2042     2.4137  0.000e+00
     -0.015     7.8045   0.000057     0.0038         51     0.2083     2.4137  0.000e+00
     -0.019     7.8059   0.000052     0.0038         52     0.2125     2.4131  0.000e+00
     -0.013     7.8064   0.000052     0.0038         53     0.2167     2.4139  0.000e+00
     -0.010     7.8068   0.000057     0.0038         54     0.2208     2.4133  0.000e+00
     -0.011     7.8072   0.000057     0.0038         55     0.2250     2.4140  0.000e+00
     -0.013     7.8075   0.000057     0.0038         56     0.2292     2.4139  0.000e+00
     -0.013     7.8079   0.000052     0.0038         57     0.2333     2.4131  0.000e+00
     -0.011     7.8093   0.000052     0.0038         58     0.2375     2.4137  0.000e+00
     -0.015     7.8111   0.000057     0.0038         59     0.2417     2.4142  0.000e+00
     -0.011     7.8118   0.000052     0.0038         60     0.2458     2.4141  0.000e+00
     -0.017     7.8117   0.000052     0.0038         61     0.2500     2.4134  0.000e+00
     -0.018     7.8117   0.000052     0.0038         62     0.2542     2.4130  0.000e+00
     -0.020     7.8120   0.000057     0.0038         63     0.2583     2.4136  0.000e+00
     -0.018     7.8115   0.000057     0.0038         64     0.2625     2.4131  0.000e+00
     -0.020     7.8105   0.000052     0.0038         65     0.2667     2.4137  0.000e+00
     -0.020     7.8091   0.000052     0.0038         66     0.2708     2.4135  0.000e+00
     -0.022     7.8081   0.000052     0.0038         67     0.2750     2.4146  0.000e+00
     -0.024     7.8073   0.000057     0.0038         68     0.2792     2.4142  0.000e+00
     -0.018     7.8079   0.000052     0.0038         69     0.2833     2.4132  0.000e+00
     -0.018     7.8089   0.000052     0.0038         70     0.2875     2.4137  0.000e+00
     -0.022     7.8094   0.000057     0.0038         71     0.2917     2.4131  0.000e+00
     -0.018     7.8099   0.000052     0.0038         72     0.2958     2.4131  0.000e+00
     -0.018     7.8099   0.000052     0.0038         73     0.3000     2.4134  0.000e+00
     -0.018     7.8099   0.000057     0.0038         74     0.3042     2.4138  0.000e+00
     -0.017     7.8097   0.000057     0.0038         75     0.3083     2.4137  0.000e+00
     -0.017     7.8091   0.000057     0.0038         76     0.3125     2.4135  0.000e+00
     -0.026     7.8087   0.000057     0.0038         77     0.3167     2.4134  0.000e+00
     -0.018     7.8075   0.000057     0.0038         78     0.3208     2.4136  0.000e+00
     -0.020     7.8061   0.000052     0.0038         79     0.3250     2.4134  0.000e+00
     -0.013     7.8047   0.000052     0.0038         80     0.3292     2.4139  0.000e+00
     -0.013     7.8036   0.000057     0.0038         81     0.3333     2.4137  0.000e+00
     -0.011     7.8032   0.000057     0.0038         82     0.3375     2.4139  0.000e+00
     -0.015     7.8028   0.000052     0.0038         83     0.3417     2.4141  0.000e+00
     -0.009     7.8040   0.000052     0.0038         84     0.3458     2.4137  0.000e+00
     -0.009     7.8087   0.000057     0.0038         85     0.3500     2.4143  0.000e+00
     -0.008     7.8141   0.000052     0.0038         86     0.3542     2.4132  0.000e+00
     -0.009     7.8189   0.000052     0.0038         87     0.3583     2.4140  0.000e+00
     -0.011     7.8234   0.000052     0.0038         88     0.3625     2.4121  0.000e+00
     -0.011     7.8278   0.000063     0.0039         89     0.3667     2.4133  0.000e+00
     -0.013     7.8316   0.000052     0.0038         90     0.3708     2.4137  0.000e+00
     -0.015     7.8339   0.000057     0.0039         91     0.3750     2.4137  0.000e+00
     -0.015     7.8353   0.000052     0.0038         92     0.3792     2.4141  0.000e+00
     -0.015     7.8366   0.000052     0.0038         93     0.3833     2.4144  0.000e+00
     -0.011     7.8376   0.000052     0.0038         94     0.3875     2.4150  0.000e+00
     -0.011     7.8390   0.000052     0.0038         95     0.3917     2.4147  0.000e+00
     -0.014     7.8409   0.000052     0.0038         96     0.3958     2.4135  0.000e+00
     -0.015     7.8425   0.000057     0.0039         97     0.4000     2.4140  0.000e+00
     -0.013     7.8435   0.000057     0.0039         98     0.4042     2.4141  0.000e+00
     -0.015     7.8449   0.000052     0.0039         99     0.4083     2.4137  0.000e+00
     -0.018     7.8461   0.000052     0.0039        100     0.4125     2.4137  0.000e+00
     -0.016     7.8472   0.000052     0.0039        101     0.4167     2.4137  0.000e+00
     -0.016     7.8484   0.000052     0.0039        102     0.4208     2.4141  0.000e+00
     -0.007     7.8497   0.000052     0.0039        103     0.4250     2.4139  0.000e+00
     -0.013     7.8512   0.000052     0.0039        104     0.4292     2.4131  0.000e+00
     -0.013     7.8524   0.000052     0.0039        105     0.4333     2.4139  0.000e+00
     -0.013     7.8539   0.000057     0.0039        106     0.4375     2.4134  0.000e+00
     -0.016     7.8557   0.000057     0.0039        107     0.4417     2.4148  0.000e+00
     -0.009     7.8571   0.000052     0.0039        108     0.4458     2.4143  0.000e+00
     -0.006     7.8595   0.000052     0.0039        109     0.4500     2.4144  0.000e+00
     -0.022     7.8617   0.000057     0.0039        110     0.4542     2.4147  0.000e+00
     -0.018     7.8629   0.000052     0.0039        111     0.4583     2.4152  0.000e+00
     -0.006     7.8634   0.000052     0.0039        112     0.4625     2.4131  0.000e+00
     -0.007     7.8627   0.000057     0.0039        113     0.4667     2.4148  0.000e+00
     -0.006     7.8628   0.000057     0.0039        114     0.4708     2.4142  0.000e+00
     -0.004     7.8656   0.000057     0.0039        115     0.4750     2.4138  0.000e+00
     -0.007     7.8701   0.000057     0.0039        116     0.4792     2.4062  0.000e+00
      0.168     7.8747   0.910284     7.7909        117     0.4833     2.4031  0.000e+00
      0.435     7.8427   1.478536    13.1692        118     0.4875     2.4000  0.000e+00
      0.670     7.6836   1.204070    10.5921        119     0.4917     2.4032  0.000e+00
      0.878     7.5256   1.942776    17.8837        120     0.4958     2.4089  0.000e+00
      1.071     7.4113   1.343171    12.0155        121     0.5000     2.4194  0.000e+00
      1.257     7.3176   1.899095    17.5505        122     0.5042     2.4334  0.000e+00
      1.450     7.2503   1.597305    14.5668        123     0.5083     2.4456  0.000e+00
      1.658     7.2058   0.861865     7.4884        124     0.5125     2.4572  0.000e+00
      1.855     7.1686   1.705525    15.6794        125     0.5167     2.4678  0.000e+00
      2.045     7.1488   3.000160    29.1159        126     0.5208     2.4751  0.000e+00
      2.220     7.1394   3.261311    31.9405        127     0.5250     2.4797  0.000e+00
      2.382     7.1296   3.262838    31.9660        128     0.5292     2.4840  0.000e+00
      2.529     7.1055   3.258602    31.9423        129     0.5333     2.4876  0.000e+00
      2.655     7.0570   3.251470    31.9096        130     0.5375     2.4872  0.000e+00
      2.787     6.9995   3.244439    31.8864        131     0.5417     2.4859  0.000e+00
      2.905     6.9463   3.241523    31.9039        132     0.5458     2.4829  0.000e+00
      3.004     6.9065   3.238786    31.9109        133     0.5500     2.4784  0.000e+00
      3.098     6.8770   3.236156    31.9096        134     0.5542     2.4731  0.000e+00
      3.186     6.8546   3.234496    31.9122        135     0.5583     2.4659  0.000e+00
      3.280     6.8361   3.233488    31.9184        136     0.5625     2.4599  0.000e+00
      3.371     6.8204   3.232034    31.9170        137     0.5667     2.4544  0.000e+00
      3.461     6.8086   3.230698    31.9133        138     0.5708     2.4499  0.000e+00
      3.569     6.7987   3.231812    31.9347        139     0.5750     2.4457  0.000e+00
      3.692     6.7907   3.233550    31.9610        140     0.5792     2.4448  0.000e+00
      3.811     6.7845   3.233750    31.9690        141     0.5833     2.4464  0.000e+00
      3.952     6.7796   3.234152    31.9778        142     0.5875     2.4517  0.000e+00
      4.097     6.7761   3.233327    31.9721        143     0.5917     2.4539  0.000e+00
      4.245     6.7733   3.231952    31.9595        144     0.5958     2.4578  0.000e+00
      4.400     6.7711   3.230983    31.9509        145     0.6000     2.4617  0.000e+00
      4.559     6.7686   3.230275    31.9454        146     0.6042     2.4644  0.000e+00
      4.727     6.7658   3.229791    31.9426        147     0.6083     2.4632  0.000e+00
      4.899     6.7618   3.229229    31.9401        148     0.6125     2.4648  0.000e+00
      5.089     6.7574   3.228483    31.9359        149     0.6167     2.4646  0.000e+00
      5.275     6.7530   3.227737    31.9318        150     0.6208     2.4620  0.000e+00
      5.463     6.7481   3.227231    31.9307        151     0.6250     2.4629  0.000e+00
      5.656     6.7427   3.226869    31.9317        152     0.6292     2.4622  0.000e+00
      5.849     6.7371   3.226201    31.9295        153     0.6333     2.4626  0.000e+00
      6.033     6.7319   3.225355    31.9250        154     0.6375     2.4643  0.000e+00
      6.214     6.7279   3.224832    31.9229        155     0.6417     2.4677  0.000e+00
      6.385     6.7243   3.224270    31.9200        156     0.6458     2.4680  0.000e+00
      6.546     6.7199   3.223519    31.9158        157     0.6500     2.4702  0.000e+00
      6.700     6.7150   3.223041    31.9150        158     0.6542     2.4737  0.000e+00
      6.843     6.7093   3.222618    31.9156        159     0.6583     2.4759  0.000e+00
      6.976     6.7029   3.222318    31.9183        160     0.6625     2.4768  0.000e+00
      7.106     6.6973   3.222274    31.9229        161     0.6667     2.4805  0.000e+00
      7.233     6.6923   3.222357    31.9284        162     0.6708     2.4829  0.000e+00
      7.363     6.6884   3.222480    31.9334        163     0.6750     2.4868  0.000e+00
      7.493     6.6851   3.222157    31.9328        164     0.6792     2.4912  0.000e+00
      7.632     6.6827   3.221712    31.9301        165     0.6833     2.4972  0.000e+00
      7.774     6.6821   3.221501    31.9283        166     0.6875     2.5016  0.000e+00
      7.915     6.6834   3.221512    31.9271        167     0.6917     2.5066  0.000e+00
      8.053     6.6847   3.221573    31.9265        168     0.6958     2.5135  0.000e+00
      8.197     6.6855   3.221851    31.9287        169     0.7000     2.5190  0.000e+00
      8.344     6.6852   3.221974    31.9303        170     0.7042     2.5251  0.000e+00
      8.497     6.6838   3.221935    31.9311        171     0.7083     2.5314  0.000e+00
      8.647     6.6816   3.222096    31.9349        172     0.7125     2.5370  0.000e+00
      8.801     6.6792   3.222235    31.9385        173     0.7167     2.5443  0.000e+00
      8.952     6.6765   3.222397    31.9427        174     0.7208     2.5529  0.000e+00
      9.097     6.6733   3.222486    31.9466        175     0.7250     2.5615  0.000e+00
      9.247     6.6681   3.213095    31.8483        176     0.7292     2.5708  0.000e+00
      9.399     6.6626   3.107057    30.6921        177     0.7333     2.5785  0.000e+00
      9.547     6.6531   3.112473    30.7597        178     0.7375     2.5849  0.000e+00
      9.689     6.6405   3.103548    30.6734        179     0.7417     2.5883  0.000e+00
      9.841     6.6291   3.099372    30.6379        180     0.7458     2.5912  0.000e+00
      9.984     6.6180   3.083978    30.4795        181     0.7500     2.5897  0.000e+00
     10.127     6.6056   3.078391    30.4294        182     0.7542     2.5865  0.000e+00
     10.268     6.5921   3.084438    30.5075        183     0.7583     2.5831  0.000e+00
     10.401     6.5784   3.099334    30.6827        184     0.7625     2.5777  0.000e+00
     10.532     6.5641   3.100852    30.7121        185     0.7667     2.5715  0.000e+00
     10.656     6.5509   3.106938    30.7906        186     0.7708     2.5656  0.000e+00
     10.772     6.5379   3.103665    30.7663        187     0.7750     2.5591  0.000e+00
     10.880     6.5230   3.106774    30.8138        188     0.7792     2.5520  0.000e+00
     10.981     6.5081   3.108239    30.8432        189     0.7833     2.5467  0.000e+00
