HB2402/sbe127.cnv
* Sea-Bird SBE 19plus V2 Data File:
* FileName = C:\cruise\data\sbe127.hex
* Software Version Seasave V 7.26.7.121
* Temperature SN = 7037
* Conductivity SN = 7037
* System UpLoad Time = May 06 2024 15:04:35
* NMEA Latitude = 44 05.43 N
* NMEA Longitude = 066 42.51 W
* NMEA UTC (Time) = May 06 2024  15:03:28
** Ship: Bigelow
** Cruise:  HB2402
** Program:  Spring Bottom Trawl
# nquan = 8
# nvalues = 2681                                  
# units = specified
# name 0 = depSM: Depth [salt water, m]
# name 1 = tv290C: Temperature [ITS-90, deg C]
# name 2 = c0S/m: Conductivity [S/m]
# name 3 = sal00: Salinity, Practical [PSU]
# name 4 = scan: Scan Count
# name 5 = timeM: Time, Elapsed [minutes]
# name 6 = sbeox0V: Oxygen raw, SBE 43 [V]
# name 7 = flag:  0.000e+00
# span 0 =     -0.049,    112.872                 
# span 1 =     5.0631,     7.8317                 
# span 2 =  -0.000023,   3.176821                 
# span 3 =     0.0000,    32.2471                 
# span 4 =         11,       2691                 
# span 5 =     0.0417,    11.2083                 
# span 6 =     2.1770,     2.5253                 
# span 7 = 0.0000e+00, 0.0000e+00                 
# interval = seconds: 0.25
# start_time = May 06 2024 15:03:28 [NMEA time, header]
# bad_flag = -9.990e-29
*END*
[from data line 360]
     31.122     5.4815   3.117971    31.8930        371     1.5417     2.4895  0.000e+00
     31.257     5.4819   3.118086    31.8939        372     1.5458     2.4912  0.000e+00
     31.402     5.4825   3.117888    31.8910        373     1.5500     2.4894  0.000e+00
     31.546     5.4822   3.118048    31.8930        374     1.5542     2.4898  0.000e+00
     31.694     5.4822   3.118201    31.8947        375     1.5583     2.4895  0.000e+00
     31.855     5.4828   3.118328    31.8955        376     1.5625     2.4895  0.000e+00
     32.009     5.4836   3.118240    31.8937        377     1.5667     2.4894  0.000e+00
     32.164     5.4842   3.118278    31.8934        378     1.5708     2.4891  0.000e+00
     32.314     5.4844   3.118377    31.8943        379     1.5750     2.4898  0.000e+00
     32.462     5.4849   3.118493    31.8951        380     1.5792     2.4898  0.000e+00
     32.610     5.4856   3.118570    31.8952        381     1.5833     2.4890  0.000e+00
     32.748     5.4864   3.118636    31.8951        382     1.5875     2.4895  0.000e+00
     32.876     5.4871   3.118800    31.8962        383     1.5917     2.4893  0.000e+00
     33.008     5.4882   3.118608    31.8929        384     1.5958     2.4897  0.000e+00
     33.132     5.4884   3.118608    31.8927        385     1.6000     2.4901  0.000e+00
     33.259     5.4884   3.118630    31.8929        386     1.6042     2.4917  0.000e+00
     33.384     5.4884   3.118433    31.8906        387     1.6083     2.4911  0.000e+00
     33.512     5.4878   3.118312    31.8897        388     1.6125     2.4919  0.000e+00
     33.640     5.4868   3.118339    31.8909        389     1.6167     2.4905  0.000e+00
     33.774     5.4860   3.118378    31.8920        390     1.6208     2.4925  0.000e+00
     33.900     5.4858   3.118339    31.8917        391     1.6250     2.4908  0.000e+00
     34.036     5.4854   3.118241    31.8909        392     1.6292     2.4921  0.000e+00
     34.173     5.4848   3.118268    31.8917        393     1.6333     2.4909  0.000e+00
     34.305     5.4843   3.118263    31.8921        394     1.6375     2.4900  0.000e+00
     34.448     5.4839   3.118241    31.8922        395     1.6417     2.4897  0.000e+00
     34.578     5.4836   3.118180    31.8917        396     1.6458     2.4899  0.000e+00
     34.715     5.4833   3.118279    31.8930        397     1.6500     2.4907  0.000e+00
     34.847     5.4834   3.118510    31.8955        398     1.6542     2.4910  0.000e+00
     34.984     5.4841   3.118658    31.8964        399     1.6583     2.4917  0.000e+00
     35.120     5.4853   3.118647    31.8951        400     1.6625     2.4920  0.000e+00
     35.257     5.4862   3.118647    31.8942        401     1.6667     2.4911  0.000e+00
     35.393     5.4869   3.118823    31.8954        402     1.6708     2.4911  0.000e+00
     35.528     5.4876   3.118922    31.8958        403     1.6750     2.4916  0.000e+00
     35.662     5.4884   3.117560    31.8796        404     1.6792     2.4920  0.000e+00
     35.804     5.4853   3.115259    31.8564        405     1.6833     2.4920  0.000e+00
     35.940     5.4750   3.115550    31.8695        406     1.6875     2.4901  0.000e+00
     36.081     5.4660   3.114096    31.8615        407     1.6917     2.4900  0.000e+00
     36.222     5.4570   3.113185    31.8596        408     1.6958     2.4914  0.000e+00
     36.368     5.4460   3.111291    31.8486        409     1.7000     2.4901  0.000e+00
     36.509     5.4328   3.109206    31.8373        410     1.7042     2.4898  0.000e+00
     36.659     5.4160   3.108450    31.8447        411     1.7083     2.4897  0.000e+00
     36.798     5.4014   3.107797    31.8511        412     1.7125     2.4882  0.000e+00
     36.935     5.3890   3.107622    31.8608        413     1.7167     2.4876  0.000e+00
     37.074     5.3803   3.107545    31.8681        414     1.7208     2.4868  0.000e+00
     37.210     5.3743   3.107688    31.8753        415     1.7250     2.4837  0.000e+00
     37.340     5.3709   3.107775    31.8795        416     1.7292     2.4828  0.000e+00
     37.472     5.3692   3.107951    31.8830        417     1.7333     2.4820  0.000e+00
     37.602     5.3686   3.107776    31.8816        418     1.7375     2.4796  0.000e+00
     37.725     5.3677   3.107485    31.8790        419     1.7417     2.4784  0.000e+00
     37.851     5.3660   3.107244    31.8779        420     1.7458     2.4776  0.000e+00
     37.976     5.3641   3.106909    31.8758        421     1.7500     2.4745  0.000e+00
     38.104     5.3613   3.106657    31.8755        422     1.7542     2.4734  0.000e+00
     38.238     5.3584   3.106273    31.8739        423     1.7583     2.4724  0.000e+00
     38.375     5.3551   3.105829    31.8719        424     1.7625     2.4718  0.000e+00
     38.503     5.3513   3.105500    31.8718        425     1.7667     2.4698  0.000e+00
     38.646     5.3474   3.105155    31.8715        426     1.7708     2.4693  0.000e+00
     38.778     5.3432   3.104787    31.8713        427     1.7750     2.4687  0.000e+00
     38.915     5.3392   3.104404    31.8706        428     1.7792     2.4667  0.000e+00
     39.052     5.3351   3.104305    31.8734        429     1.7833     2.4663  0.000e+00
     39.192     5.3318   3.104064    31.8737        430     1.7875     2.4648  0.000e+00
     39.324     5.3286   3.104053    31.8765        431     1.7917     2.4640  0.000e+00
     39.461     5.3264   3.103899    31.8768        432     1.7958     2.4619  0.000e+00
     39.591     5.3245   3.103762    31.8770        433     1.8000     2.4615  0.000e+00
     39.712     5.3225   3.103669    31.8778        434     1.8042     2.4596  0.000e+00
     39.835     5.3211   3.103982    31.8826        435     1.8083     2.4589  0.000e+00
     39.965     5.3210   3.104091    31.8839        436     1.8125     2.4568  0.000e+00
     40.089     5.3219   3.104322    31.8855        437     1.8167     2.4557  0.000e+00
     40.214     5.3234   3.104728    31.8887        438     1.8208     2.4547  0.000e+00
     40.344     5.3258   3.105155    31.8912        439     1.8250     2.4535  0.000e+00
     40.476     5.3290   3.105462    31.8916        440     1.8292     2.4525  0.000e+00
     40.619     5.3322   3.104207    31.8742        441     1.8333     2.4511  0.000e+00
     40.751     5.3310   3.104305    31.8764        442     1.8375     2.4512  0.000e+00
     40.894     5.3280   3.104613    31.8827        443     1.8417     2.4501  0.000e+00
     41.034     5.3271   3.104344    31.8804        444     1.8458     2.4499  0.000e+00
     41.175     5.3257   3.103999    31.8777        445     1.8500     2.4499  0.000e+00
     41.318     5.3226   3.102436    31.8629        446     1.8542     2.4487  0.000e+00
     41.461     5.3152   3.099954    31.8416        447     1.8583     2.4491  0.000e+00
     41.594     5.3012   3.098452    31.8379        448     1.8625     2.4470  0.000e+00
     41.730     5.2841   3.097510    31.8433        449     1.8667     2.4475  0.000e+00
     41.860     5.2686   3.096952    31.8517        450     1.8708     2.4458  0.000e+00
     41.981     5.2557   3.096103    31.8542        451     1.8750     2.4442  0.000e+00
     42.095     5.2445   3.095873    31.8622        452     1.8792     2.4450  0.000e+00
     42.211     5.2353   3.095698    31.8690        453     1.8833     2.4431  0.000e+00
     42.319     5.2287   3.095643    31.8745        454     1.8875     2.4425  0.000e+00
     42.438     5.2242   3.095298    31.8749        455     1.8917     2.4406  0.000e+00
     42.565     5.2197   3.094373    31.8686        456     1.8958     2.4386  0.000e+00
     42.689     5.2123   3.093738    31.8683        457     1.9000     2.4360  0.000e+00
     42.812     5.2029   3.093185    31.8708        458     1.9042     2.4329  0.000e+00
     42.944     5.1928   3.092802    31.8761        459     1.9083     2.4302  0.000e+00
     43.070     5.1835   3.092687    31.8836        460     1.9125     2.4283  0.000e+00
     43.201     5.1767   3.092632    31.8894        461     1.9167     2.4263  0.000e+00
     43.331     5.1719   3.092572    31.8932        462     1.9208     2.4234  0.000e+00
     43.457     5.1685   3.092550    31.8961        463     1.9250     2.4209  0.000e+00
     43.582     5.1660   3.092495    31.8979        464     1.9292     2.4177  0.000e+00
     43.706     5.1642   3.092490    31.8995        465     1.9333     2.4165  0.000e+00
     43.831     5.1627   3.092474    31.9006        466     1.9375     2.4131  0.000e+00
     43.948     5.1617   3.092397    31.9007        467     1.9417     2.4103  0.000e+00
     44.066     5.1605   3.092227    31.8998        468     1.9458     2.4091  0.000e+00
     44.178     5.1586   3.091987    31.8988        469     1.9500     2.4060  0.000e+00
     44.292     5.1559   3.091839    31.8997        470     1.9542     2.4032  0.000e+00
     44.418     5.1529   3.091724    31.9012        471     1.9583     2.4005  0.000e+00
     44.538     5.1500   3.091494    31.9013        472     1.9625     2.3993  0.000e+00
     44.675     5.1468   3.091259    31.9015        473     1.9667     2.3970  0.000e+00
     44.810     5.1435   3.091210    31.9040        474     1.9708     2.3946  0.000e+00
     44.959     5.1410   3.091111    31.9053        475     1.9750     2.3922  0.000e+00
     45.098     5.1388   3.091018    31.9062        476     1.9792     2.3905  0.000e+00
     45.239     5.1369   3.090619    31.9034        477     1.9833     2.3897  0.000e+00
     45.380     5.1336   3.090323    31.9031        478     1.9875     2.3889  0.000e+00
     45.522     5.1287   3.090422    31.9089        479     1.9917     2.3862  0.000e+00
     45.661     5.1236   3.090383    31.9132        480     1.9958     2.3838  0.000e+00
     45.810     5.1192   3.090477    31.9184        481     2.0000     2.3831  0.000e+00
     45.949     5.1148   3.090537    31.9232        482     2.0042     2.3809  0.000e+00
     46.086     5.1113   3.090636    31.9276        483     2.0083     2.3796  0.000e+00
     46.222     5.1081   3.090920    31.9339        484     2.0125     2.3774  0.000e+00
     46.353     5.1039   3.091747    31.9473        485     2.0167     2.3767  0.000e+00
     46.485     5.0997   3.092054    31.9548        486     2.0208     2.3762  0.000e+00
     46.610     5.0960   3.092459    31.9629        487     2.0250     2.3732  0.000e+00
     46.738     5.0924   3.092705    31.9691        488     2.0292     2.3727  0.000e+00
     46.870     5.0894   3.092815    31.9732        489     2.0333     2.3713  0.000e+00
     47.005     5.0874   3.092820    31.9750        490     2.0375     2.3683  0.000e+00
     47.136     5.0861   3.092881    31.9769        491     2.0417     2.3671  0.000e+00
     47.267     5.0851   3.092881    31.9778        492     2.0458     2.3644  0.000e+00
     47.403     5.0847   3.092897    31.9784        493     2.0500     2.3619  0.000e+00
     47.529     5.0840   3.092793    31.9777        494     2.0542     2.3606  0.000e+00
     47.659     5.0834   3.092727    31.9775        495     2.0583     2.3572  0.000e+00
     47.793     5.0831   3.092476    31.9749        496     2.0625     2.3564  0.000e+00
     47.927     5.0827   3.092207    31.9721        497     2.0667     2.3534  0.000e+00
     48.057     5.0823   3.092109    31.9713        498     2.0708     2.3506  0.000e+00
     48.182     5.0817   3.092054    31.9712        499     2.0750     2.3501  0.000e+00
     48.315     5.0814   3.092016    31.9710        500     2.0792     2.3503  0.000e+00
     48.444     5.0813   3.092093    31.9719        501     2.0833     2.3460  0.000e+00
     48.575     5.0809   3.092328    31.9749        502     2.0875     2.3464  0.000e+00
     48.702     5.0810   3.092498    31.9766        503     2.0917     2.3458  0.000e+00
     48.837     5.0813   3.092706    31.9787        504     2.0958     2.3443  0.000e+00
     48.968     5.0816   3.092881    31.9804        505     2.1000     2.3437  0.000e+00
     49.112     5.0819   3.092958    31.9808        506     2.1042     2.3432  0.000e+00
     49.248     5.0822   3.092974    31.9807        507     2.1083     2.3417  0.000e+00
     49.385     5.0823   3.093166    31.9827        508     2.1125     2.3416  0.000e+00
     49.515     5.0825   3.093243    31.9834        509     2.1167     2.3408  0.000e+00
     49.649     5.0825   3.093281    31.9837        510     2.1208     2.3408  0.000e+00
     49.775     5.0824   3.093418    31.9853        511     2.1250     2.3387  0.000e+00
     49.900     5.0826   3.093648    31.9877        512     2.1292     2.3384  0.000e+00
     50.032     5.0830   3.094168    31.9932        513     2.1333     2.3386  0.000e+00
     50.167     5.0840   3.094650    31.9976        514     2.1375     2.3382  0.000e+00
     50.306     5.0852   3.095433    32.0054        515     2.1417     2.3386  0.000e+00
     50.442     5.0876   3.095822    32.0075        516     2.1458     2.3381  0.000e+00
     50.581     5.0902   3.096030    32.0073        517     2.1500     2.3377  0.000e+00
     50.725     5.0922   3.096184    32.0071        518     2.1542     2.3374  0.000e+00
     50.872     5.0938   3.095954    32.0028        519     2.1583     2.3377  0.000e+00
     51.018     5.0947   3.095954    32.0019        520     2.1625     2.3359  0.000e+00
     51.172     5.0952   3.095861    32.0003        521     2.1667     2.3359  0.000e+00
     51.325     5.0951   3.095702    31.9985        522     2.1708     2.3351  0.000e+00
     51.481     5.0948   3.095620    31.9978        523     2.1750     2.3356  0.000e+00
     51.621     5.0944   3.096168    32.0044        524     2.1792     2.3353  0.000e+00
     51.757     5.0949   3.096491    32.0075        525     2.1833     2.3345  0.000e+00
     51.891     5.0961   3.096589    32.0074        526     2.1875     2.3348  0.000e+00
     52.015     5.0970   3.096809    32.0089        527     2.1917     2.3338  0.000e+00
     52.142     5.0980   3.096803    32.0079        528     2.1958     2.3338  0.000e+00
     52.268     5.0987   3.096896    32.0082        529     2.2000     2.3326  0.000e+00
     52.391     5.0993   3.097088    32.0098        530     2.2042     2.3329  0.000e+00
     52.532     5.1000   3.097094    32.0091        531     2.2083     2.3321  0.000e+00
     52.659     5.1005   3.096995    32.0074        532     2.2125     2.3316  0.000e+00
     52.799     5.1007   3.097011    32.0073        533     2.2167     2.3316  0.000e+00
     52.944     5.1011   3.096858    32.0052        534     2.2208     2.3312  0.000e+00
     53.090     5.1011   3.096831    32.0047        535     2.2250     2.3316  0.000e+00
     53.239     5.1014   3.096935    32.0055        536     2.2292     2.3317  0.000e+00
     53.388     5.1020   3.097012    32.0058        537     2.2333     2.3316  0.000e+00
     53.535     5.1026   3.097149    32.0067        538     2.2375     2.3320  0.000e+00
     53.687     5.1034   3.097609    32.0112        539     2.2417     2.3311  0.000e+00
     53.831     5.1045   3.097658    32.0106        540     2.2458     2.3325  0.000e+00
     53.970     5.1056   3.097631    32.0092        541     2.2500     2.3316  0.000e+00
     54.118     5.1059   3.097647    32.0089        542     2.2542     2.3328  0.000e+00
     54.259     5.1059   3.097609    32.0085        543     2.2583     2.3320  0.000e+00
     54.404     5.1058   3.097921    32.0120        544     2.2625     2.3317  0.000e+00
     54.543     5.1063   3.098223    32.0149        545     2.2667     2.3323  0.000e+00
     54.680     5.1072   3.098781    32.0204        546     2.2708     2.3320  0.000e+00
     54.819     5.1087   3.099088    32.0224        547     2.2750     2.3320  0.000e+00
     54.964     5.1104   3.099477    32.0252        548     2.2792     2.3321  0.000e+00
     55.101     5.1120   3.099708    32.0262        549     2.2833     2.3328  0.000e+00
