HB2402/sbe140.cnv
* Sea-Bird SBE 19plus Data File:
* FileName = C:\cruise\data\sbe140.hex
* Software Version Seasave V 7.26.7.121
* Temperature SN = 4684
* Conductivity SN = 4684
* System UpLoad Time = May 12 2024 23:27:39
* NMEA Latitude = 40 27.06 N
* NMEA Longitude = 071 23.76 W
* NMEA UTC (Time) = May 12 2024  23:25:39
** Ship: Bigelow
** Cruise:  HB2402
** Program:  Springl Bottom Trawl
# nquan = 7
# nvalues = 1663                                  
# units = specified
# name 0 = depSM: Depth [salt water, m]
# name 1 = tv290C: Temperature [ITS-90, deg C]
# name 2 = c0S/m: Conductivity [S/m]
# name 3 = sal00: Salinity, Practical [PSU]
# name 4 = scan: Scan Count
# name 5 = timeM: Time, Elapsed [minutes]
# name 6 = flag:  0.000e+00
# span 0 =     -0.104,     67.129                 
# span 1 =     6.3127,    14.8496                 
# span 2 =  -0.125655,   3.628985                 
# span 3 =     0.0000,    32.3622                 
# span 4 =         11,       1673                 
# span 5 =     0.0417,     6.9667                 
# span 6 = 0.0000e+00, 0.0000e+00                 
# interval = seconds: 0.25
# start_time = May 12 2024 23:25:39 [NMEA time, header]
# bad_flag = -9.990e-29
*END*
[from data line 821]
     41.144     6.3516   3.207419    32.0667        832     3.4625  0.000e+00
     41.028     6.3524   3.207467    32.0666        833     3.4667  0.000e+00
     40.912     6.3530   3.207509    32.0665        834     3.4708  0.000e+00
     40.797     6.3538   3.207582    32.0666        835     3.4750  0.000e+00
     40.675     6.3545   3.207606    32.0662        836     3.4792  0.000e+00
     40.556     6.3551   3.207720    32.0670        837     3.4833  0.000e+00
     40.443     6.3558   3.207654    32.0656        838     3.4875  0.000e+00
     40.327     6.3565   3.208395    32.0733        839     3.4917  0.000e+00
     40.209     6.3594   3.209275    32.0804        840     3.4958  0.000e+00
     40.099     6.3659   3.209835    32.0804        841     3.5000  0.000e+00
     39.983     6.3727   3.210137    32.0775        842     3.5042  0.000e+00
     39.880     6.3779   3.210504    32.0767        843     3.5083  0.000e+00
     39.776     6.3821   3.210902    32.0772        844     3.5125  0.000e+00
     39.678     6.3864   3.211089    32.0753        845     3.5167  0.000e+00
     39.596     6.3898   3.211179    32.0731        846     3.5208  0.000e+00
     39.508     6.3923   3.211643    32.0759        847     3.5250  0.000e+00
     39.438     6.3952   3.211879    32.0758        848     3.5292  0.000e+00
     39.380     6.3983   3.212180    32.0763        849     3.5333  0.000e+00
     39.313     6.4012   3.212457    32.0766        850     3.5375  0.000e+00
     39.252     6.4043   3.212644    32.0759        851     3.5417  0.000e+00
     39.200     6.4066   3.212783    32.0753        852     3.5458  0.000e+00
     39.154     6.4087   3.212855    32.0741        853     3.5500  0.000e+00
     39.103     6.4104   3.213132    32.0756        854     3.5542  0.000e+00
     39.060     6.4123   3.213362    32.0764        855     3.5583  0.000e+00
     39.008     6.4146   3.213458    32.0752        856     3.5625  0.000e+00
     38.969     6.4164   3.213874    32.0782        857     3.5667  0.000e+00
     38.917     6.4188   3.214459    32.0825        858     3.5708  0.000e+00
     38.889     6.4236   3.215086    32.0849        859     3.5750  0.000e+00
     38.837     6.4293   3.215551    32.0846        860     3.5792  0.000e+00
     38.789     6.4346   3.216202    32.0869        861     3.5833  0.000e+00
     38.743     6.4406   3.216920    32.0892        862     3.5875  0.000e+00
     38.697     6.4473   3.218084    32.0958        863     3.5917  0.000e+00
     38.639     6.4565   3.219231    32.0998        864     3.5958  0.000e+00
     38.585     6.4679   3.220419    32.1022        865     3.6000  0.000e+00
     38.521     6.4800   3.221397    32.1017        866     3.6042  0.000e+00
     38.444     6.4909   3.222562    32.1043        867     3.6083  0.000e+00
     38.365     6.5026   3.224711    32.1171        868     3.6125  0.000e+00
     38.283     6.5198   3.227018    32.1264        869     3.6167  0.000e+00
     38.195     6.5410   3.228703    32.1251        870     3.6208  0.000e+00
     38.094     6.5618   3.229942    32.1192        871     3.6250  0.000e+00
     37.987     6.5788   3.231506    32.1205        872     3.6292  0.000e+00
     37.884     6.5950   3.232328    32.1144        873     3.6333  0.000e+00
     37.774     6.6093   3.233313    32.1119        874     3.6375  0.000e+00
     37.677     6.6207   3.234129    32.1102        875     3.6417  0.000e+00
     37.570     6.6309   3.235139    32.1118        876     3.6458  0.000e+00
     37.476     6.6411   3.236100    32.1128        877     3.6500  0.000e+00
     37.381     6.6519   3.237527    32.1185        878     3.6542  0.000e+00
     37.299     6.6647   3.239196    32.1248        879     3.6583  0.000e+00
     37.220     6.6802   3.239898    32.1180        880     3.6625  0.000e+00
     37.153     6.6949   3.240932    32.1156        881     3.6667  0.000e+00
     37.070     6.7064   3.241494    32.1110        882     3.6708  0.000e+00
     37.019     6.7152   3.241942    32.1078        883     3.6750  0.000e+00
     36.964     6.7221   3.242172    32.1038        884     3.6792  0.000e+00
     36.894     6.7269   3.242341    32.1012        885     3.6833  0.000e+00
     36.851     6.7301   3.242595    32.1010        886     3.6875  0.000e+00
     36.796     6.7331   3.243067    32.1035        887     3.6917  0.000e+00
     36.747     6.7371   3.243939    32.1093        888     3.6958  0.000e+00
     36.714     6.7437   3.244853    32.1131        889     3.7000  0.000e+00
     36.668     6.7521   3.245537    32.1127        890     3.7042  0.000e+00
     36.632     6.7603   3.245912    32.1092        891     3.7083  0.000e+00
     36.589     6.7670   3.246099    32.1050        892     3.7125  0.000e+00
     36.549     6.7712   3.246214    32.1024        893     3.7167  0.000e+00
     36.513     6.7738   3.246547    32.1036        894     3.7208  0.000e+00
     36.461     6.7767   3.247062    32.1065        895     3.7250  0.000e+00
     36.412     6.7807   3.247419    32.1068        896     3.7292  0.000e+00
     36.367     6.7850   3.247722    32.1060        897     3.7333  0.000e+00
     36.315     6.7890   3.248073    32.1062        898     3.7375  0.000e+00
     36.266     6.7930   3.248357    32.1056        899     3.7417  0.000e+00
     36.220     6.7966   3.248642    32.1054        900     3.7458  0.000e+00
     36.175     6.8000   3.248896    32.1050        901     3.7500  0.000e+00
     36.132     6.8035   3.249108    32.1040        902     3.7542  0.000e+00
     36.086     6.8067   3.249278    32.1029        903     3.7583  0.000e+00
     36.056     6.8091   3.249441    32.1025        904     3.7625  0.000e+00
     36.016     6.8111   3.249490    32.1012        905     3.7667  0.000e+00
     36.007     6.8127   3.249532    32.1001        906     3.7708  0.000e+00
     36.007     6.8135   3.249532    32.0994        907     3.7750  0.000e+00
     36.032     6.8141   3.249581    32.0994        908     3.7792  0.000e+00
     36.053     6.8145   3.249556    32.0987        909     3.7833  0.000e+00
     36.086     6.8147   3.249556    32.0985        910     3.7875  0.000e+00
     36.111     6.8146   3.249508    32.0980        911     3.7917  0.000e+00
     36.147     6.8143   3.249441    32.0976        912     3.7958  0.000e+00
     36.160     6.8137   3.249393    32.0976        913     3.8000  0.000e+00
     36.181     6.8129   3.249296    32.0973        914     3.8042  0.000e+00
     36.187     6.8121   3.249278    32.0978        915     3.8083  0.000e+00
     36.178     6.8114   3.249278    32.0985        916     3.8125  0.000e+00
     36.163     6.8110   3.249344    32.0996        917     3.8167  0.000e+00
     36.141     6.8112   3.249465    32.1007        918     3.8208  0.000e+00
     36.105     6.8117   3.249532    32.1011        919     3.8250  0.000e+00
     36.050     6.8126   3.249702    32.1021        920     3.8292  0.000e+00
     35.989     6.8140   3.250313    32.1075        921     3.8333  0.000e+00
     35.901     6.8176   3.251301    32.1149        922     3.8375  0.000e+00
     35.828     6.8250   3.252246    32.1184        923     3.8417  0.000e+00
     35.736     6.8344   3.253185    32.1199        924     3.8458  0.000e+00
     35.648     6.8446   3.254130    32.1208        925     3.8500  0.000e+00
     35.562     6.8560   3.255335    32.1234        926     3.8542  0.000e+00
     35.483     6.8689   3.255875    32.1172        927     3.8583  0.000e+00
     35.425     6.8810   3.255075    32.0972        928     3.8625  0.000e+00
     35.361     6.8878   3.254790    32.0878        929     3.8667  0.000e+00
     35.310     6.8904   3.255002    32.0877        930     3.8708  0.000e+00
     35.270     6.8932   3.255311    32.0885        931     3.8750  0.000e+00
     35.239     6.8975   3.255802    32.0898        932     3.8792  0.000e+00
     35.215     6.9028   3.256299    32.0904        933     3.8833  0.000e+00
     35.197     6.9085   3.256674    32.0891        934     3.8875  0.000e+00
     35.188     6.9141   3.257105    32.0886        935     3.8917  0.000e+00
     35.179     6.9190   3.257341    32.0866        936     3.8958  0.000e+00
     35.163     6.9230   3.257553    32.0852        937     3.9000  0.000e+00
     35.151     6.9264   3.257692    32.0835        938     3.9042  0.000e+00
     35.142     6.9286   3.257929    32.0841        939     3.9083  0.000e+00
     35.130     6.9308   3.258190    32.0848        940     3.9125  0.000e+00
     35.124     6.9334   3.258517    32.0860        941     3.9167  0.000e+00
     35.096     6.9365   3.258711    32.0852        942     3.9208  0.000e+00
     35.081     6.9391   3.258068    32.0758        943     3.9250  0.000e+00
     35.048     6.9420   3.259111    32.0845        944     3.9292  0.000e+00
     35.020     6.9444   3.259226    32.0835        945     3.9333  0.000e+00
     34.978     6.9470   3.259275    32.0816        946     3.9375  0.000e+00
     34.932     6.9491   3.259275    32.0797        947     3.9417  0.000e+00
     34.886     6.9509   3.259560    32.0812        948     3.9458  0.000e+00
     34.837     6.9542   3.260196    32.0851        949     3.9500  0.000e+00
     34.780     6.9609   3.260505    32.0822        950     3.9542  0.000e+00
     34.716     6.9691   3.260669    32.0764        951     3.9583  0.000e+00
     34.649     6.9755   3.260244    32.0658        952     3.9625  0.000e+00
     34.581     6.9794   3.260081    32.0604        953     3.9667  0.000e+00
     34.508     6.9810   3.259959    32.0577        954     3.9708  0.000e+00
     34.441     6.9810   3.259438    32.0520        955     3.9750  0.000e+00
     34.368     6.9796   3.259013    32.0488        956     3.9792  0.000e+00
     34.295     6.9776   3.258825    32.0485        957     3.9833  0.000e+00
     34.210     6.9756   3.258401    32.0458        958     3.9875  0.000e+00
     34.143     6.9737   3.257977    32.0430        959     3.9917  0.000e+00
     34.073     6.9718   3.257813    32.0430        960     3.9958  0.000e+00
     34.009     6.9705   3.257552    32.0414        961     4.0000  0.000e+00
     33.945     6.9693   3.257382    32.0408        962     4.0042  0.000e+00
     33.884     6.9683   3.257292    32.0407        963     4.0083  0.000e+00
     33.832     6.9680   3.257455    32.0428        964     4.0125  0.000e+00
     33.783     6.9686   3.257643    32.0443        965     4.0167  0.000e+00
     33.728     6.9703   3.257880    32.0453        966     4.0208  0.000e+00
     33.683     6.9730   3.258328    32.0478        967     4.0250  0.000e+00
     33.634     6.9770   3.258728    32.0484        968     4.0292  0.000e+00
     33.597     6.9816   3.259037    32.0474        969     4.0333  0.000e+00
     33.561     6.9862   3.259274    32.0458        970     4.0375  0.000e+00
     33.518     6.9899   3.259650    32.0465        971     4.0417  0.000e+00
     33.479     6.9938   3.259795    32.0444        972     4.0458  0.000e+00
     33.442     6.9977   3.260007    32.0431        973     4.0500  0.000e+00
     33.399     7.0006   3.260031    32.0408        974     4.0542  0.000e+00
     33.381     7.0024   3.260122    32.0401        975     4.0583  0.000e+00
     33.360     7.0038   3.260292    32.0406        976     4.0625  0.000e+00
     33.329     7.0054   3.260407    32.0403        977     4.0667  0.000e+00
     33.311     7.0074   3.260571    32.0403        978     4.0708  0.000e+00
     33.299     7.0092   3.260692    32.0399        979     4.0750  0.000e+00
     33.284     7.0111   3.260765    32.0390        980     4.0792  0.000e+00
     33.271     7.0124   3.260765    32.0378        981     4.0833  0.000e+00
     33.265     7.0133   3.260741    32.0367        982     4.0875  0.000e+00
     33.244     7.0135   3.260789    32.0371        983     4.0917  0.000e+00
     33.226     7.0137   3.260880    32.0379        984     4.0958  0.000e+00
     33.207     7.0142   3.260977    32.0384        985     4.1000  0.000e+00
     33.192     7.0152   3.261068    32.0385        986     4.1042  0.000e+00
     33.156     7.0166   3.261117    32.0378        987     4.1083  0.000e+00
     33.125     7.0175   3.261214    32.0380        988     4.1125  0.000e+00
     33.086     7.0185   3.261450    32.0397        989     4.1167  0.000e+00
     33.034     7.0203   3.261778    32.0416        990     4.1208  0.000e+00
     32.979     7.0238   3.262014    32.0410        991     4.1250  0.000e+00
     32.921     7.0272   3.262184    32.0396        992     4.1292  0.000e+00
     32.860     7.0303   3.262275    32.0378        993     4.1333  0.000e+00
     32.799     7.0326   3.262323    32.0362        994     4.1375  0.000e+00
     32.735     7.0341   3.262348    32.0351        995     4.1417  0.000e+00
     32.656     7.0350   3.262396    32.0348        996     4.1458  0.000e+00
     32.571     7.0356   3.262439    32.0347        997     4.1500  0.000e+00
     32.498     7.0364   3.262487    32.0346        998     4.1542  0.000e+00
     32.431     7.0370   3.262536    32.0346        999     4.1583  0.000e+00
     32.354     7.0377   3.262584    32.0345       1000     4.1625  0.000e+00
     32.284     7.0385   3.262608    32.0340       1001     4.1667  0.000e+00
     32.205     7.0391   3.262724    32.0348       1002     4.1708  0.000e+00
     32.129     7.0399   3.262796    32.0349       1003     4.1750  0.000e+00
     32.050     7.0408   3.262869    32.0349       1004     4.1792  0.000e+00
     31.968     7.0419   3.262936    32.0346       1005     4.1833  0.000e+00
     31.894     7.0429   3.263008    32.0345       1006     4.1875  0.000e+00
     31.818     7.0438   3.263245    32.0362       1007     4.1917  0.000e+00
     31.742     7.0456   3.263342    32.0357       1008     4.1958  0.000e+00
     31.672     7.0475   3.263433    32.0349       1009     4.2000  0.000e+00
     31.608     7.0493   3.263603    32.0351       1010     4.2042  0.000e+00
     31.538     7.0508   3.263621    32.0340       1011     4.2083  0.000e+00
     31.486     7.0522   3.263718    32.0337       1012     4.2125  0.000e+00
     31.437     7.0533   3.263742    32.0330       1013     4.2167  0.000e+00
     31.392     7.0540   3.263718    32.0321       1014     4.2208  0.000e+00
     31.355     7.0543   3.263766    32.0324       1015     4.2250  0.000e+00
     31.328     7.0544   3.263669    32.0313       1016     4.2292  0.000e+00
     31.303     7.0542   3.263694    32.0317       1017     4.2333  0.000e+00
     31.285     7.0540   3.263791    32.0330       1018     4.2375  0.000e+00
     31.267     7.0545   3.263839    32.0330       1019     4.2417  0.000e+00
     31.248     7.0550   3.263864    32.0329       1020     4.2458  0.000e+00
     31.236     7.0555   3.263864    32.0324       1021     4.2500  0.000e+00
     31.212     7.0557   3.263906    32.0326       1022     4.2542  0.000e+00
     31.200     7.0563   3.263906    32.0321       1023     4.2583  0.000e+00
     31.181     7.0566   3.263979    32.0326       1024     4.2625  0.000e+00
     31.148     7.0571   3.264076    32.0332       1025     4.2667  0.000e+00
     31.124     7.0579   3.264143    32.0332       1026     4.2708  0.000e+00
     31.075     7.0588   3.264191    32.0329       1027     4.2750  0.000e+00
     31.020     7.0596   3.264240    32.0328       1028     4.2792  0.000e+00
     30.956     7.0604   3.264379    32.0335       1029     4.2833  0.000e+00
     30.889     7.0615   3.264500    32.0339       1030     4.2875  0.000e+00
     30.807     7.0629   3.264573    32.0334       1031     4.2917  0.000e+00
     30.734     7.0643   3.264640    32.0329       1032     4.2958  0.000e+00
     30.645     7.0655   3.265089    32.0366       1033     4.3000  0.000e+00
     30.551     7.0682   3.265447    32.0381       1034     4.3042  0.000e+00
     30.456     7.0723   3.265544    32.0354       1035     4.3083  0.000e+00
