HB2402/sbe102.cnv
* Sea-Bird SBE 19plus V2 Data File:
* FileName = C:\cruise\data\sbe102.hex
* Software Version Seasave V 7.26.7.121
* Temperature SN = 7037
* Conductivity SN = 7037
* System UpLoad Time = Apr 28 2024 12:27:06
* NMEA Latitude = 41 51.09 N
* NMEA Longitude = 066 43.89 W
* NMEA UTC (Time) = Apr 28 2024  12:25:50
** Ship: Bigelow
** Cruise:  HB2402
** Program:  Spring Bottom Trawl
# nquan = 8
# nvalues = 1645                                  
# units = specified
# name 0 = depSM: Depth [salt water, m]
# name 1 = tv290C: Temperature [ITS-90, deg C]
# name 2 = c0S/m: Conductivity [S/m]
# name 3 = sal00: Salinity, Practical [PSU]
# name 4 = scan: Scan Count
# name 5 = timeM: Time, Elapsed [minutes]
# name 6 = sbeox0V: Oxygen raw, SBE 43 [V]
# name 7 = flag:  0.000e+00
# span 0 =      0.047,     60.166                 
# span 1 =     6.1520,    10.5297                 
# span 2 =   0.000001,   3.271058                 
# span 3 =     0.0054,    32.0786                 
# span 4 =         11,       1655                 
# span 5 =     0.0417,     6.8917                 
# span 6 =     2.2486,     2.4459                 
# span 7 = 0.0000e+00, 0.0000e+00                 
# interval = seconds: 0.25
# start_time = Apr 28 2024 12:25:50 [NMEA time, header]
# bad_flag = -9.990e-29
*END*
[from data line 1259]
     17.148     6.1558   3.181263    31.9723       1270     5.2875     2.3648  0.000e+00
     17.078     6.1560   3.181285    31.9724       1271     5.2917     2.3646  0.000e+00
     17.000     6.1561   3.181263    31.9721       1272     5.2958     2.3662  0.000e+00
     16.930     6.1561   3.181185    31.9712       1273     5.3000     2.3652  0.000e+00
     16.865     6.1560   3.181185    31.9714       1274     5.3042     2.3652  0.000e+00
     16.800     6.1557   3.181163    31.9714       1275     5.3083     2.3658  0.000e+00
     16.735     6.1556   3.181208    31.9721       1276     5.3125     2.3655  0.000e+00
     16.682     6.1555   3.181185    31.9719       1277     5.3167     2.3652  0.000e+00
     16.628     6.1555   3.181147    31.9715       1278     5.3208     2.3658  0.000e+00
     16.586     6.1553   3.181125    31.9715       1279     5.3250     2.3658  0.000e+00
     16.554     6.1550   3.181125    31.9718       1280     5.3292     2.3663  0.000e+00
     16.525     6.1551   3.181163    31.9722       1281     5.3333     2.3675  0.000e+00
     16.510     6.1551   3.181163    31.9721       1282     5.3375     2.3664  0.000e+00
     16.507     6.1553   3.181163    31.9720       1283     5.3417     2.3670  0.000e+00
     16.501     6.1553   3.181185    31.9722       1284     5.3458     2.3670  0.000e+00
     16.503     6.1555   3.181185    31.9720       1285     5.3500     2.3671  0.000e+00
     16.519     6.1555   3.181246    31.9727       1286     5.3542     2.3663  0.000e+00
     16.535     6.1558   3.181263    31.9726       1287     5.3583     2.3647  0.000e+00
     16.552     6.1560   3.181208    31.9718       1288     5.3625     2.3655  0.000e+00
     16.562     6.1560   3.181163    31.9713       1289     5.3667     2.3665  0.000e+00
     16.571     6.1559   3.181163    31.9714       1290     5.3708     2.3655  0.000e+00
     16.571     6.1558   3.181163    31.9715       1291     5.3750     2.3660  0.000e+00
     16.562     6.1555   3.181185    31.9720       1292     5.3792     2.3652  0.000e+00
     16.544     6.1557   3.181163    31.9716       1293     5.3833     2.3652  0.000e+00
     16.514     6.1555   3.181147    31.9716       1294     5.3875     2.3649  0.000e+00
     16.465     6.1554   3.181163    31.9719       1295     5.3917     2.3659  0.000e+00
     16.420     6.1554   3.181163    31.9719       1296     5.3958     2.3673  0.000e+00
     16.351     6.1553   3.181163    31.9720       1297     5.4000     2.3649  0.000e+00
     16.275     6.1554   3.181147    31.9718       1298     5.4042     2.3653  0.000e+00
     16.187     6.1554   3.181185    31.9722       1299     5.4083     2.3663  0.000e+00
     16.085     6.1555   3.181124    31.9716       1300     5.4125     2.3662  0.000e+00
     15.986     6.1555   3.181086    31.9711       1301     5.4167     2.3660  0.000e+00
     15.885     6.1553   3.181108    31.9717       1302     5.4208     2.3654  0.000e+00
     15.769     6.1550   3.181086    31.9718       1303     5.4250     2.3653  0.000e+00
     15.657     6.1548   3.181108    31.9722       1304     5.4292     2.3664  0.000e+00
     15.543     6.1550   3.181108    31.9721       1305     5.4333     2.3650  0.000e+00
     15.428     6.1553   3.181108    31.9719       1306     5.4375     2.3665  0.000e+00
     15.319     6.1553   3.181108    31.9719       1307     5.4417     2.3658  0.000e+00
     15.225     6.1554   3.181085    31.9716       1308     5.4458     2.3652  0.000e+00
     15.133     6.1554   3.181107    31.9719       1309     5.4500     2.3656  0.000e+00
     15.046     6.1555   3.181085    31.9716       1310     5.4542     2.3650  0.000e+00
     14.981     6.1554   3.181107    31.9720       1311     5.4583     2.3642  0.000e+00
     14.920     6.1554   3.181107    31.9720       1312     5.4625     2.3653  0.000e+00
     14.862     6.1555   3.181107    31.9720       1313     5.4667     2.3650  0.000e+00
     14.822     6.1555   3.181085    31.9717       1314     5.4708     2.3642  0.000e+00
     14.793     6.1554   3.181085    31.9718       1315     5.4750     2.3643  0.000e+00
     14.775     6.1554   3.181085    31.9719       1316     5.4792     2.3649  0.000e+00
     14.761     6.1554   3.181085    31.9718       1317     5.4833     2.3647  0.000e+00
     14.761     6.1554   3.181085    31.9719       1318     5.4875     2.3654  0.000e+00
     14.761     6.1553   3.181063    31.9717       1319     5.4917     2.3655  0.000e+00
     14.772     6.1554   3.181085    31.9718       1320     5.4958     2.3643  0.000e+00
     14.786     6.1554   3.181085    31.9718       1321     5.5000     2.3647  0.000e+00
     14.812     6.1553   3.181107    31.9722       1322     5.5042     2.3658  0.000e+00
     14.833     6.1555   3.181146    31.9724       1323     5.5083     2.3652  0.000e+00
     14.857     6.1557   3.181124    31.9719       1324     5.5125     2.3647  0.000e+00
     14.871     6.1556   3.181124    31.9720       1325     5.5167     2.3655  0.000e+00
     14.878     6.1555   3.181107    31.9720       1326     5.5208     2.3655  0.000e+00
     14.874     6.1556   3.181107    31.9718       1327     5.5250     2.3645  0.000e+00
     14.858     6.1556   3.181107    31.9719       1328     5.5292     2.3654  0.000e+00
     14.836     6.1557   3.181107    31.9718       1329     5.5333     2.3671  0.000e+00
     14.791     6.1554   3.181163    31.9727       1330     5.5375     2.3666  0.000e+00
     14.735     6.1554   3.181146    31.9725       1331     5.5417     2.3681  0.000e+00
     14.663     6.1555   3.181107    31.9720       1332     5.5458     2.3662  0.000e+00
     14.580     6.1554   3.181107    31.9722       1333     5.5500     2.3674  0.000e+00
     14.491     6.1553   3.181246    31.9739       1334     5.5542     2.3665  0.000e+00
     14.392     6.1555   3.181401    31.9754       1335     5.5583     2.3658  0.000e+00
     14.292     6.1564   3.181423    31.9749       1336     5.5625     2.3670  0.000e+00
     14.189     6.1571   3.181461    31.9747       1337     5.5667     2.3672  0.000e+00
     14.094     6.1578   3.181500    31.9745       1338     5.5708     2.3650  0.000e+00
     13.994     6.1584   3.181445    31.9734       1339     5.5750     2.3662  0.000e+00
     13.911     6.1587   3.181384    31.9725       1340     5.5792     2.3666  0.000e+00
     13.826     6.1587   3.181483    31.9736       1341     5.5833     2.3658  0.000e+00
     13.745     6.1589   3.181483    31.9735       1342     5.5875     2.3662  0.000e+00
     13.674     6.1591   3.181483    31.9733       1343     5.5917     2.3658  0.000e+00
     13.608     6.1593   3.181262    31.9707       1344     5.5958     2.3661  0.000e+00
     13.546     6.1589   3.181262    31.9711       1345     5.6000     2.3669  0.000e+00
     13.487     6.1583   3.181345    31.9726       1346     5.6042     2.3672  0.000e+00
     13.427     6.1581   3.181323    31.9726       1347     5.6083     2.3674  0.000e+00
     13.378     6.1581   3.181362    31.9730       1348     5.6125     2.3682  0.000e+00
     13.327     6.1582   3.181301    31.9723       1349     5.6167     2.3674  0.000e+00
     13.282     6.1581   3.181284    31.9722       1350     5.6208     2.3666  0.000e+00
     13.239     6.1579   3.181245    31.9720       1351     5.6250     2.3661  0.000e+00
     13.199     6.1576   3.181245    31.9723       1352     5.6292     2.3668  0.000e+00
     13.161     6.1574   3.181284    31.9729       1353     5.6333     2.3661  0.000e+00
     13.114     6.1575   3.181245    31.9725       1354     5.6375     2.3659  0.000e+00
     13.074     6.1574   3.181284    31.9730       1355     5.6417     2.3662  0.000e+00
     13.036     6.1575   3.181284    31.9729       1356     5.6458     2.3646  0.000e+00
     13.004     6.1577   3.181301    31.9729       1357     5.6500     2.3667  0.000e+00
     12.964     6.1578   3.181301    31.9728       1358     5.6542     2.3666  0.000e+00
     12.935     6.1578   3.181300    31.9728       1359     5.6583     2.3647  0.000e+00
     12.912     6.1580   3.181262    31.9723       1360     5.6625     2.3636  0.000e+00
     12.879     6.1578   3.181223    31.9720       1361     5.6667     2.3645  0.000e+00
     12.846     6.1577   3.181223    31.9721       1362     5.6708     2.3646  0.000e+00
     12.816     6.1574   3.181223    31.9725       1363     5.6750     2.3652  0.000e+00
     12.779     6.1574   3.181184    31.9720       1364     5.6792     2.3649  0.000e+00
     12.736     6.1571   3.181085    31.9712       1365     5.6833     2.3648  0.000e+00
     12.695     6.1568   3.180968    31.9702       1366     5.6875     2.3637  0.000e+00
     12.646     6.1563   3.180924    31.9702       1367     5.6917     2.3635  0.000e+00
     12.604     6.1555   3.180924    31.9710       1368     5.6958     2.3643  0.000e+00
     12.550     6.1550   3.180907    31.9713       1369     5.7000     2.3639  0.000e+00
     12.503     6.1546   3.180924    31.9719       1370     5.7042     2.3642  0.000e+00
     12.458     6.1545   3.180946    31.9723       1371     5.7083     2.3642  0.000e+00
     12.400     6.1544   3.180924    31.9722       1372     5.7125     2.3642  0.000e+00
     12.350     6.1544   3.180907    31.9720       1373     5.7167     2.3651  0.000e+00
     12.301     6.1543   3.180885    31.9718       1374     5.7208     2.3648  0.000e+00
     12.248     6.1541   3.180985    31.9732       1375     5.7250     2.3650  0.000e+00
     12.192     6.1544   3.181024    31.9734       1376     5.7292     2.3652  0.000e+00
     12.134     6.1548   3.181522    31.9785       1377     5.7333     2.3647  0.000e+00
     12.078     6.1568   3.181522    31.9767       1378     5.7375     2.3644  0.000e+00
     12.015     6.1588   3.181062    31.9697       1379     5.7417     2.3643  0.000e+00
     11.954     6.1586   3.180968    31.9689       1380     5.7458     2.3652  0.000e+00
     11.885     6.1575   3.180946    31.9697       1381     5.7500     2.3642  0.000e+00
     11.824     6.1564   3.180907    31.9704       1382     5.7542     2.3638  0.000e+00
     11.753     6.1555   3.180907    31.9712       1383     5.7583     2.3646  0.000e+00
     11.690     6.1551   3.180946    31.9721       1384     5.7625     2.3637  0.000e+00
     11.623     6.1549   3.180885    31.9716       1385     5.7667     2.3642  0.000e+00
     11.561     6.1545   3.180846    31.9715       1386     5.7708     2.3649  0.000e+00
     11.504     6.1541   3.180824    31.9717       1387     5.7750     2.3645  0.000e+00
     11.446     6.1537   3.180824    31.9722       1388     5.7792     2.3646  0.000e+00
     11.390     6.1535   3.180824    31.9724       1389     5.7833     2.3656  0.000e+00
     11.343     6.1534   3.180807    31.9723       1390     5.7875     2.3652  0.000e+00
     11.302     6.1532   3.180968    31.9743       1391     5.7917     2.3656  0.000e+00
     11.262     6.1537   3.181206    31.9765       1392     5.7958     2.3665  0.000e+00
     11.222     6.1552   3.181521    31.9786       1393     5.8000     2.3663  0.000e+00
     11.186     6.1573   3.181062    31.9715       1394     5.8042     2.3658  0.000e+00
     11.162     6.1575   3.181084    31.9716       1395     5.8083     2.3658  0.000e+00
     11.135     6.1574   3.181820    31.9799       1396     5.8125     2.3643  0.000e+00
     11.112     6.1594   3.181538    31.9749       1397     5.8167     2.3640  0.000e+00
     11.083     6.1610   3.181698    31.9751       1398     5.8208     2.3639  0.000e+00
     11.056     6.1621   3.182097    31.9786       1399     5.8250     2.3649  0.000e+00
     11.029     6.1646   3.182634    31.9823       1400     5.8292     2.3645  0.000e+00
     10.993     6.1682   3.182811    31.9808       1401     5.8333     2.3642  0.000e+00
     10.955     6.1720   3.182711    31.9762       1402     5.8375     2.3646  0.000e+00
     10.908     6.1741   3.182828    31.9754       1403     5.8417     2.3639  0.000e+00
     10.855     6.1754   3.182590    31.9716       1404     5.8458     2.3636  0.000e+00
     10.790     6.1758   3.182490    31.9701       1405     5.8500     2.3647  0.000e+00
     10.714     6.1753   3.182711    31.9731       1406     5.8542     2.3647  0.000e+00
     10.640     6.1755   3.182711    31.9730       1407     5.8583     2.3656  0.000e+00
     10.557     6.1761   3.182434    31.9694       1408     5.8625     2.3642  0.000e+00
     10.474     6.1757   3.181798    31.9627       1409     5.8667     2.3643  0.000e+00
     10.387     6.1731   3.181698    31.9641       1410     5.8708     2.3652  0.000e+00
     10.307     6.1702   3.181582    31.9656       1411     5.8750     2.3660  0.000e+00
     10.237     6.1682   3.181161    31.9628       1412     5.8792     2.3649  0.000e+00
     10.175     6.1653   3.181161    31.9656       1413     5.8833     2.3646  0.000e+00
     10.130     6.1628   3.181560    31.9724       1414     5.8875     2.3655  0.000e+00
     10.083     6.1623   3.180768    31.9641       1415     5.8917     2.3650  0.000e+00
     10.052     6.1600   3.180746    31.9660       1416     5.8958     2.3649  0.000e+00
     10.029     6.1574   3.180729    31.9683       1417     5.9000     2.3649  0.000e+00
     10.023     6.1557   3.180824    31.9710       1418     5.9042     2.3647  0.000e+00
     10.014     6.1549   3.180824    31.9717       1419     5.9083     2.3649  0.000e+00
     10.009     6.1546   3.180923    31.9731       1420     5.9125     2.3649  0.000e+00
     10.016     6.1547   3.180984    31.9736       1421     5.9167     2.3646  0.000e+00
     10.023     6.1554   3.181183    31.9753       1422     5.9208     2.3656  0.000e+00
     10.029     6.1565   3.181344    31.9760       1423     5.9250     2.3647  0.000e+00
     10.031     6.1580   3.180984    31.9706       1424     5.9292     2.3646  0.000e+00
     10.022     6.1578   3.181222    31.9734       1425     5.9333     2.3646  0.000e+00
     10.016     6.1580   3.181006    31.9708       1426     5.9375     2.3640  0.000e+00
      9.998     6.1577   3.180846    31.9693       1427     5.9417     2.3642  0.000e+00
      9.964     6.1568   3.180768    31.9693       1428     5.9458     2.3644  0.000e+00
      9.924     6.1558   3.180868    31.9714       1429     5.9500     2.3647  0.000e+00
      9.871     6.1552   3.180785    31.9711       1430     5.9542     2.3651  0.000e+00
      9.801     6.1548   3.180746    31.9710       1431     5.9583     2.3638  0.000e+00
      9.714     6.1541   3.180746    31.9717       1432     5.9625     2.3635  0.000e+00
      9.628     6.1539   3.180746    31.9720       1433     5.9667     2.3653  0.000e+00
      9.528     6.1538   3.180846    31.9732       1434     5.9708     2.3644  0.000e+00
      9.416     6.1540   3.180923    31.9739       1435     5.9750     2.3651  0.000e+00
      9.306     6.1546   3.181084    31.9752       1436     5.9792     2.3648  0.000e+00
      9.185     6.1555   3.181283    31.9767       1437     5.9833     2.3650  0.000e+00
      9.085     6.1569   3.181183    31.9742       1438     5.9875     2.3639  0.000e+00
      8.988     6.1581   3.181244    31.9739       1439     5.9917     2.3646  0.000e+00
      8.896     6.1588   3.181122    31.9719       1440     5.9958     2.3652  0.000e+00
      8.822     6.1589   3.181045    31.9709       1441     6.0000     2.3644  0.000e+00
      8.753     6.1587   3.181045    31.9712       1442     6.0042     2.3648  0.000e+00
      8.701     6.1584   3.181161    31.9728       1443     6.0083     2.3646  0.000e+00
      8.654     6.1583   3.181105    31.9723       1444     6.0125     2.3653  0.000e+00
      8.625     6.1585   3.181061    31.9716       1445     6.0167     2.3655  0.000e+00
      8.612     6.1584   3.181045    31.9716       1446     6.0208     2.3656  0.000e+00
      8.603     6.1581   3.181061    31.9720       1447     6.0250     2.3656  0.000e+00
      8.601     6.1579   3.181022    31.9717       1448     6.0292     2.3653  0.000e+00
