HB2402/sbe115.cnv
* Sea-Bird SBE 19plus V2 Data File:
* FileName = C:\cruise\data\sbe115.hex
* Software Version Seasave V 7.26.7.121
* Temperature SN = 7037
* Conductivity SN = 7037
* System UpLoad Time = May 03 2024 00:26:23
* NMEA Latitude = 42 06.96 N
* NMEA Longitude = 068 46.63 W
* NMEA UTC (Time) = May 03 2024  00:25:12
** Ship: Bigelow
** Cruise:  HB2402
** Program:  Spring Bottom Trawl
# nquan = 8
# nvalues = 3708                                  
# units = specified
# name 0 = depSM: Depth [salt water, m]
# name 1 = tv290C: Temperature [ITS-90, deg C]
# name 2 = c0S/m: Conductivity [S/m]
# name 3 = sal00: Salinity, Practical [PSU]
# name 4 = scan: Scan Count
# name 5 = timeM: Time, Elapsed [minutes]
# name 6 = sbeox0V: Oxygen raw, SBE 43 [V]
# name 7 = flag:  0.000e+00
# span 0 =     -0.044,    162.594                 
# span 1 =     5.0833,     7.9686                 
# span 2 =   0.000015,   3.409253                 
# span 3 =     0.0039,    33.1820                 
# span 4 =         11,       3718                 
# span 5 =     0.0417,    15.4875                 
# span 6 =     1.6743,     2.6811                 
# span 7 = 0.0000e+00, 0.0000e+00                 
# interval = seconds: 0.25
# start_time = May 03 2024 00:25:12 [NMEA time, header]
# bad_flag = -9.990e-29
*END*
[from data line 2158]
     86.850     5.3976   3.123768    32.0111       2169     9.0333     2.1819  0.000e+00
     86.832     5.3971   3.123746    32.0114       2170     9.0375     2.1804  0.000e+00
     86.819     5.3967   3.123708    32.0113       2171     9.0417     2.1814  0.000e+00
     86.803     5.3964   3.123691    32.0115       2172     9.0458     2.1819  0.000e+00
     86.790     5.3962   3.123653    32.0112       2173     9.0500     2.1824  0.000e+00
     86.761     5.3959   3.123592    32.0109       2174     9.0542     2.1828  0.000e+00
     86.731     5.3956   3.123554    32.0107       2175     9.0583     2.1821  0.000e+00
     86.691     5.3954   3.123543    32.0108       2176     9.0625     2.1833  0.000e+00
     86.640     5.3950   3.123323    32.0087       2177     9.0667     2.1837  0.000e+00
     86.575     5.3944   3.123285    32.0089       2178     9.0708     2.1831  0.000e+00
     86.505     5.3938   3.123263    32.0092       2179     9.0750     2.1837  0.000e+00
     86.421     5.3935   3.123241    32.0093       2180     9.0792     2.1841  0.000e+00
     86.340     5.3931   3.123202    32.0093       2181     9.0833     2.1843  0.000e+00
     86.250     5.3928   3.123125    32.0088       2182     9.0875     2.1843  0.000e+00
     86.154     5.3925   3.123010    32.0078       2183     9.0917     2.1845  0.000e+00
     86.058     5.3920   3.122504    32.0026       2184     9.0958     2.1838  0.000e+00
     85.984     5.3907   3.122389    32.0025       2185     9.1000     2.1842  0.000e+00
     85.899     5.3894   3.122213    32.0019       2186     9.1042     2.1843  0.000e+00
     85.832     5.3881   3.122037    32.0011       2187     9.1083     2.1847  0.000e+00
     85.770     5.3868   3.122465    32.0072       2188     9.1125     2.1839  0.000e+00
     85.720     5.3869   3.122317    32.0055       2189     9.1167     2.1855  0.000e+00
     85.677     5.3870   3.122328    32.0055       2190     9.1208     2.1853  0.000e+00
     85.631     5.3870   3.122290    32.0052       2191     9.1250     2.1857  0.000e+00
     85.590     5.3868   3.122427    32.0069       2192     9.1292     2.1854  0.000e+00
     85.544     5.3870   3.122367    32.0060       2193     9.1333     2.1864  0.000e+00
     85.492     5.3871   3.122290    32.0051       2194     9.1375     2.1860  0.000e+00
     85.431     5.3870   3.122482    32.0074       2195     9.1417     2.1869  0.000e+00
     85.360     5.3870   3.122273    32.0050       2196     9.1458     2.1859  0.000e+00
     85.282     5.3868   3.122097    32.0033       2197     9.1500     2.1858  0.000e+00
     85.201     5.3863   3.121592    31.9980       2198     9.1542     2.1862  0.000e+00
     85.113     5.3850   3.121399    31.9972       2199     9.1583     2.1862  0.000e+00
     85.018     5.3836   3.121361    31.9981       2200     9.1625     2.1858  0.000e+00
     84.928     5.3826   3.121789    32.0040       2201     9.1667     2.1869  0.000e+00
     84.829     5.3825   3.121630    32.0023       2202     9.1708     2.1869  0.000e+00
     84.729     5.3826   3.122119    32.0078       2203     9.1750     2.1885  0.000e+00
     84.635     5.3834   3.121690    32.0022       2204     9.1792     2.1879  0.000e+00
     84.548     5.3833   3.121416    31.9993       2205     9.1833     2.1879  0.000e+00
     84.464     5.3827   3.120894    31.9939       2206     9.1875     2.1881  0.000e+00
     84.370     5.3813   3.120971    31.9962       2207     9.1917     2.1895  0.000e+00
     84.286     5.3803   3.120756    31.9948       2208     9.1958     2.1892  0.000e+00
     84.196     5.3792   3.120547    31.9935       2209     9.2000     2.1892  0.000e+00
     84.106     5.3781   3.120503    31.9941       2210     9.2042     2.1901  0.000e+00
     84.006     5.3773   3.120449    31.9943       2211     9.2083     2.1901  0.000e+00
     83.903     5.3765   3.120256    31.9929       2212     9.2125     2.1901  0.000e+00
     83.787     5.3757   3.120218    31.9933       2213     9.2167     2.1899  0.000e+00
     83.668     5.3751   3.120157    31.9933       2214     9.2208     2.1906  0.000e+00
     83.545     5.3745   3.119965    31.9916       2215     9.2250     2.1912  0.000e+00
     83.413     5.3740   3.119498    31.9870       2216     9.2292     2.1921  0.000e+00
     83.285     5.3725   3.119207    31.9851       2217     9.2333     2.1921  0.000e+00
     83.155     5.3708   3.119344    31.9883       2218     9.2375     2.1921  0.000e+00
     83.034     5.3699   3.118833    31.9835       2219     9.2417     2.1924  0.000e+00
     82.918     5.3685   3.118432    31.9803       2220     9.2458     2.1931  0.000e+00
     82.815     5.3665   3.118103    31.9786       2221     9.2500     2.1938  0.000e+00
     82.723     5.3644   3.117965    31.9791       2222     9.2542     2.1940  0.000e+00
     82.642     5.3626   3.117812    31.9790       2223     9.2583     2.1940  0.000e+00
     82.557     5.3610   3.117658    31.9789       2224     9.2625     2.1947  0.000e+00
     82.483     5.3597   3.117246    31.9755       2225     9.2667     2.1935  0.000e+00
     82.416     5.3579   3.116977    31.9741       2226     9.2708     2.1955  0.000e+00
     82.340     5.3561   3.116708    31.9728       2227     9.2750     2.1947  0.000e+00
     82.266     5.3545   3.116378    31.9706       2228     9.2792     2.1973  0.000e+00
     82.183     5.3526   3.115950    31.9677       2229     9.2833     2.1970  0.000e+00
     82.096     5.3504   3.115071    31.9599       2230     9.2875     2.1979  0.000e+00
     82.002     5.3474   3.114907    31.9609       2231     9.2917     2.1979  0.000e+00
     81.903     5.3444   3.113858    31.9519       2232     9.2958     2.1991  0.000e+00
     81.796     5.3404   3.111520    31.9292       2233     9.3000     2.2001  0.000e+00
     81.677     5.3329   3.110686    31.9269       2234     9.3042     2.2002  0.000e+00
     81.568     5.3245   3.110340    31.9310       2235     9.3083     2.2004  0.000e+00
     81.460     5.3188   3.110077    31.9335       2236     9.3125     2.2015  0.000e+00
     81.348     5.3145   3.110302    31.9403       2237     9.3167     2.2024  0.000e+00
     81.232     5.3118   3.109550    31.9343       2238     9.3208     2.2032  0.000e+00
     81.136     5.3091   3.110439    31.9471       2239     9.3250     2.2063  0.000e+00
     81.048     5.3083   3.110071    31.9437       2240     9.3292     2.2065  0.000e+00
     80.963     5.3081   3.108513    31.9262       2241     9.3333     2.2077  0.000e+00
     80.885     5.3051   3.108486    31.9288       2242     9.3375     2.2095  0.000e+00
     80.805     5.3017   3.108892    31.9367       2243     9.3417     2.2107  0.000e+00
     80.731     5.3001   3.108272    31.9312       2244     9.3458     2.2125  0.000e+00
     80.648     5.2988   3.108447    31.9345       2245     9.3500     2.2150  0.000e+00
     80.563     5.2975   3.108634    31.9379       2246     9.3542     2.2160  0.000e+00
     80.466     5.2972   3.108639    31.9383       2247     9.3583     2.2176  0.000e+00
     80.371     5.2973   3.106961    31.9192       2248     9.3625     2.2207  0.000e+00
     80.259     5.2944   3.106188    31.9132       2249     9.3667     2.2166  0.000e+00
     80.136     5.2896   3.105957    31.9152       2250     9.3708     2.2198  0.000e+00
     80.008     5.2857   3.105310    31.9116       2251     9.3750     2.2215  0.000e+00
     79.872     5.2822   3.104570    31.9066       2252     9.3792     2.2228  0.000e+00
     79.739     5.2779   3.104203    31.9066       2253     9.3833     2.2244  0.000e+00
     79.601     5.2740   3.102892    31.8955       2254     9.3875     2.2247  0.000e+00
     79.461     5.2691   3.102596    31.8968       2255     9.3917     2.2254  0.000e+00
     79.327     5.2646   3.102448    31.8995       2256     9.3958     2.2268  0.000e+00
     79.200     5.2610   3.102158    31.8997       2257     9.4000     2.2283  0.000e+00
     79.081     5.2586   3.102043    31.9008       2258     9.4042     2.2301  0.000e+00
     78.967     5.2564   3.102081    31.9034       2259     9.4083     2.2315  0.000e+00
     78.880     5.2551   3.102212    31.9061       2260     9.4125     2.2331  0.000e+00
     78.790     5.2546   3.101736    31.9012       2261     9.4167     2.2350  0.000e+00
     78.718     5.2535   3.101637    31.9012       2262     9.4208     2.2363  0.000e+00
     78.660     5.2522   3.100870    31.8937       2263     9.4250     2.2378  0.000e+00
     78.602     5.2501   3.100311    31.8894       2264     9.4292     2.2396  0.000e+00
     78.564     5.2469   3.100404    31.8935       2265     9.4333     2.2405  0.000e+00
     78.525     5.2448   3.099905    31.8898       2266     9.4375     2.2415  0.000e+00
     78.490     5.2427   3.100387    31.8974       2267     9.4417     2.2423  0.000e+00
     78.454     5.2415   3.098037    31.8718       2268     9.4458     2.2434  0.000e+00
     78.416     5.2371   3.097078    31.8651       2269     9.4500     2.2438  0.000e+00
     78.369     5.2309   3.098228    31.8841       2270     9.4542     2.2451  0.000e+00
     78.313     5.2279   3.095232    31.8529       2271     9.4583     2.2452  0.000e+00
     78.259     5.2215   3.094827    31.8544       2272     9.4625     2.2457  0.000e+00
     78.185     5.2143   3.094739    31.8603       2273     9.4667     2.2470  0.000e+00
     78.107     5.2094   3.094926    31.8671       2274     9.4708     2.2483  0.000e+00
     78.013     5.2068   3.094926    31.8696       2275     9.4750     2.2490  0.000e+00
     77.921     5.2054   3.094383    31.8648       2276     9.4792     2.2497  0.000e+00
     77.821     5.2033   3.093688    31.8590       2277     9.4833     2.2501  0.000e+00
     77.704     5.1996   3.093195    31.8569       2278     9.4875     2.2518  0.000e+00
     77.588     5.1958   3.093195    31.8606       2279     9.4917     2.2522  0.000e+00
     77.465     5.1928   3.092774    31.8587       2280     9.4958     2.2533  0.000e+00
     77.339     5.1901   3.092763    31.8612       2281     9.5000     2.2538  0.000e+00
     77.212     5.1879   3.091832    31.8528       2282     9.5042     2.2542  0.000e+00
     77.084     5.1849   3.091794    31.8553       2283     9.5083     2.2555  0.000e+00
     76.957     5.1820   3.091810    31.8583       2284     9.5125     2.2558  0.000e+00
     76.845     5.1802   3.091733    31.8592       2285     9.5167     2.2557  0.000e+00
     76.729     5.1789   3.091613    31.8591       2286     9.5208     2.2567  0.000e+00
     76.621     5.1780   3.091564    31.8595       2287     9.5250     2.2567  0.000e+00
     76.514     5.1772   3.091273    31.8570       2288     9.5292     2.2579  0.000e+00
     76.415     5.1762   3.091197    31.8571       2289     9.5333     2.2589  0.000e+00
     76.319     5.1749   3.090967    31.8557       2290     9.5375     2.2580  0.000e+00
     76.232     5.1737   3.090737    31.8543       2291     9.5417     2.2583  0.000e+00
     76.144     5.1721   3.090239    31.8502       2292     9.5458     2.2576  0.000e+00
     76.061     5.1699   3.090124    31.8510       2293     9.5500     2.2586  0.000e+00
     75.985     5.1678   3.089921    31.8507       2294     9.5542     2.2583  0.000e+00
     75.922     5.1662   3.089894    31.8520       2295     9.5583     2.2585  0.000e+00
     75.858     5.1650   3.089894    31.8532       2296     9.5625     2.2590  0.000e+00
     75.795     5.1642   3.089856    31.8536       2297     9.5667     2.2578  0.000e+00
     75.732     5.1636   3.089817    31.8537       2298     9.5708     2.2576  0.000e+00
     75.678     5.1633   3.089856    31.8545       2299     9.5750     2.2587  0.000e+00
     75.616     5.1630   3.089872    31.8549       2300     9.5792     2.2589  0.000e+00
     75.557     5.1628   3.089680    31.8530       2301     9.5833     2.2582  0.000e+00
     75.495     5.1624   3.089281    31.8488       2302     9.5875     2.2589  0.000e+00
     75.426     5.1610   3.089549    31.8532       2303     9.5917     2.2578  0.000e+00
     75.345     5.1605   3.089281    31.8507       2304     9.5958     2.2586  0.000e+00
     75.264     5.1600   3.089013    31.8482       2305     9.6000     2.2587  0.000e+00
     75.168     5.1588   3.088783    31.8467       2306     9.6042     2.2583  0.000e+00
     75.070     5.1575   3.088400    31.8437       2307     9.6083     2.2584  0.000e+00
     74.964     5.1558   3.088285    31.8441       2308     9.6125     2.2580  0.000e+00
     74.855     5.1541   3.088170    31.8444       2309     9.6167     2.2580  0.000e+00
     74.738     5.1528   3.088088    31.8447       2310     9.6208     2.2575  0.000e+00
     74.617     5.1518   3.087880    31.8434       2311     9.6250     2.2571  0.000e+00
     74.501     5.1509   3.087880    31.8443       2312     9.6292     2.2571  0.000e+00
     74.375     5.1501   3.087803    31.8443       2313     9.6333     2.2570  0.000e+00
     74.257     5.1494   3.087650    31.8432       2314     9.6375     2.2570  0.000e+00
     74.136     5.1488   3.087650    31.8439       2315     9.6417     2.2566  0.000e+00
     74.026     5.1483   3.087590    31.8437       2316     9.6458     2.2580  0.000e+00
     73.914     5.1478   3.087562    31.8439       2317     9.6500     2.2569  0.000e+00
     73.818     5.1475   3.087437    31.8428       2318     9.6542     2.2577  0.000e+00
     73.731     5.1471   3.087458    31.8435       2319     9.6583     2.2578  0.000e+00
     73.648     5.1468   3.087475    31.8440       2320     9.6625     2.2586  0.000e+00
     73.587     5.1467   3.087404    31.8434       2321     9.6667     2.2585  0.000e+00
     73.518     5.1465   3.087420    31.8437       2322     9.6708     2.2596  0.000e+00
     73.471     5.1463   3.087398    31.8437       2323     9.6750     2.2594  0.000e+00
     73.424     5.1462   3.087343    31.8432       2324     9.6792     2.2599  0.000e+00
     73.382     5.1460   3.087343    31.8434       2325     9.6833     2.2602  0.000e+00
     73.337     5.1459   3.087398    31.8441       2326     9.6875     2.2595  0.000e+00
     73.288     5.1458   3.087321    31.8434       2327     9.6917     2.2596  0.000e+00
     73.230     5.1458   3.087283    31.8430       2328     9.6958     2.2602  0.000e+00
     73.174     5.1458   3.087283    31.8430       2329     9.7000     2.2606  0.000e+00
     73.102     5.1455   3.087152    31.8418       2330     9.7042     2.2613  0.000e+00
     73.026     5.1453   3.087075    31.8412       2331     9.7083     2.2605  0.000e+00
     72.939     5.1449   3.087015    31.8410       2332     9.7125     2.2601  0.000e+00
     72.845     5.1443   3.086922    31.8404       2333     9.7167     2.2602  0.000e+00
     72.744     5.1438   3.086862    31.8403       2334     9.7208     2.2615  0.000e+00
     72.639     5.1434   3.086709    31.8390       2335     9.7250     2.2619  0.000e+00
     72.535     5.1429   3.086637    31.8388       2336     9.7292     2.2629  0.000e+00
     72.432     5.1422   3.086616    31.8392       2337     9.7333     2.2621  0.000e+00
     72.330     5.1417   3.086517    31.8386       2338     9.7375     2.2630  0.000e+00
     72.222     5.1412   3.086309    31.8368       2339     9.7417     2.2612  0.000e+00
     72.121     5.1404   3.086178    31.8361       2340     9.7458     2.2627  0.000e+00
     72.014     5.1396   3.086156    31.8366       2341     9.7500     2.2621  0.000e+00
     71.918     5.1388   3.085811    31.8335       2342     9.7542     2.2638  0.000e+00
     71.815     5.1378   3.085696    31.8332       2343     9.7583     2.2632  0.000e+00
     71.721     5.1364   3.085570    31.8332       2344     9.7625     2.2634  0.000e+00
     71.620     5.1354   3.085581    31.8342       2345     9.7667     2.2635  0.000e+00
     71.524     5.1346   3.085543    31.8346       2346     9.7708     2.2627  0.000e+00
     71.427     5.1341   3.085466    31.8343       2347     9.7750     2.2628  0.000e+00
