HB2402/sbe138.cnv
* Sea-Bird SBE 19plus Data File:
* FileName = C:\cruise\data\sbe138.hex
* Software Version Seasave V 7.26.7.121
* Temperature SN = 4684
* Conductivity SN = 4684
* System UpLoad Time = May 11 2024 16:00:38
* NMEA Latitude = 42 23.64 N
* NMEA Longitude = 069 20.98 W
* NMEA UTC (Time) = May 11 2024  15:59:36
** Ship: Bigelow
** Cruise:  HB2402
** Program:  Springl Bottom Trawl
# nquan = 7
# nvalues = 4363                                  
# units = specified
# name 0 = depSM: Depth [salt water, m]
# name 1 = tv290C: Temperature [ITS-90, deg C]
# name 2 = c0S/m: Conductivity [S/m]
# name 3 = sal00: Salinity, Practical [PSU]
# name 4 = scan: Scan Count
# name 5 = timeM: Time, Elapsed [minutes]
# name 6 = flag:  0.000e+00
# span 0 =     -0.146,    199.770                 
# span 1 =     4.8248,    10.3077                 
# span 2 =   0.000323,   3.559573                 
# span 3 =     0.0062,    34.1972                 
# span 4 =         11,       4373                 
# span 5 =     0.0417,    18.2167                 
# span 6 = 0.0000e+00, 0.0000e+00                 
# interval = seconds: 0.25
# start_time = May 11 2024 15:59:36 [NMEA time, header]
# bad_flag = -9.990e-29
*END*
[from data line 2462]
    115.555     6.2335   3.254937    32.6704       2473    10.3000  0.000e+00
    115.491     6.2313   3.254349    32.6660       2474    10.3042  0.000e+00
    115.439     6.2280   3.253573    32.6606       2475    10.3083  0.000e+00
    115.385     6.2227   3.253901    32.6693       2476    10.3125  0.000e+00
    115.345     6.2204   3.253876    32.6713       2477    10.3167  0.000e+00
    115.306     6.2200   3.253428    32.6667       2478    10.3208  0.000e+00
    115.260     6.2183   3.253501    32.6691       2479    10.3250  0.000e+00
    115.199     6.2170   3.253361    32.6688       2480    10.3292  0.000e+00
    115.129     6.2160   3.252840    32.6641       2481    10.3333  0.000e+00
    115.041     6.2135   3.252089    32.6581       2482    10.3375  0.000e+00
    114.946     6.2092   3.249327    32.6316       2483    10.3417  0.000e+00
    114.843     6.1981   3.248649    32.6347       2484    10.3458  0.000e+00
    114.718     6.1878   3.247468    32.6316       2485    10.3500  0.000e+00
    114.597     6.1789   3.246179    32.6258       2486    10.3542  0.000e+00
    114.478     6.1691   3.240230    32.5689       2487    10.3583  0.000e+00
    114.362     6.1472   3.238681    32.5727       2488    10.3625  0.000e+00
    114.253     6.1249   3.238518    32.5924       2489    10.3667  0.000e+00
    114.149     6.1124   3.238240    32.6013       2490    10.3708  0.000e+00
    114.058     6.1057   3.238028    32.6055       2491    10.3750  0.000e+00
    113.967     6.1018   3.237907    32.6078       2492    10.3792  0.000e+00
    113.888     6.0994   3.237508    32.6058       2493    10.3833  0.000e+00
    113.818     6.0971   3.236879    32.6010       2494    10.3875  0.000e+00
    113.748     6.0936   3.236643    32.6018       2495    10.3917  0.000e+00
    113.672     6.0904   3.235918    32.5968       2496    10.3958  0.000e+00
    113.605     6.0865   3.235029    32.5906       2497    10.4000  0.000e+00
    113.541     6.0806   3.234394    32.5892       2498    10.4042  0.000e+00
    113.480     6.0746   3.234159    32.5924       2499    10.4083  0.000e+00
    113.419     6.0704   3.233880    32.5933       2500    10.4125  0.000e+00
    113.358     6.0670   3.233173    32.5887       2501    10.4167  0.000e+00
    113.294     6.0629   3.232780    32.5883       2502    10.4208  0.000e+00
    113.236     6.0585   3.231680    32.5802       2503    10.4250  0.000e+00
    113.160     6.0526   3.231143    32.5800       2504    10.4292  0.000e+00
    113.081     6.0467   3.230883    32.5828       2505    10.4333  0.000e+00
    112.984     6.0422   3.230792    32.5861       2506    10.4375  0.000e+00
    112.896     6.0396   3.230581    32.5863       2507    10.4417  0.000e+00
    112.786     6.0377   3.230133    32.5832       2508    10.4458  0.000e+00
    112.683     6.0350   3.228822    32.5711       2509    10.4500  0.000e+00
    112.573     6.0288   3.227517    32.5626       2510    10.4542  0.000e+00
    112.460     6.0194   3.224739    32.5406       2511    10.4583  0.000e+00
    112.348     6.0036   3.219560    32.4979       2512    10.4625  0.000e+00
    112.241     5.9757   3.216465    32.4901       2513    10.4667  0.000e+00
    112.141     5.9463   3.216133    32.5147       2514    10.4708  0.000e+00
    112.053     5.9289   3.217044    32.5416       2515    10.4750  0.000e+00
    111.971     5.9244   3.216972    32.5451       2516    10.4792  0.000e+00
    111.898     5.9245   3.216882    32.5441       2517    10.4833  0.000e+00
    111.840     5.9241   3.216809    32.5437       2518    10.4875  0.000e+00
    111.782     5.9241   3.217394    32.5503       2519    10.4917  0.000e+00
    111.745     5.9261   3.217418    32.5486       2520    10.4958  0.000e+00
    111.715     5.9281   3.217418    32.5467       2521    10.5000  0.000e+00
    111.697     5.9290   3.217509    32.5468       2522    10.5042  0.000e+00
    111.678     5.9299   3.217509    32.5460       2523    10.5083  0.000e+00
    111.642     5.9306   3.217509    32.5454       2524    10.5125  0.000e+00
    111.605     5.9310   3.217624    32.5463       2525    10.5167  0.000e+00
    111.551     5.9316   3.217720    32.5468       2526    10.5208  0.000e+00
    111.478     5.9325   3.217696    32.5457       2527    10.5250  0.000e+00
    111.386     5.9331   3.217696    32.5452       2528    10.5292  0.000e+00
    111.286     5.9336   3.217859    32.5465       2529    10.5333  0.000e+00
    111.158     5.9349   3.217907    32.5460       2530    10.5375  0.000e+00
    111.036     5.9366   3.215832    32.5211       2531    10.5417  0.000e+00
    110.906     5.9330   3.214601    32.5108       2532    10.5458  0.000e+00
    110.772     5.9254   3.213648    32.5075       2533    10.5500  0.000e+00
    110.650     5.9178   3.213371    32.5118       2534    10.5542  0.000e+00
    110.522     5.9131   3.213371    32.5163       2535    10.5583  0.000e+00
    110.416     5.9108   3.213437    32.5194       2536    10.5625  0.000e+00
    110.315     5.9101   3.213437    32.5201       2537    10.5667  0.000e+00
    110.218     5.9101   3.213389    32.5196       2538    10.5708  0.000e+00
    110.136     5.9104   3.213389    32.5193       2539    10.5750  0.000e+00
    110.066     5.9103   3.213371    32.5192       2540    10.5792  0.000e+00
    109.996     5.9101   3.213437    32.5202       2541    10.5833  0.000e+00
    109.926     5.9103   3.213461    32.5203       2542    10.5875  0.000e+00
    109.880     5.9108   3.213509    32.5204       2543    10.5917  0.000e+00
    109.816     5.9110   3.213485    32.5200       2544    10.5958  0.000e+00
    109.768     5.9114   3.213600    32.5209       2545    10.6000  0.000e+00
    109.701     5.9119   3.213624    32.5207       2546    10.6042  0.000e+00
    109.631     5.9125   3.214553    32.5306       2547    10.6083  0.000e+00
    109.551     5.9167   3.215017    32.5318       2548    10.6125  0.000e+00
    109.488     5.9228   3.215391    32.5301       2549    10.6167  0.000e+00
    109.408     5.9280   3.216440    32.5370       2550    10.6208  0.000e+00
    109.317     5.9348   3.216742    32.5339       2551    10.6250  0.000e+00
    109.244     5.9411   3.217182    32.5328       2552    10.6292  0.000e+00
    109.168     5.9459   3.217182    32.5282       2553    10.6333  0.000e+00
    109.092     5.9491   3.217369    32.5273       2554    10.6375  0.000e+00
    109.010     5.9511   3.217623    32.5282       2555    10.6417  0.000e+00
    108.940     5.9537   3.218648    32.5372       2556    10.6458  0.000e+00
    108.867     5.9594   3.216277    32.5052       2557    10.6500  0.000e+00
    108.797     5.9581   3.214576    32.4875       2558    10.6542  0.000e+00
    108.712     5.9472   3.212972    32.4801       2559    10.6583  0.000e+00
    108.642     5.9365   3.212556    32.4856       2560    10.6625  0.000e+00
    108.547     5.9288   3.212574    32.4933       2561    10.6667  0.000e+00
    108.459     5.9254   3.212900    32.5003       2562    10.6708  0.000e+00
    108.356     5.9259   3.213249    32.5038       2563    10.6750  0.000e+00
    108.255     5.9284   3.213412    32.5032       2564    10.6792  0.000e+00
    108.152     5.9314   3.213370    32.4999       2565    10.6833  0.000e+00
    108.048     5.9333   3.212670    32.4903       2566    10.6875  0.000e+00
    107.942     5.9321   3.211760    32.4813       2567    10.6917  0.000e+00
    107.838     5.9284   3.211091    32.4774       2568    10.6958  0.000e+00
    107.753     5.9236   3.210693    32.4776       2569    10.7000  0.000e+00
    107.668     5.9195   3.210391    32.4782       2570    10.7042  0.000e+00
    107.586     5.9163   3.210325    32.4806       2571    10.7083  0.000e+00
    107.519     5.9144   3.210391    32.4832       2572    10.7125  0.000e+00
    107.449     5.9140   3.210391    32.4836       2573    10.7167  0.000e+00
    107.391     5.9143   3.210391    32.4833       2574    10.7208  0.000e+00
    107.327     5.9145   3.210229    32.4813       2575    10.7250  0.000e+00
    107.281     5.9143   3.209740    32.4760       2576    10.7292  0.000e+00
    107.218     5.9128   3.208860    32.4677       2577    10.7333  0.000e+00
    107.169     5.9089   3.208420    32.4665       2578    10.7375  0.000e+00
    107.096     5.9045   3.207516    32.4606       2579    10.7417  0.000e+00
    107.026     5.8989   3.205962    32.4486       2580    10.7458  0.000e+00
    106.953     5.8905   3.204757    32.4432       2581    10.7500  0.000e+00
    106.880     5.8809   3.203528    32.4387       2582    10.7542  0.000e+00
    106.810     5.8715   3.203203    32.4441       2583    10.7583  0.000e+00
    106.725     5.8644   3.202667    32.4449       2584    10.7625  0.000e+00
    106.642     5.8589   3.201559    32.4378       2585    10.7667  0.000e+00
    106.551     5.8517   3.200885    32.4371       2586    10.7708  0.000e+00
    106.463     5.8446   3.199223    32.4254       2587    10.7750  0.000e+00
    106.378     5.8348   3.198826    32.4303       2588    10.7792  0.000e+00
    106.280     5.8268   3.198760    32.4373       2589    10.7833  0.000e+00
    106.180     5.8220   3.197718    32.4302       2590    10.7875  0.000e+00
    106.082     5.8168   3.197207    32.4296       2591    10.7917  0.000e+00
    105.973     5.8111   3.196954    32.4322       2592    10.7958  0.000e+00
    105.857     5.8072   3.196310    32.4288       2593    10.8000  0.000e+00
    105.751     5.8027   3.196262    32.4327       2594    10.8042  0.000e+00
    105.660     5.7997   3.195871    32.4312       2595    10.8083  0.000e+00
    105.562     5.7970   3.195660    32.4314       2596    10.8125  0.000e+00
    105.486     5.7945   3.195407    32.4310       2597    10.8167  0.000e+00
    105.410     5.7922   3.195173    32.4307       2598    10.8208  0.000e+00
    105.349     5.7900   3.195082    32.4318       2599    10.8250  0.000e+00
    105.285     5.7885   3.194920    32.4315       2600    10.8292  0.000e+00
    105.227     5.7872   3.194854    32.4320       2601    10.8333  0.000e+00
    105.179     5.7861   3.194854    32.4331       2602    10.8375  0.000e+00
    105.118     5.7859   3.194854    32.4333       2603    10.8417  0.000e+00
    105.063     5.7860   3.194715    32.4316       2604    10.8458  0.000e+00
    104.993     5.7859   3.194456    32.4288       2605    10.8500  0.000e+00
    104.914     5.7851   3.193927    32.4237       2606    10.8542  0.000e+00
    104.835     5.7828   3.193259    32.4184       2607    10.8583  0.000e+00
    104.747     5.7788   3.192610    32.4151       2608    10.8625  0.000e+00
    104.649     5.7737   3.192014    32.4133       2609    10.8667  0.000e+00
    104.558     5.7686   3.191298    32.4102       2610    10.8708  0.000e+00
    104.482     5.7631   3.190679    32.4085       2611    10.8750  0.000e+00
    104.409     5.7575   3.190168    32.4082       2612    10.8792  0.000e+00
    104.327     5.7523   3.189566    32.4064       2613    10.8833  0.000e+00
    104.254     5.7472   3.188713    32.4017       2614    10.8875  0.000e+00
    104.181     5.7417   3.188346    32.4030       2615    10.8917  0.000e+00
    104.123     5.7369   3.188021    32.4040       2616    10.8958  0.000e+00
    104.056     5.7332   3.187769    32.4047       2617    10.9000  0.000e+00
    104.007     5.7303   3.187588    32.4054       2618    10.9042  0.000e+00
    103.949     5.7284   3.187540    32.4068       2619    10.9083  0.000e+00
    103.885     5.7272   3.187354    32.4059       2620    10.9125  0.000e+00
    103.818     5.7260   3.186849    32.4014       2621    10.9167  0.000e+00
    103.739     5.7243   3.186639    32.4007       2622    10.9208  0.000e+00
    103.672     5.7224   3.186687    32.4030       2623    10.9250  0.000e+00
    103.599     5.7220   3.186897    32.4058       2624    10.9292  0.000e+00
    103.514     5.7236   3.187125    32.4069       2625    10.9333  0.000e+00
    103.408     5.7267   3.187101    32.4038       2626    10.9375  0.000e+00
    103.329     5.7293   3.186777    32.3976       2627    10.9417  0.000e+00
    103.240     5.7314   3.186849    32.3964       2628    10.9458  0.000e+00
    103.152     5.7344   3.186963    32.3949       2629    10.9500  0.000e+00
    103.052     5.7373   3.186572    32.3878       2630    10.9542  0.000e+00
    102.973     5.7379   3.185971    32.3804       2631    10.9583  0.000e+00
    102.878     5.7360   3.185857    32.3810       2632    10.9625  0.000e+00
    102.805     5.7345   3.185538    32.3789       2633    10.9667  0.000e+00
    102.729     5.7341   3.185490    32.3788       2634    10.9708  0.000e+00
    102.653     5.7343   3.185490    32.3786       2635    10.9750  0.000e+00
    102.574     5.7348   3.185442    32.3777       2636    10.9792  0.000e+00
    102.495     5.7351   3.185352    32.3764       2637    10.9833  0.000e+00
    102.413     5.7350   3.185166    32.3745       2638    10.9875  0.000e+00
    102.340     5.7343   3.185003    32.3734       2639    10.9917  0.000e+00
    102.257     5.7331   3.184913    32.3735       2640    10.9958  0.000e+00
    102.184     5.7321   3.184823    32.3735       2641    11.0000  0.000e+00
    102.105     5.7313   3.184751    32.3735       2642    11.0042  0.000e+00
    102.035     5.7309   3.184709    32.3734       2643    11.0083  0.000e+00
    101.953     5.7308   3.184727    32.3737       2644    11.0125  0.000e+00
    101.886     5.7309   3.184709    32.3735       2645    11.0167  0.000e+00
    101.810     5.7311   3.184709    32.3734       2646    11.0208  0.000e+00
    101.728     5.7312   3.184775    32.3740       2647    11.0250  0.000e+00
    101.661     5.7319   3.184709    32.3726       2648    11.0292  0.000e+00
    101.582     5.7321   3.184709    32.3724       2649    11.0333  0.000e+00
    101.506     5.7321   3.184799    32.3736       2650    11.0375  0.000e+00
    101.433     5.7325   3.184847    32.3737       2651    11.0417  0.000e+00
    101.369     5.7332   3.184889    32.3736       2652    11.0458  0.000e+00
    101.296     5.7338   3.184889    32.3730       2653    11.0500  0.000e+00
    101.226     5.7342   3.184865    32.3724       2654    11.0542  0.000e+00
    101.156     5.7345   3.184823    32.3716       2655    11.0583  0.000e+00
    101.089     5.7345   3.184847    32.3719       2656    11.0625  0.000e+00
    101.016     5.7345   3.184774    32.3712       2657    11.0667  0.000e+00
    100.955     5.7344   3.184774    32.3714       2658    11.0708  0.000e+00
    100.882     5.7344   3.184750    32.3711       2659    11.0750  0.000e+00
    100.812     5.7344   3.184684    32.3704       2660    11.0792  0.000e+00
    100.745     5.7341   3.184594    32.3697       2661    11.0833  0.000e+00
    100.675     5.7339   3.184570    32.3697       2662    11.0875  0.000e+00
    100.608     5.7337   3.184522    32.3693       2663    11.0917  0.000e+00
    100.550     5.7337   3.184474    32.3688       2664    11.0958  0.000e+00
    100.480     5.7335   3.184408    32.3683       2665    11.1000  0.000e+00
    100.416     5.7332   3.184384    32.3683       2666    11.1042  0.000e+00
    100.362     5.7331   3.184360    32.3682       2667    11.1083  0.000e+00
    100.298     5.7329   3.184432    32.3692       2668    11.1125  0.000e+00
    100.225     5.7333   3.184450    32.3691       2669    11.1167  0.000e+00
    100.158     5.7339   3.184245    32.3662       2670    11.1208  0.000e+00
    100.082     5.7341   3.184107    32.3646       2671    11.1250  0.000e+00
    100.009     5.7336   3.183993    32.3638       2672    11.1292  0.000e+00
     99.926     5.7328   3.183831    32.3627       2673    11.1333  0.000e+00
     99.832     5.7319   3.183741    32.3627       2674    11.1375  0.000e+00
     99.741     5.7310   3.183074    32.3560       2675    11.1417  0.000e+00
     99.646     5.7286   3.182172    32.3483       2676    11.1458  0.000e+00
