HB2402/sbe114.cnv
* Sea-Bird SBE 19plus V2 Data File:
* FileName = C:\cruise\data\sbe114.hex
* Software Version Seasave V 7.26.7.121
* Temperature SN = 7037
* Conductivity SN = 7037
* System UpLoad Time = May 02 2024 15:07:36
* NMEA Latitude = 42 00.79 N
* NMEA Longitude = 067 58.76 W
* NMEA UTC (Time) = May 02 2024  15:06:24
** Ship: Bigelow
** Cruise:  HB2402
** Program:  Spring Bottom Trawl
# nquan = 8
# nvalues = 6088                                  
# units = specified
# name 0 = depSM: Depth [salt water, m]
# name 1 = tv290C: Temperature [ITS-90, deg C]
# name 2 = c0S/m: Conductivity [S/m]
# name 3 = sal00: Salinity, Practical [PSU]
# name 4 = scan: Scan Count
# name 5 = timeM: Time, Elapsed [minutes]
# name 6 = sbeox0V: Oxygen raw, SBE 43 [V]
# name 7 = flag:  0.000e+00
# span 0 =     -0.040,    184.577                 
# span 1 =     4.8829,     8.9229                 
# span 2 =  -0.000002,   3.518324                 
# span 3 =     0.0000,    34.1940                 
# span 4 =         11,       6098                 
# span 5 =     0.0417,    25.4042                 
# span 6 =     1.7779,     2.6855                 
# span 7 = 0.0000e+00, 0.0000e+00                 
# interval = seconds: 0.25
# start_time = May 02 2024 15:06:24 [NMEA time, header]
# bad_flag = -9.990e-29
*END*
[from data line 1259]
    131.038     6.9795   3.379546    33.3189       1270     5.2875     1.8228  0.000e+00
    131.123     6.9788   3.379569    33.3197       1271     5.2917     1.8237  0.000e+00
    131.213     6.9779   3.379546    33.3203       1272     5.2958     1.8219  0.000e+00
    131.309     6.9769   3.379654    33.3225       1273     5.3000     1.8224  0.000e+00
    131.412     6.9758   3.379773    33.3248       1274     5.3042     1.8223  0.000e+00
    131.513     6.9748   3.379932    33.3274       1275     5.3083     1.8228  0.000e+00
    131.625     6.9743   3.380079    33.3294       1276     5.3125     1.8217  0.000e+00
    131.745     6.9743   3.380210    33.3308       1277     5.3167     1.8225  0.000e+00
    131.875     6.9745   3.380278    33.3313       1278     5.3208     1.8223  0.000e+00
    132.011     6.9748   3.380340    33.3317       1279     5.3250     1.8229  0.000e+00
    132.152     6.9751   3.380442    33.3324       1280     5.3292     1.8230  0.000e+00
    132.287     6.9754   3.380646    33.3343       1281     5.3333     1.8232  0.000e+00
    132.430     6.9759   3.380765    33.3350       1282     5.3375     1.8238  0.000e+00
    132.571     6.9761   3.380868    33.3359       1283     5.3417     1.8238  0.000e+00
    132.709     6.9760   3.380913    33.3364       1284     5.3458     1.8234  0.000e+00
    132.839     6.9757   3.381134    33.3391       1285     5.3500     1.8237  0.000e+00
    132.967     6.9754   3.381361    33.3417       1286     5.3542     1.8244  0.000e+00
    133.087     6.9754   3.381582    33.3442       1287     5.3583     1.8237  0.000e+00
    133.201     6.9757   3.382041    33.3488       1288     5.3625     1.8234  0.000e+00
    133.311     6.9764   3.382699    33.3552       1289     5.3667     1.8238  0.000e+00
    133.419     6.9781   3.383124    33.3582       1290     5.3708     1.8246  0.000e+00
    133.526     6.9797   3.383510    33.3608       1291     5.3750     1.8244  0.000e+00
    133.634     6.9814   3.383737    33.3616       1292     5.3792     1.8233  0.000e+00
    133.741     6.9827   3.383998    33.3632       1293     5.3833     1.8228  0.000e+00
    133.846     6.9837   3.384344    33.3660       1294     5.3875     1.8244  0.000e+00
    133.952     6.9847   3.384724    33.3691       1295     5.3917     1.8232  0.000e+00
    134.052     6.9861   3.384712    33.3676       1296     5.3958     1.8235  0.000e+00
    134.155     6.9868   3.384599    33.3656       1297     5.4000     1.8238  0.000e+00
    134.263     6.9860   3.384469    33.3649       1298     5.4042     1.8228  0.000e+00
    134.363     6.9847   3.384361    33.3649       1299     5.4083     1.8230  0.000e+00
    134.466     6.9829   3.384508    33.3683       1300     5.4125     1.8232  0.000e+00
    134.563     6.9813   3.384735    33.3722       1301     5.4167     1.8240  0.000e+00
    134.663     6.9802   3.384894    33.3750       1302     5.4208     1.8243  0.000e+00
    134.767     6.9797   3.385081    33.3775       1303     5.4250     1.8239  0.000e+00
    134.870     6.9797   3.385218    33.3789       1304     5.4292     1.8237  0.000e+00
    134.970     6.9799   3.385444    33.3811       1305     5.4333     1.8249  0.000e+00
    135.075     6.9803   3.385728    33.3838       1306     5.4375     1.8253  0.000e+00
    135.191     6.9810   3.386239    33.3887       1307     5.4417     1.8254  0.000e+00
    135.314     6.9824   3.386880    33.3943       1308     5.4458     1.8261  0.000e+00
    135.442     6.9847   3.387317    33.3967       1309     5.4500     1.8258  0.000e+00
    135.570     6.9877   3.388298    33.4045       1310     5.4542     1.8259  0.000e+00
    135.702     6.9917   3.389121    33.4096       1311     5.4583     1.8267  0.000e+00
    135.843     6.9965   3.389581    33.4099       1312     5.4625     1.8274  0.000e+00
    135.981     7.0007   3.390227    33.4129       1313     5.4667     1.8270  0.000e+00
    136.116     7.0045   3.391090    33.4186       1314     5.4708     1.8274  0.000e+00
    136.248     7.0088   3.391766    33.4217       1315     5.4750     1.8281  0.000e+00
    136.382     7.0128   3.392350    33.4241       1316     5.4792     1.8276  0.000e+00
    136.505     7.0166   3.393372    33.4315       1317     5.4833     1.8277  0.000e+00
    136.621     7.0206   3.395382    33.4496       1318     5.4875     1.8271  0.000e+00
    136.729     7.0256   3.397415    33.4670       1319     5.4917     1.8270  0.000e+00
    136.836     7.0318   3.399210    33.4806       1320     5.4958     1.8268  0.000e+00
    136.937     7.0381   3.400358    33.4869       1321     5.5000     1.8269  0.000e+00
    137.024     7.0439   3.401625    33.4951       1322     5.5042     1.8268  0.000e+00
    137.116     7.0491   3.402853    33.5034       1323     5.5083     1.8260  0.000e+00
    137.199     7.0538   3.404143    33.5129       1324     5.5125     1.8263  0.000e+00
    137.290     7.0582   3.405496    33.5233       1325     5.5167     1.8255  0.000e+00
    137.380     7.0625   3.406377    33.5288       1326     5.5208     1.8264  0.000e+00
    137.471     7.0665   3.406872    33.5302       1327     5.5250     1.8255  0.000e+00
    137.574     7.0698   3.407469    33.5335       1328     5.5292     1.8258  0.000e+00
    137.675     7.0726   3.408123    33.5379       1329     5.5333     1.8248  0.000e+00
    137.780     7.0751   3.408675    33.5414       1330     5.5375     1.8249  0.000e+00
    137.887     7.0774   3.409374    33.5468       1331     5.5417     1.8256  0.000e+00
    137.995     7.0793   3.409846    33.5501       1332     5.5458     1.8261  0.000e+00
    138.113     7.0809   3.410586    33.5565       1333     5.5500     1.8267  0.000e+00
    138.234     7.0825   3.411280    33.5625       1334     5.5542     1.8270  0.000e+00
    138.353     7.0845   3.411855    33.5668       1335     5.5583     1.8281  0.000e+00
    138.469     7.0864   3.412697    33.5740       1336     5.5625     1.8277  0.000e+00
    138.586     7.0887   3.413846    33.5844       1337     5.5667     1.8278  0.000e+00
    138.704     7.0914   3.414996    33.5942       1338     5.5708     1.8286  0.000e+00
    138.820     7.0946   3.415616    33.5978       1339     5.5750     1.8303  0.000e+00
    138.935     7.0976   3.416294    33.6022       1340     5.5792     1.8291  0.000e+00
    139.047     7.1005   3.416874    33.6057       1341     5.5833     1.8300  0.000e+00
    139.163     7.1033   3.417489    33.6097       1342     5.5875     1.8307  0.000e+00
    139.279     7.1061   3.418207    33.6147       1343     5.5917     1.8310  0.000e+00
    139.389     7.1089   3.418918    33.6197       1344     5.5958     1.8316  0.000e+00
    139.503     7.1118   3.419505    33.6232       1345     5.6000     1.8322  0.000e+00
    139.617     7.1147   3.420348    33.6296       1346     5.6042     1.8348  0.000e+00
    139.731     7.1178   3.421270    33.6365       1347     5.6083     1.8345  0.000e+00
    139.841     7.1215   3.422222    33.6432       1348     5.6125     1.8350  0.000e+00
    139.949     7.1254   3.422700    33.6446       1349     5.6167     1.8356  0.000e+00
    140.061     7.1288   3.423367    33.6485       1350     5.6208     1.8364  0.000e+00
    140.170     7.1322   3.424039    33.6525       1351     5.6250     1.8375  0.000e+00
    140.275     7.1353   3.424780    33.6575       1352     5.6292     1.8390  0.000e+00
    140.374     7.1387   3.425418    33.6612       1353     5.6333     1.8388  0.000e+00
    140.474     7.1419   3.426347    33.6681       1354     5.6375     1.8387  0.000e+00
    140.577     7.1455   3.427504    33.6771       1355     5.6417     1.8396  0.000e+00
    140.680     7.1498   3.428313    33.6818       1356     5.6458     1.8399  0.000e+00
    140.781     7.1543   3.429448    33.6897       1357     5.6500     1.8411  0.000e+00
    140.882     7.1589   3.430850    33.7004       1358     5.6542     1.8399  0.000e+00
    140.976     7.1643   3.431734    33.7048       1359     5.6583     1.8415  0.000e+00
    141.072     7.1699   3.432692    33.7097       1360     5.6625     1.8419  0.000e+00
    141.163     7.1752   3.433417    33.7124       1361     5.6667     1.8424  0.000e+00
    141.253     7.1800   3.433753    33.7113       1362     5.6708     1.8420  0.000e+00
    141.342     7.1838   3.433993    33.7102       1363     5.6750     1.8430  0.000e+00
    141.436     7.1867   3.434198    33.7096       1364     5.6792     1.8426  0.000e+00
    141.532     7.1890   3.434403    33.7095       1365     5.6833     1.8429  0.000e+00
    141.622     7.1907   3.434535    33.7093       1366     5.6875     1.8429  0.000e+00
    141.720     7.1920   3.434780    33.7106       1367     5.6917     1.8426  0.000e+00
    141.814     7.1935   3.435310    33.7149       1368     5.6958     1.8423  0.000e+00
    141.911     7.1953   3.435938    33.7199       1369     5.7000     1.8438  0.000e+00
    142.011     7.1978   3.436931    33.7283       1370     5.7042     1.8439  0.000e+00
    142.119     7.2010   3.438323    33.7403       1371     5.7083     1.8445  0.000e+00
    142.231     7.2054   3.439328    33.7469       1372     5.7125     1.8440  0.000e+00
    142.349     7.2106   3.439978    33.7489       1373     5.7167     1.8450  0.000e+00
    142.468     7.2151   3.440686    33.7521       1374     5.7208     1.8458  0.000e+00
    142.589     7.2195   3.441240    33.7538       1375     5.7250     1.8461  0.000e+00
    142.714     7.2234   3.441657    33.7545       1376     5.7292     1.8468  0.000e+00
    142.839     7.2266   3.442114    33.7562       1377     5.7333     1.8465  0.000e+00
    142.960     7.2294   3.442593    33.7587       1378     5.7375     1.8473  0.000e+00
    143.083     7.2322   3.442844    33.7587       1379     5.7417     1.8483  0.000e+00
    143.197     7.2345   3.442987    33.7579       1380     5.7458     1.8476  0.000e+00
    143.301     7.2362   3.443113    33.7575       1381     5.7500     1.8476  0.000e+00
    143.397     7.2376   3.443193    33.7571       1382     5.7542     1.8473  0.000e+00
    143.493     7.2385   3.443530    33.7597       1383     5.7583     1.8463  0.000e+00
    143.584     7.2397   3.444129    33.7651       1384     5.7625     1.8466  0.000e+00
    143.665     7.2415   3.444523    33.7675       1385     5.7667     1.8468  0.000e+00
    143.734     7.2435   3.444855    33.7692       1386     5.7708     1.8472  0.000e+00
    143.806     7.2456   3.445334    33.7723       1387     5.7750     1.8468  0.000e+00
    143.875     7.2477   3.445586    33.7730       1388     5.7792     1.8475  0.000e+00
    143.944     7.2496   3.445694    33.7722       1389     5.7833     1.8475  0.000e+00
    144.012     7.2511   3.445643    33.7702       1390     5.7875     1.8467  0.000e+00
    144.090     7.2522   3.445791    33.7707       1391     5.7917     1.8456  0.000e+00
    144.171     7.2530   3.445871    33.7708       1392     5.7958     1.8455  0.000e+00
    144.262     7.2536   3.445894    33.7704       1393     5.8000     1.8459  0.000e+00
    144.361     7.2542   3.445934    33.7702       1394     5.8042     1.8457  0.000e+00
    144.468     7.2543   3.446083    33.7716       1395     5.8083     1.8443  0.000e+00
    144.578     7.2550   3.446151    33.7717       1396     5.8125     1.8446  0.000e+00
    144.697     7.2552   3.446271    33.7727       1397     5.8167     1.8445  0.000e+00
    144.820     7.2558   3.446517    33.7748       1398     5.8208     1.8447  0.000e+00
    144.947     7.2565   3.446911    33.7783       1399     5.8250     1.8440  0.000e+00
    145.073     7.2577   3.447197    33.7802       1400     5.8292     1.8437  0.000e+00
    145.200     7.2592   3.447328    33.7801       1401     5.8333     1.8455  0.000e+00
    145.326     7.2602   3.447660    33.7827       1402     5.8375     1.8437  0.000e+00
    145.449     7.2615   3.447831    33.7832       1403     5.8417     1.8444  0.000e+00
    145.571     7.2626   3.448243    33.7865       1404     5.8458     1.8452  0.000e+00
    145.684     7.2640   3.448637    33.7894       1405     5.8500     1.8449  0.000e+00
    145.788     7.2657   3.449385    33.7958       1406     5.8542     1.8454  0.000e+00
    145.889     7.2680   3.450511    33.8058       1407     5.8583     1.8449  0.000e+00
    145.990     7.2713   3.451174    33.8098       1408     5.8625     1.8452  0.000e+00
    146.081     7.2751   3.451591    33.8105       1409     5.8667     1.8455  0.000e+00
    146.169     7.2783   3.452009    33.8119       1410     5.8708     1.8459  0.000e+00
    146.258     7.2811   3.452449    33.8139       1411     5.8750     1.8450  0.000e+00
    146.344     7.2839   3.452655    33.8134       1412     5.8792     1.8452  0.000e+00
    146.422     7.2859   3.452843    33.8135       1413     5.8833     1.8454  0.000e+00
    146.502     7.2877   3.452969    33.8130       1414     5.8875     1.8453  0.000e+00
    146.583     7.2892   3.453083    33.8127       1415     5.8917     1.8454  0.000e+00
    146.666     7.2902   3.453198    33.8130       1416     5.8958     1.8455  0.000e+00
    146.751     7.2911   3.453301    33.8132       1417     5.9000     1.8456  0.000e+00
    146.834     7.2920   3.453409    33.8135       1418     5.9042     1.8455  0.000e+00
    146.923     7.2926   3.453529    33.8141       1419     5.9083     1.8443  0.000e+00
    147.010     7.2933   3.453695    33.8152       1420     5.9125     1.8443  0.000e+00
    147.104     7.2938   3.453907    33.8170       1421     5.9167     1.8442  0.000e+00
    147.196     7.2949   3.454107    33.8181       1422     5.9208     1.8443  0.000e+00
    147.303     7.2958   3.454427    33.8206       1423     5.9250     1.8449  0.000e+00
    147.406     7.2967   3.454673    33.8223       1424     5.9292     1.8443  0.000e+00
    147.511     7.2980   3.454822    33.8226       1425     5.9333     1.8443  0.000e+00
    147.621     7.2993   3.455067    33.8240       1426     5.9375     1.8440  0.000e+00
    147.733     7.3004   3.455611    33.8288       1427     5.9417     1.8453  0.000e+00
    147.838     7.3020   3.456091    33.8324       1428     5.9458     1.8441  0.000e+00
    147.956     7.3039   3.456320    33.8329       1429     5.9500     1.8435  0.000e+00
    148.064     7.3057   3.456554    33.8337       1430     5.9542     1.8439  0.000e+00
    148.169     7.3072   3.456720    33.8339       1431     5.9583     1.8435  0.000e+00
    148.267     7.3086   3.456863    33.8342       1432     5.9625     1.8433  0.000e+00
    148.364     7.3098   3.457012    33.8345       1433     5.9667     1.8421  0.000e+00
    148.453     7.3108   3.457103    33.8345       1434     5.9708     1.8422  0.000e+00
    148.541     7.3114   3.457155    33.8344       1435     5.9750     1.8427  0.000e+00
    148.635     7.3121   3.457218    33.8343       1436     5.9792     1.8421  0.000e+00
    148.720     7.3127   3.457241    33.8340       1437     5.9833     1.8413  0.000e+00
    148.809     7.3132   3.457252    33.8336       1438     5.9875     1.8417  0.000e+00
    148.896     7.3135   3.457258    33.8333       1439     5.9917     1.8420  0.000e+00
    148.990     7.3136   3.457304    33.8336       1440     5.9958     1.8414  0.000e+00
    149.084     7.3136   3.457321    33.8338       1441     6.0000     1.8414  0.000e+00
    149.180     7.3139   3.457361    33.8339       1442     6.0042     1.8411  0.000e+00
    149.284     7.3141   3.457407    33.8342       1443     6.0083     1.8415  0.000e+00
    149.386     7.3142   3.457470    33.8347       1444     6.0125     1.8403  0.000e+00
    149.492     7.3145   3.457533    33.8350       1445     6.0167     1.8412  0.000e+00
    149.597     7.3147   3.457601    33.8355       1446     6.0208     1.8410  0.000e+00
    149.700     7.3150   3.457676    33.8360       1447     6.0250     1.8406  0.000e+00
    149.802     7.3154   3.457762    33.8365       1448     6.0292     1.8414  0.000e+00
