HB2402/sbe101.cnv
* Sea-Bird SBE 19plus V2 Data File:
* FileName = C:\cruise\data\sbe101.hex
* Software Version Seasave V 7.26.7.121
* Temperature SN = 7037
* Conductivity SN = 7037
* System UpLoad Time = Apr 28 2024 10:32:19
* NMEA Latitude = 41 42.32 N
* NMEA Longitude = 066 36.50 W
* NMEA UTC (Time) = Apr 28 2024  10:31:03
** Ship: Bigelow
** Cruise:  HB2402
** Program:  Spring Bottom Trawl
# nquan = 8
# nvalues = 1230                                  
# units = specified
# name 0 = depSM: Depth [salt water, m]
# name 1 = tv290C: Temperature [ITS-90, deg C]
# name 2 = c0S/m: Conductivity [S/m]
# name 3 = sal00: Salinity, Practical [PSU]
# name 4 = scan: Scan Count
# name 5 = timeM: Time, Elapsed [minutes]
# name 6 = sbeox0V: Oxygen raw, SBE 43 [V]
# name 7 = flag:  0.000e+00
# span 0 =      0.108,     59.501                 
# span 1 =     6.1088,     6.7893                 
# span 2 =   0.198767,   3.250211                 
# span 3 =     1.6214,    32.4297                 
# span 4 =         11,       1240                 
# span 5 =     0.0417,     5.1625                 
# span 6 =     2.0967,     2.4075                 
# span 7 = 0.0000e+00, 0.0000e+00                 
# interval = seconds: 0.25
# start_time = Apr 28 2024 10:31:03 [NMEA time, header]
# bad_flag = -9.990e-29
*END*
[from data line 180]
      2.092     6.1168   3.182272    32.0276        191     0.7917     2.3827  0.000e+00
      2.202     6.1168   3.182333    32.0282        192     0.7958     2.3852  0.000e+00
      2.323     6.1171   3.182372    32.0283        193     0.8000     2.3864  0.000e+00
      2.428     6.1176   3.182433    32.0285        194     0.8042     2.3875  0.000e+00
      2.518     6.1177   3.182571    32.0299        195     0.8083     2.3878  0.000e+00
      2.621     6.1185   3.182588    32.0293        196     0.8125     2.3882  0.000e+00
      2.762     6.1188   3.182610    32.0292        197     0.8167     2.3897  0.000e+00
      2.914     6.1190   3.182471    32.0273        198     0.8208     2.3900  0.000e+00
      3.051     6.1188   3.182333    32.0259        199     0.8250     2.3916  0.000e+00
      3.176     6.1180   3.182372    32.0271        200     0.8292     2.3922  0.000e+00
      3.284     6.1175   3.182449    32.0283        201     0.8333     2.3927  0.000e+00
      3.402     6.1174   3.182472    32.0286        202     0.8375     2.3922  0.000e+00
      3.543     6.1174   3.182488    32.0287        203     0.8417     2.3932  0.000e+00
      3.696     6.1175   3.182433    32.0279        204     0.8458     2.3941  0.000e+00
      3.835     6.1175   3.182394    32.0275        205     0.8500     2.3939  0.000e+00
      3.951     6.1172   3.182372    32.0274        206     0.8542     2.3950  0.000e+00
      4.059     6.1169   3.182350    32.0274        207     0.8583     2.3958  0.000e+00
      4.188     6.1167   3.182333    32.0274        208     0.8625     2.3964  0.000e+00
      4.327     6.1164   3.182273    32.0269        209     0.8667     2.3965  0.000e+00
      4.464     6.1161   3.182234    32.0267        210     0.8708     2.3967  0.000e+00
      4.589     6.1156   3.182250    32.0273        211     0.8750     2.3984  0.000e+00
      4.684     6.1153   3.182295    32.0280        212     0.8792     2.3989  0.000e+00
      4.789     6.1153   3.182350    32.0286        213     0.8833     2.3980  0.000e+00
      4.914     6.1156   3.182411    32.0289        214     0.8875     2.3999  0.000e+00
      5.067     6.1159   3.182450    32.0290        215     0.8917     2.3993  0.000e+00
      5.223     6.1163   3.182395    32.0280        216     0.8958     2.4006  0.000e+00
      5.378     6.1164   3.182395    32.0277        217     0.9000     2.4002  0.000e+00
      5.543     6.1164   3.182572    32.0296        218     0.9042     2.3992  0.000e+00
      5.727     6.1169   3.182589    32.0293        219     0.9083     2.4001  0.000e+00
      5.938     6.1174   3.182572    32.0285        220     0.9125     2.3996  0.000e+00
      6.169     6.1177   3.182589    32.0283        221     0.9167     2.3995  0.000e+00
      6.401     6.1180   3.182611    32.0282        222     0.9208     2.4006  0.000e+00
      6.623     6.1181   3.182633    32.0282        223     0.9250     2.4006  0.000e+00
      6.832     6.1182   3.182589    32.0275        224     0.9292     2.4009  0.000e+00
      7.028     6.1181   3.182589    32.0275        225     0.9333     2.4006  0.000e+00
      7.221     6.1182   3.182589    32.0273        226     0.9375     2.4006  0.000e+00
      7.405     6.1180   3.182512    32.0266        227     0.9417     2.4007  0.000e+00
      7.546     6.1178   3.182512    32.0267        228     0.9458     2.4018  0.000e+00
      7.649     6.1174   3.182473    32.0265        229     0.9500     2.4015  0.000e+00
      7.727     6.1170   3.182451    32.0267        230     0.9542     2.4024  0.000e+00
      7.790     6.1165   3.182434    32.0269        231     0.9583     2.4027  0.000e+00
      7.841     6.1161   3.182395    32.0269        232     0.9625     2.4032  0.000e+00
      7.871     6.1156   3.182395    32.0273        233     0.9667     2.4029  0.000e+00
      7.888     6.1155   3.182412    32.0276        234     0.9708     2.4027  0.000e+00
      7.891     6.1154   3.182395    32.0274        235     0.9750     2.4035  0.000e+00
      7.902     6.1155   3.182373    32.0271        236     0.9792     2.4030  0.000e+00
      7.927     6.1154   3.182412    32.0276        237     0.9833     2.4033  0.000e+00
      7.973     6.1154   3.182490    32.0285        238     0.9875     2.4032  0.000e+00
      8.032     6.1157   3.182534    32.0287        239     0.9917     2.4039  0.000e+00
      8.103     6.1161   3.182490    32.0278        240     0.9958     2.4042  0.000e+00
      8.184     6.1163   3.182512    32.0278        241     1.0000     2.4051  0.000e+00
      8.283     6.1163   3.182551    32.0282        242     1.0042     2.4038  0.000e+00
      8.412     6.1167   3.182672    32.0291        243     1.0083     2.4048  0.000e+00
      8.551     6.1171   3.182711    32.0290        244     1.0125     2.4047  0.000e+00
      8.702     6.1178   3.182650    32.0276        245     1.0167     2.4057  0.000e+00
      8.840     6.1181   3.182612    32.0269        246     1.0208     2.4050  0.000e+00
      8.912     6.1180   3.182573    32.0265        247     1.0250     2.4050  0.000e+00
      8.948     6.1178   3.182490    32.0257        248     1.0292     2.4051  0.000e+00
      8.963     6.1174   3.182412    32.0253        249     1.0333     2.4059  0.000e+00
      8.981     6.1166   3.182313    32.0249        250     1.0375     2.4061  0.000e+00
      9.019     6.1157   3.182296    32.0256        251     1.0417     2.4055  0.000e+00
      9.064     6.1151   3.182313    32.0263        252     1.0458     2.4058  0.000e+00
      9.098     6.1147   3.182335    32.0268        253     1.0500     2.4061  0.000e+00
      9.114     6.1146   3.182296    32.0265        254     1.0542     2.4054  0.000e+00
      9.136     6.1145   3.182313    32.0269        255     1.0583     2.4050  0.000e+00
      9.165     6.1143   3.182252    32.0263        256     1.0625     2.4058  0.000e+00
      9.210     6.1141   3.182313    32.0271        257     1.0667     2.4057  0.000e+00
      9.253     6.1141   3.182352    32.0276        258     1.0708     2.4057  0.000e+00
      9.295     6.1142   3.182352    32.0275        259     1.0750     2.4060  0.000e+00
      9.340     6.1142   3.182352    32.0274        260     1.0792     2.4042  0.000e+00
      9.389     6.1145   3.182390    32.0276        261     1.0833     2.4055  0.000e+00
      9.443     6.1146   3.182473    32.0283        262     1.0875     2.4051  0.000e+00
      9.497     6.1151   3.182490    32.0280        263     1.0917     2.4032  0.000e+00
      9.544     6.1154   3.182512    32.0280        264     1.0958     2.4048  0.000e+00
      9.588     6.1157   3.182413    32.0266        265     1.1000     2.4051  0.000e+00
      9.622     6.1157   3.182413    32.0266        266     1.1042     2.4050  0.000e+00
      9.647     6.1156   3.182473    32.0273        267     1.1083     2.4056  0.000e+00
      9.662     6.1156   3.182534    32.0280        268     1.1125     2.4057  0.000e+00
      9.663     6.1159   3.182352    32.0257        269     1.1167     2.4057  0.000e+00
      9.651     6.1157   3.182435    32.0268        270     1.1208     2.4052  0.000e+00
      9.627     6.1156   3.182413    32.0267        271     1.1250     2.4051  0.000e+00
      9.586     6.1154   3.182374    32.0264        272     1.1292     2.4046  0.000e+00
      9.546     6.1151   3.182335    32.0263        273     1.1333     2.4041  0.000e+00
      9.485     6.1147   3.182313    32.0264        274     1.1375     2.4041  0.000e+00
      9.420     6.1144   3.182313    32.0268        275     1.1417     2.4034  0.000e+00
      9.347     6.1141   3.182313    32.0271        276     1.1458     2.4035  0.000e+00
      9.277     6.1140   3.182335    32.0275        277     1.1500     2.4044  0.000e+00
      9.206     6.1141   3.182335    32.0274        278     1.1542     2.4045  0.000e+00
      9.140     6.1140   3.182313    32.0272        279     1.1583     2.4038  0.000e+00
      9.078     6.1140   3.182296    32.0271        280     1.1625     2.4047  0.000e+00
      9.029     6.1140   3.182296    32.0272        281     1.1667     2.4050  0.000e+00
      8.993     6.1139   3.182296    32.0272        282     1.1708     2.4041  0.000e+00
      8.968     6.1138   3.182374    32.0282        283     1.1750     2.4039  0.000e+00
      8.957     6.1141   3.182374    32.0279        284     1.1792     2.4038  0.000e+00
      8.953     6.1144   3.182396    32.0279        285     1.1833     2.4029  0.000e+00
      8.963     6.1146   3.182412    32.0279        286     1.1875     2.4024  0.000e+00
      8.988     6.1147   3.182451    32.0282        287     1.1917     2.4032  0.000e+00
      9.011     6.1150   3.182490    32.0283        288     1.1958     2.4029  0.000e+00
      9.046     6.1154   3.182473    32.0278        289     1.2000     2.4027  0.000e+00
      9.078     6.1156   3.182490    32.0278        290     1.2042     2.4021  0.000e+00
      9.120     6.1156   3.182490    32.0277        291     1.2083     2.4030  0.000e+00
      9.152     6.1160   3.182473    32.0272        292     1.2125     2.4039  0.000e+00
      9.183     6.1159   3.182534    32.0279        293     1.2167     2.4036  0.000e+00
      9.208     6.1160   3.182551    32.0280        294     1.2208     2.4041  0.000e+00
      9.232     6.1163   3.182534    32.0275        295     1.2250     2.4028  0.000e+00
      9.248     6.1164   3.182490    32.0269        296     1.2292     2.4034  0.000e+00
      9.259     6.1164   3.182473    32.0268        297     1.2333     2.4035  0.000e+00
      9.271     6.1160   3.182412    32.0264        298     1.2375     2.4031  0.000e+00
      9.275     6.1157   3.182335    32.0259        299     1.2417     2.4028  0.000e+00
      9.284     6.1152   3.182313    32.0261        300     1.2458     2.4025  0.000e+00
      9.295     6.1147   3.182252    32.0258        301     1.2500     2.4018  0.000e+00
      9.304     6.1143   3.182274    32.0265        302     1.2542     2.4015  0.000e+00
      9.311     6.1140   3.182335    32.0275        303     1.2583     2.4009  0.000e+00
      9.329     6.1140   3.182352    32.0276        304     1.2625     2.4010  0.000e+00
      9.349     6.1140   3.182374    32.0278        305     1.2667     2.4005  0.000e+00
      9.365     6.1143   3.182413    32.0280        306     1.2708     2.4007  0.000e+00
      9.385     6.1145   3.182413    32.0278        307     1.2750     2.4002  0.000e+00
      9.409     6.1147   3.182451    32.0280        308     1.2792     2.3994  0.000e+00
      9.427     6.1150   3.182451    32.0278        309     1.2833     2.3983  0.000e+00
      9.441     6.1153   3.182451    32.0275        310     1.2875     2.4001  0.000e+00
      9.450     6.1154   3.182413    32.0269        311     1.2917     2.4004  0.000e+00
      9.456     6.1153   3.182352    32.0263        312     1.2958     2.4008  0.000e+00
      9.456     6.1153   3.182274    32.0254        313     1.3000     2.4001  0.000e+00
      9.450     6.1148   3.182252    32.0257        314     1.3042     2.3999  0.000e+00
      9.434     6.1143   3.182252    32.0261        315     1.3083     2.3995  0.000e+00
      9.416     6.1140   3.182296    32.0270        316     1.3125     2.3990  0.000e+00
      9.400     6.1140   3.182313    32.0272        317     1.3167     2.3988  0.000e+00
      9.363     6.1139   3.182374    32.0279        318     1.3208     2.3986  0.000e+00
      9.335     6.1142   3.182374    32.0277        319     1.3250     2.3985  0.000e+00
      9.307     6.1145   3.182374    32.0274        320     1.3292     2.3990  0.000e+00
      9.273     6.1148   3.182374    32.0271        321     1.3333     2.3990  0.000e+00
      9.241     6.1149   3.182313    32.0264        322     1.3375     2.4000  0.000e+00
      9.210     6.1148   3.182313    32.0265        323     1.3417     2.4001  0.000e+00
      9.176     6.1146   3.182335    32.0269        324     1.3458     2.4002  0.000e+00
      9.145     6.1146   3.182313    32.0267        325     1.3500     2.4014  0.000e+00
      9.120     6.1146   3.182335    32.0270        326     1.3542     2.4024  0.000e+00
      9.103     6.1146   3.182296    32.0265        327     1.3583     2.4024  0.000e+00
      9.087     6.1146   3.182335    32.0270        328     1.3625     2.4036  0.000e+00
      9.073     6.1146   3.182296    32.0266        329     1.3667     2.4039  0.000e+00
      9.065     6.1145   3.182296    32.0267        330     1.3708     2.4034  0.000e+00
      9.067     6.1144   3.182313    32.0269        331     1.3750     2.4044  0.000e+00
      9.074     6.1144   3.182313    32.0269        332     1.3792     2.4040  0.000e+00
      9.085     6.1145   3.182313    32.0269        333     1.3833     2.4038  0.000e+00
      9.103     6.1144   3.182335    32.0272        334     1.3875     2.4038  0.000e+00
      9.121     6.1145   3.182352    32.0272        335     1.3917     2.4041  0.000e+00
      9.145     6.1146   3.182451    32.0283        336     1.3958     2.4031  0.000e+00
      9.168     6.1150   3.182451    32.0278        337     1.4000     2.4031  0.000e+00
      9.197     6.1154   3.182451    32.0274        338     1.4042     2.4039  0.000e+00
      9.226     6.1157   3.182451    32.0272        339     1.4083     2.4042  0.000e+00
      9.250     6.1157   3.182473    32.0274        340     1.4125     2.4032  0.000e+00
      9.275     6.1159   3.182435    32.0268        341     1.4167     2.4020  0.000e+00
      9.291     6.1161   3.182451    32.0267        342     1.4208     2.4018  0.000e+00
      9.304     6.1160   3.182473    32.0271        343     1.4250     2.4029  0.000e+00
      9.311     6.1160   3.182412    32.0264        344     1.4292     2.4023  0.000e+00
      9.313     6.1158   3.182396    32.0264        345     1.4333     2.4025  0.000e+00
      9.313     6.1156   3.182335    32.0260        346     1.4375     2.4031  0.000e+00
      9.308     6.1153   3.182313    32.0260        347     1.4417     2.4035  0.000e+00
      9.307     6.1149   3.182174    32.0248        348     1.4458     2.4039  0.000e+00
      9.298     6.1143   3.181975    32.0231        349     1.4500     2.4040  0.000e+00
      9.291     6.1130   3.182197    32.0268        350     1.4542     2.4035  0.000e+00
      9.293     6.1128   3.182374    32.0290        351     1.4583     2.4025  0.000e+00
      9.286     6.1133   3.182335    32.0281        352     1.4625     2.4031  0.000e+00
      9.284     6.1139   3.182335    32.0275        353     1.4667     2.4028  0.000e+00
      9.286     6.1140   3.182274    32.0267        354     1.4708     2.4034  0.000e+00
      9.289     6.1142   3.182114    32.0248        355     1.4750     2.4033  0.000e+00
      9.295     6.1136   3.182174    32.0261        356     1.4792     2.4042  0.000e+00
      9.304     6.1133   3.182174    32.0263        357     1.4833     2.4046  0.000e+00
      9.313     6.1130   3.182158    32.0264        358     1.4875     2.4037  0.000e+00
      9.327     6.1129   3.182158    32.0265        359     1.4917     2.4034  0.000e+00
      9.338     6.1128   3.182197    32.0271        360     1.4958     2.4036  0.000e+00
      9.351     6.1129   3.182235    32.0274        361     1.5000     2.4032  0.000e+00
      9.358     6.1130   3.182213    32.0270        362     1.5042     2.4036  0.000e+00
      9.369     6.1132   3.182213    32.0268        363     1.5083     2.4044  0.000e+00
      9.369     6.1132   3.182213    32.0268        364     1.5125     2.4045  0.000e+00
      9.358     6.1133   3.182174    32.0263        365     1.5167     2.4054  0.000e+00
      9.347     6.1132   3.182158    32.0262        366     1.5208     2.4045  0.000e+00
      9.327     6.1130   3.182174    32.0266        367     1.5250     2.4051  0.000e+00
      9.298     6.1130   3.182174    32.0266        368     1.5292     2.4038  0.000e+00
      9.266     6.1130   3.182075    32.0255        369     1.5333     2.4044  0.000e+00
