HB2402/sbe112.cnv
* Sea-Bird SBE 19plus V2 Data File:
* FileName = C:\cruise\data\sbe112.hex
* Software Version Seasave V 7.26.7.121
* Temperature SN = 7037
* Conductivity SN = 7037
* System UpLoad Time = May 01 2024 23:28:47
* NMEA Latitude = 41 26.50 N
* NMEA Longitude = 067 51.84 W
* NMEA UTC (Time) = May 01 2024  23:27:35
** Ship: Bigelow
** Cruise:  HB2402
** Program:  Spring Bottom Trawl
# nquan = 8
# nvalues = 1406                                  
# units = specified
# name 0 = depSM: Depth [salt water, m]
# name 1 = tv290C: Temperature [ITS-90, deg C]
# name 2 = c0S/m: Conductivity [S/m]
# name 3 = sal00: Salinity, Practical [PSU]
# name 4 = scan: Scan Count
# name 5 = timeM: Time, Elapsed [minutes]
# name 6 = sbeox0V: Oxygen raw, SBE 43 [V]
# name 7 = flag:  0.000e+00
# span 0 =     -0.036,     36.264                 
# span 1 =     7.4533,     7.5002                 
# span 2 =   0.000044,   3.296696                 
# span 3 =     0.0036,    31.9900                 
# span 4 =         11,       1416                 
# span 5 =     0.0417,     5.8958                 
# span 6 =     2.0957,     2.6150                 
# span 7 = 0.0000e+00, 0.0000e+00                 
# interval = seconds: 0.25
# start_time = May 01 2024 23:27:35 [NMEA time, header]
# bad_flag = -9.990e-29
*END*
[from data line 720]
     28.873     7.4944   3.291749    31.9292        731     3.0417     2.6030  0.000e+00
     28.844     7.4945   3.291749    31.9291        732     3.0458     2.6044  0.000e+00
     28.808     7.4946   3.291738    31.9289        733     3.0500     2.6042  0.000e+00
     28.770     7.4948   3.291749    31.9289        734     3.0542     2.6043  0.000e+00
     28.727     7.4944   3.291749    31.9292        735     3.0583     2.6047  0.000e+00
     28.678     7.4944   3.291727    31.9290        736     3.0625     2.6037  0.000e+00
     28.620     7.4942   3.291738    31.9293        737     3.0667     2.6034  0.000e+00
     28.561     7.4941   3.291727    31.9293        738     3.0708     2.6032  0.000e+00
     28.490     7.4941   3.291704    31.9291        739     3.0750     2.6043  0.000e+00
     28.411     7.4941   3.291659    31.9287        740     3.0792     2.6043  0.000e+00
     28.333     7.4942   3.291727    31.9293        741     3.0833     2.6036  0.000e+00
     28.250     7.4942   3.291749    31.9296        742     3.0875     2.6041  0.000e+00
     28.165     7.4945   3.291715    31.9291        743     3.0917     2.6031  0.000e+00
     28.080     7.4946   3.291726    31.9291        744     3.0958     2.6038  0.000e+00
     27.990     7.4946   3.291704    31.9289        745     3.1000     2.6036  0.000e+00
     27.908     7.4948   3.291687    31.9286        746     3.1042     2.6033  0.000e+00
     27.841     7.4948   3.291676    31.9285        747     3.1083     2.6033  0.000e+00
     27.778     7.4948   3.291726    31.9291        748     3.1125     2.6020  0.000e+00
     27.724     7.4946   3.291687    31.9289        749     3.1167     2.6017  0.000e+00
     27.679     7.4946   3.291698    31.9290        750     3.1208     2.6032  0.000e+00
     27.646     7.4945   3.291665    31.9288        751     3.1250     2.6029  0.000e+00
     27.617     7.4945   3.291687    31.9290        752     3.1292     2.6040  0.000e+00
     27.594     7.4943   3.291698    31.9293        753     3.1333     2.6042  0.000e+00
     27.581     7.4943   3.291687    31.9291        754     3.1375     2.6036  0.000e+00
     27.569     7.4944   3.291704    31.9293        755     3.1417     2.6046  0.000e+00
     27.552     7.4944   3.291704    31.9293        756     3.1458     2.6055  0.000e+00
     27.534     7.4943   3.291698    31.9293        757     3.1500     2.6056  0.000e+00
     27.507     7.4943   3.291642    31.9288        758     3.1542     2.6046  0.000e+00
     27.473     7.4943   3.291665    31.9290        759     3.1583     2.6044  0.000e+00
     27.422     7.4942   3.291575    31.9281        760     3.1625     2.6049  0.000e+00
     27.366     7.4941   3.291687    31.9295        761     3.1667     2.6045  0.000e+00
     27.301     7.4940   3.291687    31.9296        762     3.1708     2.6060  0.000e+00
     27.229     7.4940   3.291676    31.9295        763     3.1750     2.6041  0.000e+00
     27.153     7.4940   3.291664    31.9294        764     3.1792     2.6043  0.000e+00
     27.066     7.4939   3.291664    31.9295        765     3.1833     2.6075  0.000e+00
     26.985     7.4939   3.291659    31.9295        766     3.1875     2.6070  0.000e+00
     26.898     7.4940   3.291642    31.9293        767     3.1917     2.6052  0.000e+00
     26.803     7.4944   3.291664    31.9292        768     3.1958     2.6054  0.000e+00
     26.721     7.4943   3.291642    31.9291        769     3.2000     2.6061  0.000e+00
     26.644     7.4945   3.291659    31.9292        770     3.2042     2.6049  0.000e+00
     26.559     7.4945   3.291642    31.9290        771     3.2083     2.6059  0.000e+00
     26.490     7.4945   3.291642    31.9291        772     3.2125     2.6049  0.000e+00
     26.419     7.4946   3.291636    31.9289        773     3.2167     2.6053  0.000e+00
     26.351     7.4948   3.291625    31.9287        774     3.2208     2.6056  0.000e+00
     26.289     7.4948   3.291625    31.9286        775     3.2250     2.6059  0.000e+00
     26.224     7.4949   3.291636    31.9287        776     3.2292     2.6062  0.000e+00
     26.165     7.4948   3.291625    31.9287        777     3.2333     2.6054  0.000e+00
     26.112     7.4947   3.291625    31.9288        778     3.2375     2.6057  0.000e+00
     26.056     7.4948   3.291625    31.9287        779     3.2417     2.6078  0.000e+00
     26.006     7.4946   3.291597    31.9286        780     3.2458     2.6067  0.000e+00
     25.960     7.4946   3.291580    31.9285        781     3.2500     2.6070  0.000e+00
     25.915     7.4947   3.291602    31.9287        782     3.2542     2.6068  0.000e+00
     25.872     7.4948   3.291619    31.9288        783     3.2583     2.6078  0.000e+00
     25.821     7.4948   3.291602    31.9287        784     3.2625     2.6071  0.000e+00
     25.769     7.4948   3.291625    31.9289        785     3.2667     2.6067  0.000e+00
     25.715     7.4947   3.291619    31.9289        786     3.2708     2.6053  0.000e+00
     25.660     7.4947   3.291580    31.9285        787     3.2750     2.6063  0.000e+00
     25.606     7.4947   3.291580    31.9286        788     3.2792     2.6059  0.000e+00
     25.561     7.4948   3.291574    31.9284        789     3.2833     2.6048  0.000e+00
     25.507     7.4950   3.291557    31.9281        790     3.2875     2.6052  0.000e+00
     25.453     7.4951   3.291557    31.9281        791     3.2917     2.6049  0.000e+00
     25.408     7.4951   3.291580    31.9283        792     3.2958     2.6051  0.000e+00
     25.368     7.4951   3.291557    31.9280        793     3.3000     2.6050  0.000e+00
     25.333     7.4950   3.291580    31.9284        794     3.3042     2.6049  0.000e+00
     25.306     7.4951   3.291580    31.9284        795     3.3083     2.6052  0.000e+00
     25.276     7.4948   3.291574    31.9286        796     3.3125     2.6042  0.000e+00
     25.248     7.4948   3.291580    31.9287        797     3.3167     2.6049  0.000e+00
     25.223     7.4947   3.291557    31.9285        798     3.3208     2.6044  0.000e+00
     25.196     7.4947   3.291596    31.9289        799     3.3250     2.6049  0.000e+00
     25.164     7.4946   3.291602    31.9291        800     3.3292     2.6055  0.000e+00
     25.118     7.4946   3.291580    31.9289        801     3.3333     2.6047  0.000e+00
     25.064     7.4945   3.291580    31.9290        802     3.3375     2.6052  0.000e+00
     25.003     7.4945   3.291574    31.9290        803     3.3417     2.6045  0.000e+00
     24.934     7.4946   3.291580    31.9290        804     3.3458     2.6052  0.000e+00
     24.856     7.4948   3.291557    31.9286        805     3.3500     2.6041  0.000e+00
     24.773     7.4948   3.291596    31.9291        806     3.3542     2.6037  0.000e+00
     24.687     7.4948   3.291580    31.9289        807     3.3583     2.6039  0.000e+00
     24.596     7.4945   3.291579    31.9292        808     3.3625     2.6036  0.000e+00
     24.495     7.4945   3.291574    31.9292        809     3.3667     2.6044  0.000e+00
     24.408     7.4944   3.291557    31.9292        810     3.3708     2.6035  0.000e+00
     24.320     7.4943   3.291557    31.9293        811     3.3750     2.6042  0.000e+00
     24.233     7.4945   3.291518    31.9288        812     3.3792     2.6041  0.000e+00
     24.155     7.4946   3.291534    31.9288        813     3.3833     2.6031  0.000e+00
     24.092     7.4945   3.291540    31.9291        814     3.3875     2.6052  0.000e+00
     24.032     7.4946   3.291495    31.9284        815     3.3917     2.6041  0.000e+00
     23.986     7.4945   3.291478    31.9284        816     3.3958     2.6042  0.000e+00
     23.949     7.4946   3.291518    31.9287        817     3.4000     2.6038  0.000e+00
     23.915     7.4946   3.291518    31.9288        818     3.4042     2.6036  0.000e+00
     23.888     7.4945   3.291518    31.9289        819     3.4083     2.6032  0.000e+00
     23.859     7.4945   3.291495    31.9286        820     3.4125     2.6030  0.000e+00
     23.834     7.4945   3.291495    31.9287        821     3.4167     2.6034  0.000e+00
     23.799     7.4943   3.291495    31.9288        822     3.4208     2.6038  0.000e+00
     23.762     7.4942   3.291495    31.9290        823     3.4250     2.6046  0.000e+00
     23.725     7.4942   3.291495    31.9290        824     3.4292     2.6046  0.000e+00
     23.671     7.4943   3.291456    31.9285        825     3.4333     2.6037  0.000e+00
     23.608     7.4941   3.291495    31.9291        826     3.4375     2.6045  0.000e+00
     23.539     7.4942   3.291416    31.9282        827     3.4417     2.6035  0.000e+00
     23.469     7.4942   3.291478    31.9290        828     3.4458     2.6043  0.000e+00
     23.395     7.4943   3.291495    31.9290        829     3.4500     2.6041  0.000e+00
     23.324     7.4942   3.291456    31.9287        830     3.4542     2.6040  0.000e+00
     23.250     7.4943   3.291456    31.9287        831     3.4583     2.6046  0.000e+00
     23.176     7.4943   3.291478    31.9289        832     3.4625     2.6051  0.000e+00
     23.108     7.4943   3.291456    31.9287        833     3.4667     2.6045  0.000e+00
     23.046     7.4944   3.291478    31.9289        834     3.4708     2.6060  0.000e+00
     22.999     7.4945   3.291478    31.9289        835     3.4750     2.6058  0.000e+00
     22.948     7.4943   3.291478    31.9290        836     3.4792     2.6059  0.000e+00
     22.909     7.4943   3.291478    31.9291        837     3.4833     2.6055  0.000e+00
     22.876     7.4942   3.291478    31.9292        838     3.4875     2.6054  0.000e+00
     22.849     7.4942   3.291478    31.9293        839     3.4917     2.6062  0.000e+00
     22.822     7.4940   3.291478    31.9294        840     3.4958     2.6050  0.000e+00
     22.791     7.4939   3.291456    31.9293        841     3.5000     2.6064  0.000e+00
     22.760     7.4941   3.291455    31.9291        842     3.5042     2.6053  0.000e+00
     22.728     7.4938   3.291455    31.9294        843     3.5083     2.6048  0.000e+00
     22.697     7.4939   3.291455    31.9293        844     3.5125     2.6054  0.000e+00
     22.650     7.4937   3.291478    31.9297        845     3.5167     2.6052  0.000e+00
     22.605     7.4938   3.291455    31.9295        846     3.5208     2.6072  0.000e+00
     22.560     7.4937   3.291455    31.9295        847     3.5250     2.6055  0.000e+00
     22.506     7.4938   3.291455    31.9295        848     3.5292     2.6052  0.000e+00
     22.457     7.4938   3.291478    31.9298        849     3.5333     2.6061  0.000e+00
     22.401     7.4937   3.291455    31.9296        850     3.5375     2.6057  0.000e+00
     22.347     7.4938   3.291433    31.9293        851     3.5417     2.6068  0.000e+00
     22.296     7.4940   3.291478    31.9297        852     3.5458     2.6076  0.000e+00
     22.244     7.4939   3.291478    31.9298        853     3.5500     2.6064  0.000e+00
     22.191     7.4938   3.291433    31.9294        854     3.5542     2.6054  0.000e+00
     22.141     7.4938   3.291438    31.9294        855     3.5583     2.6072  0.000e+00
     22.096     7.4940   3.291433    31.9293        856     3.5625     2.6055  0.000e+00
     22.061     7.4940   3.291433    31.9293        857     3.5667     2.6055  0.000e+00
     22.025     7.4939   3.291455    31.9296        858     3.5708     2.6050  0.000e+00
     21.986     7.4940   3.291455    31.9296        859     3.5750     2.6056  0.000e+00
     21.944     7.4938   3.291433    31.9295        860     3.5792     2.6037  0.000e+00
     21.902     7.4937   3.291433    31.9296        861     3.5833     2.6043  0.000e+00
     21.861     7.4937   3.291438    31.9297        862     3.5875     2.6046  0.000e+00
     21.819     7.4938   3.291433    31.9296        863     3.5917     2.6043  0.000e+00
     21.772     7.4937   3.291433    31.9297        864     3.5958     2.6035  0.000e+00
     21.718     7.4939   3.291416    31.9293        865     3.6000     2.6036  0.000e+00
     21.653     7.4940   3.291416    31.9293        866     3.6042     2.6049  0.000e+00
     21.593     7.4940   3.291354    31.9286        867     3.6083     2.6039  0.000e+00
     21.527     7.4941   3.291416    31.9293        868     3.6125     2.6057  0.000e+00
     21.452     7.4941   3.291416    31.9293        869     3.6167     2.6054  0.000e+00
     21.380     7.4942   3.291416    31.9292        870     3.6208     2.6064  0.000e+00
     21.308     7.4942   3.291393    31.9290        871     3.6250     2.6068  0.000e+00
     21.239     7.4942   3.291376    31.9289        872     3.6292     2.6052  0.000e+00
     21.165     7.4942   3.291393    31.9291        873     3.6333     2.6056  0.000e+00
     21.093     7.4940   3.291393    31.9293        874     3.6375     2.6056  0.000e+00
     21.017     7.4938   3.291376    31.9293        875     3.6417     2.6063  0.000e+00
     20.941     7.4940   3.291371    31.9291        876     3.6458     2.6055  0.000e+00
     20.871     7.4939   3.291371    31.9293        877     3.6500     2.6068  0.000e+00
     20.806     7.4938   3.291371    31.9293        878     3.6542     2.6068  0.000e+00
     20.744     7.4940   3.291399    31.9296        879     3.6583     2.6060  0.000e+00
     20.685     7.4937   3.291309    31.9288        880     3.6625     2.6076  0.000e+00
     20.636     7.4937   3.291371    31.9296        881     3.6667     2.6087  0.000e+00
     20.598     7.4936   3.291376    31.9297        882     3.6708     2.6076  0.000e+00
     20.558     7.4937   3.291371    31.9296        883     3.6750     2.6071  0.000e+00
     20.529     7.4936   3.291371    31.9297        884     3.6792     2.6071  0.000e+00
     20.500     7.4937   3.291337    31.9293        885     3.6833     2.6077  0.000e+00
     20.477     7.4935   3.291331    31.9293        886     3.6875     2.6081  0.000e+00
     20.444     7.4935   3.291354    31.9297        887     3.6917     2.6077  0.000e+00
     20.419     7.4935   3.291359    31.9297        888     3.6958     2.6067  0.000e+00
     20.394     7.4934   3.291354    31.9297        889     3.7000     2.6079  0.000e+00
     20.363     7.4936   3.291331    31.9293        890     3.7042     2.6071  0.000e+00
     20.327     7.4938   3.291354    31.9294        891     3.7083     2.6068  0.000e+00
     20.280     7.4939   3.291337    31.9292        892     3.7125     2.6075  0.000e+00
     20.224     7.4940   3.291354    31.9293        893     3.7167     2.6059  0.000e+00
     20.162     7.4940   3.291354    31.9293        894     3.7208     2.6065  0.000e+00
     20.101     7.4938   3.291337    31.9293        895     3.7250     2.6051  0.000e+00
     20.034     7.4942   3.291331    31.9290        896     3.7292     2.6055  0.000e+00
     19.960     7.4944   3.291331    31.9288        897     3.7333     2.6057  0.000e+00
     19.886     7.4947   3.291337    31.9286        898     3.7375     2.6080  0.000e+00
     19.810     7.4948   3.291354    31.9287        899     3.7417     2.6067  0.000e+00
     19.736     7.4945   3.291331    31.9288        900     3.7458     2.6077  0.000e+00
     19.676     7.4944   3.291331    31.9289        901     3.7500     2.6070  0.000e+00
     19.626     7.4942   3.291320    31.9290        902     3.7542     2.6059  0.000e+00
     19.573     7.4943   3.291331    31.9291        903     3.7583     2.6059  0.000e+00
     19.537     7.4942   3.291331    31.9292        904     3.7625     2.6038  0.000e+00
     19.501     7.4942   3.291320    31.9291        905     3.7667     2.6056  0.000e+00
     19.474     7.4944   3.291331    31.9290        906     3.7708     2.6078  0.000e+00
     19.450     7.4945   3.291331    31.9290        907     3.7750     2.6072  0.000e+00
     19.431     7.4944   3.291337    31.9291        908     3.7792     2.6052  0.000e+00
