HB2402/sbe125.cnv
* Sea-Bird SBE 19plus V2 Data File:
* FileName = C:\cruise\data\sbe125.hex
* Software Version Seasave V 7.26.7.121
* Temperature SN = 7037
* Conductivity SN = 7037
* System UpLoad Time = May 05 2024 14:36:21
* NMEA Latitude = 43 25.68 N
* NMEA Longitude = 066 57.42 W
* NMEA UTC (Time) = May 05 2024  14:35:12
** Ship: Bigelow
** Cruise:  HB2402
** Program:  Spring Bottom Trawl
# nquan = 8
# nvalues = 3397                                  
# units = specified
# name 0 = depSM: Depth [salt water, m]
# name 1 = tv290C: Temperature [ITS-90, deg C]
# name 2 = c0S/m: Conductivity [S/m]
# name 3 = sal00: Salinity, Practical [PSU]
# name 4 = scan: Scan Count
# name 5 = timeM: Time, Elapsed [minutes]
# name 6 = sbeox0V: Oxygen raw, SBE 43 [V]
# name 7 = flag:  0.000e+00
# span 0 =      0.110,    206.945                 
# span 1 =     5.3388,     7.5765                 
# span 2 =   0.609862,   3.499558                 
# span 3 =     5.3738,    34.0087                 
# span 4 =         11,       3407                 
# span 5 =     0.0417,    14.1917                 
# span 6 =     1.8417,     2.5953                 
# span 7 = 0.0000e+00, 0.0000e+00                 
# interval = seconds: 0.25
# start_time = May 05 2024 14:35:12 [NMEA time, header]
# bad_flag = -9.990e-29
*END*
      3.331     6.0897   3.129916    31.4695         11     0.0417     2.1596  0.000e+00
      3.440     6.0903   3.129999    31.4697         12     0.0458     2.1550  0.000e+00
      3.535     6.0910   3.130054    31.4696         13     0.0500     2.1527  0.000e+00
      3.611     6.0913   3.130076    31.4696         14     0.0542     2.1504  0.000e+00
      3.669     6.0915   3.130103    31.4697         15     0.0583     2.1472  0.000e+00
      3.740     6.0913   3.130076    31.4695         16     0.0625     2.1447  0.000e+00
      3.805     6.0910   3.130114    31.4702         17     0.0667     2.1425  0.000e+00
      3.857     6.0906   3.130054    31.4699         18     0.0708     2.1394  0.000e+00
      3.891     6.0906   3.130076    31.4702         19     0.0750     2.1373  0.000e+00
      3.910     6.0903   3.130169    31.4714         20     0.0792     2.1350  0.000e+00
      3.937     6.0902   3.130131    31.4711         21     0.0833     2.1312  0.000e+00
      3.985     6.0889   3.129922    31.4700         22     0.0875     2.1292  0.000e+00
      4.052     6.0858   3.129900    31.4726         23     0.0917     2.1267  0.000e+00
      4.089     6.0819   3.130114    31.4785         24     0.0958     2.1247  0.000e+00
      4.094     6.0750   3.130252    31.4864         25     0.1000     2.1222  0.000e+00
      4.081     6.0633   3.130076    31.4954         26     0.1042     2.1197  0.000e+00
      4.072     6.0457   3.129977    31.5106         27     0.1083     2.1183  0.000e+00
      4.083     6.0307   3.129801    31.5226         28     0.1125     2.1160  0.000e+00
      4.114     6.0128   3.129697    31.5381         29     0.1167     2.1145  0.000e+00
      4.136     6.0127   3.129664    31.5378         30     0.1208     2.1122  0.000e+00
      4.146     6.0216   3.129648    31.5294         31     0.1250     2.1115  0.000e+00
      4.150     6.0296   3.129570    31.5211         32     0.1292     2.1112  0.000e+00
      4.163     6.0382   3.129455    31.5118         33     0.1333     2.1086  0.000e+00
      4.184     6.0467   3.129394    31.5032         34     0.1375     2.1043  0.000e+00
      4.206     6.0563   3.129433    31.4947         35     0.1417     2.1042  0.000e+00
      4.215     6.0648   3.129455    31.4870         36     0.1458     2.0989  0.000e+00
      4.220     6.0706   3.129449    31.4816         37     0.1500     2.0985  0.000e+00
      4.217     6.0741   3.129471    31.4785         38     0.1542     2.0954  0.000e+00
      4.206     6.0764   3.129454    31.4763         39     0.1583     2.0939  0.000e+00
      4.186     6.0777   3.129471    31.4752         40     0.1625     2.0900  0.000e+00
      4.154     6.0788   3.129432    31.4738         41     0.1667     2.0887  0.000e+00
      4.123     6.0794   3.129410    31.4730         42     0.1708     2.0865  0.000e+00
      4.090     6.0802   3.129333    31.4714         43     0.1750     2.0858  0.000e+00
      4.069     6.0806   3.129267    31.4703         44     0.1792     2.0852  0.000e+00
      4.060     6.0811   3.129317    31.4704         45     0.1833     2.0851  0.000e+00
      4.060     6.0809   3.129333    31.4708         46     0.1875     2.0837  0.000e+00
      4.074     6.0818   3.129355    31.4702         47     0.1917     2.0845  0.000e+00
      4.090     6.0847   3.129372    31.4677         48     0.1958     2.0836  0.000e+00
      4.114     6.0871   3.129410    31.4658         49     0.2000     2.0834  0.000e+00
      4.126     6.0885   3.129493    31.4655         50     0.2042     2.0831  0.000e+00
      4.143     6.0897   3.129531    31.4648         51     0.2083     2.0819  0.000e+00
      4.150     6.0913   3.129608    31.4642         52     0.2125     2.0809  0.000e+00
      4.150     6.0924   3.129647    31.4635         53     0.2167     2.0795  0.000e+00
      4.144     6.0931   3.129707    31.4636         54     0.2208     2.0768  0.000e+00
      4.143     6.0937   3.129746    31.4634         55     0.2250     2.0758  0.000e+00
      4.141     6.0941   3.129762    31.4632         56     0.2292     2.0732  0.000e+00
      4.141     6.0945   3.129762    31.4629         57     0.2333     2.0719  0.000e+00
      4.132     6.0952   3.129713    31.4617         58     0.2375     2.0709  0.000e+00
      4.119     6.0959   3.129707    31.4610         59     0.2417     2.0683  0.000e+00
      4.108     6.0969   3.129685    31.4599         60     0.2458     2.0663  0.000e+00
      4.094     6.0979   3.129663    31.4587         61     0.2500     2.0655  0.000e+00
      4.080     6.0987   3.129685    31.4582         62     0.2542     2.0621  0.000e+00
      4.078     6.0994   3.129724    31.4580         63     0.2583     2.0590  0.000e+00
      4.087     6.0998   3.129762    31.4580         64     0.2625     2.0560  0.000e+00
      4.101     6.1000   3.129779    31.4580         65     0.2667     2.0540  0.000e+00
      4.127     6.1004   3.129784    31.4576         66     0.2708     2.0520  0.000e+00
      4.161     6.1009   3.129762    31.4569         67     0.2750     2.0488  0.000e+00
      4.197     6.1016   3.129746    31.4561         68     0.2792     2.0472  0.000e+00
      4.222     6.1020   3.129724    31.4555         69     0.2833     2.0442  0.000e+00
      4.242     6.1021   3.129707    31.4552         70     0.2875     2.0433  0.000e+00
      4.251     6.1020   3.129647    31.4546         71     0.2917     2.0428  0.000e+00
      4.246     6.1015   3.129531    31.4537         72     0.2958     2.0417  0.000e+00
      4.237     6.1007   3.129454    31.4537         73     0.3000     2.0405  0.000e+00
      4.217     6.0993   3.129471    31.4551         74     0.3042     2.0420  0.000e+00
      4.193     6.0985   3.129493    31.4562         75     0.3083     2.0416  0.000e+00
      4.162     6.0982   3.129493    31.4564         76     0.3125     2.0420  0.000e+00
      4.134     6.0980   3.129432    31.4559         77     0.3167     2.0405  0.000e+00
      4.105     6.0982   3.129278    31.4541         78     0.3208     2.0395  0.000e+00
      4.085     6.0986   3.129102    31.4518         79     0.3250     2.0398  0.000e+00
      4.074     6.0986   3.128987    31.4505         80     0.3292     2.0388  0.000e+00
      4.065     6.0975   3.128965    31.4513         81     0.3333     2.0377  0.000e+00
      4.065     6.0956   3.129003    31.4535         82     0.3375     2.0356  0.000e+00
      4.069     6.0937   3.129042    31.4557         83     0.3417     2.0349  0.000e+00
      4.089     6.0928   3.129025    31.4563         84     0.3458     2.0334  0.000e+00
      4.101     6.0925   3.129025    31.4566         85     0.3500     2.0328  0.000e+00
      4.114     6.0926   3.129020    31.4565         86     0.3542     2.0330  0.000e+00
      4.125     6.0924   3.128965    31.4560         87     0.3583     2.0331  0.000e+00
      4.137     6.0921   3.128926    31.4558         88     0.3625     2.0340  0.000e+00
      4.143     6.0919   3.128904    31.4558         89     0.3667     2.0320  0.000e+00
      4.154     6.0915   3.128866    31.4557         90     0.3708     2.0313  0.000e+00
      4.157     6.0914   3.128827    31.4554         91     0.3750     2.0308  0.000e+00
      4.173     6.0913   3.128811    31.4552         92     0.3792     2.0303  0.000e+00
      4.184     6.0913   3.128794    31.4551         93     0.3833     2.0294  0.000e+00
      4.199     6.0912   3.128772    31.4550         94     0.3875     2.0291  0.000e+00
      4.204     6.0909   3.128750    31.4550         95     0.3917     2.0284  0.000e+00
      4.206     6.0906   3.128695    31.4546         96     0.3958     2.0270  0.000e+00
      4.201     6.0905   3.128613    31.4538         97     0.4000     2.0256  0.000e+00
      4.175     6.0902   3.128574    31.4536         98     0.4042     2.0262  0.000e+00
      4.152     6.0898   3.128536    31.4536         99     0.4083     2.0257  0.000e+00
      4.123     6.0893   3.128492    31.4536        100     0.4125     2.0240  0.000e+00
      4.094     6.0890   3.128442    31.4533        101     0.4167     2.0233  0.000e+00
      4.076     6.0890   3.128343    31.4522        102     0.4208     2.0233  0.000e+00
      4.062     6.0890   3.128283    31.4515        103     0.4250     2.0227  0.000e+00
      4.056     6.0887   3.128266    31.4517        104     0.4292     2.0213  0.000e+00
      4.071     6.0882   3.128266    31.4522        105     0.4333     2.0201  0.000e+00
      4.089     6.0880   3.128305    31.4527        106     0.4375     2.0192  0.000e+00
      4.101     6.0892   3.128305    31.4516        107     0.4417     2.0200  0.000e+00
      4.125     6.0904   3.128266    31.4501        108     0.4458     2.0191  0.000e+00
      4.127     6.0903   3.128228    31.4498        109     0.4500     2.0200  0.000e+00
      4.132     6.0895   3.128228    31.4505        110     0.4542     2.0211  0.000e+00
      4.116     6.0882   3.128189    31.4512        111     0.4583     2.0224  0.000e+00
      4.112     6.0869   3.128129    31.4517        112     0.4625     2.0224  0.000e+00
      4.107     6.0864   3.127991    31.4507        113     0.4667     2.0223  0.000e+00
      4.107     6.0860   3.127980    31.4510        114     0.4708     2.0229  0.000e+00
      4.118     6.0853   3.127975    31.4515        115     0.4750     2.0234  0.000e+00
      4.137     6.0843   3.128090    31.4537        116     0.4792     2.0227  0.000e+00
      4.154     6.0832   3.128145    31.4554        117     0.4833     2.0210  0.000e+00
      4.175     6.0833   3.128145    31.4553        118     0.4875     2.0218  0.000e+00
      4.181     6.0841   3.128090    31.4539        119     0.4917     2.0217  0.000e+00
      4.188     6.0846   3.128019    31.4527        120     0.4958     2.0204  0.000e+00
      4.181     6.0842   3.127991    31.4527        121     0.5000     2.0208  0.000e+00
      4.168     6.0836   3.127991    31.4533        122     0.5042     2.0214  0.000e+00
      4.155     6.0833   3.127937    31.4529        123     0.5083     2.0195  0.000e+00
      4.141     6.0832   3.127816    31.4518        124     0.5125     2.0180  0.000e+00
      4.134     6.0832   3.127700    31.4504        125     0.5167     2.0177  0.000e+00
      4.139     6.0830   3.127684    31.4504        126     0.5208     2.0167  0.000e+00
      4.141     6.0826   3.127755    31.4516        127     0.5250     2.0167  0.000e+00
      4.152     6.0817   3.127915    31.4542        128     0.5292     2.0154  0.000e+00
      4.161     6.0802   3.128052    31.4571        129     0.5333     2.0146  0.000e+00
      4.175     6.0792   3.128091    31.4584        130     0.5375     2.0143  0.000e+00
      4.181     6.0804   3.128069    31.4572        131     0.5417     2.0125  0.000e+00
      4.179     6.0822   3.128052    31.4552        132     0.5458     2.0113  0.000e+00
      4.173     6.0836   3.127937    31.4527        133     0.5500     2.0113  0.000e+00
      4.166     6.0840   3.127794    31.4507        134     0.5542     2.0093  0.000e+00
      4.155     6.0833   3.127739    31.4507        135     0.5583     2.0087  0.000e+00
      4.137     6.0825   3.127700    31.4511        136     0.5625     2.0063  0.000e+00
      4.127     6.0816   3.127546    31.4502        137     0.5667     2.0037  0.000e+00
      4.119     6.0813   3.127546    31.4505        138     0.5708     2.0027  0.000e+00
      4.116     6.0810   3.127601    31.4514        139     0.5750     2.0010  0.000e+00
      4.112     6.0804   3.127585    31.4518        140     0.5792     2.0007  0.000e+00
      4.103     6.0798   3.127552    31.4519        141     0.5833     1.9978  0.000e+00
      4.094     6.0793   3.127486    31.4517        142     0.5875     2.0014  0.000e+00
      4.081     6.0794   3.127447    31.4512        143     0.5917     1.9983  0.000e+00
      4.061     6.0799   3.127409    31.4503        144     0.5958     1.9979  0.000e+00
      4.049     6.0805   3.127348    31.4491        145     0.6000     1.9983  0.000e+00
      4.029     6.0806   3.127293    31.4483        146     0.6042     1.9937  0.000e+00
      4.022     6.0806   3.127178    31.4471        147     0.6083     1.9940  0.000e+00
      4.015     6.0807   3.127161    31.4468        148     0.6125     1.9919  0.000e+00
      4.027     6.0805   3.127233    31.4478        149     0.6167     1.9890  0.000e+00
      4.058     6.0795   3.127392    31.4505        150     0.6208     1.9875  0.000e+00
      4.098     6.0774   3.127585    31.4545        151     0.6250     1.9864  0.000e+00
      4.141     6.0771   3.127662    31.4557        152     0.6292     1.9834  0.000e+00
      4.188     6.0792   3.127684    31.4539        153     0.6333     1.9815  0.000e+00
      4.229     6.0815   3.127673    31.4517        154     0.6375     1.9787  0.000e+00
      4.260     6.0822   3.127623    31.4505        155     0.6417     1.9781  0.000e+00
      4.278     6.0817   3.127447    31.4490        156     0.6458     1.9776  0.000e+00
      4.278     6.0805   3.127293    31.4484        157     0.6500     1.9767  0.000e+00
      4.273     6.0788   3.127392    31.4510        158     0.6542     1.9756  0.000e+00
      4.251     6.0777   3.127348    31.4516        159     0.6583     1.9750  0.000e+00
      4.219     6.0756   3.118962    31.3602        160     0.6625     1.9758  0.000e+00
      4.184     6.0459   3.112582    31.3167        161     0.6667     1.9777  0.000e+00
      4.150     5.9908   3.111973    31.3610        162     0.6708     1.9795  0.000e+00
      4.123     5.9476   3.111913    31.4003        163     0.6750     1.9825  0.000e+00
      4.099     5.9193   3.111913    31.4267        164     0.6792     1.9928  0.000e+00
      4.085     5.9017   3.111914    31.4431        165     0.6833     2.0150  0.000e+00
      4.087     5.8909   3.111952    31.4535        166     0.6875     2.0436  0.000e+00
      4.092     5.8847   3.111952    31.4593        167     0.6917     2.0764  0.000e+00
      4.099     5.8810   3.111952    31.4627        168     0.6958     2.1114  0.000e+00
      4.099     5.8787   3.111936    31.4646        169     0.7000     2.1460  0.000e+00
      4.103     5.8772   3.111897    31.4657        170     0.7042     2.1817  0.000e+00
      4.105     5.8760   3.111914    31.4669        171     0.7083     2.2176  0.000e+00
      4.107     5.8754   3.111897    31.4673        172     0.7125     2.2454  0.000e+00
      4.101     5.8749   3.111897    31.4678        173     0.7167     2.2749  0.000e+00
      4.105     5.8748   3.111897    31.4679        174     0.7208     2.3002  0.000e+00
      4.112     5.8747   3.111859    31.4675        175     0.7250     2.3243  0.000e+00
      4.114     5.8746   3.111799    31.4670        176     0.7292     2.3452  0.000e+00
      4.116     5.8739   3.111793    31.4676        177     0.7333     2.3649  0.000e+00
      4.112     5.8735   3.111744    31.4673        178     0.7375     2.3819  0.000e+00
      4.115     5.8732   3.111799    31.4682        179     0.7417     2.3972  0.000e+00
      4.114     5.8729   3.111799    31.4685        180     0.7458     2.4095  0.000e+00
      4.108     5.8728   3.111799    31.4686        181     0.7500     2.4224  0.000e+00
      4.103     5.8726   3.111733    31.4681        182     0.7542     2.4335  0.000e+00
      4.085     5.8722   3.111760    31.4687        183     0.7583     2.4419  0.000e+00
      4.081     5.8720   3.111837    31.4699        184     0.7625     2.4509  0.000e+00
      4.089     5.8720   3.111897    31.4705        185     0.7667     2.4581  0.000e+00
      4.101     5.8725   3.111936    31.4705        186     0.7708     2.4616  0.000e+00
      4.123     5.8727   3.112057    31.4716        187     0.7750     2.4689  0.000e+00
      4.150     5.8733   3.112150    31.4720        188     0.7792     2.4745  0.000e+00
      4.166     5.8745   3.112111    31.4705        189     0.7833     2.4804  0.000e+00
