HB2402/sbe142.cnv
* Sea-Bird SBE 19plus Data File:
* FileName = C:\cruise\data\sbe142.hex
* Software Version Seasave V 7.26.7.121
* Temperature SN = 4684
* Conductivity SN = 4684
* System UpLoad Time = May 13 2024 08:18:13
* NMEA Latitude = 39 45.30 N
* NMEA Longitude = 072 13.61 W
* NMEA UTC (Time) = May 13 2024  08:16:13
** Ship: Bigelow
** Cruise:  HB2402
** Program:  Springl Bottom Trawl
# nquan = 7
# nvalues = 2149                                  
# units = specified
# name 0 = depSM: Depth [salt water, m]
# name 1 = tv290C: Temperature [ITS-90, deg C]
# name 2 = c0S/m: Conductivity [S/m]
# name 3 = sal00: Salinity, Practical [PSU]
# name 4 = scan: Scan Count
# name 5 = timeM: Time, Elapsed [minutes]
# name 6 = flag:  0.000e+00
# span 0 =     -0.077,     92.009                 
# span 1 =     6.2148,    12.5123                 
# span 2 =   0.000048,   3.985022                 
# span 3 =     0.0044,    34.5605                 
# span 4 =         11,       2159                 
# span 5 =     0.0417,     8.9917                 
# span 6 = 0.0000e+00, 0.0000e+00                 
# interval = seconds: 0.25
# start_time = May 13 2024 08:16:13 [NMEA time, header]
# bad_flag = -9.990e-29
*END*
[from data line 1436]
     35.355     9.9599   3.608127    32.9723       1447     6.0250  0.000e+00
     35.291     9.9567   3.608411    32.9782       1448     6.0292  0.000e+00
     35.236     9.9567   3.607597    32.9699       1449     6.0333  0.000e+00
     35.169     9.9549   3.606809    32.9635       1450     6.0375  0.000e+00
     35.102     9.9518   3.609042    32.9891       1451     6.0417  0.000e+00
     35.038     9.9566   3.608461    32.9789       1452     6.0458  0.000e+00
     34.968     9.9590   3.609427    32.9865       1453     6.0500  0.000e+00
     34.907     9.9627   3.608714    32.9759       1454     6.0542  0.000e+00
     34.840     9.9636   3.608461    32.9725       1455     6.0583  0.000e+00
     34.767     9.9616   3.610159    32.9917       1456     6.0625  0.000e+00
     34.715     9.9671   3.617128    33.0575       1457     6.0667  0.000e+00
     34.658     9.9943   3.617809    33.0396       1458     6.0708  0.000e+00
     34.597    10.0232   3.618674    33.0219       1459     6.0750  0.000e+00
     34.545    10.0380   3.616691    32.9883       1460     6.0792  0.000e+00
     34.487    10.0398   3.616969    32.9895       1461     6.0833  0.000e+00
     34.441    10.0392   3.619540    33.0162       1462     6.0875  0.000e+00
     34.387    10.0466   3.619849    33.0126       1463     6.0917  0.000e+00
     34.329    10.0548   3.621378    33.0207       1464     6.0958  0.000e+00
     34.274    10.0656   3.621965    33.0167       1465     6.1000  0.000e+00
     34.213    10.0749   3.621201    33.0005       1466     6.1042  0.000e+00
     34.152    10.0769   3.620278    32.9894       1467     6.1083  0.000e+00
     34.091    10.0741   3.619463    32.9837       1468     6.1125  0.000e+00
     34.027    10.0685   3.620127    32.9956       1469     6.1167  0.000e+00
     33.966    10.0659   3.619489    32.9915       1470     6.1208  0.000e+00
     33.899    10.0638   3.619286    32.9914       1471     6.1250  0.000e+00
     33.832    10.0619   3.618907    32.9893       1472     6.1292  0.000e+00
     33.765    10.0592   3.617682    32.9794       1473     6.1333  0.000e+00
     33.692    10.0534   3.617480    32.9826       1474     6.1375  0.000e+00
     33.625    10.0480   3.617606    32.9889       1475     6.1417  0.000e+00
     33.561    10.0457   3.617455    32.9895       1476     6.1458  0.000e+00
     33.503    10.0443   3.617354    32.9898       1477     6.1500  0.000e+00
     33.433    10.0434   3.618396    33.0012       1478     6.1542  0.000e+00
     33.366    10.0460   3.618168    32.9966       1479     6.1583  0.000e+00
     33.299    10.0482   3.618295    32.9958       1480     6.1625  0.000e+00
     33.244    10.0499   3.622192    33.0338       1481     6.1667  0.000e+00
     33.193    10.0643   3.624259    33.0417       1482     6.1708  0.000e+00
     33.141    10.0845   3.625403    33.0349       1483     6.1750  0.000e+00
     33.086    10.0999   3.627678    33.0439       1484     6.1792  0.000e+00
     33.034    10.1171   3.630663    33.0584       1485     6.1833  0.000e+00
     32.983    10.1399   3.630333    33.0342       1486     6.1875  0.000e+00
     32.931    10.1523   3.631586    33.0356       1487     6.1917  0.000e+00
     32.885    10.1637   3.634268    33.0524       1488     6.1958  0.000e+00
     32.839    10.1722   3.617017    32.8703       1489     6.2000  0.000e+00
     32.797    10.1310   3.616077    32.8982       1490     6.2042  0.000e+00
     32.742    10.0779   3.624183    33.0287       1491     6.2083  0.000e+00
     32.696    10.0791   3.621225    32.9976       1492     6.2125  0.000e+00
     32.651    10.0840   3.619848    32.9792       1493     6.2167  0.000e+00
     32.602    10.0751   3.622495    33.0142       1494     6.2208  0.000e+00
     32.550    10.0776   3.628646    33.0743       1495     6.2250  0.000e+00
     32.501    10.1078   3.637034    33.1317       1496     6.2292  0.000e+00
     32.453    10.1593   3.633325    33.0471       1497     6.2333  0.000e+00
     32.386    10.1846   3.633862    33.0295       1498     6.2375  0.000e+00
     32.340    10.1909   3.636495    33.0504       1499     6.2417  0.000e+00
     32.300    10.2033   3.635368    33.0277       1500     6.2458  0.000e+00
     32.243    10.2070   3.634881    33.0194       1501     6.2500  0.000e+00
     32.188    10.2060   3.634216    33.0137       1502     6.2542  0.000e+00
     32.133    10.2002   3.633527    33.0120       1503     6.2583  0.000e+00
     32.066    10.1965   3.634292    33.0231       1504     6.2625  0.000e+00
     32.011    10.1967   3.636906    33.0494       1505     6.2667  0.000e+00
     31.947    10.2054   3.639419    33.0669       1506     6.2708  0.000e+00
     31.883    10.2222   3.637905    33.0363       1507     6.2750  0.000e+00
     31.825    10.2322   3.645035    33.0992       1508     6.2792  0.000e+00
     31.761    10.2561   3.646961    33.0969       1509     6.2833  0.000e+00
     31.688    10.2836   3.645085    33.0529       1510     6.2875  0.000e+00
     31.627    10.2957   3.649533    33.0868       1511     6.2917  0.000e+00
     31.560    10.3094   3.652055    33.0997       1512     6.2958  0.000e+00
     31.493    10.3342   3.647859    33.0349       1513     6.3000  0.000e+00
     31.429    10.3407   3.645547    33.0058       1514     6.3042  0.000e+00
     31.374    10.3281   3.649507    33.0571       1515     6.3083  0.000e+00
     31.307    10.3252   3.659393    33.1594       1516     6.3125  0.000e+00
     31.247    10.3688   3.662520    33.1512       1517     6.3167  0.000e+00
     31.186    10.4129   3.659937    33.0851       1518     6.3208  0.000e+00
     31.122    10.4324   3.661663    33.0847       1519     6.3250  0.000e+00
     31.058    10.4392   3.663656    33.0985       1520     6.3292  0.000e+00
     30.997    10.4571   3.666677    33.1127       1521     6.3333  0.000e+00
     30.936    10.4716   3.665769    33.0904       1522     6.3375  0.000e+00
     30.875    10.4800   3.668563    33.1108       1523     6.3417  0.000e+00
     30.811    10.4964   3.668074    33.0910       1524     6.3458  0.000e+00
     30.750    10.5024   3.677839    33.1836       1525     6.3500  0.000e+00
     30.677    10.5421   3.677527    33.1443       1526     6.3542  0.000e+00
     30.616    10.5747   3.681341    33.1530       1527     6.3583  0.000e+00
     30.540    10.6028   3.683764    33.1518       1528     6.3625  0.000e+00
     30.476    10.6301   3.683732    33.1266       1529     6.3667  0.000e+00
     30.412    10.6468   3.685189    33.1261       1530     6.3708  0.000e+00
     30.345    10.6606   3.686703    33.1287       1531     6.3750  0.000e+00
     30.287    10.6743   3.687091    33.1202       1532     6.3792  0.000e+00
     30.229    10.6829   3.690655    33.1480       1533     6.3833  0.000e+00
     30.162    10.7022   3.691151    33.1356       1534     6.3875  0.000e+00
     30.098    10.7187   3.691488    33.1240       1535     6.3917  0.000e+00
     30.053    10.7292   3.691807    33.1177       1536     6.3958  0.000e+00
     30.004    10.7355   3.692169    33.1156       1537     6.4000  0.000e+00
     29.943    10.7405   3.692220    33.1116       1538     6.4042  0.000e+00
     29.900    10.7438   3.692271    33.1091       1539     6.4083  0.000e+00
     29.855    10.7457   3.692583    33.1105       1540     6.4125  0.000e+00
     29.827    10.7480   3.692717    33.1098       1541     6.4167  0.000e+00
     29.785    10.7501   3.692608    33.1069       1542     6.4208  0.000e+00
     29.745    10.7506   3.692666    33.1070       1543     6.4250  0.000e+00
     29.709    10.7514   3.692608    33.1057       1544     6.4292  0.000e+00
     29.666    10.7511   3.692666    33.1065       1545     6.4333  0.000e+00
     29.629    10.7511   3.692844    33.1083       1546     6.4375  0.000e+00
     29.596    10.7519   3.693003    33.1092       1547     6.4417  0.000e+00
     29.559    10.7533   3.693704    33.1150       1548     6.4458  0.000e+00
     29.526    10.7575   3.693996    33.1141       1549     6.4500  0.000e+00
     29.483    10.7622   3.694722    33.1171       1550     6.4542  0.000e+00
     29.441    10.7685   3.695295    33.1171       1551     6.4583  0.000e+00
     29.407    10.7752   3.695404    33.1122       1552     6.4625  0.000e+00
     29.364    10.7800   3.695741    33.1112       1553     6.4667  0.000e+00
     29.328    10.7835   3.696238    33.1130       1554     6.4708  0.000e+00
     29.282    10.7881   3.696314    33.1096       1555     6.4750  0.000e+00
     29.233    10.7916   3.696473    33.1080       1556     6.4792  0.000e+00
     29.185    10.7938   3.696836    33.1097       1557     6.4833  0.000e+00
     29.127    10.7969   3.697174    33.1103       1558     6.4875  0.000e+00
     29.075    10.8000   3.697569    33.1114       1559     6.4917  0.000e+00
     29.014    10.8039   3.698505    33.1172       1560     6.4958  0.000e+00
     28.944    10.8105   3.699346    33.1197       1561     6.5000  0.000e+00
     28.877    10.8185   3.700602    33.1250       1562     6.5042  0.000e+00
     28.810    10.8286   3.701462    33.1245       1563     6.5083  0.000e+00
     28.737    10.8389   3.702481    33.1253       1564     6.5125  0.000e+00
     28.658    10.8486   3.703265    33.1244       1565     6.5167  0.000e+00
     28.585    10.8591   3.704782    33.1300       1566     6.5208  0.000e+00
     28.512    10.8709   3.707403    33.1454       1567     6.5250  0.000e+00
     28.442    10.8885   3.706797    33.1235       1568     6.5292  0.000e+00
     28.378    10.9006   3.706197    33.1067       1569     6.5333  0.000e+00
     28.311    10.9049   3.707192    33.1127       1570     6.5375  0.000e+00
     28.247    10.9083   3.708920    33.1268       1571     6.5417  0.000e+00
     28.192    10.9178   3.711357    33.1425       1572     6.5458  0.000e+00
     28.131    10.9337   3.713564    33.1501       1573     6.5500  0.000e+00
     28.076    10.9526   3.714349    33.1408       1574     6.5542  0.000e+00
     28.030    10.9671   3.714796    33.1322       1575     6.5583  0.000e+00
     27.988    10.9772   3.716002    33.1351       1576     6.5625  0.000e+00
     27.948    10.9863   3.716346    33.1302       1577     6.5667  0.000e+00
     27.899    10.9938   3.717215    33.1322       1578     6.5708  0.000e+00
     27.866    11.0007   3.718000    33.1337       1579     6.5750  0.000e+00
     27.823    11.0087   3.720183    33.1482       1580     6.5792  0.000e+00
     27.775    11.0209   3.721179    33.1471       1581     6.5833  0.000e+00
     27.732    11.0334   3.724054    33.1643       1582     6.5875  0.000e+00
     27.686    11.0504   3.724922    33.1576       1583     6.5917  0.000e+00
     27.644    11.0662   3.726104    33.1550       1584     6.5958  0.000e+00
     27.607    11.0788   3.727159    33.1541       1585     6.6000  0.000e+00
     27.555    11.0900   3.728136    33.1537       1586     6.6042  0.000e+00
     27.503    11.0996   3.728769    33.1513       1587     6.6083  0.000e+00
     27.446    11.1077   3.729561    33.1519       1588     6.6125  0.000e+00
     27.409    11.1155   3.731223    33.1614       1589     6.6167  0.000e+00
     27.339    11.1267   3.734312    33.1818       1590     6.6208  0.000e+00
     27.284    11.1448   3.738303    33.2050       1591     6.6250  0.000e+00
     27.235    11.1718   3.741586    33.2130       1592     6.6292  0.000e+00
     27.175    11.2035   3.747309    33.2410       1593     6.6333  0.000e+00
     27.111    11.2439   3.756337    33.2937       1594     6.6375  0.000e+00
     27.053    11.3039   3.760812    33.2837       1595     6.6417  0.000e+00
     26.992    11.3627   3.762248    33.2448       1596     6.6458  0.000e+00
     26.943    11.4023   3.763473    33.2212       1597     6.6500  0.000e+00
     26.885    11.4265   3.765128    33.2158       1598     6.6542  0.000e+00
     26.846    11.4444   3.766007    33.2083       1599     6.6583  0.000e+00
     26.794    11.4590   3.767316    33.2081       1600     6.6625  0.000e+00
     26.754    11.4712   3.768304    33.2069       1601     6.6667  0.000e+00
     26.715    11.4823   3.769023    33.2039       1602     6.6708  0.000e+00
     26.678    11.4915   3.769530    33.2007       1603     6.6750  0.000e+00
     26.660    11.4982   3.769825    33.1975       1604     6.6792  0.000e+00
     26.620    11.5029   3.770551    33.2005       1605     6.6833  0.000e+00
     26.590    11.5081   3.770763    33.1979       1606     6.6875  0.000e+00
     26.565    11.5123   3.770949    33.1960       1607     6.6917  0.000e+00
     26.538    11.5153   3.771507    33.1988       1608     6.6958  0.000e+00
     26.511    11.5187   3.771725    33.1978       1609     6.7000  0.000e+00
     26.477    11.5221   3.771886    33.1964       1610     6.7042  0.000e+00
     26.450    11.5244   3.772368    33.1991       1611     6.7083  0.000e+00
     26.422    11.5271   3.772528    33.1982       1612     6.7125  0.000e+00
     26.386    11.5301   3.772689    33.1971       1613     6.7167  0.000e+00
     26.343    11.5320   3.772849    33.1970       1614     6.7208  0.000e+00
     26.303    11.5339   3.772977    33.1966       1615     6.7250  0.000e+00
     26.261    11.5354   3.773035    33.1958       1616     6.7292  0.000e+00
     26.203    11.5365   3.773138    33.1959       1617     6.7333  0.000e+00
     26.154    11.5375   3.773356    33.1971       1618     6.7375  0.000e+00
     26.081    11.5386   3.773864    33.2011       1619     6.7417  0.000e+00
     26.011    11.5413   3.773998    33.2001       1620     6.7458  0.000e+00
     25.941    11.5439   3.773780    33.1956       1621     6.7500  0.000e+00
     25.862    11.5448   3.773998    33.1970       1622     6.7542  0.000e+00
     25.783    11.5461   3.774127    33.1971       1623     6.7583  0.000e+00
     25.691    11.5481   3.776568    33.2193       1624     6.7625  0.000e+00
     25.612    11.5574   3.778013    33.2252       1625     6.7667  0.000e+00
     25.518    11.5707   3.778655    33.2195       1626     6.7708  0.000e+00
     25.432    11.5821   3.779137    33.2140       1627     6.7750  0.000e+00
     25.341    11.5902   3.779246    33.2079       1628     6.7792  0.000e+00
     25.259    11.5944   3.779246    33.2042       1629     6.7833  0.000e+00
     25.192    11.5967   3.778976    33.1995       1630     6.7875  0.000e+00
     25.110    11.5970   3.779458    33.2040       1631     6.7917  0.000e+00
     25.052    11.5980   3.779696    33.2054       1632     6.7958  0.000e+00
     24.982    11.6003   3.780827    33.2145       1633     6.8000  0.000e+00
     24.942    11.6054   3.781200    33.2135       1634     6.8042  0.000e+00
     24.896    11.6115   3.781868    33.2147       1635     6.8083  0.000e+00
     24.848    11.6175   3.781952    33.2101       1636     6.8125  0.000e+00
     24.817    11.6211   3.781926    33.2066       1637     6.8167  0.000e+00
     24.781    11.6230   3.781926    33.2049       1638     6.8208  0.000e+00
     24.753    11.6236   3.781926    33.2044       1639     6.8250  0.000e+00
     24.729    11.6240   3.782029    33.2051       1640     6.8292  0.000e+00
     24.707    11.6245   3.781868    33.2031       1641     6.8333  0.000e+00
     24.680    11.6241   3.781733    33.2021       1642     6.8375  0.000e+00
     24.647    11.6228   3.781547    33.2015       1643     6.8417  0.000e+00
     24.625    11.6216   3.781412    33.2013       1644     6.8458  0.000e+00
     24.604    11.6203   3.781572    33.2040       1645     6.8500  0.000e+00
     24.577    11.6200   3.781334    33.2019       1646     6.8542  0.000e+00
     24.540    11.6192   3.781225    33.2016       1647     6.8583  0.000e+00
     24.519    11.6180   3.781386    33.2042       1648     6.8625  0.000e+00
     24.485    11.6179   3.781199    33.2025       1649     6.8667  0.000e+00
     24.446    11.6176   3.781039    33.2012       1650     6.8708  0.000e+00
     24.409    11.6163   3.781309    33.2050       1651     6.8750  0.000e+00
