HB2402/sbe130.cnv
* Sea-Bird SBE 19plus V2 Data File:
* FileName = C:\cruise\data\sbe130.hex
* Software Version Seasave V 7.26.7.121
* Temperature SN = 7037
* Conductivity SN = 7037
* System UpLoad Time = May 08 2024 12:52:11
* NMEA Latitude = 43 18.51 N
* NMEA Longitude = 069 00.29 W
* NMEA UTC (Time) = May 08 2024  12:51:06
** Ship: Bigelow
** Cruise:  HB2402
** Program:  Spring Bottom Trawl
# nquan = 8
# nvalues = 2107                                  
# units = specified
# name 0 = depSM: Depth [salt water, m]
# name 1 = tv290C: Temperature [ITS-90, deg C]
# name 2 = c0S/m: Conductivity [S/m]
# name 3 = sal00: Salinity, Practical [PSU]
# name 4 = scan: Scan Count
# name 5 = timeM: Time, Elapsed [minutes]
# name 6 = sbeox0V: Oxygen raw, SBE 43 [V]
# name 7 = flag:  0.000e+00
# span 0 =     -0.112,    142.788                 
# span 1 =     5.1742,     9.4286                 
# span 2 =   0.233813,   3.372748                 
# span 3 =     1.7725,    33.2072                 
# span 4 =         11,       2117                 
# span 5 =     0.0417,     8.8167                 
# span 6 =     1.8035,     2.8762                 
# span 7 = 0.0000e+00, 0.0000e+00                 
# interval = seconds: 0.25
# start_time = May 08 2024 12:51:06 [NMEA time, header]
# bad_flag = -9.990e-29
*END*
[from data line 1798]
     33.971     5.2395   3.101163    31.9313       1809     7.5333     2.2479  0.000e+00
     33.951     5.2393   3.101086    31.9306       1810     7.5375     2.2479  0.000e+00
     33.935     5.2390   3.101141    31.9315       1811     7.5417     2.2463  0.000e+00
     33.926     5.2388   3.101141    31.9316       1812     7.5458     2.2452  0.000e+00
     33.926     5.2386   3.101202    31.9326       1813     7.5500     2.2455  0.000e+00
     33.933     5.2387   3.101207    31.9325       1814     7.5542     2.2459  0.000e+00
     33.949     5.2388   3.101202    31.9323       1815     7.5583     2.2460  0.000e+00
     33.975     5.2390   3.101218    31.9324       1816     7.5625     2.2454  0.000e+00
     34.002     5.2391   3.101218    31.9322       1817     7.5667     2.2464  0.000e+00
     34.040     5.2391   3.101240    31.9324       1818     7.5708     2.2455  0.000e+00
     34.078     5.2392   3.101267    31.9326       1819     7.5750     2.2458  0.000e+00
     34.116     5.2395   3.101295    31.9327       1820     7.5792     2.2470  0.000e+00
     34.155     5.2398   3.101295    31.9324       1821     7.5833     2.2480  0.000e+00
     34.181     5.2399   3.101317    31.9325       1822     7.5875     2.2466  0.000e+00
     34.206     5.2401   3.101372    31.9329       1823     7.5917     2.2473  0.000e+00
     34.222     5.2404   3.101355    31.9325       1824     7.5958     2.2479  0.000e+00
     34.228     5.2405   3.101377    31.9326       1825     7.6000     2.2489  0.000e+00
     34.224     5.2405   3.101393    31.9327       1826     7.6042     2.2483  0.000e+00
     34.211     5.2407   3.101393    31.9326       1827     7.6083     2.2479  0.000e+00
     34.190     5.2407   3.101410    31.9328       1828     7.6125     2.2484  0.000e+00
     34.164     5.2407   3.101415    31.9329       1829     7.6167     2.2483  0.000e+00
     34.132     5.2408   3.101415    31.9328       1830     7.6208     2.2479  0.000e+00
     34.092     5.2409   3.101393    31.9325       1831     7.6250     2.2493  0.000e+00
     34.056     5.2409   3.101350    31.9320       1832     7.6292     2.2493  0.000e+00
     34.018     5.2408   3.101317    31.9317       1833     7.6333     2.2485  0.000e+00
     33.983     5.2407   3.101317    31.9318       1834     7.6375     2.2502  0.000e+00
     33.947     5.2405   3.101317    31.9320       1835     7.6417     2.2496  0.000e+00
     33.922     5.2404   3.101295    31.9319       1836     7.6458     2.2514  0.000e+00
     33.900     5.2403   3.101267    31.9317       1837     7.6500     2.2509  0.000e+00
     33.882     5.2403   3.101256    31.9316       1838     7.6542     2.2499  0.000e+00
     33.877     5.2401   3.101278    31.9320       1839     7.6583     2.2508  0.000e+00
     33.868     5.2400   3.101256    31.9319       1840     7.6625     2.2499  0.000e+00
     33.870     5.2400   3.101267    31.9320       1841     7.6667     2.2502  0.000e+00
     33.873     5.2400   3.101256    31.9319       1842     7.6708     2.2488  0.000e+00
     33.888     5.2400   3.101278    31.9321       1843     7.6750     2.2495  0.000e+00
     33.898     5.2401   3.101278    31.9320       1844     7.6792     2.2505  0.000e+00
     33.913     5.2400   3.101295    31.9323       1845     7.6833     2.2497  0.000e+00
     33.931     5.2401   3.101311    31.9323       1846     7.6875     2.2508  0.000e+00
     33.942     5.2402   3.101295    31.9321       1847     7.6917     2.2503  0.000e+00
     33.954     5.2401   3.101317    31.9324       1848     7.6958     2.2512  0.000e+00
     33.963     5.2402   3.101295    31.9321       1849     7.7000     2.2507  0.000e+00
     33.967     5.2402   3.101289    31.9320       1850     7.7042     2.2508  0.000e+00
     33.969     5.2403   3.101295    31.9320       1851     7.7083     2.2505  0.000e+00
     33.971     5.2402   3.101295    31.9321       1852     7.7125     2.2508  0.000e+00
     33.958     5.2403   3.101295    31.9320       1853     7.7167     2.2511  0.000e+00
     33.951     5.2401   3.101295    31.9321       1854     7.7208     2.2503  0.000e+00
     33.942     5.2401   3.101289    31.9321       1855     7.7250     2.2515  0.000e+00
     33.934     5.2401   3.101295    31.9322       1856     7.7292     2.2499  0.000e+00
     33.920     5.2400   3.101278    31.9321       1857     7.7333     2.2507  0.000e+00
     33.911     5.2399   3.101295    31.9324       1858     7.7375     2.2496  0.000e+00
     33.914     5.2400   3.101289    31.9323       1859     7.7417     2.2508  0.000e+00
     33.914     5.2398   3.101278    31.9323       1860     7.7458     2.2492  0.000e+00
     33.925     5.2398   3.101278    31.9323       1861     7.7500     2.2492  0.000e+00
     33.941     5.2398   3.101278    31.9323       1862     7.7542     2.2487  0.000e+00
     33.965     5.2399   3.101295    31.9324       1863     7.7583     2.2501  0.000e+00
     33.990     5.2398   3.101328    31.9328       1864     7.7625     2.2494  0.000e+00
     34.019     5.2398   3.101377    31.9334       1865     7.7667     2.2493  0.000e+00
     34.048     5.2403   3.101377    31.9329       1866     7.7708     2.2495  0.000e+00
     34.079     5.2404   3.101393    31.9330       1867     7.7750     2.2491  0.000e+00
     34.104     5.2406   3.101393    31.9327       1868     7.7792     2.2491  0.000e+00
     34.122     5.2408   3.101393    31.9325       1869     7.7833     2.2498  0.000e+00
     34.135     5.2411   3.101355    31.9319       1870     7.7875     2.2498  0.000e+00
     34.142     5.2410   3.101317    31.9315       1871     7.7917     2.2496  0.000e+00
     34.138     5.2408   3.101180    31.9301       1872     7.7958     2.2495  0.000e+00
     34.129     5.2405   3.101147    31.9300       1873     7.8000     2.2492  0.000e+00
     34.111     5.2401   3.101141    31.9304       1874     7.8042     2.2501  0.000e+00
     34.091     5.2396   3.101103    31.9304       1875     7.8083     2.2498  0.000e+00
     34.070     5.2393   3.101065    31.9303       1876     7.8125     2.2494  0.000e+00
     34.044     5.2391   3.101026    31.9301       1877     7.8167     2.2498  0.000e+00
     34.014     5.2390   3.101004    31.9299       1878     7.8208     2.2492  0.000e+00
     33.983     5.2388   3.100988    31.9299       1879     7.8250     2.2496  0.000e+00
     33.952     5.2386   3.100834    31.9284       1880     7.8292     2.2493  0.000e+00
     33.938     5.2382   3.100780    31.9282       1881     7.8333     2.2490  0.000e+00
     33.930     5.2375   3.100785    31.9288       1882     7.8375     2.2487  0.000e+00
     33.921     5.2370   3.100873    31.9304       1883     7.8417     2.2496  0.000e+00
     33.916     5.2369   3.100933    31.9311       1884     7.8458     2.2484  0.000e+00
     33.930     5.2372   3.100971    31.9312       1885     7.8500     2.2480  0.000e+00
     33.950     5.2374   3.100950    31.9308       1886     7.8542     2.2486  0.000e+00
     33.966     5.2376   3.100988    31.9310       1887     7.8583     2.2483  0.000e+00
     33.977     5.2378   3.101010    31.9311       1888     7.8625     2.2479  0.000e+00
     33.986     5.2380   3.100988    31.9306       1889     7.8667     2.2498  0.000e+00
     34.001     5.2382   3.101010    31.9308       1890     7.8708     2.2489  0.000e+00
     33.999     5.2383   3.101026    31.9308       1891     7.8750     2.2484  0.000e+00
     33.990     5.2384   3.101065    31.9311       1892     7.8792     2.2484  0.000e+00
     33.975     5.2386   3.101065    31.9310       1893     7.8833     2.2497  0.000e+00
     33.953     5.2388   3.101163    31.9319       1894     7.8875     2.2499  0.000e+00
     33.921     5.2390   3.101163    31.9318       1895     7.8917     2.2487  0.000e+00
     33.881     5.2393   3.101169    31.9315       1896     7.8958     2.2492  0.000e+00
     33.830     5.2394   3.101163    31.9314       1897     7.9000     2.2498  0.000e+00
     33.778     5.2396   3.101180    31.9315       1898     7.9042     2.2492  0.000e+00
     33.726     5.2396   3.101180    31.9314       1899     7.9083     2.2486  0.000e+00
     33.679     5.2397   3.101207    31.9317       1900     7.9125     2.2496  0.000e+00
     33.624     5.2398   3.101201    31.9316       1901     7.9167     2.2499  0.000e+00
     33.577     5.2397   3.101201    31.9317       1902     7.9208     2.2491  0.000e+00
     33.534     5.2396   3.101201    31.9318       1903     7.9250     2.2486  0.000e+00
     33.505     5.2394   3.101180    31.9317       1904     7.9292     2.2491  0.000e+00
     33.482     5.2393   3.101229    31.9324       1905     7.9333     2.2489  0.000e+00
     33.471     5.2393   3.101218    31.9323       1906     7.9375     2.2488  0.000e+00
     33.482     5.2393   3.101240    31.9325       1907     7.9417     2.2499  0.000e+00
     33.498     5.2395   3.101240    31.9324       1908     7.9458     2.2494  0.000e+00
     33.528     5.2397   3.101267    31.9325       1909     7.9500     2.2500  0.000e+00
     33.575     5.2397   3.101256    31.9323       1910     7.9542     2.2489  0.000e+00
     33.628     5.2399   3.101295    31.9326       1911     7.9583     2.2493  0.000e+00
     33.687     5.2400   3.101317    31.9326       1912     7.9625     2.2489  0.000e+00
     33.747     5.2404   3.101339    31.9325       1913     7.9667     2.2496  0.000e+00
     33.805     5.2407   3.101328    31.9321       1914     7.9708     2.2493  0.000e+00
     33.861     5.2408   3.101339    31.9320       1915     7.9750     2.2488  0.000e+00
     33.910     5.2410   3.101355    31.9320       1916     7.9792     2.2492  0.000e+00
     33.944     5.2411   3.101295    31.9312       1917     7.9833     2.2507  0.000e+00
     33.969     5.2409   3.101289    31.9314       1918     7.9875     2.2503  0.000e+00
     33.978     5.2408   3.101317    31.9318       1919     7.9917     2.2493  0.000e+00
     33.975     5.2405   3.101317    31.9320       1920     7.9958     2.2509  0.000e+00
     33.955     5.2405   3.101317    31.9320       1921     8.0000     2.2492  0.000e+00
     33.933     5.2404   3.101317    31.9322       1922     8.0042     2.2493  0.000e+00
     33.899     5.2404   3.101328    31.9323       1923     8.0083     2.2491  0.000e+00
     33.857     5.2403   3.101295    31.9320       1924     8.0125     2.2488  0.000e+00
     33.810     5.2403   3.101295    31.9321       1925     8.0167     2.2487  0.000e+00
     33.769     5.2401   3.101295    31.9322       1926     8.0208     2.2496  0.000e+00
     33.727     5.2400   3.101267    31.9321       1927     8.0250     2.2483  0.000e+00
     33.702     5.2400   3.101256    31.9320       1928     8.0292     2.2487  0.000e+00
     33.673     5.2399   3.101295    31.9325       1929     8.0333     2.2486  0.000e+00
     33.658     5.2399   3.101317    31.9328       1930     8.0375     2.2483  0.000e+00
     33.651     5.2399   3.101317    31.9328       1931     8.0417     2.2495  0.000e+00
     33.658     5.2399   3.101311    31.9327       1932     8.0458     2.2489  0.000e+00
     33.674     5.2399   3.101317    31.9328       1933     8.0500     2.2498  0.000e+00
     33.703     5.2400   3.101339    31.9329       1934     8.0542     2.2498  0.000e+00
     33.739     5.2401   3.101339    31.9328       1935     8.0583     2.2505  0.000e+00
     33.779     5.2401   3.101355    31.9329       1936     8.0625     2.2494  0.000e+00
     33.832     5.2404   3.101393    31.9331       1937     8.0667     2.2485  0.000e+00
     33.882     5.2405   3.101393    31.9329       1938     8.0708     2.2493  0.000e+00
     33.933     5.2408   3.101393    31.9327       1939     8.0750     2.2505  0.000e+00
     33.978     5.2408   3.101393    31.9326       1940     8.0792     2.2497  0.000e+00
     34.003     5.2409   3.101393    31.9325       1941     8.0833     2.2502  0.000e+00
     34.014     5.2409   3.101393    31.9325       1942     8.0875     2.2505  0.000e+00
     34.003     5.2411   3.101377    31.9322       1943     8.0917     2.2511  0.000e+00
     33.945     5.2408   3.101355    31.9322       1944     8.0958     2.2505  0.000e+00
     33.858     5.2407   3.101339    31.9321       1945     8.1000     2.2500  0.000e+00
     33.766     5.2404   3.101311    31.9321       1946     8.1042     2.2504  0.000e+00
     33.667     5.2404   3.101339    31.9326       1947     8.1083     2.2493  0.000e+00
     33.524     5.2402   3.101338    31.9328       1948     8.1125     2.2495  0.000e+00
     33.381     5.2404   3.101338    31.9326       1949     8.1167     2.2517  0.000e+00
     33.240     5.2401   3.101311    31.9327       1950     8.1208     2.2496  0.000e+00
     33.074     5.2402   3.101316    31.9328       1951     8.1250     2.2515  0.000e+00
     32.872     5.2400   3.101294    31.9328       1952     8.1292     2.2524  0.000e+00
     32.639     5.2395   3.101294    31.9334       1953     8.1333     2.2512  0.000e+00
     32.400     5.2388   3.101294    31.9341       1954     8.1375     2.2524  0.000e+00
     32.182     5.2387   3.101250    31.9339       1955     8.1417     2.2528  0.000e+00
     31.985     5.2386   3.100987    31.9311       1956     8.1458     2.2531  0.000e+00
     31.802     5.2386   3.100719    31.9282       1957     8.1500     2.2533  0.000e+00
     31.602     5.2381   3.100664    31.9281       1958     8.1542     2.2524  0.000e+00
     31.414     5.2375   3.100154    31.9230       1959     8.1583     2.2525  0.000e+00
     31.253     5.2360   3.100083    31.9236       1960     8.1625     2.2521  0.000e+00
     31.103     5.2347   3.100160    31.9258       1961     8.1667     2.2515  0.000e+00
     30.953     5.2341   3.100198    31.9269       1962     8.1708     2.2502  0.000e+00
     30.781     5.2337   3.100083    31.9261       1963     8.1750     2.2509  0.000e+00
     30.606     5.2334   3.099409    31.9187       1964     8.1792     2.2496  0.000e+00
     30.420     5.2324   3.098773    31.9125       1965     8.1833     2.2507  0.000e+00
     30.238     5.2308   3.097852    31.9037       1966     8.1875     2.2508  0.000e+00
     30.042     5.2280   3.097814    31.9060       1967     8.1917     2.2505  0.000e+00
     29.822     5.2267   3.097491    31.9037       1968     8.1958     2.2484  0.000e+00
     29.580     5.2264   3.096236    31.8898       1969     8.2000     2.2502  0.000e+00
     29.323     5.2247   3.095464    31.8828       1970     8.2042     2.2499  0.000e+00
     29.081     5.2227   3.095639    31.8867       1971     8.2083     2.2499  0.000e+00
     28.828     5.2249   3.100115    31.9358       1972     8.2125     2.2503  0.000e+00
     28.550     5.2417   3.100679    31.9263       1973     8.2167     2.2508  0.000e+00
     28.277     5.2614   3.096948    31.8651       1974     8.2208     2.2528  0.000e+00
     28.006     5.2649   3.096520    31.8571       1975     8.2250     2.2531  0.000e+00
     27.755     5.2630   3.094253    31.8333       1976     8.2292     2.2533  0.000e+00
     27.517     5.2552   3.092747    31.8236       1977     8.2333     2.2546  0.000e+00
     27.282     5.2439   3.092161    31.8278       1978     8.2375     2.2544  0.000e+00
     27.050     5.2343   3.091855    31.8336       1979     8.2417     2.2568  0.000e+00
     26.837     5.2282   3.091833    31.8393       1980     8.2458     2.2578  0.000e+00
     26.644     5.2253   3.092063    31.8447       1981     8.2500     2.2590  0.000e+00
     26.460     5.2251   3.093004    31.8557       1982     8.2542     2.2586  0.000e+00
     26.284     5.2291   3.093738    31.8604       1983     8.2583     2.2602  0.000e+00
     26.111     5.2365   3.094329    31.8602       1984     8.2625     2.2598  0.000e+00
     25.934     5.2455   3.094680    31.8557       1985     8.2667     2.2612  0.000e+00
     25.769     5.2540   3.095118    31.8526       1986     8.2708     2.2609  0.000e+00
     25.601     5.2620   3.095561    31.8502       1987     8.2750     2.2630  0.000e+00
