HB2402/sbe134.cnv
* Sea-Bird SBE 19plus Data File:
* FileName = C:\cruise\data\sbe134.hex
* Software Version Seasave V 7.26.7.121
* Temperature SN = 4684
* Conductivity SN = 4684
* System UpLoad Time = May 10 2024 17:19:57
* NMEA Latitude = 43 23.24 N
* NMEA Longitude = 070 02.28 W
* NMEA UTC (Time) = May 10 2024  17:18:55
** Ship: Bigelow
** Cruise:  HB2402
** Program:  Springl Bottom Trawl
# nquan = 7
# nvalues = 1476                                  
# units = specified
# name 0 = depSM: Depth [salt water, m]
# name 1 = tv290C: Temperature [ITS-90, deg C]
# name 2 = c0S/m: Conductivity [S/m]
# name 3 = sal00: Salinity, Practical [PSU]
# name 4 = scan: Scan Count
# name 5 = timeM: Time, Elapsed [minutes]
# name 6 = flag:  0.000e+00
# span 0 =      0.102,    134.708                 
# span 1 =     5.7044,    10.5959                 
# span 2 =  -0.000002,   3.303134                 
# span 3 =     0.0000,    31.1051                 
# span 4 =         11,       1486                 
# span 5 =     0.0417,     6.1875                 
# span 6 = 0.0000e+00, 0.0000e+00                 
# interval = seconds: 0.25
# start_time = May 10 2024 17:18:55 [NMEA time, header]
# bad_flag = -9.990e-29
*END*
[from data line 1231]
     45.563     5.9840   3.053132    30.6927       1242     5.1708  0.000e+00
     45.380     5.9823   3.052210    30.6840       1243     5.1750  0.000e+00
     45.198     5.9804   3.056178    30.7299       1244     5.1792  0.000e+00
     45.012     5.9781   3.054865    30.7176       1245     5.1833  0.000e+00
     44.838     5.9762   3.054516    30.7155       1246     5.1875  0.000e+00
     44.668     5.9742   3.024696    30.3861       1247     5.1917  0.000e+00
     44.503     5.9718   3.046003    30.6250       1248     5.1958  0.000e+00
     44.327     5.9692   3.050903    30.6819       1249     5.2000  0.000e+00
     44.150     5.9671   3.050063    30.6745       1250     5.2042  0.000e+00
     43.976     5.9650   3.052582    30.7045       1251     5.2083  0.000e+00
     43.803     5.9627   3.047516    30.6503       1252     5.2125  0.000e+00
     43.623     5.9604   3.045424    30.6293       1253     5.2167  0.000e+00
     43.431     5.9580   3.036779    30.5355       1254     5.2208  0.000e+00
     43.233     5.9557   3.047699    30.6590       1255     5.2250  0.000e+00
     43.023     5.9540   3.052440    30.7134       1256     5.2292  0.000e+00
     42.807     5.9522   3.049472    30.6821       1257     5.2333  0.000e+00
     42.588     5.9504   3.048644    30.6746       1258     5.2375  0.000e+00
     42.356     5.9483   3.052061    30.7147       1259     5.2417  0.000e+00
     42.113     5.9464   3.040787    30.5911       1260     5.2458  0.000e+00
     41.881     5.9447   3.050347    30.6991       1261     5.2500  0.000e+00
     41.656     5.9429   3.034171    30.5209       1262     5.2542  0.000e+00
     41.425     5.9411   3.029712    30.4731       1263     5.2583  0.000e+00
     41.214     5.9394   3.037145    30.5573       1264     5.2625  0.000e+00
     40.998     5.9377   3.029865    30.4780       1265     5.2667  0.000e+00
     40.788     5.9349   3.033634    30.5226       1266     5.2708  0.000e+00
     40.599     5.9310   3.034442    30.5351       1267     5.2750  0.000e+00
     40.426     5.9286   3.023664    30.4176       1268     5.2792  0.000e+00
     40.240     5.9272   3.048230    30.6922       1269     5.2833  0.000e+00
     40.066     5.9255   3.043657    30.6429       1270     5.2875  0.000e+00
     39.881     5.9242   3.040875    30.6132       1271     5.2917  0.000e+00
     39.686     5.9227   3.038201    30.5849       1272     5.2958  0.000e+00
     39.506     5.9211   3.040214    30.6088       1273     5.3000  0.000e+00
     39.314     5.9196   3.044094    30.6534       1274     5.3042  0.000e+00
     39.125     5.9180   3.050210    30.7231       1275     5.3083  0.000e+00
     38.918     5.9159   3.049844    30.7210       1276     5.3125  0.000e+00
     38.714     5.9138   3.036637    30.5760       1277     5.3167  0.000e+00
     38.523     5.9118   3.034099    30.5496       1278     5.3208  0.000e+00
     38.361     5.9101   3.039942    30.6163       1279     5.3250  0.000e+00
     38.188     5.9085   3.034807    30.5607       1280     5.3292  0.000e+00
     38.020     5.9067   3.041820    30.6404       1281     5.3333  0.000e+00
     37.868     5.9051   3.046339    30.6923       1282     5.3375  0.000e+00
     37.709     5.9033   3.037262    30.5929       1283     5.3417  0.000e+00
     37.566     5.9016   3.041843    30.6455       1284     5.3458  0.000e+00
     37.402     5.8997   3.040125    30.6282       1285     5.3500  0.000e+00
     37.228     5.8976   3.037628    30.6024       1286     5.3542  0.000e+00
     37.049     5.8954   3.036158    30.5881       1287     5.3583  0.000e+00
     36.842     5.8927   3.046014    30.7003       1288     5.3625  0.000e+00
     36.634     5.8895   3.043013    30.6699       1289     5.3667  0.000e+00
     36.409     5.8874   3.036619    30.6008       1290     5.3708  0.000e+00
     36.178     5.8861   3.043266    30.6761       1291     5.3750  0.000e+00
     35.928     5.8848   3.042794    30.6721       1292     5.3792  0.000e+00
     35.657     5.8835   3.041902    30.6635       1293     5.3833  0.000e+00
     35.389     5.8822   3.046250    30.7132       1294     5.3875  0.000e+00
     35.133     5.8806   3.036801    30.6095       1295     5.3917  0.000e+00
     34.862     5.8789   3.044713    30.6994       1296     5.3958  0.000e+00
     34.603     5.8768   3.044696    30.7012       1297     5.4000  0.000e+00
     34.332     5.8748   3.035839    30.6045       1298     5.4042  0.000e+00
     34.086     5.8728   3.025990    30.4966       1299     5.4083  0.000e+00
     33.836     5.8708   3.038082    30.6333       1300     5.4125  0.000e+00
     33.601     5.8684   3.035497    30.6068       1301     5.4167  0.000e+00
     33.373     5.8663   3.033850    30.5904       1302     5.4208  0.000e+00
     33.157     5.8644   3.043632    30.7012       1303     5.4250  0.000e+00
     32.959     5.8625   3.042185    30.6869       1304     5.4292  0.000e+00
     32.788     5.8611   3.034901    30.6071       1305     5.4333  0.000e+00
     32.624     5.8589   3.006511    30.2930       1306     5.4375  0.000e+00
     32.478     5.8561   3.034145    30.6034       1307     5.4417  0.000e+00
     32.344     5.8544   3.040378    30.6745       1308     5.4458  0.000e+00
     32.225     5.8531   3.041364    30.6866       1309     5.4500  0.000e+00
     32.094     5.8518   3.040354    30.6767       1310     5.4542  0.000e+00
     31.966     5.8500   3.043165    30.7097       1311     5.4583  0.000e+00
     31.823     5.8478   3.021612    30.4715       1312     5.4625  0.000e+00
     31.680     5.8451   3.033001    30.6009       1313     5.4667  0.000e+00
     31.531     5.8429   3.027175    30.5380       1314     5.4708  0.000e+00
     31.357     5.8413   3.023756    30.5014       1315     5.4750  0.000e+00
     31.177     5.8396   3.040077    30.6851       1316     5.4792  0.000e+00
     30.973     5.8375   3.014882    30.4062       1317     5.4833  0.000e+00
     30.760     5.8355   3.042557    30.7166       1318     5.4875  0.000e+00
     30.529     5.8340   3.031473    30.5945       1319     5.4917  0.000e+00
     30.297     5.8326   2.993593    30.1737       1320     5.4958  0.000e+00
     30.050     5.8312   3.038535    30.6760       1321     5.5000  0.000e+00
     29.816     5.8291   3.024487    30.5213       1322     5.5042  0.000e+00
     29.581     5.8267   3.044275    30.7444       1323     5.5083  0.000e+00
     29.353     5.8243   3.005294    30.3119       1324     5.5125  0.000e+00
     29.140     5.8224   3.044736    30.7537       1325     5.5167  0.000e+00
     28.915     5.8208   3.018885    30.4668       1326     5.5208  0.000e+00
     28.714     5.8192   3.030075    30.5932       1327     5.5250  0.000e+00
     28.506     5.8171   3.036723    30.6693       1328     5.5292  0.000e+00
     28.315     5.8150   3.035655    30.6594       1329     5.5333  0.000e+00
     28.132     5.8123   3.037945    30.6875       1330     5.5375  0.000e+00
     27.949     5.8097   3.036753    30.6766       1331     5.5417  0.000e+00
     27.763     5.8081   3.038334    30.6959       1332     5.5458  0.000e+00
     27.581     5.8067   3.002913    30.3020       1333     5.5500  0.000e+00
     27.413     5.8055   3.036251    30.6751       1334     5.5542  0.000e+00
     27.237     5.8039   3.026307    30.5656       1335     5.5583  0.000e+00
     27.066     5.8020   3.016606    30.4592       1336     5.5625  0.000e+00
     26.877     5.8002   3.039887    30.7208       1337     5.5667  0.000e+00
     26.691     5.7988   3.036800    30.6877       1338     5.5708  0.000e+00
     26.518     5.7969   3.037579    30.6982       1339     5.5750  0.000e+00
     26.326     5.7945   3.039391    30.7207       1340     5.5792  0.000e+00
     26.140     5.7926   3.030145    30.6192       1341     5.5833  0.000e+00
     25.930     5.7909   3.038493    30.7141       1342     5.5875  0.000e+00
     25.708     5.7894   3.038794    30.7190       1343     5.5917  0.000e+00
     25.473     5.7876   3.028081    30.6010       1344     5.5958  0.000e+00
     25.242     5.7854   3.019473    30.5071       1345     5.6000  0.000e+00
     25.013     5.7831   3.029708    30.6235       1346     5.6042  0.000e+00
     24.779     5.7810   3.038954    30.7289       1347     5.6083  0.000e+00
     24.544     5.7789   3.038723    30.7283       1348     5.6125  0.000e+00
     24.319     5.7772   3.033023    30.6662       1349     5.6167  0.000e+00
     24.084     5.7754   3.033542    30.6738       1350     5.6208  0.000e+00
     23.847     5.7734   3.033477    30.6750       1351     5.6250  0.000e+00
     23.622     5.7719   3.021864    30.5467       1352     5.6292  0.000e+00
     23.405     5.7709   2.956978    29.8241       1353     5.6333  0.000e+00
     23.183     5.7699   2.964565    29.9096       1354     5.6375  0.000e+00
     22.973     5.7688   2.945972    29.7036       1355     5.6417  0.000e+00
     22.763     5.7676   2.967156    29.9406       1356     5.6458  0.000e+00
     22.546     5.7657   2.998958    30.2971       1357     5.6500  0.000e+00
     22.324     5.7639   2.980125    30.0887       1358     5.6542  0.000e+00
     22.114     5.7624   3.015928    30.4897       1359     5.6583  0.000e+00
     21.907     5.7609   3.023572    30.5766       1360     5.6625  0.000e+00
     21.703     5.7593   3.008844    30.4135       1361     5.6667  0.000e+00
     21.514     5.7576   2.989178    30.1957       1362     5.6708  0.000e+00
     21.322     5.7560   3.012567    30.4583       1363     5.6750  0.000e+00
     21.149     5.7545   3.005427    30.3800       1364     5.6792  0.000e+00
     20.984     5.7527   3.013585    30.4728       1365     5.6833  0.000e+00
     20.829     5.7508   3.016110    30.5028       1366     5.6875  0.000e+00
     20.680     5.7492   3.006668    30.3989       1367     5.6917  0.000e+00
     20.530     5.7476   3.015039    30.4939       1368     5.6958  0.000e+00
     20.375     5.7460   3.022682    30.5809       1369     5.7000  0.000e+00
     20.208     5.7443   3.020750    30.5608       1370     5.7042  0.000e+00
     20.034     5.7426   3.021704    30.5732       1371     5.7083  0.000e+00
     19.854     5.7406   3.022682    30.5860       1372     5.7125  0.000e+00
     19.656     5.7387   3.027331    30.6398       1373     5.7167  0.000e+00
     19.437     5.7372   3.019766    30.5566       1374     5.7208  0.000e+00
     19.206     5.7359   3.020243    30.5633       1375     5.7250  0.000e+00
     18.965     5.7345   3.017128    30.5298       1376     5.7292  0.000e+00
     18.718     5.7336   3.026123    30.6314       1377     5.7333  0.000e+00
     18.450     5.7325   3.023453    30.6026       1378     5.7375  0.000e+00
     18.188     5.7312   3.013014    30.4872       1379     5.7417  0.000e+00
     17.926     5.7296   3.025692    30.6305       1380     5.7458  0.000e+00
     17.689     5.7281   3.019948    30.5678       1381     5.7500  0.000e+00
     17.463     5.7269   3.020449    30.5746       1382     5.7542  0.000e+00
     17.235     5.7257   3.025439    30.6316       1383     5.7583  0.000e+00
     17.037     5.7244   3.022958    30.6051       1384     5.7625  0.000e+00
     16.836     5.7231   3.031305    30.6998       1385     5.7667  0.000e+00
     16.665     5.7221   3.030143    30.6877       1386     5.7708  0.000e+00
     16.483     5.7212   3.027242    30.6562       1387     5.7750  0.000e+00
     16.315     5.7203   3.027997    30.6655       1388     5.7792  0.000e+00
     16.154     5.7191   3.024991    30.6331       1389     5.7833  0.000e+00
     15.968     5.7177   3.029471    30.6845       1390     5.7875  0.000e+00
     15.801     5.7167   3.030939    30.7020       1391     5.7917  0.000e+00
     15.624     5.7155   3.024484    30.6309       1392     5.7958  0.000e+00
     15.438     5.7145   3.022092    30.6051       1393     5.8000  0.000e+00
     15.258     5.7133   3.026328    30.6538       1394     5.8042  0.000e+00
     15.063     5.7119   3.021679    30.6030       1395     5.8083  0.000e+00
     14.850     5.7105   3.027719    30.6720       1396     5.8125  0.000e+00
     14.640     5.7096   3.027218    30.6673       1397     5.8167  0.000e+00
     14.424     5.7087   3.018899    30.5751       1398     5.8208  0.000e+00
     14.186     5.7079   3.019070    30.5779       1399     5.8250  0.000e+00
     13.964     5.7071   3.019335    30.5817       1400     5.8292  0.000e+00
     13.733     5.7065   3.027560    30.6744       1401     5.8333  0.000e+00
     13.510     5.7059   3.025438    30.6513       1402     5.8375  0.000e+00
     13.291     5.7054   3.026876    30.6680       1403     5.8417  0.000e+00
     13.072     5.7050   3.026239    30.6613       1404     5.8458  0.000e+00
     12.855     5.7048   3.020383    30.5961       1405     5.8500  0.000e+00
     12.645     5.7044   3.027996    30.6817       1406     5.8542  0.000e+00
     12.435     5.7044   3.021608    30.6103       1407     5.8583  0.000e+00
     12.222     5.7048   3.024182    30.6389       1408     5.8625  0.000e+00
     12.018     5.7049   3.024884    30.6467       1409     5.8667  0.000e+00
     11.792     5.7055   3.028143    30.6828       1410     5.8708  0.000e+00
     11.573     5.7060   3.028155    30.6826       1411     5.8750  0.000e+00
     11.375     5.7065   3.027765    30.6779       1412     5.8792  0.000e+00
     11.159     5.7071   3.027011    30.6689       1413     5.8833  0.000e+00
     10.936     5.7078   3.027653    30.6756       1414     5.8875  0.000e+00
     10.723     5.7086   3.027471    30.6729       1415     5.8917  0.000e+00
     10.495     5.7096   3.027559    30.6731       1416     5.8958  0.000e+00
     10.269     5.7107   3.027058    30.6667       1417     5.9000  0.000e+00
     10.038     5.7118   3.027252    30.6679       1418     5.9042  0.000e+00
      9.806     5.7134   3.026804    30.6615       1419     5.9083  0.000e+00
      9.578     5.7148   3.026851    30.6609       1420     5.9125  0.000e+00
      9.343     5.7166   3.026804    30.6588       1421     5.9167  0.000e+00
      9.124     5.7185   3.026922    30.6585       1422     5.9208  0.000e+00
      8.908     5.7208   3.027169    30.6594       1423     5.9250  0.000e+00
      8.695     5.7233   3.026898    30.6541       1424     5.9292  0.000e+00
      8.500     5.7253   3.026827    30.6516       1425     5.9333  0.000e+00
      8.317     5.7273   3.026786    30.6494       1426     5.9375  0.000e+00
      8.149     5.7299   3.026603    30.6451       1427     5.9417  0.000e+00
      7.985     5.7332   3.027033    30.6469       1428     5.9458  0.000e+00
      7.811     5.7366   3.027033    30.6440       1429     5.9500  0.000e+00
      7.647     5.7399   3.026167    30.6314       1430     5.9542  0.000e+00
      7.467     5.7432   2.997779    30.3112       1431     5.9583  0.000e+00
      7.281     5.7463   2.990476    30.2269       1432     5.9625  0.000e+00
      7.084     5.7500   2.985596    30.1693       1433     5.9667  0.000e+00
      6.879     5.7539   2.981492    30.1200       1434     5.9708  0.000e+00
      6.669     5.7570   2.991697    30.2312       1435     5.9750  0.000e+00
      6.441     5.7588   3.019468    30.5399       1436     5.9792  0.000e+00
      6.197     5.7574   3.006734    30.3990       1437     5.9833  0.000e+00
      5.957     5.7574   1.401973    13.2084       1438     5.9875  0.000e+00
      5.725     5.7564   0.548394     4.8114       1439     5.9917  0.000e+00
      5.506     5.7482   0.753217     6.7611       1440     5.9958  0.000e+00
      5.290     5.7420   0.720003     6.4429       1441     6.0000  0.000e+00
      5.067     5.7400   0.522128     4.5679       1442     6.0042  0.000e+00
      4.863     5.7423   0.830341     7.5089       1443     6.0083  0.000e+00
      4.674     5.7509   0.745489     6.6862       1444     6.0125  0.000e+00
      4.485     5.7598   0.420011     3.6196       1445     6.0167  0.000e+00
