HB2402/sbe133.cnv
* Sea-Bird SBE 19plus V2 Data File:
* FileName = C:\cruise\data\sbe133.hex
* Software Version Seasave V 7.26.7.121
* Temperature SN = 7037
* Conductivity SN = 7037
* System UpLoad Time = May 10 2024 15:36:37
* NMEA Latitude = 43 22.41 N
* NMEA Longitude = 070 05.11 W
* NMEA UTC (Time) = May 10 2024  15:35:34
** Ship: Bigelow
** Cruise:  HB2402
** Program:  Spring Bottom Trawl
# nquan = 8
# nvalues = 1290                                  
# units = specified
# name 0 = depSM: Depth [salt water, m]
# name 1 = tv290C: Temperature [ITS-90, deg C]
# name 2 = c0S/m: Conductivity [S/m]
# name 3 = sal00: Salinity, Practical [PSU]
# name 4 = scan: Scan Count
# name 5 = timeM: Time, Elapsed [minutes]
# name 6 = sbeox0V: Oxygen raw, SBE 43 [V]
# name 7 = flag:  0.000e+00
# span 0 =     -0.059,  31865.243                 
# span 1 =   -99.0000,    12.1828                 
# span 2 =   0.000039,  99.000000                 
# span 3 =     0.0062,  1999.0000                 
# span 4 =         11,       1300                 
# span 5 =     0.0417,     5.4125                 
# span 6 =    -0.3056,     5.6558                 
# span 7 = 0.0000e+00, 0.0000e+00                 
# interval = seconds: 0.25
# start_time = May 10 2024 15:35:34 [NMEA time, header]
# bad_flag = -9.990e-29
*END*
[from data line 899]
    124.459     6.5896   3.292917    32.7455        910     3.7875     1.8336  0.000e+00
    124.650     6.5928   3.293192    32.7453        911     3.7917     1.8314  0.000e+00
    124.835     6.5955   3.293540    32.7465        912     3.7958     1.8298  0.000e+00
    125.014     6.5983   3.294241    32.7514        913     3.8000     1.8293  0.000e+00
    125.185     6.6019   3.294516    32.7510        914     3.8042     1.8279  0.000e+00
    125.346     6.6052   3.294656    32.7493        915     3.8083     1.8269  0.000e+00
    125.502     6.6078   3.294903    32.7495        916     3.8125     1.8268  0.000e+00
    125.644     6.6100   3.294931    32.7476        917     3.8167     1.8255  0.000e+00
    125.782     6.6114   3.295111    32.7482        918     3.8208     1.8252  0.000e+00
    125.906     6.6125   3.295358    32.7497        919     3.8250     1.8226  0.000e+00
    126.024     6.6140   3.295246    32.7470        920     3.8292     1.8220  0.000e+00
    126.138     6.6150   3.295420    32.7479        921     3.8333     1.8213  0.000e+00
    126.259     6.6157   3.295689    32.7502        922     3.8375     1.8208  0.000e+00
    126.376     6.6170   3.296032    32.7526        923     3.8417     1.8203  0.000e+00
    126.497     6.6190   3.296166    32.7521        924     3.8458     1.8187  0.000e+00
    126.624     6.6209   3.296206    32.7507        925     3.8500     1.8190  0.000e+00
    126.747     6.6221   3.296290    32.7505        926     3.8542     1.8186  0.000e+00
    126.875     6.6231   3.296559    32.7524        927     3.8583     1.8187  0.000e+00
    127.009     6.6242   3.296784    32.7537        928     3.8625     1.8165  0.000e+00
    127.150     6.6257   3.296705    32.7513        929     3.8667     1.8182  0.000e+00
    127.298     6.6269   3.296930    32.7527        930     3.8708     1.8193  0.000e+00
    127.448     6.6277   3.297508    32.7581        931     3.8750     1.8158  0.000e+00
    127.609     6.6298   3.298024    32.7617        932     3.8792     1.8161  0.000e+00
    127.770     6.6333   3.300181    32.7821        933     3.8833     1.8158  0.000e+00
    127.925     6.6405   3.300321    32.7767        934     3.8875     1.8152  0.000e+00
    128.097     6.6464   3.304668    32.8188        935     3.8917     1.8139  0.000e+00
    128.260     6.6597   3.306152    32.8224        936     3.8958     1.8135  0.000e+00
    128.421     6.6749   3.307096    32.8181        937     3.9000     1.8160  0.000e+00
    128.585     6.6879   3.305994    32.7935        938     3.9042     1.8129  0.000e+00
    128.739     6.6938   3.306640    32.7948        939     3.9083     1.8142  0.000e+00
    128.896     6.6971   3.307635    32.8026        940     3.9125     1.8125  0.000e+00
    129.052     6.7021   3.308012    32.8018        941     3.9167     1.8126  0.000e+00
    129.202     6.7067   3.307967    32.7968        942     3.9208     1.8110  0.000e+00
    129.357     6.7098   3.307882    32.7929        943     3.9250     1.8100  0.000e+00
    129.500     6.7115   3.308248    32.7952        944     3.9292     1.8081  0.000e+00
    129.646     6.7133   3.308298    32.7940        945     3.9333     1.8077  0.000e+00
    129.795     6.7146   3.308900    32.7993        946     3.9375     1.8058  0.000e+00
    129.937     6.7168   3.309080    32.7991        947     3.9417     1.8033  0.000e+00
    130.080     6.7193   3.309215    32.7981        948     3.9458     1.8027  0.000e+00
    130.214     6.7214   3.309378    32.7978        949     3.9500     1.8015  0.000e+00
    130.351     6.7230   3.309322    32.7956        950     3.9542     1.8019  0.000e+00
    130.491     6.7239   3.309277    32.7942        951     3.9583     1.8005  0.000e+00
    130.628     6.7240   3.309091    32.7920        952     3.9625     1.7990  0.000e+00
    130.771     6.7232   3.308984    32.7915        953     3.9667     1.7971  0.000e+00
    130.921     6.7221   3.309024    32.7929        954     3.9708     1.7968  0.000e+00
    131.071     6.7211   3.309046    32.7940        955     3.9750     1.7957  0.000e+00
    131.224     6.7205   3.309103    32.7952        956     3.9792     1.7942  0.000e+00
    131.382     6.7199   3.309091    32.7956        957     3.9833     1.7942  0.000e+00
    131.541     6.7193   3.309153    32.7968        958     3.9875     1.7933  0.000e+00
    131.696     6.7186   3.309198    32.7979        959     3.9917     1.7921  0.000e+00
    131.857     6.7180   3.309255    32.7989        960     3.9958     1.7928  0.000e+00
    132.016     6.7175   3.309322    32.8001        961     4.0000     1.7900  0.000e+00
    132.175     6.7174   3.309339    32.8003        962     4.0042     1.7906  0.000e+00
    132.340     6.7171   3.309378    32.8009        963     4.0083     1.7912  0.000e+00
    132.499     6.7171   3.309378    32.8009        964     4.0125     1.7911  0.000e+00
    132.665     6.7171   3.309339    32.8003        965     4.0167     1.7907  0.000e+00
    132.831     6.7167   3.309255    32.7997        966     4.0208     1.7906  0.000e+00
    132.994     6.7160   3.309261    32.8004        967     4.0250     1.7910  0.000e+00
    133.161     6.7152   3.309255    32.8010        968     4.0292     1.7897  0.000e+00
    133.325     6.7145   3.309379    32.8030        969     4.0333     1.7895  0.000e+00
    133.488     6.7139   3.309536    32.8052        970     4.0375     1.7896  0.000e+00
    133.652     6.7135   3.309587    32.8061        971     4.0417     1.7900  0.000e+00
    133.813     6.7133   3.309756    32.8080        972     4.0458     1.7885  0.000e+00
    133.967     6.7132   3.310312    32.8141        973     4.0500     1.7879  0.000e+00
    134.117     6.7143   3.310813    32.8185        974     4.0542     1.7890  0.000e+00
    134.260     6.7161   3.311313    32.8222        975     4.0583     1.7884  0.000e+00
    134.403     6.7186   3.312016    32.8275        976     4.0625     1.7906  0.000e+00
    134.534     6.7218   3.312308    32.8276        977     4.0667     1.7892  0.000e+00
    134.665     6.7248   3.312376    32.8254        978     4.0708     1.7888  0.000e+00
    134.786     6.7270   3.312764    32.8275        979     4.0750     1.7892  0.000e+00
    134.918     6.7290   3.312893    32.8270        980     4.0792     1.7892  0.000e+00
    135.041     6.7306   3.313051    32.8270        981     4.0833     1.7889  0.000e+00
    135.164     6.7322   3.313411    32.8294        982     4.0875     1.7903  0.000e+00
    135.286     6.7342   3.313765    32.8314        983     4.0917     1.7907  0.000e+00
    135.409     6.7362   3.314637    32.8389        984     4.0958     1.7888  0.000e+00
    135.532     6.7399   3.316071    32.8511        985     4.1000     1.7898  0.000e+00
    135.655     6.7461   3.316758    32.8527        986     4.1042     1.7882  0.000e+00
    135.780     6.7529   3.318210    32.8621        987     4.1083     1.7882  0.000e+00
    135.910     6.7611   3.319279    32.8659        988     4.1125     1.7895  0.000e+00
    136.038     6.7701   3.320123    32.8665        989     4.1167     1.7885  0.000e+00
    136.167     6.7785   3.320613    32.8638        990     4.1208     1.7881  0.000e+00
    136.302     6.7851   3.320720    32.8586        991     4.1250     1.7894  0.000e+00
    136.438     6.7900   3.321631    32.8639        992     4.1292     1.7887  0.000e+00
    136.590     6.7950   3.323844    32.8832        993     4.1333     1.7875  0.000e+00
    136.738     6.8035   3.325235    32.8903        994     4.1375     1.7863  0.000e+00
    136.890     6.8138   3.327083    32.9006        995     4.1417     1.7858  0.000e+00
    137.052     6.8247   3.327815    32.8982        996     4.1458     1.7845  0.000e+00
    137.210     6.8346   3.328288    32.8938        997     4.1500     1.7828  0.000e+00
    137.374     6.8423   3.328835    32.8924        998     4.1542     1.7822  0.000e+00
    137.537     6.8484   3.329184    32.8903        999     4.1583     1.7820  0.000e+00
    137.696     6.8536   3.329590    32.8896       1000     4.1625     1.7812  0.000e+00
    137.864     6.8579   3.329776    32.8875       1001     4.1667     1.7792  0.000e+00
    138.023     6.8610   3.330345    32.8907       1002     4.1708     1.7791  0.000e+00
    138.177     6.8640   3.330260    32.8868       1003     4.1750     1.7758  0.000e+00
    138.325     6.8661   3.330305    32.8852       1004     4.1792     1.7753  0.000e+00
    138.479     6.8671   3.330469    32.8860       1005     4.1833     1.7732  0.000e+00
    138.623     6.8678   3.331117    32.8923       1006     4.1875     1.7739  0.000e+00
    138.768     6.8700   3.332081    32.9008       1007     4.1917     1.7712  0.000e+00
    138.913     6.8736   3.333169    32.9091       1008     4.1958     1.7697  0.000e+00
    139.057     6.8787   3.333800    32.9111       1009     4.2000     1.7680  0.000e+00
    139.193     6.8837   3.334866    32.9179       1010     4.2042     1.7681  0.000e+00
    139.332     6.8893   3.335960    32.9244       1011     4.2083     1.7670  0.000e+00
    139.473     6.8957   3.336541    32.9247       1012     4.2125     1.7650  0.000e+00
    139.614     6.9012   3.336749    32.9216       1013     4.2167     1.7633  0.000e+00
    139.759     6.9051   3.337122    32.9218       1014     4.2208     1.7635  0.000e+00
    139.903     6.9087   3.337798    32.9258       1015     4.2250     1.7626  0.000e+00
    140.044     6.9120   3.337860    32.9232       1016     4.2292     1.7608  0.000e+00
    140.191     6.9148   3.337900    32.9209       1017     4.2333     1.7587  0.000e+00
    140.341     6.9166   3.338362    32.9242       1018     4.2375     1.7585  0.000e+00
    140.491     6.9190   3.338718    32.9257       1019     4.2417     1.7572  0.000e+00
    140.637     6.9213   3.339226    32.9290       1020     4.2458     1.7568  0.000e+00
    140.782     6.9240   3.340281    32.9378       1021     4.2500     1.7537  0.000e+00
    140.934     6.9284   3.340924    32.9406       1022     4.2542     1.7538  0.000e+00
    141.080     6.9331   3.341703    32.9445       1023     4.2583     1.7530  0.000e+00
    141.221     6.9383   3.342289    32.9460       1024     4.2625     1.7513  0.000e+00
    141.364     6.9433   3.342786    32.9466       1025     4.2667     1.7500  0.000e+00
    141.500     6.9475   3.342938    32.9441       1026     4.2708     1.7505  0.000e+00
    141.632     6.9512   3.343633    32.9481       1027     4.2750     1.7500  0.000e+00
    141.756     6.9549   3.344615    32.9553       1028     4.2792     1.7482  0.000e+00
    141.885     6.9597   3.345416    32.9593       1029     4.2833     1.7472  0.000e+00
    142.002     6.9651   3.346557    32.9666       1030     4.2875     1.7463  0.000e+00
    142.129     6.9712   3.347963    32.9761       1031     4.2917     1.7468  0.000e+00
    142.246     6.9789   3.348590    32.9755       1032     4.2958     1.7459  0.000e+00
    142.367     6.9857   3.349228    32.9759       1033     4.3000     1.7439  0.000e+00
    142.490     6.9917   3.350640    32.9855       1034     4.3042     1.7442  0.000e+00
    142.615     6.9984   3.352787    33.0025       1035     4.3083     1.7427  0.000e+00
    142.745     7.0074   3.353815    33.0050       1036     4.3125     1.7414  0.000e+00
    142.877     7.0168   3.354222    33.0004       1037     4.3167     1.7407  0.000e+00
    143.009     7.0241   3.354539    32.9969       1038     4.3208     1.7405  0.000e+00
    143.147     7.0294   3.355019    32.9970       1039     4.3250     1.7384  0.000e+00
    143.280     7.0337   3.355172    32.9944       1040     4.3292     1.7389  0.000e+00
    143.416     7.0372   3.355183    32.9912       1041     4.3333     1.7366  0.000e+00
    143.553     7.0391   3.355273    32.9902       1042     4.3375     1.7352  0.000e+00
    143.689     7.0408   3.355607    32.9922       1043     4.3417     1.7335  0.000e+00
    143.823     7.0423   3.355652    32.9912       1044     4.3458     1.7315  0.000e+00
    143.955     7.0436   3.355669    32.9901       1045     4.3500     1.7296  0.000e+00
    144.085     7.0445   3.355590    32.9883       1046     4.3542     1.7277  0.000e+00
    144.211     7.0448   3.355647    32.9885       1047     4.3583     1.7270  0.000e+00
    144.341     7.0450   3.355760    32.9895       1048     4.3625     1.7256  0.000e+00
    144.464     7.0455   3.355827    32.9897       1049     4.3667     1.7246  0.000e+00
    144.593     7.0458   3.355952    32.9907       1050     4.3708     1.7233  0.000e+00
    144.723     7.0464   3.356093    32.9916       1051     4.3750     1.7213  0.000e+00
    144.855     7.0471   3.356121    32.9912       1052     4.3792     1.7211  0.000e+00
    144.990     7.0477   3.356133    32.9907       1053     4.3833     1.7207  0.000e+00
    145.133     7.0481   3.356122    32.9901       1054     4.3875     1.7191  0.000e+00
    145.280     7.0482   3.356314    32.9920       1055     4.3917     1.7181  0.000e+00
    145.430     7.0488   3.356353    32.9919       1056     4.3958     1.7178  0.000e+00
    145.589     7.0494   3.356416    32.9919       1057     4.4000     1.7174  0.000e+00
    145.742     7.0498   3.356478    32.9921       1058     4.4042     1.7168  0.000e+00
    145.900     7.0501   3.356393    32.9908       1059     4.4083     1.7156  0.000e+00
    146.055     7.0502   3.356523    32.9921       1060     4.4125     1.7164  0.000e+00
    146.203     7.0503   3.356653    32.9933       1061     4.4167     1.7150  0.000e+00
    146.343     7.0508   3.356964    32.9962       1062     4.4208     1.7161  0.000e+00
    146.485     7.0518   3.357111    32.9968       1063     4.4250     1.7145  0.000e+00
    146.617     7.0528   3.357162    32.9962       1064     4.4292     1.7156  0.000e+00
    146.746     7.0537   3.357196    32.9957       1065     4.4333     1.7138  0.000e+00
    146.869     7.0543   3.357281    32.9960       1066     4.4375     1.7138  0.000e+00
    146.988     7.0549   3.357343    32.9960       1067     4.4417     1.7129  0.000e+00
    147.098     7.0553   3.357281    32.9949       1068     4.4458     1.7113  0.000e+00
    147.214     7.0555   3.357428    32.9963       1069     4.4500     1.7122  0.000e+00
    147.324     7.0558   3.357541    32.9971       1070     4.4542     1.7133  0.000e+00
    147.436     7.0564   3.357620    32.9974       1071     4.4583     1.7106  0.000e+00
    147.552     7.0569   3.357846    32.9994       1072     4.4625     1.7109  0.000e+00
    147.664     7.0575   3.357977    33.0001       1073     4.4667     1.7116  0.000e+00
    147.780     7.0585   3.358044    32.9998       1074     4.4708     1.7116  0.000e+00
    147.894     7.0593   3.358191    33.0006       1075     4.4750     1.7099  0.000e+00
    148.011     7.0602   3.358271    33.0006       1076     4.4792     1.7103  0.000e+00
    148.127     7.0611   3.358508    33.0023       1077     4.4833     1.7100  0.000e+00
    148.248     7.0622   3.359198    33.0087       1078     4.4875     1.7109  0.000e+00
    148.371     7.0643   3.359390    33.0087       1079     4.4917     1.7105  0.000e+00
    148.500     7.0664   3.359718    33.0103       1080     4.4958     1.7110  0.000e+00
    148.624     7.0685   3.359945    33.0107       1081     4.5000     1.7117  0.000e+00
    148.753     7.0703   3.360267    33.0123       1082     4.5042     1.7109  0.000e+00
    148.885     7.0725   3.360448    33.0122       1083     4.5083     1.7110  0.000e+00
    149.022     7.0742   3.360324    33.0091       1084     4.5125     1.7123  0.000e+00
    149.156     7.0753   3.360324    33.0080       1085     4.5167     1.7119  0.000e+00
    149.291     7.0757   3.360165    33.0058       1086     4.5208     1.7100  0.000e+00
    149.431     7.0756   3.360216    33.0065       1087     4.5250     1.7093  0.000e+00
    149.572     7.0756   3.360346    33.0078       1088     4.5292     1.7092  0.000e+00
