HB2402/sbe107.cnv
* Sea-Bird SBE 19plus V2 Data File:
* FileName = C:\cruise\data\sbe107.hex
* Software Version Seasave V 7.26.7.121
* Temperature SN = 7037
* Conductivity SN = 7037
* System UpLoad Time = Apr 30 2024 11:32:47
* NMEA Latitude = 42 41.80 N
* NMEA Longitude = 067 15.52 W
* NMEA UTC (Time) = Apr 30 2024  11:31:32
** Ship: Bigelow
** Cruise:  HB2402
** Program:  Spring Bottom Trawl
# nquan = 8
# nvalues = 4318                                  
# units = specified
# name 0 = depSM: Depth [salt water, m]
# name 1 = tv290C: Temperature [ITS-90, deg C]
# name 2 = c0S/m: Conductivity [S/m]
# name 3 = sal00: Salinity, Practical [PSU]
# name 4 = scan: Scan Count
# name 5 = timeM: Time, Elapsed [minutes]
# name 6 = sbeox0V: Oxygen raw, SBE 43 [V]
# name 7 = flag:  0.000e+00
# span 0 =     -0.020,    200.628                 
# span 1 =     5.6471,    11.2781                 
# span 2 =  -0.000007,   3.613933                 
# span 3 =     0.0000,    34.7209                 
# span 4 =         11,       4328                 
# span 5 =     0.0417,    18.0292                 
# span 6 =     1.7488,     2.6353                 
# span 7 = 0.0000e+00, 0.0000e+00                 
# interval = seconds: 0.25
# start_time = Apr 30 2024 11:31:32 [NMEA time, header]
# bad_flag = -9.990e-29
*END*
[from data line 899]
    115.359     7.9383   3.528012    34.0043        910     3.7875     2.0678  0.000e+00
    115.527     7.9396   3.528168    34.0047        911     3.7917     2.0679  0.000e+00
    115.704     7.9411   3.528289    34.0044        912     3.7958     2.0679  0.000e+00
    115.888     7.9423   3.528353    34.0038        913     3.8000     2.0672  0.000e+00
    116.069     7.9434   3.528693    34.0064        914     3.8042     2.0686  0.000e+00
    116.253     7.9446   3.528929    34.0076        915     3.8083     2.0671  0.000e+00
    116.436     7.9462   3.529016    34.0069        916     3.8125     2.0681  0.000e+00
    116.631     7.9474   3.529016    34.0056        917     3.8167     2.0676  0.000e+00
    116.825     7.9481   3.529103    34.0058        918     3.8208     2.0676  0.000e+00
    117.022     7.9489   3.529229    34.0063        919     3.8250     2.0676  0.000e+00
    117.212     7.9494   3.529183    34.0052        920     3.8292     2.0682  0.000e+00
    117.401     7.9496   3.529057    34.0036        921     3.8333     2.0684  0.000e+00
    117.588     7.9493   3.529080    34.0040        922     3.8375     2.0668  0.000e+00
    117.777     7.9490   3.529166    34.0051        923     3.8417     2.0679  0.000e+00
    117.962     7.9487   3.529143    34.0051        924     3.8458     2.0678  0.000e+00
    118.141     7.9486   3.529166    34.0053        925     3.8500     2.0678  0.000e+00
    118.313     7.9486   3.529103    34.0046        926     3.8542     2.0665  0.000e+00
    118.488     7.9485   3.529132    34.0049        927     3.8583     2.0665  0.000e+00
    118.654     7.9483   3.529103    34.0047        928     3.8625     2.0668  0.000e+00
    118.811     7.9482   3.529103    34.0047        929     3.8667     2.0669  0.000e+00
    118.969     7.9481   3.529121    34.0050        930     3.8708     2.0665  0.000e+00
    119.122     7.9480   3.529248    34.0063        931     3.8750     2.0658  0.000e+00
    119.271     7.9482   3.529317    34.0068        932     3.8792     2.0674  0.000e+00
    119.415     7.9484   3.529421    34.0077        933     3.8833     2.0665  0.000e+00
    119.553     7.9489   3.529507    34.0081        934     3.8875     2.0663  0.000e+00
    119.692     7.9493   3.529698    34.0096        935     3.8917     2.0663  0.000e+00
    119.824     7.9501   3.529847    34.0104        936     3.8958     2.0669  0.000e+00
    119.961     7.9510   3.529997    34.0110        937     3.9000     2.0652  0.000e+00
    120.091     7.9519   3.529911    34.0091        938     3.9042     2.0652  0.000e+00
    120.227     7.9524   3.529894    34.0084        939     3.9083     2.0649  0.000e+00
    120.370     7.9526   3.529848    34.0077        940     3.9125     2.0655  0.000e+00
    120.509     7.9528   3.529975    34.0088        941     3.9167     2.0638  0.000e+00
    120.655     7.9528   3.529934    34.0083        942     3.9208     2.0645  0.000e+00
    120.809     7.9531   3.529911    34.0077        943     3.9250     2.0642  0.000e+00
    120.968     7.9529   3.529802    34.0067        944     3.9292     2.0640  0.000e+00
    121.138     7.9526   3.529698    34.0057        945     3.9333     2.0642  0.000e+00
    121.314     7.9521   3.529635    34.0055        946     3.9375     2.0626  0.000e+00
    121.485     7.9517   3.529594    34.0053        947     3.9417     2.0636  0.000e+00
    121.671     7.9510   3.529612    34.0061        948     3.9458     2.0645  0.000e+00
    121.856     7.9508   3.529698    34.0072        949     3.9500     2.0646  0.000e+00
    122.042     7.9508   3.529894    34.0092        950     3.9542     2.0637  0.000e+00
    122.230     7.9512   3.530044    34.0103        951     3.9583     2.0642  0.000e+00
    122.422     7.9519   3.530108    34.0101        952     3.9625     2.0635  0.000e+00
    122.613     7.9528   3.530171    34.0099        953     3.9667     2.0633  0.000e+00
    122.799     7.9532   3.530275    34.0105        954     3.9708     2.0643  0.000e+00
    122.986     7.9539   3.530339    34.0104        955     3.9750     2.0636  0.000e+00
    123.174     7.9544   3.530598    34.0127        956     3.9792     2.0640  0.000e+00
    123.362     7.9552   3.530725    34.0131        957     3.9833     2.0635  0.000e+00
    123.544     7.9564   3.530921    34.0140        958     3.9875     2.0636  0.000e+00
    123.739     7.9573   3.531089    34.0148        959     3.9917     2.0643  0.000e+00
    123.926     7.9585   3.531002    34.0126        960     3.9958     2.0636  0.000e+00
    124.114     7.9592   3.531025    34.0121        961     4.0000     2.0636  0.000e+00
    124.305     7.9595   3.531014    34.0116        962     4.0042     2.0629  0.000e+00
    124.492     7.9597   3.531002    34.0112        963     4.0083     2.0627  0.000e+00
    124.681     7.9598   3.531152    34.0126        964     4.0125     2.0617  0.000e+00
    124.877     7.9599   3.531153    34.0124        965     4.0167     2.0625  0.000e+00
    125.057     7.9603   3.531089    34.0112        966     4.0208     2.0623  0.000e+00
    125.235     7.9602   3.531135    34.0118        967     4.0250     2.0627  0.000e+00
    125.404     7.9602   3.531303    34.0135        968     4.0292     2.0620  0.000e+00
    125.564     7.9605   3.531326    34.0134        969     4.0333     2.0619  0.000e+00
    125.715     7.9610   3.531303    34.0126        970     4.0375     2.0627  0.000e+00
    125.857     7.9611   3.531476    34.0143        971     4.0417     2.0621  0.000e+00
    125.992     7.9615   3.531539    34.0145        972     4.0458     2.0613  0.000e+00
    126.124     7.9620   3.531562    34.0142        973     4.0500     2.0613  0.000e+00
    126.252     7.9623   3.531649    34.0147        974     4.0542     2.0619  0.000e+00
    126.374     7.9628   3.531713    34.0149        975     4.0583     2.0608  0.000e+00
    126.498     7.9632   3.531776    34.0151        976     4.0625     2.0614  0.000e+00
    126.626     7.9636   3.532030    34.0174        977     4.0667     2.0617  0.000e+00
    126.766     7.9644   3.532607    34.0227        978     4.0708     2.0624  0.000e+00
    126.910     7.9662   3.534130    34.0372        979     4.0750     2.0621  0.000e+00
    127.062     7.9708   3.535157    34.0437        980     4.0792     2.0618  0.000e+00
    127.223     7.9773   3.535347    34.0393        981     4.0833     2.0620  0.000e+00
    127.400     7.9826   3.535319    34.0338        982     4.0875     2.0623  0.000e+00
    127.584     7.9857   3.535648    34.0342        983     4.0917     2.0618  0.000e+00
    127.780     7.9883   3.535798    34.0331        984     4.0958     2.0617  0.000e+00
    127.986     7.9908   3.536634    34.0396        985     4.1000     2.0627  0.000e+00
    128.197     7.9940   3.537535    34.0460        986     4.1042     2.0609  0.000e+00
    128.412     7.9988   3.538072    34.0470        987     4.1083     2.0618  0.000e+00
    128.629     8.0039   3.538476    34.0463        988     4.1125     2.0612  0.000e+00
    128.846     8.0078   3.538753    34.0453        989     4.1167     2.0605  0.000e+00
    129.058     8.0111   3.538603    34.0403        990     4.1208     2.0604  0.000e+00
    129.259     8.0133   3.539249    34.0451        991     4.1250     2.0605  0.000e+00
    129.456     8.0155   3.539786    34.0485        992     4.1292     2.0596  0.000e+00
    129.649     8.0184   3.540387    34.0521        993     4.1333     2.0597  0.000e+00
    129.832     8.0219   3.540578    34.0506        994     4.1375     2.0598  0.000e+00
    130.005     8.0249   3.540624    34.0481        995     4.1417     2.0588  0.000e+00
    130.163     8.0270   3.540324    34.0428        996     4.1458     2.0579  0.000e+00
    130.316     8.0279   3.540491    34.0437        997     4.1500     2.0579  0.000e+00
    130.457     8.0281   3.540728    34.0459        998     4.1542     2.0565  0.000e+00
    130.593     8.0292   3.541028    34.0480        999     4.1583     2.0575  0.000e+00
    130.725     8.0305   3.541005    34.0465       1000     4.1625     2.0565  0.000e+00
    130.855     8.0314   3.540942    34.0448       1001     4.1667     2.0556  0.000e+00
    130.987     8.0316   3.541138    34.0467       1002     4.1708     2.0561  0.000e+00
    131.114     8.0318   3.541502    34.0503       1003     4.1750     2.0551  0.000e+00
    131.242     8.0321   3.541629    34.0513       1004     4.1792     2.0554  0.000e+00
    131.374     8.0327   3.541952    34.0541       1005     4.1833     2.0546  0.000e+00
    131.509     8.0337   3.542466    34.0585       1006     4.1875     2.0538  0.000e+00
    131.659     8.0355   3.542530    34.0574       1007     4.1917     2.0535  0.000e+00
    131.813     8.0371   3.542876    34.0595       1008     4.1958     2.0520  0.000e+00
    131.974     8.0389   3.543668    34.0661       1009     4.2000     2.0514  0.000e+00
    132.149     8.0417   3.544292    34.0700       1010     4.2042     2.0512  0.000e+00
    132.341     8.0455   3.544852    34.0722       1011     4.2083     2.0509  0.000e+00
    132.527     8.0488   3.545239    34.0730       1012     4.2125     2.0502  0.000e+00
    132.730     8.0521   3.545840    34.0761       1013     4.2167     2.0509  0.000e+00
    132.937     8.0554   3.546181    34.0765       1014     4.2208     2.0496  0.000e+00
    133.144     8.0584   3.546741    34.0795       1015     4.2250     2.0491  0.000e+00
    133.339     8.0615   3.547539    34.0849       1016     4.2292     2.0488  0.000e+00
    133.543     8.0655   3.548591    34.0921       1017     4.2333     2.0475  0.000e+00
    133.737     8.0703   3.549943    34.1018       1018     4.2375     2.0472  0.000e+00
    133.925     8.0765   3.551151    34.1086       1019     4.2417     2.0471  0.000e+00
    134.100     8.0837   3.552978    34.1211       1020     4.2458     2.0465  0.000e+00
    134.273     8.0924   3.555175    34.1359       1021     4.2500     2.0453  0.000e+00
    134.444     8.1036   3.556512    34.1393       1022     4.2542     2.0451  0.000e+00
    134.612     8.1150   3.555910    34.1216       1023     4.2583     2.0445  0.000e+00
    134.785     8.1220   3.555800    34.1136       1024     4.2625     2.0450  0.000e+00
    134.955     8.1259   3.558108    34.1343       1025     4.2667     2.0429  0.000e+00
    135.132     8.1319   3.559294    34.1410       1026     4.2708     2.0427  0.000e+00
    135.315     8.1401   3.559815    34.1386       1027     4.2750     2.0416  0.000e+00
    135.494     8.1474   3.561065    34.1447       1028     4.2792     2.0423  0.000e+00
    135.680     8.1546   3.561458    34.1417       1029     4.2833     2.0409  0.000e+00
    135.866     8.1611   3.562344    34.1448       1030     4.2875     2.0400  0.000e+00
    136.047     8.1672   3.562188    34.1371       1031     4.2917     2.0395  0.000e+00
    136.228     8.1717   3.563247    34.1439       1032     4.2958     2.0383  0.000e+00
    136.409     8.1762   3.564613    34.1540       1033     4.3000     2.0367  0.000e+00
    136.584     8.1826   3.565279    34.1549       1034     4.3042     2.0366  0.000e+00
    136.750     8.1888   3.565673    34.1529       1035     4.3083     2.0352  0.000e+00
    136.917     8.1941   3.566408    34.1556       1036     4.3125     2.0351  0.000e+00
    137.065     8.1993   3.567121    34.1579       1037     4.3167     2.0333  0.000e+00
    137.213     8.2042   3.568053    34.1631       1038     4.3208     2.0326  0.000e+00
    137.352     8.2097   3.569130    34.1692       1039     4.3250     2.0314  0.000e+00
    137.497     8.2159   3.570584    34.1785       1040     4.3292     2.0308  0.000e+00
    137.636     8.2233   3.571818    34.1844       1041     4.3333     2.0293  0.000e+00
    137.781     8.2316   3.573377    34.1929       1042     4.3375     2.0279  0.000e+00
    137.928     8.2403   3.574223    34.1933       1043     4.3417     2.0270  0.000e+00
    138.074     8.2488   3.574878    34.1919       1044     4.3458     2.0272  0.000e+00
    138.231     8.2559   3.575203    34.1884       1045     4.3500     2.0265  0.000e+00
    138.389     8.2612   3.575678    34.1883       1046     4.3542     2.0260  0.000e+00
    138.553     8.2656   3.576536    34.1930       1047     4.3583     2.0246  0.000e+00
    138.723     8.2698   3.577806    34.2024       1048     4.3625     2.0240  0.000e+00
    138.895     8.2746   3.579087    34.2112       1049     4.3667     2.0231  0.000e+00
    139.076     8.2800   3.579238    34.2075       1050     4.3708     2.0221  0.000e+00
    139.255     8.2841   3.579499    34.2062       1051     4.3750     2.0212  0.000e+00
    139.444     8.2867   3.579024    34.1985       1052     4.3792     2.0201  0.000e+00
    139.631     8.2877   3.579325    34.2006       1053     4.3833     2.0194  0.000e+00
    139.822     8.2882   3.579412    34.2010       1054     4.3875     2.0179  0.000e+00
    140.016     8.2883   3.579569    34.2025       1055     4.3917     2.0168  0.000e+00
    140.207     8.2885   3.579238    34.1986       1056     4.3958     2.0143  0.000e+00
    140.403     8.2880   3.578891    34.1953       1057     4.4000     2.0139  0.000e+00
    140.598     8.2865   3.578960    34.1975       1058     4.4042     2.0125  0.000e+00
    140.799     8.2847   3.578960    34.1991       1059     4.4083     2.0106  0.000e+00
    141.003     8.2834   3.578937    34.2000       1060     4.4125     2.0098  0.000e+00
    141.202     8.2820   3.578468    34.1963       1061     4.4167     2.0082  0.000e+00
    141.397     8.2798   3.578352    34.1971       1062     4.4208     2.0072  0.000e+00
    141.587     8.2773   3.578717    34.2034       1063     4.4250     2.0053  0.000e+00
    141.770     8.2759   3.580503    34.2236       1064     4.4292     2.0047  0.000e+00
    141.945     8.2783   3.583653    34.2548       1065     4.4333     2.0039  0.000e+00
    142.109     8.2867   3.585504    34.2662       1066     4.4375     2.0037  0.000e+00
    142.258     8.2972   3.587309    34.2751       1067     4.4417     2.0036  0.000e+00
    142.395     8.3081   3.589271    34.2852       1068     4.4458     2.0026  0.000e+00
    142.523     8.3189   3.590253    34.2851       1069     4.4500     2.0011  0.000e+00
    142.646     8.3281   3.591060    34.2847       1070     4.4542     1.9993  0.000e+00
    142.769     8.3347   3.591454    34.2823       1071     4.4583     1.9969  0.000e+00
    142.887     8.3394   3.592064    34.2842       1072     4.4625     1.9982  0.000e+00
    143.004     8.3431   3.592761    34.2879       1073     4.4667     1.9933  0.000e+00
    143.129     8.3454   3.593069    34.2889       1074     4.4708     1.9965  0.000e+00
    143.261     8.3464   3.593110    34.2883       1075     4.4750     1.9940  0.000e+00
    143.395     8.3458   3.593243    34.2902       1076     4.4792     1.9915  0.000e+00
    143.534     8.3444   3.592912    34.2880       1077     4.4833     1.9899  0.000e+00
    143.682     8.3418   3.593505    34.2967       1078     4.4875     1.9873  0.000e+00
    143.830     8.3394   3.593615    34.3002       1079     4.4917     1.9851  0.000e+00
    143.986     8.3374   3.594225    34.3085       1080     4.4958     1.9827  0.000e+00
    144.152     8.3361   3.594841    34.3163       1081     4.5000     1.9805  0.000e+00
    144.333     8.3357   3.595010    34.3184       1082     4.5042     1.9768  0.000e+00
    144.517     8.3359   3.595469    34.3230       1083     4.5083     1.9762  0.000e+00
    144.714     8.3364   3.595643    34.3242       1084     4.5125     1.9743  0.000e+00
    144.919     8.3372   3.596236    34.3297       1085     4.5167     1.9716  0.000e+00
    145.123     8.3386   3.596910    34.3354       1086     4.5208     1.9688  0.000e+00
    145.345     8.3400   3.597677    34.3420       1087     4.5250     1.9663  0.000e+00
    145.561     8.3419   3.598357    34.3473       1088     4.5292     1.9642  0.000e+00
