HB2402/sbe123.cnv
* Sea-Bird SBE 19plus V2 Data File:
* FileName = C:\cruise\data\sbe123.hex
* Software Version Seasave V 7.26.7.121
* Temperature SN = 7037
* Conductivity SN = 7037
* System UpLoad Time = May 04 2024 22:11:23
* NMEA Latitude = 43 26.08 N
* NMEA Longitude = 067 44.96 W
* NMEA UTC (Time) = May 04 2024  22:10:14
** Ship: Bigelow
** Cruise:  HB2402
** Program:  Spring Bottom Trawl
# nquan = 8
# nvalues = 2507                                  
# units = specified
# name 0 = depSM: Depth [salt water, m]
# name 1 = tv290C: Temperature [ITS-90, deg C]
# name 2 = c0S/m: Conductivity [S/m]
# name 3 = sal00: Salinity, Practical [PSU]
# name 4 = scan: Scan Count
# name 5 = timeM: Time, Elapsed [minutes]
# name 6 = sbeox0V: Oxygen raw, SBE 43 [V]
# name 7 = flag:  0.000e+00
# span 0 =      0.101,    242.429                 
# span 1 =     4.9435,     8.1775                 
# span 2 =   0.099718,   3.562791                 
# span 3 =     0.7566,    34.1213                 
# span 4 =         11,       2517                 
# span 5 =     0.0417,    10.4833                 
# span 6 =     1.5307,     2.7627                 
# span 7 = 0.0000e+00, 0.0000e+00                 
# interval = seconds: 0.25
# start_time = May 04 2024 22:10:14 [NMEA time, header]
# bad_flag = -9.990e-29
*END*
[from data line 1079]
    217.805     8.1469   3.561741    34.1130       1090     4.5375     1.5398  0.000e+00
    217.921     8.1463   3.561765    34.1138       1091     4.5417     1.5385  0.000e+00
    218.033     8.1460   3.561742    34.1139       1092     4.5458     1.5382  0.000e+00
    218.128     8.1458   3.561701    34.1135       1093     4.5500     1.5383  0.000e+00
    218.231     8.1455   3.561678    34.1136       1094     4.5542     1.5382  0.000e+00
    218.345     8.1452   3.561637    34.1133       1095     4.5583     1.5381  0.000e+00
    218.471     8.1448   3.561614    34.1134       1096     4.5625     1.5376  0.000e+00
    218.614     8.1445   3.561614    34.1136       1097     4.5667     1.5393  0.000e+00
    218.786     8.1442   3.561591    34.1136       1098     4.5708     1.5378  0.000e+00
    218.987     8.1439   3.561568    34.1136       1099     4.5750     1.5366  0.000e+00
    219.213     8.1436   3.561568    34.1138       1100     4.5792     1.5383  0.000e+00
    219.457     8.1435   3.561528    34.1133       1101     4.5833     1.5389  0.000e+00
    219.723     8.1432   3.561505    34.1133       1102     4.5875     1.5370  0.000e+00
    219.997     8.1427   3.561488    34.1134       1103     4.5917     1.5353  0.000e+00
    220.272     8.1425   3.561465    34.1132       1104     4.5958     1.5373  0.000e+00
    220.550     8.1422   3.561441    34.1131       1105     4.6000     1.5373  0.000e+00
    220.820     8.1419   3.561401    34.1129       1106     4.6042     1.5383  0.000e+00
    221.073     8.1414   3.561418    34.1134       1107     4.6083     1.5383  0.000e+00
    221.310     8.1412   3.561419    34.1135       1108     4.6125     1.5389  0.000e+00
    221.532     8.1410   3.561419    34.1135       1109     4.6167     1.5376  0.000e+00
    221.729     8.1409   3.561419    34.1136       1110     4.6208     1.5378  0.000e+00
    221.901     8.1409   3.561442    34.1137       1111     4.6250     1.5385  0.000e+00
    222.066     8.1407   3.561442    34.1139       1112     4.6292     1.5382  0.000e+00
    222.205     8.1406   3.561442    34.1139       1113     4.6333     1.5396  0.000e+00
    222.355     8.1407   3.561442    34.1137       1114     4.6375     1.5389  0.000e+00
    222.502     8.1405   3.561465    34.1140       1115     4.6417     1.5393  0.000e+00
    222.657     8.1407   3.561488    34.1141       1116     4.6458     1.5406  0.000e+00
    222.818     8.1405   3.561489    34.1141       1117     4.6500     1.5395  0.000e+00
    223.003     8.1407   3.561489    34.1139       1118     4.6542     1.5393  0.000e+00
    223.198     8.1407   3.561552    34.1145       1119     4.6583     1.5404  0.000e+00
    223.403     8.1407   3.561570    34.1146       1120     4.6625     1.5396  0.000e+00
    223.623     8.1409   3.561616    34.1148       1121     4.6667     1.5400  0.000e+00
    223.849     8.1412   3.561639    34.1146       1122     4.6708     1.5400  0.000e+00
    224.077     8.1413   3.561657    34.1146       1123     4.6750     1.5403  0.000e+00
    224.313     8.1414   3.561657    34.1144       1124     4.6792     1.5409  0.000e+00
    224.544     8.1418   3.561680    34.1142       1125     4.6833     1.5387  0.000e+00
    224.772     8.1418   3.561657    34.1138       1126     4.6875     1.5386  0.000e+00
    224.991     8.1419   3.561680    34.1139       1127     4.6917     1.5390  0.000e+00
    225.203     8.1418   3.561704    34.1141       1128     4.6958     1.5393  0.000e+00
    225.404     8.1417   3.561727    34.1144       1129     4.7000     1.5390  0.000e+00
    225.592     8.1417   3.561744    34.1145       1130     4.7042     1.5391  0.000e+00
    225.764     8.1419   3.561767    34.1144       1131     4.7083     1.5380  0.000e+00
    225.924     8.1420   3.561767    34.1142       1132     4.7125     1.5379  0.000e+00
    226.069     8.1421   3.561831    34.1147       1133     4.7167     1.5393  0.000e+00
    226.212     8.1422   3.561831    34.1146       1134     4.7208     1.5395  0.000e+00
    226.357     8.1424   3.561831    34.1143       1135     4.7250     1.5380  0.000e+00
    226.498     8.1423   3.561831    34.1143       1136     4.7292     1.5400  0.000e+00
    226.644     8.1424   3.561854    34.1144       1137     4.7333     1.5390  0.000e+00
    226.809     8.1425   3.561843    34.1141       1138     4.7375     1.5398  0.000e+00
    226.992     8.1425   3.561855    34.1142       1139     4.7417     1.5389  0.000e+00
    227.191     8.1424   3.561878    34.1144       1140     4.7458     1.5371  0.000e+00
    227.408     8.1425   3.561878    34.1142       1141     4.7500     1.5387  0.000e+00
    227.639     8.1425   3.561895    34.1143       1142     4.7542     1.5400  0.000e+00
    227.885     8.1425   3.561895    34.1141       1143     4.7583     1.5388  0.000e+00
    228.140     8.1427   3.561919    34.1141       1144     4.7625     1.5390  0.000e+00
    228.397     8.1426   3.561965    34.1146       1145     4.7667     1.5375  0.000e+00
    228.656     8.1427   3.561983    34.1145       1146     4.7708     1.5390  0.000e+00
    228.911     8.1427   3.562006    34.1146       1147     4.7750     1.5393  0.000e+00
    229.162     8.1429   3.562052    34.1148       1148     4.7792     1.5387  0.000e+00
    229.401     8.1430   3.562052    34.1146       1149     4.7833     1.5385  0.000e+00
    229.624     8.1432   3.562093    34.1148       1150     4.7875     1.5384  0.000e+00
    229.835     8.1433   3.562093    34.1146       1151     4.7917     1.5377  0.000e+00
    230.031     8.1435   3.562116    34.1145       1152     4.7958     1.5384  0.000e+00
    230.217     8.1436   3.562116    34.1144       1153     4.8000     1.5388  0.000e+00
    230.382     8.1436   3.562116    34.1143       1154     4.8042     1.5367  0.000e+00
    230.541     8.1437   3.562139    34.1143       1155     4.8083     1.5393  0.000e+00
    230.689     8.1437   3.562116    34.1140       1156     4.8125     1.5398  0.000e+00
    230.834     8.1437   3.562140    34.1142       1157     4.8167     1.5387  0.000e+00
    230.972     8.1435   3.562140    34.1143       1158     4.8208     1.5383  0.000e+00
    231.114     8.1437   3.562180    34.1145       1159     4.8250     1.5386  0.000e+00
    231.256     8.1437   3.562180    34.1144       1160     4.8292     1.5397  0.000e+00
    231.404     8.1438   3.562180    34.1143       1161     4.8333     1.5391  0.000e+00
    231.565     8.1438   3.562203    34.1144       1162     4.8375     1.5389  0.000e+00
    231.742     8.1439   3.562221    34.1144       1163     4.8417     1.5395  0.000e+00
    231.923     8.1439   3.562221    34.1144       1164     4.8458     1.5378  0.000e+00
    232.122     8.1440   3.562244    34.1144       1165     4.8500     1.5397  0.000e+00
    232.336     8.1440   3.562244    34.1143       1166     4.8542     1.5387  0.000e+00
    232.555     8.1440   3.562244    34.1142       1167     4.8583     1.5403  0.000e+00
    232.790     8.1440   3.562244    34.1141       1168     4.8625     1.5383  0.000e+00
    233.034     8.1440   3.562244    34.1140       1169     4.8667     1.5390  0.000e+00
    233.275     8.1440   3.562268    34.1141       1170     4.8708     1.5395  0.000e+00
    233.517     8.1438   3.562291    34.1144       1171     4.8750     1.5393  0.000e+00
    233.758     8.1439   3.562291    34.1142       1172     4.8792     1.5396  0.000e+00
    233.987     8.1440   3.562308    34.1142       1173     4.8833     1.5395  0.000e+00
    234.221     8.1440   3.562320    34.1143       1174     4.8875     1.5382  0.000e+00
    234.429     8.1440   3.562332    34.1143       1175     4.8917     1.5365  0.000e+00
    234.635     8.1440   3.562332    34.1142       1176     4.8958     1.5398  0.000e+00
    234.829     8.1441   3.562378    34.1145       1177     4.9000     1.5388  0.000e+00
    235.017     8.1440   3.562355    34.1142       1178     4.9042     1.5353  0.000e+00
    235.198     8.1441   3.562378    34.1143       1179     4.9083     1.5388  0.000e+00
    235.379     8.1440   3.562396    34.1145       1180     4.9125     1.5388  0.000e+00
    235.547     8.1440   3.562396    34.1144       1181     4.9167     1.5378  0.000e+00
    235.728     8.1442   3.562419    34.1144       1182     4.9208     1.5370  0.000e+00
    235.911     8.1442   3.562396    34.1140       1183     4.9250     1.5370  0.000e+00
    236.099     8.1443   3.562442    34.1144       1184     4.9292     1.5397  0.000e+00
    236.285     8.1443   3.562442    34.1142       1185     4.9333     1.5358  0.000e+00
    236.473     8.1443   3.562442    34.1142       1186     4.9375     1.5385  0.000e+00
    236.676     8.1443   3.562443    34.1140       1187     4.9417     1.5387  0.000e+00
    236.873     8.1443   3.562483    34.1144       1188     4.9458     1.5358  0.000e+00
    237.090     8.1443   3.562466    34.1141       1189     4.9500     1.5388  0.000e+00
    237.289     8.1443   3.562483    34.1142       1190     4.9542     1.5352  0.000e+00
    237.501     8.1443   3.562483    34.1141       1191     4.9583     1.5364  0.000e+00
    237.712     8.1443   3.562507    34.1142       1192     4.9625     1.5374  0.000e+00
    237.917     8.1443   3.562530    34.1144       1193     4.9667     1.5371  0.000e+00
    238.118     8.1443   3.562530    34.1143       1194     4.9708     1.5357  0.000e+00
    238.308     8.1443   3.562530    34.1143       1195     4.9750     1.5382  0.000e+00
    238.491     8.1443   3.562547    34.1143       1196     4.9792     1.5367  0.000e+00
    238.672     8.1443   3.562571    34.1145       1197     4.9833     1.5364  0.000e+00
    238.836     8.1443   3.562547    34.1141       1198     4.9875     1.5377  0.000e+00
    239.001     8.1444   3.562548    34.1140       1199     4.9917     1.5371  0.000e+00
    239.149     8.1444   3.562571    34.1142       1200     4.9958     1.5355  0.000e+00
    239.307     8.1443   3.562594    34.1144       1201     5.0000     1.5364  0.000e+00
    239.466     8.1443   3.562594    34.1143       1202     5.0042     1.5356  0.000e+00
    239.632     8.1443   3.562594    34.1142       1203     5.0083     1.5370  0.000e+00
    239.815     8.1443   3.562617    34.1145       1204     5.0125     1.5373  0.000e+00
    240.010     8.1445   3.562617    34.1142       1205     5.0167     1.5401  0.000e+00
    240.226     8.1446   3.562617    34.1140       1206     5.0208     1.5374  0.000e+00
    240.454     8.1445   3.562635    34.1141       1207     5.0250     1.5371  0.000e+00
    240.694     8.1445   3.562658    34.1142       1208     5.0292     1.5334  0.000e+00
    240.944     8.1446   3.562676    34.1142       1209     5.0333     1.5364  0.000e+00
    241.201     8.1445   3.562681    34.1142       1210     5.0375     1.5360  0.000e+00
    241.456     8.1445   3.562681    34.1141       1211     5.0417     1.5362  0.000e+00
    241.715     8.1446   3.562705    34.1142       1212     5.0458     1.5359  0.000e+00
    241.957     8.1447   3.562705    34.1140       1213     5.0500     1.5370  0.000e+00
    242.187     8.1446   3.562722    34.1142       1214     5.0542     1.5339  0.000e+00
    242.415     8.1446   3.562745    34.1143       1215     5.0583     1.5349  0.000e+00
    242.391     8.1446   3.562769    34.1145       1216     5.0625     1.5372  0.000e+00
    242.429     8.1447   3.562769    34.1144       1217     5.0667     1.5343  0.000e+00
    242.308     8.1448   3.562745    34.1141       1218     5.0708     1.5346  0.000e+00
    242.323     8.1448   3.562745    34.1142       1219     5.0750     1.5370  0.000e+00
    242.245     8.1448   3.562745    34.1141       1220     5.0792     1.5362  0.000e+00
    242.236     8.1448   3.562705    34.1137       1221     5.0833     1.5337  0.000e+00
    242.149     8.1447   3.562722    34.1141       1222     5.0875     1.5344  0.000e+00
    242.135     8.1447   3.562722    34.1141       1223     5.0917     1.5370  0.000e+00
    242.102     8.1446   3.562722    34.1141       1224     5.0958     1.5361  0.000e+00
    242.106     8.1447   3.562705    34.1139       1225     5.1000     1.5366  0.000e+00
    242.086     8.1446   3.562705    34.1140       1226     5.1042     1.5359  0.000e+00
    242.089     8.1446   3.562722    34.1142       1227     5.1083     1.5367  0.000e+00
    242.095     8.1445   3.562705    34.1141       1228     5.1125     1.5362  0.000e+00
    242.122     8.1445   3.562682    34.1138       1229     5.1167     1.5392  0.000e+00
    242.125     8.1445   3.562682    34.1139       1230     5.1208     1.5362  0.000e+00
    242.134     8.1444   3.562705    34.1142       1231     5.1250     1.5370  0.000e+00
    242.140     8.1445   3.562705    34.1141       1232     5.1292     1.5357  0.000e+00
    242.135     8.1444   3.562682    34.1139       1233     5.1333     1.5356  0.000e+00
    242.111     8.1443   3.562682    34.1140       1234     5.1375     1.5373  0.000e+00
    242.082     8.1443   3.562705    34.1143       1235     5.1417     1.5380  0.000e+00
    242.039     8.1443   3.562705    34.1143       1236     5.1458     1.5351  0.000e+00
    241.983     8.1444   3.562705    34.1142       1237     5.1500     1.5369  0.000e+00
    241.916     8.1445   3.562705    34.1142       1238     5.1542     1.5378  0.000e+00
    241.850     8.1446   3.562705    34.1141       1239     5.1583     1.5364  0.000e+00
    241.789     8.1446   3.562705    34.1142       1240     5.1625     1.5359  0.000e+00
    241.738     8.1446   3.562705    34.1142       1241     5.1667     1.5387  0.000e+00
    241.689     8.1446   3.562682    34.1139       1242     5.1708     1.5383  0.000e+00
    241.666     8.1445   3.562676    34.1140       1243     5.1750     1.5372  0.000e+00
    241.644     8.1446   3.562682    34.1139       1244     5.1792     1.5390  0.000e+00
    241.648     8.1446   3.562658    34.1137       1245     5.1833     1.5385  0.000e+00
    241.666     8.1445   3.562658    34.1138       1246     5.1875     1.5375  0.000e+00
    241.702     8.1444   3.562658    34.1139       1247     5.1917     1.5378  0.000e+00
    241.756     8.1444   3.562658    34.1139       1248     5.1958     1.5370  0.000e+00
    241.816     8.1443   3.562658    34.1140       1249     5.2000     1.5370  0.000e+00
    241.885     8.1443   3.562635    34.1137       1250     5.2042     1.5384  0.000e+00
    241.959     8.1443   3.562635    34.1136       1251     5.2083     1.5390  0.000e+00
    242.029     8.1441   3.562618    34.1135       1252     5.2125     1.5365  0.000e+00
    242.096     8.1440   3.562595    34.1134       1253     5.2167     1.5395  0.000e+00
    242.151     8.1438   3.562635    34.1140       1254     5.2208     1.5382  0.000e+00
    242.190     8.1437   3.562618    34.1139       1255     5.2250     1.5382  0.000e+00
    242.218     8.1436   3.562659    34.1144       1256     5.2292     1.5358  0.000e+00
    242.214     8.1437   3.562705    34.1149       1257     5.2333     1.5376  0.000e+00
    242.188     8.1440   3.562705    34.1146       1258     5.2375     1.5379  0.000e+00
    242.143     8.1441   3.562705    34.1145       1259     5.2417     1.5360  0.000e+00
    242.087     8.1443   3.562705    34.1143       1260     5.2458     1.5358  0.000e+00
    242.015     8.1443   3.562705    34.1143       1261     5.2500     1.5385  0.000e+00
    241.935     8.1445   3.562722    34.1143       1262     5.2542     1.5347  0.000e+00
    241.861     8.1446   3.562722    34.1143       1263     5.2583     1.5357  0.000e+00
    241.788     8.1446   3.562705    34.1141       1264     5.2625     1.5390  0.000e+00
    241.732     8.1446   3.562705    34.1142       1265     5.2667     1.5363  0.000e+00
    241.691     8.1446   3.562682    34.1139       1266     5.2708     1.5370  0.000e+00
    241.664     8.1446   3.562682    34.1139       1267     5.2750     1.5356  0.000e+00
    241.653     8.1446   3.562682    34.1139       1268     5.2792     1.5371  0.000e+00
