HB2402/sbe121.cnv
* Sea-Bird SBE 19plus V2 Data File:
* FileName = C:\cruise\data\sbe121.hex
* Software Version Seasave V 7.26.7.121
* Temperature SN = 7037
* Conductivity SN = 7037
* System UpLoad Time = May 04 2024 03:59:47
* NMEA Latitude = 42 44.61 N
* NMEA Longitude = 068 23.37 W
* NMEA UTC (Time) = May 04 2024  03:58:37
** Ship: Bigelow
** Cruise:  HB2402
** Program:  Spring Bottom Trawl
# nquan = 8
# nvalues = 4915                                  
# units = specified
# name 0 = depSM: Depth [salt water, m]
# name 1 = tv290C: Temperature [ITS-90, deg C]
# name 2 = c0S/m: Conductivity [S/m]
# name 3 = sal00: Salinity, Practical [PSU]
# name 4 = scan: Scan Count
# name 5 = timeM: Time, Elapsed [minutes]
# name 6 = sbeox0V: Oxygen raw, SBE 43 [V]
# name 7 = flag:  0.000e+00
# span 0 =      0.031,    186.299                 
# span 1 =     4.9085,     7.8583                 
# span 2 =   0.000015,   3.521809                 
# span 3 =     0.0038,    34.1605                 
# span 4 =         11,       4925                 
# span 5 =     0.0417,    20.5167                 
# span 6 =     1.6705,     2.6647                 
# span 7 = 0.0000e+00, 0.0000e+00                 
# interval = seconds: 0.25
# start_time = May 04 2024 03:58:37 [NMEA time, header]
# bad_flag = -9.990e-29
*END*
[from data line 2338]
    118.259     6.6356   3.332556    33.1414       2349     9.7833     1.8865  0.000e+00
    118.228     6.6324   3.330256    33.1192       2350     9.7875     1.8868  0.000e+00
    118.195     6.6244   3.329839    33.1224       2351     9.7917     1.8874  0.000e+00
    118.159     6.6170   3.329671    33.1277       2352     9.7958     1.8880  0.000e+00
    118.127     6.6116   3.329344    33.1293       2353     9.8000     1.8881  0.000e+00
    118.090     6.6078   3.328082    33.1191       2354     9.8042     1.8873  0.000e+00
    118.051     6.6028   3.326099    33.1020       2355     9.8083     1.8891  0.000e+00
    118.007     6.5950   3.325012    33.0976       2356     9.8125     1.8887  0.000e+00
    117.946     6.5868   3.324719    33.1023       2357     9.8167     1.8885  0.000e+00
    117.890     6.5804   3.324539    33.1065       2358     9.8208     1.8890  0.000e+00
    117.821     6.5759   3.324325    33.1085       2359     9.8250     1.8894  0.000e+00
    117.749     6.5724   3.324195    33.1106       2360     9.8292     1.8901  0.000e+00
    117.677     6.5701   3.323897    33.1095       2361     9.8333     1.8908  0.000e+00
    117.590     6.5679   3.323030    33.1021       2362     9.8375     1.8917  0.000e+00
    117.505     6.5647   3.322591    33.1004       2363     9.8417     1.8933  0.000e+00
    117.415     6.5609   3.321707    33.0943       2364     9.8458     1.8936  0.000e+00
    117.333     6.5568   3.321217    33.0929       2365     9.8500     1.8940  0.000e+00
    117.257     6.5527   3.320755    33.0918       2366     9.8542     1.8944  0.000e+00
    117.189     6.5489   3.320570    33.0934       2367     9.8583     1.8962  0.000e+00
    117.134     6.5459   3.320463    33.0952       2368     9.8625     1.8965  0.000e+00
    117.078     6.5437   3.320418    33.0969       2369     9.8667     1.8975  0.000e+00
    117.033     6.5421   3.320299    33.0972       2370     9.8708     1.8989  0.000e+00
    116.983     6.5410   3.320035    33.0953       2371     9.8750     1.8997  0.000e+00
    116.936     6.5396   3.319815    33.0943       2372     9.8792     1.9004  0.000e+00
    116.881     6.5382   3.319568    33.0929       2373     9.8833     1.9017  0.000e+00
    116.821     6.5366   3.318887    33.0870       2374     9.8875     1.9021  0.000e+00
    116.756     6.5343   3.317379    33.0726       2375     9.8917     1.9024  0.000e+00
    116.684     6.5288   3.314819    33.0496       2376     9.8958     1.9027  0.000e+00
    116.610     6.5191   3.310804    33.0146       2377     9.9000     1.9055  0.000e+00
    116.536     6.5030   3.308628    33.0061       2378     9.9042     1.9065  0.000e+00
    116.464     6.4859   3.307594    33.0112       2379     9.9083     1.9055  0.000e+00
    116.386     6.4713   3.306661    33.0150       2380     9.9125     1.9039  0.000e+00
    116.312     6.4597   3.306161    33.0208       2381     9.9167     1.9049  0.000e+00
    116.247     6.4506   3.306049    33.0283       2382     9.9208     1.9061  0.000e+00
    116.180     6.4446   3.305998    33.0336       2383     9.9250     1.9069  0.000e+00
    116.120     6.4408   3.305976    33.0371       2384     9.9292     1.9078  0.000e+00
    116.066     6.4384   3.305970    33.0394       2385     9.9333     1.9101  0.000e+00
    116.019     6.4368   3.305869    33.0398       2386     9.9375     1.9111  0.000e+00
    115.966     6.4355   3.305622    33.0383       2387     9.9417     1.9123  0.000e+00
    115.909     6.4343   3.304998    33.0326       2388     9.9458     1.9133  0.000e+00
    115.862     6.4320   3.303779    33.0213       2389     9.9500     1.9150  0.000e+00
    115.811     6.4277   3.303695    33.0246       2390     9.9542     1.9163  0.000e+00
    115.755     6.4239   3.301993    33.0094       2391     9.9583     1.9176  0.000e+00
    115.715     6.4180   3.298270    32.9739       2392     9.9625     1.9176  0.000e+00
    115.668     6.4050   3.295626    32.9571       2393     9.9667     1.9201  0.000e+00
    115.629     6.3884   3.295699    32.9740       2394     9.9708     1.9200  0.000e+00
    115.589     6.3760   3.295273    32.9813       2395     9.9750     1.9201  0.000e+00
    115.553     6.3679   3.295071    32.9869       2396     9.9792     1.9208  0.000e+00
    115.526     6.3620   3.295172    32.9938       2397     9.9833     1.9217  0.000e+00
    115.488     6.3585   3.295088    32.9963       2398     9.9875     1.9220  0.000e+00
    115.457     6.3563   3.294903    32.9963       2399     9.9917     1.9237  0.000e+00
    115.417     6.3545   3.294757    32.9964       2400     9.9958     1.9243  0.000e+00
    115.363     6.3531   3.294516    32.9951       2401    10.0000     1.9261  0.000e+00
    115.307     6.3516   3.294347    32.9947       2402    10.0042     1.9275  0.000e+00
    115.237     6.3503   3.294263    32.9951       2403    10.0083     1.9288  0.000e+00
    115.168     6.3489   3.293825    32.9917       2404    10.0125     1.9297  0.000e+00
    115.083     6.3472   3.293646    32.9914       2405    10.0167     1.9311  0.000e+00
    115.005     6.3455   3.293292    32.9891       2406    10.0208     1.9329  0.000e+00
    114.924     6.3436   3.292641    32.9838       2407    10.0250     1.9347  0.000e+00
    114.835     6.3409   3.292552    32.9854       2408    10.0292     1.9345  0.000e+00
    114.752     6.3384   3.292221    32.9842       2409    10.0333     1.9360  0.000e+00
    114.672     6.3362   3.291867    32.9824       2410    10.0375     1.9353  0.000e+00
    114.595     6.3338   3.291738    32.9833       2411    10.0417     1.9383  0.000e+00
    114.530     6.3317   3.291536    32.9832       2412    10.0458     1.9371  0.000e+00
    114.473     6.3299   3.291334    32.9827       2413    10.0500     1.9391  0.000e+00
    114.414     6.3283   3.291520    32.9863       2414    10.0542     1.9406  0.000e+00
    114.367     6.3275   3.291351    32.9853       2415    10.0583     1.9408  0.000e+00
    114.320     6.3269   3.290695    32.9785       2416    10.0625     1.9409  0.000e+00
    114.275     6.3248   3.290123    32.9743       2417    10.0667     1.9413  0.000e+00
    114.242     6.3217   3.290196    32.9781       2418    10.0708     1.9422  0.000e+00
    114.204     6.3195   3.290072    32.9789       2419    10.0750     1.9428  0.000e+00
    114.162     6.3180   3.289747    32.9767       2420    10.0792     1.9427  0.000e+00
    114.114     6.3162   3.290751    32.9897       2421    10.0833     1.9431  0.000e+00
    114.061     6.3172   3.289971    32.9801       2422    10.0875     1.9435  0.000e+00
    113.996     6.3172   3.288839    32.9674       2423    10.0917     1.9437  0.000e+00
    113.918     6.3134   3.288782    32.9706       2424    10.0958     1.9453  0.000e+00
    113.841     6.3101   3.288715    32.9730       2425    10.1000     1.9444  0.000e+00
    113.748     6.3079   3.288654    32.9746       2426    10.1042     1.9447  0.000e+00
    113.653     6.3065   3.288530    32.9746       2427    10.1083     1.9460  0.000e+00
    113.566     6.3052   3.287992    32.9699       2428    10.1125     1.9464  0.000e+00
    113.479     6.3030   3.287807    32.9700       2429    10.1167     1.9466  0.000e+00
    113.403     6.3009   3.287868    32.9728       2430    10.1208     1.9469  0.000e+00
    113.334     6.2996   3.287683    32.9720       2431    10.1250     1.9472  0.000e+00
    113.274     6.2987   3.287644    32.9724       2432    10.1292     1.9494  0.000e+00
    113.235     6.2980   3.287582    32.9725       2433    10.1333     1.9490  0.000e+00
    113.199     6.2975   3.287700    32.9743       2434    10.1375     1.9492  0.000e+00
    113.183     6.2973   3.287846    32.9761       2435    10.1417     1.9494  0.000e+00
    113.161     6.2977   3.287683    32.9739       2436    10.1458     1.9507  0.000e+00
    113.150     6.2976   3.287622    32.9734       2437    10.1500     1.9504  0.000e+00
    113.136     6.2971   3.287762    32.9754       2438    10.1542     1.9496  0.000e+00
    113.114     6.2971   3.287745    32.9752       2439    10.1583     1.9518  0.000e+00
    113.092     6.2971   3.287459    32.9720       2440    10.1625     1.9503  0.000e+00
    113.056     6.2969   3.287543    32.9732       2441    10.1667     1.9508  0.000e+00
    113.002     6.2963   3.287397    32.9722       2442    10.1708     1.9509  0.000e+00
    112.949     6.2959   3.287437    32.9730       2443    10.1750     1.9508  0.000e+00
    112.881     6.2956   3.287386    32.9728       2444    10.1792     1.9522  0.000e+00
    112.816     6.2954   3.287274    32.9718       2445    10.1833     1.9514  0.000e+00
    112.738     6.2951   3.287414    32.9737       2446    10.1875     1.9511  0.000e+00
    112.657     6.2949   3.287459    32.9744       2447    10.1917     1.9507  0.000e+00
    112.583     6.2949   3.287330    32.9730       2448    10.1958     1.9505  0.000e+00
    112.519     6.2947   3.287190    32.9716       2449    10.2000     1.9504  0.000e+00
    112.458     6.2944   3.287106    32.9710       2450    10.2042     1.9518  0.000e+00
    112.396     6.2938   3.287190    32.9726       2451    10.2083     1.9508  0.000e+00
    112.351     6.2936   3.287274    32.9738       2452    10.2125     1.9511  0.000e+00
    112.310     6.2933   3.287459    32.9761       2453    10.2167     1.9509  0.000e+00
    112.268     6.2939   3.287459    32.9756       2454    10.2208     1.9516  0.000e+00
    112.226     6.2944   3.287369    32.9741       2455    10.2250     1.9531  0.000e+00
    112.183     6.2946   3.287397    32.9742       2456    10.2292     1.9534  0.000e+00
    112.127     6.2947   3.287414    32.9744       2457    10.2333     1.9536  0.000e+00
    112.071     6.2949   3.287307    32.9730       2458    10.2375     1.9526  0.000e+00
    112.008     6.2949   3.287251    32.9724       2459    10.2417     1.9531  0.000e+00
    111.937     6.2947   3.287313    32.9733       2460    10.2458     1.9532  0.000e+00
    111.863     6.2947   3.287274    32.9729       2461    10.2500     1.9540  0.000e+00
    111.789     6.2948   3.287150    32.9715       2462    10.2542     1.9529  0.000e+00
    111.717     6.2944   3.287206    32.9725       2463    10.2583     1.9535  0.000e+00
    111.637     6.2943   3.287066    32.9711       2464    10.2625     1.9536  0.000e+00
    111.568     6.2940   3.286169    32.9614       2465    10.2667     1.9537  0.000e+00
    111.503     6.2918   3.285356    32.9546       2466    10.2708     1.9541  0.000e+00
    111.435     6.2879   3.284308    32.9467       2467    10.2750     1.9542  0.000e+00
    111.364     6.2828   3.284006    32.9484       2468    10.2792     1.9549  0.000e+00
    111.304     6.2784   3.283709    32.9493       2469    10.2833     1.9549  0.000e+00
    111.247     6.2747   3.282577    32.9403       2470    10.2875     1.9553  0.000e+00
    111.194     6.2698   3.281036    32.9279       2471    10.2917     1.9540  0.000e+00
    111.136     6.2624   3.280162    32.9254       2472    10.2958     1.9553  0.000e+00
    111.089     6.2543   3.279333    32.9240       2473    10.3000     1.9544  0.000e+00
    111.035     6.2465   3.278409    32.9213       2474    10.3042     1.9547  0.000e+00
    110.981     6.2383   3.276007    32.9025       2475    10.3083     1.9544  0.000e+00
    110.936     6.2280   3.274674    32.8976       2476    10.3125     1.9549  0.000e+00
    110.883     6.2172   3.273829    32.8987       2477    10.3167     1.9557  0.000e+00
    110.832     6.2076   3.273051    32.8994       2478    10.3208     1.9558  0.000e+00
    110.787     6.1992   3.272827    32.9050       2479    10.3250     1.9560  0.000e+00
    110.746     6.1931   3.272894    32.9117       2480    10.3292     1.9562  0.000e+00
    110.704     6.1892   3.273174    32.9186       2481    10.3333     1.9567  0.000e+00
    110.657     6.1876   3.273236    32.9209       2482    10.3375     1.9581  0.000e+00
    110.610     6.1870   3.272866    32.9174       2483    10.3417     1.9590  0.000e+00
    110.556     6.1859   3.273051    32.9206       2484    10.3458     1.9596  0.000e+00
    110.505     6.1853   3.273157    32.9223       2485    10.3500     1.9608  0.000e+00
    110.444     6.1852   3.273236    32.9233       2486    10.3542     1.9626  0.000e+00
    110.386     6.1856   3.273342    32.9241       2487    10.3583     1.9635  0.000e+00
    110.314     6.1859   3.273129    32.9215       2488    10.3625     1.9654  0.000e+00
    110.250     6.1860   3.273012    32.9201       2489    10.3667     1.9663  0.000e+00
    110.180     6.1855   3.272335    32.9131       2490    10.3708     1.9676  0.000e+00
    110.117     6.1839   3.271064    32.9005       2491    10.3750     1.9677  0.000e+00
    110.046     6.1794   3.269139    32.8835       2492    10.3792     1.9691  0.000e+00
    109.992     6.1721   3.268647    32.8850       2493    10.3833     1.9696  0.000e+00
    109.943     6.1653   3.268384    32.8887       2494    10.3875     1.9698  0.000e+00
    109.896     6.1604   3.268261    32.8921       2495    10.3917     1.9697  0.000e+00
    109.847     6.1570   3.268144    32.8941       2496    10.3958     1.9702  0.000e+00
    109.808     6.1544   3.267915    32.8941       2497    10.4000     1.9692  0.000e+00
    109.773     6.1524   3.267976    32.8967       2498    10.4042     1.9713  0.000e+00
    109.744     6.1512   3.267730    32.8952       2499    10.4083     1.9702  0.000e+00
    109.710     6.1498   3.267652    32.8957       2500    10.4125     1.9709  0.000e+00
    109.677     6.1486   3.267400    32.8940       2501    10.4167     1.9723  0.000e+00
    109.643     6.1474   3.266869    32.8892       2502    10.4208     1.9734  0.000e+00
    109.596     6.1456   3.266807    32.8903       2503    10.4250     1.9731  0.000e+00
    109.552     6.1438   3.266544    32.8892       2504    10.4292     1.9744  0.000e+00
    109.502     6.1423   3.266399    32.8890       2505    10.4333     1.9750  0.000e+00
    109.448     6.1408   3.266276    32.8891       2506    10.4375     1.9757  0.000e+00
    109.384     6.1395   3.266114    32.8886       2507    10.4417     1.9775  0.000e+00
    109.314     6.1383   3.265784    32.8861       2508    10.4458     1.9775  0.000e+00
    109.229     6.1368   3.265470    32.8841       2509    10.4500     1.9782  0.000e+00
    109.153     6.1349   3.265314    32.8842       2510    10.4542     1.9786  0.000e+00
    109.064     6.1335   3.265336    32.8859       2511    10.4583     1.9785  0.000e+00
    108.979     6.1323   3.264990    32.8832       2512    10.4625     1.9784  0.000e+00
    108.902     6.1308   3.264140    32.8752       2513    10.4667     1.9783  0.000e+00
    108.828     6.1282   3.263843    32.8744       2514    10.4708     1.9805  0.000e+00
    108.761     6.1255   3.263681    32.8753       2515    10.4750     1.9805  0.000e+00
    108.696     6.1233   3.263581    32.8763       2516    10.4792     1.9800  0.000e+00
    108.640     6.1218   3.263284    32.8746       2517    10.4833     1.9809  0.000e+00
    108.587     6.1202   3.262843    32.8712       2518    10.4875     1.9825  0.000e+00
    108.542     6.1183   3.262373    32.8678       2519    10.4917     1.9837  0.000e+00
    108.488     6.1159   3.262088    32.8670       2520    10.4958     1.9840  0.000e+00
    108.435     6.1139   3.262110    32.8691       2521    10.5000     1.9838  0.000e+00
    108.383     6.1128   3.262116    32.8703       2522    10.5042     1.9838  0.000e+00
    108.329     6.1126   3.262474    32.8745       2523    10.5083     1.9845  0.000e+00
    108.267     6.1136   3.262826    32.8775       2524    10.5125     1.9851  0.000e+00
    108.209     6.1164   3.261903    32.8645       2525    10.5167     1.9850  0.000e+00
    108.146     6.1181   3.261216    32.8552       2526    10.5208     1.9847  0.000e+00
