HB2402/sbe132.cnv
* Sea-Bird SBE 19plus V2 Data File:
* FileName = C:\cruise\data\sbe132.hex
* Software Version Seasave V 7.26.7.121
* Temperature SN = 7037
* Conductivity SN = 7037
* System UpLoad Time = May 08 2024 22:21:06
* NMEA Latitude = 42 48.23 N
* NMEA Longitude = 069 17.07 W
* NMEA UTC (Time) = May 08 2024  22:20:02
** Ship: Bigelow
** Cruise:  HB2402
** Program:  Spring Bottom Trawl
# nquan = 8
# nvalues = 1249                                  
# units = specified
# name 0 = depSM: Depth [salt water, m]
# name 1 = tv290C: Temperature [ITS-90, deg C]
# name 2 = c0S/m: Conductivity [S/m]
# name 3 = sal00: Salinity, Practical [PSU]
# name 4 = scan: Scan Count
# name 5 = timeM: Time, Elapsed [minutes]
# name 6 = sbeox0V: Oxygen raw, SBE 43 [V]
# name 7 = flag:  0.000e+00
# span 0 =     -0.187,     68.987                 
# span 1 =     4.8964,    10.6246                 
# span 2 =   0.000004,   3.344803                 
# span 3 =     0.0054,    32.6604                 
# span 4 =         11,       1259                 
# span 5 =     0.0417,     5.2417                 
# span 6 =     2.0210,     2.7902                 
# span 7 = 0.0000e+00, 0.0000e+00                 
# interval = seconds: 0.25
# start_time = May 08 2024 22:20:02 [NMEA time, header]
# bad_flag = -9.990e-29
*END*
[from data line 360]
     44.100     4.9924   3.068068    31.7840        371     1.5417     2.2536  0.000e+00
     44.273     4.9917   3.067948    31.7832        372     1.5458     2.2533  0.000e+00
     44.441     4.9907   3.067838    31.7829        373     1.5500     2.2526  0.000e+00
     44.600     4.9884   3.067669    31.7830        374     1.5542     2.2522  0.000e+00
     44.759     4.9853   3.067790    31.7873        375     1.5583     2.2528  0.000e+00
     44.922     4.9809   3.068090    31.7948        376     1.5625     2.2519  0.000e+00
     45.085     4.9760   3.068243    31.8012        377     1.5667     2.2510  0.000e+00
     45.251     4.9702   3.068368    31.8081        378     1.5708     2.2494  0.000e+00
     45.428     4.9658   3.068374    31.8122        379     1.5750     2.2510  0.000e+00
     45.614     4.9600   3.068680    31.8212        380     1.5792     2.2498  0.000e+00
     45.802     4.9537   3.068871    31.8294        381     1.5833     2.2496  0.000e+00
     46.001     4.9487   3.068909    31.8344        382     1.5875     2.2489  0.000e+00
     46.200     4.9448   3.069040    31.8396        383     1.5917     2.2488  0.000e+00
     46.407     4.9412   3.069139    31.8440        384     1.5958     2.2496  0.000e+00
     46.622     4.9380   3.069248    31.8483        385     1.6000     2.2487  0.000e+00
     46.841     4.9355   3.069385    31.8522        386     1.6042     2.2485  0.000e+00
     47.061     4.9321   3.069652    31.8583        387     1.6083     2.2478  0.000e+00
     47.276     4.9290   3.070187    31.8674        388     1.6125     2.2476  0.000e+00
     47.501     4.9273   3.070679    31.8745        389     1.6167     2.2469  0.000e+00
     47.707     4.9275   3.071176    31.8800        390     1.6208     2.2480  0.000e+00
     47.913     4.9287   3.071651    31.8841        391     1.6250     2.2475  0.000e+00
     48.113     4.9297   3.072470    31.8925        392     1.6292     2.2481  0.000e+00
     48.307     4.9304   3.072983    31.8976        393     1.6333     2.2482  0.000e+00
     48.500     4.9311   3.073120    31.8984        394     1.6375     2.2465  0.000e+00
     48.688     4.9318   3.073049    31.8969        395     1.6417     2.2469  0.000e+00
     48.876     4.9324   3.073289    31.8989        396     1.6458     2.2464  0.000e+00
     49.064     4.9328   3.073366    31.8993        397     1.6500     2.2476  0.000e+00
     49.255     4.9327   3.073672    31.9029        398     1.6542     2.2461  0.000e+00
     49.452     4.9323   3.073918    31.9060        399     1.6583     2.2458  0.000e+00
     49.653     4.9323   3.074131    31.9083        400     1.6625     2.2465  0.000e+00
     49.862     4.9323   3.074213    31.9091        401     1.6667     2.2458  0.000e+00
     50.076     4.9324   3.074360    31.9106        402     1.6708     2.2458  0.000e+00
     50.298     4.9330   3.074546    31.9121        403     1.6750     2.2456  0.000e+00
     50.522     4.9334   3.074683    31.9131        404     1.6792     2.2454  0.000e+00
     50.753     4.9338   3.074890    31.9150        405     1.6833     2.2445  0.000e+00
     50.977     4.9346   3.075103    31.9166        406     1.6875     2.2455  0.000e+00
     51.208     4.9355   3.075672    31.9221        407     1.6917     2.2445  0.000e+00
     51.434     4.9370   3.076355    31.9284        408     1.6958     2.2452  0.000e+00
     51.658     4.9399   3.077333    31.9367        409     1.7000     2.2445  0.000e+00
     51.875     4.9446   3.078612    31.9468        410     1.7042     2.2448  0.000e+00
     52.083     4.9514   3.079475    31.9501        411     1.7083     2.2445  0.000e+00
     52.273     4.9591   3.080284    31.9519        412     1.7125     2.2442  0.000e+00
     52.448     4.9662   3.080792    31.9508        413     1.7167     2.2454  0.000e+00
     52.611     4.9726   3.081689    31.9549        414     1.7208     2.2444  0.000e+00
     52.768     4.9789   3.082154    31.9541        415     1.7250     2.2446  0.000e+00
     52.912     4.9847   3.082936    31.9574        416     1.7292     2.2433  0.000e+00
     53.048     4.9905   3.084199    31.9662        417     1.7333     2.2425  0.000e+00
     53.183     4.9981   3.084390    31.9611        418     1.7375     2.2433  0.000e+00
     53.324     5.0042   3.084604    31.9577        419     1.7417     2.2427  0.000e+00
     53.482     5.0089   3.084407    31.9508        420     1.7458     2.2425  0.000e+00
     53.637     5.0116   3.084598    31.9503        421     1.7500     2.2427  0.000e+00
     53.818     5.0134   3.085692    31.9610        422     1.7542     2.2414  0.000e+00
     54.000     5.0173   3.086715    31.9689        423     1.7583     2.2411  0.000e+00
     54.201     5.0237   3.086918    31.9650        424     1.7625     2.2411  0.000e+00
     54.409     5.0291   3.086896    31.9594        425     1.7667     2.2399  0.000e+00
     54.627     5.0327   3.087087    31.9581        426     1.7708     2.2404  0.000e+00
     54.860     5.0351   3.087903    31.9650        427     1.7750     2.2403  0.000e+00
     55.092     5.0387   3.088433    31.9675        428     1.7792     2.2406  0.000e+00
     55.336     5.0429   3.088816    31.9677        429     1.7833     2.2400  0.000e+00
     55.581     5.0470   3.089555    31.9722        430     1.7875     2.2387  0.000e+00
     55.814     5.0517   3.091269    31.9872        431     1.7917     2.2383  0.000e+00
     56.037     5.0593   3.094378    32.0154        432     1.7958     2.2376  0.000e+00
     56.252     5.0710   3.095052    32.0117        433     1.8000     2.2371  0.000e+00
     56.449     5.0819   3.096301    32.0155        434     1.8042     2.2375  0.000e+00
     56.635     5.0910   3.097703    32.0227        435     1.8083     2.2373  0.000e+00
     56.799     5.1004   3.097823    32.0149        436     1.8125     2.2372  0.000e+00
     56.964     5.1073   3.102098    32.0571        437     1.8167     2.2363  0.000e+00
     57.112     5.1175   3.106029    32.0922        438     1.8208     2.2367  0.000e+00
     57.269     5.1337   3.108020    32.0992        439     1.8250     2.2360  0.000e+00
     57.423     5.1488   3.110472    32.1127        440     1.8292     2.2354  0.000e+00
     57.582     5.1627   3.111262    32.1083        441     1.8333     2.2359  0.000e+00
     57.752     5.1739   3.111569    32.1009        442     1.8375     2.2353  0.000e+00
     57.920     5.1814   3.111399    32.0917        443     1.8417     2.2339  0.000e+00
     58.099     5.1856   3.111163    32.0849        444     1.8458     2.2332  0.000e+00
     58.281     5.1875   3.112096    32.0936        445     1.8500     2.2315  0.000e+00
     58.482     5.1895   3.113101    32.1031        446     1.8542     2.2301  0.000e+00
     58.682     5.1922   3.113523    32.1052        447     1.8583     2.2274  0.000e+00
     58.892     5.1949   3.113776    32.1054        448     1.8625     2.2262  0.000e+00
     59.105     5.1967   3.114610    32.1131        449     1.8667     2.2217  0.000e+00
     59.331     5.1988   3.114923    32.1145        450     1.8708     2.2191  0.000e+00
     59.555     5.2008   3.115209    32.1158        451     1.8750     2.2206  0.000e+00
     59.778     5.2024   3.115714    32.1198        452     1.8792     2.2150  0.000e+00
     60.003     5.2038   3.116022    32.1219        453     1.8833     2.2132  0.000e+00
     60.227     5.2054   3.116219    32.1225        454     1.8875     2.2115  0.000e+00
     60.448     5.2066   3.116263    32.1217        455     1.8917     2.2106  0.000e+00
     60.672     5.2077   3.116428    32.1225        456     1.8958     2.2101  0.000e+00
     60.889     5.2082   3.116604    32.1239        457     1.9000     2.2068  0.000e+00
     61.104     5.2086   3.116719    32.1247        458     1.9042     2.2060  0.000e+00
     61.314     5.2088   3.116741    32.1246        459     1.9083     2.2050  0.000e+00
     61.521     5.2092   3.116857    32.1255        460     1.9125     2.2030  0.000e+00
     61.724     5.2096   3.116939    32.1259        461     1.9167     2.2034  0.000e+00
     61.915     5.2099   3.117011    32.1264        462     1.9208     2.2014  0.000e+00
     62.092     5.2100   3.117071    32.1268        463     1.9250     2.1998  0.000e+00
     62.257     5.2102   3.117088    32.1268        464     1.9292     2.1979  0.000e+00
     62.414     5.2101   3.117148    32.1275        465     1.9333     2.1976  0.000e+00
     62.570     5.2102   3.117148    32.1274        466     1.9375     2.1969  0.000e+00
     62.721     5.2100   3.117159    32.1276        467     1.9417     2.1966  0.000e+00
     62.871     5.2096   3.117203    32.1284        468     1.9458     2.1963  0.000e+00
     63.038     5.2091   3.117247    32.1292        469     1.9500     2.1935  0.000e+00
     63.215     5.2088   3.117324    32.1303        470     1.9542     2.1936  0.000e+00
     63.397     5.2090   3.117533    32.1324        471     1.9583     2.1924  0.000e+00
     63.592     5.2094   3.117769    32.1347        472     1.9625     2.1921  0.000e+00
     63.791     5.2100   3.117961    32.1361        473     1.9667     2.1924  0.000e+00
     63.999     5.2107   3.118313    32.1394        474     1.9708     2.1908  0.000e+00
     64.214     5.2113   3.118483    32.1407        475     1.9750     2.1911  0.000e+00
     64.438     5.2120   3.118796    32.1434        476     1.9792     2.1909  0.000e+00
     64.658     5.2130   3.119011    32.1448        477     1.9833     2.1918  0.000e+00
     64.897     5.2140   3.119423    32.1484        478     1.9875     2.1892  0.000e+00
     65.128     5.2154   3.120038    32.1540        479     1.9917     2.1902  0.000e+00
     65.358     5.2174   3.120714    32.1596        480     1.9958     2.1878  0.000e+00
     65.586     5.2200   3.120774    32.1578        481     2.0000     2.1868  0.000e+00
     65.797     5.2222   3.121373    32.1624        482     2.0042     2.1862  0.000e+00
     66.005     5.2246   3.121296    32.1591        483     2.0083     2.1859  0.000e+00
     66.193     5.2262   3.122148    32.1672        484     2.0125     2.1863  0.000e+00
     66.366     5.2281   3.123687    32.1828        485     2.0167     2.1836  0.000e+00
     66.520     5.2320   3.126485    32.2109        486     2.0208     2.1840  0.000e+00
     66.675     5.2389   3.128508    32.2272        487     2.0250     2.1832  0.000e+00
     66.820     5.2482   3.131231    32.2492        488     2.0292     2.1847  0.000e+00
     66.968     5.2600   3.137120    32.3049        489     2.0333     2.1833  0.000e+00
     67.124     5.2783   3.145993    32.3883        490     2.0375     2.1839  0.000e+00
     67.295     5.3080   3.156703    32.4814        491     2.0417     2.1825  0.000e+00
     67.480     5.3553   3.160975    32.4841        492     2.0458     2.1838  0.000e+00
     67.675     5.4021   3.164377    32.4774        493     2.0500     2.1837  0.000e+00
     67.883     5.4429   3.173208    32.5380        494     2.0542     2.1842  0.000e+00
     68.107     5.4873   3.178413    32.5540        495     2.0583     2.1831  0.000e+00
     68.349     5.5330   3.191720    32.6604        496     2.0625     2.1820  0.000e+00
     68.587     5.5903   3.192468    32.6131        497     2.0667     2.1802  0.000e+00
     68.721     5.6369   3.186744    32.5032        498     2.0708     2.1773  0.000e+00
     68.811     5.6543   3.186389    32.4824        499     2.0750     2.1721  0.000e+00
     68.889     5.6605   3.188694    32.5024        500     2.0792     2.1676  0.000e+00
     68.925     5.6684   3.190982    32.5206        501     2.0833     2.1618  0.000e+00
     68.956     5.6795   3.197358    32.5819        502     2.0875     2.1525  0.000e+00
     68.987     5.7000   3.201052    32.6037        503     2.0917     2.1452  0.000e+00
     68.976     5.7257   3.203849    32.6104        504     2.0958     2.1375  0.000e+00
     68.929     5.7510   3.202511    32.5709        505     2.1000     2.1308  0.000e+00
     68.822     5.7667   3.204270    32.5756        506     2.1042     2.1239  0.000e+00
     68.661     5.7778   3.207790    32.6046        507     2.1083     2.1165  0.000e+00
     68.499     5.7930   3.207229    32.5837        508     2.1125     2.1107  0.000e+00
     68.304     5.8047   3.207290    32.5732        509     2.1167     2.1039  0.000e+00
     68.240     5.8116   3.206329    32.5558        510     2.1208     2.0989  0.000e+00
     68.134     5.8136   3.205169    32.5408        511     2.1250     2.0925  0.000e+00
     68.090     5.8122   3.205446    32.5454        512     2.1292     2.0865  0.000e+00
     68.067     5.8109   3.205469    32.5469        513     2.1333     2.0803  0.000e+00
     68.041     5.8102   3.205224    32.5448        514     2.1375     2.0752  0.000e+00
     68.018     5.8092   3.204813    32.5411        515     2.1417     2.0686  0.000e+00
     67.996     5.8076   3.204886    32.5435        516     2.1458     2.0640  0.000e+00
     68.002     5.8066   3.204986    32.5456        517     2.1500     2.0590  0.000e+00
     68.025     5.8061   3.205024    32.5465        518     2.1542     2.0542  0.000e+00
     68.063     5.8059   3.205224    32.5489        519     2.1583     2.0518  0.000e+00
     68.096     5.8062   3.205469    32.5514        520     2.1625     2.0479  0.000e+00
     68.121     5.8070   3.206107    32.5578        521     2.1667     2.0435  0.000e+00
     68.134     5.8089   3.206529    32.5607        522     2.1708     2.0422  0.000e+00
     68.134     5.8115   3.206945    32.5628        523     2.1750     2.0380  0.000e+00
     68.121     5.8141   3.206968    32.5606        524     2.1792     2.0363  0.000e+00
     68.085     5.8163   3.206929    32.5581        525     2.1833     2.0344  0.000e+00
     68.029     5.8175   3.206629    32.5536        526     2.1875     2.0327  0.000e+00
     67.953     5.8174   3.205768    32.5440        527     2.1917     2.0315  0.000e+00
     67.861     5.8154   3.204347    32.5300        528     2.1958     2.0299  0.000e+00
     67.750     5.8105   3.201750    32.5056        529     2.2000     2.0294  0.000e+00
     67.636     5.8006   3.197145    32.4633        530     2.2042     2.0280  0.000e+00
     67.521     5.7828   3.194184    32.4473        531     2.2083     2.0257  0.000e+00
     67.411     5.7616   3.191197    32.4340        532     2.2125     2.0251  0.000e+00
     67.309     5.7400   3.188055    32.4194        533     2.2167     2.0244  0.000e+00
     67.224     5.7175   3.184677    32.4031        534     2.2208     2.0233  0.000e+00
     67.159     5.6954   3.183287    32.4087        535     2.2250     2.0219  0.000e+00
     67.103     5.6760   3.181444    32.4066        536     2.2292     2.0215  0.000e+00
     67.073     5.6590   3.180370    32.4109        537     2.2333     2.0210  0.000e+00
     67.055     5.6459   3.178826    32.4060        538     2.2375     2.0225  0.000e+00
     67.047     5.6342   3.178810    32.4171        539     2.2417     2.0241  0.000e+00
     67.049     5.6255   3.178887    32.4264        540     2.2458     2.0244  0.000e+00
     67.067     5.6202   3.178788    32.4303        541     2.2500     2.0254  0.000e+00
     67.085     5.6168   3.178749    32.4332        542     2.2542     2.0270  0.000e+00
     67.101     5.6147   3.178650    32.4340        543     2.2583     2.0287  0.000e+00
     67.110     5.6132   3.178865    32.4379        544     2.2625     2.0317  0.000e+00
     67.114     5.6125   3.179225    32.4426        545     2.2667     2.0344  0.000e+00
     67.114     5.6132   3.179701    32.4474        546     2.2708     2.0366  0.000e+00
     67.100     5.6147   3.180432    32.4542        547     2.2750     2.0387  0.000e+00
     67.074     5.6175   3.180869    32.4564        548     2.2792     2.0427  0.000e+00
     67.029     5.6205   3.179817    32.4417        549     2.2833     2.0438  0.000e+00
