HB2402/sbe124.cnv
* Sea-Bird SBE 19plus V2 Data File:
* FileName = C:\cruise\data\sbe124.hex
* Software Version Seasave V 7.26.7.121
* Temperature SN = 7037
* Conductivity SN = 7037
* System UpLoad Time = May 05 2024 12:07:30
* NMEA Latitude = 43 26.43 N
* NMEA Longitude = 067 06.20 W
* NMEA UTC (Time) = May 05 2024  12:06:21
** Ship: Bigelow
** Cruise:  HB2402
** Program:  Spring Bottom Trawl
# nquan = 8
# nvalues = 4129                                  
# units = specified
# name 0 = depSM: Depth [salt water, m]
# name 1 = tv290C: Temperature [ITS-90, deg C]
# name 2 = c0S/m: Conductivity [S/m]
# name 3 = sal00: Salinity, Practical [PSU]
# name 4 = scan: Scan Count
# name 5 = timeM: Time, Elapsed [minutes]
# name 6 = sbeox0V: Oxygen raw, SBE 43 [V]
# name 7 = flag:  0.000e+00
# span 0 =      0.076,    177.424                 
# span 1 =     5.2629,     7.7212                 
# span 2 =   0.000015,   3.521569                 
# span 3 =     0.0026,    34.1209                 
# span 4 =         11,       4139                 
# span 5 =     0.0417,    17.2417                 
# span 6 =     1.8273,     2.5545                 
# span 7 = 0.0000e+00, 0.0000e+00                 
# interval = seconds: 0.25
# start_time = May 05 2024 12:06:21 [NMEA time, header]
# bad_flag = -9.990e-29
*END*
[from data line 2697]
     79.660     5.6041   3.214390    32.8423       2708    11.2792     2.1433  0.000e+00
     79.598     5.6040   3.214373    32.8423       2709    11.2833     2.1421  0.000e+00
     79.540     5.6038   3.214390    32.8426       2710    11.2875     2.1424  0.000e+00
     79.472     5.6038   3.214412    32.8429       2711    11.2917     2.1440  0.000e+00
     79.401     5.6039   3.214412    32.8429       2712    11.2958     2.1432  0.000e+00
     79.329     5.6038   3.214384    32.8427       2713    11.3000     2.1442  0.000e+00
     79.258     5.6039   3.214412    32.8430       2714    11.3042     2.1440  0.000e+00
     79.192     5.6040   3.214328    32.8420       2715    11.3083     2.1445  0.000e+00
     79.128     5.6039   3.214167    32.8403       2716    11.3125     2.1446  0.000e+00
     79.065     5.6036   3.214267    32.8418       2717    11.3167     2.1448  0.000e+00
     79.004     5.6034   3.214228    32.8415       2718    11.3208     2.1453  0.000e+00
     78.949     5.6033   3.214128    32.8405       2719    11.3250     2.1458  0.000e+00
     78.886     5.6031   3.214089    32.8403       2720    11.3292     2.1461  0.000e+00
     78.828     5.6029   3.214089    32.8405       2721    11.3333     2.1445  0.000e+00
     78.781     5.6027   3.214056    32.8403       2722    11.3375     2.1456  0.000e+00
     78.716     5.6026   3.214128    32.8413       2723    11.3417     2.1469  0.000e+00
     78.660     5.6025   3.214072    32.8408       2724    11.3458     2.1458  0.000e+00
     78.608     5.6026   3.214067    32.8406       2725    11.3500     2.1461  0.000e+00
     78.559     5.6026   3.214028    32.8403       2726    11.3542     2.1461  0.000e+00
     78.514     5.6025   3.214067    32.8408       2727    11.3583     2.1469  0.000e+00
     78.465     5.6026   3.214011    32.8401       2728    11.3625     2.1456  0.000e+00
     78.407     5.6025   3.213928    32.8393       2729    11.3667     2.1469  0.000e+00
     78.353     5.6023   3.214050    32.8408       2730    11.3708     2.1474  0.000e+00
     78.297     5.6024   3.214011    32.8404       2731    11.3750     2.1474  0.000e+00
     78.239     5.6024   3.214050    32.8408       2732    11.3792     2.1471  0.000e+00
     78.189     5.6026   3.214089    32.8411       2733    11.3833     2.1472  0.000e+00
     78.127     5.6026   3.214089    32.8411       2734    11.3875     2.1471  0.000e+00
     78.059     5.6027   3.214072    32.8408       2735    11.3917     2.1467  0.000e+00
     77.997     5.6029   3.213928    32.8391       2736    11.3958     2.1482  0.000e+00
     77.927     5.6026   3.213567    32.8353       2737    11.4000     2.1466  0.000e+00
     77.862     5.6020   3.213805    32.8386       2738    11.4042     2.1475  0.000e+00
     77.811     5.6015   3.213544    32.8362       2739    11.4083     2.1467  0.000e+00
     77.739     5.6013   3.213489    32.8358       2740    11.4125     2.1470  0.000e+00
     77.674     5.6010   3.213544    32.8368       2741    11.4167     2.1467  0.000e+00
     77.619     5.6006   3.213389    32.8354       2742    11.4208     2.1473  0.000e+00
     77.558     5.6003   3.213428    32.8362       2743    11.4250     2.1474  0.000e+00
     77.507     5.6001   3.213750    32.8400       2744    11.4292     2.1488  0.000e+00
     77.462     5.6003   3.213750    32.8398       2745    11.4333     2.1484  0.000e+00
     77.422     5.6008   3.213711    32.8389       2746    11.4375     2.1474  0.000e+00
     77.381     5.6012   3.213544    32.8367       2747    11.4417     2.1477  0.000e+00
     77.337     5.6008   3.213505    32.8366       2748    11.4458     2.1479  0.000e+00
     77.291     5.6006   3.213083    32.8321       2749    11.4500     2.1471  0.000e+00
     77.253     5.5998   3.213044    32.8325       2750    11.4542     2.1484  0.000e+00
     77.224     5.5988   3.213127    32.8344       2751    11.4583     2.1469  0.000e+00
     77.187     5.5985   3.213005    32.8333       2752    11.4625     2.1482  0.000e+00
     77.144     5.5981   3.212905    32.8326       2753    11.4667     2.1471  0.000e+00
     77.097     5.5975   3.211360    32.8158       2754    11.4708     2.1484  0.000e+00
     77.050     5.5942   3.210960    32.8145       2755    11.4750     2.1470  0.000e+00
     77.000     5.5908   3.210922    32.8174       2756    11.4792     2.1476  0.000e+00
     76.945     5.5883   3.210783    32.8182       2757    11.4833     2.1471  0.000e+00
     76.880     5.5865   3.210599    32.8179       2758    11.4875     2.1464  0.000e+00
     76.824     5.5849   3.210599    32.8195       2759    11.4917     2.1476  0.000e+00
     76.759     5.5838   3.210561    32.8202       2760    11.4958     2.1467  0.000e+00
     76.692     5.5831   3.210361    32.8187       2761    11.5000     2.1471  0.000e+00
     76.616     5.5821   3.210077    32.8165       2762    11.5042     2.1479  0.000e+00
     76.540     5.5811   3.209777    32.8141       2763    11.5083     2.1474  0.000e+00
     76.457     5.5796   3.209477    32.8122       2764    11.5125     2.1465  0.000e+00
     76.380     5.5781   3.209238    32.8110       2765    11.5167     2.1479  0.000e+00
     76.295     5.5766   3.209016    32.8100       2766    11.5208     2.1475  0.000e+00
     76.219     5.5749   3.208777    32.8090       2767    11.5250     2.1479  0.000e+00
     76.152     5.5735   3.208478    32.8069       2768    11.5292     2.1493  0.000e+00
     76.081     5.5719   3.208155    32.8050       2769    11.5333     2.1497  0.000e+00
     76.024     5.5702   3.207933    32.8040       2770    11.5375     2.1496  0.000e+00
     75.966     5.5685   3.207856    32.8049       2771    11.5417     2.1508  0.000e+00
     75.915     5.5673   3.207833    32.8058       2772    11.5458     2.1509  0.000e+00
     75.879     5.5666   3.207711    32.8052       2773    11.5500     2.1516  0.000e+00
     75.845     5.5658   3.207611    32.8048       2774    11.5542     2.1506  0.000e+00
     75.816     5.5652   3.207611    32.8054       2775    11.5583     2.1512  0.000e+00
     75.789     5.5648   3.207656    32.8063       2776    11.5625     2.1516  0.000e+00
     75.762     5.5647   3.207633    32.8062       2777    11.5667     2.1517  0.000e+00
     75.727     5.5645   3.207611    32.8061       2778    11.5708     2.1506  0.000e+00
     75.699     5.5644   3.207656    32.8067       2779    11.5750     2.1513  0.000e+00
     75.655     5.5644   3.207656    32.8068       2780    11.5792     2.1516  0.000e+00
     75.617     5.5644   3.207633    32.8066       2781    11.5833     2.1523  0.000e+00
     75.570     5.5644   3.207572    32.8058       2782    11.5875     2.1520  0.000e+00
     75.511     5.5643   3.207472    32.8048       2783    11.5917     2.1519  0.000e+00
     75.447     5.5640   3.207272    32.8029       2784    11.5958     2.1535  0.000e+00
     75.379     5.5636   3.207233    32.8029       2785    11.6000     2.1532  0.000e+00
     75.307     5.5631   3.207172    32.8027       2786    11.6042     2.1529  0.000e+00
     75.229     5.5628   3.207195    32.8033       2787    11.6083     2.1539  0.000e+00
     75.158     5.5625   3.207195    32.8037       2788    11.6125     2.1542  0.000e+00
     75.095     5.5624   3.207156    32.8034       2789    11.6167     2.1536  0.000e+00
     75.037     5.5623   3.207111    32.8030       2790    11.6208     2.1542  0.000e+00
     74.978     5.5621   3.207111    32.8031       2791    11.6250     2.1548  0.000e+00
     74.918     5.5623   3.206511    32.7963       2792    11.6292     2.1543  0.000e+00
     74.867     5.5621   3.207133    32.8035       2793    11.6333     2.1548  0.000e+00
     74.824     5.5620   3.206995    32.8021       2794    11.6375     2.1556  0.000e+00
     74.782     5.5619   3.206711    32.7989       2795    11.6417     2.1558  0.000e+00
     74.748     5.5614   3.206550    32.7976       2796    11.6458     2.1561  0.000e+00
     74.706     5.5607   3.206556    32.7984       2797    11.6500     2.1563  0.000e+00
     74.665     5.5601   3.206473    32.7981       2798    11.6542     2.1566  0.000e+00
     74.632     5.5596   3.205590    32.7886       2799    11.6583     2.1577  0.000e+00
     74.589     5.5579   3.204813    32.7814       2800    11.6625     2.1586  0.000e+00
     74.547     5.5549   3.204690    32.7830       2801    11.6667     2.1577  0.000e+00
     74.509     5.5525   3.204230    32.7801       2802    11.6708     2.1578  0.000e+00
     74.462     5.5502   3.203952    32.7792       2803    11.6750     2.1574  0.000e+00
     74.426     5.5479   3.203669    32.7783       2804    11.6792     2.1580  0.000e+00
     74.376     5.5457   3.203031    32.7732       2805    11.6833     2.1580  0.000e+00
     74.316     5.5431   3.202115    32.7655       2806    11.6875     2.1571  0.000e+00
     74.262     5.5392   3.200856    32.7550       2807    11.6917     2.1577  0.000e+00
     74.199     5.5345   3.200695    32.7578       2808    11.6958     2.1576  0.000e+00
     74.126     5.5305   3.200195    32.7560       2809    11.7000     2.1583  0.000e+00
     74.050     5.5272   3.199818    32.7550       2810    11.7042     2.1587  0.000e+00
     73.982     5.5241   3.199458    32.7540       2811    11.7083     2.1586  0.000e+00
     73.911     5.5213   3.199674    32.7592       2812    11.7125     2.1604  0.000e+00
     73.843     5.5196   3.198398    32.7464       2813    11.7167     2.1610  0.000e+00
     73.770     5.5169   3.198276    32.7477       2814    11.7208     2.1621  0.000e+00
     73.702     5.5137   3.196723    32.7332       2815    11.7250     2.1622  0.000e+00
     73.640     5.5093   3.195947    32.7288       2816    11.7292     2.1626  0.000e+00
     73.579     5.5041   3.195409    32.7277       2817    11.7333     2.1628  0.000e+00
     73.515     5.4998   3.195265    32.7303       2818    11.7375     2.1640  0.000e+00
     73.461     5.4964   3.196523    32.7479       2819    11.7417     2.1633  0.000e+00
     73.416     5.4962   3.196363    32.7463       2820    11.7458     2.1651  0.000e+00
     73.374     5.4968   3.194965    32.7299       2821    11.7500     2.1658  0.000e+00
     73.327     5.4949   3.195209    32.7346       2822    11.7542     2.1680  0.000e+00
     73.290     5.4932   3.195886    32.7439       2823    11.7583     2.1671  0.000e+00
     73.244     5.4934   3.196024    32.7453       2824    11.7625     2.1687  0.000e+00
     73.194     5.4943   3.196446    32.7493       2825    11.7667     2.1689  0.000e+00
     73.148     5.4954   3.196645    32.7505       2826    11.7708     2.1702  0.000e+00
     73.102     5.4970   3.196923    32.7520       2827    11.7750     2.1717  0.000e+00
     73.053     5.4985   3.196923    32.7506       2828    11.7792     2.1717  0.000e+00
     73.000     5.4994   3.197122    32.7520       2829    11.7833     2.1716  0.000e+00
     72.950     5.5004   3.197361    32.7538       2830    11.7875     2.1736  0.000e+00
     72.895     5.5015   3.197100    32.7498       2831    11.7917     2.1731  0.000e+00
     72.838     5.5020   3.197322    32.7518       2832    11.7958     2.1742  0.000e+00
     72.789     5.5024   3.197161    32.7496       2833    11.8000     2.1745  0.000e+00
     72.740     5.5024   3.197039    32.7483       2834    11.8042     2.1749  0.000e+00
     72.686     5.5022   3.196301    32.7402       2835    11.8083     2.1745  0.000e+00
     72.637     5.5013   3.194250    32.7178       2836    11.8125     2.1752  0.000e+00
     72.590     5.4959   3.191822    32.6955       2837    11.8167     2.1745  0.000e+00
     72.543     5.4875   3.192071    32.7066       2838    11.8208     2.1740  0.000e+00
     72.496     5.4815   3.193834    32.7324       2839    11.8250     2.1755  0.000e+00
     72.447     5.4816   3.193834    32.7324       2840    11.8292     2.1750  0.000e+00
     72.400     5.4827   3.189971    32.6875       2841    11.8333     2.1754  0.000e+00
     72.344     5.4764   3.188935    32.6819       2842    11.8375     2.1742  0.000e+00
     72.290     5.4688   3.188735    32.6870       2843    11.8417     2.1758  0.000e+00
     72.234     5.4630   3.188697    32.6922       2844    11.8458     2.1752  0.000e+00
     72.171     5.4593   3.189351    32.7033       2845    11.8500     2.1761  0.000e+00
     72.104     5.4577   3.186730    32.6751       2846    11.8542     2.1758  0.000e+00
     72.035     5.4537   3.187461    32.6874       2847    11.8583     2.1759  0.000e+00
     71.974     5.4503   3.187007    32.6855       2848    11.8625     2.1766  0.000e+00
     71.911     5.4482   3.187107    32.6888       2849    11.8667     2.1772  0.000e+00
     71.844     5.4463   3.186093    32.6791       2850    11.8708     2.1777  0.000e+00
     71.777     5.4437   3.185833    32.6788       2851    11.8750     2.1782  0.000e+00
     71.715     5.4411   3.185816    32.6811       2852    11.8792     2.1781  0.000e+00
     71.658     5.4393   3.185379    32.6780       2853    11.8833     2.1803  0.000e+00
     71.603     5.4373   3.184205    32.6665       2854    11.8875     2.1813  0.000e+00
     71.544     5.4341   3.183906    32.6663       2855    11.8917     2.1829  0.000e+00
     71.495     5.4312   3.183330    32.6626       2856    11.8958     2.1829  0.000e+00
     71.441     5.4283   3.183291    32.6650       2857    11.9000     2.1835  0.000e+00
     71.394     5.4259   3.183629    32.6712       2858    11.9042     2.1853  0.000e+00
     71.340     5.4251   3.183491    32.6705       2859    11.9083     2.1858  0.000e+00
     71.289     5.4245   3.183236    32.6681       2860    11.9125     2.1869  0.000e+00
     71.247     5.4237   3.183075    32.6672       2861    11.9167     2.1865  0.000e+00
     71.202     5.4228   3.183037    32.6676       2862    11.9208     2.1876  0.000e+00
     71.161     5.4219   3.182516    32.6626       2863    11.9250     2.1884  0.000e+00
     71.110     5.4207   3.182322    32.6616       2864    11.9292     2.1885  0.000e+00
     71.067     5.4192   3.182023    32.6597       2865    11.9333     2.1884  0.000e+00
     71.013     5.4177   3.181802    32.6586       2866    11.9375     2.1896  0.000e+00
     70.966     5.4161   3.181248    32.6539       2867    11.9417     2.1907  0.000e+00
     70.922     5.4140   3.179898    32.6406       2868    11.9458     2.1910  0.000e+00
     70.874     5.4103   3.179566    32.6405       2869    11.9500     2.1916  0.000e+00
     70.821     5.4070   3.178891    32.6360       2870    11.9542     2.1932  0.000e+00
     70.778     5.4038   3.178968    32.6401       2871    11.9583     2.1932  0.000e+00
     70.727     5.4014   3.178714    32.6395       2872    11.9625     2.1916  0.000e+00
     70.675     5.3998   3.178354    32.6370       2873    11.9667     2.1926  0.000e+00
     70.624     5.3979   3.177502    32.6292       2874    11.9708     2.1928  0.000e+00
     70.565     5.3952   3.177878    32.6361       2875    11.9750     2.1938  0.000e+00
     70.514     5.3937   3.178432    32.6439       2876    11.9792     2.1942  0.000e+00
     70.456     5.3938   3.178199    32.6412       2877    11.9833     2.1955  0.000e+00
     70.393     5.3939   3.177978    32.6386       2878    11.9875     2.1952  0.000e+00
     70.326     5.3935   3.177463    32.6332       2879    11.9917     2.1951  0.000e+00
     70.257     5.3922   3.177010    32.6293       2880    11.9958     2.1956  0.000e+00
     70.194     5.3902   3.177010    32.6313       2881    12.0000     2.1972  0.000e+00
     70.124     5.3887   3.176871    32.6313       2882    12.0042     2.1971  0.000e+00
     70.059     5.3875   3.176788    32.6315       2883    12.0083     2.1977  0.000e+00
     70.010     5.3867   3.176788    32.6323       2884    12.0125     2.2007  0.000e+00
     69.988     5.3859   3.176672    32.6317       2885    12.0167     2.2006  0.000e+00
     69.983     5.3855   3.176733    32.6328       2886    12.0208     2.2012  0.000e+00
