HB2402/sbe122.cnv
* Sea-Bird SBE 19plus V2 Data File:
* FileName = C:\cruise\data\sbe122.hex
* Software Version Seasave V 7.26.7.121
* Temperature SN = 7037
* Conductivity SN = 7037
* System UpLoad Time = May 04 2024 21:41:14
* NMEA Latitude = 43 26.13 N
* NMEA Longitude = 067 43.71 W
* NMEA UTC (Time) = May 04 2024  21:40:05
** Ship: Bigelow
** Cruise:  HB2402
** Program:  Spring Bottom Trawl
# nquan = 8
# nvalues = 5511                                  
# units = specified
# name 0 = depSM: Depth [salt water, m]
# name 1 = tv290C: Temperature [ITS-90, deg C]
# name 2 = c0S/m: Conductivity [S/m]
# name 3 = sal00: Salinity, Practical [PSU]
# name 4 = scan: Scan Count
# name 5 = timeM: Time, Elapsed [minutes]
# name 6 = sbeox0V: Oxygen raw, SBE 43 [V]
# name 7 = flag:  0.000e+00
# span 0 =      0.077,    200.060                 
# span 1 =     4.9465,     8.6799                 
# span 2 =  -0.000010,   3.564155                 
# span 3 =     0.0000,    34.1218                 
# span 4 =         11,       5521                 
# span 5 =     0.0417,    23.0000                 
# span 6 =     1.5302,     2.7642                 
# span 7 = 0.0000e+00, 0.0000e+00                 
# interval = seconds: 0.25
# start_time = May 04 2024 21:40:05 [NMEA time, header]
# bad_flag = -9.990e-29
*END*
[from data line 3057]
    103.361     6.5625   3.315461    33.0306       3068    12.7792     1.8720  0.000e+00
    103.312     6.5615   3.315337    33.0302       3069    12.7833     1.8727  0.000e+00
    103.259     6.5607   3.315360    33.0313       3070    12.7875     1.8750  0.000e+00
    103.194     6.5606   3.315461    33.0325       3071    12.7917     1.8765  0.000e+00
    103.129     6.5615   3.315776    33.0352       3072    12.7958     1.8774  0.000e+00
    103.057     6.5632   3.316277    33.0391       3073    12.8000     1.8778  0.000e+00
    102.979     6.5661   3.316817    33.0424       3074    12.8042     1.8786  0.000e+00
    102.898     6.5704   3.317334    33.0439       3075    12.8083     1.8786  0.000e+00
    102.826     6.5759   3.318285    33.0491       3076    12.8125     1.8808  0.000e+00
    102.746     6.5829   3.318854    33.0487       3077    12.8167     1.8805  0.000e+00
    102.679     6.5906   3.319118    33.0442       3078    12.8208     1.8820  0.000e+00
    102.623     6.5974   3.319315    33.0399       3079    12.8250     1.8828  0.000e+00
    102.587     6.6027   3.319439    33.0361       3080    12.8292     1.8832  0.000e+00
    102.555     6.6068   3.319596    33.0339       3081    12.8333     1.8824  0.000e+00
    102.540     6.6100   3.319669    33.0316       3082    12.8375     1.8825  0.000e+00
    102.529     6.6123   3.319748    33.0303       3083    12.8417     1.8818  0.000e+00
    102.529     6.6142   3.319731    33.0283       3084    12.8458     1.8827  0.000e+00
    102.533     6.6152   3.319771    33.0277       3085    12.8500     1.8805  0.000e+00
    102.538     6.6160   3.319816    33.0275       3086    12.8542     1.8819  0.000e+00
    102.542     6.6168   3.319793    33.0265       3087    12.8583     1.8795  0.000e+00
    102.538     6.6171   3.319810    33.0263       3088    12.8625     1.8792  0.000e+00
    102.529     6.6174   3.319855    33.0265       3089    12.8667     1.8796  0.000e+00
    102.509     6.6179   3.319855    33.0261       3090    12.8708     1.8779  0.000e+00
    102.481     6.6183   3.319686    33.0238       3091    12.8750     1.8777  0.000e+00
    102.437     6.6187   3.319557    33.0220       3092    12.8792     1.8773  0.000e+00
    102.390     6.6189   3.319461    33.0208       3093    12.8833     1.8774  0.000e+00
    102.325     6.6187   3.319078    33.0169       3094    12.8875     1.8774  0.000e+00
    102.260     6.6178   3.318544    33.0118       3095    12.8917     1.8771  0.000e+00
    102.189     6.6159   3.317666    33.0040       3096    12.8958     1.8768  0.000e+00
    102.112     6.6128   3.317109    33.0009       3097    12.9000     1.8768  0.000e+00
    102.043     6.6088   3.316315    32.9960       3098    12.9042     1.8789  0.000e+00
    101.967     6.6043   3.315730    32.9939       3099    12.9083     1.8773  0.000e+00
    101.897     6.5995   3.315539    32.9965       3100    12.9125     1.8762  0.000e+00
    101.835     6.5957   3.315483    32.9996       3101    12.9167     1.8775  0.000e+00
    101.774     6.5934   3.315522    33.0023       3102    12.9208     1.8771  0.000e+00
    101.730     6.5920   3.315460    33.0029       3103    12.9250     1.8770  0.000e+00
    101.687     6.5911   3.315438    33.0036       3104    12.9292     1.8770  0.000e+00
    101.654     6.5906   3.315404    33.0037       3105    12.9333     1.8779  0.000e+00
    101.629     6.5900   3.315314    33.0033       3106    12.9375     1.8773  0.000e+00
    101.608     6.5896   3.315337    33.0040       3107    12.9417     1.8788  0.000e+00
    101.580     6.5890   3.315241    33.0034       3108    12.9458     1.8794  0.000e+00
    101.550     6.5888   3.315213    33.0034       3109    12.9500     1.8801  0.000e+00
    101.526     6.5884   3.315241    33.0040       3110    12.9542     1.8815  0.000e+00
    101.499     6.5883   3.315275    33.0045       3111    12.9583     1.8807  0.000e+00
    101.461     6.5883   3.315252    33.0043       3112    12.9625     1.8791  0.000e+00
    101.414     6.5884   3.315224    33.0039       3113    12.9667     1.8805  0.000e+00
    101.369     6.5883   3.315252    33.0044       3114    12.9708     1.8812  0.000e+00
    101.326     6.5883   3.315213    33.0040       3115    12.9750     1.8818  0.000e+00
    101.268     6.5883   3.315201    33.0039       3116    12.9792     1.8817  0.000e+00
    101.215     6.5883   3.314959    33.0013       3117    12.9833     1.8824  0.000e+00
    101.158     6.5877   3.314881    33.0009       3118    12.9875     1.8821  0.000e+00
    101.094     6.5870   3.314684    32.9995       3119    12.9917     1.8817  0.000e+00
    101.033     6.5862   3.314504    32.9983       3120    12.9958     1.8818  0.000e+00
    100.971     6.5851   3.314408    32.9983       3121    13.0000     1.8817  0.000e+00
    100.908     6.5842   3.314419    32.9994       3122    13.0042     1.8812  0.000e+00
    100.847     6.5835   3.314419    33.0001       3123    13.0083     1.8813  0.000e+00
    100.794     6.5831   3.314346    32.9997       3124    13.0125     1.8821  0.000e+00
    100.742     6.5827   3.314256    32.9991       3125    13.0167     1.8812  0.000e+00
    100.698     6.5823   3.314110    32.9979       3126    13.0208     1.8812  0.000e+00
    100.650     6.5816   3.314009    32.9974       3127    13.0250     1.8828  0.000e+00
    100.603     6.5809   3.313902    32.9970       3128    13.0292     1.8822  0.000e+00
    100.558     6.5802   3.313795    32.9965       3129    13.0333     1.8837  0.000e+00
    100.516     6.5794   3.313654    32.9957       3130    13.0375     1.8822  0.000e+00
    100.478     6.5786   3.313694    32.9970       3131    13.0417     1.8822  0.000e+00
    100.438     6.5780   3.313671    32.9973       3132    13.0458     1.8833  0.000e+00
    100.398     6.5778   3.313756    32.9985       3133    13.0500     1.8836  0.000e+00
    100.362     6.5775   3.313632    32.9974       3134    13.0542     1.8837  0.000e+00
    100.326     6.5774   3.313458    32.9956       3135    13.0583     1.8836  0.000e+00
    100.292     6.5768   3.313401    32.9956       3136    13.0625     1.8838  0.000e+00
    100.247     6.5762   3.313463    32.9968       3137    13.0667     1.8841  0.000e+00
    100.209     6.5759   3.313334    32.9957       3138    13.0708     1.8845  0.000e+00
    100.167     6.5754   3.313278    32.9956       3139    13.0750     1.8834  0.000e+00
    100.113     6.5749   3.313109    32.9942       3140    13.0792     1.8832  0.000e+00
    100.066     6.5743   3.313081    32.9945       3141    13.0833     1.8835  0.000e+00
    100.008     6.5735   3.313131    32.9959       3142    13.0875     1.8839  0.000e+00
     99.945     6.5732   3.312996    32.9948       3143    13.0917     1.8829  0.000e+00
     99.881     6.5727   3.312985    32.9951       3144    13.0958     1.8827  0.000e+00
     99.814     6.5725   3.312985    32.9954       3145    13.1000     1.8833  0.000e+00
     99.749     6.5722   3.312681    32.9923       3146    13.1042     1.8841  0.000e+00
     99.681     6.5714   3.312715    32.9935       3147    13.1083     1.8837  0.000e+00
     99.614     6.5705   3.312754    32.9948       3148    13.1125     1.8848  0.000e+00
     99.561     6.5703   3.312366    32.9907       3149    13.1167     1.8844  0.000e+00
     99.504     6.5693   3.312299    32.9910       3150    13.1208     1.8858  0.000e+00
     99.455     6.5680   3.311843    32.9873       3151    13.1250     1.8858  0.000e+00
     99.410     6.5664   3.311849    32.9889       3152    13.1292     1.8859  0.000e+00
     99.375     6.5653   3.311759    32.9890       3153    13.1333     1.8853  0.000e+00
     99.343     6.5642   3.311866    32.9912       3154    13.1375     1.8859  0.000e+00
     99.307     6.5636   3.311096    32.9833       3155    13.1417     1.8860  0.000e+00
     99.281     6.5614   3.309454    32.9673       3156    13.1458     1.8864  0.000e+00
     99.260     6.5552   3.311056    32.9910       3157    13.1500     1.8858  0.000e+00
     99.229     6.5535   3.311365    32.9961       3158    13.1542     1.8868  0.000e+00
     99.198     6.5549   3.309724    32.9766       3159    13.1583     1.8870  0.000e+00
     99.167     6.5523   3.309111    32.9723       3160    13.1625     1.8871  0.000e+00
     99.122     6.5470   3.308313    32.9686       3161    13.1667     1.8854  0.000e+00
     99.077     6.5416   3.309454    32.9865       3162    13.1708     1.8870  0.000e+00
     99.026     6.5398   3.310640    33.0013       3163    13.1750     1.8853  0.000e+00
     98.967     6.5434   3.310410    32.9954       3164    13.1792     1.8876  0.000e+00
     98.902     6.5462   3.309808    32.9860       3165    13.1833     1.8864  0.000e+00
     98.831     6.5464   3.309808    32.9859       3166    13.1875     1.8886  0.000e+00
     98.766     6.5456   3.309476    32.9830       3167    13.1917     1.8891  0.000e+00
     98.690     6.5445   3.308937    32.9781       3168    13.1958     1.8889  0.000e+00
     98.623     6.5417   3.308521    32.9763       3169    13.2000     1.8898  0.000e+00
     98.549     6.5383   3.309162    32.9867       3170    13.2042     1.8896  0.000e+00
     98.490     6.5379   3.309370    32.9894       3171    13.2083     1.8897  0.000e+00
     98.425     6.5388   3.308993    32.9844       3172    13.2125     1.8893  0.000e+00
     98.370     6.5385   3.307588    32.9692       3173    13.2167     1.8905  0.000e+00
     98.323     6.5344   3.307447    32.9716       3174    13.2208     1.8899  0.000e+00
     98.278     6.5299   3.307234    32.9736       3175    13.2250     1.8896  0.000e+00
     98.244     6.5264   3.306964    32.9741       3176    13.2292     1.8907  0.000e+00
     98.206     6.5236   3.307548    32.9832       3177    13.2333     1.8912  0.000e+00
     98.171     6.5230   3.307318    32.9812       3178    13.2375     1.8901  0.000e+00
     98.143     6.5226   3.306548    32.9731       3179    13.2417     1.8908  0.000e+00
     98.106     6.5204   3.306278    32.9723       3180    13.2458     1.8909  0.000e+00
     98.061     6.5171   3.306194    32.9745       3181    13.2500     1.8919  0.000e+00
     98.011     6.5150   3.305722    32.9714       3182    13.2542     1.8915  0.000e+00
     97.958     6.5124   3.305924    32.9762       3183    13.2583     1.8915  0.000e+00
     97.899     6.5111   3.305885    32.9770       3184    13.2625     1.8908  0.000e+00
     97.837     6.5104   3.305992    32.9789       3185    13.2667     1.8912  0.000e+00
     97.770     6.5103   3.305863    32.9776       3186    13.2708     1.8922  0.000e+00
     97.718     6.5102   3.305761    32.9767       3187    13.2750     1.8924  0.000e+00
     97.655     6.5097   3.305244    32.9714       3188    13.2792     1.8936  0.000e+00
     97.608     6.5082   3.304340    32.9629       3189    13.2833     1.8938  0.000e+00
     97.559     6.5049   3.304104    32.9634       3190    13.2875     1.8938  0.000e+00
     97.526     6.5015   3.303458    32.9596       3191    13.2917     1.8941  0.000e+00
     97.497     6.4976   3.302778    32.9558       3192    13.2958     1.8959  0.000e+00
     97.465     6.4927   3.302385    32.9563       3193    13.3000     1.8953  0.000e+00
     97.448     6.4881   3.302323    32.9600       3194    13.3042     1.8967  0.000e+00
     97.414     6.4849   3.302363    32.9635       3195    13.3083     1.8961  0.000e+00
     97.391     6.4829   3.302093    32.9625       3196    13.3125     1.8963  0.000e+00
     97.360     6.4813   3.301908    32.9621       3197    13.3167     1.8984  0.000e+00
     97.309     6.4795   3.301970    32.9644       3198    13.3208     1.8976  0.000e+00
     97.261     6.4782   3.301391    32.9594       3199    13.3250     1.8981  0.000e+00
     97.196     6.4765   3.300953    32.9562       3200    13.3292     1.8979  0.000e+00
     97.130     6.4736   3.300863    32.9580       3201    13.3333     1.8980  0.000e+00
     97.056     6.4709   3.299897    32.9500       3202    13.3375     1.8986  0.000e+00
     96.984     6.4671   3.298988    32.9435       3203    13.3417     1.8993  0.000e+00
     96.913     6.4618   3.298769    32.9463       3204    13.3458     1.8993  0.000e+00
     96.838     6.4570   3.298640    32.9495       3205    13.3500     1.8999  0.000e+00
     96.765     6.4535   3.298387    32.9502       3206    13.3542     1.8993  0.000e+00
     96.702     6.4509   3.298275    32.9515       3207    13.3583     1.9027  0.000e+00
     96.646     6.4491   3.297977    32.9499       3208    13.3625     1.8999  0.000e+00
     96.592     6.4474   3.297708    32.9486       3209    13.3667     1.9022  0.000e+00
     96.548     6.4457   3.297702    32.9502       3210    13.3708     1.9032  0.000e+00
     96.500     6.4449   3.297831    32.9524       3211    13.3750     1.9037  0.000e+00
     96.465     6.4451   3.297915    32.9532       3212    13.3792     1.9022  0.000e+00
     96.429     6.4464   3.297859    32.9513       3213    13.3833     1.9070  0.000e+00
     96.389     6.4474   3.297730    32.9490       3214    13.3875     1.9033  0.000e+00
     96.360     6.4477   3.297584    32.9470       3215    13.3917     1.9054  0.000e+00
     96.330     6.4477   3.297562    32.9468       3216    13.3958     1.9061  0.000e+00
     96.292     6.4474   3.297522    32.9467       3217    13.4000     1.9066  0.000e+00
     96.250     6.4471   3.297354    32.9452       3218    13.4042     1.9065  0.000e+00
     96.207     6.4466   3.297006    32.9418       3219    13.4083     1.9072  0.000e+00
     96.163     6.4454   3.296579    32.9382       3220    13.4125     1.9070  0.000e+00
     96.106     6.4435   3.296344    32.9375       3221    13.4167     1.9064  0.000e+00
     96.053     6.4414   3.296299    32.9390       3222    13.4208     1.9067  0.000e+00
     95.992     6.4401   3.296259    32.9399       3223    13.4250     1.9073  0.000e+00
     95.925     6.4390   3.295990    32.9380       3224    13.4292     1.9079  0.000e+00
     95.858     6.4379   3.295558    32.9343       3225    13.4333     1.9072  0.000e+00
     95.796     6.4362   3.294643    32.9259       3226    13.4375     1.9076  0.000e+00
     95.739     6.4329   3.294155    32.9237       3227    13.4417     1.9074  0.000e+00
     95.686     6.4290   3.293639    32.9217       3228    13.4458     1.9087  0.000e+00
     95.632     6.4251   3.293167    32.9203       3229    13.4500     1.9074  0.000e+00
     95.589     6.4214   3.292893    32.9208       3230    13.4542     1.9084  0.000e+00
     95.551     6.4182   3.292730    32.9221       3231    13.4583     1.9078  0.000e+00
     95.502     6.4157   3.292483    32.9219       3232    13.4625     1.9091  0.000e+00
     95.460     6.4134   3.292046    32.9193       3233    13.4667     1.9098  0.000e+00
     95.415     6.4109   3.291614    32.9169       3234    13.4708     1.9098  0.000e+00
     95.370     6.4080   3.290503    32.9074       3235    13.4750     1.9093  0.000e+00
     95.319     6.4032   3.290290    32.9096       3236    13.4792     1.9106  0.000e+00
     95.265     6.3989   3.289925    32.9098       3237    13.4833     1.9112  0.000e+00
     95.207     6.3953   3.289572    32.9093       3238    13.4875     1.9104  0.000e+00
     95.148     6.3925   3.288400    32.8991       3239    13.4917     1.9119  0.000e+00
     95.084     6.3884   3.287469    32.8927       3240    13.4958     1.9123  0.000e+00
     95.027     6.3831   3.286668    32.8890       3241    13.5000     1.9123  0.000e+00
     94.963     6.3770   3.286174    32.8894       3242    13.5042     1.9134  0.000e+00
     94.904     6.3713   3.285474    32.8872       3243    13.5083     1.9135  0.000e+00
     94.853     6.3660   3.284980    32.8869       3244    13.5125     1.9147  0.000e+00
     94.802     6.3606   3.284751    32.8895       3245    13.5167     1.9149  0.000e+00
