HB2402/sbe118.cnv
* Sea-Bird SBE 19plus V2 Data File:
* FileName = C:\cruise\data\sbe118.hex
* Software Version Seasave V 7.26.7.121
* Temperature SN = 7037
* Conductivity SN = 7037
* System UpLoad Time = May 03 2024 14:49:53
* NMEA Latitude = 42 26.97 N
* NMEA Longitude = 068 03.52 W
* NMEA UTC (Time) = May 03 2024  14:48:42
** Ship: Bigelow
** Cruise:  HB2402
** Program:  Spring Bottom Trawl
# nquan = 8
# nvalues = 4617                                  
# units = specified
# name 0 = depSM: Depth [salt water, m]
# name 1 = tv290C: Temperature [ITS-90, deg C]
# name 2 = c0S/m: Conductivity [S/m]
# name 3 = sal00: Salinity, Practical [PSU]
# name 4 = scan: Scan Count
# name 5 = timeM: Time, Elapsed [minutes]
# name 6 = sbeox0V: Oxygen raw, SBE 43 [V]
# name 7 = flag:  0.000e+00
# span 0 =      0.014,    162.095                 
# span 1 =     5.0034,     8.1671                 
# span 2 =   0.000015,   3.480608                 
# span 3 =     0.0040,    33.7866                 
# span 4 =         11,       4627                 
# span 5 =     0.0417,    19.2750                 
# span 6 =     1.6596,     2.7493                 
# span 7 = 0.0000e+00, 0.0000e+00                 
# interval = seconds: 0.25
# start_time = May 03 2024 14:48:42 [NMEA time, header]
# bad_flag = -9.990e-29
*END*
[from data line 720]
     80.644     5.3585   3.125284    32.0688        731     3.0417     2.1568  0.000e+00
     80.790     5.3591   3.125575    32.0714        732     3.0458     2.1557  0.000e+00
     80.935     5.3604   3.125806    32.0727        733     3.0500     2.1552  0.000e+00
     81.074     5.3619   3.126169    32.0754        734     3.0542     2.1557  0.000e+00
     81.217     5.3639   3.126466    32.0768        735     3.0583     2.1564  0.000e+00
     81.351     5.3660   3.126757    32.0780        736     3.0625     2.1565  0.000e+00
     81.486     5.3681   3.126818    32.0766        737     3.0667     2.1557  0.000e+00
     81.616     5.3701   3.126994    32.0766        738     3.0708     2.1557  0.000e+00
     81.743     5.3717   3.127362    32.0792        739     3.0750     2.1555  0.000e+00
     81.866     5.3736   3.128220    32.0871        740     3.0792     2.1556  0.000e+00
     81.996     5.3771   3.129012    32.0927        741     3.0833     2.1548  0.000e+00
     82.112     5.3815   3.129287    32.0915        742     3.0875     2.1548  0.000e+00
     82.234     5.3857   3.129694    32.0920        743     3.0917     2.1541  0.000e+00
     82.357     5.3894   3.130184    32.0940        744     3.0958     2.1535  0.000e+00
     82.478     5.3931   3.130376    32.0926        745     3.1000     2.1527  0.000e+00
     82.607     5.3963   3.130591    32.0919        746     3.1042     2.1528  0.000e+00
     82.733     5.3988   3.130767    32.0914        747     3.1083     2.1516  0.000e+00
     82.856     5.4010   3.130932    32.0912        748     3.1125     2.1513  0.000e+00
     82.988     5.4028   3.131174    32.0921        749     3.1167     2.1509  0.000e+00
     83.118     5.4046   3.131663    32.0958        750     3.1208     2.1499  0.000e+00
     83.252     5.4071   3.132208    32.0996        751     3.1250     2.1503  0.000e+00
     83.382     5.4101   3.132577    32.1008        752     3.1292     2.1487  0.000e+00
     83.519     5.4133   3.132830    32.1006        753     3.1333     2.1477  0.000e+00
     83.651     5.4161   3.132890    32.0986        754     3.1375     2.1480  0.000e+00
     83.782     5.4182   3.133028    32.0980        755     3.1417     2.1487  0.000e+00
     83.919     5.4198   3.133078    32.0970        756     3.1458     2.1467  0.000e+00
     84.055     5.4210   3.133358    32.0990        757     3.1500     2.1476  0.000e+00
     84.194     5.4223   3.133865    32.1034        758     3.1542     2.1464  0.000e+00
     84.338     5.4245   3.134608    32.1096        759     3.1583     2.1465  0.000e+00
     84.488     5.4278   3.135406    32.1154        760     3.1625     2.1464  0.000e+00
     84.642     5.4323   3.136496    32.1234        761     3.1667     2.1449  0.000e+00
     84.788     5.4381   3.138428    32.1397        762     3.1708     2.1456  0.000e+00
     84.946     5.4465   3.139678    32.1458        763     3.1750     2.1464  0.000e+00
     85.101     5.4563   3.141688    32.1590        764     3.1792     2.1448  0.000e+00
     85.258     5.4680   3.143749    32.1712        765     3.1833     2.1440  0.000e+00
     85.415     5.4809   3.145176    32.1749        766     3.1875     2.1435  0.000e+00
     85.567     5.4935   3.146509    32.1778        767     3.1917     2.1439  0.000e+00
     85.714     5.5051   3.148229    32.1861        768     3.1958     2.1443  0.000e+00
     85.860     5.5167   3.147386    32.1654        769     3.2000     2.1422  0.000e+00
     86.001     5.5239   3.149762    32.1853        770     3.2042     2.1425  0.000e+00
     86.142     5.5322   3.150997    32.1912        771     3.2083     2.1425  0.000e+00
     86.279     5.5425   3.153330    32.2077        772     3.2125     2.1403  0.000e+00
     86.411     5.5547   3.154389    32.2080        773     3.2167     2.1398  0.000e+00
     86.538     5.5664   3.156866    32.2247        774     3.2208     2.1379  0.000e+00
     86.657     5.5789   3.158815    32.2347        775     3.2250     2.1369  0.000e+00
     86.786     5.5933   3.161155    32.2472        776     3.2292     2.1354  0.000e+00
     86.912     5.6085   3.161884    32.2408        777     3.2333     2.1335  0.000e+00
     87.028     5.6217   3.162414    32.2341        778     3.2375     2.1319  0.000e+00
     87.158     5.6318   3.162928    32.2302        779     3.2417     2.1315  0.000e+00
     87.288     5.6394   3.162690    32.2202        780     3.2458     2.1290  0.000e+00
     87.418     5.6440   3.162276    32.2111        781     3.2500     2.1277  0.000e+00
     87.552     5.6456   3.162613    32.2132        782     3.2542     2.1264  0.000e+00
     87.693     5.6469   3.162944    32.2157        783     3.2583     2.1233  0.000e+00
     87.836     5.6488   3.162690    32.2109        784     3.2625     2.1203  0.000e+00
     87.975     5.6499   3.163027    32.2136        785     3.2667     2.1185  0.000e+00
     88.119     5.6511   3.162906    32.2111        786     3.2708     2.1168  0.000e+00
     88.260     5.6517   3.162298    32.2035        787     3.2750     2.1139  0.000e+00
     88.396     5.6510   3.162160    32.2026        788     3.2792     2.1113  0.000e+00
     88.526     5.6496   3.162989    32.2132        789     3.2833     2.1119  0.000e+00
     88.663     5.6500   3.163105    32.2140        790     3.2875     2.1077  0.000e+00
     88.792     5.6514   3.163083    32.2124        791     3.2917     2.1062  0.000e+00
     88.931     5.6523   3.163359    32.2146        792     3.2958     2.1056  0.000e+00
     89.066     5.6533   3.163580    32.2160        793     3.3000     2.1034  0.000e+00
     89.206     5.6547   3.163442    32.2131        794     3.3042     2.1067  0.000e+00
     89.352     5.6556   3.163773    32.2159        795     3.3083     2.1035  0.000e+00
     89.498     5.6565   3.164237    32.2202        796     3.3125     2.1005  0.000e+00
     89.654     5.6586   3.164817    32.2246        797     3.3167     2.1011  0.000e+00
     89.809     5.6613   3.165629    32.2311        798     3.3208     2.0998  0.000e+00
     89.966     5.6655   3.167088    32.2435        799     3.3250     2.0984  0.000e+00
     90.113     5.6720   3.169735    32.2671        800     3.3292     2.0984  0.000e+00
     90.257     5.6836   3.177942    32.3484        801     3.3333     2.0977  0.000e+00
     90.399     5.7103   3.185936    32.4128        802     3.3375     2.0976  0.000e+00
     90.531     5.7496   3.193837    32.4639        803     3.3417     2.0984  0.000e+00
     90.657     5.7970   3.199721    32.4844        804     3.3458     2.0974  0.000e+00
     90.789     5.8463   3.200919    32.4504        805     3.3500     2.0985  0.000e+00
     90.914     5.8852   3.208968    32.5034        806     3.3542     2.1002  0.000e+00
     91.040     5.9250   3.212584    32.5057        807     3.3583     2.1003  0.000e+00
     91.168     5.9636   3.213206    32.4755        808     3.3625     2.1007  0.000e+00
     91.293     5.9928   3.216279    32.4818        809     3.3667     2.0987  0.000e+00
     91.416     6.0183   3.217502    32.4711        810     3.3708     2.0960  0.000e+00
     91.543     6.0388   3.219153    32.4698        811     3.3750     2.0920  0.000e+00
     91.669     6.0559   3.219731    32.4599        812     3.3792     2.0900  0.000e+00
     91.796     6.0693   3.219053    32.4393        813     3.3833     2.0842  0.000e+00
     91.928     6.0766   3.219131    32.4332        814     3.3875     2.0804  0.000e+00
     92.065     6.0806   3.218769    32.4252        815     3.3917     2.0746  0.000e+00
     92.195     6.0824   3.219653    32.4333        816     3.3958     2.0706  0.000e+00
     92.323     6.0851   3.221583    32.4523        817     3.4000     2.0638  0.000e+00
     92.452     6.0919   3.222674    32.4579        818     3.4042     2.0590  0.000e+00
     92.584     6.0997   3.222612    32.4496        819     3.4083     2.0551  0.000e+00
     92.721     6.1060   3.222712    32.4447        820     3.4125     2.0514  0.000e+00
     92.853     6.1101   3.226702    32.4852        821     3.4167     2.0472  0.000e+00
     92.987     6.1215   3.231947    32.5327        822     3.4208     2.0451  0.000e+00
     93.128     6.1440   3.236922    32.5665        823     3.4250     2.0415  0.000e+00
     93.270     6.1727   3.243406    32.6112        824     3.4292     2.0399  0.000e+00
     93.417     6.2093   3.253132    32.6844        825     3.4333     2.0388  0.000e+00
     93.565     6.2556   3.260774    32.7248        826     3.4375     2.0355  0.000e+00
     93.710     6.3098   3.265922    32.7299        827     3.4417     2.0346  0.000e+00
     93.865     6.3623   3.269933    32.7239        828     3.4458     2.0346  0.000e+00
     94.008     6.4070   3.271476    32.6980        829     3.4500     2.0325  0.000e+00
     94.147     6.4422   3.273804    32.6901        830     3.4542     2.0296  0.000e+00
     94.275     6.4694   3.275691    32.6848        831     3.4583     2.0265  0.000e+00
     94.387     6.4926   3.278014    32.6883        832     3.4625     2.0213  0.000e+00
     94.492     6.5137   3.278070    32.6687        833     3.4667     2.0158  0.000e+00
     94.583     6.5288   3.280311    32.6789        834     3.4708     2.0121  0.000e+00
     94.666     6.5426   3.281190    32.6754        835     3.4750     2.0064  0.000e+00
     94.762     6.5556   3.281661    32.6681        836     3.4792     1.9993  0.000e+00
     94.859     6.5652   3.281829    32.6607        837     3.4833     1.9951  0.000e+00
     94.959     6.5721   3.281952    32.6555        838     3.4875     1.9887  0.000e+00
     95.054     6.5766   3.282120    32.6530        839     3.4917     1.9827  0.000e+00
     95.163     6.5799   3.282837    32.6577        840     3.4958     1.9771  0.000e+00
     95.271     6.5834   3.283022    32.6563        841     3.5000     1.9732  0.000e+00
     95.396     6.5864   3.282921    32.6523        842     3.5042     1.9667  0.000e+00
     95.535     6.5881   3.283151    32.6532        843     3.5083     1.9625  0.000e+00
     95.682     6.5896   3.282877    32.6487        844     3.5125     1.9577  0.000e+00
     95.837     6.5898   3.283022    32.6500        845     3.5167     1.9542  0.000e+00
     95.996     6.5901   3.282798    32.6471        846     3.5208     1.9486  0.000e+00
     96.161     6.5899   3.282837    32.6477        847     3.5250     1.9458  0.000e+00
     96.341     6.5895   3.283045    32.6503        848     3.5292     1.9434  0.000e+00
     96.515     6.5897   3.283639    32.6565        849     3.5333     1.9397  0.000e+00
     96.698     6.5908   3.283942    32.6587        850     3.5375     1.9370  0.000e+00
     96.860     6.5929   3.284300    32.6606        851     3.5417     1.9349  0.000e+00
     97.023     6.5951   3.284794    32.6638        852     3.5458     1.9328  0.000e+00
     97.173     6.5977   3.285141    32.6651        853     3.5500     1.9319  0.000e+00
     97.314     6.6005   3.285606    32.6675        854     3.5542     1.9301  0.000e+00
     97.442     6.6033   3.286627    32.6761        855     3.5583     1.9283  0.000e+00
     97.567     6.6075   3.287058    32.6767        856     3.5625     1.9270  0.000e+00
     97.681     6.6119   3.287159    32.6736        857     3.5667     1.9260  0.000e+00
     97.787     6.6151   3.287529    32.6746        858     3.5708     1.9248  0.000e+00
     97.883     6.6180   3.287591    32.6725        859     3.5750     1.9238  0.000e+00
     97.977     6.6199   3.287529    32.6699        860     3.5792     1.9229  0.000e+00
     98.071     6.6209   3.287535    32.6689        861     3.5833     1.9212  0.000e+00
     98.160     6.6213   3.287529    32.6684        862     3.5875     1.9204  0.000e+00
     98.252     6.6216   3.287574    32.6686        863     3.5917     1.9189  0.000e+00
     98.340     6.6217   3.287574    32.6685        864     3.5958     1.9181  0.000e+00
     98.434     6.6218   3.287552    32.6682        865     3.6000     1.9176  0.000e+00
     98.532     6.6218   3.287591    32.6685        866     3.6042     1.9164  0.000e+00
     98.635     6.6218   3.287591    32.6685        867     3.6083     1.9158  0.000e+00
     98.749     6.6218   3.287597    32.6685        868     3.6125     1.9157  0.000e+00
     98.868     6.6216   3.287591    32.6685        869     3.6167     1.9147  0.000e+00
     98.993     6.6217   3.287513    32.6675        870     3.6208     1.9147  0.000e+00
     99.125     6.6213   3.287457    32.6672        871     3.6250     1.9156  0.000e+00
     99.262     6.6209   3.287406    32.6670        872     3.6292     1.9137  0.000e+00
     99.401     6.6203   3.287491    32.6684        873     3.6333     1.9122  0.000e+00
     99.548     6.6201   3.287440    32.6680        874     3.6375     1.9122  0.000e+00
     99.700     6.6198   3.287345    32.6671        875     3.6417     1.9114  0.000e+00
     99.852     6.6193   3.287328    32.6673        876     3.6458     1.9112  0.000e+00
    100.007     6.6188   3.287345    32.6679        877     3.6500     1.9106  0.000e+00
    100.159     6.6184   3.287339    32.6681        878     3.6542     1.9107  0.000e+00
    100.311     6.6182   3.287368    32.6686        879     3.6583     1.9106  0.000e+00
    100.459     6.6180   3.287468    32.6698        880     3.6625     1.9108  0.000e+00
    100.594     6.6180   3.287418    32.6693        881     3.6667     1.9096  0.000e+00
    100.730     6.6181   3.287407    32.6690        882     3.6708     1.9102  0.000e+00
    100.862     6.6180   3.287429    32.6693        883     3.6750     1.9096  0.000e+00
    100.990     6.6179   3.287407    32.6690        884     3.6792     1.9101  0.000e+00
    101.108     6.6179   3.287418    32.6691        885     3.6833     1.9085  0.000e+00
    101.227     6.6176   3.287407    32.6692        886     3.6875     1.9096  0.000e+00
    101.346     6.6175   3.287430    32.6694        887     3.6917     1.9085  0.000e+00
    101.464     6.6174   3.287519    32.6705        888     3.6958     1.9096  0.000e+00
    101.576     6.6177   3.287469    32.6696        889     3.7000     1.9087  0.000e+00
    101.690     6.6177   3.287469    32.6695        890     3.7042     1.9088  0.000e+00
    101.805     6.6178   3.287491    32.6697        891     3.7083     1.9091  0.000e+00
    101.917     6.6178   3.287402    32.6686        892     3.7125     1.9095  0.000e+00
    102.037     6.6174   3.287284    32.6676        893     3.7167     1.9090  0.000e+00
    102.152     6.6165   3.287161    32.6671        894     3.7208     1.9094  0.000e+00
    102.268     6.6155   3.287144    32.6677        895     3.7250     1.9083  0.000e+00
    102.380     6.6148   3.287122    32.6682        896     3.7292     1.9091  0.000e+00
    102.505     6.6139   3.287122    32.6690        897     3.7333     1.9079  0.000e+00
    102.630     6.6133   3.287105    32.6692        898     3.7375     1.9084  0.000e+00
    102.754     6.6127   3.287099    32.6697        899     3.7417     1.9075  0.000e+00
    102.888     6.6123   3.287139    32.6704        900     3.7458     1.9080  0.000e+00
    103.026     6.6120   3.287161    32.6709        901     3.7500     1.9080  0.000e+00
    103.163     6.6116   3.287144    32.6711        902     3.7542     1.9081  0.000e+00
    103.308     6.6113   3.287161    32.6715        903     3.7583     1.9077  0.000e+00
    103.458     6.6109   3.287161    32.6718        904     3.7625     1.9066  0.000e+00
    103.613     6.6108   3.287184    32.6720        905     3.7667     1.9068  0.000e+00
    103.765     6.6105   3.287200    32.6724        906     3.7708     1.9064  0.000e+00
    103.920     6.6104   3.287245    32.6729        907     3.7750     1.9061  0.000e+00
    104.074     6.6103   3.287307    32.6737        908     3.7792     1.9061  0.000e+00
