HB2402/sbe135.cnv
* Sea-Bird SBE 19plus Data File:
* FileName = C:\cruise\data\sbe135.hex
* Software Version Seasave V 7.26.7.121
* Temperature SN = 4684
* Conductivity SN = 4684
* System UpLoad Time = May 10 2024 19:29:22
* NMEA Latitude = 43 16.68 N
* NMEA Longitude = 070 11.80 W
* NMEA UTC (Time) = May 10 2024  19:28:20
** Ship: Bigelow
** Cruise:  HB2402
** Program:  Springl Bottom Trawl
# nquan = 7
# nvalues = 2316                                  
# units = specified
# name 0 = depSM: Depth [salt water, m]
# name 1 = tv290C: Temperature [ITS-90, deg C]
# name 2 = c0S/m: Conductivity [S/m]
# name 3 = sal00: Salinity, Practical [PSU]
# name 4 = scan: Scan Count
# name 5 = timeM: Time, Elapsed [minutes]
# name 6 = flag:  0.000e+00
# span 0 =     -0.133,     87.714                 
# span 1 =     5.4066,    11.0530                 
# span 2 =  -0.000014,   3.403186                 
# span 3 =     0.0000,    31.2757                 
# span 4 =         11,       2326                 
# span 5 =     0.0417,     9.6875                 
# span 6 = 0.0000e+00, 0.0000e+00                 
# interval = seconds: 0.25
# start_time = May 10 2024 19:28:20 [NMEA time, header]
# bad_flag = -9.990e-29
*END*
[from data line 1642]
     36.174     5.4586   3.013410    30.7311       1653     6.8833  0.000e+00
     36.098     5.4579   3.014522    30.7443       1654     6.8875  0.000e+00
     36.025     5.4574   3.013345    30.7315       1655     6.8917  0.000e+00
     35.943     5.4570   3.014640    30.7466       1656     6.8958  0.000e+00
     35.888     5.4565   3.014340    30.7436       1657     6.9000  0.000e+00
     35.824     5.4561   3.014481    30.7456       1658     6.9042  0.000e+00
     35.772     5.4556   3.014663    30.7482       1659     6.9083  0.000e+00
     35.727     5.4554   3.013639    30.7368       1660     6.9125  0.000e+00
     35.672     5.4548   3.014181    30.7435       1661     6.9167  0.000e+00
     35.632     5.4539   3.013751    30.7395       1662     6.9208  0.000e+00
     35.593     5.4534   3.014863    30.7525       1663     6.9250  0.000e+00
     35.550     5.4528   3.009715    30.6951       1664     6.9292  0.000e+00
     35.511     5.4524   3.007786    30.6737       1665     6.9333  0.000e+00
     35.462     5.4521   3.014045    30.7446       1666     6.9375  0.000e+00
     35.419     5.4515   3.012751    30.7305       1667     6.9417  0.000e+00
     35.377     5.4510   3.011462    30.7165       1668     6.9458  0.000e+00
     35.325     5.4504   3.010939    30.7111       1669     6.9500  0.000e+00
     35.258     5.4501   3.012980    30.7345       1670     6.9542  0.000e+00
     35.200     5.4496   3.012868    30.7337       1671     6.9583  0.000e+00
     35.127     5.4491   3.014434    30.7518       1672     6.9625  0.000e+00
     35.054     5.4485   3.012933    30.7355       1673     6.9667  0.000e+00
     34.987     5.4481   3.011186    30.7162       1674     6.9708  0.000e+00
     34.911     5.4478   3.012774    30.7344       1675     6.9750  0.000e+00
     34.844     5.4474   3.010915    30.7139       1676     6.9792  0.000e+00
     34.783     5.4467   3.013527    30.7440       1677     6.9833  0.000e+00
     34.737     5.4462   3.012050    30.7278       1678     6.9875  0.000e+00
     34.682     5.4457   3.011321    30.7201       1679     6.9917  0.000e+00
     34.640     5.4451   3.013051    30.7401       1680     6.9958  0.000e+00
     34.600     5.4448   3.011503    30.7230       1681     7.0000  0.000e+00
     34.561     5.4441   3.011050    30.7186       1682     7.0042  0.000e+00
     34.524     5.4435   3.011709    30.7265       1683     7.0083  0.000e+00
     34.497     5.4428   3.011686    30.7269       1684     7.0125  0.000e+00
     34.457     5.4422   3.010415    30.7131       1685     7.0167  0.000e+00
     34.424     5.4416   3.012027    30.7319       1686     7.0208  0.000e+00
     34.378     5.4410   3.011144    30.7225       1687     7.0250  0.000e+00
     34.341     5.4406   3.010121    30.7114       1688     7.0292  0.000e+00
     34.271     5.4401   3.010121    30.7118       1689     7.0333  0.000e+00
     34.186     5.4398   3.012256    30.7362       1690     7.0375  0.000e+00
     34.083     5.4394   3.010986    30.7223       1691     7.0417  0.000e+00
     33.982     5.4389   3.011915    30.7333       1692     7.0458  0.000e+00
     33.863     5.4385   3.012209    30.7371       1693     7.0500  0.000e+00
     33.745     5.4381   3.012256    30.7380       1694     7.0542  0.000e+00
     33.617     5.4376   3.011162    30.7262       1695     7.0583  0.000e+00
     33.489     5.4373   3.009756    30.7107       1696     7.0625  0.000e+00
     33.361     5.4369   3.012185    30.7385       1697     7.0667  0.000e+00
     33.233     5.4365   3.012256    30.7397       1698     7.0708  0.000e+00
     33.112     5.4360   3.012344    30.7413       1699     7.0750  0.000e+00
     32.993     5.4355   3.011415    30.7312       1700     7.0792  0.000e+00
     32.883     5.4352   3.010844    30.7251       1701     7.0833  0.000e+00
     32.767     5.4346   3.010485    30.7217       1702     7.0875  0.000e+00
     32.652     5.4342   3.011638    30.7351       1703     7.0917  0.000e+00
     32.542     5.4338   3.012209    30.7420       1704     7.0958  0.000e+00
     32.442     5.4334   3.013592    30.7580       1705     7.1000  0.000e+00
     32.326     5.4330   3.013115    30.7530       1706     7.1042  0.000e+00
     32.222     5.4326   3.012321    30.7445       1707     7.1083  0.000e+00
     32.134     5.4322   3.012415    30.7460       1708     7.1125  0.000e+00
     32.040     5.4317   3.012344    30.7457       1709     7.1167  0.000e+00
     31.936     5.4312   3.009303    30.7119       1710     7.1208  0.000e+00
     31.851     5.4310   3.011597    30.7379       1711     7.1250  0.000e+00
     31.766     5.4307   3.012638    30.7501       1712     7.1292  0.000e+00
     31.687     5.4303   3.012662    30.7507       1713     7.1333  0.000e+00
     31.608     5.4300   3.013050    30.7554       1714     7.1375  0.000e+00
     31.528     5.4297   3.012909    30.7541       1715     7.1417  0.000e+00
     31.452     5.4293   3.012868    30.7541       1716     7.1458  0.000e+00
     31.379     5.4288   3.011732    30.7417       1717     7.1500  0.000e+00
     31.297     5.4285   3.011255    30.7367       1718     7.1542  0.000e+00
     31.221     5.4282   3.011161    30.7359       1719     7.1583  0.000e+00
     31.145     5.4278   3.008667    30.7082       1720     7.1625  0.000e+00
     31.056     5.4275   3.010779    30.7324       1721     7.1667  0.000e+00
     30.974     5.4269   3.009667    30.7204       1722     7.1708  0.000e+00
     30.886     5.4265   3.011232    30.7385       1723     7.1750  0.000e+00
     30.804     5.4261   3.011685    30.7440       1724     7.1792  0.000e+00
     30.709     5.4257   3.012002    30.7479       1725     7.1833  0.000e+00
     30.609     5.4252   3.009755    30.7231       1726     7.1875  0.000e+00
     30.511     5.4248   3.010961    30.7371       1727     7.1917  0.000e+00
     30.414     5.4245   3.011255    30.7408       1728     7.1958  0.000e+00
     30.307     5.4240   3.010890    30.7371       1729     7.2000  0.000e+00
     30.207     5.4236   3.010685    30.7353       1730     7.2042  0.000e+00
     30.110     5.4231   3.010843    30.7376       1731     7.2083  0.000e+00
     30.006     5.4228   3.010437    30.7333       1732     7.2125  0.000e+00
     29.918     5.4226   3.011661    30.7473       1733     7.2167  0.000e+00
     29.823     5.4224   3.009349    30.7215       1734     7.2208  0.000e+00
     29.726     5.4220   3.010214    30.7317       1735     7.2250  0.000e+00
     29.641     5.4216   3.010843    30.7392       1736     7.2292  0.000e+00
     29.555     5.4213   3.009802    30.7277       1737     7.2333  0.000e+00
     29.467     5.4211   3.010914    30.7405       1738     7.2375  0.000e+00
     29.385     5.4207   3.010549    30.7368       1739     7.2417  0.000e+00
     29.303     5.4203   3.012367    30.7577       1740     7.2458  0.000e+00
     29.211     5.4199   3.011478    30.7481       1741     7.2500  0.000e+00
     29.126     5.4195   3.011231    30.7457       1742     7.2542  0.000e+00
     29.047     5.4193   3.011120    30.7447       1743     7.2583  0.000e+00
     28.956     5.4189   3.010596    30.7392       1744     7.2625  0.000e+00
     28.870     5.4186   3.010008    30.7329       1745     7.2667  0.000e+00
     28.785     5.4183   3.010867    30.7429       1746     7.2708  0.000e+00
     28.706     5.4180   3.010414    30.7381       1747     7.2750  0.000e+00
     28.639     5.4176   3.010684    30.7415       1748     7.2792  0.000e+00
     28.569     5.4173   3.007879    30.7102       1749     7.2833  0.000e+00
     28.502     5.4169   3.010508    30.7402       1750     7.2875  0.000e+00
     28.426     5.4164   3.010008    30.7350       1751     7.2917  0.000e+00
     28.347     5.4161   3.010031    30.7356       1752     7.2958  0.000e+00
     28.277     5.4157   3.009737    30.7327       1753     7.3000  0.000e+00
     28.201     5.4155   3.010166    30.7378       1754     7.3042  0.000e+00
     28.109     5.4152   3.010890    30.7463       1755     7.3083  0.000e+00
     28.024     5.4150   3.011502    30.7534       1756     7.3125  0.000e+00
     27.927     5.4148   3.010960    30.7475       1757     7.3167  0.000e+00
     27.823     5.4147   3.011072    30.7489       1758     7.3208  0.000e+00
     27.719     5.4147   3.009778    30.7343       1759     7.3250  0.000e+00
     27.610     5.4147   3.010490    30.7425       1760     7.3292  0.000e+00
     27.509     5.4144   3.007855    30.7130       1761     7.3333  0.000e+00
     27.406     5.4141   3.010390    30.7420       1762     7.3375  0.000e+00
     27.315     5.4138   3.008666    30.7228       1763     7.3417  0.000e+00
     27.235     5.4134   3.009578    30.7335       1764     7.3458  0.000e+00
     27.159     5.4132   3.010054    30.7392       1765     7.3500  0.000e+00
     27.086     5.4129   3.010372    30.7430       1766     7.3542  0.000e+00
     27.019     5.4127   3.010007    30.7391       1767     7.3583  0.000e+00
     26.952     5.4123   3.010913    30.7498       1768     7.3625  0.000e+00
     26.894     5.4119   3.010054    30.7404       1769     7.3667  0.000e+00
     26.824     5.4118   3.010984    30.7511       1770     7.3708  0.000e+00
     26.764     5.4115   3.009825    30.7383       1771     7.3750  0.000e+00
     26.697     5.4112   3.009884    30.7393       1772     7.3792  0.000e+00
     26.627     5.4109   3.009937    30.7402       1773     7.3833  0.000e+00
     26.526     5.4107   3.010213    30.7435       1774     7.3875  0.000e+00
     26.487     5.4104   3.010054    30.7421       1775     7.3917  0.000e+00
     26.453     5.4103   3.008554    30.7252       1776     7.3958  0.000e+00
     26.444     5.4101   3.009484    30.7359       1777     7.4000  0.000e+00
     26.438     5.4099   3.010937    30.7524       1778     7.4042  0.000e+00
     26.435     5.4097   3.010254    30.7450       1779     7.4083  0.000e+00
     26.432     5.4095   3.008825    30.7290       1780     7.4125  0.000e+00
     26.432     5.4093   3.008331    30.7236       1781     7.4167  0.000e+00
     26.426     5.4090   3.008443    30.7252       1782     7.4208  0.000e+00
     26.410     5.4088   3.007243    30.7118       1783     7.4250  0.000e+00
     26.383     5.4086   3.008807    30.7296       1784     7.4292  0.000e+00
     26.337     5.4085   3.008554    30.7269       1785     7.4333  0.000e+00
     26.301     5.4083   3.009301    30.7355       1786     7.4375  0.000e+00
     26.261     5.4081   3.009689    30.7401       1787     7.4417  0.000e+00
     26.213     5.4079   3.009007    30.7326       1788     7.4458  0.000e+00
     26.161     5.4077   3.008037    30.7219       1789     7.4500  0.000e+00
     26.106     5.4076   3.008690    30.7294       1790     7.4542  0.000e+00
     26.060     5.4074   3.008942    30.7325       1791     7.4583  0.000e+00
     26.018     5.4072   3.008648    30.7293       1792     7.4625  0.000e+00
     25.969     5.4070   3.009237    30.7361       1793     7.4667  0.000e+00
     25.911     5.4070   3.009236    30.7362       1794     7.4708  0.000e+00
     25.878     5.4068   3.007584    30.7177       1795     7.4750  0.000e+00
     25.844     5.4068   3.005432    30.6934       1796     7.4792  0.000e+00
     25.817     5.4068   3.006202    30.7022       1797     7.4833  0.000e+00
     25.780     5.4068   3.007196    30.7134       1798     7.4875  0.000e+00
     25.750     5.4067   3.007537    30.7173       1799     7.4917  0.000e+00
     25.735     5.4066   3.007737    30.7197       1800     7.4958  0.000e+00
     25.722     5.4067   3.007584    30.7179       1801     7.5000  0.000e+00
     25.695     5.4066   3.008395    30.7271       1802     7.5042  0.000e+00
     25.677     5.4067   3.008442    30.7276       1803     7.5083  0.000e+00
     25.659     5.4067   3.007672    30.7190       1804     7.5125  0.000e+00
     25.637     5.4067   3.007990    30.7225       1805     7.5167  0.000e+00
     25.604     5.4066   3.008172    30.7247       1806     7.5208  0.000e+00
     25.573     5.4066   3.005497    30.6945       1807     7.5250  0.000e+00
     25.525     5.4066   3.005702    30.6968       1808     7.5292  0.000e+00
     25.473     5.4067   3.008625    30.7298       1809     7.5333  0.000e+00
     25.436     5.4068   3.007625    30.7184       1810     7.5375  0.000e+00
     25.381     5.4068   3.007601    30.7181       1811     7.5417  0.000e+00
     25.342     5.4070   3.008783    30.7313       1812     7.5458  0.000e+00
     25.287     5.4068   3.009642    30.7412       1813     7.5500  0.000e+00
     25.235     5.4068   3.009077    30.7349       1814     7.5542  0.000e+00
     25.174     5.4069   3.008713    30.7307       1815     7.5583  0.000e+00
     25.129     5.4069   3.009595    30.7407       1816     7.5625  0.000e+00
     25.068     5.4071   3.008172    30.7244       1817     7.5667  0.000e+00
     25.022     5.4071   3.007331    30.7150       1818     7.5708  0.000e+00
     24.974     5.4074   3.007149    30.7127       1819     7.5750  0.000e+00
     24.916     5.4075   3.007695    30.7188       1820     7.5792  0.000e+00
     24.861     5.4076   3.007895    30.7210       1821     7.5833  0.000e+00
     24.800     5.4077   3.007648    30.7182       1822     7.5875  0.000e+00
     24.733     5.4078   3.007695    30.7186       1823     7.5917  0.000e+00
     24.669     5.4079   3.006020    30.6996       1824     7.5958  0.000e+00
     24.611     5.4081   3.006602    30.7061       1825     7.6000  0.000e+00
     24.550     5.4082   3.007219    30.7130       1826     7.6042  0.000e+00
     24.492     5.4084   3.004432    30.6814       1827     7.6083  0.000e+00
     24.432     5.4085   3.004432    30.6813       1828     7.6125  0.000e+00
     24.389     5.4087   3.006472    30.7042       1829     7.6167  0.000e+00
     24.340     5.4088   3.006925    30.7092       1830     7.6208  0.000e+00
     24.282     5.4090   3.006631    30.7057       1831     7.6250  0.000e+00
     24.240     5.4093   3.007013    30.7098       1832     7.6292  0.000e+00
     24.194     5.4094   3.007125    30.7110       1833     7.6333  0.000e+00
     24.152     5.4095   3.007219    30.7120       1834     7.6375  0.000e+00
     24.118     5.4097   3.008036    30.7210       1835     7.6417  0.000e+00
     24.075     5.4098   3.005837    30.6962       1836     7.6458  0.000e+00
     24.039     5.4100   3.006878    30.7077       1837     7.6500  0.000e+00
     23.999     5.4104   3.007037    30.7091       1838     7.6542  0.000e+00
     23.954     5.4105   3.006537    30.7035       1839     7.6583  0.000e+00
     23.914     5.4106   3.004820    30.6840       1840     7.6625  0.000e+00
     23.871     5.4109   3.003327    30.6669       1841     7.6667  0.000e+00
     23.826     5.4110   3.002217    30.6543       1842     7.6708  0.000e+00
     23.783     5.4113   3.006337    30.7006       1843     7.6750  0.000e+00
     23.731     5.4115   3.005226    30.6879       1844     7.6792  0.000e+00
     23.692     5.4117   3.004955    30.6847       1845     7.6833  0.000e+00
     23.634     5.4119   3.006860    30.7059       1846     7.6875  0.000e+00
     23.588     5.4123   3.004838    30.6828       1847     7.6917  0.000e+00
     23.534     5.4125   3.001834    30.6488       1848     7.6958  0.000e+00
     23.482     5.4126   3.006854    30.7053       1849     7.7000  0.000e+00
     23.436     5.4129   3.008124    30.7194       1850     7.7042  0.000e+00
     23.378     5.4132   3.006495    30.7008       1851     7.7083  0.000e+00
     23.323     5.4134   3.004638    30.6797       1852     7.7125  0.000e+00
     23.263     5.4137   3.005431    30.6884       1853     7.7167  0.000e+00
     23.208     5.4138   3.005949    30.6941       1854     7.7208  0.000e+00
     23.141     5.4142   3.008918    30.7274       1855     7.7250  0.000e+00
     23.080     5.4143   3.006719    30.7025       1856     7.7292  0.000e+00
