HB2402/sbe105.cnv
* Sea-Bird SBE 19plus V2 Data File:
* FileName = C:\cruise\data\sbe105.hex
* Software Version Seasave V 7.26.7.121
* Temperature SN = 7037
* Conductivity SN = 7037
* System UpLoad Time = Apr 29 2024 16:12:35
* NMEA Latitude = 42 20.05 N
* NMEA Longitude = 066 36.31 W
* NMEA UTC (Time) = Apr 29 2024  16:11:21
** Ship: Bigelow
** Cruise:  HB2402
** Program:  Spring Bottom Trawl
# nquan = 8
# nvalues = 4672                                  
# units = specified
# name 0 = depSM: Depth [salt water, m]
# name 1 = tv290C: Temperature [ITS-90, deg C]
# name 2 = c0S/m: Conductivity [S/m]
# name 3 = sal00: Salinity, Practical [PSU]
# name 4 = scan: Scan Count
# name 5 = timeM: Time, Elapsed [minutes]
# name 6 = sbeox0V: Oxygen raw, SBE 43 [V]
# name 7 = flag:  0.000e+00
# span 0 =     -0.072,    202.330                 
# span 1 =     5.0028,     8.6938                 
# span 2 =  -0.000028,   3.651504                 
# span 3 =     0.0000,    34.8656                 
# span 4 =         11,       4682                 
# span 5 =     0.0417,    19.5042                 
# span 6 =     1.7459,     2.7864                 
# span 7 = 0.0000e+00, 0.0000e+00                 
# interval = seconds: 0.25
# start_time = Apr 29 2024 16:11:21 [NMEA time, header]
# bad_flag = -9.990e-29
*END*
[from data line 3776]
     32.781     5.0168   3.094443    32.0686       3787    15.7750     2.2983  0.000e+00
     32.754     5.0175   3.093873    32.0614       3788    15.7792     2.2974  0.000e+00
     32.718     5.0164   3.093704    32.0605       3789    15.7833     2.2977  0.000e+00
     32.678     5.0149   3.093797    32.0630       3790    15.7875     2.2985  0.000e+00
     32.631     5.0139   3.093660    32.0624       3791    15.7917     2.2969  0.000e+00
     32.577     5.0132   3.093665    32.0632       3792    15.7958     2.2968  0.000e+00
     32.512     5.0124   3.093643    32.0637       3793    15.8000     2.2964  0.000e+00
     32.434     5.0118   3.093797    32.0661       3794    15.8042     2.2960  0.000e+00
     32.364     5.0120   3.093594    32.0637       3795    15.8083     2.2966  0.000e+00
     32.274     5.0118   3.093589    32.0638       3796    15.8125     2.2968  0.000e+00
     32.174     5.0113   3.093260    32.0606       3797    15.8167     2.2958  0.000e+00
     32.080     5.0106   3.093200    32.0607       3798    15.8208     2.2958  0.000e+00
     31.985     5.0098   3.092970    32.0588       3799    15.8250     2.2953  0.000e+00
     31.874     5.0091   3.092838    32.0580       3800    15.8292     2.2958  0.000e+00
     31.771     5.0081   3.092800    32.0586       3801    15.8333     2.2955  0.000e+00
     31.663     5.0075   3.092740    32.0585       3802    15.8375     2.2954  0.000e+00
     31.569     5.0072   3.092751    32.0590       3803    15.8417     2.2964  0.000e+00
     31.469     5.0069   3.092663    32.0584       3804    15.8458     2.2959  0.000e+00
     31.383     5.0067   3.092608    32.0579       3805    15.8500     2.2967  0.000e+00
     31.296     5.0065   3.092586    32.0579       3806    15.8542     2.2965  0.000e+00
     31.222     5.0064   3.092586    32.0581       3807    15.8583     2.2959  0.000e+00
     31.148     5.0063   3.092488    32.0571       3808    15.8625     2.2953  0.000e+00
     31.081     5.0060   3.092417    32.0565       3809    15.8667     2.2969  0.000e+00
     31.027     5.0059   3.092417    32.0567       3810    15.8708     2.2972  0.000e+00
     30.982     5.0057   3.092378    32.0564       3811    15.8750     2.2973  0.000e+00
     30.949     5.0058   3.092324    32.0558       3812    15.8792     2.2981  0.000e+00
     30.917     5.0057   3.092280    32.0554       3813    15.8833     2.2971  0.000e+00
     30.904     5.0056   3.092280    32.0554       3814    15.8875     2.2966  0.000e+00
     30.897     5.0055   3.092340    32.0562       3815    15.8917     2.2969  0.000e+00
     30.911     5.0055   3.092307    32.0559       3816    15.8958     2.2955  0.000e+00
     30.924     5.0055   3.092302    32.0558       3817    15.9000     2.2961  0.000e+00
     30.951     5.0055   3.092340    32.0562       3818    15.9042     2.2963  0.000e+00
     30.991     5.0055   3.092395    32.0568       3819    15.9083     2.2961  0.000e+00
     31.036     5.0056   3.092466    32.0576       3820    15.9125     2.2960  0.000e+00
     31.090     5.0056   3.092493    32.0578       3821    15.9167     2.2962  0.000e+00
     31.150     5.0057   3.092532    32.0581       3822    15.9208     2.2959  0.000e+00
     31.209     5.0059   3.092548    32.0581       3823    15.9250     2.2955  0.000e+00
     31.272     5.0059   3.092608    32.0587       3824    15.9292     2.2958  0.000e+00
     31.330     5.0060   3.092647    32.0590       3825    15.9333     2.2956  0.000e+00
     31.390     5.0061   3.092762    32.0602       3826    15.9375     2.2950  0.000e+00
     31.433     5.0066   3.092800    32.0602       3827    15.9417     2.2949  0.000e+00
     31.464     5.0068   3.092811    32.0602       3828    15.9458     2.2953  0.000e+00
     31.485     5.0070   3.092816    32.0600       3829    15.9500     2.2951  0.000e+00
     31.491     5.0071   3.092816    32.0599       3830    15.9542     2.2955  0.000e+00
     31.480     5.0070   3.092762    32.0594       3831    15.9583     2.2955  0.000e+00
     31.449     5.0071   3.092729    32.0589       3832    15.9625     2.2958  0.000e+00
     31.402     5.0070   3.092663    32.0583       3833    15.9667     2.2954  0.000e+00
     31.326     5.0069   3.092586    32.0575       3834    15.9708     2.2960  0.000e+00
     31.251     5.0067   3.092532    32.0572       3835    15.9750     2.2961  0.000e+00
     31.144     5.0064   3.092488    32.0570       3836    15.9792     2.2949  0.000e+00
     31.032     5.0060   3.092340    32.0557       3837    15.9833     2.2950  0.000e+00
     30.898     5.0059   3.092225    32.0546       3838    15.9875     2.2960  0.000e+00
     30.766     5.0057   3.091875    32.0508       3839    15.9917     2.2961  0.000e+00
     30.624     5.0051   3.091563    32.0479       3840    15.9958     2.2966  0.000e+00
     30.479     5.0044   3.091376    32.0465       3841    16.0000     2.2955  0.000e+00
     30.324     5.0039   3.091207    32.0451       3842    16.0042     2.2958  0.000e+00
     30.176     5.0038   3.090955    32.0423       3843    16.0083     2.2958  0.000e+00
     30.046     5.0036   3.090895    32.0419       3844    16.0125     2.2966  0.000e+00
     29.919     5.0033   3.090670    32.0398       3845    16.0167     2.2971  0.000e+00
     29.818     5.0031   3.090517    32.0382       3846    16.0208     2.2981  0.000e+00
     29.728     5.0035   3.090380    32.0363       3847    16.0250     2.2980  0.000e+00
     29.666     5.0039   3.090391    32.0360       3848    16.0292     2.2988  0.000e+00
     29.621     5.0042   3.090358    32.0354       3849    16.0333     2.2983  0.000e+00
     29.597     5.0046   3.090358    32.0350       3850    16.0375     2.2994  0.000e+00
     29.588     5.0048   3.090380    32.0351       3851    16.0417     2.2983  0.000e+00
     29.596     5.0051   3.090369    32.0347       3852    16.0458     2.2997  0.000e+00
     29.619     5.0051   3.090396    32.0350       3853    16.0500     2.2990  0.000e+00
     29.653     5.0050   3.090418    32.0353       3854    16.0542     2.2993  0.000e+00
     29.697     5.0050   3.090418    32.0353       3855    16.0583     2.2990  0.000e+00
     29.751     5.0050   3.090451    32.0357       3856    16.0625     2.2986  0.000e+00
     29.814     5.0048   3.090632    32.0378       3857    16.0667     2.2989  0.000e+00
     29.874     5.0046   3.090763    32.0395       3858    16.0708     2.2986  0.000e+00
     29.941     5.0042   3.090916    32.0417       3859    16.0750     2.2984  0.000e+00
     30.002     5.0037   3.090955    32.0426       3860    16.0792     2.2986  0.000e+00
     30.058     5.0034   3.090977    32.0431       3861    16.0833     2.2974  0.000e+00
     30.112     5.0030   3.090955    32.0431       3862    16.0875     2.2984  0.000e+00
     30.155     5.0029   3.090955    32.0432       3863    16.0917     2.2964  0.000e+00
     30.184     5.0028   3.091059    32.0445       3864    16.0958     2.2973  0.000e+00
     30.197     5.0029   3.091070    32.0446       3865    16.1000     2.2964  0.000e+00
     30.210     5.0031   3.091245    32.0464       3866    16.1042     2.2981  0.000e+00
     30.210     5.0035   3.091300    32.0466       3867    16.1083     2.2961  0.000e+00
     30.195     5.0041   3.091196    32.0449       3868    16.1125     2.2962  0.000e+00
     30.172     5.0043   3.091146    32.0441       3869    16.1167     2.2977  0.000e+00
     30.135     5.0042   3.091053    32.0431       3870    16.1208     2.2974  0.000e+00
     30.092     5.0041   3.091015    32.0428       3871    16.1250     2.2980  0.000e+00
     30.040     5.0037   3.090916    32.0421       3872    16.1292     2.2975  0.000e+00
     29.986     5.0034   3.090785    32.0409       3873    16.1333     2.2975  0.000e+00
     29.919     5.0035   3.090648    32.0393       3874    16.1375     2.2977  0.000e+00
     29.857     5.0038   3.090632    32.0388       3875    16.1417     2.2980  0.000e+00
     29.785     5.0042   3.090555    32.0376       3876    16.1458     2.2978  0.000e+00
     29.707     5.0045   3.090396    32.0355       3877    16.1500     2.2982  0.000e+00
     29.637     5.0048   3.090243    32.0335       3878    16.1542     2.2986  0.000e+00
     29.557     5.0054   3.090112    32.0315       3879    16.1583     2.2991  0.000e+00
     29.471     5.0067   3.090172    32.0310       3880    16.1625     2.2981  0.000e+00
     29.397     5.0089   3.090533    32.0330       3881    16.1667     2.2985  0.000e+00
     29.315     5.0129   3.090632    32.0304       3882    16.1708     2.2978  0.000e+00
     29.247     5.0175   3.090763    32.0275       3883    16.1750     2.2984  0.000e+00
     29.174     5.0214   3.090615    32.0221       3884    16.1792     2.2989  0.000e+00
     29.111     5.0245   3.090593    32.0188       3885    16.1833     2.2989  0.000e+00
     29.044     5.0268   3.090609    32.0168       3886    16.1875     2.3004  0.000e+00
     28.986     5.0284   3.090648    32.0158       3887    16.1917     2.3003  0.000e+00
     28.934     5.0297   3.090691    32.0150       3888    16.1958     2.3016  0.000e+00
     28.885     5.0309   3.090746    32.0145       3889    16.2000     2.3019  0.000e+00
     28.844     5.0319   3.090763    32.0138       3890    16.2042     2.3026  0.000e+00
     28.806     5.0327   3.090746    32.0129       3891    16.2083     2.3042  0.000e+00
     28.771     5.0333   3.090752    32.0124       3892    16.2125     2.3050  0.000e+00
     28.742     5.0335   3.090746    32.0122       3893    16.2167     2.3051  0.000e+00
     28.715     5.0339   3.090724    32.0116       3894    16.2208     2.3055  0.000e+00
     28.699     5.0341   3.090708    32.0111       3895    16.2250     2.3064  0.000e+00
     28.679     5.0344   3.090691    32.0107       3896    16.2292     2.3061  0.000e+00
     28.670     5.0345   3.090708    32.0107       3897    16.2333     2.3066  0.000e+00
     28.661     5.0347   3.090724    32.0108       3898    16.2375     2.3067  0.000e+00
     28.659     5.0348   3.090708    32.0105       3899    16.2417     2.3072  0.000e+00
     28.657     5.0348   3.090713    32.0106       3900    16.2458     2.3080  0.000e+00
     28.665     5.0349   3.090724    32.0106       3901    16.2500     2.3069  0.000e+00
     28.668     5.0347   3.090708    32.0106       3902    16.2542     2.3079  0.000e+00
     28.677     5.0348   3.090724    32.0106       3903    16.2583     2.3083  0.000e+00
     28.690     5.0348   3.090713    32.0105       3904    16.2625     2.3091  0.000e+00
     28.703     5.0349   3.090724    32.0106       3905    16.2667     2.3092  0.000e+00
     28.719     5.0349   3.090724    32.0106       3906    16.2708     2.3104  0.000e+00
     28.726     5.0350   3.090746    32.0107       3907    16.2750     2.3103  0.000e+00
     28.740     5.0349   3.090773    32.0111       3908    16.2792     2.3102  0.000e+00
     28.757     5.0348   3.090784    32.0113       3909    16.2833     2.3099  0.000e+00
     28.768     5.0348   3.090801    32.0115       3910    16.2875     2.3108  0.000e+00
     28.782     5.0347   3.090784    32.0114       3911    16.2917     2.3103  0.000e+00
     28.784     5.0347   3.090795    32.0116       3912    16.2958     2.3103  0.000e+00
     28.775     5.0346   3.090801    32.0117       3913    16.3000     2.3106  0.000e+00
     28.762     5.0347   3.090801    32.0116       3914    16.3042     2.3108  0.000e+00
     28.737     5.0348   3.090746    32.0109       3915    16.3083     2.3107  0.000e+00
     28.701     5.0348   3.090752    32.0110       3916    16.3125     2.3118  0.000e+00
     28.659     5.0349   3.090746    32.0108       3917    16.3167     2.3117  0.000e+00
     28.600     5.0351   3.090762    32.0109       3918    16.3208     2.3119  0.000e+00
     28.533     5.0351   3.090784    32.0111       3919    16.3250     2.3122  0.000e+00
     28.451     5.0353   3.090795    32.0111       3920    16.3292     2.3133  0.000e+00
     28.367     5.0356   3.090899    32.0121       3921    16.3333     2.3130  0.000e+00
     28.274     5.0361   3.091014    32.0129       3922    16.3375     2.3138  0.000e+00
     28.180     5.0371   3.091222    32.0144       3923    16.3417     2.3132  0.000e+00
     28.086     5.0388   3.091337    32.0142       3924    16.3458     2.3141  0.000e+00
     27.987     5.0405   3.091627    32.0158       3925    16.3500     2.3142  0.000e+00
     27.893     5.0428   3.091873    32.0166       3926    16.3542     2.3145  0.000e+00
     27.792     5.0454   3.091988    32.0154       3927    16.3583     2.3148  0.000e+00
     27.705     5.0479   3.092043    32.0137       3928    16.3625     2.3152  0.000e+00
     27.635     5.0497   3.092202    32.0138       3929    16.3667     2.3157  0.000e+00
     27.568     5.0514   3.092317    32.0136       3930    16.3708     2.3169  0.000e+00
     27.508     5.0530   3.092432    32.0133       3931    16.3750     2.3166  0.000e+00
     27.454     5.0545   3.092607    32.0140       3932    16.3792     2.3164  0.000e+00
     27.418     5.0561   3.092585    32.0121       3933    16.3833     2.3170  0.000e+00
     27.385     5.0571   3.092645    32.0119       3934    16.3875     2.3180  0.000e+00
     27.358     5.0582   3.092661    32.0111       3935    16.3917     2.3183  0.000e+00
     27.340     5.0589   3.092683    32.0106       3936    16.3958     2.3191  0.000e+00
     27.331     5.0593   3.092727    32.0107       3937    16.4000     2.3189  0.000e+00
     27.331     5.0599   3.092700    32.0099       3938    16.4042     2.3187  0.000e+00
     27.338     5.0602   3.092760    32.0103       3939    16.4083     2.3187  0.000e+00
     27.353     5.0604   3.092798    32.0105       3940    16.4125     2.3198  0.000e+00
     27.373     5.0608   3.092645    32.0083       3941    16.4167     2.3196  0.000e+00
     27.398     5.0605   3.092530    32.0073       3942    16.4208     2.3191  0.000e+00
     27.427     5.0599   3.092546    32.0081       3943    16.4250     2.3200  0.000e+00
     27.461     5.0595   3.092508    32.0080       3944    16.4292     2.3196  0.000e+00
     27.499     5.0589   3.092448    32.0078       3945    16.4333     2.3198  0.000e+00
     27.533     5.0582   3.092415    32.0081       3946    16.4375     2.3203  0.000e+00
     27.562     5.0576   3.092377    32.0082       3947    16.4417     2.3203  0.000e+00
     27.593     5.0571   3.092432    32.0094       3948    16.4458     2.3201  0.000e+00
     27.615     5.0569   3.092388    32.0090       3949    16.4500     2.3207  0.000e+00
     27.624     5.0570   3.092338    32.0084       3950    16.4542     2.3206  0.000e+00
     27.629     5.0566   3.092355    32.0089       3951    16.4583     2.3212  0.000e+00
     27.622     5.0565   3.092453    32.0102       3952    16.4625     2.3201  0.000e+00
     27.607     5.0565   3.092426    32.0099       3953    16.4667     2.3207  0.000e+00
     27.571     5.0566   3.092530    32.0110       3954    16.4708     2.3215  0.000e+00
     27.530     5.0570   3.092661    32.0122       3955    16.4750     2.3212  0.000e+00
     27.465     5.0579   3.092683    32.0116       3956    16.4792     2.3224  0.000e+00
     27.398     5.0585   3.092689    32.0111       3957    16.4833     2.3213  0.000e+00
     27.324     5.0591   3.092776    32.0115       3958    16.4875     2.3203  0.000e+00
     27.235     5.0598   3.092798    32.0111       3959    16.4917     2.3209  0.000e+00
     27.136     5.0602   3.092738    32.0101       3960    16.4958     2.3212  0.000e+00
     27.035     5.0605   3.092847    32.0111       3961    16.5000     2.3210  0.000e+00
     26.942     5.0609   3.092875    32.0111       3962    16.5042     2.3209  0.000e+00
     26.839     5.0614   3.092990    32.0120       3963    16.5083     2.3203  0.000e+00
     26.756     5.0622   3.093313    32.0149       3964    16.5125     2.3222  0.000e+00
     26.664     5.0646   3.093614    32.0162       3965    16.5167     2.3213  0.000e+00
