HB2402/sbe116.cnv
* Sea-Bird SBE 19plus V2 Data File:
* FileName = C:\cruise\data\sbe116.hex
* Software Version Seasave V 7.26.7.121
* Temperature SN = 7037
* Conductivity SN = 7037
* System UpLoad Time = May 03 2024 08:16:32
* NMEA Latitude = 42 27.61 N
* NMEA Longitude = 068 33.58 W
* NMEA UTC (Time) = May 03 2024  08:15:21
** Ship: Bigelow
** Cruise:  HB2402
** Program:  Spring Bottom Trawl
# nquan = 8
# nvalues = 4676                                  
# units = specified
# name 0 = depSM: Depth [salt water, m]
# name 1 = tv290C: Temperature [ITS-90, deg C]
# name 2 = c0S/m: Conductivity [S/m]
# name 3 = sal00: Salinity, Practical [PSU]
# name 4 = scan: Scan Count
# name 5 = timeM: Time, Elapsed [minutes]
# name 6 = sbeox0V: Oxygen raw, SBE 43 [V]
# name 7 = flag:  0.000e+00
# span 0 =      0.013,    198.011                 
# span 1 =     4.7913,     8.0320                 
# span 2 =  -0.030012,   3.549865                 
# span 3 =     0.0000,    34.4070                 
# span 4 =         11,       4686                 
# span 5 =     0.0417,    19.5208                 
# span 6 =     1.5755,     2.6882                 
# span 7 = 0.0000e+00, 0.0000e+00                 
# interval = seconds: 0.25
# start_time = May 03 2024 08:15:21 [NMEA time, header]
# bad_flag = -9.990e-29
*END*
[from data line 540]
     49.047     5.5728   3.115608    31.7711        551     2.2917     2.3852  0.000e+00
     49.182     5.5734   3.115630    31.7707        552     2.2958     2.3858  0.000e+00
     49.312     5.5738   3.115669    31.7706        553     2.3000     2.3857  0.000e+00
     49.453     5.5742   3.115844    31.7722        554     2.3042     2.3855  0.000e+00
     49.592     5.5748   3.116037    31.7737        555     2.3083     2.3853  0.000e+00
     49.730     5.5758   3.116190    31.7744        556     2.3125     2.3852  0.000e+00
     49.874     5.5771   3.116229    31.7735        557     2.3167     2.3841  0.000e+00
     50.015     5.5781   3.116328    31.7737        558     2.3208     2.3859  0.000e+00
     50.162     5.5789   3.116482    31.7746        559     2.3250     2.3867  0.000e+00
     50.304     5.5796   3.116597    31.7752        560     2.3292     2.3866  0.000e+00
     50.447     5.5803   3.116712    31.7757        561     2.3333     2.3854  0.000e+00
     50.583     5.5809   3.116635    31.7743        562     2.3375     2.3868  0.000e+00
     50.720     5.5810   3.116581    31.7735        563     2.3417     2.3865  0.000e+00
     50.857     5.5805   3.116421    31.7721        564     2.3458     2.3858  0.000e+00
     50.991     5.5793   3.116290    31.7716        565     2.3500     2.3864  0.000e+00
     51.127     5.5782   3.116191    31.7715        566     2.3542     2.3861  0.000e+00
     51.264     5.5767   3.116153    31.7724        567     2.3583     2.3851  0.000e+00
     51.394     5.5757   3.116328    31.7753        568     2.3625     2.3857  0.000e+00
     51.522     5.5753   3.116619    31.7789        569     2.3667     2.3839  0.000e+00
     51.649     5.5758   3.116888    31.7814        570     2.3708     2.3844  0.000e+00
     51.777     5.5770   3.116828    31.7795        571     2.3750     2.3843  0.000e+00
     51.907     5.5775   3.116482    31.7751        572     2.3792     2.3831  0.000e+00
     52.032     5.5760   3.115900    31.7699        573     2.3833     2.3828  0.000e+00
     52.160     5.5721   3.115357    31.7673        574     2.3875     2.3844  0.000e+00
     52.285     5.5669   3.114896    31.7670        575     2.3917     2.3835  0.000e+00
     52.420     5.5608   3.114237    31.7653        576     2.3958     2.3822  0.000e+00
     52.552     5.5539   3.113677    31.7654        577     2.4000     2.3816  0.000e+00
     52.682     5.5465   3.112782    31.7622        578     2.4042     2.3838  0.000e+00
     52.812     5.5381   3.112053    31.7618        579     2.4083     2.3815  0.000e+00
     52.946     5.5289   3.111295    31.7620        580     2.4125     2.3826  0.000e+00
     53.075     5.5197   3.110450    31.7610        581     2.4167     2.3822  0.000e+00
     53.208     5.5099   3.109885    31.7638        582     2.4208     2.3811  0.000e+00
     53.336     5.5009   3.109288    31.7656        583     2.4250     2.3806  0.000e+00
     53.468     5.4923   3.108882    31.7690        584     2.4292     2.3806  0.000e+00
     53.600     5.4848   3.108224    31.7686        585     2.4333     2.3793  0.000e+00
     53.739     5.4775   3.107774    31.7704        586     2.4375     2.3777  0.000e+00
     53.877     5.4700   3.106430    31.7622        587     2.4417     2.3775  0.000e+00
     54.023     5.4605   3.104829    31.7530        588     2.4458     2.3765  0.000e+00
     54.168     5.4472   3.103634    31.7520        589     2.4500     2.3754  0.000e+00
     54.309     5.4324   3.101688    31.7438        590     2.4542     2.3748  0.000e+00
     54.457     5.4153   3.100888    31.7509        591     2.4583     2.3726  0.000e+00
     54.598     5.3994   3.100225    31.7584        592     2.4625     2.3725  0.000e+00
     54.730     5.3862   3.099913    31.7673        593     2.4667     2.3701  0.000e+00
     54.871     5.3762   3.099184    31.7684        594     2.4708     2.3696  0.000e+00
     55.001     5.3669   3.098993    31.7750        595     2.4750     2.3686  0.000e+00
     55.133     5.3596   3.098686    31.7784        596     2.4792     2.3668  0.000e+00
     55.257     5.3535   3.098396    31.7808        597     2.4833     2.3651  0.000e+00
     55.391     5.3483   3.097859    31.7796        598     2.4875     2.3640  0.000e+00
     55.514     5.3431   3.097656    31.7822        599     2.4917     2.3636  0.000e+00
     55.650     5.3384   3.097393    31.7836        600     2.4958     2.3629  0.000e+00
     55.772     5.3339   3.096857    31.7816        601     2.5000     2.3616  0.000e+00
     55.908     5.3291   3.096106    31.7776        602     2.5042     2.3614  0.000e+00
     56.047     5.3226   3.095071    31.7720        603     2.5083     2.3612  0.000e+00
     56.188     5.3140   3.094327    31.7717        604     2.5125     2.3584  0.000e+00
     56.333     5.3041   3.093533    31.7719        605     2.5167     2.3580  0.000e+00
     56.474     5.2944   3.092690    31.7714        606     2.5208     2.3566  0.000e+00
     56.614     5.2844   3.092460    31.7783        607     2.5250     2.3555  0.000e+00
     56.755     5.2758   3.091885    31.7798        608     2.5292     2.3530  0.000e+00
     56.895     5.2682   3.091152    31.7787        609     2.5333     2.3539  0.000e+00
     57.036     5.2599   3.089904    31.7723        610     2.5375     2.3541  0.000e+00
     57.173     5.2490   3.087316    31.7531        611     2.5417     2.3495  0.000e+00
     57.308     5.2314   3.085046    31.7439        612     2.5458     2.3498  0.000e+00
     57.451     5.2089   3.082415    31.7353        613     2.5500     2.3507  0.000e+00
     57.592     5.1820   3.080256    31.7361        614     2.5542     2.3466  0.000e+00
     57.737     5.1541   3.079803    31.7574        615     2.5583     2.3474  0.000e+00
     57.881     5.1316   3.079338    31.7734        616     2.5625     2.3446  0.000e+00
     58.031     5.1156   3.078940    31.7840        617     2.5667     2.3434  0.000e+00
     58.172     5.1038   3.078579    31.7911        618     2.5708     2.3422  0.000e+00
     58.319     5.0945   3.077858    31.7916        619     2.5750     2.3409  0.000e+00
     58.458     5.0857   3.077355    31.7942        620     2.5792     2.3390  0.000e+00
     58.599     5.0771   3.076803    31.7960        621     2.5833     2.3382  0.000e+00
     58.734     5.0689   3.076454    31.7998        622     2.5875     2.3358  0.000e+00
     58.866     5.0618   3.076153    31.8031        623     2.5917     2.3349  0.000e+00
     58.993     5.0561   3.075886    31.8053        624     2.5958     2.3328  0.000e+00
     59.116     5.0507   3.075733    31.8087        625     2.6000     2.3313  0.000e+00
     59.231     5.0466   3.075635    31.8114        626     2.6042     2.3298  0.000e+00
     59.360     5.0435   3.075487    31.8126        627     2.6083     2.3293  0.000e+00
     59.477     5.0409   3.075449    31.8146        628     2.6125     2.3287  0.000e+00
     59.600     5.0388   3.075416    31.8161        629     2.6167     2.3264  0.000e+00
     59.721     5.0375   3.075389    31.8170        630     2.6208     2.3268  0.000e+00
     59.844     5.0365   3.075373    31.8177        631     2.6250     2.3265  0.000e+00
     59.960     5.0359   3.075296    31.8174        632     2.6292     2.3248  0.000e+00
     60.083     5.0351   3.075236    31.8175        633     2.6333     2.3231  0.000e+00
     60.198     5.0343   3.075182    31.8175        634     2.6375     2.3235  0.000e+00
     60.319     5.0334   3.075045    31.8168        635     2.6417     2.3216  0.000e+00
     60.440     5.0323   3.074952    31.8167        636     2.6458     2.3208  0.000e+00
     60.561     5.0311   3.074876    31.8168        637     2.6500     2.3205  0.000e+00
     60.684     5.0300   3.074892    31.8180        638     2.6542     2.3204  0.000e+00
     60.811     5.0290   3.074816    31.8181        639     2.6583     2.3203  0.000e+00
     60.939     5.0279   3.074548    31.8160        640     2.6625     2.3194  0.000e+00
     61.067     5.0262   3.074073    31.8121        641     2.6667     2.3185  0.000e+00
     61.197     5.0230   3.073691    31.8107        642     2.6708     2.3175  0.000e+00
     61.329     5.0188   3.073270    31.8098        643     2.6750     2.3181  0.000e+00
     61.460     5.0140   3.072265    31.8029        644     2.6792     2.3180  0.000e+00
     61.601     5.0073   3.071310    31.7982        645     2.6833     2.3167  0.000e+00
     61.738     4.9987   3.070611    31.7984        646     2.6875     2.3159  0.000e+00
     61.882     4.9890   3.070054    31.8012        647     2.6917     2.3146  0.000e+00
     62.031     4.9797   3.069787    31.8069        648     2.6958     2.3138  0.000e+00
     62.181     4.9722   3.069733    31.8134        649     2.7000     2.3133  0.000e+00
     62.331     4.9669   3.069558    31.8164        650     2.7042     2.3133  0.000e+00
     62.488     4.9629   3.069443    31.8189        651     2.7083     2.3116  0.000e+00
     62.641     4.9594   3.069520    31.8230        652     2.7125     2.3122  0.000e+00
     62.802     4.9573   3.069433    31.8239        653     2.7167     2.3119  0.000e+00
     62.961     4.9556   3.069466    31.8258        654     2.7208     2.3119  0.000e+00
     63.118     4.9542   3.069236    31.8245        655     2.7250     2.3123  0.000e+00
     63.265     4.9520   3.068952    31.8232        656     2.7292     2.3110  0.000e+00
     63.415     4.9489   3.068740    31.8237        657     2.7333     2.3099  0.000e+00
     63.556     4.9455   3.068379    31.8227        658     2.7375     2.3085  0.000e+00
     63.690     4.9417   3.067997    31.8219        659     2.7417     2.3065  0.000e+00
     63.825     4.9373   3.067812    31.8239        660     2.7458     2.3068  0.000e+00
     63.952     4.9330   3.067714    31.8268        661     2.7500     2.3052  0.000e+00
     64.074     4.9297   3.067517    31.8277        662     2.7542     2.3041  0.000e+00
     64.192     4.9266   3.067370    31.8289        663     2.7583     2.3049  0.000e+00
     64.317     4.9237   3.067256    31.8303        664     2.7625     2.3042  0.000e+00
     64.436     4.9214   3.067294    31.8329        665     2.7667     2.3041  0.000e+00
     64.559     4.9197   3.067218    31.8336        666     2.7708     2.3029  0.000e+00
     64.676     4.9183   3.067070    31.8332        667     2.7750     2.3031  0.000e+00
     64.805     4.9167   3.066781    31.8313        668     2.7792     2.3036  0.000e+00
     64.929     4.9139   3.066536    31.8311        669     2.7833     2.3022  0.000e+00
     65.058     4.9105   3.066192    31.8303        670     2.7875     2.3012  0.000e+00
     65.182     4.9063   3.065870    31.8306        671     2.7917     2.3019  0.000e+00
     65.309     4.9015   3.065739    31.8337        672     2.7958     2.3015  0.000e+00
     65.443     4.8972   3.065488    31.8348        673     2.8000     2.3010  0.000e+00
     65.574     4.8935   3.065243    31.8355        674     2.8042     2.3000  0.000e+00
     65.714     4.8895   3.064861    31.8349        675     2.8083     2.2987  0.000e+00
     65.838     4.8847   3.064294    31.8328        676     2.8125     2.2971  0.000e+00
     65.977     4.8790   3.063650    31.8308        677     2.8167     2.2976  0.000e+00
     66.115     4.8720   3.063186    31.8322        678     2.8208     2.2953  0.000e+00
     66.250     4.8647   3.062908    31.8358        679     2.8250     2.2959  0.000e+00
     66.388     4.8584   3.062772    31.8403        680     2.8292     2.2958  0.000e+00
     66.525     4.8532   3.062668    31.8440        681     2.8333     2.2943  0.000e+00
     66.664     4.8489   3.062625    31.8475        682     2.8375     2.2948  0.000e+00
     66.798     4.8458   3.062434    31.8482        683     2.8417     2.2931  0.000e+00
     66.943     4.8429   3.062112    31.8473        684     2.8458     2.2940  0.000e+00
     67.078     4.8392   3.061862    31.8478        685     2.8500     2.2929  0.000e+00
     67.223     4.8352   3.061785    31.8508        686     2.8542     2.2920  0.000e+00
     67.365     4.8321   3.061753    31.8532        687     2.8583     2.2917  0.000e+00
     67.506     4.8299   3.061676    31.8544        688     2.8625     2.2910  0.000e+00
     67.658     4.8281   3.061638    31.8556        689     2.8667     2.2906  0.000e+00
     67.803     4.8267   3.061611    31.8566        690     2.8708     2.2899  0.000e+00
     67.949     4.8255   3.061578    31.8572        691     2.8750     2.2893  0.000e+00
     68.094     4.8246   3.061617    31.8585        692     2.8792     2.2884  0.000e+00
     68.231     4.8240   3.061573    31.8585        693     2.8833     2.2881  0.000e+00
     68.368     4.8235   3.061655    31.8599        694     2.8875     2.2888  0.000e+00
     68.504     4.8235   3.061617    31.8593        695     2.8917     2.2889  0.000e+00
     68.645     4.8232   3.061491    31.8582        696     2.8958     2.2884  0.000e+00
     68.782     4.8225   3.061486    31.8587        697     2.9000     2.2876  0.000e+00
     68.923     4.8214   3.061388    31.8586        698     2.9042     2.2869  0.000e+00
     69.068     4.8204   3.061333    31.8588        699     2.9083     2.2871  0.000e+00
     69.212     4.8191   3.061273    31.8592        700     2.9125     2.2866  0.000e+00
     69.362     4.8176   3.061350    31.8616        701     2.9167     2.2865  0.000e+00
     69.520     4.8165   3.061432    31.8634        702     2.9208     2.2861  0.000e+00
     69.675     4.8159   3.061448    31.8641        703     2.9250     2.2852  0.000e+00
     69.829     4.8154   3.061503    31.8651        704     2.9292     2.2846  0.000e+00
     69.986     4.8153   3.061514    31.8654        705     2.9333     2.2845  0.000e+00
     70.140     4.8153   3.061465    31.8647        706     2.9375     2.2855  0.000e+00
     70.284     4.8149   3.061503    31.8654        707     2.9417     2.2826  0.000e+00
     70.432     4.8148   3.061574    31.8663        708     2.9458     2.2826  0.000e+00
     70.559     4.8148   3.061601    31.8666        709     2.9500     2.2836  0.000e+00
     70.689     4.8148   3.061579    31.8662        710     2.9542     2.2833  0.000e+00
     70.816     4.8145   3.061656    31.8673        711     2.9583     2.2821  0.000e+00
     70.938     4.8145   3.061656    31.8673        712     2.9625     2.2816  0.000e+00
     71.058     4.8144   3.061639    31.8671        713     2.9667     2.2826  0.000e+00
     71.177     4.8140   3.061634    31.8673        714     2.9708     2.2833  0.000e+00
     71.293     4.8136   3.061656    31.8680        715     2.9750     2.2826  0.000e+00
     71.412     4.8131   3.061678    31.8686        716     2.9792     2.2822  0.000e+00
     71.529     4.8122   3.061634    31.8689        717     2.9833     2.2829  0.000e+00
     71.641     4.8112   3.061678    31.8703        718     2.9875     2.2828  0.000e+00
     71.766     4.8100   3.061656    31.8711        719     2.9917     2.2835  0.000e+00
     71.878     4.8089   3.061656    31.8721        720     2.9958     2.2818  0.000e+00
     72.001     4.8078   3.061678    31.8734        721     3.0000     2.2811  0.000e+00
     72.124     4.8065   3.062114    31.8796        722     3.0042     2.2809  0.000e+00
     72.249     4.8038   3.062289    31.8842        723     3.0083     2.2816  0.000e+00
     72.380     4.8010   3.062436    31.8885        724     3.0125     2.2814  0.000e+00
     72.512     4.7987   3.062513    31.8915        725     3.0167     2.2806  0.000e+00
     72.651     4.7969   3.062633    31.8945        726     3.0208     2.2815  0.000e+00
     72.792     4.7957   3.062736    31.8968        727     3.0250     2.2802  0.000e+00
     72.937     4.7949   3.062889    31.8993        728     3.0292     2.2813  0.000e+00
     73.087     4.7945   3.063107    31.9021        729     3.0333     2.2791  0.000e+00
