HB2402/sbe113.cnv
* Sea-Bird SBE 19plus V2 Data File:
* FileName = C:\cruise\data\sbe113.hex
* Software Version Seasave V 7.26.7.121
* Temperature SN = 7037
* Conductivity SN = 7037
* System UpLoad Time = May 02 2024 02:25:51
* NMEA Latitude = 41 31.84 N
* NMEA Longitude = 068 01.02 W
* NMEA UTC (Time) = May 02 2024  02:24:39
** Ship: Bigelow
** Cruise:  HB2402
** Program:  Spring Bottom Trawl
# nquan = 8
# nvalues = 1190                                  
# units = specified
# name 0 = depSM: Depth [salt water, m]
# name 1 = tv290C: Temperature [ITS-90, deg C]
# name 2 = c0S/m: Conductivity [S/m]
# name 3 = sal00: Salinity, Practical [PSU]
# name 4 = scan: Scan Count
# name 5 = timeM: Time, Elapsed [minutes]
# name 6 = sbeox0V: Oxygen raw, SBE 43 [V]
# name 7 = flag:  0.000e+00
# span 0 =     -0.024,     27.628                 
# span 1 =     7.1944,     7.7394                 
# span 2 =   0.000009,   3.317354                 
# span 3 =     0.0034,    32.0374                 
# span 4 =         11,       1200                 
# span 5 =     0.0417,     4.9958                 
# span 6 =     2.0068,     2.6019                 
# span 7 = 0.0000e+00, 0.0000e+00                 
# interval = seconds: 0.25
# start_time = May 02 2024 02:24:39 [NMEA time, header]
# bad_flag = -9.990e-29
*END*
[from data line 720]
      9.926     7.7371   3.316414    31.9794        731     3.0417     2.5977  0.000e+00
      9.866     7.7371   3.316358    31.9787        732     3.0458     2.5981  0.000e+00
      9.807     7.7370   3.316397    31.9793        733     3.0500     2.5988  0.000e+00
      9.754     7.7371   3.316392    31.9791        734     3.0542     2.5968  0.000e+00
      9.709     7.7371   3.316375    31.9790        735     3.0583     2.5977  0.000e+00
      9.669     7.7371   3.316392    31.9792        736     3.0625     2.5975  0.000e+00
      9.630     7.7372   3.316375    31.9790        737     3.0667     2.5985  0.000e+00
      9.590     7.7371   3.316274    31.9780        738     3.0708     2.5974  0.000e+00
      9.561     7.7371   3.316375    31.9791        739     3.0750     2.5978  0.000e+00
      9.528     7.7371   3.316358    31.9789        740     3.0792     2.5976  0.000e+00
      9.498     7.7371   3.316358    31.9790        741     3.0833     2.5977  0.000e+00
      9.462     7.7370   3.316375    31.9792        742     3.0875     2.5981  0.000e+00
      9.429     7.7370   3.316375    31.9792        743     3.0917     2.5982  0.000e+00
      9.393     7.7369   3.316375    31.9793        744     3.0958     2.5980  0.000e+00
      9.357     7.7371   3.316375    31.9792        745     3.1000     2.5975  0.000e+00
      9.310     7.7369   3.316358    31.9792        746     3.1042     2.5981  0.000e+00
      9.272     7.7371   3.316352    31.9789        747     3.1083     2.5967  0.000e+00
      9.238     7.7371   3.316358    31.9791        748     3.1125     2.5981  0.000e+00
      9.196     7.7370   3.316358    31.9792        749     3.1167     2.5985  0.000e+00
      9.163     7.7370   3.316352    31.9791        750     3.1208     2.5981  0.000e+00
      9.129     7.7370   3.316335    31.9789        751     3.1250     2.5984  0.000e+00
      9.086     7.7369   3.316313    31.9788        752     3.1292     2.5981  0.000e+00
      9.044     7.7369   3.316335    31.9791        753     3.1333     2.5980  0.000e+00
      9.001     7.7368   3.316335    31.9792        754     3.1375     2.5985  0.000e+00
      8.948     7.7369   3.316352    31.9793        755     3.1417     2.5980  0.000e+00
      8.909     7.7368   3.316290    31.9788        756     3.1458     2.5978  0.000e+00
      8.855     7.7366   3.316290    31.9790        757     3.1500     2.5985  0.000e+00
      8.806     7.7365   3.316251    31.9786        758     3.1542     2.5993  0.000e+00
      8.755     7.7364   3.316251    31.9787        759     3.1583     2.5993  0.000e+00
      8.708     7.7363   3.316251    31.9789        760     3.1625     2.5993  0.000e+00
      8.670     7.7361   3.316251    31.9791        761     3.1667     2.5993  0.000e+00
      8.629     7.7361   3.316228    31.9789        762     3.1708     2.5998  0.000e+00
      8.596     7.7359   3.316211    31.9789        763     3.1750     2.5976  0.000e+00
      8.580     7.7360   3.316211    31.9788        764     3.1792     2.5981  0.000e+00
      8.560     7.7358   3.316211    31.9790        765     3.1833     2.5974  0.000e+00
      8.535     7.7358   3.316234    31.9793        766     3.1875     2.5988  0.000e+00
      8.520     7.7358   3.316228    31.9792        767     3.1917     2.5980  0.000e+00
      8.501     7.7357   3.316228    31.9793        768     3.1958     2.5979  0.000e+00
      8.488     7.7358   3.316211    31.9790        769     3.2000     2.5976  0.000e+00
      8.473     7.7358   3.316211    31.9790        770     3.2042     2.5979  0.000e+00
      8.454     7.7358   3.316211    31.9791        771     3.2083     2.5984  0.000e+00
      8.421     7.7357   3.316211    31.9791        772     3.2125     2.5974  0.000e+00
      8.385     7.7358   3.316273    31.9798        773     3.2167     2.5985  0.000e+00
      8.349     7.7361   3.316290    31.9796        774     3.2208     2.5988  0.000e+00
      8.295     7.7361   3.316313    31.9799        775     3.2250     2.5986  0.000e+00
      8.240     7.7364   3.316290    31.9794        776     3.2292     2.5981  0.000e+00
      8.188     7.7365   3.316290    31.9793        777     3.2333     2.6003  0.000e+00
      8.136     7.7365   3.316228    31.9787        778     3.2375     2.5997  0.000e+00
      8.094     7.7366   3.316211    31.9784        779     3.2417     2.6003  0.000e+00
      8.043     7.7366   3.316273    31.9791        780     3.2458     2.6003  0.000e+00
      8.011     7.7364   3.316290    31.9795        781     3.2500     2.6003  0.000e+00
      7.984     7.7366   3.316273    31.9792        782     3.2542     2.6010  0.000e+00
      7.964     7.7366   3.316290    31.9793        783     3.2583     2.6011  0.000e+00
      7.946     7.7366   3.316251    31.9790        784     3.2625     2.6003  0.000e+00
      7.935     7.7367   3.316273    31.9791        785     3.2667     2.6019  0.000e+00
      7.919     7.7366   3.316273    31.9792        786     3.2708     2.6008  0.000e+00
      7.912     7.7367   3.316290    31.9793        787     3.2750     2.6016  0.000e+00
      7.897     7.7367   3.316273    31.9791        788     3.2792     2.6017  0.000e+00
      7.897     7.7368   3.316251    31.9788        789     3.2833     2.6004  0.000e+00
      7.888     7.7369   3.315896    31.9749        790     3.2875     2.6001  0.000e+00
      7.885     7.7369   3.316312    31.9794        791     3.2917     2.5997  0.000e+00
      7.885     7.7369   3.316273    31.9790        792     3.2958     2.5978  0.000e+00
      7.874     7.7369   3.316251    31.9787        793     3.3000     2.5985  0.000e+00
      7.861     7.7369   3.316273    31.9790        794     3.3042     2.5981  0.000e+00
      7.847     7.7368   3.316290    31.9792        795     3.3083     2.5986  0.000e+00
      7.829     7.7368   3.316273    31.9790        796     3.3125     2.5985  0.000e+00
      7.816     7.7368   3.316251    31.9789        797     3.3167     2.5983  0.000e+00
      7.798     7.7368   3.316251    31.9788        798     3.3208     2.5970  0.000e+00
      7.785     7.7368   3.316290    31.9792        799     3.3250     2.5980  0.000e+00
      7.767     7.7368   3.316273    31.9791        800     3.3292     2.5962  0.000e+00
      7.754     7.7368   3.316250    31.9788        801     3.3333     2.5978  0.000e+00
      7.749     7.7368   3.316250    31.9788        802     3.3375     2.5978  0.000e+00
      7.738     7.7367   3.316228    31.9787        803     3.3417     2.5974  0.000e+00
      7.729     7.7366   3.316234    31.9788        804     3.3458     2.5968  0.000e+00
      7.718     7.7364   3.316228    31.9790        805     3.3500     2.5967  0.000e+00
      7.711     7.7363   3.316211    31.9789        806     3.3542     2.5974  0.000e+00
      7.702     7.7363   3.316228    31.9791        807     3.3583     2.5975  0.000e+00
      7.693     7.7362   3.316228    31.9792        808     3.3625     2.5974  0.000e+00
      7.682     7.7363   3.316234    31.9792        809     3.3667     2.5973  0.000e+00
      7.679     7.7361   3.316228    31.9793        810     3.3708     2.5972  0.000e+00
      7.666     7.7361   3.316211    31.9791        811     3.3750     2.5977  0.000e+00
      7.650     7.7362   3.316211    31.9790        812     3.3792     2.5965  0.000e+00
      7.635     7.7360   3.316166    31.9788        813     3.3833     2.5973  0.000e+00
      7.612     7.7359   3.316211    31.9793        814     3.3875     2.5981  0.000e+00
      7.601     7.7359   3.316194    31.9792        815     3.3917     2.5968  0.000e+00
      7.570     7.7360   3.316211    31.9793        816     3.3958     2.5965  0.000e+00
      7.549     7.7360   3.316211    31.9792        817     3.4000     2.5988  0.000e+00
      7.516     7.7362   3.316228    31.9793        818     3.4042     2.5981  0.000e+00
      7.491     7.7364   3.316250    31.9793        819     3.4083     2.5990  0.000e+00
      7.460     7.7366   3.316234    31.9790        820     3.4125     2.5990  0.000e+00
      7.433     7.7364   3.316250    31.9793        821     3.4167     2.5987  0.000e+00
      7.402     7.7366   3.316228    31.9790        822     3.4208     2.5985  0.000e+00
      7.370     7.7366   3.316250    31.9792        823     3.4250     2.5990  0.000e+00
      7.345     7.7366   3.316211    31.9788        824     3.4292     2.5999  0.000e+00
      7.323     7.7368   3.316250    31.9791        825     3.4333     2.5998  0.000e+00
      7.307     7.7367   3.316250    31.9792        826     3.4375     2.5996  0.000e+00
      7.287     7.7366   3.316228    31.9790        827     3.4417     2.5998  0.000e+00
      7.260     7.7368   3.316172    31.9783        828     3.4458     2.5988  0.000e+00
      7.233     7.7368   3.316250    31.9791        829     3.4500     2.5984  0.000e+00
      7.202     7.7369   3.316250    31.9790        830     3.4542     2.5981  0.000e+00
      7.171     7.7368   3.316250    31.9791        831     3.4583     2.5968  0.000e+00
      7.142     7.7368   3.316250    31.9792        832     3.4625     2.5971  0.000e+00
      7.115     7.7367   3.316273    31.9795        833     3.4667     2.5962  0.000e+00
      7.099     7.7368   3.316250    31.9791        834     3.4708     2.5962  0.000e+00
      7.083     7.7368   3.316273    31.9794        835     3.4750     2.5960  0.000e+00
      7.075     7.7368   3.316250    31.9792        836     3.4792     2.5979  0.000e+00
      7.079     7.7367   3.316188    31.9786        837     3.4833     2.5968  0.000e+00
      7.088     7.7368   3.316211    31.9788        838     3.4875     2.5965  0.000e+00
      7.117     7.7368   3.316273    31.9794        839     3.4917     2.5977  0.000e+00
      7.140     7.7368   3.316250    31.9791        840     3.4958     2.5980  0.000e+00
      7.164     7.7368   3.316273    31.9794        841     3.5000     2.5982  0.000e+00
      7.187     7.7369   3.316250    31.9790        842     3.5042     2.5983  0.000e+00
      7.200     7.7369   3.316250    31.9790        843     3.5083     2.5984  0.000e+00
      7.209     7.7369   3.316211    31.9786        844     3.5125     2.5987  0.000e+00
      7.218     7.7368   3.316250    31.9791        845     3.5167     2.5993  0.000e+00
      7.214     7.7371   3.316250    31.9789        846     3.5208     2.5982  0.000e+00
      7.196     7.7368   3.316233    31.9789        847     3.5250     2.5971  0.000e+00
      7.175     7.7368   3.316250    31.9791        848     3.5292     2.5977  0.000e+00
      7.142     7.7369   3.316250    31.9791        849     3.5333     2.5968  0.000e+00
      7.099     7.7368   3.316250    31.9791        850     3.5375     2.5971  0.000e+00
      7.050     7.7369   3.316228    31.9788        851     3.5417     2.5987  0.000e+00
      6.994     7.7369   3.316233    31.9789        852     3.5458     2.5970  0.000e+00
      6.927     7.7369   3.316250    31.9792        853     3.5500     2.5961  0.000e+00
      6.871     7.7369   3.316250    31.9792        854     3.5542     2.5967  0.000e+00
      6.824     7.7368   3.316233    31.9791        855     3.5583     2.5975  0.000e+00
      6.779     7.7369   3.316228    31.9790        856     3.5625     2.5958  0.000e+00
      6.737     7.7368   3.316188    31.9787        857     3.5667     2.5967  0.000e+00
      6.710     7.7368   3.316211    31.9789        858     3.5708     2.5966  0.000e+00
      6.700     7.7368   3.316228    31.9791        859     3.5750     2.5973  0.000e+00
      6.703     7.7368   3.316233    31.9791        860     3.5792     2.5985  0.000e+00
      6.714     7.7367   3.316211    31.9790        861     3.5833     2.5974  0.000e+00
      6.741     7.7368   3.316188    31.9787        862     3.5875     2.5975  0.000e+00
      6.761     7.7368   3.316171    31.9785        863     3.5917     2.5983  0.000e+00
      6.783     7.7366   3.316211    31.9790        864     3.5958     2.5977  0.000e+00
      6.814     7.7367   3.316211    31.9790        865     3.6000     2.5971  0.000e+00
      6.832     7.7366   3.316194    31.9788        866     3.6042     2.5976  0.000e+00
      6.841     7.7365   3.316126    31.9782        867     3.6083     2.5974  0.000e+00
      6.833     7.7364   3.316211    31.9792        868     3.6125     2.5961  0.000e+00
      6.812     7.7364   3.316194    31.9791        869     3.6167     2.5965  0.000e+00
      6.774     7.7363   3.316188    31.9791        870     3.6208     2.5962  0.000e+00
      6.720     7.7363   3.316211    31.9794        871     3.6250     2.5954  0.000e+00
      6.660     7.7363   3.316188    31.9792        872     3.6292     2.5951  0.000e+00
      6.602     7.7363   3.316211    31.9795        873     3.6333     2.5948  0.000e+00
      6.553     7.7361   3.316194    31.9794        874     3.6375     2.5961  0.000e+00
      6.506     7.7362   3.316126    31.9787        875     3.6417     2.5950  0.000e+00
      6.472     7.7361   3.316149    31.9790        876     3.6458     2.5964  0.000e+00
      6.441     7.7360   3.316115    31.9787        877     3.6500     2.5971  0.000e+00
      6.429     7.7358   3.316064    31.9784        878     3.6542     2.5964  0.000e+00
      6.412     7.7356   3.316132    31.9793        879     3.6583     2.5965  0.000e+00
      6.407     7.7354   3.316126    31.9794        880     3.6625     2.5968  0.000e+00
      6.405     7.7355   3.316081    31.9788        881     3.6667     2.5988  0.000e+00
      6.403     7.7353   3.316093    31.9792        882     3.6708     2.5974  0.000e+00
      6.402     7.7352   3.316081    31.9791        883     3.6750     2.5980  0.000e+00
      6.387     7.7352   3.316064    31.9789        884     3.6792     2.5974  0.000e+00
      6.369     7.7351   3.316053    31.9789        885     3.6833     2.5984  0.000e+00
      6.355     7.7350   3.316064    31.9792        886     3.6875     2.5981  0.000e+00
      6.349     7.7350   3.316076    31.9793        887     3.6917     2.5981  0.000e+00
      6.349     7.7350   3.316064    31.9792        888     3.6958     2.5982  0.000e+00
      6.362     7.7349   3.316019    31.9788        889     3.7000     2.5973  0.000e+00
      6.382     7.7347   3.316115    31.9799        890     3.7042     2.5981  0.000e+00
      6.398     7.7350   3.316126    31.9798        891     3.7083     2.5968  0.000e+00
      6.416     7.7353   3.316126    31.9795        892     3.7125     2.5974  0.000e+00
      6.432     7.7353   3.316132    31.9795        893     3.7167     2.5979  0.000e+00
      6.443     7.7355   3.316149    31.9796        894     3.7208     2.5980  0.000e+00
      6.440     7.7355   3.316166    31.9797        895     3.7250     2.5981  0.000e+00
      6.438     7.7358   3.316115    31.9790        896     3.7292     2.5983  0.000e+00
      6.427     7.7357   3.316064    31.9785        897     3.7333     2.5976  0.000e+00
      6.402     7.7354   3.316076    31.9789        898     3.7375     2.5977  0.000e+00
      6.365     7.7352   3.316104    31.9794        899     3.7417     2.5964  0.000e+00
      6.322     7.7353   3.316126    31.9796        900     3.7458     2.5977  0.000e+00
      6.277     7.7354   3.316093    31.9791        901     3.7500     2.5981  0.000e+00
      6.230     7.7357   3.316166    31.9797        902     3.7542     2.5979  0.000e+00
      6.194     7.7357   3.316166    31.9797        903     3.7583     2.5983  0.000e+00
      6.152     7.7359   3.316115    31.9790        904     3.7625     2.5976  0.000e+00
      6.118     7.7360   3.316064    31.9783        905     3.7667     2.5959  0.000e+00
      6.082     7.7357   3.316076    31.9788        906     3.7708     2.5963  0.000e+00
      6.051     7.7355   3.316104    31.9792        907     3.7750     2.5964  0.000e+00
      6.012     7.7355   3.316081    31.9790        908     3.7792     2.5965  0.000e+00
