HB2402/sbe108.cnv
* Sea-Bird SBE 19plus V2 Data File:
* FileName = C:\cruise\data\sbe108.hex
* Software Version Seasave V 7.26.7.121
* Temperature SN = 7037
* Conductivity SN = 7037
* System UpLoad Time = Apr 30 2024 23:48:08
* NMEA Latitude = 42 04.71 N
* NMEA Longitude = 067 13.35 W
* NMEA UTC (Time) = Apr 30 2024  23:46:55
** Ship: Bigelow
** Cruise:  HB2402
** Program:  Spring Bottom Trawl
# nquan = 8
# nvalues = 1384                                  
# units = specified
# name 0 = depSM: Depth [salt water, m]
# name 1 = tv290C: Temperature [ITS-90, deg C]
# name 2 = c0S/m: Conductivity [S/m]
# name 3 = sal00: Salinity, Practical [PSU]
# name 4 = scan: Scan Count
# name 5 = timeM: Time, Elapsed [minutes]
# name 6 = sbeox0V: Oxygen raw, SBE 43 [V]
# name 7 = flag:  0.000e+00
# span 0 =     -0.030,     44.675                 
# span 1 =     5.9992,     7.4201                 
# span 2 =  -0.000063,   3.247647                 
# span 3 =     0.0000,    31.9901                 
# span 4 =         11,       1394                 
# span 5 =     0.0417,     5.8042                 
# span 6 =     2.2001,     2.6761                 
# span 7 = 0.0000e+00, 0.0000e+00                 
# interval = seconds: 0.25
# start_time = Apr 30 2024 23:46:55 [NMEA time, header]
# bad_flag = -9.990e-29
*END*
[from data line 1259]
      2.384     6.9928   3.234171    31.7810       1270     5.2875     2.6678  0.000e+00
      2.292     6.9929   3.234193    31.7812       1271     5.2917     2.6673  0.000e+00
      2.180     6.9932   3.234154    31.7805       1272     5.2958     2.6683  0.000e+00
      2.075     6.9933   3.234193    31.7809       1273     5.3000     2.6693  0.000e+00
      1.976     6.9934   3.234154    31.7804       1274     5.3042     2.6693  0.000e+00
      1.874     6.9934   3.234087    31.7798       1275     5.3083     2.6705  0.000e+00
      1.775     6.9932   3.234132    31.7805       1276     5.3125     2.6713  0.000e+00
      1.688     6.9931   3.234154    31.7809       1277     5.3167     2.6719  0.000e+00
      1.614     6.9931   3.233993    31.7791       1278     5.3208     2.6728  0.000e+00
      1.546     6.9926   3.233931    31.7790       1279     5.3250     2.6722  0.000e+00
      1.499     6.9918   3.234032    31.7808       1280     5.3292     2.6722  0.000e+00
      1.492     6.9917   3.234071    31.7813       1281     5.3333     2.6722  0.000e+00
      1.500     6.9919   3.233970    31.7800       1282     5.3375     2.6714  0.000e+00
      1.531     6.9917   3.234009    31.7806       1283     5.3417     2.6722  0.000e+00
      1.578     6.9917   3.233787    31.7782       1284     5.3458     2.6716  0.000e+00
      1.609     6.9908   3.233909    31.7804       1285     5.3500     2.6710  0.000e+00
      1.622     6.9902   3.234232    31.7844       1286     5.3542     2.6706  0.000e+00
      1.607     6.9916   3.234132    31.7821       1287     5.3583     2.6704  0.000e+00
      1.556     6.9923   3.234110    31.7811       1288     5.3625     2.6709  0.000e+00
      1.491     6.9924   3.233887    31.7787       1289     5.3667     2.6710  0.000e+00
      1.412     6.9918   3.233948    31.7799       1290     5.3708     2.6703  0.000e+00
      1.332     6.9913   3.234154    31.7827       1291     5.3750     2.6698  0.000e+00
      1.231     6.9919   3.234071    31.7813       1292     5.3792     2.6698  0.000e+00
      1.121     6.9923   3.234293    31.7833       1293     5.3833     2.6703  0.000e+00
      1.024     6.9932   3.234110    31.7806       1294     5.3875     2.6702  0.000e+00
      0.957     6.9933   3.234243    31.7820       1295     5.3917     2.6719  0.000e+00
      0.908     6.9938   3.233809    31.7768       1296     5.3958     2.6706  0.000e+00
      0.894     6.9927   3.234070    31.7807       1297     5.4000     2.6714  0.000e+00
      0.904     6.9924   3.234154    31.7819       1298     5.4042     2.6710  0.000e+00
      0.932     6.9928   3.233831    31.7780       1299     5.4083     2.6725  0.000e+00
      0.966     6.9922   3.233747    31.7776       1300     5.4125     2.6729  0.000e+00
      0.998     6.9907   3.233770    31.7793       1301     5.4167     2.6720  0.000e+00
      1.011     6.9897   3.233837    31.7809       1302     5.4208     2.6722  0.000e+00
      0.989     6.9896   3.234154    31.7844       1303     5.4250     2.6726  0.000e+00
      0.908     6.9908   3.234171    31.7836       1304     5.4292     2.6721  0.000e+00
      0.778     6.9918   3.234555    31.7869       1305     5.4333     2.6722  0.000e+00
      0.637     6.9938   3.234455    31.7840       1306     5.4375     2.6732  0.000e+00
      0.518     6.9959   3.234455    31.7821       1307     5.4417     2.6731  0.000e+00
      0.444     6.9970   3.234538    31.7821       1308     5.4458     2.6737  0.000e+00
      0.426     6.9979   3.234477    31.7805       1309     5.4500     2.6739  0.000e+00
      0.420     6.9983   3.234455    31.7799       1310     5.4542     2.6734  0.000e+00
      0.436     6.9982   3.234477    31.7802       1311     5.4583     2.6737  0.000e+00
      0.451     6.9983   3.234416    31.7795       1312     5.4625     2.6742  0.000e+00
      0.462     6.9980   3.234031    31.7756       1313     5.4667     2.6744  0.000e+00
      0.474     6.9966   3.234031    31.7769       1314     5.4708     2.6736  0.000e+00
      0.487     6.9950   3.233948    31.7774       1315     5.4750     2.6745  0.000e+00
      0.467     6.9934   3.234187    31.7815       1316     5.4792     2.6753  0.000e+00
      0.413     6.9936   3.234538    31.7852       1317     5.4833     2.6753  0.000e+00
      0.342     6.9952   3.234516    31.7835       1318     5.4875     2.6751  0.000e+00
      0.290     6.9968   3.234616    31.7832       1319     5.4917     2.6755  0.000e+00
      0.254     6.9980   3.234594    31.7818       1320     5.4958     2.6759  0.000e+00
      0.227     6.9989   3.234516    31.7802       1321     5.5000     2.6758  0.000e+00
      0.162     6.9991   3.234226    31.7768       1322     5.5042     2.6751  0.000e+00
      0.086     6.9982   3.233909    31.7742       1323     5.5083     2.6748  0.000e+00
      0.005     6.9959   2.682940    25.8573       1324     5.5125     2.6749  0.000e+00
     -0.023     6.9934   0.826935     7.2070       1325     5.5167     2.6737  0.000e+00
     -0.026     6.9857   0.412424     3.4251       1326     5.5208     2.6751  0.000e+00
     -0.024     6.9684   0.300269     2.4460       1327     5.5250     2.6750  0.000e+00
     -0.030     6.9476   0.265011     2.1442       1328     5.5292     2.6761  0.000e+00
     -0.028     6.9352   0.231752     1.8614       1329     5.5333     2.6747  0.000e+00
     -0.001     6.9300   0.507347     4.2784       1330     5.5375     2.6697  0.000e+00
      0.042     6.9349   0.463398     3.8836       1331     5.5417     2.6574  0.000e+00
      0.069     6.9494   0.465845     3.9038       1332     5.5458     2.6404  0.000e+00
      0.068     6.9616   0.546521     4.6279       1333     5.5500     2.6199  0.000e+00
      0.017     6.9707   0.729033     6.2990       1334     5.5542     2.6024  0.000e+00
     -0.023     6.9764   2.398901    22.8807       1335     5.5583     2.5857  0.000e+00
     -0.024     6.9792   0.667215     5.7266       1336     5.5625     2.5718  0.000e+00
     -0.024     6.9796   0.396948     3.2890       1337     5.5667     2.5600  0.000e+00
     -0.021     6.9795   0.299811     2.4413       1338     5.5708     2.5477  0.000e+00
     -0.028     6.9795   0.286074     2.3229       1339     5.5750     2.5403  0.000e+00
     -0.028     6.9797   0.177818     1.4058       1340     5.5792     2.5376  0.000e+00
     -0.026     6.9798   0.117509     0.9098       1341     5.5833     2.5310  0.000e+00
     -0.028     6.9799   0.086982     0.6641       1342     5.5875     2.5275  0.000e+00
     -0.026     6.9800   0.080609     0.6134       1343     5.5917     2.5264  0.000e+00
     -0.030     6.9800   0.082227     0.6262       1344     5.5958     2.5200  0.000e+00
     -0.028     6.9800   0.088923     0.6796       1345     5.6000     2.5138  0.000e+00
     -0.028     6.9802   0.193618     1.5377       1346     5.6042     2.5060  0.000e+00
     -0.028     6.9802   0.180473     1.4279       1347     5.6083     2.4972  0.000e+00
     -0.023     6.9800   0.160011     1.2580       1348     5.6125     2.4893  0.000e+00
     -0.023     6.9799   0.146095     1.1433       1349     5.6167     2.4793  0.000e+00
     -0.026     6.9795   0.135573     1.0570       1350     5.6208     2.4692  0.000e+00
     -0.028     6.9790   0.129590     1.0081       1351     5.6250     2.4617  0.000e+00
     -0.026     6.9788   0.125381     0.9738       1352     5.6292     2.4513  0.000e+00
     -0.023     6.9787   0.121124     0.9392       1353     5.6333     2.4415  0.000e+00
     -0.021     6.9785   0.116647     0.9028       1354     5.6375     2.4334  0.000e+00
     -0.026     6.9782   0.111933     0.8646       1355     5.6417     2.4232  0.000e+00
     -0.025     6.9779   0.108293     0.8352       1356     5.6458     2.4154  0.000e+00
     -0.025     6.9776   0.104872     0.8076       1357     5.6500     2.4068  0.000e+00
     -0.023     6.9774   0.100596     0.7732       1358     5.6542     2.4004  0.000e+00
     -0.026     6.9773   0.097127     0.7453       1359     5.6583     2.3925  0.000e+00
     -0.028     6.9772   0.093151     0.7135       1360     5.6625     2.3858  0.000e+00
     -0.028     6.9771   0.087417     0.6676       1361     5.6667     2.3789  0.000e+00
     -0.023     6.9771   0.082500     0.6285       1362     5.6708     2.3711  0.000e+00
     -0.021     6.9769   0.074153     0.5623       1363     5.6750     2.3636  0.000e+00
     -0.026     6.9766   0.061332     0.4614       1364     5.6792     2.3568  0.000e+00
     -0.023     6.9763   0.039981     0.2959       1365     5.6833     2.3500  0.000e+00
     -0.023     6.9760   0.027295     0.1994       1366     5.6875     2.3418  0.000e+00
     -0.025     6.9758   0.020221     0.1464       1367     5.6917     2.3347  0.000e+00
     -0.025     6.9757   0.009202     0.0657       1368     5.6958     2.3281  0.000e+00
     -0.023     6.9756   0.008288     0.0591       1369     5.7000     2.3217  0.000e+00
     -0.021     6.9755   0.007022     0.0501       1370     5.7042     2.3154  0.000e+00
     -0.023     6.9754   0.004756     0.0341       1371     5.7083     2.3092  0.000e+00
     -0.023     6.9752   0.000546     0.0059       1372     5.7125     2.3015  0.000e+00
     -0.023     6.9750   0.000047     0.0033       1373     5.7167     2.2941  0.000e+00
     -0.026     6.9750  -0.000060     0.0000       1374     5.7208     2.2878  0.000e+00
     -0.025     6.9749  -0.000060     0.0000       1375     5.7250     2.2799  0.000e+00
     -0.019     6.9748  -0.000063     0.0000       1376     5.7292     2.2716  0.000e+00
     -0.019     6.9738  -0.000060     0.0000       1377     5.7333     2.2645  0.000e+00
     -0.017     6.9722  -0.000063     0.0000       1378     5.7375     2.2556  0.000e+00
     -0.019     6.9709  -0.000060     0.0000       1379     5.7417     2.2487  0.000e+00
     -0.019     6.9705  -0.000060     0.0000       1380     5.7458     2.2419  0.000e+00
     -0.019     6.9696  -0.000060     0.0000       1381     5.7500     2.2392  0.000e+00
     -0.021     6.9683  -0.000060     0.0000       1382     5.7542     2.2371  0.000e+00
     -0.014     6.9676  -0.000050     0.0000       1383     5.7583     2.2379  0.000e+00
     -0.017     6.9673  -0.000055     0.0000       1384     5.7625     2.2413  0.000e+00
     -0.014     6.9673  -0.000050     0.0000       1385     5.7667     2.2462  0.000e+00
     -0.014     6.9669  -0.000050     0.0000       1386     5.7708     2.2526  0.000e+00
     -0.014     6.9655  -0.000042     0.0000       1387     5.7750     2.2590  0.000e+00
     -0.014     6.9644  -0.000044     0.0000       1388     5.7792     2.2649  0.000e+00
     -0.012     6.9640  -0.000034     0.0000       1389     5.7833     2.2700  0.000e+00
     -0.012     6.9639  -0.000034     0.0000       1390     5.7875     2.2741  0.000e+00
     -0.012     6.9633  -0.000034     0.0000       1391     5.7917     2.2809  0.000e+00
     -0.014     6.9615  -0.000028     0.0000       1392     5.7958     2.2859  0.000e+00
     -0.008     6.9603  -0.000023     0.0000       1393     5.8000     2.2914  0.000e+00
     -0.008     6.9595  -0.000034     0.0000       1394     5.8042     2.2968  0.000e+00
