HB2402/sbe106.cnv
* Sea-Bird SBE 19plus V2 Data File:
* FileName = C:\cruise\data\sbe106.hex
* Software Version Seasave V 7.26.7.121
* Temperature SN = 7037
* Conductivity SN = 7037
* System UpLoad Time = Apr 29 2024 16:51:48
* NMEA Latitude = 42 20.16 N
* NMEA Longitude = 066 36.85 W
* NMEA UTC (Time) = Apr 29 2024  16:50:34
** Ship: Bigelow
** Cruise:  HB2402
** Program:  Spring Bottom Trawl
# nquan = 8
# nvalues = 3491                                  
# units = specified
# name 0 = depSM: Depth [salt water, m]
# name 1 = tv290C: Temperature [ITS-90, deg C]
# name 2 = c0S/m: Conductivity [S/m]
# name 3 = sal00: Salinity, Practical [PSU]
# name 4 = scan: Scan Count
# name 5 = timeM: Time, Elapsed [minutes]
# name 6 = sbeox0V: Oxygen raw, SBE 43 [V]
# name 7 = flag:  0.000e+00
# span 0 =     -0.033,    290.276                 
# span 1 =     4.9921,     8.7300                 
# span 2 =   0.229668,   3.655716                 
# span 3 =     1.8603,    34.8079                 
# span 4 =         11,       3501                 
# span 5 =     0.0417,    14.5833                 
# span 6 =     1.7305,     2.7877                 
# span 7 = 0.0000e+00, 0.0000e+00                 
# interval = seconds: 0.25
# start_time = Apr 29 2024 16:50:34 [NMEA time, header]
# bad_flag = -9.990e-29
*END*
[from data line 540]
     98.550     6.7361   3.374365    33.5146        551     2.2917     2.0412  0.000e+00
     98.738     6.7447   3.375707    33.5208        552     2.2958     2.0412  0.000e+00
     98.935     6.7542   3.376926    33.5248        553     2.3000     2.0430  0.000e+00
     99.136     6.7631   3.377328    33.5205        554     2.3042     2.0441  0.000e+00
     99.351     6.7704   3.378116    33.5220        555     2.3083     2.0445  0.000e+00
     99.557     6.7767   3.379073    33.5263        556     2.3125     2.0462  0.000e+00
     99.763     6.7829   3.379839    33.5285        557     2.3167     2.0467  0.000e+00
     99.969     6.7888   3.381188    33.5375        558     2.3208     2.0487  0.000e+00
    100.163     6.7956   3.382605    33.5463        559     2.3250     2.0491  0.000e+00
    100.358     6.8035   3.385293    33.5681        560     2.3292     2.0518  0.000e+00
    100.542     6.8149   3.389026    33.5980        561     2.3333     2.0511  0.000e+00
    100.723     6.8314   3.390530    33.5983        562     2.3375     2.0528  0.000e+00
    100.898     6.8476   3.390978    33.5873        563     2.3417     2.0550  0.000e+00
    101.066     6.8597   3.393039    33.5980        564     2.3458     2.0560  0.000e+00
    101.243     6.8720   3.395809    33.6164        565     2.3500     2.0582  0.000e+00
    101.415     6.8865   3.397638    33.6222        566     2.3542     2.0597  0.000e+00
    101.594     6.9009   3.399467    33.6281        567     2.3583     2.0613  0.000e+00
    101.771     6.9154   3.401473    33.6359        568     2.3625     2.0615  0.000e+00
    101.947     6.9295   3.403809    33.6477        569     2.3667     2.0651  0.000e+00
    102.118     6.9446   3.404894    33.6447        570     2.3708     2.0656  0.000e+00
    102.301     6.9589   3.405503    33.6373        571     2.3750     2.0676  0.000e+00
    102.471     6.9702   3.409523    33.6703        572     2.3792     2.0690  0.000e+00
    102.630     6.9861   3.413079    33.6936        573     2.3833     2.0702  0.000e+00
    102.796     7.0052   3.413500    33.6795        574     2.3875     2.0708  0.000e+00
    102.955     7.0210   3.415583    33.6868        575     2.3917     2.0720  0.000e+00
    103.118     7.0355   3.417552    33.6941        576     2.3958     2.0726  0.000e+00
    103.273     7.0505   3.419163    33.6970        577     2.4000     2.0731  0.000e+00
    103.431     7.0650   3.420769    33.7003        578     2.4042     2.0734  0.000e+00
    103.595     7.0786   3.421737    33.6976        579     2.4083     2.0737  0.000e+00
    103.770     7.0897   3.423760    33.7087        580     2.4125     2.0746  0.000e+00
    103.946     7.1021   3.425554    33.7161        581     2.4167     2.0740  0.000e+00
    104.127     7.1151   3.426985    33.7190        582     2.4208     2.0751  0.000e+00
    104.315     7.1273   3.427555    33.7132        583     2.4250     2.0754  0.000e+00
    104.510     7.1371   3.428894    33.7182        584     2.4292     2.0764  0.000e+00
    104.721     7.1462   3.429345    33.7141        585     2.4333     2.0751  0.000e+00
    104.940     7.1539   3.429082    33.7036        586     2.4375     2.0756  0.000e+00
    105.157     7.1590   3.430320    33.7120        587     2.4417     2.0750  0.000e+00
    105.374     7.1639   3.430964    33.7142        588     2.4458     2.0754  0.000e+00
    105.600     7.1691   3.431437    33.7141        589     2.4500     2.0744  0.000e+00
    105.829     7.1737   3.432823    33.7247        590     2.4542     2.0743  0.000e+00
    106.064     7.1798   3.433964    33.7310        591     2.4583     2.0741  0.000e+00
    106.299     7.1873   3.435128    33.7363        592     2.4625     2.0740  0.000e+00
    106.527     7.1951   3.435658    33.7343        593     2.4667     2.0723  0.000e+00
    106.751     7.2021   3.436406    33.7355        594     2.4708     2.0723  0.000e+00
    106.977     7.2084   3.437210    33.7381        595     2.4750     2.0726  0.000e+00
    107.203     7.2146   3.437792    33.7382        596     2.4792     2.0706  0.000e+00
    107.411     7.2204   3.438540    33.7406        597     2.4833     2.0707  0.000e+00
    107.610     7.2260   3.438728    33.7371        598     2.4875     2.0704  0.000e+00
    107.807     7.2306   3.439573    33.7417        599     2.4917     2.0700  0.000e+00
    107.988     7.2357   3.440526    33.7470        600     2.4958     2.0703  0.000e+00
    108.161     7.2417   3.440943    33.7456        601     2.5000     2.0700  0.000e+00
    108.322     7.2469   3.441856    33.7505        602     2.5042     2.0692  0.000e+00
    108.465     7.2525   3.442559    33.7526        603     2.5083     2.0690  0.000e+00
    108.591     7.2581   3.443164    33.7536        604     2.5125     2.0683  0.000e+00
    108.711     7.2638   3.443638    33.7532        605     2.5167     2.0699  0.000e+00
    108.821     7.2688   3.444660    33.7594        606     2.5208     2.0686  0.000e+00
    108.937     7.2743   3.446379    33.7727        607     2.5250     2.0693  0.000e+00
    109.038     7.2825   3.448270    33.7852        608     2.5292     2.0691  0.000e+00
    109.139     7.2927   3.449624    33.7899        609     2.5333     2.0681  0.000e+00
    109.253     7.3029   3.448978    33.7729        610     2.5375     2.0677  0.000e+00
    109.371     7.3100   3.448733    33.7632        611     2.5417     2.0682  0.000e+00
    109.499     7.3129   3.449384    33.7675        612     2.5458     2.0674  0.000e+00
    109.649     7.3162   3.451350    33.7855        613     2.5500     2.0667  0.000e+00
    109.808     7.3227   3.452162    33.7880        614     2.5542     2.0663  0.000e+00
    109.980     7.3297   3.453602    33.7967        615     2.5583     2.0664  0.000e+00
    110.173     7.3378   3.454031    33.7933        616     2.5625     2.0657  0.000e+00
    110.378     7.3450   3.454974    33.7964        617     2.5667     2.0644  0.000e+00
    110.589     7.3519   3.455769    33.7983        618     2.5708     2.0647  0.000e+00
    110.821     7.3582   3.457599    33.8119        619     2.5750     2.0641  0.000e+00
    111.057     7.3671   3.463956    33.8721        620     2.5792     2.0622  0.000e+00
    111.309     7.3885   3.475050    33.9716        621     2.5833     2.0630  0.000e+00
    111.565     7.4288   3.481603    34.0032        622     2.5875     2.0618  0.000e+00
    111.822     7.4780   3.486319    34.0059        623     2.5917     2.0630  0.000e+00
    112.093     7.5229   3.491777    34.0210        624     2.5958     2.0631  0.000e+00
    112.359     7.5652   3.499147    34.0592        625     2.6000     2.0638  0.000e+00
    112.634     7.6107   3.504769    34.0753        626     2.6042     2.0638  0.000e+00
    112.894     7.6553   3.509192    34.0793        627     2.6083     2.0645  0.000e+00
    113.149     7.6962   3.512483    34.0746        628     2.6125     2.0645  0.000e+00
    113.389     7.7314   3.516841    34.0871        629     2.6167     2.0654  0.000e+00
    113.624     7.7645   3.520781    34.0970        630     2.6208     2.0646  0.000e+00
    113.850     7.7953   3.524278    34.1044        631     2.6250     2.0638  0.000e+00
    114.056     7.8245   3.526197    34.0964        632     2.6292     2.0623  0.000e+00
    114.244     7.8490   3.528244    34.0944        633     2.6333     2.0602  0.000e+00
    114.418     7.8699   3.529529    34.0877        634     2.6375     2.0593  0.000e+00
    114.586     7.8865   3.530746    34.0845        635     2.6417     2.0554  0.000e+00
    114.741     7.9004   3.531409    34.0780        636     2.6458     2.0523  0.000e+00
    114.879     7.9109   3.531663    34.0704        637     2.6500     2.0496  0.000e+00
    115.009     7.9184   3.532199    34.0687        638     2.6542     2.0444  0.000e+00
    115.126     7.9245   3.532626    34.0674        639     2.6583     2.0405  0.000e+00
    115.239     7.9292   3.532805    34.0646        640     2.6625     2.0369  0.000e+00
    115.351     7.9328   3.532840    34.0615        641     2.6667     2.0333  0.000e+00
    115.464     7.9353   3.532949    34.0602        642     2.6708     2.0292  0.000e+00
    115.580     7.9369   3.533099    34.0601        643     2.6750     2.0248  0.000e+00
    115.689     7.9382   3.533140    34.0593        644     2.6792     2.0221  0.000e+00
    115.810     7.9390   3.533203    34.0591        645     2.6833     2.0199  0.000e+00
    115.931     7.9398   3.533353    34.0599        646     2.6875     2.0171  0.000e+00
    116.059     7.9405   3.533440    34.0600        647     2.6917     2.0142  0.000e+00
    116.188     7.9410   3.533463    34.0598        648     2.6958     2.0123  0.000e+00
    116.313     7.9413   3.533590    34.0608        649     2.7000     2.0108  0.000e+00
    116.448     7.9416   3.533700    34.0616        650     2.7042     2.0091  0.000e+00
    116.591     7.9421   3.533740    34.0615        651     2.7083     2.0083  0.000e+00
    116.752     7.9424   3.533763    34.0613        652     2.7125     2.0057  0.000e+00
    116.916     7.9426   3.533913    34.0627        653     2.7167     2.0051  0.000e+00
    117.092     7.9432   3.534167    34.0647        654     2.7208     2.0041  0.000e+00
    117.291     7.9442   3.534554    34.0678        655     2.7250     2.0037  0.000e+00
    117.504     7.9457   3.534790    34.0687        656     2.7292     2.0027  0.000e+00
    117.735     7.9475   3.535044    34.0696        657     2.7333     2.0024  0.000e+00
    117.981     7.9495   3.535195    34.0692        658     2.7375     1.9992  0.000e+00
    118.236     7.9510   3.535281    34.0685        659     2.7417     1.9994  0.000e+00
    118.495     7.9519   3.535904    34.0742        660     2.7458     1.9972  0.000e+00
    118.768     7.9540   3.536257    34.0758        661     2.7500     1.9971  0.000e+00
    119.037     7.9564   3.536609    34.0771        662     2.7542     1.9977  0.000e+00
    119.301     7.9590   3.537019    34.0788        663     2.7583     1.9980  0.000e+00
    119.559     7.9617   3.537319    34.0793        664     2.7625     1.9970  0.000e+00
    119.818     7.9642   3.537723    34.0810        665     2.7667     1.9986  0.000e+00
    120.066     7.9667   3.538150    34.0831        666     2.7708     1.9931  0.000e+00
    120.299     7.9696   3.538883    34.0880        667     2.7750     1.9977  0.000e+00
    120.521     7.9731   3.539461    34.0907        668     2.7792     1.9959  0.000e+00
    120.740     7.9771   3.540361    34.0963        669     2.7833     1.9982  0.000e+00
    120.944     7.9822   3.541349    34.1019        670     2.7875     1.9983  0.000e+00
    121.143     7.9879   3.541799    34.1010        671     2.7917     1.9980  0.000e+00
    121.338     7.9932   3.542740    34.1058        672     2.7958     1.9970  0.000e+00
    121.523     7.9988   3.544548    34.1196        673     2.8000     1.9959  0.000e+00
    121.696     8.0068   3.545103    34.1176        674     2.8042     1.9950  0.000e+00
    121.873     8.0150   3.545386    34.1126        675     2.8083     1.9941  0.000e+00
    122.036     8.0209   3.546461    34.1183        676     2.8125     1.9941  0.000e+00
    122.204     8.0272   3.548414    34.1329        677     2.8167     1.9938  0.000e+00
    122.354     8.0366   3.550413    34.1451        678     2.8208     1.9933  0.000e+00
    122.495     8.0488   3.551772    34.1477        679     2.8250     1.9925  0.000e+00
    122.631     8.0610   3.551922    34.1373        680     2.8292     1.9928  0.000e+00
    122.755     8.0700   3.552286    34.1324        681     2.8333     1.9924  0.000e+00
    122.875     8.0770   3.553709    34.1407        682     2.8375     1.9928  0.000e+00
    122.983     8.0845   3.555218    34.1495        683     2.8417     1.9920  0.000e+00
    123.074     8.0934   3.557289    34.1629        684     2.8458     1.9928  0.000e+00
    123.171     8.1054   3.557740    34.1560        685     2.8500     1.9933  0.000e+00
    123.285     8.1157   3.558388    34.1529        686     2.8542     1.9932  0.000e+00
    123.403     8.1236   3.558862    34.1501        687     2.8583     1.9938  0.000e+00
    123.535     8.1304   3.559684    34.1523        688     2.8625     1.9939  0.000e+00
    123.672     8.1366   3.559938    34.1489        689     2.8667     1.9948  0.000e+00
    123.820     8.1415   3.560222    34.1470        690     2.8708     1.9955  0.000e+00
    123.988     8.1455   3.561020    34.1515        691     2.8750     1.9979  0.000e+00
    124.164     8.1498   3.561455    34.1519        692     2.8792     1.9990  0.000e+00
    124.350     8.1540   3.561732    34.1507        693     2.8833     1.9980  0.000e+00
    124.549     8.1577   3.562143    34.1514        694     2.8875     1.9986  0.000e+00
    124.750     8.1611   3.562855    34.1556        695     2.8917     1.9977  0.000e+00
    124.957     8.1653   3.563527    34.1586        696     2.8958     2.0006  0.000e+00
    125.163     8.1694   3.564198    34.1617        697     2.9000     1.9996  0.000e+00
    125.384     8.1738   3.564801    34.1637        698     2.9042     2.0020  0.000e+00
    125.597     8.1786   3.565171    34.1629        699     2.9083     2.0026  0.000e+00
    125.822     8.1827   3.565466    34.1619        700     2.9125     2.0032  0.000e+00
    126.044     8.1863   3.566572    34.1700        701     2.9167     2.0037  0.000e+00
    126.279     8.1914   3.567893    34.1791        702     2.9208     2.0047  0.000e+00
    126.512     8.1982   3.568976    34.1839        703     2.9250     2.0056  0.000e+00
    126.749     8.2055   3.569538    34.1826        704     2.9292     2.0053  0.000e+00
    126.986     8.2125   3.571033    34.1917        705     2.9333     2.0053  0.000e+00
    127.235     8.2199   3.571792    34.1924        706     2.9375     2.0074  0.000e+00
    127.485     8.2277   3.572377    34.1909        707     2.9417     2.0061  0.000e+00
    127.731     8.2343   3.572835    34.1893        708     2.9458     2.0069  0.000e+00
    127.964     8.2398   3.574029    34.1965        709     2.9500     2.0064  0.000e+00
    128.185     8.2461   3.575762    34.2087        710     2.9542     2.0081  0.000e+00
    128.392     8.2543   3.577240    34.2164        711     2.9583     2.0077  0.000e+00
    128.589     8.2640   3.578365    34.2188        712     2.9625     2.0092  0.000e+00
    128.772     8.2736   3.579368    34.2200        713     2.9667     2.0095  0.000e+00
    128.939     8.2825   3.579994    34.2180        714     2.9708     2.0093  0.000e+00
    129.092     8.2899   3.580476    34.2158        715     2.9750     2.0097  0.000e+00
    129.239     8.2962   3.581062    34.2159        716     2.9792     2.0089  0.000e+00
    129.371     8.3016   3.582042    34.2209        717     2.9833     2.0099  0.000e+00
    129.501     8.3073   3.582651    34.2218        718     2.9875     2.0114  0.000e+00
    129.627     8.3126   3.583260    34.2230        719     2.9917     2.0119  0.000e+00
    129.748     8.3176   3.583475    34.2204        720     2.9958     2.0109  0.000e+00
    129.871     8.3217   3.583434    34.2160        721     3.0000     2.0117  0.000e+00
    130.003     8.3244   3.584322    34.2226        722     3.0042     2.0119  0.000e+00
    130.139     8.3276   3.585390    34.2308        723     3.0083     2.0123  0.000e+00
    130.276     8.3323   3.586544    34.2385        724     3.0125     2.0113  0.000e+00
    130.414     8.3387   3.587549    34.2428        725     3.0167     2.0100  0.000e+00
    130.567     8.3455   3.588483    34.2461        726     3.0208     2.0106  0.000e+00
    130.723     8.3523   3.589789    34.2533        727     3.0250     2.0114  0.000e+00
    130.880     8.3598   3.590829    34.2569        728     3.0292     2.0116  0.000e+00
    131.043     8.3674   3.591450    34.2561        729     3.0333     2.0122  0.000e+00
