HB2402/sbe115.cnv
* Sea-Bird SBE 19plus V2 Data File:
* FileName = C:\cruise\data\sbe115.hex
* Software Version Seasave V 7.26.7.121
* Temperature SN = 7037
* Conductivity SN = 7037
* System UpLoad Time = May 03 2024 00:26:23
* NMEA Latitude = 42 06.96 N
* NMEA Longitude = 068 46.63 W
* NMEA UTC (Time) = May 03 2024  00:25:12
** Ship: Bigelow
** Cruise:  HB2402
** Program:  Spring Bottom Trawl
# nquan = 8
# nvalues = 3708                                  
# units = specified
# name 0 = depSM: Depth [salt water, m]
# name 1 = tv290C: Temperature [ITS-90, deg C]
# name 2 = c0S/m: Conductivity [S/m]
# name 3 = sal00: Salinity, Practical [PSU]
# name 4 = scan: Scan Count
# name 5 = timeM: Time, Elapsed [minutes]
# name 6 = sbeox0V: Oxygen raw, SBE 43 [V]
# name 7 = flag:  0.000e+00
# span 0 =     -0.044,    162.594                 
# span 1 =     5.0833,     7.9686                 
# span 2 =   0.000015,   3.409253                 
# span 3 =     0.0039,    33.1820                 
# span 4 =         11,       3718                 
# span 5 =     0.0417,    15.4875                 
# span 6 =     1.6743,     2.6811                 
# span 7 = 0.0000e+00, 0.0000e+00                 
# interval = seconds: 0.25
# start_time = May 03 2024 00:25:12 [NMEA time, header]
# bad_flag = -9.990e-29
*END*
[from data line 3057]
     32.217     5.6155   3.114933    31.7313       3068    12.7792     2.3616  0.000e+00
     32.164     5.6290   3.116009    31.7308       3069    12.7833     2.3625  0.000e+00
     32.119     5.6428   3.117426    31.7337       3070    12.7875     2.3638  0.000e+00
     32.074     5.6573   3.119809    31.7470       3071    12.7917     2.3653  0.000e+00
     32.040     5.6758   3.121358    31.7470       3072    12.7958     2.3665  0.000e+00
     32.000     5.6944   3.123133    31.7494       3073    12.8000     2.3674  0.000e+00
     31.962     5.7136   3.124930    31.7516       3074    12.8042     2.3683  0.000e+00
     31.917     5.7341   3.127772    31.7642       3075    12.8083     2.3702  0.000e+00
     31.870     5.7572   3.129950    31.7669       3076    12.8125     2.3701  0.000e+00
     31.821     5.7814   3.131061    31.7567       3077    12.8167     2.3729  0.000e+00
     31.761     5.8020   3.131528    31.7425       3078    12.8208     2.3741  0.000e+00
     31.695     5.8176   3.131897    31.7320       3079    12.8250     2.3757  0.000e+00
     31.622     5.8287   3.132188    31.7249       3080    12.8292     2.3770  0.000e+00
     31.545     5.8368   3.132485    31.7206       3081    12.8333     2.3799  0.000e+00
     31.463     5.8430   3.133300    31.7240       3082    12.8375     2.3812  0.000e+00
     31.373     5.8499   3.133707    31.7221       3083    12.8417     2.3810  0.000e+00
     31.286     5.8563   3.133883    31.7181       3084    12.8458     2.3836  0.000e+00
     31.198     5.8615   3.134042    31.7151       3085    12.8500     2.3848  0.000e+00
     31.113     5.8655   3.134334    31.7147       3086    12.8542     2.3870  0.000e+00
     31.028     5.8690   3.134587    31.7142       3087    12.8583     2.3883  0.000e+00
     30.958     5.8723   3.134653    31.7119       3088    12.8625     2.3902  0.000e+00
     30.891     5.8750   3.134779    31.7108       3089    12.8667     2.3905  0.000e+00
     30.836     5.8772   3.135170    31.7131       3090    12.8708     2.3922  0.000e+00
     30.786     5.8801   3.135599    31.7153       3091    12.8750     2.3945  0.000e+00
     30.746     5.8840   3.135913    31.7151       3092    12.8792     2.3956  0.000e+00
     30.710     5.8880   3.136051    31.7129       3093    12.8833     2.3960  0.000e+00
     30.686     5.8914   3.136144    31.7108       3094    12.8875     2.3979  0.000e+00
     30.661     5.8939   3.136205    31.7091       3095    12.8917     2.3975  0.000e+00
     30.632     5.8957   3.136271    31.7082       3096    12.8958     2.3996  0.000e+00
     30.603     5.8973   3.136381    31.7080       3097    12.9000     2.3996  0.000e+00
     30.565     5.8986   3.136458    31.7076       3098    12.9042     2.4005  0.000e+00
     30.533     5.8997   3.136595    31.7082       3099    12.9083     2.4014  0.000e+00
     30.491     5.9011   3.136772    31.7088       3100    12.9125     2.4028  0.000e+00
     30.437     5.9029   3.137025    31.7100       3101    12.9167     2.4041  0.000e+00
     30.381     5.9052   3.137355    31.7116       3102    12.9208     2.4030  0.000e+00
     30.314     5.9080   3.137685    31.7127       3103    12.9250     2.4044  0.000e+00
     30.237     5.9113   3.137900    31.7120       3104    12.9292     2.4044  0.000e+00
     30.161     5.9143   3.138076    31.7112       3105    12.9333     2.4050  0.000e+00
     30.069     5.9171   3.138329    31.7114       3106    12.9375     2.4062  0.000e+00
     29.982     5.9200   3.138621    31.7121       3107    12.9417     2.4064  0.000e+00
     29.895     5.9226   3.138858    31.7123       3108    12.9458     2.4059  0.000e+00
     29.805     5.9257   3.139188    31.7131       3109    12.9500     2.4064  0.000e+00
     29.713     5.9290   3.139441    31.7129       3110    12.9542     2.4060  0.000e+00
     29.622     5.9329   3.139656    31.7117       3111    12.9583     2.4082  0.000e+00
     29.543     5.9368   3.140868    31.7216       3112    12.9625     2.4093  0.000e+00
     29.467     5.9444   3.142900    31.7373       3113    12.9667     2.4098  0.000e+00
     29.389     5.9573   3.143820    31.7354       3114    12.9708     2.4101  0.000e+00
     29.319     5.9710   3.144079    31.7255       3115    12.9750     2.4105  0.000e+00
     29.256     5.9813   3.144294    31.7183       3116    12.9792     2.4113  0.000e+00
     29.201     5.9886   3.144371    31.7123       3117    12.9833     2.4130  0.000e+00
     29.141     5.9936   3.144586    31.7101       3118    12.9875     2.4141  0.000e+00
     29.096     5.9979   3.144740    31.7078       3119    12.9917     2.4152  0.000e+00
     29.051     6.0015   3.144839    31.7055       3120    12.9958     2.4169  0.000e+00
     29.006     6.0040   3.144878    31.7036       3121    13.0000     2.4171  0.000e+00
     28.957     6.0059   3.144900    31.7022       3122    13.0042     2.4179  0.000e+00
     28.912     6.0070   3.144911    31.7013       3123    13.0083     2.4175  0.000e+00
     28.861     6.0079   3.144955    31.7010       3124    13.0125     2.4189  0.000e+00
     28.805     6.0085   3.145037    31.7013       3125    13.0167     2.4185  0.000e+00
     28.742     6.0095   3.145269    31.7031       3126    13.0208     2.4199  0.000e+00
     28.682     6.0110   3.145390    31.7030       3127    13.0250     2.4199  0.000e+00
     28.616     6.0126   3.145429    31.7020       3128    13.0292     2.4200  0.000e+00
     28.543     6.0139   3.145544    31.7021       3129    13.0333     2.4213  0.000e+00
     28.462     6.0151   3.145996    31.7060       3130    13.0375     2.4216  0.000e+00
     28.382     6.0177   3.146310    31.7071       3131    13.0417     2.4215  0.000e+00
     28.306     6.0212   3.146641    31.7076       3132    13.0458     2.4225  0.000e+00
     28.241     6.0251   3.146834    31.7062       3133    13.0500     2.4234  0.000e+00
     28.173     6.0287   3.146988    31.7045       3134    13.0542     2.4247  0.000e+00
     28.109     6.0317   3.147109    31.7031       3135    13.0583     2.4244  0.000e+00
     28.055     6.0342   3.147071    31.7004       3136    13.0625     2.4256  0.000e+00
     27.999     6.0358   3.147032    31.6984       3137    13.0667     2.4252  0.000e+00
     27.950     6.0367   3.146916    31.6964       3138    13.0708     2.4255  0.000e+00
     27.898     6.0367   3.146955    31.6968       3139    13.0750     2.4255  0.000e+00
     27.853     6.0369   3.147010    31.6972       3140    13.0792     2.4257  0.000e+00
     27.804     6.0371   3.147070    31.6977       3141    13.0833     2.4251  0.000e+00
     27.744     6.0378   3.147010    31.6965       3142    13.0875     2.4257  0.000e+00
     27.685     6.0381   3.147032    31.6965       3143    13.0917     2.4257  0.000e+00
     27.614     6.0382   3.147274    31.6990       3144    13.0958     2.4259  0.000e+00
     27.540     6.0392   3.147875    31.7049       3145    13.1000     2.4266  0.000e+00
     27.459     6.0425   3.148129    31.7047       3146    13.1042     2.4276  0.000e+00
     27.376     6.0462   3.148206    31.7021       3147    13.1083     2.4280  0.000e+00
     27.287     6.0491   3.148873    31.7069       3148    13.1125     2.4275  0.000e+00
     27.186     6.0529   3.149441    31.7097       3149    13.1167     2.4295  0.000e+00
     27.100     6.0582   3.149755    31.7082       3150    13.1208     2.4302  0.000e+00
     27.004     6.0634   3.150246    31.7089       3151    13.1250     2.4306  0.000e+00
     26.903     6.0687   3.150560    31.7075       3152    13.1292     2.4309  0.000e+00
     26.805     6.0738   3.150444    31.7015       3153    13.1333     2.4307  0.000e+00
     26.713     6.0773   3.150797    31.7022       3154    13.1375     2.4316  0.000e+00
     26.637     6.0804   3.150874    31.7002       3155    13.1417     2.4311  0.000e+00
     26.563     6.0832   3.151083    31.7000       3156    13.1458     2.4328  0.000e+00
     26.494     6.0857   3.151502    31.7023       3157    13.1500     2.4334  0.000e+00
     26.440     6.0889   3.151718    31.7018       3158    13.1542     2.4349  0.000e+00
     26.384     6.0921   3.152032    31.7022       3159    13.1583     2.4338  0.000e+00
     26.341     6.0955   3.152308    31.7022       3160    13.1625     2.4355  0.000e+00
     26.303     6.0992   3.152539    31.7013       3161    13.1667     2.4369  0.000e+00
     26.270     6.1031   3.152638    31.6988       3162    13.1708     2.4381  0.000e+00
     26.236     6.1061   3.152815    31.6980       3163    13.1750     2.4388  0.000e+00
     26.205     6.1086   3.153206    31.7000       3164    13.1792     2.4396  0.000e+00
     26.169     6.1118   3.153543    31.7008       3165    13.1833     2.4411  0.000e+00
     26.135     6.1151   3.153857    31.7012       3166    13.1875     2.4411  0.000e+00
     26.082     6.1186   3.153995    31.6995       3167    13.1917     2.4417  0.000e+00
     26.030     6.1216   3.153957    31.6963       3168    13.1958     2.4431  0.000e+00
     25.968     6.1239   3.154089    31.6957       3169    13.2000     2.4431  0.000e+00
     25.896     6.1260   3.155270    31.7068       3170    13.2042     2.4438  0.000e+00
     25.817     6.1317   3.155054    31.6992       3171    13.2083     2.4448  0.000e+00
     25.741     6.1370   3.155093    31.6947       3172    13.2125     2.4444  0.000e+00
     25.654     6.1410   3.155838    31.6993       3173    13.2167     2.4466  0.000e+00
     25.562     6.1460   3.156958    31.7071       3174    13.2208     2.4486  0.000e+00
     25.468     6.1536   3.158062    31.7123       3175    13.2250     2.4487  0.000e+00
     25.381     6.1630   3.159204    31.7162       3176    13.2292     2.4502  0.000e+00
     25.287     6.1736   3.159872    31.7138       3177    13.2333     2.4532  0.000e+00
     25.195     6.1843   3.160716    31.7133       3178    13.2375     2.4546  0.000e+00
     25.113     6.1946   3.161738    31.7151       3179    13.2417     2.4555  0.000e+00
     25.030     6.2052   3.162312    31.7116       3180    13.2458     2.4568  0.000e+00
     24.949     6.2152   3.162964    31.7095       3181    13.2500     2.4597  0.000e+00
     24.869     6.2243   3.163356    31.7054       3182    13.2542     2.4614  0.000e+00
     24.786     6.2323   3.163632    31.7010       3183    13.2583     2.4629  0.000e+00
     24.710     6.2388   3.163969    31.6988       3184    13.2625     2.4656  0.000e+00
     24.636     6.2443   3.164322    31.6976       3185    13.2667     2.4679  0.000e+00
     24.555     6.2495   3.164604    31.6959       3186    13.2708     2.4685  0.000e+00
     24.481     6.2544   3.164874    31.6944       3187    13.2750     2.4703  0.000e+00
     24.414     6.2588   3.165206    31.6940       3188    13.2792     2.4732  0.000e+00
     24.340     6.2631   3.165703    31.6955       3189    13.2833     2.4742  0.000e+00
     24.280     6.2680   3.165935    31.6936       3190    13.2875     2.4775  0.000e+00
     24.212     6.2724   3.166448    31.6952       3191    13.2917     2.4786  0.000e+00
     24.154     6.2773   3.167139    31.6983       3192    13.2958     2.4813  0.000e+00
     24.098     6.2835   3.168244    31.7048       3193    13.3000     2.4840  0.000e+00
     24.035     6.2916   3.168819    31.7036       3194    13.3042     2.4859  0.000e+00
     23.979     6.3012   3.168880    31.6954       3195    13.3083     2.4878  0.000e+00
     23.923     6.3082   3.170753    31.7096       3196    13.3125     2.4901  0.000e+00
     23.867     6.3185   3.171621    31.7096       3197    13.3167     2.4919  0.000e+00
     23.807     6.3308   3.171566    31.6976       3198    13.3208     2.4930  0.000e+00
     23.753     6.3389   3.171483    31.6892       3199    13.3250     2.4965  0.000e+00
     23.693     6.3436   3.172019    31.6907       3200    13.3292     2.4989  0.000e+00
     23.632     6.3482   3.172848    31.6957       3201    13.3333     2.5035  0.000e+00
     23.556     6.3546   3.173777    31.7001       3202    13.3375     2.5037  0.000e+00
     23.482     6.3627   3.174944    31.7055       3203    13.3417     2.5069  0.000e+00
     23.401     6.3727   3.175359    31.7008       3204    13.3458     2.5081  0.000e+00
     23.316     6.3817   3.175773    31.6970       3205    13.3500     2.5115  0.000e+00
     23.220     6.3896   3.176150    31.6939       3206    13.3542     2.5146  0.000e+00
     23.123     6.3961   3.176149    31.6879       3207    13.3583     2.5170  0.000e+00
     23.023     6.4006   3.176647    31.6893       3208    13.3625     2.5199  0.000e+00
     22.929     6.4052   3.177101    31.6901       3209    13.3667     2.5231  0.000e+00
     22.831     6.4102   3.177200    31.6865       3210    13.3708     2.5259  0.000e+00
     22.747     6.4144   3.177184    31.6825       3211    13.3750     2.5281  0.000e+00
     22.656     6.4172   3.177139    31.6794       3212    13.3792     2.5308  0.000e+00
     22.578     6.4187   3.177261    31.6795       3213    13.3833     2.5336  0.000e+00
     22.499     6.4200   3.177261    31.6783       3214    13.3875     2.5371  0.000e+00
     22.429     6.4210   3.177222    31.6769       3215    13.3917     2.5392  0.000e+00
     22.363     6.4214   3.177161    31.6759       3216    13.3958     2.5428  0.000e+00
     22.306     6.4216   3.177936    31.6843       3217    13.4000     2.5450  0.000e+00
     22.242     6.4236   3.177615    31.6790       3218    13.4042     2.5466  0.000e+00
     22.188     6.4256   3.177183    31.6724       3219    13.4083     2.5493  0.000e+00
     22.136     6.4244   3.177477    31.6767       3220    13.4125     2.5521  0.000e+00
     22.080     6.4241   3.178389    31.6870       3221    13.4167     2.5524  0.000e+00
     22.025     6.4275   3.178589    31.6862       3222    13.4208     2.5539  0.000e+00
     21.969     6.4309   3.178566    31.6828       3223    13.4250     2.5555  0.000e+00
     21.906     6.4334   3.178489    31.6796       3224    13.4292     2.5556  0.000e+00
     21.845     6.4349   3.178627    31.6798       3225    13.4333     2.5574  0.000e+00
     21.780     6.4358   3.178666    31.6795       3226    13.4375     2.5579  0.000e+00
     21.706     6.4369   3.178788    31.6797       3227    13.4417     2.5587  0.000e+00
     21.626     6.4378   3.178644    31.6774       3228    13.4458     2.5594  0.000e+00
     21.550     6.4382   3.178666    31.6773       3229    13.4500     2.5602  0.000e+00
     21.467     6.4382   3.178865    31.6795       3230    13.4542     2.5619  0.000e+00
     21.382     6.4391   3.179219    31.6827       3231    13.4583     2.5632  0.000e+00
     21.296     6.4408   3.179302    31.6820       3232    13.4625     2.5638  0.000e+00
     21.223     6.4432   3.179717    31.6844       3233    13.4667     2.5644  0.000e+00
     21.145     6.4459   3.180569    31.6913       3234    13.4708     2.5651  0.000e+00
     21.079     6.4511   3.180868    31.6898       3235    13.4750     2.5656  0.000e+00
     21.015     6.4567   3.180946    31.6855       3236    13.4792     2.5664  0.000e+00
     20.945     6.4610   3.181820    31.6912       3237    13.4833     2.5683  0.000e+00
     20.872     6.4666   3.182872    31.6976       3238    13.4875     2.5686  0.000e+00
     20.811     6.4749   3.183963    31.7019       3239    13.4917     2.5684  0.000e+00
     20.742     6.4852   3.186128    31.7163       3240    13.4958     2.5702  0.000e+00
     20.675     6.5004   3.187457    31.7169       3241    13.5000     2.5712  0.000e+00
     20.605     6.5172   3.188033    31.7076       3242    13.5042     2.5729  0.000e+00
     20.533     6.5310   3.188570    31.7008       3243    13.5083     2.5733  0.000e+00
     20.462     6.5420   3.188969    31.6950       3244    13.5125     2.5746  0.000e+00
     20.390     6.5506   3.189107    31.6886       3245    13.5167     2.5758  0.000e+00
