HB2402/sbe136.cnv
* Sea-Bird SBE 19plus Data File:
* FileName = C:\cruise\data\sbe136.hex
* Software Version Seasave V 7.26.7.121
* Temperature SN = 4684
* Conductivity SN = 4684
* System UpLoad Time = May 11 2024 11:32:04
* NMEA Latitude = 42 36.62 N
* NMEA Longitude = 069 45.21 W
* NMEA UTC (Time) = May 11 2024  11:31:03
** Ship: Bigelow
** Cruise:  HB2402
** Program:  Springl Bottom Trawl
# nquan = 7
# nvalues = 5140                                  
# units = specified
# name 0 = depSM: Depth [salt water, m]
# name 1 = tv290C: Temperature [ITS-90, deg C]
# name 2 = c0S/m: Conductivity [S/m]
# name 3 = sal00: Salinity, Practical [PSU]
# name 4 = scan: Scan Count
# name 5 = timeM: Time, Elapsed [minutes]
# name 6 = flag:  0.000e+00
# span 0 =     -0.131,    212.273                 
# span 1 =     5.4906,     9.8650                 
# span 2 =   0.004221,   3.331393                 
# span 3 =     0.0295,    31.1536                 
# span 4 =         11,       5150                 
# span 5 =     0.0417,    21.4542                 
# span 6 = 0.0000e+00, 0.0000e+00                 
# interval = seconds: 0.25
# start_time = May 11 2024 11:31:03 [NMEA time, header]
# bad_flag = -9.990e-29
*END*
[from data line 3488]
    112.512     6.9089   3.162644    31.0288       3499    14.5750  0.000e+00
    112.442     6.9078   3.162578    31.0291       3500    14.5792  0.000e+00
    112.381     6.9066   3.162488    31.0292       3501    14.5833  0.000e+00
    112.308     6.9053   3.162350    31.0290       3502    14.5875  0.000e+00
    112.232     6.9041   3.162278    31.0293       3503    14.5917  0.000e+00
    112.156     6.9030   3.162212    31.0296       3504    14.5958  0.000e+00
    112.074     6.9019   3.162098    31.0294       3505    14.6000  0.000e+00
    111.995     6.9009   3.162026    31.0295       3506    14.6042  0.000e+00
    111.913     6.9000   3.161936    31.0294       3507    14.6083  0.000e+00
    111.831     6.8991   3.161846    31.0293       3508    14.6125  0.000e+00
    111.752     6.8985   3.161804    31.0294       3509    14.6167  0.000e+00
    111.678     6.8978   3.161684    31.0288       3510    14.6208  0.000e+00
    111.599     6.8967   3.161643    31.0294       3511    14.6250  0.000e+00
    111.526     6.8957   3.161529    31.0291       3512    14.6292  0.000e+00
    111.462     6.8947   3.161415    31.0287       3513    14.6333  0.000e+00
    111.392     6.8934   3.161319    31.0289       3514    14.6375  0.000e+00
    111.338     6.8925   3.161277    31.0293       3515    14.6417  0.000e+00
    111.298     6.8915   3.161205    31.0295       3516    14.6458  0.000e+00
    111.259     6.8906   3.161091    31.0290       3517    14.6500  0.000e+00
    111.231     6.8895   3.160977    31.0288       3518    14.6542  0.000e+00
    111.204     6.8886   3.160911    31.0289       3519    14.6583  0.000e+00
    111.186     6.8877   3.160839    31.0289       3520    14.6625  0.000e+00
    111.173     6.8869   3.160774    31.0290       3521    14.6667  0.000e+00
    111.158     6.8859   3.160702    31.0291       3522    14.6708  0.000e+00
    111.146     6.8849   3.160570    31.0286       3523    14.6750  0.000e+00
    111.128     6.8836   3.160474    31.0287       3524    14.6792  0.000e+00
    111.088     6.8824   3.160384    31.0288       3525    14.6833  0.000e+00
    111.055     6.8813   3.160318    31.0291       3526    14.6875  0.000e+00
    111.003     6.8803   3.160228    31.0290       3527    14.6917  0.000e+00
    110.948     6.8792   3.160126    31.0289       3528    14.6958  0.000e+00
    110.869     6.8781   3.160066    31.0293       3529    14.7000  0.000e+00
    110.781     6.8773   3.159977    31.0291       3530    14.7042  0.000e+00
    110.690     6.8764   3.159863    31.0287       3531    14.7083  0.000e+00
    110.583     6.8753   3.159791    31.0289       3532    14.7125  0.000e+00
    110.477     6.8741   3.159677    31.0289       3533    14.7167  0.000e+00
    110.364     6.8730   3.159599    31.0291       3534    14.7208  0.000e+00
    110.264     6.8722   3.159521    31.0290       3535    14.7250  0.000e+00
    110.163     6.8712   3.159449    31.0291       3536    14.7292  0.000e+00
    110.072     6.8703   3.159359    31.0291       3537    14.7333  0.000e+00
    109.984     6.8693   3.159269    31.0290       3538    14.7375  0.000e+00
    109.908     6.8683   3.159156    31.0287       3539    14.7417  0.000e+00
    109.841     6.8672   3.159048    31.0286       3540    14.7458  0.000e+00
    109.783     6.8660   3.158994    31.0291       3541    14.7500  0.000e+00
    109.743     6.8649   3.158928    31.0293       3542    14.7542  0.000e+00
    109.707     6.8641   3.158832    31.0291       3543    14.7583  0.000e+00
    109.673     6.8630   3.158766    31.0294       3544    14.7625  0.000e+00
    109.652     6.8621   3.158652    31.0289       3545    14.7667  0.000e+00
    109.631     6.8612   3.158592    31.0291       3546    14.7708  0.000e+00
    109.619     6.8602   3.158515    31.0292       3547    14.7750  0.000e+00
    109.600     6.8594   3.158449    31.0292       3548    14.7792  0.000e+00
    109.591     6.8584   3.158377    31.0293       3549    14.7833  0.000e+00
    109.570     6.8574   3.158287    31.0292       3550    14.7875  0.000e+00
    109.540     6.8565   3.158149    31.0286       3551    14.7917  0.000e+00
    109.512     6.8554   3.158065    31.0287       3552    14.7958  0.000e+00
    109.470     6.8543   3.157993    31.0289       3553    14.8000  0.000e+00
    109.412     6.8533   3.157945    31.0293       3554    14.8042  0.000e+00
    109.360     6.8524   3.157880    31.0294       3555    14.8083  0.000e+00
    109.275     6.8516   3.157718    31.0285       3556    14.8125  0.000e+00
    109.190     6.8503   3.157646    31.0288       3557    14.8167  0.000e+00
    109.104     6.8491   3.157568    31.0292       3558    14.8208  0.000e+00
    109.004     6.8480   3.157400    31.0283       3559    14.8250  0.000e+00
    108.894     6.8469   3.157376    31.0291       3560    14.8292  0.000e+00
    108.788     6.8460   3.157262    31.0287       3561    14.8333  0.000e+00
    108.678     6.8451   3.157173    31.0286       3562    14.8375  0.000e+00
    108.569     6.8441   3.157161    31.0294       3563    14.8417  0.000e+00
    108.456     6.8432   3.157059    31.0292       3564    14.8458  0.000e+00
    108.353     6.8423   3.156945    31.0288       3565    14.8500  0.000e+00
    108.252     6.8412   3.156807    31.0284       3566    14.8542  0.000e+00
    108.167     6.8402   3.156735    31.0286       3567    14.8583  0.000e+00
    108.082     6.8391   3.156669    31.0289       3568    14.8625  0.000e+00
    108.012     6.8379   3.156556    31.0287       3569    14.8667  0.000e+00
    107.945     6.8370   3.156484    31.0288       3570    14.8708  0.000e+00
    107.909     6.8359   3.156394    31.0289       3571    14.8750  0.000e+00
    107.866     6.8347   3.156328    31.0292       3572    14.8792  0.000e+00
    107.833     6.8337   3.156214    31.0289       3573    14.8833  0.000e+00
    107.796     6.8327   3.156100    31.0286       3574    14.8875  0.000e+00
    107.772     6.8316   3.156058    31.0291       3575    14.8917  0.000e+00
    107.750     6.8309   3.155987    31.0290       3576    14.8958  0.000e+00
    107.720     6.8300   3.155897    31.0288       3577    14.9000  0.000e+00
    107.708     6.8290   3.155825    31.0290       3578    14.9042  0.000e+00
    107.674     6.8280   3.155711    31.0287       3579    14.9083  0.000e+00
    107.644     6.8270   3.155603    31.0283       3580    14.9125  0.000e+00
    107.617     6.8261   3.155531    31.0285       3581    14.9167  0.000e+00
    107.583     6.8250   3.155484    31.0289       3582    14.9208  0.000e+00
    107.544     6.8238   3.155370    31.0288       3583    14.9250  0.000e+00
    107.504     6.8227   3.155256    31.0286       3584    14.9292  0.000e+00
    107.467     6.8215   3.155190    31.0290       3585    14.9333  0.000e+00
    107.410     6.8204   3.155118    31.0291       3586    14.9375  0.000e+00
    107.361     6.8195   3.154981    31.0285       3587    14.9417  0.000e+00
    107.303     6.8186   3.154891    31.0284       3588    14.9458  0.000e+00
    107.239     6.8173   3.154801    31.0286       3589    14.9500  0.000e+00
    107.172     6.8162   3.154711    31.0287       3590    14.9542  0.000e+00
    107.096     6.8152   3.154639    31.0288       3591    14.9583  0.000e+00
    107.020     6.8141   3.154525    31.0286       3592    14.9625  0.000e+00
    106.929     6.8128   3.154436    31.0288       3593    14.9667  0.000e+00
    106.832     6.8121   3.154370    31.0288       3594    14.9708  0.000e+00
    106.743     6.8108   3.154256    31.0287       3595    14.9750  0.000e+00
    106.652     6.8098   3.154184    31.0289       3596    14.9792  0.000e+00
    106.561     6.8090   3.154142    31.0292       3597    14.9833  0.000e+00
    106.482     6.8081   3.154052    31.0291       3598    14.9875  0.000e+00
    106.393     6.8071   3.153956    31.0290       3599    14.9917  0.000e+00
    106.333     6.8060   3.153867    31.0290       3600    14.9958  0.000e+00
    106.281     6.8051   3.153777    31.0289       3601    15.0000  0.000e+00
    106.226     6.8041   3.153591    31.0278       3602    15.0042  0.000e+00
    106.190     6.8030   3.153621    31.0292       3603    15.0083  0.000e+00
    106.150     6.8018   3.153460    31.0285       3604    15.0125  0.000e+00
    106.123     6.8007   3.153370    31.0285       3605    15.0167  0.000e+00
    106.083     6.7996   3.153322    31.0290       3606    15.0208  0.000e+00
    106.056     6.7988   3.153208    31.0285       3607    15.0250  0.000e+00
    106.028     6.7978   3.153094    31.0281       3608    15.0292  0.000e+00
    105.989     6.7967   3.153070    31.0289       3609    15.0333  0.000e+00
    105.940     6.7956   3.152933    31.0284       3610    15.0375  0.000e+00
    105.888     6.7946   3.152819    31.0281       3611    15.0417  0.000e+00
    105.840     6.7935   3.152705    31.0279       3612    15.0458  0.000e+00
    105.770     6.7925   3.152615    31.0278       3613    15.0500  0.000e+00
    105.691     6.7914   3.152412    31.0266       3614    15.0542  0.000e+00
    105.617     6.7902   3.152436    31.0280       3615    15.0583  0.000e+00
    105.523     6.7891   3.152322    31.0278       3616    15.0625  0.000e+00
    105.432     6.7880   3.152250    31.0281       3617    15.0667  0.000e+00
    105.347     6.7872   3.152208    31.0284       3618    15.0708  0.000e+00
    105.246     6.7861   3.152136    31.0286       3619    15.0750  0.000e+00
    105.161     6.7850   3.152047    31.0287       3620    15.0792  0.000e+00
    105.073     6.7840   3.151909    31.0282       3621    15.0833  0.000e+00
    104.982     6.7830   3.151795    31.0278       3622    15.0875  0.000e+00
    104.905     6.7818   3.151729    31.0283       3623    15.0917  0.000e+00
    104.823     6.7809   3.151657    31.0283       3624    15.0958  0.000e+00
    104.747     6.7798   3.151544    31.0281       3625    15.1000  0.000e+00
    104.668     6.7784   3.151454    31.0284       3626    15.1042  0.000e+00
    104.604     6.7775   3.151388    31.0286       3627    15.1083  0.000e+00
    104.543     6.7765   3.151280    31.0284       3628    15.1125  0.000e+00
    104.495     6.7755   3.151202    31.0284       3629    15.1167  0.000e+00
    104.452     6.7743   3.151089    31.0282       3630    15.1208  0.000e+00
    104.400     6.7731   3.150975    31.0282       3631    15.1250  0.000e+00
    104.361     6.7719   3.150873    31.0282       3632    15.1292  0.000e+00
    104.333     6.7707   3.150772    31.0281       3633    15.1333  0.000e+00
    104.312     6.7698   3.150730    31.0284       3634    15.1375  0.000e+00
    104.291     6.7687   3.150616    31.0282       3635    15.1417  0.000e+00
    104.273     6.7677   3.150478    31.0277       3636    15.1458  0.000e+00
    104.266     6.7666   3.150418    31.0280       3637    15.1500  0.000e+00
    104.257     6.7655   3.150389    31.0287       3638    15.1542  0.000e+00
    104.245     6.7644   3.150275    31.0284       3639    15.1583  0.000e+00
    104.230     6.7633   3.150161    31.0282       3640    15.1625  0.000e+00
    104.221     6.7621   3.150089    31.0285       3641    15.1667  0.000e+00
    104.190     6.7611   3.149964    31.0281       3642    15.1708  0.000e+00
    104.163     6.7595   3.149862    31.0284       3643    15.1750  0.000e+00
    104.136     6.7583   3.149706    31.0278       3644    15.1792  0.000e+00
    104.102     6.7571   3.149617    31.0279       3645    15.1833  0.000e+00
    104.044     6.7559   3.149557    31.0284       3646    15.1875  0.000e+00
    103.993     6.7547   3.149407    31.0279       3647    15.1917  0.000e+00
    103.914     6.7535   3.149317    31.0280       3648    15.1958  0.000e+00
    103.828     6.7521   3.149180    31.0278       3649    15.2000  0.000e+00
    103.740     6.7508   3.149138    31.0285       3650    15.2042  0.000e+00
    103.637     6.7497   3.149024    31.0283       3651    15.2083  0.000e+00
    103.536     6.7489   3.148934    31.0281       3652    15.2125  0.000e+00
    103.436     6.7474   3.148797    31.0280       3653    15.2167  0.000e+00
    103.320     6.7462   3.148725    31.0284       3654    15.2208  0.000e+00
    103.195     6.7451   3.148683    31.0290       3655    15.2250  0.000e+00
    103.089     6.7443   3.148581    31.0286       3656    15.2292  0.000e+00
    102.992     6.7433   3.148456    31.0282       3657    15.2333  0.000e+00
    102.876     6.7425   3.148408    31.0285       3658    15.2375  0.000e+00
    102.782     6.7413   3.148276    31.0282       3659    15.2417  0.000e+00
    102.699     6.7402   3.148174    31.0281       3660    15.2458  0.000e+00
    102.620     6.7391   3.148049    31.0278       3661    15.2500  0.000e+00
    102.563     6.7379   3.147977    31.0281       3662    15.2542  0.000e+00
    102.508     6.7366   3.147887    31.0283       3663    15.2583  0.000e+00
    102.474     6.7353   3.147767    31.0282       3664    15.2625  0.000e+00
    102.447     6.7342   3.147684    31.0283       3665    15.2667  0.000e+00
    102.416     6.7330   3.147570    31.0281       3666    15.2708  0.000e+00
    102.395     6.7319   3.147480    31.0282       3667    15.2750  0.000e+00
    102.383     6.7306   3.147367    31.0282       3668    15.2792  0.000e+00
    102.371     6.7294   3.147247    31.0279       3669    15.2833  0.000e+00
    102.350     6.7283   3.147181    31.0282       3670    15.2875  0.000e+00
    102.328     6.7270   3.147091    31.0284       3671    15.2917  0.000e+00
    102.292     6.7255   3.146954    31.0283       3672    15.2958  0.000e+00
    102.267     6.7243   3.146254    31.0217       3673    15.3000  0.000e+00
    102.225     6.7231   3.146571    31.0263       3674    15.3042  0.000e+00
    102.179     6.7221   3.146613    31.0277       3675    15.3083  0.000e+00
    102.133     6.7208   3.146499    31.0276       3676    15.3125  0.000e+00
    102.082     6.7194   3.146409    31.0280       3677    15.3167  0.000e+00
    102.024     6.7181   3.146314    31.0281       3678    15.3208  0.000e+00
    101.972     6.7167   3.146164    31.0278       3679    15.3250  0.000e+00
    101.911     6.7153   3.146068    31.0280       3680    15.3292  0.000e+00
    101.854     6.7143   3.145955    31.0277       3681    15.3333  0.000e+00
    101.793     6.7129   3.145865    31.0280       3682    15.3375  0.000e+00
    101.741     6.7116   3.145799    31.0285       3683    15.3417  0.000e+00
    101.683     6.7104   3.145727    31.0289       3684    15.3458  0.000e+00
    101.616     6.7093   3.145596    31.0284       3685    15.3500  0.000e+00
    101.564     6.7080   3.145434    31.0279       3686    15.3542  0.000e+00
    101.495     6.7066   3.145297    31.0277       3687    15.3583  0.000e+00
    101.434     6.7051   3.145183    31.0278       3688    15.3625  0.000e+00
    101.361     6.7038   3.145093    31.0280       3689    15.3667  0.000e+00
    101.288     6.7023   3.145052    31.0290       3690    15.3708  0.000e+00
    101.208     6.7007   3.144890    31.0287       3691    15.3750  0.000e+00
    101.129     6.6991   3.144776    31.0289       3692    15.3792  0.000e+00
    101.050     6.6977   3.144639    31.0288       3693    15.3833  0.000e+00
    100.965     6.6964   3.144573    31.0293       3694    15.3875  0.000e+00
    100.880     6.6951   3.144459    31.0292       3695    15.3917  0.000e+00
    100.804     6.6939   3.144298    31.0286       3696    15.3958  0.000e+00
    100.722     6.6929   3.144142    31.0278       3697    15.4000  0.000e+00
    100.655     6.6914   3.144053    31.0282       3698    15.4042  0.000e+00
    100.591     6.6902   3.143981    31.0285       3699    15.4083  0.000e+00
    100.554     6.6893   3.143891    31.0284       3700    15.4125  0.000e+00
    100.512     6.6882   3.143802    31.0284       3701    15.4167  0.000e+00
    100.478     6.6872   3.143622    31.0274       3702    15.4208  0.000e+00
