HB2402/sbe137.cnv
* Sea-Bird SBE 19plus Data File:
* FileName = C:\cruise\data\sbe137.hex
* Software Version Seasave V 7.26.7.121
* Temperature SN = 4684
* Conductivity SN = 4684
* System UpLoad Time = May 11 2024 11:58:57
* NMEA Latitude = 42 37.34 N
* NMEA Longitude = 069 45.34 W
* NMEA UTC (Time) = May 11 2024  11:57:56
** Ship: Bigelow
** Cruise:  HB2402
** Program:  Springl Bottom Trawl
# nquan = 7
# nvalues = 3103                                  
# units = specified
# name 0 = depSM: Depth [salt water, m]
# name 1 = tv290C: Temperature [ITS-90, deg C]
# name 2 = c0S/m: Conductivity [S/m]
# name 3 = sal00: Salinity, Practical [PSU]
# name 4 = scan: Scan Count
# name 5 = timeM: Time, Elapsed [minutes]
# name 6 = flag:  0.000e+00
# span 0 =     -0.106,    233.889                 
# span 1 =     6.2098,     9.3021                 
# span 2 =   0.003266,   3.312838                 
# span 3 =     0.0235,    31.0631                 
# span 4 =         11,       3113                 
# span 5 =     0.0417,    12.9667                 
# span 6 = 0.0000e+00, 0.0000e+00                 
# interval = seconds: 0.25
# start_time = May 11 2024 11:57:56 [NMEA time, header]
# bad_flag = -9.990e-29
*END*
[from data line 2462]
    119.865     7.4891   3.212772    31.0452       2473    10.3000  0.000e+00
    119.667     7.4874   3.212724    31.0463       2474    10.3042  0.000e+00
    119.464     7.4856   3.212543    31.0461       2475    10.3083  0.000e+00
    119.266     7.4838   3.212380    31.0460       2476    10.3125  0.000e+00
    119.068     7.4821   3.212169    31.0454       2477    10.3167  0.000e+00
    118.864     7.4803   3.212097    31.0463       2478    10.3208  0.000e+00
    118.663     7.4787   3.211934    31.0461       2479    10.3250  0.000e+00
    118.463     7.4772   3.211771    31.0458       2480    10.3292  0.000e+00
    118.256     7.4754   3.211566    31.0453       2481    10.3333  0.000e+00
    118.049     7.4734   3.211379    31.0451       2482    10.3375  0.000e+00
    117.836     7.4716   3.211307    31.0461       2483    10.3417  0.000e+00
    117.617     7.4699   3.211144    31.0460       2484    10.3458  0.000e+00
    117.404     7.4684   3.210957    31.0454       2485    10.3500  0.000e+00
    117.182     7.4669   3.210818    31.0454       2486    10.3542  0.000e+00
    116.957     7.4651   3.210613    31.0449       2487    10.3583  0.000e+00
    116.729     7.4630   3.210450    31.0451       2488    10.3625  0.000e+00
    116.488     7.4612   3.210312    31.0453       2489    10.3667  0.000e+00
    116.263     7.4596   3.210167    31.0453       2490    10.3708  0.000e+00
    116.056     7.4578   3.209751    31.0426       2491    10.3750  0.000e+00
    115.852     7.4560   3.209775    31.0446       2492    10.3792  0.000e+00
    115.664     7.4542   3.209612    31.0444       2493    10.3833  0.000e+00
    115.475     7.4521   3.209425    31.0444       2494    10.3875  0.000e+00
    115.314     7.4502   3.208961    31.0413       2495    10.3917  0.000e+00
    115.153     7.4483   3.208756    31.0408       2496    10.3958  0.000e+00
    115.010     7.4462   3.208612    31.0412       2497    10.4000  0.000e+00
    114.879     7.4442   3.208799    31.0450       2498    10.4042  0.000e+00
    114.733     7.4423   3.208594    31.0446       2499    10.4083  0.000e+00
    114.605     7.4401   3.208455    31.0452       2500    10.4125  0.000e+00
    114.459     7.4381   3.208286    31.0452       2501    10.4167  0.000e+00
    114.304     7.4364   3.208196    31.0458       2502    10.4208  0.000e+00
    114.139     7.4351   3.208081    31.0458       2503    10.4250  0.000e+00
    113.972     7.4336   3.207943    31.0457       2504    10.4292  0.000e+00
    113.774     7.4322   3.207780    31.0454       2505    10.4333  0.000e+00
    113.580     7.4305   3.207521    31.0442       2506    10.4375  0.000e+00
    113.367     7.4284   3.207340    31.0442       2507    10.4417  0.000e+00
    113.138     7.4262   3.207129    31.0440       2508    10.4458  0.000e+00
    112.901     7.4237   3.206942    31.0443       2509    10.4500  0.000e+00
    112.643     7.4217   3.206689    31.0436       2510    10.4542  0.000e+00
    112.387     7.4195   3.206526    31.0439       2511    10.4583  0.000e+00
    112.116     7.4179   3.206430    31.0445       2512    10.4625  0.000e+00
    111.833     7.4161   3.206249    31.0442       2513    10.4667  0.000e+00
    111.559     7.4142   3.206062    31.0440       2514    10.4708  0.000e+00
    111.298     7.4120   3.205809    31.0434       2515    10.4750  0.000e+00
    111.048     7.4092   3.205526    31.0430       2516    10.4792  0.000e+00
    110.799     7.4066   3.205363    31.0437       2517    10.4833  0.000e+00
    110.574     7.4040   3.205182    31.0442       2518    10.4875  0.000e+00
    110.373     7.4016   3.204947    31.0439       2519    10.4917  0.000e+00
    110.196     7.3997   3.204857    31.0447       2520    10.4958  0.000e+00
    110.032     7.3976   3.204670    31.0446       2521    10.5000  0.000e+00
    109.886     7.3957   3.204531    31.0449       2522    10.5042  0.000e+00
    109.755     7.3941   3.204417    31.0452       2523    10.5083  0.000e+00
    109.646     7.3926   3.204158    31.0438       2524    10.5125  0.000e+00
    109.533     7.3908   3.203995    31.0437       2525    10.5167  0.000e+00
    109.424     7.3886   3.203766    31.0433       2526    10.5208  0.000e+00
    109.305     7.3860   3.203513    31.0429       2527    10.5250  0.000e+00
    109.183     7.3835   3.203393    31.0440       2528    10.5292  0.000e+00
    109.058     7.3813   3.203230    31.0442       2529    10.5333  0.000e+00
    108.915     7.3795   3.203074    31.0442       2530    10.5375  0.000e+00
    108.763     7.3779   3.202911    31.0440       2531    10.5417  0.000e+00
    108.590     7.3761   3.202748    31.0439       2532    10.5458  0.000e+00
    108.407     7.3743   3.202513    31.0431       2533    10.5500  0.000e+00
    108.231     7.3725   3.202375    31.0433       2534    10.5542  0.000e+00
    108.018     7.3709   3.202260    31.0436       2535    10.5583  0.000e+00
    107.802     7.3690   3.201959    31.0422       2536    10.5625  0.000e+00
    107.568     7.3666   3.201730    31.0420       2537    10.5667  0.000e+00
    107.336     7.3638   3.200965    31.0364       2538    10.5708  0.000e+00
    107.090     7.3611   3.201285    31.0423       2539    10.5750  0.000e+00
    106.847     7.3583   3.201146    31.0434       2540    10.5792  0.000e+00
    106.609     7.3556   3.200845    31.0427       2541    10.5833  0.000e+00
    106.357     7.3533   3.200688    31.0433       2542    10.5875  0.000e+00
    106.110     7.3509   3.200568    31.0442       2543    10.5917  0.000e+00
    105.867     7.3491   3.200453    31.0446       2544    10.5958  0.000e+00
    105.629     7.3476   3.200200    31.0434       2545    10.6000  0.000e+00
    105.401     7.3460   3.200152    31.0444       2546    10.6042  0.000e+00
    105.158     7.3440   3.199923    31.0438       2547    10.6083  0.000e+00
    104.936     7.3420   3.199713    31.0435       2548    10.6125  0.000e+00
    104.729     7.3399   3.199508    31.0433       2549    10.6167  0.000e+00
    104.519     7.3380   3.199363    31.0435       2550    10.6208  0.000e+00
    104.315     7.3362   3.199110    31.0425       2551    10.6250  0.000e+00
    104.151     7.3336   3.198834    31.0419       2552    10.6292  0.000e+00
    103.977     7.3311   3.198647    31.0422       2553    10.6333  0.000e+00
    103.831     7.3292   3.198581    31.0433       2554    10.6375  0.000e+00
    103.694     7.3276   3.198394    31.0428       2555    10.6417  0.000e+00
    103.570     7.3261   3.198256    31.0427       2556    10.6458  0.000e+00
    103.439     7.3243   3.198069    31.0424       2557    10.6500  0.000e+00
    103.308     7.3223   3.197792    31.0413       2558    10.6542  0.000e+00
    103.168     7.3201   3.197702    31.0423       2559    10.6583  0.000e+00
    103.028     7.3175   3.197563    31.0432       2560    10.6625  0.000e+00
    102.873     7.3153   3.197377    31.0433       2561    10.6667  0.000e+00
    102.715     7.3132   3.197076    31.0420       2562    10.6708  0.000e+00
    102.535     7.3110   3.196889    31.0420       2563    10.6750  0.000e+00
    102.359     7.3089   3.196708    31.0421       2564    10.6792  0.000e+00
    102.170     7.3063   3.196546    31.0427       2565    10.6833  0.000e+00
    101.981     7.3040   3.196311    31.0423       2566    10.6875  0.000e+00
    101.771     7.3018   3.196107    31.0422       2567    10.6917  0.000e+00
    101.571     7.2991   3.195830    31.0417       2568    10.6958  0.000e+00
    101.370     7.2966   3.195595    31.0415       2569    10.7000  0.000e+00
    101.157     7.2947   3.195481    31.0421       2570    10.7042  0.000e+00
    100.965     7.2929   3.195294    31.0418       2571    10.7083  0.000e+00
    100.761     7.2904   3.195138    31.0425       2572    10.7125  0.000e+00
    100.566     7.2878   3.194813    31.0414       2573    10.7167  0.000e+00
    100.381     7.2850   3.194650    31.0422       2574    10.7208  0.000e+00
    100.210     7.2823   3.194421    31.0423       2575    10.7250  0.000e+00
    100.049     7.2801   3.194187    31.0418       2576    10.7292  0.000e+00
     99.894     7.2780   3.194000    31.0417       2577    10.7333  0.000e+00
     99.742     7.2759   3.193820    31.0418       2578    10.7375  0.000e+00
     99.611     7.2732   3.193519    31.0410       2579    10.7417  0.000e+00
     99.480     7.2703   3.193266    31.0409       2580    10.7458  0.000e+00
     99.352     7.2676   3.193104    31.0417       2581    10.7500  0.000e+00
     99.234     7.2651   3.192941    31.0422       2582    10.7542  0.000e+00
     99.094     7.2630   3.192713    31.0417       2583    10.7583  0.000e+00
     98.969     7.2607   3.192364    31.0400       2584    10.7625  0.000e+00
     98.841     7.2577   3.192201    31.0410       2585    10.7667  0.000e+00
     98.707     7.2546   3.191925    31.0409       2586    10.7708  0.000e+00
     98.558     7.2520   3.191810    31.0421       2587    10.7750  0.000e+00
     98.406     7.2497   3.191654    31.0425       2588    10.7792  0.000e+00
     98.260     7.2470   3.191371    31.0420       2589    10.7833  0.000e+00
     98.093     7.2443   3.191143    31.0420       2590    10.7875  0.000e+00
     97.937     7.2415   3.190956    31.0425       2591    10.7917  0.000e+00
     97.758     7.2388   3.190728    31.0426       2592    10.7958  0.000e+00
     97.581     7.2364   3.190475    31.0421       2593    10.8000  0.000e+00
     97.414     7.2340   3.190265    31.0421       2594    10.8042  0.000e+00
     97.244     7.2316   3.190078    31.0423       2595    10.8083  0.000e+00
     97.085     7.2296   3.189850    31.0417       2596    10.8125  0.000e+00
     96.915     7.2274   3.189573    31.0408       2597    10.8167  0.000e+00
     96.760     7.2256   3.189435    31.0410       2598    10.8208  0.000e+00
     96.596     7.2231   3.189110    31.0398       2599    10.8250  0.000e+00
     96.434     7.2199   3.188833    31.0397       2600    10.8292  0.000e+00
     96.273     7.2166   3.188352    31.0376       2601    10.8333  0.000e+00
     96.109     7.2133   3.188238    31.0394       2602    10.8375  0.000e+00
     95.941     7.2106   3.188142    31.0409       2603    10.8417  0.000e+00
     95.762     7.2083   3.187961    31.0410       2604    10.8458  0.000e+00
     95.585     7.2062   3.187727    31.0405       2605    10.8500  0.000e+00
     95.403     7.2039   3.187384    31.0390       2606    10.8542  0.000e+00
     95.208     7.2011   3.186879    31.0362       2607    10.8583  0.000e+00
     95.007     7.1983   3.187017    31.0402       2608    10.8625  0.000e+00
     94.806     7.1955   3.186831    31.0408       2609    10.8667  0.000e+00
     94.590     7.1926   3.186579    31.0408       2610    10.8708  0.000e+00
     94.371     7.1898   3.186368    31.0411       2611    10.8750  0.000e+00
     94.155     7.1873   3.186140    31.0410       2612    10.8792  0.000e+00
     93.930     7.1849   3.185815    31.0398       2613    10.8833  0.000e+00
     93.720     7.1819   3.185358    31.0376       2614    10.8875  0.000e+00
     93.510     7.1794   3.185448    31.0409       2615    10.8917  0.000e+00
     93.312     7.1770   3.185220    31.0408       2616    10.8958  0.000e+00
     93.139     7.1744   3.185010    31.0408       2617    10.9000  0.000e+00
     92.968     7.1722   3.184781    31.0405       2618    10.9042  0.000e+00
     92.816     7.1697   3.184595    31.0407       2619    10.9083  0.000e+00
     92.688     7.1670   3.184391    31.0410       2620    10.9125  0.000e+00
     92.579     7.1644   3.184138    31.0407       2621    10.9167  0.000e+00
     92.469     7.1617   3.183904    31.0407       2622    10.9208  0.000e+00
     92.366     7.1593   3.183699    31.0407       2623    10.9250  0.000e+00
     92.269     7.1570   3.183513    31.0408       2624    10.9292  0.000e+00
     92.168     7.1546   3.183195    31.0395       2625    10.9333  0.000e+00
     92.077     7.1519   3.183032    31.0402       2626    10.9375  0.000e+00
     91.964     7.1493   3.182732    31.0394       2627    10.9417  0.000e+00
     91.849     7.1463   3.182504    31.0396       2628    10.9458  0.000e+00
     91.727     7.1432   3.182203    31.0392       2629    10.9500  0.000e+00
     91.593     7.1403   3.182041    31.0402       2630    10.9542  0.000e+00
     91.465     7.1378   3.181813    31.0400       2631    10.9583  0.000e+00
     91.316     7.1354   3.181584    31.0397       2632    10.9625  0.000e+00
     91.167     7.1326   3.181332    31.0396       2633    10.9667  0.000e+00
     91.012     7.1297   3.181122    31.0400       2634    10.9708  0.000e+00
     90.854     7.1274   3.180918    31.0399       2635    10.9750  0.000e+00
     90.692     7.1250   3.180707    31.0399       2636    10.9792  0.000e+00
     90.522     7.1221   3.180455    31.0398       2637    10.9833  0.000e+00
     90.339     7.1198   3.180227    31.0396       2638    10.9875  0.000e+00
     90.132     7.1176   3.180047    31.0397       2639    10.9917  0.000e+00
     89.928     7.1148   3.179788    31.0395       2640    10.9958  0.000e+00
     89.728     7.1119   3.179470    31.0387       2641    11.0000  0.000e+00
     89.508     7.1089   3.179128    31.0378       2642    11.0042  0.000e+00
     89.268     7.1057   3.178965    31.0391       2643    11.0083  0.000e+00
     89.034     7.1025   3.178641    31.0386       2644    11.0125  0.000e+00
     88.821     7.0990   3.177746    31.0321       2645    11.0167  0.000e+00
     88.605     7.0957   3.178046    31.0384       2646    11.0208  0.000e+00
     88.401     7.0922   3.177818    31.0393       2647    11.0250  0.000e+00
     88.218     7.0890   3.177518    31.0390       2648    11.0292  0.000e+00
     88.054     7.0863   3.177332    31.0395       2649    11.0333  0.000e+00
     87.923     7.0839   3.177242    31.0406       2650    11.0375  0.000e+00
     87.810     7.0820   3.177038    31.0403       2651    11.0417  0.000e+00
     87.713     7.0801   3.176899    31.0404       2652    11.0458  0.000e+00
     87.631     7.0782   3.176665    31.0397       2653    11.0500  0.000e+00
     87.540     7.0751   3.176299    31.0385       2654    11.0542  0.000e+00
     87.448     7.0715   3.176005    31.0386       2655    11.0583  0.000e+00
     87.360     7.0681   3.175771    31.0392       2656    11.0625  0.000e+00
     87.260     7.0651   3.175615    31.0403       2657    11.0667  0.000e+00
     87.126     7.0626   3.175291    31.0391       2658    11.0708  0.000e+00
     86.980     7.0607   3.175201    31.0399       2659    11.0750  0.000e+00
     86.812     7.0585   3.174990    31.0397       2660    11.0792  0.000e+00
     86.633     7.0565   3.174810    31.0396       2661    11.0833  0.000e+00
     86.447     7.0540   3.174168    31.0350       2662    11.0875  0.000e+00
     86.240     7.0511   3.174144    31.0374       2663    11.0917  0.000e+00
     86.006     7.0482   3.174030    31.0389       2664    11.0958  0.000e+00
     85.769     7.0452   3.173778    31.0390       2665    11.1000  0.000e+00
     85.522     7.0423   3.173526    31.0390       2666    11.1042  0.000e+00
     85.260     7.0394   3.173322    31.0395       2667    11.1083  0.000e+00
     85.005     7.0366   3.173087    31.0396       2668    11.1125  0.000e+00
     84.731     7.0340   3.172793    31.0389       2669    11.1167  0.000e+00
     84.472     7.0314   3.172493    31.0381       2670    11.1208  0.000e+00
     84.229     7.0283   3.172193    31.0377       2671    11.1250  0.000e+00
     83.988     7.0253   3.171989    31.0383       2672    11.1292  0.000e+00
     83.766     7.0223   3.171671    31.0377       2673    11.1333  0.000e+00
     83.580     7.0191   3.171419    31.0379       2674    11.1375  0.000e+00
     83.413     7.0163   3.171167    31.0378       2675    11.1417  0.000e+00
     83.270     7.0139   3.171053    31.0388       2676    11.1458  0.000e+00
