HB2402/sbe120.cnv
* Sea-Bird SBE 19plus V2 Data File:
* FileName = C:\cruise\data\sbe120.hex
* Software Version Seasave V 7.26.7.121
* Temperature SN = 7037
* Conductivity SN = 7037
* System UpLoad Time = May 04 2024 00:50:51
* NMEA Latitude = 42 45.65 N
* NMEA Longitude = 068 10.70 W
* NMEA UTC (Time) = May 04 2024  00:49:42
** Ship: Bigelow
** Cruise:  HB2402
** Program:  Spring Bottom Trawl
# nquan = 8
# nvalues = 3824                                  
# units = specified
# name 0 = depSM: Depth [salt water, m]
# name 1 = tv290C: Temperature [ITS-90, deg C]
# name 2 = c0S/m: Conductivity [S/m]
# name 3 = sal00: Salinity, Practical [PSU]
# name 4 = scan: Scan Count
# name 5 = timeM: Time, Elapsed [minutes]
# name 6 = sbeox0V: Oxygen raw, SBE 43 [V]
# name 7 = flag:  0.000e+00
# span 0 =      0.012,    171.301                 
# span 1 =     5.0592,     7.9787                 
# span 2 =  -0.000012,   3.502811                 
# span 3 =     0.0000,    34.0575                 
# span 4 =         11,       3834                 
# span 5 =     0.0417,    15.9708                 
# span 6 =     1.7009,     2.6576                 
# span 7 = 0.0000e+00, 0.0000e+00                 
# interval = seconds: 0.25
# start_time = May 04 2024 00:49:42 [NMEA time, header]
# bad_flag = -9.990e-29
*END*
[from data line 2338]
     90.956     6.1689   3.256192    32.7586       2349     9.7833     1.9383  0.000e+00
     90.861     6.1464   3.256125    32.7796       2350     9.7875     1.9414  0.000e+00
     90.769     6.1306   3.256126    32.7948       2351     9.7917     1.9432  0.000e+00
     90.673     6.1211   3.255986    32.8026       2352     9.7958     1.9449  0.000e+00
     90.577     6.1150   3.256170    32.8105       2353     9.8000     1.9473  0.000e+00
     90.483     6.1116   3.256344    32.8158       2354     9.8042     1.9512  0.000e+00
     90.394     6.1100   3.255679    32.8100       2355     9.8083     1.9533  0.000e+00
     90.315     6.1079   3.255333    32.8082       2356     9.8125     1.9570  0.000e+00
     90.232     6.1050   3.254902    32.8062       2357     9.8167     1.9612  0.000e+00
     90.165     6.1020   3.254048    32.7996       2358     9.8208     1.9634  0.000e+00
     90.102     6.0983   3.253216    32.7939       2359     9.8250     1.9671  0.000e+00
     90.048     6.0940   3.251608    32.7802       2360     9.8292     1.9694  0.000e+00
     89.991     6.0879   3.251178    32.7812       2361     9.8333     1.9714  0.000e+00
     89.943     6.0823   3.250268    32.7765       2362     9.8375     1.9739  0.000e+00
     89.896     6.0764   3.249939    32.7785       2363     9.8417     1.9751  0.000e+00
     89.856     6.0710   3.249917    32.7836       2364     9.8458     1.9775  0.000e+00
     89.818     6.0677   3.250062    32.7883       2365     9.8500     1.9788  0.000e+00
     89.776     6.0659   3.249716    32.7863       2366     9.8542     1.9804  0.000e+00
     89.744     6.0645   3.249130    32.7811       2367     9.8583     1.9822  0.000e+00
     89.691     6.0619   3.249470    32.7874       2368     9.8625     1.9835  0.000e+00
     89.635     6.0604   3.249454    32.7887       2369     9.8667     1.9850  0.000e+00
     89.567     6.0595   3.245687    32.7475       2370     9.8708     1.9860  0.000e+00
     89.500     6.0514   3.245230    32.7503       2371     9.8750     1.9868  0.000e+00
     89.413     6.0427   3.245146    32.7577       2372     9.8792     1.9881  0.000e+00
     89.321     6.0366   3.245085    32.7630       2373     9.8833     1.9894  0.000e+00
     89.236     6.0326   3.245230    32.7685       2374     9.8875     1.9894  0.000e+00
     89.140     6.0303   3.243344    32.7497       2375     9.8917     1.9916  0.000e+00
     89.040     6.0259   3.240869    32.7263       2376     9.8958     1.9921  0.000e+00
     88.952     6.0177   3.240545    32.7306       2377     9.9000     1.9930  0.000e+00
     88.867     6.0105   3.240077    32.7324       2378     9.9042     1.9940  0.000e+00
     88.791     6.0050   3.239330    32.7293       2379     9.9083     1.9961  0.000e+00
     88.710     6.0003   3.238784    32.7279       2380     9.9125     1.9950  0.000e+00
     88.635     5.9963   3.238661    32.7303       2381     9.9167     1.9979  0.000e+00
     88.571     5.9936   3.238589    32.7322       2382     9.9208     1.9984  0.000e+00
     88.515     5.9916   3.238538    32.7336       2383     9.9250     2.0004  0.000e+00
     88.455     5.9903   3.238561    32.7352       2384     9.9292     2.0014  0.000e+00
     88.401     5.9896   3.238561    32.7358       2385     9.9333     2.0034  0.000e+00
     88.354     5.9891   3.238538    32.7360       2386     9.9375     2.0043  0.000e+00
     88.309     5.9888   3.238438    32.7353       2387     9.9417     2.0056  0.000e+00
     88.263     5.9884   3.237909    32.7297       2388     9.9458     2.0058  0.000e+00
     88.215     5.9871   3.237647    32.7281       2389     9.9500     2.0078  0.000e+00
     88.164     5.9855   3.237323    32.7260       2390     9.9542     2.0071  0.000e+00
     88.113     5.9837   3.237039    32.7246       2391     9.9583     2.0082  0.000e+00
     88.061     5.9817   3.236777    32.7236       2392     9.9625     2.0089  0.000e+00
     88.005     5.9798   3.236554    32.7230       2393     9.9667     2.0093  0.000e+00
     87.947     5.9777   3.235980    32.7186       2394     9.9708     2.0103  0.000e+00
     87.884     5.9752   3.235139    32.7116       2395     9.9750     2.0107  0.000e+00
     87.824     5.9724   3.234877    32.7114       2396     9.9792     2.0099  0.000e+00
     87.757     5.9701   3.234738    32.7122       2397     9.9833     2.0115  0.000e+00
     87.692     5.9680   3.234593    32.7125       2398     9.9875     2.0120  0.000e+00
     87.620     5.9665   3.234454    32.7125       2399     9.9917     2.0133  0.000e+00
     87.544     5.9653   3.234331    32.7123       2400     9.9958     2.0133  0.000e+00
     87.465     5.9645   3.234225    32.7120       2401    10.0000     2.0141  0.000e+00
     87.376     5.9639   3.234192    32.7122       2402    10.0042     2.0148  0.000e+00
     87.282     5.9635   3.233947    32.7098       2403    10.0083     2.0154  0.000e+00
     87.181     5.9634   3.233585    32.7059       2404    10.0125     2.0156  0.000e+00
     87.078     5.9634   3.233501    32.7051       2405    10.0167     2.0159  0.000e+00
     86.962     5.9635   3.233139    32.7010       2406    10.0208     2.0162  0.000e+00
     86.843     5.9637   3.232793    32.6970       2407    10.0250     2.0168  0.000e+00
     86.718     5.9641   3.232699    32.6956       2408    10.0292     2.0174  0.000e+00
     86.602     5.9641   3.232409    32.6924       2409    10.0333     2.0181  0.000e+00
     86.485     5.9641   3.232231    32.6905       2410    10.0375     2.0185  0.000e+00
     86.375     5.9635   3.232025    32.6887       2411    10.0417     2.0199  0.000e+00
     86.270     5.9630   3.231908    32.6880       2412    10.0458     2.0204  0.000e+00
     86.172     5.9623   3.231763    32.6871       2413    10.0500     2.0195  0.000e+00
     86.080     5.9615   3.231200    32.6816       2414    10.0542     2.0200  0.000e+00
     86.004     5.9602   3.228149    32.6487       2415    10.0583     2.0209  0.000e+00
     85.935     5.9578   3.226195    32.6291       2416    10.0625     2.0202  0.000e+00
     85.876     5.9555   3.222628    32.5914       2417    10.0667     2.0202  0.000e+00
     85.827     5.9510   3.220053    32.5669       2418    10.0708     2.0210  0.000e+00
     85.785     5.9430   3.219836    32.5722       2419    10.0750     2.0210  0.000e+00
     85.751     5.9362   3.219675    32.5770       2420    10.0792     2.0211  0.000e+00
     85.720     5.9313   3.219130    32.5755       2421    10.0833     2.0206  0.000e+00
     85.693     5.9271   3.216617    32.5515       2422    10.0875     2.0194  0.000e+00
     85.651     5.9190   3.212221    32.5100       2423    10.0917     2.0210  0.000e+00
     85.614     5.9020   3.205190    32.4475       2424    10.0958     2.0201  0.000e+00
     85.567     5.8740   3.203769    32.4584       2425    10.1000     2.0210  0.000e+00
     85.507     5.8478   3.203470    32.4803       2426    10.1042     2.0201  0.000e+00
     85.438     5.8300   3.203153    32.4939       2427    10.1083     2.0197  0.000e+00
     85.361     5.8193   3.203792    32.5113       2428    10.1125     2.0207  0.000e+00
     85.281     5.8155   3.204014    32.5176       2429    10.1167     2.0201  0.000e+00
     85.196     5.8146   3.204092    32.5194       2430    10.1208     2.0223  0.000e+00
     85.095     5.8148   3.204053    32.5187       2431    10.1250     2.0239  0.000e+00
     84.990     5.8152   3.204053    32.5184       2432    10.1292     2.0252  0.000e+00
     84.882     5.8153   3.203792    32.5155       2433    10.1333     2.0271  0.000e+00
     84.771     5.8162   3.203953    32.5164       2434    10.1375     2.0298  0.000e+00
     84.667     5.8171   3.203553    32.5112       2435    10.1417     2.0307  0.000e+00
     84.556     5.8170   3.202992    32.5050       2436    10.1458     2.0333  0.000e+00
     84.448     5.8161   3.203292    32.5093       2437    10.1500     2.0350  0.000e+00
     84.345     5.8156   3.203891    32.5166       2438    10.1542     2.0362  0.000e+00
     84.246     5.8172   3.204030    32.5166       2439    10.1583     2.0387  0.000e+00
     84.152     5.8198   3.204152    32.5155       2440    10.1625     2.0391  0.000e+00
     84.061     5.8219   3.203958    32.5114       2441    10.1667     2.0403  0.000e+00
     83.967     5.8229   3.203353    32.5037       2442    10.1708     2.0419  0.000e+00
     83.879     5.8218   3.203514    32.5065       2443    10.1750     2.0427  0.000e+00
     83.790     5.8209   3.203653    32.5090       2444    10.1792     2.0440  0.000e+00
     83.694     5.8208   3.204074    32.5139       2445    10.1833     2.0439  0.000e+00
     83.615     5.8219   3.203270    32.5038       2446    10.1875     2.0454  0.000e+00
     83.522     5.8211   3.203630    32.5087       2447    10.1917     2.0457  0.000e+00
     83.441     5.8204   3.203491    32.5079       2448    10.1958     2.0457  0.000e+00
     83.351     5.8204   3.203752    32.5108       2449    10.2000     2.0457  0.000e+00
     83.268     5.8210   3.203514    32.5076       2450    10.2042     2.0466  0.000e+00
     83.186     5.8211   3.203292    32.5051       2451    10.2083     2.0461  0.000e+00
     83.101     5.8207   3.203153    32.5039       2452    10.2125     2.0469  0.000e+00
     83.025     5.8198   3.202970    32.5028       2453    10.2167     2.0472  0.000e+00
     82.946     5.8189   3.203730    32.5122       2454    10.2208     2.0477  0.000e+00
     82.874     5.8206   3.203830    32.5118       2455    10.2250     2.0478  0.000e+00
     82.798     5.8230   3.203552    32.5064       2456    10.2292     2.0478  0.000e+00
     82.711     5.8241   3.203863    32.5089       2457    10.2333     2.0482  0.000e+00
     82.626     5.8251   3.203613    32.5051       2458    10.2375     2.0497  0.000e+00
     82.532     5.8256   3.203530    32.5037       2459    10.2417     2.0493  0.000e+00
     82.440     5.8251   3.203691    32.5061       2460    10.2458     2.0491  0.000e+00
     82.340     5.8255   3.203713    32.5060       2461    10.2500     2.0512  0.000e+00
     82.228     5.8259   3.203669    32.5051       2462    10.2542     2.0515  0.000e+00
     82.115     5.8260   3.203452    32.5027       2463    10.2583     2.0497  0.000e+00
     82.004     5.8259   3.203591    32.5044       2464    10.2625     2.0511  0.000e+00
     81.883     5.8267   3.203891    32.5070       2465    10.2667     2.0498  0.000e+00
     81.766     5.8296   3.203630    32.5014       2466    10.2708     2.0504  0.000e+00
     81.654     5.8316   3.203668    32.5000       2467    10.2750     2.0499  0.000e+00
     81.540     5.8344   3.204312    32.5046       2468    10.2792     2.0504  0.000e+00
     81.437     5.8397   3.204490    32.5015       2469    10.2833     2.0508  0.000e+00
     81.339     5.8448   3.203430    32.4848       2470    10.2875     2.0512  0.000e+00
     81.236     5.8461   3.203429    32.4835       2471    10.2917     2.0517  0.000e+00
     81.137     5.8457   3.202869    32.4777       2472    10.2958     2.0516  0.000e+00
     81.046     5.8440   3.200827    32.4564       2473    10.3000     2.0511  0.000e+00
     80.949     5.8382   3.199418    32.4462       2474    10.3042     2.0511  0.000e+00
     80.848     5.8286   3.198136    32.4411       2475    10.3083     2.0489  0.000e+00
     80.750     5.8186   3.195901    32.4256       2476    10.3125     2.0493  0.000e+00
     80.656     5.8055   3.195264    32.4311       2477    10.3167     2.0495  0.000e+00
     80.557     5.7936   3.192858    32.4155       2478    10.3208     2.0486  0.000e+00
     80.450     5.7787   3.184802    32.3392       2479    10.3250     2.0478  0.000e+00
     80.356     5.7479   3.183966    32.3594       2480    10.3292     2.0484  0.000e+00
     80.256     5.7179   3.182992    32.3773       2481    10.3333     2.0481  0.000e+00
     80.161     5.6962   3.182001    32.3870       2482    10.3375     2.0473  0.000e+00
     80.079     5.6792   3.179245    32.3723       2483    10.3417     2.0480  0.000e+00
     79.993     5.6613   3.177226    32.3668       2484    10.3458     2.0478  0.000e+00
     79.917     5.6416   3.175583    32.3672       2485    10.3500     2.0486  0.000e+00
     79.837     5.6228   3.175660    32.3862       2486    10.3542     2.0493  0.000e+00
     79.768     5.6103   3.175882    32.4007       2487    10.3583     2.0514  0.000e+00
     79.703     5.6036   3.175506    32.4030       2488    10.3625     2.0522  0.000e+00
     79.631     5.5985   3.174908    32.4012       2489    10.3667     2.0548  0.000e+00
     79.553     5.5937   3.174416    32.4003       2490    10.3708     2.0576  0.000e+00
     79.475     5.5889   3.173349    32.3928       2491    10.3750     2.0601  0.000e+00
     79.392     5.5833   3.174814    32.4149       2492    10.3792     2.0620  0.000e+00
     79.295     5.5820   3.174870    32.4168       2493    10.3833     2.0646  0.000e+00
     79.186     5.5822   3.168782    32.3478       2494    10.3875     2.0678  0.000e+00
     79.085     5.5685   3.165981    32.3294       2495    10.3917     2.0699  0.000e+00
     78.968     5.5464   3.161744    32.3027       2496    10.3958     2.0721  0.000e+00
     78.856     5.5187   3.161877    32.3309       2497    10.4000     2.0730  0.000e+00
     78.736     5.4969   3.158361    32.3122       2498    10.4042     2.0758  0.000e+00
     78.621     5.4762   3.158063    32.3288       2499    10.4083     2.0762  0.000e+00
     78.512     5.4574   3.155646    32.3195       2500    10.4125     2.0785  0.000e+00
     78.400     5.4402   3.153229    32.3087       2501    10.4167     2.0804  0.000e+00
     78.297     5.4225   3.152777    32.3207       2502    10.4208     2.0825  0.000e+00
     78.196     5.4069   3.149893    32.3030       2503    10.4250     2.0858  0.000e+00
     78.097     5.3909   3.146899    32.2844       2504    10.4292     2.0865  0.000e+00
     78.004     5.3707   3.146034    32.2941       2505    10.4333     2.0890  0.000e+00
     77.910     5.3535   3.145897    32.3091       2506    10.4375     2.0918  0.000e+00
     77.818     5.3428   3.146508    32.3264       2507    10.4417     2.0941  0.000e+00
     77.726     5.3387   3.147721    32.3443       2508    10.4458     2.0956  0.000e+00
     77.636     5.3410   3.148118    32.3466       2509    10.4500     2.1005  0.000e+00
     77.547     5.3460   3.148741    32.3489       2510    10.4542     2.1030  0.000e+00
     77.455     5.3520   3.148994    32.3461       2511    10.4583     2.1063  0.000e+00
     77.363     5.3577   3.148658    32.3368       2512    10.4625     2.1081  0.000e+00
     77.276     5.3608   3.146464    32.3089       2513    10.4667     2.1121  0.000e+00
     77.184     5.3575   3.144216    32.2866       2514    10.4708     2.1154  0.000e+00
     77.083     5.3477   3.141494    32.2651       2515    10.4750     2.1169  0.000e+00
     76.983     5.3331   3.139407    32.2554       2516    10.4792     2.1186  0.000e+00
     76.884     5.3164   3.137491    32.2498       2517    10.4833     2.1204  0.000e+00
     76.772     5.2991   3.134062    32.2275       2518    10.4875     2.1214  0.000e+00
     76.662     5.2798   3.132917    32.2331       2519    10.4917     2.1233  0.000e+00
     76.546     5.2627   3.131509    32.2336       2520    10.4958     2.1247  0.000e+00
     76.436     5.2490   3.130865    32.2395       2521    10.5000     2.1257  0.000e+00
     76.316     5.2391   3.130788    32.2482       2522    10.5042     2.1267  0.000e+00
     76.197     5.2334   3.129056    32.2340       2523    10.5083     2.1298  0.000e+00
     76.081     5.2275   3.126757    32.2135       2524    10.5125     2.1298  0.000e+00
     75.964     5.2175   3.126372    32.2189       2525    10.5167     2.1338  0.000e+00
     75.850     5.2087   3.126334    32.2269       2526    10.5208     2.1347  0.000e+00
