HB2402/sbe111.cnv
* Sea-Bird SBE 19plus V2 Data File:
* FileName = C:\cruise\data\sbe111.hex
* Software Version Seasave V 7.26.7.121
* Temperature SN = 7037
* Conductivity SN = 7037
* System UpLoad Time = May 01 2024 13:44:40
* NMEA Latitude = 41 31.23 N
* NMEA Longitude = 067 06.22 W
* NMEA UTC (Time) = May 01 2024  13:43:28
** Ship: Bigelow
** Cruise:  HB2402
** Program:  Spring Bottom Trawl
# nquan = 8
# nvalues = 2184                                  
# units = specified
# name 0 = depSM: Depth [salt water, m]
# name 1 = tv290C: Temperature [ITS-90, deg C]
# name 2 = c0S/m: Conductivity [S/m]
# name 3 = sal00: Salinity, Practical [PSU]
# name 4 = scan: Scan Count
# name 5 = timeM: Time, Elapsed [minutes]
# name 6 = sbeox0V: Oxygen raw, SBE 43 [V]
# name 7 = flag:  0.000e+00
# span 0 =     -0.033,     50.850                 
# span 1 =     6.6693,     6.7614                 
# span 2 =   0.241072,   3.236603                 
# span 3 =     1.9541,    32.0620                 
# span 4 =         11,       2194                 
# span 5 =     0.0417,     9.1375                 
# span 6 =     2.3375,     2.6499                 
# span 7 = 0.0000e+00, 0.0000e+00                 
# interval = seconds: 0.25
# start_time = May 01 2024 13:43:28 [NMEA time, header]
# bad_flag = -9.990e-29
*END*
[from data line 720]
      1.082     6.6720   3.226729    31.9983        731     3.0417     2.6427  0.000e+00
      1.114     6.6720   3.226746    31.9984        732     3.0458     2.6422  0.000e+00
      1.138     6.6721   3.226768    31.9986        733     3.0500     2.6439  0.000e+00
      1.151     6.6723   3.226746    31.9981        734     3.0542     2.6434  0.000e+00
      1.165     6.6724   3.226768    31.9983        735     3.0583     2.6433  0.000e+00
      1.176     6.6724   3.226746    31.9981        736     3.0625     2.6428  0.000e+00
      1.190     6.6723   3.226746    31.9981        737     3.0667     2.6444  0.000e+00
      1.194     6.6723   3.226768    31.9984        738     3.0708     2.6442  0.000e+00
      1.196     6.6724   3.226768    31.9983        739     3.0750     2.6429  0.000e+00
      1.199     6.6724   3.226746    31.9980        740     3.0792     2.6444  0.000e+00
      1.208     6.6724   3.226746    31.9980        741     3.0833     2.6447  0.000e+00
      1.216     6.6724   3.226768    31.9983        742     3.0875     2.6455  0.000e+00
      1.196     6.6724   3.226785    31.9984        743     3.0917     2.6458  0.000e+00
      1.167     6.6724   3.226768    31.9983        744     3.0958     2.6463  0.000e+00
      1.142     6.6725   3.226785    31.9984        745     3.1000     2.6461  0.000e+00
      1.118     6.6726   3.226807    31.9986        746     3.1042     2.6455  0.000e+00
      1.100     6.6727   3.226807    31.9985        747     3.1083     2.6451  0.000e+00
      1.076     6.6728   3.226807    31.9984        748     3.1125     2.6448  0.000e+00
      1.039     6.6730   3.226846    31.9986        749     3.1167     2.6448  0.000e+00
      0.990     6.6732   3.226868    31.9987        750     3.1208     2.6432  0.000e+00
      0.928     6.6733   3.226846    31.9984        751     3.1250     2.6433  0.000e+00
      0.887     6.6733   3.226807    31.9980        752     3.1292     2.6439  0.000e+00
      0.869     6.6735   3.226846    31.9983        753     3.1333     2.6426  0.000e+00
      0.863     6.6736   3.226807    31.9977        754     3.1375     2.6433  0.000e+00
      0.876     6.6734   3.226790    31.9978        755     3.1417     2.6429  0.000e+00
      0.898     6.6735   3.226829    31.9981        756     3.1458     2.6418  0.000e+00
      0.921     6.6735   3.226807    31.9978        757     3.1500     2.6416  0.000e+00
      0.946     6.6733   3.226829    31.9983        758     3.1542     2.6427  0.000e+00
      0.966     6.6735   3.226807    31.9979        759     3.1583     2.6435  0.000e+00
      1.004     6.6733   3.226807    31.9980        760     3.1625     2.6429  0.000e+00
      1.080     6.6733   3.226829    31.9982        761     3.1667     2.6439  0.000e+00
      1.257     6.6732   3.226829    31.9982        762     3.1708     2.6444  0.000e+00
      1.494     6.6732   3.226868    31.9985        763     3.1750     2.6433  0.000e+00
      1.761     6.6732   3.226885    31.9986        764     3.1792     2.6444  0.000e+00
      1.998     6.6733   3.226907    31.9986        765     3.1833     2.6426  0.000e+00
      2.202     6.6735   3.226908    31.9983        766     3.1875     2.6433  0.000e+00
      2.359     6.6736   3.226908    31.9982        767     3.1917     2.6423  0.000e+00
      2.503     6.6735   3.226908    31.9982        768     3.1958     2.6444  0.000e+00
      2.659     6.6736   3.226930    31.9983        769     3.2000     2.6429  0.000e+00
      2.825     6.6737   3.226930    31.9981        770     3.2042     2.6435  0.000e+00
      2.979     6.6736   3.226902    31.9978        771     3.2083     2.6434  0.000e+00
      3.116     6.6736   3.226908    31.9978        772     3.2125     2.6429  0.000e+00
      3.230     6.6732   3.226886    31.9979        773     3.2167     2.6423  0.000e+00
      3.345     6.6733   3.226886    31.9977        774     3.2208     2.6413  0.000e+00
      3.497     6.6731   3.226886    31.9978        775     3.2250     2.6416  0.000e+00
      3.676     6.6729   3.226886    31.9980        776     3.2292     2.6417  0.000e+00
      3.850     6.6727   3.226908    31.9983        777     3.2333     2.6425  0.000e+00
      4.019     6.6726   3.226908    31.9983        778     3.2375     2.6421  0.000e+00
      4.187     6.6727   3.226925    31.9983        779     3.2417     2.6428  0.000e+00
      4.377     6.6726   3.226908    31.9982        780     3.2458     2.6414  0.000e+00
      4.590     6.6726   3.226908    31.9981        781     3.2500     2.6420  0.000e+00
      4.821     6.6725   3.226931    31.9983        782     3.2542     2.6422  0.000e+00
      5.042     6.6724   3.226947    31.9985        783     3.2583     2.6424  0.000e+00
      5.233     6.6725   3.226947    31.9982        784     3.2625     2.6421  0.000e+00
      5.418     6.6724   3.226970    31.9985        785     3.2667     2.6415  0.000e+00
      5.609     6.6724   3.227003    31.9987        786     3.2708     2.6413  0.000e+00
      5.793     6.6726   3.226970    31.9982        787     3.2750     2.6429  0.000e+00
      5.972     6.6725   3.226992    31.9984        788     3.2792     2.6428  0.000e+00
      6.122     6.6726   3.226992    31.9982        789     3.2833     2.6421  0.000e+00
      6.259     6.6726   3.227009    31.9984        790     3.2875     2.6433  0.000e+00
      6.395     6.6727   3.227009    31.9982        791     3.2917     2.6424  0.000e+00
      6.547     6.6726   3.227048    31.9986        792     3.2958     2.6431  0.000e+00
      6.715     6.6728   3.227048    31.9984        793     3.3000     2.6442  0.000e+00
      6.890     6.6729   3.227059    31.9983        794     3.3042     2.6436  0.000e+00
      7.058     6.6731   3.227109    31.9986        795     3.3083     2.6433  0.000e+00
      7.228     6.6735   3.227132    31.9984        796     3.3125     2.6439  0.000e+00
      7.419     6.6736   3.227154    31.9984        797     3.3167     2.6442  0.000e+00
      7.631     6.6739   3.227171    31.9982        798     3.3208     2.6440  0.000e+00
      7.866     6.6741   3.227171    31.9979        799     3.3250     2.6426  0.000e+00
      8.093     6.6742   3.227193    31.9980        800     3.3292     2.6425  0.000e+00
      8.312     6.6745   3.227232    31.9981        801     3.3333     2.6441  0.000e+00
      8.525     6.6745   3.227216    31.9978        802     3.3375     2.6438  0.000e+00
      8.740     6.6746   3.227193    31.9973        803     3.3417     2.6426  0.000e+00
      8.966     6.6747   3.227210    31.9973        804     3.3458     2.6421  0.000e+00
      9.184     6.6746   3.227210    31.9973        805     3.3500     2.6434  0.000e+00
      9.403     6.6745   3.227233    31.9976        806     3.3542     2.6432  0.000e+00
      9.604     6.6743   3.227210    31.9973        807     3.3583     2.6428  0.000e+00
      9.804     6.6742   3.227210    31.9973        808     3.3625     2.6425  0.000e+00
      9.997     6.6742   3.227211    31.9973        809     3.3667     2.6436  0.000e+00
     10.200     6.6740   3.227216    31.9974        810     3.3708     2.6428  0.000e+00
     10.397     6.6740   3.227211    31.9973        811     3.3750     2.6429  0.000e+00
     10.590     6.6739   3.227194    31.9971        812     3.3792     2.6426  0.000e+00
     10.769     6.6737   3.227155    31.9968        813     3.3833     2.6424  0.000e+00
     10.937     6.6735   3.227155    31.9969        814     3.3875     2.6423  0.000e+00
     11.108     6.6732   3.227172    31.9972        815     3.3917     2.6432  0.000e+00
     11.285     6.6731   3.227194    31.9975        816     3.3958     2.6414  0.000e+00
     11.448     6.6729   3.227194    31.9976        817     3.4000     2.6430  0.000e+00
     11.609     6.6729   3.227178    31.9973        818     3.4042     2.6436  0.000e+00
     11.750     6.6729   3.227194    31.9975        819     3.4083     2.6423  0.000e+00
     11.898     6.6729   3.227194    31.9975        820     3.4125     2.6410  0.000e+00
     12.052     6.6727   3.227195    31.9975        821     3.4167     2.6433  0.000e+00
     12.207     6.6727   3.227172    31.9972        822     3.4208     2.6418  0.000e+00
     12.368     6.6727   3.227234    31.9978        823     3.4250     2.6430  0.000e+00
     12.525     6.6729   3.227211    31.9973        824     3.4292     2.6417  0.000e+00
     12.688     6.6726   3.227211    31.9975        825     3.4333     2.6413  0.000e+00
     12.865     6.6727   3.227256    31.9978        826     3.4375     2.6421  0.000e+00
     13.058     6.6727   3.227212    31.9972        827     3.4417     2.6430  0.000e+00
     13.260     6.6728   3.227273    31.9977        828     3.4458     2.6417  0.000e+00
     13.463     6.6728   3.227273    31.9976        829     3.4500     2.6415  0.000e+00
     13.663     6.6728   3.227295    31.9978        830     3.4542     2.6408  0.000e+00
     13.864     6.6729   3.227295    31.9976        831     3.4583     2.6399  0.000e+00
     14.071     6.6729   3.227318    31.9978        832     3.4625     2.6405  0.000e+00
     14.274     6.6729   3.227318    31.9976        833     3.4667     2.6393  0.000e+00
     14.480     6.6729   3.227334    31.9977        834     3.4708     2.6388  0.000e+00
     14.675     6.6729   3.227334    31.9977        835     3.4750     2.6394  0.000e+00
     14.861     6.6729   3.227373    31.9979        836     3.4792     2.6389  0.000e+00
     15.047     6.6730   3.227374    31.9978        837     3.4833     2.6375  0.000e+00
     15.237     6.6732   3.227374    31.9975        838     3.4875     2.6391  0.000e+00
     15.434     6.6732   3.227396    31.9976        839     3.4917     2.6372  0.000e+00
     15.627     6.6732   3.227418    31.9978        840     3.4958     2.6384  0.000e+00
     15.820     6.6734   3.227407    31.9974        841     3.5000     2.6394  0.000e+00
     16.008     6.6734   3.227418    31.9975        842     3.5042     2.6382  0.000e+00
     16.191     6.6732   3.227435    31.9977        843     3.5083     2.6383  0.000e+00
     16.366     6.6733   3.227418    31.9974        844     3.5125     2.6373  0.000e+00
     16.537     6.6732   3.227435    31.9976        845     3.5167     2.6395  0.000e+00
     16.700     6.6733   3.227435    31.9974        846     3.5208     2.6396  0.000e+00
     16.848     6.6732   3.227435    31.9975        847     3.5250     2.6410  0.000e+00
     17.002     6.6730   3.227419    31.9973        848     3.5292     2.6401  0.000e+00
     17.146     6.6730   3.227391    31.9970        849     3.5333     2.6404  0.000e+00
     17.291     6.6729   3.227397    31.9971        850     3.5375     2.6416  0.000e+00
     17.443     6.6727   3.227419    31.9974        851     3.5417     2.6408  0.000e+00
     17.605     6.6727   3.227419    31.9974        852     3.5458     2.6403  0.000e+00
     17.777     6.6725   3.227436    31.9976        853     3.5500     2.6411  0.000e+00
     17.970     6.6724   3.227436    31.9976        854     3.5542     2.6408  0.000e+00
     18.176     6.6724   3.227436    31.9976        855     3.5583     2.6417  0.000e+00
     18.389     6.6726   3.227480    31.9977        856     3.5625     2.6388  0.000e+00
     18.610     6.6725   3.227447    31.9974        857     3.5667     2.6394  0.000e+00
     18.843     6.6726   3.227481    31.9976        858     3.5708     2.6377  0.000e+00
     19.074     6.6726   3.227481    31.9974        859     3.5750     2.6392  0.000e+00
     19.311     6.6724   3.227497    31.9976        860     3.5792     2.6397  0.000e+00
     19.546     6.6726   3.227497    31.9974        861     3.5833     2.6379  0.000e+00
     19.768     6.6725   3.227497    31.9974        862     3.5875     2.6399  0.000e+00
     19.994     6.6726   3.227520    31.9974        863     3.5917     2.6385  0.000e+00
     20.211     6.6724   3.227498    31.9972        864     3.5958     2.6376  0.000e+00
     20.427     6.6724   3.227526    31.9974        865     3.6000     2.6368  0.000e+00
     20.637     6.6725   3.227498    31.9970        866     3.6042     2.6378  0.000e+00
     20.832     6.6724   3.227537    31.9973        867     3.6083     2.6367  0.000e+00
     21.022     6.6723   3.227537    31.9974        868     3.6125     2.6368  0.000e+00
     21.210     6.6722   3.227537    31.9974        869     3.6167     2.6378  0.000e+00
     21.397     6.6723   3.227559    31.9975        870     3.6208     2.6377  0.000e+00
     21.569     6.6724   3.227582    31.9975        871     3.6250     2.6375  0.000e+00
     21.739     6.6724   3.227565    31.9973        872     3.6292     2.6374  0.000e+00
     21.896     6.6724   3.227598    31.9976        873     3.6333     2.6363  0.000e+00
     22.044     6.6724   3.227598    31.9974        874     3.6375     2.6356  0.000e+00
     22.185     6.6723   3.227582    31.9973        875     3.6417     2.6353  0.000e+00
     22.321     6.6724   3.227598    31.9974        876     3.6458     2.6339  0.000e+00
     22.446     6.6724   3.227599    31.9973        877     3.6500     2.6351  0.000e+00
     22.563     6.6724   3.227599    31.9973        878     3.6542     2.6343  0.000e+00
     22.680     6.6723   3.227599    31.9973        879     3.6583     2.6353  0.000e+00
     22.805     6.6724   3.227621    31.9974        880     3.6625     2.6342  0.000e+00
     22.932     6.6724   3.227621    31.9973        881     3.6667     2.6349  0.000e+00
     23.073     6.6724   3.227621    31.9972        882     3.6708     2.6345  0.000e+00
     23.226     6.6723   3.227621    31.9972        883     3.6750     2.6348  0.000e+00
     23.383     6.6723   3.227660    31.9976        884     3.6792     2.6340  0.000e+00
     23.555     6.6724   3.227682    31.9977        885     3.6833     2.6343  0.000e+00
     23.737     6.6725   3.227699    31.9977        886     3.6875     2.6335  0.000e+00
     23.925     6.6726   3.227699    31.9975        887     3.6917     2.6329  0.000e+00
     24.122     6.6726   3.227722    31.9977        888     3.6958     2.6339  0.000e+00
     24.334     6.6724   3.227699    31.9975        889     3.7000     2.6333  0.000e+00
     24.549     6.6727   3.227722    31.9974        890     3.7042     2.6325  0.000e+00
     24.771     6.6727   3.227722    31.9973        891     3.7083     2.6329  0.000e+00
     25.000     6.6727   3.227761    31.9976        892     3.7125     2.6326  0.000e+00
     25.239     6.6727   3.227761    31.9975        893     3.7167     2.6332  0.000e+00
     25.485     6.6727   3.227783    31.9976        894     3.7208     2.6330  0.000e+00
     25.736     6.6727   3.227806    31.9977        895     3.7250     2.6349  0.000e+00
     25.987     6.6729   3.227800    31.9974        896     3.7292     2.6335  0.000e+00
     26.247     6.6728   3.227822    31.9976        897     3.7333     2.6338  0.000e+00
     26.496     6.6727   3.227822    31.9975        898     3.7375     2.6325  0.000e+00
     26.751     6.6729   3.227845    31.9975        899     3.7417     2.6355  0.000e+00
     26.993     6.6729   3.227884    31.9978        900     3.7458     2.6341  0.000e+00
     27.223     6.6730   3.227884    31.9976        901     3.7500     2.6325  0.000e+00
     27.448     6.6732   3.227884    31.9973        902     3.7542     2.6325  0.000e+00
     27.647     6.6733   3.227912    31.9974        903     3.7583     2.6323  0.000e+00
     27.828     6.6732   3.227884    31.9971        904     3.7625     2.6320  0.000e+00
     27.994     6.6732   3.227906    31.9973        905     3.7667     2.6318  0.000e+00
     28.139     6.6732   3.227923    31.9974        906     3.7708     2.6319  0.000e+00
     28.267     6.6733   3.227906    31.9971        907     3.7750     2.6325  0.000e+00
     28.377     6.6732   3.227923    31.9973        908     3.7792     2.6307  0.000e+00
