HB2402/sbe104.cnv
* Sea-Bird SBE 19plus V2 Data File:
* FileName = C:\cruise\data\sbe104.hex
* Software Version Seasave V 7.26.7.121
* Temperature SN = 7037
* Conductivity SN = 7037
* System UpLoad Time = Apr 28 2024 17:05:16
* NMEA Latitude = 42 09.43 N
* NMEA Longitude = 066 20.53 W
* NMEA UTC (Time) = Apr 28 2024  17:04:01
** Ship: Bigelow
** Cruise:  HB2402
** Program:  Spring Bottom Trawl
# nquan = 8
# nvalues = 4660                                  
# units = specified
# name 0 = depSM: Depth [salt water, m]
# name 1 = tv290C: Temperature [ITS-90, deg C]
# name 2 = c0S/m: Conductivity [S/m]
# name 3 = sal00: Salinity, Practical [PSU]
# name 4 = scan: Scan Count
# name 5 = timeM: Time, Elapsed [minutes]
# name 6 = sbeox0V: Oxygen raw, SBE 43 [V]
# name 7 = flag:  0.000e+00
# span 0 =      0.023,    181.646                 
# span 1 =     4.9211,    13.2551                 
# span 2 =   0.000031,   3.568483                 
# span 3 =     0.0068,    34.4782                 
# span 4 =         11,       4670                 
# span 5 =     0.0417,    19.4542                 
# span 6 =     1.7660,     2.8284                 
# span 7 = 0.0000e+00, 0.0000e+00                 
# interval = seconds: 0.25
# start_time = Apr 28 2024 17:04:01 [NMEA time, header]
# bad_flag = -9.990e-29
*END*
[from data line 720]
     90.833     5.9029   3.240848    32.8442        731     3.0417     2.0578  0.000e+00
     90.978     5.9045   3.241517    32.8501        732     3.0458     2.0586  0.000e+00
     91.126     5.9071   3.241824    32.8510        733     3.0500     2.0577  0.000e+00
     91.270     5.9095   3.241824    32.8486        734     3.0542     2.0577  0.000e+00
     91.415     5.9115   3.242064    32.8493        735     3.0583     2.0575  0.000e+00
     91.563     5.9132   3.242343    32.8507        736     3.0625     2.0572  0.000e+00
     91.708     5.9151   3.242371    32.8491        737     3.0667     2.0555  0.000e+00
     91.852     5.9165   3.242309    32.8469        738     3.0708     2.0568  0.000e+00
     91.993     5.9172   3.242248    32.8455        739     3.0750     2.0568  0.000e+00
     92.132     5.9173   3.242393    32.8469        740     3.0792     2.0562  0.000e+00
     92.264     5.9179   3.242616    32.8488        741     3.0833     2.0556  0.000e+00
     92.394     5.9186   3.242689    32.8489        742     3.0875     2.0553  0.000e+00
     92.525     5.9194   3.242778    32.8491        743     3.0917     2.0540  0.000e+00
     92.651     5.9202   3.242795    32.8484        744     3.0958     2.0548  0.000e+00
     92.778     5.9207   3.242756    32.8474        745     3.1000     2.0552  0.000e+00
     92.901     5.9209   3.242856    32.8483        746     3.1042     2.0556  0.000e+00
     93.024     5.9212   3.243079    32.8504        747     3.1083     2.0552  0.000e+00
     93.150     5.9220   3.243118    32.8500        748     3.1125     2.0547  0.000e+00
     93.282     5.9227   3.243286    32.8512        749     3.1167     2.0547  0.000e+00
     93.418     5.9236   3.243386    32.8514        750     3.1208     2.0543  0.000e+00
     93.555     5.9244   3.243386    32.8505        751     3.1250     2.0532  0.000e+00
     93.691     5.9250   3.243403    32.8501        752     3.1292     2.0530  0.000e+00
     93.832     5.9252   3.243364    32.8494        753     3.1333     2.0520  0.000e+00
     93.965     5.9252   3.243347    32.8491        754     3.1375     2.0524  0.000e+00
     94.105     5.9250   3.243386    32.8497        755     3.1417     2.0523  0.000e+00
     94.240     5.9248   3.243364    32.8495        756     3.1458     2.0522  0.000e+00
     94.388     5.9246   3.243347    32.8495        757     3.1500     2.0523  0.000e+00
     94.528     5.9245   3.243347    32.8495        758     3.1542     2.0517  0.000e+00
     94.672     5.9243   3.243386    32.8501        759     3.1583     2.0514  0.000e+00
     94.802     5.9243   3.243448    32.8507        760     3.1625     2.0520  0.000e+00
     94.938     5.9243   3.243526    32.8516        761     3.1667     2.0512  0.000e+00
     95.075     5.9244   3.243626    32.8525        762     3.1708     2.0517  0.000e+00
     95.207     5.9244   3.243688    32.8531        763     3.1750     2.0520  0.000e+00
     95.332     5.9241   3.243749    32.8540        764     3.1792     2.0510  0.000e+00
     95.458     5.9238   3.243749    32.8542        765     3.1833     2.0517  0.000e+00
     95.578     5.9232   3.243777    32.8551        766     3.1875     2.0516  0.000e+00
     95.697     5.9225   3.243749    32.8554        767     3.1917     2.0515  0.000e+00
     95.822     5.9216   3.243794    32.8567        768     3.1958     2.0514  0.000e+00
     95.948     5.9211   3.243772    32.8569        769     3.2000     2.0514  0.000e+00
     96.071     5.9204   3.243710    32.8568        770     3.2042     2.0528  0.000e+00
     96.197     5.9197   3.243699    32.8573        771     3.2083     2.0514  0.000e+00
     96.331     5.9190   3.243850    32.8596        772     3.2125     2.0529  0.000e+00
     96.467     5.9189   3.243956    32.8608        773     3.2167     2.0529  0.000e+00
     96.606     5.9190   3.243895    32.8599        774     3.2208     2.0523  0.000e+00
     96.745     5.9189   3.244034    32.8616        775     3.2250     2.0517  0.000e+00
     96.890     5.9190   3.243895    32.8598        776     3.2292     2.0520  0.000e+00
     97.049     5.9186   3.243833    32.8594        777     3.2333     2.0517  0.000e+00
     97.204     5.9182   3.243794    32.8594        778     3.2375     2.0535  0.000e+00
     97.358     5.9176   3.243772    32.8596        779     3.2417     2.0525  0.000e+00
     97.521     5.9171   3.243873    32.8612        780     3.2458     2.0517  0.000e+00
     97.685     5.9170   3.245295    32.8771        781     3.2500     2.0524  0.000e+00
     97.839     5.9198   3.247465    32.8987        782     3.2542     2.0516  0.000e+00
     98.000     5.9273   3.248269    32.9004        783     3.2583     2.0522  0.000e+00
     98.146     5.9352   3.248682    32.8972        784     3.2625     2.0527  0.000e+00
     98.292     5.9416   3.249151    32.8962        785     3.2667     2.0534  0.000e+00
     98.442     5.9467   3.249658    32.8968        786     3.2708     2.0536  0.000e+00
     98.591     5.9512   3.250105    32.8974        787     3.2750     2.0536  0.000e+00
     98.728     5.9552   3.250406    32.8969        788     3.2792     2.0535  0.000e+00
     98.867     5.9587   3.250557    32.8950        789     3.2833     2.0540  0.000e+00
     99.001     5.9613   3.250658    32.8936        790     3.2875     2.0550  0.000e+00
     99.136     5.9632   3.250434    32.8892        791     3.2917     2.0551  0.000e+00
     99.265     5.9640   3.250412    32.8881        792     3.2958     2.0542  0.000e+00
     99.393     5.9642   3.250596    32.8899        793     3.3000     2.0540  0.000e+00
     99.520     5.9648   3.250881    32.8925        794     3.3042     2.0541  0.000e+00
     99.643     5.9656   3.251166    32.8948        795     3.3083     2.0527  0.000e+00
     99.771     5.9672   3.251328    32.8951        796     3.3125     2.0530  0.000e+00
     99.897     5.9685   3.251411    32.8946        797     3.3167     2.0515  0.000e+00
    100.019     5.9697   3.251300    32.8921        798     3.3208     2.0520  0.000e+00
    100.147     5.9704   3.251467    32.8933        799     3.3250     2.0520  0.000e+00
    100.272     5.9710   3.251573    32.8938        800     3.3292     2.0517  0.000e+00
    100.396     5.9717   3.251696    32.8944        801     3.3333     2.0508  0.000e+00
    100.526     5.9723   3.252037    32.8976        802     3.3375     2.0517  0.000e+00
    100.649     5.9735   3.252182    32.8980        803     3.3417     2.0511  0.000e+00
    100.778     5.9747   3.252154    32.8965        804     3.3458     2.0506  0.000e+00
    100.906     5.9755   3.252322    32.8976        805     3.3500     2.0508  0.000e+00
    101.031     5.9762   3.252383    32.8974        806     3.3542     2.0508  0.000e+00
    101.166     5.9770   3.252629    32.8994        807     3.3583     2.0504  0.000e+00
    101.300     5.9778   3.252752    32.8999        808     3.3625     2.0502  0.000e+00
    101.430     5.9787   3.252735    32.8988        809     3.3667     2.0494  0.000e+00
    101.569     5.9794   3.252668    32.8973        810     3.3708     2.0503  0.000e+00
    101.710     5.9796   3.252612    32.8964        811     3.3750     2.0498  0.000e+00
    101.853     5.9794   3.252651    32.8969        812     3.3792     2.0492  0.000e+00
    101.996     5.9795   3.252629    32.8966        813     3.3833     2.0489  0.000e+00
    102.137     5.9795   3.252540    32.8954        814     3.3875     2.0485  0.000e+00
    102.281     5.9794   3.253037    32.9011        815     3.3917     2.0487  0.000e+00
    102.431     5.9801   3.253059    32.9005        816     3.3958     2.0467  0.000e+00
    102.583     5.9811   3.253752    32.9073        817     3.4000     2.0482  0.000e+00
    102.737     5.9826   3.254952    32.9192        818     3.4042     2.0471  0.000e+00
    102.892     5.9860   3.255885    32.9263        819     3.4083     2.0469  0.000e+00
    103.051     5.9905   3.255868    32.9217        820     3.4125     2.0475  0.000e+00
    103.207     5.9941   3.256231    32.9222        821     3.4167     2.0469  0.000e+00
    103.359     5.9967   3.256846    32.9264        822     3.4208     2.0475  0.000e+00
    103.518     5.9994   3.257008    32.9255        823     3.4250     2.0461  0.000e+00
    103.672     6.0020   3.257304    32.9263        824     3.4292     2.0471  0.000e+00
    103.825     6.0042   3.257639    32.9278        825     3.4333     2.0470  0.000e+00
    103.979     6.0063   3.257578    32.9250        826     3.4375     2.0465  0.000e+00
    104.125     6.0075   3.257600    32.9240        827     3.4417     2.0461  0.000e+00
    104.264     6.0084   3.257924    32.9267        828     3.4458     2.0469  0.000e+00
    104.402     6.0094   3.258438    32.9314        829     3.4500     2.0462  0.000e+00
    104.539     6.0112   3.258640    32.9319        830     3.4542     2.0458  0.000e+00
    104.664     6.0128   3.258885    32.9330        831     3.4583     2.0459  0.000e+00
    104.790     6.0144   3.259372    32.9368        832     3.4625     2.0455  0.000e+00
    104.908     6.0164   3.259757    32.9392        833     3.4667     2.0449  0.000e+00
    105.027     6.0185   3.259903    32.9386        834     3.4708     2.0456  0.000e+00
    105.147     6.0204   3.260109    32.9391        835     3.4750     2.0467  0.000e+00
    105.257     6.0219   3.260087    32.9373        836     3.4792     2.0461  0.000e+00
    105.374     6.0232   3.260478    32.9404        837     3.4833     2.0453  0.000e+00
    105.490     6.0244   3.260612    32.9407        838     3.4875     2.0457  0.000e+00
    105.606     6.0257   3.260640    32.9397        839     3.4917     2.0458  0.000e+00
    105.730     6.0267   3.260557    32.9377        840     3.4958     2.0447  0.000e+00
    105.855     6.0272   3.260702    32.9387        841     3.5000     2.0453  0.000e+00
    105.982     6.0277   3.260674    32.9379        842     3.5042     2.0453  0.000e+00
    106.114     6.0280   3.260987    32.9410        843     3.5083     2.0445  0.000e+00
    106.256     6.0288   3.261457    32.9455        844     3.5125     2.0443  0.000e+00
    106.397     6.0304   3.261825    32.9480        845     3.5167     2.0432  0.000e+00
    106.546     6.0324   3.261988    32.9478        846     3.5208     2.0435  0.000e+00
    106.694     6.0342   3.262094    32.9472        847     3.5250     2.0431  0.000e+00
    106.839     6.0353   3.262273    32.9480        848     3.5292     2.0429  0.000e+00
    106.988     6.0366   3.262619    32.9505        849     3.5333     2.0435  0.000e+00
    107.137     6.0380   3.262865    32.9519        850     3.5375     2.0424  0.000e+00
    107.278     6.0398   3.262916    32.9506        851     3.5417     2.0417  0.000e+00
    107.424     6.0410   3.263111    32.9515        852     3.5458     2.0427  0.000e+00
    107.567     6.0423   3.263397    32.9535        853     3.5500     2.0427  0.000e+00
    107.711     6.0437   3.263458    32.9527        854     3.5542     2.0439  0.000e+00
    107.860     6.0448   3.263536    32.9524        855     3.5583     2.0434  0.000e+00
    108.012     6.0457   3.263676    32.9530        856     3.5625     2.0439  0.000e+00
    108.163     6.0464   3.263844    32.9541        857     3.5667     2.0435  0.000e+00
    108.310     6.0473   3.264051    32.9555        858     3.5708     2.0437  0.000e+00
    108.458     6.0484   3.264297    32.9571        859     3.5750     2.0443  0.000e+00
    108.610     6.0496   3.264962    32.9634        860     3.5792     2.0442  0.000e+00
    108.756     6.0516   3.265337    32.9655        861     3.5833     2.0440  0.000e+00
    108.906     6.0540   3.265583    32.9659        862     3.5875     2.0435  0.000e+00
    109.047     6.0562   3.265645    32.9643        863     3.5917     2.0438  0.000e+00
    109.188     6.0580   3.265880    32.9651        864     3.5958     2.0439  0.000e+00
    109.335     6.0594   3.266154    32.9668        865     3.6000     2.0437  0.000e+00
    109.470     6.0609   3.266299    32.9669        866     3.6042     2.0428  0.000e+00
    109.602     6.0623   3.266545    32.9682        867     3.6083     2.0429  0.000e+00
    109.736     6.0634   3.266607    32.9677        868     3.6125     2.0425  0.000e+00
    109.863     6.0648   3.267502    32.9764        869     3.6167     2.0427  0.000e+00
    109.995     6.0672   3.268100    32.9807        870     3.6208     2.0421  0.000e+00
    110.125     6.0702   3.268570    32.9829        871     3.6250     2.0419  0.000e+00
    110.260     6.0732   3.269141    32.9864        872     3.6292     2.0412  0.000e+00
    110.391     6.0763   3.269493    32.9872        873     3.6333     2.0421  0.000e+00
    110.515     6.0791   3.269734    32.9871        874     3.6375     2.0427  0.000e+00
    110.649     6.0817   3.270041    32.9880        875     3.6417     2.0417  0.000e+00
    110.781     6.0836   3.270204    32.9878        876     3.6458     2.0412  0.000e+00
    110.915     6.0854   3.270372    32.9879        877     3.6500     2.0424  0.000e+00
    111.050     6.0868   3.270881    32.9922        878     3.6542     2.0412  0.000e+00
    111.191     6.0887   3.271211    32.9940        879     3.6583     2.0418  0.000e+00
    111.336     6.0907   3.271396    32.9940        880     3.6625     2.0414  0.000e+00
    111.484     6.0923   3.271760    32.9964        881     3.6667     2.0406  0.000e+00
    111.634     6.0940   3.271743    32.9945        882     3.6708     2.0408  0.000e+00
    111.788     6.0951   3.271659    32.9924        883     3.6750     2.0401  0.000e+00
    111.945     6.0956   3.271950    32.9951        884     3.6792     2.0404  0.000e+00
    112.099     6.0963   3.272308    32.9984        885     3.6833     2.0398  0.000e+00
    112.260     6.0977   3.272459    32.9987        886     3.6875     2.0402  0.000e+00
    112.408     6.0987   3.272806    33.0014        887     3.6917     2.0401  0.000e+00
    112.565     6.1004   3.273013    33.0021        888     3.6958     2.0401  0.000e+00
    112.711     6.1017   3.273148    33.0022        889     3.7000     2.0391  0.000e+00
    112.854     6.1030   3.273445    33.0042        890     3.7042     2.0403  0.000e+00
    112.997     6.1043   3.273769    33.0065        891     3.7083     2.0392  0.000e+00
    113.136     6.1059   3.274346    33.0114        892     3.7125     2.0386  0.000e+00
    113.274     6.1081   3.274771    33.0139        893     3.7167     2.0387  0.000e+00
    113.409     6.1106   3.275046    33.0145        894     3.7208     2.0407  0.000e+00
    113.545     6.1129   3.275393    33.0161        895     3.7250     2.0398  0.000e+00
    113.675     6.1150   3.275718    33.0175        896     3.7292     2.0378  0.000e+00
    113.809     6.1171   3.275830    33.0167        897     3.7333     2.0392  0.000e+00
    113.944     6.1190   3.275824    33.0148        898     3.7375     2.0379  0.000e+00
    114.080     6.1199   3.276110    33.0169        899     3.7417     2.0383  0.000e+00
    114.217     6.1212   3.276244    33.0171        900     3.7458     2.0377  0.000e+00
    114.353     6.1225   3.276664    33.0205        901     3.7500     2.0381  0.000e+00
    114.490     6.1239   3.276871    33.0214        902     3.7542     2.0375  0.000e+00
    114.629     6.1254   3.277056    33.0219        903     3.7583     2.0382  0.000e+00
    114.776     6.1268   3.277398    33.0243        904     3.7625     2.0376  0.000e+00
    114.922     6.1285   3.277734    33.0263        905     3.7667     2.0376  0.000e+00
    115.068     6.1304   3.278081    33.0283        906     3.7708     2.0383  0.000e+00
    115.217     6.1326   3.278288    33.0284        907     3.7750     2.0377  0.000e+00
    115.370     6.1343   3.278826    33.0327        908     3.7792     2.0373  0.000e+00
