HB2402/sbe139.cnv
* Sea-Bird SBE 19plus Data File:
* FileName = C:\cruise\data\sbe139.hex
* Software Version Seasave V 7.26.7.121
* Temperature SN = 4684
* Conductivity SN = 4684
* System UpLoad Time = May 11 2024 16:23:36
* NMEA Latitude = 42 24.31 N
* NMEA Longitude = 069 21.01 W
* NMEA UTC (Time) = May 11 2024  16:22:34
** Ship: Bigelow
** Cruise:  HB2402
** Program:  Springl Bottom Trawl
# nquan = 7
# nvalues = 2593                                  
# units = specified
# name 0 = depSM: Depth [salt water, m]
# name 1 = tv290C: Temperature [ITS-90, deg C]
# name 2 = c0S/m: Conductivity [S/m]
# name 3 = sal00: Salinity, Practical [PSU]
# name 4 = scan: Scan Count
# name 5 = timeM: Time, Elapsed [minutes]
# name 6 = flag:  0.000e+00
# span 0 =     -0.105,    241.329                 
# span 1 =     4.8416,     8.5774                 
# span 2 =   0.195505,   3.562353                 
# span 3 =     1.4870,    34.2793                 
# span 4 =         11,       2603                 
# span 5 =     0.0417,    10.8417                 
# span 6 = 0.0000e+00, 0.0000e+00                 
# interval = seconds: 0.25
# start_time = May 11 2024 16:22:34 [NMEA time, header]
# bad_flag = -9.990e-29
*END*
[from data line 2052]
     97.912     5.7917   3.184406    32.3138       2063     8.5917  0.000e+00
     97.720     5.7781   3.180844    32.2869       2064     8.5958  0.000e+00
     97.538     5.7607   3.179258    32.2858       2065     8.6000  0.000e+00
     97.361     5.7450   3.178568    32.2931       2066     8.6042  0.000e+00
     97.188     5.7340   3.178201    32.2996       2067     8.6083  0.000e+00
     97.036     5.7279   3.178087    32.3042       2068     8.6125  0.000e+00
     96.871     5.7266   3.178291    32.3079       2069     8.6167  0.000e+00
     96.689     5.7285   3.178495    32.3084       2070     8.6208  0.000e+00
     96.509     5.7317   3.178615    32.3068       2071     8.6250  0.000e+00
     96.305     5.7344   3.178543    32.3034       2072     8.6292  0.000e+00
     96.104     5.7360   3.178339    32.2997       2073     8.6333  0.000e+00
     95.895     5.7360   3.178243    32.2988       2074     8.6375  0.000e+00
     95.666     5.7354   3.178291    32.2999       2075     8.6417  0.000e+00
     95.417     5.7357   3.178315    32.3001       2076     8.6458  0.000e+00
     95.167     5.7361   3.178225    32.2988       2077     8.6500  0.000e+00
     94.902     5.7366   3.177924    32.2951       2078     8.6542  0.000e+00
     94.638     5.7370   3.177576    32.2909       2079     8.6583  0.000e+00
     94.358     5.7379   3.177534    32.2897       2080     8.6625  0.000e+00
     94.084     5.7400   3.175030    32.2597       2081     8.6667  0.000e+00
     93.825     5.7367   3.174208    32.2537       2082     8.6708  0.000e+00
     93.588     5.7302   3.173860    32.2561       2083     8.6750  0.000e+00
     93.357     5.7262   3.173380    32.2547       2084     8.6792  0.000e+00
     93.135     5.7231   3.172371    32.2464       2085     8.6833  0.000e+00
     92.943     5.7177   3.167356    32.1952       2086     8.6875  0.000e+00
     92.760     5.6985   3.163088    32.1655       2087     8.6917  0.000e+00
     92.605     5.6692   3.160756    32.1673       2088     8.6958  0.000e+00
     92.447     5.6423   3.159774    32.1820       2089     8.7000  0.000e+00
     92.319     5.6225   3.158887    32.1910       2090     8.7042  0.000e+00
     92.194     5.6090   3.154509    32.1545       2091     8.7083  0.000e+00
     92.054     5.5873   3.152145    32.1486       2092     8.7125  0.000e+00
     91.923     5.5618   3.149098    32.1386       2093     8.7167  0.000e+00
     91.783     5.5372   3.146239    32.1299       2094     8.7208  0.000e+00
     91.610     5.5131   3.144899    32.1379       2095     8.7250  0.000e+00
     91.443     5.4954   3.144182    32.1468       2096     8.7292  0.000e+00
     91.251     5.4836   3.143811    32.1540       2097     8.7333  0.000e+00
     91.032     5.4764   3.143608    32.1587       2098     8.7375  0.000e+00
     90.782     5.4727   3.143584    32.1621       2099     8.7417  0.000e+00
     90.521     5.4707   3.143243    32.1603       2100     8.7458  0.000e+00
     90.238     5.4693   3.142495    32.1532       2101     8.7500  0.000e+00
     89.933     5.4663   3.141975    32.1503       2102     8.7542  0.000e+00
     89.623     5.4639   3.141001    32.1418       2103     8.7583  0.000e+00
     89.325     5.4604   3.138753    32.1198       2104     8.7625  0.000e+00
     89.039     5.4521   3.138442    32.1244       2105     8.7667  0.000e+00
     88.749     5.4459   3.138466    32.1307       2106     8.7708  0.000e+00
     88.479     5.4437   3.138161    32.1295       2107     8.7750  0.000e+00
     88.250     5.4424   3.137761    32.1263       2108     8.7792  0.000e+00
     88.022     5.4410   3.137265    32.1222       2109     8.7833  0.000e+00
     87.815     5.4396   3.135927    32.1084       2110     8.7875  0.000e+00
     87.633     5.4364   3.135096    32.1021       2111     8.7917  0.000e+00
     87.465     5.4318   3.133806    32.0920       2112     8.7958  0.000e+00
     87.304     5.4243   3.132785    32.0876       2113     8.8000  0.000e+00
     87.152     5.4155   3.132158    32.0891       2114     8.8042  0.000e+00
     87.003     5.4080   3.131567    32.0896       2115     8.8083  0.000e+00
     86.841     5.4015   3.131095    32.0906       2116     8.8125  0.000e+00
     86.689     5.3962   3.130402    32.0879       2117     8.8167  0.000e+00
     86.528     5.3910   3.129358    32.0811       2118     8.8208  0.000e+00
     86.351     5.3838   3.127483    32.0667       2119     8.8250  0.000e+00
     86.163     5.3728   3.125431    32.0541       2120     8.8292  0.000e+00
     85.956     5.3591   3.124894    32.0611       2121     8.8333  0.000e+00
     85.740     5.3503   3.125186    32.0730       2122     8.8375  0.000e+00
     85.505     5.3510   3.123182    32.0497       2123     8.8417  0.000e+00
     85.268     5.3475   3.120975    32.0281       2124     8.8458  0.000e+00
     85.022     5.3364   3.119192    32.0186       2125     8.8500  0.000e+00
     84.775     5.3240   3.120504    32.0454       2126     8.8542  0.000e+00
     84.538     5.3221   3.120999    32.0530       2127     8.8583  0.000e+00
     84.319     5.3262   3.121505    32.0549       2128     8.8625  0.000e+00
     84.109     5.3314   3.122370    32.0599       2129     8.8667  0.000e+00
     83.917     5.3388   3.122638    32.0559       2130     8.8708  0.000e+00
     83.746     5.3466   3.122078    32.0422       2131     8.8750  0.000e+00
     83.594     5.3504   3.120098    32.0162       2132     8.8792  0.000e+00
     83.433     5.3453   3.116771    31.9834       2133     8.8833  0.000e+00
     83.266     5.3289   3.115222    31.9815       2134     8.8875  0.000e+00
     83.104     5.3110   3.107830    31.9146       2135     8.8917  0.000e+00
     82.928     5.2754   3.101123    31.8724       2136     8.8958  0.000e+00
     82.730     5.2221   3.102236    31.9359       2137     8.9000  0.000e+00
     82.514     5.1962   3.104081    31.9818       2138     8.9042  0.000e+00
     82.267     5.1962   3.104717    31.9892       2139     8.9083  0.000e+00
     81.993     5.2035   3.104527    31.9802       2140     8.9125  0.000e+00
     81.698     5.2083   3.105324    31.9848       2141     8.9167  0.000e+00
     81.400     5.2138   3.101426    31.9353       2142     8.9208  0.000e+00
     81.087     5.2036   3.092668    31.8455       2143     8.9250  0.000e+00
     80.810     5.1602   3.090102    31.8576       2144     8.9292  0.000e+00
     80.542     5.1161   3.090559    31.9051       2145     8.9333  0.000e+00
     80.301     5.0931   3.089496    31.9151       2146     8.9375  0.000e+00
     80.085     5.0782   3.087619    31.9079       2147     8.9417  0.000e+00
     79.884     5.0640   3.087305    31.9181       2148     8.9458  0.000e+00
     79.708     5.0531   3.087180    31.9272       2149     8.9500  0.000e+00
     79.528     5.0462   3.083665    31.8937       2150     8.9542  0.000e+00
     79.367     5.0308   3.074315    31.8015       2151     8.9583  0.000e+00
     79.191     4.9819   3.070522    31.8048       2152     8.9625  0.000e+00
     79.005     4.9296   3.068727    31.8342       2153     8.9667  0.000e+00
     78.828     4.8961   3.067524    31.8526       2154     8.9708  0.000e+00
     78.612     4.8734   3.066440    31.8620       2155     8.9750  0.000e+00
     78.399     4.8573   3.066156    31.8742       2156     8.9792  0.000e+00
     78.174     4.8477   3.065996    31.8817       2157     8.9833  0.000e+00
     77.961     4.8427   3.066085    31.8876       2158     8.9875  0.000e+00
     77.739     4.8416   3.066044    31.8883       2159     8.9917  0.000e+00
     77.541     4.8426   3.065765    31.8843       2160     8.9958  0.000e+00
     77.331     4.8435   3.065581    31.8814       2161     9.0000  0.000e+00
     77.112     4.8441   3.065605    31.8812       2162     9.0042  0.000e+00
     76.911     4.8448   3.065623    31.8808       2163     9.0083  0.000e+00
     76.716     4.8454   3.065623    31.8803       2164     9.0125  0.000e+00
     76.509     4.8460   3.065646    31.8802       2165     9.0167  0.000e+00
     76.305     4.8462   3.065646    31.8801       2166     9.0208  0.000e+00
     76.095     4.8469   3.065759    31.8808       2167     9.0250  0.000e+00
     75.879     4.8481   3.065800    31.8802       2168     9.0292  0.000e+00
     75.660     4.8496   3.066410    31.8859       2169     9.0333  0.000e+00
     75.438     4.8534   3.067168    31.8911       2170     9.0375  0.000e+00
     75.216     4.8610   3.066943    31.8814       2171     9.0417  0.000e+00
     74.997     4.8658   3.066593    31.8729       2172     9.0458  0.000e+00
     74.775     4.8670   3.066771    31.8739       2173     9.0500  0.000e+00
     74.540     4.8686   3.067428    31.8799       2174     9.0542  0.000e+00
     74.324     4.8729   3.068169    31.8845       2175     9.0583  0.000e+00
     74.093     4.8798   3.068666    31.8837       2176     9.0625  0.000e+00
     73.861     4.8871   3.069330    31.8845       2177     9.0667  0.000e+00
     73.648     4.8942   3.069632    31.8811       2178     9.0708  0.000e+00
     73.420     4.9006   3.070189    31.8816       2179     9.0750  0.000e+00
     73.177     4.9069   3.071273    31.8881       2180     9.0792  0.000e+00
     72.942     4.9159   3.072761    31.8967       2181     9.0833  0.000e+00
     72.714     4.9286   3.073372    31.8917       2182     9.0875  0.000e+00
     72.486     4.9407   3.073709    31.8841       2183     9.0917  0.000e+00
     72.273     4.9495   3.073525    31.8736       2184     9.0958  0.000e+00
     72.075     4.9532   3.073371    31.8683       2185     9.1000  0.000e+00
     71.883     4.9542   3.073851    31.8731       2186     9.1042  0.000e+00
     71.728     4.9560   3.074177    31.8751       2187     9.1083  0.000e+00
     71.579     4.9596   3.075096    31.8823       2188     9.1125  0.000e+00
     71.442     4.9663   3.076128    31.8878       2189     9.1167  0.000e+00
     71.311     4.9765   3.078323    31.9032       2190     9.1208  0.000e+00
     71.186     4.9924   3.078732    31.8927       2191     9.1250  0.000e+00
     71.061     5.0046   3.079265    31.8872       2192     9.1292  0.000e+00
     70.906     5.0135   3.081229    31.9013       2193     9.1333  0.000e+00
     70.733     5.0268   3.083010    31.9090       2194     9.1375  0.000e+00
     70.538     5.0439   3.084535    31.9102       2195     9.1417  0.000e+00
     70.322     5.0616   3.084992    31.8986       2196     9.1458  0.000e+00
     70.090     5.0755   3.084523    31.8801       2197     9.1500  0.000e+00
     69.829     5.0812   3.083353    31.8614       2198     9.1542  0.000e+00
     69.549     5.0792   3.081638    31.8439       2199     9.1583  0.000e+00
     69.275     5.0713   3.082647    31.8631       2200     9.1625  0.000e+00
     68.986     5.0721   3.083733    31.8749       2201     9.1667  0.000e+00
     68.712     5.0806   3.083638    31.8658       2202     9.1708  0.000e+00
     68.447     5.0876   3.083531    31.8580       2203     9.1750  0.000e+00
     68.200     5.0907   3.083382    31.8535       2204     9.1792  0.000e+00
     67.969     5.0914   3.083263    31.8516       2205     9.1833  0.000e+00
     67.774     5.0913   3.083174    31.8507       2206     9.1875  0.000e+00
     67.589     5.0910   3.082943    31.8485       2207     9.1917  0.000e+00
     67.406     5.0902   3.082646    31.8459       2208     9.1958  0.000e+00
     67.229     5.0892   3.082355    31.8437       2209     9.2000  0.000e+00
     67.047     5.0878   3.081690    31.8375       2210     9.2042  0.000e+00
     66.852     5.0846   3.080818    31.8307       2211     9.2083  0.000e+00
     66.663     5.0789   3.080308    31.8304       2212     9.2125  0.000e+00
     66.456     5.0729   3.077923    31.8089       2213     9.2167  0.000e+00
     66.265     5.0607   3.073801    31.7736       2214     9.2208  0.000e+00
     66.039     5.0347   3.070494    31.7606       2215     9.2250  0.000e+00
     65.817     5.0044   3.068817    31.7704       2216     9.2292  0.000e+00
     65.586     4.9802   3.068349    31.7882       2217     9.2333  0.000e+00
     65.352     4.9651   3.067691    31.7952       2218     9.2375  0.000e+00
     65.096     4.9552   3.066572    31.7920       2219     9.2417  0.000e+00
     64.871     4.9467   3.066382    31.7981       2220     9.2458  0.000e+00
     64.645     4.9415   3.064807    31.7850       2221     9.2500  0.000e+00
     64.423     4.9341   3.064120    31.7843       2222     9.2542  0.000e+00
     64.225     4.9270   3.064232    31.7925       2223     9.2583  0.000e+00
     64.055     4.9247   3.064232    31.7948       2224     9.2625  0.000e+00
     63.891     4.9250   3.064274    31.7951       2225     9.2667  0.000e+00
     63.741     4.9262   3.064463    31.7962       2226     9.2708  0.000e+00
     63.598     4.9285   3.064510    31.7946       2227     9.2750  0.000e+00
     63.470     4.9302   3.064564    31.7936       2228     9.2792  0.000e+00
     63.337     4.9316   3.064558    31.7923       2229     9.2833  0.000e+00
     63.203     4.9323   3.064558    31.7917       2230     9.2875  0.000e+00
     63.053     4.9326   3.064564    31.7915       2231     9.2917  0.000e+00
     62.883     4.9327   3.064563    31.7915       2232     9.2958  0.000e+00
     62.710     4.9329   3.064599    31.7918       2233     9.3000  0.000e+00
     62.524     4.9333   3.064652    31.7921       2234     9.3042  0.000e+00
     62.323     4.9341   3.065298    31.7988       2235     9.3083  0.000e+00
     62.101     4.9386   3.066038    31.8032       2236     9.3125  0.000e+00
     61.869     4.9472   3.066322    31.7984       2237     9.3167  0.000e+00
     61.620     4.9548   3.066393    31.7920       2238     9.3208  0.000e+00
     61.364     4.9601   3.066523    31.7886       2239     9.3250  0.000e+00
     61.112     4.9637   3.066547    31.7855       2240     9.3292  0.000e+00
     60.850     4.9662   3.066547    31.7833       2241     9.3333  0.000e+00
     60.591     4.9673   3.066357    31.7802       2242     9.3375  0.000e+00
     60.341     4.9675   3.066215    31.7785       2243     9.3417  0.000e+00
     60.071     4.9667   3.066191    31.7791       2244     9.3458  0.000e+00
     59.824     4.9660   3.066150    31.7794       2245     9.3500  0.000e+00
     59.577     4.9657   3.065972    31.7778       2246     9.3542  0.000e+00
     59.352     4.9651   3.065338    31.7712       2247     9.3583  0.000e+00
     59.130     4.9617   3.064532    31.7653       2248     9.3625  0.000e+00
     58.914     4.9564   3.064361    31.7686       2249     9.3667  0.000e+00
     58.698     4.9521   3.064361    31.7728       2250     9.3708  0.000e+00
     58.500     4.9500   3.064319    31.7743       2251     9.3750  0.000e+00
     58.302     4.9492   3.064183    31.7737       2252     9.3792  0.000e+00
     58.125     4.9479   3.063188    31.7636       2253     9.3833  0.000e+00
     57.934     4.9436   3.062886    31.7643       2254     9.3875  0.000e+00
     57.763     4.9389   3.062756    31.7674       2255     9.3917  0.000e+00
     57.581     4.9359   3.062401    31.7663       2256     9.3958  0.000e+00
     57.410     4.9331   3.062105    31.7657       2257     9.4000  0.000e+00
     57.240     4.9301   3.061962    31.7669       2258     9.4042  0.000e+00
     57.072     4.9279   3.061655    31.7656       2259     9.4083  0.000e+00
     56.905     4.9259   3.061293    31.7635       2260     9.4125  0.000e+00
     56.759     4.9231   3.060737    31.7598       2261     9.4167  0.000e+00
     56.594     4.9194   3.060334    31.7588       2262     9.4208  0.000e+00
     56.424     4.9155   3.059973    31.7585       2263     9.4250  0.000e+00
     56.253     4.9118   3.059399    31.7555       2264     9.4292  0.000e+00
     56.065     4.9075   3.059210    31.7575       2265     9.4333  0.000e+00
     55.858     4.9043   3.058151    31.7485       2266     9.4375  0.000e+00
