HB2402/sbe119.cnv
* Sea-Bird SBE 19plus V2 Data File:
* FileName = C:\cruise\data\sbe119.hex
* Software Version Seasave V 7.26.7.121
* Temperature SN = 7037
* Conductivity SN = 7037
* System UpLoad Time = May 03 2024 20:31:31
* NMEA Latitude = 42 38.36 N
* NMEA Longitude = 067 59.09 W
* NMEA UTC (Time) = May 03 2024  20:30:21
** Ship: Bigelow
** Cruise:  HB2402
** Program:  Spring Bottom Trawl
# nquan = 8
# nvalues = 4819                                  
# units = specified
# name 0 = depSM: Depth [salt water, m]
# name 1 = tv290C: Temperature [ITS-90, deg C]
# name 2 = c0S/m: Conductivity [S/m]
# name 3 = sal00: Salinity, Practical [PSU]
# name 4 = scan: Scan Count
# name 5 = timeM: Time, Elapsed [minutes]
# name 6 = sbeox0V: Oxygen raw, SBE 43 [V]
# name 7 = flag:  0.000e+00
# span 0 =     -0.000,    183.618                 
# span 1 =     4.8679,     9.5098                 
# span 2 =   0.000009,   3.547860                 
# span 3 =     0.0047,    34.3723                 
# span 4 =         11,       4829                 
# span 5 =     0.0417,    20.1167                 
# span 6 =     1.6233,     2.6448                 
# span 7 = 0.0000e+00, 0.0000e+00                 
# interval = seconds: 0.25
# start_time = May 03 2024 20:30:21 [NMEA time, header]
# bad_flag = -9.990e-29
*END*
[from data line 540]
     60.609     5.2851   3.122168    32.1136        551     2.2917     2.2065  0.000e+00
     60.771     5.2909   3.124168    32.1307        552     2.2958     2.2036  0.000e+00
     60.930     5.2986   3.126944    32.1548        553     2.3000     2.2018  0.000e+00
     61.097     5.3110   3.129182    32.1683        554     2.3042     2.1989  0.000e+00
     61.256     5.3262   3.131735    32.1827        555     2.3083     2.1981  0.000e+00
     61.424     5.3428   3.132785    32.1786        556     2.3125     2.1952  0.000e+00
     61.586     5.3576   3.133721    32.1749        557     2.3167     2.1944  0.000e+00
     61.747     5.3700   3.135262    32.1804        558     2.3208     2.1928  0.000e+00
     61.899     5.3819   3.138075    32.2009        559     2.3250     2.1899  0.000e+00
     62.046     5.3959   3.142646    32.2393        560     2.3292     2.1887  0.000e+00
     62.186     5.4158   3.146128    32.2596        561     2.3333     2.1853  0.000e+00
     62.318     5.4384   3.147853    32.2574        562     2.3375     2.1846  0.000e+00
     62.447     5.4586   3.148790    32.2485        563     2.3417     2.1818  0.000e+00
     62.579     5.4741   3.149226    32.2385        564     2.3458     2.1788  0.000e+00
     62.711     5.4855   3.150637    32.2435        565     2.3500     2.1774  0.000e+00
     62.848     5.4958   3.150952    32.2372        566     2.3542     2.1745  0.000e+00
     62.985     5.5037   3.151696    32.2379        567     2.3583     2.1713  0.000e+00
     63.128     5.5105   3.152518    32.2407        568     2.3625     2.1683  0.000e+00
     63.283     5.5165   3.152418    32.2336        569     2.3667     2.1634  0.000e+00
     63.439     5.5207   3.152165    32.2267        570     2.3708     2.1605  0.000e+00
     63.605     5.5230   3.152010    32.2227        571     2.3750     2.1570  0.000e+00
     63.777     5.5238   3.152275    32.2248        572     2.3792     2.1519  0.000e+00
     63.952     5.5248   3.153185    32.2340        573     2.3833     2.1482  0.000e+00
     64.127     5.5273   3.153461    32.2347        574     2.3875     2.1439  0.000e+00
     64.299     5.5300   3.153538    32.2329        575     2.3917     2.1409  0.000e+00
     64.467     5.5327   3.155387    32.2512        576     2.3958     2.1373  0.000e+00
     64.624     5.5373   3.157373    32.2692        577     2.4000     2.1364  0.000e+00
     64.780     5.5454   3.159162    32.2815        578     2.4042     2.1347  0.000e+00
     64.917     5.5558   3.160166    32.2828        579     2.4083     2.1325  0.000e+00
     65.045     5.5661   3.164496    32.3218        580     2.4125     2.1316  0.000e+00
     65.179     5.5817   3.165954    32.3232        581     2.4167     2.1290  0.000e+00
     65.315     5.5983   3.167242    32.3218        582     2.4208     2.1287  0.000e+00
     65.447     5.6127   3.169270    32.3308        583     2.4250     2.1268  0.000e+00
     65.579     5.6270   3.171586    32.3431        584     2.4292     2.1279  0.000e+00
     65.720     5.6427   3.173582    32.3505        585     2.4333     2.1253  0.000e+00
     65.864     5.6581   3.175556    32.3580        586     2.4375     2.1232  0.000e+00
     66.016     5.6742   3.177182    32.3608        587     2.4417     2.1219  0.000e+00
     66.166     5.6888   3.178709    32.3639        588     2.4458     2.1202  0.000e+00
     66.325     5.7031   3.180154    32.3663        589     2.4500     2.1183  0.000e+00
     66.488     5.7159   3.180707    32.3602        590     2.4542     2.1152  0.000e+00
     66.643     5.7267   3.181344    32.3570        591     2.4583     2.1132  0.000e+00
     66.802     5.7351   3.182218    32.3587        592     2.4625     2.1097  0.000e+00
     66.950     5.7430   3.182096    32.3497        593     2.4667     2.1077  0.000e+00
     67.086     5.7484   3.182218    32.3458        594     2.4708     2.1043  0.000e+00
     67.218     5.7516   3.183386    32.3558        595     2.4750     2.1029  0.000e+00
     67.339     5.7563   3.183824    32.3561        596     2.4792     2.1016  0.000e+00
     67.454     5.7615   3.184339    32.3569        597     2.4833     2.0968  0.000e+00
     67.568     5.7659   3.184660    32.3562        598     2.4875     2.0955  0.000e+00
     67.687     5.7699   3.185014    32.3563        599     2.4917     2.0922  0.000e+00
     67.814     5.7733   3.185175    32.3548        600     2.4958     2.0908  0.000e+00
     67.941     5.7763   3.185590    32.3565        601     2.5000     2.0890  0.000e+00
     68.074     5.7791   3.185690    32.3550        602     2.5042     2.0864  0.000e+00
     68.208     5.7814   3.185629    32.3520        603     2.5083     2.0850  0.000e+00
     68.356     5.7828   3.185751    32.3520        604     2.5125     2.0833  0.000e+00
     68.513     5.7839   3.185851    32.3519        605     2.5167     2.0805  0.000e+00
     68.672     5.7846   3.185889    32.3516        606     2.5208     2.0789  0.000e+00
     68.840     5.7854   3.185729    32.3489        607     2.5250     2.0777  0.000e+00
     69.012     5.7854   3.185967    32.3515        608     2.5292     2.0758  0.000e+00
     69.189     5.7857   3.186089    32.3525        609     2.5333     2.0734  0.000e+00
     69.366     5.7865   3.186167    32.3526        610     2.5375     2.0726  0.000e+00
     69.544     5.7872   3.186028    32.3502        611     2.5417     2.0706  0.000e+00
     69.713     5.7876   3.186250    32.3523        612     2.5458     2.0700  0.000e+00
     69.876     5.7879   3.186266    32.3521        613     2.5500     2.0690  0.000e+00
     70.026     5.7882   3.186366    32.3528        614     2.5542     2.0681  0.000e+00
     70.167     5.7889   3.186543    32.3541        615     2.5583     2.0664  0.000e+00
     70.295     5.7898   3.186626    32.3541        616     2.5625     2.0665  0.000e+00
     70.422     5.7904   3.186804    32.3554        617     2.5667     2.0656  0.000e+00
     70.546     5.7915   3.186981    32.3563        618     2.5708     2.0652  0.000e+00
     70.667     5.7926   3.187003    32.3554        619     2.5750     2.0648  0.000e+00
     70.787     5.7936   3.187003    32.3544        620     2.5792     2.0639  0.000e+00
     70.908     5.7943   3.187003    32.3537        621     2.5833     2.0635  0.000e+00
     71.029     5.7947   3.187557    32.3595        622     2.5875     2.0645  0.000e+00
     71.152     5.7961   3.187940    32.3625        623     2.5917     2.0631  0.000e+00
     71.276     5.7983   3.188156    32.3627        624     2.5958     2.0623  0.000e+00
     71.417     5.8008   3.188832    32.3678        625     2.6000     2.0626  0.000e+00
     71.553     5.8039   3.189369    32.3708        626     2.6042     2.0619  0.000e+00
     71.701     5.8079   3.189729    32.3709        627     2.6083     2.0623  0.000e+00
     71.859     5.8116   3.190167    32.3722        628     2.6125     2.0609  0.000e+00
     72.021     5.8153   3.190782    32.3756        629     2.6167     2.0614  0.000e+00
     72.184     5.8194   3.191142    32.3755        630     2.6208     2.0609  0.000e+00
     72.347     5.8233   3.191680    32.3778        631     2.6250     2.0599  0.000e+00
     72.518     5.8275   3.192949    32.3880        632     2.6292     2.0588  0.000e+00
     72.676     5.8338   3.195244    32.4076        633     2.6333     2.0584  0.000e+00
     72.835     5.8441   3.196237    32.4088        634     2.6375     2.0593  0.000e+00
     72.981     5.8550   3.197856    32.4165        635     2.6417     2.0592  0.000e+00
     73.117     5.8660   3.199770    32.4273        636     2.6458     2.0597  0.000e+00
     73.252     5.8789   3.202050    32.4405        637     2.6500     2.0597  0.000e+00
     73.380     5.8935   3.204126    32.4497        638     2.6542     2.0589  0.000e+00
     73.505     5.9098   3.204709    32.4405        639     2.6583     2.0589  0.000e+00
     73.635     5.9234   3.206008    32.4420        640     2.6625     2.0574  0.000e+00
     73.766     5.9347   3.207007    32.4423        641     2.6667     2.0569  0.000e+00
     73.903     5.9455   3.207890    32.4418        642     2.6708     2.0568  0.000e+00
     74.036     5.9547   3.207351    32.4269        643     2.6750     2.0551  0.000e+00
     74.177     5.9605   3.207651    32.4246        644     2.6792     2.0551  0.000e+00
     74.326     5.9641   3.208328    32.4286        645     2.6833     2.0535  0.000e+00
     74.479     5.9679   3.209312    32.4359        646     2.6875     2.0510  0.000e+00
     74.633     5.9731   3.210334    32.4423        647     2.6917     2.0503  0.000e+00
     74.790     5.9797   3.210717    32.4402        648     2.6958     2.0472  0.000e+00
     74.951     5.9853   3.211311    32.4414        649     2.7000     2.0457  0.000e+00
     75.115     5.9901   3.213684    32.4633        650     2.7042     2.0443  0.000e+00
     75.273     5.9985   3.215190    32.4720        651     2.7083     2.0411  0.000e+00
     75.432     6.0092   3.216052    32.4714        652     2.7125     2.0407  0.000e+00
     75.580     6.0192   3.217358    32.4763        653     2.7167     2.0394  0.000e+00
     75.723     6.0290   3.219387    32.4896        654     2.7208     2.0388  0.000e+00
     75.867     6.0400   3.219888    32.4845        655     2.7250     2.0355  0.000e+00
     76.008     6.0502   3.220572    32.4823        656     2.7292     2.0351  0.000e+00
     76.146     6.0587   3.222101    32.4912        657     2.7333     2.0336  0.000e+00
     76.279     6.0682   3.223398    32.4965        658     2.7375     2.0328  0.000e+00
     76.413     6.0781   3.225929    32.5152        659     2.7417     2.0321  0.000e+00
     76.543     6.0906   3.229620    32.5444        660     2.7458     2.0304  0.000e+00
     76.670     6.1080   3.232265    32.5571        661     2.7500     2.0300  0.000e+00
     76.800     6.1284   3.234126    32.5583        662     2.7542     2.0275  0.000e+00
     76.923     6.1472   3.235073    32.5507        663     2.7583     2.0275  0.000e+00
     77.051     6.1617   3.236025    32.5475        664     2.7625     2.0257  0.000e+00
     77.174     6.1728   3.237134    32.5491        665     2.7667     2.0243  0.000e+00
     77.308     6.1817   3.238048    32.5507        666     2.7708     2.0227  0.000e+00
     77.445     6.1894   3.238717    32.5507        667     2.7750     2.0200  0.000e+00
     77.589     6.1959   3.239241    32.5503        668     2.7792     2.0170  0.000e+00
     77.738     6.2007   3.241003    32.5652        669     2.7833     2.0149  0.000e+00
     77.902     6.2071   3.241226    32.5615        670     2.7875     2.0133  0.000e+00
     78.069     6.2126   3.240679    32.5500        671     2.7917     2.0103  0.000e+00
     78.246     6.2154   3.241287    32.5540        672     2.7958     2.0081  0.000e+00
     78.421     6.2175   3.242447    32.5648        673     2.8000     2.0069  0.000e+00
     78.598     6.2211   3.243841    32.5769        674     2.8042     2.0044  0.000e+00
     78.766     6.2268   3.244594    32.5797        675     2.8083     2.0016  0.000e+00
     78.929     6.2328   3.245325    32.5819        676     2.8125     1.9999  0.000e+00
     79.081     6.2386   3.245838    32.5820        677     2.8167     1.9973  0.000e+00
     79.218     6.2439   3.246318    32.5823        678     2.8208     1.9990  0.000e+00
     79.348     6.2484   3.247802    32.5944        679     2.8250     1.9941  0.000e+00
     79.469     6.2547   3.247925    32.5897        680     2.8292     1.9923  0.000e+00
     79.599     6.2600   3.248940    32.5958        681     2.8333     1.9914  0.000e+00
     79.729     6.2649   3.249873    32.6014        682     2.8375     1.9894  0.000e+00
     79.861     6.2707   3.250492    32.6027        683     2.8417     1.9875  0.000e+00
     79.993     6.2762   3.250587    32.5984        684     2.8458     1.9857  0.000e+00
     80.138     6.2802   3.250888    32.5978        685     2.8500     1.9844  0.000e+00
     80.277     6.2834   3.251173    32.5979        686     2.8542     1.9830  0.000e+00
     80.414     6.2863   3.252011    32.6043        687     2.8583     1.9807  0.000e+00
     80.555     6.2900   3.252820    32.6097        688     2.8625     1.9797  0.000e+00
     80.698     6.2948   3.253557    32.6132        689     2.8667     1.9780  0.000e+00
     80.848     6.3003   3.254613    32.6197        690     2.8708     1.9768  0.000e+00
     80.986     6.3065   3.255819    32.6270        691     2.8750     1.9745  0.000e+00
     81.128     6.3138   3.256713    32.6299        692     2.8792     1.9730  0.000e+00
     81.268     6.3211   3.257389    32.6303        693     2.8833     1.9720  0.000e+00
     81.409     6.3278   3.258953    32.6412        694     2.8875     1.9714  0.000e+00
     81.550     6.3358   3.259506    32.6396        695     2.8917     1.9706  0.000e+00
     81.687     6.3438   3.261177    32.6505        696     2.8958     1.9678  0.000e+00
     81.830     6.3531   3.263195    32.6638        697     2.9000     1.9678  0.000e+00
     81.971     6.3646   3.264324    32.6653        698     2.9042     1.9660  0.000e+00
     82.119     6.3762   3.265510    32.6672        699     2.9083     1.9659  0.000e+00
     82.267     6.3867   3.265448    32.6564        700     2.9125     1.9632  0.000e+00
     82.410     6.3944   3.266348    32.6589        701     2.9167     1.9636  0.000e+00
     82.558     6.4008   3.267310    32.6634        702     2.9208     1.9623  0.000e+00
     82.703     6.4074   3.268026    32.6650        703     2.9250     1.9601  0.000e+00
     82.842     6.4140   3.268742    32.6665        704     2.9292     1.9594  0.000e+00
     82.981     6.4201   3.269397    32.6679        705     2.9333     1.9570  0.000e+00
     83.113     6.4256   3.269654    32.6654        706     2.9375     1.9560  0.000e+00
     83.252     6.4299   3.269928    32.6642        707     2.9417     1.9537  0.000e+00
     83.381     6.4335   3.270544    32.6676        708     2.9458     1.9533  0.000e+00
     83.518     6.4371   3.270829    32.6672        709     2.9500     1.9519  0.000e+00
     83.653     6.4404   3.271299    32.6692        710     2.9542     1.9501  0.000e+00
     83.796     6.4436   3.271876    32.6724        711     2.9583     1.9487  0.000e+00
     83.935     6.4471   3.272486    32.6757        712     2.9625     1.9473  0.000e+00
     84.082     6.4510   3.272794    32.6754        713     2.9667     1.9459  0.000e+00
     84.221     6.4547   3.272939    32.6733        714     2.9708     1.9452  0.000e+00
     84.366     6.4573   3.273616    32.6783        715     2.9750     1.9437  0.000e+00
     84.512     6.4603   3.273717    32.6764        716     2.9792     1.9421  0.000e+00
     84.658     6.4631   3.274680    32.6843        717     2.9833     1.9409  0.000e+00
     84.807     6.4668   3.274954    32.6838        718     2.9875     1.9396  0.000e+00
     84.953     6.4705   3.275581    32.6871        719     2.9917     1.9394  0.000e+00
     85.098     6.4740   3.276197    32.6905        720     2.9958     1.9383  0.000e+00
     85.235     6.4781   3.277121    32.6967        721     3.0000     1.9381  0.000e+00
     85.376     6.4829   3.277558    32.6969        722     3.0042     1.9372  0.000e+00
     85.517     6.4876   3.278006    32.6972        723     3.0083     1.9360  0.000e+00
     85.658     6.4918   3.278768    32.7016        724     3.0125     1.9353  0.000e+00
     85.803     6.4963   3.279070    32.7006        725     3.0167     1.9346  0.000e+00
     85.947     6.5002   3.279322    32.6995        726     3.0208     1.9333  0.000e+00
     86.095     6.5034   3.279569    32.6992        727     3.0250     1.9326  0.000e+00
     86.252     6.5061   3.279855    32.6997        728     3.0292     1.9307  0.000e+00
     86.411     6.5083   3.280191    32.7011        729     3.0333     1.9298  0.000e+00
