HB2402/sbe129.cnv
* Sea-Bird SBE 19plus V2 Data File:
* FileName = C:\cruise\data\sbe129.hex
* Software Version Seasave V 7.26.7.121
* Temperature SN = 7037
* Conductivity SN = 7037
* System UpLoad Time = May 08 2024 09:20:14
* NMEA Latitude = 43 30.02 N
* NMEA Longitude = 068 44.07 W
* NMEA UTC (Time) = May 08 2024  09:19:09
** Ship: Bigelow
** Cruise:  HB2402
** Program:  Spring Bottom Trawl
# nquan = 8
# nvalues = 4060                                  
# units = specified
# name 0 = depSM: Depth [salt water, m]
# name 1 = tv290C: Temperature [ITS-90, deg C]
# name 2 = c0S/m: Conductivity [S/m]
# name 3 = sal00: Salinity, Practical [PSU]
# name 4 = scan: Scan Count
# name 5 = timeM: Time, Elapsed [minutes]
# name 6 = sbeox0V: Oxygen raw, SBE 43 [V]
# name 7 = flag:  0.000e+00
# span 0 =     -0.131,    138.116                 
# span 1 =     5.1826,     9.5932                 
# span 2 =   0.000015,   3.375272                 
# span 3 =     0.0048,    32.9004                 
# span 4 =         11,       4070                 
# span 5 =     0.0417,    16.9542                 
# span 6 =     1.9591,     2.9436                 
# span 7 = 0.0000e+00, 0.0000e+00                 
# interval = seconds: 0.25
# start_time = May 08 2024 09:19:09 [NMEA time, header]
# bad_flag = -9.990e-29
*END*
[from data line 2158]
     82.831     5.6277   3.192838    32.5740       2169     9.0333     2.0908  0.000e+00
     82.811     5.6271   3.192916    32.5755       2170     9.0375     2.0908  0.000e+00
     82.793     5.6268   3.192899    32.5756       2171     9.0417     2.0905  0.000e+00
     82.776     5.6267   3.193054    32.5775       2172     9.0458     2.0905  0.000e+00
     82.775     5.6269   3.193038    32.5771       2173     9.0500     2.0903  0.000e+00
     82.771     5.6272   3.193038    32.5768       2174     9.0542     2.0898  0.000e+00
     82.774     5.6272   3.192938    32.5757       2175     9.0583     2.0898  0.000e+00
     82.773     5.6270   3.192877    32.5751       2176     9.0625     2.0893  0.000e+00
     82.783     5.6269   3.192760    32.5739       2177     9.0667     2.0898  0.000e+00
     82.794     5.6263   3.192738    32.5742       2178     9.0708     2.0898  0.000e+00
     82.801     5.6259   3.192760    32.5749       2179     9.0750     2.0904  0.000e+00
     82.807     5.6258   3.192838    32.5758       2180     9.0792     2.0902  0.000e+00
     82.818     5.6257   3.192638    32.5737       2181     9.0833     2.0895  0.000e+00
     82.814     5.6254   3.192716    32.5749       2182     9.0875     2.0908  0.000e+00
     82.818     5.6253   3.192816    32.5761       2183     9.0917     2.0895  0.000e+00
     82.810     5.6255   3.192738    32.5751       2184     9.0958     2.0895  0.000e+00
     82.790     5.6254   3.192616    32.5737       2185     9.1000     2.0900  0.000e+00
     82.774     5.6250   3.192577    32.5737       2186     9.1042     2.0895  0.000e+00
     82.743     5.6247   3.192561    32.5738       2187     9.1083     2.0895  0.000e+00
     82.706     5.6245   3.192500    32.5734       2188     9.1125     2.0895  0.000e+00
     82.659     5.6241   3.192478    32.5735       2189     9.1167     2.0885  0.000e+00
     82.603     5.6239   3.192400    32.5729       2190     9.1208     2.0893  0.000e+00
     82.545     5.6235   3.192239    32.5715       2191     9.1250     2.0886  0.000e+00
     82.476     5.6229   3.192178    32.5713       2192     9.1292     2.0901  0.000e+00
     82.407     5.6225   3.192239    32.5725       2193     9.1333     2.0896  0.000e+00
     82.330     5.6221   3.192023    32.5704       2194     9.1375     2.0892  0.000e+00
     82.247     5.6217   3.191879    32.5692       2195     9.1417     2.0904  0.000e+00
     82.174     5.6209   3.190765    32.5575       2196     9.1458     2.0906  0.000e+00
     82.104     5.6187   3.190748    32.5595       2197     9.1500     2.0901  0.000e+00
     82.031     5.6162   3.190726    32.5617       2198     9.1542     2.0908  0.000e+00
     81.966     5.6147   3.190372    32.5592       2199     9.1583     2.0905  0.000e+00
     81.907     5.6130   3.190388    32.5610       2200     9.1625     2.0909  0.000e+00
     81.861     5.6120   3.190466    32.5629       2201     9.1667     2.0911  0.000e+00
     81.825     5.6114   3.190349    32.5622       2202     9.1708     2.0910  0.000e+00
     81.795     5.6111   3.190211    32.5609       2203     9.1750     2.0905  0.000e+00
     81.773     5.6105   3.190410    32.5638       2204     9.1792     2.0918  0.000e+00
     81.758     5.6103   3.190466    32.5645       2205     9.1833     2.0929  0.000e+00
     81.751     5.6103   3.190410    32.5639       2206     9.1875     2.0927  0.000e+00
     81.744     5.6106   3.190466    32.5643       2207     9.1917     2.0924  0.000e+00
     81.738     5.6106   3.190372    32.5633       2208     9.1958     2.0931  0.000e+00
     81.744     5.6106   3.190372    32.5633       2209     9.2000     2.0924  0.000e+00
     81.744     5.6103   3.190311    32.5628       2210     9.2042     2.0925  0.000e+00
     81.729     5.6101   3.190466    32.5648       2211     9.2083     2.0924  0.000e+00
     81.718     5.6103   3.190410    32.5640       2212     9.2125     2.0924  0.000e+00
     81.704     5.6103   3.190327    32.5631       2213     9.2167     2.0927  0.000e+00
     81.690     5.6102   3.190172    32.5614       2214     9.2208     2.0924  0.000e+00
     81.659     5.6098   3.190189    32.5620       2215     9.2250     2.0936  0.000e+00
     81.621     5.6094   3.190211    32.5626       2216     9.2292     2.0934  0.000e+00
     81.579     5.6094   3.190250    32.5631       2217     9.2333     2.0939  0.000e+00
     81.534     5.6092   3.190111    32.5617       2218     9.2375     2.0941  0.000e+00
     81.487     5.6091   3.190089    32.5616       2219     9.2417     2.0949  0.000e+00
     81.436     5.6088   3.190117    32.5623       2220     9.2458     2.0957  0.000e+00
     81.384     5.6087   3.190128    32.5625       2221     9.2500     2.0960  0.000e+00
     81.330     5.6087   3.190172    32.5630       2222     9.2542     2.0960  0.000e+00
     81.274     5.6087   3.190072    32.5619       2223     9.2583     2.0963  0.000e+00
     81.227     5.6086   3.190150    32.5629       2224     9.2625     2.0954  0.000e+00
     81.180     5.6085   3.190172    32.5633       2225     9.2667     2.0960  0.000e+00
     81.129     5.6086   3.190188    32.5634       2226     9.2708     2.0967  0.000e+00
     81.084     5.6087   3.190072    32.5620       2227     9.2750     2.0969  0.000e+00
     81.043     5.6085   3.189972    32.5611       2228     9.2792     2.0966  0.000e+00
     81.008     5.6081   3.189612    32.5574       2229     9.2833     2.0967  0.000e+00
     80.970     5.6071   3.189535    32.5575       2230     9.2875     2.0971  0.000e+00
     80.938     5.6061   3.189496    32.5580       2231     9.2917     2.0976  0.000e+00
     80.916     5.6055   3.189235    32.5557       2232     9.2958     2.0965  0.000e+00
     80.896     5.6044   3.189252    32.5570       2233     9.3000     2.0963  0.000e+00
     80.883     5.6036   3.189213    32.5573       2234     9.3042     2.0969  0.000e+00
     80.867     5.6030   3.188975    32.5552       2235     9.3083     2.0973  0.000e+00
     80.855     5.6023   3.189136    32.5577       2236     9.3125     2.0969  0.000e+00
     80.849     5.6018   3.188875    32.5553       2237     9.3167     2.0975  0.000e+00
     80.842     5.6014   3.188897    32.5559       2238     9.3208     2.0976  0.000e+00
     80.833     5.6007   3.188499    32.5521       2239     9.3250     2.0979  0.000e+00
     80.824     5.5996   3.188499    32.5532       2240     9.3292     2.0982  0.000e+00
     80.816     5.5987   3.188421    32.5531       2241     9.3333     2.0981  0.000e+00
     80.804     5.5980   3.188476    32.5544       2242     9.3375     2.0982  0.000e+00
     80.784     5.5975   3.188499    32.5552       2243     9.3417     2.0976  0.000e+00
     80.760     5.5972   3.188460    32.5550       2244     9.3458     2.0976  0.000e+00
     80.722     5.5970   3.188199    32.5523       2245     9.3500     2.0984  0.000e+00
     80.683     5.5965   3.188238    32.5532       2246     9.3542     2.0977  0.000e+00
     80.632     5.5961   3.188100    32.5521       2247     9.3583     2.0981  0.000e+00
     80.572     5.5958   3.187983    32.5511       2248     9.3625     2.0981  0.000e+00
     80.507     5.5953   3.187922    32.5510       2249     9.3667     2.0975  0.000e+00
     80.435     5.5951   3.187845    32.5503       2250     9.3708     2.0979  0.000e+00
     80.363     5.5947   3.187823    32.5505       2251     9.3750     2.0982  0.000e+00
     80.278     5.5943   3.187784    32.5504       2252     9.3792     2.0967  0.000e+00
     80.191     5.5941   3.187762    32.5504       2253     9.3833     2.0976  0.000e+00
     80.113     5.5940   3.187662    32.5495       2254     9.3875     2.0980  0.000e+00
     80.025     5.5939   3.187562    32.5484       2255     9.3917     2.0979  0.000e+00
     79.947     5.5937   3.187462    32.5476       2256     9.3958     2.0981  0.000e+00
     79.878     5.5934   3.187523    32.5486       2257     9.4000     2.0992  0.000e+00
     79.819     5.5931   3.187324    32.5466       2258     9.4042     2.0995  0.000e+00
     79.761     5.5927   3.187268    32.5464       2259     9.4083     2.1011  0.000e+00
     79.708     5.5923   3.187246    32.5466       2260     9.4125     2.0999  0.000e+00
     79.665     5.5918   3.187246    32.5471       2261     9.4167     2.1002  0.000e+00
     79.631     5.5916   3.187246    32.5473       2262     9.4208     2.1006  0.000e+00
     79.604     5.5913   3.187224    32.5474       2263     9.4250     2.1008  0.000e+00
     79.586     5.5911   3.187224    32.5475       2264     9.4292     2.0996  0.000e+00
     79.566     5.5911   3.187307    32.5485       2265     9.4333     2.1037  0.000e+00
     79.555     5.5912   3.187268    32.5480       2266     9.4375     2.1000  0.000e+00
     79.544     5.5913   3.187324    32.5485       2267     9.4417     2.1024  0.000e+00
     79.544     5.5914   3.187324    32.5484       2268     9.4458     2.1037  0.000e+00
     79.540     5.5916   3.187285    32.5478       2269     9.4500     2.1027  0.000e+00
     79.538     5.5915   3.187307    32.5481       2270     9.4542     2.0996  0.000e+00
     79.538     5.5915   3.187606    32.5515       2271     9.4583     2.1022  0.000e+00
     79.542     5.5920   3.187662    32.5517       2272     9.4625     2.0992  0.000e+00
     79.537     5.5926   3.187784    32.5525       2273     9.4667     2.0989  0.000e+00
     79.531     5.5934   3.187800    32.5519       2274     9.4708     2.1028  0.000e+00
     79.513     5.5939   3.187822    32.5517       2275     9.4750     2.1026  0.000e+00
     79.498     5.5943   3.187822    32.5512       2276     9.4792     2.1031  0.000e+00
     79.470     5.5945   3.187822    32.5511       2277     9.4833     2.1029  0.000e+00
     79.433     5.5947   3.187822    32.5509       2278     9.4875     2.1031  0.000e+00
     79.394     5.5947   3.187706    32.5496       2279     9.4917     2.1007  0.000e+00
     79.357     5.5947   3.187545    32.5478       2280     9.4958     2.1027  0.000e+00
     79.303     5.5942   3.187146    32.5439       2281     9.5000     2.1037  0.000e+00
     79.249     5.5931   3.187069    32.5440       2282     9.5042     2.1002  0.000e+00
     79.193     5.5920   3.187069    32.5452       2283     9.5083     2.1029  0.000e+00
     79.135     5.5912   3.187108    32.5463       2284     9.5125     2.1029  0.000e+00
     79.070     5.5908   3.187030    32.5459       2285     9.5167     2.1028  0.000e+00
     79.012     5.5905   3.186986    32.5457       2286     9.5208     2.1029  0.000e+00
     78.958     5.5902   3.186930    32.5454       2287     9.5250     2.1031  0.000e+00
     78.900     5.5899   3.186930    32.5458       2288     9.5292     2.1028  0.000e+00
     78.842     5.5899   3.186808    32.5444       2289     9.5333     2.1036  0.000e+00
     78.793     5.5893   3.186947    32.5465       2290     9.5375     2.1025  0.000e+00
     78.741     5.5892   3.186886    32.5460       2291     9.5417     2.1030  0.000e+00
     78.701     5.5892   3.186808    32.5452       2292     9.5458     2.1034  0.000e+00
     78.658     5.5890   3.186847    32.5458       2293     9.5500     2.1034  0.000e+00
     78.620     5.5889   3.186808    32.5455       2294     9.5542     2.1027  0.000e+00
     78.589     5.5888   3.186747    32.5449       2295     9.5583     2.1056  0.000e+00
     78.555     5.5886   3.186731    32.5449       2296     9.5625     2.1031  0.000e+00
     78.519     5.5884   3.186731    32.5452       2297     9.5667     2.1059  0.000e+00
     78.483     5.5882   3.186747    32.5455       2298     9.5708     2.1060  0.000e+00
     78.450     5.5881   3.186731    32.5454       2299     9.5750     2.1054  0.000e+00
     78.408     5.5881   3.186692    32.5450       2300     9.5792     2.1025  0.000e+00
     78.361     5.5882   3.186609    32.5440       2301     9.5833     2.1062  0.000e+00
     78.313     5.5879   3.186548    32.5436       2302     9.5875     2.1072  0.000e+00
     78.258     5.5877   3.186493    32.5433       2303     9.5917     2.1046  0.000e+00
     78.195     5.5872   3.186470    32.5435       2304     9.5958     2.1067  0.000e+00
     78.130     5.5871   3.186448    32.5434       2305     9.6000     2.1060  0.000e+00
     78.060     5.5868   3.186354    32.5426       2306     9.6042     2.1038  0.000e+00
     77.993     5.5864   3.186310    32.5426       2307     9.6083     2.1059  0.000e+00
     77.917     5.5861   3.186310    32.5429       2308     9.6125     2.1073  0.000e+00
     77.846     5.5859   3.186110    32.5408       2309     9.6167     2.1044  0.000e+00
     77.778     5.5854   3.185972    32.5398       2310     9.6208     2.1063  0.000e+00
     77.720     5.5847   3.186055    32.5414       2311     9.6250     2.1038  0.000e+00
     77.658     5.5843   3.185916    32.5403       2312     9.6292     2.1052  0.000e+00
     77.615     5.5838   3.185855    32.5401       2313     9.6333     2.1070  0.000e+00
     77.575     5.5835   3.185855    32.5405       2314     9.6375     2.1065  0.000e+00
     77.539     5.5830   3.185916    32.5416       2315     9.6417     2.1067  0.000e+00
     77.517     5.5829   3.185855    32.5410       2316     9.6458     2.1069  0.000e+00
     77.508     5.5828   3.185795    32.5405       2317     9.6500     2.1069  0.000e+00
     77.496     5.5827   3.185817    32.5408       2318     9.6542     2.1068  0.000e+00
     77.498     5.5824   3.185817    32.5411       2319     9.6583     2.1063  0.000e+00
     77.501     5.5825   3.185817    32.5410       2320     9.6625     2.1069  0.000e+00
     77.512     5.5823   3.185872    32.5418       2321     9.6667     2.1060  0.000e+00
     77.532     5.5825   3.185955    32.5426       2322     9.6708     2.1039  0.000e+00
     77.543     5.5826   3.185972    32.5426       2323     9.6750     2.1051  0.000e+00
     77.552     5.5831   3.185955    32.5420       2324     9.6792     2.1065  0.000e+00
     77.555     5.5831   3.185955    32.5419       2325     9.6833     2.1062  0.000e+00
     77.539     5.5831   3.185833    32.5406       2326     9.6875     2.1055  0.000e+00
     77.523     5.5829   3.185817    32.5406       2327     9.6917     2.1049  0.000e+00
     77.496     5.5826   3.185811    32.5408       2328     9.6958     2.1060  0.000e+00
     77.454     5.5824   3.185756    32.5404       2329     9.7000     2.1055  0.000e+00
     77.411     5.5824   3.185717    32.5400       2330     9.7042     2.1048  0.000e+00
     77.353     5.5822   3.185695    32.5400       2331     9.7083     2.1067  0.000e+00
     77.288     5.5819   3.185595    32.5392       2332     9.7125     2.1062  0.000e+00
     77.223     5.5816   3.185534    32.5388       2333     9.7167     2.1060  0.000e+00
     77.145     5.5814   3.185357    32.5370       2334     9.7208     2.1075  0.000e+00
     77.073     5.5808   3.184205    32.5247       2335     9.7250     2.1049  0.000e+00
     76.997     5.5785   3.183768    32.5219       2336     9.7292     2.1073  0.000e+00
     76.923     5.5753   3.183712    32.5245       2337     9.7333     2.1063  0.000e+00
     76.849     5.5727   3.183452    32.5240       2338     9.7375     2.1062  0.000e+00
     76.785     5.5707   3.183330    32.5247       2339     9.7417     2.1069  0.000e+00
     76.718     5.5690   3.183291    32.5259       2340     9.7458     2.1063  0.000e+00
     76.659     5.5678   3.183236    32.5265       2341     9.7500     2.1079  0.000e+00
     76.603     5.5671   3.183192    32.5266       2342     9.7542     2.1073  0.000e+00
     76.554     5.5665   3.183153    32.5268       2343     9.7583     2.1070  0.000e+00
     76.507     5.5659   3.183075    32.5265       2344     9.7625     2.1072  0.000e+00
     76.460     5.5656   3.183075    32.5269       2345     9.7667     2.1073  0.000e+00
     76.417     5.5652   3.183037    32.5268       2346     9.7708     2.1071  0.000e+00
     76.371     5.5651   3.182992    32.5265       2347     9.7750     2.1068  0.000e+00
