HB2402/sbe141.cnv
* Sea-Bird SBE 19plus Data File:
* FileName = C:\cruise\data\sbe141.hex
* Software Version Seasave V 7.26.7.121
* Temperature SN = 4684
* Conductivity SN = 4684
* System UpLoad Time = May 13 2024 05:41:17
* NMEA Latitude = 39 35.76 N
* NMEA Longitude = 072 02.81 W
* NMEA UTC (Time) = May 13 2024  05:39:18
** Ship: Bigelow
** Cruise:  HB2402
** Program:  Springl Bottom Trawl
# nquan = 7
# nvalues = 3475                                  
# units = specified
# name 0 = depSM: Depth [salt water, m]
# name 1 = tv290C: Temperature [ITS-90, deg C]
# name 2 = c0S/m: Conductivity [S/m]
# name 3 = sal00: Salinity, Practical [PSU]
# name 4 = scan: Scan Count
# name 5 = timeM: Time, Elapsed [minutes]
# name 6 = flag:  0.000e+00
# span 0 =     -0.071,    223.690                 
# span 1 =     6.5875,    14.1624                 
# span 2 =   0.091635,   4.287098                 
# span 3 =     0.6915,    35.9127                 
# span 4 =         11,       3485                 
# span 5 =     0.0417,    14.5167                 
# span 6 = 0.0000e+00, 0.0000e+00                 
# interval = seconds: 0.25
# start_time = May 13 2024 05:39:18 [NMEA time, header]
# bad_flag = -9.990e-29
*END*
[from data line 1642]
    203.682    11.0291   3.939762    35.2366       1653     6.8833  0.000e+00
    203.785    11.0285   3.939624    35.2357       1654     6.8875  0.000e+00
    203.901    11.0276   3.939611    35.2363       1655     6.8917  0.000e+00
    204.010    11.0271   3.939651    35.2371       1656     6.8958  0.000e+00
    204.138    11.0268   3.939919    35.2400       1657     6.9000  0.000e+00
    204.272    11.0278   3.940232    35.2422       1658     6.9042  0.000e+00
    204.433    11.0290   3.940409    35.2427       1659     6.9083  0.000e+00
    204.603    11.0306   3.940219    35.2392       1660     6.9125  0.000e+00
    204.804    11.0307   3.939527    35.2321       1661     6.9167  0.000e+00
    205.011    11.0277   3.938684    35.2265       1662     6.9208  0.000e+00
    205.257    11.0217   3.938037    35.2257       1663     6.9250  0.000e+00
    205.534    11.0149   3.937606    35.2278       1664     6.9292  0.000e+00
    205.811    11.0089   3.936907    35.2264       1665     6.9333  0.000e+00
    206.100    11.0027   3.936398    35.2271       1666     6.9375  0.000e+00
    206.407    10.9963   3.935399    35.2231       1667     6.9417  0.000e+00
    206.705    10.9885   3.934576    35.2222       1668     6.9458  0.000e+00
    206.994    10.9800   3.934002    35.2245       1669     6.9500  0.000e+00
    207.274    10.9725   3.933199    35.2236       1670     6.9542  0.000e+00
    207.535    10.9647   3.931880    35.2177       1671     6.9583  0.000e+00
    207.781    10.9547   3.929086    35.1993       1672     6.9625  0.000e+00
    208.013    10.9377   3.928035    35.2050       1673     6.9667  0.000e+00
    208.231    10.9185   3.924773    35.1907       1674     6.9708  0.000e+00
    208.435    10.8955   3.922601    35.1908       1675     6.9750  0.000e+00
    208.624    10.8728   3.921955    35.2061       1676     6.9792  0.000e+00
    208.809    10.8547   3.918454    35.1883       1677     6.9833  0.000e+00
    208.992    10.8319   3.917561    35.2012       1678     6.9875  0.000e+00
    209.171    10.8114   3.916818    35.2133       1679     6.9917  0.000e+00
    209.348    10.7975   3.916499    35.2234       1680     6.9958  0.000e+00
    209.515    10.7895   3.915697    35.2230       1681     7.0000  0.000e+00
    209.694    10.7826   3.915352    35.2260       1682     7.0042  0.000e+00
    209.862    10.7764   3.914348    35.2219       1683     7.0083  0.000e+00
    210.026    10.7692   3.913964    35.2248       1684     7.0125  0.000e+00
    210.205    10.7623   3.913312    35.2249       1685     7.0167  0.000e+00
    210.375    10.7562   3.913215    35.2297       1686     7.0208  0.000e+00
    210.540    10.7514   3.912785    35.2300       1687     7.0250  0.000e+00
    210.710    10.7474   3.912544    35.2313       1688     7.0292  0.000e+00
    210.889    10.7436   3.912342    35.2328       1689     7.0333  0.000e+00
    211.066    10.7409   3.911931    35.2312       1690     7.0375  0.000e+00
    211.242    10.7378   3.911391    35.2287       1691     7.0417  0.000e+00
    211.428    10.7333   3.910648    35.2254       1692     7.0458  0.000e+00
    211.619    10.7274   3.909586    35.2204       1693     7.0500  0.000e+00
    211.814    10.7192   3.907847    35.2107       1694     7.0542  0.000e+00
    212.015    10.7072   3.906434    35.2079       1695     7.0583  0.000e+00
    212.221    10.6934   3.905087    35.2076       1696     7.0625  0.000e+00
    212.434    10.6794   3.904143    35.2115       1697     7.0667  0.000e+00
    212.632    10.6676   3.903446    35.2158       1698     7.0708  0.000e+00
    212.833    10.6573   3.902776    35.2188       1699     7.0750  0.000e+00
    213.033    10.6487   3.901774    35.2170       1700     7.0792  0.000e+00
    213.252    10.6399   3.900550    35.2130       1701     7.0833  0.000e+00
    213.450    10.6293   3.899464    35.2122       1702     7.0875  0.000e+00
    213.645    10.6177   3.898104    35.2095       1703     7.0917  0.000e+00
    213.836    10.6054   3.897122    35.2114       1704     7.0958  0.000e+00
    214.031    10.5940   3.896491    35.2160       1705     7.1000  0.000e+00
    214.223    10.5842   3.895184    35.2121       1706     7.1042  0.000e+00
    214.405    10.5736   3.893824    35.2086       1707     7.1083  0.000e+00
    214.591    10.5612   3.893350    35.2156       1708     7.1125  0.000e+00
    214.770    10.5513   3.892466    35.2162       1709     7.1167  0.000e+00
    214.937    10.5432   3.891412    35.2133       1710     7.1208  0.000e+00
    215.108    10.5336   3.890905    35.2173       1711     7.1250  0.000e+00
    215.269    10.5257   3.890080    35.2166       1712     7.1292  0.000e+00
    215.415    10.5183   3.889027    35.2130       1713     7.1333  0.000e+00
    215.558    10.5097   3.888006    35.2110       1714     7.1375  0.000e+00
    215.704    10.5000   3.887617    35.2163       1715     7.1417  0.000e+00
    215.840    10.4922   3.887383    35.2214       1716     7.1458  0.000e+00
    215.983    10.4873   3.886921    35.2214       1717     7.1500  0.000e+00
    216.132    10.4838   3.886935    35.2249       1718     7.1542  0.000e+00
    216.284    10.4811   3.886506    35.2231       1719     7.1583  0.000e+00
    216.443    10.4780   3.886064    35.2215       1720     7.1625  0.000e+00
    216.610    10.4746   3.886032    35.2244       1721     7.1667  0.000e+00
    216.801    10.4721   3.885902    35.2254       1722     7.1708  0.000e+00
    216.999    10.4704   3.885661    35.2246       1723     7.1750  0.000e+00
    217.212    10.4688   3.885570    35.2250       1724     7.1792  0.000e+00
    217.419    10.4673   3.885402    35.2247       1725     7.1833  0.000e+00
    217.650    10.4656   3.884999    35.2222       1726     7.1875  0.000e+00
    217.890    10.4632   3.884349    35.2178       1727     7.1917  0.000e+00
    218.127    10.4594   3.883355    35.2114       1728     7.1958  0.000e+00
    218.380    10.4526   3.882751    35.2116       1729     7.2000  0.000e+00
    218.617    10.4458   3.881777    35.2083       1730     7.2042  0.000e+00
    218.879    10.4377   3.881056    35.2086       1731     7.2083  0.000e+00
    219.116    10.4295   3.880310    35.2090       1732     7.2125  0.000e+00
    219.350    10.4219   3.880004    35.2131       1733     7.2167  0.000e+00
    219.578    10.4162   3.879388    35.2123       1734     7.2208  0.000e+00
    219.803    10.4106   3.878570    35.2093       1735     7.2250  0.000e+00
    220.025    10.4042   3.877576    35.2053       1736     7.2292  0.000e+00
    220.232    10.3963   3.876934    35.2063       1737     7.2333  0.000e+00
    220.429    10.3884   3.876914    35.2137       1738     7.2375  0.000e+00
    220.624    10.3833   3.875311    35.2023       1739     7.2417  0.000e+00
    220.816    10.3753   3.873870    35.1953       1740     7.2458  0.000e+00
    221.010    10.3636   3.872164    35.1893       1741     7.2500  0.000e+00
    221.196    10.3500   3.871366    35.1942       1742     7.2542  0.000e+00
    221.393    10.3383   3.869517    35.1867       1743     7.2583  0.000e+00
    221.603    10.3251   3.868116    35.1851       1744     7.2625  0.000e+00
    221.804    10.3109   3.867182    35.1893       1745     7.2667  0.000e+00
    222.014    10.2987   3.865723    35.1863       1746     7.2708  0.000e+00
    222.239    10.2863   3.865516    35.1960       1747     7.2750  0.000e+00
    222.452    10.2775   3.864232    35.1914       1748     7.2792  0.000e+00
    222.665    10.2682   3.863137    35.1892       1749     7.2833  0.000e+00
    222.853    10.2578   3.861484    35.1824       1750     7.2875  0.000e+00
    223.054    10.2450   3.860311    35.1827       1751     7.2917  0.000e+00
    223.255    10.2317   3.859812    35.1905       1752     7.2958  0.000e+00
    223.221    10.2220   3.859041    35.1921       1753     7.3000  0.000e+00
    223.236    10.2138   3.858549    35.1950       1754     7.3042  0.000e+00
    223.115    10.2069   3.855951    35.1753       1755     7.3083  0.000e+00
    223.102    10.1928   3.855743    35.1869       1756     7.3125  0.000e+00
    223.020    10.1814   3.856184    35.2024       1757     7.3167  0.000e+00
    222.969    10.1770   3.856353    35.2085       1758     7.3208  0.000e+00
    222.865    10.1770   3.856489    35.2098       1759     7.3250  0.000e+00
    222.801    10.1779   3.856605    35.2102       1760     7.3292  0.000e+00
    222.716    10.1793   3.856819    35.2111       1761     7.3333  0.000e+00
    222.677    10.1809   3.856955    35.2110       1762     7.3375  0.000e+00
    222.607    10.1826   3.857117    35.2110       1763     7.3417  0.000e+00
    222.564    10.1842   3.857233    35.2106       1764     7.3458  0.000e+00
    222.528    10.1860   3.857447    35.2111       1765     7.3500  0.000e+00
    222.519    10.1878   3.857506    35.2099       1766     7.3542  0.000e+00
    222.501    10.1892   3.857363    35.2071       1767     7.3583  0.000e+00
    222.485    10.1896   3.857311    35.2062       1768     7.3625  0.000e+00
    222.470    10.1893   3.857233    35.2057       1769     7.3667  0.000e+00
    222.461    10.1888   3.857752    35.2115       1770     7.3708  0.000e+00
    222.443    10.1902   3.857778    35.2104       1771     7.3750  0.000e+00
    222.422    10.1922   3.857862    35.2094       1772     7.3792  0.000e+00
    222.406    10.1933   3.857920    35.2089       1773     7.3833  0.000e+00
    222.388    10.1943   3.857803    35.2067       1774     7.3875  0.000e+00
    222.376    10.1946   3.857888    35.2073       1775     7.3917  0.000e+00
    222.367    10.1947   3.858082    35.2091       1776     7.3958  0.000e+00
    222.361    10.1958   3.858283    35.2101       1777     7.4000  0.000e+00
    222.364    10.1973   3.858575    35.2117       1778     7.4042  0.000e+00
    222.388    10.1992   3.858659    35.2106       1779     7.4083  0.000e+00
    222.413    10.2010   3.858490    35.2072       1780     7.4125  0.000e+00
    222.458    10.2016   3.858270    35.2043       1781     7.4167  0.000e+00
    222.516    10.2006   3.858076    35.2033       1782     7.4208  0.000e+00
    222.598    10.1989   3.857940    35.2035       1783     7.4250  0.000e+00
    222.686    10.1974   3.857778    35.2033       1784     7.4292  0.000e+00
    222.796    10.1959   3.857693    35.2038       1785     7.4333  0.000e+00
    222.905    10.1947   3.857603    35.2041       1786     7.4375  0.000e+00
    223.033    10.1937   3.857473    35.2037       1787     7.4417  0.000e+00
    223.155    10.1924   3.857253    35.2026       1788     7.4458  0.000e+00
    223.279    10.1908   3.857175    35.2033       1789     7.4500  0.000e+00
    223.395    10.1893   3.856923    35.2021       1790     7.4542  0.000e+00
    223.510    10.1878   3.856761    35.2018       1791     7.4583  0.000e+00
    223.589    10.1859   3.856651    35.2026       1792     7.4625  0.000e+00
    223.656    10.1842   3.856158    35.1991       1793     7.4667  0.000e+00
    223.690    10.1813   3.855828    35.1986       1794     7.4708  0.000e+00
    223.681    10.1777   3.855426    35.1980       1795     7.4750  0.000e+00
    223.653    10.1740   3.854980    35.1971       1796     7.4792  0.000e+00
    223.593    10.1700   3.854921    35.2004       1797     7.4833  0.000e+00
    223.498    10.1672   3.855064    35.2046       1798     7.4875  0.000e+00
    223.371    10.1664   3.855213    35.2070       1799     7.4917  0.000e+00
    223.219    10.1670   3.855744    35.2119       1800     7.4958  0.000e+00
    223.054    10.1694   3.856210    35.2143       1801     7.5000  0.000e+00
    222.878    10.1733   3.856540    35.2140       1802     7.5042  0.000e+00
    222.696    10.1775   3.857039    35.2151       1803     7.5083  0.000e+00
    222.522    10.1818   3.857344    35.2141       1804     7.5125  0.000e+00
    222.364    10.1860   3.858490    35.2217       1805     7.5167  0.000e+00
    222.227    10.1926   3.859592    35.2266       1806     7.5208  0.000e+00
    222.106    10.2021   3.859974    35.2214       1807     7.5250  0.000e+00
    222.021    10.2097   3.860123    35.2156       1808     7.5292  0.000e+00
    221.966    10.2146   3.860356    35.2132       1809     7.5333  0.000e+00
    221.933    10.2178   3.860609    35.2126       1810     7.5375  0.000e+00
    221.939    10.2203   3.860356    35.2077       1811     7.5417  0.000e+00
    221.969    10.2210   3.860311    35.2066       1812     7.5458  0.000e+00
    222.024    10.2207   3.860278    35.2065       1813     7.5500  0.000e+00
    222.097    10.2204   3.860279    35.2068       1814     7.5542  0.000e+00
    222.182    10.2202   3.860389    35.2080       1815     7.5583  0.000e+00
    222.279    10.2205   3.860149    35.2052       1816     7.5625  0.000e+00
    222.383    10.2199   3.859838    35.2025       1817     7.5667  0.000e+00
    222.489    10.2180   3.859482    35.2008       1818     7.5708  0.000e+00
    222.608    10.2154   3.858847    35.1967       1819     7.5750  0.000e+00
    222.714    10.2111   3.858380    35.1961       1820     7.5792  0.000e+00
    222.827    10.2064   3.858102    35.1978       1821     7.5833  0.000e+00
    222.918    10.2022   3.857726    35.1980       1822     7.5875  0.000e+00
    222.997    10.1985   3.857693    35.2013       1823     7.5917  0.000e+00
    223.058    10.1959   3.857506    35.2018       1824     7.5958  0.000e+00
    223.103    10.1938   3.857370    35.2024       1825     7.6000  0.000e+00
    223.134    10.1919   3.856735    35.1978       1826     7.6042  0.000e+00
    223.128    10.1884   3.856242    35.1962       1827     7.6083  0.000e+00
    223.109    10.1838   3.856074    35.1990       1828     7.6125  0.000e+00
    223.070    10.1802   3.855996    35.2016       1829     7.6167  0.000e+00
    223.006    10.1777   3.856055    35.2047       1830     7.6208  0.000e+00
    222.927    10.1770   3.856210    35.2070       1831     7.6250  0.000e+00
    222.830    10.1776   3.856599    35.2105       1832     7.6292  0.000e+00
    222.726    10.1793   3.856845    35.2113       1833     7.6333  0.000e+00
    222.614    10.1821   3.857285    35.2132       1834     7.6375  0.000e+00
    222.498    10.1857   3.857642    35.2134       1835     7.6417  0.000e+00
    222.398    10.1894   3.857804    35.2115       1836     7.6458  0.000e+00
    222.298    10.1925   3.858769    35.2183       1837     7.6500  0.000e+00
    222.216    10.1974   3.859624    35.2223       1838     7.6542  0.000e+00
    222.158    10.2048   3.859780    35.2167       1839     7.6583  0.000e+00
    222.112    10.2102   3.859669    35.2104       1840     7.6625  0.000e+00
    222.100    10.2127   3.860246    35.2139       1841     7.6667  0.000e+00
    222.115    10.2158   3.860311    35.2115       1842     7.6708  0.000e+00
    222.158    10.2183   3.860000    35.2059       1843     7.6750  0.000e+00
    222.222    10.2184   3.859754    35.2032       1844     7.6792  0.000e+00
    222.301    10.2169   3.859669    35.2038       1845     7.6833  0.000e+00
    222.392    10.2155   3.859371    35.2021       1846     7.6875  0.000e+00
    222.492    10.2136   3.859021    35.2004       1847     7.6917  0.000e+00
    222.602    10.2109   3.858659    35.1992       1848     7.6958  0.000e+00
    222.724    10.2075   3.858160    35.1974       1849     7.7000  0.000e+00
    222.824    10.2037   3.857972    35.1991       1850     7.7042  0.000e+00
    222.921    10.2001   3.857842    35.2013       1851     7.7083  0.000e+00
    223.012    10.1978   3.857693    35.2019       1852     7.7125  0.000e+00
    223.073    10.1961   3.857311    35.1996       1853     7.7167  0.000e+00
    223.128    10.1934   3.856981    35.1988       1854     7.7208  0.000e+00
    223.155    10.1901   3.856735    35.1995       1855     7.7250  0.000e+00
    223.165    10.1872   3.856573    35.2007       1856     7.7292  0.000e+00
