HB2303/ctd032.cnv
* Sea-Bird SBE 9 Data File:
* FileName = C:\cruise\data\ctd032.hex
* Software Version Seasave V 7.26.7.121
* Temperature SN = 6664
* Conductivity SN = 6035
* Number of Bytes Per Scan = 37
* Number of Voltage Words = 4
* Number of Scans Averaged by the Deck Unit = 1
* NMEA Latitude = 42 21.51 N
* NMEA Longitude = 070 27.91 W
* NMEA UTC (Time) = Aug 22 2023  06:42:08
* NMEA baud rate = 4800
** Ship: Bigelow HB2303
** Program:   ECOMON
** Chief Scientist: Audy Peoples
# nquan = 6
# nvalues = 10337                                 
# units = specified
# name 0 = depSM: Depth [salt water, m]
# name 1 = t090C: Temperature [ITS-90, deg C]
# name 2 = c0S/m: Conductivity [S/m]
# name 3 = sal00: Salinity, Practical [PSU]
# name 4 = scan: Scan Count
# name 5 = flag:  0.000e+00
# span 0 =      3.031,     67.036                 
# span 1 =     6.8823,    18.5421                 
# span 2 =   3.246732,   4.061870                 
# span 3 =    30.0783,    32.0003                 
# span 4 =          1,      10337                 
# span 5 = 0.0000e+00, 0.0000e+00                 
# interval = seconds: 0.0416667
# start_time = Aug 22 2023 06:42:08 [NMEA time, header]
# bad_flag = -9.990e-29
*END*
[from data line 9553]
      3.479    18.4678   4.056417    30.1404       9554  0.000e+00
      3.464    18.4691   4.056452    30.1396       9555  0.000e+00
      3.428    18.4709   4.056568    30.1393       9556  0.000e+00
      3.464    18.4662   4.056630    30.1433       9557  0.000e+00
      3.479    18.4569   4.056534    30.1493       9558  0.000e+00
      3.464    18.4495   4.056520    30.1546       9559  0.000e+00
      3.479    18.4471   4.056534    30.1564       9560  0.000e+00
      3.464    18.4508   4.056575    30.1541       9561  0.000e+00
      3.479    18.4560   4.056548    30.1501       9562  0.000e+00
      3.464    18.4628   4.056506    30.1447       9563  0.000e+00
      3.479    18.4704   4.056500    30.1391       9564  0.000e+00
      3.464    18.4728   4.056547    30.1378       9565  0.000e+00
      3.479    18.4724   4.056541    30.1380       9566  0.000e+00
      3.464    18.4813   4.056431    30.1306       9567  0.000e+00
      3.479    18.4882   4.056335    30.1248       9568  0.000e+00
      3.464    18.4884   4.056376    30.1249       9569  0.000e+00
      3.537    18.4931   4.056315    30.1210       9570  0.000e+00
      3.464    18.4968   4.056273    30.1179       9571  0.000e+00
      3.464    18.5022   4.056232    30.1137       9572  0.000e+00
      3.479    18.5059   4.056267    30.1113       9573  0.000e+00
      3.515    18.5029   4.056369    30.1143       9574  0.000e+00
      3.479    18.4929   4.056445    30.1222       9575  0.000e+00
      3.464    18.4902   4.056410    30.1239       9576  0.000e+00
      3.537    18.4910   4.056335    30.1227       9577  0.000e+00
      3.464    18.4895   4.056342    30.1238       9578  0.000e+00
      3.479    18.4931   4.056274    30.1207       9579  0.000e+00
      3.515    18.4986   4.056198    30.1160       9580  0.000e+00
      3.479    18.5027   4.056143    30.1126       9581  0.000e+00
      3.515    18.5092   4.056034    30.1069       9582  0.000e+00
      3.479    18.5123   4.055979    30.1042       9583  0.000e+00
      3.515    18.5116   4.055972    30.1046       9584  0.000e+00
      3.479    18.5085   4.055972    30.1069       9585  0.000e+00
      3.515    18.5084   4.055911    30.1064       9586  0.000e+00
      3.537    18.5163   4.055897    30.1006       9587  0.000e+00
      3.515    18.5230   4.055918    30.0959       9588  0.000e+00
      3.479    18.5260   4.055931    30.0938       9589  0.000e+00
      3.515    18.5263   4.055931    30.0936       9590  0.000e+00
      3.537    18.5239   4.055931    30.0953       9591  0.000e+00
      3.464    18.5222   4.055952    30.0968       9592  0.000e+00
      3.537    18.5228   4.055965    30.0964       9593  0.000e+00
      3.515    18.5229   4.055938    30.0961       9594  0.000e+00
      3.479    18.5212   4.055904    30.0971       9595  0.000e+00
      3.515    18.5210   4.055897    30.0972       9596  0.000e+00
      3.537    18.5210   4.055918    30.0973       9597  0.000e+00
      3.515    18.5190   4.055986    30.0994       9598  0.000e+00
      3.479    18.5178   4.056054    30.1008       9599  0.000e+00
      3.515    18.5176   4.056075    30.1011       9600  0.000e+00
      3.537    18.5130   4.056095    30.1046       9601  0.000e+00
      3.515    18.5071   4.056130    30.1093       9602  0.000e+00
      3.479    18.5010   4.056212    30.1144       9603  0.000e+00
      3.515    18.4947   4.056246    30.1192       9604  0.000e+00
      3.479    18.4912   4.056253    30.1219       9605  0.000e+00
      3.515    18.4923   4.056253    30.1211       9606  0.000e+00
      3.537    18.4924   4.056274    30.1212       9607  0.000e+00
      3.515    18.4945   4.056232    30.1192       9608  0.000e+00
      3.428    18.4938   4.056219    30.1197       9609  0.000e+00
      3.573    18.4899   4.056192    30.1223       9610  0.000e+00
      3.464    18.4882   4.056150    30.1232       9611  0.000e+00
      3.537    18.4947   4.056089    30.1179       9612  0.000e+00
      3.515    18.5043   4.055986    30.1101       9613  0.000e+00
      3.479    18.5137   4.055966    30.1031       9614  0.000e+00
      3.515    18.5174   4.055938    30.1001       9615  0.000e+00
      3.479    18.5170   4.055959    30.1006       9616  0.000e+00
      3.515    18.5196   4.055890    30.0981       9617  0.000e+00
      3.479    18.5260   4.055808    30.0928       9618  0.000e+00
      3.515    18.5257   4.055870    30.0935       9619  0.000e+00
      3.479    18.5240   4.055897    30.0950       9620  0.000e+00
      3.515    18.5269   4.055870    30.0926       9621  0.000e+00
      3.479    18.5306   4.055781    30.0892       9622  0.000e+00
      3.464    18.5337   4.055760    30.0868       9623  0.000e+00
      3.479    18.5356   4.055746    30.0853       9624  0.000e+00
      3.515    18.5369   4.055753    30.0844       9625  0.000e+00
      3.479    18.5375   4.055726    30.0837       9626  0.000e+00
      3.515    18.5377   4.055746    30.0837       9627  0.000e+00
      3.428    18.5382   4.055726    30.0832       9628  0.000e+00
      3.515    18.5391   4.055692    30.0823       9629  0.000e+00
      3.479    18.5398   4.055685    30.0817       9630  0.000e+00
      3.464    18.5398   4.055685    30.0817       9631  0.000e+00
      3.479    18.5401   4.055685    30.0815       9632  0.000e+00
      3.464    18.5407   4.055685    30.0811       9633  0.000e+00
      3.428    18.5415   4.055657    30.0802       9634  0.000e+00
      3.464    18.5421   4.055651    30.0798       9635  0.000e+00
      3.479    18.5415   4.055692    30.0805       9636  0.000e+00
      3.407    18.5412   4.055664    30.0806       9637  0.000e+00
      3.479    18.5410   4.055733    30.0812       9638  0.000e+00
      3.464    18.5398   4.055781    30.0825       9639  0.000e+00
      3.479    18.5391   4.055767    30.0829       9640  0.000e+00
      3.356    18.5393   4.055780    30.0829       9641  0.000e+00
      3.428    18.5396   4.055794    30.0828       9642  0.000e+00
      3.464    18.5391   4.055794    30.0831       9643  0.000e+00
      3.428    18.5391   4.055794    30.0832       9644  0.000e+00
      3.407    18.5389   4.055794    30.0833       9645  0.000e+00
      3.428    18.5391   4.055842    30.0835       9646  0.000e+00
      3.356    18.5386   4.055822    30.0838       9647  0.000e+00
      3.428    18.5388   4.055822    30.0836       9648  0.000e+00
      3.407    18.5386   4.055828    30.0838       9649  0.000e+00
      3.356    18.5389   4.055849    30.0837       9650  0.000e+00
      3.428    18.5335   4.055945    30.0885       9651  0.000e+00
      3.356    18.5267   4.056047    30.0943       9652  0.000e+00
      3.320    18.5239   4.056095    30.0968       9653  0.000e+00
      3.407    18.5196   4.056130    30.1001       9654  0.000e+00
      3.320    18.5111   4.056198    30.1070       9655  0.000e+00
      3.356    18.5006   4.056321    30.1156       9656  0.000e+00
      3.371    18.4977   4.056383    30.1183       9657  0.000e+00
      3.306    18.4957   4.056328    30.1193       9658  0.000e+00
      3.320    18.4926   4.056342    30.1216       9659  0.000e+00
      3.356    18.4912   4.056383    30.1230       9660  0.000e+00
      3.320    18.4923   4.056472    30.1230       9661  0.000e+00
      3.306    18.4920   4.056547    30.1237       9662  0.000e+00
      3.371    18.4892   4.056540    30.1258       9663  0.000e+00
      3.306    18.4864   4.056588    30.1282       9664  0.000e+00
      3.320    18.4830   4.056575    30.1305       9665  0.000e+00
      3.306    18.4806   4.056568    30.1322       9666  0.000e+00
      3.320    18.4796   4.056568    30.1330       9667  0.000e+00
      3.306    18.4821   4.056479    30.1305       9668  0.000e+00
      3.262    18.4882   4.056349    30.1249       9669  0.000e+00
      3.306    18.4956   4.056294    30.1191       9670  0.000e+00
      3.320    18.5018   4.056287    30.1144       9671  0.000e+00
      3.306    18.5063   4.056287    30.1111       9672  0.000e+00
      3.320    18.5100   4.056260    30.1082       9673  0.000e+00
      3.306    18.5112   4.056273    30.1075       9674  0.000e+00
      3.320    18.5120   4.056287    30.1070       9675  0.000e+00
      3.306    18.5100   4.056260    30.1082       9676  0.000e+00
      3.320    18.5132   4.056253    30.1059       9677  0.000e+00
      3.356    18.5177   4.056157    30.1018       9678  0.000e+00
      3.320    18.5210   4.056088    30.0988       9679  0.000e+00
      3.356    18.5266   4.055993    30.0939       9680  0.000e+00
      3.320    18.5307   4.055911    30.0903       9681  0.000e+00
      3.356    18.5333   4.055869    30.0880       9682  0.000e+00
      3.371    18.5354   4.055863    30.0864       9683  0.000e+00
      3.356    18.5363   4.055863    30.0858       9684  0.000e+00
      3.371    18.5370   4.055883    30.0854       9685  0.000e+00
      3.356    18.5370   4.055917    30.0857       9686  0.000e+00
      3.371    18.5373   4.055876    30.0851       9687  0.000e+00
      3.407    18.5375   4.055883    30.0850       9688  0.000e+00
      3.428    18.5373   4.055938    30.0856       9689  0.000e+00
      3.407    18.5373   4.055910    30.0854       9690  0.000e+00
      3.371    18.5377   4.055951    30.0855       9691  0.000e+00
      3.464    18.5373   4.055910    30.0854       9692  0.000e+00
      3.371    18.5377   4.055917    30.0852       9693  0.000e+00
      3.464    18.5377   4.055876    30.0848       9694  0.000e+00
      3.479    18.5369   4.055808    30.0849       9695  0.000e+00
      3.464    18.5344   4.055733    30.0861       9696  0.000e+00
      3.479    18.5328   4.055664    30.0866       9697  0.000e+00
      3.464    18.5316   4.055651    30.0874       9698  0.000e+00
      3.464    18.5300   4.055623    30.0884       9699  0.000e+00
      3.479    18.5292   4.055658    30.0892       9700  0.000e+00
      3.464    18.5295   4.055678    30.0892       9701  0.000e+00
      3.479    18.5289   4.055685    30.0896       9702  0.000e+00
      3.515    18.5288   4.055705    30.0899       9703  0.000e+00
      3.479    18.5306   4.055692    30.0885       9704  0.000e+00
      3.515    18.5337   4.055740    30.0866       9705  0.000e+00
      3.479    18.5360   4.055781    30.0853       9706  0.000e+00
      3.515    18.5373   4.055815    30.0846       9707  0.000e+00
      3.479    18.5382   4.055849    30.0842       9708  0.000e+00
      3.515    18.5372   4.055835    30.0849       9709  0.000e+00
      3.479    18.5342   4.055849    30.0872       9710  0.000e+00
      3.515    18.5312   4.055863    30.0894       9711  0.000e+00
      3.479    18.5309   4.055876    30.0898       9712  0.000e+00
      3.515    18.5319   4.055863    30.0889       9713  0.000e+00
      3.479    18.5335   4.055883    30.0879       9714  0.000e+00
      3.515    18.5356   4.055917    30.0867       9715  0.000e+00
      3.479    18.5368   4.055876    30.0855       9716  0.000e+00
      3.515    18.5375   4.055911    30.0852       9717  0.000e+00
      3.479    18.5382   4.055904    30.0847       9718  0.000e+00
      3.464    18.5384   4.055952    30.0849       9719  0.000e+00
      3.479    18.5377   4.055993    30.0858       9720  0.000e+00
      3.464    18.5367   4.056006    30.0866       9721  0.000e+00
      3.428    18.5354   4.056027    30.0877       9722  0.000e+00
      3.464    18.5346   4.055999    30.0881       9723  0.000e+00
      3.428    18.5337   4.055972    30.0885       9724  0.000e+00
      3.407    18.5344   4.056020    30.0885       9725  0.000e+00
      3.428    18.5353   4.056013    30.0878       9726  0.000e+00
      3.407    18.5349   4.056027    30.0881       9727  0.000e+00
      3.428    18.5353   4.056013    30.0878       9728  0.000e+00
      3.407    18.5360   4.056027    30.0874       9729  0.000e+00
      3.428    18.5365   4.055986    30.0866       9730  0.000e+00
      3.306    18.5373   4.055992    30.0861       9731  0.000e+00
      3.428    18.5377   4.056006    30.0859       9732  0.000e+00
      3.356    18.5381   4.055993    30.0856       9733  0.000e+00
      3.320    18.5386   4.055972    30.0850       9734  0.000e+00
      3.356    18.5391   4.055972    30.0846       9735  0.000e+00
      3.371    18.5388   4.055972    30.0849       9736  0.000e+00
      3.306    18.5389   4.055972    30.0848       9737  0.000e+00
      3.371    18.5393   4.055938    30.0842       9738  0.000e+00
      3.248    18.5393   4.055986    30.0847       9739  0.000e+00
      3.356    18.5391   4.055979    30.0847       9740  0.000e+00
      3.262    18.5389   4.055992    30.0849       9741  0.000e+00
      3.356    18.5386   4.056006    30.0853       9742  0.000e+00
      3.262    18.5382   4.056006    30.0856       9743  0.000e+00
      3.306    18.5382   4.056020    30.0857       9744  0.000e+00
      3.262    18.5381   4.056033    30.0859       9745  0.000e+00
      3.306    18.5381   4.055986    30.0855       9746  0.000e+00
      3.262    18.5363   4.055863    30.0858       9747  0.000e+00
      3.248    18.5356   4.055849    30.0862       9748  0.000e+00
      3.262    18.5349   4.055781    30.0861       9749  0.000e+00
      3.306    18.5339   4.055781    30.0869       9750  0.000e+00
      3.262    18.5335   4.055733    30.0868       9751  0.000e+00
      3.248    18.5326   4.055719    30.0873       9752  0.000e+00
      3.262    18.5312   4.055719    30.0883       9753  0.000e+00
      3.248    18.5309   4.055719    30.0885       9754  0.000e+00
      3.262    18.5307   4.055719    30.0887       9755  0.000e+00
      3.248    18.5299   4.055712    30.0893       9756  0.000e+00
      3.262    18.5312   4.055822    30.0891       9757  0.000e+00
      3.248    18.5337   4.055883    30.0879       9758  0.000e+00
      3.320    18.5353   4.055951    30.0873       9759  0.000e+00
      3.248    18.5363   4.055992    30.0869       9760  0.000e+00
      3.262    18.5370   4.056006    30.0865       9761  0.000e+00
      3.248    18.5377   4.056027    30.0861       9762  0.000e+00
      3.320    18.5379   4.056013    30.0859       9763  0.000e+00
      3.306    18.5375   4.056054    30.0865       9764  0.000e+00
      3.262    18.5375   4.056075    30.0867       9765  0.000e+00
      3.306    18.5373   4.056047    30.0865       9766  0.000e+00
      3.262    18.5375   4.056054    30.0865       9767  0.000e+00
      3.306    18.5370   4.056020    30.0865       9768  0.000e+00
      3.320    18.5370   4.056006    30.0864       9769  0.000e+00
      3.306    18.5361   4.055945    30.0866       9770  0.000e+00
      3.320    18.5360   4.055931    30.0866       9771  0.000e+00
      3.356    18.5356   4.055931    30.0868       9772  0.000e+00
      3.320    18.5354   4.055876    30.0865       9773  0.000e+00
      3.356    18.5349   4.055883    30.0869       9774  0.000e+00
      3.320    18.5342   4.055897    30.0876       9775  0.000e+00
      3.407    18.5346   4.055917    30.0875       9776  0.000e+00
      3.371    18.5349   4.055972    30.0877       9777  0.000e+00
      3.356    18.5360   4.056027    30.0874       9778  0.000e+00
      3.371    18.5365   4.056013    30.0869       9779  0.000e+00
      3.407    18.5370   4.056054    30.0868       9780  0.000e+00
      3.371    18.5370   4.056075    30.0870       9781  0.000e+00
      3.407    18.5372   4.056075    30.0869       9782  0.000e+00
      3.428    18.5375   4.056075    30.0866       9783  0.000e+00
      3.407    18.5373   4.056020    30.0863       9784  0.000e+00
      3.479    18.5372   4.056006    30.0863       9785  0.000e+00
      3.407    18.5369   4.056006    30.0865       9786  0.000e+00
      3.479    18.5368   4.056027    30.0867       9787  0.000e+00
      3.464    18.5370   4.055999    30.0863       9788  0.000e+00
      3.479    18.5367   4.055972    30.0864       9789  0.000e+00
      3.464    18.5365   4.055993    30.0867       9790  0.000e+00
      3.537    18.5369   4.056006    30.0865       9791  0.000e+00
