HB2303/ctd018.cnv
* Sea-Bird SBE 9 Data File:
* FileName = C:\cruise\data\ctd018.hex
* Software Version Seasave V 7.26.7.121
* Temperature SN = 6664
* Conductivity SN = 6035
* Number of Bytes Per Scan = 37
* Number of Voltage Words = 4
* Number of Scans Averaged by the Deck Unit = 1
* NMEA Latitude = 40 55.67 N
* NMEA Longitude = 067 42.85 W
* NMEA UTC (Time) = Aug 16 2023  09:21:56
* NMEA baud rate = 4800
** Ship: Bigelow HB2303
** Program:   ECOMON
** Chief Scientist: Audy Peoples
# nquan = 6
# nvalues = 113                         
# units = specified
# name 0 = depSM: Depth [salt water, m]
# name 1 = t090C: Temperature [ITS-90, deg C]
# name 2 = c0S/m: Conductivity [S/m]
# name 3 = sal00: Salinity, Practical [PSU]
# name 4 = scan: Scan Count
# name 5 = flag: flag
# span 0 =      3.000,     59.000       
# span 1 =    12.0921,    16.8624       
# span 2 =   3.741316,   4.151743       
# span 3 =    32.1667,    32.3920       
# span 4 =       -152,      11614       
# span 5 = 0.0000e+00, 0.0000e+00       
# interval = meters: 1                  
# start_time = Aug 16 2023 09:21:56 [NMEA time, header]
# bad_flag = -9.990e-29
*END*
      3.000    16.7859   4.144372    32.1732       -152 0.0000e+00
      4.000    16.8624   4.151743    32.1754        288 0.0000e+00
      5.000    16.8327   4.149301    32.1776        484 0.0000e+00
      6.000    16.8337   4.149394    32.1773        514 0.0000e+00
      7.000    16.7181   4.139505    32.1839        539 0.0000e+00
      8.000    16.7970   4.145876    32.1755        559 0.0000e+00
      9.000    16.8279   4.149017    32.1776        580 0.0000e+00
     10.000    16.8334   4.149356    32.1758        605 0.0000e+00
     11.000    16.3735   4.110980    32.2115        640 0.0000e+00
     12.000    16.1712   4.094645    32.2316        673 0.0000e+00
     13.000    15.8682   4.068314    32.2453        696 0.0000e+00
     14.000    14.8192   3.977846    32.2976        716 0.0000e+00
     15.000    14.4049   3.942848    32.3238        738 0.0000e+00
     16.000    14.2664   3.930447    32.3257        762 0.0000e+00
     17.000    14.2309   3.926698    32.3207        790 0.0000e+00
     18.000    14.1598   3.920157    32.3198        820 0.0000e+00
     19.000    14.0142   3.907138    32.3217        849 0.0000e+00
     20.000    13.9329   3.899826    32.3222        876 0.0000e+00
     21.000    13.8767   3.894763    32.3223        903 0.0000e+00
     22.000    13.8546   3.892741    32.3217        928 0.0000e+00
     23.000    13.8489   3.892169    32.3209        949 0.0000e+00
     24.000    13.8444   3.891708    32.3200        972 0.0000e+00
     25.000    13.8428   3.891478    32.3189        999 0.0000e+00
     26.000    13.8427   3.891404    32.3178       1032 0.0000e+00
     27.000    13.8404   3.891137    32.3169       1064 0.0000e+00
     28.000    13.7919   3.886880    32.3179       1091 0.0000e+00
     29.000    13.6317   3.873057    32.3245       1113 0.0000e+00
     30.000    13.5714   3.867887    32.3270       1134 0.0000e+00
     31.000    13.5292   3.863960    32.3256       1156 0.0000e+00
     32.000    13.2696   3.841917    32.3393       1185 0.0000e+00
     33.000    13.1772   3.833876    32.3421       1220 0.0000e+00
     34.000    13.1562   3.831981    32.3418       1248 0.0000e+00
     35.000    13.1512   3.831488    32.3410       1271 0.0000e+00
     36.000    13.1494   3.831247    32.3399       1296 0.0000e+00
     37.000    13.1475   3.830999    32.3388       1324 0.0000e+00
     38.000    13.1407   3.830381    32.3383       1351 0.0000e+00
     39.000    13.1403   3.830358    32.3381       1373 0.0000e+00
     40.000    13.1407   3.830344    32.3372       1396 0.0000e+00
     41.000    13.1399   3.830241    32.3365       1428 0.0000e+00
     42.000    13.1255   3.828938    32.3361       1463 0.0000e+00
     43.000    13.0988   3.826723    32.3376       1487 0.0000e+00
     44.000    13.0726   3.824449    32.3382       1507 0.0000e+00
     45.000    13.0121   3.819381    32.3416       1526 0.0000e+00
     46.000    12.9369   3.812753    32.3428       1554 0.0000e+00
     47.000    12.7690   3.798994    32.3559       1593 0.0000e+00
     48.000    12.8005   3.801351    32.3508       1623 0.0000e+00
     49.000    12.7822   3.799898    32.3523       1645 0.0000e+00
     50.000    12.7178   3.794427    32.3552       1663 0.0000e+00
     51.000    12.4954   3.775946    32.3700       1685 0.0000e+00
     52.000    12.4191   3.769813    32.3768       1713 0.0000e+00
     53.000    12.3572   3.764326    32.3772       1747 0.0000e+00
     54.000    12.2464   3.755335    32.3863       1775 0.0000e+00
     55.000    12.2043   3.751662    32.3870       1799 0.0000e+00
     56.000    12.1797   3.749718    32.3893       1822 0.0000e+00
     57.000    12.1186   3.744540    32.3920       1859 0.0000e+00
     58.000    12.1049   3.743240    32.3909       1914 0.0000e+00
     59.000    12.0921   3.741316    32.3830       3081 0.0000e+00
     58.000    12.1409   3.745311    32.3797       4302 0.0000e+00
     57.000    12.1359   3.744992    32.3813       4711 0.0000e+00
     56.000    12.1856   3.749061    32.3779       4766 0.0000e+00
     55.000    12.1887   3.749226    32.3772       4797 0.0000e+00
     54.000    12.1931   3.749595    32.3773       4827 0.0000e+00
     53.000    12.2008   3.750190    32.3768       4861 0.0000e+00
     52.000    12.2233   3.752021    32.3753       4895 0.0000e+00
     51.000    12.2341   3.752907    32.3749       4929 0.0000e+00
     50.000    12.2511   3.754270    32.3737       4969 0.0000e+00
     49.000    12.3333   3.761360    32.3711       5003 0.0000e+00
     48.000    12.3823   3.764855    32.3627       5032 0.0000e+00
     47.000    12.5222   3.777221    32.3607       5061 0.0000e+00
     46.000    12.6335   3.786023    32.3493       5098 0.0000e+00
     45.000    12.8472   3.803996    32.3372       5135 0.0000e+00
     44.000    12.8900   3.807457    32.3336       5169 0.0000e+00
     43.000    13.0211   3.818739    32.3286       5209 0.0000e+00
     42.000    13.1044   3.825631    32.3230       5243 0.0000e+00
     41.000    13.1180   3.826911    32.3239       5268 0.0000e+00
     40.000    13.1194   3.827093    32.3248       5296 0.0000e+00
     39.000    13.1221   3.827600    32.3277       5362 0.0000e+00
     38.000    13.1304   3.828094    32.3256       5393 0.0000e+00
     37.000    13.1266   3.827758    32.3261       5412 0.0000e+00
     36.000    13.1264   3.827633    32.3254       5432 0.0000e+00
     35.000    13.1323   3.828237    32.3266       5469 0.0000e+00
     34.000    13.1563   3.830289    32.3259       5535 0.0000e+00
     33.000    13.1650   3.831056    32.3260       5559 0.0000e+00
     32.000    13.2685   3.840151    32.3238       5580 0.0000e+00
     31.000    13.4180   3.852745    32.3152       5603 0.0000e+00
     30.000    13.5492   3.863798    32.3077       5642 0.0000e+00
     29.000    13.6288   3.870944    32.3072       5722 0.0000e+00
     28.000    13.7607   3.883098    32.3092       7194 0.0000e+00
     27.000    13.8182   3.887912    32.3058       7709 0.0000e+00
     26.000    13.8389   3.889665    32.3050       7723 0.0000e+00
     25.000    13.8448   3.890103    32.3044       7748 0.0000e+00
     24.000    13.8493   3.890414    32.3039       7773 0.0000e+00
     23.000    13.8419   3.889800    32.3049       7868 0.0000e+00
     22.000    13.8646   3.891656    32.3034       7900 0.0000e+00
     21.000    13.8757   3.892537    32.3026       7963 0.0000e+00
     20.000    13.9164   3.896307    32.3035       8037 0.0000e+00
     19.000    13.9611   3.900028    32.3007       8061 0.0000e+00
     18.000    14.0480   3.907573    32.2977       8119 0.0000e+00
     17.000    14.2324   3.923631    32.2913       8186 0.0000e+00
     16.000    14.2738   3.927770    32.2949       8221 0.0000e+00
     15.000    16.0032   4.076837    32.2092       8338 0.0000e+00
     14.000    14.6801   3.964249    32.2896      10048 0.0000e+00
     13.000    14.5131   3.949865    32.2983      10273 0.0000e+00
     12.000    15.7299   4.054845    32.2389      10304 0.0000e+00
     11.000    16.4247   4.112777    32.1858      10341 0.0000e+00
     10.000    16.5344   4.120893    32.1687      10380 0.0000e+00
      9.000    16.5848   4.127000    32.1817      10404 0.0000e+00
      8.000    16.6756   4.134255    32.1721      10426 0.0000e+00
      7.000    16.4392   4.114467    32.1904      10464 0.0000e+00
      6.000    16.7344   4.139904    32.1747      10504 0.0000e+00
      5.000    16.7566   4.141638    32.1722      10524 0.0000e+00
      4.000    16.8624   4.150744    32.1667      10541 0.0000e+00
      3.000    16.8510   4.151082    32.1791      11614 0.0000e+00
