HB2303/ctd012.cnv
* Sea-Bird SBE 9 Data File:
* FileName = C:\cruise\data\ctd012.hex
* Software Version Seasave V 7.26.7.121
* Temperature SN = 6664
* Conductivity SN = 6035
* Number of Bytes Per Scan = 37
* Number of Voltage Words = 4
* Number of Scans Averaged by the Deck Unit = 1
* NMEA Latitude = 39 00.73 N
* NMEA Longitude = 072 35.44 W
* NMEA UTC (Time) = Aug 13 2023  19:29:08
* NMEA baud rate = 4800
** Ship: Bigelow HB2303
** Program:   ECOMON
** Chief Scientist: Audy Peoples
# nquan = 6
# nvalues = 1000                        
# units = specified
# name 0 = depSM: Depth [salt water, m]
# name 1 = t090C: Temperature [ITS-90, deg C]
# name 2 = c0S/m: Conductivity [S/m]
# name 3 = sal00: Salinity, Practical [PSU]
# name 4 = scan: Scan Count
# name 5 = flag: flag
# span 0 =      1.000,    502.000       
# span 1 =     5.8768,    25.3748       
# span 2 =   3.454515,   5.281005       
# span 3 =    33.3619,    35.9654       
# span 4 =        318,      40542       
# span 5 = 0.0000e+00, 0.0000e+00       
# interval = meters: 1                  
# start_time = Aug 13 2023 19:29:08 [NMEA time, header]
# bad_flag = -9.990e-29
*END*
[from data line 956]
     44.000    15.9663   4.414345    35.2243      34010 0.0000e+00
     43.000    17.2268   4.557144    35.3714      34058 0.0000e+00
     42.000    17.2948   4.560776    35.3442      34125 0.0000e+00
     41.000    16.7631   4.482395    35.1254      34186 0.0000e+00
     40.000    16.7115   4.465470    35.0229      34250 0.0000e+00
     39.000    16.8883   4.485402    35.0435      35462 0.0000e+00
     38.000    16.9212   4.487637    35.0348      36466 0.0000e+00
     37.000    16.9757   4.491657    35.0228      36612 0.0000e+00
     36.000    17.2430   4.514083    34.9861      36651 0.0000e+00
     35.000    17.8456   4.576520    35.0051      36713 0.0000e+00
     34.000    18.4902   4.646284    35.0479      36758 0.0000e+00
     33.000    19.1134   4.712382    35.0745      36788 0.0000e+00
     32.000    19.8293   4.780667    35.0394      36832 0.0000e+00
     31.000    20.2902   4.825384    35.0220      36874 0.0000e+00
     30.000    20.6258   4.861002    35.0338      36904 0.0000e+00
     29.000    20.9000   4.890887    35.0492      36935 0.0000e+00
     28.000    21.1756   4.920307    35.0593      36968 0.0000e+00
     27.000    21.4204   4.946904    35.0716      37006 0.0000e+00
     26.000    21.6623   4.974524    35.0939      37048 0.0000e+00
     25.000    21.9029   5.001197    35.1094      37084 0.0000e+00
     24.000    22.3657   5.049944    35.1176      37118 0.0000e+00
     23.000    23.0279   5.114621    35.0883      37151 0.0000e+00
     22.000    23.4022   5.149309    35.0571      37192 0.0000e+00
     21.000    23.9464   5.195394    34.9783      37232 0.0000e+00
     20.000    23.9968   5.199687    34.9715      37260 0.0000e+00
     19.000    24.4040   5.228569    34.8712      37287 0.0000e+00
     18.000    24.7984   5.249920    34.7253      37325 0.0000e+00
     17.000    24.9104   5.257347    34.6945      37367 0.0000e+00
     16.000    24.9953   5.262929    34.6710      37399 0.0000e+00
     15.000    25.0105   5.264937    34.6745      37432 0.0000e+00
     14.000    25.0280   5.267426    34.6798      37475 0.0000e+00
     13.000    25.0530   5.270190    34.6814      37514 0.0000e+00
     12.000    25.0895   5.272859    34.6735      37547 0.0000e+00
     11.000    25.1233   5.271102    34.6350      37580 0.0000e+00
     10.000    25.1488   5.259286    34.5285      37610 0.0000e+00
      9.000    25.1867   5.258148    34.4916      37642 0.0000e+00
      8.000    25.2511   5.259852    34.4554      37685 0.0000e+00
      7.000    25.2755   5.258253    34.4254      37728 0.0000e+00
      6.000    25.3273   5.251789    34.3390      37766 0.0000e+00
      5.000    25.3748   5.238817    34.2081      37803 0.0000e+00
      4.000    25.2780   5.166552    33.7505      37831 0.0000e+00
      3.000    25.2820   5.154889    33.6623      39746 0.0000e+00
      2.000    25.2543   5.131460    33.5113      40325 0.0000e+00
      1.000    25.2562   5.131254    33.5087      40542 0.0000e+00
