HB2303/ctd011.cnv
* Sea-Bird SBE 9 Data File:
* FileName = C:\cruise\data\ctd011.hex
* Software Version Seasave V 7.26.7.121
* Temperature SN = 6664
* Conductivity SN = 6035
* Number of Bytes Per Scan = 37
* Number of Voltage Words = 4
* Number of Scans Averaged by the Deck Unit = 1
* NMEA Latitude = 39 03.12 N
* NMEA Longitude = 072 45.13 W
* NMEA UTC (Time) = Aug 13 2023  17:50:32
* NMEA baud rate = 4800
** Ship: Bigelow HB2303
** Program:   ECOMON
** Chief Scientist: Audy Peoples
# nquan = 6
# nvalues = 329                         
# units = specified
# name 0 = depSM: Depth [salt water, m]
# name 1 = t090C: Temperature [ITS-90, deg C]
# name 2 = c0S/m: Conductivity [S/m]
# name 3 = sal00: Salinity, Practical [PSU]
# name 4 = scan: Scan Count
# name 5 = flag: flag
# span 0 =      3.000,    167.000       
# span 1 =     9.2812,    24.7900       
# span 2 =   3.564630,   4.968656       
# span 3 =    32.6230,    35.6803       
# span 4 =       -556,      19804       
# span 5 = 0.0000e+00, 0.0000e+00       
# interval = meters: 1                  
# start_time = Aug 13 2023 17:50:32 [NMEA time, header]
# bad_flag = -9.990e-29
*END*
      3.000    24.6559   4.955811    32.6561       -556 0.0000e+00
      4.000    24.7900   4.968656    32.6533        831 0.0000e+00
      5.000    24.6353   4.954093    32.6577        724 0.0000e+00
      6.000    24.7197   4.962014    32.6547        754 0.0000e+00
      7.000    24.6320   4.953734    32.6569        782 0.0000e+00
      8.000    24.4881   4.939908    32.6587        807 0.0000e+00
      9.000    24.3223   4.922738    32.6516        833 0.0000e+00
     10.000    24.1644   4.906216    32.6435        864 0.0000e+00
     11.000    23.9701   4.890250    32.6660        893 0.0000e+00
     12.000    23.7545   4.891310    32.8323        919 0.0000e+00
     13.000    23.6989   4.903942    32.9683        945 0.0000e+00
     14.000    23.6352   4.914436    33.0945        974 0.0000e+00
     15.000    23.5220   4.924734    33.2568       1004 0.0000e+00
     16.000    23.1728   4.925388    33.5257       1034 0.0000e+00
     17.000    22.4437   4.890233    33.8149       1059 0.0000e+00
     18.000    21.4856   4.821003    34.0230       1081 0.0000e+00
     19.000    20.3694   4.730844    34.1932       1103 0.0000e+00
     20.000    19.0215   4.595849    34.1831       1129 0.0000e+00
     21.000    17.8557   4.481742    34.1909       1162 0.0000e+00
     22.000    17.1685   4.410654    34.1578       1190 0.0000e+00
     23.000    15.5804   4.245617    34.0596       1213 0.0000e+00
     24.000    13.9689   4.068513    33.8508       1236 0.0000e+00
     25.000    11.8856   3.841988    33.5533       1261 0.0000e+00
     26.000    11.0874   3.755422    33.4269       1290 0.0000e+00
     27.000    10.7019   3.714304    33.3685       1320 0.0000e+00
     28.000    10.0911   3.652630    33.3070       1347 0.0000e+00
     29.000     9.6116   3.604848    33.2620       1371 0.0000e+00
     30.000     9.3937   3.582641    33.2353       1394 0.0000e+00
     31.000     9.3224   3.575031    33.2225       1416 0.0000e+00
     32.000     9.3154   3.575404    33.2325       1441 0.0000e+00
     33.000     9.3637   3.582225    33.2576       1471 0.0000e+00
     34.000     9.3716   3.584181    33.2700       1501 0.0000e+00
     35.000     9.3771   3.585325    33.2762       1527 0.0000e+00
     36.000     9.5382   3.604454    33.3230       1550 0.0000e+00
     37.000     9.5695   3.608566    33.3357       1574 0.0000e+00
     38.000     9.5359   3.605842    33.3385       1599 0.0000e+00
     39.000     9.6229   3.616763    33.3693       1626 0.0000e+00
     40.000     9.6856   3.625029    33.3953       1655 0.0000e+00
     41.000     9.7280   3.632009    33.4271       1684 0.0000e+00
     42.000     9.8986   3.655159    33.5045       1709 0.0000e+00
     43.000     9.9556   3.664328    33.5447       1733 0.0000e+00
     44.000     9.9542   3.666025    33.5628       1758 0.0000e+00
     45.000    10.0737   3.680919    33.6028       1784 0.0000e+00
     46.000    10.1561   3.692359    33.6420       1811 0.0000e+00
     47.000    10.2821   3.709092    33.6940       1837 0.0000e+00
     48.000    10.4157   3.727810    33.7585       1863 0.0000e+00
     49.000    10.8236   3.781350    33.9168       1887 0.0000e+00
     50.000    11.2125   3.829390    34.0347       1912 0.0000e+00
     51.000    11.6646   3.885422    34.1684       1940 0.0000e+00
     52.000    12.3271   3.969184    34.3739       1969 0.0000e+00
     53.000    13.6242   4.136232    34.7813       1997 0.0000e+00
     54.000    13.7284   4.152134    34.8353       2023 0.0000e+00
     55.000    13.7582   4.157380    34.8570       2046 0.0000e+00
     56.000    13.7646   4.159569    34.8712       2070 0.0000e+00
     57.000    13.7900   4.163856    34.8878       2095 0.0000e+00
     58.000    13.7115   4.155782    34.8832       2125 0.0000e+00
     59.000    13.6842   4.153626    34.8874       2155 0.0000e+00
     60.000    13.6813   4.154269    34.8957       2180 0.0000e+00
     61.000    13.5944   4.145742    34.8945       2203 0.0000e+00
     62.000    13.4652   4.130530    34.8688       2228 0.0000e+00
     63.000    13.3465   4.116661    34.8460       2257 0.0000e+00
     64.000    13.2304   4.103601    34.8283       2285 0.0000e+00
     65.000    13.1285   4.092386    34.8148       2311 0.0000e+00
     66.000    13.1017   4.089235    34.8091       2336 0.0000e+00
     67.000    13.1023   4.089431    34.8099       2363 0.0000e+00
     68.000    13.1084   4.090553    34.8146       2391 0.0000e+00
     69.000    13.1986   4.104101    34.8600       2420 0.0000e+00
     70.000    13.4087   4.134730    34.9567       2447 0.0000e+00
     71.000    13.7353   4.181491    35.0971       2473 0.0000e+00
     72.000    13.9791   4.216512    35.2012       2499 0.0000e+00
     73.000    14.1512   4.241868    35.2795       2525 0.0000e+00
     74.000    14.2450   4.258832    35.3508       2551 0.0000e+00
     75.000    14.3490   4.280506    35.4562       2577 0.0000e+00
     76.000    14.3698   4.286840    35.4954       2603 0.0000e+00
     77.000    14.3686   4.291935    35.5432       2627 0.0000e+00
     78.000    14.3549   4.292570    35.5614       2653 0.0000e+00
     79.000    14.3594   4.293915    35.5693       2682 0.0000e+00
     80.000    14.3547   4.293894    35.5730       2711 0.0000e+00
     81.000    14.3553   4.294214    35.5750       2738 0.0000e+00
     82.000    14.3561   4.294817    35.5794       2763 0.0000e+00
     83.000    14.3524   4.294616    35.5805       2788 0.0000e+00
     84.000    14.3171   4.291046    35.5795       2816 0.0000e+00
     85.000    14.2825   4.289041    35.5923       2847 0.0000e+00
     86.000    14.2818   4.290630    35.6073       2878 0.0000e+00
     87.000    14.2898   4.292193    35.6140       2903 0.0000e+00
     88.000    14.2836   4.292310    35.6205       2925 0.0000e+00
     89.000    14.2817   4.292867    35.6269       2948 0.0000e+00
     90.000    14.2820   4.293377    35.6310       2972 0.0000e+00
     91.000    14.2837   4.294013    35.6349       2999 0.0000e+00
     92.000    14.2857   4.294582    35.6380       3028 0.0000e+00
     93.000    14.2866   4.295182    35.6423       3056 0.0000e+00
     94.000    14.2698   4.293778    35.6443       3083 0.0000e+00
     95.000    14.2762   4.296525    35.6635       3109 0.0000e+00
     96.000    14.2345   4.292927    35.6682       3136 0.0000e+00
     97.000    14.1915   4.288170    35.6632       3169 0.0000e+00
     98.000    14.1267   4.281373    35.6595       3200 0.0000e+00
     99.000    14.0766   4.276148    35.6567       3223 0.0000e+00
    100.000    14.0583   4.274288    35.6559       3242 0.0000e+00
    101.000    14.0536   4.273715    35.6545       3263 0.0000e+00
    102.000    14.0121   4.268829    35.6468       3293 0.0000e+00
    103.000    13.9595   4.262778    35.6387       3328 0.0000e+00
    104.000    13.9316   4.259466    35.6331       3355 0.0000e+00
    105.000    13.8919   4.255156    35.6291       3378 0.0000e+00
    106.000    13.9020   4.257429    35.6406       3401 0.0000e+00
    107.000    13.9248   4.260593    35.6487       3427 0.0000e+00
    108.000    13.8994   4.258746    35.6546       3460 0.0000e+00
    109.000    13.8729   4.257127    35.6635       3492 0.0000e+00
    110.000    13.8652   4.256671    35.6660       3517 0.0000e+00
    111.000    13.8476   4.255404    35.6701       3539 0.0000e+00
    112.000    13.8408   4.254916    35.6714       3561 0.0000e+00
    113.000    13.8320   4.254297    35.6734       3586 0.0000e+00
    114.000    13.8240   4.253912    35.6768       3617 0.0000e+00
    115.000    13.8098   4.252643    35.6777       3647 0.0000e+00
    116.000    13.8002   4.251851    35.6787       3674 0.0000e+00
    117.000    13.7976   4.251643    35.6787       3700 0.0000e+00
    118.000    13.7960   4.251521    35.6787       3728 0.0000e+00
    119.000    13.7955   4.251489    35.6785       3756 0.0000e+00
    120.000    13.7940   4.251424    35.6788       3782 0.0000e+00
    121.000    13.7920   4.251293    35.6790       3805 0.0000e+00
    122.000    13.7885   4.251071    35.6797       3827 0.0000e+00
    123.000    13.7873   4.251049    35.6803       3854 0.0000e+00
    124.000    13.7839   4.250734    35.6800       3886 0.0000e+00
    125.000    13.7558   4.247982    35.6799       3914 0.0000e+00
    126.000    13.6499   4.237452    35.6791       3939 0.0000e+00
    127.000    13.4774   4.219462    35.6699       3968 0.0000e+00
    128.000    13.3004   4.200846    35.6588       3998 0.0000e+00
    129.000    13.2414   4.194322    35.6517       4023 0.0000e+00
    130.000    13.2015   4.190008    35.6477       4046 0.0000e+00
    131.000    13.1438   4.183761    35.6419       4070 0.0000e+00
    132.000    13.0949   4.178418    35.6365       4100 0.0000e+00
    133.000    13.0545   4.174006    35.6320       4132 0.0000e+00
    134.000    12.9972   4.167803    35.6262       4158 0.0000e+00
    135.000    12.9538   4.163299    35.6235       4179 0.0000e+00
    136.000    12.9237   4.160036    35.6201       4199 0.0000e+00
    137.000    12.8806   4.155559    35.6174       4225 0.0000e+00
    138.000    12.8697   4.154395    35.6161       4267 0.0000e+00
    139.000    12.8492   4.152186    35.6138       4300 0.0000e+00
    140.000    12.7931   4.146206    35.6089       4322 0.0000e+00
    141.000    12.7256   4.138947    35.6023       4341 0.0000e+00
    142.000    12.6178   4.127697    35.5954       4364 0.0000e+00
    143.000    12.5828   4.123990    35.5923       4393 0.0000e+00
    144.000    12.5572   4.121184    35.5891       4423 0.0000e+00
    145.000    12.5398   4.119304    35.5869       4447 0.0000e+00
    146.000    12.5162   4.116749    35.5840       4474 0.0000e+00
    147.000    12.4697   4.111754    35.5794       4506 0.0000e+00
    148.000    12.4090   4.105411    35.5751       4536 0.0000e+00
    149.000    12.3908   4.103316    35.5716       4561 0.0000e+00
    150.000    12.3395   4.097876    35.5671       4584 0.0000e+00
    151.000    12.3235   4.096101    35.5646       4609 0.0000e+00
    152.000    12.2966   4.093149    35.5610       4637 0.0000e+00
    153.000    12.2792   4.091262    35.5587       4664 0.0000e+00
    154.000    12.2590   4.089037    35.5558       4689 0.0000e+00
    155.000    12.2205   4.084942    35.5522       4714 0.0000e+00
    156.000    12.1075   4.072620    35.5390       4742 0.0000e+00
    157.000    11.9650   4.057516    35.5268       4776 0.0000e+00
    158.000    11.9525   4.055951    35.5229       4808 0.0000e+00
    159.000    11.8371   4.043346    35.5090       4833 0.0000e+00
    160.000    11.7105   4.029403    35.4925       4854 0.0000e+00
    161.000    11.5752   4.015112    35.4807       4876 0.0000e+00
    162.000    11.5264   4.009865    35.4752       4901 0.0000e+00
    163.000    11.4926   4.006203    35.4708       4930 0.0000e+00
    164.000    11.4679   4.003567    35.4680       4960 0.0000e+00
    165.000    11.4634   4.002912    35.4654       4997 0.0000e+00
    166.000    11.4437   4.000250    35.4575       5495 0.0000e+00
    167.000    11.4132   3.996452    35.4487       6422 0.0000e+00
    166.000    11.4366   3.999196    35.4539       6957 0.0000e+00
    165.000    11.4693   4.002570    35.4564       9089 0.0000e+00
    164.000    11.4867   4.004598    35.4601       8640 0.0000e+00
    163.000    11.6953   4.026810    35.4802       8691 0.0000e+00
    162.000    11.7486   4.032454    35.4852       8733 0.0000e+00
    161.000    11.7550   4.033212    35.4871       8763 0.0000e+00
    160.000    11.7565   4.033514    35.4890       8800 0.0000e+00
    159.000    11.9299   4.052238    35.5077       8841 0.0000e+00
    158.000    11.9184   4.050880    35.5058       8870 0.0000e+00
    157.000    11.9105   4.050263    35.5077       8893 0.0000e+00
    156.000    11.9409   4.053546    35.5113       8921 0.0000e+00
    155.000    12.0027   4.060168    35.5177       8954 0.0000e+00
    154.000    12.0290   4.062977    35.5206       8985 0.0000e+00
    153.000    12.0508   4.065372    35.5237       9008 0.0000e+00
    152.000    12.0931   4.070084    35.5298       9030 0.0000e+00
    151.000    12.1891   4.080402    35.5396       9054 0.0000e+00
    150.000    12.2576   4.087523    35.5443       9085 0.0000e+00
    149.000    12.3070   4.092872    35.5498       9116 0.0000e+00
    148.000    12.3272   4.095108    35.5527       9141 0.0000e+00
    147.000    12.3514   4.097777    35.5562       9164 0.0000e+00
    146.000    12.3791   4.100765    35.5593       9187 0.0000e+00
    145.000    12.4309   4.106501    35.5662       9212 0.0000e+00
    144.000    12.5279   4.117121    35.5775       9239 0.0000e+00
    143.000    12.6119   4.125613    35.5805       9264 0.0000e+00
    142.000    12.6156   4.125945    35.5806       9286 0.0000e+00
    141.000    12.6164   4.126105    35.5818       9308 0.0000e+00
    140.000    12.6268   4.127194    35.5830       9337 0.0000e+00
    139.000    12.6338   4.127921    35.5838       9370 0.0000e+00
    138.000    12.6460   4.129383    35.5868       9396 0.0000e+00
    137.000    12.6801   4.132780    35.5877       9418 0.0000e+00
    136.000    12.7639   4.142016    35.5979       9440 0.0000e+00
    135.000    12.8473   4.150633    35.6024       9465 0.0000e+00
    134.000    12.8841   4.154438    35.6047       9493 0.0000e+00
    133.000    12.9402   4.160414    35.6095       9520 0.0000e+00
    132.000    12.9963   4.166404    35.6145       9544 0.0000e+00
    131.000    13.0928   4.176597    35.6215       9567 0.0000e+00
    130.000    13.1385   4.181550    35.6263       9591 0.0000e+00
    129.000    13.2087   4.189250    35.6341       9618 0.0000e+00
    128.000    13.3279   4.202432    35.6481       9648 0.0000e+00
    127.000    13.5813   4.229115    35.6640       9675 0.0000e+00
    126.000    13.6770   4.238556    35.6643       9699 0.0000e+00
    125.000    13.7251   4.243628    35.6675       9723 0.0000e+00
    124.000    13.7500   4.245980    35.6669       9747 0.0000e+00
    123.000    13.7551   4.246558    35.6680       9772 0.0000e+00
    122.000    13.7667   4.247866    35.6699       9800 0.0000e+00
    121.000    13.7754   4.248798    35.6710       9828 0.0000e+00
    120.000    13.7779   4.249076    35.6717       9852 0.0000e+00
    119.000    13.7782   4.249117    35.6722       9874 0.0000e+00
    118.000    13.7833   4.249623    35.6726       9900 0.0000e+00
    117.000    13.7969   4.250915    35.6726       9930 0.0000e+00
    116.000    13.8090   4.252029    35.6722       9957 0.0000e+00
    115.000    13.8154   4.252410    35.6702       9981 0.0000e+00
    114.000    13.8232   4.252760    35.6667      10006 0.0000e+00
    113.000    13.8311   4.253340    35.6652      10033 0.0000e+00
    112.000    13.8429   4.254412    35.6647      10059 0.0000e+00
    111.000    13.8517   4.254938    35.6619      10085 0.0000e+00
    110.000    13.8701   4.255870    35.6539      10111 0.0000e+00
    109.000    13.8907   4.257178    35.6475      10138 0.0000e+00
    108.000    13.9141   4.259098    35.6442      10163 0.0000e+00
    107.000    13.9057   4.256908    35.6319      10187 0.0000e+00
    106.000    13.9514   4.261095    35.6291      10211 0.0000e+00
    105.000    13.9650   4.262501    35.6301      10237 0.0000e+00
    104.000    13.9700   4.263143    35.6319      10265 0.0000e+00
    103.000    13.9717   4.263369    35.6328      10294 0.0000e+00
    102.000    13.9777   4.264136    35.6349      10322 0.0000e+00
    101.000    14.0354   4.270889    35.6449      10348 0.0000e+00
    100.000    14.0638   4.274020    35.6483      10372 0.0000e+00
     99.000    14.0818   4.276039    35.6509      10396 0.0000e+00
     98.000    14.1278   4.280953    35.6546      10422 0.0000e+00
     97.000    14.1806   4.286455    35.6574      10451 0.0000e+00
     96.000    14.2527   4.294349    35.6646      10479 0.0000e+00
     95.000    14.2524   4.292248    35.6457      10503 0.0000e+00
     94.000    14.2319   4.288909    35.6340      10527 0.0000e+00
