HB2303/ctd016.cnv
* Sea-Bird SBE 9 Data File:
* FileName = C:\cruise\data\ctd016.hex
* Software Version Seasave V 7.26.7.121
* Temperature SN = 6664
* Conductivity SN = 6035
* Number of Bytes Per Scan = 37
* Number of Voltage Words = 4
* Number of Scans Averaged by the Deck Unit = 1
* NMEA Latitude = 40 14.81 N
* NMEA Longitude = 067 41.52 W
* NMEA UTC (Time) = Aug 16 2023  03:32:04
* NMEA baud rate = 4800
** Ship: Bigelow HB2303
** Program:   ECOMON
** Chief Scientist: Audy Peoples
# nquan = 6
# nvalues = 1000                        
# units = specified
# name 0 = depSM: Depth [salt water, m]
# name 1 = t090C: Temperature [ITS-90, deg C]
# name 2 = c0S/m: Conductivity [S/m]
# name 3 = sal00: Salinity, Practical [PSU]
# name 4 = scan: Scan Count
# name 5 = flag: flag
# span 0 =      2.000,    502.000       
# span 1 =     5.4947,    19.7878       
# span 2 =   3.320233,   4.407258       
# span 3 =    31.9672,    35.3015       
# span 4 =         33,      32555       
# span 5 = 0.0000e+00, 0.0000e+00       
# interval = meters: 1                  
# start_time = Aug 16 2023 03:32:04 [NMEA time, header]
# bad_flag = -9.990e-29
*END*
[from data line 478]
    481.000     5.5636   3.418378    34.9956      13135 0.0000e+00
    482.000     5.5636   3.418407    34.9955      13155 0.0000e+00
    483.000     5.5637   3.418463    34.9955      13175 0.0000e+00
    484.000     5.5638   3.418490    34.9952      13199 0.0000e+00
    485.000     5.5628   3.418436    34.9951      13229 0.0000e+00
    486.000     5.5636   3.418557    34.9951      13263 0.0000e+00
    487.000     5.5637   3.418598    34.9949      13290 0.0000e+00
    488.000     5.5617   3.418411    34.9944      13313 0.0000e+00
    489.000     5.5569   3.417971    34.9938      13337 0.0000e+00
    490.000     5.5573   3.418039    34.9937      13369 0.0000e+00
    491.000     5.5603   3.418412    34.9943      13409 0.0000e+00
    492.000     5.5641   3.418840    34.9947      13434 0.0000e+00
    493.000     5.5649   3.418962    34.9948      13453 0.0000e+00
    494.000     5.5570   3.418169    34.9934      13471 0.0000e+00
    495.000     5.5455   3.417108    34.9927      13497 0.0000e+00
    496.000     5.5391   3.416523    34.9922      13537 0.0000e+00
    497.000     5.5300   3.415659    34.9913      13568 0.0000e+00
    498.000     5.5252   3.415225    34.9908      13591 0.0000e+00
    499.000     5.5190   3.414677    34.9904      13612 0.0000e+00
    500.000     5.5150   3.414407    34.9910      13636 0.0000e+00
    501.000     5.5105   3.413992    34.9904      13713 0.0000e+00
    502.000     5.4947   3.412424    34.9884      14024 0.0000e+00
    501.000     5.4947   3.412356    34.9882      14194 0.0000e+00
    500.000     5.4979   3.412610    34.9882      14577 0.0000e+00
    499.000     5.4950   3.412267    34.9879      14943 0.0000e+00
    498.000     5.5032   3.413067    34.9890      14983 0.0000e+00
    497.000     5.5125   3.413908    34.9895      15012 0.0000e+00
    496.000     5.5153   3.414112    34.9894      15034 0.0000e+00
    495.000     5.5165   3.414158    34.9892      15055 0.0000e+00
    494.000     5.5187   3.414298    34.9890      15078 0.0000e+00
    493.000     5.5185   3.414255    34.9892      15119 0.0000e+00
    492.000     5.5354   3.415894    34.9910      15161 0.0000e+00
    491.000     5.5422   3.416466    34.9909      15180 0.0000e+00
    490.000     5.5457   3.416783    34.9914      15195 0.0000e+00
    489.000     5.5511   3.417312    34.9923      15210 0.0000e+00
    488.000     5.5562   3.417750    34.9926      15226 0.0000e+00
    487.000     5.5524   3.417343    34.9924      15261 0.0000e+00
    486.000     5.5536   3.417461    34.9930      15322 0.0000e+00
    485.000     5.5577   3.417803    34.9931      15341 0.0000e+00
    484.000     5.5574   3.417741    34.9933      15357 0.0000e+00
    483.000     5.5593   3.417882    34.9934      15373 0.0000e+00
    482.000     5.5593   3.417842    34.9935      15389 0.0000e+00
    481.000     5.5594   3.417818    34.9936      15409 0.0000e+00
    480.000     5.5604   3.417869    34.9936      15444 0.0000e+00
    479.000     5.5593   3.417731    34.9937      15497 0.0000e+00
    478.000     5.5647   3.418222    34.9943      15520 0.0000e+00
    477.000     5.5663   3.418345    34.9945      15539 0.0000e+00
    476.000     5.5725   3.418968    34.9957      15558 0.0000e+00
    475.000     5.5793   3.419567    34.9960      15581 0.0000e+00
    474.000     5.5833   3.419950    34.9967      15611 0.0000e+00
    473.000     5.5880   3.420354    34.9969      15638 0.0000e+00
    472.000     5.5915   3.420705    34.9978      15662 0.0000e+00
    471.000     5.6027   3.421702    34.9980      15685 0.0000e+00
    470.000     5.6052   3.421895    34.9983      15712 0.0000e+00
    469.000     5.6094   3.422253    34.9984      15747 0.0000e+00
    468.000     5.6092   3.422176    34.9983      15775 0.0000e+00
    467.000     5.6093   3.422162    34.9986      15795 0.0000e+00
    466.000     5.6126   3.422426    34.9986      15815 0.0000e+00
    465.000     5.6175   3.422846    34.9988      15839 0.0000e+00
    464.000     5.6253   3.423591    34.9997      15878 0.0000e+00
    463.000     5.6389   3.424796    34.9999      15908 0.0000e+00
    462.000     5.6377   3.424712    35.0007      15929 0.0000e+00
    461.000     5.6478   3.425593    35.0007      15950 0.0000e+00
    460.000     5.6523   3.426002    35.0012      15976 0.0000e+00
    459.000     5.6563   3.426342    35.0015      16004 0.0000e+00
    458.000     5.6597   3.426630    35.0018      16029 0.0000e+00
    457.000     5.6667   3.427295    35.0026      16052 0.0000e+00
    456.000     5.6692   3.427475    35.0026      16079 0.0000e+00
    455.000     5.6783   3.428279    35.0028      16114 0.0000e+00
    454.000     5.6787   3.428225    35.0022      16144 0.0000e+00
    453.000     5.6828   3.428546    35.0022      16165 0.0000e+00
    452.000     5.6857   3.428699    35.0015      16183 0.0000e+00
    451.000     5.6842   3.428452    35.0007      16203 0.0000e+00
    450.000     5.6809   3.428099    35.0006      16233 0.0000e+00
    449.000     5.6784   3.427861    35.0010      16280 0.0000e+00
    448.000     5.6791   3.427718    34.9991      16305 0.0000e+00
    447.000     5.6923   3.428682    34.9970      16325 0.0000e+00
    446.000     5.7119   3.430590    34.9988      16344 0.0000e+00
    445.000     5.7202   3.431324    34.9991      16366 0.0000e+00
    444.000     5.7215   3.431418    34.9994      16391 0.0000e+00
    443.000     5.7109   3.430405    34.9993      16421 0.0000e+00
    442.000     5.7199   3.431206    34.9996      16458 0.0000e+00
    441.000     5.7212   3.431380    35.0007      16489 0.0000e+00
    440.000     5.7327   3.432426    35.0013      16511 0.0000e+00
    439.000     5.7592   3.434922    35.0026      16531 0.0000e+00
    438.000     5.7865   3.437361    35.0025      16552 0.0000e+00
    437.000     5.7866   3.437255    35.0018      16579 0.0000e+00
    436.000     5.7769   3.436344    35.0021      16616 0.0000e+00
    435.000     5.7920   3.437842    35.0038      16645 0.0000e+00
    434.000     5.7941   3.437826    35.0021      16668 0.0000e+00
    433.000     5.8089   3.438909    34.9996      16691 0.0000e+00
    432.000     5.8046   3.438206    34.9965      16717 0.0000e+00
    431.000     5.7993   3.437588    34.9955      16747 0.0000e+00
    430.000     5.7951   3.437239    34.9964      16779 0.0000e+00
    429.000     5.7958   3.437358    34.9976      16807 0.0000e+00
    428.000     5.7955   3.436993    34.9942      16832 0.0000e+00
    427.000     5.7950   3.436776    34.9928      16854 0.0000e+00
    426.000     5.8031   3.437391    34.9919      16876 0.0000e+00
    425.000     5.8214   3.438957    34.9913      16907 0.0000e+00
    424.000     5.8109   3.438090    34.9928      16945 0.0000e+00
    423.000     5.8254   3.439444    34.9937      16970 0.0000e+00
    422.000     5.8643   3.443483    34.9997      16991 0.0000e+00
    421.000     5.9349   3.449956    35.0005      17014 0.0000e+00
    420.000     5.9463   3.451146    35.0027      17049 0.0000e+00
    419.000     5.9399   3.450561    35.0032      17083 0.0000e+00
    418.000     5.9376   3.450230    35.0024      17104 0.0000e+00
    417.000     5.9893   3.455573    35.0098      17123 0.0000e+00
    416.000     6.0273   3.458960    35.0094      17144 0.0000e+00
    415.000     6.0434   3.460464    35.0102      17177 0.0000e+00
    414.000     6.0364   3.459757    35.0100      17222 0.0000e+00
    413.000     6.0363   3.459891    35.0121      17249 0.0000e+00
    412.000     6.0568   3.461793    35.0129      17269 0.0000e+00
    411.000     6.0831   3.463962    35.0107      17289 0.0000e+00
    410.000     6.0834   3.463941    35.0107      17309 0.0000e+00
    409.000     6.0801   3.463715    35.0121      17339 0.0000e+00
    408.000     6.0805   3.463665    35.0116      17395 0.0000e+00
    407.000     6.0774   3.463384    35.0121      17420 0.0000e+00
    406.000     6.1042   3.466143    35.0161      17436 0.0000e+00
    405.000     6.1423   3.469455    35.0147      17450 0.0000e+00
    404.000     6.1546   3.470316    35.0122      17465 0.0000e+00
    403.000     6.1551   3.470369    35.0127      17510 0.0000e+00
    402.000     6.1525   3.470362    35.0158      17571 0.0000e+00
    401.000     6.1784   3.472301    35.0115      17582 0.0000e+00
    400.000     6.1912   3.473763    35.0153      17594 0.0000e+00
    399.000     6.2153   3.475566    35.0112      17606 0.0000e+00
    398.000     6.2165   3.475605    35.0109      17621 0.0000e+00
    397.000     6.2116   3.475214    35.0121      17688 0.0000e+00
    396.000     6.2189   3.475834    35.0121      17731 0.0000e+00
    395.000     6.2233   3.476164    35.0117      17745 0.0000e+00
    394.000     6.2291   3.476685    35.0122      17757 0.0000e+00
    393.000     6.2376   3.477418    35.0121      17771 0.0000e+00
    392.000     6.2516   3.478844    35.0143      17787 0.0000e+00
    391.000     6.2594   3.479591    35.0151      17845 0.0000e+00
    390.000     6.2849   3.482119    35.0177      17894 0.0000e+00
    389.000     6.2920   3.482559    35.0159      17909 0.0000e+00
    388.000     6.2840   3.481629    35.0142      17923 0.0000e+00
    387.000     6.2810   3.481220    35.0132      17939 0.0000e+00
    386.000     6.2806   3.481086    35.0126      17963 0.0000e+00
    385.000     6.2802   3.481015    35.0127      18009 0.0000e+00
    384.000     6.2788   3.480820    35.0125      18041 0.0000e+00
    383.000     6.2775   3.480614    35.0121      18065 0.0000e+00
    382.000     6.2731   3.480066    35.0109      18089 0.0000e+00
    381.000     6.2691   3.479586    35.0102      18115 0.0000e+00
    380.000     6.2588   3.478301    35.0069      18139 0.0000e+00
    379.000     6.2474   3.477087    35.0055      18163 0.0000e+00
    378.000     6.2369   3.475765    35.0019      18189 0.0000e+00
    377.000     6.2316   3.475071    35.0001      18224 0.0000e+00
    376.000     6.2450   3.476269    35.0003      18259 0.0000e+00
    375.000     6.2565   3.477430    35.0020      18282 0.0000e+00
    374.000     6.2694   3.478694    35.0034      18301 0.0000e+00
    373.000     6.2833   3.480109    35.0055      18321 0.0000e+00
    372.000     6.3026   3.482029    35.0077      18346 0.0000e+00
    371.000     6.3235   3.484223    35.0113      18384 0.0000e+00
    370.000     6.3530   3.487338    35.0164      18420 0.0000e+00
    369.000     6.3573   3.487755    35.0172      18445 0.0000e+00
    368.000     6.3664   3.488686    35.0187      18467 0.0000e+00
    367.000     6.3867   3.490779    35.0218      18488 0.0000e+00
    366.000     6.4041   3.492528    35.0240      18512 0.0000e+00
    365.000     6.4300   3.495108    35.0267      18540 0.0000e+00
    364.000     6.4381   3.495881    35.0276      18573 0.0000e+00
    363.000     6.4430   3.496385    35.0287      18602 0.0000e+00
    362.000     6.4524   3.497291    35.0297      18627 0.0000e+00
    361.000     6.4673   3.498754    35.0312      18650 0.0000e+00
    360.000     6.4917   3.501106    35.0329      18673 0.0000e+00
    359.000     6.5116   3.502978    35.0339      18699 0.0000e+00
    358.000     6.5231   3.504075    35.0349      18730 0.0000e+00
    357.000     6.5355   3.505211    35.0354      18761 0.0000e+00
    356.000     6.5524   3.506751    35.0357      18787 0.0000e+00
    355.000     6.5559   3.507076    35.0363      18810 0.0000e+00
    354.000     6.5605   3.507501    35.0367      18836 0.0000e+00
    353.000     6.5659   3.507958    35.0369      18868 0.0000e+00
    352.000     6.5718   3.508465    35.0370      18899 0.0000e+00
    351.000     6.5720   3.508444    35.0370      18925 0.0000e+00
    350.000     6.5714   3.508371    35.0373      18948 0.0000e+00
    349.000     6.5735   3.508528    35.0374      18971 0.0000e+00
    348.000     6.5737   3.508488    35.0373      18992 0.0000e+00
    347.000     6.5773   3.508843    35.0381      19013 0.0000e+00
    346.000     6.6009   3.511077    35.0392      19037 0.0000e+00
    345.000     6.5928   3.510171    35.0380      19079 0.0000e+00
    344.000     6.6072   3.511736    35.0411      19125 0.0000e+00
    343.000     6.6385   3.514482    35.0401      19144 0.0000e+00
    342.000     6.6462   3.515238    35.0411      19160 0.0000e+00
    341.000     6.6641   3.516912    35.0420      19174 0.0000e+00
    340.000     6.6834   3.518705    35.0426      19190 0.0000e+00
    339.000     6.6711   3.517479    35.0421      19234 0.0000e+00
    338.000     6.6603   3.516644    35.0443      19294 0.0000e+00
    337.000     6.7091   3.521388    35.0476      19308 0.0000e+00
    336.000     6.7554   3.525998    35.0519      19321 0.0000e+00
    335.000     6.8388   3.533469    35.0500      19334 0.0000e+00
    334.000     6.8695   3.536401    35.0516      19348 0.0000e+00
    333.000     6.8787   3.537190    35.0515      19372 0.0000e+00
    332.000     6.8024   3.530147    35.0519      19449 0.0000e+00
    331.000     6.9200   3.541583    35.0589      19470 0.0000e+00
    330.000     6.9615   3.545136    35.0563      19487 0.0000e+00
    329.000     7.0316   3.551641    35.0572      19502 0.0000e+00
    328.000     7.0547   3.553888    35.0589      19518 0.0000e+00
    327.000     7.0720   3.555429    35.0588      19536 0.0000e+00
    326.000     7.0328   3.551822    35.0595      19577 0.0000e+00
    325.000     6.9988   3.548741    35.0607      19631 0.0000e+00
    324.000     7.0829   3.556444    35.0603      19650 0.0000e+00
    323.000     7.1043   3.558409    35.0607      19666 0.0000e+00
    322.000     7.1205   3.559802    35.0600      19682 0.0000e+00
    321.000     7.1439   3.561868    35.0595      19701 0.0000e+00
    320.000     7.1305   3.560616    35.0598      19733 0.0000e+00
    319.000     7.1126   3.559078    35.0616      19783 0.0000e+00
    318.000     7.2287   3.569859    35.0625      19808 0.0000e+00
    317.000     7.2455   3.571379    35.0626      19827 0.0000e+00
    316.000     7.2808   3.574558    35.0621      19846 0.0000e+00
    315.000     7.3099   3.577351    35.0637      19867 0.0000e+00
    314.000     7.3127   3.577574    35.0637      19894 0.0000e+00
    313.000     7.3223   3.578496    35.0646      19925 0.0000e+00
    312.000     7.3096   3.577216    35.0640      19956 0.0000e+00
    311.000     7.2877   3.575505    35.0680      19988 0.0000e+00
    310.000     7.3646   3.582658    35.0688      20017 0.0000e+00
    309.000     7.3990   3.585776    35.0685      20040 0.0000e+00
    308.000     7.4267   3.588345    35.0690      20060 0.0000e+00
    307.000     7.4374   3.589317    35.0692      20080 0.0000e+00
    306.000     7.4415   3.589663    35.0694      20106 0.0000e+00
    305.000     7.4093   3.586585    35.0688      20140 0.0000e+00
    304.000     7.4519   3.590617    35.0703      20172 0.0000e+00
    303.000     7.4345   3.588940    35.0701      20196 0.0000e+00
    302.000     7.5171   3.597184    35.0768      20218 0.0000e+00
    301.000     7.6109   3.605636    35.0745      20244 0.0000e+00
    300.000     7.5917   3.603970    35.0762      20277 0.0000e+00
    299.000     7.6254   3.607032    35.0760      20304 0.0000e+00
    298.000     7.5604   3.601262    35.0794      20324 0.0000e+00
    297.000     7.6760   3.611954    35.0794      20343 0.0000e+00
    296.000     7.7172   3.615859    35.0806      20364 0.0000e+00
    295.000     7.7060   3.614621    35.0790      20397 0.0000e+00
    294.000     7.6864   3.612799    35.0795      20442 0.0000e+00
    293.000     7.7107   3.615382    35.0834      20468 0.0000e+00
    292.000     7.7459   3.618866    35.0862      20485 0.0000e+00
    291.000     7.8007   3.623794    35.0848      20501 0.0000e+00
    290.000     7.8178   3.625401    35.0855      20518 0.0000e+00
    289.000     7.8184   3.625391    35.0853      20545 0.0000e+00
    288.000     7.8088   3.624554    35.0864      20599 0.0000e+00
    287.000     7.8114   3.624807    35.0870      20627 0.0000e+00
    286.000     7.8362   3.627202    35.0884      20645 0.0000e+00
