HB2303/ctd007.cnv
* Sea-Bird SBE 9 Data File:
* FileName = C:\cruise\data\ctd007.hex
* Software Version Seasave V 7.26.7.121
* Temperature SN = 6664
* Conductivity SN = 6035
* Number of Bytes Per Scan = 37
* Number of Voltage Words = 4
* Number of Scans Averaged by the Deck Unit = 1
* NMEA Latitude = 36 00.34 N
* NMEA Longitude = 074 40.28 W
* NMEA UTC (Time) = Aug 12 2023  04:54:51
* NMEA baud rate = 4800
** Ship: Bigelow HB2303
** Program:   ECOMON
** Chief Scientist: Audy Peoples
# nquan = 6
# nvalues = 999                         
# units = specified
# name 0 = depSM: Depth [salt water, m]
# name 1 = t090C: Temperature [ITS-90, deg C]
# name 2 = c0S/m: Conductivity [S/m]
# name 3 = sal00: Salinity, Practical [PSU]
# name 4 = scan: Scan Count
# name 5 = flag: flag
# span 0 =      3.000,    502.000       
# span 1 =     6.2207,    28.3515       
# span 2 =   3.486028,   5.793689       
# span 3 =    35.0693,    36.5130       
# span 4 =        115,      36247       
# span 5 = 0.0000e+00, 0.0000e+00       
# interval = meters: 1                  
# start_time = Aug 12 2023 04:54:51 [NMEA time, header]
# bad_flag = -9.990e-29
*END*
[from data line 239]
    242.000    10.8190   3.935870    35.3823       7588 0.0000e+00
    243.000    10.7308   3.926274    35.3707       7610 0.0000e+00
    244.000    10.6794   3.920692    35.3638       7633 0.0000e+00
    245.000    10.6414   3.916412    35.3569       7663 0.0000e+00
    246.000    10.6168   3.913666    35.3525       7697 0.0000e+00
    247.000    10.5432   3.905510    35.3410       7724 0.0000e+00
    248.000    10.4759   3.898349    35.3334       7746 0.0000e+00
    249.000    10.4573   3.896213    35.3294       7768 0.0000e+00
    250.000    10.4500   3.895327    35.3270       7795 0.0000e+00
    251.000    10.4460   3.894814    35.3252       7833 0.0000e+00
    252.000    10.4283   3.892845    35.3220       7866 0.0000e+00
    253.000    10.3878   3.888525    35.3170       7889 0.0000e+00
    254.000    10.3600   3.885531    35.3132       7909 0.0000e+00
    255.000    10.2967   3.878772    35.3056       7930 0.0000e+00
    256.000    10.2912   3.878137    35.3040       7958 0.0000e+00
    257.000    10.2801   3.876834    35.3011       7997 0.0000e+00
    258.000    10.2679   3.875550    35.2994       8029 0.0000e+00
    259.000    10.2610   3.874850    35.2985       8053 0.0000e+00
    260.000    10.2553   3.874256    35.2976       8076 0.0000e+00
    261.000    10.2472   3.873395    35.2962       8102 0.0000e+00
    262.000    10.2428   3.872929    35.2953       8132 0.0000e+00
    263.000    10.2100   3.869481    35.2917       8160 0.0000e+00
    264.000    10.2020   3.868686    35.2909       8184 0.0000e+00
    265.000    10.1976   3.868219    35.2900       8206 0.0000e+00
    266.000    10.1836   3.866786    35.2885       8231 0.0000e+00
    267.000    10.1741   3.865809    35.2873       8265 0.0000e+00
    268.000    10.1638   3.864789    35.2865       8302 0.0000e+00
    269.000    10.1623   3.864687    35.2864       8329 0.0000e+00
    270.000    10.1694   3.865663    35.2890       8353 0.0000e+00
    271.000    10.1757   3.866483    35.2908       8378 0.0000e+00
    272.000    10.1858   3.867827    35.2942       8404 0.0000e+00
    273.000    10.1955   3.869065    35.2969       8431 0.0000e+00
    274.000    10.1951   3.869060    35.2967       8457 0.0000e+00
    275.000    10.1950   3.869082    35.2966       8482 0.0000e+00
    276.000    10.1996   3.869667    35.2977       8509 0.0000e+00
    277.000    10.2074   3.870687    35.3000       8537 0.0000e+00
    278.000    10.2090   3.870935    35.3005       8568 0.0000e+00
    279.000    10.2106   3.871173    35.3009       8599 0.0000e+00
    280.000    10.2084   3.871059    35.3014       8627 0.0000e+00
    281.000    10.2049   3.870852    35.3023       8653 0.0000e+00
    282.000    10.2033   3.870830    35.3031       8678 0.0000e+00
    283.000    10.2051   3.871149    35.3042       8705 0.0000e+00
    284.000    10.1872   3.869290    35.3022       8732 0.0000e+00
    285.000    10.1775   3.868319    35.3013       8759 0.0000e+00
    286.000    10.1395   3.864451    35.2984       8786 0.0000e+00
    287.000    10.1123   3.861677    35.2961       8812 0.0000e+00
    288.000    10.0633   3.856474    35.2902       8838 0.0000e+00
    289.000     9.9701   3.846674    35.2805       8868 0.0000e+00
    290.000     9.9459   3.844122    35.2774       8900 0.0000e+00
    291.000     9.9335   3.842770    35.2752       8928 0.0000e+00
    292.000     9.9076   3.839992    35.2716       8954 0.0000e+00
    293.000     9.8384   3.832633    35.2632       8979 0.0000e+00
    294.000     9.7425   3.822069    35.2478       9005 0.0000e+00
    295.000     9.6234   3.809410    35.2335       9035 0.0000e+00
    296.000     9.5876   3.805424    35.2270       9063 0.0000e+00
    297.000     9.5682   3.803319    35.2237       9090 0.0000e+00
    298.000     9.5533   3.801893    35.2231       9117 0.0000e+00
    299.000     9.5370   3.800199    35.2211       9148 0.0000e+00
    300.000     9.4545   3.791487    35.2114       9179 0.0000e+00
    301.000     9.3859   3.784290    35.2036       9204 0.0000e+00
    302.000     9.3411   3.779532    35.1978       9228 0.0000e+00
    303.000     9.2919   3.774283    35.1911       9257 0.0000e+00
    304.000     9.2691   3.771784    35.1871       9292 0.0000e+00
    305.000     9.2501   3.769733    35.1839       9322 0.0000e+00
    306.000     9.1999   3.764405    35.1774       9348 0.0000e+00
    307.000     9.1384   3.758023    35.1709       9373 0.0000e+00
    308.000     9.1210   3.756181    35.1683       9400 0.0000e+00
    309.000     9.1125   3.755244    35.1665       9429 0.0000e+00
    310.000     9.1077   3.754750    35.1655       9460 0.0000e+00
    311.000     9.1049   3.754449    35.1647       9489 0.0000e+00
    312.000     9.0883   3.752793    35.1633       9515 0.0000e+00
    313.000     9.0755   3.751579    35.1628       9543 0.0000e+00
    314.000     9.0473   3.749600    35.1694       9573 0.0000e+00
    315.000     9.0256   3.748577    35.1796       9606 0.0000e+00
    316.000     8.9595   3.742605    35.1819       9636 0.0000e+00
    317.000     8.8570   3.732508    35.1768       9661 0.0000e+00
    318.000     8.8312   3.729897    35.1744       9684 0.0000e+00
    319.000     8.8219   3.728931    35.1730       9708 0.0000e+00
    320.000     8.8165   3.728357    35.1718       9736 0.0000e+00
    321.000     8.8104   3.727708    35.1705       9771 0.0000e+00
    322.000     8.8060   3.727235    35.1694       9807 0.0000e+00
    323.000     8.8009   3.726739    35.1688       9834 0.0000e+00
    324.000     8.7938   3.726064    35.1682       9858 0.0000e+00
    325.000     8.7799   3.724701    35.1672       9882 0.0000e+00
    326.000     8.7671   3.723466    35.1664       9914 0.0000e+00
    327.000     8.7449   3.721292    35.1650       9951 0.0000e+00
    328.000     8.6962   3.716734    35.1647       9978 0.0000e+00
    329.000     8.6559   3.712864    35.1634      10000 0.0000e+00
    330.000     8.6446   3.711767    35.1625      10021 0.0000e+00
    331.000     8.6297   3.710318    35.1615      10049 0.0000e+00
    332.000     8.6133   3.708913    35.1625      10088 0.0000e+00
    333.000     8.5917   3.706843    35.1616      10123 0.0000e+00
    334.000     8.5669   3.704502    35.1609      10148 0.0000e+00
    335.000     8.5388   3.701874    35.1606      10172 0.0000e+00
    336.000     8.5193   3.700092    35.1606      10201 0.0000e+00
    337.000     8.4834   3.696754    35.1605      10233 0.0000e+00
    338.000     8.4712   3.695736    35.1614      10262 0.0000e+00
    339.000     8.4060   3.688930    35.1535      10289 0.0000e+00
    340.000     8.2713   3.674924    35.1382      10317 0.0000e+00
    341.000     8.1863   3.666432    35.1320      10346 0.0000e+00
    342.000     8.1458   3.662152    35.1262      10373 0.0000e+00
    343.000     8.1183   3.659638    35.1263      10400 0.0000e+00
    344.000     8.1071   3.658589    35.1258      10430 0.0000e+00
    345.000     8.0828   3.656313    35.1253      10460 0.0000e+00
    346.000     8.0588   3.654156    35.1257      10489 0.0000e+00
    347.000     8.0464   3.653237    35.1279      10519 0.0000e+00
    348.000     8.0391   3.652799    35.1300      10553 0.0000e+00
    349.000     8.0437   3.653847    35.1360      10584 0.0000e+00
    350.000     8.0467   3.654341    35.1378      10611 0.0000e+00
    351.000     8.0232   3.652673    35.1431      10635 0.0000e+00
    352.000     8.0242   3.652964    35.1448      10659 0.0000e+00
    353.000     8.0340   3.654178    35.1474      10685 0.0000e+00
    354.000     8.0409   3.655016    35.1490      10715 0.0000e+00
    355.000     8.0432   3.655344    35.1497      10749 0.0000e+00
    356.000     8.0372   3.654778    35.1492      10781 0.0000e+00
    357.000     8.0272   3.653932    35.1497      10812 0.0000e+00
    358.000     7.9648   3.648041    35.1485      10839 0.0000e+00
    359.000     7.9338   3.645037    35.1468      10866 0.0000e+00
    360.000     7.9042   3.642206    35.1456      10895 0.0000e+00
    361.000     7.8919   3.641030    35.1448      10924 0.0000e+00
    362.000     7.8775   3.639641    35.1438      10953 0.0000e+00
    363.000     7.8521   3.637244    35.1431      10979 0.0000e+00
    364.000     7.8263   3.634726    35.1413      11005 0.0000e+00
    365.000     7.7738   3.629687    35.1393      11035 0.0000e+00
    366.000     7.7437   3.626828    35.1382      11068 0.0000e+00
    367.000     7.7274   3.625174    35.1363      11099 0.0000e+00
    368.000     7.6688   3.619649    35.1351      11126 0.0000e+00
    369.000     7.6535   3.618172    35.1340      11152 0.0000e+00
    370.000     7.6361   3.616500    35.1329      11180 0.0000e+00
    371.000     7.6242   3.615344    35.1319      11213 0.0000e+00
    372.000     7.6073   3.613732    35.1310      11246 0.0000e+00
    373.000     7.5694   3.610083    35.1291      11275 0.0000e+00
    374.000     7.5501   3.608315    35.1289      11301 0.0000e+00
    375.000     7.5400   3.607333    35.1281      11327 0.0000e+00
    376.000     7.5137   3.604790    35.1265      11355 0.0000e+00
    377.000     7.4712   3.600823    35.1258      11383 0.0000e+00
    378.000     7.4624   3.599964    35.1249      11409 0.0000e+00
    379.000     7.4455   3.598372    35.1241      11434 0.0000e+00
    380.000     7.4368   3.597551    35.1235      11463 0.0000e+00
    381.000     7.4192   3.595858    35.1223      11502 0.0000e+00
    382.000     7.3767   3.591788    35.1205      11539 0.0000e+00
    383.000     7.3407   3.588401    35.1195      11568 0.0000e+00
    384.000     7.3206   3.586508    35.1187      11593 0.0000e+00
    385.000     7.3055   3.585079    35.1179      11616 0.0000e+00
    386.000     7.2989   3.584461    35.1173      11641 0.0000e+00
    387.000     7.2961   3.584189    35.1167      11667 0.0000e+00
    388.000     7.2931   3.583912    35.1163      11698 0.0000e+00
    389.000     7.2835   3.582985    35.1154      11730 0.0000e+00
    390.000     7.2566   3.580428    35.1142      11759 0.0000e+00
    391.000     7.2406   3.578964    35.1139      11787 0.0000e+00
    392.000     7.2294   3.577868    35.1128      11818 0.0000e+00
    393.000     7.1645   3.571690    35.1105      11852 0.0000e+00
    394.000     7.1398   3.569448    35.1104      11882 0.0000e+00
    395.000     7.1369   3.569157    35.1098      11907 0.0000e+00
    396.000     7.1185   3.567420    35.1089      11931 0.0000e+00
    397.000     7.1075   3.566410    35.1085      11958 0.0000e+00
    398.000     7.1079   3.566456    35.1081      11988 0.0000e+00
    399.000     7.1087   3.566528    35.1075      12017 0.0000e+00
    400.000     7.1105   3.566733    35.1075      12044 0.0000e+00
    401.000     7.1100   3.566683    35.1070      12075 0.0000e+00
    402.000     7.1090   3.566607    35.1067      12109 0.0000e+00
    403.000     7.1017   3.565982    35.1067      12138 0.0000e+00
    404.000     7.0995   3.565803    35.1065      12162 0.0000e+00
    405.000     7.0966   3.565555    35.1062      12186 0.0000e+00
    406.000     7.0961   3.565546    35.1061      12214 0.0000e+00
    407.000     7.0946   3.565426    35.1059      12249 0.0000e+00
    408.000     7.0951   3.565519    35.1058      12280 0.0000e+00
    409.000     7.0852   3.564594    35.1053      12305 0.0000e+00
    410.000     7.0598   3.562224    35.1046      12329 0.0000e+00
    411.000     7.0328   3.559755    35.1044      12359 0.0000e+00
    412.000     7.0232   3.558813    35.1033      12394 0.0000e+00
    413.000     7.0047   3.557153    35.1033      12424 0.0000e+00
    414.000     7.0051   3.557182    35.1027      12449 0.0000e+00
    415.000     7.0002   3.556749    35.1025      12473 0.0000e+00
    416.000     6.9831   3.555116    35.1015      12500 0.0000e+00
    417.000     6.9586   3.552868    35.1011      12532 0.0000e+00
    418.000     6.9553   3.552570    35.1007      12565 0.0000e+00
    419.000     6.9544   3.552501    35.1004      12595 0.0000e+00
    420.000     6.9544   3.552524    35.1001      12622 0.0000e+00
    421.000     6.9438   3.551581    35.1000      12648 0.0000e+00
    422.000     6.9240   3.549761    35.0996      12676 0.0000e+00
    423.000     6.9077   3.548279    35.0994      12709 0.0000e+00
    424.000     6.8998   3.547541    35.0988      12739 0.0000e+00
    425.000     6.8910   3.546735    35.0984      12765 0.0000e+00
    426.000     6.8829   3.545996    35.0980      12789 0.0000e+00
    427.000     6.8745   3.545238    35.0977      12817 0.0000e+00
    428.000     6.8667   3.544509    35.0971      12851 0.0000e+00
    429.000     6.8514   3.543103    35.0967      12882 0.0000e+00
    430.000     6.8208   3.540254    35.0959      12908 0.0000e+00
    431.000     6.7775   3.536245    35.0952      12933 0.0000e+00
    432.000     6.7611   3.534692    35.0943      12964 0.0000e+00
    433.000     6.7424   3.532919    35.0933      12999 0.0000e+00
    434.000     6.7129   3.530159    35.0923      13029 0.0000e+00
    435.000     6.6847   3.527541    35.0917      13054 0.0000e+00
    436.000     6.6752   3.526671    35.0912      13077 0.0000e+00
    437.000     6.6716   3.526314    35.0904      13103 0.0000e+00
    438.000     6.6598   3.525203    35.0897      13134 0.0000e+00
    439.000     6.6479   3.524114    35.0892      13165 0.0000e+00
    440.000     6.6407   3.523460    35.0889      13192 0.0000e+00
    441.000     6.6362   3.523056    35.0885      13219 0.0000e+00
    442.000     6.6303   3.522531    35.0882      13250 0.0000e+00
    443.000     6.6285   3.522386    35.0879      13286 0.0000e+00
    444.000     6.6277   3.522323    35.0876      13320 0.0000e+00
    445.000     6.6271   3.522310    35.0875      13347 0.0000e+00
    446.000     6.6262   3.522270    35.0874      13368 0.0000e+00
    447.000     6.6219   3.521895    35.0872      13388 0.0000e+00
    448.000     6.6197   3.521722    35.0871      13412 0.0000e+00
    449.000     6.6179   3.521572    35.0867      13449 0.0000e+00
    450.000     6.6149   3.521327    35.0865      13486 0.0000e+00
    451.000     6.6137   3.521260    35.0865      13512 0.0000e+00
    452.000     6.6144   3.521349    35.0863      13535 0.0000e+00
    453.000     6.6082   3.520800    35.0861      13564 0.0000e+00
    454.000     6.6019   3.520247    35.0858      13602 0.0000e+00
    455.000     6.5995   3.520056    35.0857      13632 0.0000e+00
    456.000     6.5907   3.519276    35.0855      13657 0.0000e+00
    457.000     6.5845   3.518712    35.0851      13681 0.0000e+00
    458.000     6.5534   3.515792    35.0839      13708 0.0000e+00
    459.000     6.5189   3.512634    35.0836      13738 0.0000e+00
    460.000     6.5093   3.511740    35.0830      13769 0.0000e+00
    461.000     6.5060   3.511435    35.0826      13796 0.0000e+00
    462.000     6.5024   3.511137    35.0824      13822 0.0000e+00
    463.000     6.4986   3.510805    35.0821      13853 0.0000e+00
    464.000     6.4941   3.510402    35.0818      13890 0.0000e+00
    465.000     6.4844   3.509525    35.0814      13920 0.0000e+00
    466.000     6.4558   3.506896    35.0809      13946 0.0000e+00
    467.000     6.4409   3.505535    35.0805      13970 0.0000e+00
    468.000     6.4190   3.503498    35.0797      13996 0.0000e+00
    469.000     6.4058   3.502290    35.0793      14026 0.0000e+00
    470.000     6.4054   3.502268    35.0790      14058 0.0000e+00
    471.000     6.4066   3.502390    35.0786      14089 0.0000e+00
    472.000     6.4070   3.502467    35.0785      14117 0.0000e+00
    473.000     6.4058   3.502377    35.0782      14144 0.0000e+00
    474.000     6.4059   3.502427    35.0782      14171 0.0000e+00
    475.000     6.4057   3.502435    35.0780      14199 0.0000e+00
    476.000     6.4043   3.502352    35.0780      14231 0.0000e+00
    477.000     6.4045   3.502403    35.0779      14263 0.0000e+00
    478.000     6.4045   3.502445    35.0778      14290 0.0000e+00
    479.000     6.4046   3.502494    35.0777      14316 0.0000e+00
