HB2303/ctd031.cnv
* Sea-Bird SBE 9 Data File:
* FileName = C:\cruise\data\ctd031.hex
* Software Version Seasave V 7.26.7.121
* Temperature SN = 6664
* Conductivity SN = 6035
* Number of Bytes Per Scan = 37
* Number of Voltage Words = 4
* Number of Scans Averaged by the Deck Unit = 1
* NMEA Latitude = 42 24.94 N
* NMEA Longitude = 070 37.54 W
* NMEA UTC (Time) = Aug 22 2023  05:27:43
* NMEA baud rate = 4800
** Ship: Bigelow HB2303
** Program:   ECOMON
** Chief Scientist: Audy Peoples
# nquan = 6
# nvalues = 152                         
# units = specified
# name 0 = depSM: Depth [salt water, m]
# name 1 = t090C: Temperature [ITS-90, deg C]
# name 2 = c0S/m: Conductivity [S/m]
# name 3 = sal00: Salinity, Practical [PSU]
# name 4 = scan: Scan Count
# name 5 = flag: flag
# span 0 =      2.000,     78.000       
# span 1 =     7.3640,    19.3005       
# span 2 =   3.287755,   4.091079       
# span 3 =    29.7709,    32.0185       
# span 4 =        110,      10551       
# span 5 = 0.0000e+00, 0.0000e+00       
# interval = meters: 1                  
# start_time = Aug 22 2023 05:27:43 [NMEA time, header]
# bad_flag = -9.990e-29
*END*
      3.000    19.2876   4.090201    29.8248        110 0.0000e+00
      4.000    19.3005   4.091079    29.8224        453 0.0000e+00
      5.000    19.2879   4.090136    29.8234        456 0.0000e+00
      6.000    19.2881   4.090243    29.8238        480 0.0000e+00
      7.000    19.2789   4.089517    29.8242        508 0.0000e+00
      8.000    19.2059   4.084431    29.8348        536 0.0000e+00
      9.000    18.9839   4.069113    29.8689        564 0.0000e+00
     10.000    18.3953   4.030541    29.9768        590 0.0000e+00
     11.000    18.2271   4.021048    30.0205        615 0.0000e+00
     12.000    17.4744   3.988155    30.3004        641 0.0000e+00
     13.000    16.8954   3.965559    30.5433        668 0.0000e+00
     14.000    16.3623   3.941436    30.7422        696 0.0000e+00
     15.000    15.6448   3.906569    30.9940        724 0.0000e+00
     16.000    15.0845   3.876390    31.1685        751 0.0000e+00
     17.000    14.1895   3.818453    31.3636        778 0.0000e+00
     18.000    13.4544   3.767080    31.4915        806 0.0000e+00
     19.000    12.7078   3.714681    31.6202        834 0.0000e+00
     20.000    12.1615   3.674540    31.6976        861 0.0000e+00
     21.000    11.9429   3.657375    31.7178        888 0.0000e+00
     22.000    11.7802   3.644838    31.7349        916 0.0000e+00
     23.000    11.3807   3.614307    31.7799        945 0.0000e+00
     24.000    10.9216   3.580047    31.8395        973 0.0000e+00
     25.000    10.7214   3.564084    31.8551       1001 0.0000e+00
     26.000    10.5256   3.547558    31.8610       1028 0.0000e+00
     27.000    10.2508   3.525291    31.8785       1053 0.0000e+00
     28.000    10.0940   3.512203    31.8843       1081 0.0000e+00
     29.000    10.0475   3.507875    31.8812       1113 0.0000e+00
     30.000     9.8477   3.490863    31.8850       1143 0.0000e+00
     31.000     9.6859   3.478018    31.8974       1169 0.0000e+00
     32.000     9.5865   3.469294    31.8962       1194 0.0000e+00
     33.000     9.5245   3.466615    31.9235       1219 0.0000e+00
     34.000     9.5272   3.470750    31.9630       1246 0.0000e+00
     35.000     9.4879   3.468863    31.9783       1277 0.0000e+00
     36.000     9.4358   3.465704    31.9920       1311 0.0000e+00
     37.000     9.2764   3.453804    32.0119       1339 0.0000e+00
     38.000     9.1326   3.441585    32.0145       1365 0.0000e+00
     39.000     9.0532   3.435003    32.0174       1391 0.0000e+00
     40.000     9.0278   3.432796    32.0170       1419 0.0000e+00
     41.000     8.9497   3.425773    32.0141       1448 0.0000e+00
     42.000     8.7628   3.409183    32.0098       1479 0.0000e+00
     43.000     8.6631   3.400117    32.0048       1510 0.0000e+00
     44.000     8.4834   3.384790    32.0067       1537 0.0000e+00
     45.000     8.3154   3.370798    32.0118       1563 0.0000e+00
     46.000     8.2014   3.361625    32.0185       1588 0.0000e+00
     47.000     8.1821   3.359816    32.0165       1616 0.0000e+00
     48.000     8.1774   3.359316    32.0151       1651 0.0000e+00
     49.000     8.1724   3.358882    32.0146       1683 0.0000e+00
     50.000     8.1606   3.357790    32.0134       1709 0.0000e+00
     51.000     8.1503   3.356770    32.0115       1733 0.0000e+00
     52.000     8.1413   3.355885    32.0099       1758 0.0000e+00
     53.000     8.1360   3.355349    32.0086       1786 0.0000e+00
     54.000     8.1306   3.354800    32.0072       1821 0.0000e+00
     55.000     8.1102   3.352748    32.0036       1852 0.0000e+00
     56.000     8.0774   3.349817    32.0022       1879 0.0000e+00
     57.000     8.0522   3.347496    32.0000       1906 0.0000e+00
     58.000     8.0033   3.343152    31.9983       1932 0.0000e+00
     59.000     7.9962   3.342499    31.9973       1961 0.0000e+00
     60.000     7.9850   3.341638    31.9979       1995 0.0000e+00
     61.000     7.9397   3.338077    32.0011       2029 0.0000e+00
     62.000     7.8878   3.333182    31.9960       2055 0.0000e+00
     63.000     7.8482   3.329677    31.9946       2079 0.0000e+00
     64.000     7.8337   3.328484    31.9947       2105 0.0000e+00
     65.000     7.8116   3.326667    31.9951       2138 0.0000e+00
     66.000     7.8043   3.326092    31.9952       2173 0.0000e+00
     67.000     7.7756   3.323440    31.9927       2203 0.0000e+00
     68.000     7.7358   3.320001    31.9921       2229 0.0000e+00
     69.000     7.7092   3.317628    31.9907       2254 0.0000e+00
     70.000     7.6761   3.314541    31.9876       2282 0.0000e+00
     71.000     7.6411   3.311431    31.9860       2313 0.0000e+00
     72.000     7.6320   3.310775    31.9868       2344 0.0000e+00
     73.000     7.5747   3.305481    31.9823       2375 0.0000e+00
     74.000     7.4712   3.296464    31.9803       2404 0.0000e+00
     75.000     7.3970   3.289653    31.9749       2431 0.0000e+00
     76.000     7.4146   3.292160    31.9852       2458 0.0000e+00
     77.000     7.4111   3.292674    31.9935       2489 0.0000e+00
     78.000     7.3640   3.289138    31.9984       3350 0.0000e+00
     77.000     7.4149   3.292286    31.9858       5076 0.0000e+00
     76.000     7.4284   3.292809    31.9795       4724 0.0000e+00
     75.000     7.3850   3.287755    31.9655       4758 0.0000e+00
     74.000     7.4481   3.293807    31.9729       4789 0.0000e+00
     73.000     7.5419   3.301919    31.9743       4822 0.0000e+00
     72.000     7.6165   3.308406    31.9757       4865 0.0000e+00
     71.000     7.6271   3.309265    31.9756       4903 0.0000e+00
     70.000     7.6808   3.314158    31.9791       4935 0.0000e+00
     69.000     7.7198   3.317639    31.9811       4969 0.0000e+00
     68.000     7.7389   3.319198    31.9807       5007 0.0000e+00
     67.000     7.7473   3.319993    31.9819       5042 0.0000e+00
     66.000     7.7887   3.323746    31.9844       5075 0.0000e+00
     65.000     7.8023   3.324726    31.9829       5106 0.0000e+00
     64.000     7.8113   3.325486    31.9833       5137 0.0000e+00
     63.000     7.8322   3.327233    31.9832       5168 0.0000e+00
     62.000     7.8587   3.329544    31.9840       5199 0.0000e+00
     61.000     7.8889   3.332246    31.9856       5232 0.0000e+00
     60.000     7.9375   3.336777    31.9897       5265 0.0000e+00
     59.000     8.0105   3.343047    31.9901       5298 0.0000e+00
     58.000     8.0230   3.343717    31.9862       5328 0.0000e+00
     57.000     8.0569   3.346526    31.9855       5359 0.0000e+00
     56.000     8.0602   3.346763    31.9855       5392 0.0000e+00
     55.000     8.0791   3.348572    31.9878       5425 0.0000e+00
     54.000     8.1274   3.352890    31.9899       5455 0.0000e+00
     53.000     8.1323   3.353365    31.9910       5484 0.0000e+00
     52.000     8.1457   3.354614    31.9924       5511 0.0000e+00
     51.000     8.1580   3.355653    31.9927       5535 0.0000e+00
     50.000     8.1641   3.356184    31.9932       5559 0.0000e+00
     49.000     8.1706   3.356746    31.9936       5584 0.0000e+00
     48.000     8.1756   3.357029    31.9925       5616 0.0000e+00
     47.000     8.1869   3.357774    31.9906       5654 0.0000e+00
     46.000     8.2304   3.361409    31.9897       5687 0.0000e+00
     45.000     8.3533   3.371191    31.9815       5716 0.0000e+00
     44.000     8.4441   3.378622    31.9777       5747 0.0000e+00
     43.000     8.5421   3.387233    31.9796       5781 0.0000e+00
     42.000     8.6440   3.395979    31.9794       5820 0.0000e+00
     41.000     8.8172   3.411292    31.9831       5857 0.0000e+00
     40.000     8.9814   3.425485    31.9830       5888 0.0000e+00
     39.000     9.0332   3.429859    31.9822       5920 0.0000e+00
     38.000     9.0797   3.433532    31.9789       5953 0.0000e+00
     37.000     9.1284   3.437735    31.9790       5990 0.0000e+00
     36.000     9.1796   3.442199    31.9796       6025 0.0000e+00
     35.000     9.2984   3.451670    31.9712       6056 0.0000e+00
     34.000     9.4337   3.461401    31.9507       6092 0.0000e+00
     33.000     9.5028   3.465928    31.9359       6504 0.0000e+00
     32.000     9.5166   3.466806    31.9329       7975 0.0000e+00
     31.000     9.5675   3.466512    31.8852       8030 0.0000e+00
     30.000     9.6591   3.471842    31.8586       8067 0.0000e+00
     29.000     9.8543   3.487521    31.8457       8102 0.0000e+00
     28.000    10.0607   3.504125    31.8322       8138 0.0000e+00
     27.000    10.1730   3.513434    31.8277       8179 0.0000e+00
     26.000    10.3281   3.526220    31.8204       8231 0.0000e+00
     25.000    10.5181   3.541930    31.8118       8278 0.0000e+00
     24.000    10.7916   3.563695    31.7906       8322 0.0000e+00
     23.000    11.2040   3.595396    31.7468       8372 0.0000e+00
     22.000    11.6687   3.629674    31.6832       8420 0.0000e+00
     21.000    11.7634   3.636785    31.6717       8464 0.0000e+00
     20.000    12.0011   3.654087    31.6371       8510 0.0000e+00
     19.000    12.2422   3.671808    31.6036       8554 0.0000e+00
     18.000    12.4754   3.690408    31.5851       9675 0.0000e+00
     17.000    12.9656   3.725622    31.5090      10125 0.0000e+00
     16.000    13.4220   3.757126    31.4263      10163 0.0000e+00
     15.000    14.4283   3.828337    31.2613      10190 0.0000e+00
     14.000    15.6811   3.900290    30.9107      10214 0.0000e+00
     13.000    16.2793   3.929488    30.7028      10239 0.0000e+00
     12.000    16.8343   3.952716    30.4796      10268 0.0000e+00
     11.000    17.4461   3.980224    30.2544      10300 0.0000e+00
     10.000    17.8543   3.996508    30.0897      10330 0.0000e+00
      9.000    18.2749   4.018387    29.9641      10354 0.0000e+00
      8.000    18.9182   4.058532    29.8298      10377 0.0000e+00
      7.000    19.1919   4.075312    29.7709      10401 0.0000e+00
      6.000    19.2190   4.078015    29.7739      10427 0.0000e+00
      5.000    19.2258   4.079277    29.7795      10456 0.0000e+00
      4.000    19.2313   4.080142    29.7830      10485 0.0000e+00
      3.000    19.2337   4.080900    29.7877      10511 0.0000e+00
      2.000    19.2337   4.081298    29.7913      10551 0.0000e+00
