HB2303/ctd023.cnv
* Sea-Bird SBE 9 Data File:
* FileName = C:\cruise\data\ctd023.hex
* Software Version Seasave V 7.26.7.121
* Temperature SN = 6664
* Conductivity SN = 6035
* Number of Bytes Per Scan = 37
* Number of Voltage Words = 4
* Number of Scans Averaged by the Deck Unit = 1
* NMEA Latitude = 42 13.41 N
* NMEA Longitude = 065 45.85 W
* NMEA UTC (Time) = Aug 18 2023  23:24:00
* NMEA baud rate = 4800
** Ship: Bigelow HB2303
** Program:   ECOMON
** Chief Scientist: Audy Peoples
# nquan = 6
# nvalues = 445                         
# units = specified
# name 0 = depSM: Depth [salt water, m]
# name 1 = t090C: Temperature [ITS-90, deg C]
# name 2 = c0S/m: Conductivity [S/m]
# name 3 = sal00: Salinity, Practical [PSU]
# name 4 = scan: Scan Count
# name 5 = flag: flag
# span 0 =      2.000,    225.000       
# span 1 =     6.3692,    18.2000       
# span 2 =   3.416497,   4.167140       
# span 3 =    31.0934,    35.0848       
# span 4 =       -135,      22767       
# span 5 = 0.0000e+00, 0.0000e+00       
# interval = meters: 1                  
# start_time = Aug 18 2023 23:24:00 [NMEA time, header]
# bad_flag = -9.990e-29
*END*
[from data line 239]
    207.000     6.8888   3.528471    35.0083      12595 0.0000e+00
    206.000     6.9101   3.530825    35.0132      12614 0.0000e+00
    205.000     6.9622   3.535462    35.0117      12634 0.0000e+00
    204.000     6.9768   3.536856    35.0128      12660 0.0000e+00
    203.000     6.9867   3.537697    35.0125      12693 0.0000e+00
    202.000     6.9815   3.537344    35.0145      12718 0.0000e+00
    201.000     6.9989   3.539211    35.0178      12737 0.0000e+00
    200.000     7.0926   3.547871    35.0184      12758 0.0000e+00
    199.000     7.0830   3.546820    35.0170      12789 0.0000e+00
    198.000     7.0968   3.548377    35.0206      12827 0.0000e+00
    197.000     7.1576   3.553670    35.0176      12848 0.0000e+00
    196.000     7.2672   3.564922    35.0302      12865 0.0000e+00
    195.000     7.4189   3.578663    35.0274      12883 0.0000e+00
    194.000     7.4178   3.578293    35.0250      12917 0.0000e+00
    193.000     7.3734   3.574676    35.0310      12973 0.0000e+00
    192.000     7.5642   3.593513    35.0438      12989 0.0000e+00
    191.000     7.9148   3.627038    35.0543      13004 0.0000e+00
    190.000     8.1802   3.651446    35.0512      13018 0.0000e+00
    189.000     8.3220   3.663914    35.0434      13035 0.0000e+00
    188.000     8.2700   3.659084    35.0441      13062 0.0000e+00
    187.000     8.1696   3.650312    35.0511      13122 0.0000e+00
    186.000     8.2302   3.656319    35.0553      13141 0.0000e+00
    185.000     8.4097   3.672664    35.0512      13157 0.0000e+00
    184.000     8.4787   3.678518    35.0453      13173 0.0000e+00
    183.000     8.4950   3.679765    35.0428      13192 0.0000e+00
    182.000     8.4884   3.679254    35.0444      13233 0.0000e+00
    181.000     8.4580   3.676648    35.0475      13274 0.0000e+00
    180.000     8.4883   3.679596    35.0492      13293 0.0000e+00
    179.000     8.5582   3.685486    35.0427      13310 0.0000e+00
    178.000     8.5940   3.688893    35.0438      13330 0.0000e+00
    177.000     8.6025   3.689601    35.0433      13362 0.0000e+00
    176.000     8.5611   3.685991    35.0466      13401 0.0000e+00
    175.000     8.6004   3.689780    35.0483      13427 0.0000e+00
    174.000     8.7602   3.705492    35.0564      13446 0.0000e+00
    173.000     8.9360   3.721471    35.0513      13464 0.0000e+00
    172.000     9.0314   3.730339    35.0509      13485 0.0000e+00
    171.000     8.9510   3.722701    35.0504      13519 0.0000e+00
    170.000     9.1493   3.741324    35.0506      13560 0.0000e+00
    169.000     9.3338   3.759351    35.0578      13582 0.0000e+00
    168.000     9.6814   3.791951    35.0561      13600 0.0000e+00
    167.000     9.8569   3.807721    35.0480      13618 0.0000e+00
    166.000    10.0435   3.824497    35.0392      13639 0.0000e+00
    165.000     9.8104   3.802408    35.0395      13685 0.0000e+00
    164.000     9.9905   3.821754    35.0634      13724 0.0000e+00
    163.000    10.3518   3.852348    35.0263      13741 0.0000e+00
    162.000    10.6182   3.873226    34.9818      13757 0.0000e+00
    161.000    10.7661   3.884440    34.9536      13774 0.0000e+00
    160.000    10.8062   3.886860    34.9400      13797 0.0000e+00
    159.000    10.6051   3.872346    34.9869      13836 0.0000e+00
    158.000    10.9312   3.897381    34.9271      13871 0.0000e+00
    157.000    10.9030   3.894825    34.9289      13893 0.0000e+00
    156.000    10.9808   3.900518    34.9122      13914 0.0000e+00
    155.000    10.9994   3.901956    34.9093      13936 0.0000e+00
    154.000    11.0184   3.903474    34.9068      13961 0.0000e+00
    153.000    11.0291   3.904454    34.9069      13988 0.0000e+00
    152.000    11.0294   3.904620    34.9088      14014 0.0000e+00
    151.000    11.0628   3.907372    34.9049      14039 0.0000e+00
    150.000    11.0784   3.908465    34.9015      14072 0.0000e+00
    149.000    11.1151   3.911468    34.8970      14106 0.0000e+00
    148.000    11.1210   3.913862    34.9157      14127 0.0000e+00
    147.000    11.5893   3.960739    34.9373      14143 0.0000e+00
    146.000    11.6008   3.955124    34.8716      14161 0.0000e+00
    145.000    11.4819   3.939482    34.8298      14183 0.0000e+00
    144.000    11.4315   3.939836    34.8813      14225 0.0000e+00
    143.000    11.4368   3.936314    34.8419      14263 0.0000e+00
    142.000    11.4631   3.937287    34.8272      14282 0.0000e+00
    141.000    11.5473   3.942305    34.7980      14299 0.0000e+00
    140.000    11.5612   3.943534    34.7975      14316 0.0000e+00
    139.000    11.5816   3.945621    34.7992      14336 0.0000e+00
    138.000    11.5640   3.944245    34.8027      14362 0.0000e+00
    137.000    11.5467   3.943187    34.8089      14406 0.0000e+00
    136.000    11.5777   3.945459    34.8026      14446 0.0000e+00
    135.000    11.5754   3.945231    34.8030      14468 0.0000e+00
    134.000    11.5674   3.942285    34.7820      14485 0.0000e+00
    133.000    11.4149   3.920365    34.7094      14499 0.0000e+00
    132.000    11.3460   3.911025    34.6822      14513 0.0000e+00
    131.000    11.3348   3.909987    34.6829      14529 0.0000e+00
    130.000    11.3695   3.915025    34.7006      14575 0.0000e+00
    129.000    11.3354   3.909548    34.6789      14631 0.0000e+00
    128.000    11.3170   3.908182    34.6831      14645 0.0000e+00
    127.000    11.1219   3.882951    34.6167      14660 0.0000e+00
    126.000    11.0951   3.878783    34.6009      14676 0.0000e+00
    125.000    11.1839   3.887820    34.6076      14696 0.0000e+00
    124.000    11.2695   3.896234    34.6111      14722 0.0000e+00
    123.000    11.2078   3.890483    34.6125      14762 0.0000e+00
    122.000    11.1897   3.887936    34.6046      14799 0.0000e+00
    121.000    11.0493   3.866576    34.5247      14822 0.0000e+00
    120.000    10.6098   3.800671    34.2786      14841 0.0000e+00
    119.000    10.4880   3.787706    34.2629      14859 0.0000e+00
    118.000    10.4465   3.782414    34.2491      14878 0.0000e+00
    117.000    10.4712   3.785740    34.2598      14902 0.0000e+00
    116.000    10.5140   3.791259    34.2757      14942 0.0000e+00
    115.000    10.5049   3.789820    34.2702      14983 0.0000e+00
    114.000    10.4626   3.783511    34.2468      15003 0.0000e+00
    113.000    10.2175   3.749736    34.1362      15020 0.0000e+00
    112.000    10.1363   3.741134    34.1258      15047 0.0000e+00
    111.000    10.1704   3.745107    34.1345      15109 0.0000e+00
    110.000    10.1635   3.744301    34.1332      15138 0.0000e+00
    109.000     9.7717   3.693449    33.9838      15160 0.0000e+00
    108.000     9.4862   3.658048    33.8908      16774 0.0000e+00
    107.000     9.4664   3.654527    33.8735      17470 0.0000e+00
    106.000     9.4463   3.651836    33.8652      17492 0.0000e+00
    105.000     9.3390   3.637628    33.8203      17517 0.0000e+00
    104.000     9.0742   3.605738    33.7402      17539 0.0000e+00
    103.000     8.5265   3.538551    33.5565      17567 0.0000e+00
    102.000     8.8143   3.572723    33.6423      17619 0.0000e+00
    101.000     8.2580   3.502239    33.4291      17665 0.0000e+00
    100.000     8.2476   3.500747    33.4234      17685 0.0000e+00
     99.000     8.2463   3.500132    33.4186      17703 0.0000e+00
     98.000     8.2441   3.499482    33.4143      17724 0.0000e+00
     97.000     8.2715   3.502260    33.4182      17771 0.0000e+00
     96.000     8.1866   3.490749    33.3772      17820 0.0000e+00
     95.000     8.1642   3.487066    33.3598      17845 0.0000e+00
     94.000     8.0172   3.465625    33.2716      17868 0.0000e+00
     93.000     7.9561   3.457470    33.2432      17891 0.0000e+00
     92.000     7.9530   3.456413    33.2353      17911 0.0000e+00
     91.000     7.9112   3.449323    33.1997      17931 0.0000e+00
     90.000     7.8700   3.443827    33.1806      17957 0.0000e+00
     89.000     7.8722   3.444072    33.1816      17998 0.0000e+00
     88.000     7.8451   3.440400    33.1684      18027 0.0000e+00
     87.000     7.8365   3.438458    33.1563      18048 0.0000e+00
     86.000     7.7964   3.432652    33.1326      18066 0.0000e+00
     85.000     7.7934   3.430706    33.1152      18084 0.0000e+00
     84.000     7.7910   3.426439    33.0722      18106 0.0000e+00
     83.000     7.7909   3.424362    33.0505      18136 0.0000e+00
     82.000     7.7882   3.423359    33.0428      18171 0.0000e+00
     81.000     7.7894   3.423713    33.0458      18198 0.0000e+00
     80.000     7.7787   3.418951    33.0054      18219 0.0000e+00
     79.000     7.8054   3.416783    32.9574      18238 0.0000e+00
     78.000     7.8547   3.416497    32.9084      18259 0.0000e+00
     77.000     7.8972   3.416791    32.8719      18285 0.0000e+00
     76.000     7.9289   3.417283    32.8478      18317 0.0000e+00
     75.000     7.9447   3.417656    32.8374      18350 0.0000e+00
     74.000     7.9534   3.417851    32.8318      18373 0.0000e+00
     73.000     7.9687   3.418430    32.8240      18391 0.0000e+00
     72.000     8.0338   3.420661    32.7873      18409 0.0000e+00
     71.000     8.1071   3.423515    32.7496      18435 0.0000e+00
     70.000     8.1773   3.426511    32.7164      18469 0.0000e+00
     69.000     8.2360   3.429372    32.6924      18497 0.0000e+00
     68.000     8.2792   3.431685    32.6772      18522 0.0000e+00
     67.000     8.3584   3.436774    32.6579      18549 0.0000e+00
     66.000     8.4315   3.441381    32.6392      18574 0.0000e+00
     65.000     8.4377   3.441917    32.6395      18595 0.0000e+00
     64.000     8.4457   3.442537    32.6390      18616 0.0000e+00
     63.000     8.4557   3.443100    32.6362      18643 0.0000e+00
     62.000     8.4704   3.443696    32.6294      18678 0.0000e+00
     61.000     8.4858   3.444244    32.6213      18707 0.0000e+00
     60.000     8.4926   3.444337    32.6165      18729 0.0000e+00
     59.000     8.4941   3.444027    32.6123      18750 0.0000e+00
     58.000     8.4937   3.443540    32.6080      18770 0.0000e+00
     57.000     8.4896   3.442202    32.5982      18793 0.0000e+00
     56.000     8.4858   3.440864    32.5880      18822 0.0000e+00
     55.000     8.4802   3.439573    32.5801      18856 0.0000e+00
     54.000     8.5056   3.441242    32.5747      18881 0.0000e+00
     53.000     8.5658   3.446364    32.5734      18901 0.0000e+00
     52.000     8.6601   3.453045    32.5570      18924 0.0000e+00
     51.000     8.8078   3.461798    32.5132      18958 0.0000e+00
     50.000     8.8826   3.464578    32.4741      18985 0.0000e+00
     49.000     8.9355   3.468015    32.4620      19004 0.0000e+00
     48.000     8.9714   3.468032    32.4298      19022 0.0000e+00
     47.000     9.0092   3.466452    32.3795      19047 0.0000e+00
     46.000     9.1498   3.467824    32.2665      19085 0.0000e+00
     45.000     9.1675   3.461251    32.1830      19115 0.0000e+00
     44.000     9.1790   3.448182    32.0383      19136 0.0000e+00
     43.000     9.3856   3.459706    31.9722      19157 0.0000e+00
     42.000     9.4837   3.468631    31.9766      19179 0.0000e+00
     41.000     9.5178   3.472297    31.9841      19203 0.0000e+00
     40.000     9.6203   3.481585    31.9881      19229 0.0000e+00
     39.000     9.6553   3.484783    31.9900      19263 0.0000e+00
     38.000     9.6848   3.487372    31.9905      19301 0.0000e+00
     37.000     9.7039   3.489086    31.9915      19328 0.0000e+00
     36.000     9.7678   3.495169    31.9970      19347 0.0000e+00
     35.000     9.7836   3.496331    31.9952      19365 0.0000e+00
     34.000     9.8902   3.506750    32.0067      19385 0.0000e+00
     33.000    10.6857   3.569467    31.9364      19418 0.0000e+00
     32.000    11.8949   3.638638    31.5732      19459 0.0000e+00
     31.000    11.9898   3.636220    31.4702      19486 0.0000e+00
     30.000    12.0418   3.637754    31.4416      19507 0.0000e+00
     29.000    12.0581   3.638913    31.4394      19527 0.0000e+00
     28.000    12.1558   3.644734    31.4135      19548 0.0000e+00
     27.000    12.3043   3.651319    31.3525      19574 0.0000e+00
     26.000    12.4039   3.656268    31.3168      19610 0.0000e+00
     25.000    12.4042   3.653627    31.2918      19641 0.0000e+00
     24.000    12.4018   3.650208    31.2617      19665 0.0000e+00
     23.000    12.8961   3.691951    31.2473      19685 0.0000e+00
     22.000    13.2898   3.728045    31.2617      20517 0.0000e+00
     21.000    13.3171   3.730056    31.2584      21464 0.0000e+00
     20.000    13.8361   3.782271    31.3182      21596 0.0000e+00
     19.000    14.1550   3.805349    31.2710      21633 0.0000e+00
     18.000    15.1722   3.888382    31.2037      21715 0.0000e+00
     17.000    16.8914   4.032032    31.1155      21765 0.0000e+00
     16.000    17.1650   4.058426    31.1309      21823 0.0000e+00
     15.000    17.4227   4.085900    31.1672      21896 0.0000e+00
     14.000    17.5363   4.097533    31.1792      21926 0.0000e+00
     13.000    17.5854   4.103783    31.1948      22012 0.0000e+00
     12.000    17.6832   4.114560    31.2114      22045 0.0000e+00
     11.000    17.7536   4.122128    31.2218      22101 0.0000e+00
     10.000    17.9261   4.140191    31.2424      22161 0.0000e+00
      9.000    17.9232   4.139134    31.2361      22226 0.0000e+00
      8.000    17.9097   4.137366    31.2318      22274 0.0000e+00
      7.000    17.9031   4.137154    31.2355      22324 0.0000e+00
      6.000    17.8835   4.135275    31.2350      22398 0.0000e+00
      5.000    17.8951   4.136587    31.2375      22452 0.0000e+00
      4.000    18.0319   4.150577    31.2509      22562 0.0000e+00
      3.000    18.0209   4.149585    31.2513      22667 0.0000e+00
      2.000    17.9927   4.147136    31.2527      22767 0.0000e+00
