HB2303/ctd020.cnv
* Sea-Bird SBE 9 Data File:
* FileName = C:\cruise\data\ctd020.hex
* Software Version Seasave V 7.26.7.121
* Temperature SN = 6664
* Conductivity SN = 6035
* Number of Bytes Per Scan = 37
* Number of Voltage Words = 4
* Number of Scans Averaged by the Deck Unit = 1
* NMEA Latitude = 42 00.49 N
* NMEA Longitude = 067 41.35 W
* NMEA UTC (Time) = Aug 17 2023  05:59:04
* NMEA baud rate = 4800
** Ship: Bigelow HB2303
** Program:   ECOMON
** Chief Scientist: Audy Peoples
# nquan = 6
# nvalues = 110                         
# units = specified
# name 0 = depSM: Depth [salt water, m]
# name 1 = t090C: Temperature [ITS-90, deg C]
# name 2 = c0S/m: Conductivity [S/m]
# name 3 = sal00: Salinity, Practical [PSU]
# name 4 = scan: Scan Count
# name 5 = flag: flag
# span 0 =      3.000,     58.000       
# span 1 =     9.3618,    16.5809       
# span 2 =   3.505363,   4.142843       
# span 3 =    32.3217,    32.4955       
# span 4 =        201,      11402       
# span 5 = 0.0000e+00, 0.0000e+00       
# interval = meters: 1                  
# start_time = Aug 17 2023 05:59:04 [NMEA time, header]
# bad_flag = -9.990e-29
*END*
      4.000    16.4883   4.134686    32.3282        201 0.0000e+00
      5.000    16.4400   4.130471    32.3302        282 0.0000e+00
      6.000    16.4341   4.130068    32.3311        309 0.0000e+00
      7.000    16.4254   4.129407    32.3320        337 0.0000e+00
      8.000    16.3744   4.125072    32.3351        363 0.0000e+00
      9.000    16.3443   4.122537    32.3369        387 0.0000e+00
     10.000    16.3361   4.121885    32.3375        416 0.0000e+00
     11.000    16.3312   4.121489    32.3376        447 0.0000e+00
     12.000    16.3019   4.118870    32.3381        472 0.0000e+00
     13.000    16.2469   4.114112    32.3407        495 0.0000e+00
     14.000    16.1868   4.108828    32.3428        518 0.0000e+00
     15.000    16.1295   4.103665    32.3436        544 0.0000e+00
     16.000    15.9310   4.086000    32.3494        576 0.0000e+00
     17.000    15.7677   4.071636    32.3554        609 0.0000e+00
     18.000    15.5876   4.056100    32.3647        636 0.0000e+00
     19.000    15.4193   4.041290    32.3705        658 0.0000e+00
     20.000    15.3420   4.034630    32.3744        679 0.0000e+00
     21.000    15.2975   4.030853    32.3768        704 0.0000e+00
     22.000    15.2808   4.029228    32.3757        735 0.0000e+00
     23.000    15.2534   4.026554    32.3739        766 0.0000e+00
     24.000    15.1489   4.017157    32.3755        794 0.0000e+00
     25.000    15.1071   4.013650    32.3782        819 0.0000e+00
     26.000    15.1031   4.013403    32.3789        846 0.0000e+00
     27.000    15.0747   4.011393    32.3839        872 0.0000e+00
     28.000    15.0271   4.007132    32.3846        896 0.0000e+00
     29.000    14.9900   4.003875    32.3856        920 0.0000e+00
     30.000    14.9713   4.002265    32.3862        951 0.0000e+00
     31.000    14.9603   4.001435    32.3874        982 0.0000e+00
     32.000    14.9507   4.000833    32.3896       1006 0.0000e+00
     33.000    14.8807   3.994527    32.3903       1028 0.0000e+00
     34.000    14.7733   3.985092    32.3938       1054 0.0000e+00
     35.000    14.7099   3.979232    32.3931       1088 0.0000e+00
     36.000    14.6438   3.973149    32.3925       1118 0.0000e+00
     37.000    14.3878   3.950180    32.3965       1141 0.0000e+00
     38.000    14.1940   3.933056    32.4017       1164 0.0000e+00
     39.000    14.0758   3.922418    32.4028       1188 0.0000e+00
     40.000    13.9580   3.911745    32.4032       1216 0.0000e+00
     41.000    13.8001   3.897758    32.4067       1246 0.0000e+00
     42.000    13.7521   3.893306    32.4056       1274 0.0000e+00
     43.000    13.6079   3.879764    32.4013       1300 0.0000e+00
     44.000    12.9139   3.819097    32.4232       1324 0.0000e+00
     45.000    12.4448   3.778556    32.4410       1349 0.0000e+00
     46.000    12.3409   3.768974    32.4387       1375 0.0000e+00
     47.000    12.0190   3.740591    32.4444       1405 0.0000e+00
     48.000    11.6675   3.710598    32.4599       1438 0.0000e+00
     49.000    11.3989   3.686579    32.4603       1465 0.0000e+00
     50.000    11.0412   3.655901    32.4732       1487 0.0000e+00
     51.000    10.6631   3.622900    32.4804       1509 0.0000e+00
     52.000    10.4558   3.604628    32.4821       1533 0.0000e+00
     53.000    10.1736   3.579948    32.4859       1562 0.0000e+00
     54.000     9.8759   3.554216    32.4925       1590 0.0000e+00
     55.000     9.6808   3.537272    32.4955       1615 0.0000e+00
     56.000     9.4467   3.515472    32.4837       1723 0.0000e+00
     57.000     9.3654   3.507133    32.4714       2355 0.0000e+00
     58.000     9.3618   3.505363    32.4560       4554 0.0000e+00
     57.000     9.4082   3.509665    32.4586       4462 0.0000e+00
     56.000     9.4367   3.511931    32.4565       4334 0.0000e+00
     55.000     9.4716   3.514987    32.4567       4369 0.0000e+00
     54.000     9.6594   3.531142    32.4526       4411 0.0000e+00
     53.000     9.9760   3.558262    32.4439       4448 0.0000e+00
     52.000    10.1734   3.574821    32.4348       4485 0.0000e+00
     51.000     9.9157   3.553220    32.4478       4536 0.0000e+00
     50.000    10.5724   3.610269    32.4355       4579 0.0000e+00
     49.000    10.9242   3.640657    32.4263       4606 0.0000e+00
     48.000    11.2587   3.669703    32.4183       4634 0.0000e+00
     47.000    11.1561   3.659928    32.4128       4693 0.0000e+00
     46.000    11.8535   3.721663    32.4058       4738 0.0000e+00
     45.000    12.2190   3.753183    32.3930       4770 0.0000e+00
     44.000    12.4046   3.770046    32.3947       4809 0.0000e+00
     43.000    13.2645   3.845889    32.3763       4857 0.0000e+00
     42.000    13.7199   3.885874    32.3638       4898 0.0000e+00
     41.000    13.8155   3.894842    32.3667       4927 0.0000e+00
     40.000    13.5289   3.870493    32.3830       4969 0.0000e+00
     39.000    14.0929   3.919795    32.3644       5039 0.0000e+00
     38.000    14.1447   3.925233    32.3712       5083 0.0000e+00
     37.000    14.3407   3.943255    32.3726       5130 0.0000e+00
     36.000    14.6037   3.966914    32.3692       5171 0.0000e+00
     35.000    14.7150   3.977093    32.3694       5221 0.0000e+00
     34.000    14.7957   3.984930    32.3737       5292 0.0000e+00
     33.000    14.8608   3.990970    32.3746       5331 0.0000e+00
     32.000    14.9839   4.003176    32.3832       6625 0.0000e+00
     31.000    14.9627   4.000840    32.3801       7003 0.0000e+00
     30.000    14.9843   4.002709    32.3794       7074 0.0000e+00
     29.000    15.0223   4.006116    32.3790       7128 0.0000e+00
     28.000    15.0575   4.009111    32.3772       7176 0.0000e+00
     27.000    15.1081   4.013175    32.3723       7219 0.0000e+00
     26.000    15.1170   4.013509    32.3684       7279 0.0000e+00
     25.000    15.1362   4.015022    32.3664       7336 0.0000e+00
     24.000    15.2208   4.021964    32.3593       7385 0.0000e+00
     23.000    15.2562   4.025417    32.3614       7427 0.0000e+00
     22.000    15.2953   4.028954    32.3612       7482 0.0000e+00
     21.000    15.3421   4.032877    32.3582       7556 0.0000e+00
     20.000    15.4337   4.041168    32.3573       7597 0.0000e+00
     19.000    15.5935   4.055403    32.3532       7630 0.0000e+00
     18.000    15.7590   4.069742    32.3453       7693 0.0000e+00
     17.000    15.9060   4.082800    32.3411       7751 0.0000e+00
     16.000    16.0491   4.095343    32.3355       7780 0.0000e+00
     15.000    16.0546   4.095582    32.3335       7823 0.0000e+00
     14.000    16.2157   4.110529    32.3342       7899 0.0000e+00
     13.000    16.3246   4.120046    32.3296       7931 0.0000e+00
     12.000    16.3411   4.121478    32.3292       7959 0.0000e+00
     11.000    16.2932   4.117368    32.3324       8020 0.0000e+00
     10.000    16.3738   4.124993    32.3341       9390 0.0000e+00
      9.000    16.3630   4.123980    32.3344      10366 0.0000e+00
      8.000    16.3809   4.125501    32.3335      10318 0.0000e+00
      7.000    16.4020   4.127323    32.3327      10353 0.0000e+00
      6.000    16.4602   4.132405    32.3304      10397 0.0000e+00
      5.000    16.5133   4.136882    32.3268      10439 0.0000e+00
      4.000    16.5562   4.140230    32.3217      10475 0.0000e+00
      3.000    16.5809   4.142843    32.3249      11402 0.0000e+00
