HB2303/ctd023.cnv
* Sea-Bird SBE 9 Data File:
* FileName = C:\cruise\data\ctd023.hex
* Software Version Seasave V 7.26.7.121
* Temperature SN = 6664
* Conductivity SN = 6035
* Number of Bytes Per Scan = 37
* Number of Voltage Words = 4
* Number of Scans Averaged by the Deck Unit = 1
* NMEA Latitude = 42 13.41 N
* NMEA Longitude = 065 45.85 W
* NMEA UTC (Time) = Aug 18 2023  23:24:00
* NMEA baud rate = 4800
** Ship: Bigelow HB2303
** Program:   ECOMON
** Chief Scientist: Audy Peoples
# nquan = 6
# nvalues = 445                         
# units = specified
# name 0 = depSM: Depth [salt water, m]
# name 1 = t090C: Temperature [ITS-90, deg C]
# name 2 = c0S/m: Conductivity [S/m]
# name 3 = sal00: Salinity, Practical [PSU]
# name 4 = scan: Scan Count
# name 5 = flag: flag
# span 0 =      2.000,    225.000       
# span 1 =     6.3692,    18.2000       
# span 2 =   3.416497,   4.167140       
# span 3 =    31.0934,    35.0848       
# span 4 =       -135,      22767       
# span 5 = 0.0000e+00, 0.0000e+00       
# interval = meters: 1                  
# start_time = Aug 18 2023 23:24:00 [NMEA time, header]
# bad_flag = -9.990e-29
*END*
      4.000    18.2000   4.167140    31.2615       -135 0.0000e+00
      5.000    18.1226   4.159465    31.2559        187 0.0000e+00
      6.000    18.0944   4.156745    31.2543        290 0.0000e+00
      7.000    18.1402   4.161293    31.2572        345 0.0000e+00
      8.000    17.9812   4.145368    31.2444        406 0.0000e+00
      9.000    17.6962   4.117942    31.2311        444 0.0000e+00
     10.000    17.5797   4.104620    31.2073        518 0.0000e+00
     11.000    17.5106   4.096915    31.1947        580 0.0000e+00
     12.000    17.3705   4.080984    31.1666        608 0.0000e+00
     13.000    16.2783   3.974457    31.0934        669 0.0000e+00
     14.000    15.1325   3.878657    31.1511        742 0.0000e+00
     15.000    14.3588   3.826014    31.2962        764 0.0000e+00
     16.000    14.1258   3.812089    31.3575        793 0.0000e+00
     17.000    14.0053   3.802372    31.3661        870 0.0000e+00
     18.000    13.8735   3.793514    31.3919        911 0.0000e+00
     19.000    13.7358   3.784580    31.4218        937 0.0000e+00
     20.000    13.4084   3.751463    31.3830        984 0.0000e+00
     21.000    13.1681   3.725615    31.3396       1056 0.0000e+00
     22.000    12.9601   3.704663    31.3143       1078 0.0000e+00
     23.000    12.8269   3.694814    31.3316       1103 0.0000e+00
     24.000    12.8468   3.698507    31.3495       1157 0.0000e+00
     25.000    12.8227   3.699979    31.3830       1199 0.0000e+00
     26.000    12.5825   3.684095    31.4323       1232 0.0000e+00
     27.000    12.5076   3.679027    31.4464       1273 0.0000e+00
     28.000    12.5022   3.678538    31.4458       1302 0.0000e+00
     29.000    12.4935   3.677979    31.4473       1324 0.0000e+00
     30.000    12.3627   3.667626    31.4579       1348 0.0000e+00
     31.000    12.2247   3.656821    31.4701       1382 0.0000e+00
     32.000    12.1240   3.650558    31.4945       1417 0.0000e+00
     33.000    11.7821   3.642589    31.7073       1442 0.0000e+00
     34.000    10.5739   3.566624    32.0055       1467 0.0000e+00
     35.000    10.0219   3.523753    32.0616       1496 0.0000e+00
     36.000     9.8371   3.508435    32.0701       1528 0.0000e+00
     37.000     9.8165   3.505700    32.0603       1554 0.0000e+00
     38.000     9.7918   3.503070    32.0551       1575 0.0000e+00
     39.000     9.7742   3.501075    32.0500       1595 0.0000e+00
     40.000     9.7651   3.499751    32.0442       1627 0.0000e+00
     41.000     9.6516   3.491343    32.0593       1670 0.0000e+00
     42.000     9.5300   3.482355    32.0756       1697 0.0000e+00
     43.000     9.4854   3.477855    32.0691       1718 0.0000e+00
     44.000     9.4240   3.471888    32.0623       1739 0.0000e+00
     45.000     9.2754   3.458071    32.0531       1763 0.0000e+00
     46.000     9.1808   3.459671    32.1543       1792 0.0000e+00
     47.000     9.1732   3.472202    32.2901       1829 0.0000e+00
     48.000     9.0223   3.469092    32.3945       1865 0.0000e+00
     49.000     8.9813   3.471239    32.4536       1891 0.0000e+00
     50.000     8.9269   3.471031    32.5008       1912 0.0000e+00
     51.000     8.8905   3.469739    32.5202       1930 0.0000e+00
     52.000     8.8037   3.465036    32.5503       1952 0.0000e+00
     53.000     8.6520   3.455915    32.5940       1992 0.0000e+00
     54.000     8.5754   3.450227    32.6046       2033 0.0000e+00
     55.000     8.5584   3.449606    32.6134       2053 0.0000e+00
     56.000     8.5470   3.449515    32.6224       2070 0.0000e+00
     57.000     8.5239   3.448624    32.6340       2089 0.0000e+00
     58.000     8.5191   3.448397    32.6356       2129 0.0000e+00
     59.000     8.5007   3.447305    32.6407       2171 0.0000e+00
     60.000     8.4820   3.446150    32.6453       2190 0.0000e+00
     61.000     8.4649   3.445139    32.6501       2206 0.0000e+00
     62.000     8.4584   3.444657    32.6506       2225 0.0000e+00
     63.000     8.4569   3.444431    32.6491       2268 0.0000e+00
     64.000     8.4438   3.443399    32.6500       2312 0.0000e+00
     65.000     8.3412   3.436817    32.6752       2332 0.0000e+00
     66.000     8.2705   3.432657    32.6964       2351 0.0000e+00
     67.000     8.2152   3.429677    32.7160       2373 0.0000e+00
     68.000     8.1635   3.427164    32.7370       2403 0.0000e+00
     69.000     8.1382   3.426009    32.7479       2442 0.0000e+00
     70.000     8.0899   3.423992    32.7711       2472 0.0000e+00
     71.000     8.0292   3.421493    32.8009       2496 0.0000e+00
     72.000     7.9801   3.419708    32.8275       2518 0.0000e+00
     73.000     7.9725   3.419325    32.8300       2540 0.0000e+00
     74.000     7.9559   3.418564    32.8370       2567 0.0000e+00
     75.000     7.9378   3.417956    32.8471       2608 0.0000e+00
     76.000     7.9091   3.417578    32.8696       2648 0.0000e+00
     77.000     7.8599   3.418110    32.9212       2669 0.0000e+00
     78.000     7.8267   3.417308    32.9434       2686 0.0000e+00
     79.000     7.8104   3.417192    32.9571       2703 0.0000e+00
     80.000     7.7837   3.418576    32.9967       2734 0.0000e+00
     81.000     7.7694   3.419792    33.0227       2798 0.0000e+00
     82.000     7.7713   3.420655    33.0298       2817 0.0000e+00
     83.000     7.7782   3.422119    33.0384       2833 0.0000e+00
     84.000     7.7710   3.423485    33.0595       2848 0.0000e+00
     85.000     7.7744   3.427233    33.0959       2866 0.0000e+00
     86.000     7.7885   3.432018    33.1333       2923 0.0000e+00
     87.000     7.7899   3.432602    33.1379       2955 0.0000e+00
     88.000     7.7998   3.434637    33.1497       2974 0.0000e+00
     89.000     7.8276   3.438888    33.1684       2993 0.0000e+00
     90.000     7.8588   3.442881    33.1810       3014 0.0000e+00
     91.000     7.9119   3.449030    33.1959       3036 0.0000e+00
     92.000     7.9346   3.453196    33.2184       3064 0.0000e+00
     93.000     7.9397   3.455125    33.2337       3112 0.0000e+00
     94.000     7.9496   3.456851    33.2422       3150 0.0000e+00
     95.000     8.0774   3.475041    33.3144       3168 0.0000e+00
     96.000     8.1769   3.488818    33.3659       3183 0.0000e+00
     97.000     8.2316   3.496508    33.3950       3196 0.0000e+00
     98.000     8.2349   3.497239    33.3992       3211 0.0000e+00
     99.000     8.2339   3.497506    33.4025       3269 0.0000e+00
    100.000     8.2328   3.497560    33.4037       3303 0.0000e+00
    101.000     8.2429   3.499312    33.4122       3318 0.0000e+00
    102.000     8.2828   3.505350    33.4379       3334 0.0000e+00
    103.000     8.2688   3.506161    33.4593       3355 0.0000e+00
    104.000     8.5563   3.543565    33.5800       3396 0.0000e+00
    105.000     9.1776   3.617318    33.7626       3426 0.0000e+00
    106.000     9.3203   3.634305    33.8031       3445 0.0000e+00
    107.000     9.4281   3.647832    33.8406       3461 0.0000e+00
    108.000     9.4764   3.654362    33.8619       3482 0.0000e+00
    109.000     9.5624   3.666328    33.9035       3527 0.0000e+00
    110.000     9.8480   3.703079    34.0105       3567 0.0000e+00
    111.000    10.0262   3.724895    34.0648       3586 0.0000e+00
    112.000    10.0954   3.733478    34.0865       3602 0.0000e+00
    113.000    10.1627   3.741413    34.1034       3617 0.0000e+00
    114.000    10.1865   3.744592    34.1128       3635 0.0000e+00
    115.000    10.2173   3.749162    34.1297       3672 0.0000e+00
    116.000    10.2673   3.756322    34.1547       3720 0.0000e+00
    117.000    10.3785   3.771226    34.2005       3742 0.0000e+00
    118.000    10.4143   3.776116    34.2158       3760 0.0000e+00
    119.000    10.4581   3.781770    34.2312       3777 0.0000e+00
    120.000    10.5239   3.790531    34.2572       3800 0.0000e+00
    121.000    10.7069   3.815106    34.3318       3833 0.0000e+00
    122.000    10.8720   3.839060    34.4162       3867 0.0000e+00
    123.000    10.9911   3.855960    34.4725       3891 0.0000e+00
    124.000    11.1811   3.882620    34.5591       3912 0.0000e+00
    125.000    11.0775   3.871717    34.5475       3938 0.0000e+00
    126.000    10.9349   3.858406    34.5485       3973 0.0000e+00
    127.000    10.9578   3.863774    34.5801       3999 0.0000e+00
    128.000    11.1374   3.885784    34.6298       4018 0.0000e+00
    129.000    11.2039   3.893580    34.6442       4036 0.0000e+00
    130.000    11.2913   3.904657    34.6714       4062 0.0000e+00
    131.000    11.3415   3.910900    34.6857       4112 0.0000e+00
    132.000    11.4191   3.921981    34.7218       4138 0.0000e+00
    133.000    11.5275   3.936629    34.7641       4156 0.0000e+00
    134.000    11.5173   3.935747    34.7646       4173 0.0000e+00
    135.000    11.5128   3.935600    34.7669       4193 0.0000e+00
    136.000    11.5055   3.935263    34.7700       4221 0.0000e+00
    137.000    11.4862   3.933915    34.7744       4256 0.0000e+00
    138.000    11.4714   3.933860    34.7873       4286 0.0000e+00
    139.000    11.3993   3.927112    34.7881       4316 0.0000e+00
    140.000    11.3937   3.927921    34.8009       4344 0.0000e+00
    141.000    11.5982   3.956001    34.8850       4366 0.0000e+00
    142.000    11.7144   3.972477    34.9372       4383 0.0000e+00
    143.000    11.4857   3.949360    34.9245       4399 0.0000e+00
    144.000    11.2718   3.928044    34.9155       4429 0.0000e+00
    145.000    11.1618   3.916823    34.9078       4478 0.0000e+00
    146.000    11.0929   3.910768    34.9125       4500 0.0000e+00
    147.000    11.0792   3.909886    34.9162       4517 0.0000e+00
    148.000    11.0547   3.907818    34.9184       4534 0.0000e+00
    149.000    11.0229   3.905232    34.9224       4561 0.0000e+00
    150.000    11.0034   3.903902    34.9272       4596 0.0000e+00
    151.000    11.0059   3.904156    34.9269       4622 0.0000e+00
    152.000    11.0016   3.903954    34.9285       4643 0.0000e+00
    153.000    10.9832   3.903109    34.9372       4664 0.0000e+00
    154.000    10.8993   3.896570    34.9512       4691 0.0000e+00
    155.000    10.8095   3.889826    34.9689       4728 0.0000e+00
    156.000    10.7335   3.885220    34.9949       4758 0.0000e+00
    157.000    10.6750   3.880742    35.0054       4776 0.0000e+00
    158.000    10.5731   3.872851    35.0232       4792 0.0000e+00
    159.000    10.4286   3.861512    35.0470       4808 0.0000e+00
    160.000    10.3025   3.850709    35.0586       4846 0.0000e+00
    161.000    10.2180   3.842735    35.0587       4895 0.0000e+00
    162.000    10.0645   3.829280    35.0696       4913 0.0000e+00
    163.000     9.9991   3.823452    35.0730       4929 0.0000e+00
    164.000     9.8607   3.811058    35.0800       4943 0.0000e+00
    165.000     9.6884   3.795052    35.0826       4959 0.0000e+00
    166.000     9.5526   3.782044    35.0804       5000 0.0000e+00
    167.000     9.4074   3.768266    35.0793       5050 0.0000e+00
    168.000     9.2812   3.756466    35.0799       5068 0.0000e+00
    169.000     9.0829   3.738288    35.0848       5083 0.0000e+00
    170.000     8.9814   3.728660    35.0835       5098 0.0000e+00
    171.000     8.9086   3.721681    35.0816       5119 0.0000e+00
    172.000     8.8515   3.715812    35.0758       5151 0.0000e+00
    173.000     8.7911   3.709946    35.0734       5177 0.0000e+00
    174.000     8.7215   3.703238    35.0710       5199 0.0000e+00
    175.000     8.6579   3.697054    35.0682       5227 0.0000e+00
    176.000     8.6180   3.693218    35.0667       5265 0.0000e+00
    177.000     8.5928   3.690839    35.0661       5289 0.0000e+00
    178.000     8.5742   3.689229    35.0669       5305 0.0000e+00
    179.000     8.5513   3.687376    35.0696       5320 0.0000e+00
    180.000     8.5350   3.685901    35.0697       5337 0.0000e+00
    181.000     8.5227   3.684509    35.0666       5384 0.0000e+00
    182.000     8.5146   3.683834    35.0670       5419 0.0000e+00
    183.000     8.5089   3.683640    35.0701       5436 0.0000e+00
    184.000     8.5086   3.683793    35.0716       5451 0.0000e+00
    185.000     8.5035   3.683502    35.0731       5470 0.0000e+00
    186.000     8.4775   3.681001    35.0719       5503 0.0000e+00
    187.000     8.4386   3.677458    35.0724       5534 0.0000e+00
    188.000     8.3908   3.673115    35.0733       5553 0.0000e+00
    189.000     8.2861   3.663424    35.0740       5571 0.0000e+00
    190.000     8.0912   3.645060    35.0718       5593 0.0000e+00
    191.000     8.0276   3.639108    35.0710       5631 0.0000e+00
    192.000     7.8006   3.616946    35.0597       5662 0.0000e+00
    193.000     7.6008   3.598306    35.0585       5683 0.0000e+00
    194.000     7.4980   3.588460    35.0547       5701 0.0000e+00
    195.000     7.3826   3.577536    35.0518       5721 0.0000e+00
    196.000     7.2791   3.567655    35.0481       5749 0.0000e+00
    197.000     7.2168   3.561501    35.0434       5787 0.0000e+00
    198.000     7.1735   3.557349    35.0413       5814 0.0000e+00
    199.000     7.0990   3.550458    35.0408       5832 0.0000e+00
    200.000     7.0601   3.546669    35.0382       5848 0.0000e+00
    201.000     7.0267   3.543484    35.0365       5865 0.0000e+00
    202.000     7.0136   3.542090    35.0340       5887 0.0000e+00
    203.000     6.9915   3.539717    35.0299       5930 0.0000e+00
    204.000     6.9691   3.537554    35.0283       5972 0.0000e+00
    205.000     6.9645   3.537136    35.0278       5991 0.0000e+00
    206.000     6.9522   3.535993    35.0272       6007 0.0000e+00
    207.000     6.9446   3.535281    35.0266       6021 0.0000e+00
    208.000     6.9414   3.534909    35.0254       6038 0.0000e+00
    209.000     6.9267   3.533473    35.0240       6066 0.0000e+00
    210.000     6.9091   3.531713    35.0219       6111 0.0000e+00
    211.000     6.8682   3.527889    35.0208       6141 0.0000e+00
    212.000     6.8335   3.524566    35.0190       6162 0.0000e+00
    213.000     6.8020   3.521744    35.0193       6181 0.0000e+00
    214.000     6.7825   3.519889    35.0182       6201 0.0000e+00
    215.000     6.7333   3.515264    35.0167       6222 0.0000e+00
    216.000     6.6864   3.510973    35.0165       6252 0.0000e+00
    217.000     6.6552   3.508190    35.0169       6284 0.0000e+00
    218.000     6.5659   3.499457    35.0106       6308 0.0000e+00
    219.000     6.4875   3.493092    35.0194       6329 0.0000e+00
    220.000     6.4477   3.489195    35.0163       6354 0.0000e+00
    221.000     6.4337   3.487761    35.0141       6384 0.0000e+00
    222.000     6.4102   3.485638    35.0140       6412 0.0000e+00
    223.000     6.3897   3.483745    35.0133       6437 0.0000e+00
    224.000     6.3855   3.483219    35.0113       6515 0.0000e+00
    225.000     6.3692   3.481466    35.0079       6790 0.0000e+00
    224.000     6.3762   3.482113    35.0085       6779 0.0000e+00
    223.000     6.3818   3.482327    35.0056       7394 0.0000e+00
    222.000     6.3966   3.483627    35.0055       7706 0.0000e+00
    221.000     6.4293   3.486544    35.0051       7799 0.0000e+00
    220.000     6.4746   3.490638    35.0048       7920 0.0000e+00
    219.000     6.4584   3.489264    35.0067       8022 0.0000e+00
    218.000     6.4952   3.492484    35.0053       8099 0.0000e+00
    217.000     6.4954   3.492475    35.0055       8169 0.0000e+00
    216.000     6.6115   3.503150    35.0061      10650 0.0000e+00
    215.000     6.6741   3.508796    35.0054      11979 0.0000e+00
    214.000     6.6923   3.510694    35.0083      12420 0.0000e+00
    213.000     6.7527   3.515876    35.0047      12439 0.0000e+00
    212.000     6.8116   3.521597    35.0085      12456 0.0000e+00
    211.000     6.8514   3.525083    35.0070      12473 0.0000e+00
    210.000     6.8749   3.527320    35.0082      12493 0.0000e+00
    209.000     6.8739   3.527225    35.0087      12525 0.0000e+00
