HB2303/ctd024.cnv
* Sea-Bird SBE 9 Data File:
* FileName = C:\cruise\data\ctd024.hex
* Software Version Seasave V 7.26.7.121
* Temperature SN = 6664
* Conductivity SN = 6035
* Number of Bytes Per Scan = 37
* Number of Voltage Words = 4
* Number of Scans Averaged by the Deck Unit = 1
* NMEA Latitude = 42 22.50 N
* NMEA Longitude = 067 01.93 W
* NMEA UTC (Time) = Aug 19 2023  11:41:45
* NMEA baud rate = 4800
** Ship: Bigelow HB2303
** Program:   ECOMON
** Chief Scientist: Audy Peoples
# nquan = 6
# nvalues = 666                         
# units = specified
# name 0 = depSM: Depth [salt water, m]
# name 1 = t090C: Temperature [ITS-90, deg C]
# name 2 = c0S/m: Conductivity [S/m]
# name 3 = sal00: Salinity, Practical [PSU]
# name 4 = scan: Scan Count
# name 5 = flag: flag
# span 0 =      2.000,    335.000       
# span 1 =     7.8918,    16.6261       
# span 2 =   3.419945,   4.090759       
# span 3 =    31.8196,    35.0053       
# span 4 =        133,      26132       
# span 5 = 0.0000e+00, 0.0000e+00       
# interval = meters: 1                  
# start_time = Aug 19 2023 11:41:45 [NMEA time, header]
# bad_flag = -9.990e-29
*END*
[from data line 239]
    242.000     8.2005   3.650993    35.0008       7403 0.0000e+00
    243.000     8.2005   3.651055    35.0010       7431 0.0000e+00
    244.000     8.1999   3.651021    35.0007       7458 0.0000e+00
    245.000     8.2001   3.651079    35.0007       7489 0.0000e+00
    246.000     8.2002   3.651079    35.0001       7522 0.0000e+00
    247.000     8.2004   3.651191    35.0006       7551 0.0000e+00
    248.000     8.2004   3.651234    35.0005       7577 0.0000e+00
    249.000     8.2004   3.651281    35.0006       7604 0.0000e+00
    250.000     8.2004   3.651322    35.0006       7634 0.0000e+00
    251.000     8.2005   3.651373    35.0006       7665 0.0000e+00
    252.000     8.1999   3.651363    35.0005       7697 0.0000e+00
    253.000     8.2001   3.651427    35.0006       7730 0.0000e+00
    254.000     8.2002   3.651479    35.0005       7764 0.0000e+00
    255.000     8.2005   3.651554    35.0005       7794 0.0000e+00
    256.000     8.2003   3.651584    35.0005       7817 0.0000e+00
    257.000     8.2002   3.651620    35.0005       7840 0.0000e+00
    258.000     8.1999   3.651640    35.0006       7865 0.0000e+00
    259.000     8.1999   3.651679    35.0005       7898 0.0000e+00
    260.000     8.2002   3.651752    35.0005       7937 0.0000e+00
    261.000     8.2002   3.651804    35.0006       7970 0.0000e+00
    262.000     8.2005   3.651879    35.0006       7997 0.0000e+00
    263.000     8.2010   3.651982    35.0006       8021 0.0000e+00
    264.000     8.2007   3.651993    35.0006       8046 0.0000e+00
    265.000     8.2013   3.652081    35.0006       8075 0.0000e+00
    266.000     8.2014   3.652145    35.0006       8106 0.0000e+00
    267.000     8.2015   3.652192    35.0006       8132 0.0000e+00
    268.000     8.2012   3.652207    35.0005       8156 0.0000e+00
    269.000     8.2008   3.652222    35.0005       8181 0.0000e+00
    270.000     8.2007   3.652259    35.0005       8214 0.0000e+00
    271.000     8.2010   3.652319    35.0004       8255 0.0000e+00
    272.000     8.2008   3.652353    35.0005       8284 0.0000e+00
    273.000     8.2008   3.652381    35.0003       8305 0.0000e+00
    274.000     8.1999   3.652363    35.0005       8325 0.0000e+00
    275.000     8.1989   3.652312    35.0005       8348 0.0000e+00
    276.000     8.1966   3.652137    35.0004       8379 0.0000e+00
    277.000     8.1957   3.652106    35.0005       8412 0.0000e+00
    278.000     8.1823   3.650838    34.9998       8437 0.0000e+00
    279.000     8.1753   3.650256    35.0001       8461 0.0000e+00
    280.000     8.1799   3.650724    35.0000       8490 0.0000e+00
    281.000     8.1750   3.650277    34.9997       8528 0.0000e+00
    282.000     8.1752   3.650342    34.9997       8561 0.0000e+00
    283.000     8.1754   3.650412    34.9997       8585 0.0000e+00
    284.000     8.1755   3.650455    34.9996       8606 0.0000e+00
    285.000     8.1747   3.650417    34.9995       8628 0.0000e+00
    286.000     8.1743   3.650431    34.9995       8658 0.0000e+00
    287.000     8.1715   3.650203    34.9994       8696 0.0000e+00
    288.000     8.1713   3.650224    34.9994       8727 0.0000e+00
    289.000     8.1699   3.650137    34.9994       8754 0.0000e+00
    290.000     8.1704   3.650231    34.9994       8784 0.0000e+00
    291.000     8.1721   3.650425    34.9993       8817 0.0000e+00
    292.000     8.1722   3.650469    34.9992       8845 0.0000e+00
    293.000     8.1728   3.650598    34.9995       8867 0.0000e+00
    294.000     8.1736   3.650694    34.9992       8890 0.0000e+00
    295.000     8.1713   3.650521    34.9992       8918 0.0000e+00
    296.000     8.1712   3.650497    34.9985       8949 0.0000e+00
    297.000     8.1713   3.650611    34.9992       8979 0.0000e+00
    298.000     8.1709   3.650614    34.9991       9016 0.0000e+00
    299.000     8.1719   3.650746    34.9991       9062 0.0000e+00
    300.000     8.1727   3.650884    34.9993       9091 0.0000e+00
    301.000     8.1724   3.650876    34.9990       9111 0.0000e+00
    302.000     8.1716   3.650869    34.9992       9128 0.0000e+00
    303.000     8.1719   3.650937    34.9992       9146 0.0000e+00
    304.000     8.1715   3.650942    34.9991       9169 0.0000e+00
    305.000     8.1705   3.650883    34.9991       9210 0.0000e+00
    306.000     8.1710   3.650979    34.9990       9249 0.0000e+00
    307.000     8.1708   3.651016    34.9992       9276 0.0000e+00
    308.000     8.1716   3.651120    34.9990       9304 0.0000e+00
    309.000     8.1721   3.651209    34.9990       9341 0.0000e+00
    310.000     8.1731   3.651353    34.9991       9378 0.0000e+00
    311.000     8.1742   3.651507    34.9991       9404 0.0000e+00
    312.000     8.1749   3.651614    34.9991       9423 0.0000e+00
    313.000     8.1739   3.651573    34.9991       9440 0.0000e+00
    314.000     8.1722   3.651448    34.9990       9457 0.0000e+00
    315.000     8.1708   3.651352    34.9989       9478 0.0000e+00
    316.000     8.1686   3.651169    34.9987       9538 0.0000e+00
    317.000     8.1670   3.651070    34.9987       9593 0.0000e+00
    318.000     8.1666   3.651089    34.9988       9612 0.0000e+00
    319.000     8.1684   3.651299    34.9987       9629 0.0000e+00
    320.000     8.1683   3.651321    34.9987       9644 0.0000e+00
    321.000     8.1666   3.651222    34.9987       9660 0.0000e+00
    322.000     8.1665   3.651241    34.9986       9680 0.0000e+00
    323.000     8.1666   3.651282    34.9985       9721 0.0000e+00
    324.000     8.1664   3.651304    34.9984       9767 0.0000e+00
    325.000     8.1657   3.651281    34.9984       9810 0.0000e+00
    326.000     8.1662   3.651379    34.9985       9845 0.0000e+00
    327.000     8.1671   3.651511    34.9985       9867 0.0000e+00
    328.000     8.1666   3.651517    34.9985       9884 0.0000e+00
    329.000     8.1678   3.651674    34.9986       9900 0.0000e+00
    330.000     8.1685   3.651796    34.9987       9916 0.0000e+00
    331.000     8.1684   3.651831    34.9987       9941 0.0000e+00
    332.000     8.1702   3.651985    34.9981       9985 0.0000e+00
    333.000     8.1703   3.652087    34.9986      10028 0.0000e+00
    334.000     8.1681   3.651921    34.9985      10108 0.0000e+00
    335.000     8.1671   3.651855    34.9983      10200 0.0000e+00
    334.000     8.1663   3.651722    34.9982      10389 0.0000e+00
    333.000     8.1665   3.651688    34.9981      11176 0.0000e+00
    332.000     8.1665   3.651652    34.9982      11761 0.0000e+00
    331.000     8.1665   3.651608    34.9982      11722 0.0000e+00
    330.000     8.1665   3.651561    34.9981      11743 0.0000e+00
    329.000     8.1665   3.651507    34.9980      11772 0.0000e+00
    328.000     8.1664   3.651447    34.9981      11804 0.0000e+00
    327.000     8.1658   3.651344    34.9979      11831 0.0000e+00
    326.000     8.1664   3.651371    34.9982      11856 0.0000e+00
    325.000     8.1671   3.651380    34.9981      11881 0.0000e+00
    324.000     8.1669   3.651316    34.9980      11908 0.0000e+00
    323.000     8.1664   3.651228    34.9981      11936 0.0000e+00
    322.000     8.1664   3.651180    34.9981      11965 0.0000e+00
    321.000     8.1662   3.651122    34.9981      11991 0.0000e+00
    320.000     8.1664   3.651105    34.9982      12016 0.0000e+00
    319.000     8.1667   3.651084    34.9982      12039 0.0000e+00
    318.000     8.1666   3.651031    34.9982      12065 0.0000e+00
    317.000     8.1667   3.650995    34.9981      12097 0.0000e+00
    316.000     8.1672   3.651010    34.9983      12129 0.0000e+00
    315.000     8.1682   3.651047    34.9982      12154 0.0000e+00
    314.000     8.1686   3.651045    34.9983      12177 0.0000e+00
    313.000     8.1706   3.651189    34.9983      12199 0.0000e+00
    312.000     8.1675   3.650833    34.9981      12223 0.0000e+00
    311.000     8.1662   3.650688    34.9983      12249 0.0000e+00
    310.000     8.1662   3.650629    34.9982      12282 0.0000e+00
    309.000     8.1674   3.650716    34.9984      12321 0.0000e+00
    308.000     8.1678   3.650708    34.9983      12348 0.0000e+00
    307.000     8.1709   3.650986    34.9987      12367 0.0000e+00
    306.000     8.1722   3.651038    34.9985      12385 0.0000e+00
    305.000     8.1718   3.650949    34.9985      12404 0.0000e+00
    304.000     8.1716   3.650885    34.9985      12433 0.0000e+00
    303.000     8.1724   3.650934    34.9986      12477 0.0000e+00
    302.000     8.1725   3.650902    34.9986      12508 0.0000e+00
    301.000     8.1716   3.650753    34.9985      12531 0.0000e+00
    300.000     8.1697   3.650541    34.9986      12552 0.0000e+00
    299.000     8.1707   3.650600    34.9987      12573 0.0000e+00
    298.000     8.1740   3.650861    34.9986      12596 0.0000e+00
    297.000     8.1723   3.650653    34.9986      12623 0.0000e+00
    296.000     8.1751   3.650896    34.9989      12655 0.0000e+00
    295.000     8.1759   3.650916    34.9988      12686 0.0000e+00
    294.000     8.1762   3.650899    34.9989      12713 0.0000e+00
    293.000     8.1781   3.651050    34.9990      12740 0.0000e+00
    292.000     8.1772   3.650912    34.9989      12771 0.0000e+00
    291.000     8.1759   3.650721    34.9986      12802 0.0000e+00
    290.000     8.1753   3.650648    34.9990      12826 0.0000e+00
    289.000     8.1764   3.650699    34.9989      12845 0.0000e+00
    288.000     8.1766   3.650679    34.9990      12864 0.0000e+00
    287.000     8.1844   3.651388    34.9993      12885 0.0000e+00
    286.000     8.1851   3.651396    34.9991      12912 0.0000e+00
    285.000     8.1852   3.651386    34.9994      12950 0.0000e+00
    284.000     8.1862   3.651423    34.9993      12989 0.0000e+00
    283.000     8.1860   3.651371    34.9994      13016 0.0000e+00
    282.000     8.1865   3.651371    34.9994      13038 0.0000e+00
    281.000     8.1877   3.651445    34.9995      13058 0.0000e+00
    280.000     8.1874   3.651366    34.9994      13078 0.0000e+00
    279.000     8.1874   3.651319    34.9994      13103 0.0000e+00
    278.000     8.1841   3.650877    34.9984      13141 0.0000e+00
    277.000     8.1830   3.650838    34.9996      13176 0.0000e+00
    276.000     8.1843   3.650875    34.9992      13197 0.0000e+00
    275.000     8.1844   3.650860    34.9994      13217 0.0000e+00
    274.000     8.1861   3.650991    34.9996      13240 0.0000e+00
    273.000     8.1944   3.651730    34.9997      13271 0.0000e+00
    272.000     8.1970   3.651880    34.9993      13305 0.0000e+00
    271.000     8.1965   3.651840    34.9998      13331 0.0000e+00
    270.000     8.1965   3.651609    34.9979      13354 0.0000e+00
    269.000     8.1965   3.651760    34.9999      13379 0.0000e+00
    268.000     8.1968   3.651730    34.9998      13408 0.0000e+00
    267.000     8.1971   3.651741    35.0000      13435 0.0000e+00
    266.000     8.1976   3.651710    34.9998      13459 0.0000e+00
    265.000     8.1974   3.651664    34.9999      13480 0.0000e+00
    264.000     8.1974   3.651614    34.9999      13504 0.0000e+00
    263.000     8.1979   3.651620    34.9999      13548 0.0000e+00
    262.000     8.1982   3.651611    35.0000      13590 0.0000e+00
    261.000     8.1984   3.651577    34.9999      13610 0.0000e+00
    260.000     8.1986   3.651547    35.0000      13625 0.0000e+00
    259.000     8.1986   3.651500    34.9999      13640 0.0000e+00
    258.000     8.1986   3.651460    35.0000      13657 0.0000e+00
    257.000     8.1985   3.651402    34.9999      13682 0.0000e+00
    256.000     8.1985   3.651363    35.0000      13731 0.0000e+00
    255.000     8.1982   3.651289    35.0000      13767 0.0000e+00
    254.000     8.1982   3.651251    35.0001      13792 0.0000e+00
    253.000     8.1999   3.651370    35.0001      13819 0.0000e+00
    252.000     8.2001   3.651335    35.0001      13849 0.0000e+00
    251.000     8.2016   3.651443    35.0002      13874 0.0000e+00
    250.000     8.2023   3.651448    35.0000      13893 0.0000e+00
    249.000     8.2028   3.651466    35.0002      13909 0.0000e+00
    248.000     8.2030   3.651424    35.0001      13927 0.0000e+00
    247.000     8.2037   3.651447    35.0001      13951 0.0000e+00
    246.000     8.2098   3.651964    35.0000      14016 0.0000e+00
    245.000     8.2098   3.651924    35.0000      14054 0.0000e+00
    244.000     8.2096   3.651867    35.0001      14072 0.0000e+00
    243.000     8.2091   3.651768    35.0001      14088 0.0000e+00
    242.000     8.2088   3.651701    35.0001      14107 0.0000e+00
    241.000     8.2089   3.651658    35.0001      14128 0.0000e+00
    240.000     8.2094   3.651667    35.0001      14155 0.0000e+00
    239.000     8.2104   3.651695    34.9999      14182 0.0000e+00
    238.000     8.2103   3.651621    34.9997      14214 0.0000e+00
    237.000     8.2103   3.651572    34.9997      14255 0.0000e+00
    236.000     8.2108   3.651580    34.9998      14293 0.0000e+00
    235.000     8.2111   3.651560    34.9997      14318 0.0000e+00
    234.000     8.2112   3.651521    34.9997      14338 0.0000e+00
    233.000     8.2112   3.651472    34.9997      14357 0.0000e+00
    232.000     8.2113   3.651439    34.9997      14375 0.0000e+00
    231.000     8.2115   3.651414    34.9997      14397 0.0000e+00
    230.000     8.2115   3.651355    34.9996      14432 0.0000e+00
    229.000     8.2116   3.651326    34.9996      14482 0.0000e+00
    228.000     8.2113   3.651256    34.9997      14512 0.0000e+00
    227.000     8.2118   3.651252    34.9996      14533 0.0000e+00
    226.000     8.2139   3.651403    34.9997      14553 0.0000e+00
    225.000     8.2185   3.651788    34.9996      14577 0.0000e+00
    224.000     8.2211   3.651989    34.9997      14607 0.0000e+00
    223.000     8.2234   3.652158    34.9996      14637 0.0000e+00
    222.000     8.2250   3.652263    34.9997      14663 0.0000e+00
    221.000     8.2326   3.652946    34.9999      14686 0.0000e+00
    220.000     8.2434   3.653887    34.9997      14710 0.0000e+00
    219.000     8.2510   3.654526    34.9995      14736 0.0000e+00
    218.000     8.2693   3.656213    34.9997      14781 0.0000e+00
    217.000     8.2767   3.656846    34.9995      14829 0.0000e+00
    216.000     8.2848   3.657563    34.9996      14850 0.0000e+00
    215.000     8.2929   3.658270    34.9996      14866 0.0000e+00
    214.000     8.2958   3.658489    34.9995      14882 0.0000e+00
    213.000     8.2963   3.658498    34.9996      14901 0.0000e+00
    212.000     8.2945   3.658295    34.9998      14924 0.0000e+00
    211.000     8.2992   3.658723    35.0001      14955 0.0000e+00
    210.000     8.3000   3.658765    35.0002      14994 0.0000e+00
    209.000     8.2992   3.658652    35.0003      15041 0.0000e+00
    208.000     8.2992   3.658616    35.0004      15075 0.0000e+00
    207.000     8.2983   3.658472    35.0003      15099 0.0000e+00
    206.000     8.2989   3.658510    35.0006      15119 0.0000e+00
    205.000     8.3024   3.658828    35.0009      15137 0.0000e+00
    204.000     8.3047   3.659014    35.0011      15156 0.0000e+00
    203.000     8.3060   3.659096    35.0012      15178 0.0000e+00
    202.000     8.3167   3.660061    35.0014      15209 0.0000e+00
    201.000     8.3385   3.661995    35.0008      15254 0.0000e+00
    200.000     8.3503   3.662960    34.9997      15290 0.0000e+00
    199.000     8.3976   3.667126    34.9976      15315 0.0000e+00
    198.000     8.4388   3.670668    34.9948      15338 0.0000e+00
    197.000     8.4605   3.672016    34.9881      15361 0.0000e+00
    196.000     8.4535   3.670787    34.9825      15386 0.0000e+00
    195.000     8.4699   3.671802    34.9775      15416 0.0000e+00
    194.000     8.4895   3.673658    34.9782      15449 0.0000e+00
    193.000     8.5064   3.675303    34.9794      15478 0.0000e+00
    192.000     8.5215   3.676754    34.9803      15504 0.0000e+00
    191.000     8.5329   3.677844    34.9811      15529 0.0000e+00
