HB2303/ctd003.cnv
* Sea-Bird SBE 9 Data File:
* FileName = C:\cruise\data\ctd003.hex
* Software Version Seasave V 7.26.7.121
* Temperature SN = 6664
* Conductivity SN = 6035
* Number of Bytes Per Scan = 37
* Number of Voltage Words = 4
* Number of Scans Averaged by the Deck Unit = 1
* NMEA Latitude = 38 00.20 N
* NMEA Longitude = 074 56.94 W
* NMEA UTC (Time) = Aug 11 2023  02:52:46
* NMEA baud rate = 4800
** Ship: Bigelow HB2303
** Program:   ECOMON
** Chief Scientist: Audy Peoples
# nquan = 6
# nvalues = 35                          
# units = specified
# name 0 = depSM: Depth [salt water, m]
# name 1 = t090C: Temperature [ITS-90, deg C]
# name 2 = c0S/m: Conductivity [S/m]
# name 3 = sal00: Salinity, Practical [PSU]
# name 4 = scan: Scan Count
# name 5 = flag: flag
# span 0 =      1.000,     19.000       
# span 1 =    13.0827,    22.7621       
# span 2 =   3.836144,   4.649434       
# span 3 =    31.7160,    32.4922       
# span 4 =        190,      11136       
# span 5 = 0.0000e+00, 0.0000e+00       
# interval = meters: 1                  
# start_time = Aug 11 2023 02:52:46 [NMEA time, header]
# bad_flag = -9.990e-29
*END*
      3.000    22.7578   4.648770    31.7254        190 0.0000e+00
      4.000    22.7601   4.649197    31.7267        441 0.0000e+00
      5.000    22.7575   4.649040    31.7271        575 0.0000e+00
      6.000    22.7613   4.649434    31.7270        641 0.0000e+00
      7.000    22.7607   4.649432    31.7272        695 0.0000e+00
      8.000    22.7268   4.646361    31.7279        750 0.0000e+00
      9.000    22.7238   4.646159    31.7282        805 0.0000e+00
     10.000    22.6379   4.638057    31.7282        857 0.0000e+00
     11.000    22.2380   4.602532    31.7456        903 0.0000e+00
     12.000    21.1901   4.514191    31.8277        980 0.0000e+00
     13.000    18.8164   4.313132    32.0003       1040 0.0000e+00
     14.000    15.2327   4.019022    32.3268       1111 0.0000e+00
     15.000    13.6278   3.888108    32.4732       1182 0.0000e+00
     16.000    13.2754   3.858053    32.4922       1246 0.0000e+00
     17.000    13.2215   3.852149    32.4825       1328 0.0000e+00
     18.000    13.2143   3.850741    32.4749       1388 0.0000e+00
     19.000    13.1125   3.839058    32.4517       3024 0.0000e+00
     18.000    13.0827   3.836144    32.4502       4294 0.0000e+00
     17.000    13.0963   3.837186    32.4487       4318 0.0000e+00
     16.000    13.1172   3.838755    32.4460       4419 0.0000e+00
     15.000    13.5020   3.869505    32.4068       4531 0.0000e+00
     14.000    13.8460   3.897967    32.3805       4650 0.0000e+00
     13.000    16.5111   4.112888    32.1157       4774 0.0000e+00
     12.000    19.5148   4.368882    31.9220       6281 0.0000e+00
     11.000    21.2250   4.514491    31.8045       8622 0.0000e+00
     10.000    22.0786   4.587154    31.7435       8330 0.0000e+00
      9.000    22.5913   4.632006    31.7160       8416 0.0000e+00
      8.000    22.7039   4.642728    31.7167       8490 0.0000e+00
      7.000    22.7514   4.647478    31.7190       8571 0.0000e+00
      6.000    22.7601   4.648497    31.7208       8640 0.0000e+00
      5.000    22.7621   4.648841    31.7222       8710 0.0000e+00
      4.000    22.7617   4.648920    31.7234       8787 0.0000e+00
      3.000    22.7591   4.649159    31.7274       9918 0.0000e+00
      2.000    22.7560   4.648965    31.7285      11055 0.0000e+00
      1.000    22.7544   4.648706    31.7280      11136 0.0000e+00
