HB2303/ctd014.cnv
* Sea-Bird SBE 9 Data File:
* FileName = C:\cruise\data\ctd014.hex
* Software Version Seasave V 7.26.7.121
* Temperature SN = 6664
* Conductivity SN = 6035
* Number of Bytes Per Scan = 37
* Number of Voltage Words = 4
* Number of Scans Averaged by the Deck Unit = 1
* NMEA Latitude = 40 02.56 N
* NMEA Longitude = 070 36.29 W
* NMEA UTC (Time) = Aug 14 2023  17:54:20
* NMEA baud rate = 4800
** Ship: Bigelow HB2303
** Program:   ECOMON
** Chief Scientist: Audy Peoples
# nquan = 6
# nvalues = 290                         
# units = specified
# name 0 = depSM: Depth [salt water, m]
# name 1 = t090C: Temperature [ITS-90, deg C]
# name 2 = c0S/m: Conductivity [S/m]
# name 3 = sal00: Salinity, Practical [PSU]
# name 4 = scan: Scan Count
# name 5 = flag: flag
# span 0 =      2.000,    147.000       
# span 1 =    13.7990,    26.2665       
# span 2 =   4.250452,   5.438107       
# span 3 =    34.4207,    35.6606       
# span 4 =        -62,      16618       
# span 5 = 0.0000e+00, 0.0000e+00       
# interval = meters: 1                  
# start_time = Aug 14 2023 17:54:20 [NMEA time, header]
# bad_flag = -9.990e-29
*END*
[from data line 239]
     52.000    15.5797   4.349089    34.9808      13101 0.0000e+00
     51.000    15.8082   4.368606    34.9540      13145 0.0000e+00
     50.000    15.8727   4.374134    34.9468      13178 0.0000e+00
     49.000    15.7951   4.367608    34.9573      13246 0.0000e+00
     48.000    16.0382   4.390688    34.9492      13293 0.0000e+00
     47.000    16.5099   4.433413    34.9143      15096 0.0000e+00
     46.000    16.5992   4.444126    34.9309      15344 0.0000e+00
     45.000    16.9909   4.487930    34.9738      15374 0.0000e+00
     44.000    17.8354   4.582566    35.0620      15403 0.0000e+00
     43.000    18.9133   4.698695    35.1259      15429 0.0000e+00
     42.000    19.4045   4.754102    35.1729      15454 0.0000e+00
     41.000    19.8348   4.806479    35.2436      15480 0.0000e+00
     40.000    20.3381   4.865885    35.3088      15507 0.0000e+00
     39.000    21.0092   4.945502    35.3943      15535 0.0000e+00
     38.000    22.4994   5.114834    35.5111      15561 0.0000e+00
     37.000    22.8853   5.144759    35.4311      15587 0.0000e+00
     36.000    23.4206   5.200858    35.4321      15613 0.0000e+00
     35.000    24.5598   5.318819    35.4205      15639 0.0000e+00
     34.000    25.0002   5.340967    35.2404      15663 0.0000e+00
     33.000    25.3824   5.369865    35.1573      15686 0.0000e+00
     32.000    25.5890   5.392712    35.1660      15710 0.0000e+00
     31.000    25.7411   5.410401    35.1786      15737 0.0000e+00
     30.000    25.8270   5.414898    35.1456      15767 0.0000e+00
     29.000    25.4791   5.368082    35.0708      15794 0.0000e+00
     28.000    25.9265   5.399432    34.9574      15817 0.0000e+00
     27.000    26.1353   5.415992    34.9188      15841 0.0000e+00
     26.000    26.1363   5.416830    34.9244      15868 0.0000e+00
     25.000    26.0513   5.409328    34.9349      15895 0.0000e+00
     24.000    26.0265   5.409130    34.9527      15919 0.0000e+00
     23.000    26.1844   5.422312    34.9285      15941 0.0000e+00
     22.000    26.2099   5.422947    34.9140      15967 0.0000e+00
     21.000    26.2177   5.421995    34.9015      15998 0.0000e+00
     20.000    26.1953   5.418395    34.8927      16027 0.0000e+00
     19.000    26.0890   5.409267    34.9076      16051 0.0000e+00
     18.000    26.1730   5.401513    34.7879      16073 0.0000e+00
     17.000    26.0467   5.364484    34.6151      16096 0.0000e+00
     16.000    25.9900   5.352774    34.5732      16121 0.0000e+00
     15.000    25.9277   5.339123    34.5212      16148 0.0000e+00
     14.000    25.8806   5.330101    34.4914      16174 0.0000e+00
     13.000    25.8419   5.320372    34.4501      16200 0.0000e+00
     12.000    25.8370   5.320209    34.4528      16227 0.0000e+00
     11.000    25.8316   5.317548    34.4379      16256 0.0000e+00
     10.000    25.8338   5.318032    34.4401      16284 0.0000e+00
      9.000    25.8374   5.317558    34.4342      16306 0.0000e+00
      8.000    25.8415   5.317621    34.4319      16328 0.0000e+00
      7.000    25.8445   5.317586    34.4297      16351 0.0000e+00
      6.000    25.8521   5.317773    34.4256      16385 0.0000e+00
      5.000    25.8641   5.318362    34.4212      16430 0.0000e+00
      4.000    25.8896   5.320886    34.4207      16479 0.0000e+00
      3.000    25.8985   5.322014    34.4225      16571 0.0000e+00
      2.000    25.9276   5.324994    34.4226      16618 0.0000e+00
