HB2303/ctd029.cnv
* Sea-Bird SBE 9 Data File:
* FileName = C:\cruise\data\ctd029.hex
* Software Version Seasave V 7.26.7.121
* Temperature SN = 6664
* Conductivity SN = 6035
* Number of Bytes Per Scan = 37
* Number of Voltage Words = 4
* Number of Scans Averaged by the Deck Unit = 1
* NMEA Latitude = 43 46.52 N
* NMEA Longitude = 068 40.22 W
* NMEA UTC (Time) = Aug 21 2023  09:17:33
* NMEA baud rate = 4800
** Ship: Bigelow HB2303
** Program:   ECOMON
** Chief Scientist: Audy Peoples
# nquan = 6
# nvalues = 205                         
# units = specified
# name 0 = depSM: Depth [salt water, m]
# name 1 = t090C: Temperature [ITS-90, deg C]
# name 2 = c0S/m: Conductivity [S/m]
# name 3 = sal00: Salinity, Practical [PSU]
# name 4 = scan: Scan Count
# name 5 = flag: flag
# span 0 =      3.000,    105.000       
# span 1 =     8.9870,    14.1488       
# span 2 =   3.539914,   3.857307       
# span 3 =    31.7495,    33.1368       
# span 4 =       -335,      12683       
# span 5 = 0.0000e+00, 0.0000e+00       
# interval = meters: 1                  
# start_time = Aug 21 2023 09:17:33 [NMEA time, header]
# bad_flag = -9.990e-29
*END*
      3.000    14.1488   3.856392    31.7495       -335 0.0000e+00
      4.000    14.1420   3.857307    31.7631        663 0.0000e+00
      5.000    14.1438   3.857183    31.7601        481 0.0000e+00
      6.000    14.1391   3.856935    31.7614        507 0.0000e+00
      7.000    14.1197   3.855650    31.7652        537 0.0000e+00
      8.000    14.0743   3.852318    31.7716        565 0.0000e+00
      9.000    13.6883   3.822977    31.8201        590 0.0000e+00
     10.000    13.3082   3.797786    31.9024        614 0.0000e+00
     11.000    13.0593   3.782017    31.9633        640 0.0000e+00
     12.000    12.3029   3.728214    32.0951        689 0.0000e+00
     13.000    11.6595   3.676547    32.1502        849 0.0000e+00
     14.000    11.5023   3.665884    32.1823        881 0.0000e+00
     15.000    11.3399   3.654042    32.2075        914 0.0000e+00
     16.000    11.2187   3.644346    32.2177        940 0.0000e+00
     17.000    11.0262   3.629294    32.2377        965 0.0000e+00
     18.000    10.8988   3.619729    32.2546        991 0.0000e+00
     19.000    10.8534   3.616231    32.2594       1018 0.0000e+00
     20.000    10.8102   3.613002    32.2651       1046 0.0000e+00
     21.000    10.7432   3.608341    32.2774       1071 0.0000e+00
     22.000    10.6718   3.603102    32.2880       1097 0.0000e+00
     23.000    10.5954   3.598039    32.3047       1124 0.0000e+00
     24.000    10.5772   3.597408    32.3141       1152 0.0000e+00
     25.000    10.5470   3.594992    32.3162       1178 0.0000e+00
     26.000    10.5330   3.593804    32.3164       1204 0.0000e+00
     27.000    10.5120   3.592114    32.3176       1229 0.0000e+00
     28.000    10.4931   3.590530    32.3181       1255 0.0000e+00
     29.000    10.4312   3.585844    32.3257       1280 0.0000e+00
     30.000    10.3760   3.581857    32.3344       1305 0.0000e+00
     31.000    10.3607   3.581768    32.3466       1331 0.0000e+00
     32.000    10.3553   3.581965    32.3530       1358 0.0000e+00
     33.000    10.3491   3.582517    32.3637       1387 0.0000e+00
     34.000    10.3292   3.582238    32.3781       1415 0.0000e+00
     35.000    10.3094   3.581397    32.3869       1440 0.0000e+00
     36.000    10.2929   3.580982    32.3970       1463 0.0000e+00
     37.000    10.2837   3.580365    32.3986       1487 0.0000e+00
     38.000    10.2813   3.580159    32.3982       1513 0.0000e+00
     39.000    10.2810   3.580145    32.3979       1541 0.0000e+00
     40.000    10.2789   3.580130    32.3992       1568 0.0000e+00
     41.000    10.2760   3.580068    32.4007       1595 0.0000e+00
     42.000    10.2607   3.579333    32.4066       1623 0.0000e+00
     43.000    10.2286   3.577801    32.4194       1648 0.0000e+00
     44.000    10.2108   3.576984    32.4266       1671 0.0000e+00
     45.000    10.1864   3.576084    32.4390       1694 0.0000e+00
     46.000    10.1719   3.575591    32.4465       1720 0.0000e+00
     47.000    10.1720   3.575583    32.4459       1748 0.0000e+00
     48.000    10.1638   3.575308    32.4501       1778 0.0000e+00
     49.000    10.1258   3.574053    32.4711       1807 0.0000e+00
     50.000    10.1121   3.573570    32.4779       1832 0.0000e+00
     51.000    10.1010   3.573173    32.4835       1856 0.0000e+00
     52.000    10.0956   3.572988    32.4860       1880 0.0000e+00
     53.000    10.0915   3.572873    32.4881       1905 0.0000e+00
     54.000    10.0884   3.572764    32.4894       1932 0.0000e+00
     55.000    10.0821   3.572561    32.4925       1959 0.0000e+00
     56.000    10.0756   3.572309    32.4954       1986 0.0000e+00
     57.000    10.0599   3.571507    32.5009       2013 0.0000e+00
     58.000    10.0446   3.570870    32.5078       2039 0.0000e+00
     59.000    10.0328   3.570800    32.5173       2065 0.0000e+00
     60.000    10.0088   3.569641    32.5266       2090 0.0000e+00
     61.000     9.9982   3.569366    32.5330       2115 0.0000e+00
     62.000     9.9777   3.568783    32.5450       2141 0.0000e+00
     63.000     9.9647   3.568475    32.5532       2168 0.0000e+00
     64.000     9.9632   3.568442    32.5538       2197 0.0000e+00
     65.000     9.9580   3.568283    32.5564       2225 0.0000e+00
     66.000     9.9513   3.568127    32.5605       2253 0.0000e+00
     67.000     9.9492   3.568075    32.5614       2278 0.0000e+00
     68.000     9.9480   3.568258    32.5639       2301 0.0000e+00
     69.000     9.9307   3.567450    32.5708       2324 0.0000e+00
     70.000     9.9045   3.566415    32.5835       2351 0.0000e+00
     71.000     9.8640   3.564636    32.6016       2381 0.0000e+00
     72.000     9.8298   3.563069    32.6162       2412 0.0000e+00
     73.000     9.7970   3.561415    32.6286       2440 0.0000e+00
     74.000     9.7808   3.561029    32.6388       2465 0.0000e+00
     75.000     9.7669   3.560818    32.6489       2489 0.0000e+00
     76.000     9.7555   3.560711    32.6577       2513 0.0000e+00
     77.000     9.7407   3.560576    32.6693       2539 0.0000e+00
     78.000     9.7292   3.560278    32.6762       2565 0.0000e+00
     79.000     9.6979   3.559305    32.6942       2594 0.0000e+00
     80.000     9.6717   3.558545    32.7099       2622 0.0000e+00
     81.000     9.6396   3.557820    32.7313       2649 0.0000e+00
     82.000     9.5621   3.556335    32.7863       2676 0.0000e+00
     83.000     9.5467   3.555756    32.7940       2702 0.0000e+00
     84.000     9.5363   3.555437    32.7997       2728 0.0000e+00
     85.000     9.4919   3.554699    32.8324       2752 0.0000e+00
     86.000     9.4375   3.553408    32.8685       2777 0.0000e+00
     87.000     9.4091   3.552565    32.8854       2805 0.0000e+00
     88.000     9.3758   3.551644    32.9061       2835 0.0000e+00
     89.000     9.3364   3.550345    32.9285       2863 0.0000e+00
     90.000     9.2945   3.548782    32.9505       2888 0.0000e+00
     91.000     9.2747   3.547996    32.9602       2911 0.0000e+00
     92.000     9.2578   3.547434    32.9696       2935 0.0000e+00
     93.000     9.2347   3.546840    32.9843       2963 0.0000e+00
     94.000     9.1977   3.545779    33.0070       2993 0.0000e+00
     95.000     9.1814   3.545390    33.0176       3020 0.0000e+00
     96.000     9.1543   3.544765    33.0358       3045 0.0000e+00
     97.000     9.1335   3.544220    33.0490       3071 0.0000e+00
     98.000     9.1221   3.543901    33.0558       3098 0.0000e+00
     99.000     9.1148   3.543704    33.0601       3124 0.0000e+00
    100.000     9.1048   3.543421    33.0660       3150 0.0000e+00
    101.000     9.0856   3.543046    33.0795       3176 0.0000e+00
    102.000     9.0689   3.542790    33.0918       3204 0.0000e+00
    103.000     9.0647   3.542632    33.0936       3232 0.0000e+00
    104.000     9.0606   3.542424    33.0948       3257 0.0000e+00
    105.000     8.9870   3.539914    33.1368       4644 0.0000e+00
    104.000     9.0057   3.540312    33.1239       5564 0.0000e+00
    103.000     9.0372   3.541175    33.1041       5518 0.0000e+00
    102.000     9.0655   3.541943    33.0861       5546 0.0000e+00
    101.000     9.0764   3.542346    33.0807       5574 0.0000e+00
    100.000     9.0807   3.542532    33.0791       5601 0.0000e+00
     99.000     9.0894   3.542628    33.0725       5626 0.0000e+00
     98.000     9.1054   3.542835    33.0602       5651 0.0000e+00
     97.000     9.1215   3.543197    33.0495       5676 0.0000e+00
     96.000     9.1346   3.543532    33.0413       5700 0.0000e+00
     95.000     9.1523   3.543967    33.0299       5725 0.0000e+00
     94.000     9.1704   3.544347    33.0175       5753 0.0000e+00
     93.000     9.1796   3.544664    33.0127       5781 0.0000e+00
     92.000     9.2120   3.545524    32.9921       5807 0.0000e+00
     91.000     9.2539   3.546508    32.9641       5833 0.0000e+00
     90.000     9.2774   3.547253    32.9505       5859 0.0000e+00
     89.000     9.3100   3.548472    32.9335       5884 0.0000e+00
     88.000     9.3360   3.549394    32.9195       5907 0.0000e+00
     87.000     9.3567   3.550106    32.9083       5931 0.0000e+00
     86.000     9.3956   3.551197    32.8842       5959 0.0000e+00
     85.000     9.4095   3.551591    32.8759       5989 0.0000e+00
     84.000     9.4436   3.552557    32.8551       6017 0.0000e+00
     83.000     9.4920   3.553655    32.8225       6041 0.0000e+00
     82.000     9.5359   3.554476    32.7912       6064 0.0000e+00
     81.000     9.5647   3.555298    32.7737       6089 0.0000e+00
     80.000     9.6367   3.556744    32.7233       6117 0.0000e+00
     79.000     9.6529   3.557173    32.7134       6144 0.0000e+00
     78.000     9.6706   3.557659    32.7027       6170 0.0000e+00
     77.000     9.7049   3.558621    32.6818       6196 0.0000e+00
     76.000     9.7275   3.559313    32.6688       6223 0.0000e+00
     75.000     9.7467   3.559736    32.6562       6249 0.0000e+00
     74.000     9.7622   3.559848    32.6436       6273 0.0000e+00
     73.000     9.7703   3.559915    32.6374       6297 0.0000e+00
     72.000     9.7822   3.560143    32.6294       6324 0.0000e+00
     71.000     9.7942   3.560561    32.6233       6352 0.0000e+00
     70.000     9.8480   3.563194    32.6019       6380 0.0000e+00
     69.000     9.9037   3.565569    32.5761       6408 0.0000e+00
     68.000     9.9432   3.567281    32.5583       6432 0.0000e+00
     67.000     9.9510   3.567584    32.5548       6456 0.0000e+00
     66.000     9.9510   3.567556    32.5549       6480 0.0000e+00
     65.000     9.9518   3.567507    32.5542       6505 0.0000e+00
     64.000     9.9541   3.567515    32.5526       6532 0.0000e+00
     63.000     9.9533   3.567457    32.5532       6561 0.0000e+00
     62.000     9.9578   3.567549    32.5505       6588 0.0000e+00
     61.000     9.9795   3.568155    32.5375       6612 0.0000e+00
     60.000    10.0027   3.568974    32.5254       6638 0.0000e+00
     59.000    10.0308   3.570091    32.5119       6664 0.0000e+00
     58.000    10.0451   3.570467    32.5033       6692 0.0000e+00
     57.000    10.0467   3.570353    32.5011       6717 0.0000e+00
     56.000    10.0629   3.571012    32.4936       6740 0.0000e+00
     55.000    10.0772   3.571637    32.4876       6764 0.0000e+00
     54.000    10.0837   3.571874    32.4846       6790 0.0000e+00
     53.000    10.0931   3.572521    32.4832       8286 0.0000e+00
     52.000    10.0980   3.572557    32.4796       8682 0.0000e+00
     51.000    10.1015   3.572644    32.4777       8696 0.0000e+00
     50.000    10.1065   3.572784    32.4750       8722 0.0000e+00
     49.000    10.1144   3.573036    32.4709       8745 0.0000e+00
     48.000    10.1552   3.574376    32.4483       8768 0.0000e+00
     47.000    10.1724   3.574912    32.4389       8793 0.0000e+00
     46.000    10.1763   3.575040    32.4370       8820 0.0000e+00
     45.000    10.1822   3.575216    32.4339       8849 0.0000e+00
     44.000    10.1845   3.575172    32.4319       8877 0.0000e+00
     43.000    10.1913   3.575476    32.4294       8902 0.0000e+00
     42.000    10.2049   3.575929    32.4222       8926 0.0000e+00
     41.000    10.2229   3.576684    32.4141       8950 0.0000e+00
     40.000    10.2511   3.578034    32.4030       8976 0.0000e+00
     39.000    10.2684   3.578857    32.3962       9003 0.0000e+00
     38.000    10.2741   3.579083    32.3939       9029 0.0000e+00
     37.000    10.2781   3.579158    32.3915       9055 0.0000e+00
     36.000    10.2809   3.579210    32.3899       9080 0.0000e+00
     35.000    10.2831   3.579314    32.3894       9107 0.0000e+00
     34.000    10.3026   3.580614    32.3855       9134 0.0000e+00
     33.000    10.3286   3.581259    32.3693       9160 0.0000e+00
     32.000    10.3389   3.580998    32.3579       9185 0.0000e+00
     31.000    10.3420   3.580785    32.3535       9210 0.0000e+00
     30.000    10.3524   3.580286    32.3396       9238 0.0000e+00
     29.000    10.3646   3.580187    32.3282       9273 0.0000e+00
     28.000    10.3686   3.579927    32.3224       9309 0.0000e+00
     27.000    10.4181   3.583728    32.3170       9340 0.0000e+00
     26.000    10.4957   3.589332    32.3047       9370 0.0000e+00
     25.000    10.5252   3.591663    32.3023       9402 0.0000e+00
     24.000    10.5453   3.593286    32.3011       9434 0.0000e+00
     23.000    10.5765   3.595727    32.2983       9467 0.0000e+00
     22.000    10.5984   3.595955    32.2816       9503 0.0000e+00
     21.000    10.6829   3.601994    32.2676       9538 0.0000e+00
     20.000    10.7672   3.607712    32.2505       9570 0.0000e+00
     19.000    10.8150   3.611071    32.2421       9600 0.0000e+00
     18.000    10.8496   3.613590    32.2371       9629 0.0000e+00
     17.000    10.9322   3.619471    32.2231       9663 0.0000e+00
     16.000    11.0798   3.630803    32.2060       9701 0.0000e+00
     15.000    11.2656   3.645653    32.1900       9734 0.0000e+00
     14.000    11.4931   3.662372    32.1560       9764 0.0000e+00
     13.000    11.7085   3.678855    32.1301      11009 0.0000e+00
     12.000    12.1158   3.712540    32.1049      11597 0.0000e+00
     11.000    12.6968   3.754137    32.0066      11644 0.0000e+00
     10.000    13.1784   3.785914    31.9001      11690 0.0000e+00
      9.000    13.3714   3.798241    31.8542      11738 0.0000e+00
      8.000    13.7915   3.827699    31.7786      11786 0.0000e+00
      7.000    14.0685   3.849802    31.7537      11834 0.0000e+00
      6.000    14.0964   3.852337    31.7543      11883 0.0000e+00
      5.000    14.1056   3.853148    31.7546      11921 0.0000e+00
      4.000    14.1097   3.853518    31.7549      11955 0.0000e+00
      3.000    14.1158   3.854847    31.7626      12683 0.0000e+00
