HB2303/ctd022.cnv
* Sea-Bird SBE 9 Data File:
* FileName = C:\cruise\data\ctd022.hex
* Software Version Seasave V 7.26.7.121
* Temperature SN = 6664
* Conductivity SN = 6035
* Number of Bytes Per Scan = 37
* Number of Voltage Words = 4
* Number of Scans Averaged by the Deck Unit = 1
* NMEA Latitude = 41 45.05 N
* NMEA Longitude = 065 26.61 W
* NMEA UTC (Time) = Aug 18 2023  14:11:40
* NMEA baud rate = 4800
** Ship: Bigelow HB2303
** Program:   ECOMON
** Chief Scientist: Audy Peoples
# nquan = 6
# nvalues = 999                         
# units = specified
# name 0 = depSM: Depth [salt water, m]
# name 1 = t090C: Temperature [ITS-90, deg C]
# name 2 = c0S/m: Conductivity [S/m]
# name 3 = sal00: Salinity, Practical [PSU]
# name 4 = scan: Scan Count
# name 5 = flag: flag
# span 0 =      3.000,    502.000       
# span 1 =     5.8755,    17.4415       
# span 2 =   3.295279,   4.252085       
# span 3 =    31.6556,    35.5329       
# span 4 =        143,      32704       
# span 5 = 0.0000e+00, 0.0000e+00       
# interval = meters: 1                  
# start_time = Aug 18 2023 14:11:40 [NMEA time, header]
# bad_flag = -9.990e-29
*END*
[from data line 717]
    284.000     9.3708   3.776142    35.1418      21140 0.0000e+00
    283.000     9.3920   3.778299    35.1439      21166 0.0000e+00
    282.000     9.4158   3.780705    35.1460      21194 0.0000e+00
    281.000     9.4059   3.779610    35.1448      21221 0.0000e+00
    280.000     9.4279   3.782024    35.1487      21247 0.0000e+00
    279.000     9.4565   3.784938    35.1513      21274 0.0000e+00
    278.000     9.4728   3.786559    35.1526      21301 0.0000e+00
    277.000     9.4798   3.787244    35.1533      21325 0.0000e+00
    276.000     9.5075   3.790121    35.1564      21348 0.0000e+00
    275.000     9.5357   3.792962    35.1588      21373 0.0000e+00
    274.000     9.5675   3.796166    35.1612      21400 0.0000e+00
    273.000     9.5724   3.796598    35.1614      21430 0.0000e+00
    272.000     9.5867   3.798203    35.1643      21461 0.0000e+00
    271.000     9.6275   3.802213    35.1663      21489 0.0000e+00
    270.000     9.6648   3.806108    35.1705      21513 0.0000e+00
    269.000     9.7134   3.810716    35.1710      21537 0.0000e+00
    268.000     9.7413   3.813550    35.1734      21561 0.0000e+00
    267.000     9.7745   3.816771    35.1746      21585 0.0000e+00
    266.000     9.8074   3.819923    35.1754      21611 0.0000e+00
    265.000     9.8322   3.822427    35.1774      21638 0.0000e+00
    264.000     9.8536   3.824585    35.1791      21668 0.0000e+00
    263.000     9.8573   3.825222    35.1825      21696 0.0000e+00
    262.000     9.8669   3.826138    35.1830      21722 0.0000e+00
    261.000     9.8947   3.828903    35.1848      21747 0.0000e+00
    260.000     9.9618   3.835562    35.1881      21776 0.0000e+00
    259.000     9.9603   3.835340    35.1878      21804 0.0000e+00
    258.000     9.9564   3.835118    35.1898      21827 0.0000e+00
    257.000    10.0070   3.840221    35.1932      21849 0.0000e+00
    256.000    10.0178   3.841029    35.1914      21875 0.0000e+00
    255.000     9.9776   3.837105    35.1909      21907 0.0000e+00
    254.000     9.9840   3.837116    35.1852      21934 0.0000e+00
    253.000     9.9636   3.834533    35.1791      21957 0.0000e+00
    252.000     9.9673   3.834599    35.1766      21981 0.0000e+00
    251.000     9.9917   3.837125    35.1792      22010 0.0000e+00
    250.000     9.9821   3.835905    35.1765      23142 0.0000e+00
    249.000    10.0120   3.839149    35.1811      23963 0.0000e+00
    248.000    10.0498   3.842989    35.1841      23985 0.0000e+00
    247.000    10.0618   3.844248    35.1857      24009 0.0000e+00
    246.000    10.0692   3.845027    35.1870      24042 0.0000e+00
    245.000    10.0758   3.845719    35.1881      24083 0.0000e+00
    244.000    10.0770   3.845806    35.1882      24110 0.0000e+00
    243.000    10.0569   3.840379    35.1528      24131 0.0000e+00
    242.000     9.9935   3.831476    35.1239      24150 0.0000e+00
    241.000     9.9788   3.829426    35.1176      24168 0.0000e+00
    240.000    10.0064   3.832447    35.1222      24189 0.0000e+00
    239.000    10.0147   3.833707    35.1275      24220 0.0000e+00
    238.000    10.0131   3.833598    35.1283      24262 0.0000e+00
    237.000    10.0212   3.834408    35.1292      24291 0.0000e+00
    236.000    10.0259   3.834537    35.1265      24312 0.0000e+00
    235.000    10.0260   3.834151    35.1228      24331 0.0000e+00
    234.000    10.0514   3.836508    35.1228      24351 0.0000e+00
    233.000    10.0473   3.835496    35.1169      24375 0.0000e+00
    232.000     9.9982   3.828939    35.0979      24402 0.0000e+00
    231.000     9.9781   3.826419    35.0922      24433 0.0000e+00
    230.000     9.9854   3.827522    35.0968      24468 0.0000e+00
    229.000    10.0085   3.830113    35.1014      24497 0.0000e+00
    228.000    10.0688   3.835781    35.1012      24517 0.0000e+00
    227.000    10.1970   3.850018    35.1226      24536 0.0000e+00
    226.000    10.3214   3.863005    35.1347      24554 0.0000e+00
    225.000    10.3894   3.870207    35.1426      24575 0.0000e+00
    224.000    10.3596   3.867147    35.1409      24612 0.0000e+00
    223.000    10.3356   3.864423    35.1368      24665 0.0000e+00
    222.000    10.3759   3.869369    35.1486      24683 0.0000e+00
    221.000    10.5894   3.893516    35.1871      24698 0.0000e+00
    220.000    10.7105   3.905513    35.1919      24713 0.0000e+00
    219.000    10.7738   3.912558    35.2022      24729 0.0000e+00
    218.000    10.7865   3.913818    35.2031      24751 0.0000e+00
    217.000    10.7388   3.908762    35.1987      24793 0.0000e+00
    216.000    10.7734   3.912810    35.2065      24833 0.0000e+00
    215.000    10.7996   3.915703    35.2108      24857 0.0000e+00
    214.000    10.9728   3.934911    35.2373      24878 0.0000e+00
    213.000    11.0030   3.937705    35.2367      24899 0.0000e+00
    212.000    11.0100   3.938686    35.2403      24918 0.0000e+00
    211.000    11.0395   3.941870    35.2442      24940 0.0000e+00
    210.000    11.0285   3.940700    35.2436      24972 0.0000e+00
    209.000    11.0062   3.938178    35.2402      25014 0.0000e+00
    208.000    11.0813   3.946722    35.2540      25040 0.0000e+00
    207.000    11.2220   3.962649    35.2782      25060 0.0000e+00
    206.000    11.4071   3.981858    35.2924      25079 0.0000e+00
    205.000    11.4323   3.984752    35.2975      25098 0.0000e+00
    204.000    11.4683   3.988476    35.3003      25119 0.0000e+00
    203.000    11.4456   3.985871    35.2967      25149 0.0000e+00
    202.000    11.4462   3.986347    35.3013      25192 0.0000e+00
    201.000    11.4624   3.988052    35.3032      25220 0.0000e+00
    200.000    11.4581   3.987921    35.3064      25240 0.0000e+00
    199.000    11.5731   3.999249    35.3091      25258 0.0000e+00
    198.000    11.5980   4.001573    35.3087      25276 0.0000e+00
    197.000    11.6543   4.007340    35.3124      25298 0.0000e+00
    196.000    11.6399   4.005428    35.3077      25330 0.0000e+00
    195.000    11.6244   4.004287    35.3117      25370 0.0000e+00
    194.000    11.6457   4.007239    35.3209      25397 0.0000e+00
    193.000    11.7579   4.018767    35.3279      25419 0.0000e+00
    192.000    11.9233   4.034563    35.3262      25439 0.0000e+00
    191.000    11.9341   4.035816    35.3288      25460 0.0000e+00
    190.000    11.9383   4.036341    35.3303      25484 0.0000e+00
    189.000    11.9379   4.036346    35.3312      25511 0.0000e+00
    188.000    11.9286   4.035478    35.3319      25544 0.0000e+00
    187.000    11.9266   4.035319    35.3327      25576 0.0000e+00
    186.000    11.9238   4.034916    35.3319      25602 0.0000e+00
    185.000    11.9297   4.035652    35.3340      25622 0.0000e+00
    184.000    11.9516   4.037895    35.3356      25641 0.0000e+00
    183.000    11.9731   4.040199    35.3381      25661 0.0000e+00
    182.000    11.9745   4.040307    35.3384      25692 0.0000e+00
    181.000    11.9749   4.040332    35.3387      25734 0.0000e+00
    180.000    11.9644   4.039306    35.3391      25759 0.0000e+00
    179.000    12.0143   4.045296    35.3507      25778 0.0000e+00
    178.000    12.1876   4.065773    35.3866      25798 0.0000e+00
    177.000    12.3716   4.086258    35.4121      25822 0.0000e+00
    176.000    12.4481   4.094708    35.4222      25851 0.0000e+00
    175.000    12.4331   4.092673    35.4171      25876 0.0000e+00
    174.000    12.3712   4.085876    35.4101      25900 0.0000e+00
    173.000    12.4073   4.089674    35.4132      25929 0.0000e+00
    172.000    12.4895   4.100433    35.4402      25971 0.0000e+00
    171.000    12.5201   4.103621    35.4426      25997 0.0000e+00
    170.000    12.7013   4.126677    35.4943      26015 0.0000e+00
    169.000    12.9941   4.159339    35.5329      26032 0.0000e+00
    168.000    12.9880   4.157560    35.5220      26052 0.0000e+00
    167.000    12.9132   4.148040    35.5016      26078 0.0000e+00
    166.000    12.9008   4.147568    35.5092      26109 0.0000e+00
    165.000    12.8521   4.142023    35.5023      26138 0.0000e+00
    164.000    12.8403   4.140244    35.4967      26168 0.0000e+00
    163.000    12.7404   4.126531    35.4593      26195 0.0000e+00
    162.000    12.6418   4.113382    35.4260      26218 0.0000e+00
    161.000    12.6250   4.111327    35.4225      26239 0.0000e+00
    160.000    12.5925   4.106574    35.4077      26263 0.0000e+00
    159.000    12.5753   4.104112    35.4006      26294 0.0000e+00
    158.000    12.6164   4.109568    35.4149      26326 0.0000e+00
    157.000    12.6196   4.109742    35.4141      26350 0.0000e+00
    156.000    12.6457   4.112210    35.4138      26370 0.0000e+00
    155.000    12.6803   4.115216    35.4106      26392 0.0000e+00
    154.000    12.6720   4.114098    35.4080      26425 0.0000e+00
    153.000    12.6608   4.113149    35.4099      26459 0.0000e+00
    152.000    12.6606   4.112903    35.4081      26480 0.0000e+00
    151.000    12.6129   4.105875    35.3857      26497 0.0000e+00
    150.000    12.5603   4.099285    35.3721      26515 0.0000e+00
    149.000    12.5606   4.099054    35.3700      26543 0.0000e+00
    148.000    12.5904   4.102794    35.3785      26588 0.0000e+00
    147.000    12.6630   4.111852    35.3979      26617 0.0000e+00
    146.000    12.7087   4.117493    35.4096      26638 0.0000e+00
    145.000    12.9656   4.144851    35.4316      26657 0.0000e+00
    144.000    12.9343   4.140743    35.4220      26678 0.0000e+00
    143.000    12.9247   4.139784    35.4223      26704 0.0000e+00
    142.000    12.9041   4.137848    35.4235      26738 0.0000e+00
    141.000    12.9044   4.138189    35.4269      26771 0.0000e+00
    140.000    12.9144   4.139228    35.4279      26798 0.0000e+00
    139.000    12.9339   4.140907    35.4261      26820 0.0000e+00
    138.000    12.9516   4.142735    35.4275      26840 0.0000e+00
    137.000    13.0352   4.152513    35.4431      26862 0.0000e+00
    136.000    13.1064   4.160683    35.4549      26891 0.0000e+00
    135.000    13.1006   4.160392    35.4579      26925 0.0000e+00
    134.000    13.0655   4.156289    35.4521      26953 0.0000e+00
    133.000    13.1369   4.164932    35.4681      26976 0.0000e+00
    132.000    13.2281   4.175201    35.4810      26999 0.0000e+00
    131.000    13.2459   4.177089    35.4828      27025 0.0000e+00
    130.000    13.2195   4.174215    35.4805      27058 0.0000e+00
    129.000    13.2099   4.173387    35.4821      27087 0.0000e+00
    128.000    13.2030   4.171373    35.4698      27109 0.0000e+00
    127.000    13.0829   4.154742    35.4240      27131 0.0000e+00
    126.000    12.9780   4.141731    35.3984      27155 0.0000e+00
    125.000    12.9980   4.144207    35.4038      27184 0.0000e+00
    124.000    13.0817   4.154747    35.4265      27216 0.0000e+00
    123.000    13.0705   4.153280    35.4235      27243 0.0000e+00
    122.000    13.0085   4.144787    35.4008      27266 0.0000e+00
    121.000    12.9829   4.141186    35.3908      27289 0.0000e+00
    120.000    12.9863   4.141360    35.3897      27314 0.0000e+00
    119.000    13.0011   4.143304    35.3948      27341 0.0000e+00
    118.000    13.0040   4.143790    35.3972      27371 0.0000e+00
    117.000    13.0017   4.143246    35.3946      27402 0.0000e+00
    116.000    13.0046   4.143415    35.3940      27433 0.0000e+00
    115.000    13.0063   4.143398    35.3926      27458 0.0000e+00
    114.000    13.0088   4.143523    35.3919      27478 0.0000e+00
    113.000    13.0091   4.143451    35.3913      27497 0.0000e+00
    112.000    13.0073   4.143150    35.3906      27518 0.0000e+00
    111.000    13.0063   4.143080    35.3913      27548 0.0000e+00
    110.000    13.0079   4.143158    35.3910      27589 0.0000e+00
    109.000    13.0161   4.144065    35.3924      27619 0.0000e+00
    108.000    13.0365   4.146161    35.3938      27642 0.0000e+00
    107.000    13.0488   4.147364    35.3942      27664 0.0000e+00
    106.000    13.0531   4.147788    35.3947      27686 0.0000e+00
    105.000    13.0527   4.147694    35.3946      27710 0.0000e+00
    104.000    13.0497   4.147258    35.3937      27738 0.0000e+00
    103.000    13.0547   4.147474    35.3915      27766 0.0000e+00
    102.000    13.0831   4.150341    35.3927      27793 0.0000e+00
    101.000    13.2107   4.165877    35.4219      27821 0.0000e+00
    100.000    13.5378   4.203450    35.4738      27850 0.0000e+00
     99.000    13.7920   4.232382    35.5108      27878 0.0000e+00
     98.000    13.8796   4.241962    35.5199      27902 0.0000e+00
     97.000    13.9257   4.247011    35.5249      27925 0.0000e+00
     96.000    13.9432   4.248618    35.5242      27948 0.0000e+00
     95.000    13.9384   4.247757    35.5210      27973 0.0000e+00
     94.000    13.9124   4.244663    35.5165      28003 0.0000e+00
     93.000    13.9074   4.243937    35.5148      28037 0.0000e+00
     92.000    13.8982   4.242588    35.5111      28065 0.0000e+00
     91.000    13.8889   4.241298    35.5080      28087 0.0000e+00
     90.000    13.8623   4.237878    35.5011      28109 0.0000e+00
     89.000    13.8295   4.233732    35.4929      28131 0.0000e+00
     88.000    13.7832   4.227641    35.4791      28158 0.0000e+00
     87.000    13.6327   4.208320    35.4372      28191 0.0000e+00
     86.000    13.3022   4.163598    35.3216      28219 0.0000e+00
     85.000    13.0046   4.126026    35.2412      28241 0.0000e+00
     84.000    12.8588   4.108089    35.2060      28262 0.0000e+00
     83.000    12.8422   4.105646    35.1985      28285 0.0000e+00
     82.000    12.8166   4.101798    35.1859      28317 0.0000e+00
     81.000    12.7893   4.098111    35.1764      28352 0.0000e+00
     80.000    12.7926   4.098369    35.1763      28380 0.0000e+00
     79.000    12.8248   4.102282    35.1842      28403 0.0000e+00
     78.000    12.8696   4.107583    35.1937      28423 0.0000e+00
     77.000    12.9025   4.108794    35.1751      28443 0.0000e+00
     76.000    12.7973   4.092727    35.1195      28467 0.0000e+00
     75.000    12.7021   4.080435    35.0906      28499 0.0000e+00
     74.000    12.6825   4.077550    35.0816      28531 0.0000e+00
     73.000    12.6568   4.073602    35.0680      28558 0.0000e+00
     72.000    12.6412   4.071202    35.0599      28585 0.0000e+00
     71.000    12.6461   4.071188    35.0556      28610 0.0000e+00
     70.000    12.6026   4.064951    35.0365      28634 0.0000e+00
     69.000    12.4438   4.044885    34.9914      28657 0.0000e+00
     68.000    12.3137   4.027727    34.9470      28683 0.0000e+00
     67.000    12.0693   3.996773    34.8751      28713 0.0000e+00
     66.000    11.9471   3.981064    34.8365      28742 0.0000e+00
     65.000    11.8393   3.966758    34.7979      28765 0.0000e+00
     64.000    11.5859   3.934412    34.7180      28789 0.0000e+00
     63.000    11.3555   3.905293    34.6472      28816 0.0000e+00
     62.000    10.6254   3.813387    34.4173      28845 0.0000e+00
     61.000    10.1443   3.756939    34.3021      28871 0.0000e+00
     60.000    10.0392   3.743811    34.2685      28897 0.0000e+00
     59.000    10.0739   3.745036    34.2486      28922 0.0000e+00
     58.000     9.7544   3.703266    34.1248      28945 0.0000e+00
     57.000     9.6172   3.685695    34.0749      28967 0.0000e+00
     56.000     9.5426   3.675722    34.0434      28995 0.0000e+00
     55.000     9.5146   3.671804    34.0301      29028 0.0000e+00
     54.000     9.5005   3.669769    34.0230      29055 0.0000e+00
     53.000     9.4143   3.658594    33.9898      29078 0.0000e+00
     52.000     9.3755   3.653703    33.9766      29101 0.0000e+00
     51.000     9.3024   3.644525    33.9514      29125 0.0000e+00
     50.000     9.1788   3.628703    33.9051      29149 0.0000e+00
     49.000     8.8845   3.591727    33.7999      29172 0.0000e+00
     48.000     8.6415   3.561847    33.7185      29198 0.0000e+00
     47.000     8.5510   3.549785    33.6782      29230 0.0000e+00
