HB2303/ctd021.cnv
* Sea-Bird SBE 9 Data File:
* FileName = C:\cruise\data\ctd021.hex
* Software Version Seasave V 7.26.7.121
* Temperature SN = 6664
* Conductivity SN = 6035
* Number of Bytes Per Scan = 37
* Number of Voltage Words = 4
* Number of Scans Averaged by the Deck Unit = 1
* NMEA Latitude = 42 41.99 N
* NMEA Longitude = 067 41.84 W
* NMEA UTC (Time) = Aug 17 2023  16:01:44
* NMEA baud rate = 4800
** Ship: Bigelow HB2303
** Program:   ECOMON
** Chief Scientist: Audy Peoples
# nquan = 6
# nvalues = 372                         
# units = specified
# name 0 = depSM: Depth [salt water, m]
# name 1 = t090C: Temperature [ITS-90, deg C]
# name 2 = c0S/m: Conductivity [S/m]
# name 3 = sal00: Salinity, Practical [PSU]
# name 4 = scan: Scan Count
# name 5 = flag: flag
# span 0 =      3.000,    189.000       
# span 1 =     7.7687,    17.3536       
# span 2 =   3.422767,   4.143768       
# span 3 =    31.7150,    34.5830       
# span 4 =        310,      21026       
# span 5 = 0.0000e+00, 0.0000e+00       
# interval = meters: 1                  
# start_time = Aug 17 2023 16:01:44 [NMEA time, header]
# bad_flag = -9.990e-29
*END*
[from data line 239]
    135.000     8.2072   3.543993    33.9051       9264 0.0000e+00
    134.000     8.1710   3.536079    33.8562       9285 0.0000e+00
    133.000     8.1313   3.529627    33.8263       9304 0.0000e+00
    132.000     8.0967   3.522050    33.7794       9323 0.0000e+00
    131.000     7.9958   3.505233    33.6974       9345 0.0000e+00
    130.000     7.9410   3.496597    33.6583       9375 0.0000e+00
    129.000     7.9137   3.490770    33.6227       9407 0.0000e+00
    128.000     7.9468   3.492635    33.6113       9435 0.0000e+00
    127.000     7.9237   3.486798    33.5715       9461 0.0000e+00
    126.000     7.8864   3.480064    33.5357       9486 0.0000e+00
    125.000     7.8486   3.473046    33.4972       9510 0.0000e+00
    124.000     7.8481   3.468212    33.4465       9535 0.0000e+00
    123.000     7.8655   3.468245    33.4306       9561 0.0000e+00
    122.000     7.8809   3.469301    33.4277       9588 0.0000e+00
    121.000     7.8890   3.469848    33.4262       9615 0.0000e+00
    120.000     7.8878   3.469083    33.4197       9640 0.0000e+00
    119.000     7.8858   3.468301    33.4137       9664 0.0000e+00
    118.000     7.8775   3.464886    33.3856       9691 0.0000e+00
    117.000     7.8666   3.461312    33.3582       9722 0.0000e+00
    116.000     7.8665   3.460316    33.3481       9751 0.0000e+00
    115.000     7.8652   3.459209    33.3379       9774 0.0000e+00
    114.000     7.8650   3.458320    33.3291       9795 0.0000e+00
    113.000     7.8670   3.457209    33.3157       9817 0.0000e+00
    112.000     7.8676   3.456210    33.3049       9843 0.0000e+00
    111.000     7.8661   3.455749    33.3020       9875 0.0000e+00
    110.000     7.8655   3.455471    33.3000       9908 0.0000e+00
    109.000     7.8649   3.455251    33.2987       9936 0.0000e+00
    108.000     7.8650   3.455160    33.2981       9959 0.0000e+00
    107.000     7.8641   3.454572    33.2931       9978 0.0000e+00
    106.000     7.8629   3.453699    33.2853       9997 0.0000e+00
    105.000     7.8604   3.452603    33.2765      10018 0.0000e+00
    104.000     7.8576   3.451679    33.2698      10049 0.0000e+00
    103.000     7.8574   3.450903    33.2621      10094 0.0000e+00
    102.000     7.8566   3.450099    33.2547      10125 0.0000e+00
    101.000     7.8570   3.449894    33.2527      10145 0.0000e+00
    100.000     7.8375   3.445070    33.2200      10163 0.0000e+00
     99.000     7.7901   3.436451    33.1732      10181 0.0000e+00
     98.000     7.7775   3.433875    33.1580      10201 0.0000e+00
     97.000     7.7704   3.432163    33.1469      10228 0.0000e+00
     96.000     7.7718   3.429284    33.1152      10268 0.0000e+00
     95.000     7.7808   3.429114    33.1053      10317 0.0000e+00
     94.000     7.7913   3.429981    33.1050      10342 0.0000e+00
     93.000     7.8009   3.430337    33.1003      10447 0.0000e+00
     92.000     7.8017   3.430083    33.0973      12872 0.0000e+00
     91.000     7.8058   3.430356    33.0968      13112 0.0000e+00
     90.000     7.8101   3.430609    33.0958      13137 0.0000e+00
     89.000     7.8128   3.430679    33.0945      13195 0.0000e+00
     88.000     7.8150   3.430707    33.0932      13237 0.0000e+00
     87.000     7.8186   3.430795    33.0912      13260 0.0000e+00
     86.000     7.8243   3.430587    33.0841      13281 0.0000e+00
     85.000     7.8277   3.429904    33.0740      13301 0.0000e+00
     84.000     7.8285   3.428581    33.0595      13328 0.0000e+00
     83.000     7.8332   3.424951    33.0167      13375 0.0000e+00
     82.000     7.8449   3.423331    32.9888      13409 0.0000e+00
     81.000     7.8508   3.422767    32.9776      13430 0.0000e+00
     80.000     7.8665   3.422916    32.9649      13448 0.0000e+00
     79.000     7.8795   3.423434    32.9586      13466 0.0000e+00
     78.000     7.8877   3.423773    32.9550      13486 0.0000e+00
     77.000     7.9002   3.424474    32.9512      13511 0.0000e+00
     76.000     7.9077   3.424483    32.9446      13544 0.0000e+00
     75.000     7.9350   3.425266    32.9278      13581 0.0000e+00
     74.000     7.9784   3.426637    32.9020      13610 0.0000e+00
     73.000     7.9865   3.426859    32.8972      13631 0.0000e+00
     72.000     7.9930   3.426893    32.8919      13649 0.0000e+00
     71.000     8.0195   3.427297    32.8718      13668 0.0000e+00
     70.000     8.0592   3.428915    32.8523      13695 0.0000e+00
     69.000     8.0920   3.430263    32.8363      13734 0.0000e+00
     68.000     8.1046   3.430507    32.8276      13766 0.0000e+00
     67.000     8.1225   3.431023    32.8168      13786 0.0000e+00
     66.000     8.1352   3.431416    32.8095      13805 0.0000e+00
     65.000     8.1561   3.432360    32.8005      13825 0.0000e+00
     64.000     8.1980   3.434590    32.7855      13850 0.0000e+00
     63.000     8.2223   3.435762    32.7757      13886 0.0000e+00
     62.000     8.2313   3.436184    32.7722      13918 0.0000e+00
     61.000     8.2394   3.436604    32.7696      13943 0.0000e+00
     60.000     8.2529   3.437439    32.7662      13964 0.0000e+00
     59.000     8.2593   3.437853    32.7651      13985 0.0000e+00
     58.000     8.2692   3.438220    32.7603      14007 0.0000e+00
     57.000     8.3152   3.439507    32.7314      14034 0.0000e+00
     56.000     8.3766   3.440846    32.6890      14071 0.0000e+00
     55.000     8.3856   3.441072    32.6835      14105 0.0000e+00
     54.000     8.3904   3.441417    32.6831      14127 0.0000e+00
     53.000     8.4959   3.448671    32.6622      14145 0.0000e+00
     52.000     8.5674   3.450148    32.6121      14161 0.0000e+00
     51.000     8.6365   3.454190    32.5911      14180 0.0000e+00
     50.000     8.7338   3.458987    32.5523      14212 0.0000e+00
     49.000     8.8218   3.464061    32.5249      14258 0.0000e+00
     48.000     8.8987   3.469200    32.5084      14283 0.0000e+00
     47.000     9.1414   3.484368    32.4447      14302 0.0000e+00
     46.000     9.3814   3.499893    32.3873      14319 0.0000e+00
     45.000     9.4183   3.502915    32.3855      14339 0.0000e+00
     44.000     9.4558   3.505850    32.3821      14365 0.0000e+00
     43.000     9.4882   3.508333    32.3788      14401 0.0000e+00
     42.000     9.5005   3.509389    32.3789      14436 0.0000e+00
     41.000     9.5038   3.509730    32.3799      14461 0.0000e+00
     40.000     9.5128   3.510436    32.3794      14482 0.0000e+00
     39.000     9.5599   3.513740    32.3712      14502 0.0000e+00
     38.000     9.6553   3.519791    32.3475      14523 0.0000e+00
     37.000     9.7547   3.526214    32.3242      14548 0.0000e+00
     36.000    10.0541   3.547919    32.2768      14577 0.0000e+00
     35.000    10.4501   3.576018    32.2080      14610 0.0000e+00
     34.000    10.6289   3.589629    32.1864      14641 0.0000e+00
     33.000    10.6839   3.593742    32.1794      14664 0.0000e+00
     32.000    10.7178   3.596523    32.1776      14683 0.0000e+00
     31.000    10.7671   3.600645    32.1756      14702 0.0000e+00
     30.000    10.8806   3.609964    32.1688      14721 0.0000e+00
     29.000    11.0595   3.624510    32.1562      14746 0.0000e+00
     28.000    11.0938   3.627613    32.1572      14784 0.0000e+00
     27.000    11.1412   3.632116    32.1605      14823 0.0000e+00
     26.000    11.4561   3.656903    32.1297      14846 0.0000e+00
     25.000    11.5758   3.665227    32.1074      14865 0.0000e+00
     24.000    11.7076   3.676909    32.1073      14881 0.0000e+00
     23.000    12.4783   3.740825    32.0609      14900 0.0000e+00
     22.000    13.0630   3.786959    32.0023      14924 0.0000e+00
     21.000    13.4586   3.819793    31.9774      14965 0.0000e+00
     20.000    13.6058   3.832559    31.9734      15000 0.0000e+00
     19.000    13.8474   3.851726    31.9498      15022 0.0000e+00
     18.000    14.0375   3.868672    31.9484      15041 0.0000e+00
     17.000    14.4795   3.903452    31.9019      15059 0.0000e+00
     16.000    14.5421   3.909232    31.9034      15080 0.0000e+00
     15.000    14.6528   3.918817    31.8999      15113 0.0000e+00
     14.000    15.0021   3.948696    31.8842      15181 0.0000e+00
     13.000    15.5743   3.997543    31.8567      15950 0.0000e+00
     12.000    15.5512   3.995904    31.8612      19624 0.0000e+00
     11.000    15.8274   4.018619    31.8400      19661 0.0000e+00
     10.000    16.1864   4.047807    31.8093      19740 0.0000e+00
      9.000    16.4837   4.071235    31.7772      19778 0.0000e+00
      8.000    16.7843   4.095591    31.7505      19850 0.0000e+00
      7.000    16.9360   4.108015    31.7383      19909 0.0000e+00
      6.000    17.1993   4.129932    31.7198      19970 0.0000e+00
      5.000    17.3519   4.143311    31.7150      20034 0.0000e+00
      4.000    17.3536   4.143768    31.7178      20103 0.0000e+00
      3.000    17.3341   4.142982    31.7268      21026 0.0000e+00
