HB2303/ctd015.cnv
* Sea-Bird SBE 9 Data File:
* FileName = C:\cruise\data\ctd015.hex
* Software Version Seasave V 7.26.7.121
* Temperature SN = 6664
* Conductivity SN = 6035
* Number of Bytes Per Scan = 37
* Number of Voltage Words = 4
* Number of Scans Averaged by the Deck Unit = 1
* NMEA Latitude = 40 40.73 N
* NMEA Longitude = 070 37.17 W
* NMEA UTC (Time) = Aug 15 2023  07:58:35
* NMEA baud rate = 4800
** Ship: Bigelow HB2303
** Program:   ECOMON
** Chief Scientist: Audy Peoples
# nquan = 6
# nvalues = 110                         
# units = specified
# name 0 = depSM: Depth [salt water, m]
# name 1 = t090C: Temperature [ITS-90, deg C]
# name 2 = c0S/m: Conductivity [S/m]
# name 3 = sal00: Salinity, Practical [PSU]
# name 4 = scan: Scan Count
# name 5 = flag: flag
# span 0 =      2.000,     57.000       
# span 1 =    10.3158,    22.6660       
# span 2 =   3.614412,   4.694298       
# span 3 =    32.1092,    32.7348       
# span 4 =        327,      16222       
# span 5 = 0.0000e+00, 0.0000e+00       
# interval = meters: 1                  
# start_time = Aug 15 2023 07:58:35 [NMEA time, header]
# bad_flag = -9.990e-29
*END*
      3.000    22.6288   4.686949    32.1115        327 0.0000e+00
      4.000    22.6470   4.688419    32.1092        731 0.0000e+00
      5.000    22.6556   4.689639    32.1119        753 0.0000e+00
      6.000    22.6559   4.690179    32.1155        776 0.0000e+00
      7.000    22.5508   4.682723    32.1352        804 0.0000e+00
      8.000    22.0734   4.636671    32.1316        837 0.0000e+00
      9.000    22.0004   4.632639    32.1542        864 0.0000e+00
     10.000    21.9145   4.628693    32.1870        886 0.0000e+00
     11.000    21.6847   4.613930    32.2427        909 0.0000e+00
     12.000    21.4399   4.596505    32.2891        936 0.0000e+00
     13.000    21.2538   4.583364    32.3253        962 0.0000e+00
     14.000    21.0077   4.566554    32.3779        989 0.0000e+00
     15.000    20.4803   4.525476    32.4515       1016 0.0000e+00
     16.000    19.7421   4.461060    32.4988       1047 0.0000e+00
     17.000    19.3713   4.426707    32.5057       1075 0.0000e+00
     18.000    19.0220   4.394668    32.5142       1096 0.0000e+00
     19.000    18.7041   4.365251    32.5195       1116 0.0000e+00
     20.000    18.3922   4.336270    32.5231       1141 0.0000e+00
     21.000    17.9466   4.293899    32.5195       1176 0.0000e+00
     22.000    17.5158   4.254481    32.5283       1207 0.0000e+00
     23.000    17.1931   4.223168    32.5187       1231 0.0000e+00
     24.000    15.4208   4.059437    32.5294       1253 0.0000e+00
     25.000    14.8094   4.005130    32.5487       1275 0.0000e+00
     26.000    14.0734   3.937387    32.5477       1300 0.0000e+00
     27.000    13.5630   3.889939    32.5406       1331 0.0000e+00
     28.000    13.1250   3.849323    32.5339       1365 0.0000e+00
     29.000    12.7595   3.819518    32.5661       1395 0.0000e+00
     30.000    12.5721   3.806456    32.6035       1420 0.0000e+00
     31.000    12.4960   3.800441    32.6116       1441 0.0000e+00
     32.000    12.3644   3.787229    32.5990       1465 0.0000e+00
     33.000    12.2863   3.780645    32.6033       1492 0.0000e+00
     34.000    12.1927   3.772730    32.6084       1524 0.0000e+00
     35.000    12.1238   3.767800    32.6206       1555 0.0000e+00
     36.000    12.0872   3.765127    32.6264       1582 0.0000e+00
     37.000    12.0283   3.761227    32.6398       1607 0.0000e+00
     38.000    11.8989   3.751497    32.6586       1632 0.0000e+00
     39.000    11.8015   3.743072    32.6619       1660 0.0000e+00
     40.000    11.7732   3.740766    32.6640       1689 0.0000e+00
     41.000    11.6479   3.730379    32.6727       1716 0.0000e+00
     42.000    11.5571   3.722162    32.6721       1741 0.0000e+00
     43.000    11.4671   3.714264    32.6739       1766 0.0000e+00
     44.000    11.4520   3.714479    32.6889       1791 0.0000e+00
     45.000    11.4530   3.714936    32.6921       1820 0.0000e+00
     46.000    11.4346   3.713824    32.6970       1852 0.0000e+00
     47.000    11.4066   3.711360    32.6973       1882 0.0000e+00
     48.000    11.2392   3.695109    32.6854       1907 0.0000e+00
     49.000    11.0253   3.674666    32.6733       1930 0.0000e+00
     50.000    10.8099   3.656265    32.6823       1955 0.0000e+00
     51.000    10.4496   3.627224    32.7146       1982 0.0000e+00
     52.000    10.3420   3.619535    32.7338       2010 0.0000e+00
     53.000    10.3286   3.618483    32.7348       2039 0.0000e+00
     54.000    10.3262   3.618043    32.7321       2069 0.0000e+00
     55.000    10.3222   3.617551    32.7303       2097 0.0000e+00
     56.000    10.3221   3.616809    32.7225       2325 0.0000e+00
     57.000    10.3158   3.614412    32.7036       3984 0.0000e+00
     56.000    10.3177   3.615147    32.7097       4711 0.0000e+00
     55.000    10.3179   3.615085    32.7094       7599 0.0000e+00
     54.000    10.3199   3.615190    32.7091       7620 0.0000e+00
     53.000    10.3193   3.615106    32.7093       7655 0.0000e+00
     52.000    10.3218   3.615239    32.7088       7704 0.0000e+00
     51.000    10.3252   3.615421    32.7079       7759 0.0000e+00
     50.000    10.3401   3.616344    32.7043       7800 0.0000e+00
     49.000    10.3561   3.617363    32.7005       7840 0.0000e+00
     48.000    10.4446   3.624709    32.6951       7889 0.0000e+00
     47.000    10.5774   3.634449    32.6740       7933 0.0000e+00
     46.000    11.2757   3.695075    32.6537       8709 0.0000e+00
     45.000    11.0526   3.675068    32.6547      10127 0.0000e+00
     44.000    11.2785   3.695710    32.6582      10279 0.0000e+00
     43.000    11.3718   3.704230    32.6598      10323 0.0000e+00
     42.000    11.3733   3.704131    32.6579      10359 0.0000e+00
     41.000    11.4383   3.709377    32.6523      10423 0.0000e+00
     40.000    11.5335   3.716721    32.6406      10509 0.0000e+00
     39.000    11.5738   3.720447    32.6419      10558 0.0000e+00
     38.000    11.7069   3.731556    32.6335      10631 0.0000e+00
     37.000    11.7638   3.736045    32.6276      10677 0.0000e+00
     36.000    11.8251   3.741092    32.6232      10756 0.0000e+00
     35.000    11.9048   3.747347    32.6145      10812 0.0000e+00
     34.000    11.9426   3.750350    32.6108      10851 0.0000e+00
     33.000    12.0574   3.758450    32.5893      10942 0.0000e+00
     32.000    12.0970   3.760907    32.5788      10995 0.0000e+00
     31.000    12.2401   3.772053    32.5618      11759 0.0000e+00
     30.000    12.2827   3.775597    32.5593      13349 0.0000e+00
     29.000    12.3662   3.783089    32.5590      13170 0.0000e+00
     28.000    12.5615   3.799845    32.5503      13272 0.0000e+00
     27.000    12.9975   3.836104    32.5192      14138 0.0000e+00
     26.000    13.1958   3.853306    32.5117      14685 0.0000e+00
     25.000    13.5807   3.887006    32.4989      14662 0.0000e+00
     24.000    14.1555   3.937856    32.4836      14684 0.0000e+00
     23.000    14.7173   3.988379    32.4744      14707 0.0000e+00
     22.000    15.6505   4.073745    32.4675      14734 0.0000e+00
     21.000    17.3164   4.225952    32.4443      14763 0.0000e+00
     20.000    17.8440   4.275266    32.4438      14788 0.0000e+00
     19.000    18.1798   4.306786    32.4439      14812 0.0000e+00
     18.000    18.3880   4.325695    32.4385      14838 0.0000e+00
     17.000    19.0147   4.386016    32.4488      14869 0.0000e+00
     16.000    19.5324   4.432213    32.4259      14897 0.0000e+00
     15.000    20.1091   4.484051    32.4026      14920 0.0000e+00
     14.000    20.5140   4.518580    32.3708      14944 0.0000e+00
     13.000    20.8224   4.542896    32.3307      14973 0.0000e+00
     12.000    21.2214   4.572729    32.2660      15006 0.0000e+00
     11.000    21.4536   4.589176    32.2215      15031 0.0000e+00
     10.000    21.8031   4.614081    32.1559      15052 0.0000e+00
      9.000    21.9006   4.619014    32.1222      15074 0.0000e+00
      8.000    21.8252   4.613712    32.1372      15111 0.0000e+00
      7.000    22.2810   4.657264    32.1377      15151 0.0000e+00
      6.000    22.6437   4.689698    32.1208      15171 0.0000e+00
      5.000    22.6537   4.689723    32.1139      15188 0.0000e+00
      4.000    22.6601   4.690331    32.1142      15205 0.0000e+00
      3.000    22.6491   4.690592    32.1246      15308 0.0000e+00
      2.000    22.6660   4.694298    32.1409      16222 0.0000e+00
