HB2303/ctd027.cnv
* Sea-Bird SBE 9 Data File:
* FileName = C:\cruise\data\ctd027.hex
* Software Version Seasave V 7.26.7.121
* Temperature SN = 6664
* Conductivity SN = 6035
* Number of Bytes Per Scan = 37
* Number of Voltage Words = 4
* Number of Scans Averaged by the Deck Unit = 1
* NMEA Latitude = 44 12.08 N
* NMEA Longitude = 067 42.09 W
* NMEA UTC (Time) = Aug 20 2023  20:28:18
* NMEA baud rate = 4800
** Ship: Bigelow HB2303
** Program:   ECOMON
** Chief Scientist: Audy Peoples
# nquan = 6
# nvalues = 332                         
# units = specified
# name 0 = depSM: Depth [salt water, m]
# name 1 = t090C: Temperature [ITS-90, deg C]
# name 2 = c0S/m: Conductivity [S/m]
# name 3 = sal00: Salinity, Practical [PSU]
# name 4 = scan: Scan Count
# name 5 = flag: flag
# span 0 =      1.000,    168.000       
# span 1 =     8.4292,    12.5923       
# span 2 =   3.534222,   3.734653       
# span 3 =    31.9050,    33.5950       
# span 4 =        250,      20980       
# span 5 = 0.0000e+00, 0.0000e+00       
# interval = meters: 1                  
# start_time = Aug 20 2023 20:28:18 [NMEA time, header]
# bad_flag = -9.990e-29
*END*
      4.000    12.5782   3.733839    31.9172        250 0.0000e+00
      5.000    12.5839   3.734381    31.9171        467 0.0000e+00
      6.000    12.5823   3.734296    31.9172        479 0.0000e+00
      7.000    12.5794   3.734093    31.9173        514 0.0000e+00
      8.000    12.5089   3.728066    31.9194        554 0.0000e+00
      9.000    12.4613   3.723881    31.9196        591 0.0000e+00
     10.000    12.4261   3.720694    31.9187        632 0.0000e+00
     11.000    12.3872   3.717119    31.9173        668 0.0000e+00
     12.000    12.2411   3.703869    31.9144        694 0.0000e+00
     13.000    12.0846   3.692253    31.9361        717 0.0000e+00
     14.000    12.0705   3.693702    31.9617        753 0.0000e+00
     15.000    12.0481   3.701774    32.0582        810 0.0000e+00
     16.000    11.7386   3.679508    32.1092        840 0.0000e+00
     17.000    11.4965   3.658037    32.1094        866 0.0000e+00
     18.000    11.2905   3.639906    32.1106        897 0.0000e+00
     19.000    11.2281   3.634361    32.1101        936 0.0000e+00
     20.000    11.2160   3.633128    32.1082        986 0.0000e+00
     21.000    11.2165   3.633187    32.1079       1027 0.0000e+00
     22.000    11.1982   3.631646    32.1083       1061 0.0000e+00
     23.000    11.1774   3.630309    32.1129       1100 0.0000e+00
     24.000    11.1304   3.627384    32.1247       1139 0.0000e+00
     25.000    11.1091   3.626159    32.1307       1173 0.0000e+00
     26.000    11.0779   3.624747    32.1437       1202 0.0000e+00
     27.000    11.0453   3.623308    32.1576       1226 0.0000e+00
     28.000    11.0004   3.621246    32.1762       1252 0.0000e+00
     29.000    10.9198   3.617537    32.2098       1283 0.0000e+00
     30.000    10.8623   3.614893    32.2337       1315 0.0000e+00
     31.000    10.8327   3.613615    32.2466       1341 0.0000e+00
     32.000    10.7966   3.612301    32.2650       1364 0.0000e+00
     33.000    10.7330   3.609853    32.2964       1386 0.0000e+00
     34.000    10.6357   3.604977    32.3334       1410 0.0000e+00
     35.000    10.5516   3.600963    32.3675       1439 0.0000e+00
     36.000    10.4636   3.596961    32.4053       1472 0.0000e+00
     37.000    10.4529   3.596542    32.4102       1501 0.0000e+00
     38.000    10.4351   3.595840    32.4186       1527 0.0000e+00
     39.000    10.4215   3.595240    32.4242       1552 0.0000e+00
     40.000    10.3839   3.593794    32.4428       1579 0.0000e+00
     41.000    10.3336   3.591541    32.4646       1603 0.0000e+00
     42.000    10.2475   3.587617    32.5018       1625 0.0000e+00
     43.000    10.2276   3.586759    32.5105       1649 0.0000e+00
     44.000    10.1899   3.584613    32.5222       1682 0.0000e+00
     45.000    10.1518   3.582045    32.5301       1719 0.0000e+00
     46.000    10.1512   3.582099    32.5308       1746 0.0000e+00
     47.000    10.1531   3.582254    32.5302       1767 0.0000e+00
     48.000    10.1396   3.581393    32.5332       1788 0.0000e+00
     49.000    10.1155   3.579573    32.5360       1812 0.0000e+00
     50.000    10.0198   3.574539    32.5708       1842 0.0000e+00
     51.000     9.9395   3.571191    32.6088       1870 0.0000e+00
     52.000     9.9158   3.571630    32.6343       1897 0.0000e+00
     53.000     9.9097   3.573388    32.6572       1927 0.0000e+00
     54.000     9.9050   3.573931    32.6665       1959 0.0000e+00
     55.000     9.9024   3.573944    32.6685       1984 0.0000e+00
     56.000     9.8982   3.574128    32.6738       2006 0.0000e+00
     57.000     9.8907   3.574233    32.6812       2029 0.0000e+00
     58.000     9.8782   3.574452    32.6943       2057 0.0000e+00
     59.000     9.8749   3.574558    32.6979       2090 0.0000e+00
     60.000     9.8739   3.574635    32.6992       2119 0.0000e+00
     61.000     9.8734   3.574672    32.6996       2143 0.0000e+00
     62.000     9.8696   3.574866    32.7045       2168 0.0000e+00
     63.000     9.8677   3.575041    32.7075       2198 0.0000e+00
     64.000     9.8580   3.575513    32.7208       2228 0.0000e+00
     65.000     9.8464   3.575556    32.7312       2256 0.0000e+00
     66.000     9.8324   3.574743    32.7353       2281 0.0000e+00
     67.000     9.8320   3.574792    32.7357       2307 0.0000e+00
     68.000     9.8307   3.574671    32.7352       2338 0.0000e+00
     69.000     9.8302   3.574658    32.7351       2370 0.0000e+00
     70.000     9.8274   3.574582    32.7364       2397 0.0000e+00
     71.000     9.8032   3.574292    32.7549       2420 0.0000e+00
     72.000     9.7939   3.574013    32.7601       2444 0.0000e+00
     73.000     9.7849   3.573864    32.7663       2473 0.0000e+00
     74.000     9.7731   3.573445    32.7724       2503 0.0000e+00
     75.000     9.7430   3.572728    32.7920       2532 0.0000e+00
     76.000     9.7248   3.572058    32.8013       2561 0.0000e+00
     77.000     9.7116   3.571581    32.8081       2588 0.0000e+00
     78.000     9.6969   3.571032    32.8154       2613 0.0000e+00
     79.000     9.6817   3.570515    32.8236       2639 0.0000e+00
     80.000     9.6771   3.570374    32.8258       2670 0.0000e+00
     81.000     9.6739   3.570271    32.8273       2704 0.0000e+00
     82.000     9.6614   3.569693    32.8323       2730 0.0000e+00
     83.000     9.6481   3.569160    32.8386       2751 0.0000e+00
     84.000     9.6354   3.568761    32.8456       2772 0.0000e+00
     85.000     9.6030   3.568010    32.8671       2797 0.0000e+00
     86.000     9.5947   3.567979    32.8740       2835 0.0000e+00
     87.000     9.5908   3.568019    32.8775       2867 0.0000e+00
     88.000     9.5767   3.567986    32.8896       2890 0.0000e+00
     89.000     9.5708   3.567931    32.8941       2911 0.0000e+00
     90.000     9.5662   3.567862    32.8971       2934 0.0000e+00
     91.000     9.5386   3.567259    32.9158       2962 0.0000e+00
     92.000     9.5202   3.566799    32.9275       2995 0.0000e+00
     93.000     9.5065   3.566551    32.9371       3026 0.0000e+00
     94.000     9.5100   3.566646    32.9343       3050 0.0000e+00
     95.000     9.4919   3.566395    32.9479       3072 0.0000e+00
     96.000     9.4731   3.566102    32.9618       3094 0.0000e+00
     97.000     9.4626   3.565920    32.9691       3120 0.0000e+00
     98.000     9.4499   3.565699    32.9781       3149 0.0000e+00
     99.000     9.4412   3.565592    32.9845       3182 0.0000e+00
    100.000     9.4405   3.565624    32.9851       3213 0.0000e+00
    101.000     9.4347   3.565639    32.9901       3238 0.0000e+00
    102.000     9.4302   3.565559    32.9930       3259 0.0000e+00
    103.000     9.4166   3.565318    33.0026       3279 0.0000e+00
    104.000     9.3579   3.563643    33.0390       3303 0.0000e+00
    105.000     9.3035   3.561889    33.0708       3334 0.0000e+00
    106.000     9.2473   3.560178    33.1046       3367 0.0000e+00
    107.000     9.2109   3.558921    33.1249       3397 0.0000e+00
    108.000     9.2001   3.558507    33.1302       3423 0.0000e+00
    109.000     9.2003   3.558496    33.1295       3446 0.0000e+00
    110.000     9.1986   3.558452    33.1301       3468 0.0000e+00
    111.000     9.1962   3.558390    33.1313       3490 0.0000e+00
    112.000     9.1865   3.558074    33.1366       3519 0.0000e+00
    113.000     9.1800   3.557844    33.1397       3553 0.0000e+00
    114.000     9.1432   3.556706    33.1617       3583 0.0000e+00
    115.000     9.0998   3.555371    33.1877       3608 0.0000e+00
    116.000     9.0895   3.555050    33.1936       3632 0.0000e+00
    117.000     9.0893   3.555038    33.1931       3656 0.0000e+00
    118.000     9.0958   3.555267    33.1890       3681 0.0000e+00
    119.000     9.0878   3.555010    33.1934       3710 0.0000e+00
    120.000     8.9959   3.552164    33.2490       3740 0.0000e+00
    121.000     9.0012   3.552257    33.2446       3768 0.0000e+00
    122.000     9.0235   3.552974    33.2308       3794 0.0000e+00
    123.000     9.0273   3.553149    33.2286       3818 0.0000e+00
    124.000     9.0195   3.552928    33.2331       3843 0.0000e+00
    125.000     9.0102   3.552651    33.2385       3872 0.0000e+00
    126.000     9.0060   3.552556    33.2410       3902 0.0000e+00
    127.000     9.0024   3.552477    33.2430       3929 0.0000e+00
    128.000     8.9973   3.552329    33.2458       3955 0.0000e+00
    129.000     8.9737   3.551584    33.2597       3981 0.0000e+00
    130.000     8.9242   3.550000    33.2890       4007 0.0000e+00
    131.000     8.8873   3.548775    33.3103       4034 0.0000e+00
    132.000     8.8385   3.547203    33.3393       4061 0.0000e+00
    133.000     8.8421   3.547266    33.3360       4086 0.0000e+00
    134.000     8.8483   3.547462    33.3319       4111 0.0000e+00
    135.000     8.8407   3.547257    33.3364       4139 0.0000e+00
    136.000     8.8265   3.546791    33.3444       4172 0.0000e+00
    137.000     8.8197   3.546593    33.3483       4200 0.0000e+00
    138.000     8.7911   3.545689    33.3652       4222 0.0000e+00
    139.000     8.7057   3.542936    33.4164       4243 0.0000e+00
    140.000     8.6278   3.540381    33.4627       4269 0.0000e+00
    141.000     8.5774   3.538709    33.4923       4303 0.0000e+00
    142.000     8.5627   3.538211    33.5006       4335 0.0000e+00
    143.000     8.5499   3.537817    33.5081       4359 0.0000e+00
    144.000     8.5249   3.537119    33.5240       4383 0.0000e+00
    145.000     8.4886   3.536095    33.5472       4407 0.0000e+00
    146.000     8.4607   3.535306    33.5649       4433 0.0000e+00
    147.000     8.4436   3.534944    33.5769       4458 0.0000e+00
    148.000     8.4416   3.534887    33.5777       4483 0.0000e+00
    149.000     8.4420   3.534882    33.5768       4514 0.0000e+00
    150.000     8.4402   3.534851    33.5778       4549 0.0000e+00
    151.000     8.4391   3.534913    33.5790       4574 0.0000e+00
    152.000     8.4378   3.534977    33.5804       4595 0.0000e+00
    153.000     8.4370   3.535069    33.5817       4616 0.0000e+00
    154.000     8.4372   3.535077    33.5811       4640 0.0000e+00
    155.000     8.4366   3.535128    33.5818       4671 0.0000e+00
    156.000     8.4366   3.535158    33.5816       4702 0.0000e+00
    157.000     8.4346   3.535432    33.5859       4729 0.0000e+00
    158.000     8.4320   3.535777    33.5917       4757 0.0000e+00
    159.000     8.4319   3.535820    33.5917       4785 0.0000e+00
    160.000     8.4322   3.535866    33.5914       4807 0.0000e+00
    161.000     8.4321   3.535924    33.5916       4828 0.0000e+00
    162.000     8.4325   3.535923    33.5908       4854 0.0000e+00
    163.000     8.4329   3.535925    33.5900       4900 0.0000e+00
    164.000     8.4331   3.535981    33.5899       4939 0.0000e+00
    165.000     8.4328   3.536087    33.5908       4965 0.0000e+00
    166.000     8.4330   3.536122    33.5906       4992 0.0000e+00
    167.000     8.4308   3.536220    33.5932       5255 0.0000e+00
    168.000     8.4292   3.536295    33.5950       6260 0.0000e+00
    167.000     8.4301   3.536224    33.5939       7423 0.0000e+00
    166.000     8.4306   3.536200    33.5937       7919 0.0000e+00
    165.000     8.4308   3.536133    33.5932       7937 0.0000e+00
    164.000     8.4313   3.536055    33.5924       7971 0.0000e+00
    163.000     8.4317   3.535963    33.5915       8011 0.0000e+00
    162.000     8.4323   3.535839    33.5901       8052 0.0000e+00
    161.000     8.4325   3.535763    33.5895       8081 0.0000e+00
    160.000     8.4334   3.535584    33.5873       8107 0.0000e+00
    159.000     8.4335   3.535497    33.5868       8135 0.0000e+00
    158.000     8.4335   3.535406    33.5863       8170 0.0000e+00
    157.000     8.4335   3.535353    33.5861       8209 0.0000e+00
    156.000     8.4340   3.535230    33.5849       8235 0.0000e+00
    155.000     8.4348   3.535064    33.5828       8256 0.0000e+00
    154.000     8.4352   3.534942    33.5816       8277 0.0000e+00
    153.000     8.4360   3.534787    33.5797       8300 0.0000e+00
    152.000     8.4364   3.534703    33.5789       8329 0.0000e+00
    151.000     8.4372   3.534584    33.5774       8361 0.0000e+00
    150.000     8.4390   3.534451    33.5747       8389 0.0000e+00
    149.000     8.4393   3.534389    33.5742       8415 0.0000e+00
    148.000     8.4396   3.534345    33.5739       8440 0.0000e+00
    147.000     8.4397   3.534301    33.5738       8467 0.0000e+00
    146.000     8.4403   3.534240    33.5731       8492 0.0000e+00
    145.000     8.4417   3.534222    33.5720       8514 0.0000e+00
    144.000     8.4500   3.534393    33.5664       8536 0.0000e+00
    143.000     8.4771   3.534970    33.5472       8565 0.0000e+00
    142.000     8.4855   3.535157    33.5416       8612 0.0000e+00
    141.000     8.5006   3.535593    33.5324       8637 0.0000e+00
    140.000     8.5278   3.536314    33.5146       8654 0.0000e+00
    139.000     8.5482   3.536906    33.5020       8670 0.0000e+00
    138.000     8.5756   3.537725    33.4851       8687 0.0000e+00
    137.000     8.6814   3.541087    33.4209       8718 0.0000e+00
    136.000     8.7835   3.544506    33.3610       8766 0.0000e+00
    135.000     8.7646   3.544056    33.3745       8792 0.0000e+00
    134.000     8.7890   3.544761    33.3594       8813 0.0000e+00
    133.000     8.7787   3.544449    33.3662       8833 0.0000e+00
    132.000     8.7996   3.545109    33.3540       8857 0.0000e+00
    131.000     8.8160   3.545635    33.3445       8887 0.0000e+00
    130.000     8.8048   3.545259    33.3516       8918 0.0000e+00
    129.000     8.7998   3.545070    33.3547       8944 0.0000e+00
    128.000     8.8122   3.545444    33.3474       8967 0.0000e+00
    127.000     8.8439   3.546446    33.3286       8990 0.0000e+00
    126.000     8.8802   3.547599    33.3070       9017 0.0000e+00
    125.000     8.8826   3.547679    33.3061       9048 0.0000e+00
    124.000     8.8806   3.547627    33.3079       9079 0.0000e+00
    123.000     8.9323   3.549319    33.2775       9105 0.0000e+00
    122.000     8.9727   3.550588    33.2534       9128 0.0000e+00
    121.000     8.9753   3.550697    33.2526       9151 0.0000e+00
    120.000     8.9827   3.550957    33.2489       9177 0.0000e+00
    119.000     9.0179   3.552018    33.2275       9207 0.0000e+00
    118.000     9.0490   3.553028    33.2094       9236 0.0000e+00
    117.000     9.0735   3.553768    33.1947       9261 0.0000e+00
    116.000     9.0871   3.554188    33.1868       9286 0.0000e+00
    115.000     9.1097   3.554900    33.1737       9314 0.0000e+00
    114.000     9.1298   3.555544    33.1621       9343 0.0000e+00
    113.000     9.1558   3.556371    33.1470       9369 0.0000e+00
    112.000     9.1677   3.556766    33.1405       9393 0.0000e+00
    111.000     9.2120   3.558210    33.1147       9416 0.0000e+00
    110.000     9.2342   3.558944    33.1022       9443 0.0000e+00
    109.000     9.2414   3.559208    33.0987       9473 0.0000e+00
    108.000     9.2556   3.559703    33.0911       9502 0.0000e+00
    107.000     9.2890   3.560780    33.0718       9530 0.0000e+00
    106.000     9.3023   3.561195    33.0642       9558 0.0000e+00
    105.000     9.3270   3.561925    33.0494       9586 0.0000e+00
    104.000     9.3369   3.562216    33.0437       9610 0.0000e+00
    103.000     9.3551   3.562736    33.0327       9632 0.0000e+00
    102.000     9.3833   3.563540    33.0154       9654 0.0000e+00
    101.000     9.4043   3.564132    33.0026       9682 0.0000e+00
    100.000     9.4127   3.564327    32.9973       9716 0.0000e+00
     99.000     9.4144   3.564320    32.9961       9747 0.0000e+00
     98.000     9.4114   3.564194    32.9980       9773 0.0000e+00
     97.000     9.4192   3.564206    32.9915       9797 0.0000e+00
     96.000     9.4296   3.564356    32.9838       9820 0.0000e+00
     95.000     9.4349   3.564420    32.9801       9848 0.0000e+00
