HB2303/ctd005.cnv
* Sea-Bird SBE 9 Data File:
* FileName = C:\cruise\data\ctd005.hex
* Software Version Seasave V 7.26.7.121
* Temperature SN = 6664
* Conductivity SN = 6035
* Number of Bytes Per Scan = 37
* Number of Voltage Words = 4
* Number of Scans Averaged by the Deck Unit = 1
* NMEA Latitude = 36 00.13 N
* NMEA Longitude = 075 10.18 W
* NMEA UTC (Time) = Aug 11 2023  21:02:03
* NMEA baud rate = 4800
** Ship: Bigelow HB2303
** Program:   ECOMON
** Chief Scientist: Audy Peoples
# nquan = 6
# nvalues = 54                          
# units = specified
# name 0 = depSM: Depth [salt water, m]
# name 1 = t090C: Temperature [ITS-90, deg C]
# name 2 = c0S/m: Conductivity [S/m]
# name 3 = sal00: Salinity, Practical [PSU]
# name 4 = scan: Scan Count
# name 5 = flag: flag
# span 0 =      2.000,     29.000       
# span 1 =    21.7876,    26.6891       
# span 2 =   5.065150,   5.620449       
# span 3 =    33.3593,    36.2225       
# span 4 =       -226,      11973       
# span 5 = 0.0000e+00, 0.0000e+00       
# interval = meters: 1                  
# start_time = Aug 11 2023 21:02:03 [NMEA time, header]
# bad_flag = -9.990e-29
*END*
      3.000    25.9936   5.199460    33.4632       -226 0.0000e+00
      4.000    26.0661   5.192425    33.3593       1125 0.0000e+00
      5.000    25.9799   5.200951    33.4835        842 0.0000e+00
      6.000    25.9417   5.204245    33.5349        908 0.0000e+00
      7.000    25.8631   5.205324    33.6000        990 0.0000e+00
      8.000    25.9003   5.209069    33.5996       1061 0.0000e+00
      9.000    25.9384   5.217297    33.6310       1159 0.0000e+00
     10.000    25.9655   5.271811    34.0057       1220 0.0000e+00
     11.000    26.0108   5.339349    34.4615       1332 0.0000e+00
     12.000    26.0335   5.356989    34.5722       1394 0.0000e+00
     13.000    26.0467   5.374146    34.6865       1498 0.0000e+00
     14.000    26.1558   5.409882    34.8628       1576 0.0000e+00
     15.000    26.4511   5.511881    35.3754       1666 0.0000e+00
     16.000    26.6891   5.601047    35.8361       1772 0.0000e+00
     17.000    26.5974   5.616868    36.0210       1841 0.0000e+00
     18.000    26.4725   5.616700    36.1171       1957 0.0000e+00
     19.000    25.9410   5.561405    36.1321       2035 0.0000e+00
     20.000    25.6074   5.533099    36.1883       2143 0.0000e+00
     21.000    25.5694   5.532652    36.2149       2210 0.0000e+00
     22.000    25.5251   5.528942    36.2225       2313 0.0000e+00
     23.000    25.2483   5.494964    36.1913       2392 0.0000e+00
     24.000    24.5593   5.414181    36.1405       2480 0.0000e+00
     25.000    23.8077   5.320459    36.0371       2560 0.0000e+00
     26.000    22.2482   5.123330    35.7890       2656 0.0000e+00
     27.000    21.9704   5.089516    35.7506       2733 0.0000e+00
     28.000    21.8671   5.077148    35.7379       2831 0.0000e+00
     29.000    21.7876   5.065150    35.7084       5384 0.0000e+00
     28.000    21.8582   5.073364    35.7153       6514 0.0000e+00
     27.000    21.9471   5.083820    35.7249       6208 0.0000e+00
     26.000    22.2273   5.118015    35.7632       6302 0.0000e+00
     25.000    23.8605   5.326325    36.0401       6392 0.0000e+00
     24.000    24.5984   5.415985    36.1224       6458 0.0000e+00
     23.000    25.0118   5.465357    36.1603       6526 0.0000e+00
     22.000    25.4278   5.515110    36.1977       6588 0.0000e+00
     21.000    25.5257   5.525670    36.1981       6678 0.0000e+00
     20.000    25.6106   5.529850    36.1618       6785 0.0000e+00
     19.000    25.9720   5.561832    36.1108       6873 0.0000e+00
     18.000    26.4192   5.607501    36.0922       6957 0.0000e+00
     17.000    26.5554   5.620449    36.0797       8040 0.0000e+00
     16.000    26.5776   5.615241    36.0250       9119 0.0000e+00
     15.000    26.6221   5.591528    35.8192       9127 0.0000e+00
     14.000    26.4674   5.512152    35.3651       9170 0.0000e+00
     13.000    26.1232   5.402454    34.8339       9211 0.0000e+00
     12.000    26.0213   5.370349    34.6784       9258 0.0000e+00
     11.000    26.0161   5.352221    34.5510       9315 0.0000e+00
     10.000    26.0014   5.316967    34.3064       9387 0.0000e+00
      9.000    25.9588   5.264736    33.9597       9473 0.0000e+00
      8.000    26.0917   5.226156    33.5830       9620 0.0000e+00
      7.000    26.0059   5.238948    33.7388       9726 0.0000e+00
      6.000    26.1268   5.216607    33.4891       9771 0.0000e+00
      5.000    26.2031   5.211677    33.3983       9844 0.0000e+00
      4.000    26.2009   5.210889    33.3945       9890 0.0000e+00
      3.000    26.1846   5.211321    33.4098      10687 0.0000e+00
      2.000    26.3641   5.225556    33.3822      11973 0.0000e+00
