HB2303/ctd010.cnv
* Sea-Bird SBE 9 Data File:
* FileName = C:\cruise\data\ctd010.hex
* Software Version Seasave V 7.26.7.121
* Temperature SN = 6664
* Conductivity SN = 6035
* Number of Bytes Per Scan = 37
* Number of Voltage Words = 4
* Number of Scans Averaged by the Deck Unit = 1
* NMEA Latitude = 39 21.51 N
* NMEA Longitude = 073 23.29 W
* NMEA UTC (Time) = Aug 13 2023  12:57:44
* NMEA baud rate = 4800
** Ship: Bigelow HB2303
** Program:   ECOMON
** Chief Scientist: Audy Peoples
# nquan = 6
# nvalues = 87                          
# units = specified
# name 0 = depSM: Depth [salt water, m]
# name 1 = t090C: Temperature [ITS-90, deg C]
# name 2 = c0S/m: Conductivity [S/m]
# name 3 = sal00: Salinity, Practical [PSU]
# name 4 = scan: Scan Count
# name 5 = flag: flag
# span 0 =      3.000,     46.000       
# span 1 =    10.2877,    23.8229       
# span 2 =   3.627968,   4.631514       
# span 3 =    30.7580,    32.8837       
# span 4 =        372,       8580       
# span 5 = 0.0000e+00, 0.0000e+00       
# interval = meters: 1                  
# start_time = Aug 13 2023 12:57:44 [NMEA time, header]
# bad_flag = -9.990e-29
*END*
      3.000    23.8020   4.629169    30.8384        372 0.0000e+00
      4.000    23.8170   4.630790    30.8398        683 0.0000e+00
      5.000    23.8193   4.631105    30.8403        701 0.0000e+00
      6.000    23.8229   4.631514    30.8406        734 0.0000e+00
      7.000    23.8211   4.631400    30.8407        762 0.0000e+00
      8.000    23.7725   4.626116    30.8346        785 0.0000e+00
      9.000    23.7455   4.623258    30.8317        813 0.0000e+00
     10.000    23.7369   4.622120    30.8289        842 0.0000e+00
     11.000    23.6270   4.611013    30.8219        868 0.0000e+00
     12.000    23.3864   4.593187    30.8555        892 0.0000e+00
     13.000    22.0808   4.523006    31.2469        921 0.0000e+00
     14.000    19.1433   4.327082    31.8659        951 0.0000e+00
     15.000    16.4825   4.135400    32.3349        977 0.0000e+00
     16.000    14.8177   4.001040    32.5082       1000 0.0000e+00
     17.000    13.3700   3.876609    32.5844       1028 0.0000e+00
     18.000    12.8742   3.831718    32.5875       1064 0.0000e+00
     19.000    12.2657   3.777318    32.5950       1096 0.0000e+00
     20.000    11.7095   3.730564    32.6292       1123 0.0000e+00
     21.000    11.5563   3.717815    32.6392       1150 0.0000e+00
     22.000    11.5339   3.715616    32.6371       1178 0.0000e+00
     23.000    11.5287   3.714552    32.6309       1205 0.0000e+00
     24.000    11.5189   3.713243    32.6262       1233 0.0000e+00
     25.000    11.5071   3.711877    32.6228       1262 0.0000e+00
     26.000    11.4957   3.710611    32.6201       1290 0.0000e+00
     27.000    11.3739   3.700920    32.6322       1318 0.0000e+00
     28.000    11.2255   3.690020    32.6560       1350 0.0000e+00
     29.000    11.1455   3.684780    32.6749       1380 0.0000e+00
     30.000    11.1491   3.686051    32.6839       1406 0.0000e+00
     31.000    11.0746   3.680826    32.6980       1432 0.0000e+00
     32.000    10.9565   3.670790    32.7034       1458 0.0000e+00
     33.000    10.9063   3.666327    32.7036       1483 0.0000e+00
     34.000    10.8108   3.657723    32.7029       1510 0.0000e+00
     35.000    10.7788   3.655945    32.7134       1536 0.0000e+00
     36.000    10.7723   3.656948    32.7288       1563 0.0000e+00
     37.000    10.7745   3.657618    32.7330       1590 0.0000e+00
     38.000    10.7709   3.657370    32.7333       1619 0.0000e+00
     39.000    10.7728   3.657947    32.7370       1648 0.0000e+00
     40.000    10.7778   3.659206    32.7446       1677 0.0000e+00
     41.000    10.7587   3.658287    32.7521       1701 0.0000e+00
     42.000    10.7069   3.654588    32.7612       1724 0.0000e+00
     43.000    10.4940   3.641659    32.8229       1749 0.0000e+00
     44.000    10.3321   3.633003    32.8818       1776 0.0000e+00
     45.000    10.2961   3.630009    32.8837       2053 0.0000e+00
     46.000    10.2877   3.627968    32.8703       3797 0.0000e+00
     45.000    10.2937   3.628822    32.8740       3351 0.0000e+00
     44.000    10.2982   3.628983    32.8719       3409 0.0000e+00
     43.000    10.3737   3.632396    32.8385       3465 0.0000e+00
     42.000    10.6338   3.647391    32.7549       3516 0.0000e+00
     41.000    10.7552   3.655386    32.7264       3571 0.0000e+00
     40.000    10.7702   3.655670    32.7162       3626 0.0000e+00
     39.000    10.7661   3.654537    32.7090       3678 0.0000e+00
     38.000    10.7654   3.654189    32.7066       3715 0.0000e+00
     37.000    10.7672   3.654178    32.7053       3781 0.0000e+00
     36.000    10.7676   3.653463    32.6983       3833 0.0000e+00
     35.000    10.7739   3.651939    32.6779       3885 0.0000e+00
     34.000    10.8319   3.656260    32.6695       3951 0.0000e+00
     33.000    10.9271   3.664540    32.6673       4011 0.0000e+00
     32.000    11.0028   3.671097    32.6653       4072 0.0000e+00
     31.000    11.1036   3.678816    32.6524       4133 0.0000e+00
     30.000    11.1513   3.681684    32.6388       4196 0.0000e+00
     29.000    11.1433   3.679930    32.6290       4259 0.0000e+00
     28.000    11.2233   3.685098    32.6095       4323 0.0000e+00
     27.000    11.3506   3.694477    32.5896       4394 0.0000e+00
     26.000    11.4974   3.705108    32.5648       4451 0.0000e+00
     25.000    11.5056   3.705830    32.5650       4515 0.0000e+00
     24.000    11.5103   3.706170    32.5647       4584 0.0000e+00
     23.000    11.5140   3.706396    32.5640       4650 0.0000e+00
     22.000    11.5124   3.706304    32.5650       5767 0.0000e+00
     21.000    11.5309   3.707115    32.5570       5954 0.0000e+00
     20.000    11.6456   3.715569    32.5392       6005 0.0000e+00
     19.000    12.2734   3.768756    32.5059       6096 0.0000e+00
     18.000    12.5382   3.791665    32.4966       7349 0.0000e+00
     17.000    12.8565   3.818252    32.4755       7328 0.0000e+00
     16.000    13.0270   3.834423    32.4823       7356 0.0000e+00
     15.000    14.2481   3.939996    32.4287       7392 0.0000e+00
     14.000    15.9594   4.077490    32.2520       7432 0.0000e+00
     13.000    16.8531   4.146356    32.1330       7466 0.0000e+00
     12.000    18.9466   4.298393    31.7802       7500 0.0000e+00
     11.000    20.5472   4.405252    31.4434       7540 0.0000e+00
     10.000    22.0626   4.498516    31.0762       7597 0.0000e+00
      9.000    23.6897   4.608196    30.7580       7633 0.0000e+00
      8.000    23.5522   4.601977    30.8072       7672 0.0000e+00
      7.000    23.6553   4.613163    30.8196       7732 0.0000e+00
      6.000    23.7934   4.623196    30.7991       7765 0.0000e+00
      5.000    23.8142   4.625843    30.8047       7802 0.0000e+00
      4.000    23.8133   4.626382    30.8096       7850 0.0000e+00
      3.000    23.7769   4.626240    30.8340       8580 0.0000e+00
