HB2303/ctd017.cnv
* Sea-Bird SBE 9 Data File:
* FileName = C:\cruise\data\ctd017.hex
* Software Version Seasave V 7.26.7.121
* Temperature SN = 6664
* Conductivity SN = 6035
* Number of Bytes Per Scan = 37
* Number of Voltage Words = 4
* Number of Scans Averaged by the Deck Unit = 1
* NMEA Latitude = 40 23.01 N
* NMEA Longitude = 067 41.65 W
* NMEA UTC (Time) = Aug 16 2023  04:55:22
* NMEA baud rate = 4800
** Ship: Bigelow HB2303
** Program:   ECOMON
** Chief Scientist: Audy Peoples
# nquan = 6
# nvalues = 420                         
# units = specified
# name 0 = depSM: Depth [salt water, m]
# name 1 = t090C: Temperature [ITS-90, deg C]
# name 2 = c0S/m: Conductivity [S/m]
# name 3 = sal00: Salinity, Practical [PSU]
# name 4 = scan: Scan Count
# name 5 = flag: flag
# span 0 =      3.000,    213.000       
# span 1 =     5.7063,    20.8859       
# span 2 =   3.205913,   4.634216       
# span 3 =    32.5129,    35.2553       
# span 4 =        409,      20194       
# span 5 = 0.0000e+00, 0.0000e+00       
# interval = meters: 1                  
# start_time = Aug 16 2023 04:55:22 [NMEA time, header]
# bad_flag = -9.990e-29
*END*
[from data line 239]
    183.000    10.8219   3.920018    35.2472       9151 0.0000e+00
    182.000    10.8605   3.923678    35.2473       9174 0.0000e+00
    181.000    10.8882   3.926351    35.2479       9200 0.0000e+00
    180.000    10.9078   3.928211    35.2481       9230 0.0000e+00
    179.000    10.9128   3.928553    35.2472       9257 0.0000e+00
    178.000    10.9156   3.928772    35.2472       9279 0.0000e+00
    177.000    10.9217   3.929251    35.2466       9302 0.0000e+00
    176.000    10.9183   3.928935    35.2472       9326 0.0000e+00
    175.000    10.9199   3.929061    35.2473       9355 0.0000e+00
    174.000    10.9234   3.929276    35.2466       9385 0.0000e+00
    173.000    10.9236   3.929295    35.2470       9414 0.0000e+00
    172.000    10.9228   3.929181    35.2471       9439 0.0000e+00
    171.000    10.9236   3.929185    35.2469       9461 0.0000e+00
    170.000    10.9236   3.929159    35.2470       9485 0.0000e+00
    169.000    10.9265   3.929437    35.2475       9513 0.0000e+00
    168.000    10.9282   3.929574    35.2477       9545 0.0000e+00
    167.000    10.9260   3.929332    35.2478       9571 0.0000e+00
    166.000    10.9275   3.929410    35.2476       9593 0.0000e+00
    165.000    10.9282   3.929446    35.2477       9613 0.0000e+00
    164.000    10.9282   3.929399    35.2477       9636 0.0000e+00
    163.000    10.9295   3.929482    35.2478       9665 0.0000e+00
    162.000    10.9370   3.930130    35.2475       9701 0.0000e+00
    161.000    10.9405   3.930360    35.2469       9730 0.0000e+00
    160.000    10.9465   3.930902    35.2471       9753 0.0000e+00
    159.000    10.9575   3.931889    35.2468       9775 0.0000e+00
    158.000    10.9824   3.934316    35.2476       9798 0.0000e+00
    157.000    10.9881   3.934838    35.2478       9823 0.0000e+00
    156.000    10.9867   3.934678    35.2480       9851 0.0000e+00
    155.000    10.9906   3.935044    35.2484       9880 0.0000e+00
    154.000    10.9934   3.935290    35.2486       9907 0.0000e+00
    153.000    11.0102   3.936861    35.2487       9931 0.0000e+00
    152.000    11.0409   3.939469    35.2457       9954 0.0000e+00
    151.000    11.0834   3.943369    35.2443       9978 0.0000e+00
    150.000    11.1098   3.945803    35.2437      10007 0.0000e+00
    149.000    11.1262   3.947411    35.2445      10041 0.0000e+00
    148.000    11.1379   3.948424    35.2439      10069 0.0000e+00
    147.000    11.1417   3.948747    35.2439      10091 0.0000e+00
    146.000    11.1573   3.949933    35.2412      10112 0.0000e+00
    145.000    11.1792   3.951391    35.2352      10133 0.0000e+00
    144.000    11.1898   3.952253    35.2341      10158 0.0000e+00
    143.000    11.1885   3.952182    35.2351      10186 0.0000e+00
    142.000    11.1887   3.952251    35.2361      10219 0.0000e+00
    141.000    11.1799   3.951424    35.2367      10248 0.0000e+00
    140.000    11.1972   3.953167    35.2380      10269 0.0000e+00
    139.000    11.2200   3.955109    35.2359      10288 0.0000e+00
    138.000    11.2320   3.955654    35.2303      10310 0.0000e+00
    137.000    11.2167   3.954069    35.2296      10348 0.0000e+00
    136.000    11.2159   3.953796    35.2281      10390 0.0000e+00
    135.000    11.2212   3.954144    35.2270      10411 0.0000e+00
    134.000    11.2349   3.955287    35.2258      10428 0.0000e+00
    133.000    11.2406   3.955803    35.2258      10445 0.0000e+00
    132.000    11.2488   3.956708    35.2274      10465 0.0000e+00
    131.000    11.2528   3.957194    35.2289      10496 0.0000e+00
    130.000    11.2573   3.957520    35.2283      10534 0.0000e+00
    129.000    11.2584   3.957657    35.2290      10558 0.0000e+00
    128.000    11.3156   3.963516    35.2330      10578 0.0000e+00
    127.000    11.3527   3.966812    35.2308      10599 0.0000e+00
    126.000    11.3698   3.968122    35.2278      10628 0.0000e+00
    125.000    11.3757   3.968603    35.2274      10668 0.0000e+00
    124.000    11.4271   3.972972    35.2222      10695 0.0000e+00
    123.000    11.4383   3.974452    35.2266      10716 0.0000e+00
    122.000    11.4977   3.979578    35.2212      10736 0.0000e+00
    121.000    11.5051   3.980268    35.2213      10761 0.0000e+00
    120.000    11.5101   3.980724    35.2216      10788 0.0000e+00
    119.000    11.5034   3.980150    35.2228      10813 0.0000e+00
    118.000    11.5247   3.982286    35.2240      10837 0.0000e+00
    117.000    11.5374   3.983463    35.2240      10862 0.0000e+00
    116.000    11.5380   3.983472    35.2239      10893 0.0000e+00
    115.000    11.5499   3.984696    35.2252      10924 0.0000e+00
    114.000    11.5555   3.985109    35.2244      10949 0.0000e+00
    113.000    11.5720   3.986682    35.2246      10970 0.0000e+00
    112.000    11.5874   3.988098    35.2244      10990 0.0000e+00
    111.000    11.5923   3.988477    35.2240      11015 0.0000e+00
    110.000    11.5690   3.986244    35.2246      11051 0.0000e+00
    109.000    11.5891   3.988209    35.2252      11085 0.0000e+00
    108.000    11.5923   3.988492    35.2254      11109 0.0000e+00
    107.000    11.6199   3.991113    35.2255      11130 0.0000e+00
    106.000    11.6258   3.991643    35.2256      11152 0.0000e+00
    105.000    11.6391   3.992973    35.2264      11175 0.0000e+00
    104.000    11.6373   3.992988    35.2287      12963 0.0000e+00
    103.000    11.6383   3.992925    35.2276      13782 0.0000e+00
    102.000    11.6402   3.993022    35.2273      13765 0.0000e+00
    101.000    11.6507   3.994022    35.2276      13787 0.0000e+00
    100.000    11.6611   3.994620    35.2240      13807 0.0000e+00
     99.000    11.6406   3.990823    35.2066      13831 0.0000e+00
     98.000    11.6426   3.990276    35.1997      13859 0.0000e+00
     97.000    11.6524   3.991278    35.2007      13886 0.0000e+00
     96.000    11.6708   3.992456    35.1952      13913 0.0000e+00
     95.000    11.7284   3.997190    35.1876      13943 0.0000e+00
     94.000    11.8427   4.008523    35.1911      13975 0.0000e+00
     93.000    11.9085   4.016116    35.2037      13999 0.0000e+00
     92.000    11.9893   4.024815    35.2128      14018 0.0000e+00
     91.000    12.0372   4.029400    35.2129      14035 0.0000e+00
     90.000    12.1140   4.033692    35.1827      14054 0.0000e+00
     89.000    12.0689   4.029384    35.1836      14087 0.0000e+00
     88.000    11.9489   4.018780    35.1938      14136 0.0000e+00
     87.000    11.9230   4.006497    35.0986      14160 0.0000e+00
     86.000    11.8014   3.987874    35.0312      14177 0.0000e+00
     85.000    11.6940   3.971706    34.9741      14193 0.0000e+00
     84.000    11.6440   3.965193    34.9576      14211 0.0000e+00
     83.000    11.6688   3.969061    34.9728      14243 0.0000e+00
     82.000    11.7124   3.975439    34.9948      14294 0.0000e+00
     81.000    11.6181   3.961771    34.9497      14315 0.0000e+00
     80.000    11.6022   3.959503    34.9428      14333 0.0000e+00
     79.000    11.4954   3.945100    34.9020      14350 0.0000e+00
     78.000    11.4754   3.942226    34.8929      14371 0.0000e+00
     77.000    11.4834   3.943140    34.8949      14400 0.0000e+00
     76.000    11.4668   3.940836    34.8882      14432 0.0000e+00
     75.000    11.4790   3.942504    34.8936      14461 0.0000e+00
     74.000    11.4042   3.932003    34.8609      14490 0.0000e+00
     73.000    11.2881   3.916301    34.8154      14520 0.0000e+00
     72.000    11.2205   3.905667    34.7741      14543 0.0000e+00
     71.000    11.2067   3.902315    34.7543      14561 0.0000e+00
     70.000    11.1832   3.897658    34.7307      14579 0.0000e+00
     69.000    11.1431   3.890871    34.7014      14599 0.0000e+00
     68.000    11.1913   3.898987    34.7371      14642 0.0000e+00
     67.000    11.1672   3.893873    34.7094      14684 0.0000e+00
     66.000    11.0178   3.872791    34.6409      14702 0.0000e+00
     65.000    10.9305   3.860475    34.6008      14718 0.0000e+00
     64.000    10.9008   3.855928    34.5838      14734 0.0000e+00
     63.000    10.8291   3.845370    34.5463      14754 0.0000e+00
     62.000    10.8744   3.852031    34.5706      14791 0.0000e+00
     61.000    10.7584   3.833597    34.4955      14839 0.0000e+00
     60.000    10.5604   3.805647    34.4022      14862 0.0000e+00
     59.000    10.4690   3.792985    34.3613      14882 0.0000e+00
     58.000    10.4072   3.783247    34.3217      14899 0.0000e+00
     57.000    10.2987   3.766309    34.2532      14917 0.0000e+00
     56.000    10.2606   3.759730    34.2229      14936 0.0000e+00
     55.000    10.2296   3.753242    34.1867      14961 0.0000e+00
     54.000    10.2875   3.759869    34.1997      15004 0.0000e+00
     53.000    10.1406   3.734110    34.0773      15040 0.0000e+00
     52.000    10.1301   3.730992    34.0559      15059 0.0000e+00
     51.000    10.1282   3.728342    34.0312      15076 0.0000e+00
     50.000    10.1394   3.725278    33.9899      15093 0.0000e+00
     49.000    10.0914   3.715290    33.9339      15114 0.0000e+00
     48.000    10.0979   3.714982    33.9252      15148 0.0000e+00
     47.000    10.1102   3.716024    33.9247      15185 0.0000e+00
     46.000    10.2146   3.726554    33.9342      15212 0.0000e+00
     45.000    10.4544   3.749763    33.9452      15233 0.0000e+00
     44.000    10.6728   3.770252    33.9483      15252 0.0000e+00
     43.000    10.6226   3.757569    33.8680      15272 0.0000e+00
     42.000    10.1733   3.703350    33.7388      15296 0.0000e+00
     41.000     9.3040   3.600149    33.4930      15329 0.0000e+00
     40.000     8.3729   3.490775    33.2275      15359 0.0000e+00
     39.000     8.3433   3.486811    33.2137      15383 0.0000e+00
     38.000     7.4777   3.386718    32.9623      15405 0.0000e+00
     37.000     6.5634   3.293326    32.8170      15428 0.0000e+00
     36.000     6.0022   3.236079    32.7215      15453 0.0000e+00
     35.000     5.7063   3.205913    32.6694      15477 0.0000e+00
     34.000     5.7151   3.206274    32.6653      15501 0.0000e+00
     33.000     6.0795   3.239040    32.6815      15530 0.0000e+00
     32.000     6.5618   3.284323    32.7221      15565 0.0000e+00
     31.000     6.9459   3.321155    32.7606      15590 0.0000e+00
     30.000     6.9165   3.316913    32.7426      15609 0.0000e+00
     29.000     6.8956   3.314801    32.7399      15627 0.0000e+00
     28.000     6.8544   3.307966    32.7047      15647 0.0000e+00
     27.000     6.5935   3.276592    32.6088      15675 0.0000e+00
     26.000     6.4805   3.260029    32.5342      15711 0.0000e+00
     25.000     6.7155   3.278338    32.5129      15740 0.0000e+00
     24.000     7.0488   3.309109    32.5347      15763 0.0000e+00
     23.000     7.5664   3.360071    32.5998      15785 0.0000e+00
     22.000     8.1525   3.419066    32.6826      15806 0.0000e+00
     21.000     9.6064   3.567864    32.8949      17252 0.0000e+00
     20.000    10.7751   3.695061    33.1102      17829 0.0000e+00
     19.000    12.2296   3.851167    33.3377      17937 0.0000e+00
     18.000    13.3346   3.978643    33.5724      17967 0.0000e+00
     17.000    14.8748   4.153938    33.8467      17990 0.0000e+00
     16.000    15.7769   4.254750    33.9766      18016 0.0000e+00
     15.000    16.4770   4.338661    34.1202      18056 0.0000e+00
     14.000    17.4552   4.454839    34.2995      18108 0.0000e+00
     13.000    18.5607   4.572968    34.3773      18145 0.0000e+00
     12.000    19.2962   4.626723    34.2178      18194 0.0000e+00
     11.000    19.5597   4.575216    33.5800      18280 0.0000e+00
     10.000    20.2071   4.576642    33.0768      18312 0.0000e+00
      9.000    20.6422   4.624087    33.1195      18408 0.0000e+00
      8.000    20.6004   4.603859    32.9900      18557 0.0000e+00
      7.000    20.6605   4.605703    32.9585      18658 0.0000e+00
      6.000    20.8085   4.623464    32.9862      18734 0.0000e+00
      5.000    20.8710   4.631641    33.0034      18815 0.0000e+00
      4.000    20.8859   4.634216    33.0127      19086 0.0000e+00
      3.000    20.8665   4.632525    33.0146      20194 0.0000e+00
