HB2303/ctd033.cnv
* Sea-Bird SBE 9 Data File:
* FileName = C:\cruise\data\ctd033.hex
* Software Version Seasave V 7.26.7.121
* Temperature SN = 6664
* Conductivity SN = 6035
* Number of Bytes Per Scan = 37
* Number of Voltage Words = 4
* Number of Scans Averaged by the Deck Unit = 1
* NMEA Latitude = 42 19.02 N
* NMEA Longitude = 070 16.52 W
* NMEA UTC (Time) = Aug 22 2023  08:07:13
* NMEA baud rate = 4800
** Ship: Bigelow HB2303
** Program:   ECOMON
** Chief Scientist: Audy Peoples
# nquan = 6
# nvalues = 61                          
# units = specified
# name 0 = depSM: Depth [salt water, m]
# name 1 = t090C: Temperature [ITS-90, deg C]
# name 2 = c0S/m: Conductivity [S/m]
# name 3 = sal00: Salinity, Practical [PSU]
# name 4 = scan: Scan Count
# name 5 = flag: flag
# span 0 =      2.000,     33.000       
# span 1 =     8.4694,    18.9111       
# span 2 =   3.373875,   4.160681       
# span 3 =    30.6502,    31.9784       
# span 4 =        240,      10739       
# span 5 = 0.0000e+00, 0.0000e+00       
# interval = meters: 1                  
# start_time = Aug 22 2023 08:07:13 [NMEA time, header]
# bad_flag = -9.990e-29
*END*
      4.000    18.8940   4.160681    30.6868        240 0.0000e+00
      5.000    18.8936   4.160288    30.6836        414 0.0000e+00
      6.000    18.8948   4.160452    30.6837        445 0.0000e+00
      7.000    18.8975   4.160443    30.6813        479 0.0000e+00
      8.000    18.8965   4.160656    30.6834        517 0.0000e+00
      9.000    18.8978   4.160309    30.6792        555 0.0000e+00
     10.000    18.8465   4.157616    30.6948        583 0.0000e+00
     11.000    18.7910   4.154552    30.7103        614 0.0000e+00
     12.000    18.3995   4.132167    30.8166        653 0.0000e+00
     13.000    17.7633   4.089434    30.9378        688 0.0000e+00
     14.000    17.2160   4.049672    31.0177        722 0.0000e+00
     15.000    16.8519   4.021831    31.0590        759 0.0000e+00
     16.000    16.1181   3.965499    31.1406        794 0.0000e+00
     17.000    15.4561   3.916673    31.2317        827 0.0000e+00
     18.000    15.2061   3.896410    31.2496        867 0.0000e+00
     19.000    15.0323   3.882141    31.2602        907 0.0000e+00
     20.000    14.9200   3.872772    31.2657        939 0.0000e+00
     21.000    14.8095   3.863406    31.2695        973 0.0000e+00
     22.000    14.4891   3.838183    31.2988       1014 0.0000e+00
     23.000    13.1531   3.736858    31.4563       1051 0.0000e+00
     24.000    11.5561   3.616524    31.6507       1090 0.0000e+00
     25.000     9.6961   3.473190    31.8417       1127 0.0000e+00
     26.000     8.6679   3.397266    31.9784       1163 0.0000e+00
     27.000     8.5292   3.385207    31.9773       1198 0.0000e+00
     28.000     8.4981   3.381784    31.9692       1233 0.0000e+00
     29.000     8.4918   3.380386    31.9597       1274 0.0000e+00
     30.000     8.4877   3.379504    31.9538       1311 0.0000e+00
     31.000     8.4829   3.378795    31.9502       1340 0.0000e+00
     32.000     8.4743   3.377802    31.9472       1373 0.0000e+00
     33.000     8.4707   3.375883    31.9298       1601 0.0000e+00
     32.000     8.4696   3.374854    31.9204       1871 0.0000e+00
     31.000     8.4694   3.373875    31.9108       3495 0.0000e+00
     30.000     8.4719   3.373994    31.9102       4890 0.0000e+00
     29.000     8.4728   3.374028    31.9103       4784 0.0000e+00
     28.000     8.4788   3.374443    31.9096       4848 0.0000e+00
     27.000     8.4863   3.374983    31.9089       4909 0.0000e+00
     26.000     8.4876   3.375027    31.9087       4979 0.0000e+00
     25.000     8.5040   3.376227    31.9069       5048 0.0000e+00
     24.000     8.9288   3.408537    31.8613       5949 0.0000e+00
     23.000     8.7418   3.394205    31.8812       6808 0.0000e+00
     22.000    10.2458   3.508031    31.7110       6875 0.0000e+00
     21.000    13.2374   3.735909    31.3785       6963 0.0000e+00
     20.000    14.9665   3.867217    31.1785       7029 0.0000e+00
     19.000    15.1689   3.885279    31.1795       7118 0.0000e+00
     18.000    15.2261   3.890968    31.1851       7193 0.0000e+00
     17.000    15.3381   3.902615    31.2003       8256 0.0000e+00
     16.000    15.7046   3.931168    31.1638       9279 0.0000e+00
     15.000    16.3663   3.981822    31.0895      10006 0.0000e+00
     14.000    16.9976   4.029931    31.0166       9989 0.0000e+00
     13.000    17.3901   4.058463    30.9596      10016 0.0000e+00
     12.000    17.7955   4.089128    30.9112      10044 0.0000e+00
     11.000    18.4027   4.129133    30.7894      10074 0.0000e+00
     10.000    18.8526   4.153802    30.6588      10111 0.0000e+00
      9.000    18.8784   4.155715    30.6558      10143 0.0000e+00
      8.000    18.9051   4.157391    30.6502      10173 0.0000e+00
      7.000    18.9062   4.157719    30.6524      10211 0.0000e+00
      6.000    18.9111   4.158139    30.6526      10241 0.0000e+00
      5.000    18.9044   4.158081    30.6574      10294 0.0000e+00
      4.000    18.9031   4.158248    30.6601      10362 0.0000e+00
      3.000    18.9037   4.158529    30.6623      10486 0.0000e+00
      2.000    18.9051   4.159090    30.6662      10739 0.0000e+00
