HB2303/ctd012.cnv
* Sea-Bird SBE 9 Data File:
* FileName = C:\cruise\data\ctd012.hex
* Software Version Seasave V 7.26.7.121
* Temperature SN = 6664
* Conductivity SN = 6035
* Number of Bytes Per Scan = 37
* Number of Voltage Words = 4
* Number of Scans Averaged by the Deck Unit = 1
* NMEA Latitude = 39 00.73 N
* NMEA Longitude = 072 35.44 W
* NMEA UTC (Time) = Aug 13 2023  19:29:08
* NMEA baud rate = 4800
** Ship: Bigelow HB2303
** Program:   ECOMON
** Chief Scientist: Audy Peoples
# nquan = 6
# nvalues = 1000                        
# units = specified
# name 0 = depSM: Depth [salt water, m]
# name 1 = t090C: Temperature [ITS-90, deg C]
# name 2 = c0S/m: Conductivity [S/m]
# name 3 = sal00: Salinity, Practical [PSU]
# name 4 = scan: Scan Count
# name 5 = flag: flag
# span 0 =      1.000,    502.000       
# span 1 =     5.8768,    25.3748       
# span 2 =   3.454515,   5.281005       
# span 3 =    33.3619,    35.9654       
# span 4 =        318,      40542       
# span 5 = 0.0000e+00, 0.0000e+00       
# interval = meters: 1                  
# start_time = Aug 13 2023 19:29:08 [NMEA time, header]
# bad_flag = -9.990e-29
*END*
[from data line 717]
    283.000     9.2512   3.771876    35.2156      22669 0.0000e+00
    282.000     9.2839   3.774920    35.2154      22690 0.0000e+00
    281.000     9.3077   3.777249    35.2167      22715 0.0000e+00
    280.000     9.3263   3.779052    35.2176      22743 0.0000e+00
    279.000     9.3246   3.778932    35.2185      22772 0.0000e+00
    278.000     9.3362   3.780108    35.2199      22803 0.0000e+00
    277.000     9.3908   3.785505    35.2227      22832 0.0000e+00
    276.000     9.3963   3.785941    35.2223      22855 0.0000e+00
    275.000     9.4679   3.792736    35.2229      22877 0.0000e+00
    274.000     9.4766   3.793644    35.2242      22902 0.0000e+00
    273.000     9.4876   3.794759    35.2254      22933 0.0000e+00
    272.000     9.4806   3.794090    35.2259      22960 0.0000e+00
    271.000     9.4952   3.795560    35.2272      22982 0.0000e+00
    270.000     9.5101   3.796891    35.2268      23004 0.0000e+00
    269.000     9.5012   3.795994    35.2268      23034 0.0000e+00
    268.000     9.5037   3.796357    35.2286      23071 0.0000e+00
    267.000     9.5136   3.797137    35.2274      23096 0.0000e+00
    266.000     9.5215   3.797939    35.2283      23117 0.0000e+00
    265.000     9.5267   3.798402    35.2285      23151 0.0000e+00
    264.000     9.5241   3.798138    35.2288      23278 0.0000e+00
    263.000     9.5535   3.800922    35.2293      23373 0.0000e+00
    262.000     9.5589   3.801481    35.2301      23420 0.0000e+00
    261.000     9.5700   3.802646    35.2319      23478 0.0000e+00
    260.000     9.5905   3.804617    35.2326      23541 0.0000e+00
    259.000     9.6231   3.807910    35.2351      23591 0.0000e+00
    258.000     9.6319   3.808831    35.2364      23670 0.0000e+00
    257.000     9.7142   3.816994    35.2405      23726 0.0000e+00
    256.000     9.6910   3.814760    35.2406      23792 0.0000e+00
    255.000     9.7277   3.818294    35.2417      23857 0.0000e+00
    254.000     9.7216   3.817714    35.2421      23919 0.0000e+00
    253.000     9.7341   3.818966    35.2432      23984 0.0000e+00
    252.000     9.7273   3.818255    35.2430      24045 0.0000e+00
    251.000     9.7418   3.819736    35.2445      24110 0.0000e+00
    250.000     9.7670   3.822312    35.2468      25573 0.0000e+00
    249.000     9.7663   3.822230    35.2471      26537 0.0000e+00
    248.000     9.7750   3.823044    35.2475      26484 0.0000e+00
    247.000     9.7951   3.825053    35.2490      26530 0.0000e+00
    246.000     9.8048   3.825972    35.2495      26577 0.0000e+00
    245.000     9.8113   3.826575    35.2498      26615 0.0000e+00
    244.000     9.8204   3.827447    35.2503      26644 0.0000e+00
    243.000     9.8426   3.829744    35.2527      26678 0.0000e+00
    242.000     9.8540   3.830820    35.2531      26728 0.0000e+00
    241.000     9.8790   3.833358    35.2551      26769 0.0000e+00
    240.000     9.9281   3.838291    35.2582      26803 0.0000e+00
    239.000     9.9603   3.841526    35.2604      26848 0.0000e+00
    238.000    10.0074   3.846259    35.2635      26891 0.0000e+00
    237.000    10.0416   3.849632    35.2651      26925 0.0000e+00
    236.000    10.0398   3.849458    35.2655      26971 0.0000e+00
    235.000    10.0610   3.851557    35.2668      27021 0.0000e+00
    234.000    10.0736   3.852845    35.2681      27067 0.0000e+00
    233.000    10.0920   3.854619    35.2687      27134 0.0000e+00
    232.000    10.1053   3.855962    35.2700      27180 0.0000e+00
    231.000    10.1188   3.857300    35.2710      27231 0.0000e+00
    230.000    10.1420   3.859670    35.2731      27299 0.0000e+00
    229.000    10.1622   3.861768    35.2753      27361 0.0000e+00
    228.000    10.1786   3.863427    35.2766      27395 0.0000e+00
    227.000    10.1896   3.864517    35.2775      27459 0.0000e+00
    226.000    10.2091   3.866620    35.2804      27519 0.0000e+00
    225.000    10.2211   3.867794    35.2812      27567 0.0000e+00
    224.000    10.2238   3.868146    35.2826      27643 0.0000e+00
    223.000    10.2355   3.869282    35.2833      27692 0.0000e+00
    222.000    10.2395   3.869691    35.2840      27726 0.0000e+00
    221.000    10.2270   3.868457    35.2841      27801 0.0000e+00
    220.000    10.2692   3.872639    35.2860      27847 0.0000e+00
    219.000    10.2704   3.872709    35.2861      27901 0.0000e+00
    218.000    10.2850   3.874259    35.2881      27960 0.0000e+00
    217.000    10.3409   3.880256    35.2952      28023 0.0000e+00
    216.000    10.4783   3.894519    35.3070      28068 0.0000e+00
    215.000    10.4933   3.895968    35.3076      28115 0.0000e+00
    214.000    10.5066   3.897682    35.3125      28176 0.0000e+00
    213.000    10.5881   3.906425    35.3224      28222 0.0000e+00
    212.000    10.6732   3.915631    35.3334      28312 0.0000e+00
    211.000    10.7284   3.921857    35.3431      28348 0.0000e+00
    210.000    10.7214   3.921371    35.3455      28385 0.0000e+00
    209.000    10.7568   3.925107    35.3493      28460 0.0000e+00
    208.000    10.8009   3.929838    35.3547      28494 0.0000e+00
    207.000    10.8419   3.934391    35.3613      28571 0.0000e+00
    206.000    10.9184   3.942699    35.3713      28635 0.0000e+00
    205.000    10.9453   3.945687    35.3758      28665 0.0000e+00
    204.000    10.9769   3.949152    35.3804      28725 0.0000e+00
    203.000    11.0020   3.951963    35.3848      28788 0.0000e+00
    202.000    11.1626   3.969577    35.4064      28841 0.0000e+00
    201.000    11.4261   3.998690    35.4432      28914 0.0000e+00
    200.000    11.4672   4.003580    35.4526      28947 0.0000e+00
    199.000    11.5649   4.014389    35.4663      29008 0.0000e+00
    198.000    11.6248   4.021154    35.4762      29071 0.0000e+00
    197.000    11.6642   4.025504    35.4819      29117 0.0000e+00
    196.000    11.6875   4.028161    35.4861      29180 0.0000e+00
    195.000    11.7112   4.030806    35.4900      29235 0.0000e+00
    194.000    11.7944   4.039968    35.5011      29299 0.0000e+00
    193.000    11.8238   4.043138    35.5046      29344 0.0000e+00
    192.000    11.8250   4.043327    35.5057      29394 0.0000e+00
    191.000    11.9145   4.052937    35.5149      29460 0.0000e+00
    190.000    11.9760   4.059529    35.5214      29527 0.0000e+00
    189.000    11.9920   4.061309    35.5240      29578 0.0000e+00
    188.000    12.0104   4.063384    35.5272      29630 0.0000e+00
    187.000    12.0252   4.064960    35.5289      29672 0.0000e+00
    186.000    12.0304   4.065501    35.5297      29739 0.0000e+00
    185.000    12.0312   4.065569    35.5300      29814 0.0000e+00
    184.000    12.0317   4.065592    35.5302      29859 0.0000e+00
    183.000    12.0347   4.065891    35.5308      29911 0.0000e+00
    182.000    12.0555   4.068164    35.5336      29962 0.0000e+00
    181.000    12.0971   4.072509    35.5368      30023 0.0000e+00
    180.000    12.1615   4.079291    35.5421      30090 0.0000e+00
    179.000    12.2566   4.089489    35.5514      30145 0.0000e+00
    178.000    12.3376   4.098311    35.5607      30197 0.0000e+00
    177.000    12.3402   4.098556    35.5611      30245 0.0000e+00
    176.000    12.3545   4.100072    35.5627      30305 0.0000e+00
    175.000    12.3644   4.101046    35.5632      30372 0.0000e+00
    174.000    12.3670   4.101295    35.5635      30422 0.0000e+00
    173.000    12.3814   4.102862    35.5655      30486 0.0000e+00
    172.000    12.4446   4.110006    35.5752      30536 0.0000e+00
    171.000    12.5707   4.123541    35.5872      30570 0.0000e+00
    170.000    12.5821   4.124723    35.5882      30617 0.0000e+00
    169.000    12.6710   4.134329    35.5972      30656 0.0000e+00
    168.000    12.6885   4.136248    35.5996      30677 0.0000e+00
    167.000    12.7051   4.137996    35.6011      30697 0.0000e+00
    166.000    12.7126   4.138819    35.6025      30719 0.0000e+00
    165.000    12.7111   4.138750    35.6036      30756 0.0000e+00
    164.000    12.7306   4.140761    35.6050      30792 0.0000e+00
    163.000    12.7381   4.141637    35.6068      30816 0.0000e+00
    162.000    12.7513   4.143017    35.6080      30836 0.0000e+00
    161.000    12.7613   4.144059    35.6090      30858 0.0000e+00
    160.000    12.7678   4.144780    35.6102      30884 0.0000e+00
    159.000    12.7720   4.145249    35.6112      30914 0.0000e+00
    158.000    12.7741   4.145448    35.6116      30942 0.0000e+00
    157.000    12.7757   4.145619    35.6122      30967 0.0000e+00
    156.000    12.7813   4.146254    35.6134      30991 0.0000e+00
    155.000    12.7887   4.147056    35.6146      31016 0.0000e+00
    154.000    12.7962   4.147854    35.6157      31042 0.0000e+00
    153.000    12.8025   4.148472    35.6160      31070 0.0000e+00
    152.000    12.8094   4.149187    35.6168      31099 0.0000e+00
    151.000    12.8183   4.150131    35.6179      31127 0.0000e+00
    150.000    12.8325   4.151662    35.6196      31152 0.0000e+00
    149.000    12.8738   4.156045    35.6232      31175 0.0000e+00
    148.000    12.9310   4.162061    35.6274      31199 0.0000e+00
    147.000    13.0264   4.172351    35.6365      31227 0.0000e+00
    146.000    13.0813   4.178211    35.6412      31258 0.0000e+00
    145.000    13.1306   4.183732    35.6480      31283 0.0000e+00
    144.000    13.1991   4.191282    35.6560      31306 0.0000e+00
    143.000    13.2637   4.198538    35.6648      31330 0.0000e+00
    142.000    13.3076   4.203261    35.6689      31356 0.0000e+00
    141.000    13.3206   4.204698    35.6708      31386 0.0000e+00
    140.000    13.3222   4.204793    35.6706      31415 0.0000e+00
    139.000    13.3380   4.206642    35.6738      31440 0.0000e+00
    138.000    13.3510   4.208036    35.6753      31463 0.0000e+00
    137.000    13.3633   4.209306    35.6762      31487 0.0000e+00
    136.000    13.3699   4.209998    35.6771      31516 0.0000e+00
    135.000    13.3965   4.213163    35.6826      31545 0.0000e+00
    134.000    13.4199   4.216540    35.6931      31570 0.0000e+00
    133.000    13.4915   4.224462    35.7015      31594 0.0000e+00
    132.000    13.5104   4.226716    35.7056      31621 0.0000e+00
    131.000    13.5184   4.227939    35.7100      31649 0.0000e+00
    130.000    13.5826   4.235172    35.7187      31675 0.0000e+00
    129.000    13.7193   4.250811    35.7388      31699 0.0000e+00
    128.000    13.8350   4.264271    35.7578      31724 0.0000e+00
    127.000    13.8885   4.270297    35.7649      31750 0.0000e+00
    126.000    13.8984   4.271529    35.7677      31777 0.0000e+00
    125.000    13.9481   4.276721    35.7704      31805 0.0000e+00
    124.000    13.9638   4.278323    35.7712      31831 0.0000e+00
    123.000    13.9639   4.278071    35.7691      31858 0.0000e+00
    122.000    13.9470   4.275965    35.7656      31885 0.0000e+00
    121.000    13.9393   4.274349    35.7581      31909 0.0000e+00
    120.000    13.9239   4.270077    35.7328      31933 0.0000e+00
    119.000    13.9066   4.266495    35.7158      31960 0.0000e+00
    118.000    13.9028   4.265424    35.7097      31989 0.0000e+00
    117.000    13.8882   4.264466    35.7147      32019 0.0000e+00
    116.000    13.9011   4.265272    35.7107      32043 0.0000e+00
    115.000    13.9262   4.267197    35.7058      32064 0.0000e+00
    114.000    13.9339   4.267946    35.7061      32085 0.0000e+00
    113.000    13.9382   4.268473    35.7075      32112 0.0000e+00
    112.000    13.9423   4.269154    35.7105      32147 0.0000e+00
    111.000    13.9320   4.268409    35.7135      32179 0.0000e+00
    110.000    13.9519   4.270279    35.7129      32203 0.0000e+00
    109.000    13.9949   4.274764    35.7153      32223 0.0000e+00
    108.000    14.0122   4.276186    35.7130      32244 0.0000e+00
    107.000    14.0124   4.276167    35.7130      32267 0.0000e+00
    106.000    14.0097   4.275880    35.7133      32297 0.0000e+00
    105.000    14.0004   4.274947    35.7136      32333 0.0000e+00
    104.000    14.0010   4.274965    35.7137      32361 0.0000e+00
    103.000    14.0295   4.277554    35.7118      32383 0.0000e+00
    102.000    14.0919   4.282916    35.7044      32404 0.0000e+00
    101.000    14.1028   4.284008    35.7049      32429 0.0000e+00
    100.000    14.1087   4.284556    35.7050      32458 0.0000e+00
     99.000    14.1007   4.283735    35.7052      32485 0.0000e+00
     98.000    14.1012   4.283881    35.7065      32510 0.0000e+00
     97.000    14.1555   4.289575    35.7096      32533 0.0000e+00
     96.000    14.2580   4.301284    35.7242      32558 0.0000e+00
     95.000    14.3452   4.311070    35.7348      32587 0.0000e+00
     94.000    14.3347   4.310106    35.7360      32614 0.0000e+00
     93.000    14.4846   4.328175    35.7653      32639 0.0000e+00
     92.000    14.6374   4.345952    35.7888      32668 0.0000e+00
     91.000    14.7309   4.356692    35.8021      32701 0.0000e+00
     90.000    14.6938   4.352375    35.7970      32727 0.0000e+00
     89.000    14.6980   4.354048    35.8088      32750 0.0000e+00
     88.000    14.9457   4.381725    35.8355      32772 0.0000e+00
     87.000    15.0146   4.389507    35.8439      32795 0.0000e+00
     86.000    15.0458   4.393293    35.8503      32820 0.0000e+00
     85.000    15.0933   4.399100    35.8601      32844 0.0000e+00
     84.000    15.2320   4.415550    35.8833      32871 0.0000e+00
     83.000    15.3434   4.427990    35.8949      32901 0.0000e+00
     82.000    15.3290   4.426209    35.8922      32930 0.0000e+00
     81.000    15.3468   4.429718    35.9083      32955 0.0000e+00
     80.000    15.5552   4.453583    35.9344      32978 0.0000e+00
     79.000    15.6163   4.460323    35.9399      33005 0.0000e+00
     78.000    15.6459   4.463928    35.9459      33038 0.0000e+00
     77.000    15.6477   4.463859    35.9440      33067 0.0000e+00
     76.000    15.6284   4.462872    35.9532      33087 0.0000e+00
     75.000    15.8131   4.482870    35.9654      33106 0.0000e+00
     74.000    15.8130   4.481594    35.9544      33127 0.0000e+00
     73.000    15.8256   4.481675    35.9441      33155 0.0000e+00
     72.000    15.8401   4.482224    35.9362      33188 0.0000e+00
     71.000    15.8264   4.479897    35.9282      33216 0.0000e+00
     70.000    15.8716   4.482312    35.9093      33239 0.0000e+00
     69.000    15.9137   4.486514    35.9091      33266 0.0000e+00
     68.000    15.9242   4.487023    35.9046      33295 0.0000e+00
     67.000    15.9023   4.482897    35.8879      33323 0.0000e+00
     66.000    15.8409   4.472771    35.8530      33347 0.0000e+00
     65.000    15.8085   4.466878    35.8299      33370 0.0000e+00
     64.000    15.7500   4.455206    35.7783      33393 0.0000e+00
     63.000    15.5630   4.425260    35.6783      33419 0.0000e+00
     62.000    15.4324   4.403825    35.6032      33448 0.0000e+00
     61.000    15.3093   4.385151    35.5459      33475 0.0000e+00
     60.000    15.2634   4.377586    35.5193      33501 0.0000e+00
     59.000    15.2604   4.376363    35.5113      33526 0.0000e+00
     58.000    15.2684   4.374245    35.4853      33551 0.0000e+00
     57.000    15.3130   4.374320    35.4459      33576 0.0000e+00
     56.000    15.3287   4.374212    35.4312      33603 0.0000e+00
     55.000    15.2801   4.366035    35.4013      33631 0.0000e+00
     54.000    15.2859   4.363743    35.3757      33656 0.0000e+00
     53.000    15.3362   4.364576    35.3383      33679 0.0000e+00
     52.000    15.3139   4.360578    35.3225      33702 0.0000e+00
     51.000    15.2737   4.352164    35.2827      33727 0.0000e+00
     50.000    15.2346   4.340525    35.2127      33753 0.0000e+00
     49.000    15.2286   4.336591    35.1828      33780 0.0000e+00
     48.000    15.2254   4.334902    35.1707      33810 0.0000e+00
     47.000    15.1977   4.327363    35.1275      33853 0.0000e+00
     46.000    15.2435   4.328288    35.0953      33894 0.0000e+00
