HB2303/ctd019.cnv
* Sea-Bird SBE 9 Data File:
* FileName = C:\cruise\data\ctd019.hex
* Software Version Seasave V 7.26.7.121
* Temperature SN = 6664
* Conductivity SN = 6035
* Number of Bytes Per Scan = 37
* Number of Voltage Words = 4
* Number of Scans Averaged by the Deck Unit = 1
* NMEA Latitude = 41 28.46 N
* NMEA Longitude = 067 41.54 W
* NMEA UTC (Time) = Aug 17 2023  01:27:35
* NMEA baud rate = 4800
** Ship: Bigelow HB2303
** Program:   ECOMON
** Chief Scientist: Audy Peoples
# nquan = 6
# nvalues = 70                          
# units = specified
# name 0 = depSM: Depth [salt water, m]
# name 1 = t090C: Temperature [ITS-90, deg C]
# name 2 = c0S/m: Conductivity [S/m]
# name 3 = sal00: Salinity, Practical [PSU]
# name 4 = scan: Scan Count
# name 5 = flag: flag
# span 0 =      3.000,     38.000       
# span 1 =    18.5042,    18.5187       
# span 2 =   4.325599,   4.327019       
# span 3 =    32.3420,    32.3436       
# span 4 =        159,       9089       
# span 5 = 0.0000e+00, 0.0000e+00       
# interval = meters: 1                  
# start_time = Aug 17 2023 01:27:35 [NMEA time, header]
# bad_flag = -9.990e-29
*END*
      4.000    18.5142   4.325599    32.3433        159 0.0000e+00
      5.000    18.5156   4.325770    32.3433        435 0.0000e+00
      6.000    18.5158   4.325833    32.3433        468 0.0000e+00
      7.000    18.5158   4.325878    32.3433        524 0.0000e+00
      8.000    18.5160   4.325935    32.3433        568 0.0000e+00
      9.000    18.5165   4.326034    32.3434        600 0.0000e+00
     10.000    18.5167   4.326089    32.3434        635 0.0000e+00
     11.000    18.5170   4.326158    32.3434        681 0.0000e+00
     12.000    18.5172   4.326222    32.3434        715 0.0000e+00
     13.000    18.5174   4.326287    32.3434        737 0.0000e+00
     14.000    18.5174   4.326326    32.3434        757 0.0000e+00
     15.000    18.5169   4.326330    32.3435        784 0.0000e+00
     16.000    18.5166   4.326328    32.3433        845 0.0000e+00
     17.000    18.5163   4.326345    32.3434        878 0.0000e+00
     18.000    18.5168   4.326430    32.3433        897 0.0000e+00
     19.000    18.5169   4.326479    32.3433        915 0.0000e+00
     20.000    18.5175   4.326577    32.3433        938 0.0000e+00
     21.000    18.5163   4.326504    32.3433        981 0.0000e+00
     22.000    18.5157   4.326489    32.3433       1037 0.0000e+00
     23.000    18.5171   4.326691    32.3435       1066 0.0000e+00
     24.000    18.5179   4.326791    32.3434       1086 0.0000e+00
     25.000    18.5156   4.326596    32.3432       1104 0.0000e+00
     26.000    18.5170   4.326787    32.3434       1125 0.0000e+00
     27.000    18.5184   4.326950    32.3433       1173 0.0000e+00
     28.000    18.5185   4.327019    32.3434       1230 0.0000e+00
     29.000    18.5160   4.326779    32.3430       1252 0.0000e+00
     30.000    18.5122   4.326490    32.3432       1271 0.0000e+00
     31.000    18.5102   4.326326    32.3431       1290 0.0000e+00
     32.000    18.5096   4.326302    32.3430       1313 0.0000e+00
     33.000    18.5125   4.326632    32.3432       1409 0.0000e+00
     34.000    18.5117   4.326578    32.3430       1445 0.0000e+00
     35.000    18.5065   4.326092    32.3427       1465 0.0000e+00
     36.000    18.5074   4.326224    32.3427       1538 0.0000e+00
     37.000    18.5068   4.326215    32.3427       1786 0.0000e+00
     38.000    18.5073   4.326345    32.3432       2017 0.0000e+00
     37.000    18.5077   4.326213    32.3420       1944 0.0000e+00
     36.000    18.5073   4.326200    32.3426       1972 0.0000e+00
     35.000    18.5055   4.325994    32.3426       3136 0.0000e+00
     34.000    18.5045   4.325853    32.3426       3822 0.0000e+00
     33.000    18.5044   4.325809    32.3426       3876 0.0000e+00
     32.000    18.5045   4.325772    32.3426       3900 0.0000e+00
     31.000    18.5044   4.325716    32.3426       3947 0.0000e+00
     30.000    18.5042   4.325660    32.3426       4008 0.0000e+00
     29.000    18.5045   4.325637    32.3425       4034 0.0000e+00
     28.000    18.5061   4.325765    32.3427       4080 0.0000e+00
     27.000    18.5062   4.325669    32.3421       4160 0.0000e+00
     26.000    18.5073   4.325784    32.3425       4183 0.0000e+00
     25.000    18.5099   4.326031    32.3430       4213 0.0000e+00
     24.000    18.5099   4.325985    32.3430       4283 0.0000e+00
     23.000    18.5133   4.326286    32.3431       4339 0.0000e+00
     22.000    18.5146   4.326377    32.3432       4379 0.0000e+00
     21.000    18.5152   4.326403    32.3433       4415 0.0000e+00
     20.000    18.5161   4.326446    32.3433       4492 0.0000e+00
     19.000    18.5152   4.326304    32.3431       4554 0.0000e+00
     18.000    18.5157   4.326299    32.3431       4573 0.0000e+00
     17.000    18.5153   4.326188    32.3428       4592 0.0000e+00
     16.000    18.5151   4.326209    32.3435       6371 0.0000e+00
     15.000    18.5138   4.326017    32.3433       7039 0.0000e+00
     14.000    18.5166   4.326241    32.3433       7248 0.0000e+00
     13.000    18.5175   4.326299    32.3434       7274 0.0000e+00
     12.000    18.5174   4.326251    32.3435       7390 0.0000e+00
     11.000    18.5186   4.326312    32.3433       7436 0.0000e+00
     10.000    18.5183   4.326259    32.3435       7512 0.0000e+00
      9.000    18.5187   4.326234    32.3434       7590 0.0000e+00
      8.000    18.5180   4.326147    32.3435       7649 0.0000e+00
      7.000    18.5177   4.326066    32.3434       7739 0.0000e+00
      6.000    18.5177   4.326024    32.3435       7782 0.0000e+00
      5.000    18.5172   4.325946    32.3435       7869 0.0000e+00
      4.000    18.5167   4.325857    32.3435       7931 0.0000e+00
      3.000    18.5166   4.325817    32.3436       9089 0.0000e+00
