HB2303/ctd028.cnv
* Sea-Bird SBE 9 Data File:
* FileName = C:\cruise\data\ctd028.hex
* Software Version Seasave V 7.26.7.121
* Temperature SN = 6664
* Conductivity SN = 6035
* Number of Bytes Per Scan = 37
* Number of Voltage Words = 4
* Number of Scans Averaged by the Deck Unit = 1
* NMEA Latitude = 43 24.01 N
* NMEA Longitude = 067 41.85 W
* NMEA UTC (Time) = Aug 21 2023  02:16:38
* NMEA baud rate = 4800
** Ship: Bigelow HB2303
** Program:   ECOMON
** Chief Scientist: Audy Peoples
# nquan = 6
# nvalues = 474                         
# units = specified
# name 0 = depSM: Depth [salt water, m]
# name 1 = t090C: Temperature [ITS-90, deg C]
# name 2 = c0S/m: Conductivity [S/m]
# name 3 = sal00: Salinity, Practical [PSU]
# name 4 = scan: Scan Count
# name 5 = flag: flag
# span 0 =      3.000,    240.000       
# span 1 =     7.6825,    18.6699       
# span 2 =   3.396842,   4.282087       
# span 3 =    31.8368,    34.5204       
# span 4 =        343,      22243       
# span 5 = 0.0000e+00, 0.0000e+00       
# interval = meters: 1                  
# start_time = Aug 21 2023 02:16:38 [NMEA time, header]
# bad_flag = -9.990e-29
*END*
      4.000    18.6552   4.281004    31.8620        343 0.0000e+00
      5.000    18.6556   4.281097    31.8621        434 0.0000e+00
      6.000    18.6558   4.281161    31.8621        491 0.0000e+00
      7.000    18.6548   4.281098    31.8621        543 0.0000e+00
      8.000    18.6531   4.280963    31.8619        576 0.0000e+00
      9.000    18.6466   4.280338    31.8614        611 0.0000e+00
     10.000    18.6456   4.280313    31.8616        641 0.0000e+00
     11.000    18.5877   4.274440    31.8570        665 0.0000e+00
     12.000    18.3842   4.255628    31.8573        689 0.0000e+00
     13.000    18.3101   4.248740    31.8567        717 0.0000e+00
     14.000    17.8942   4.210060    31.8545        750 0.0000e+00
     15.000    16.7779   4.111972    31.8946        779 0.0000e+00
     16.000    16.1129   4.055186    31.9307        802 0.0000e+00
     17.000    15.6540   4.014321    31.9395        822 0.0000e+00
     18.000    14.6569   3.932398    32.0183        842 0.0000e+00
     19.000    13.9845   3.877535    32.0737        868 0.0000e+00
     20.000    13.7704   3.858180    32.0733        905 0.0000e+00
     21.000    13.5064   3.836027    32.0886        938 0.0000e+00
     22.000    13.0251   3.795750    32.1171        962 0.0000e+00
     23.000    12.7676   3.774209    32.1318        981 0.0000e+00
     24.000    12.1723   3.725140    32.1725       1000 0.0000e+00
     25.000    11.7144   3.688059    32.2094       1022 0.0000e+00
     26.000    11.5078   3.669878    32.2114       1058 0.0000e+00
     27.000    11.2328   3.646928    32.2261       1096 0.0000e+00
     28.000    10.8013   3.611491    32.2544       1120 0.0000e+00
     29.000    10.5506   3.592697    32.2884       1139 0.0000e+00
     30.000    10.3134   3.573263    32.3038       1157 0.0000e+00
     31.000     9.9131   3.541363    32.3386       1179 0.0000e+00
     32.000     9.4344   3.505494    32.4032       1213 0.0000e+00
     33.000     9.1751   3.485772    32.4347       1250 0.0000e+00
     34.000     8.9465   3.469608    32.4753       1274 0.0000e+00
     35.000     8.7400   3.455682    32.5188       1293 0.0000e+00
     36.000     8.6566   3.449573    32.5311       1313 0.0000e+00
     37.000     8.6532   3.448676    32.5244       1336 0.0000e+00
     38.000     8.6504   3.447812    32.5174       1370 0.0000e+00
     39.000     8.6403   3.446662    32.5143       1405 0.0000e+00
     40.000     8.6196   3.444992    32.5154       1427 0.0000e+00
     41.000     8.5485   3.440300    32.5312       1444 0.0000e+00
     42.000     8.4990   3.437295    32.5448       1464 0.0000e+00
     43.000     8.3733   3.428352    32.5663       1494 0.0000e+00
     44.000     8.2498   3.418484    32.5760       1531 0.0000e+00
     45.000     8.2266   3.419519    32.6080       1556 0.0000e+00
     46.000     8.2223   3.420512    32.6221       1576 0.0000e+00
     47.000     8.2083   3.421331    32.6432       1599 0.0000e+00
     48.000     8.1808   3.420864    32.6634       1630 0.0000e+00
     49.000     8.1666   3.420374    32.6710       1661 0.0000e+00
     50.000     8.1415   3.420872    32.6992       1683 0.0000e+00
     51.000     8.1023   3.419350    32.7191       1704 0.0000e+00
     52.000     8.0948   3.419892    32.7314       1727 0.0000e+00
     53.000     8.0624   3.418080    32.7420       1758 0.0000e+00
     54.000     8.0236   3.415133    32.7464       1791 0.0000e+00
     55.000     8.0019   3.413167    32.7453       1816 0.0000e+00
     56.000     8.0118   3.416292    32.7688       1838 0.0000e+00
     57.000     7.9897   3.415260    32.7781       1860 0.0000e+00
     58.000     7.8559   3.404500    32.7883       1884 0.0000e+00
     59.000     7.7373   3.396842    32.8174       1913 0.0000e+00
     60.000     7.7122   3.397420    32.8468       1946 0.0000e+00
     61.000     7.7345   3.401323    32.8672       1975 0.0000e+00
     62.000     7.7261   3.401312    32.8745       2000 0.0000e+00
     63.000     7.7236   3.401282    32.8760       2023 0.0000e+00
     64.000     7.7187   3.401289    32.8803       2046 0.0000e+00
     65.000     7.7112   3.401839    32.8927       2069 0.0000e+00
     66.000     7.6997   3.403012    32.9157       2095 0.0000e+00
     67.000     7.7073   3.406158    32.9419       2128 0.0000e+00
     68.000     7.7067   3.410005    32.9833       2170 0.0000e+00
     69.000     7.6998   3.412608    33.0172       2195 0.0000e+00
     70.000     7.6923   3.413992    33.0388       2213 0.0000e+00
     71.000     7.6825   3.414052    33.0483       2230 0.0000e+00
     72.000     7.6944   3.415620    33.0533       2249 0.0000e+00
     73.000     7.8333   3.432640    33.1036       2277 0.0000e+00
     74.000     7.8942   3.439635    33.1203       2320 0.0000e+00
     75.000     7.9174   3.442465    33.1280       2354 0.0000e+00
     76.000     7.9197   3.443005    33.1312       2377 0.0000e+00
     77.000     7.8956   3.442466    33.1478       2397 0.0000e+00
     78.000     7.9195   3.447808    33.1816       2418 0.0000e+00
     79.000     8.1445   3.473009    33.2366       2443 0.0000e+00
     80.000     8.2047   3.481077    33.2648       2474 0.0000e+00
     81.000     8.2442   3.485990    33.2790       2505 0.0000e+00
     82.000     8.2920   3.491988    33.2969       2535 0.0000e+00
     83.000     8.2759   3.490573    33.2967       2562 0.0000e+00
     84.000     8.2912   3.493207    33.3096       2586 0.0000e+00
     85.000     8.2234   3.486429    33.3015       2608 0.0000e+00
     86.000     8.1275   3.478931    33.3124       2630 0.0000e+00
     87.000     8.1049   3.478041    33.3239       2657 0.0000e+00
     88.000     7.8142   3.449793    33.2985       2689 0.0000e+00
     89.000     7.6976   3.438289    33.2859       2720 0.0000e+00
     90.000     7.7277   3.442592    33.3029       2746 0.0000e+00
     91.000     7.7426   3.444847    33.3124       2771 0.0000e+00
     92.000     7.7722   3.448910    33.3273       2796 0.0000e+00
     93.000     7.7926   3.451816    33.3384       2825 0.0000e+00
     94.000     7.7833   3.451264    33.3409       2851 0.0000e+00
     95.000     7.8033   3.455169    33.3633       2876 0.0000e+00
     96.000     7.9508   3.472777    33.4103       2900 0.0000e+00
     97.000     8.0336   3.482873    33.4386       2926 0.0000e+00
     98.000     7.9747   3.477193    33.4338       2953 0.0000e+00
     99.000     7.9751   3.478159    33.4432       2981 0.0000e+00
    100.000     7.9562   3.477312    33.4517       3011 0.0000e+00
    101.000     7.9436   3.476434    33.4540       3040 0.0000e+00
    102.000     7.9380   3.476097    33.4552       3065 0.0000e+00
    103.000     7.9279   3.475289    33.4557       3088 0.0000e+00
    104.000     7.9320   3.475877    33.4577       3112 0.0000e+00
    105.000     7.9393   3.477027    33.4625       3137 0.0000e+00
    106.000     7.9456   3.478013    33.4665       3164 0.0000e+00
    107.000     7.9562   3.479749    33.4745       3195 0.0000e+00
    108.000     7.9752   3.483190    33.4926       3222 0.0000e+00
    109.000     8.0013   3.487545    33.5137       3248 0.0000e+00
    110.000     8.0465   3.493569    33.5342       3274 0.0000e+00
    111.000     8.0446   3.494025    33.5405       3302 0.0000e+00
    112.000     8.0088   3.490804    33.5399       3329 0.0000e+00
    113.000     7.9827   3.488589    33.5407       3353 0.0000e+00
    114.000     7.9654   3.487036    33.5403       3376 0.0000e+00
    115.000     7.9540   3.486114    33.5409       3399 0.0000e+00
    116.000     7.9526   3.486114    33.5417       3428 0.0000e+00
    117.000     7.9691   3.489140    33.5577       3465 0.0000e+00
    118.000     8.0029   3.494783    33.5851       3496 0.0000e+00
    119.000     8.0098   3.495792    33.5889       3518 0.0000e+00
    120.000     8.0121   3.496165    33.5902       3539 0.0000e+00
    121.000     8.0177   3.496954    33.5928       3560 0.0000e+00
    122.000     8.0190   3.497165    33.5933       3582 0.0000e+00
    123.000     8.0216   3.497562    33.5945       3611 0.0000e+00
    124.000     8.0261   3.498208    33.5966       3648 0.0000e+00
    125.000     8.0756   3.504708    33.6181       3679 0.0000e+00
    126.000     8.1147   3.510053    33.6370       3703 0.0000e+00
    127.000     8.1765   3.518167    33.6636       3725 0.0000e+00
    128.000     8.2311   3.524748    33.6808       3748 0.0000e+00
    129.000     8.2184   3.524221    33.6869       3777 0.0000e+00
    130.000     8.2248   3.525535    33.6943       3808 0.0000e+00
    131.000     8.2791   3.531696    33.7072       3836 0.0000e+00
    132.000     8.2679   3.530805    33.7080       3860 0.0000e+00
    133.000     8.2461   3.529241    33.7118       3884 0.0000e+00
    134.000     8.2503   3.530473    33.7203       3909 0.0000e+00
    135.000     8.2993   3.536329    33.7350       3937 0.0000e+00
    136.000     8.3314   3.540280    33.7457       3970 0.0000e+00
    137.000     8.3469   3.542397    33.7528       3999 0.0000e+00
    138.000     8.3685   3.545247    33.7619       4020 0.0000e+00
    139.000     8.3972   3.548780    33.7713       4039 0.0000e+00
    140.000     8.3992   3.549544    33.7770       4060 0.0000e+00
    141.000     8.3912   3.549931    33.7883       4102 0.0000e+00
    142.000     8.3948   3.551382    33.7997       4146 0.0000e+00
    143.000     8.3977   3.551832    33.8012       4165 0.0000e+00
    144.000     8.4014   3.552421    33.8034       4181 0.0000e+00
    145.000     8.4023   3.552674    33.8048       4196 0.0000e+00
    146.000     8.4024   3.552990    33.8076       4218 0.0000e+00
    147.000     8.4030   3.553339    33.8102       4258 0.0000e+00
    148.000     8.4160   3.555469    33.8198       4294 0.0000e+00
    149.000     8.4424   3.559468    33.8363       4316 0.0000e+00
    150.000     8.4484   3.561131    33.8477       4338 0.0000e+00
    151.000     8.4494   3.561857    33.8538       4366 0.0000e+00
    152.000     8.4572   3.563369    33.8619       4401 0.0000e+00
    153.000     8.4653   3.565103    33.8720       4427 0.0000e+00
    154.000     8.4955   3.569157    33.8853       4446 0.0000e+00
    155.000     8.5139   3.572052    33.8978       4465 0.0000e+00
    156.000     8.5219   3.573831    33.9084       4488 0.0000e+00
    157.000     8.5328   3.575448    33.9145       4526 0.0000e+00
    158.000     8.5352   3.576765    33.9257       4565 0.0000e+00
    159.000     8.5337   3.578053    33.9403       4589 0.0000e+00
    160.000     8.5455   3.579819    33.9471       4608 0.0000e+00
    161.000     8.5794   3.584341    33.9617       4628 0.0000e+00
    162.000     8.5990   3.587150    33.9720       4652 0.0000e+00
    163.000     8.6240   3.590694    33.9848       4682 0.0000e+00
    164.000     8.6344   3.592332    33.9916       4712 0.0000e+00
    165.000     8.6425   3.593803    33.9989       4738 0.0000e+00
    166.000     8.6477   3.595043    34.0065       4767 0.0000e+00
    167.000     8.6541   3.596486    34.0150       4796 0.0000e+00
    168.000     8.6591   3.598082    34.0265       4821 0.0000e+00
    169.000     8.6618   3.598985    34.0330       4843 0.0000e+00
    170.000     8.6661   3.599881    34.0379       4865 0.0000e+00
    171.000     8.6721   3.601315    34.0467       4891 0.0000e+00
    172.000     8.6756   3.602111    34.0512       4917 0.0000e+00
    173.000     8.6791   3.602867    34.0553       4946 0.0000e+00
    174.000     8.6868   3.604143    34.0608       4977 0.0000e+00
    175.000     8.6913   3.604900    34.0640       5006 0.0000e+00
    176.000     8.7020   3.606446    34.0695       5031 0.0000e+00
    177.000     8.7203   3.608764    34.0758       5053 0.0000e+00
    178.000     8.7258   3.609680    34.0797       5075 0.0000e+00
    179.000     8.7206   3.609439    34.0817       5100 0.0000e+00
    180.000     8.7113   3.608861    34.0841       5136 0.0000e+00
    181.000     8.7192   3.609885    34.0868       5172 0.0000e+00
    182.000     8.7249   3.610674    34.0891       5193 0.0000e+00
    183.000     8.7292   3.611396    34.0920       5211 0.0000e+00
    184.000     8.7348   3.612327    34.0960       5228 0.0000e+00
    185.000     8.7431   3.613525    34.1001       5252 0.0000e+00
    186.000     8.7367   3.613124    34.1016       5295 0.0000e+00
    187.000     8.7278   3.612380    34.1019       5331 0.0000e+00
    188.000     8.7123   3.611010    34.1019       5354 0.0000e+00
    189.000     8.6969   3.609713    34.1026       5374 0.0000e+00
    190.000     8.6950   3.609693    34.1038       5395 0.0000e+00
    191.000     8.6961   3.610252    34.1081       5418 0.0000e+00
    192.000     8.6966   3.610811    34.1131       5442 0.0000e+00
    193.000     8.7057   3.612463    34.1212       5474 0.0000e+00
    194.000     8.7370   3.617343    34.1419       5516 0.0000e+00
    195.000     8.7492   3.619235    34.1495       5547 0.0000e+00
    196.000     8.7431   3.618686    34.1492       5568 0.0000e+00
    197.000     8.7392   3.618387    34.1494       5585 0.0000e+00
    198.000     8.7363   3.618204    34.1498       5602 0.0000e+00
    199.000     8.7396   3.618780    34.1522       5622 0.0000e+00
    200.000     8.7443   3.619455    34.1542       5658 0.0000e+00
    201.000     8.7535   3.620737    34.1584       5708 0.0000e+00
    202.000     8.7625   3.622030    34.1628       5731 0.0000e+00
    203.000     8.7673   3.622822    34.1661       5749 0.0000e+00
    204.000     8.7542   3.622263    34.1723       5765 0.0000e+00
    205.000     8.7552   3.623299    34.1817       5784 0.0000e+00
    206.000     8.7735   3.626169    34.1938       5816 0.0000e+00
    207.000     8.7936   3.629123    34.2049       5865 0.0000e+00
    208.000     8.8004   3.630367    34.2110       5890 0.0000e+00
    209.000     8.8055   3.631539    34.2178       5909 0.0000e+00
    210.000     8.8179   3.633841    34.2296       5926 0.0000e+00
    211.000     8.8434   3.637469    34.2426       5946 0.0000e+00
    212.000     8.8630   3.640198    34.2518       5973 0.0000e+00
    213.000     8.8786   3.642500    34.2604       6014 0.0000e+00
    214.000     8.8859   3.644372    34.2725       6048 0.0000e+00
    215.000     8.8952   3.646349    34.2838       6073 0.0000e+00
    216.000     8.8984   3.647011    34.2871       6096 0.0000e+00
    217.000     8.9044   3.648288    34.2943       6117 0.0000e+00
    218.000     8.9049   3.648561    34.2961       6137 0.0000e+00
    219.000     8.9041   3.648857    34.2996       6158 0.0000e+00
    220.000     8.9056   3.649399    34.3033       6193 0.0000e+00
    221.000     8.9070   3.649971    34.3075       6243 0.0000e+00
    222.000     8.9097   3.650776    34.3128       6265 0.0000e+00
    223.000     8.9124   3.651665    34.3191       6280 0.0000e+00
    224.000     8.9301   3.655404    34.3407       6295 0.0000e+00
    225.000     8.9528   3.659861    34.3649       6312 0.0000e+00
    226.000     8.9588   3.661086    34.3714       6356 0.0000e+00
    227.000     8.9715   3.664052    34.3897       6404 0.0000e+00
    228.000     8.9801   3.666225    34.4036       6422 0.0000e+00
    229.000     8.9891   3.668470    34.4179       6438 0.0000e+00
    230.000     9.0060   3.672666    34.4450       6456 0.0000e+00
    231.000     9.0244   3.677328    34.4754       6484 0.0000e+00
    232.000     9.0359   3.680614    34.4981       6523 0.0000e+00
    233.000     9.0399   3.681792    34.5061       6550 0.0000e+00
    234.000     9.0424   3.682539    34.5110       6573 0.0000e+00
    235.000     9.0437   3.682999    34.5140       6595 0.0000e+00
    236.000     9.0448   3.683345    34.5161       6622 0.0000e+00
    237.000     9.0455   3.683601    34.5176       6652 0.0000e+00
    238.000     9.0459   3.683754    34.5184       6681 0.0000e+00
    239.000     9.0457   3.683753    34.5181       6746 0.0000e+00
    240.000     9.0468   3.684114    34.5204       7715 0.0000e+00
    239.000     9.0466   3.684050    34.5203       9188 0.0000e+00
