HB2303/ctd034.cnv
* Sea-Bird SBE 9 Data File:
* FileName = C:\cruise\data\ctd034.hex
* Software Version Seasave V 7.26.7.121
* Temperature SN = 6664
* Conductivity SN = 6035
* Number of Bytes Per Scan = 37
* Number of Voltage Words = 4
* Number of Scans Averaged by the Deck Unit = 1
* NMEA Latitude = 42 30.07 N
* NMEA Longitude = 069 40.31 W
* NMEA UTC (Time) = Aug 22 2023  18:32:29
* NMEA baud rate = 4800
** Ship: Bigelow HB2303
** Program:   ECOMON
** Chief Scientist: Audy Peoples
# nquan = 6
# nvalues = 506                         
# units = specified
# name 0 = depSM: Depth [salt water, m]
# name 1 = t090C: Temperature [ITS-90, deg C]
# name 2 = c0S/m: Conductivity [S/m]
# name 3 = sal00: Salinity, Practical [PSU]
# name 4 = scan: Scan Count
# name 5 = flag: flag
# span 0 =      1.000,    255.000       
# span 1 =     6.8782,    20.7085       
# span 2 =   3.324166,   4.361679       
# span 3 =    30.9130,    34.2544       
# span 4 =        473,      23426       
# span 5 = 0.0000e+00, 0.0000e+00       
# interval = meters: 1                  
# start_time = Aug 22 2023 18:32:29 [NMEA time, header]
# bad_flag = -9.990e-29
*END*
      4.000    20.6386   4.355975    30.9841        473 0.0000e+00
      5.000    20.6409   4.356325    30.9848        736 0.0000e+00
      6.000    20.6457   4.356782    30.9846        762 0.0000e+00
      7.000    20.6437   4.356602    30.9843        790 0.0000e+00
      8.000    20.5810   4.351157    30.9864        817 0.0000e+00
      9.000    20.5448   4.347981    30.9873        842 0.0000e+00
     10.000    20.5137   4.344960    30.9855        867 0.0000e+00
     11.000    20.5051   4.344025    30.9841        894 0.0000e+00
     12.000    20.4900   4.342467    30.9824        922 0.0000e+00
     13.000    20.3786   4.332630    30.9850        950 0.0000e+00
     14.000    20.0164   4.303973    31.0207        979 0.0000e+00
     15.000    16.9864   4.083744    31.4881       1006 0.0000e+00
     16.000    15.3661   3.963099    31.7171       1028 0.0000e+00
     17.000    14.6321   3.904802    31.7889       1048 0.0000e+00
     18.000    13.9941   3.852579    31.8363       1076 0.0000e+00
     19.000    13.3079   3.797265    31.8942       1114 0.0000e+00
     20.000    12.9040   3.765274    31.9329       1140 0.0000e+00
     21.000    12.3259   3.718427    31.9778       1159 0.0000e+00
     22.000    11.4937   3.651769    32.0486       1178 0.0000e+00
     23.000    11.0862   3.620876    32.0995       1210 0.0000e+00
     24.000    10.9506   3.610141    32.1117       1254 0.0000e+00
     25.000    10.9090   3.607204    32.1186       1274 0.0000e+00
     26.000    10.8454   3.602026    32.1227       1290 0.0000e+00
     27.000    10.6025   3.583390    32.1505       1307 0.0000e+00
     28.000    10.4127   3.568620    32.1700       1343 0.0000e+00
     29.000    10.2175   3.552158    32.1772       1386 0.0000e+00
     30.000    10.0812   3.543391    32.2095       1406 0.0000e+00
     31.000     9.8732   3.526689    32.2254       1423 0.0000e+00
     32.000     9.6217   3.505642    32.2358       1443 0.0000e+00
     33.000     9.3676   3.484980    32.2523       1469 0.0000e+00
     34.000     9.2794   3.477445    32.2540       1505 0.0000e+00
     35.000     9.1585   3.467619    32.2614       1537 0.0000e+00
     36.000     9.0643   3.459813    32.2655       1561 0.0000e+00
     37.000     8.8120   3.439937    32.2878       1583 0.0000e+00
     38.000     8.6807   3.430043    32.3039       1605 0.0000e+00
     39.000     8.6157   3.425215    32.3123       1632 0.0000e+00
     40.000     8.5215   3.418353    32.3261       1663 0.0000e+00
     41.000     8.3824   3.407946    32.3437       1693 0.0000e+00
     42.000     8.2994   3.402214    32.3591       1716 0.0000e+00
     43.000     8.1842   3.392957    32.3669       1736 0.0000e+00
     44.000     7.9632   3.375271    32.3829       1761 0.0000e+00
     45.000     7.8164   3.365084    32.4100       1798 0.0000e+00
     46.000     7.6975   3.357100    32.4347       1827 0.0000e+00
     47.000     7.6666   3.356066    32.4519       1846 0.0000e+00
     48.000     7.6380   3.353953    32.4555       1866 0.0000e+00
     49.000     7.6026   3.351154    32.4580       1896 0.0000e+00
     50.000     7.5767   3.349409    32.4629       1932 0.0000e+00
     51.000     7.5579   3.348338    32.4685       1955 0.0000e+00
     52.000     7.4692   3.341235    32.4745       1976 0.0000e+00
     53.000     7.3972   3.335600    32.4807       2004 0.0000e+00
     54.000     7.3616   3.333061    32.4862       2037 0.0000e+00
     55.000     7.3293   3.330766    32.4911       2061 0.0000e+00
     56.000     7.3228   3.330300    32.4917       2084 0.0000e+00
     57.000     7.2839   3.328342    32.5066       2109 0.0000e+00
     58.000     7.2585   3.326880    32.5142       2139 0.0000e+00
     59.000     7.2510   3.326785    32.5197       2167 0.0000e+00
     60.000     7.2499   3.327879    32.5322       2191 0.0000e+00
     61.000     7.2866   3.333415    32.5571       2214 0.0000e+00
     62.000     7.3318   3.339066    32.5753       2242 0.0000e+00
     63.000     7.3932   3.346501    32.5975       2276 0.0000e+00
     64.000     7.3750   3.345941    32.6080       2302 0.0000e+00
     65.000     7.3394   3.343914    32.6192       2324 0.0000e+00
     66.000     7.2623   3.338157    32.6291       2347 0.0000e+00
     67.000     7.2527   3.337950    32.6354       2376 0.0000e+00
     68.000     7.2491   3.338287    32.6419       2409 0.0000e+00
     69.000     7.2781   3.342483    32.6595       2437 0.0000e+00
     70.000     7.2900   3.343815    32.6623       2461 0.0000e+00
     71.000     7.2970   3.344745    32.6653       2484 0.0000e+00
     72.000     7.2971   3.345066    32.6682       2508 0.0000e+00
     73.000     7.2973   3.345572    32.6730       2537 0.0000e+00
     74.000     7.2968   3.345936    32.6769       2569 0.0000e+00
     75.000     7.2996   3.348530    32.7020       2595 0.0000e+00
     76.000     7.2128   3.342033    32.7131       2618 0.0000e+00
     77.000     7.1847   3.340093    32.7182       2646 0.0000e+00
     78.000     7.1391   3.336784    32.7249       2677 0.0000e+00
     79.000     7.0810   3.333004    32.7384       2703 0.0000e+00
     80.000     7.0698   3.332962    32.7481       2727 0.0000e+00
     81.000     7.0656   3.333061    32.7527       2751 0.0000e+00
     82.000     7.0634   3.333623    32.7605       2778 0.0000e+00
     83.000     7.0446   3.335342    32.7966       2810 0.0000e+00
     84.000     7.0365   3.337118    32.8232       2838 0.0000e+00
     85.000     7.0261   3.336745    32.8285       2862 0.0000e+00
     86.000     7.0303   3.338231    32.8402       2888 0.0000e+00
     87.000     6.9961   3.336399    32.8524       2914 0.0000e+00
     88.000     6.9552   3.333895    32.8635       2939 0.0000e+00
     89.000     6.9045   3.330005    32.8690       2964 0.0000e+00
     90.000     6.8903   3.329248    32.8738       2995 0.0000e+00
     91.000     6.9483   3.335389    32.8850       3027 0.0000e+00
     92.000     6.9779   3.338501    32.8903       3051 0.0000e+00
     93.000     7.0008   3.340981    32.8951       3072 0.0000e+00
     94.000     7.0184   3.343429    32.9045       3095 0.0000e+00
     95.000     6.9599   3.338191    32.9027       3130 0.0000e+00
     96.000     6.9286   3.335909    32.9072       3163 0.0000e+00
     97.000     6.9855   3.342316    32.9224       3184 0.0000e+00
     98.000     7.0233   3.346319    32.9295       3204 0.0000e+00
     99.000     7.0585   3.350392    32.9399       3228 0.0000e+00
    100.000     7.0624   3.351645    32.9493       3265 0.0000e+00
    101.000     7.0693   3.353731    32.9650       3296 0.0000e+00
    102.000     7.0389   3.351146    32.9653       3318 0.0000e+00
    103.000     6.9835   3.345870    32.9603       3339 0.0000e+00
    104.000     6.9318   3.341579    32.9624       3363 0.0000e+00
    105.000     6.9429   3.343676    32.9742       3400 0.0000e+00
    106.000     7.0424   3.355546    33.0081       3429 0.0000e+00
    107.000     7.1362   3.366033    33.0322       3451 0.0000e+00
    108.000     7.1131   3.364572    33.0379       3472 0.0000e+00
    109.000     7.0730   3.361296    33.0401       3499 0.0000e+00
    110.000     7.0882   3.363389    33.0478       3533 0.0000e+00
    111.000     7.0547   3.360679    33.0499       3562 0.0000e+00
    112.000     7.0506   3.361702    33.0645       3583 0.0000e+00
    113.000     7.1029   3.368654    33.0897       3603 0.0000e+00
    114.000     7.1347   3.373464    33.1112       3633 0.0000e+00
    115.000     7.1318   3.374702    33.1270       3671 0.0000e+00
    116.000     7.1604   3.379754    33.1541       3696 0.0000e+00
    117.000     7.1750   3.382524    33.1698       3716 0.0000e+00
    118.000     7.2033   3.387216    33.1932       3738 0.0000e+00
    119.000     7.2320   3.391922    33.2163       3776 0.0000e+00
    120.000     7.2553   3.395560    33.2330       3807 0.0000e+00
    121.000     7.2805   3.399389    33.2498       3825 0.0000e+00
    122.000     7.2945   3.401461    33.2584       3842 0.0000e+00
    123.000     7.3045   3.403048    33.2656       3870 0.0000e+00
    124.000     7.3180   3.405043    33.2738       3916 0.0000e+00
    125.000     7.3239   3.405967    33.2776       3939 0.0000e+00
    126.000     7.3398   3.408654    33.2910       3956 0.0000e+00
    127.000     7.3656   3.412561    33.3081       3976 0.0000e+00
    128.000     7.3719   3.413612    33.3130       4014 0.0000e+00
    129.000     7.3731   3.414032    33.3159       4050 0.0000e+00
    130.000     7.3745   3.414363    33.3176       4070 0.0000e+00
    131.000     7.3754   3.414583    33.3187       4088 0.0000e+00
    132.000     7.3817   3.415646    33.3237       4110 0.0000e+00
    133.000     7.3865   3.416459    33.3274       4144 0.0000e+00
    134.000     7.3992   3.418504    33.3369       4179 0.0000e+00
    135.000     7.4263   3.422710    33.3559       4203 0.0000e+00
    136.000     7.4484   3.426053    33.3703       4224 0.0000e+00
    137.000     7.4742   3.430004    33.3877       4244 0.0000e+00
    138.000     7.4942   3.433068    33.4011       4275 0.0000e+00
    139.000     7.5066   3.434911    33.4087       4316 0.0000e+00
    140.000     7.5157   3.436420    33.4157       4339 0.0000e+00
    141.000     7.5388   3.439960    33.4313       4357 0.0000e+00
    142.000     7.5510   3.441721    33.4381       4376 0.0000e+00
    143.000     7.5712   3.444825    33.4517       4409 0.0000e+00
    144.000     7.5894   3.447680    33.4645       4454 0.0000e+00
    145.000     7.6174   3.451771    33.4812       4477 0.0000e+00
    146.000     7.6498   3.456658    33.5022       4493 0.0000e+00
    147.000     7.6721   3.459917    33.5153       4511 0.0000e+00
    148.000     7.6983   3.464072    33.5343       4542 0.0000e+00
    149.000     7.7152   3.466574    33.5445       4583 0.0000e+00
    150.000     7.7298   3.468719    33.5530       4606 0.0000e+00
    151.000     7.7637   3.474072    33.5775       4624 0.0000e+00
    152.000     7.7965   3.479014    33.5985       4645 0.0000e+00
    153.000     7.8216   3.483023    33.6168       4681 0.0000e+00
    154.000     7.8742   3.491146    33.6528       4721 0.0000e+00
    155.000     7.8883   3.493410    33.6630       4742 0.0000e+00
    156.000     7.8986   3.495131    33.6711       4759 0.0000e+00
    157.000     7.9117   3.497328    33.6815       4779 0.0000e+00
    158.000     7.9394   3.501893    33.7032       4813 0.0000e+00
    159.000     7.9525   3.504173    33.7145       4849 0.0000e+00
    160.000     7.9788   3.508453    33.7344       4872 0.0000e+00
    161.000     7.9966   3.510892    33.7429       4895 0.0000e+00
    162.000     8.0032   3.511937    33.7472       4920 0.0000e+00
    163.000     8.0382   3.517038    33.7675       4952 0.0000e+00
    164.000     8.0649   3.520976    33.7833       4985 0.0000e+00
    165.000     8.0751   3.522919    33.7938       5008 0.0000e+00
    166.000     8.0860   3.524425    33.7989       5028 0.0000e+00
    167.000     8.1007   3.526811    33.8097       5053 0.0000e+00
    168.000     8.1384   3.532809    33.8367       5085 0.0000e+00
    169.000     8.1600   3.536321    33.8528       5114 0.0000e+00
    170.000     8.1724   3.538410    33.8626       5137 0.0000e+00
    171.000     8.1927   3.541920    33.8799       5160 0.0000e+00
    172.000     8.2232   3.547371    33.9080       5191 0.0000e+00
    173.000     8.2310   3.548793    33.9151       5226 0.0000e+00
    174.000     8.2325   3.549115    33.9167       5252 0.0000e+00
    175.000     8.2401   3.550574    33.9243       5273 0.0000e+00
    176.000     8.2418   3.551638    33.9336       5295 0.0000e+00
    177.000     8.2484   3.553299    33.9443       5323 0.0000e+00
    178.000     8.2704   3.556522    33.9569       5356 0.0000e+00
    179.000     8.2746   3.557170    33.9592       5385 0.0000e+00
    180.000     8.2810   3.558311    33.9647       5410 0.0000e+00
    181.000     8.3130   3.563478    33.9881       5434 0.0000e+00
    182.000     8.3406   3.567993    34.0090       5459 0.0000e+00
    183.000     8.3512   3.569772    34.0171       5489 0.0000e+00
    184.000     8.3552   3.570500    34.0205       5519 0.0000e+00
    185.000     8.3598   3.571354    34.0246       5543 0.0000e+00
    186.000     8.3770   3.574195    34.0376       5566 0.0000e+00
    187.000     8.3918   3.576600    34.0484       5596 0.0000e+00
    188.000     8.4065   3.579069    34.0598       5629 0.0000e+00
    189.000     8.4162   3.580663    34.0668       5655 0.0000e+00
    190.000     8.4182   3.581066    34.0687       5677 0.0000e+00
    191.000     8.4203   3.581533    34.0712       5700 0.0000e+00
    192.000     8.4236   3.582213    34.0747       5732 0.0000e+00
    193.000     8.4287   3.583169    34.0795       5765 0.0000e+00
    194.000     8.4334   3.583948    34.0827       5790 0.0000e+00
    195.000     8.4396   3.584926    34.0866       5812 0.0000e+00
    196.000     8.4505   3.586732    34.0946       5836 0.0000e+00
    197.000     8.4682   3.589608    34.1074       5866 0.0000e+00
    198.000     8.4729   3.590465    34.1115       5896 0.0000e+00
    199.000     8.4773   3.591252    34.1152       5923 0.0000e+00
    200.000     8.4817   3.592125    34.1196       5948 0.0000e+00
    201.000     8.4861   3.592902    34.1231       5973 0.0000e+00
    202.000     8.4960   3.594603    34.1310       6003 0.0000e+00
    203.000     8.5064   3.596253    34.1380       6034 0.0000e+00
    204.000     8.5207   3.598637    34.1489       6059 0.0000e+00
    205.000     8.5277   3.599887    34.1548       6081 0.0000e+00
    206.000     8.5376   3.601377    34.1605       6106 0.0000e+00
    207.000     8.5450   3.602873    34.1687       6139 0.0000e+00
    208.000     8.5522   3.604332    34.1767       6170 0.0000e+00
    209.000     8.5665   3.606641    34.1867       6193 0.0000e+00
    210.000     8.5800   3.608739    34.1953       6215 0.0000e+00
    211.000     8.5831   3.609402    34.1988       6244 0.0000e+00
    212.000     8.5866   3.610105    34.2024       6275 0.0000e+00
    213.000     8.5933   3.611113    34.2061       6301 0.0000e+00
    214.000     8.6015   3.612374    34.2110       6325 0.0000e+00
    215.000     8.6042   3.612908    34.2136       6350 0.0000e+00
    216.000     8.6061   3.613332    34.2157       6384 0.0000e+00
    217.000     8.6087   3.613797    34.2176       6417 0.0000e+00
    218.000     8.6104   3.614159    34.2193       6441 0.0000e+00
    219.000     8.6113   3.614354    34.2200       6461 0.0000e+00
    220.000     8.6128   3.614697    34.2217       6481 0.0000e+00
    221.000     8.6133   3.615006    34.2240       6509 0.0000e+00
    222.000     8.6144   3.615509    34.2278       6549 0.0000e+00
    223.000     8.6163   3.615996    34.2306       6578 0.0000e+00
    224.000     8.6181   3.616408    34.2327       6599 0.0000e+00
    225.000     8.6195   3.616733    34.2344       6619 0.0000e+00
    226.000     8.6202   3.616971    34.2356       6646 0.0000e+00
    227.000     8.6211   3.617204    34.2368       6684 0.0000e+00
    228.000     8.6216   3.617321    34.2371       6712 0.0000e+00
    229.000     8.6222   3.617458    34.2375       6733 0.0000e+00
    230.000     8.6224   3.617541    34.2377       6754 0.0000e+00
    231.000     8.6224   3.617603    34.2379       6782 0.0000e+00
    232.000     8.6226   3.617689    34.2381       6817 0.0000e+00
    233.000     8.6230   3.617767    34.2380       6846 0.0000e+00
    234.000     8.6232   3.617829    34.2380       6870 0.0000e+00
    235.000     8.6233   3.617894    34.2381       6892 0.0000e+00
    236.000     8.6234   3.617943    34.2381       6916 0.0000e+00
    237.000     8.6233   3.617991    34.2382       6950 0.0000e+00
    238.000     8.6236   3.618053    34.2382       6985 0.0000e+00
    239.000     8.6239   3.618127    34.2382       7008 0.0000e+00
    240.000     8.6239   3.618181    34.2382       7026 0.0000e+00
    241.000     8.6239   3.618222    34.2383       7049 0.0000e+00
