HB2303/ctd006.cnv
* Sea-Bird SBE 9 Data File:
* FileName = C:\cruise\data\ctd006.hex
* Software Version Seasave V 7.26.7.121
* Temperature SN = 6664
* Conductivity SN = 6035
* Number of Bytes Per Scan = 37
* Number of Voltage Words = 4
* Number of Scans Averaged by the Deck Unit = 1
* NMEA Latitude = 35 59.71 N
* NMEA Longitude = 074 46.71 W
* NMEA UTC (Time) = Aug 12 2023  03:47:43
* NMEA baud rate = 4800
** Ship: Bigelow HB2303
** Program:   ECOMON
** Chief Scientist: Audy Peoples
# nquan = 6
# nvalues = 800                         
# units = specified
# name 0 = depSM: Depth [salt water, m]
# name 1 = t090C: Temperature [ITS-90, deg C]
# name 2 = c0S/m: Conductivity [S/m]
# name 3 = sal00: Salinity, Practical [PSU]
# name 4 = scan: Scan Count
# name 5 = flag: flag
# span 0 =      2.000,    402.000       
# span 1 =     7.0216,    27.4088       
# span 2 =   3.558083,   5.519967       
# span 3 =    34.6779,    36.1426       
# span 4 =        418,      29768       
# span 5 = 0.0000e+00, 0.0000e+00       
# interval = meters: 1                  
# start_time = Aug 12 2023 03:47:43 [NMEA time, header]
# bad_flag = -9.990e-29
*END*
[from data line 239]
    242.000     9.7331   3.821640    35.2769       7115 0.0000e+00
    243.000     9.6513   3.813095    35.2685       7143 0.0000e+00
    244.000     9.5915   3.806816    35.2618       7172 0.0000e+00
    245.000     9.5185   3.799003    35.2522       7197 0.0000e+00
    246.000     9.4599   3.792706    35.2441       7222 0.0000e+00
    247.000     9.3995   3.786433    35.2380       7250 0.0000e+00
    248.000     9.3465   3.780907    35.2322       7281 0.0000e+00
    249.000     9.2806   3.773986    35.2246       7311 0.0000e+00
    250.000     9.2299   3.769015    35.2223       7334 0.0000e+00
    251.000     9.2296   3.768990    35.2219       7355 0.0000e+00
    252.000     9.2181   3.767804    35.2204       7376 0.0000e+00
    253.000     9.2073   3.766745    35.2196       7401 0.0000e+00
    254.000     9.1936   3.765360    35.2181       7436 0.0000e+00
    255.000     9.1753   3.763540    35.2167       7470 0.0000e+00
    256.000     9.1646   3.762487    35.2158       7495 0.0000e+00
    257.000     9.1346   3.759530    35.2141       7518 0.0000e+00
    258.000     9.1174   3.757849    35.2130       7544 0.0000e+00
    259.000     9.1064   3.756794    35.2123       7575 0.0000e+00
    260.000     9.0907   3.755561    35.2145       7605 0.0000e+00
    261.000     9.0976   3.756770    35.2199       7631 0.0000e+00
    262.000     9.0954   3.756576    35.2194       7654 0.0000e+00
    263.000     9.0773   3.754865    35.2190       7678 0.0000e+00
    264.000     9.0691   3.754097    35.2186       7704 0.0000e+00
    265.000     9.0596   3.753253    35.2187       7729 0.0000e+00
    266.000     9.0586   3.753187    35.2185       7754 0.0000e+00
    267.000     9.0585   3.753185    35.2181       7782 0.0000e+00
    268.000     9.0582   3.753174    35.2178       7818 0.0000e+00
    269.000     9.0576   3.753149    35.2176       7852 0.0000e+00
    270.000     9.0570   3.753129    35.2176       7876 0.0000e+00
    271.000     9.0548   3.752974    35.2176       7896 0.0000e+00
    272.000     9.0540   3.752954    35.2177       7918 0.0000e+00
    273.000     9.0557   3.753151    35.2176       7944 0.0000e+00
    274.000     9.0521   3.752824    35.2173       7977 0.0000e+00
    275.000     9.0510   3.752757    35.2173       8006 0.0000e+00
    276.000     9.0391   3.751634    35.2168       8029 0.0000e+00
    277.000     9.0330   3.751131    35.2170       8052 0.0000e+00
    278.000     9.0340   3.751246    35.2168       8079 0.0000e+00
    279.000     9.0331   3.751188    35.2166       8111 0.0000e+00
    280.000     9.0338   3.751279    35.2164       8141 0.0000e+00
    281.000     9.0266   3.750638    35.2163       8167 0.0000e+00
    282.000     9.0281   3.750826    35.2163       8191 0.0000e+00
    283.000     9.0234   3.750375    35.2158       8215 0.0000e+00
    284.000     8.9817   3.746363    35.2145       8242 0.0000e+00
    285.000     8.9430   3.742502    35.2118       8271 0.0000e+00
    286.000     8.8546   3.733798    35.2074       8298 0.0000e+00
    287.000     8.8248   3.730782    35.2048       8323 0.0000e+00
    288.000     8.8126   3.729579    35.2037       8349 0.0000e+00
    289.000     8.7885   3.727085    35.2009       8379 0.0000e+00
    290.000     8.7760   3.725823    35.1995       8407 0.0000e+00
    291.000     8.7702   3.725233    35.1986       8433 0.0000e+00
    292.000     8.7646   3.724690    35.1980       8460 0.0000e+00
    293.000     8.7562   3.723856    35.1970       8489 0.0000e+00
    294.000     8.7492   3.723176    35.1963       8516 0.0000e+00
    295.000     8.7298   3.721122    35.1934       8540 0.0000e+00
    296.000     8.7016   3.718384    35.1920       8562 0.0000e+00
    297.000     8.6623   3.714330    35.1878       8585 0.0000e+00
    298.000     8.6203   3.710079    35.1841       8612 0.0000e+00
    299.000     8.5834   3.706150    35.1788       8644 0.0000e+00
    300.000     8.5594   3.703928    35.1786       8678 0.0000e+00
    301.000     8.5310   3.701177    35.1772       8706 0.0000e+00
    302.000     8.5001   3.698285    35.1768       8731 0.0000e+00
    303.000     8.4950   3.697773    35.1761       8755 0.0000e+00
    304.000     8.4809   3.696458    35.1757       8780 0.0000e+00
    305.000     8.4599   3.694448    35.1748       8808 0.0000e+00
    306.000     8.4267   3.691408    35.1750       8838 0.0000e+00
    307.000     8.4151   3.690292    35.1743       8865 0.0000e+00
    308.000     8.4135   3.690133    35.1737       8889 0.0000e+00
    309.000     8.4096   3.689777    35.1734       8913 0.0000e+00
    310.000     8.3895   3.687837    35.1723       8940 0.0000e+00
    311.000     8.3118   3.680306    35.1691       8973 0.0000e+00
    312.000     8.3003   3.679232    35.1687       9007 0.0000e+00
    313.000     8.3013   3.679349    35.1685       9035 0.0000e+00
    314.000     8.3214   3.681326    35.1690       9058 0.0000e+00
    315.000     8.3247   3.681635    35.1685       9079 0.0000e+00
    316.000     8.3055   3.679824    35.1679       9105 0.0000e+00
    317.000     8.2956   3.678871    35.1672       9138 0.0000e+00
    318.000     8.2935   3.678676    35.1667       9172 0.0000e+00
    319.000     8.2902   3.678388    35.1664       9198 0.0000e+00
    320.000     8.2903   3.678419    35.1662       9219 0.0000e+00
    321.000     8.2887   3.678307    35.1661       9242 0.0000e+00
    322.000     8.2880   3.678267    35.1659       9268 0.0000e+00
    323.000     8.2865   3.678142    35.1656       9297 0.0000e+00
    324.000     8.2840   3.677953    35.1656       9328 0.0000e+00
    325.000     8.2834   3.677931    35.1654       9360 0.0000e+00
    326.000     8.2833   3.677955    35.1653       9390 0.0000e+00
    327.000     8.2831   3.677969    35.1652       9416 0.0000e+00
    328.000     8.2834   3.678031    35.1651       9439 0.0000e+00
    329.000     8.2797   3.677716    35.1649       9463 0.0000e+00
    330.000     8.2785   3.677625    35.1646       9489 0.0000e+00
    331.000     8.2588   3.675776    35.1642       9518 0.0000e+00
    332.000     8.2446   3.674432    35.1635       9548 0.0000e+00
    333.000     8.2266   3.672733    35.1629       9574 0.0000e+00
    334.000     8.2266   3.672760    35.1627       9598 0.0000e+00
    335.000     8.2272   3.672827    35.1623       9625 0.0000e+00
    336.000     8.2186   3.672031    35.1619       9659 0.0000e+00
    337.000     8.2045   3.670689    35.1612       9692 0.0000e+00
    338.000     8.1974   3.670075    35.1613       9717 0.0000e+00
    339.000     8.2027   3.670584    35.1610       9739 0.0000e+00
    340.000     8.1947   3.669867    35.1608       9761 0.0000e+00
    341.000     8.2061   3.670980    35.1608       9787 0.0000e+00
    342.000     8.1879   3.669195    35.1594       9820 0.0000e+00
    343.000     8.1216   3.662901    35.1580       9850 0.0000e+00
    344.000     8.1194   3.662722    35.1578       9875 0.0000e+00
    345.000     8.1037   3.661160    35.1563       9898 0.0000e+00
    346.000     8.0872   3.659622    35.1559       9924 0.0000e+00
    347.000     8.0632   3.657335    35.1549       9955 0.0000e+00
    348.000     8.0514   3.656176    35.1539       9989 0.0000e+00
    349.000     7.9773   3.649076    35.1514      10018 0.0000e+00
    350.000     7.9439   3.645817    35.1494      10042 0.0000e+00
    351.000     7.8477   3.636567    35.1460      10066 0.0000e+00
    352.000     7.7753   3.629680    35.1440      10090 0.0000e+00
    353.000     7.6739   3.619955    35.1406      10117 0.0000e+00
    354.000     7.5825   3.611183    35.1372      10146 0.0000e+00
    355.000     7.5591   3.608880    35.1353      10175 0.0000e+00
    356.000     7.5443   3.607333    35.1331      10201 0.0000e+00
    357.000     7.5174   3.604780    35.1320      10225 0.0000e+00
    358.000     7.4811   3.601258    35.1299      10251 0.0000e+00
    359.000     7.4485   3.598134    35.1283      10282 0.0000e+00
    360.000     7.4093   3.594318    35.1259      10316 0.0000e+00
    361.000     7.3589   3.589549    35.1245      10344 0.0000e+00
    362.000     7.3415   3.587890    35.1235      10370 0.0000e+00
    363.000     7.3332   3.587086    35.1226      10394 0.0000e+00
    364.000     7.3209   3.585895    35.1217      10417 0.0000e+00
    365.000     7.3170   3.585537    35.1211      10440 0.0000e+00
    366.000     7.3156   3.585385    35.1204      10469 0.0000e+00
    367.000     7.3132   3.585145    35.1197      10503 0.0000e+00
    368.000     7.3142   3.585269    35.1196      10534 0.0000e+00
    369.000     7.3153   3.585393    35.1193      10558 0.0000e+00
    370.000     7.3032   3.584217    35.1182      10578 0.0000e+00
    371.000     7.2749   3.581594    35.1178      10601 0.0000e+00
    372.000     7.2480   3.579062    35.1168      10633 0.0000e+00
    373.000     7.2132   3.575659    35.1145      10671 0.0000e+00
    374.000     7.1815   3.572742    35.1142      10701 0.0000e+00
    375.000     7.1738   3.572038    35.1138      10724 0.0000e+00
    376.000     7.1728   3.571942    35.1132      10746 0.0000e+00
    377.000     7.1757   3.572218    35.1128      10770 0.0000e+00
    378.000     7.1727   3.571939    35.1123      10797 0.0000e+00
    379.000     7.1708   3.571777    35.1120      10827 0.0000e+00
    380.000     7.1654   3.571300    35.1118      10854 0.0000e+00
    381.000     7.1636   3.571152    35.1115      10879 0.0000e+00
    382.000     7.1588   3.570718    35.1111      10904 0.0000e+00
    383.000     7.1476   3.569668    35.1105      10934 0.0000e+00
    384.000     7.1368   3.568691    35.1102      10967 0.0000e+00
    385.000     7.1397   3.568996    35.1101      10996 0.0000e+00
    386.000     7.1419   3.569217    35.1098      11020 0.0000e+00
    387.000     7.1334   3.568427    35.1093      11044 0.0000e+00
    388.000     7.0955   3.564913    35.1087      11070 0.0000e+00
    389.000     7.0920   3.564582    35.1082      11098 0.0000e+00
    390.000     7.0902   3.564408    35.1075      11126 0.0000e+00
    391.000     7.0847   3.563948    35.1076      11151 0.0000e+00
    392.000     7.0791   3.563428    35.1071      11176 0.0000e+00
    393.000     7.0700   3.562599    35.1067      11204 0.0000e+00
    394.000     7.0694   3.562556    35.1064      11239 0.0000e+00
    395.000     7.0696   3.562600    35.1062      11270 0.0000e+00
    396.000     7.0647   3.562182    35.1061      11295 0.0000e+00
    397.000     7.0596   3.561711    35.1056      11316 0.0000e+00
    398.000     7.0420   3.560106    35.1054      11336 0.0000e+00
    399.000     7.0372   3.559689    35.1051      11359 0.0000e+00
    400.000     7.0311   3.559088    35.1042      11475 0.0000e+00
    401.000     7.0216   3.558083    35.1023      12908 0.0000e+00
    402.000     7.0237   3.558314    35.1022      13866 0.0000e+00
    401.000     7.0260   3.558493    35.1024      13891 0.0000e+00
    400.000     7.0438   3.560112    35.1026      14100 0.0000e+00
    399.000     7.0434   3.560048    35.1028      14119 0.0000e+00
    398.000     7.0479   3.560442    35.1031      14143 0.0000e+00
    397.000     7.0549   3.561041    35.1030      14165 0.0000e+00
    396.000     7.0574   3.561252    35.1032      14191 0.0000e+00
    395.000     7.0605   3.561503    35.1034      14222 0.0000e+00
    394.000     7.0643   3.561822    35.1035      14253 0.0000e+00
    393.000     7.0661   3.561939    35.1035      14279 0.0000e+00
    392.000     7.0668   3.561973    35.1036      14300 0.0000e+00
    391.000     7.0685   3.562113    35.1039      14319 0.0000e+00
    390.000     7.0773   3.562894    35.1040      14339 0.0000e+00
    389.000     7.0832   3.563405    35.1042      14363 0.0000e+00
    388.000     7.1012   3.565095    35.1049      14401 0.0000e+00
    387.000     7.1112   3.566015    35.1053      14441 0.0000e+00
    386.000     7.1312   3.567969    35.1070      14467 0.0000e+00
    385.000     7.1564   3.570229    35.1066      14489 0.0000e+00
    384.000     7.1603   3.570560    35.1068      14511 0.0000e+00
    383.000     7.1610   3.570619    35.1072      14536 0.0000e+00
    382.000     7.1631   3.570769    35.1073      14566 0.0000e+00
    381.000     7.1603   3.570459    35.1072      14598 0.0000e+00
    380.000     7.1552   3.569944    35.1073      14625 0.0000e+00
    379.000     7.1586   3.570237    35.1075      14646 0.0000e+00
    378.000     7.1583   3.570159    35.1075      14666 0.0000e+00
    377.000     7.1614   3.570413    35.1076      14686 0.0000e+00
    376.000     7.1632   3.570562    35.1079      14712 0.0000e+00
    375.000     7.1679   3.570940    35.1077      14749 0.0000e+00
    374.000     7.2157   3.575620    35.1110      14788 0.0000e+00
    373.000     7.2509   3.578834    35.1110      14815 0.0000e+00
    372.000     7.2706   3.580639    35.1112      14839 0.0000e+00
    371.000     7.2812   3.581609    35.1115      14861 0.0000e+00
    370.000     7.2927   3.582704    35.1124      14885 0.0000e+00
    369.000     7.2962   3.582971    35.1123      14910 0.0000e+00
    368.000     7.2943   3.582790    35.1127      14937 0.0000e+00
    367.000     7.2979   3.583131    35.1132      14963 0.0000e+00
    366.000     7.3075   3.584048    35.1140      14989 0.0000e+00
    365.000     7.3235   3.585539    35.1146      15015 0.0000e+00
    364.000     7.3383   3.586897    35.1149      15041 0.0000e+00
    363.000     7.3845   3.591424    35.1180      15070 0.0000e+00
    362.000     7.4188   3.594499    35.1173      15101 0.0000e+00
    361.000     7.4560   3.598206    35.1205      15133 0.0000e+00
    360.000     7.4745   3.599892    35.1207      15161 0.0000e+00
    359.000     7.5211   3.604359    35.1227      15185 0.0000e+00
    358.000     7.5606   3.608101    35.1239      15207 0.0000e+00
    357.000     7.6259   3.614539    35.1284      15229 0.0000e+00
    356.000     7.7539   3.626848    35.1330      15254 0.0000e+00
    355.000     7.9285   3.643497    35.1375      15283 0.0000e+00
    354.000     7.9492   3.645499    35.1388      15313 0.0000e+00
    353.000     7.9103   3.642453    35.1456      15339 0.0000e+00
    352.000     8.0724   3.657444    35.1444      15365 0.0000e+00
    351.000     8.1281   3.662993    35.1485      15393 0.0000e+00
    350.000     8.1691   3.666927    35.1501      15423 0.0000e+00
    349.000     8.1391   3.664205    35.1515      15451 0.0000e+00
    348.000     8.1825   3.668153    35.1508      15476 0.0000e+00
    347.000     8.2030   3.670197    35.1526      15500 0.0000e+00
    346.000     8.2035   3.670265    35.1533      15526 0.0000e+00
    345.000     8.2162   3.671504    35.1544      15554 0.0000e+00
    344.000     8.2015   3.669961    35.1531      15582 0.0000e+00
    343.000     8.1797   3.668151    35.1560      15607 0.0000e+00
    342.000     8.2076   3.670615    35.1549      15631 0.0000e+00
    341.000     8.2074   3.670573    35.1551      15656 0.0000e+00
    340.000     8.2060   3.670451    35.1557      15684 0.0000e+00
    339.000     8.2079   3.670584    35.1557      15715 0.0000e+00
    338.000     8.2112   3.670864    35.1559      15743 0.0000e+00
    337.000     8.2046   3.670360    35.1576      15770 0.0000e+00
    336.000     8.2600   3.675487    35.1574      15795 0.0000e+00
    335.000     8.2570   3.675210    35.1580      15822 0.0000e+00
    334.000     8.2602   3.675533    35.1587      15849 0.0000e+00
    333.000     8.2604   3.675552    35.1592      15876 0.0000e+00
    332.000     8.2626   3.675724    35.1593      15902 0.0000e+00
    331.000     8.2600   3.675425    35.1592      15926 0.0000e+00
    330.000     8.2659   3.675983    35.1597      15948 0.0000e+00
    329.000     8.2687   3.676231    35.1601      15973 0.0000e+00
    328.000     8.2729   3.676502    35.1592      16003 0.0000e+00
    327.000     8.2672   3.675960    35.1597      16039 0.0000e+00
    326.000     8.2663   3.675885    35.1603      16069 0.0000e+00
    325.000     8.2685   3.676082    35.1606      16093 0.0000e+00
