HB2303/ctd013.cnv
* Sea-Bird SBE 9 Data File:
* FileName = C:\cruise\data\ctd013.hex
* Software Version Seasave V 7.26.7.121
* Temperature SN = 6664
* Conductivity SN = 6035
* Number of Bytes Per Scan = 37
* Number of Voltage Words = 4
* Number of Scans Averaged by the Deck Unit = 1
* NMEA Latitude = 39 50.45 N
* NMEA Longitude = 070 36.99 W
* NMEA UTC (Time) = Aug 14 2023  15:51:22
* NMEA baud rate = 4800
** Ship: Bigelow HB2303
** Program:   ECOMON
** Chief Scientist: Audy Peoples
# nquan = 6
# nvalues = 1003                        
# units = specified
# name 0 = depSM: Depth [salt water, m]
# name 1 = t090C: Temperature [ITS-90, deg C]
# name 2 = c0S/m: Conductivity [S/m]
# name 3 = sal00: Salinity, Practical [PSU]
# name 4 = scan: Scan Count
# name 5 = flag: flag
# span 0 =      1.000,    503.000       
# span 1 =     6.4181,    25.7068       
# span 2 =   3.503924,   5.406882       
# span 3 =    34.9739,    36.1246       
# span 4 =       -695,      40016       
# span 5 = 0.0000e+00, 0.0000e+00       
# interval = meters: 1                  
# start_time = Aug 14 2023 15:51:22 [NMEA time, header]
# bad_flag = -9.990e-29
*END*
[from data line 239]
    242.000    13.1140   4.189841    35.6798       8196 0.0000e+00
    243.000    13.1016   4.188473    35.6780       8220 0.0000e+00
    244.000    13.0634   4.184234    35.6731       8249 0.0000e+00
    245.000    13.0025   4.177498    35.6656       8281 0.0000e+00
    246.000    12.9384   4.170604    35.6596       8310 0.0000e+00
    247.000    12.8937   4.165733    35.6547       8335 0.0000e+00
    248.000    12.8698   4.163230    35.6527       8358 0.0000e+00
    249.000    12.8646   4.162604    35.6513       8381 0.0000e+00
    250.000    12.8585   4.161922    35.6500       8405 0.0000e+00
    251.000    12.8576   4.161800    35.6493       8432 0.0000e+00
    252.000    12.8514   4.161109    35.6481       8462 0.0000e+00
    253.000    12.8350   4.159286    35.6456       8489 0.0000e+00
    254.000    12.8121   4.156726    35.6423       8513 0.0000e+00
    255.000    12.7615   4.151068    35.6352       8535 0.0000e+00
    256.000    12.6982   4.144177    35.6283       8560 0.0000e+00
    257.000    12.6585   4.139761    35.6229       8588 0.0000e+00
    258.000    12.6196   4.135417    35.6174       8616 0.0000e+00
    259.000    12.5794   4.130968    35.6121       8642 0.0000e+00
    260.000    12.5430   4.126970    35.6075       8667 0.0000e+00
    261.000    12.4989   4.122010    35.6009       8692 0.0000e+00
    262.000    12.4456   4.116217    35.5949       8719 0.0000e+00
    263.000    12.4240   4.113798    35.5915       8746 0.0000e+00
    264.000    12.4188   4.113189    35.5901       8772 0.0000e+00
    265.000    12.4039   4.111591    35.5884       8796 0.0000e+00
    266.000    12.3880   4.109804    35.5856       8822 0.0000e+00
    267.000    12.3368   4.104115    35.5786       8849 0.0000e+00
    268.000    12.2426   4.093898    35.5683       8874 0.0000e+00
    269.000    12.1817   4.087298    35.5615       8899 0.0000e+00
    270.000    12.1358   4.082231    35.5554       8923 0.0000e+00
    271.000    12.1129   4.079731    35.5524       8948 0.0000e+00
    272.000    12.1027   4.078586    35.5505       8974 0.0000e+00
    273.000    12.0987   4.078112    35.5492       9000 0.0000e+00
    274.000    12.0994   4.078157    35.5486       9028 0.0000e+00
    275.000    12.0974   4.077931    35.5479       9055 0.0000e+00
    276.000    12.0971   4.077899    35.5474       9081 0.0000e+00
    277.000    12.0939   4.077567    35.5467       9106 0.0000e+00
    278.000    12.0836   4.076403    35.5448       9131 0.0000e+00
    279.000    12.0182   4.069279    35.5370       9157 0.0000e+00
    280.000    11.9816   4.065432    35.5339       9183 0.0000e+00
    281.000    11.9726   4.064428    35.5322       9208 0.0000e+00
    282.000    11.9603   4.063035    35.5298       9233 0.0000e+00
    283.000    11.9322   4.059993    35.5264       9258 0.0000e+00
    284.000    11.9172   4.058431    35.5249       9282 0.0000e+00
    285.000    11.9002   4.056506    35.5218       9309 0.0000e+00
    286.000    11.8751   4.053787    35.5187       9339 0.0000e+00
    287.000    11.8284   4.048727    35.5132       9366 0.0000e+00
    288.000    11.7585   4.041120    35.5048       9389 0.0000e+00
    289.000    11.7149   4.036496    35.5005       9412 0.0000e+00
    290.000    11.6763   4.032380    35.4964       9436 0.0000e+00
    291.000    11.6624   4.030828    35.4941       9464 0.0000e+00
    292.000    11.6478   4.029181    35.4913       9493 0.0000e+00
    293.000    11.6103   4.025132    35.4868       9521 0.0000e+00
    294.000    11.5761   4.021407    35.4824       9546 0.0000e+00
    295.000    11.5078   4.014139    35.4755       9570 0.0000e+00
    296.000    11.4384   4.006831    35.4693       9593 0.0000e+00
    297.000    11.3978   4.002526    35.4652       9617 0.0000e+00
    298.000    11.3548   3.997850    35.4596       9641 0.0000e+00
    299.000    11.3259   3.994638    35.4551       9667 0.0000e+00
    300.000    11.2938   3.990959    35.4490       9696 0.0000e+00
    301.000    11.1894   3.979321    35.4330       9725 0.0000e+00
    302.000    11.0420   3.963199    35.4137       9751 0.0000e+00
    303.000    10.9664   3.954951    35.4037       9775 0.0000e+00
    304.000    10.9534   3.953356    35.3998       9799 0.0000e+00
    305.000    10.9283   3.950428    35.3942       9826 0.0000e+00
    306.000    10.8595   3.943006    35.3858       9852 0.0000e+00
    307.000    10.8175   3.938494    35.3806       9878 0.0000e+00
    308.000    10.7878   3.935234    35.3761       9902 0.0000e+00
    309.000    10.7458   3.930763    35.3712       9926 0.0000e+00
    310.000    10.7152   3.927508    35.3676       9952 0.0000e+00
    311.000    10.6834   3.924128    35.3639       9983 0.0000e+00
    312.000    10.6566   3.921325    35.3611      10015 0.0000e+00
    313.000    10.6059   3.916045    35.3565      10041 0.0000e+00
    314.000    10.5757   3.913093    35.3555      10063 0.0000e+00
    315.000    10.5636   3.911910    35.3548      10084 0.0000e+00
    316.000    10.5437   3.909898    35.3533      10108 0.0000e+00
    317.000    10.5200   3.907485    35.3514      10137 0.0000e+00
    318.000    10.5011   3.905685    35.3511      10164 0.0000e+00
    319.000    10.4840   3.903932    35.3495      10189 0.0000e+00
    320.000    10.4707   3.902564    35.3481      10214 0.0000e+00
    321.000    10.4626   3.901701    35.3468      10241 0.0000e+00
    322.000    10.4547   3.900939    35.3462      10269 0.0000e+00
    323.000    10.4459   3.900023    35.3451      10297 0.0000e+00
    324.000    10.4309   3.898396    35.3426      10323 0.0000e+00
    325.000    10.3912   3.893938    35.3356      10350 0.0000e+00
    326.000    10.2647   3.879925    35.3157      10375 0.0000e+00
    327.000    10.1630   3.868852    35.3014      10400 0.0000e+00
    328.000    10.0972   3.861467    35.2897      10424 0.0000e+00
    329.000    10.0576   3.857257    35.2848      10449 0.0000e+00
    330.000    10.0872   3.860776    35.2915      10693 0.0000e+00
    331.000    10.0730   3.859379    35.2905      11088 0.0000e+00
    332.000    10.0502   3.857011    35.2881      11148 0.0000e+00
    333.000    10.0211   3.853967    35.2850      11204 0.0000e+00
    334.000    10.0079   3.852590    35.2833      11244 0.0000e+00
    335.000     9.9682   3.848432    35.2789      11272 0.0000e+00
    336.000     9.9215   3.844023    35.2789      11297 0.0000e+00
    337.000     9.8944   3.841353    35.2775      11320 0.0000e+00
    338.000     9.8545   3.837491    35.2764      11346 0.0000e+00
    339.000     9.8249   3.834614    35.2753      11378 0.0000e+00
    340.000     9.7967   3.831679    35.2722      11409 0.0000e+00
    341.000     9.7616   3.827869    35.2669      11436 0.0000e+00
    342.000     9.7108   3.822551    35.2615      11459 0.0000e+00
    343.000     9.6661   3.817836    35.2562      11481 0.0000e+00
    344.000     9.6293   3.814124    35.2534      11504 0.0000e+00
    345.000     9.5923   3.810400    35.2508      11530 0.0000e+00
    346.000     9.5788   3.808967    35.2487      11559 0.0000e+00
    347.000     9.5496   3.805942    35.2456      11587 0.0000e+00
    348.000     9.4952   3.800454    35.2418      11616 0.0000e+00
    349.000     9.4595   3.796893    35.2395      11646 0.0000e+00
    350.000     9.4526   3.796174    35.2383      11671 0.0000e+00
    351.000     9.4284   3.793702    35.2360      11693 0.0000e+00
    352.000     9.4224   3.793136    35.2356      11715 0.0000e+00
    353.000     9.4191   3.792782    35.2347      11741 0.0000e+00
    354.000     9.4063   3.791478    35.2333      11769 0.0000e+00
    355.000     9.3823   3.789024    35.2309      11794 0.0000e+00
    356.000     9.3438   3.785044    35.2270      11818 0.0000e+00
    357.000     9.2861   3.779234    35.2229      11844 0.0000e+00
    358.000     9.2379   3.774385    35.2194      11871 0.0000e+00
    359.000     9.2224   3.772938    35.2191      11896 0.0000e+00
    360.000     9.1976   3.770380    35.2165      11921 0.0000e+00
    361.000     9.1805   3.768669    35.2150      11950 0.0000e+00
    362.000     9.1524   3.765755    35.2118      11983 0.0000e+00
    363.000     9.1161   3.762086    35.2089      12012 0.0000e+00
    364.000     9.1029   3.760713    35.2071      12036 0.0000e+00
    365.000     9.0825   3.758608    35.2047      12059 0.0000e+00
    366.000     9.0649   3.756851    35.2032      12083 0.0000e+00
    367.000     9.0577   3.756161    35.2026      12108 0.0000e+00
    368.000     9.0483   3.755226    35.2017      12135 0.0000e+00
    369.000     9.0189   3.752259    35.1992      12161 0.0000e+00
    370.000     8.9983   3.750195    35.1975      12187 0.0000e+00
    371.000     8.9787   3.748188    35.1953      12213 0.0000e+00
    372.000     8.9659   3.746984    35.1948      12237 0.0000e+00
    373.000     8.9552   3.746124    35.1959      12260 0.0000e+00
    374.000     8.9514   3.745870    35.1966      12286 0.0000e+00
    375.000     8.9407   3.744913    35.1966      12320 0.0000e+00
    376.000     8.9162   3.742698    35.1971      12353 0.0000e+00
    377.000     8.9124   3.742754    35.2010      12379 0.0000e+00
    378.000     8.8665   3.738169    35.1978      12402 0.0000e+00
    379.000     8.8096   3.732334    35.1923      12425 0.0000e+00
    380.000     8.7177   3.722694    35.1814      12450 0.0000e+00
    381.000     8.7141   3.723269    35.1906      12475 0.0000e+00
    382.000     8.7060   3.722529    35.1904      12502 0.0000e+00
    383.000     8.6402   3.715827    35.1844      12532 0.0000e+00
    384.000     8.6186   3.713614    35.1820      12561 0.0000e+00
    385.000     8.6166   3.713536    35.1827      12585 0.0000e+00
    386.000     8.6137   3.713375    35.1834      12608 0.0000e+00
    387.000     8.5993   3.712008    35.1828      12632 0.0000e+00
    388.000     8.5564   3.707778    35.1802      12662 0.0000e+00
    389.000     8.5170   3.703840    35.1772      12691 0.0000e+00
    390.000     8.4751   3.699673    35.1743      12714 0.0000e+00
    391.000     8.4394   3.696124    35.1717      12735 0.0000e+00
    392.000     8.4106   3.693185    35.1686      12759 0.0000e+00
    393.000     8.3819   3.690228    35.1653      12790 0.0000e+00
    394.000     8.3539   3.687353    35.1621      12823 0.0000e+00
    395.000     8.3236   3.684285    35.1592      12852 0.0000e+00
    396.000     8.3089   3.682755    35.1572      12880 0.0000e+00
    397.000     8.2897   3.680753    35.1545      12906 0.0000e+00
    398.000     8.2665   3.678442    35.1526      12930 0.0000e+00
    399.000     8.2350   3.675176    35.1487      12951 0.0000e+00
    400.000     8.1775   3.669606    35.1462      12972 0.0000e+00
    401.000     8.1674   3.669059    35.1499      12995 0.0000e+00
    402.000     8.1376   3.666045    35.1470      13020 0.0000e+00
    403.000     8.1154   3.663861    35.1454      13050 0.0000e+00
    404.000     8.1070   3.663073    35.1449      13085 0.0000e+00
    405.000     8.1037   3.662761    35.1444      13118 0.0000e+00
    406.000     8.0937   3.661823    35.1438      13146 0.0000e+00
    407.000     8.0536   3.657815    35.1406      13169 0.0000e+00
    408.000     8.0104   3.653539    35.1375      13190 0.0000e+00
    409.000     7.9826   3.650828    35.1358      13211 0.0000e+00
    410.000     7.9614   3.648798    35.1347      13233 0.0000e+00
    411.000     7.9473   3.647475    35.1342      13261 0.0000e+00
    412.000     7.9434   3.647076    35.1334      13295 0.0000e+00
    413.000     7.9427   3.647026    35.1330      13323 0.0000e+00
    414.000     7.9389   3.646895    35.1350      13347 0.0000e+00
    415.000     7.9132   3.644778    35.1375      13373 0.0000e+00
    416.000     7.8694   3.640459    35.1345      13405 0.0000e+00
    417.000     7.8298   3.636435    35.1304      13434 0.0000e+00
    418.000     7.7795   3.631384    35.1260      13457 0.0000e+00
    419.000     7.7317   3.626576    35.1217      13477 0.0000e+00
    420.000     7.7111   3.624425    35.1186      13500 0.0000e+00
    421.000     7.6646   3.619617    35.1130      13529 0.0000e+00
    422.000     7.6195   3.614980    35.1077      13561 0.0000e+00
    423.000     7.5612   3.609016    35.1014      13590 0.0000e+00
    424.000     7.5356   3.606452    35.0988      13616 0.0000e+00
    425.000     7.5258   3.605440    35.0972      13641 0.0000e+00
    426.000     7.5243   3.605302    35.0968      13667 0.0000e+00
    427.000     7.5430   3.607588    35.1022      13693 0.0000e+00
    428.000     7.5495   3.608545    35.1055      13717 0.0000e+00
    429.000     7.5536   3.609121    35.1072      13741 0.0000e+00
    430.000     7.5384   3.607650    35.1061      13766 0.0000e+00
    431.000     7.5068   3.604496    35.1033      13795 0.0000e+00
    432.000     7.4789   3.601722    35.1007      13826 0.0000e+00
    433.000     7.4653   3.600335    35.0989      13858 0.0000e+00
    434.000     7.4597   3.599775    35.0980      13887 0.0000e+00
    435.000     7.4578   3.599613    35.0977      13913 0.0000e+00
    436.000     7.4575   3.599674    35.0982      13934 0.0000e+00
    437.000     7.4694   3.601325    35.1036      13955 0.0000e+00
    438.000     7.4680   3.601505    35.1064      13978 0.0000e+00
    439.000     7.4600   3.600988    35.1084      14005 0.0000e+00
    440.000     7.4589   3.601023    35.1094      14035 0.0000e+00
    441.000     7.4427   3.599510    35.1089      14064 0.0000e+00
    442.000     7.3934   3.594929    35.1082      14091 0.0000e+00
    443.000     7.3849   3.594083    35.1071      14117 0.0000e+00
    444.000     7.3663   3.592346    35.1066      14143 0.0000e+00
    445.000     7.3475   3.590664    35.1068      14169 0.0000e+00
    446.000     7.3382   3.589766    35.1059      14201 0.0000e+00
    447.000     7.3025   3.586494    35.1058      14238 0.0000e+00
    448.000     7.2842   3.584809    35.1054      14263 0.0000e+00
    449.000     7.2541   3.582080    35.1056      14290 0.0000e+00
    450.000     7.2466   3.581360    35.1049      14321 0.0000e+00
    451.000     7.2428   3.580989    35.1042      14350 0.0000e+00
    452.000     7.2266   3.579395    35.1026      14373 0.0000e+00
    453.000     7.1896   3.575920    35.1016      14395 0.0000e+00
    454.000     7.1790   3.574938    35.1011      14418 0.0000e+00
    455.000     7.1690   3.573954    35.1000      14445 0.0000e+00
    456.000     7.1432   3.571424    35.0980      14477 0.0000e+00
    457.000     7.1093   3.568096    35.0954      14506 0.0000e+00
    458.000     7.0848   3.565558    35.0919      14530 0.0000e+00
    459.000     7.0474   3.561854    35.0887      14552 0.0000e+00
    460.000     7.0109   3.558299    35.0863      14578 0.0000e+00
    461.000     6.9996   3.557143    35.0846      14611 0.0000e+00
    462.000     6.9970   3.556862    35.0837      14642 0.0000e+00
    463.000     6.9905   3.556262    35.0831      14667 0.0000e+00
    464.000     6.9787   3.555200    35.0830      14688 0.0000e+00
    465.000     6.9732   3.554946    35.0853      14710 0.0000e+00
    466.000     6.9751   3.555439    35.0882      14736 0.0000e+00
    467.000     6.9672   3.554892    35.0898      14768 0.0000e+00
    468.000     6.9560   3.553837    35.0890      14798 0.0000e+00
    469.000     6.9439   3.552684    35.0882      14823 0.0000e+00
    470.000     6.9240   3.550736    35.0865      14848 0.0000e+00
    471.000     6.8834   3.547119    35.0874      14876 0.0000e+00
    472.000     6.8742   3.546403    35.0884      14905 0.0000e+00
    473.000     6.8700   3.546040    35.0881      14929 0.0000e+00
    474.000     6.8642   3.545516    35.0878      14948 0.0000e+00
    475.000     6.8547   3.544655    35.0875      14968 0.0000e+00
    476.000     6.8433   3.543636    35.0874      14997 0.0000e+00
    477.000     6.8293   3.542363    35.0871      15040 0.0000e+00
    478.000     6.7764   3.537429    35.0860      15070 0.0000e+00
    479.000     6.7542   3.535436    35.0861      15093 0.0000e+00
