HB2303/ctd025.cnv
* Sea-Bird SBE 9 Data File:
* FileName = C:\cruise\data\ctd025.hex
* Software Version Seasave V 7.26.7.121
* Temperature SN = 6664
* Conductivity SN = 6035
* Number of Bytes Per Scan = 37
* Number of Voltage Words = 4
* Number of Scans Averaged by the Deck Unit = 1
* NMEA Latitude = 43 01.57 N
* NMEA Longitude = 066 20.42 W
* NMEA UTC (Time) = Aug 19 2023  23:22:14
* NMEA baud rate = 4800
** Ship: Bigelow HB2303
** Program:   ECOMON
** Chief Scientist: Audy Peoples
# nquan = 6
# nvalues = 259                         
# units = specified
# name 0 = depSM: Depth [salt water, m]
# name 1 = t090C: Temperature [ITS-90, deg C]
# name 2 = c0S/m: Conductivity [S/m]
# name 3 = sal00: Salinity, Practical [PSU]
# name 4 = scan: Scan Count
# name 5 = flag: flag
# span 0 =      1.000,    132.000       
# span 1 =     7.9365,    11.2107       
# span 2 =   3.397428,   3.610734       
# span 3 =    31.5429,    33.1320       
# span 4 =        324,      17137       
# span 5 = 0.0000e+00, 0.0000e+00       
# interval = meters: 1                  
# start_time = Aug 19 2023 23:22:14 [NMEA time, header]
# bad_flag = -9.990e-29
*END*
      5.000    11.0350   3.596814    31.9145        324 0.0000e+00
      6.000    11.1027   3.602266    31.9090        643 0.0000e+00
      7.000    10.7032   3.569100    31.9284        636 0.0000e+00
      8.000    10.5310   3.556397    31.9522        699 0.0000e+00
      9.000    10.3106   3.539267    31.9740        739 0.0000e+00
     10.000    10.3013   3.538953    31.9786        782 0.0000e+00
     11.000    10.2142   3.533640    32.0016        850 0.0000e+00
     12.000    10.2032   3.533953    32.0140        867 0.0000e+00
     13.000    10.1734   3.532199    32.0223        884 0.0000e+00
     14.000    10.1191   3.528453    32.0321        904 0.0000e+00
     15.000     9.9826   3.519522    32.0623        946 0.0000e+00
     16.000     9.8994   3.512995    32.0697        983 0.0000e+00
     17.000     9.7589   3.503111    32.0939       1003 0.0000e+00
     18.000     9.5556   3.487924    32.1202       1021 0.0000e+00
     19.000     9.2871   3.468272    32.1592       1042 0.0000e+00
     20.000     9.1636   3.458962    32.1741       1072 0.0000e+00
     21.000     8.9992   3.445715    32.1851       1112 0.0000e+00
     22.000     8.9140   3.441025    32.2132       1144 0.0000e+00
     23.000     8.7860   3.433513    32.2509       1166 0.0000e+00
     24.000     8.6379   3.421502    32.2598       1184 0.0000e+00
     25.000     8.4919   3.411200    32.2849       1201 0.0000e+00
     26.000     8.4605   3.410982    32.3109       1220 0.0000e+00
     27.000     8.4470   3.410193    32.3145       1244 0.0000e+00
     28.000     8.4263   3.408462    32.3148       1291 0.0000e+00
     29.000     8.3964   3.405950    32.3153       1346 0.0000e+00
     30.000     8.3962   3.407108    32.3273       1365 0.0000e+00
     31.000     8.3650   3.407968    32.3646       1382 0.0000e+00
     32.000     8.2668   3.401646    32.3877       1394 0.0000e+00
     33.000     8.2283   3.398910    32.3939       1407 0.0000e+00
     34.000     8.2199   3.400073    32.4135       1418 0.0000e+00
     35.000     8.2366   3.401998    32.4180       1452 0.0000e+00
     36.000     8.1869   3.400987    32.4527       1524 0.0000e+00
     37.000     8.1899   3.404158    32.4830       1543 0.0000e+00
     38.000     8.1316   3.401918    32.5129       1560 0.0000e+00
     39.000     8.1119   3.401913    32.5307       1579 0.0000e+00
     40.000     8.1055   3.403114    32.5488       1604 0.0000e+00
     41.000     8.0970   3.404111    32.5669       1633 0.0000e+00
     42.000     8.1096   3.406374    32.5787       1652 0.0000e+00
     43.000     8.1005   3.406682    32.5900       1669 0.0000e+00
     44.000     8.0407   3.403545    32.6118       1684 0.0000e+00
     45.000     8.0169   3.402241    32.6197       1727 0.0000e+00
     46.000     7.9784   3.399919    32.6304       1799 0.0000e+00
     47.000     7.9676   3.399208    32.6324       1815 0.0000e+00
     48.000     7.9365   3.397428    32.6420       1831 0.0000e+00
     49.000     7.9495   3.405214    32.7124       1845 0.0000e+00
     50.000     7.9942   3.414462    32.7687       1858 0.0000e+00
     51.000     8.0412   3.421963    32.8040       1873 0.0000e+00
     52.000     8.0485   3.423247    32.8104       1891 0.0000e+00
     53.000     8.0482   3.423339    32.8112       1920 0.0000e+00
     54.000     8.0517   3.424245    32.8170       1983 0.0000e+00
     55.000     8.0750   3.428671    32.8419       2021 0.0000e+00
     56.000     8.0989   3.432768    32.8626       2041 0.0000e+00
     57.000     8.1169   3.435631    32.8757       2059 0.0000e+00
     58.000     8.1655   3.444208    32.9206       2075 0.0000e+00
     59.000     8.2274   3.454353    32.9697       2090 0.0000e+00
     60.000     8.2495   3.457862    32.9857       2107 0.0000e+00
     61.000     8.2566   3.459074    32.9914       2129 0.0000e+00
     62.000     8.2667   3.461447    33.0066       2171 0.0000e+00
     63.000     8.2871   3.466141    33.0367       2205 0.0000e+00
     64.000     8.2938   3.467797    33.0474       2226 0.0000e+00
     65.000     8.2974   3.469053    33.0569       2251 0.0000e+00
     66.000     8.2997   3.469708    33.0612       2302 0.0000e+00
     67.000     8.3022   3.470215    33.0637       2329 0.0000e+00
     68.000     8.3035   3.470523    33.0653       2345 0.0000e+00
     69.000     8.3082   3.471558    33.0713       2359 0.0000e+00
     70.000     8.3122   3.472529    33.0774       2372 0.0000e+00
     71.000     8.3118   3.472693    33.0790       2390 0.0000e+00
     72.000     8.3124   3.473003    33.0813       2430 0.0000e+00
     73.000     8.3141   3.473481    33.0843       2475 0.0000e+00
     74.000     8.3162   3.474100    33.0884       2498 0.0000e+00
     75.000     8.3178   3.474594    33.0917       2520 0.0000e+00
     76.000     8.3190   3.474949    33.0938       2550 0.0000e+00
     77.000     8.3222   3.475641    33.0977       2584 0.0000e+00
     78.000     8.3241   3.476039    33.0996       2607 0.0000e+00
     79.000     8.3318   3.477546    33.1078       2625 0.0000e+00
     80.000     8.3382   3.478663    33.1132       2644 0.0000e+00
     81.000     8.3499   3.480415    33.1202       2665 0.0000e+00
     82.000     8.3560   3.481246    33.1228       2696 0.0000e+00
     83.000     8.3511   3.480583    33.1199       2752 0.0000e+00
     84.000     8.3565   3.481295    33.1219       2781 0.0000e+00
     85.000     8.3513   3.480682    33.1199       2799 0.0000e+00
     86.000     8.3547   3.481227    33.1220       2814 0.0000e+00
     87.000     8.3546   3.481278    33.1221       2828 0.0000e+00
     88.000     8.3543   3.481284    33.1220       2848 0.0000e+00
     89.000     8.3527   3.481057    33.1207       2911 0.0000e+00
     90.000     8.3560   3.481646    33.1233       2943 0.0000e+00
     91.000     8.3597   3.482215    33.1254       2963 0.0000e+00
     92.000     8.3637   3.482836    33.1277       2981 0.0000e+00
     93.000     8.3646   3.482994    33.1281       3002 0.0000e+00
     94.000     8.3650   3.483099    33.1283       3031 0.0000e+00
     95.000     8.3653   3.483186    33.1285       3062 0.0000e+00
     96.000     8.3651   3.483170    33.1281       3087 0.0000e+00
     97.000     8.3635   3.482954    33.1268       3111 0.0000e+00
     98.000     8.3638   3.483036    33.1269       3140 0.0000e+00
     99.000     8.3642   3.483038    33.1261       3176 0.0000e+00
    100.000     8.3639   3.482989    33.1254       3210 0.0000e+00
    101.000     8.3662   3.483221    33.1252       3235 0.0000e+00
    102.000     8.3688   3.483566    33.1260       3256 0.0000e+00
    103.000     8.3706   3.483778    33.1260       3277 0.0000e+00
    104.000     8.3715   3.483905    33.1260       3303 0.0000e+00
    105.000     8.3716   3.483958    33.1260       3341 0.0000e+00
    106.000     8.3731   3.484133    33.1261       3370 0.0000e+00
    107.000     8.3727   3.484150    33.1261       3392 0.0000e+00
    108.000     8.3719   3.484114    33.1261       3414 0.0000e+00
    109.000     8.3709   3.484070    33.1260       3448 0.0000e+00
    110.000     8.3715   3.484154    33.1260       3492 0.0000e+00
    111.000     8.3718   3.484228    33.1260       3521 0.0000e+00
    112.000     8.3716   3.484264    33.1260       3542 0.0000e+00
    113.000     8.3712   3.484269    33.1260       3561 0.0000e+00
    114.000     8.3703   3.484237    33.1261       3581 0.0000e+00
    115.000     8.3702   3.484275    33.1261       3604 0.0000e+00
    116.000     8.3696   3.484250    33.1259       3640 0.0000e+00
    117.000     8.3704   3.484351    33.1258       3691 0.0000e+00
    118.000     8.3712   3.484490    33.1261       3720 0.0000e+00
    119.000     8.3744   3.484861    33.1264       3741 0.0000e+00
    120.000     8.3749   3.484963    33.1266       3759 0.0000e+00
    121.000     8.3749   3.485064    33.1272       3780 0.0000e+00
    122.000     8.3776   3.485505    33.1289       3814 0.0000e+00
    123.000     8.3767   3.485403    33.1282       3851 0.0000e+00
    124.000     8.3763   3.485359    33.1277       3874 0.0000e+00
    125.000     8.3763   3.485386    33.1274       3894 0.0000e+00
    126.000     8.3761   3.485360    33.1269       3927 0.0000e+00
    127.000     8.3766   3.485473    33.1272       4002 0.0000e+00
    128.000     8.3775   3.485687    33.1281       4019 0.0000e+00
    129.000     8.3799   3.486267    33.1315       4034 0.0000e+00
    130.000     8.3804   3.486399    33.1319       4048 0.0000e+00
    131.000     8.3802   3.486417    33.1319       4063 0.0000e+00
    132.000     8.3802   3.486452    33.1318       4104 0.0000e+00
    131.000     8.3802   3.486404    33.1318       4128 0.0000e+00
    130.000     8.3800   3.486374    33.1320       4266 0.0000e+00
    129.000     8.3769   3.485750    33.1289       5340 0.0000e+00
    128.000     8.3749   3.485271    33.1261       6463 0.0000e+00
    127.000     8.3753   3.485175    33.1253       6473 0.0000e+00
    126.000     8.3751   3.485235    33.1266       6504 0.0000e+00
    125.000     8.3754   3.485243    33.1268       6557 0.0000e+00
    124.000     8.3753   3.485273    33.1277       6598 0.0000e+00
    123.000     8.3751   3.485198    33.1276       6616 0.0000e+00
    122.000     8.3751   3.485151    33.1275       6630 0.0000e+00
    121.000     8.3749   3.485057    33.1272       6644 0.0000e+00
    120.000     8.3747   3.484960    33.1268       6661 0.0000e+00
    119.000     8.3749   3.485025    33.1277       6707 0.0000e+00
    118.000     8.3750   3.484961    33.1274       6761 0.0000e+00
    117.000     8.3729   3.484566    33.1257       6782 0.0000e+00
    116.000     8.3732   3.484593    33.1262       6799 0.0000e+00
    115.000     8.3737   3.484669    33.1270       6815 0.0000e+00
    114.000     8.3728   3.484474    33.1263       6833 0.0000e+00
    113.000     8.3725   3.484415    33.1263       6859 0.0000e+00
    112.000     8.3736   3.484378    33.1254       6897 0.0000e+00
    111.000     8.3738   3.484346    33.1253       6932 0.0000e+00
    110.000     8.3722   3.484127    33.1250       6959 0.0000e+00
    109.000     8.3733   3.484198    33.1252       6983 0.0000e+00
    108.000     8.3750   3.484331    33.1255       7008 0.0000e+00
    107.000     8.3745   3.484254    33.1255       7034 0.0000e+00
    106.000     8.3742   3.484181    33.1255       7056 0.0000e+00
    105.000     8.3755   3.484263    33.1257       7075 0.0000e+00
    104.000     8.3758   3.484205    33.1252       7094 0.0000e+00
    103.000     8.3751   3.484115    33.1254       7146 0.0000e+00
    102.000     8.3727   3.483763    33.1244       7189 0.0000e+00
    101.000     8.3710   3.483551    33.1242       7203 0.0000e+00
    100.000     8.3715   3.483547    33.1241       7215 0.0000e+00
     99.000     8.3724   3.483600    33.1243       7228 0.0000e+00
     98.000     8.3725   3.483535    33.1240       7245 0.0000e+00
     97.000     8.3720   3.483408    33.1236       7289 0.0000e+00
     96.000     8.3715   3.483312    33.1235       7339 0.0000e+00
     95.000     8.3700   3.483118    33.1234       7360 0.0000e+00
     94.000     8.3695   3.483036    33.1234       7381 0.0000e+00
     93.000     8.3690   3.482943    33.1233       7403 0.0000e+00
     92.000     8.3700   3.483003    33.1235       7431 0.0000e+00
     91.000     8.3699   3.482935    33.1234       7462 0.0000e+00
     90.000     8.3695   3.482831    33.1231       7487 0.0000e+00
     89.000     8.3667   3.482478    33.1225       7507 0.0000e+00
     88.000     8.3641   3.482144    33.1218       7528 0.0000e+00
     87.000     8.3656   3.482271    33.1223       7563 0.0000e+00
     86.000     8.3691   3.482612    33.1230       7606 0.0000e+00
     85.000     8.3703   3.482685    33.1232       7631 0.0000e+00
     84.000     8.3699   3.482604    33.1232       7653 0.0000e+00
     83.000     8.3707   3.482614    33.1230       7675 0.0000e+00
     82.000     8.3692   3.482392    33.1225       7698 0.0000e+00
     81.000     8.3581   3.480928    33.1180       7724 0.0000e+00
     80.000     8.3547   3.480501    33.1170       7755 0.0000e+00
     79.000     8.3510   3.479973    33.1155       7787 0.0000e+00
     78.000     8.3492   3.479640    33.1141       7814 0.0000e+00
     77.000     8.3499   3.479704    33.1146       7834 0.0000e+00
     76.000     8.3481   3.479398    33.1135       7852 0.0000e+00
     75.000     8.3483   3.479430    33.1141       7870 0.0000e+00
     74.000     8.3454   3.478856    33.1112       7916 0.0000e+00
     73.000     8.3369   3.477318    33.1034       7977 0.0000e+00
     72.000     8.3361   3.477125    33.1026       7996 0.0000e+00
     71.000     8.3376   3.477369    33.1042       8014 0.0000e+00
     70.000     8.3336   3.476651    33.1008       8034 0.0000e+00
     69.000     8.3280   3.475467    33.0941       8058 0.0000e+00
     68.000     8.3183   3.473589    33.0838       8128 0.0000e+00
     67.000     8.3170   3.473283    33.0823       8221 0.0000e+00
     66.000     8.3128   3.472225    33.0754       8259 0.0000e+00
     65.000     8.2551   3.459027    32.9905      10601 0.0000e+00
     64.000     8.2539   3.458908    32.9907      10590 0.0000e+00
     63.000     8.2476   3.457582    32.9831      10587 0.0000e+00
     62.000     8.2198   3.452619    32.9571      10602 0.0000e+00
     61.000     8.2076   3.450525    32.9468      10620 0.0000e+00
     60.000     8.2004   3.449360    32.9416      10694 0.0000e+00
     59.000     8.1369   3.438481    32.8862      10739 0.0000e+00
     58.000     8.1070   3.433243    32.8591      10757 0.0000e+00
     57.000     8.0900   3.430312    32.8443      10773 0.0000e+00
     56.000     8.0728   3.427246    32.8282      10789 0.0000e+00
     55.000     8.0693   3.426401    32.8230      10805 0.0000e+00
     54.000     8.0685   3.426004    32.8201      10823 0.0000e+00
     53.000     8.0689   3.425678    32.8166      10844 0.0000e+00
     52.000     8.0505   3.422837    32.8041      10871 0.0000e+00
     51.000     8.0449   3.421678    32.7975      10902 0.0000e+00
     50.000     8.0443   3.420551    32.7866      10934 0.0000e+00
     49.000     8.0162   3.412450    32.7271      10983 0.0000e+00
     48.000     7.9903   3.402923    32.6504      11016 0.0000e+00
     47.000     8.0092   3.405085    32.6562      11032 0.0000e+00
     46.000     8.0373   3.399653    32.5726      11046 0.0000e+00
     45.000     8.0463   3.397567    32.5426      11059 0.0000e+00
     44.000     8.0722   3.399826    32.5430      11074 0.0000e+00
     43.000     8.0832   3.401140    32.5472      11093 0.0000e+00
     42.000     8.0633   3.400572    32.5601      11128 0.0000e+00
     41.000     8.1151   3.401981    32.5274      11172 0.0000e+00
     40.000     8.2233   3.403352    32.4423      11205 0.0000e+00
     39.000     8.2005   3.400087    32.4292      11231 0.0000e+00
     38.000     8.2570   3.398549    32.3614      11251 0.0000e+00
     37.000     8.3150   3.401803    32.3428      11270 0.0000e+00
     36.000     8.4113   3.409196    32.3327      11289 0.0000e+00
     35.000     8.4323   3.408641    32.3080      11310 0.0000e+00
     34.000     8.4266   3.407286    32.2995      11332 0.0000e+00
     33.000     8.4163   3.406672    32.3029      11356 0.0000e+00
     32.000     8.3989   3.406534    32.3178      11389 0.0000e+00
     31.000     8.4609   3.409607    32.2938      11426 0.0000e+00
     30.000     8.5688   3.417050    32.2737      11453 0.0000e+00
     29.000     8.6990   3.425713    32.2459      11477 0.0000e+00
     28.000     8.8224   3.434092    32.2215      11500 0.0000e+00
     27.000     8.8214   3.432383    32.2051      11525 0.0000e+00
     26.000     8.9101   3.439470    32.1988      11555 0.0000e+00
     25.000     8.9695   3.444006    32.1925      11580 0.0000e+00
     24.000     9.2557   3.464311    32.1445      11598 0.0000e+00
     23.000     9.3548   3.470900    32.1236      11614 0.0000e+00
     22.000     9.4785   3.480299    32.1095      11631 0.0000e+00
