HB2303/ctd035.cnv
* Sea-Bird SBE 9 Data File:
* FileName = C:\cruise\data\ctd035.hex
* Software Version Seasave V 7.26.7.121
* Temperature SN = 6664
* Conductivity SN = 6035
* Number of Bytes Per Scan = 37
* Number of Voltage Words = 4
* Number of Scans Averaged by the Deck Unit = 1
* NMEA Latitude = 40 54.37 N
* NMEA Longitude = 069 09.82 W
* NMEA UTC (Time) = Aug 23 2023  22:47:16
* NMEA baud rate = 4800
** Ship: Bigelow HB2303
** Program:   ECOMON
** Chief Scientist: Audy Peoples
# nquan = 6
# nvalues = 124                         
# units = specified
# name 0 = depSM: Depth [salt water, m]
# name 1 = t090C: Temperature [ITS-90, deg C]
# name 2 = c0S/m: Conductivity [S/m]
# name 3 = sal00: Salinity, Practical [PSU]
# name 4 = scan: Scan Count
# name 5 = flag: flag
# span 0 =      1.000,     64.000       
# span 1 =    13.2256,    19.4047       
# span 2 =   3.837347,   4.377830       
# span 3 =    32.0752,    32.3486       
# span 4 =        317,      12918       
# span 5 = 0.0000e+00, 0.0000e+00       
# interval = meters: 1                  
# start_time = Aug 23 2023 22:47:16 [NMEA time, header]
# bad_flag = -9.990e-29
*END*
      4.000    19.2014   4.359792    32.0920        317 0.0000e+00
      5.000    19.1994   4.359690    32.0924        617 0.0000e+00
      6.000    19.1662   4.357046    32.0959        671 0.0000e+00
      7.000    19.1299   4.353822    32.0970        749 0.0000e+00
      8.000    19.1056   4.351415    32.0956        787 0.0000e+00
      9.000    18.7410   4.320532    32.1222        845 0.0000e+00
     10.000    18.4665   4.296312    32.1339        891 0.0000e+00
     11.000    18.2428   4.276727    32.1445        943 0.0000e+00
     12.000    18.1157   4.265231    32.1472       1006 0.0000e+00
     13.000    17.9248   4.248438    32.1552       1051 0.0000e+00
     14.000    17.6157   4.221693    32.1721       1086 0.0000e+00
     15.000    17.3827   4.201704    32.1861       1116 0.0000e+00
     16.000    17.1178   4.178753    32.1998       1144 0.0000e+00
     17.000    16.6419   4.137594    32.2249       1171 0.0000e+00
     18.000    15.9976   4.082794    32.2660       1196 0.0000e+00
     19.000    15.7584   4.062513    32.2813       1222 0.0000e+00
     20.000    15.4255   4.033158    32.2924       1248 0.0000e+00
     21.000    15.1226   4.007279    32.3096       1277 0.0000e+00
     22.000    15.0221   3.998047    32.3091       1306 0.0000e+00
     23.000    14.9422   3.990893    32.3104       1333 0.0000e+00
     24.000    14.8892   3.986193    32.3114       1357 0.0000e+00
     25.000    14.8578   3.983464    32.3123       1381 0.0000e+00
     26.000    14.7891   3.977312    32.3132       1406 0.0000e+00
     27.000    14.5520   3.957364    32.3288       1430 0.0000e+00
     28.000    14.4814   3.951221    32.3313       1455 0.0000e+00
     29.000    14.3993   3.943964    32.3332       1483 0.0000e+00
     30.000    14.2856   3.933968    32.3365       1512 0.0000e+00
     31.000    14.1039   3.918434    32.3457       1543 0.0000e+00
     32.000    14.0438   3.913191    32.3475       1572 0.0000e+00
     33.000    14.0023   3.909476    32.3478       1595 0.0000e+00
     34.000    13.9786   3.907446    32.3486       1614 0.0000e+00
     35.000    13.9661   3.906215    32.3473       1635 0.0000e+00
     36.000    13.9357   3.903456    32.3470       1665 0.0000e+00
     37.000    13.9255   3.902409    32.3456       1701 0.0000e+00
     38.000    13.9168   3.901657    32.3455       1727 0.0000e+00
     39.000    13.9072   3.900812    32.3454       1747 0.0000e+00
     40.000    13.9070   3.900749    32.3446       1767 0.0000e+00
     41.000    13.9034   3.900306    32.3432       1799 0.0000e+00
     42.000    13.8945   3.899500    32.3428       1836 0.0000e+00
     43.000    13.8887   3.899049    32.3431       1859 0.0000e+00
     44.000    13.8832   3.898587    32.3431       1876 0.0000e+00
     45.000    13.8712   3.897510    32.3429       1896 0.0000e+00
     46.000    13.8631   3.896799    32.3427       1924 0.0000e+00
     47.000    13.8562   3.896139    32.3421       1957 0.0000e+00
     48.000    13.8486   3.895508    32.3422       1984 0.0000e+00
     49.000    13.8364   3.894452    32.3423       2009 0.0000e+00
     50.000    13.8294   3.893817    32.3419       2038 0.0000e+00
     51.000    13.8192   3.892916    32.3417       2069 0.0000e+00
     52.000    13.8102   3.892153    32.3420       2091 0.0000e+00
     53.000    13.8032   3.891573    32.3421       2109 0.0000e+00
     54.000    13.8014   3.891421    32.3418       2128 0.0000e+00
     55.000    13.7987   3.891154    32.3412       2160 0.0000e+00
     56.000    13.7945   3.890780    32.3408       2202 0.0000e+00
     57.000    13.7853   3.889998    32.3410       2223 0.0000e+00
     58.000    13.7752   3.889128    32.3410       2241 0.0000e+00
     59.000    13.7615   3.887930    32.3411       2260 0.0000e+00
     60.000    13.7380   3.885831    32.3410       2287 0.0000e+00
     61.000    13.7179   3.884015    32.3408       2324 0.0000e+00
     62.000    13.7108   3.883335    32.3401       2355 0.0000e+00
     63.000    13.3906   3.853414    32.3318       2468 0.0000e+00
     64.000    13.2256   3.837347    32.3211       4866 0.0000e+00
     63.000    13.3191   3.845823    32.3215       4565 0.0000e+00
     62.000    13.6703   3.878269    32.3272       4529 0.0000e+00
     61.000    13.6769   3.879606    32.3345       4585 0.0000e+00
     60.000    13.7105   3.882467    32.3330       4607 0.0000e+00
     59.000    13.7114   3.882482    32.3329       4634 0.0000e+00
     58.000    13.7079   3.882224    32.3338       4695 0.0000e+00
     57.000    13.7610   3.887117    32.3347       4726 0.0000e+00
     56.000    13.7748   3.888315    32.3346       4746 0.0000e+00
     55.000    13.7905   3.889568    32.3334       4766 0.0000e+00
     54.000    13.7957   3.890037    32.3337       4789 0.0000e+00
     53.000    13.8015   3.890529    32.3339       4819 0.0000e+00
     52.000    13.8063   3.890942    32.3340       4854 0.0000e+00
     51.000    13.8023   3.890595    32.3345       4880 0.0000e+00
     50.000    13.8236   3.892411    32.3338       4901 0.0000e+00
     49.000    13.8370   3.893546    32.3334       4923 0.0000e+00
     48.000    13.8454   3.894243    32.3332       4949 0.0000e+00
     47.000    13.8480   3.894443    32.3332       4981 0.0000e+00
     46.000    13.8488   3.894494    32.3334       5010 0.0000e+00
     45.000    13.8598   3.895412    32.3330       5032 0.0000e+00
     44.000    13.8643   3.895757    32.3328       5052 0.0000e+00
     43.000    13.8837   3.897430    32.3324       5076 0.0000e+00
     42.000    13.8910   3.897970    32.3317       5104 0.0000e+00
     41.000    13.8928   3.898097    32.3317       5133 0.0000e+00
     40.000    13.8920   3.898021    32.3320       5158 0.0000e+00
     39.000    13.8971   3.898437    32.3320       5180 0.0000e+00
     38.000    13.9151   3.899970    32.3313       5204 0.0000e+00
     37.000    13.9318   3.901354    32.3305       5231 0.0000e+00
     36.000    13.9483   3.902732    32.3297       5258 0.0000e+00
     35.000    13.9649   3.904140    32.3292       5284 0.0000e+00
     34.000    13.9953   3.906728    32.3279       5317 0.0000e+00
     33.000    14.0178   3.908619    32.3269       5355 0.0000e+00
     32.000    14.0487   3.911297    32.3260       5384 0.0000e+00
     31.000    14.2347   3.927444    32.3188       6882 0.0000e+00
     30.000    14.2649   3.930061    32.3179       7408 0.0000e+00
     29.000    14.2976   3.932765    32.3158       7418 0.0000e+00
     28.000    14.3579   3.938044    32.3141       7477 0.0000e+00
     27.000    14.5957   3.958486    32.3026       7506 0.0000e+00
     26.000    14.7200   3.968622    32.2919       7529 0.0000e+00
     25.000    14.6944   3.966424    32.2935       7579 0.0000e+00
     24.000    14.8883   3.982886    32.2822       7626 0.0000e+00
     23.000    14.9201   3.985500    32.2799       7648 0.0000e+00
     22.000    14.9511   3.988298    32.2799       7674 0.0000e+00
     21.000    14.9916   3.991665    32.2772       7753 0.0000e+00
     20.000    15.1068   4.002204    32.2774       7777 0.0000e+00
     19.000    15.3355   4.022407    32.2707       7795 0.0000e+00
     18.000    15.6988   4.053010    32.2461       7858 0.0000e+00
     17.000    16.1871   4.096062    32.2294       9316 0.0000e+00
     16.000    17.0048   4.166152    32.1816       9973 0.0000e+00
     15.000    17.8046   4.235742    32.1418       9970 0.0000e+00
     14.000    18.5426   4.299700    32.1013      10018 0.0000e+00
     13.000    19.0849   4.347212    32.0752      10079 0.0000e+00
     12.000    19.0570   4.345143    32.0801      10119 0.0000e+00
     11.000    18.9329   4.335044    32.0930      10160 0.0000e+00
     10.000    18.7854   4.322380    32.1027      10216 0.0000e+00
      9.000    18.7649   4.321325    32.1102      10261 0.0000e+00
      8.000    18.8269   4.326275    32.1035      10291 0.0000e+00
      7.000    18.8843   4.331460    32.1024      10337 0.0000e+00
      6.000    19.0213   4.343514    32.0963      10405 0.0000e+00
      5.000    19.1929   4.358457    32.0872      10431 0.0000e+00
      4.000    19.4047   4.377830    32.0836      12134 0.0000e+00
      3.000    19.3525   4.373188    32.0860      12679 0.0000e+00
      2.000    19.3587   4.373619    32.0851      12845 0.0000e+00
      1.000    19.3570   4.373425    32.0852      12918 0.0000e+00
