HB2303/ctd030.cnv
* Sea-Bird SBE 9 Data File:
* FileName = C:\cruise\data\ctd030.hex
* Software Version Seasave V 7.26.7.121
* Temperature SN = 6664
* Conductivity SN = 6035
* Number of Bytes Per Scan = 37
* Number of Voltage Words = 4
* Number of Scans Averaged by the Deck Unit = 1
* NMEA Latitude = 42 59.47 N
* NMEA Longitude = 070 25.64 W
* NMEA UTC (Time) = Aug 21 2023  22:40:34
* NMEA baud rate = 4800
** Ship: Bigelow HB2303
** Program:   ECOMON
** Chief Scientist: Audy Peoples
# nquan = 6
# nvalues = 195                         
# units = specified
# name 0 = depSM: Depth [salt water, m]
# name 1 = t090C: Temperature [ITS-90, deg C]
# name 2 = c0S/m: Conductivity [S/m]
# name 3 = sal00: Salinity, Practical [PSU]
# name 4 = scan: Scan Count
# name 5 = flag: flag
# span 0 =      1.000,     99.000       
# span 1 =     6.4801,    19.9642       
# span 2 =   3.257679,   4.192460       
# span 3 =    30.1669,    32.4732       
# span 4 =        191,      14615       
# span 5 = 0.0000e+00, 0.0000e+00       
# interval = meters: 1                  
# start_time = Aug 21 2023 22:40:34 [NMEA time, header]
# bad_flag = -9.990e-29
*END*
      3.000    19.3548   4.165798    30.3908        191 0.0000e+00
      4.000    19.1846   4.154154    30.4197        563 0.0000e+00
      5.000    18.9650   4.139758    30.4623        569 0.0000e+00
      6.000    18.8148   4.129620    30.4891        609 0.0000e+00
      7.000    18.5391   4.113047    30.5555        648 0.0000e+00
      8.000    17.9466   4.077123    30.6980        681 0.0000e+00
      9.000    16.1926   3.965300    31.0832        709 0.0000e+00
     10.000    15.7044   3.933479    31.1866        734 0.0000e+00
     11.000    15.4174   3.913581    31.2372        760 0.0000e+00
     12.000    14.9478   3.884401    31.3510        785 0.0000e+00
     13.000    13.8971   3.819369    31.6129        811 0.0000e+00
     14.000    12.4041   3.711274    31.8462        837 0.0000e+00
     15.000    11.1799   3.622118    32.0335        863 0.0000e+00
     16.000    11.0581   3.610214    32.0219        890 0.0000e+00
     17.000    10.9076   3.596598    32.0183        917 0.0000e+00
     18.000    10.8220   3.588675    32.0142        943 0.0000e+00
     19.000    10.6407   3.572737    32.0142        969 0.0000e+00
     20.000    10.4459   3.553965    31.9974        994 0.0000e+00
     21.000    10.0639   3.516802    31.9602       1020 0.0000e+00
     22.000     9.8788   3.498760    31.9411       1047 0.0000e+00
     23.000     9.8141   3.492357    31.9330       1073 0.0000e+00
     24.000     9.7741   3.488803    31.9319       1100 0.0000e+00
     25.000     9.7537   3.486880    31.9300       1126 0.0000e+00
     26.000     9.7214   3.484815    31.9373       1151 0.0000e+00
     27.000     9.7254   3.486199    31.9473       1176 0.0000e+00
     28.000     9.7277   3.486765    31.9506       1203 0.0000e+00
     29.000     9.5363   3.468560    31.9347       1231 0.0000e+00
     30.000     9.4887   3.464282    31.9329       1258 0.0000e+00
     31.000     9.3866   3.454069    31.9187       1285 0.0000e+00
     32.000     9.3032   3.445963    31.9095       1310 0.0000e+00
     33.000     9.2521   3.441982    31.9138       1335 0.0000e+00
     34.000     9.2524   3.442987    31.9234       1361 0.0000e+00
     35.000     9.3114   3.449661    31.9389       1388 0.0000e+00
     36.000     9.3738   3.456686    31.9549       1415 0.0000e+00
     37.000     9.3967   3.459971    31.9677       1442 0.0000e+00
     38.000     9.3689   3.458058    31.9724       1467 0.0000e+00
     39.000     9.3322   3.455395    31.9775       1492 0.0000e+00
     40.000     9.3186   3.454411    31.9791       1519 0.0000e+00
     41.000     9.3044   3.453419    31.9811       1547 0.0000e+00
     42.000     9.2614   3.451033    31.9946       1574 0.0000e+00
     43.000     9.2163   3.448232    32.0058       1600 0.0000e+00
     44.000     9.2004   3.447341    32.0104       1626 0.0000e+00
     45.000     9.1905   3.446803    32.0133       1652 0.0000e+00
     46.000     9.1479   3.443566    32.0177       1679 0.0000e+00
     47.000     9.0787   3.437478    32.0165       1705 0.0000e+00
     48.000     9.0692   3.437364    32.0235       1730 0.0000e+00
     49.000     9.0236   3.435464    32.0444       1755 0.0000e+00
     50.000     8.9870   3.432886    32.0502       1782 0.0000e+00
     51.000     8.9696   3.431441    32.0504       1811 0.0000e+00
     52.000     8.9636   3.430994    32.0508       1839 0.0000e+00
     53.000     8.9527   3.430114    32.0510       1865 0.0000e+00
     54.000     8.9256   3.427675    32.0497       1890 0.0000e+00
     55.000     8.9068   3.426446    32.0535       1915 0.0000e+00
     56.000     8.8923   3.425776    32.0592       1942 0.0000e+00
     57.000     8.8568   3.424238    32.0748       1969 0.0000e+00
     58.000     8.8532   3.423982    32.0750       1997 0.0000e+00
     59.000     8.8511   3.423838    32.0749       2023 0.0000e+00
     60.000     8.8489   3.423681    32.0748       2048 0.0000e+00
     61.000     8.8435   3.423385    32.0762       2073 0.0000e+00
     62.000     8.8347   3.423027    32.0799       2101 0.0000e+00
     63.000     8.8222   3.422270    32.0829       2129 0.0000e+00
     64.000     8.7906   3.420379    32.0914       2157 0.0000e+00
     65.000     8.7651   3.418675    32.0963       2183 0.0000e+00
     66.000     8.7460   3.417381    32.0996       2209 0.0000e+00
     67.000     8.7026   3.414213    32.1055       2236 0.0000e+00
     68.000     8.5455   3.402063    32.1206       2263 0.0000e+00
     69.000     8.5256   3.402107    32.1387       2290 0.0000e+00
     70.000     8.4839   3.398911    32.1427       2316 0.0000e+00
     71.000     8.4291   3.393543    32.1358       2341 0.0000e+00
     72.000     8.3790   3.389231    32.1357       2368 0.0000e+00
     73.000     8.3113   3.383028    32.1318       2397 0.0000e+00
     74.000     8.2195   3.374676    32.1270       2425 0.0000e+00
     75.000     8.2139   3.376017    32.1459       2452 0.0000e+00
     76.000     8.1828   3.373752    32.1500       2477 0.0000e+00
     77.000     8.1265   3.368875    32.1494       2504 0.0000e+00
     78.000     8.0270   3.359769    32.1437       2533 0.0000e+00
     79.000     7.9308   3.351229    32.1408       2561 0.0000e+00
     80.000     8.0040   3.359714    32.1633       2587 0.0000e+00
     81.000     8.1785   3.378931    32.2063       2611 0.0000e+00
     82.000     8.1233   3.375290    32.2180       2636 0.0000e+00
     83.000     8.0103   3.367121    32.2348       2664 0.0000e+00
     84.000     7.9909   3.366565    32.2464       2694 0.0000e+00
     85.000     7.9279   3.362594    32.2617       2723 0.0000e+00
     86.000     7.7645   3.350980    32.2883       2748 0.0000e+00
     87.000     7.5506   3.333606    32.3001       2772 0.0000e+00
     88.000     7.4052   3.323631    32.3276       2799 0.0000e+00
     89.000     7.3779   3.321579    32.3304       2829 0.0000e+00
     90.000     7.2873   3.314752    32.3407       2859 0.0000e+00
     91.000     7.0898   3.300552    32.3711       2885 0.0000e+00
     92.000     6.9606   3.291460    32.3930       2909 0.0000e+00
     93.000     6.8689   3.285047    32.4089       2934 0.0000e+00
     94.000     6.8060   3.280793    32.4211       2959 0.0000e+00
     95.000     6.7791   3.278678    32.4229       2988 0.0000e+00
     96.000     6.7478   3.276357    32.4265       3020 0.0000e+00
     97.000     6.6461   3.269686    32.4490       3050 0.0000e+00
     98.000     6.5348   3.261343    32.4621       3078 0.0000e+00
     99.000     6.4801   3.257679    32.4732       3937 0.0000e+00
     98.000     6.5114   3.258645    32.4546       5128 0.0000e+00
     97.000     6.5742   3.262970    32.4431       5137 0.0000e+00
     96.000     6.7183   3.272927    32.4167       5169 0.0000e+00
     95.000     6.7874   3.277541    32.4026       5198 0.0000e+00
     94.000     6.8114   3.279312    32.3998       5223 0.0000e+00
     93.000     6.8571   3.282388    32.3908       5248 0.0000e+00
     92.000     6.9376   3.288103    32.3780       5274 0.0000e+00
     91.000     7.0324   3.294779    32.3621       5300 0.0000e+00
     90.000     7.1735   3.304957    32.3410       5327 0.0000e+00
     89.000     7.3242   3.315833    32.3184       5353 0.0000e+00
     88.000     7.3990   3.321255    32.3077       5379 0.0000e+00
     87.000     7.3971   3.320785    32.3049       5406 0.0000e+00
     86.000     7.5286   3.330504    32.2876       5432 0.0000e+00
     85.000     7.7642   3.349666    32.2750       5459 0.0000e+00
     84.000     7.8605   3.356371    32.2581       5486 0.0000e+00
     83.000     7.9472   3.361680    32.2351       5512 0.0000e+00
     82.000     7.9914   3.364520    32.2250       5538 0.0000e+00
     81.000     8.0290   3.366585    32.2129       5565 0.0000e+00
     80.000     8.1745   3.378399    32.2048       5591 0.0000e+00
     79.000     8.0192   3.358542    32.1373       5616 0.0000e+00
     78.000     7.9269   3.349537    32.1269       5642 0.0000e+00
     77.000     7.9789   3.354293    32.1301       5667 0.0000e+00
     76.000     8.0769   3.362947    32.1326       5693 0.0000e+00
     75.000     8.1303   3.367577    32.1332       5720 0.0000e+00
     74.000     8.2190   3.375193    32.1330       5748 0.0000e+00
     73.000     8.2043   3.371992    32.1131       5777 0.0000e+00
     72.000     8.2941   3.380235    32.1184       5804 0.0000e+00
     71.000     8.3845   3.388185    32.1202       5829 0.0000e+00
     70.000     8.4292   3.392207    32.1221       5853 0.0000e+00
     69.000     8.4753   3.396510    32.1258       5878 0.0000e+00
     68.000     8.5083   3.399375    32.1263       5903 0.0000e+00
     67.000     8.5341   3.398873    32.0980       5929 0.0000e+00
     66.000     8.6964   3.412431    32.0930       5957 0.0000e+00
     65.000     8.7416   3.415593    32.0855       5986 0.0000e+00
     64.000     8.7573   3.416529    32.0814       6014 0.0000e+00
     63.000     8.7797   3.418105    32.0780       6039 0.0000e+00
     62.000     8.8167   3.420530    32.0702       6064 0.0000e+00
     61.000     8.8300   3.421353    32.0673       6088 0.0000e+00
     60.000     8.8402   3.421757    32.0626       6114 0.0000e+00
     59.000     8.8487   3.422209    32.0602       6140 0.0000e+00
     58.000     8.8561   3.422738    32.0594       6167 0.0000e+00
     57.000     8.8648   3.423254    32.0573       6195 0.0000e+00
     56.000     8.9028   3.425216    32.0438       6221 0.0000e+00
     55.000     8.9344   3.427756    32.0422       6245 0.0000e+00
     54.000     8.9444   3.428345    32.0397       6275 0.0000e+00
     53.000     8.9555   3.429217    32.0392       6312 0.0000e+00
     52.000     8.9667   3.429910    32.0368       6357 0.0000e+00
     51.000     8.9716   3.430018    32.0339       6401 0.0000e+00
     50.000     8.9776   3.430813    32.0372       7519 0.0000e+00
     49.000     8.9698   3.430163    32.0380       8777 0.0000e+00
     48.000     8.9795   3.430728    32.0355       8788 0.0000e+00
     47.000     9.0479   3.434161    32.0099       8827 0.0000e+00
     46.000     9.0334   3.431646    31.9974       8862 0.0000e+00
     45.000     9.1242   3.439832    32.0009       8897 0.0000e+00
     44.000     9.1754   3.443860    31.9970       8930 0.0000e+00
     43.000     9.2025   3.445583    31.9908       8957 0.0000e+00
     42.000     9.2206   3.446562    31.9852       8983 0.0000e+00
     41.000     9.2483   3.448281    31.9785       9007 0.0000e+00
     40.000     9.2784   3.450064    31.9703       9031 0.0000e+00
     39.000     9.2930   3.450812    31.9654       9056 0.0000e+00
     38.000     9.3090   3.451749    31.9612       9083 0.0000e+00
     37.000     9.3439   3.454315    31.9568       9109 0.0000e+00
     36.000     9.3706   3.456155    31.9523       9133 0.0000e+00
     35.000     9.3523   3.453266    31.9394       9158 0.0000e+00
     34.000     9.3270   3.450213    31.9311       9182 0.0000e+00
     33.000     9.3226   3.449384    31.9269       9208 0.0000e+00
     32.000     9.2526   3.441025    31.9040       9234 0.0000e+00
     31.000     9.2264   3.437423    31.8907       9261 0.0000e+00
     30.000     9.3092   3.444125    31.8862       9286 0.0000e+00
     29.000     9.4751   3.460176    31.9034       9311 0.0000e+00
     28.000     9.6120   3.472642    31.9095       9336 0.0000e+00
     27.000     9.7087   3.481107    31.9103       9362 0.0000e+00
     26.000     9.7071   3.479621    31.8971       9389 0.0000e+00
     25.000     9.7340   3.481041    31.8881       9416 0.0000e+00
     24.000     9.7555   3.482554    31.8848       9441 0.0000e+00
     23.000     9.7810   3.484388    31.8814       9465 0.0000e+00
     22.000     9.8381   3.489267    31.8808       9490 0.0000e+00
     21.000     9.8894   3.493572    31.8796       9516 0.0000e+00
     20.000     9.9428   3.499083    31.8886       9543 0.0000e+00
     19.000    10.1876   3.523979    31.9242       9570 0.0000e+00
     18.000    10.6404   3.565485    31.9427       9594 0.0000e+00
     17.000    10.8332   3.581973    31.9385       9619 0.0000e+00
     16.000    10.9581   3.592342    31.9326       9644 0.0000e+00
     15.000    11.0732   3.602533    31.9335       9685 0.0000e+00
     14.000    11.1768   3.611089    31.9282       9728 0.0000e+00
     13.000    11.4177   3.631790    31.9229       9769 0.0000e+00
     12.000    13.2234   3.763953    31.6563       9821 0.0000e+00
     11.000    13.8267   3.806315    31.5510       9894 0.0000e+00
     10.000    14.6041   3.858492    31.3946       9968 0.0000e+00
      9.000    14.8671   3.871547    31.3012      10037 0.0000e+00
      8.000    15.3123   3.901201    31.2116      10111 0.0000e+00
      7.000    19.7595   4.180771    30.2065      11867 0.0000e+00
      6.000    19.5628   4.164895    30.2321      12292 0.0000e+00
      5.000    19.6654   4.171527    30.2117      12383 0.0000e+00
      4.000    19.4900   4.161845    30.2604      12445 0.0000e+00
      3.000    19.5758   4.169151    30.2578      13644 0.0000e+00
      2.000    19.8297   4.183997    30.1950      14521 0.0000e+00
      1.000    19.9642   4.192460    30.1669      14615 0.0000e+00
