HB2303/ctd022.cnv
* Sea-Bird SBE 9 Data File:
* FileName = C:\cruise\data\ctd022.hex
* Software Version Seasave V 7.26.7.121
* Temperature SN = 6664
* Conductivity SN = 6035
* Number of Bytes Per Scan = 37
* Number of Voltage Words = 4
* Number of Scans Averaged by the Deck Unit = 1
* NMEA Latitude = 41 45.05 N
* NMEA Longitude = 065 26.61 W
* NMEA UTC (Time) = Aug 18 2023  14:11:40
* NMEA baud rate = 4800
** Ship: Bigelow HB2303
** Program:   ECOMON
** Chief Scientist: Audy Peoples
# nquan = 6
# nvalues = 999                         
# units = specified
# name 0 = depSM: Depth [salt water, m]
# name 1 = t090C: Temperature [ITS-90, deg C]
# name 2 = c0S/m: Conductivity [S/m]
# name 3 = sal00: Salinity, Practical [PSU]
# name 4 = scan: Scan Count
# name 5 = flag: flag
# span 0 =      3.000,    502.000       
# span 1 =     5.8755,    17.4415       
# span 2 =   3.295279,   4.252085       
# span 3 =    31.6556,    35.5329       
# span 4 =        143,      32704       
# span 5 = 0.0000e+00, 0.0000e+00       
# interval = meters: 1                  
# start_time = Aug 18 2023 14:11:40 [NMEA time, header]
# bad_flag = -9.990e-29
*END*
      3.000    16.9179   4.102441    31.7057        143 0.0000e+00
      4.000    17.4415   4.146019    31.6683        318 0.0000e+00
      5.000    17.0880   4.115948    31.6873        362 0.0000e+00
      6.000    15.6644   4.001136    31.8186        415 0.0000e+00
      7.000    13.6662   3.859634    32.1802        448 0.0000e+00
      8.000    12.6437   3.780329    32.3018        517 0.0000e+00
      9.000    12.5146   3.769395    32.3081        575 0.0000e+00
     10.000    12.4273   3.764213    32.3334        664 0.0000e+00
     11.000    12.1275   3.743704    32.3952        753 0.0000e+00
     12.000    11.8165   3.723905    32.4740        781 0.0000e+00
     13.000    11.5145   3.696132    32.4674        818 0.0000e+00
     14.000    11.3743   3.684381    32.4752        857 0.0000e+00
     15.000    10.9213   3.651197    32.5479        884 0.0000e+00
     16.000    10.7010   3.640840    32.6408        906 0.0000e+00
     17.000    10.4117   3.627711    32.7685        925 0.0000e+00
     18.000    10.3391   3.624196    32.7981        943 0.0000e+00
     19.000    10.1049   3.607358    32.8398        965 0.0000e+00
     20.000     9.7450   3.580350    32.8925       1003 0.0000e+00
     21.000     9.4130   3.551835    32.9041       1045 0.0000e+00
     22.000     9.3625   3.549538    32.9264       1068 0.0000e+00
     23.000     9.3141   3.548188    32.9567       1086 0.0000e+00
     24.000     9.2588   3.545142    32.9758       1102 0.0000e+00
     25.000     9.2166   3.542414    32.9862       1119 0.0000e+00
     26.000     9.1981   3.541629    32.9947       1143 0.0000e+00
     27.000     9.1300   3.535904    32.9979       1183 0.0000e+00
     28.000     8.9887   3.523990    33.0047       1217 0.0000e+00
     29.000     8.7453   3.500985    32.9905       1239 0.0000e+00
     30.000     8.5239   3.481548    32.9927       1259 0.0000e+00
     31.000     8.2706   3.459932    33.0013       1280 0.0000e+00
     32.000     7.9055   3.428628    33.0117       1304 0.0000e+00
     33.000     7.7187   3.411978    33.0097       1330 0.0000e+00
     34.000     7.6267   3.403145    33.0014       1358 0.0000e+00
     35.000     7.4001   3.383297    33.0022       1389 0.0000e+00
     36.000     7.0983   3.358461    33.0201       1416 0.0000e+00
     37.000     6.7002   3.322864    33.0118       1439 0.0000e+00
     38.000     6.4940   3.303852    33.0004       1459 0.0000e+00
     39.000     6.3704   3.295279    33.0243       1479 0.0000e+00
     40.000     6.8372   3.346590    33.1391       1503 0.0000e+00
     41.000     7.1207   3.375800    33.1853       1538 0.0000e+00
     42.000     7.2780   3.393081    33.2218       1572 0.0000e+00
     43.000     7.6666   3.435557    33.3080       1596 0.0000e+00
     44.000     7.9958   3.472915    33.3936       1616 0.0000e+00
     45.000     8.1795   3.495444    33.4579       1635 0.0000e+00
     46.000     8.3166   3.513598    33.5195       1658 0.0000e+00
     47.000     8.5140   3.541671    33.6278       1691 0.0000e+00
     48.000     8.6113   3.555750    33.6831       1728 0.0000e+00
     49.000     8.9629   3.598750    33.7986       1755 0.0000e+00
     50.000     9.1931   3.626371    33.8673       1775 0.0000e+00
     51.000     9.3238   3.642847    33.9137       1794 0.0000e+00
     52.000     9.3830   3.650695    33.9383       1814 0.0000e+00
     53.000     9.4204   3.655697    33.9541       1842 0.0000e+00
     54.000     9.4494   3.659677    33.9672       1876 0.0000e+00
     55.000     9.4623   3.661570    33.9740       1906 0.0000e+00
     56.000     9.5303   3.670728    34.0037       1931 0.0000e+00
     57.000     9.6012   3.680506    34.0367       1952 0.0000e+00
     58.000     9.7627   3.701963    34.1036       1972 0.0000e+00
     59.000    10.0505   3.739677    34.2161       1995 0.0000e+00
     60.000    10.0469   3.740278    34.2253       2026 0.0000e+00
     61.000    10.0498   3.742018    34.2398       2065 0.0000e+00
     62.000    10.1584   3.755859    34.2774       2094 0.0000e+00
     63.000    10.6673   3.819553    34.4391       2115 0.0000e+00
     64.000    11.2145   3.884420    34.5723       2133 0.0000e+00
     65.000    11.3932   3.906342    34.6214       2151 0.0000e+00
     66.000    11.7182   3.948379    34.7306       2172 0.0000e+00
     67.000    11.9294   3.975072    34.7941       2212 0.0000e+00
     68.000    12.0846   3.995971    34.8525       2258 0.0000e+00
     69.000    12.3910   4.035885    34.9535       2281 0.0000e+00
     70.000    12.4732   4.045701    34.9714       2299 0.0000e+00
     71.000    12.5048   4.050583    34.9886       2316 0.0000e+00
     72.000    12.5493   4.056771    35.0064       2335 0.0000e+00
     73.000    12.6106   4.065495    35.0330       2358 0.0000e+00
     74.000    12.6478   4.070581    35.0469       2391 0.0000e+00
     75.000    12.6848   4.075977    35.0639       2435 0.0000e+00
     76.000    12.7425   4.083689    35.0838       2468 0.0000e+00
     77.000    12.7851   4.089271    35.0973       2489 0.0000e+00
     78.000    12.8590   4.099823    35.1292       2505 0.0000e+00
     79.000    12.9829   4.117394    35.1816       2520 0.0000e+00
     80.000    12.9600   4.116364    35.1927       2542 0.0000e+00
     81.000    12.9604   4.117470    35.2025       2589 0.0000e+00
     82.000    12.9701   4.118935    35.2070       2627 0.0000e+00
     83.000    12.9691   4.119018    35.2083       2648 0.0000e+00
     84.000    12.9474   4.116356    35.2026       2665 0.0000e+00
     85.000    12.9189   4.113160    35.1981       2683 0.0000e+00
     86.000    12.9408   4.116568    35.2099       2702 0.0000e+00
     87.000    13.1414   4.142546    35.2704       2731 0.0000e+00
     88.000    13.3746   4.173472    35.3472       2779 0.0000e+00
     89.000    13.4794   4.187190    35.3792       2808 0.0000e+00
     90.000    13.5530   4.197115    35.4043       2829 0.0000e+00
     91.000    13.6424   4.208099    35.4245       2850 0.0000e+00
     92.000    13.7884   4.227867    35.4746       2873 0.0000e+00
     93.000    13.9044   4.242071    35.5001       2899 0.0000e+00
     94.000    13.9181   4.244163    35.5065       2924 0.0000e+00
     95.000    13.9376   4.247173    35.5163       2950 0.0000e+00
     96.000    13.9635   4.250817    35.5260       2982 0.0000e+00
     97.000    13.9709   4.252085    35.5306       3015 0.0000e+00
     98.000    13.9152   4.246856    35.5327       3041 0.0000e+00
     99.000    13.8889   4.244006    35.5301       3064 0.0000e+00
    100.000    13.7498   4.228242    35.5106       3086 0.0000e+00
    101.000    13.3657   4.182769    35.4378       3108 0.0000e+00
    102.000    13.1108   4.154748    35.4088       3134 0.0000e+00
    103.000    13.0730   4.150434    35.4027       3170 0.0000e+00
    104.000    13.0487   4.147408    35.3960       3206 0.0000e+00
    105.000    13.0399   4.146575    35.3959       3229 0.0000e+00
    106.000    13.0372   4.146379    35.3960       3246 0.0000e+00
    107.000    13.0363   4.146295    35.3957       3263 0.0000e+00
    108.000    13.0361   4.146308    35.3956       3287 0.0000e+00
    109.000    13.0339   4.146062    35.3948       3333 0.0000e+00
    110.000    13.0306   4.145688    35.3939       3367 0.0000e+00
    111.000    13.0226   4.144758    35.3921       3387 0.0000e+00
    112.000    13.0178   4.144406    35.3928       3407 0.0000e+00
    113.000    13.0150   4.144287    35.3939       3429 0.0000e+00
    114.000    13.0181   4.144811    35.3955       3458 0.0000e+00
    115.000    13.0184   4.144891    35.3955       3489 0.0000e+00
    116.000    13.0147   4.144479    35.3946       3514 0.0000e+00
    117.000    13.0062   4.143558    35.3933       3538 0.0000e+00
    118.000    12.9989   4.142793    35.3925       3563 0.0000e+00
    119.000    12.9972   4.142637    35.3921       3591 0.0000e+00
    120.000    12.9951   4.142441    35.3917       3622 0.0000e+00
    121.000    12.9928   4.142204    35.3912       3648 0.0000e+00
    122.000    12.9870   4.141603    35.3904       3672 0.0000e+00
    123.000    12.9837   4.141310    35.3903       3695 0.0000e+00
    124.000    12.9906   4.142337    35.3932       3727 0.0000e+00
    125.000    12.9999   4.143596    35.3961       3766 0.0000e+00
    126.000    13.0334   4.148115    35.4075       3790 0.0000e+00
    127.000    13.0989   4.156834    35.4291       3808 0.0000e+00
    128.000    13.1935   4.168815    35.4543       3824 0.0000e+00
    129.000    13.2331   4.174160    35.4678       3846 0.0000e+00
    130.000    13.2662   4.178691    35.4795       3881 0.0000e+00
    131.000    13.2485   4.176906    35.4787       3919 0.0000e+00
    132.000    13.1917   4.170001    35.4656       3947 0.0000e+00
    133.000    13.1933   4.171069    35.4738       3969 0.0000e+00
    134.000    13.2352   4.176469    35.4856       3991 0.0000e+00
    135.000    13.2501   4.178318    35.4888       4014 0.0000e+00
    136.000    13.2340   4.176428    35.4855       4042 0.0000e+00
    137.000    13.1976   4.172018    35.4771       4074 0.0000e+00
    138.000    13.1574   4.166756    35.4641       4104 0.0000e+00
    139.000    12.8838   4.134711    35.4137       4129 0.0000e+00
    140.000    12.8674   4.132947    35.4118       4152 0.0000e+00
    141.000    12.8947   4.136303    35.4179       4175 0.0000e+00
    142.000    12.9328   4.140970    35.4265       4202 0.0000e+00
    143.000    12.9346   4.141201    35.4265       4233 0.0000e+00
    144.000    12.9316   4.140879    35.4259       4263 0.0000e+00
    145.000    12.9336   4.141216    35.4268       4287 0.0000e+00
    146.000    12.9161   4.139275    35.4241       4309 0.0000e+00
    147.000    12.9175   4.139609    35.4256       4331 0.0000e+00
    148.000    12.9579   4.144835    35.4373       4362 0.0000e+00
    149.000    13.0722   4.160157    35.4762       4398 0.0000e+00
    150.000    13.0925   4.162974    35.4836       4423 0.0000e+00
    151.000    12.8542   4.133655    35.4261       4444 0.0000e+00
    152.000    12.6506   4.110587    35.3953       4467 0.0000e+00
    153.000    12.5486   4.098838    35.3775       4496 0.0000e+00
    154.000    12.5691   4.101439    35.3829       4529 0.0000e+00
    155.000    12.6815   4.115588    35.4130       4557 0.0000e+00
    156.000    12.7091   4.119048    35.4199       4580 0.0000e+00
    157.000    12.7296   4.121776    35.4265       4601 0.0000e+00
    158.000    12.7423   4.123519    35.4309       4622 0.0000e+00
    159.000    12.7419   4.123611    35.4317       4647 0.0000e+00
    160.000    12.6779   4.115940    35.4176       4695 0.0000e+00
    161.000    12.6373   4.111090    35.4086       4727 0.0000e+00
    162.000    12.5619   4.102331    35.3947       4746 0.0000e+00
    163.000    12.6024   4.108225    35.4130       4763 0.0000e+00
    164.000    12.6404   4.112781    35.4207       4782 0.0000e+00
    165.000    12.6196   4.110284    35.4158       4806 0.0000e+00
    166.000    12.5672   4.104217    35.4062       4837 0.0000e+00
    167.000    12.5141   4.098052    35.3962       4873 0.0000e+00
    168.000    12.5472   4.102673    35.4092       4908 0.0000e+00
    169.000    12.6311   4.113407    35.4333       4936 0.0000e+00
    170.000    12.7988   4.135305    35.4857       4957 0.0000e+00
    171.000    12.9520   4.154176    35.5221       4975 0.0000e+00
    172.000    12.9596   4.154946    35.5220       4993 0.0000e+00
    173.000    12.8016   4.136751    35.4956       5014 0.0000e+00
    174.000    12.6816   4.122834    35.4743       5052 0.0000e+00
    175.000    12.6330   4.117124    35.4647       5094 0.0000e+00
    176.000    12.5793   4.110685    35.4528       5120 0.0000e+00
    177.000    12.5390   4.106104    35.4461       5141 0.0000e+00
    178.000    12.5054   4.102461    35.4422       5161 0.0000e+00
    179.000    12.4306   4.093235    35.4231       5182 0.0000e+00
    180.000    12.1468   4.061798    35.3857       5207 0.0000e+00
    181.000    12.0411   4.049656    35.3670       5242 0.0000e+00
    182.000    12.0049   4.045221    35.3576       5280 0.0000e+00
    183.000    11.9889   4.043453    35.3550       5306 0.0000e+00
    184.000    11.9766   4.042108    35.3531       5326 0.0000e+00
    185.000    11.9674   4.040996    35.3505       5345 0.0000e+00
    186.000    11.9572   4.039877    35.3488       5366 0.0000e+00
    187.000    11.9534   4.039405    35.3474       5392 0.0000e+00
    188.000    11.9478   4.038739    35.3456       5425 0.0000e+00
    189.000    11.9399   4.037870    35.3442       5456 0.0000e+00
    190.000    11.9319   4.037054    35.3434       5483 0.0000e+00
    191.000    11.9147   4.035219    35.3413       5510 0.0000e+00
    192.000    11.8934   4.033039    35.3397       5535 0.0000e+00
    193.000    11.8907   4.032722    35.3388       5558 0.0000e+00
    194.000    11.8453   4.027931    35.3344       5583 0.0000e+00
    195.000    11.7911   4.022412    35.3313       5613 0.0000e+00
    196.000    11.7027   4.013328    35.3257       5646 0.0000e+00
    197.000    11.6005   4.003144    35.3223       5672 0.0000e+00
    198.000    11.5663   3.999955    35.3230       5693 0.0000e+00
    199.000    11.5570   3.999134    35.3233       5715 0.0000e+00
    200.000    11.5398   3.997548    35.3236       5740 0.0000e+00
    201.000    11.5211   3.995643    35.3222       5769 0.0000e+00
    202.000    11.4963   3.993021    35.3194       5796 0.0000e+00
    203.000    11.4313   3.986200    35.3136       5825 0.0000e+00
    204.000    11.3975   3.982537    35.3092       5854 0.0000e+00
    205.000    11.3713   3.979557    35.3042       5881 0.0000e+00
    206.000    11.3327   3.975389    35.2994       5905 0.0000e+00
    207.000    11.2761   3.969035    35.2900       5930 0.0000e+00
    208.000    11.1454   3.954975    35.2748       5957 0.0000e+00
    209.000    11.0896   3.948816    35.2665       5984 0.0000e+00
    210.000    11.0396   3.943407    35.2599       6009 0.0000e+00
    211.000    10.9965   3.938660    35.2535       6037 0.0000e+00
    212.000    10.9292   3.931291    35.2439       6067 0.0000e+00
    213.000    10.8972   3.927722    35.2384       6093 0.0000e+00
    214.000    10.8633   3.924022    35.2335       6116 0.0000e+00
    215.000    10.8598   3.923564    35.2318       6140 0.0000e+00
    216.000    10.8048   3.917479    35.2232       6167 0.0000e+00
    217.000    10.7790   3.914645    35.2190       6195 0.0000e+00
    218.000    10.7625   3.912750    35.2155       6219 0.0000e+00
    219.000    10.7294   3.909082    35.2100       6243 0.0000e+00
    220.000    10.6398   3.899265    35.1970       6276 0.0000e+00
    221.000    10.5626   3.890806    35.1857       6313 0.0000e+00
    222.000    10.4596   3.879209    35.1674       6339 0.0000e+00
    223.000    10.3649   3.869195    35.1570       6358 0.0000e+00
    224.000    10.3309   3.865389    35.1508       6377 0.0000e+00
    225.000    10.2636   3.858052    35.1408       6401 0.0000e+00
    226.000    10.2112   3.852147    35.1311       6439 0.0000e+00
    227.000    10.1477   3.844997    35.1193       6470 0.0000e+00
    228.000    10.0547   3.834678    35.1037       6492 0.0000e+00
    229.000     9.9489   3.823125    35.0877       6513 0.0000e+00
    230.000     9.8931   3.817084    35.0796       6537 0.0000e+00
    231.000     9.9145   3.820210    35.0903       6570 0.0000e+00
    232.000    10.0608   3.838052    35.1304       6606 0.0000e+00
    233.000    10.0353   3.835371    35.1273       6631 0.0000e+00
    234.000    10.0304   3.835208    35.1299       6652 0.0000e+00
    235.000    10.0310   3.835479    35.1316       6674 0.0000e+00
    236.000    10.0237   3.834742    35.1307       6699 0.0000e+00
    237.000     9.9904   3.831164    35.1260       6729 0.0000e+00
    238.000     9.9417   3.825816    35.1181       6763 0.0000e+00
    239.000     9.9214   3.823852    35.1172       6792 0.0000e+00
    240.000     9.9654   3.829721    35.1342       6816 0.0000e+00
