HB2303/ctd008.cnv
* Sea-Bird SBE 9 Data File:
* FileName = C:\cruise\data\ctd008.hex
* Software Version Seasave V 7.26.7.121
* Temperature SN = 6664
* Conductivity SN = 6035
* Number of Bytes Per Scan = 37
* Number of Voltage Words = 4
* Number of Scans Averaged by the Deck Unit = 1
* NMEA Latitude = 37 41.91 N
* NMEA Longitude = 074 15.52 W
* NMEA UTC (Time) = Aug 12 2023  19:50:27
* NMEA baud rate = 4800
** Ship: Bigelow HB2303
** Program:   ECOMON
** Chief Scientist: Audy Peoples
# nquan = 6
# nvalues = 215                         
# units = specified
# name 0 = depSM: Depth [salt water, m]
# name 1 = t090C: Temperature [ITS-90, deg C]
# name 2 = c0S/m: Conductivity [S/m]
# name 3 = sal00: Salinity, Practical [PSU]
# name 4 = scan: Scan Count
# name 5 = flag: flag
# span 0 =      3.000,    110.000       
# span 1 =     9.8537,    25.9184       
# span 2 =   3.632131,   5.039304       
# span 3 =    32.3616,    35.7875       
# span 4 =        391,      14384       
# span 5 = 0.0000e+00, 0.0000e+00       
# interval = meters: 1                  
# start_time = Aug 12 2023 19:50:27 [NMEA time, header]
# bad_flag = -9.990e-29
*END*
      3.000    25.3801   4.994113    32.4163        391 0.0000e+00
      4.000    25.3982   4.994778    32.4079        745 0.0000e+00
      5.000    25.4246   4.995075    32.3910        793 0.0000e+00
      6.000    25.3900   4.993943    32.4071        836 0.0000e+00
      7.000    25.3238   4.991456    32.4359        871 0.0000e+00
      8.000    25.2987   4.990357    32.4455        909 0.0000e+00
      9.000    25.1518   4.989463    32.5439        954 0.0000e+00
     10.000    24.9412   4.989648    32.6967        995 0.0000e+00
     11.000    24.5630   4.982293    32.9175       1031 0.0000e+00
     12.000    23.6319   4.929135    33.2091       1061 0.0000e+00
     13.000    22.9664   4.903436    33.5159       1091 0.0000e+00
     14.000    22.1713   4.858013    33.7771       1118 0.0000e+00
     15.000    21.6875   4.829260    33.9297       1146 0.0000e+00
     16.000    21.3181   4.807068    34.0457       1176 0.0000e+00
     17.000    20.1555   4.715018    34.2384       1206 0.0000e+00
     18.000    18.8183   4.588432    34.2911       1231 0.0000e+00
     19.000    18.2798   4.533741    34.2784       1254 0.0000e+00
     20.000    17.3370   4.434284    34.2202       1279 0.0000e+00
     21.000    16.5450   4.348695    34.1483       1307 0.0000e+00
     22.000    16.2914   4.320856    34.1197       1336 0.0000e+00
     23.000    15.9928   4.290770    34.1092       1363 0.0000e+00
     24.000    15.4202   4.232091    34.0787       1389 0.0000e+00
     25.000    14.6398   4.147085    33.9865       1416 0.0000e+00
     26.000    12.6149   3.930687    33.7523       1441 0.0000e+00
     27.000    11.7363   3.837599    33.6461       1467 0.0000e+00
     28.000    11.5758   3.816152    33.5811       1494 0.0000e+00
     29.000    11.2365   3.778382    33.5172       1523 0.0000e+00
     30.000    11.0781   3.760903    33.4881       1552 0.0000e+00
     31.000    11.0402   3.756637    33.4799       1577 0.0000e+00
     32.000    10.9515   3.746401    33.4586       1601 0.0000e+00
     33.000    10.7485   3.724276    33.4231       1626 0.0000e+00
     34.000    10.5939   3.707768    33.3989       1654 0.0000e+00
     35.000    10.5153   3.699238    33.3849       1683 0.0000e+00
     36.000    10.4421   3.691485    33.3736       1710 0.0000e+00
     37.000    10.3728   3.683990    33.3613       1736 0.0000e+00
     38.000    10.3003   3.675877    33.3456       1763 0.0000e+00
     39.000    10.1304   3.658535    33.3259       1789 0.0000e+00
     40.000    10.0539   3.651127    33.3208       1814 0.0000e+00
     41.000     9.9467   3.640002    33.3061       1840 0.0000e+00
     42.000     9.9185   3.636922    33.3004       1870 0.0000e+00
     43.000     9.8739   3.634010    33.3114       1901 0.0000e+00
     44.000     9.8537   3.633417    33.3235       1929 0.0000e+00
     45.000     9.8797   3.637152    33.3371       1955 0.0000e+00
     46.000     9.9056   3.640803    33.3500       1978 0.0000e+00
     47.000     9.9075   3.641472    33.3545       2002 0.0000e+00
     48.000     9.9286   3.645238    33.3730       2028 0.0000e+00
     49.000    10.0504   3.662035    33.4308       2060 0.0000e+00
     50.000    10.1428   3.674168    33.4681       2092 0.0000e+00
     51.000    10.2902   3.694043    33.5325       2120 0.0000e+00
     52.000    10.3823   3.706299    33.5708       2144 0.0000e+00
     53.000    10.4815   3.718736    33.6040       2167 0.0000e+00
     54.000    10.6313   3.738628    33.6651       2192 0.0000e+00
     55.000    10.6652   3.744223    33.6895       2220 0.0000e+00
     56.000    10.7201   3.752023    33.7165       2251 0.0000e+00
     57.000    10.8417   3.767805    33.7615       2281 0.0000e+00
     58.000    10.9632   3.783803    33.8086       2310 0.0000e+00
     59.000    11.0929   3.800341    33.8530       2337 0.0000e+00
     60.000    11.1242   3.804684    33.8669       2362 0.0000e+00
     61.000    11.2198   3.817299    33.9034       2388 0.0000e+00
     62.000    11.3545   3.834956    33.9536       2413 0.0000e+00
     63.000    11.3825   3.839363    33.9708       2440 0.0000e+00
     64.000    11.3922   3.841263    33.9802       2468 0.0000e+00
     65.000    11.5265   3.859823    34.0389       2501 0.0000e+00
     66.000    11.8083   3.897195    34.1457       2533 0.0000e+00
     67.000    11.9329   3.913035    34.1855       2559 0.0000e+00
     68.000    11.9732   3.918691    34.2031       2584 0.0000e+00
     69.000    12.1137   3.938411    34.2655       2609 0.0000e+00
     70.000    12.2754   3.962197    34.3472       2638 0.0000e+00
     71.000    12.4012   3.981264    34.4156       2669 0.0000e+00
     72.000    12.4764   3.993778    34.4668       2700 0.0000e+00
     73.000    12.4634   3.993734    34.4779       2730 0.0000e+00
     74.000    12.4294   3.990585    34.4783       2756 0.0000e+00
     75.000    12.3955   3.988837    34.4922       2780 0.0000e+00
     76.000    12.3970   3.989601    34.4977       2804 0.0000e+00
     77.000    12.4090   3.991511    34.5047       2833 0.0000e+00
     78.000    12.4418   3.996429    34.5216       2866 0.0000e+00
     79.000    12.4985   4.004251    34.5443       2895 0.0000e+00
     80.000    12.5798   4.015326    34.5758       2923 0.0000e+00
     81.000    12.6343   4.023290    34.6017       2952 0.0000e+00
     82.000    12.8530   4.053668    34.6914       2983 0.0000e+00
     83.000    13.2835   4.111986    34.8506       3010 0.0000e+00
     84.000    13.7683   4.177332    35.0223       3034 0.0000e+00
     85.000    14.3063   4.251097    35.2182       3059 0.0000e+00
     86.000    14.6851   4.303799    35.3593       3099 0.0000e+00
     87.000    14.9794   4.344295    35.4626       3145 0.0000e+00
     88.000    15.0203   4.350312    35.4800       3178 0.0000e+00
     89.000    15.0791   4.358880    35.5044       3209 0.0000e+00
     90.000    15.1675   4.371640    35.5399       3250 0.0000e+00
     91.000    15.3445   4.397928    35.6177       3296 0.0000e+00
     92.000    15.4771   4.419246    35.6899       3329 0.0000e+00
     93.000    15.6683   4.449317    35.7875       3359 0.0000e+00
     94.000    15.4797   4.427540    35.7619       3392 0.0000e+00
     95.000    15.1050   4.384095    35.7082       3432 0.0000e+00
     96.000    14.9386   4.366396    35.6983       3471 0.0000e+00
     97.000    14.8579   4.361163    35.7239       3510 0.0000e+00
     98.000    14.8124   4.359071    35.7460       3554 0.0000e+00
     99.000    14.7679   4.355051    35.7496       3589 0.0000e+00
    100.000    14.7569   4.354997    35.7588       3619 0.0000e+00
    101.000    14.6993   4.351536    35.7795       3669 0.0000e+00
    102.000    14.4756   4.329027    35.7777       3732 0.0000e+00
    103.000    14.3338   4.314131    35.7703       3769 0.0000e+00
    104.000    14.1087   4.289765    35.7519       3809 0.0000e+00
    105.000    13.9164   4.269542    35.7411       3852 0.0000e+00
    106.000    13.8371   4.261255    35.7369       3892 0.0000e+00
    107.000    13.7972   4.256976    35.7335       3999 0.0000e+00
    108.000    13.7803   4.254981    35.7301       4345 0.0000e+00
    109.000    13.7711   4.254002    35.7290       4864 0.0000e+00
    110.000    13.7673   4.253476    35.7273       6318 0.0000e+00
    109.000    13.7649   4.253352    35.7287       7088 0.0000e+00
    108.000    13.7656   4.253282    35.7278       6857 0.0000e+00
    107.000    13.7860   4.255224    35.7275       6903 0.0000e+00
    106.000    13.8260   4.259396    35.7298       6933 0.0000e+00
    105.000    13.9266   4.269956    35.7355       6961 0.0000e+00
    104.000    14.0197   4.279756    35.7411       6989 0.0000e+00
    103.000    14.2672   4.306337    35.7596       7020 0.0000e+00
    102.000    14.4161   4.321660    35.7645       7057 0.0000e+00
    101.000    14.5160   4.332691    35.7747       7091 0.0000e+00
    100.000    14.6725   4.348681    35.7783       7119 0.0000e+00
     99.000    14.8011   4.358724    35.7528       7148 0.0000e+00
     98.000    14.8345   4.360607    35.7398       7180 0.0000e+00
     97.000    14.8729   4.362152    35.7192       7214 0.0000e+00
     96.000    14.9283   4.365713    35.7015       7243 0.0000e+00
     95.000    15.1910   4.394917    35.7284       7268 0.0000e+00
     94.000    15.4623   4.426038    35.7641       7290 0.0000e+00
     93.000    15.5558   4.434454    35.7556       7311 0.0000e+00
     92.000    15.3499   4.400142    35.6324       7333 0.0000e+00
     91.000    15.2369   4.382937    35.5792       7359 0.0000e+00
     90.000    15.1007   4.363544    35.5269       7387 0.0000e+00
     89.000    15.0275   4.353300    35.5003       7412 0.0000e+00
     88.000    14.9288   4.339711    35.4663       7434 0.0000e+00
     87.000    14.8550   4.329592    35.4412       7455 0.0000e+00
     86.000    14.7124   4.309738    35.3892       7479 0.0000e+00
     85.000    14.5033   4.278334    35.2905       7507 0.0000e+00
     84.000    13.6644   4.164256    34.9951       7537 0.0000e+00
     83.000    13.4135   4.129972    34.9016       7562 0.0000e+00
     82.000    12.9950   4.074014    34.7552       7584 0.0000e+00
     81.000    12.7816   4.045656    34.6809       7605 0.0000e+00
     80.000    12.7170   4.037139    34.6590       7627 0.0000e+00
     79.000    12.6823   4.032025    34.6423       7650 0.0000e+00
     78.000    12.6050   4.021055    34.6086       7676 0.0000e+00
     77.000    12.4904   4.005212    34.5619       7704 0.0000e+00
     76.000    12.4397   3.998026    34.5398       7730 0.0000e+00
     75.000    12.4154   3.994246    34.5261       7754 0.0000e+00
     74.000    12.4114   3.992132    34.5098       7778 0.0000e+00
     73.000    12.4470   3.994875    34.5039       7802 0.0000e+00
     72.000    12.4810   3.996585    34.4896       7829 0.0000e+00
     71.000    12.4207   3.985357    34.4372       7855 0.0000e+00
     70.000    12.2712   3.961977    34.3489       7880 0.0000e+00
     69.000    12.0503   3.930339    34.2453       7904 0.0000e+00
     68.000    11.9765   3.920913    34.2218       7926 0.0000e+00
     67.000    11.9478   3.916814    34.2087       7949 0.0000e+00
     66.000    11.8769   3.907110    34.1795       7973 0.0000e+00
     65.000    11.6224   3.872610    34.0762       7999 0.0000e+00
     64.000    11.4207   3.847154    34.0120       8029 0.0000e+00
     63.000    11.3976   3.843834    34.0010       8060 0.0000e+00
     62.000    11.3166   3.831766    33.9568       8089 0.0000e+00
     61.000    11.1509   3.810522    33.8997       8113 0.0000e+00
     60.000    11.1215   3.806261    33.8851       8135 0.0000e+00
     59.000    11.0623   3.797595    33.8540       8156 0.0000e+00
     58.000    11.0001   3.789784    33.8341       8180 0.0000e+00
     57.000    10.9690   3.785899    33.8246       8208 0.0000e+00
     56.000    10.9512   3.783322    33.8158       8239 0.0000e+00
     55.000    10.8191   3.765580    33.7611       8267 0.0000e+00
     54.000    10.6859   3.747571    33.7042       8659 0.0000e+00
     53.000    10.8632   3.770827    33.7737      10476 0.0000e+00
     52.000    10.7363   3.753361    33.7167      10495 0.0000e+00
     51.000    10.6093   3.735469    33.6550      10523 0.0000e+00
     50.000    10.5354   3.724473    33.6132      10559 0.0000e+00
     49.000    10.4266   3.710282    33.5713      10592 0.0000e+00
     48.000    10.2818   3.691687    33.5178      10619 0.0000e+00
     47.000    10.2145   3.682457    33.4871      10643 0.0000e+00
     46.000    10.1490   3.673587    33.4583      10665 0.0000e+00
     45.000    10.0723   3.662520    33.4173      10688 0.0000e+00
     44.000     9.9683   3.647596    33.3621      10712 0.0000e+00
     43.000     9.9365   3.642455    33.3396      10739 0.0000e+00
     42.000     9.9230   3.640147    33.3290      10766 0.0000e+00
     41.000     9.8873   3.634607    33.3060      10790 0.0000e+00
     40.000     9.8818   3.632131    33.2863      10812 0.0000e+00
     39.000     9.9235   3.635011    33.2776      10834 0.0000e+00
     38.000     9.9700   3.638812    33.2739      10858 0.0000e+00
     37.000    10.0485   3.646993    33.2851      10886 0.0000e+00
     36.000    10.2207   3.663424    33.2938      10915 0.0000e+00
     35.000    10.3241   3.674165    33.3078      10942 0.0000e+00
     34.000    10.4000   3.681764    33.3152      10965 0.0000e+00
     33.000    10.4665   3.688888    33.3264      10988 0.0000e+00
     32.000    10.5713   3.699181    33.3343      11012 0.0000e+00
     31.000    10.7619   3.719988    33.3688      11038 0.0000e+00
     30.000    11.1846   3.763745    33.4192      11065 0.0000e+00
     29.000    11.6064   3.808553    33.4786      11091 0.0000e+00
     28.000    11.8382   3.833443    33.5130      11116 0.0000e+00
     27.000    11.9730   3.849196    33.5452      11142 0.0000e+00
     26.000    12.1847   3.872709    33.5830      11168 0.0000e+00
     25.000    14.4076   4.113572    33.8850      12043 0.0000e+00
     24.000    15.3666   4.216455    33.9847      12737 0.0000e+00
     23.000    15.9179   4.272779    34.0136      12757 0.0000e+00
     22.000    16.3246   4.315123    34.0407      12798 0.0000e+00
     21.000    16.7770   4.363861    34.0833      12835 0.0000e+00
     20.000    17.7673   4.470141    34.1660      12872 0.0000e+00
     19.000    18.5979   4.555776    34.1995      12907 0.0000e+00
     18.000    19.6126   4.655176    34.1905      12941 0.0000e+00
     17.000    21.1911   4.785642    33.9760      12976 0.0000e+00
     16.000    21.7494   4.821780    33.8218      13017 0.0000e+00
     15.000    22.1203   4.843922    33.7064      13061 0.0000e+00
     14.000    23.0896   4.897176    33.3739      13103 0.0000e+00
     13.000    23.9035   4.932779    33.0337      13140 0.0000e+00
     12.000    24.8980   4.972607    32.6023      13181 0.0000e+00
     11.000    25.2930   4.988318    32.4338      13222 0.0000e+00
     10.000    25.3355   4.991871    32.4297      13259 0.0000e+00
      9.000    25.4028   4.993278    32.3923      13300 0.0000e+00
      8.000    25.4273   4.996113    32.3958      13348 0.0000e+00
      7.000    25.4518   4.997632    32.3896      13390 0.0000e+00
      6.000    25.4599   4.997600    32.3840      13429 0.0000e+00
      5.000    25.4618   4.997778    32.3842      13467 0.0000e+00
      4.000    25.4543   4.997679    32.3891      13508 0.0000e+00
      3.000    25.9184   5.039304    32.3616      14384 0.0000e+00
