HB2303/sbe023.cnv
* Sea-Bird SBE 19plus V2 Data File:
* FileName = C:\cruise\data\sbe023.hex
* Software Version Seasave V 7.26.7.121
* Temperature SN = 6128
* Conductivity SN = 6128
* System UpLoad Time = Aug 10 2023 23:45:37
* NMEA Latitude = 38 22.25 N
* NMEA Longitude = 074 40.95 W
* NMEA UTC (Time) = Aug 10 2023 23:45:32
** Ship: Henry Bigelow
** Cruise:  HB2303
** Program:  ECOMON
# nquan = 7
# nvalues = 1182                                  
# units = specified
# name 0 = depSM: Depth [salt water, m]
# name 1 = tv290C: Temperature [ITS-90, deg C]
# name 2 = c0S/m: Conductivity [S/m]
# name 3 = sal00: Salinity, Practical [PSU]
# name 4 = scan: Scan Count
# name 5 = timeM: Time, Elapsed [minutes]
# name 6 = flag:  0.000e+00
# span 0 =     -0.282,     27.090                 
# span 1 =    11.0267,    24.6272                 
# span 2 =   0.000094,   4.589941                 
# span 3 =     0.0117,    32.9138                 
# span 4 =         11,       1192                 
# span 5 =     0.0417,     4.9625                 
# span 6 = 0.0000e+00, 0.0000e+00                 
# interval = seconds: 0.25
# start_time = Aug 10 2023 23:45:32 [NMEA time, header]
# bad_flag = -9.990e-29
*END*
[from data line 411]
     26.378    11.0680   3.699130    32.8869        422     1.7542  0.000e+00
     26.345    11.0723   3.699260    32.8844        423     1.7583  0.000e+00
     26.311    11.0757   3.699577    32.8845        424     1.7625  0.000e+00
     26.275    11.0789   3.699901    32.8849        425     1.7667  0.000e+00
     26.250    11.0829   3.700264    32.8848        426     1.7708  0.000e+00
     26.224    11.0869   3.700400    32.8827        427     1.7750  0.000e+00
     26.194    11.0906   3.700536    32.8807        428     1.7792  0.000e+00
     26.163    11.0937   3.700815    32.8807        429     1.7833  0.000e+00
     26.121    11.0971   3.701048    32.8800        430     1.7875  0.000e+00
     26.071    11.1005   3.701430    32.8807        431     1.7917  0.000e+00
     26.015    11.1046   3.702091    32.8836        432     1.7958  0.000e+00
     25.946    11.1110   3.703186    32.8888        433     1.8000  0.000e+00
     25.874    11.1209   3.704437    32.8923        434     1.8042  0.000e+00
     25.796    11.1337   3.705150    32.8879        435     1.8083  0.000e+00
     25.715    11.1459   3.706025    32.8857        436     1.8125  0.000e+00
     25.637    11.1575   3.706816    32.8832        437     1.8167  0.000e+00
     25.556    11.1688   3.707529    32.8802        438     1.8208  0.000e+00
     25.475    11.1794   3.708287    32.8781        439     1.8250  0.000e+00
     25.395    11.1902   3.709228    32.8778        440     1.8292  0.000e+00
     25.330    11.2018   3.710194    32.8770        441     1.8333  0.000e+00
     25.283    11.2137   3.711011    32.8745        442     1.8375  0.000e+00
     25.238    11.2257   3.712042    32.8739        443     1.8417  0.000e+00
     25.213    11.2382   3.712788    32.8702        444     1.8458  0.000e+00
     25.187    11.2502   3.713327    32.8648        445     1.8500  0.000e+00
     25.180    11.2602   3.713807    32.8606        446     1.8542  0.000e+00
     25.169    11.2689   3.714365    32.8584        447     1.8583  0.000e+00
     25.167    11.2768   3.714910    32.8567        448     1.8625  0.000e+00
     25.153    11.2845   3.715370    32.8544        449     1.8667  0.000e+00
     25.144    11.2917   3.715759    32.8518        450     1.8708  0.000e+00
     25.127    11.2983   3.716129    32.8496        451     1.8750  0.000e+00
     25.104    11.3043   3.716402    32.8469        452     1.8792  0.000e+00
     25.080    11.3095   3.716882    32.8470        453     1.8833  0.000e+00
     25.044    11.3151   3.717570    32.8487        454     1.8875  0.000e+00
     25.010    11.3225   3.718622    32.8525        455     1.8917  0.000e+00
     24.975    11.3327   3.720004    32.8570        456     1.8958  0.000e+00
     24.932    11.3460   3.720647    32.8515        457     1.9000  0.000e+00
     24.898    11.3590   3.721666    32.8500        458     1.9042  0.000e+00
     24.858    11.3718   3.722485    32.8467        459     1.9083  0.000e+00
     24.822    11.3843   3.722972    32.8404        460     1.9125  0.000e+00
     24.780    11.3950   3.723725    32.8383        461     1.9167  0.000e+00
     24.737    11.4056   3.725804    32.8493        462     1.9208  0.000e+00
     24.686    11.4220   3.727987    32.8561        463     1.9250  0.000e+00
     24.636    11.4447   3.729865    32.8544        464     1.9292  0.000e+00
     24.570    11.4697   3.732920    32.8621        465     1.9333  0.000e+00
     24.502    11.5011   3.735254    32.8571        466     1.9375  0.000e+00
     24.430    11.5366   3.737289    32.8456        467     1.9417  0.000e+00
     24.365    11.5697   3.739085    32.8338        468     1.9458  0.000e+00
     24.300    11.5995   3.740379    32.8200        469     1.9500  0.000e+00
     24.234    11.6253   3.742182    32.8148        470     1.9542  0.000e+00
     24.186    11.6508   3.744544    32.8153        471     1.9583  0.000e+00
     24.144    11.6796   3.746979    32.8136        472     1.9625  0.000e+00
     24.113    11.7119   3.750209    32.8165        473     1.9667  0.000e+00
     24.088    11.7515   3.753890    32.8174        474     1.9708  0.000e+00
     24.072    11.7968   3.755362    32.7917        475     1.9750  0.000e+00
     24.059    11.8354   3.756724    32.7710        476     1.9792  0.000e+00
     24.055    11.8656   3.757747    32.7543        477     1.9833  0.000e+00
     24.046    11.8894   3.758438    32.7400        478     1.9875  0.000e+00
     24.046    11.9077   3.758861    32.7281        479     1.9917  0.000e+00
     24.045    11.9206   3.759370    32.7217        480     1.9958  0.000e+00
     24.037    11.9306   3.760309    32.7220        481     2.0000  0.000e+00
     24.021    11.9410   3.761143    32.7210        482     2.0042  0.000e+00
     24.003    11.9524   3.762141    32.7206        483     2.0083  0.000e+00
     23.974    11.9649   3.763380    32.7216        484     2.0125  0.000e+00
     23.934    11.9802   3.764359    32.7177        485     2.0167  0.000e+00
     23.884    11.9956   3.764711    32.7076        486     2.0208  0.000e+00
     23.826    12.0078   3.765070    32.7004        487     2.0250  0.000e+00
     23.761    12.0170   3.765337    32.6950        488     2.0292  0.000e+00
     23.694    12.0241   3.765663    32.6919        489     2.0333  0.000e+00
     23.633    12.0303   3.765735    32.6872        490     2.0375  0.000e+00
     23.562    12.0344   3.765989    32.6861        491     2.0417  0.000e+00
     23.499    12.0389   3.767868    32.7003        492     2.0458  0.000e+00
     23.428    12.0522   3.769885    32.7082        493     2.0500  0.000e+00
     23.367    12.0750   3.771354    32.7024        494     2.0542  0.000e+00
     23.307    12.1005   3.772757    32.6937        495     2.0583  0.000e+00
     23.248    12.1242   3.773364    32.6788        496     2.0625  0.000e+00
     23.190    12.1453   3.773495    32.6616        497     2.0667  0.000e+00
     23.143    12.1616   3.773671    32.6491        498     2.0708  0.000e+00
     23.105    12.1735   3.774245    32.6442        499     2.0750  0.000e+00
     23.074    12.1835   3.774578    32.6388        500     2.0792  0.000e+00
     23.051    12.1913   3.774839    32.6344        501     2.0833  0.000e+00
     23.027    12.1974   3.775225    32.6329        502     2.0875  0.000e+00
     23.016    12.2032   3.775675    32.6322        503     2.0917  0.000e+00
     23.013    12.2103   3.775786    32.6270        504     2.0958  0.000e+00
     23.004    12.2171   3.776008    32.6232        505     2.1000  0.000e+00
     22.989    12.2237   3.776230    32.6197        506     2.1042  0.000e+00
     22.973    12.2300   3.776472    32.6165        507     2.1083  0.000e+00
     22.956    12.2369   3.776498    32.6107        508     2.1125  0.000e+00
     22.924    12.2444   3.776870    32.6077        509     2.1167  0.000e+00
     22.888    12.2537   3.777432    32.6051        510     2.1208  0.000e+00
     22.848    12.2656   3.778033    32.6005        511     2.1250  0.000e+00
     22.805    12.2801   3.778693    32.5943        512     2.1292  0.000e+00
     22.760    12.2951   3.778967    32.5838        513     2.1333  0.000e+00
     22.714    12.3068   3.779796    32.5816        514     2.1375  0.000e+00
     22.671    12.3174   3.779953    32.5739        515     2.1417  0.000e+00
     22.633    12.3252   3.779933    32.5670        516     2.1458  0.000e+00
     22.590    12.3299   3.780084    32.5644        517     2.1500  0.000e+00
     22.552    12.3330   3.780149    32.5624        518     2.1542  0.000e+00
     22.516    12.3348   3.780195    32.5612        519     2.1583  0.000e+00
     22.481    12.3361   3.780221    32.5603        520     2.1625  0.000e+00
     22.438    12.3371   3.780240    32.5597        521     2.1667  0.000e+00
     22.409    12.3376   3.780332    32.5602        522     2.1708  0.000e+00
     22.375    12.3382   3.780358    32.5599        523     2.1750  0.000e+00
     22.348    12.3387   3.780417    32.5600        524     2.1792  0.000e+00
     22.319    12.3395   3.780378    32.5589        525     2.1833  0.000e+00
     22.290    12.3396   3.780371    32.5588        526     2.1875  0.000e+00
     22.257    12.3394   3.780358    32.5589        527     2.1917  0.000e+00
     22.225    12.3394   3.780528    32.5605        528     2.1958  0.000e+00
     22.188    12.3401   3.780567    32.5604        529     2.2000  0.000e+00
     22.147    12.3414   3.780613    32.5596        530     2.2042  0.000e+00
     22.102    12.3430   3.780711    32.5592        531     2.2083  0.000e+00
     22.058    12.3451   3.780639    32.5567        532     2.2125  0.000e+00
     22.008    12.3460   3.780750    32.5570        533     2.2167  0.000e+00
     21.952    12.3477   3.780711    32.5552        534     2.2208  0.000e+00
     21.901    12.3483   3.780776    32.5553        535     2.2250  0.000e+00
     21.845    12.3487   3.780776    32.5550        536     2.2292  0.000e+00
     21.796    12.3497   3.780822    32.5546        537     2.2333  0.000e+00
     21.753    12.3506   3.780848    32.5541        538     2.2375  0.000e+00
     21.715    12.3519   3.780848    32.5530        539     2.2417  0.000e+00
     21.682    12.3527   3.780867    32.5525        540     2.2458  0.000e+00
     21.664    12.3531   3.780893    32.5524        541     2.2500  0.000e+00
     21.643    12.3535   3.780907    32.5522        542     2.2542  0.000e+00
     21.632    12.3542   3.780920    32.5517        543     2.2583  0.000e+00
     21.623    12.3548   3.780933    32.5513        544     2.2625  0.000e+00
     21.610    12.3548   3.781011    32.5520        545     2.2667  0.000e+00
     21.599    12.3551   3.780933    32.5511        546     2.2708  0.000e+00
     21.577    12.3552   3.780965    32.5513        547     2.2750  0.000e+00
     21.547    12.3554   3.780998    32.5515        548     2.2792  0.000e+00
     21.513    12.3560   3.781037    32.5513        549     2.2833  0.000e+00
     21.467    12.3568   3.780965    32.5500        550     2.2875  0.000e+00
     21.411    12.3571   3.781017    32.5502        551     2.2917  0.000e+00
     21.343    12.3578   3.781057    32.5500        552     2.2958  0.000e+00
     21.265    12.3584   3.781063    32.5496        553     2.3000  0.000e+00
     21.184    12.3590   3.781109    32.5495        554     2.3042  0.000e+00
     21.095    12.3594   3.781043    32.5486        555     2.3083  0.000e+00
     21.008    12.3596   3.781128    32.5493        556     2.3125  0.000e+00
     20.923    12.3599   3.781135    32.5491        557     2.3167  0.000e+00
     20.844    12.3605   3.781154    32.5488        558     2.3208  0.000e+00
     20.768    12.3609   3.781154    32.5485        559     2.3250  0.000e+00
     20.710    12.3611   3.781135    32.5481        560     2.3292  0.000e+00
     20.663    12.3614   3.781128    32.5478        561     2.3333  0.000e+00
     20.638    12.3617   3.781154    32.5478        562     2.3375  0.000e+00
     20.618    12.3621   3.781174    32.5477        563     2.3417  0.000e+00
     20.616    12.3624   3.781174    32.5474        564     2.3458  0.000e+00
     20.623    12.3626   3.781200    32.5475        565     2.3500  0.000e+00
     20.634    12.3627   3.781200    32.5474        566     2.3542  0.000e+00
     20.659    12.3628   3.781246    32.5478        567     2.3583  0.000e+00
     20.683    12.3631   3.781266    32.5476        568     2.3625  0.000e+00
     20.708    12.3633   3.781246    32.5473        569     2.3667  0.000e+00
     20.728    12.3637   3.781246    32.5470        570     2.3708  0.000e+00
     20.739    12.3639   3.781220    32.5465        571     2.3750  0.000e+00
     20.748    12.3638   3.781200    32.5464        572     2.3792  0.000e+00
     20.739    12.3637   3.781200    32.5465        573     2.3833  0.000e+00
     20.721    12.3637   3.781200    32.5465        574     2.3875  0.000e+00
     20.688    12.3639   3.781174    32.5461        575     2.3917  0.000e+00
     20.645    12.3638   3.781174    32.5462        576     2.3958  0.000e+00
     20.580    12.3636   3.781174    32.5464        577     2.4000  0.000e+00
     20.511    12.3637   3.781174    32.5463        578     2.4042  0.000e+00
     20.432    12.3637   3.781135    32.5460        579     2.4083  0.000e+00
     20.343    12.3637   3.781174    32.5464        580     2.4125  0.000e+00
     20.254    12.3638   3.781154    32.5462        581     2.4167  0.000e+00
     20.157    12.3639   3.781174    32.5463        582     2.4208  0.000e+00
     20.070    12.3639   3.781174    32.5463        583     2.4250  0.000e+00
     19.989    12.3641   3.781200    32.5465        584     2.4292  0.000e+00
     19.909    12.3643   3.781226    32.5465        585     2.4333  0.000e+00
     19.842    12.3647   3.781246    32.5465        586     2.4375  0.000e+00
     19.792    12.3649   3.781200    32.5459        587     2.4417  0.000e+00
     19.748    12.3651   3.781200    32.5457        588     2.4458  0.000e+00
     19.719    12.3653   3.781226    32.5458        589     2.4500  0.000e+00
     19.698    12.3655   3.781226    32.5456        590     2.4542  0.000e+00
     19.679    12.3659   3.781219    32.5452        591     2.4583  0.000e+00
     19.670    12.3657   3.781226    32.5455        592     2.4625  0.000e+00
     19.665    12.3660   3.781219    32.5451        593     2.4667  0.000e+00
     19.656    12.3663   3.781272    32.5454        594     2.4708  0.000e+00
     19.650    12.3668   3.781245    32.5447        595     2.4750  0.000e+00
     19.648    12.3671   3.781200    32.5440        596     2.4792  0.000e+00
     19.636    12.3673   3.781219    32.5440        597     2.4833  0.000e+00
     19.625    12.3674   3.781200    32.5438        598     2.4875  0.000e+00
     19.601    12.3674   3.781200    32.5438        599     2.4917  0.000e+00
     19.576    12.3672   3.781200    32.5440        600     2.4958  0.000e+00
     19.542    12.3670   3.781200    32.5442        601     2.5000  0.000e+00
     19.504    12.3670   3.781200    32.5441        602     2.5042  0.000e+00
     19.460    12.3670   3.781174    32.5439        603     2.5083  0.000e+00
     19.408    12.3670   3.781200    32.5442        604     2.5125  0.000e+00
     19.366    12.3669   3.781173    32.5440        605     2.5167  0.000e+00
     19.314    12.3670   3.781173    32.5440        606     2.5208  0.000e+00
     19.272    12.3668   3.781173    32.5442        607     2.5250  0.000e+00
     19.220    12.3668   3.781154    32.5440        608     2.5292  0.000e+00
     19.176    12.3667   3.781154    32.5441        609     2.5333  0.000e+00
     19.131    12.3669   3.781173    32.5441        610     2.5375  0.000e+00
     19.102    12.3667   3.781200    32.5446        611     2.5417  0.000e+00
     19.068    12.3670   3.781154    32.5439        612     2.5458  0.000e+00
     19.048    12.3673   3.781200    32.5441        613     2.5500  0.000e+00
     19.027    12.3676   3.781173    32.5435        614     2.5542  0.000e+00
     19.010    12.3678   3.781265    32.5443        615     2.5583  0.000e+00
     18.992    12.3682   3.781291    32.5442        616     2.5625  0.000e+00
     18.978    12.3688   3.781356    32.5443        617     2.5667  0.000e+00
     18.963    12.3694   3.781454    32.5447        618     2.5708  0.000e+00
     18.947    12.3704   3.781552    32.5448        619     2.5750  0.000e+00
     18.921    12.3717   3.781552    32.5437        620     2.5792  0.000e+00
     18.893    12.3725   3.781618    32.5436        621     2.5833  0.000e+00
     18.858    12.3733   3.781663    32.5434        622     2.5875  0.000e+00
     18.820    12.3739   3.781735    32.5436        623     2.5917  0.000e+00
     18.780    12.3747   3.781801    32.5435        624     2.5958  0.000e+00
     18.735    12.3757   3.781807    32.5427        625     2.6000  0.000e+00
