HB2303/sbe011.cnv
* Sea-Bird SBE 19plus V2 Data File:
* FileName = C:\cruise\data\sbe011.hex
* Software Version Seasave V 7.26.7.121
* Temperature SN = 6128
* Conductivity SN = 6128
* System UpLoad Time = Aug 09 2023 22:45:40
* NMEA Latitude = 40 45.17 N
* NMEA Longitude = 072 33.76 W
* NMEA UTC (Time) = Aug 09 2023 22:45:36
** Ship: Henry Bigelow
** Cruise:  HB2303
** Program:  ECOMON
# nquan = 7
# nvalues = 1233                                  
# units = specified
# name 0 = depSM: Depth [salt water, m]
# name 1 = tv290C: Temperature [ITS-90, deg C]
# name 2 = c0S/m: Conductivity [S/m]
# name 3 = sal00: Salinity, Practical [PSU]
# name 4 = scan: Scan Count
# name 5 = timeM: Time, Elapsed [minutes]
# name 6 = flag:  0.000e+00
# span 0 =     -0.246,     24.269                 
# span 1 =    13.5340,    22.4633                 
# span 2 =  -0.000023,   4.417893                 
# span 3 =     0.0000,    32.4114                 
# span 4 =         11,       1243                 
# span 5 =     0.0417,     5.1750                 
# span 6 = 0.0000e+00, 0.0000e+00                 
# interval = seconds: 0.25
# start_time = Aug 09 2023 22:45:36 [NMEA time, header]
# bad_flag = -9.990e-29
*END*
[from data line 411]
     21.888    13.8177   3.856013    32.0131        422     1.7542  0.000e+00
     21.967    13.8113   3.855513    32.0138        423     1.7583  0.000e+00
     22.045    13.8050   3.854439    32.0091        424     1.7625  0.000e+00
     22.128    13.7977   3.853543    32.0068        425     1.7667  0.000e+00
     22.202    13.7894   3.852687    32.0058        426     1.7708  0.000e+00
     22.274    13.7802   3.851430    32.0019        427     1.7750  0.000e+00
     22.341    13.7701   3.850028    31.9972        428     1.7792  0.000e+00
     22.406    13.7583   3.847783    31.9863        429     1.7833  0.000e+00
     22.471    13.7419   3.842973    31.9554        430     1.7875  0.000e+00
     22.534    13.7140   3.840408    31.9549        431     1.7917  0.000e+00
     22.595    13.6817   3.839389    31.9724        432     1.7958  0.000e+00
     22.659    13.6561   3.838870    31.9890        433     1.8000  0.000e+00
     22.736    13.6386   3.838548    32.0006        434     1.8042  0.000e+00
     22.817    13.6268   3.838246    32.0075        435     1.8083  0.000e+00
     22.909    13.6188   3.837910    32.0111        436     1.8125  0.000e+00
     23.001    13.6124   3.837319    32.0109        437     1.8167  0.000e+00
     23.099    13.6062   3.836162    32.0054        438     1.8208  0.000e+00
     23.209    13.5974   3.835439    32.0059        439     1.8250  0.000e+00
     23.325    13.5882   3.835051    32.0100        440     1.8292  0.000e+00
     23.442    13.5805   3.834552    32.0117        441     1.8333  0.000e+00
     23.563    13.5742   3.834414    32.0157        442     1.8375  0.000e+00
     23.675    13.5691   3.834144    32.0174        443     1.8417  0.000e+00
     23.794    13.5653   3.833790    32.0173        444     1.8458  0.000e+00
     23.908    13.5614   3.833422    32.0170        445     1.8500  0.000e+00
     24.027    13.5572   3.832922    32.0159        446     1.8542  0.000e+00
     24.127    13.5522   3.832508    32.0162        447     1.8583  0.000e+00
     24.213    13.5476   3.832377    32.0188        448     1.8625  0.000e+00
     24.259    13.5440   3.832029    32.0185        449     1.8667  0.000e+00
     24.269    13.5407   3.831950    32.0206        450     1.8708  0.000e+00
     24.253    13.5380   3.831792    32.0214        451     1.8750  0.000e+00
     24.230    13.5353   3.831766    32.0234        452     1.8792  0.000e+00
     24.208    13.5340   3.831924    32.0260        453     1.8833  0.000e+00
     24.186    13.5341   3.831983    32.0264        454     1.8875  0.000e+00
     24.156    13.5349   3.831904    32.0251        455     1.8917  0.000e+00
     24.132    13.5352   3.832009    32.0258        456     1.8958  0.000e+00
     24.094    13.5358   3.832219    32.0273        457     1.9000  0.000e+00
     24.069    13.5375   3.832318    32.0268        458     1.9042  0.000e+00
     24.042    13.5396   3.832127    32.0232        459     1.9083  0.000e+00
     24.011    13.5400   3.831989    32.0216        460     1.9125  0.000e+00
     23.978    13.5394   3.831700    32.0194        461     1.9167  0.000e+00
     23.946    13.5377   3.831832    32.0221        462     1.9208  0.000e+00
     23.921    13.5370   3.831956    32.0239        463     1.9250  0.000e+00
     23.892    13.5373   3.832062    32.0247        464     1.9292  0.000e+00
     23.867    13.5383   3.832127    32.0244        465     1.9333  0.000e+00
     23.843    13.5393   3.832016    32.0225        466     1.9375  0.000e+00
     23.809    13.5397   3.831989    32.0220        467     1.9417  0.000e+00
     23.775    13.5399   3.832147    32.0233        468     1.9458  0.000e+00
     23.738    13.5405   3.832489    32.0259        469     1.9500  0.000e+00
     23.702    13.5426   3.832673    32.0259        470     1.9542  0.000e+00
     23.665    13.5452   3.832692    32.0240        471     1.9583  0.000e+00
     23.632    13.5468   3.831766    32.0140        472     1.9625  0.000e+00
     23.600    13.5440   3.831582    32.0146        473     1.9667  0.000e+00
     23.560    13.5401   3.831785    32.0198        474     1.9708  0.000e+00
     23.526    13.5391   3.831983    32.0225        475     1.9750  0.000e+00
     23.488    13.5396   3.832061    32.0228        476     1.9792  0.000e+00
     23.445    13.5402   3.832173    32.0234        477     1.9833  0.000e+00
     23.396    13.5415   3.832377    32.0242        478     1.9875  0.000e+00
     23.342    13.5438   3.832528    32.0237        479     1.9917  0.000e+00
     23.297    13.5458   3.832607    32.0228        480     1.9958  0.000e+00
     23.248    13.5477   3.833060    32.0254        481     2.0000  0.000e+00
     23.195    13.5507   3.833244    32.0247        482     2.0042  0.000e+00
     23.139    13.5538   3.833579    32.0252        483     2.0083  0.000e+00
     23.091    13.5573   3.833651    32.0230        484     2.0125  0.000e+00
     23.022    13.5598   3.833487    32.0193        485     2.0167  0.000e+00
     22.975    13.5611   3.833724    32.0205        486     2.0208  0.000e+00
     22.919    13.5623   3.833894    32.0211        487     2.0250  0.000e+00
     22.861    13.5641   3.834282    32.0232        488     2.0292  0.000e+00
     22.812    13.5664   3.834078    32.0194        489     2.0333  0.000e+00
     22.767    13.5682   3.834216    32.0192        490     2.0375  0.000e+00
     22.715    13.5691   3.834670    32.0227        491     2.0417  0.000e+00
     22.671    13.5714   3.834486    32.0191        492     2.0458  0.000e+00
     22.628    13.5731   3.835123    32.0236        493     2.0500  0.000e+00
     22.583    13.5764   3.836754    32.0360        494     2.0542  0.000e+00
     22.538    13.5855   3.837707    32.0373        495     2.0583  0.000e+00
     22.493    13.5954   3.837891    32.0307        496     2.0625  0.000e+00
     22.449    13.6043   3.839252    32.0359        497     2.0667  0.000e+00
     22.399    13.6143   3.840679    32.0408        498     2.0708  0.000e+00
     22.344    13.6267   3.840935    32.0328        499     2.0750  0.000e+00
     22.297    13.6373   3.842251    32.0362        500     2.0792  0.000e+00
     22.240    13.6482   3.842639    32.0307        501     2.0833  0.000e+00
     22.186    13.6578   3.843684    32.0324        502     2.0875  0.000e+00
     22.141    13.6676   3.845652    32.0425        503     2.0917  0.000e+00
     22.086    13.6814   3.847376    32.0469        504     2.0958  0.000e+00
     22.034    13.6980   3.848784    32.0461        505     2.1000  0.000e+00
     21.982    13.7142   3.848948    32.0341        506     2.1042  0.000e+00
     21.935    13.7259   3.849607    32.0305        507     2.1083  0.000e+00
     21.882    13.7352   3.850265    32.0288        508     2.1125  0.000e+00
     21.821    13.7429   3.849672    32.0169        509     2.1167  0.000e+00
     21.767    13.7460   3.850265    32.0198        510     2.1208  0.000e+00
     21.705    13.7492   3.851680    32.0303        511     2.1250  0.000e+00
     21.642    13.7560   3.852253    32.0299        512     2.1292  0.000e+00
     21.581    13.7639   3.853689    32.0366        513     2.1333  0.000e+00
     21.528    13.7743   3.854854    32.0388        514     2.1375  0.000e+00
     21.474    13.7854   3.854281    32.0242        515     2.1417  0.000e+00
     21.420    13.7908   3.854123    32.0182        516     2.1458  0.000e+00
     21.362    13.7928   3.855559    32.0299        517     2.1500  0.000e+00
     21.326    13.7980   3.856132    32.0308        518     2.1542  0.000e+00
     21.284    13.8052   3.856567    32.0289        519     2.1583  0.000e+00
     21.246    13.8110   3.856790    32.0261        520     2.1625  0.000e+00
     21.210    13.8158   3.856929    32.0234        521     2.1667  0.000e+00
     21.178    13.8192   3.856428    32.0160        522     2.1708  0.000e+00
     21.147    13.8196   3.856909    32.0201        523     2.1750  0.000e+00
     21.124    13.8211   3.856902    32.0188        524     2.1792  0.000e+00
     21.091    13.8220   3.857093    32.0198        525     2.1833  0.000e+00
     21.066    13.8232   3.857614    32.0237        526     2.1875  0.000e+00
     21.039    13.8260   3.857765    32.0227        527     2.1917  0.000e+00
     21.017    13.8286   3.857502    32.0181        528     2.1958  0.000e+00
     20.986    13.8295   3.858319    32.0249        529     2.2000  0.000e+00
     20.965    13.8319   3.858141    32.0213        530     2.2042  0.000e+00
     20.936    13.8339   3.857910    32.0175        531     2.2083  0.000e+00
     20.900    13.8343   3.857910    32.0171        532     2.2125  0.000e+00
     20.869    13.8342   3.857594    32.0143        533     2.2167  0.000e+00
     20.822    13.8330   3.858483    32.0236        534     2.2208  0.000e+00
     20.786    13.8350   3.859347    32.0299        535     2.2250  0.000e+00
     20.741    13.8396   3.860223    32.0342        536     2.2292  0.000e+00
     20.688    13.8463   3.861548    32.0408        537     2.2333  0.000e+00
     20.634    13.8559   3.863262    32.0487        538     2.2375  0.000e+00
     20.572    13.8672   3.862187    32.0294        539     2.2417  0.000e+00
     20.515    13.8727   3.863459    32.0365        540     2.2458  0.000e+00
     20.451    13.8790   3.864019    32.0365        541     2.2500  0.000e+00
     20.381    13.8853   3.863518    32.0266        542     2.2542  0.000e+00
     20.313    13.8878   3.862879    32.0186        543     2.2583  0.000e+00
     20.248    13.8876   3.864731    32.0359        544     2.2625  0.000e+00
     20.188    13.8922   3.866426    32.0478        545     2.2667  0.000e+00
     20.123    13.9024   3.866604    32.0410        546     2.2708  0.000e+00
     20.063    13.9100   3.866518    32.0339        547     2.2750  0.000e+00
     20.002    13.9145   3.866261    32.0278        548     2.2792  0.000e+00
     19.942    13.9160   3.866340    32.0272        549     2.2833  0.000e+00
     19.894    13.9170   3.866287    32.0259        550     2.2875  0.000e+00
     19.839    13.9172   3.865944    32.0226        551     2.2917  0.000e+00
     19.791    13.9158   3.865839    32.0228        552     2.2958  0.000e+00
     19.746    13.9146   3.866214    32.0273        553     2.3000  0.000e+00
     19.702    13.9146   3.866010    32.0254        554     2.3042  0.000e+00
     19.665    13.9145   3.866531    32.0304        555     2.3083  0.000e+00
     19.629    13.9163   3.866353    32.0273        556     2.3125  0.000e+00
     19.593    13.9169   3.866340    32.0266        557     2.3167  0.000e+00
     19.562    13.9168   3.866564    32.0288        558     2.3208  0.000e+00
     19.533    13.9180   3.866399    32.0263        559     2.3250  0.000e+00
     19.500    13.9184   3.866320    32.0253        560     2.3292  0.000e+00
     19.466    13.9180   3.866241    32.0248        561     2.3333  0.000e+00
     19.437    13.9175   3.866056    32.0236        562     2.3375  0.000e+00
     19.409    13.9164   3.866320    32.0269        563     2.3417  0.000e+00
     19.378    13.9168   3.866742    32.0306        564     2.3458  0.000e+00
     19.348    13.9185   3.867434    32.0355        565     2.3500  0.000e+00
     19.304    13.9220   3.868028    32.0381        566     2.3542  0.000e+00
     19.270    13.9273   3.868991    32.0425        567     2.3583  0.000e+00
     19.226    13.9339   3.869406    32.0409        568     2.3625  0.000e+00
     19.183    13.9407   3.870845    32.0485        569     2.3667  0.000e+00
     19.132    13.9496   3.871742    32.0494        570     2.3708  0.000e+00
     19.078    13.9592   3.871194    32.0363        571     2.3750  0.000e+00
     19.031    13.9641   3.871517    32.0353        572     2.3792  0.000e+00
     18.977    13.9674   3.872731    32.0437        573     2.3833  0.000e+00
     18.923    13.9732   3.872685    32.0385        574     2.3875  0.000e+00
     18.852    13.9776   3.872843    32.0363        575     2.3917  0.000e+00
     18.791    13.9808   3.873510    32.0398        576     2.3958  0.000e+00
     18.726    13.9847   3.874269    32.0436        577     2.4000  0.000e+00
     18.659    13.9901   3.875061    32.0464        578     2.4042  0.000e+00
     18.590    13.9970   3.876315    32.0522        579     2.4083  0.000e+00
     18.520    14.0064   3.879927    32.0777        580     2.4125  0.000e+00
     18.453    14.0252   3.883540    32.0953        581     2.4167  0.000e+00
     18.393    14.0530   3.891081    32.1416        582     2.4208  0.000e+00
     18.339    14.0995   3.900745    32.1917        583     2.4250  0.000e+00
     18.286    14.1681   3.908206    32.2029        584     2.4292  0.000e+00
     18.243    14.2473   3.923843    32.2802        585     2.4333  0.000e+00
     18.196    14.3579   3.943400    32.3669        586     2.4375  0.000e+00
     18.149    14.5094   3.962144    32.4114        587     2.4417  0.000e+00
     18.113    14.6830   3.970718    32.3446        588     2.4458  0.000e+00
     18.081    14.8363   3.981829    32.3180        589     2.4500  0.000e+00
     18.050    14.9745   3.993547    32.3094        590     2.4542  0.000e+00
     18.029    15.1086   3.999367    32.2512        591     2.4583  0.000e+00
     17.998    15.2179   4.005907    32.2199        592     2.4625  0.000e+00
     17.963    15.3100   4.007632    32.1598        593     2.4667  0.000e+00
     17.935    15.3744   4.012036    32.1465        594     2.4708  0.000e+00
     17.895    15.4303   4.025957    32.2251        595     2.4750  0.000e+00
     17.848    15.5160   4.034427    32.2304        596     2.4792  0.000e+00
     17.788    15.6132   4.042542    32.2231        597     2.4833  0.000e+00
     17.737    15.7094   4.051664    32.2256        598     2.4875  0.000e+00
     17.674    15.8078   4.059262    32.2128        599     2.4917  0.000e+00
     17.604    15.9022   4.068366    32.2165        600     2.4958  0.000e+00
     17.537    15.9966   4.078308    32.2275        601     2.5000  0.000e+00
     17.461    16.0965   4.088240    32.2338        602     2.5042  0.000e+00
     17.383    16.2023   4.098593    32.2391        603     2.5083  0.000e+00
     17.305    16.3142   4.108213    32.2328        604     2.5125  0.000e+00
     17.235    16.4248   4.115543    32.2076        605     2.5167  0.000e+00
     17.160    16.5271   4.123277    32.1927        606     2.5208  0.000e+00
     17.086    16.6230   4.129499    32.1697        607     2.5250  0.000e+00
     17.012    16.7089   4.133814    32.1383        608     2.5292  0.000e+00
     16.944    16.7807   4.137020    32.1086        609     2.5333  0.000e+00
     16.883    16.8382   4.141237    32.0991        610     2.5375  0.000e+00
     16.825    16.8886   4.144662    32.0886        611     2.5417  0.000e+00
     16.774    16.9332   4.147050    32.0737        612     2.5458  0.000e+00
     16.724    16.9706   4.151271    32.0803        613     2.5500  0.000e+00
     16.686    17.0089   4.155134    32.0830        614     2.5542  0.000e+00
     16.650    17.0516   4.159040    32.0828        615     2.5583  0.000e+00
     16.621    17.0970   4.162988    32.0806        616     2.5625  0.000e+00
     16.596    17.1486   4.167556    32.0788        617     2.5667  0.000e+00
     16.565    17.2118   4.172874    32.0743        618     2.5708  0.000e+00
     16.542    17.2840   4.176976    32.0522        619     2.5750  0.000e+00
     16.522    17.3525   4.180440    32.0276        620     2.5792  0.000e+00
     16.486    17.4142   4.184396    32.0127        621     2.5833  0.000e+00
     16.454    17.4750   4.188108    31.9964        622     2.5875  0.000e+00
     16.417    17.5365   4.190874    31.9715        623     2.5917  0.000e+00
     16.374    17.5946   4.190949    31.9265        624     2.5958  0.000e+00
     16.323    17.6448   4.188924    31.8699        625     2.6000  0.000e+00
