HB2303/sbe059.cnv
* Sea-Bird SBE 19plus V2 Data File:
* FileName = C:\cruise\data\sbe059.hex
* Software Version Seasave V 7.26.7.121
* Temperature SN = 6128
* Conductivity SN = 6128
* System UpLoad Time = Aug 14 2023 02:50:06
* NMEA Latitude = 39 54.45 N
* NMEA Longitude = 072 31.50 W
* NMEA UTC (Time) = Aug 14 2023 02:50:02
** Ship: Henry Bigelow
** Cruise:  HB2303
** Program:  ECOMON
# nquan = 7
# nvalues = 1395                                  
# units = specified
# name 0 = depSM: Depth [salt water, m]
# name 1 = tv290C: Temperature [ITS-90, deg C]
# name 2 = c0S/m: Conductivity [S/m]
# name 3 = sal00: Salinity, Practical [PSU]
# name 4 = scan: Scan Count
# name 5 = timeM: Time, Elapsed [minutes]
# name 6 = flag:  0.000e+00
# span 0 =     -0.162,     58.953                 
# span 1 =     9.7636,    24.4388                 
# span 2 =   0.000174,   4.780820                 
# span 3 =     0.0116,    37.2596                 
# span 4 =         11,       1405                 
# span 5 =     0.0417,     5.8500                 
# span 6 = 0.0000e+00, 0.0000e+00                 
# interval = seconds: 0.25
# start_time = Aug 14 2023 02:50:02 [NMEA time, header]
# bad_flag = -9.990e-29
*END*
[from data line 206]
     23.994    14.4031   3.730258    30.3880        217     0.9000  0.000e+00
     24.142    13.1002   3.718249    31.3254        218     0.9042  0.000e+00
     24.280    12.3139   3.707450    31.8817        219     0.9083  0.000e+00
     24.414    11.8368   3.699457    32.2141        220     0.9125  0.000e+00
     24.549    11.5418   3.695607    32.4336        221     0.9167  0.000e+00
     24.683    11.3609   3.687091    32.5091        222     0.9208  0.000e+00
     24.807    11.2345   3.680321    32.5539        223     0.9250  0.000e+00
     24.942    11.1342   3.673614    32.5765        224     0.9292  0.000e+00
     25.078    11.0506   3.670062    32.6155        225     0.9333  0.000e+00
     25.215    10.9827   3.667616    32.6516        226     0.9375  0.000e+00
     25.356    10.9304   3.665705    32.6792        227     0.9417  0.000e+00
     25.508    10.8919   3.664551    32.7020        228     0.9458  0.000e+00
     25.666    10.8640   3.663628    32.7177        229     0.9500  0.000e+00
     25.830    10.8430   3.662635    32.7264        230     0.9542  0.000e+00
     25.998    10.8286   3.663738    32.7503        231     0.9583  0.000e+00
     26.175    10.8191   3.662700    32.7484        232     0.9625  0.000e+00
     26.352    10.8101   3.661867    32.7481        233     0.9667  0.000e+00
     26.529    10.7994   3.661190    32.7508        234     0.9708  0.000e+00
     26.715    10.7886   3.660558    32.7541        235     0.9750  0.000e+00
     26.899    10.7789   3.660539    32.7625        236     0.9792  0.000e+00
     27.074    10.7733   3.661713    32.7792        237     0.9833  0.000e+00
     27.261    10.7745   3.663688    32.7977        238     0.9875  0.000e+00
     27.436    10.7858   3.665230    32.8029        239     0.9917  0.000e+00
     27.608    10.8013   3.663404    32.7707        240     0.9958  0.000e+00
     27.772    10.8027   3.663178    32.7671        241     1.0000  0.000e+00
     27.936    10.7967   3.662662    32.7673        242     1.0042  0.000e+00
     28.086    10.7883   3.663494    32.7830        243     1.0083  0.000e+00
     28.229    10.7823   3.665773    32.8110        244     1.0125  0.000e+00
     28.361    10.7818   3.667923    32.8328        245     1.0167  0.000e+00
     28.482    10.7859   3.669459    32.8444        246     1.0208  0.000e+00
     28.592    10.7921   3.671539    32.8595        247     1.0250  0.000e+00
     28.702    10.8001   3.672966    32.8664        248     1.0292  0.000e+00
     28.812    10.8087   3.673587    32.8648        249     1.0333  0.000e+00
     28.928    10.8158   3.673935    32.8619        250     1.0375  0.000e+00
     29.053    10.8202   3.673961    32.8582        251     1.0417  0.000e+00
     29.176    10.8229   3.674233    32.8584        252     1.0458  0.000e+00
     29.311    10.8251   3.674368    32.8577        253     1.0500  0.000e+00
     29.446    10.8264   3.673845    32.8512        254     1.0542  0.000e+00
     29.598    10.8253   3.673438    32.8482        255     1.0583  0.000e+00
     29.754    10.8224   3.673076    32.8471        256     1.0625  0.000e+00
     29.920    10.8188   3.672598    32.8455        257     1.0667  0.000e+00
     30.088    10.8140   3.672418    32.8479        258     1.0708  0.000e+00
     30.261    10.8094   3.671436    32.8422        259     1.0750  0.000e+00
     30.449    10.8022   3.669821    32.8325        260     1.0792  0.000e+00
     30.625    10.7906   3.667581    32.8205        261     1.0833  0.000e+00
     30.805    10.7738   3.667039    32.8301        262     1.0875  0.000e+00
     30.982    10.7595   3.666768    32.8402        263     1.0917  0.000e+00
     31.161    10.7504   3.666032    32.8410        264     1.0958  0.000e+00
     31.327    10.7427   3.665955    32.8470        265     1.1000  0.000e+00
     31.484    10.7376   3.664690    32.8389        266     1.1042  0.000e+00
     31.632    10.7288   3.663245    32.8324        267     1.1083  0.000e+00
     31.773    10.7156   3.662051    32.8323        268     1.1125  0.000e+00
     31.906    10.6982   3.661554    32.8429        269     1.1167  0.000e+00
     32.038    10.6832   3.661735    32.8582        270     1.1208  0.000e+00
     32.168    10.6725   3.662639    32.8767        271     1.1250  0.000e+00
     32.298    10.6678   3.663607    32.8905        272     1.1292  0.000e+00
     32.424    10.6685   3.664330    32.8971        273     1.1333  0.000e+00
     32.569    10.6712   3.665459    32.9059        274     1.1375  0.000e+00
     32.713    10.6755   3.666227    32.9096        275     1.1417  0.000e+00
     32.860    10.6806   3.666486    32.9076        276     1.1458  0.000e+00
     33.013    10.6841   3.667428    32.9137        277     1.1500  0.000e+00
     33.169    10.6864   3.668352    32.9208        278     1.1542  0.000e+00
     33.330    10.6885   3.669055    32.9259        279     1.1583  0.000e+00
     33.490    10.6906   3.669598    32.9293        280     1.1625  0.000e+00
     33.656    10.6922   3.670315    32.9350        281     1.1667  0.000e+00
     33.816    10.6937   3.670095    32.9314        282     1.1708  0.000e+00
     33.980    10.6938   3.668849    32.9188        283     1.1750  0.000e+00
     34.143    10.6869   3.666815    32.9046        284     1.1792  0.000e+00
     34.306    10.6724   3.664311    32.8926        285     1.1833  0.000e+00
     34.461    10.6532   3.662614    32.8928        286     1.1875  0.000e+00
     34.617    10.6335   3.659595    32.8804        287     1.1917  0.000e+00
     34.765    10.6106   3.657073    32.8757        288     1.1958  0.000e+00
     34.911    10.5833   3.654869    32.8782        289     1.2000  0.000e+00
     35.054    10.5567   3.651201    32.8654        290     1.2042  0.000e+00
     35.191    10.5262   3.647561    32.8564        291     1.2083  0.000e+00
     35.324    10.4916   3.643639    32.8482        292     1.2125  0.000e+00
     35.452    10.4542   3.640182    32.8472        293     1.2167  0.000e+00
     35.584    10.4165   3.637209    32.8514        294     1.2208  0.000e+00
     35.711    10.3822   3.635241    32.8626        295     1.2250  0.000e+00
     35.844    10.3528   3.633299    32.8695        296     1.2292  0.000e+00
     35.980    10.3266   3.630887    32.8689        297     1.2333  0.000e+00
     36.126    10.3018   3.629968    32.8820        298     1.2375  0.000e+00
     36.266    10.2823   3.628117    32.8810        299     1.2417  0.000e+00
     36.415    10.2639   3.625578    32.8720        300     1.2458  0.000e+00
     36.573    10.2431   3.623105    32.8658        301     1.2500  0.000e+00
     36.725    10.2206   3.622527    32.8803        302     1.2542  0.000e+00
     36.888    10.2028   3.620966    32.8807        303     1.2583  0.000e+00
     37.054    10.1864   3.620562    32.8913        304     1.2625  0.000e+00
     37.226    10.1734   3.621345    32.9110        305     1.2667  0.000e+00
     37.396    10.1667   3.621994    32.9235        306     1.2708  0.000e+00
     37.570    10.1647   3.623999    32.9455        307     1.2750  0.000e+00
     37.745    10.1691   3.625869    32.9604        308     1.2792  0.000e+00
     37.922    10.1773   3.627919    32.9736        309     1.2833  0.000e+00
     38.090    10.1888   3.629797    32.9820        310     1.2875  0.000e+00
     38.254    10.2021   3.631758    32.9897        311     1.2917  0.000e+00
     38.424    10.2170   3.633320    32.9918        312     1.2958  0.000e+00
     38.587    10.2315   3.634665    32.9921        313     1.3000  0.000e+00
     38.755    10.2443   3.636344    32.9973        314     1.3042  0.000e+00
     38.914    10.2567   3.637689    32.9996        315     1.3083  0.000e+00
     39.080    10.2674   3.638396    32.9969        316     1.3125  0.000e+00
     39.238    10.2753   3.638512    32.9908        317     1.3167  0.000e+00
     39.397    10.2807   3.638738    32.9881        318     1.3208  0.000e+00
     39.555    10.2836   3.638866    32.9867        319     1.3250  0.000e+00
     39.716    10.2843   3.639542    32.9928        320     1.3292  0.000e+00
     39.871    10.2848   3.640302    33.0000        321     1.3333  0.000e+00
     40.036    10.2862   3.641222    33.0079        322     1.3375  0.000e+00
     40.197    10.2892   3.642027    33.0132        323     1.3417  0.000e+00
     40.357    10.2934   3.642407    33.0131        324     1.3458  0.000e+00
     40.518    10.2966   3.642722    33.0134        325     1.3500  0.000e+00
     40.680    10.2978   3.642162    33.0065        326     1.3542  0.000e+00
     40.837    10.2952   3.641222    32.9994        327     1.3583  0.000e+00
     40.994    10.2880   3.639607    32.9896        328     1.3625  0.000e+00
     41.143    10.2766   3.638288    32.9865        329     1.3667  0.000e+00
     41.290    10.2626   3.636274    32.9789        330     1.3708  0.000e+00
     41.440    10.2445   3.631758    32.9497        331     1.3750  0.000e+00
     41.580    10.2160   3.627734    32.9349        332     1.3792  0.000e+00
     41.719    10.1800   3.621745    32.9070        333     1.3833  0.000e+00
     41.853    10.1360   3.618123    32.9103        334     1.3875  0.000e+00
     41.981    10.0911   3.616211    32.9318        335     1.3917  0.000e+00
     42.113    10.0548   3.614523    32.9477        336     1.3958  0.000e+00
     42.248    10.0262   3.613657    32.9649        337     1.4000  0.000e+00
     42.384    10.0055   3.613144    32.9786        338     1.4042  0.000e+00
     42.524     9.9911   3.612836    32.9884        339     1.4083  0.000e+00
     42.671     9.9815   3.612791    32.9967        340     1.4125  0.000e+00
     42.817     9.9756   3.612817    33.0023        341     1.4167  0.000e+00
     42.973     9.9723   3.612746    33.0045        342     1.4208  0.000e+00
     43.126     9.9705   3.612656    33.0052        343     1.4250  0.000e+00
     43.292     9.9696   3.612791    33.0073        344     1.4292  0.000e+00
     43.449     9.9698   3.613504    33.0143        345     1.4333  0.000e+00
     43.608     9.9725   3.612856    33.0052        346     1.4375  0.000e+00
     43.764     9.9732   3.612657    33.0024        347     1.4417  0.000e+00
     43.924     9.9720   3.612439    33.0012        348     1.4458  0.000e+00
     44.070     9.9702   3.612015    32.9986        349     1.4500  0.000e+00
     44.222     9.9677   3.611970    33.0003        350     1.4542  0.000e+00
     44.374     9.9655   3.611572    32.9982        351     1.4583  0.000e+00
     44.527     9.9629   3.610995    32.9947        352     1.4625  0.000e+00
     44.675     9.9592   3.610950    32.9975        353     1.4667  0.000e+00
     44.834     9.9560   3.610751    32.9983        354     1.4708  0.000e+00
     44.991     9.9536   3.610796    33.0009        355     1.4750  0.000e+00
     45.154     9.9521   3.611220    33.0066        356     1.4792  0.000e+00
     45.312     9.9524   3.610444    32.9983        357     1.4833  0.000e+00
     45.472     9.9517   3.609154    32.9858        358     1.4875  0.000e+00
     45.631     9.9463   3.607160    32.9703        359     1.4917  0.000e+00
     45.784     9.9354   3.604947    32.9577        360     1.4958  0.000e+00
     45.933     9.9203   3.603242    32.9541        361     1.5000  0.000e+00
     46.075     9.9035   3.602114    32.9579        362     1.5042  0.000e+00
     46.215     9.8884   3.601473    32.9651        363     1.5083  0.000e+00
     46.351     9.8770   3.600788    32.9685        364     1.5125  0.000e+00
     46.488     9.8675   3.600961    32.9789        365     1.5167  0.000e+00
     46.625     9.8622   3.600897    32.9830        366     1.5208  0.000e+00
     46.764     9.8587   3.600718    32.9843        367     1.5250  0.000e+00
     46.907     9.8566   3.600673    32.9858        368     1.5292  0.000e+00
     47.057     9.8548   3.600192    32.9825        369     1.5333  0.000e+00
     47.206     9.8527   3.600058    32.9830        370     1.5375  0.000e+00
     47.360     9.8502   3.600231    32.9869        371     1.5417  0.000e+00
     47.521     9.8494   3.600878    32.9941        372     1.5458  0.000e+00
     47.684     9.8509   3.602224    33.0064        373     1.5500  0.000e+00
     47.844     9.8559   3.604481    33.0247        374     1.5542  0.000e+00
     48.007     9.8660   3.609778    33.0694        375     1.5583  0.000e+00
     48.160     9.8861   3.613583    33.0897        376     1.5625  0.000e+00
     48.312     9.9118   3.615862    33.0892        377     1.5667  0.000e+00
     48.464     9.9357   3.617435    33.0832        378     1.5708  0.000e+00
     48.597     9.9550   3.618057    33.0718        379     1.5750  0.000e+00
     48.736     9.9688   3.618372    33.0623        380     1.5792  0.000e+00
     48.864     9.9780   3.618751    33.0577        381     1.5833  0.000e+00
     48.996     9.9843   3.618950    33.0539        382     1.5875  0.000e+00
     49.128     9.9883   3.619014    33.0508        383     1.5917  0.000e+00
     49.264     9.9906   3.619258    33.0511        384     1.5958  0.000e+00
     49.394     9.9922   3.619149    33.0485        385     1.6000  0.000e+00
     49.528     9.9924   3.618770    33.0444        386     1.6042  0.000e+00
     49.664     9.9907   3.618391    33.0421        387     1.6083  0.000e+00
     49.805     9.9875   3.617325    33.0341        388     1.6125  0.000e+00
     49.951     9.9816   3.615611    33.0220        389     1.6167  0.000e+00
     50.096     9.9710   3.613930    33.0146        390     1.6208  0.000e+00
     50.247     9.9577   3.612659    33.0137        391     1.6250  0.000e+00
     50.398     9.9437   3.611068    33.0104        392     1.6292  0.000e+00
     50.551     9.9296   3.609265    33.0048        393     1.6333  0.000e+00
     50.709     9.9140   3.607251    32.9985        394     1.6375  0.000e+00
     50.866     9.8965   3.606251    33.0043        395     1.6417  0.000e+00
     51.025     9.8809   3.606142    33.0174        396     1.6458  0.000e+00
     51.186     9.8699   3.606143    33.0274        397     1.6500  0.000e+00
     51.345     9.8636   3.606855    33.0404        398     1.6542  0.000e+00
     51.511     9.8611   3.607939    33.0536        399     1.6583  0.000e+00
     51.664     9.8625   3.608445    33.0575        400     1.6625  0.000e+00
     51.836     9.8646   3.608292    33.0539        401     1.6667  0.000e+00
     51.990     9.8644   3.607451    33.0454        402     1.6708  0.000e+00
     52.134     9.8606   3.607362    33.0479        403     1.6750  0.000e+00
     52.279     9.8567   3.606855    33.0463        404     1.6792  0.000e+00
     52.423     9.8523   3.606656    33.0482        405     1.6833  0.000e+00
     52.571     9.8473   3.605656    33.0425        406     1.6875  0.000e+00
     52.714     9.8409   3.604707    33.0387        407     1.6917  0.000e+00
     52.855     9.8326   3.603617    33.0351        408     1.6958  0.000e+00
     52.998     9.8232   3.602912    33.0365        409     1.7000  0.000e+00
     53.138     9.8139   3.602451    33.0402        410     1.7042  0.000e+00
     53.284     9.8061   3.602182    33.0445        411     1.7083  0.000e+00
     53.425     9.7999   3.601650    33.0447        412     1.7125  0.000e+00
     53.570     9.7948   3.601676    33.0496        413     1.7167  0.000e+00
     53.705     9.7910   3.601009    33.0463        414     1.7208  0.000e+00
     53.846     9.7865   3.601054    33.0508        415     1.7250  0.000e+00
     53.987     9.7829   3.601054    33.0540        416     1.7292  0.000e+00
     54.126     9.7806   3.601035    33.0559        417     1.7333  0.000e+00
     54.270     9.7791   3.601099    33.0579        418     1.7375  0.000e+00
     54.417     9.7783   3.601920    33.0669        419     1.7417  0.000e+00
     54.561     9.7801   3.606401    33.1109        420     1.7458  0.000e+00
