HB2303/sbe077.cnv
* Sea-Bird SBE 19plus V2 Data File:
* FileName = C:\cruise\data\sbe077.hex
* Software Version Seasave V 7.26.7.121
* Temperature SN = 6128
* Conductivity SN = 6128
* System UpLoad Time = Aug 15 2023 23:07:18
* NMEA Latitude = 40 15.82 N
* NMEA Longitude = 068 25.63 W
* NMEA UTC (Time) = Aug 15 2023 23:07:14
** Ship: Henry Bigelow
** Cruise:  HB2303
** Program:  ECOMON
# nquan = 7
# nvalues = 3671                                  
# units = specified
# name 0 = depSM: Depth [salt water, m]
# name 1 = tv290C: Temperature [ITS-90, deg C]
# name 2 = c0S/m: Conductivity [S/m]
# name 3 = sal00: Salinity, Practical [PSU]
# name 4 = scan: Scan Count
# name 5 = timeM: Time, Elapsed [minutes]
# name 6 = flag:  0.000e+00
# span 0 =     -0.110,    148.713                 
# span 1 =     8.7542,    23.3631                 
# span 2 =   0.001695,   4.576174                 
# span 3 =     0.0163,    35.3624                 
# span 4 =         11,       3681                 
# span 5 =     0.0417,    15.3333                 
# span 6 = 0.0000e+00, 0.0000e+00                 
# interval = seconds: 0.25
# start_time = Aug 15 2023 23:07:14 [NMEA time, header]
# bad_flag = -9.990e-29
*END*
[from data line 1026]
    130.495    11.5755   3.965149    35.0012       1037     4.3167  0.000e+00
    130.665    11.5782   3.965622    35.0032       1038     4.3208  0.000e+00
    130.839    11.5807   3.966335    35.0078       1039     4.3250  0.000e+00
    131.028    11.5830   3.966808    35.0102       1040     4.3292  0.000e+00
    131.222    11.5856   3.967681    35.0162       1041     4.3333  0.000e+00
    131.420    11.5885   3.968741    35.0238       1042     4.3375  0.000e+00
    131.623    11.5923   3.969074    35.0235       1043     4.3417  0.000e+00
    131.824    11.5959   3.969428    35.0235       1044     4.3458  0.000e+00
    132.020    11.5986   3.969528    35.0218       1045     4.3500  0.000e+00
    132.205    11.6003   3.970048    35.0252       1046     4.3542  0.000e+00
    132.385    11.6014   3.970421    35.0278       1047     4.3583  0.000e+00
    132.546    11.6021   3.970661    35.0295       1048     4.3625  0.000e+00
    132.681    11.6024   3.970848    35.0309       1049     4.3667  0.000e+00
    132.797    11.6027   3.970968    35.0318       1050     4.3708  0.000e+00
    132.886    11.6029   3.971021    35.0320       1051     4.3750  0.000e+00
    132.965    11.6029   3.971181    35.0336       1052     4.3792  0.000e+00
    133.026    11.6029   3.971488    35.0366       1053     4.3833  0.000e+00
    133.075    11.6031   3.971868    35.0402       1054     4.3875  0.000e+00
    133.127    11.6035   3.972055    35.0416       1055     4.3917  0.000e+00
    133.170    11.6040   3.972102    35.0416       1056     4.3958  0.000e+00
    133.221    11.6044   3.972128    35.0414       1057     4.4000  0.000e+00
    133.287    11.6047   3.972195    35.0418       1058     4.4042  0.000e+00
    133.365    11.6052   3.972268    35.0420       1059     4.4083  0.000e+00
    133.463    11.6053   3.972342    35.0425       1060     4.4125  0.000e+00
    133.582    11.6061   3.972408    35.0424       1061     4.4167  0.000e+00
    133.710    11.6069   3.972555    35.0431       1062     4.4208  0.000e+00
    133.874    11.6078   3.972342    35.0400       1063     4.4250  0.000e+00
    134.046    11.6076   3.972342    35.0401       1064     4.4292  0.000e+00
    134.234    11.6071   3.972269    35.0398       1065     4.4333  0.000e+00
    134.434    11.6063   3.971989    35.0377       1066     4.4375  0.000e+00
    134.644    11.6047   3.971795    35.0372       1067     4.4417  0.000e+00
    134.866    11.6025   3.971395    35.0352       1068     4.4458  0.000e+00
    135.090    11.5997   3.971322    35.0371       1069     4.4500  0.000e+00
    135.314    11.5971   3.971322    35.0394       1070     4.4542  0.000e+00
    135.534    11.5955   3.971349    35.0411       1071     4.4583  0.000e+00
    135.740    11.5946   3.971089    35.0393       1072     4.4625  0.000e+00
    135.922    11.5932   3.970923    35.0389       1073     4.4667  0.000e+00
    136.090    11.5915   3.970403    35.0354       1074     4.4708  0.000e+00
    136.240    11.5885   3.970283    35.0369       1075     4.4750  0.000e+00
    136.384    11.5862   3.970236    35.0386       1076     4.4792  0.000e+00
    136.507    11.5842   3.970236    35.0404       1077     4.4833  0.000e+00
    136.618    11.5830   3.970183    35.0410       1078     4.4875  0.000e+00
    136.718    11.5822   3.970023    35.0401       1079     4.4917  0.000e+00
    136.803    11.5809   3.969670    35.0378       1080     4.4958  0.000e+00
    136.893    11.5792   3.969383    35.0366       1081     4.5000  0.000e+00
    136.976    11.5769   3.968983    35.0348       1082     4.5042  0.000e+00
    137.053    11.5738   3.968277    35.0307       1083     4.5083  0.000e+00
    137.130    11.5693   3.967611    35.0283       1084     4.5125  0.000e+00
    137.202    11.5641   3.967704    35.0342       1085     4.5167  0.000e+00
    137.285    11.5605   3.967657    35.0370       1086     4.5208  0.000e+00
    137.372    11.5586   3.967751    35.0397       1087     4.5250  0.000e+00
    137.473    11.5577   3.967751    35.0405       1088     4.5292  0.000e+00
    137.579    11.5574   3.967611    35.0394       1089     4.5333  0.000e+00
    137.699    11.5567   3.967804    35.0419       1090     4.5375  0.000e+00
    137.819    11.5569   3.967898    35.0426       1091     4.5417  0.000e+00
    137.949    11.5574   3.967658    35.0397       1092     4.5458  0.000e+00
    138.085    11.5573   3.966971    35.0329       1093     4.5500  0.000e+00
    138.229    11.5548   3.966785    35.0334       1094     4.5542  0.000e+00
    138.374    11.5517   3.966558    35.0341       1095     4.5583  0.000e+00
    138.527    11.5491   3.966572    35.0365       1096     4.5625  0.000e+00
    138.679    11.5476   3.966432    35.0365       1097     4.5667  0.000e+00
    138.834    11.5463   3.966172    35.0352       1098     4.5708  0.000e+00
    138.985    11.5443   3.965912    35.0344       1099     4.5750  0.000e+00
    139.144    11.5424   3.965886    35.0359       1100     4.5792  0.000e+00
    139.300    11.5407   3.965819    35.0368       1101     4.5833  0.000e+00
    139.458    11.5397   3.965839    35.0379       1102     4.5875  0.000e+00
    139.614    11.5391   3.965813    35.0381       1103     4.5917  0.000e+00
    139.773    11.5386   3.965746    35.0378       1104     4.5958  0.000e+00
    139.926    11.5382   3.965579    35.0365       1105     4.6000  0.000e+00
    140.080    11.5369   3.965413    35.0360       1106     4.6042  0.000e+00
    140.229    11.5359   3.965300    35.0357       1107     4.6083  0.000e+00
    140.372    11.5347   3.965107    35.0349       1108     4.6125  0.000e+00
    140.504    11.5333   3.965087    35.0360       1109     4.6167  0.000e+00
    140.640    11.5320   3.965153    35.0379       1110     4.6208  0.000e+00
    140.764    11.5316   3.965153    35.0382       1111     4.6250  0.000e+00
    140.885    11.5312   3.965047    35.0374       1112     4.6292  0.000e+00
    141.004    11.5309   3.964800    35.0352       1113     4.6333  0.000e+00
    141.123    11.5297   3.964754    35.0358       1114     4.6375  0.000e+00
    141.235    11.5286   3.965107    35.0403       1115     4.6417  0.000e+00
    141.354    11.5289   3.965347    35.0424       1116     4.6458  0.000e+00
    141.474    11.5303   3.965394    35.0414       1117     4.6500  0.000e+00
    141.598    11.5316   3.965394    35.0402       1118     4.6542  0.000e+00
    141.721    11.5324   3.965367    35.0391       1119     4.6583  0.000e+00
    141.848    11.5328   3.965340    35.0384       1120     4.6625  0.000e+00
    141.980    11.5329   3.965414    35.0389       1121     4.6667  0.000e+00
    142.113    11.5331   3.965394    35.0385       1122     4.6708  0.000e+00
    142.254    11.5331   3.965154    35.0361       1123     4.6750  0.000e+00
    142.404    11.5325   3.964901    35.0341       1124     4.6792  0.000e+00
    142.557    11.5308   3.964688    35.0335       1125     4.6833  0.000e+00
    142.718    11.5291   3.964641    35.0346       1126     4.6875  0.000e+00
    142.882    11.5275   3.964541    35.0351       1127     4.6917  0.000e+00
    143.056    11.5263   3.964501    35.0357       1128     4.6958  0.000e+00
    143.235    11.5252   3.964475    35.0364       1129     4.7000  0.000e+00
    143.412    11.5245   3.964382    35.0361       1130     4.7042  0.000e+00
    143.589    11.5235   3.964308    35.0362       1131     4.7083  0.000e+00
    143.766    11.5228   3.964309    35.0368       1132     4.7125  0.000e+00
    143.941    11.5222   3.964382    35.0380       1133     4.7167  0.000e+00
    144.100    11.5221   3.964282    35.0371       1134     4.7208  0.000e+00
    144.244    11.5222   3.964282    35.0369       1135     4.7250  0.000e+00
    144.370    11.5218   3.964429    35.0386       1136     4.7292  0.000e+00
    144.482    11.5219   3.964569    35.0399       1137     4.7333  0.000e+00
    144.576    11.5226   3.964329    35.0368       1138     4.7375  0.000e+00
    144.649    11.5223   3.963863    35.0325       1139     4.7417  0.000e+00
    144.716    11.5204   3.963603    35.0317       1140     4.7458  0.000e+00
    144.781    11.5180   3.963696    35.0349       1141     4.7500  0.000e+00
    144.853    11.5164   3.963603    35.0355       1142     4.7542  0.000e+00
    144.927    11.5156   3.963483    35.0350       1143     4.7583  0.000e+00
    145.015    11.5145   3.963583    35.0370       1144     4.7625  0.000e+00
    145.112    11.5141   3.963743    35.0389       1145     4.7667  0.000e+00
    145.219    11.5143   3.963810    35.0392       1146     4.7708  0.000e+00
    145.340    11.5150   3.963670    35.0371       1147     4.7750  0.000e+00
    145.472    11.5150   3.963603    35.0364       1148     4.7792  0.000e+00
    145.611    11.5145   3.963623    35.0371       1149     4.7833  0.000e+00
    145.754    11.5139   3.963577    35.0371       1150     4.7875  0.000e+00
    145.915    11.5137   3.963510    35.0366       1151     4.7917  0.000e+00
    146.081    11.5133   3.963483    35.0366       1152     4.7958  0.000e+00
    146.253    11.5128   3.963410    35.0363       1153     4.8000  0.000e+00
    146.432    11.5122   3.963270    35.0354       1154     4.8042  0.000e+00
    146.622    11.5111   3.963244    35.0361       1155     4.8083  0.000e+00
    146.802    11.5105   3.963244    35.0366       1156     4.8125  0.000e+00
    146.992    11.5099   3.963177    35.0364       1157     4.8167  0.000e+00
    147.169    11.5094   3.963058    35.0356       1158     4.8208  0.000e+00
    147.347    11.5084   3.962991    35.0358       1159     4.8250  0.000e+00
    147.518    11.5079   3.963151    35.0378       1160     4.8292  0.000e+00
    147.690    11.5076   3.962938    35.0359       1161     4.8333  0.000e+00
    147.857    11.5070   3.962751    35.0345       1162     4.8375  0.000e+00
    148.026    11.5063   3.962845    35.0361       1163     4.8417  0.000e+00
    148.190    11.5054   3.962778    35.0361       1164     4.8458  0.000e+00
    148.344    11.5047   3.962752    35.0365       1165     4.8500  0.000e+00
    148.454    11.5039   3.962632    35.0361       1166     4.8542  0.000e+00
    148.546    11.5034   3.962619    35.0364       1167     4.8583  0.000e+00
    148.636    11.5028   3.962705    35.0378       1168     4.8625  0.000e+00
    148.713    11.5026   3.962659    35.0375       1169     4.8667  0.000e+00
    148.688    11.5024   3.962399    35.0351       1170     4.8708  0.000e+00
    148.648    11.5013   3.962186    35.0340       1171     4.8750  0.000e+00
    148.554    11.5000   3.962186    35.0353       1172     4.8792  0.000e+00
    148.494    11.4987   3.962159    35.0363       1173     4.8833  0.000e+00
    148.455    11.4981   3.962186    35.0372       1174     4.8875  0.000e+00
    148.420    11.4977   3.962199    35.0377       1175     4.8917  0.000e+00
    148.361    11.4975   3.962186    35.0377       1176     4.8958  0.000e+00
    148.297    11.4975   3.962232    35.0382       1177     4.9000  0.000e+00
    148.236    11.4976   3.962259    35.0384       1178     4.9042  0.000e+00
    148.191    11.4980   3.962212    35.0376       1179     4.9083  0.000e+00
    148.163    11.4981   3.962279    35.0382       1180     4.9125  0.000e+00
    148.134    11.4983   3.962279    35.0380       1181     4.9167  0.000e+00
    148.113    11.4984   3.962345    35.0386       1182     4.9208  0.000e+00
    148.093    11.4985   3.962399    35.0390       1183     4.9250  0.000e+00
    148.066    11.4990   3.962419    35.0388       1184     4.9292  0.000e+00
    148.042    11.4994   3.962399    35.0382       1185     4.9333  0.000e+00
    148.007    11.4996   3.962419    35.0382       1186     4.9375  0.000e+00
    147.971    11.4998   3.962419    35.0381       1187     4.9417  0.000e+00
    147.933    11.5000   3.962518    35.0388       1188     4.9458  0.000e+00
    147.890    11.5004   3.962472    35.0380       1189     4.9500  0.000e+00
    147.855    11.5006   3.962398    35.0371       1190     4.9542  0.000e+00
    147.813    11.5004   3.962418    35.0375       1191     4.9583  0.000e+00
    147.780    11.5004   3.962445    35.0379       1192     4.9625  0.000e+00
    147.747    11.5004   3.962445    35.0378       1193     4.9667  0.000e+00
    147.713    11.5002   3.962445    35.0380       1194     4.9708  0.000e+00
    147.677    11.5004   3.962418    35.0376       1195     4.9750  0.000e+00
    147.651    11.5004   3.962472    35.0382       1196     4.9792  0.000e+00
    147.624    11.5004   3.962418    35.0376       1197     4.9833  0.000e+00
    147.587    11.5004   3.962398    35.0374       1198     4.9875  0.000e+00
    147.547    11.5004   3.962418    35.0377       1199     4.9917  0.000e+00
    147.512    11.5003   3.962445    35.0380       1200     4.9958  0.000e+00
    147.461    11.5004   3.962472    35.0383       1201     5.0000  0.000e+00
    147.403    11.5006   3.962492    35.0383       1202     5.0042  0.000e+00
    147.338    11.5007   3.962492    35.0382       1203     5.0083  0.000e+00
    147.272    11.5009   3.962492    35.0380       1204     5.0125  0.000e+00
    147.198    11.5011   3.962645    35.0394       1205     5.0167  0.000e+00
    147.129    11.5017   3.962705    35.0395       1206     5.0208  0.000e+00
    147.060    11.5024   3.962778    35.0396       1207     5.0250  0.000e+00
    147.003    11.5033   3.962751    35.0384       1208     5.0292  0.000e+00
    146.959    11.5037   3.962731    35.0379       1209     5.0333  0.000e+00
    146.919    11.5039   3.962778    35.0381       1210     5.0375  0.000e+00
    146.891    11.5041   3.962778    35.0380       1211     5.0417  0.000e+00
    146.866    11.5043   3.962658    35.0366       1212     5.0458  0.000e+00
    146.857    11.5041   3.962545    35.0357       1213     5.0500  0.000e+00
    146.848    11.5033   3.962678    35.0378       1214     5.0542  0.000e+00
    146.844    11.5032   3.962678    35.0379       1215     5.0583  0.000e+00
    146.840    11.5032   3.962751    35.0386       1216     5.0625  0.000e+00
    146.831    11.5036   3.962678    35.0375       1217     5.0667  0.000e+00
    146.818    11.5037   3.962585    35.0365       1218     5.0708  0.000e+00
    146.794    11.5033   3.962585    35.0369       1219     5.0750  0.000e+00
    146.764    11.5032   3.962565    35.0368       1220     5.0792  0.000e+00
    146.728    11.5026   3.962545    35.0372       1221     5.0833  0.000e+00
    146.668    11.5025   3.962538    35.0372       1222     5.0875  0.000e+00
    146.603    11.5024   3.962585    35.0378       1223     5.0917  0.000e+00
    146.519    11.5024   3.962325    35.0353       1224     5.0958  0.000e+00
    146.438    11.5025   3.962611    35.0381       1225     5.1000  0.000e+00
    146.341    11.5026   3.962564    35.0375       1226     5.1042  0.000e+00
    146.244    11.5026   3.962564    35.0376       1227     5.1083  0.000e+00
    146.142    11.5027   3.962731    35.0392       1228     5.1125  0.000e+00
    146.032    11.5032   3.962717    35.0387       1229     5.1167  0.000e+00
    145.920    11.5037   3.962777    35.0388       1230     5.1208  0.000e+00
    145.804    11.5040   3.962777    35.0386       1231     5.1250  0.000e+00
    145.688    11.5045   3.962704    35.0375       1232     5.1292  0.000e+00
    145.567    11.5047   3.962824    35.0384       1233     5.1333  0.000e+00
    145.449    11.5051   3.962917    35.0391       1234     5.1375  0.000e+00
    145.336    11.5058   3.962677    35.0361       1235     5.1417  0.000e+00
    145.222    11.5054   3.962671    35.0364       1236     5.1458  0.000e+00
    145.108    11.5049   3.962824    35.0385       1237     5.1500  0.000e+00
    144.998    11.5051   3.962844    35.0385       1238     5.1542  0.000e+00
    144.886    11.5056   3.962983    35.0395       1239     5.1583  0.000e+00
    144.779    11.5064   3.963083    35.0398       1240     5.1625  0.000e+00
