HB2303/sbe053.cnv
* Sea-Bird SBE 19plus V2 Data File:
* FileName = C:\cruise\data\sbe053.hex
* Software Version Seasave V 7.26.7.121
* Temperature SN = 6128
* Conductivity SN = 6128
* System UpLoad Time = Aug 13 2023 14:07:00
* NMEA Latitude = 39 13.81 N
* NMEA Longitude = 073 18.46 W
* NMEA UTC (Time) = Aug 13 2023 14:06:56
** Ship: Henry Bigelow
** Cruise:  HB2303
** Program:  ECOMON
# nquan = 7
# nvalues = 1442                                  
# units = specified
# name 0 = depSM: Depth [salt water, m]
# name 1 = tv290C: Temperature [ITS-90, deg C]
# name 2 = c0S/m: Conductivity [S/m]
# name 3 = sal00: Salinity, Practical [PSU]
# name 4 = scan: Scan Count
# name 5 = timeM: Time, Elapsed [minutes]
# name 6 = flag:  0.000e+00
# span 0 =     -0.203,     51.100                 
# span 1 =     9.5650,    24.9477                 
# span 2 =   0.000231,   4.733293                 
# span 3 =     0.0120,    34.8823                 
# span 4 =         11,       1452                 
# span 5 =     0.0417,     6.0458                 
# span 6 = 0.0000e+00, 0.0000e+00                 
# interval = seconds: 0.25
# start_time = Aug 13 2023 14:06:56 [NMEA time, header]
# bad_flag = -9.990e-29
*END*
[from data line 1231]
      8.188    23.6059   4.691761    31.4420       1242     5.1708  0.000e+00
      8.146    23.6100   4.692626    31.4455       1243     5.1750  0.000e+00
      8.108    23.6181   4.694548    31.4543       1244     5.1792  0.000e+00
      8.054    23.6338   4.695398    31.4495       1245     5.1833  0.000e+00
      7.983    23.6516   4.697013    31.4491       1246     5.1875  0.000e+00
      7.912    23.6713   4.698528    31.4464       1247     5.1917  0.000e+00
      7.831    23.6926   4.699422    31.4381       1248     5.1958  0.000e+00
      7.752    23.7116   4.700079    31.4296       1249     5.2000  0.000e+00
      7.674    23.7294   4.701788    31.4298       1250     5.2042  0.000e+00
      7.603    23.7521   4.703747    31.4285       1251     5.2083  0.000e+00
      7.553    23.7839   4.707016    31.4304       1252     5.2125  0.000e+00
      7.511    23.8350   4.707831    31.4005       1253     5.2167  0.000e+00
      7.482    23.8751   4.708560    31.3777       1254     5.2208  0.000e+00
      7.458    23.9074   4.708745    31.3564       1255     5.2250  0.000e+00
      7.449    23.9277   4.708888    31.3431       1256     5.2292  0.000e+00
      7.456    23.9400   4.708638    31.3326       1257     5.2333  0.000e+00
      7.461    23.9452   4.708773    31.3300       1258     5.2375  0.000e+00
      7.477    23.9473   4.708824    31.3289       1259     5.2417  0.000e+00
      7.483    23.9479   4.708773    31.3281       1260     5.2458  0.000e+00
      7.486    23.9476   4.708745    31.3281       1261     5.2500  0.000e+00
      7.488    23.9464   4.709360    31.3335       1262     5.2542  0.000e+00
      7.475    23.9525   4.709732    31.3320       1263     5.2583  0.000e+00
      7.466    23.9613   4.709496    31.3241       1264     5.2625  0.000e+00
      7.444    23.9648   4.709890    31.3245       1265     5.2667  0.000e+00
      7.415    23.9695   4.710333    31.3246       1266     5.2708  0.000e+00
      7.375    23.9785   4.711435    31.3265       1267     5.2750  0.000e+00
      7.339    23.9959   4.710662    31.3085       1268     5.2792  0.000e+00
      7.291    23.9998   4.710182    31.3022       1269     5.2833  0.000e+00
      7.235    23.9928   4.710633    31.3105       1270     5.2875  0.000e+00
      7.188    23.9940   4.710819    31.3111       1271     5.2917  0.000e+00
      7.138    23.9985   4.710970    31.3090       1272     5.2958  0.000e+00
      7.090    24.0022   4.711034    31.3069       1273     5.3000  0.000e+00
      7.045    24.0065   4.711528    31.3076       1274     5.3042  0.000e+00
      7.014    24.0138   4.711964    31.3058       1275     5.3083  0.000e+00
      6.982    24.0231   4.712057    31.2999       1276     5.3125  0.000e+00
      6.953    24.0303   4.712150    31.2956       1277     5.3167  0.000e+00
      6.931    24.0354   4.712579    31.2952       1278     5.3208  0.000e+00
      6.905    24.0424   4.712365    31.2887       1279     5.3250  0.000e+00
      6.872    24.0450   4.712393    31.2871       1280     5.3292  0.000e+00
      6.834    24.0448   4.712336    31.2868       1281     5.3333  0.000e+00
      6.794    24.0441   4.712629    31.2895       1282     5.3375  0.000e+00
      6.747    24.0465   4.712558    31.2873       1283     5.3417  0.000e+00
      6.696    24.0478   4.712601    31.2867       1284     5.3458  0.000e+00
      6.631    24.0491   4.713309    31.2911       1285     5.3500  0.000e+00
      6.562    24.0581   4.713696    31.2877       1286     5.3542  0.000e+00
      6.481    24.0692   4.714003    31.2822       1287     5.3583  0.000e+00
      6.388    24.0805   4.714118    31.2752       1288     5.3625  0.000e+00
      6.296    24.0894   4.714253    31.2700       1289     5.3667  0.000e+00
      6.206    24.0959   4.714361    31.2663       1290     5.3708  0.000e+00
      6.119    24.1017   4.714389    31.2625       1291     5.3750  0.000e+00
      6.050    24.1057   4.714361    31.2595       1292     5.3792  0.000e+00
      6.001    24.1076   4.714590    31.2599       1293     5.3833  0.000e+00
      5.975    24.1110   4.714919    31.2599       1294     5.3875  0.000e+00
      5.954    24.1158   4.714733    31.2552       1295     5.3917  0.000e+00
      5.948    24.1175   4.714840    31.2548       1296     5.3958  0.000e+00
      5.960    24.1187   4.714869    31.2542       1297     5.4000  0.000e+00
      5.989    24.1207   4.714919    31.2531       1298     5.4042  0.000e+00
      6.018    24.1225   4.714783    31.2509       1299     5.4083  0.000e+00
      6.052    24.1226   4.714811    31.2510       1300     5.4125  0.000e+00
      6.076    24.1223   4.714761    31.2508       1301     5.4167  0.000e+00
      6.104    24.1205   4.714138    31.2474       1302     5.4208  0.000e+00
      6.121    24.1116   4.714203    31.2541       1303     5.4250  0.000e+00
      6.133    24.1043   4.714504    31.2615       1304     5.4292  0.000e+00
      6.124    24.1042   4.714704    31.2631       1305     5.4333  0.000e+00
      6.102    24.1077   4.714890    31.2620       1306     5.4375  0.000e+00
      6.055    24.1118   4.714811    31.2585       1307     5.4417  0.000e+00
      5.999    24.1132   4.714532    31.2555       1308     5.4458  0.000e+00
      5.929    24.1098   4.714224    31.2557       1309     5.4500  0.000e+00
      5.849    24.1039   4.714704    31.2634       1310     5.4542  0.000e+00
      5.784    24.1052   4.715119    31.2656       1311     5.4583  0.000e+00
      5.717    24.1125   4.715291    31.2617       1312     5.4625  0.000e+00
      5.652    24.1197   4.715284    31.2566       1313     5.4667  0.000e+00
      5.598    24.1236   4.714868    31.2508       1314     5.4708  0.000e+00
      5.549    24.1229   4.714976    31.2521       1315     5.4750  0.000e+00
      5.505    24.1199   4.714782    31.2528       1316     5.4792  0.000e+00
      5.473    24.1173   4.714783    31.2546       1317     5.4833  0.000e+00
      5.440    24.1150   4.714732    31.2559       1318     5.4875  0.000e+00
      5.415    24.1131   4.714976    31.2590       1319     5.4917  0.000e+00
      5.389    24.1145   4.715055    31.2586       1320     5.4958  0.000e+00
      5.372    24.1175   4.715148    31.2572       1321     5.5000  0.000e+00
      5.360    24.1202   4.715262    31.2562       1322     5.5042  0.000e+00
      5.332    24.1231   4.715506    31.2560       1323     5.5083  0.000e+00
      5.294    24.1273   4.715556    31.2534       1324     5.5125  0.000e+00
      5.251    24.1307   4.715591    31.2514       1325     5.5167  0.000e+00
      5.178    24.1326   4.715691    31.2508       1326     5.5208  0.000e+00
      5.113    24.1340   4.715770    31.2504       1327     5.5250  0.000e+00
      5.023    24.1358   4.715870    31.2499       1328     5.5292  0.000e+00
      4.914    24.1378   4.715849    31.2484       1329     5.5333  0.000e+00
      4.816    24.1397   4.715978    31.2481       1330     5.5375  0.000e+00
      4.733    24.1410   4.716063    31.2478       1331     5.5417  0.000e+00
      4.670    24.1440   4.716171    31.2465       1332     5.5458  0.000e+00
      4.625    24.1467   4.716171    31.2447       1333     5.5500  0.000e+00
      4.598    24.1485   4.716006    31.2422       1334     5.5542  0.000e+00
      4.594    24.1476   4.715985    31.2427       1335     5.5583  0.000e+00
      4.598    24.1465   4.715949    31.2432       1336     5.5625  0.000e+00
      4.612    24.1458   4.715956    31.2437       1337     5.5667  0.000e+00
      4.615    24.1454   4.715977    31.2441       1338     5.5708  0.000e+00
      4.622    24.1455   4.715956    31.2439       1339     5.5750  0.000e+00
      4.619    24.1458   4.716092    31.2447       1340     5.5792  0.000e+00
      4.602    24.1459   4.716092    31.2446       1341     5.5833  0.000e+00
      4.566    24.1467   4.716307    31.2457       1342     5.5875  0.000e+00
      4.497    24.1477   4.716314    31.2451       1343     5.5917  0.000e+00
      4.421    24.1489   4.716514    31.2457       1344     5.5958  0.000e+00
      4.329    24.1505   4.716450    31.2442       1345     5.6000  0.000e+00
      4.253    24.1522   4.716679    31.2447       1346     5.6042  0.000e+00
      4.175    24.1544   4.716679    31.2432       1347     5.6083  0.000e+00
      4.103    24.1553   4.716543    31.2416       1348     5.6125  0.000e+00
      4.037    24.1555   4.716621    31.2420       1349     5.6167  0.000e+00
      4.001    24.1555   4.716786    31.2433       1350     5.6208  0.000e+00
      3.963    24.1567   4.716757    31.2422       1351     5.6250  0.000e+00
      3.945    24.1570   4.716679    31.2414       1352     5.6292  0.000e+00
      3.932    24.1570   4.716564    31.2406       1353     5.6333  0.000e+00
      3.921    24.1562   4.716786    31.2428       1354     5.6375  0.000e+00
      3.894    24.1566   4.716679    31.2417       1355     5.6417  0.000e+00
      3.869    24.1565   4.716786    31.2426       1356     5.6458  0.000e+00
      3.829    24.1573   4.717158    31.2448       1357     5.6500  0.000e+00
      3.793    24.1594   4.717151    31.2433       1358     5.6542  0.000e+00
      3.751    24.1612   4.717208    31.2425       1359     5.6583  0.000e+00
      3.702    24.1619   4.717201    31.2420       1360     5.6625  0.000e+00
      3.657    24.1627   4.717180    31.2413       1361     5.6667  0.000e+00
      3.610    24.1630   4.717480    31.2433       1362     5.6708  0.000e+00
      3.570    24.1644   4.717502    31.2425       1363     5.6750  0.000e+00
      3.530    24.1655   4.717538    31.2420       1364     5.6792  0.000e+00
      3.494    24.1665   4.717609    31.2418       1365     5.6833  0.000e+00
      3.450    24.1669   4.717566    31.2412       1366     5.6875  0.000e+00
      3.396    24.1669   4.717659    31.2420       1367     5.6917  0.000e+00
      3.334    24.1671   4.717953    31.2440       1368     5.6958  0.000e+00
      3.267    24.1688   4.718741    31.2487       1369     5.7000  0.000e+00
      3.195    24.1725   4.718784    31.2464       1370     5.7042  0.000e+00
      3.104    24.1758   4.718511    31.2421       1371     5.7083  0.000e+00
      3.016    24.1767   4.717824    31.2364       1372     5.7125  0.000e+00
      2.925    24.1736   4.717623    31.2371       1373     5.7167  0.000e+00
      2.847    24.1701   4.717931    31.2419       1374     5.7208  0.000e+00
      2.775    24.1695   4.717759    31.2411       1375     5.7250  0.000e+00
      2.717    24.1691   4.717931    31.2426       1376     5.7292  0.000e+00
      2.666    24.1694   4.717960    31.2426       1377     5.7333  0.000e+00
      2.626    24.1699   4.718354    31.2452       1378     5.7375  0.000e+00
      2.572    24.1718   4.718762    31.2469       1379     5.7417  0.000e+00
      2.503    24.1750   4.718833    31.2453       1380     5.7458  0.000e+00
      2.444    24.1772   4.718597    31.2420       1381     5.7500  0.000e+00
      2.389    24.1778   4.718568    31.2414       1382     5.7542  0.000e+00
      2.340    24.1775   4.718647    31.2422       1383     5.7583  0.000e+00
      2.300    24.1779   4.718876    31.2436       1384     5.7625  0.000e+00
      2.264    24.1793   4.719263    31.2455       1385     5.7667  0.000e+00
      2.233    24.1811   4.719320    31.2447       1386     5.7708  0.000e+00
      2.203    24.1831   4.719420    31.2440       1387     5.7750  0.000e+00
      2.170    24.1851   4.719521    31.2434       1388     5.7792  0.000e+00
      2.130    24.1863   4.719291    31.2409       1389     5.7833  0.000e+00
      2.095    24.1856   4.718683    31.2369       1390     5.7875  0.000e+00
      2.054    24.1832   4.719528    31.2448       1391     5.7917  0.000e+00
      2.028    24.1837   4.719993    31.2479       1392     5.7958  0.000e+00
      1.988    24.1866   4.720273    31.2480       1393     5.8000  0.000e+00
      1.946    24.1896   4.720488    31.2475       1394     5.8042  0.000e+00
      1.899    24.1924   4.720466    31.2454       1395     5.8083  0.000e+00
      1.885    24.1943   4.720516    31.2445       1396     5.8125  0.000e+00
      1.859    24.1952   4.720244    31.2418       1397     5.8167  0.000e+00
      1.861    24.1949   4.720194    31.2417       1398     5.8208  0.000e+00
      1.868    24.1937   4.719685    31.2387       1399     5.8250  0.000e+00
      1.864    24.1917   4.719341    31.2375       1400     5.8292  0.000e+00
      1.852    24.1884   4.718905    31.2366       1401     5.8333  0.000e+00
      1.833    24.1846   4.718539    31.2366       1402     5.8375  0.000e+00
      1.817    24.1806   4.718239    31.2371       1403     5.8417  0.000e+00
      1.837    24.1768   4.718138    31.2390       1404     5.8458  0.000e+00
      1.880    24.1742   4.718303    31.2421       1405     5.8500  0.000e+00
      1.939    24.1729   4.718260    31.2426       1406     5.8542  0.000e+00
      1.993    24.1719   4.718275    31.2434       1407     5.8583  0.000e+00
      2.042    24.1716   4.718289    31.2437       1408     5.8625  0.000e+00
      2.076    24.1717   4.718246    31.2433       1409     5.8667  0.000e+00
      2.105    24.1713   4.718346    31.2443       1410     5.8708  0.000e+00
      2.125    24.1716   4.718490    31.2452       1411     5.8750  0.000e+00
      2.123    24.1723   4.718683    31.2461       1412     5.8792  0.000e+00
      2.101    24.1738   4.718941    31.2470       1413     5.8833  0.000e+00
      2.065    24.1756   4.718876    31.2453       1414     5.8875  0.000e+00
      1.962    24.1763   4.718353    31.2409       1415     5.8917  0.000e+00
      1.803    24.1742   4.717959    31.2395       1416     5.8958  0.000e+00
      1.618    24.1717   4.719342    31.2516       1417     5.9000  0.000e+00
      1.438    24.1745   4.718353    31.2424       1418     5.9042  0.000e+00
      1.313    24.1750   4.720079    31.2548       1419     5.9083  0.000e+00
      1.216    24.1795   4.720409    31.2542       1420     5.9125  0.000e+00
      1.129    24.1851   4.719492    31.2435       1421     5.9167  0.000e+00
      1.030    24.1862   4.719663    31.2440       1422     5.9208  0.000e+00
      0.925    24.1858   4.720330    31.2493       1423     5.9250  0.000e+00
      0.787    24.1878   4.719850    31.2443       1424     5.9292  0.000e+00
      0.669    24.1882   4.719599    31.2422       1425     5.9333  0.000e+00
      0.571    24.1868   4.719019    31.2390       1426     5.9375  0.000e+00
      0.446    24.1839   4.719549    31.2449       1427     5.9417  0.000e+00
      0.338    24.1834   4.720064    31.2491       1428     5.9458  0.000e+00
      0.253    24.1858   4.721024    31.2546       1429     5.9500  0.000e+00
      0.097    24.1907   4.721189    31.2524       1430     5.9542  0.000e+00
     -0.136    24.1951   2.651911    16.5077       1431     5.9583  0.000e+00
     -0.194    24.1986   0.637529     3.5336       1432     5.9625  0.000e+00
     -0.197    24.2040   0.532893     2.9179       1433     5.9667  0.000e+00
     -0.199    24.2109   0.585282     3.2243       1434     5.9708  0.000e+00
     -0.197    24.2147   0.455650     2.4693       1435     5.9750  0.000e+00
     -0.201    24.2153   0.386240     2.0717       1436     5.9792  0.000e+00
     -0.201    24.2141   0.320282     1.6990       1437     5.9833  0.000e+00
     -0.201    24.2121   0.279421     1.4709       1438     5.9875  0.000e+00
     -0.203    24.2087   0.252019     1.3192       1439     5.9917  0.000e+00
     -0.201    24.2051   0.232862     1.2139       1440     5.9958  0.000e+00
     -0.200    24.2020   0.205441     1.0641       1441     6.0000  0.000e+00
     -0.191    24.1982   0.201629     1.0434       1442     6.0042  0.000e+00
     -0.193    24.1943   0.224868     1.1703       1443     6.0083  0.000e+00
     -0.194    24.1902   0.178733     0.9196       1444     6.0125  0.000e+00
     -0.196    24.1860   0.178438     0.9181       1445     6.0167  0.000e+00
