HB2303/sbe032.cnv
* Sea-Bird SBE 19plus V2 Data File:
* FileName = C:\cruise\data\sbe032.hex
* Software Version Seasave V 7.26.7.121
* Temperature SN = 6128
* Conductivity SN = 6128
* System UpLoad Time = Aug 11 2023 18:26:24
* NMEA Latitude = 36 00.85 N
* NMEA Longitude = 075 28.79 W
* NMEA UTC (Time) = Aug 11 2023 18:26:20
** Ship: Henry Bigelow
** Cruise:  HB2303
** Program:  ECOMON
# nquan = 7
# nvalues = 856                                   
# units = specified
# name 0 = depSM: Depth [salt water, m]
# name 1 = tv290C: Temperature [ITS-90, deg C]
# name 2 = c0S/m: Conductivity [S/m]
# name 3 = sal00: Salinity, Practical [PSU]
# name 4 = scan: Scan Count
# name 5 = timeM: Time, Elapsed [minutes]
# name 6 = flag:  0.000e+00
# span 0 =     -0.170,     15.882                 
# span 1 =    20.0082,    30.4486                 
# span 2 =   0.000079,   5.302202                 
# span 3 =     0.0127,    33.7354                 
# span 4 =         11,        866                 
# span 5 =     0.0417,     3.6042                 
# span 6 = 0.0000e+00, 0.0000e+00                 
# interval = seconds: 0.25
# start_time = Aug 11 2023 18:26:20 [NMEA time, header]
# bad_flag = -9.990e-29
*END*
[from data line 206]
      4.398    25.2077   4.989162    32.5030        217     0.9000  0.000e+00
      4.460    25.1921   4.989390    32.5158        218     0.9042  0.000e+00
      4.516    25.1773   4.989911    32.5302        219     0.9083  0.000e+00
      4.575    25.1631   4.989941    32.5406        220     0.9125  0.000e+00
      4.635    25.1505   4.990799    32.5558        221     0.9167  0.000e+00
      4.695    25.1412   4.991628    32.5686        222     0.9208  0.000e+00
      4.754    25.1321   4.991577    32.5747        223     0.9250  0.000e+00
      4.812    25.1238   4.992516    32.5875        224     0.9292  0.000e+00
      4.865    25.1153   4.993573    32.6014        225     0.9333  0.000e+00
      4.913    25.1057   4.994263    32.6133        226     0.9375  0.000e+00
      4.962    25.0942   4.995004    32.6270        227     0.9417  0.000e+00
      5.006    25.0815   4.995459    32.6395        228     0.9458  0.000e+00
      5.042    25.0658   4.997411    32.6651        229     0.9500  0.000e+00
      5.081    25.0479   4.999217    32.6913        230     0.9542  0.000e+00
      5.119    25.0291   5.001376    32.7207        231     0.9583  0.000e+00
      5.163    25.0105   5.002691    32.7438        232     0.9625  0.000e+00
      5.217    24.9937   5.003638    32.7629        233     0.9667  0.000e+00
      5.277    24.9783   5.005159    32.7852        234     0.9708  0.000e+00
      5.351    24.9633   5.006422    32.8053        235     0.9750  0.000e+00
      5.428    24.9499   5.007825    32.8254        236     0.9792  0.000e+00
      5.520    24.9367   5.009670    32.8485        237     0.9833  0.000e+00
      5.616    24.9233   5.010463    32.8640        238     0.9875  0.000e+00
      5.721    24.9102   5.010530    32.8740        239     0.9917  0.000e+00
      5.826    24.8976   5.010185    32.8806        240     0.9958  0.000e+00
      5.922    24.8850   5.009296    32.8832        241     1.0000  0.000e+00
      6.026    24.8717   5.008143    32.8844        242     1.0042  0.000e+00
      6.109    24.8564   5.007027    32.8872        243     1.0083  0.000e+00
      6.196    24.8361   5.005301    32.8893        244     1.0125  0.000e+00
      6.263    24.8100   5.002871    32.8904        245     1.0167  0.000e+00
      6.335    24.7829   5.000426    32.8921        246     1.0208  0.000e+00
      6.391    24.7549   4.997674    32.8922        247     1.0250  0.000e+00
      6.438    24.7256   4.995554    32.8979        248     1.0292  0.000e+00
      6.487    24.6958   4.994842    32.9144        249     1.0333  0.000e+00
      6.532    24.6662   4.993639    32.9272        250     1.0375  0.000e+00
      6.583    24.6396   4.992781    32.9402        251     1.0417  0.000e+00
      6.644    24.6188   4.991403    32.9452        252     1.0458  0.000e+00
      6.711    24.6033   4.991968    32.9608        253     1.0500  0.000e+00
      6.782    24.5922   4.991638    32.9664        254     1.0542  0.000e+00
      6.848    24.5814   4.991954    32.9767        255     1.0583  0.000e+00
      6.930    24.5694   4.991895    32.9850        256     1.0625  0.000e+00
      7.006    24.5550   4.991925    32.9958        257     1.0667  0.000e+00
      7.091    24.5401   4.991177    33.0012        258     1.0708  0.000e+00
      7.172    24.5232   4.989952    33.0044        259     1.0750  0.000e+00
      7.259    24.5051   4.988258    33.0052        260     1.0792  0.000e+00
      7.347    24.4867   4.987606    33.0138        261     1.0833  0.000e+00
      7.432    24.4666   4.986521    33.0205        262     1.0875  0.000e+00
      7.517    24.4487   4.986551    33.0339        263     1.0917  0.000e+00
      7.600    24.4323   4.986808    33.0478        264     1.0958  0.000e+00
      7.685    24.4160   4.986661    33.0587        265     1.1000  0.000e+00
      7.770    24.4024   4.986838    33.0700        266     1.1042  0.000e+00
      7.851    24.3876   4.987175    33.0835        267     1.1083  0.000e+00
      7.934    24.3723   4.986860    33.0924        268     1.1125  0.000e+00
      8.016    24.3589   4.986208    33.0974        269     1.1167  0.000e+00
      8.093    24.3436   4.985438    33.1030        270     1.1208  0.000e+00
      8.171    24.3255   4.985233    33.1147        271     1.1250  0.000e+00
      8.234    24.3062   4.984031    33.1200        272     1.1292  0.000e+00
      8.296    24.2851   4.982126    33.1214        273     1.1333  0.000e+00
      8.357    24.2636   4.979986    33.1213        274     1.1375  0.000e+00
      8.408    24.2436   4.978499    33.1251        275     1.1417  0.000e+00
      8.460    24.2258   4.976448    33.1229        276     1.1458  0.000e+00
      8.504    24.2085   4.975254    33.1268        277     1.1500  0.000e+00
      8.560    24.1923   4.974543    33.1334        278     1.1542  0.000e+00
      8.605    24.1792   4.973884    33.1382        279     1.1583  0.000e+00
      8.657    24.1683   4.972976    33.1395        280     1.1625  0.000e+00
      8.717    24.1574   4.973746    33.1533        281     1.1667  0.000e+00
      8.775    24.1410   4.974742    33.1729        282     1.1708  0.000e+00
      8.845    24.1154   4.973973    33.1861        283     1.1750  0.000e+00
      8.916    24.0858   4.974003    33.2084        284     1.1792  0.000e+00
      8.992    24.0543   4.973689    33.2295        285     1.1833  0.000e+00
      9.075    24.0241   4.972466    33.2427        286     1.1875  0.000e+00
      9.156    23.9962   4.970958    33.2522        287     1.1917  0.000e+00
      9.241    23.9679   4.968682    33.2562        288     1.1958  0.000e+00
      9.329    23.9425   4.967284    33.2646        289     1.2000  0.000e+00
      9.429    23.9191   4.964839    33.2637        290     1.2042  0.000e+00
      9.519    23.8942   4.963083    33.2691        291     1.2083  0.000e+00
      9.617    23.8664   4.962316    33.2841        292     1.2125  0.000e+00
      9.712    23.8362   4.960523    33.2932        293     1.2167  0.000e+00
      9.812    23.8088   4.959331    33.3046        294     1.2208  0.000e+00
      9.911    23.7810   4.957745    33.3135        295     1.2250  0.000e+00
     10.014    23.7483   4.956012    33.3249        296     1.2292  0.000e+00
     10.110    23.7161   4.955252    33.3433        297     1.2333  0.000e+00
     10.206    23.6812   4.954346    33.3627        298     1.2375  0.000e+00
     10.307    23.6388   4.953776    33.3902        299     1.2417  0.000e+00
     10.406    23.5992   4.952929    33.4136        300     1.2458  0.000e+00
     10.502    23.5734   4.949786    33.4093        301     1.2500  0.000e+00
     10.594    23.5423   4.944152    33.3900        302     1.2542  0.000e+00
     10.683    23.5003   4.936951    33.3671        303     1.2583  0.000e+00
     10.771    23.4445   4.928048    33.3415        304     1.2625  0.000e+00
     10.853    23.3546   4.917672    33.3305        305     1.2667  0.000e+00
     10.932    23.2333   4.901839    33.3016        306     1.2708  0.000e+00
     11.008    23.0918   4.882364    33.2599        307     1.2750  0.000e+00
     11.084    22.9405   4.866318    33.2515        308     1.2792  0.000e+00
     11.160    22.7743   4.851629    33.2648        309     1.2833  0.000e+00
     11.230    22.6104   4.839911    33.2992        310     1.2875  0.000e+00
     11.306    22.4597   4.830166    33.3389        311     1.2917  0.000e+00
     11.382    22.3318   4.827058    33.4127        312     1.2958  0.000e+00
     11.460    22.2296   4.825469    33.4790        313     1.3000  0.000e+00
     11.541    22.1474   4.823764    33.5290        314     1.3042  0.000e+00
     11.619    22.0771   4.821408    33.5650        315     1.3083  0.000e+00
     11.704    22.0176   4.818186    33.5859        316     1.3125  0.000e+00
     11.787    21.9649   4.785688    33.3726        317     1.3167  0.000e+00
     11.870    21.8925   4.776225    33.3544        318     1.3208  0.000e+00
     11.955    21.8127   4.772952    33.3903        319     1.3250  0.000e+00
     12.042    21.7503   4.771441    33.4267        320     1.3292  0.000e+00
     12.123    21.7082   4.770276    33.4501        321     1.3333  0.000e+00
     12.206    21.6809   4.771284    33.4792        322     1.3375  0.000e+00
     12.293    21.6672   4.772278    33.4976        323     1.3417  0.000e+00
     12.381    21.6614   4.771817    33.4985        324     1.3458  0.000e+00
     12.479    21.6592   4.764681    33.4440        325     1.3500  0.000e+00
     12.573    21.6588   4.773278    33.5120        326     1.3542  0.000e+00
     12.669    21.6574   4.771875    33.5020        327     1.3583  0.000e+00
     12.766    21.6519   4.770414    33.4947        328     1.3625  0.000e+00
     12.860    21.6428   4.769090    33.4914        329     1.3667  0.000e+00
     12.954    21.6310   4.767019    33.4841        330     1.3708  0.000e+00
     13.048    21.6175   4.764523    33.4750        331     1.3750  0.000e+00
     13.137    21.6003   4.759936    33.4522        332     1.3792  0.000e+00
     13.222    21.5765   4.755912    33.4389        333     1.3833  0.000e+00
     13.299    21.5484   4.752047    33.4302        334     1.3875  0.000e+00
     13.377    21.5167   4.747774    33.4212        335     1.3917  0.000e+00
     13.451    21.4830   4.744888    33.4246        336     1.3958  0.000e+00
     13.516    21.4508   4.742426    33.4301        337     1.4000  0.000e+00
     13.592    21.4231   4.741185    33.4418        338     1.4042  0.000e+00
     13.663    21.4015   4.740174    33.4507        339     1.4083  0.000e+00
     13.737    21.3848   4.738215    33.4482        340     1.4125  0.000e+00
     13.813    21.3675   4.733904    33.4274        341     1.4167  0.000e+00
     13.892    21.3426   4.730850    33.4227        342     1.4208  0.000e+00
     13.977    21.3133   4.728671    33.4282        343     1.4250  0.000e+00
     14.065    21.2831   4.722701    33.4044        344     1.4292  0.000e+00
     14.156    21.2447   4.719736    33.4108        345     1.4333  0.000e+00
     14.252    21.2080   4.718218    33.4274        346     1.4375  0.000e+00
     14.347    21.1799   4.715777    33.4298        347     1.4417  0.000e+00
     14.445    21.1545   4.709721    33.4015        348     1.4458  0.000e+00
     14.541    21.1203   4.706208    33.4003        349     1.4500  0.000e+00
     14.636    21.0819   4.700795    33.3872        350     1.4542  0.000e+00
     14.721    21.0398   4.699265    33.4079        351     1.4583  0.000e+00
     14.804    21.0050   4.700395    33.4441        352     1.4625  0.000e+00
     14.889    20.9845   4.696106    33.4259        353     1.4667  0.000e+00
     14.962    20.9574   4.677766    33.3008        354     1.4708  0.000e+00
     15.036    20.8849   4.666206    33.2651        355     1.4750  0.000e+00
     15.101    20.7868   4.652686    33.2336        356     1.4792  0.000e+00
     15.159    20.6723   4.650787    33.3079        357     1.4833  0.000e+00
     15.218    20.5689   4.654705    33.4206        358     1.4875  0.000e+00
     15.287    20.5001   4.654862    33.4761        359     1.4917  0.000e+00
     15.343    20.4567   4.652072    33.4879        360     1.4958  0.000e+00
     15.410    20.4196   4.648841    33.4912        361     1.5000  0.000e+00
     15.473    20.3846   4.647041    33.5043        362     1.5042  0.000e+00
     15.546    20.3537   4.645426    33.5157        363     1.5083  0.000e+00
     15.622    20.3257   4.642616    33.5152        364     1.5125  0.000e+00
     15.701    20.2941   4.638023    33.5030        365     1.5167  0.000e+00
     15.784    20.2520   4.634206    33.5055        366     1.5208  0.000e+00
     15.835    20.2041   4.630198    33.5110        367     1.5250  0.000e+00
     15.869    20.1563   4.624594    33.5036        368     1.5292  0.000e+00
     15.882    20.1031   4.621528    33.5209        369     1.5333  0.000e+00
     15.871    20.0545   4.621060    33.5558        370     1.5375  0.000e+00
     15.862    20.0229   4.622118    33.5896        371     1.5417  0.000e+00
     15.856    20.0082   4.623844    33.6154        372     1.5458  0.000e+00
     15.851    20.0083   4.625463    33.6286        373     1.5500  0.000e+00
     15.858    20.0169   4.626202    33.6277        374     1.5542  0.000e+00
     15.856    20.0272   4.627125    33.6269        375     1.5583  0.000e+00
     15.851    20.0369   4.628212    33.6280        376     1.5625  0.000e+00
     15.846    20.0484   4.629298    33.6278        377     1.5667  0.000e+00
     15.813    20.0611   4.630272    33.6255        378     1.5708  0.000e+00
     15.763    20.0738   4.634564    33.6503        379     1.5750  0.000e+00
     15.699    20.1015   4.639611    33.6692        380     1.5792  0.000e+00
     15.629    20.1478   4.643110    33.6607        381     1.5833  0.000e+00
     15.537    20.1974   4.646247    33.6466        382     1.5875  0.000e+00
     15.446    20.2448   4.650174    33.6407        383     1.5917  0.000e+00
     15.352    20.2897   4.646330    33.5739        384     1.5958  0.000e+00
     15.258    20.3241   4.642801    33.5181        385     1.6000  0.000e+00
     15.159    20.3540   4.654053    33.5853        386     1.6042  0.000e+00
     15.062    20.4133   4.676647    33.7208        387     1.6083  0.000e+00
     14.962    20.5276   4.689725    33.7354        388     1.6125  0.000e+00
     14.854    20.6615   4.692231    33.6493        389     1.6167  0.000e+00
     14.724    20.7658   4.696738    33.6030        390     1.6208  0.000e+00
     14.583    20.8427   4.703873    33.5996        391     1.6250  0.000e+00
     14.418    20.9123   4.708716    33.5835        392     1.6292  0.000e+00
     14.270    20.9749   4.711914    33.5598        393     1.6333  0.000e+00
     14.131    21.0251   4.716459    33.5566        394     1.6375  0.000e+00
     13.992    21.0693   4.722977    33.5739        395     1.6417  0.000e+00
     13.858    21.1213   4.727462    33.5688        396     1.6458  0.000e+00
     13.739    21.1764   4.731748    33.5597        397     1.6500  0.000e+00
     13.622    21.2276   4.734846    33.5443        398     1.6542  0.000e+00
     13.500    21.2713   4.740391    33.5541        399     1.6583  0.000e+00
     13.383    21.3150   4.745652    33.5617        400     1.6625  0.000e+00
     13.267    21.3594   4.749062    33.5540        401     1.6667  0.000e+00
     13.155    21.3997   4.755972    33.5772        402     1.6708  0.000e+00
     13.045    21.4435   4.759105    33.5678        403     1.6750  0.000e+00
     12.924    21.4838   4.760829    33.5500        404     1.6792  0.000e+00
     12.843    21.5150   4.762734    33.5407        405     1.6833  0.000e+00
     12.760    21.5398   4.764093    33.5321        406     1.6875  0.000e+00
     12.709    21.5604   4.764963    33.5230        407     1.6917  0.000e+00
     12.651    21.5758   4.765336    33.5139        408     1.6958  0.000e+00
     12.592    21.5873   4.765904    33.5095        409     1.7000  0.000e+00
     12.527    21.5955   4.766343    33.5065        410     1.7042  0.000e+00
     12.460    21.6025   4.766012    33.4986        411     1.7083  0.000e+00
     12.388    21.6064   4.765149    33.4887        412     1.7125  0.000e+00
     12.330    21.6071   4.764084    33.4799        413     1.7167  0.000e+00
     12.274    21.6056   4.763631    33.4774        414     1.7208  0.000e+00
     12.223    21.6034   4.763150    33.4754        415     1.7250  0.000e+00
     12.174    21.6019   4.762589    33.4721        416     1.7292  0.000e+00
     12.142    21.6005   4.762553    33.4730        417     1.7333  0.000e+00
     12.113    21.5992   4.763157    33.4787        418     1.7375  0.000e+00
     12.098    21.6003   4.764171    33.4859        419     1.7417  0.000e+00
     12.087    21.6036   4.764739    33.4878        420     1.7458  0.000e+00
