HB2303/sbe087.cnv
* Sea-Bird SBE 19plus V2 Data File:
* FileName = C:\cruise\data\sbe087.hex
* Software Version Seasave V 7.26.7.121
* Temperature SN = 6128
* Conductivity SN = 6128
* System UpLoad Time = Aug 16 2023 23:58:00
* NMEA Latitude = 41 27.09 N
* NMEA Longitude = 067 22.38 W
* NMEA UTC (Time) = Aug 16 2023 23:57:56
** Ship: Henry Bigelow
** Cruise:  HB2303
** Program:  ECOMON
# nquan = 7
# nvalues = 1220                                  
# units = specified
# name 0 = depSM: Depth [salt water, m]
# name 1 = tv290C: Temperature [ITS-90, deg C]
# name 2 = c0S/m: Conductivity [S/m]
# name 3 = sal00: Salinity, Practical [PSU]
# name 4 = scan: Scan Count
# name 5 = timeM: Time, Elapsed [minutes]
# name 6 = flag:  0.000e+00
# span 0 =     -0.092,     40.972                 
# span 1 =    17.4739,    17.7186                 
# span 2 =   0.002247,   4.232221                 
# span 3 =     0.0179,    32.3237                 
# span 4 =         11,       1230                 
# span 5 =     0.0417,     5.1208                 
# span 6 = 0.0000e+00, 0.0000e+00                 
# interval = seconds: 0.25
# start_time = Aug 16 2023 23:57:56 [NMEA time, header]
# bad_flag = -9.990e-29
*END*
[from data line 1026]
      7.964    17.4777   4.221945    32.2860       1037     4.3167  0.000e+00
      7.899    17.4774   4.221938    32.2862       1038     4.3208  0.000e+00
      7.834    17.4774   4.221788    32.2849       1039     4.3250  0.000e+00
      7.775    17.4771   4.221794    32.2852       1040     4.3292  0.000e+00
      7.706    17.4768   4.221890    32.2863       1041     4.3333  0.000e+00
      7.641    17.4769   4.222198    32.2889       1042     4.3375  0.000e+00
      7.571    17.4781   4.221986    32.2862       1043     4.3417  0.000e+00
      7.504    17.4782   4.221993    32.2861       1044     4.3458  0.000e+00
      7.436    17.4785   4.221965    32.2857       1045     4.3500  0.000e+00
      7.374    17.4781   4.221917    32.2857       1046     4.3542  0.000e+00
      7.304    17.4776   4.221842    32.2854       1047     4.3583  0.000e+00
      7.248    17.4774   4.221787    32.2852       1048     4.3625  0.000e+00
      7.200    17.4768   4.221842    32.2861       1049     4.3667  0.000e+00
      7.159    17.4766   4.221890    32.2867       1050     4.3708  0.000e+00
      7.134    17.4769   4.221910    32.2866       1051     4.3750  0.000e+00
      7.110    17.4770   4.221890    32.2864       1052     4.3792  0.000e+00
      7.094    17.4769   4.221842    32.2861       1053     4.3833  0.000e+00
      7.089    17.4769   4.221842    32.2861       1054     4.3875  0.000e+00
      7.080    17.4766   4.221637    32.2845       1055     4.3917  0.000e+00
      7.072    17.4761   4.221575    32.2844       1056     4.3958  0.000e+00
      7.060    17.4753   4.221562    32.2849       1057     4.4000  0.000e+00
      7.042    17.4751   4.221719    32.2865       1058     4.4042  0.000e+00
      7.018    17.4752   4.221972    32.2885       1059     4.4083  0.000e+00
      6.991    17.4763   4.222081    32.2886       1060     4.4125  0.000e+00
      6.951    17.4773   4.221589    32.2836       1061     4.4167  0.000e+00
      6.904    17.4770   4.221938    32.2868       1062     4.4208  0.000e+00
      6.843    17.4773   4.221972    32.2869       1063     4.4250  0.000e+00
      6.780    17.4777   4.222108    32.2878       1064     4.4292  0.000e+00
      6.711    17.4784   4.222122    32.2874       1065     4.4333  0.000e+00
      6.636    17.4792   4.222122    32.2868       1066     4.4375  0.000e+00
      6.558    17.4795   4.222108    32.2864       1067     4.4417  0.000e+00
      6.475    17.4795   4.222095    32.2864       1068     4.4458  0.000e+00
      6.393    17.4793   4.222033    32.2861       1069     4.4500  0.000e+00
      6.314    17.4793   4.222047    32.2862       1070     4.4542  0.000e+00
      6.218    17.4790   4.222012    32.2861       1071     4.4583  0.000e+00
      6.119    17.4790   4.222067    32.2866       1072     4.4625  0.000e+00
      6.023    17.4790   4.221814    32.2845       1073     4.4667  0.000e+00
      5.927    17.4785   4.221506    32.2823       1074     4.4708  0.000e+00
      5.848    17.4768   4.221500    32.2837       1075     4.4750  0.000e+00
      5.785    17.4758   4.221431    32.2839       1076     4.4792  0.000e+00
      5.734    17.4749   4.221411    32.2844       1077     4.4833  0.000e+00
      5.698    17.4743   4.221472    32.2855       1078     4.4875  0.000e+00
      5.675    17.4741   4.221431    32.2853       1079     4.4917  0.000e+00
      5.669    17.4739   4.221500    32.2861       1080     4.4958  0.000e+00
      5.678    17.4741   4.221712    32.2877       1081     4.5000  0.000e+00
      5.687    17.4747   4.221623    32.2864       1082     4.5042  0.000e+00
      5.702    17.4752   4.221636    32.2861       1083     4.5083  0.000e+00
      5.720    17.4751   4.221671    32.2865       1084     4.5125  0.000e+00
      5.733    17.4754   4.221664    32.2862       1085     4.5167  0.000e+00
      5.744    17.4756   4.221671    32.2861       1086     4.5208  0.000e+00
      5.733    17.4754   4.221506    32.2849       1087     4.5250  0.000e+00
      5.711    17.4753   4.221691    32.2865       1088     4.5292  0.000e+00
      5.680    17.4754   4.221691    32.2865       1089     4.5333  0.000e+00
      5.641    17.4755   4.221711    32.2865       1090     4.5375  0.000e+00
      5.592    17.4758   4.221910    32.2880       1091     4.5417  0.000e+00
      5.536    17.4762   4.221814    32.2870       1092     4.5458  0.000e+00
      5.469    17.4764   4.221841    32.2870       1093     4.5500  0.000e+00
      5.404    17.4766   4.221787    32.2864       1094     4.5542  0.000e+00
      5.324    17.4765   4.221889    32.2874       1095     4.5583  0.000e+00
      5.243    17.4767   4.221889    32.2873       1096     4.5625  0.000e+00
      5.166    17.4770   4.221937    32.2874       1097     4.5667  0.000e+00
      5.081    17.4774   4.221916    32.2870       1098     4.5708  0.000e+00
      4.983    17.4778   4.221916    32.2868       1099     4.5750  0.000e+00
      4.898    17.4779   4.221814    32.2858       1100     4.5792  0.000e+00
      4.811    17.4778   4.221841    32.2862       1101     4.5833  0.000e+00
      4.732    17.4774   4.221841    32.2865       1102     4.5875  0.000e+00
      4.654    17.4775   4.221814    32.2862       1103     4.5917  0.000e+00
      4.582    17.4774   4.221793    32.2862       1104     4.5958  0.000e+00
      4.508    17.4774   4.221971    32.2876       1105     4.6000  0.000e+00
      4.438    17.4781   4.222012    32.2875       1106     4.6042  0.000e+00
      4.371    17.4785   4.221991    32.2871       1107     4.6083  0.000e+00
      4.310    17.4789   4.222032    32.2871       1108     4.6125  0.000e+00
      4.249    17.4790   4.222019    32.2869       1109     4.6167  0.000e+00
      4.195    17.4794   4.222012    32.2865       1110     4.6208  0.000e+00
      4.157    17.4797   4.221991    32.2861       1111     4.6250  0.000e+00
      4.135    17.4795   4.221971    32.2861       1112     4.6292  0.000e+00
      4.122    17.4795   4.221964    32.2861       1113     4.6333  0.000e+00
      4.124    17.4791   4.221971    32.2865       1114     4.6375  0.000e+00
      4.130    17.4793   4.221936    32.2860       1115     4.6417  0.000e+00
      4.151    17.4795   4.221971    32.2861       1116     4.6458  0.000e+00
      4.180    17.4793   4.221909    32.2858       1117     4.6500  0.000e+00
      4.200    17.4789   4.221943    32.2863       1118     4.6542  0.000e+00
      4.213    17.4789   4.221936    32.2863       1119     4.6583  0.000e+00
      4.211    17.4789   4.221971    32.2866       1120     4.6625  0.000e+00
      4.198    17.4789   4.221984    32.2867       1121     4.6667  0.000e+00
      4.162    17.4791   4.222018    32.2869       1122     4.6708  0.000e+00
      4.104    17.4793   4.221991    32.2865       1123     4.6750  0.000e+00
      4.026    17.4794   4.221964    32.2862       1124     4.6792  0.000e+00
      3.922    17.4793   4.221971    32.2863       1125     4.6833  0.000e+00
      3.801    17.4792   4.222011    32.2869       1126     4.6875  0.000e+00
      3.660    17.4797   4.221970    32.2862       1127     4.6917  0.000e+00
      3.523    17.4794   4.221964    32.2864       1128     4.6958  0.000e+00
      3.369    17.4794   4.221765    32.2847       1129     4.7000  0.000e+00
      3.212    17.4791   4.221909    32.2863       1130     4.7042  0.000e+00
      3.062    17.4791   4.221915    32.2864       1131     4.7083  0.000e+00
      2.922    17.4790   4.221888    32.2862       1132     4.7125  0.000e+00
      2.819    17.4787   4.221868    32.2864       1133     4.7167  0.000e+00
      2.741    17.4787   4.221840    32.2862       1134     4.7208  0.000e+00
      2.700    17.4787   4.221840    32.2862       1135     4.7250  0.000e+00
      2.696    17.4789   4.221867    32.2863       1136     4.7292  0.000e+00
      2.712    17.4790   4.221861    32.2861       1137     4.7333  0.000e+00
      2.752    17.4789   4.221888    32.2864       1138     4.7375  0.000e+00
      2.812    17.4789   4.221861    32.2861       1139     4.7417  0.000e+00
      2.888    17.4789   4.221888    32.2864       1140     4.7458  0.000e+00
      2.958    17.4789   4.221861    32.2861       1141     4.7500  0.000e+00
      3.032    17.4788   4.221868    32.2862       1142     4.7542  0.000e+00
      3.084    17.4787   4.221861    32.2862       1143     4.7583  0.000e+00
      3.117    17.4788   4.221916    32.2866       1144     4.7625  0.000e+00
      3.110    17.4788   4.221936    32.2868       1145     4.7667  0.000e+00
      3.066    17.4786   4.221943    32.2870       1146     4.7708  0.000e+00
      2.996    17.4785   4.221943    32.2871       1147     4.7750  0.000e+00
      2.920    17.4782   4.221909    32.2871       1148     4.7792  0.000e+00
      2.833    17.4782   4.221915    32.2871       1149     4.7833  0.000e+00
      2.741    17.4782   4.221888    32.2869       1150     4.7875  0.000e+00
      2.640    17.4781   4.221915    32.2873       1151     4.7917  0.000e+00
      2.526    17.4781   4.221888    32.2871       1152     4.7958  0.000e+00
      2.416    17.4782   4.221867    32.2869       1153     4.8000  0.000e+00
      2.308    17.4780   4.221860    32.2871       1154     4.8042  0.000e+00
      2.198    17.4781   4.221840    32.2869       1155     4.8083  0.000e+00
      2.113    17.4778   4.221840    32.2871       1156     4.8125  0.000e+00
      2.033    17.4779   4.221813    32.2868       1157     4.8167  0.000e+00
      1.984    17.4778   4.221840    32.2871       1158     4.8208  0.000e+00
      1.961    17.4778   4.221813    32.2869       1159     4.8250  0.000e+00
      1.952    17.4780   4.221888    32.2874       1160     4.8292  0.000e+00
      1.950    17.4780   4.221840    32.2870       1161     4.8333  0.000e+00
      1.949    17.4781   4.221840    32.2869       1162     4.8375  0.000e+00
      1.948    17.4781   4.221812    32.2867       1163     4.8417  0.000e+00
      1.950    17.4782   4.221785    32.2863       1164     4.8458  0.000e+00
      1.943    17.4781   4.221812    32.2867       1165     4.8500  0.000e+00
      1.914    17.4780   4.221765    32.2864       1166     4.8542  0.000e+00
      1.873    17.4778   4.221518    32.2844       1167     4.8583  0.000e+00
      1.817    17.4775   4.221737    32.2866       1168     4.8625  0.000e+00
      1.772    17.4774   4.221785    32.2871       1169     4.8667  0.000e+00
      1.718    17.4774   4.221765    32.2870       1170     4.8708  0.000e+00
      1.669    17.4775   4.221812    32.2873       1171     4.8750  0.000e+00
      1.622    17.4776   4.221812    32.2872       1172     4.8792  0.000e+00
      1.570    17.4778   4.221812    32.2871       1173     4.8833  0.000e+00
      1.514    17.4778   4.221840    32.2873       1174     4.8875  0.000e+00
      1.461    17.4778   4.221812    32.2871       1175     4.8917  0.000e+00
      1.418    17.4779   4.221792    32.2868       1176     4.8958  0.000e+00
      1.395    17.4778   4.221764    32.2867       1177     4.9000  0.000e+00
      1.364    17.4777   4.221792    32.2871       1178     4.9042  0.000e+00
      1.353    17.4777   4.221785    32.2870       1179     4.9083  0.000e+00
      1.353    17.4776   4.221764    32.2869       1180     4.9125  0.000e+00
      1.349    17.4777   4.221785    32.2870       1181     4.9167  0.000e+00
      1.344    17.4776   4.221785    32.2871       1182     4.9208  0.000e+00
      1.325    17.4774   4.221764    32.2870       1183     4.9250  0.000e+00
      1.289    17.4776   4.221764    32.2869       1184     4.9292  0.000e+00
      1.226    17.4774   4.221744    32.2869       1185     4.9333  0.000e+00
      1.136    17.4775   4.221764    32.2870       1186     4.9375  0.000e+00
      1.024    17.4773   4.221792    32.2875       1187     4.9417  0.000e+00
      0.915    17.4774   4.221764    32.2872       1188     4.9458  0.000e+00
      0.818    17.4775   4.221744    32.2870       1189     4.9500  0.000e+00
      0.715    17.4776   4.221785    32.2873       1190     4.9542  0.000e+00
      0.623    17.4775   4.221764    32.2872       1191     4.9583  0.000e+00
      0.529    17.4778   4.221764    32.2870       1192     4.9625  0.000e+00
      0.450    17.4778   4.221737    32.2868       1193     4.9667  0.000e+00
      0.417    17.4778   4.221744    32.2869       1194     4.9708  0.000e+00
      0.423    17.4778   4.221764    32.2871       1195     4.9750  0.000e+00
      0.451    17.4780   4.221744    32.2867       1196     4.9792  0.000e+00
      0.473    17.4778   4.221737    32.2868       1197     4.9833  0.000e+00
      0.460    17.4777   4.221744    32.2870       1198     4.9875  0.000e+00
      0.432    17.4780   4.221737    32.2867       1199     4.9917  0.000e+00
      0.416    17.4777   4.221716    32.2868       1200     4.9958  0.000e+00
      0.399    17.4776   4.221709    32.2868       1201     5.0000  0.000e+00
      0.399    17.4776   4.221689    32.2866       1202     5.0042  0.000e+00
      0.399    17.4774   4.221634    32.2863       1203     5.0083  0.000e+00
      0.380    17.4774   4.221709    32.2870       1204     5.0125  0.000e+00
      0.331    17.4774   4.221716    32.2870       1205     5.0167  0.000e+00
      0.268    17.4773   4.221737    32.2873       1206     5.0208  0.000e+00
      0.190    17.4774   4.221689    32.2868       1207     5.0250  0.000e+00
      0.019    17.4772   4.221661    32.2868       1208     5.0292  0.000e+00
     -0.079    17.4770   1.223584     8.3178       1209     5.0333  0.000e+00
     -0.077    17.4773   0.706457     4.6063       1210     5.0375  0.000e+00
     -0.085    17.4768   0.367809     2.2967       1211     5.0417  0.000e+00
     -0.086    17.4774   0.328603     2.0380       1212     5.0458  0.000e+00
     -0.090    17.4777   0.307384     1.8988       1213     5.0500  0.000e+00
     -0.092    17.4772   0.274844     1.6869       1214     5.0542  0.000e+00
     -0.086    17.4776   0.239412     1.4581       1215     5.0583  0.000e+00
     -0.083    17.4776   0.199411     1.2027       1216     5.0625  0.000e+00
     -0.083    17.4771   0.198930     1.1996       1217     5.0667  0.000e+00
     -0.083    17.4778   0.207804     1.2560       1218     5.0708  0.000e+00
     -0.077    17.4771   0.237872     1.4483       1219     5.0750  0.000e+00
     -0.074    17.4770   0.205484     1.2413       1220     5.0792  0.000e+00
     -0.079    17.4773   0.178905     1.0730       1221     5.0833  0.000e+00
     -0.077    17.4780   0.161798     0.9655       1222     5.0875  0.000e+00
     -0.079    17.4776   0.149742     0.8902       1223     5.0917  0.000e+00
     -0.081    17.4771   0.139299     0.8253       1224     5.0958  0.000e+00
     -0.079    17.4773   0.127613     0.7530       1225     5.1000  0.000e+00
     -0.081    17.4770   0.116980     0.6876       1226     5.1042  0.000e+00
     -0.084    17.4770   0.110686     0.6490       1227     5.1083  0.000e+00
     -0.086    17.4775   0.107650     0.6305       1228     5.1125  0.000e+00
     -0.085    17.4774   0.104807     0.6131       1229     5.1167  0.000e+00
     -0.088    17.4769   0.104396     0.6106       1230     5.1208  0.000e+00
