HB2303/sbe057.cnv
* Sea-Bird SBE 19plus V2 Data File:
* FileName = C:\cruise\data\sbe057.hex
* Software Version Seasave V 7.26.7.121
* Temperature SN = 6128
* Conductivity SN = 6128
* System UpLoad Time = Aug 13 2023 21:45:48
* NMEA Latitude = 39 15.43 N
* NMEA Longitude = 072 25.52 W
* NMEA UTC (Time) = Aug 13 2023 21:45:44
** Ship: Henry Bigelow
** Cruise:  HB2303
** Program:  ECOMON
# nquan = 7
# nvalues = 4423                                  
# units = specified
# name 0 = depSM: Depth [salt water, m]
# name 1 = tv290C: Temperature [ITS-90, deg C]
# name 2 = c0S/m: Conductivity [S/m]
# name 3 = sal00: Salinity, Practical [PSU]
# name 4 = scan: Scan Count
# name 5 = timeM: Time, Elapsed [minutes]
# name 6 = flag:  0.000e+00
# span 0 =     -0.105,    185.475                 
# span 1 =    10.8016,    26.4444                 
# span 2 =   0.000079,   5.224179                 
# span 3 =     0.0123,    35.7374                 
# span 4 =         11,       4433                 
# span 5 =     0.0417,    18.4667                 
# span 6 = 0.0000e+00, 0.0000e+00                 
# interval = seconds: 0.25
# start_time = Aug 13 2023 21:45:44 [NMEA time, header]
# bad_flag = -9.990e-29
*END*
[from data line 3077]
     68.290    14.7426   4.337690    35.6260       3088    12.8625  0.000e+00
     68.212    14.7427   4.337683    35.6259       3089    12.8667  0.000e+00
     68.143    14.7427   4.337690    35.6260       3090    12.8708  0.000e+00
     68.078    14.7430   4.337663    35.6255       3091    12.8750  0.000e+00
     68.002    14.7429   4.337586    35.6249       3092    12.8792  0.000e+00
     67.928    14.7430   4.337552    35.6245       3093    12.8833  0.000e+00
     67.853    14.7428   4.337414    35.6235       3094    12.8875  0.000e+00
     67.791    14.7426   4.337033    35.6201       3095    12.8917  0.000e+00
     67.715    14.7420   4.336923    35.6197       3096    12.8958  0.000e+00
     67.645    14.7418   4.336860    35.6194       3097    12.9000  0.000e+00
     67.574    14.7412   4.336784    35.6192       3098    12.9042  0.000e+00
     67.505    14.7410   4.336736    35.6190       3099    12.9083  0.000e+00
     67.440    14.7408   4.336577    35.6177       3100    12.9125  0.000e+00
     67.371    14.7407   4.336328    35.6156       3101    12.9167  0.000e+00
     67.317    14.7405   4.336280    35.6153       3102    12.9208  0.000e+00
     67.259    14.7405   4.336266    35.6153       3103    12.9250  0.000e+00
     67.211    14.7405   4.336204    35.6147       3104    12.9292  0.000e+00
     67.167    14.7402   4.336183    35.6148       3105    12.9333  0.000e+00
     67.120    14.7404   4.336162    35.6145       3106    12.9375  0.000e+00
     67.077    14.7402   4.336155    35.6145       3107    12.9417  0.000e+00
     67.028    14.7400   4.336155    35.6148       3108    12.9458  0.000e+00
     66.986    14.7403   4.336155    35.6145       3109    12.9500  0.000e+00
     66.936    14.7401   4.336134    35.6145       3110    12.9542  0.000e+00
     66.880    14.7402   4.336127    35.6144       3111    12.9583  0.000e+00
     66.822    14.7403   4.336155    35.6146       3112    12.9625  0.000e+00
     66.766    14.7400   4.336134    35.6147       3113    12.9667  0.000e+00
     66.711    14.7402   4.336127    35.6145       3114    12.9708  0.000e+00
     66.642    14.7402   4.336107    35.6143       3115    12.9750  0.000e+00
     66.575    14.7402   4.336051    35.6139       3116    12.9792  0.000e+00
     66.504    14.7403   4.336079    35.6140       3117    12.9833  0.000e+00
     66.430    14.7402   4.336079    35.6141       3118    12.9875  0.000e+00
     66.350    14.7401   4.336079    35.6143       3119    12.9917  0.000e+00
     66.274    14.7403   4.336051    35.6139       3120    12.9958  0.000e+00
     66.191    14.7402   4.336051    35.6140       3121    13.0000  0.000e+00
     66.108    14.7402   4.336003    35.6135       3122    13.0042  0.000e+00
     66.019    14.7402   4.335954    35.6132       3123    13.0083  0.000e+00
     65.927    14.7404   4.335947    35.6130       3124    13.0125  0.000e+00
     65.846    14.7402   4.335982    35.6135       3125    13.0167  0.000e+00
     65.755    14.7402   4.335954    35.6132       3126    13.0208  0.000e+00
     65.672    14.7405   4.335947    35.6130       3127    13.0250  0.000e+00
     65.590    14.7403   4.335926    35.6130       3128    13.0292  0.000e+00
     65.500    14.7404   4.335954    35.6132       3129    13.0333  0.000e+00
     65.422    14.7405   4.335954    35.6132       3130    13.0375  0.000e+00
     65.342    14.7405   4.335947    35.6131       3131    13.0417  0.000e+00
     65.281    14.7406   4.335926    35.6129       3132    13.0458  0.000e+00
     65.211    14.7405   4.335878    35.6126       3133    13.0500  0.000e+00
     65.151    14.7405   4.335892    35.6127       3134    13.0542  0.000e+00
     65.095    14.7405   4.335878    35.6126       3135    13.0583  0.000e+00
     65.039    14.7404   4.335850    35.6125       3136    13.0625  0.000e+00
     64.990    14.7407   4.335878    35.6125       3137    13.0667  0.000e+00
     64.941    14.7406   4.335891    35.6127       3138    13.0708  0.000e+00
     64.888    14.7404   4.335878    35.6128       3139    13.0750  0.000e+00
     64.825    14.7405   4.335878    35.6127       3140    13.0792  0.000e+00
     64.765    14.7405   4.335919    35.6131       3141    13.0833  0.000e+00
     64.702    14.7405   4.335878    35.6127       3142    13.0875  0.000e+00
     64.631    14.7405   4.335878    35.6128       3143    13.0917  0.000e+00
     64.555    14.7405   4.335871    35.6128       3144    13.0958  0.000e+00
     64.472    14.7406   4.335877    35.6127       3145    13.1000  0.000e+00
     64.398    14.7407   4.335829    35.6123       3146    13.1042  0.000e+00
     64.324    14.7407   4.335801    35.6120       3147    13.1083  0.000e+00
     64.243    14.7407   4.335788    35.6120       3148    13.1125  0.000e+00
     64.165    14.7407   4.335677    35.6110       3149    13.1167  0.000e+00
     64.090    14.7407   4.335573    35.6100       3150    13.1208  0.000e+00
     64.028    14.7407   4.335393    35.6084       3151    13.1250  0.000e+00
     63.972    14.7409   4.335227    35.6067       3152    13.1292  0.000e+00
     63.918    14.7409   4.335151    35.6060       3153    13.1333  0.000e+00
     63.874    14.7408   4.335048    35.6052       3154    13.1375  0.000e+00
     63.825    14.7407   4.334764    35.6026       3155    13.1417  0.000e+00
     63.776    14.7408   4.334619    35.6013       3156    13.1458  0.000e+00
     63.722    14.7408   4.334571    35.6008       3157    13.1500  0.000e+00
     63.666    14.7406   4.334578    35.6011       3158    13.1542  0.000e+00
     63.613    14.7405   4.334598    35.6014       3159    13.1583  0.000e+00
     63.543    14.7406   4.334571    35.6011       3160    13.1625  0.000e+00
     63.476    14.7406   4.334474    35.6003       3161    13.1667  0.000e+00
     63.408    14.7406   4.334419    35.5998       3162    13.1708  0.000e+00
     63.340    14.7405   4.334343    35.5992       3163    13.1750  0.000e+00
     63.261    14.7405   4.334342    35.5993       3164    13.1792  0.000e+00
     63.194    14.7405   4.334370    35.5995       3165    13.1833  0.000e+00
     63.125    14.7405   4.334322    35.5991       3166    13.1875  0.000e+00
     63.071    14.7404   4.334322    35.5992       3167    13.1917  0.000e+00
     63.013    14.7404   4.334287    35.5989       3168    13.1958  0.000e+00
     62.960    14.7405   4.334294    35.5989       3169    13.2000  0.000e+00
     62.903    14.7404   4.334246    35.5986       3170    13.2042  0.000e+00
     62.866    14.7403   4.334218    35.5984       3171    13.2083  0.000e+00
     62.823    14.7405   4.334211    35.5982       3172    13.2125  0.000e+00
     62.772    14.7402   4.334218    35.5986       3173    13.2167  0.000e+00
     62.725    14.7403   4.334197    35.5983       3174    13.2208  0.000e+00
     62.674    14.7401   4.334156    35.5981       3175    13.2250  0.000e+00
     62.614    14.7401   4.334169    35.5983       3176    13.2292  0.000e+00
     62.554    14.7402   4.334121    35.5977       3177    13.2333  0.000e+00
     62.477    14.7402   4.334142    35.5980       3178    13.2375  0.000e+00
     62.428    14.7401   4.334107    35.5978       3179    13.2417  0.000e+00
     62.371    14.7399   4.334121    35.5981       3180    13.2458  0.000e+00
     62.335    14.7400   4.334093    35.5978       3181    13.2500  0.000e+00
     62.293    14.7401   4.334052    35.5973       3182    13.2542  0.000e+00
     62.253    14.7399   4.333990    35.5970       3183    13.2583  0.000e+00
     62.215    14.7399   4.333865    35.5958       3184    13.2625  0.000e+00
     62.177    14.7397   4.333658    35.5941       3185    13.2667  0.000e+00
     62.140    14.7397   4.333340    35.5912       3186    13.2708  0.000e+00
     62.117    14.7394   4.333188    35.5901       3187    13.2750  0.000e+00
     62.089    14.7392   4.333036    35.5889       3188    13.2792  0.000e+00
     62.073    14.7393   4.333001    35.5885       3189    13.2833  0.000e+00
     62.056    14.7390   4.332987    35.5886       3190    13.2875  0.000e+00
     62.034    14.7391   4.332967    35.5884       3191    13.2917  0.000e+00
     62.016    14.7391   4.332787    35.5867       3192    13.2958  0.000e+00
     61.989    14.7389   4.332635    35.5855       3193    13.3000  0.000e+00
     61.970    14.7391   4.332587    35.5849       3194    13.3042  0.000e+00
     61.938    14.7391   4.332497    35.5840       3195    13.3083  0.000e+00
     61.904    14.7391   4.332435    35.5835       3196    13.3125  0.000e+00
     61.871    14.7390   4.332338    35.5827       3197    13.3167  0.000e+00
     61.835    14.7389   4.332262    35.5822       3198    13.3208  0.000e+00
     61.788    14.7387   4.332158    35.5814       3199    13.3250  0.000e+00
     61.738    14.7387   4.332061    35.5805       3200    13.3292  0.000e+00
     61.690    14.7387   4.332034    35.5803       3201    13.3333  0.000e+00
     61.641    14.7386   4.331951    35.5796       3202    13.3375  0.000e+00
     61.581    14.7387   4.331861    35.5787       3203    13.3417  0.000e+00
     61.530    14.7389   4.331806    35.5781       3204    13.3458  0.000e+00
     61.485    14.7387   4.331736    35.5776       3205    13.3500  0.000e+00
     61.432    14.7387   4.331660    35.5770       3206    13.3542  0.000e+00
     61.383    14.7387   4.331557    35.5760       3207    13.3583  0.000e+00
     61.343    14.7387   4.331432    35.5749       3208    13.3625  0.000e+00
     61.294    14.7385   4.331370    35.5745       3209    13.3667  0.000e+00
     61.258    14.7386   4.331232    35.5732       3210    13.3708  0.000e+00
     61.215    14.7385   4.331080    35.5719       3211    13.3750  0.000e+00
     61.182    14.7384   4.330921    35.5706       3212    13.3792  0.000e+00
     61.158    14.7383   4.330852    35.5700       3213    13.3833  0.000e+00
     61.122    14.7383   4.330831    35.5699       3214    13.3875  0.000e+00
     61.092    14.7382   4.330783    35.5695       3215    13.3917  0.000e+00
     61.052    14.7383   4.330658    35.5683       3216    13.3958  0.000e+00
     61.007    14.7378   4.330603    35.5683       3217    13.4000  0.000e+00
     60.971    14.7377   4.330506    35.5675       3218    13.4042  0.000e+00
     60.926    14.7374   4.330451    35.5672       3219    13.4083  0.000e+00
     60.878    14.7371   4.330327    35.5664       3220    13.4125  0.000e+00
     60.823    14.7368   4.329974    35.5634       3221    13.4167  0.000e+00
     60.775    14.7364   4.329532    35.5598       3222    13.4208  0.000e+00
     60.712    14.7349   4.328924    35.5555       3223    13.4250  0.000e+00
     60.643    14.7329   4.328199    35.5508       3224    13.4292  0.000e+00
     60.578    14.7303   4.327584    35.5475       3225    13.4333  0.000e+00
     60.505    14.7273   4.326921    35.5442       3226    13.4375  0.000e+00
     60.424    14.7249   4.327018    35.5473       3227    13.4417  0.000e+00
     60.341    14.7260   4.326921    35.5455       3228    13.4458  0.000e+00
     60.257    14.7284   4.326113    35.5359       3229    13.4500  0.000e+00
     60.165    14.7298   4.325091    35.5252       3230    13.4542  0.000e+00
     60.080    14.7290   4.325844    35.5329       3231    13.4583  0.000e+00
     60.002    14.7306   4.327639    35.5480       3232    13.4625  0.000e+00
     59.930    14.7378   4.328019    35.5450       3233    13.4667  0.000e+00
     59.876    14.7458   4.327121    35.5294       3234    13.4708  0.000e+00
     59.827    14.7491   4.326796    35.5234       3235    13.4750  0.000e+00
     59.776    14.7495   4.326188    35.5175       3236    13.4792  0.000e+00
     59.733    14.7484   4.325843    35.5154       3237    13.4833  0.000e+00
     59.690    14.7462   4.325484    35.5141       3238    13.4875  0.000e+00
     59.646    14.7436   4.324089    35.5037       3239    13.4917  0.000e+00
     59.601    14.7391   4.322860    35.4965       3240    13.4958  0.000e+00
     59.554    14.7328   4.321735    35.4918       3241    13.5000  0.000e+00
     59.507    14.7263   4.320306    35.4848       3242    13.5042  0.000e+00
     59.447    14.7197   4.319706    35.4852       3243    13.5083  0.000e+00
     59.377    14.7139   4.319478    35.4884       3244    13.5125  0.000e+00
     59.323    14.7100   4.319333    35.4907       3245    13.5167  0.000e+00
     59.250    14.7079   4.319257    35.4920       3246    13.5208  0.000e+00
     59.190    14.7064   4.319161    35.4925       3247    13.5250  0.000e+00
     59.113    14.7060   4.319036    35.4918       3248    13.5292  0.000e+00
     59.036    14.7055   4.318857    35.4905       3249    13.5333  0.000e+00
     58.977    14.7048   4.317684    35.4804       3250    13.5375  0.000e+00
     58.910    14.7027   4.315317    35.4607       3251    13.5417  0.000e+00
     58.848    14.6974   4.314282    35.4560       3252    13.5458  0.000e+00
     58.778    14.6912   4.314214    35.4610       3253    13.5500  0.000e+00
     58.705    14.6873   4.313255    35.4558       3254    13.5542  0.000e+00
     58.633    14.6837   4.312765    35.4546       3255    13.5583  0.000e+00
     58.562    14.6801   4.310896    35.4407       3256    13.5625  0.000e+00
     58.492    14.6756   4.307449    35.4131       3257    13.5667  0.000e+00
     58.418    14.6673   4.303389    35.3834       3258    13.5708  0.000e+00
     58.349    14.6560   4.301736    35.3785       3259    13.5750  0.000e+00
     58.290    14.6454   4.301026    35.3816       3260    13.5792  0.000e+00
     58.227    14.6373   4.299986    35.3795       3261    13.5833  0.000e+00
     58.175    14.6313   4.299965    35.3848       3262    13.5875  0.000e+00
     58.113    14.6273   4.299387    35.3831       3263    13.5917  0.000e+00
     58.061    14.6242   4.298119    35.3743       3264    13.5958  0.000e+00
     58.020    14.6209   4.297623    35.3727       3265    13.6000  0.000e+00
     57.965    14.6177   4.297596    35.3755       3266    13.6042  0.000e+00
     57.911    14.6155   4.297362    35.3753       3267    13.6083  0.000e+00
     57.870    14.6141   4.297196    35.3751       3268    13.6125  0.000e+00
     57.814    14.6129   4.297100    35.3753       3269    13.6167  0.000e+00
     57.768    14.6120   4.296969    35.3750       3270    13.6208  0.000e+00
     57.721    14.6115   4.296928    35.3751       3271    13.6250  0.000e+00
     57.667    14.6106   4.296652    35.3733       3272    13.6292  0.000e+00
     57.609    14.6102   4.296556    35.3728       3273    13.6333  0.000e+00
     57.539    14.6096   4.296404    35.3720       3274    13.6375  0.000e+00
     57.484    14.6091   4.296218    35.3708       3275    13.6417  0.000e+00
     57.409    14.6082   4.296232    35.3718       3276    13.6458  0.000e+00
     57.338    14.6080   4.296081    35.3706       3277    13.6500  0.000e+00
     57.264    14.6075   4.295853    35.3690       3278    13.6542  0.000e+00
     57.205    14.6068   4.295461    35.3660       3279    13.6583  0.000e+00
     57.131    14.6061   4.295089    35.3632       3280    13.6625  0.000e+00
     57.075    14.6050   4.294917    35.3627       3281    13.6667  0.000e+00
     57.017    14.6040   4.294614    35.3608       3282    13.6708  0.000e+00
     56.970    14.6027   4.294290    35.3590       3283    13.6750  0.000e+00
     56.924    14.6017   4.293967    35.3571       3284    13.6792  0.000e+00
     56.885    14.6004   4.293898    35.3576       3285    13.6833  0.000e+00
     56.854    14.5996   4.293877    35.3582       3286    13.6875  0.000e+00
     56.825    14.5988   4.293795    35.3581       3287    13.6917  0.000e+00
     56.791    14.5984   4.293774    35.3583       3288    13.6958  0.000e+00
     56.767    14.5980   4.293774    35.3587       3289    13.7000  0.000e+00
     56.745    14.5978   4.293746    35.3587       3290    13.7042  0.000e+00
     56.724    14.5975   4.293643    35.3580       3291    13.7083  0.000e+00
     56.697    14.5973   4.293622    35.3579       3292    13.7125  0.000e+00
