HB2303/sbe046.cnv
* Sea-Bird SBE 19plus V2 Data File:
* FileName = C:\cruise\data\sbe046.hex
* Software Version Seasave V 7.26.7.121
* Temperature SN = 6128
* Conductivity SN = 6128
* System UpLoad Time = Aug 12 2023 23:32:04
* NMEA Latitude = 37 52.16 N
* NMEA Longitude = 074 20.25 W
* NMEA UTC (Time) = Aug 12 2023 23:32:00
** Ship: Henry Bigelow
** Cruise:  HB2303
** Program:  ECOMON
# nquan = 7
# nvalues = 1850                                  
# units = specified
# name 0 = depSM: Depth [salt water, m]
# name 1 = tv290C: Temperature [ITS-90, deg C]
# name 2 = c0S/m: Conductivity [S/m]
# name 3 = sal00: Salinity, Practical [PSU]
# name 4 = scan: Scan Count
# name 5 = timeM: Time, Elapsed [minutes]
# name 6 = flag:  0.000e+00
# span 0 =     -0.217,     63.579                 
# span 1 =     9.0796,    25.9189                 
# span 2 =   0.000147,   4.953479                 
# span 3 =     0.0121,    35.5110                 
# span 4 =         11,       1860                 
# span 5 =     0.0417,     7.7458                 
# span 6 = 0.0000e+00, 0.0000e+00                 
# interval = seconds: 0.25
# start_time = Aug 12 2023 23:32:00 [NMEA time, header]
# bad_flag = -9.990e-29
*END*
[from data line 1026]
     27.190     9.2069   3.542788    32.9979       1037     4.3167  0.000e+00
     27.121     9.2074   3.543183    33.0016       1038     4.3208  0.000e+00
     27.060     9.2091   3.543075    32.9990       1039     4.3250  0.000e+00
     26.987     9.2099   3.542833    32.9957       1040     4.3292  0.000e+00
     26.922     9.2094   3.543094    32.9990       1041     4.3333  0.000e+00
     26.859     9.2098   3.542750    32.9950       1042     4.3375  0.000e+00
     26.783     9.2095   3.542731    32.9951       1043     4.3417  0.000e+00
     26.712     9.2090   3.542833    32.9967       1044     4.3458  0.000e+00
     26.647     9.2089   3.543508    33.0038       1045     4.3500  0.000e+00
     26.566     9.2108   3.543724    33.0044       1046     4.3542  0.000e+00
     26.501     9.2136   3.544093    33.0056       1047     4.3583  0.000e+00
     26.421     9.2162   3.544004    33.0023       1048     4.3625  0.000e+00
     26.347     9.2181   3.544093    33.0015       1049     4.3667  0.000e+00
     26.272     9.2195   3.544373    33.0031       1050     4.3708  0.000e+00
     26.209     9.2214   3.544354    33.0012       1051     4.3750  0.000e+00
     26.128     9.2223   3.544303    32.9999       1052     4.3792  0.000e+00
     26.065     9.2232   3.545093    33.0073       1053     4.3833  0.000e+00
     25.990     9.2258   3.545201    33.0060       1054     4.3875  0.000e+00
     25.929     9.2285   3.546023    33.0121       1055     4.3917  0.000e+00
     25.864     9.2327   3.545870    33.0066       1056     4.3958  0.000e+00
     25.800     9.2356   3.545870    33.0039       1057     4.4000  0.000e+00
     25.737     9.2366   3.546329    33.0078       1058     4.4042  0.000e+00
     25.679     9.2396   3.549610    33.0389       1059     4.4083  0.000e+00
     25.628     9.2516   3.549935    33.0312       1060     4.4125  0.000e+00
     25.569     9.2627   3.549871    33.0203       1061     4.4167  0.000e+00
     25.513     9.2697   3.550572    33.0212       1062     4.4208  0.000e+00
     25.456     9.2759   3.551655    33.0266       1063     4.4250  0.000e+00
     25.406     9.2834   3.553593    33.0398       1064     4.4292  0.000e+00
     25.344     9.2949   3.558255    33.0773       1065     4.4333  0.000e+00
     25.286     9.3193   3.562006    33.0935       1066     4.4375  0.000e+00
     25.225     9.3507   3.568057    33.1269       1067     4.4417  0.000e+00
     25.159     9.3934   3.576209    33.1714       1068     4.4458  0.000e+00
     25.094     9.4519   3.582595    33.1831       1069     4.4500  0.000e+00
     25.027     9.5149   3.584418    33.1436       1070     4.4542  0.000e+00
     24.960     9.5665   3.586644    33.1188       1071     4.4583  0.000e+00
     24.889     9.6041   3.588224    33.1003       1072     4.4625  0.000e+00
     24.831     9.6327   3.589017    33.0821       1073     4.4667  0.000e+00
     24.759     9.6530   3.589964    33.0732       1074     4.4708  0.000e+00
     24.693     9.6683   3.591219    33.0720       1075     4.4750  0.000e+00
     24.628     9.6816   3.594132    33.0895       1076     4.4792  0.000e+00
     24.565     9.6967   3.593626    33.0705       1077     4.4833  0.000e+00
     24.494     9.7088   3.594068    33.0639       1078     4.4875  0.000e+00
     24.427     9.7168   3.595547    33.0717       1079     4.4917  0.000e+00
     24.366     9.7251   3.597463    33.0838       1080     4.4958  0.000e+00
     24.295     9.7361   3.599212    33.0915       1081     4.5000  0.000e+00
     24.230     9.7528   3.602884    33.1138       1082     4.5042  0.000e+00
     24.163     9.7742   3.608751    33.1540       1083     4.5083  0.000e+00
     24.096     9.8053   3.607199    33.1096       1084     4.5125  0.000e+00
     24.033     9.8279   3.615071    33.1691       1085     4.5167  0.000e+00
     23.969     9.8606   3.616053    33.1491       1086     4.5208  0.000e+00
     23.906     9.8947   3.621723    33.1756       1087     4.5250  0.000e+00
     23.846     9.9309   3.621903    33.1442       1088     4.5292  0.000e+00
     23.797     9.9544   3.623149    33.1352       1089     4.5333  0.000e+00
     23.743     9.9726   3.625108    33.1384       1090     4.5375  0.000e+00
     23.697     9.9886   3.628495    33.1582       1091     4.5417  0.000e+00
     23.652    10.0122   3.629164    33.1434       1092     4.5458  0.000e+00
     23.610    10.0321   3.633253    33.1667       1093     4.5500  0.000e+00
     23.570    10.0553   3.636514    33.1786       1094     4.5542  0.000e+00
     23.522    10.0828   3.638689    33.1753       1095     4.5583  0.000e+00
     23.483    10.1076   3.644444    33.2110       1096     4.5625  0.000e+00
     23.442    10.1420   3.649720    33.2329       1097     4.5667  0.000e+00
     23.398    10.1865   3.656159    33.2572       1098     4.5708  0.000e+00
     23.346    10.2338   3.657635    33.2288       1099     4.5750  0.000e+00
     23.297    10.2765   3.663383    33.2478       1100     4.5792  0.000e+00
     23.249    10.3168   3.666951    33.2469       1101     4.5833  0.000e+00
     23.199    10.3584   3.671271    33.2524       1102     4.5875  0.000e+00
     23.143    10.3989   3.673983    33.2427       1103     4.5917  0.000e+00
     23.083    10.4347   3.678513    33.2556       1104     4.5958  0.000e+00
     23.032    10.4710   3.682217    33.2597       1105     4.6000  0.000e+00
     22.969    10.5076   3.684668    33.2509       1106     4.6042  0.000e+00
     22.904    10.5378   3.686459    33.2414       1107     4.6083  0.000e+00
     22.838    10.5643   3.688549    33.2381       1108     4.6125  0.000e+00
     22.766    10.5872   3.690510    33.2370       1109     4.6167  0.000e+00
     22.708    10.6083   3.693040    33.2431       1110     4.6208  0.000e+00
     22.630    10.6301   3.698875    33.2817       1111     4.6250  0.000e+00
     22.559    10.6629   3.704727    33.3104       1112     4.6292  0.000e+00
     22.489    10.7074   3.717369    33.3962       1113     4.6333  0.000e+00
     22.422    10.7806   3.742100    33.5764       1114     4.6375  0.000e+00
     22.364    10.9106   3.751593    33.5519       1115     4.6417  0.000e+00
     22.288    11.0440   3.752041    33.4346       1116     4.6458  0.000e+00
     22.221    11.1326   3.754203    33.3755       1117     4.6500  0.000e+00
     22.163    11.1879   3.755682    33.3400       1118     4.6542  0.000e+00
     22.101    11.2250   3.755896    33.3086       1119     4.6583  0.000e+00
     22.038    11.2470   3.755903    33.2888       1120     4.6625  0.000e+00
     21.978    11.2593   3.754410    33.2630       1121     4.6667  0.000e+00
     21.924    11.2603   3.738652    33.1067       1122     4.6708  0.000e+00
     21.864    11.2273   3.736043    33.1107       1123     4.6750  0.000e+00
     21.809    11.1893   3.735810    33.1426       1124     4.6792  0.000e+00
     21.759    11.1650   3.736018    33.1666       1125     4.6833  0.000e+00
     21.704    11.1521   3.744061    33.2577       1126     4.6875  0.000e+00
     21.652    11.1629   3.744803    33.2553       1127     4.6917  0.000e+00
     21.597    11.1871   3.753251    33.3170       1128     4.6958  0.000e+00
     21.543    11.2273   3.763721    33.3841       1129     4.7000  0.000e+00
     21.494    11.2896   3.775901    33.4478       1130     4.7042  0.000e+00
     21.441    11.3744   3.781435    33.4254       1131     4.7083  0.000e+00
     21.402    11.4570   3.796924    33.5031       1132     4.7125  0.000e+00
     21.358    11.5491   3.801801    33.4676       1133     4.7167  0.000e+00
     21.320    11.6402   3.816996    33.5340       1134     4.7208  0.000e+00
     21.282    11.7434   3.832037    33.5878       1135     4.7250  0.000e+00
     21.254    11.8654   3.845384    33.6076       1136     4.7292  0.000e+00
     21.216    11.9940   3.857116    33.6057       1137     4.7333  0.000e+00
     21.184    12.1163   3.869727    33.6178       1138     4.7375  0.000e+00
     21.153    12.2323   3.880036    33.6132       1139     4.7417  0.000e+00
     21.113    12.3382   3.882155    33.5387       1140     4.7458  0.000e+00
     21.077    12.4201   3.888055    33.5222       1141     4.7500  0.000e+00
     21.031    12.4855   3.902620    33.6037       1142     4.7542  0.000e+00
     20.988    12.5662   3.908837    33.5912       1143     4.7583  0.000e+00
     20.939    12.6454   3.913222    33.5625       1144     4.7625  0.000e+00
     20.893    12.7077   3.919506    33.5670       1145     4.7667  0.000e+00
     20.841    12.7638   3.929577    33.6132       1146     4.7708  0.000e+00
     20.790    12.8257   3.933202    33.5926       1147     4.7750  0.000e+00
     20.732    12.8858   3.942523    33.6279       1148     4.7792  0.000e+00
     20.683    12.9502   3.976469    33.8933       1149     4.7833  0.000e+00
     20.629    13.0858   4.014939    34.1370       1150     4.7875  0.000e+00
     20.578    13.3196   4.052786    34.2846       1151     4.7917  0.000e+00
     20.531    13.6030   4.060920    34.1069       1152     4.7958  0.000e+00
     20.482    13.8255   4.064416    33.9419       1153     4.8000  0.000e+00
     20.432    13.9652   4.065438    33.8281       1154     4.8042  0.000e+00
     20.383    14.0467   4.066648    33.7677       1155     4.8083  0.000e+00
     20.337    14.0967   4.077674    33.8259       1156     4.8125  0.000e+00
     20.292    14.1522   4.088341    33.8759       1157     4.8167  0.000e+00
     20.245    14.2236   4.100566    33.9262       1158     4.8208  0.000e+00
     20.205    14.3114   4.113495    33.9684       1159     4.8250  0.000e+00
     20.161    14.4123   4.119272    33.9330       1160     4.8292  0.000e+00
     20.109    14.5003   4.126508    33.9223       1161     4.8333  0.000e+00
     20.068    14.5736   4.135763    33.9431       1162     4.8375  0.000e+00
     20.022    14.6478   4.141776    33.9333       1163     4.8417  0.000e+00
     19.977    14.7129   4.144353    33.9000       1164     4.8458  0.000e+00
     19.924    14.7646   4.149476    33.9018       1165     4.8500  0.000e+00
     19.875    14.8129   4.159744    33.9533       1166     4.8542  0.000e+00
     19.826    14.8741   4.165344    33.9511       1167     4.8583  0.000e+00
     19.776    14.9374   4.180250    34.0315       1168     4.8625  0.000e+00
     19.726    15.0186   4.189499    34.0447       1169     4.8667  0.000e+00
     19.676    15.1064   4.191849    33.9897       1170     4.8708  0.000e+00
     19.623    15.1717   4.194371    33.9558       1171     4.8750  0.000e+00
     19.574    15.2174   4.196164    33.9324       1172     4.8792  0.000e+00
     19.520    15.2497   4.198073    33.9217       1173     4.8833  0.000e+00
     19.476    15.2737   4.197881    33.8992       1174     4.8875  0.000e+00
     19.426    15.2878   4.189127    33.8081       1175     4.8917  0.000e+00
     19.384    15.2863   4.179510    33.7227       1176     4.8958  0.000e+00
     19.346    15.2740   4.178679    33.7258       1177     4.9000  0.000e+00
     19.308    15.2640   4.177965    33.7280       1178     4.9042  0.000e+00
     19.277    15.2573   4.180014    33.7522       1179     4.9083  0.000e+00
     19.242    15.2577   4.179687    33.7490       1180     4.9125  0.000e+00
     19.208    15.2651   4.204049    33.9624       1181     4.9167  0.000e+00
     19.178    15.3346   4.221111    34.0561       1182     4.9208  0.000e+00
     19.153    15.4551   4.238549    34.1086       1183     4.9250  0.000e+00
     19.113    15.5948   4.248728    34.0790       1184     4.9292  0.000e+00
     19.079    15.7219   4.254561    34.0215       1185     4.9333  0.000e+00
     19.039    15.8195   4.256563    33.9554       1186     4.9375  0.000e+00
     18.997    15.8840   4.248525    33.8284       1187     4.9417  0.000e+00
     18.952    15.9090   4.221793    33.5694       1188     4.9458  0.000e+00
     18.905    15.8886   4.219093    33.5628       1189     4.9500  0.000e+00
     18.856    15.8625   4.219552    33.5891       1190     4.9542  0.000e+00
     18.807    15.8468   4.219873    33.6052       1191     4.9583  0.000e+00
     18.754    15.8454   4.252961    33.9011       1192     4.9625  0.000e+00
     18.700    15.9408   4.315276    34.3740       1193     4.9667  0.000e+00
     18.653    16.2142   4.368849    34.6125       1194     4.9708  0.000e+00
     18.600    16.5941   4.406370    34.6140       1195     4.9750  0.000e+00
     18.553    16.9701   4.437880    34.5655       1196     4.9792  0.000e+00
     18.510    17.3090   4.466196    34.5210       1197     4.9833  0.000e+00
     18.477    17.6101   4.488007    34.4528       1198     4.9875  0.000e+00
     18.434    17.8647   4.505268    34.3852       1199     4.9917  0.000e+00
     18.390    18.0733   4.520778    34.3419       1200     4.9958  0.000e+00
     18.352    18.2479   4.530149    34.2751       1201     5.0000  0.000e+00
     18.316    18.3864   4.541756    34.2576       1202     5.0042  0.000e+00
     18.274    18.5031   4.554998    34.2721       1203     5.0083  0.000e+00
     18.234    18.6148   4.567613    34.2853       1204     5.0125  0.000e+00
     18.196    18.7258   4.582380    34.3171       1205     5.0167  0.000e+00
     18.156    18.8444   4.604132    34.4007       1206     5.0208  0.000e+00
     18.125    18.9907   4.626921    34.4695       1207     5.0250  0.000e+00
     18.092    19.1634   4.642187    34.4533       1208     5.0292  0.000e+00
     18.056    19.3312   4.650367    34.3824       1209     5.0333  0.000e+00
     18.023    19.4680   4.650807    34.2734       1210     5.0375  0.000e+00
     17.987    19.5613   4.649951    34.1898       1211     5.0417  0.000e+00
     17.952    19.6199   4.650228    34.1442       1212     5.0458  0.000e+00
     17.929    19.6570   4.649529    34.1083       1213     5.0500  0.000e+00
     17.905    19.6821   4.646312    34.0614       1214     5.0542  0.000e+00
     17.879    19.6981   4.644370    34.0324       1215     5.0583  0.000e+00
     17.841    19.7077   4.642861    34.0122       1216     5.0625  0.000e+00
     17.803    19.7133   4.641360    33.9954       1217     5.0667  0.000e+00
     17.772    19.7163   4.641104    33.9909       1218     5.0708  0.000e+00
     17.739    19.7183   4.641033    33.9887       1219     5.0750  0.000e+00
     17.698    19.7193   4.640820    33.9861       1220     5.0792  0.000e+00
     17.656    19.7198   4.637371    33.9574       1221     5.0833  0.000e+00
     17.607    19.7164   4.633966    33.9323       1222     5.0875  0.000e+00
     17.563    19.7092   4.631869    33.9209       1223     5.0917  0.000e+00
     17.513    19.7007   4.628324    33.8987       1224     5.0958  0.000e+00
     17.460    19.6896   4.623431    33.8676       1225     5.1000  0.000e+00
     17.408    19.6744   4.621173    33.8613       1226     5.1042  0.000e+00
     17.355    19.6631   4.624006    33.8938       1227     5.1083  0.000e+00
     17.306    19.6690   4.628736    33.9278       1228     5.1125  0.000e+00
     17.246    19.6955   4.631244    33.9270       1229     5.1167  0.000e+00
     17.208    19.7329   4.634555    33.9239       1230     5.1208  0.000e+00
     17.165    19.7755   4.637512    33.9137       1231     5.1250  0.000e+00
     17.125    19.8173   4.639666    33.8975       1232     5.1292  0.000e+00
     17.078    19.8540   4.640732    33.8766       1233     5.1333  0.000e+00
     17.040    19.8832   4.641521    33.8595       1234     5.1375  0.000e+00
     16.998    19.9098   4.643904    33.8576       1235     5.1417  0.000e+00
     16.963    19.9389   4.648500    33.8716       1236     5.1458  0.000e+00
     16.934    19.9751   4.656032    33.9040       1237     5.1500  0.000e+00
     16.896    20.0271   4.660697    33.9001       1238     5.1542  0.000e+00
     16.878    20.0815   4.662976    33.8749       1239     5.1583  0.000e+00
     16.856    20.1237   4.665613    33.8625       1240     5.1625  0.000e+00
