HB2303/sbe075.cnv
* Sea-Bird SBE 19plus V2 Data File:
* FileName = C:\cruise\data\sbe075.hex
* Software Version Seasave V 7.26.7.121
* Temperature SN = 6128
* Conductivity SN = 6128
* System UpLoad Time = Aug 15 2023 20:27:16
* NMEA Latitude = 40 10.83 N
* NMEA Longitude = 068 52.58 W
* NMEA UTC (Time) = Aug 15 2023 20:27:12
** Ship: Henry Bigelow
** Cruise:  HB2303
** Program:  ECOMON
# nquan = 7
# nvalues = 3558                                  
# units = specified
# name 0 = depSM: Depth [salt water, m]
# name 1 = tv290C: Temperature [ITS-90, deg C]
# name 2 = c0S/m: Conductivity [S/m]
# name 3 = sal00: Salinity, Practical [PSU]
# name 4 = scan: Scan Count
# name 5 = timeM: Time, Elapsed [minutes]
# name 6 = flag:  0.000e+00
# span 0 =     -0.318,    124.430                 
# span 1 =     9.8261,    24.7362                 
# span 2 =   0.002041,   4.685888                 
# span 3 =     0.0178,    35.0827                 
# span 4 =         11,       3568                 
# span 5 =     0.0417,    14.8625                 
# span 6 = 0.0000e+00, 0.0000e+00                 
# interval = seconds: 0.25
# start_time = Aug 15 2023 20:27:12 [NMEA time, header]
# bad_flag = -9.990e-29
*END*
[from data line 206]
      1.191    22.2534   4.037231    27.4224        217     0.9000  0.000e+00
      1.127    22.2378   4.684015    32.3786        218     0.9042  0.000e+00
      1.002    22.2455   4.615967    31.8470        219     0.9083  0.000e+00
      0.852    22.1617   4.594920    31.7458        220     0.9125  0.000e+00
      0.704    22.0015   4.585812    31.7926        221     0.9167  0.000e+00
      0.617    21.8596   4.599083    32.0002        222     0.9208  0.000e+00
      0.668    21.7563   4.600516    32.0879        223     0.9250  0.000e+00
      0.847    21.6823   4.630375    32.3764        224     0.9292  0.000e+00
      1.103    21.6708   4.666708    32.6695        225     0.9333  0.000e+00
      1.349    21.7102   4.666081    32.6347        226     0.9375  0.000e+00
      1.576    21.7644   4.653498    32.4953        227     0.9417  0.000e+00
      1.757    21.8283   4.635455    32.3064        228     0.9458  0.000e+00
      1.912    21.8520   4.606582    32.0637        229     0.9500  0.000e+00
      2.040    21.8005   4.589156    31.9661        230     0.9542  0.000e+00
      2.147    21.7229   4.584260    31.9853        231     0.9583  0.000e+00
      2.226    21.6517   4.579231    31.9987        232     0.9625  0.000e+00
      2.252    21.5903   4.576361    32.0219        233     0.9667  0.000e+00
      2.259    21.5396   4.573244    32.0351        234     0.9708  0.000e+00
      2.248    21.5028   4.570404    32.0403        235     0.9750  0.000e+00
      2.210    21.4787   4.570913    32.0623        236     0.9792  0.000e+00
      2.194    21.4619   4.576469    32.1184        237     0.9833  0.000e+00
      2.221    21.4514   4.590641    32.2376        238     0.9875  0.000e+00
      2.310    21.4448   4.591157    32.2465        239     0.9917  0.000e+00
      2.440    21.4421   4.592475    32.2589        240     0.9958  0.000e+00
      2.570    21.4482   4.594025    32.2664        241     1.0000  0.000e+00
      2.689    21.4633   4.596412    32.2738        242     1.0042  0.000e+00
      2.817    21.4784   4.601761    32.3045        243     1.0083  0.000e+00
      2.947    21.5006   4.609899    32.3516        244     1.0125  0.000e+00
      3.076    21.5367   4.612537    32.3452        245     1.0167  0.000e+00
      3.204    21.5905   4.619675    32.3607        246     1.0208  0.000e+00
      3.337    21.6541   4.624155    32.3480        247     1.0250  0.000e+00
      3.455    21.7015   4.620433    32.2834        248     1.0292  0.000e+00
      3.579    21.7385   4.620078    32.2529        249     1.0333  0.000e+00
      3.727    21.7678   4.626781    32.2834        250     1.0375  0.000e+00
      3.884    21.7891   4.631860    32.3070        251     1.0417  0.000e+00
      4.054    21.8048   4.636686    32.3329        252     1.0458  0.000e+00
      4.238    21.8173   4.640000    32.3494        253     1.0500  0.000e+00
      4.437    21.8290   4.642254    32.3581        254     1.0542  0.000e+00
      4.646    21.8401   4.643784    32.3617        255     1.0583  0.000e+00
      4.852    21.8514   4.644025    32.3551        256     1.0625  0.000e+00
      5.042    21.8623   4.642745    32.3369        257     1.0667  0.000e+00
      5.215    21.8748   4.639004    32.2983        258     1.0708  0.000e+00
      5.387    21.8885   4.633849    32.2479        259     1.0750  0.000e+00
      5.544    21.8962   4.629131    32.2054        260     1.0792  0.000e+00
      5.670    21.8894   4.619679    32.1368        261     1.0833  0.000e+00
      5.759    21.8441   4.604060    32.0487        262     1.0875  0.000e+00
      5.824    21.7722   4.596409    32.0424        263     1.0917  0.000e+00
      5.870    21.7078   4.605820    32.1637        264     1.0958  0.000e+00
      5.935    21.6633   4.629177    32.3796        265     1.1000  0.000e+00
      6.024    21.6228   4.642479    32.5143        266     1.1042  0.000e+00
      6.138    21.6144   4.645887    32.5473        267     1.1083  0.000e+00
      6.277    21.6919   4.645124    32.4829        268     1.1125  0.000e+00
      6.450    21.7954   4.646247    32.4138        269     1.1167  0.000e+00
      6.652    21.8663   4.647242    32.3684        270     1.1208  0.000e+00
      6.869    21.9181   4.647611    32.3325        271     1.1250  0.000e+00
      7.122    21.9560   4.648465    32.3108        272     1.1292  0.000e+00
      7.407    21.9855   4.649803    32.2991        273     1.1333  0.000e+00
      7.685    22.0113   4.649197    32.2751        274     1.1375  0.000e+00
      7.936    22.0327   4.641982    32.2031        275     1.1417  0.000e+00
      8.124    22.0569   4.636272    32.1407        276     1.1458  0.000e+00
      8.263    22.0566   4.635348    32.1337        277     1.1500  0.000e+00
      8.422    21.9873   4.638534    32.2098        278     1.1542  0.000e+00
      8.596    21.9202   4.633246    32.2186        279     1.1583  0.000e+00
      8.731    21.9042   4.636410    32.2550        280     1.1625  0.000e+00
      8.847    21.9175   4.628812    32.1860        281     1.1667  0.000e+00
      8.921    21.9189   4.618963    32.1083        282     1.1708  0.000e+00
      8.959    21.8750   4.597627    31.9748        283     1.1750  0.000e+00
      8.999    21.7887   4.604849    32.0949        284     1.1792  0.000e+00
      9.053    21.7101   4.635297    32.3914        285     1.1833  0.000e+00
      9.138    21.6507   4.641548    32.4849        286     1.1875  0.000e+00
      9.255    21.6309   4.644707    32.5245        287     1.1917  0.000e+00
      9.389    21.6572   4.648741    32.5363        288     1.1958  0.000e+00
      9.550    21.7107   4.651409    32.5168        289     1.2000  0.000e+00
      9.734    21.7812   4.652519    32.4724        290     1.2042  0.000e+00
      9.938    21.8431   4.654462    32.4410        291     1.2083  0.000e+00
     10.147    21.9064   4.655572    32.4022        292     1.2125  0.000e+00
     10.375    21.9653   4.650979    32.3223        293     1.2167  0.000e+00
     10.603    22.0109   4.643890    32.2333        294     1.2208  0.000e+00
     10.819    22.0474   4.639715    32.1736        295     1.2250  0.000e+00
     11.029    22.0770   4.635512    32.1191        296     1.2292  0.000e+00
     11.216    22.0317   4.609065    31.9473        297     1.2333  0.000e+00
     11.379    21.9038   4.583157    31.8403        298     1.2375  0.000e+00
     11.513    21.7462   4.567727    31.8361        299     1.2417  0.000e+00
     11.623    21.5878   4.560794    31.8990        300     1.2458  0.000e+00
     11.729    21.4514   4.559758    31.9920        301     1.2500  0.000e+00
     11.829    21.3512   4.560945    32.0759        302     1.2542  0.000e+00
     11.934    21.2866   4.564442    32.1517        303     1.2583  0.000e+00
     12.036    21.2440   4.571189    32.2369        304     1.2625  0.000e+00
     12.132    21.2158   4.582411    32.3467        305     1.2667  0.000e+00
     12.246    21.1981   4.593906    32.4509        306     1.2708  0.000e+00
     12.358    21.1858   4.602585    32.5288        307     1.2750  0.000e+00
     12.474    21.1780   4.602691    32.5355        308     1.2792  0.000e+00
     12.600    21.1740   4.605583    32.5614        309     1.2833  0.000e+00
     12.741    21.1911   4.604286    32.5381        310     1.2875  0.000e+00
     12.903    21.2481   4.604852    32.4992        311     1.2917  0.000e+00
     13.073    21.3185   4.607340    32.4655        312     1.2958  0.000e+00
     13.248    21.3751   4.609750    32.4417        313     1.3000  0.000e+00
     13.440    21.4111   4.611132    32.4253        314     1.3042  0.000e+00
     13.640    21.4306   4.611622    32.4144        315     1.3083  0.000e+00
     13.833    21.4415   4.609338    32.3881        316     1.3125  0.000e+00
     14.025    21.4540   4.603793    32.3351        317     1.3167  0.000e+00
     14.214    21.4590   4.595447    32.2657        318     1.3208  0.000e+00
     14.379    21.4373   4.586852    32.2144        319     1.3250  0.000e+00
     14.525    21.3809   4.577353    32.1819        320     1.3292  0.000e+00
     14.657    21.3180   4.566286    32.1419        321     1.3333  0.000e+00
     14.780    21.2407   4.553672    32.1003        322     1.3375  0.000e+00
     14.884    21.1484   4.544744    32.0989        323     1.3417  0.000e+00
     14.977    21.0550   4.539988    32.1314        324     1.3458  0.000e+00
     15.067    20.9647   4.536664    32.1729        325     1.3500  0.000e+00
     15.154    20.8758   4.536666    32.2400        326     1.3542  0.000e+00
     15.237    20.7999   4.537653    32.3053        327     1.3583  0.000e+00
     15.325    20.7375   4.534597    32.3283        328     1.3625  0.000e+00
     15.417    20.6925   4.534330    32.3603        329     1.3667  0.000e+00
     15.520    20.6541   4.538825    32.4254        330     1.3708  0.000e+00
     15.632    20.6267   4.555974    32.5835        331     1.3750  0.000e+00
     15.759    20.6091   4.578524    32.7776        332     1.3792  0.000e+00
     15.898    20.5938   4.596431    32.9329        333     1.3833  0.000e+00
     16.037    20.6033   4.608926    33.0257        334     1.3875  0.000e+00
     16.187    20.6878   4.612591    32.9894        335     1.3917  0.000e+00
     16.342    20.8137   4.612526    32.8913        336     1.3958  0.000e+00
     16.494    20.9157   4.610304    32.7950        337     1.4000  0.000e+00
     16.644    20.9657   4.605177    32.7158        338     1.4042  0.000e+00
     16.795    20.9765   4.601399    32.6775        339     1.4083  0.000e+00
     16.933    20.9756   4.595838    32.6339        340     1.4125  0.000e+00
     17.061    20.9718   4.592842    32.6129        341     1.4167  0.000e+00
     17.182    20.9680   4.591178    32.6026        342     1.4208  0.000e+00
     17.297    20.9504   4.585806    32.5733        343     1.4250  0.000e+00
     17.402    20.9083   4.575007    32.5195        344     1.4292  0.000e+00
     17.496    20.8427   4.560412    32.4532        345     1.4333  0.000e+00
     17.595    20.7484   4.546972    32.4179        346     1.4375  0.000e+00
     17.697    20.6296   4.534599    32.4096        347     1.4417  0.000e+00
     17.796    20.4841   4.529433    32.4794        348     1.4458  0.000e+00
     17.904    20.3367   4.531738    32.6111        349     1.4500  0.000e+00
     18.023    20.2200   4.551607    32.8617        350     1.4542  0.000e+00
     18.148    20.1399   4.575230    33.1154        351     1.4583  0.000e+00
     18.289    20.0760   4.588070    33.2698        352     1.4625  0.000e+00
     18.439    20.0545   4.600251    33.3857        353     1.4667  0.000e+00
     18.603    20.2082   4.602871    33.2854        354     1.4708  0.000e+00
     18.764    20.4532   4.602896    33.0933        355     1.4750  0.000e+00
     18.932    20.6380   4.602489    32.9462        356     1.4792  0.000e+00
     19.093    20.7727   4.600865    32.8289        357     1.4833  0.000e+00
     19.243    20.8645   4.594410    32.7068        358     1.4875  0.000e+00
     19.376    20.8977   4.577744    32.5486        359     1.4917  0.000e+00
     19.483    20.8423   4.315974    30.5155        360     1.4958  0.000e+00
     19.579    19.9559   4.224534    30.4245        361     1.5000  0.000e+00
     19.662    18.6180   4.209854    31.2944        362     1.5042  0.000e+00
     19.743    17.6407   4.204399    32.0034        363     1.5083  0.000e+00
     19.821    17.0379   4.201630    32.4596        364     1.5125  0.000e+00
     19.916    16.6888   4.197637    32.7079        365     1.5167  0.000e+00
     20.016    16.4836   4.192922    32.8349        366     1.5208  0.000e+00
     20.135    16.3524   4.187362    32.8942        367     1.5250  0.000e+00
     20.263    16.2577   4.186559    32.9653        368     1.5292  0.000e+00
     20.413    16.1948   4.182167    32.9788        369     1.5333  0.000e+00
     20.576    16.1457   4.181316    33.0120        370     1.5375  0.000e+00
     20.749    16.1106   4.181467    33.0424        371     1.5417  0.000e+00
     20.930    16.0911   4.178594    33.0332        372     1.5458  0.000e+00
     21.114    16.0726   4.176232    33.0276        373     1.5500  0.000e+00
     21.309    16.0500   4.173136    33.0191        374     1.5542  0.000e+00
     21.503    16.0240   4.170327    33.0157        375     1.5583  0.000e+00
     21.685    15.9946   4.162284    32.9691        376     1.5625  0.000e+00
     21.853    15.9485   4.156007    32.9517        377     1.5667  0.000e+00
     22.001    15.8873   4.153107    32.9770        378     1.5708  0.000e+00
     22.101    15.8308   4.150263    32.9988        379     1.5750  0.000e+00
     22.178    15.7843   4.147861    33.0163        380     1.5792  0.000e+00
     22.236    15.7471   4.143031    33.0043        381     1.5833  0.000e+00
     22.283    15.7052   4.139125    33.0046        382     1.5875  0.000e+00
     22.330    15.6618   4.137762    33.0288        383     1.5917  0.000e+00
     22.361    15.6269   4.136739    33.0489        384     1.5958  0.000e+00
     22.400    15.6009   4.136122    33.0651        385     1.6000  0.000e+00
     22.456    15.5825   4.134930    33.0699        386     1.6042  0.000e+00
     22.525    15.5672   4.132666    33.0625        387     1.6083  0.000e+00
     22.617    15.5484   4.130342    33.0575        388     1.6125  0.000e+00
     22.734    15.5260   4.129022    33.0645        389     1.6167  0.000e+00
     22.875    15.5055   4.126794    33.0617        390     1.6208  0.000e+00
     23.020    15.4831   4.123672    33.0525        391     1.6250  0.000e+00
     23.184    15.4540   4.118359    33.0294        392     1.6292  0.000e+00
     23.359    15.4145   4.113732    33.0210        393     1.6333  0.000e+00
     23.543    15.3670   4.104687    32.9798        394     1.6375  0.000e+00
     23.729    15.3032   4.095292    32.9490        395     1.6417  0.000e+00
     23.921    15.2213   4.083357    32.9104        396     1.6458  0.000e+00
     24.112    15.1118   4.058083    32.7746        397     1.6500  0.000e+00
     24.293    14.9378   4.036491    32.7255        398     1.6542  0.000e+00
     24.459    14.7205   4.012549    32.6908        399     1.6583  0.000e+00
     24.591    14.4799   3.994706    32.7308        400     1.6625  0.000e+00
     24.697    14.2337   3.986759    32.8668        401     1.6667  0.000e+00
     24.790    14.0292   3.982556    33.0027        402     1.6708  0.000e+00
     24.860    13.8859   3.980609    33.1079        403     1.6750  0.000e+00
     24.923    13.7915   3.977574    33.1613        404     1.6792  0.000e+00
     24.983    13.7270   3.976274    33.2049        405     1.6833  0.000e+00
     25.035    13.6836   3.974167    33.2229        406     1.6875  0.000e+00
     25.104    13.6502   3.970474    33.2174        407     1.6917  0.000e+00
     25.180    13.6189   3.965582    33.1990        408     1.6958  0.000e+00
     25.268    13.5797   3.960533    33.1858        409     1.7000  0.000e+00
     25.364    13.5336   3.957198    33.1946        410     1.7042  0.000e+00
     25.481    13.4882   3.952786    33.1928        411     1.7083  0.000e+00
     25.611    13.4399   3.950551    33.2139        412     1.7125  0.000e+00
     25.751    13.3978   3.949653    33.2421        413     1.7167  0.000e+00
     25.899    13.3670   3.949707    33.2694        414     1.7208  0.000e+00
     26.054    13.3474   3.948576    33.2758        415     1.7250  0.000e+00
     26.220    13.3291   3.946063    33.2682        416     1.7292  0.000e+00
     26.386    13.3053   3.942706    33.2573        417     1.7333  0.000e+00
     26.563    13.2746   3.937881    33.2387        418     1.7375  0.000e+00
     26.735    13.2300   3.932335    33.2254        419     1.7417  0.000e+00
     26.910    13.1761   3.923044    33.1848        420     1.7458  0.000e+00
