HB2303/sbe093.cnv
* Sea-Bird SBE 19plus V2 Data File:
* FileName = C:\cruise\data\sbe093.hex
* Software Version Seasave V 7.26.7.121
* Temperature SN = 6128
* Conductivity SN = 6128
* System UpLoad Time = Aug 17 2023 20:11:06
* NMEA Latitude = 42 05.43 N
* NMEA Longitude = 067 16.05 W
* NMEA UTC (Time) = Aug 17 2023 20:11:02
** Ship: Henry Bigelow
** Cruise:  HB2303
** Program:  ECOMON
# nquan = 7
# nvalues = 1395                                  
# units = specified
# name 0 = depSM: Depth [salt water, m]
# name 1 = tv290C: Temperature [ITS-90, deg C]
# name 2 = c0S/m: Conductivity [S/m]
# name 3 = sal00: Salinity, Practical [PSU]
# name 4 = scan: Scan Count
# name 5 = timeM: Time, Elapsed [minutes]
# name 6 = flag:  0.000e+00
# span 0 =     -0.115,     46.867                 
# span 1 =     8.8421,    18.2565                 
# span 2 =   0.000858,   4.219700                 
# span 3 =     0.0117,    34.0438                 
# span 4 =         11,       1405                 
# span 5 =     0.0417,     5.8500                 
# span 6 = 0.0000e+00, 0.0000e+00                 
# interval = seconds: 0.25
# start_time = Aug 17 2023 20:11:02 [NMEA time, header]
# bad_flag = -9.990e-29
*END*
      0.037    18.2407   0.000864     0.0118         11     0.0417  0.000e+00
      0.035    18.2402   0.000864     0.0118         12     0.0458  0.000e+00
      0.035    18.2396   0.000864     0.0118         13     0.0500  0.000e+00
      0.037    18.2393   0.000864     0.0118         14     0.0542  0.000e+00
      0.037    18.2391   0.000870     0.0118         15     0.0583  0.000e+00
      0.036    18.2389   0.000858     0.0118         16     0.0625  0.000e+00
      0.034    18.2392   0.000861     0.0118         17     0.0667  0.000e+00
      0.032    18.2399   0.000858     0.0118         18     0.0708  0.000e+00
      0.034    18.2392   0.000858     0.0118         19     0.0750  0.000e+00
      0.032    18.2389   0.000864     0.0118         20     0.0792  0.000e+00
      0.031    18.2387   0.000864     0.0118         21     0.0833  0.000e+00
      0.031    18.2375   0.000858     0.0118         22     0.0875  0.000e+00
      0.030    18.2384   0.000861     0.0118         23     0.0917  0.000e+00
      0.032    18.2389   0.000858     0.0118         24     0.0958  0.000e+00
      0.032    18.2393   0.000864     0.0118         25     0.1000  0.000e+00
      0.032    18.2388   0.000864     0.0118         26     0.1042  0.000e+00
      0.032    18.2389   0.000858     0.0118         27     0.1083  0.000e+00
      0.032    18.2386   0.000864     0.0118         28     0.1125  0.000e+00
      0.032    18.2380   0.000870     0.0118         29     0.1167  0.000e+00
      0.032    18.2383   0.000864     0.0118         30     0.1208  0.000e+00
      0.036    18.2366   0.000864     0.0118         31     0.1250  0.000e+00
      0.034    18.2354   0.000864     0.0118         32     0.1292  0.000e+00
      0.032    18.2349   0.000864     0.0118         33     0.1333  0.000e+00
      0.030    18.2351   0.000864     0.0118         34     0.1375  0.000e+00
      0.027    18.2359   0.000864     0.0118         35     0.1417  0.000e+00
      0.031    18.2362   0.000861     0.0118         36     0.1458  0.000e+00
      0.033    18.2365   0.000864     0.0118         37     0.1500  0.000e+00
      0.031    18.2368   0.000864     0.0118         38     0.1542  0.000e+00
      0.031    18.2362   0.000861     0.0118         39     0.1583  0.000e+00
      0.029    18.2358   0.000864     0.0118         40     0.1625  0.000e+00
      0.029    18.2347   0.000870     0.0118         41     0.1667  0.000e+00
      0.025    18.2339   0.000861     0.0118         42     0.1708  0.000e+00
      0.029    18.2317   0.000864     0.0118         43     0.1750  0.000e+00
      0.029    18.2325   0.000864     0.0118         44     0.1792  0.000e+00
      0.027    18.2314   0.000858     0.0117         45     0.1833  0.000e+00
      0.029    18.2323   0.000861     0.0118         46     0.1875  0.000e+00
      0.025    18.2323   0.000858     0.0117         47     0.1917  0.000e+00
      0.022    18.2325   0.000858     0.0117         48     0.1958  0.000e+00
      0.024    18.2335   0.000861     0.0118         49     0.2000  0.000e+00
      0.027    18.2333   0.000858     0.0117         50     0.2042  0.000e+00
      0.027    18.2336   0.000858     0.0117         51     0.2083  0.000e+00
      0.023    18.2331   0.000864     0.0118         52     0.2125  0.000e+00
      0.023    18.2324   0.000858     0.0117         53     0.2167  0.000e+00
      0.026    18.2313   0.000864     0.0118         54     0.2208  0.000e+00
      0.021    18.2314   0.000864     0.0118         55     0.2250  0.000e+00
      0.023    18.2306   0.000870     0.0118         56     0.2292  0.000e+00
      0.021    18.2305   0.000870     0.0118         57     0.2333  0.000e+00
      0.023    18.2297   0.000870     0.0118         58     0.2375  0.000e+00
      0.026    18.2296   0.000870     0.0118         59     0.2417  0.000e+00
      0.025    18.2295   0.000870     0.0118         60     0.2458  0.000e+00
      0.025    18.2292   0.000870     0.0118         61     0.2500  0.000e+00
      0.025    18.2287   0.000864     0.0118         62     0.2542  0.000e+00
      0.025    18.2283   0.000864     0.0118         63     0.2583  0.000e+00
      0.023    18.2282   0.000864     0.0118         64     0.2625  0.000e+00
      0.025    18.2271   0.000864     0.0118         65     0.2667  0.000e+00
      0.019    18.2266   0.000858     0.0117         66     0.2708  0.000e+00
      0.021    18.2280   0.000864     0.0118         67     0.2750  0.000e+00
      0.023    18.2292   0.000864     0.0118         68     0.2792  0.000e+00
      0.023    18.2292   0.000858     0.0117         69     0.2833  0.000e+00
      0.023    18.2296   0.000870     0.0118         70     0.2875  0.000e+00
      0.025    18.2297   0.000861     0.0118         71     0.2917  0.000e+00
      0.021    18.2286   0.000858     0.0117         72     0.2958  0.000e+00
      0.021    18.2282   0.000864     0.0118         73     0.3000  0.000e+00
      0.023    18.2286   0.000861     0.0118         74     0.3042  0.000e+00
      0.019    18.2271   0.000864     0.0118         75     0.3083  0.000e+00
      0.020    18.2266   0.000864     0.0118         76     0.3125  0.000e+00
      0.020    18.2262   0.000870     0.0118         77     0.3167  0.000e+00
      0.023    18.2250   0.000864     0.0118         78     0.3208  0.000e+00
      0.021    18.2244   0.000870     0.0118         79     0.3250  0.000e+00
      0.023    18.2251   0.000864     0.0118         80     0.3292  0.000e+00
      0.026    18.2251   0.000864     0.0118         81     0.3333  0.000e+00
      0.019    18.2241   0.000864     0.0118         82     0.3375  0.000e+00
      0.023    18.2244   0.000864     0.0118         83     0.3417  0.000e+00
      0.025    18.2244   0.000864     0.0118         84     0.3458  0.000e+00
      0.020    18.2239   0.000870     0.0118         85     0.3500  0.000e+00
      0.018    18.2226   0.000870     0.0118         86     0.3542  0.000e+00
      0.018    18.2227   0.000861     0.0118         87     0.3583  0.000e+00
      0.018    18.2224   0.000864     0.0118         88     0.3625  0.000e+00
      0.022    18.2222   0.000864     0.0118         89     0.3667  0.000e+00
      0.014    18.2222   0.000861     0.0118         90     0.3708  0.000e+00
      0.014    18.2225   0.000864     0.0118         91     0.3750  0.000e+00
      0.016    18.2225   0.000870     0.0118         92     0.3792  0.000e+00
      0.022    18.2231   0.000882     0.0118         93     0.3833  0.000e+00
      0.024    18.2232   0.000876     0.0118         94     0.3875  0.000e+00
      0.020    18.2239   0.000876     0.0118         95     0.3917  0.000e+00
      0.024    18.2240   0.000876     0.0118         96     0.3958  0.000e+00
      0.027    18.2244   0.000879     0.0118         97     0.4000  0.000e+00
      0.027    18.2249   0.000882     0.0118         98     0.4042  0.000e+00
      0.023    18.2245   0.000882     0.0118         99     0.4083  0.000e+00
      0.020    18.2244   0.000885     0.0119        100     0.4125  0.000e+00
      0.023    18.2242   0.000882     0.0118        101     0.4167  0.000e+00
      0.021    18.2252   0.000888     0.0119        102     0.4208  0.000e+00
      0.017    18.2260   0.000891     0.0119        103     0.4250  0.000e+00
      0.018    18.2266   0.000888     0.0119        104     0.4292  0.000e+00
      0.019    18.2272   0.000891     0.0119        105     0.4333  0.000e+00
      0.017    18.2290   0.000885     0.0119        106     0.4375  0.000e+00
      0.014    18.2291   0.000888     0.0119        107     0.4417  0.000e+00
      0.016    18.2308   0.000891     0.0119        108     0.4458  0.000e+00
      0.017    18.2317   0.000897     0.0119        109     0.4500  0.000e+00
      0.016    18.2327   0.000891     0.0119        110     0.4542  0.000e+00
      0.016    18.2344   0.000888     0.0119        111     0.4583  0.000e+00
      0.010    18.2349   0.000888     0.0119        112     0.4625  0.000e+00
      0.017    18.2354   0.000891     0.0119        113     0.4667  0.000e+00
      0.020    18.2366   0.000888     0.0119        114     0.4708  0.000e+00
      0.016    18.2377   0.000891     0.0119        115     0.4750  0.000e+00
      0.016    18.2379   0.000885     0.0119        116     0.4792  0.000e+00
      0.014    18.2379   0.000882     0.0118        117     0.4833  0.000e+00
      0.014    18.2372   0.000882     0.0118        118     0.4875  0.000e+00
      0.018    18.2373   0.000885     0.0119        119     0.4917  0.000e+00
      0.014    18.2372   0.000882     0.0118        120     0.4958  0.000e+00
      0.018    18.2366   0.000882     0.0118        121     0.5000  0.000e+00
      0.016    18.2362   0.000888     0.0119        122     0.5042  0.000e+00
      0.018    18.2359   0.000879     0.0118        123     0.5083  0.000e+00
      0.016    18.2357   0.000882     0.0118        124     0.5125  0.000e+00
      0.016    18.2366   0.000888     0.0119        125     0.5167  0.000e+00
      0.014    18.2356   0.000891     0.0119        126     0.5208  0.000e+00
      0.017    18.2367   0.000882     0.0118        127     0.5250  0.000e+00
      0.014    18.2371   0.000882     0.0118        128     0.5292  0.000e+00
      0.017    18.2371   0.000885     0.0119        129     0.5333  0.000e+00
      0.016    18.2355   0.000888     0.0119        130     0.5375  0.000e+00
      0.014    18.2346   0.000882     0.0118        131     0.5417  0.000e+00
      0.014    18.2345   0.000891     0.0119        132     0.5458  0.000e+00
      0.012    18.2344   0.000888     0.0119        133     0.5500  0.000e+00
      0.019    18.2361   0.000888     0.0119        134     0.5542  0.000e+00
      0.012    18.2367   0.000891     0.0119        135     0.5583  0.000e+00
      0.015    18.2361   0.000888     0.0119        136     0.5625  0.000e+00
      0.014    18.2375   0.000888     0.0119        137     0.5667  0.000e+00
      0.014    18.2360   0.000888     0.0119        138     0.5708  0.000e+00
      0.015    18.2348   0.000885     0.0119        139     0.5750  0.000e+00
      0.015    18.2337   0.000882     0.0118        140     0.5792  0.000e+00
      0.019    18.2338   0.000888     0.0119        141     0.5833  0.000e+00
      0.015    18.2345   0.000891     0.0119        142     0.5875  0.000e+00
      0.015    18.2346   0.000882     0.0118        143     0.5917  0.000e+00
      0.014    18.2359   0.000888     0.0119        144     0.5958  0.000e+00
      0.012    18.2367   0.000879     0.0118        145     0.6000  0.000e+00
      0.013    18.2368   0.000882     0.0118        146     0.6042  0.000e+00
      0.012    18.2370   0.000888     0.0119        147     0.6083  0.000e+00
      0.012    18.2379   0.000885     0.0119        148     0.6125  0.000e+00
      0.015    18.2382   0.000882     0.0118        149     0.6167  0.000e+00
      0.014    18.2388   0.000882     0.0118        150     0.6208  0.000e+00
      0.014    18.2409   0.000885     0.0119        151     0.6250  0.000e+00
      0.014    18.2422   0.000882     0.0118        152     0.6292  0.000e+00
      0.015    18.2429   0.000882     0.0118        153     0.6333  0.000e+00
      0.012    18.2437   0.000882     0.0118        154     0.6375  0.000e+00
      0.014    18.2444   0.000885     0.0119        155     0.6417  0.000e+00
      0.017    18.2455   0.000888     0.0119        156     0.6458  0.000e+00
      0.014    18.2454   0.000888     0.0119        157     0.6500  0.000e+00
      0.012    18.2463   0.000885     0.0119        158     0.6542  0.000e+00
      0.014    18.2467   0.000888     0.0119        159     0.6583  0.000e+00
      0.016    18.2470   0.000891     0.0119        160     0.6625  0.000e+00
      0.016    18.2476   0.000891     0.0119        161     0.6667  0.000e+00
      0.016    18.2487   0.000891     0.0119        162     0.6708  0.000e+00
      0.016    18.2480   0.000891     0.0119        163     0.6750  0.000e+00
      0.018    18.2469   0.000891     0.0119        164     0.6792  0.000e+00
      0.016    18.2469   0.000888     0.0119        165     0.6833  0.000e+00
      0.021    18.2472   0.000891     0.0119        166     0.6875  0.000e+00
      0.020    18.2463   0.000891     0.0119        167     0.6917  0.000e+00
      0.014    18.2453   0.000897     0.0119        168     0.6958  0.000e+00
      0.016    18.2460   0.000891     0.0119        169     0.7000  0.000e+00
      0.014    18.2461   0.000891     0.0119        170     0.7042  0.000e+00
      0.014    18.2466   0.000885     0.0119        171     0.7083  0.000e+00
      0.020    18.2473   0.000888     0.0119        172     0.7125  0.000e+00
      0.016    18.2468   0.000888     0.0119        173     0.7167  0.000e+00
      0.003    18.2470   0.000885     0.0119        174     0.7208  0.000e+00
      0.005    18.2479   0.000888     0.0119        175     0.7250  0.000e+00
      0.017    18.2494   0.000888     0.0119        176     0.7292  0.000e+00
      0.015    18.2505   0.000885     0.0119        177     0.7333  0.000e+00
      0.015    18.2513   0.000888     0.0119        178     0.7375  0.000e+00
      0.012    18.2511   0.000888     0.0119        179     0.7417  0.000e+00
      0.010    18.2507   0.000885     0.0119        180     0.7458  0.000e+00
      0.015    18.2515   0.000882     0.0119        181     0.7500  0.000e+00
      0.019    18.2516   0.000888     0.0119        182     0.7542  0.000e+00
      0.015    18.2520   0.000885     0.0119        183     0.7583  0.000e+00
      0.015    18.2517   0.000882     0.0119        184     0.7625  0.000e+00
      0.015    18.2518   0.000882     0.0119        185     0.7667  0.000e+00
      0.017    18.2522   0.000888     0.0119        186     0.7708  0.000e+00
      0.012    18.2531   0.000891     0.0119        187     0.7750  0.000e+00
      0.012    18.2549   0.000891     0.0119        188     0.7792  0.000e+00
      0.010    18.2547   0.000891     0.0119        189     0.7833  0.000e+00
      0.017    18.2535   0.000885     0.0119        190     0.7875  0.000e+00
      0.016    18.2523   0.000888     0.0119        191     0.7917  0.000e+00
      0.012    18.2518   0.000891     0.0119        192     0.7958  0.000e+00
      0.007    18.2520   0.000891     0.0119        193     0.8000  0.000e+00
      0.008    18.2537   0.000897     0.0119        194     0.8042  0.000e+00
      0.012    18.2533   0.000891     0.0119        195     0.8083  0.000e+00
      0.010    18.2539   0.000891     0.0119        196     0.8125  0.000e+00
      0.010    18.2533   0.000888     0.0119        197     0.8167  0.000e+00
      0.006    18.2535   0.000888     0.0119        198     0.8208  0.000e+00
      0.007    18.2534   0.000888     0.0119        199     0.8250  0.000e+00
      0.010    18.2528   0.000891     0.0119        200     0.8292  0.000e+00
      0.008    18.2536   0.000888     0.0119        201     0.8333  0.000e+00
      0.014    18.2525   0.000888     0.0119        202     0.8375  0.000e+00
      0.016    18.2526   0.000879     0.0118        203     0.8417  0.000e+00
      0.012    18.2544   0.000882     0.0119        204     0.8458  0.000e+00
      0.012    18.2555   0.000888     0.0119        205     0.8500  0.000e+00
      0.010    18.2560   0.000879     0.0118        206     0.8542  0.000e+00
      0.010    18.2564   0.000882     0.0119        207     0.8583  0.000e+00
      0.012    18.2565   0.000882     0.0119        208     0.8625  0.000e+00
      0.012    18.2559   0.000885     0.0119        209     0.8667  0.000e+00
      0.005    18.2560   0.000882     0.0119        210     0.8708  0.000e+00
      0.009    18.2557   0.000891     0.0119        211     0.8750  0.000e+00
      0.004    18.2546   0.000885     0.0119        212     0.8792  0.000e+00
      0.005    18.2548   0.000891     0.0119        213     0.8833  0.000e+00
      0.003    18.2538   0.000888     0.0119        214     0.8875  0.000e+00
      0.007    18.2542   0.000882     0.0119        215     0.8917  0.000e+00
