HB2303/sbe035.cnv
* Sea-Bird SBE 19plus V2 Data File:
* FileName = C:\cruise\data\sbe035.hex
* Software Version Seasave V 7.26.7.121
* Temperature SN = 6128
* Conductivity SN = 6128
* System UpLoad Time = Aug 11 2023 20:50:06
* NMEA Latitude = 36 00.13 N
* NMEA Longitude = 075 10.52 W
* NMEA UTC (Time) = Aug 11 2023 20:50:02
** Ship: Henry Bigelow
** Cruise:  HB2303
** Program:  ECOMON
# nquan = 7
# nvalues = 1248                                  
# units = specified
# name 0 = depSM: Depth [salt water, m]
# name 1 = tv290C: Temperature [ITS-90, deg C]
# name 2 = c0S/m: Conductivity [S/m]
# name 3 = sal00: Salinity, Practical [PSU]
# name 4 = scan: Scan Count
# name 5 = timeM: Time, Elapsed [minutes]
# name 6 = flag:  0.000e+00
# span 0 =     -0.194,     31.648                 
# span 1 =    21.3586,    28.1288                 
# span 2 =   0.000180,   5.625775                 
# span 3 =     0.0122,    36.5014                 
# span 4 =         11,       1258                 
# span 5 =     0.0417,     5.2375                 
# span 6 = 0.0000e+00, 0.0000e+00                 
# interval = seconds: 0.25
# start_time = Aug 11 2023 20:50:02 [NMEA time, header]
# bad_flag = -9.990e-29
*END*
[from data line 206]
      4.028    27.6523   5.345822    33.3105        217     0.9000  0.000e+00
      4.200    27.6454   5.343578    33.2996        218     0.9042  0.000e+00
      4.355    27.5231   5.304857    33.1148        219     0.9083  0.000e+00
      4.485    27.2706   5.257998    32.9639        220     0.9125  0.000e+00
      4.590    26.9934   5.237750    33.0171        221     0.9167  0.000e+00
      4.679    26.7628   5.250215    33.2701        222     0.9208  0.000e+00
      4.747    26.6009   5.281145    33.6077        223     0.9250  0.000e+00
      4.803    26.4856   5.299725    33.8250        224     0.9292  0.000e+00
      4.857    26.4318   5.326101    34.0540        225     0.9333  0.000e+00
      4.913    26.4580   5.340079    34.1350        226     0.9375  0.000e+00
      4.973    26.5669   5.345909    34.0964        227     0.9417  0.000e+00
      5.032    26.7275   5.347123    33.9869        228     0.9458  0.000e+00
      5.096    26.9039   5.346553    33.8538        229     0.9500  0.000e+00
      5.166    27.0619   5.346339    33.7373        230     0.9542  0.000e+00
      5.254    27.1865   5.345506    33.6413        231     0.9583  0.000e+00
      5.365    27.2743   5.344960    33.5741        232     0.9625  0.000e+00
      5.493    27.3368   5.344453    33.5256        233     0.9667  0.000e+00
      5.638    27.3828   5.342186    33.4766        234     0.9708  0.000e+00
      5.791    27.4139   5.338930    33.4314        235     0.9750  0.000e+00
      5.954    27.4361   5.336597    33.3990        236     0.9792  0.000e+00
      6.128    27.4528   5.332422    33.3578        237     0.9833  0.000e+00
      6.296    27.4619   5.329683    33.3320        238     0.9875  0.000e+00
      6.458    27.4632   5.326657    33.3097        239     0.9917  0.000e+00
      6.616    27.4648   5.323972    33.2897        240     0.9958  0.000e+00
      6.767    27.4636   5.326378    33.3074        241     1.0000  0.000e+00
      6.889    27.3966   5.310103    33.2406        242     1.0042  0.000e+00
      6.999    27.1878   5.284864    33.2112        243     1.0083  0.000e+00
      7.096    26.9393   5.278006    33.3403        244     1.0125  0.000e+00
      7.189    26.7451   5.299752    33.6352        245     1.0167  0.000e+00
      7.255    26.5940   5.314118    33.8480        246     1.0208  0.000e+00
      7.328    26.5170   5.319019    33.9396        247     1.0250  0.000e+00
      7.398    26.5389   5.318295    33.9183        248     1.0292  0.000e+00
      7.461    26.6404   5.317208    33.8361        249     1.0333  0.000e+00
      7.528    26.7661   5.312013    33.7072        250     1.0375  0.000e+00
      7.597    26.8810   5.307980    33.5951        251     1.0417  0.000e+00
      7.671    26.9694   5.305448    33.5133        252     1.0458  0.000e+00
      7.763    27.0361   5.302759    33.4462        253     1.0500  0.000e+00
      7.868    27.0832   5.299152    33.3868        254     1.0542  0.000e+00
      7.982    27.1133   5.294365    33.3313        255     1.0583  0.000e+00
      8.108    27.1297   5.287588    33.2716        256     1.0625  0.000e+00
      8.251    27.1358   5.282979    33.2346        257     1.0667  0.000e+00
      8.401    27.1353   5.281716    33.2260        258     1.0708  0.000e+00
      8.563    27.1307   5.284716    33.2504        259     1.0750  0.000e+00
      8.733    27.1241   5.289070    33.2859        260     1.0792  0.000e+00
      8.908    27.1156   5.290792    33.3041        261     1.0833  0.000e+00
      9.087    27.0877   5.290560    33.3223        262     1.0875  0.000e+00
      9.255    26.9904   5.285320    33.3549        263     1.0917  0.000e+00
      9.416    26.8427   5.275830    33.3936        264     1.0958  0.000e+00
      9.568    26.6767   5.267084    33.4509        265     1.1000  0.000e+00
      9.692    26.5094   5.263244    33.5446        266     1.1042  0.000e+00
      9.799    26.3632   5.264305    33.6587        267     1.1083  0.000e+00
      9.886    26.2514   5.267474    33.7633        268     1.1125  0.000e+00
      9.963    26.1746   5.272792    33.8582        269     1.1167  0.000e+00
     10.045    26.1208   5.275595    33.9180        270     1.1208  0.000e+00
     10.111    26.0936   5.275671    33.9387        271     1.1250  0.000e+00
     10.176    26.1315   5.276789    33.9187        272     1.1292  0.000e+00
     10.233    26.2206   5.278599    33.8661        273     1.1333  0.000e+00
     10.285    26.3180   5.274698    33.7664        274     1.1375  0.000e+00
     10.352    26.4154   5.267937    33.6465        275     1.1417  0.000e+00
     10.430    26.5167   5.263026    33.5376        276     1.1458  0.000e+00
     10.515    26.6011   5.259933    33.4542        277     1.1500  0.000e+00
     10.607    26.6617   5.258994    33.4037        278     1.1542  0.000e+00
     10.715    26.6996   5.256211    33.3565        279     1.1583  0.000e+00
     10.840    26.7204   5.252611    33.3159        280     1.1625  0.000e+00
     10.970    26.7297   5.248315    33.2785        281     1.1667  0.000e+00
     11.107    26.7298   5.244163    33.2488        282     1.1708  0.000e+00
     11.244    26.7225   5.242073    33.2392        283     1.1750  0.000e+00
     11.395    26.7094   5.240784    33.2393        284     1.1792  0.000e+00
     11.546    26.6962   5.239751    33.2414        285     1.1833  0.000e+00
     11.694    26.6778   5.238980    33.2491        286     1.1875  0.000e+00
     11.848    26.6562   5.238598    33.2619        287     1.1917  0.000e+00
     11.989    26.6351   5.238921    33.2793        288     1.1958  0.000e+00
     12.121    26.6191   5.239828    33.2972        289     1.2000  0.000e+00
     12.253    26.6080   5.243409    33.3307        290     1.2042  0.000e+00
     12.374    26.5990   5.246541    33.3596        291     1.2083  0.000e+00
     12.495    26.5898   5.246159    33.3634        292     1.2125  0.000e+00
     12.599    26.5800   5.245935    33.3689        293     1.2167  0.000e+00
     12.710    26.5719   5.242863    33.3527        294     1.2208  0.000e+00
     12.816    26.5654   5.239327    33.3321        295     1.2250  0.000e+00
     12.914    26.5616   5.237642    33.3228        296     1.2292  0.000e+00
     13.008    26.5567   5.237178    33.3230        297     1.2333  0.000e+00
     13.104    26.5445   5.237777    33.3360        298     1.2375  0.000e+00
     13.190    26.5256   5.241695    33.3776        299     1.2417  0.000e+00
     13.277    26.5027   5.244700    33.4157        300     1.2458  0.000e+00
     13.362    26.4816   5.246454    33.4435        301     1.2500  0.000e+00
     13.445    26.4641   5.249115    33.4752        302     1.2542  0.000e+00
     13.526    26.4493   5.250517    33.4960        303     1.2583  0.000e+00
     13.606    26.4320   5.252280    33.5211        304     1.2625  0.000e+00
     13.682    26.4147   5.255542    33.5571        305     1.2667  0.000e+00
     13.761    26.3968   5.260021    33.6023        306     1.2708  0.000e+00
     13.839    26.3821   5.264381    33.6443        307     1.2750  0.000e+00
     13.913    26.3683   5.267384    33.6759        308     1.2792  0.000e+00
     13.992    26.3540   5.270613    33.7095        309     1.2833  0.000e+00
     14.072    26.3362   5.274121    33.7477        310     1.2875  0.000e+00
     14.155    26.3196   5.277577    33.7848        311     1.2917  0.000e+00
     14.249    26.3015   5.281230    33.8243        312     1.2958  0.000e+00
     14.359    26.2841   5.285026    33.8644        313     1.3000  0.000e+00
     14.477    26.2688   5.287598    33.8942        314     1.3042  0.000e+00
     14.605    26.2542   5.290870    33.9285        315     1.3083  0.000e+00
     14.726    26.2394   5.294858    33.9681        316     1.3125  0.000e+00
     14.865    26.2276   5.297620    33.9967        317     1.3167  0.000e+00
     14.997    26.2185   5.300887    34.0270        318     1.3208  0.000e+00
     15.136    26.2096   5.303613    34.0532        319     1.3250  0.000e+00
     15.264    26.2025   5.306038    34.0759        320     1.3292  0.000e+00
     15.380    26.1976   5.308305    34.0959        321     1.3333  0.000e+00
     15.496    26.1935   5.309917    34.1105        322     1.3375  0.000e+00
     15.597    26.1907   5.312351    34.1302        323     1.3417  0.000e+00
     15.685    26.1903   5.315433    34.1527        324     1.3458  0.000e+00
     15.772    26.1908   5.318833    34.1769        325     1.3500  0.000e+00
     15.844    26.1920   5.321555    34.1956        326     1.3542  0.000e+00
     15.908    26.1944   5.320959    34.1895        327     1.3583  0.000e+00
     15.964    26.1959   5.473453    35.2930        328     1.3625  0.000e+00
     16.021    26.2531   5.616475    36.2888        329     1.3667  0.000e+00
     16.078    26.3631   5.619878    36.2268        330     1.3708  0.000e+00
     16.134    26.4388   5.620618    36.1726        331     1.3750  0.000e+00
     16.180    26.4798   5.620733    36.1413        332     1.3792  0.000e+00
     16.231    26.5005   5.620424    36.1227        333     1.3833  0.000e+00
     16.285    26.5095   5.620007    36.1126        334     1.3875  0.000e+00
     16.341    26.5120   5.619358    36.1060        335     1.3917  0.000e+00
     16.405    26.5111   5.618478    36.1003        336     1.3958  0.000e+00
     16.469    26.5068   5.617281    36.0950        337     1.4000  0.000e+00
     16.544    26.4993   5.614564    36.0811        338     1.4042  0.000e+00
     16.621    26.4851   5.610011    36.0592        339     1.4083  0.000e+00
     16.704    26.4592   5.604788    36.0416        340     1.4125  0.000e+00
     16.804    26.4231   5.601342    36.0448        341     1.4167  0.000e+00
     16.907    26.3846   5.598359    36.0533        342     1.4208  0.000e+00
     17.019    26.3493   5.596324    36.0662        343     1.4250  0.000e+00
     17.142    26.3196   5.594529    36.0764        344     1.4292  0.000e+00
     17.275    26.2952   5.592218    36.0787        345     1.4333  0.000e+00
     17.407    26.2720   5.584268    36.0390        346     1.4375  0.000e+00
     17.546    26.2316   5.573669    35.9935        347     1.4417  0.000e+00
     17.684    26.1690   5.563118    35.9657        348     1.4458  0.000e+00
     17.819    26.0930   5.558039    35.9882        349     1.4500  0.000e+00
     17.946    26.0214   5.557341    36.0394        350     1.4542  0.000e+00
     18.068    25.9689   5.556581    36.0751        351     1.4583  0.000e+00
     18.186    25.9326   5.555706    36.0973        352     1.4625  0.000e+00
     18.291    25.9055   5.554754    36.1118        353     1.4667  0.000e+00
     18.376    25.8824   5.553794    36.1229        354     1.4708  0.000e+00
     18.448    25.8633   5.553041    36.1324        355     1.4750  0.000e+00
     18.513    25.8467   5.551974    36.1378        356     1.4792  0.000e+00
     18.558    25.8320   5.551052    36.1426        357     1.4833  0.000e+00
     18.605    25.8182   5.550246    36.1476        358     1.4875  0.000e+00
     18.650    25.8068   5.549655    36.1523        359     1.4917  0.000e+00
     18.699    25.7966   5.548803    36.1541        360     1.4958  0.000e+00
     18.755    25.7875   5.548250    36.1572        361     1.5000  0.000e+00
     18.820    25.7791   5.547490    36.1583        362     1.5042  0.000e+00
     18.883    25.7707   5.546300    36.1561        363     1.5083  0.000e+00
     18.959    25.7596   5.545671    36.1603        364     1.5125  0.000e+00
     19.044    25.7490   5.544826    36.1625        365     1.5167  0.000e+00
     19.134    25.7376   5.543852    36.1643        366     1.5208  0.000e+00
     19.243    25.7262   5.542946    36.1667        367     1.5250  0.000e+00
     19.348    25.7155   5.541918    36.1676        368     1.5292  0.000e+00
     19.458    25.7048   5.540890    36.1684        369     1.5333  0.000e+00
     19.575    25.6943   5.540222    36.1719        370     1.5375  0.000e+00
     19.691    25.6851   5.539693    36.1752        371     1.5417  0.000e+00
     19.799    25.6767   5.538849    36.1756        372     1.5458  0.000e+00
     19.918    25.6687   5.538504    36.1794        373     1.5500  0.000e+00
     20.027    25.6622   5.538335    36.1833        374     1.5542  0.000e+00
     20.134    25.6577   5.537883    36.1835        375     1.5583  0.000e+00
     20.235    25.6537   5.537131    36.1811        376     1.5625  0.000e+00
     20.331    25.6487   5.537070    36.1846        377     1.5667  0.000e+00
     20.428    25.6446   5.536564    36.1841        378     1.5708  0.000e+00
     20.526    25.6409   5.535536    36.1795        379     1.5750  0.000e+00
     20.613    25.6348   5.532851    36.1645        380     1.5792  0.000e+00
     20.710    25.6222   5.530505    36.1571        381     1.5833  0.000e+00
     20.811    25.6055   5.528197    36.1534        382     1.5875  0.000e+00
     20.912    25.5866   5.527270    36.1615        383     1.5917  0.000e+00
     21.021    25.5706   5.526388    36.1677        384     1.5958  0.000e+00
     21.129    25.5571   5.524365    36.1635        385     1.6000  0.000e+00
     21.241    25.5407   5.523430    36.1696        386     1.6042  0.000e+00
     21.355    25.5249   5.522427    36.1747        387     1.6083  0.000e+00
     21.476    25.5099   5.521523    36.1799        388     1.6125  0.000e+00
     21.599    25.4950   5.520313    36.1828        389     1.6167  0.000e+00
     21.715    25.4795   5.518627    36.1826        390     1.6208  0.000e+00
     21.830    25.4612   5.516889    36.1844        391     1.6250  0.000e+00
     21.939    25.4406   5.514676    36.1844        392     1.6292  0.000e+00
     22.035    25.4180   5.503308    36.1183        393     1.6333  0.000e+00
     22.130    25.3674   5.481191    35.9948        394     1.6375  0.000e+00
     22.224    25.2698   5.469504    35.9856        395     1.6417  0.000e+00
     22.307    25.1672   5.464310    36.0287        396     1.6458  0.000e+00
     22.392    25.0809   5.458226    36.0522        397     1.6500  0.000e+00
     22.490    25.0125   5.453562    36.0721        398     1.6542  0.000e+00
     22.577    24.9575   5.450530    36.0934        399     1.6583  0.000e+00
     22.665    24.9163   5.444527    36.0816        400     1.6625  0.000e+00
     22.761    24.8758   5.438810    36.0712        401     1.6667  0.000e+00
     22.862    24.8336   5.430812    36.0452        402     1.6708  0.000e+00
     22.971    24.7860   5.419718    36.0003        403     1.6750  0.000e+00
     23.078    24.7235   5.401262    35.9121        404     1.6792  0.000e+00
     23.193    24.6339   5.386208    35.8707        405     1.6833  0.000e+00
     23.305    24.5270   5.371800    35.8479        406     1.6875  0.000e+00
     23.424    24.4182   5.356819    35.8222        407     1.6917  0.000e+00
     23.542    24.3078   5.349419    35.8548        408     1.6958  0.000e+00
     23.664    24.2124   5.345839    35.9044        409     1.7000  0.000e+00
     23.786    24.1423   5.339888    35.9157        410     1.7042  0.000e+00
     23.903    24.0851   5.336491    35.9360        411     1.7083  0.000e+00
     24.024    24.0379   5.332792    35.9460        412     1.7125  0.000e+00
     24.145    23.9947   5.315717    35.8512        413     1.7167  0.000e+00
     24.262    23.9181   5.286546    35.6911        414     1.7208  0.000e+00
     24.376    23.7811   5.263125    35.6229        415     1.7250  0.000e+00
     24.484    23.6113   5.233565    35.5336        416     1.7292  0.000e+00
     24.598    23.4179   5.203083    35.4556        417     1.7333  0.000e+00
     24.709    23.2067   5.178721    35.4383        418     1.7375  0.000e+00
     24.821    22.9994   5.162467    35.4801        419     1.7417  0.000e+00
     24.931    22.8231   5.148597    35.5154        420     1.7458  0.000e+00
