HB2303/sbe029.cnv
* Sea-Bird SBE 19plus V2 Data File:
* FileName = C:\cruise\data\sbe029.hex
* Software Version Seasave V 7.26.7.121
* Temperature SN = 6128
* Conductivity SN = 6128
* System UpLoad Time = Aug 11 2023 11:47:05
* NMEA Latitude = 36 48.92 N
* NMEA Longitude = 075 43.23 W
* NMEA UTC (Time) = Aug 11 2023 11:47:00
** Ship: Henry Bigelow
** Cruise:  HB2303
** Program:  ECOMON
# nquan = 7
# nvalues = 1835                                  
# units = specified
# name 0 = depSM: Depth [salt water, m]
# name 1 = tv290C: Temperature [ITS-90, deg C]
# name 2 = c0S/m: Conductivity [S/m]
# name 3 = sal00: Salinity, Practical [PSU]
# name 4 = scan: Scan Count
# name 5 = timeM: Time, Elapsed [minutes]
# name 6 = flag:  0.000e+00
# span 0 =     -0.195,     11.227                 
# span 1 =    17.9134,    24.8740                 
# span 2 =  -0.027437,   4.791647                 
# span 3 =     0.0000,    32.9991                 
# span 4 =         11,       1845                 
# span 5 =     0.0417,     7.6833                 
# span 6 = 0.0000e+00, 0.0000e+00                 
# interval = seconds: 0.25
# start_time = Aug 11 2023 11:47:00 [NMEA time, header]
# bad_flag = -9.990e-29
*END*
[from data line 821]
      7.958    24.0941   4.747272    31.5114        832     3.4625  0.000e+00
      7.965    24.0855   4.750892    31.5443        833     3.4667  0.000e+00
      7.979    24.0946   4.747222    31.5107        834     3.4708  0.000e+00
      7.994    24.0929   4.750202    31.5340        835     3.4750  0.000e+00
      8.014    24.1000   4.756294    31.5743        836     3.4792  0.000e+00
      8.046    24.1452   4.749878    31.4947        837     3.4833  0.000e+00
      8.077    24.1443   4.745268    31.4611        838     3.4875  0.000e+00
      8.111    24.0971   4.743000    31.4775        839     3.4917  0.000e+00
      8.142    24.0535   4.743166    31.5094        840     3.4958  0.000e+00
      8.167    24.0248   4.741200    31.5151        841     3.5000  0.000e+00
      8.189    23.9985   4.740189    31.5261        842     3.5042  0.000e+00
      8.205    23.9769   4.742127    31.5558        843     3.5083  0.000e+00
      8.219    23.9747   4.742895    31.5631        844     3.5125  0.000e+00
      8.232    23.9810   4.743383    31.5622        845     3.5167  0.000e+00
      8.241    23.9889   4.743727    31.5592        846     3.5208  0.000e+00
      8.253    23.9978   4.745392    31.5653        847     3.5250  0.000e+00
      8.259    24.0119   4.746060    31.5603        848     3.5292  0.000e+00
      8.259    24.0264   4.746577    31.5539        849     3.5333  0.000e+00
      8.253    24.0380   4.746763    31.5471        850     3.5375  0.000e+00
      8.246    24.0478   4.750382    31.5671        851     3.5417  0.000e+00
      8.235    24.0756   4.753485    31.5705        852     3.5458  0.000e+00
      8.214    24.1169   4.750353    31.5181        853     3.5500  0.000e+00
      8.192    24.1241   4.751013    31.5179        854     3.5542  0.000e+00
      8.170    24.1260   4.756474    31.5571        855     3.5583  0.000e+00
      8.150    24.1620   4.760268    31.5599        856     3.5625  0.000e+00
      8.120    24.2209   4.764862    31.5525        857     3.5667  0.000e+00
      8.091    24.2911   4.772048    31.5563        858     3.5708  0.000e+00
      8.069    24.3816   4.775285    31.5166        859     3.5750  0.000e+00
      8.050    24.4684   4.774722    31.4516        860     3.5792  0.000e+00
      8.033    24.5171   4.773671    31.4098        861     3.5833  0.000e+00
      8.015    24.5381   4.775348    31.4075        862     3.5875  0.000e+00
      8.012    24.5559   4.779271    31.4240        863     3.5917  0.000e+00
      8.017    24.6004   4.780271    31.4003        864     3.5958  0.000e+00
      8.028    24.6349   4.776131    31.3458        865     3.6000  0.000e+00
      8.039    24.6286   4.771690    31.3176        866     3.6042  0.000e+00
      8.055    24.5868   4.775599    31.3754        867     3.6083  0.000e+00
      8.082    24.5779   4.776837    31.3907        868     3.6125  0.000e+00
      8.106    24.5915   4.773749    31.3585        869     3.6167  0.000e+00
      8.142    24.5809   4.772230    31.3547        870     3.6208  0.000e+00
      8.180    24.5580   4.767906    31.3388        871     3.6250  0.000e+00
      8.218    24.5080   4.764829    31.3510        872     3.6292  0.000e+00
      8.263    24.4506   4.764405    31.3879        873     3.6333  0.000e+00
      8.308    24.4084   4.761940    31.3992        874     3.6375  0.000e+00
      8.344    24.3731   4.761811    31.4230        875     3.6417  0.000e+00
      8.369    24.3462   4.761897    31.4424        876     3.6458  0.000e+00
      8.386    24.3316   4.757843    31.4227        877     3.6500  0.000e+00
      8.400    24.3028   4.757872    31.4431        878     3.6542  0.000e+00
      8.407    24.2748   4.756234    31.4506        879     3.6583  0.000e+00
      8.411    24.2513   4.755883    31.4645        880     3.6625  0.000e+00
      8.393    24.2361   4.757025    31.4836        881     3.6667  0.000e+00
      8.385    24.2358   4.758844    31.4973        882     3.6708  0.000e+00
      8.369    24.2500   4.760490    31.4996        883     3.6750  0.000e+00
      8.345    24.2727   4.764861    31.5160        884     3.6792  0.000e+00
      8.320    24.3100   4.760324    31.4562        885     3.6833  0.000e+00
      8.287    24.3125   4.758275    31.4393        886     3.6875  0.000e+00
      8.260    24.2929   4.761647    31.4780        887     3.6917  0.000e+00
      8.240    24.3020   4.762186    31.4756        888     3.6958  0.000e+00
      8.219    24.3309   4.765313    31.4785        889     3.7000  0.000e+00
      8.199    24.3554   4.765967    31.4661        890     3.7042  0.000e+00
      8.188    24.3737   4.762271    31.4260        891     3.7083  0.000e+00
      8.182    24.3629   4.762602    31.4360        892     3.7125  0.000e+00
      8.186    24.3511   4.763026    31.4474        893     3.7167  0.000e+00
      8.195    24.3483   4.760812    31.4330        894     3.7208  0.000e+00
      8.217    24.3476   4.762854    31.4486        895     3.7250  0.000e+00
      8.240    24.3459   4.762811    31.4494        896     3.7292  0.000e+00
      8.264    24.3450   4.762545    31.4481        897     3.7333  0.000e+00
      8.282    24.3414   4.761509    31.4430        898     3.7375  0.000e+00
      8.312    24.3299   4.759784    31.4383        899     3.7417  0.000e+00
      8.347    24.3122   4.760546    31.4563        900     3.7458  0.000e+00
      8.378    24.3044   4.760410    31.4607        901     3.7500  0.000e+00
      8.396    24.2973   4.754531    31.4222        902     3.7542  0.000e+00
      8.419    24.2657   4.753727    31.4384        903     3.7583  0.000e+00
      8.434    24.2285   4.753160    31.4603        904     3.7625  0.000e+00
      8.457    24.1999   4.753225    31.4809        905     3.7667  0.000e+00
      8.468    24.1897   4.756962    31.5158        906     3.7708  0.000e+00
      8.480    24.2034   4.753024    31.4770        907     3.7750  0.000e+00
      8.482    24.1988   4.753448    31.4834        908     3.7792  0.000e+00
      8.487    24.1836   4.750876    31.4749        909     3.7833  0.000e+00
      8.485    24.1668   4.754993    31.5173        910     3.7875  0.000e+00
      8.482    24.1765   4.753728    31.5011        911     3.7917  0.000e+00
      8.475    24.1823   4.756315    31.5162        912     3.7958  0.000e+00
      8.460    24.1975   4.758744    31.5236        913     3.8000  0.000e+00
      8.453    24.2279   4.756609    31.4863        914     3.8042  0.000e+00
      8.448    24.2379   4.756256    31.4766        915     3.8083  0.000e+00
      8.431    24.2348   4.757557    31.4885        916     3.8125  0.000e+00
      8.413    24.2400   4.761863    31.5168        917     3.8167  0.000e+00
      8.391    24.2720   4.760813    31.4865        918     3.8208  0.000e+00
      8.373    24.2938   4.759698    31.4629        919     3.8250  0.000e+00
      8.352    24.2959   4.760949    31.4707        920     3.8292  0.000e+00
      8.333    24.2995   4.763559    31.4875        921     3.8333  0.000e+00
      8.316    24.3208   4.764105    31.4766        922     3.8375  0.000e+00
      8.307    24.3450   4.765536    31.4702        923     3.8417  0.000e+00
      8.296    24.3660   4.765083    31.4521        924     3.8458  0.000e+00
      8.296    24.3763   4.763997    31.4369        925     3.8500  0.000e+00
      8.298    24.3730   4.762674    31.4294        926     3.8542  0.000e+00
      8.298    24.3613   4.762408    31.4356        927     3.8583  0.000e+00
      8.305    24.3497   4.762782    31.4465        928     3.8625  0.000e+00
      8.312    24.3456   4.762998    31.4510        929     3.8667  0.000e+00
      8.323    24.3433   4.759194    31.4245        930     3.8708  0.000e+00
      8.337    24.3169   4.754509    31.4084        931     3.8750  0.000e+00
      8.344    24.2668   4.754517    31.4436        932     3.8792  0.000e+00
      8.350    24.2286   4.752032    31.4519        933     3.8833  0.000e+00
      8.353    24.1919   4.752219    31.4791        934     3.8875  0.000e+00
      8.355    24.1695   4.753563    31.5048        935     3.8917  0.000e+00
      8.353    24.1665   4.754023    31.5104        936     3.8958  0.000e+00
      8.357    24.1708   4.754432    31.5104        937     3.9000  0.000e+00
      8.344    24.1780   4.755668    31.5145        938     3.9042  0.000e+00
      8.331    24.1904   4.757120    31.5165        939     3.9083  0.000e+00
      8.319    24.2094   4.759139    31.5181        940     3.9125  0.000e+00
      8.312    24.2352   4.757306    31.4864        941     3.9167  0.000e+00
      8.297    24.2441   4.758578    31.4896        942     3.9208  0.000e+00
      8.284    24.2514   4.759476    31.4911        943     3.9250  0.000e+00
      8.283    24.2644   4.761057    31.4936        944     3.9292  0.000e+00
      8.275    24.2838   4.761474    31.4831        945     3.9333  0.000e+00
      8.275    24.3001   4.761726    31.4735        946     3.9375  0.000e+00
      8.279    24.3111   4.762401    31.4708        947     3.9417  0.000e+00
      8.281    24.3212   4.762969    31.4679        948     3.9458  0.000e+00
      8.286    24.3301   4.760783    31.4455        949     3.9500  0.000e+00
      8.295    24.3220   4.757764    31.4288        950     3.9542  0.000e+00
      8.302    24.2918   4.756543    31.4410        951     3.9583  0.000e+00
      8.310    24.2569   4.751895    31.4311        952     3.9625  0.000e+00
      8.319    24.2146   4.756659    31.4961        953     3.9667  0.000e+00
      8.324    24.2048   4.755962    31.4978        954     3.9708  0.000e+00
      8.315    24.2062   4.752621    31.4721        955     3.9750  0.000e+00
      8.315    24.1904   4.755000    31.5008        956     3.9792  0.000e+00
      8.317    24.1856   4.755021    31.5043        957     3.9833  0.000e+00
      8.318    24.1882   4.755582    31.5066        958     3.9875  0.000e+00
      8.313    24.1964   4.759923    31.5331        959     3.9917  0.000e+00
      8.302    24.2276   4.761001    31.5191        960     3.9958  0.000e+00
      8.292    24.2577   4.758628    31.4804        961     4.0000  0.000e+00
      8.288    24.2629   4.759519    31.4833        962     4.0042  0.000e+00
      8.284    24.2689   4.757823    31.4666        963     4.0083  0.000e+00
      8.292    24.3002   4.764185    31.4916        964     4.0125  0.000e+00
      8.292    24.3281   4.765990    31.4854        965     4.0167  0.000e+00
      8.299    24.3576   4.767183    31.4735        966     4.0208  0.000e+00
      8.319    24.3852   4.767938    31.4598        967     4.0250  0.000e+00
      8.335    24.4064   4.766211    31.4322        968     4.0292  0.000e+00
      8.350    24.4094   4.770125    31.4589        969     4.0333  0.000e+00
      8.362    24.4267   4.771297    31.4554        970     4.0375  0.000e+00
      8.373    24.4550   4.770398    31.4290        971     4.0417  0.000e+00
      8.384    24.4674   4.771045    31.4251        972     4.0458  0.000e+00
      8.385    24.4753   4.772664    31.4315        973     4.0500  0.000e+00
      8.393    24.4904   4.772074    31.4166        974     4.0542  0.000e+00
      8.387    24.4987   4.772318    31.4126        975     4.0583  0.000e+00
      8.393    24.5042   4.773829    31.4199        976     4.0625  0.000e+00
      8.383    24.5170   4.775370    31.4223        977     4.0667  0.000e+00
      8.365    24.5362   4.775909    31.4129        978     4.0708  0.000e+00
      8.338    24.5542   4.779437    31.4263        979     4.0750  0.000e+00
      8.300    24.5822   4.780409    31.4139        980     4.0792  0.000e+00
      8.255    24.6139   4.783246    31.4127        981     4.0833  0.000e+00
      8.206    24.6454   4.782770    31.3872        982     4.0875  0.000e+00
      8.150    24.6716   4.782338    31.3658        983     4.0917  0.000e+00
      8.098    24.6911   4.781739    31.3479        984     4.0958  0.000e+00
      8.049    24.7054   4.781545    31.3365        985     4.1000  0.000e+00
      8.009    24.7144   4.781494    31.3299        986     4.1042  0.000e+00
      7.979    24.7199   4.781033    31.3227        987     4.1083  0.000e+00
      7.948    24.7232   4.781191    31.3216        988     4.1125  0.000e+00
      7.926    24.7255   4.781328    31.3210        989     4.1167  0.000e+00
      7.910    24.7261   4.781170    31.3194        990     4.1208  0.000e+00
      7.906    24.7264   4.781206    31.3195        991     4.1250  0.000e+00
      7.917    24.7268   4.781141    31.3187        992     4.1292  0.000e+00
      7.941    24.7278   4.781033    31.3172        993     4.1333  0.000e+00
      7.977    24.7277   4.781285    31.3191        994     4.1375  0.000e+00
      8.007    24.7261   4.781220    31.3198        995     4.1417  0.000e+00
      8.058    24.7248   4.781681    31.3241        996     4.1458  0.000e+00
      8.107    24.7241   4.781796    31.3254        997     4.1500  0.000e+00
      8.157    24.7233   4.781847    31.3262        998     4.1542  0.000e+00
      8.213    24.7212   4.779298    31.3090        999     4.1583  0.000e+00
      8.266    24.6980   4.774633    31.2909       1000     4.1625  0.000e+00
      8.316    24.6421   4.769877    31.2948       1001     4.1667  0.000e+00
      8.363    24.5685   4.766317    31.3198       1002     4.1708  0.000e+00
      8.399    24.4955   4.762686    31.3439       1003     4.1750  0.000e+00
      8.437    24.4190   4.759459    31.3735       1004     4.1792  0.000e+00
      8.455    24.3504   4.757052    31.4037       1005     4.1833  0.000e+00
      8.466    24.2912   4.753453    31.4185       1006     4.1875  0.000e+00
      8.458    24.2349   4.750365    31.4351       1007     4.1917  0.000e+00
      8.455    24.1846   4.748104    31.4537       1008     4.1958  0.000e+00
      8.440    24.1416   4.746841    31.4746       1009     4.2000  0.000e+00
      8.422    24.1020   4.747294    31.5059       1010     4.2042  0.000e+00
      8.395    24.0788   4.746928    31.5195       1011     4.2083  0.000e+00
      8.364    24.0665   4.748917    31.5429       1012     4.2125  0.000e+00
      8.323    24.0702   4.754039    31.5784       1013     4.2167  0.000e+00
      8.274    24.1039   4.754994    31.5618       1014     4.2208  0.000e+00
      8.223    24.1461   4.761843    31.5828       1015     4.2250  0.000e+00
      8.165    24.2046   4.761705    31.5406       1016     4.2292  0.000e+00
      8.110    24.2562   4.767372    31.5462       1017     4.2333  0.000e+00
      8.064    24.3231   4.771047    31.5264       1018     4.2375  0.000e+00
      8.010    24.3954   4.775371    31.5076       1019     4.2417  0.000e+00
      7.976    24.4708   4.777408    31.4697       1020     4.2458  0.000e+00
      7.943    24.5373   4.779704    31.4401       1021     4.2500  0.000e+00
      7.929    24.5855   4.782144    31.4244       1022     4.2542  0.000e+00
      7.913    24.6298   4.781575    31.3894       1023     4.2583  0.000e+00
      7.909    24.6529   4.782114    31.3772       1024     4.2625  0.000e+00
      7.909    24.6650   4.782799    31.3738       1025     4.2667  0.000e+00
      7.916    24.6759   4.782359    31.3630       1026     4.2708  0.000e+00
      7.923    24.6834   4.782395    31.3581       1027     4.2750  0.000e+00
      7.945    24.6846   4.780083    31.3403       1028     4.2792  0.000e+00
      7.961    24.6749   4.777239    31.3261       1029     4.2833  0.000e+00
      7.983    24.6496   4.774691    31.3250       1030     4.2875  0.000e+00
      8.004    24.6157   4.774231    31.3452       1031     4.2917  0.000e+00
      8.028    24.5886   4.773936    31.3619       1032     4.2958  0.000e+00
      8.050    24.5723   4.773504    31.3701       1033     4.3000  0.000e+00
      8.066    24.5631   4.772151    31.3665       1034     4.3042  0.000e+00
      8.070    24.5436   4.770612    31.3688       1035     4.3083  0.000e+00
