HB2303/sbe054.cnv
* Sea-Bird SBE 19plus V2 Data File:
* FileName = C:\cruise\data\sbe054.hex
* Software Version Seasave V 7.26.7.121
* Temperature SN = 6128
* Conductivity SN = 6128
* System UpLoad Time = Aug 13 2023 16:10:52
* NMEA Latitude = 39 04.60 N
* NMEA Longitude = 072 58.25 W
* NMEA UTC (Time) = Aug 13 2023 16:10:48
** Ship: Henry Bigelow
** Cruise:  HB2303
** Program:  ECOMON
# nquan = 7
# nvalues = 2293                                  
# units = specified
# name 0 = depSM: Depth [salt water, m]
# name 1 = tv290C: Temperature [ITS-90, deg C]
# name 2 = c0S/m: Conductivity [S/m]
# name 3 = sal00: Salinity, Practical [PSU]
# name 4 = scan: Scan Count
# name 5 = timeM: Time, Elapsed [minutes]
# name 6 = flag:  0.000e+00
# span 0 =     -0.263,     80.527                 
# span 1 =     9.4652,    25.9597                 
# span 2 =   0.000034,   4.836458                 
# span 3 =     0.0122,    34.4838                 
# span 4 =         11,       2303                 
# span 5 =     0.0417,     9.5917                 
# span 6 = 0.0000e+00, 0.0000e+00                 
# interval = seconds: 0.25
# start_time = Aug 13 2023 16:10:48 [NMEA time, header]
# bad_flag = -9.990e-29
*END*
     -0.092    25.8742   0.000046     0.0122         11     0.0417  0.000e+00
     -0.089    25.8774   0.000046     0.0122         12     0.0458  0.000e+00
     -0.094    25.8824   0.000040     0.0122         13     0.0500  0.000e+00
     -0.094    25.8868   0.000049     0.0122         14     0.0542  0.000e+00
     -0.092    25.8905   0.000052     0.0122         15     0.0583  0.000e+00
     -0.087    25.8944   0.000046     0.0122         16     0.0625  0.000e+00
     -0.089    25.8974   0.000049     0.0122         17     0.0667  0.000e+00
     -0.092    25.8989   0.000052     0.0122         18     0.0708  0.000e+00
     -0.094    25.9009   0.000052     0.0122         19     0.0750  0.000e+00
     -0.089    25.9032   0.000049     0.0122         20     0.0792  0.000e+00
     -0.096    25.9060   0.000046     0.0122         21     0.0833  0.000e+00
     -0.096    25.9092   0.000046     0.0122         22     0.0875  0.000e+00
     -0.094    25.9127   0.000049     0.0122         23     0.0917  0.000e+00
     -0.090    25.9156   0.000046     0.0122         24     0.0958  0.000e+00
     -0.094    25.9182   0.000046     0.0122         25     0.1000  0.000e+00
     -0.101    25.9202   0.000046     0.0122         26     0.1042  0.000e+00
     -0.096    25.9227   0.000049     0.0122         27     0.1083  0.000e+00
     -0.092    25.9257   0.000046     0.0122         28     0.1125  0.000e+00
     -0.088    25.9279   0.000046     0.0122         29     0.1167  0.000e+00
     -0.094    25.9300   0.000049     0.0122         30     0.1208  0.000e+00
     -0.092    25.9323   0.000046     0.0122         31     0.1250  0.000e+00
     -0.089    25.9345   0.000040     0.0122         32     0.1292  0.000e+00
     -0.089    25.9365   0.000049     0.0122         33     0.1333  0.000e+00
     -0.092    25.9374   0.000046     0.0122         34     0.1375  0.000e+00
     -0.096    25.9390   0.000046     0.0122         35     0.1417  0.000e+00
     -0.101    25.9404   0.000043     0.0122         36     0.1458  0.000e+00
     -0.098    25.9422   0.000058     0.0122         37     0.1500  0.000e+00
     -0.096    25.9436   0.000040     0.0122         38     0.1542  0.000e+00
     -0.094    25.9453   0.000052     0.0122         39     0.1583  0.000e+00
     -0.096    25.9463   0.000049     0.0122         40     0.1625  0.000e+00
     -0.092    25.9472   0.000046     0.0122         41     0.1667  0.000e+00
     -0.096    25.9486   0.000040     0.0122         42     0.1708  0.000e+00
     -0.096    25.9496   0.000052     0.0122         43     0.1750  0.000e+00
     -0.098    25.9507   0.000052     0.0122         44     0.1792  0.000e+00
     -0.092    25.9504   0.000058     0.0122         45     0.1833  0.000e+00
     -0.096    25.9508   0.000052     0.0122         46     0.1875  0.000e+00
     -0.098    25.9515   0.000046     0.0122         47     0.1917  0.000e+00
     -0.096    25.9519   0.000034     0.0123         48     0.1958  0.000e+00
     -0.094    25.9525   0.000052     0.0122         49     0.2000  0.000e+00
     -0.094    25.9537   0.000046     0.0122         50     0.2042  0.000e+00
     -0.092    25.9535   0.000046     0.0122         51     0.2083  0.000e+00
     -0.094    25.9543   0.000052     0.0122         52     0.2125  0.000e+00
     -0.098    25.9552   0.000052     0.0122         53     0.2167  0.000e+00
     -0.096    25.9554   0.000046     0.0122         54     0.2208  0.000e+00
     -0.092    25.9555   0.000046     0.0122         55     0.2250  0.000e+00
     -0.092    25.9555   0.000052     0.0122         56     0.2292  0.000e+00
     -0.096    25.9557   0.000040     0.0122         57     0.2333  0.000e+00
     -0.090    25.9565   0.000046     0.0122         58     0.2375  0.000e+00
     -0.094    25.9560   0.000043     0.0122         59     0.2417  0.000e+00
     -0.094    25.9571   0.000040     0.0122         60     0.2458  0.000e+00
     -0.092    25.9570   0.000046     0.0122         61     0.2500  0.000e+00
     -0.096    25.9575   0.000049     0.0122         62     0.2542  0.000e+00
     -0.094    25.9574   0.000046     0.0122         63     0.2583  0.000e+00
     -0.096    25.9573   0.000046     0.0122         64     0.2625  0.000e+00
     -0.098    25.9579   0.000052     0.0122         65     0.2667  0.000e+00
     -0.094    25.9577   0.000043     0.0122         66     0.2708  0.000e+00
     -0.092    25.9581   0.000046     0.0122         67     0.2750  0.000e+00
     -0.098    25.9579   0.000046     0.0122         68     0.2792  0.000e+00
     -0.098    25.9579   0.000049     0.0122         69     0.2833  0.000e+00
     -0.096    25.9577   0.000040     0.0122         70     0.2875  0.000e+00
     -0.096    25.9575   0.000046     0.0122         71     0.2917  0.000e+00
     -0.094    25.9580   0.000049     0.0122         72     0.2958  0.000e+00
     -0.100    25.9588   0.000040     0.0122         73     0.3000  0.000e+00
     -0.092    25.9587   0.000040     0.0122         74     0.3042  0.000e+00
     -0.096    25.9589   0.000052     0.0122         75     0.3083  0.000e+00
     -0.096    25.9593   0.000046     0.0122         76     0.3125  0.000e+00
     -0.098    25.9591   0.000040     0.0122         77     0.3167  0.000e+00
     -0.094    25.9596   0.000046     0.0122         78     0.3208  0.000e+00
     -0.098    25.9593   0.000049     0.0122         79     0.3250  0.000e+00
     -0.096    25.9597   0.000046     0.0122         80     0.3292  0.000e+00
     -0.092    25.9587   0.000046     0.0122         81     0.3333  0.000e+00
     -0.094    25.9585   0.000052     0.0122         82     0.3375  0.000e+00
     -0.090    25.9579   0.000046     0.0122         83     0.3417  0.000e+00
     -0.094    25.9571   0.000052     0.0122         84     0.3458  0.000e+00
     -0.096    25.9567   0.000052     0.0122         85     0.3500  0.000e+00
     -0.096    25.9559   0.000052     0.0122         86     0.3542  0.000e+00
     -0.096    25.9555   0.000040     0.0122         87     0.3583  0.000e+00
     -0.094    25.9556   0.000049     0.0122         88     0.3625  0.000e+00
     -0.094    25.9552   0.000052     0.0122         89     0.3667  0.000e+00
     -0.096    25.9548   0.000052     0.0122         90     0.3708  0.000e+00
     -0.094    25.9541   0.000046     0.0122         91     0.3750  0.000e+00
     -0.096    25.9539   0.000043     0.0122         92     0.3792  0.000e+00
     -0.098    25.9536   0.000046     0.0122         93     0.3833  0.000e+00
     -0.098    25.9536   0.000046     0.0122         94     0.3875  0.000e+00
     -0.094    25.9540   0.000052     0.0122         95     0.3917  0.000e+00
     -0.100    25.9537   0.000046     0.0122         96     0.3958  0.000e+00
     -0.100    25.9527   0.000046     0.0122         97     0.4000  0.000e+00
     -0.094    25.9527   0.000043     0.0122         98     0.4042  0.000e+00
     -0.098    25.9526   0.000052     0.0122         99     0.4083  0.000e+00
     -0.098    25.9522   0.000052     0.0122        100     0.4125  0.000e+00
     -0.090    25.9519   0.000052     0.0122        101     0.4167  0.000e+00
     -0.092    25.9516   0.000052     0.0122        102     0.4208  0.000e+00
     -0.094    25.9506   0.000040     0.0122        103     0.4250  0.000e+00
     -0.094    25.9502   0.000052     0.0122        104     0.4292  0.000e+00
     -0.098    25.9502   0.000052     0.0122        105     0.4333  0.000e+00
     -0.092    25.9501   0.000052     0.0122        106     0.4375  0.000e+00
     -0.090    25.9493   0.000046     0.0122        107     0.4417  0.000e+00
     -0.090    25.9484   0.000052     0.0122        108     0.4458  0.000e+00
     -0.096    25.9489   0.000046     0.0122        109     0.4500  0.000e+00
     -0.096    25.9484   0.000040     0.0122        110     0.4542  0.000e+00
     -0.094    25.9480   0.000049     0.0122        111     0.4583  0.000e+00
     -0.092    25.9476   0.000040     0.0122        112     0.4625  0.000e+00
     -0.094    25.9471   0.000034     0.0123        113     0.4667  0.000e+00
     -0.101    25.9471   0.000058     0.0122        114     0.4708  0.000e+00
     -0.096    25.9463   0.000046     0.0122        115     0.4750  0.000e+00
     -0.092    25.9465   0.000046     0.0122        116     0.4792  0.000e+00
     -0.100    25.9459   0.000058     0.0122        117     0.4833  0.000e+00
     -0.100    25.9453   0.000049     0.0122        118     0.4875  0.000e+00
     -0.096    25.9444   0.000046     0.0122        119     0.4917  0.000e+00
     -0.096    25.9437   0.000052     0.0122        120     0.4958  0.000e+00
     -0.100    25.9429   0.000049     0.0122        121     0.5000  0.000e+00
     -0.107    25.9426   0.000046     0.0122        122     0.5042  0.000e+00
     -0.102    25.9423   0.000052     0.0122        123     0.5083  0.000e+00
     -0.078    25.9422   0.000052     0.0122        124     0.5125  0.000e+00
     -0.058    25.9428   0.000034     0.0123        125     0.5167  0.000e+00
     -0.083    25.9350   1.631735     9.3586        126     0.5208  0.000e+00
     -0.087    25.8382   1.033977     5.7280        127     0.5250  0.000e+00
     -0.089    25.6805   2.225310    13.1896        128     0.5292  0.000e+00
     -0.094    25.5773   0.748466     4.0715        129     0.5333  0.000e+00
     -0.096    25.5212   0.472381     2.4942        130     0.5375  0.000e+00
     -0.096    25.4855   0.373373     1.9445        131     0.5417  0.000e+00
     -0.092    25.4616   0.297942     1.5322        132     0.5458  0.000e+00
     -0.092    25.4468   0.255925     1.3055        133     0.5500  0.000e+00
     -0.094    25.4371   0.224230     1.1361        134     0.5542  0.000e+00
     -0.098    25.4306   0.180654     0.9056        135     0.5583  0.000e+00
     -0.094    25.4263   2.960738    18.1332        136     0.5625  0.000e+00
     -0.051    25.4212   4.354463    27.7883        137     0.5667  0.000e+00
      0.087    25.3747   4.342512    27.7315        138     0.5708  0.000e+00
      0.235    25.2960   2.881775    17.6524        139     0.5750  0.000e+00
      0.387    25.2309   3.408599    21.2680        140     0.5792  0.000e+00
      0.515    25.1871   4.192018    26.7736        141     0.5833  0.000e+00
      0.600    25.1563   4.465136    28.7431        142     0.5875  0.000e+00
      0.650    25.1342   4.620892    29.8792        143     0.5917  0.000e+00
      0.690    25.1187   4.671911    30.2584        144     0.5958  0.000e+00
      0.712    25.1067   4.305783    27.6323        145     0.6000  0.000e+00
      0.722    25.0965   1.351817     7.7724        146     0.6042  0.000e+00
      0.746    25.0878   3.598537    22.6523        147     0.6083  0.000e+00
      0.785    25.0827   4.805675    31.2539        148     0.6125  0.000e+00
      0.861    25.0860   4.832442    31.4465        149     0.6167  0.000e+00
      0.939    25.0903   4.770384    30.9918        150     0.6208  0.000e+00
      1.018    25.0850   4.836458    31.4763        151     0.6250  0.000e+00
      1.082    25.0737   4.836292    31.4830        152     0.6292  0.000e+00
      1.157    25.0594   4.834751    31.4816        153     0.6333  0.000e+00
      1.248    25.0446   4.833818    31.4851        154     0.6375  0.000e+00
      1.365    25.0306   4.796643    31.2238        155     0.6417  0.000e+00
      1.515    25.0183   4.823432    31.4276        156     0.6458  0.000e+00
      1.695    25.0019   4.825883    31.4568        157     0.6500  0.000e+00
      1.880    24.9800   4.825168    31.4667        158     0.6542  0.000e+00
      2.051    24.9561   4.825913    31.4887        159     0.6583  0.000e+00
      2.212    24.9368   4.830752    31.5375        160     0.6625  0.000e+00
      2.346    24.9236   4.830275    31.5431        161     0.6667  0.000e+00
      2.449    24.9086   4.829675    31.5492        162     0.6708  0.000e+00
      2.528    24.8760   4.826848    31.5512        163     0.6750  0.000e+00
      2.597    24.8361   4.824925    31.5650        164     0.6792  0.000e+00
      2.660    24.8003   4.822467    31.5720        165     0.6833  0.000e+00
      2.740    24.7711   4.820683    31.5793        166     0.6875  0.000e+00
      2.823    24.7467   4.821341    31.6012        167     0.6917  0.000e+00
      2.930    24.7280   4.825426    31.6443        168     0.6958  0.000e+00
      3.049    24.7154   4.829837    31.6855        169     0.7000  0.000e+00
      3.177    24.7073   4.831986    31.7069        170     0.7042  0.000e+00
      3.318    24.7023   4.832420    31.7136        171     0.7083  0.000e+00
      3.470    24.7008   4.832970    31.7187        172     0.7125  0.000e+00
      3.614    24.7101   4.832362    31.7076        173     0.7167  0.000e+00
      3.752    24.7371   4.830995    31.6785        174     0.7208  0.000e+00
      3.884    24.7751   4.828990    31.6371        175     0.7250  0.000e+00
      4.006    24.8164   4.827124    31.5945        176     0.7292  0.000e+00
      4.129    24.8521   4.826270    31.5632        177     0.7333  0.000e+00
      4.243    24.8785   4.826104    31.5436        178     0.7375  0.000e+00
      4.353    24.8940   4.826631    31.5366        179     0.7417  0.000e+00
      4.465    24.8997   4.829842    31.5560        180     0.7458  0.000e+00
      4.580    24.9014   4.832063    31.5711        181     0.7500  0.000e+00
      4.691    24.9017   4.832360    31.5730        182     0.7542  0.000e+00
      4.815    24.9021   4.832830    31.5761        183     0.7583  0.000e+00
      4.943    24.9017   4.833547    31.5816        184     0.7625  0.000e+00
      5.074    24.9015   4.830363    31.5585        185     0.7667  0.000e+00
      5.218    24.9026   4.827369    31.5357        186     0.7708  0.000e+00
      5.364    24.9080   4.825532    31.5184        187     0.7750  0.000e+00
      5.523    24.9161   4.824216    31.5031        188     0.7792  0.000e+00
      5.695    24.9208   4.823746    31.4964        189     0.7833  0.000e+00
      5.877    24.9213   4.823255    31.4924        190     0.7875  0.000e+00
      6.052    24.9181   4.823212    31.4943        191     0.7917  0.000e+00
      6.231    24.9120   4.827449    31.5294        192     0.7958  0.000e+00
      6.417    24.9058   4.828194    31.5392        193     0.8000  0.000e+00
      6.612    24.8970   4.827428    31.5396        194     0.8042  0.000e+00
      6.811    24.8709   4.824847    31.5389        195     0.8083  0.000e+00
      7.008    24.8294   4.819939    31.5319        196     0.8125  0.000e+00
      7.206    24.7848   4.813373    31.5148        197     0.8167  0.000e+00
      7.407    24.7408   4.807308    31.5010        198     0.8208  0.000e+00
      7.591    24.7011   4.804205    31.5059        199     0.8250  0.000e+00
      7.781    24.6671   4.802127    31.5144        200     0.8292  0.000e+00
      7.960    24.6374   4.801774    31.5325        201     0.8333  0.000e+00
      8.135    24.6135   4.803275    31.5603        202     0.8375  0.000e+00
      8.310    24.5981   4.808198    31.6072        203     0.8417  0.000e+00
      8.474    24.5891   4.810675    31.6317        204     0.8458  0.000e+00
      8.646    24.5852   4.811686    31.6418        205     0.8500  0.000e+00
      8.816    24.5904   4.813629    31.6525        206     0.8542  0.000e+00
      8.987    24.6033   4.815536    31.6574        207     0.8583  0.000e+00
      9.168    24.6210   4.814142    31.6346        208     0.8625  0.000e+00
      9.344    24.6368   4.811216    31.6019        209     0.8667  0.000e+00
      9.531    24.6393   4.810942    31.5981        210     0.8708  0.000e+00
      9.711    24.6041   4.812835    31.6367        211     0.8750  0.000e+00
      9.886    24.5408   4.815949    31.7042        212     0.8792  0.000e+00
     10.067    24.4679   4.819896    31.7847        213     0.8833  0.000e+00
     10.242    24.3926   4.822333    31.8560        214     0.8875  0.000e+00
     10.408    24.3240   4.823953    31.9167        215     0.8917  0.000e+00
