HB2303/sbe006.cnv
* Sea-Bird SBE 19plus V2 Data File:
* FileName = C:\cruise\data\sbe006.hex
* Software Version Seasave V 7.26.7.121
* Temperature SN = 6128
* Conductivity SN = 6128
* System UpLoad Time = Aug 09 2023 05:35:40
* NMEA Latitude = 40 24.89 N
* NMEA Longitude = 070 16.47 W
* NMEA UTC (Time) = Aug 09 2023 05:35:36
** Ship: Henry Bigelow
** Cruise:  HB2303
** Program:  ECOMON
# nquan = 7
# nvalues = 1770                                  
# units = specified
# name 0 = depSM: Depth [salt water, m]
# name 1 = tv290C: Temperature [ITS-90, deg C]
# name 2 = c0S/m: Conductivity [S/m]
# name 3 = sal00: Salinity, Practical [PSU]
# name 4 = scan: Scan Count
# name 5 = timeM: Time, Elapsed [minutes]
# name 6 = flag:  0.000e+00
# span 0 =     -0.327,     71.142                 
# span 1 =     9.2094,    21.2210                 
# span 2 =   0.000067,   4.609406                 
# span 3 =     0.0104,    34.6652                 
# span 4 =         11,       1780                 
# span 5 =     0.0417,     7.4125                 
# span 6 = 0.0000e+00, 0.0000e+00                 
# interval = seconds: 0.25
# start_time = Aug 09 2023 05:35:36 [NMEA time, header]
# bad_flag = -9.990e-29
*END*
     -0.166    21.1957   0.000079     0.0104         11     0.0417  0.000e+00
     -0.167    21.1969   0.000082     0.0104         12     0.0458  0.000e+00
     -0.167    21.1969   0.000079     0.0104         13     0.0500  0.000e+00
     -0.161    21.1968   0.000073     0.0104         14     0.0542  0.000e+00
     -0.164    21.1974   0.000079     0.0104         15     0.0583  0.000e+00
     -0.162    21.1982   0.000070     0.0104         16     0.0625  0.000e+00
     -0.161    21.2003   0.000079     0.0104         17     0.0667  0.000e+00
     -0.164    21.2018   0.000073     0.0104         18     0.0708  0.000e+00
     -0.162    21.2036   0.000079     0.0104         19     0.0750  0.000e+00
     -0.169    21.2052   0.000073     0.0104         20     0.0792  0.000e+00
     -0.173    21.2070   0.000085     0.0104         21     0.0833  0.000e+00
     -0.171    21.2084   0.000082     0.0104         22     0.0875  0.000e+00
     -0.169    21.2105   0.000079     0.0104         23     0.0917  0.000e+00
     -0.174    21.2123   0.000079     0.0104         24     0.0958  0.000e+00
     -0.169    21.2138   0.000082     0.0104         25     0.1000  0.000e+00
     -0.165    21.2155   0.000079     0.0104         26     0.1042  0.000e+00
     -0.171    21.2160   0.000079     0.0104         27     0.1083  0.000e+00
     -0.171    21.2158   0.000079     0.0104         28     0.1125  0.000e+00
     -0.171    21.2156   0.000073     0.0104         29     0.1167  0.000e+00
     -0.171    21.2161   0.000070     0.0104         30     0.1208  0.000e+00
     -0.170    21.2174   0.000073     0.0104         31     0.1250  0.000e+00
     -0.170    21.2177   0.000073     0.0104         32     0.1292  0.000e+00
     -0.175    21.2175   0.000073     0.0104         33     0.1333  0.000e+00
     -0.173    21.2185   0.000079     0.0104         34     0.1375  0.000e+00
     -0.171    21.2195   0.000079     0.0104         35     0.1417  0.000e+00
     -0.172    21.2198   0.000079     0.0104         36     0.1458  0.000e+00
     -0.168    21.2202   0.000079     0.0104         37     0.1500  0.000e+00
     -0.167    21.2210   0.000073     0.0104         38     0.1542  0.000e+00
     -0.172    21.2198   0.000079     0.0104         39     0.1583  0.000e+00
     -0.168    21.2193   0.000073     0.0104         40     0.1625  0.000e+00
     -0.171    21.2189   0.000082     0.0104         41     0.1667  0.000e+00
     -0.171    21.2187   0.000073     0.0104         42     0.1708  0.000e+00
     -0.170    21.2191   0.000070     0.0104         43     0.1750  0.000e+00
     -0.173    21.2191   0.000073     0.0104         44     0.1792  0.000e+00
     -0.177    21.2194   0.000079     0.0104         45     0.1833  0.000e+00
     -0.169    21.2191   0.000073     0.0104         46     0.1875  0.000e+00
     -0.167    21.2186   0.000079     0.0104         47     0.1917  0.000e+00
     -0.171    21.2184   0.000079     0.0104         48     0.1958  0.000e+00
     -0.169    21.2177   0.000079     0.0104         49     0.2000  0.000e+00
     -0.170    21.2171   0.000079     0.0104         50     0.2042  0.000e+00
     -0.163    21.2163   0.000079     0.0104         51     0.2083  0.000e+00
     -0.167    21.2159   0.000079     0.0104         52     0.2125  0.000e+00
     -0.172    21.2153   0.000073     0.0104         53     0.2167  0.000e+00
     -0.174    21.2151   0.000079     0.0104         54     0.2208  0.000e+00
     -0.174    21.2147   0.000079     0.0104         55     0.2250  0.000e+00
     -0.171    21.2147   0.000073     0.0104         56     0.2292  0.000e+00
     -0.169    21.2142   0.000079     0.0104         57     0.2333  0.000e+00
     -0.173    21.2141   0.000082     0.0104         58     0.2375  0.000e+00
     -0.175    21.2142   0.000079     0.0104         59     0.2417  0.000e+00
     -0.169    21.2141   0.000073     0.0104         60     0.2458  0.000e+00
     -0.168    21.2141   0.000079     0.0104         61     0.2500  0.000e+00
     -0.168    21.2134   0.000079     0.0104         62     0.2542  0.000e+00
     -0.172    21.2128   0.000073     0.0104         63     0.2583  0.000e+00
     -0.170    21.2120   0.000079     0.0104         64     0.2625  0.000e+00
     -0.174    21.2114   0.000073     0.0104         65     0.2667  0.000e+00
     -0.176    21.2116   0.000079     0.0104         66     0.2708  0.000e+00
     -0.176    21.2108   0.000079     0.0104         67     0.2750  0.000e+00
     -0.175    21.2105   0.000079     0.0104         68     0.2792  0.000e+00
     -0.172    21.2110   0.000073     0.0104         69     0.2833  0.000e+00
     -0.178    21.2108   0.000079     0.0104         70     0.2875  0.000e+00
     -0.180    21.2102   0.000082     0.0104         71     0.2917  0.000e+00
     -0.176    21.2107   0.000079     0.0104         72     0.2958  0.000e+00
     -0.176    21.2103   0.000073     0.0104         73     0.3000  0.000e+00
     -0.171    21.2102   0.000079     0.0104         74     0.3042  0.000e+00
     -0.178    21.2100   0.000073     0.0104         75     0.3083  0.000e+00
     -0.180    21.2094   0.000079     0.0104         76     0.3125  0.000e+00
     -0.178    21.2087   0.000079     0.0104         77     0.3167  0.000e+00
     -0.178    21.2084   0.000079     0.0104         78     0.3208  0.000e+00
     -0.177    21.2074   0.000073     0.0104         79     0.3250  0.000e+00
     -0.176    21.2068   0.000082     0.0104         80     0.3292  0.000e+00
     -0.168    21.2062   0.000085     0.0104         81     0.3333  0.000e+00
     -0.166    21.2053   0.000079     0.0104         82     0.3375  0.000e+00
     -0.172    21.2045   0.000073     0.0104         83     0.3417  0.000e+00
     -0.176    21.2032   0.000082     0.0104         84     0.3458  0.000e+00
     -0.172    21.2028   0.000085     0.0104         85     0.3500  0.000e+00
     -0.107    21.2020   0.000079     0.0104         86     0.3542  0.000e+00
      0.121    21.2030   0.000067     0.0104         87     0.3583  0.000e+00
      0.319    21.2053   0.702917     4.1950         88     0.3625  0.000e+00
      0.488    21.2068   2.537108    16.8264         89     0.3667  0.000e+00
      0.610    21.1557   1.640554    10.4715         90     0.3708  0.000e+00
      0.684    21.0466   2.229430    14.6612         91     0.3750  0.000e+00
      0.690    20.9713   2.861576    19.3078         92     0.3792  0.000e+00
      0.667    20.9233   2.418755    16.0740         93     0.3833  0.000e+00
      0.679    20.8916   3.899606    27.2302         94     0.3875  0.000e+00
      0.730    20.8692   3.026659    20.5858         95     0.3917  0.000e+00
      0.820    20.8524   2.812243    18.9947         96     0.3958  0.000e+00
      0.961    20.8395   3.316893    22.7889         97     0.4000  0.000e+00
      1.161    20.8283   4.414224    31.3082         98     0.4042  0.000e+00
      1.399    20.8151   4.606697    32.8488         99     0.4083  0.000e+00
      1.652    20.7986   4.609406    32.8830        100     0.4125  0.000e+00
      1.870    20.7747   4.592923    32.7698        101     0.4167  0.000e+00
      2.074    20.7480   4.572691    32.6287        102     0.4208  0.000e+00
      2.266    20.7213   4.561177    32.5570        103     0.4250  0.000e+00
      2.468    20.6971   4.555332    32.5288        104     0.4292  0.000e+00
      2.674    20.6768   4.551382    32.5127        105     0.4333  0.000e+00
      2.880    20.6614   4.547679    32.4949        106     0.4375  0.000e+00
      3.100    20.6499   4.547384    32.5012        107     0.4417  0.000e+00
      3.313    20.6418   4.546213    32.4979        108     0.4458  0.000e+00
      3.532    20.6360   4.545572    32.4972        109     0.4500  0.000e+00
      3.756    20.6315   4.545015    32.4961        110     0.4542  0.000e+00
      3.983    20.6281   4.544402    32.4937        111     0.4583  0.000e+00
      4.215    20.6258   4.544212    32.4939        112     0.4625  0.000e+00
      4.437    20.6241   4.543979    32.4932        113     0.4667  0.000e+00
      4.652    20.6231   4.543740    32.4920        114     0.4708  0.000e+00
      4.846    20.6219   4.543310    32.4894        115     0.4750  0.000e+00
      5.032    20.6211   4.542936    32.4870        116     0.4792  0.000e+00
      5.202    20.6203   4.542542    32.4844        117     0.4833  0.000e+00
      5.350    20.6193   4.542697    32.4863        118     0.4875  0.000e+00
      5.480    20.6184   4.542514    32.4855        119     0.4917  0.000e+00
      5.594    20.6178   4.542542    32.4861        120     0.4958  0.000e+00
      5.693    20.6176   4.542965    32.4897        121     0.5000  0.000e+00
      5.798    20.6175   4.500300    32.1486        122     0.5042  0.000e+00
      5.894    20.6176   3.170746    21.7949        123     0.5083  0.000e+00
      6.002    20.6177   3.180831    21.8713        124     0.5125  0.000e+00
      6.112    20.6179   3.070223    21.0342        125     0.5167  0.000e+00
      6.233    20.6186   3.868704    27.1620        126     0.5208  0.000e+00
      6.361    20.6191   4.442926    31.6894        127     0.5250  0.000e+00
      6.504    20.6197   4.475741    31.9507        128     0.5292  0.000e+00
      6.660    20.6198   4.536461    32.4357        129     0.5333  0.000e+00
      6.822    20.6201   4.544114    32.4966        130     0.5375  0.000e+00
      6.985    20.6201   4.543924    32.4950        131     0.5417  0.000e+00
      7.164    20.6201   4.543924    32.4949        132     0.5458  0.000e+00
      7.343    20.6203   4.543875    32.4943        133     0.5500  0.000e+00
      7.516    20.6201   4.543818    32.4940        134     0.5542  0.000e+00
      7.695    20.6201   4.542458    32.4831        135     0.5583  0.000e+00
      7.873    20.6199   4.540865    32.4704        136     0.5625  0.000e+00
      8.061    20.6199   4.543713    32.4931        137     0.5667  0.000e+00
      8.249    20.6197   4.543050    32.4879        138     0.5708  0.000e+00
      8.433    20.6193   4.542938    32.4873        139     0.5750  0.000e+00
      8.619    20.6186   4.542783    32.4865        140     0.5792  0.000e+00
      8.807    20.6178   4.542571    32.4854        141     0.5833  0.000e+00
      9.000    20.6175   4.542283    32.4832        142     0.5875  0.000e+00
      9.198    20.6176   4.542142    32.4819        143     0.5917  0.000e+00
      9.392    20.6174   4.542247    32.4829        144     0.5958  0.000e+00
      9.596    20.6174   4.542353    32.4836        145     0.6000  0.000e+00
      9.803    20.6177   4.542459    32.4842        146     0.6042  0.000e+00
     10.003    20.6181   4.542516    32.4843        147     0.6083  0.000e+00
     10.199    20.6180   4.542868    32.4871        148     0.6125  0.000e+00
     10.390    20.6183   4.542459    32.4835        149     0.6167  0.000e+00
     10.582    20.6184   4.542354    32.4826        150     0.6208  0.000e+00
     10.769    20.6178   4.542276    32.4823        151     0.6250  0.000e+00
     10.943    20.6168   4.541959    32.4805        152     0.6292  0.000e+00
     11.112    20.6151   4.541854    32.4809        153     0.6333  0.000e+00
     11.273    20.6136   4.541903    32.4824        154     0.6375  0.000e+00
     11.421    20.6111   4.541614    32.4819        155     0.6417  0.000e+00
     11.556    20.6087   4.541107    32.4796        156     0.6458  0.000e+00
     11.652    20.6063   4.540924    32.4800        157     0.6500  0.000e+00
     11.723    20.6035   4.088542    28.8924        158     0.6542  0.000e+00
     11.795    20.6004   4.067050    28.7254        159     0.6583  0.000e+00
     11.880    20.5988   4.475198    31.9602        160     0.6625  0.000e+00
     11.955    20.5996   4.547043    32.5340        161     0.6667  0.000e+00
     12.046    20.6064   4.549158    32.5457        162     0.6708  0.000e+00
     12.154    20.6166   4.536908    32.4398        163     0.6750  0.000e+00
     12.295    20.6283   4.552988    32.5595        164     0.6792  0.000e+00
     12.461    20.6398   4.555712    32.5724        165     0.6833  0.000e+00
     12.647    20.6506   4.556615    32.5713        166     0.6875  0.000e+00
     12.842    20.6614   4.556841    32.5648        167     0.6917  0.000e+00
     13.062    20.6707   4.556001    32.5509        168     0.6958  0.000e+00
     13.330    20.6782   4.555655    32.5423        169     0.7000  0.000e+00
     13.621    20.6841   4.554985    32.5323        170     0.7042  0.000e+00
     13.933    20.6808   4.548453    32.4825        171     0.7083  0.000e+00
     14.219    20.6447   4.534703    32.4001        172     0.7125  0.000e+00
     14.459    20.5847   4.529078    32.4008        173     0.7167  0.000e+00
     14.695    20.5164   4.525138    32.4213        174     0.7208  0.000e+00
     14.921    20.4102   4.512031    32.3972        175     0.7250  0.000e+00
     15.127    20.2560   4.493031    32.3623        176     0.7292  0.000e+00
     15.316    20.0818   4.472938    32.3336        177     0.7333  0.000e+00
     15.474    19.8863   4.489262    32.6167        178     0.7375  0.000e+00
     15.645    19.6364   4.509955    32.9808        179     0.7417  0.000e+00
     15.833    19.4831   4.484549    32.8933        180     0.7458  0.000e+00
     15.927    19.4016   4.413380    32.3732        181     0.7500  0.000e+00
     15.938    19.0185   4.282610    31.5929        182     0.7542  0.000e+00
     15.896    18.2832   4.245325    31.8480        183     0.7583  0.000e+00
     15.887    17.6780   3.820239    28.7389        184     0.7625  0.000e+00
     15.954    17.2685   3.900545    29.7093        185     0.7667  0.000e+00
     16.057    17.0193   4.422875    34.3935        186     0.7708  0.000e+00
     16.176    16.9365   4.438641    34.6019        187     0.7750  0.000e+00
     16.313    16.9671   4.448920    34.6652        188     0.7792  0.000e+00
     16.463    17.1040   4.438220    34.4543        189     0.7833  0.000e+00
     16.634    17.2779   4.407744    34.0425        190     0.7875  0.000e+00
     16.810    17.4516   4.391245    33.7546        191     0.7917  0.000e+00
     17.023    17.5913   4.378832    33.5322        192     0.7958  0.000e+00
     17.265    17.6436   4.376278    33.4671        193     0.8000  0.000e+00
     17.530    17.6268   4.357032    33.3162        194     0.8042  0.000e+00
     17.810    17.4924   4.257657    32.5758        195     0.8083  0.000e+00
     18.073    17.1440   4.150366    31.9343        196     0.8125  0.000e+00
     18.299    16.6586   4.093699    31.8301        197     0.8167  0.000e+00
     18.512    16.1713   4.060953    31.9335        198     0.8208  0.000e+00
     18.704    15.7349   4.036431    32.0695        199     0.8250  0.000e+00
     18.890    15.3611   4.021628    32.2427        200     0.8292  0.000e+00
     19.063    15.0514   4.039649    32.6609        201     0.8333  0.000e+00
     19.287    14.8222   4.116526    33.5518        202     0.8375  0.000e+00
     19.519    14.6964   4.117245    33.6670        203     0.8417  0.000e+00
     19.706    14.6805   4.085224    33.3883        204     0.8458  0.000e+00
     19.850    14.7088   4.061605    33.1488        205     0.8500  0.000e+00
     19.963    14.7166   4.052915    33.0629        206     0.8542  0.000e+00
     20.043    14.6565   4.048581    33.0746        207     0.8583  0.000e+00
     20.124    14.5459   4.046211    33.1472        208     0.8625  0.000e+00
     20.212    14.4323   4.047442    33.2559        209     0.8667  0.000e+00
     20.306    14.3414   4.070038    33.5418        210     0.8708  0.000e+00
     20.401    14.2804   4.117007    34.0280        211     0.8750  0.000e+00
     20.502    14.2455   4.128936    34.1690        212     0.8792  0.000e+00
     20.614    14.2318   4.139245    34.2764        213     0.8833  0.000e+00
     20.733    14.2471   4.147956    34.3434        214     0.8875  0.000e+00
     20.863    14.2861   4.154548    34.3695        215     0.8917  0.000e+00
