HB2303/sbe085.cnv
* Sea-Bird SBE 19plus V2 Data File:
* FileName = C:\cruise\data\sbe085.hex
* Software Version Seasave V 7.26.7.121
* Temperature SN = 6128
* Conductivity SN = 6128
* System UpLoad Time = Aug 16 2023 21:00:26
* NMEA Latitude = 41 13.83 N
* NMEA Longitude = 067 49.73 W
* NMEA UTC (Time) = Aug 16 2023 21:00:22
** Ship: Henry Bigelow
** Cruise:  HB2303
** Program:  ECOMON
# nquan = 7
# nvalues = 1322                                  
# units = specified
# name 0 = depSM: Depth [salt water, m]
# name 1 = tv290C: Temperature [ITS-90, deg C]
# name 2 = c0S/m: Conductivity [S/m]
# name 3 = sal00: Salinity, Practical [PSU]
# name 4 = scan: Scan Count
# name 5 = timeM: Time, Elapsed [minutes]
# name 6 = flag:  0.000e+00
# span 0 =     -0.129,     38.877                 
# span 1 =    17.9300,    18.5443                 
# span 2 =   0.001650,   4.331230                 
# span 3 =     0.0152,    32.4601                 
# span 4 =         11,       1332                 
# span 5 =     0.0417,     5.5458                 
# span 6 = 0.0000e+00, 0.0000e+00                 
# interval = seconds: 0.25
# start_time = Aug 16 2023 21:00:22 [NMEA time, header]
# bad_flag = -9.990e-29
*END*
[from data line 1026]
      7.688    18.3839   4.314285    32.3498       1037     4.3167  0.000e+00
      7.718    18.3817   4.313913    32.3484       1038     4.3208  0.000e+00
      7.733    18.3792   4.314410    32.3545       1039     4.3250  0.000e+00
      7.729    18.3793   4.315410    32.3629       1040     4.3292  0.000e+00
      7.709    18.3834   4.316969    32.3727       1041     4.3333  0.000e+00
      7.678    18.3924   4.319936    32.3905       1042     4.3375  0.000e+00
      7.633    18.4079   4.320261    32.3810       1043     4.3417  0.000e+00
      7.563    18.4206   4.320875    32.3761       1044     4.3458  0.000e+00
      7.489    18.4303   4.321185    32.3711       1045     4.3500  0.000e+00
      7.415    18.4368   4.319563    32.3525       1046     4.3542  0.000e+00
      7.346    18.4361   4.318045    32.3403       1047     4.3583  0.000e+00
      7.281    18.4283   4.318038    32.3464       1048     4.3625  0.000e+00
      7.229    18.4234   4.321137    32.3762       1049     4.3667  0.000e+00
      7.180    18.4295   4.320798    32.3687       1050     4.3708  0.000e+00
      7.158    18.4348   4.319784    32.3560       1051     4.3750  0.000e+00
      7.153    18.4357   4.321509    32.3697       1052     4.3792  0.000e+00
      7.155    18.4401   4.322186    32.3719       1053     4.3833  0.000e+00
      7.167    18.4462   4.321937    32.3650       1054     4.3875  0.000e+00
      7.178    18.4497   4.321309    32.3571       1055     4.3917  0.000e+00
      7.197    18.4497   4.322655    32.3683       1056     4.3958  0.000e+00
      7.215    18.4517   4.319811    32.3429       1057     4.4000  0.000e+00
      7.229    18.4457   4.316457    32.3196       1058     4.4042  0.000e+00
      7.242    18.4289   4.316189    32.3305       1059     4.4083  0.000e+00
      7.246    18.4145   4.316285    32.3427       1060     4.4125  0.000e+00
      7.247    18.4065   4.316610    32.3517       1061     4.4167  0.000e+00
      7.244    18.4039   4.317886    32.3644       1062     4.4208  0.000e+00
      7.247    18.4073   4.317362    32.3573       1063     4.4250  0.000e+00
      7.235    18.4082   4.317534    32.3581       1064     4.4292  0.000e+00
      7.209    18.4084   4.316320    32.3477       1065     4.4333  0.000e+00
      7.184    18.4057   4.316334    32.3500       1066     4.4375  0.000e+00
      7.150    18.4027   4.316334    32.3524       1067     4.4417  0.000e+00
      7.097    18.4006   4.316396    32.3546       1068     4.4458  0.000e+00
      7.052    18.3997   4.315313    32.3462       1069     4.4500  0.000e+00
      7.003    18.3965   4.316037    32.3548       1070     4.4542  0.000e+00
      6.944    18.3955   4.316499    32.3595       1071     4.4583  0.000e+00
      6.884    18.3971   4.317210    32.3642       1072     4.4625  0.000e+00
      6.822    18.4011   4.318411    32.3712       1073     4.4667  0.000e+00
      6.759    18.4075   4.318542    32.3672       1074     4.4708  0.000e+00
      6.707    18.4127   4.318907    32.3662       1075     4.4750  0.000e+00
      6.651    18.4172   4.319708    32.3694       1076     4.4792  0.000e+00
      6.602    18.4231   4.320771    32.3737       1077     4.4833  0.000e+00
      6.568    18.4321   4.324064    32.3941       1078     4.4875  0.000e+00
      6.526    18.4477   4.324139    32.3825       1079     4.4917  0.000e+00
      6.512    18.4602   4.324415    32.3750       1080     4.4958  0.000e+00
      6.488    18.4682   4.324063    32.3658       1081     4.5000  0.000e+00
      6.485    18.4721   4.324836    32.3691       1082     4.5042  0.000e+00
      6.474    18.4753   4.323538    32.3558       1083     4.5083  0.000e+00
      6.476    18.4728   4.322316    32.3475       1084     4.5125  0.000e+00
      6.476    18.4677   4.322710    32.3548       1085     4.5167  0.000e+00
      6.474    18.4665   4.325845    32.3820       1086     4.5208  0.000e+00
      6.463    18.4750   4.326880    32.3840       1087     4.5250  0.000e+00
      6.451    18.4854   4.325913    32.3677       1088     4.5292  0.000e+00
      6.437    18.4877   4.326169    32.3680       1089     4.5333  0.000e+00
      6.397    18.4912   4.325623    32.3608       1090     4.5375  0.000e+00
      6.348    18.4917   4.329374    32.3917       1091     4.5417  0.000e+00
      6.299    18.5025   4.329802    32.3869       1092     4.5458  0.000e+00
      6.242    18.5141   4.328482    32.3667       1093     4.5500  0.000e+00
      6.186    18.5177   4.328696    32.3657       1094     4.5542  0.000e+00
      6.137    18.5182   4.329049    32.3683       1095     4.5583  0.000e+00
      6.097    18.5196   4.329173    32.3682       1096     4.5625  0.000e+00
      6.056    18.5212   4.329214    32.3673       1097     4.5667  0.000e+00
      6.029    18.5233   4.330852    32.3793       1098     4.5708  0.000e+00
      6.005    18.5282   4.329622    32.3652       1099     4.5750  0.000e+00
      5.991    18.5295   4.329401    32.3624       1100     4.5792  0.000e+00
      5.982    18.5285   4.329076    32.3604       1101     4.5833  0.000e+00
      5.978    18.5261   4.328620    32.3586       1102     4.5875  0.000e+00
      5.967    18.5228   4.327722    32.3536       1103     4.5917  0.000e+00
      5.962    18.5178   4.328323    32.3625       1104     4.5958  0.000e+00
      5.949    18.5154   4.327923    32.3611       1105     4.6000  0.000e+00
      5.940    18.5143   4.327536    32.3588       1106     4.6042  0.000e+00
      5.918    18.5115   4.327667    32.3621       1107     4.6083  0.000e+00
      5.893    18.5103   4.327867    32.3646       1108     4.6125  0.000e+00
      5.862    18.5114   4.328220    32.3668       1109     4.6167  0.000e+00
      5.830    18.5130   4.328164    32.3651       1110     4.6208  0.000e+00
      5.799    18.5136   4.327999    32.3632       1111     4.6250  0.000e+00
      5.768    18.5130   4.328068    32.3643       1112     4.6292  0.000e+00
      5.736    18.5126   4.327957    32.3636       1113     4.6333  0.000e+00
      5.690    18.5121   4.327895    32.3636       1114     4.6375  0.000e+00
      5.656    18.5117   4.327646    32.3618       1115     4.6417  0.000e+00
      5.616    18.5106   4.327377    32.3604       1116     4.6458  0.000e+00
      5.580    18.5086   4.326541    32.3550       1117     4.6500  0.000e+00
      5.551    18.5043   4.324815    32.3440       1118     4.6542  0.000e+00
      5.519    18.4949   4.323544    32.3408       1119     4.6583  0.000e+00
      5.483    18.4854   4.325492    32.3645       1120     4.6625  0.000e+00
      5.439    18.4839   4.324967    32.3613       1121     4.6667  0.000e+00
      5.394    18.4833   4.325202    32.3638       1122     4.6708  0.000e+00
      5.347    18.4843   4.326970    32.3778       1123     4.6750  0.000e+00
      5.295    18.4900   4.326016    32.3654       1124     4.6792  0.000e+00
      5.251    18.4923   4.325416    32.3585       1125     4.6833  0.000e+00
      5.208    18.4902   4.324939    32.3562       1126     4.6875  0.000e+00
      5.165    18.4872   4.325713    32.3651       1127     4.6917  0.000e+00
      5.114    18.4878   4.325913    32.3663       1128     4.6958  0.000e+00
      5.059    18.4887   4.325595    32.3630       1129     4.7000  0.000e+00
      5.017    18.4888   4.325512    32.3622       1130     4.7042  0.000e+00
      4.957    18.4887   4.325940    32.3658       1131     4.7083  0.000e+00
      4.905    18.4900   4.325436    32.3606       1132     4.7125  0.000e+00
      4.854    18.4891   4.325540    32.3622       1133     4.7167  0.000e+00
      4.806    18.4885   4.324690    32.3556       1134     4.7208  0.000e+00
      4.764    18.4859   4.323917    32.3512       1135     4.7250  0.000e+00
      4.739    18.4806   4.324014    32.3562       1136     4.7292  0.000e+00
      4.738    18.4770   4.323510    32.3548       1137     4.7333  0.000e+00
      4.736    18.4742   4.324387    32.3644       1138     4.7375  0.000e+00
      4.740    18.4747   4.324235    32.3627       1139     4.7417  0.000e+00
      4.750    18.4756   4.325188    32.3700       1140     4.7458  0.000e+00
      4.742    18.4787   4.325492    32.3700       1141     4.7500  0.000e+00
      4.736    18.4826   4.325726    32.3690       1142     4.7542  0.000e+00
      4.725    18.4857   4.325540    32.3650       1143     4.7583  0.000e+00
      4.709    18.4873   4.325664    32.3647       1144     4.7625  0.000e+00
      4.662    18.4883   4.325277    32.3607       1145     4.7667  0.000e+00
      4.608    18.4879   4.325692    32.3645       1146     4.7708  0.000e+00
      4.532    18.4882   4.325291    32.3610       1147     4.7750  0.000e+00
      4.456    18.4877   4.325567    32.3637       1148     4.7792  0.000e+00
      4.381    18.4875   4.325015    32.3593       1149     4.7833  0.000e+00
      4.312    18.4862   4.324587    32.3568       1150     4.7875  0.000e+00
      4.253    18.4827   4.323786    32.3528       1151     4.7917  0.000e+00
      4.209    18.4784   4.320583    32.3295       1152     4.7958  0.000e+00
      4.173    18.4646   4.322509    32.3564       1153     4.8000  0.000e+00
      4.149    18.4594   4.321397    32.3512       1154     4.8042  0.000e+00
      4.126    18.4568   4.322412    32.3617       1155     4.8083  0.000e+00
      4.096    18.4570   4.324235    32.3768       1156     4.8125  0.000e+00
      4.071    18.4630   4.325775    32.3850       1157     4.8167  0.000e+00
      4.047    18.4736   4.326714    32.3845       1158     4.8208  0.000e+00
      4.007    18.4848   4.327266    32.3804       1159     4.8250  0.000e+00
      3.982    18.4937   4.327321    32.3738       1160     4.8292  0.000e+00
      3.957    18.4999   4.327694    32.3721       1161     4.8333  0.000e+00
      3.923    18.5046   4.328343    32.3738       1162     4.8375  0.000e+00
      3.905    18.5090   4.327521    32.3635       1163     4.8417  0.000e+00
      3.894    18.5103   4.328585    32.3713       1164     4.8458  0.000e+00
      3.890    18.5126   4.328371    32.3677       1165     4.8500  0.000e+00
      3.892    18.5145   4.328495    32.3674       1166     4.8542  0.000e+00
      3.897    18.5158   4.328454    32.3660       1167     4.8583  0.000e+00
      3.915    18.5165   4.328419    32.3651       1168     4.8625  0.000e+00
      3.908    18.5168   4.328619    32.3665       1169     4.8667  0.000e+00
      3.910    18.5173   4.328771    32.3675       1170     4.8708  0.000e+00
      3.890    18.5183   4.328543    32.3647       1171     4.8750  0.000e+00
      3.869    18.5183   4.328771    32.3666       1172     4.8792  0.000e+00
      3.842    18.5190   4.328896    32.3672       1173     4.8833  0.000e+00
      3.801    18.5200   4.328902    32.3665       1174     4.8875  0.000e+00
      3.747    18.5206   4.329497    32.3709       1175     4.8917  0.000e+00
      3.691    18.5230   4.329621    32.3701       1176     4.8958  0.000e+00
      3.629    18.5259   4.330160    32.3724       1177     4.9000  0.000e+00
      3.562    18.5288   4.330774    32.3752       1178     4.9042  0.000e+00
      3.482    18.5330   4.330201    32.3672       1179     4.9083  0.000e+00
      3.401    18.5349   4.329821    32.3626       1180     4.9125  0.000e+00
      3.320    18.5329   4.329372    32.3604       1181     4.9167  0.000e+00
      3.250    18.5304   4.329172    32.3607       1182     4.9208  0.000e+00
      3.172    18.5278   4.329351    32.3643       1183     4.9250  0.000e+00
      3.102    18.5267   4.329634    32.3675       1184     4.9292  0.000e+00
      3.073    18.5273   4.330049    32.3705       1185     4.9333  0.000e+00
      3.073    18.5294   4.330028    32.3687       1186     4.9375  0.000e+00
      3.088    18.5312   4.330242    32.3691       1187     4.9417  0.000e+00
      3.122    18.5329   4.330753    32.3720       1188     4.9458  0.000e+00
      3.166    18.5356   4.330829    32.3705       1189     4.9500  0.000e+00
      3.196    18.5380   4.330795    32.3683       1190     4.9542  0.000e+00
      3.220    18.5394   4.330926    32.3683       1191     4.9583  0.000e+00
      3.251    18.5404   4.330905    32.3673       1192     4.9625  0.000e+00
      3.258    18.5414   4.331230    32.3692       1193     4.9667  0.000e+00
      3.249    18.5424   4.330740    32.3644       1194     4.9708  0.000e+00
      3.235    18.5420   4.330049    32.3589       1195     4.9750  0.000e+00
      3.184    18.5390   4.329952    32.3604       1196     4.9792  0.000e+00
      3.116    18.5361   4.330242    32.3652       1197     4.9833  0.000e+00
      3.035    18.5353   4.330677    32.3695       1198     4.9875  0.000e+00
      2.942    18.5367   4.330726    32.3688       1199     4.9917  0.000e+00
      2.841    18.5385   4.330608    32.3665       1200     4.9958  0.000e+00
      2.745    18.5390   4.331002    32.3694       1201     5.0000  0.000e+00
      2.652    18.5406   4.331050    32.3686       1202     5.0042  0.000e+00
      2.576    18.5418   4.330263    32.3611       1203     5.0083  0.000e+00
      2.518    18.5402   4.330525    32.3646       1204     5.0125  0.000e+00
      2.480    18.5391   4.330926    32.3688       1205     5.0167  0.000e+00
      2.471    18.5400   4.330553    32.3649       1206     5.0208  0.000e+00
      2.469    18.5400   4.330504    32.3645       1207     5.0250  0.000e+00
      2.469    18.5387   4.329019    32.3532       1208     5.0292  0.000e+00
      2.476    18.5342   4.328522    32.3526       1209     5.0333  0.000e+00
      2.489    18.5281   4.328819    32.3598       1210     5.0375  0.000e+00
      2.496    18.5238   4.328895    32.3638       1211     5.0417  0.000e+00
      2.494    18.5228   4.329047    32.3659       1212     5.0458  0.000e+00
      2.487    18.5227   4.329192    32.3672       1213     5.0500  0.000e+00
      2.474    18.5233   4.329247    32.3672       1214     5.0542  0.000e+00
      2.470    18.5243   4.329123    32.3653       1215     5.0583  0.000e+00
      2.445    18.5241   4.329047    32.3649       1216     5.0625  0.000e+00
      2.429    18.5237   4.329005    32.3649       1217     5.0667  0.000e+00
      2.409    18.5234   4.328971    32.3648       1218     5.0708  0.000e+00
      2.373    18.5230   4.329095    32.3662       1219     5.0750  0.000e+00
      2.349    18.5232   4.329240    32.3673       1220     5.0792  0.000e+00
      2.302    18.5233   4.327969    32.3565       1221     5.0833  0.000e+00
      2.237    18.5198   4.328819    32.3664       1222     5.0875  0.000e+00
      2.162    18.5192   4.329137    32.3696       1223     5.0917  0.000e+00
      2.084    18.5213   4.329275    32.3691       1224     5.0958  0.000e+00
      1.985    18.5231   4.329420    32.3690       1225     5.1000  0.000e+00
      1.887    18.5246   4.329399    32.3677       1226     5.1042  0.000e+00
      1.810    18.5258   4.329074    32.3640       1227     5.1083  0.000e+00
      1.763    18.5250   4.329351    32.3670       1228     5.1125  0.000e+00
      1.745    18.5256   4.329952    32.3715       1229     5.1167  0.000e+00
      1.741    18.5288   4.330186    32.3710       1230     5.1208  0.000e+00
      1.745    18.5314   4.330152    32.3686       1231     5.1250  0.000e+00
      1.739    18.5333   4.330173    32.3673       1232     5.1292  0.000e+00
      1.730    18.5339   4.329295    32.3595       1233     5.1333  0.000e+00
      1.725    18.5310   4.328694    32.3568       1234     5.1375  0.000e+00
      1.719    18.5268   4.328722    32.3603       1235     5.1417  0.000e+00
      1.747    18.5234   4.329005    32.3653       1236     5.1458  0.000e+00
      1.772    18.5227   4.329019    32.3660       1237     5.1500  0.000e+00
      1.772    18.5228   4.328370    32.3605       1238     5.1542  0.000e+00
      1.759    18.5205   4.328618    32.3643       1239     5.1583  0.000e+00
      1.749    18.5199   4.330187    32.3780       1240     5.1625  0.000e+00
