HB2303/sbe027.cnv
* Sea-Bird SBE 19plus V2 Data File:
* FileName = C:\cruise\data\sbe027.hex
* Software Version Seasave V 7.26.7.121
* Temperature SN = 6128
* Conductivity SN = 6128
* System UpLoad Time = Aug 11 2023 07:33:15
* NMEA Latitude = 37 24.91 N
* NMEA Longitude = 075 19.98 W
* NMEA UTC (Time) = Aug 11 2023 07:33:10
** Ship: Henry Bigelow
** Cruise:  HB2303
** Program:  ECOMON
# nquan = 7
# nvalues = 1552                                  
# units = specified
# name 0 = depSM: Depth [salt water, m]
# name 1 = tv290C: Temperature [ITS-90, deg C]
# name 2 = c0S/m: Conductivity [S/m]
# name 3 = sal00: Salinity, Practical [PSU]
# name 4 = scan: Scan Count
# name 5 = timeM: Time, Elapsed [minutes]
# name 6 = flag:  0.000e+00
# span 0 =     -0.242,     23.824                 
# span 1 =    14.1953,    24.1368                 
# span 2 =   0.000073,   4.719525                 
# span 3 =     0.0114,    32.7837                 
# span 4 =         11,       1562                 
# span 5 =     0.0417,     6.5042                 
# span 6 = 0.0000e+00, 0.0000e+00                 
# interval = seconds: 0.25
# start_time = Aug 11 2023 07:33:10 [NMEA time, header]
# bad_flag = -9.990e-29
*END*
[from data line 616]
     18.013    14.3893   3.976216    32.6408        627     2.6083  0.000e+00
     17.897    14.3894   3.976236    32.6410        628     2.6125  0.000e+00
     17.711    14.3891   3.976336    32.6422        629     2.6167  0.000e+00
     17.545    14.3898   3.976550    32.6436        630     2.6208  0.000e+00
     17.464    14.3908   3.976523    32.6426        631     2.6250  0.000e+00
     17.416    14.3917   3.976409    32.6408        632     2.6292  0.000e+00
     17.407    14.3917   3.976496    32.6416        633     2.6333  0.000e+00
     17.393    14.3918   3.976449    32.6411        634     2.6375  0.000e+00
     17.373    14.3919   3.976550    32.6419        635     2.6417  0.000e+00
     17.357    14.3926   3.976549    32.6414        636     2.6458  0.000e+00
     17.343    14.3929   3.976523    32.6409        637     2.6500  0.000e+00
     17.345    14.3931   3.976549    32.6409        638     2.6542  0.000e+00
     17.343    14.3932   3.976549    32.6409        639     2.6583  0.000e+00
     17.343    14.3931   3.976523    32.6407        640     2.6625  0.000e+00
     17.350    14.3932   3.976569    32.6410        641     2.6667  0.000e+00
     17.353    14.3933   3.976536    32.6407        642     2.6708  0.000e+00
     17.361    14.3933   3.976523    32.6405        643     2.6750  0.000e+00
     17.370    14.3933   3.976496    32.6403        644     2.6792  0.000e+00
     17.375    14.3931   3.976876    32.6439        645     2.6833  0.000e+00
     17.373    14.3944   3.976970    32.6437        646     2.6875  0.000e+00
     17.376    14.3960   3.976596    32.6389        647     2.6917  0.000e+00
     17.377    14.3956   3.976616    32.6395        648     2.6958  0.000e+00
     17.377    14.3950   3.976596    32.6398        649     2.7000  0.000e+00
     17.371    14.3945   3.976569    32.6399        650     2.7042  0.000e+00
     17.351    14.3941   3.976569    32.6403        651     2.7083  0.000e+00
     17.311    14.3939   3.976690    32.6415        652     2.7125  0.000e+00
     17.275    14.3942   3.976763    32.6420        653     2.7167  0.000e+00
     17.226    14.3950   3.976856    32.6422        654     2.7208  0.000e+00
     17.167    14.3958   3.976810    32.6411        655     2.7250  0.000e+00
     17.121    14.3963   3.976783    32.6405        656     2.7292  0.000e+00
     17.074    14.3966   3.976903    32.6413        657     2.7333  0.000e+00
     17.038    14.3969   3.976923    32.6413        658     2.7375  0.000e+00
     17.005    14.3974   3.977023    32.6418        659     2.7417  0.000e+00
     16.986    14.3980   3.977090    32.6419        660     2.7458  0.000e+00
     16.973    14.3988   3.977090    32.6412        661     2.7500  0.000e+00
     16.977    14.3993   3.977023    32.6402        662     2.7542  0.000e+00
     16.982    14.3994   3.976983    32.6397        663     2.7583  0.000e+00
     17.006    14.3993   3.976876    32.6388        664     2.7625  0.000e+00
     17.027    14.3986   3.976643    32.6373        665     2.7667  0.000e+00
     17.049    14.3974   3.976403    32.6361        666     2.7708  0.000e+00
     17.083    14.3953   3.976336    32.6373        667     2.7750  0.000e+00
     17.118    14.3932   3.976263    32.6383        668     2.7792  0.000e+00
     17.146    14.3920   3.976283    32.6395        669     2.7833  0.000e+00
     17.171    14.3914   3.976403    32.6411        670     2.7875  0.000e+00
     17.193    14.3916   3.976449    32.6413        671     2.7917  0.000e+00
     17.191    14.3920   3.976356    32.6402        672     2.7958  0.000e+00
     17.196    14.3919   3.976216    32.6389        673     2.8000  0.000e+00
     17.180    14.3913   3.976283    32.6401        674     2.8042  0.000e+00
     17.160    14.3910   3.976403    32.6415        675     2.8083  0.000e+00
     17.120    14.3913   3.976336    32.6406        676     2.8125  0.000e+00
     17.075    14.3913   3.976449    32.6416        677     2.8167  0.000e+00
     17.023    14.3920   3.976549    32.6420        678     2.8208  0.000e+00
     16.972    14.3926   3.976429    32.6404        679     2.8250  0.000e+00
     16.914    14.3926   3.975836    32.6350        680     2.8292  0.000e+00
     16.867    14.3905   3.975716    32.6357        681     2.8333  0.000e+00
     16.827    14.3878   3.976049    32.6411        682     2.8375  0.000e+00
     16.795    14.3875   3.976356    32.6441        683     2.8417  0.000e+00
     16.777    14.3890   3.976683    32.6458        684     2.8458  0.000e+00
     16.766    14.3916   3.976809    32.6448        685     2.8500  0.000e+00
     16.775    14.3939   3.977043    32.6450        686     2.8542  0.000e+00
     16.789    14.3964   3.977090    32.6434        687     2.8583  0.000e+00
     16.814    14.3981   3.976643    32.6377        688     2.8625  0.000e+00
     16.858    14.3974   3.976189    32.6342        689     2.8667  0.000e+00
     16.897    14.3947   3.976122    32.6359        690     2.8708  0.000e+00
     16.952    14.3922   3.976069    32.6375        691     2.8750  0.000e+00
     17.002    14.3905   3.976002    32.6382        692     2.8792  0.000e+00
     17.058    14.3896   3.976049    32.6394        693     2.8833  0.000e+00
     17.112    14.3890   3.976062    32.6401        694     2.8875  0.000e+00
     17.159    14.3888   3.975929    32.6389        695     2.8917  0.000e+00
     17.202    14.3880   3.975669    32.6373        696     2.8958  0.000e+00
     17.239    14.3863   3.975362    32.6358        697     2.9000  0.000e+00
     17.260    14.3840   3.975576    32.6397        698     2.9042  0.000e+00
     17.271    14.3830   3.975762    32.6423        699     2.9083  0.000e+00
     17.264    14.3835   3.975669    32.6410        700     2.9125  0.000e+00
     17.244    14.3836   3.975742    32.6416        701     2.9167  0.000e+00
     17.210    14.3840   3.975882    32.6426        702     2.9208  0.000e+00
     17.167    14.3846   3.975929    32.6425        703     2.9250  0.000e+00
     17.114    14.3855   3.975862    32.6412        704     2.9292  0.000e+00
     17.062    14.3857   3.975789    32.6403        705     2.9333  0.000e+00
     17.006    14.3855   3.975696    32.6397        706     2.9375  0.000e+00
     16.960    14.3850   3.975929    32.6422        707     2.9417  0.000e+00
     16.919    14.3857   3.975762    32.6402        708     2.9458  0.000e+00
     16.881    14.3857   3.975649    32.6391        709     2.9500  0.000e+00
     16.850    14.3850   3.975862    32.6416        710     2.9542  0.000e+00
     16.836    14.3853   3.976022    32.6429        711     2.9583  0.000e+00
     16.827    14.3860   3.976049    32.6425        712     2.9625  0.000e+00
     16.832    14.3870   3.976049    32.6417        713     2.9667  0.000e+00
     16.839    14.3876   3.976089    32.6416        714     2.9708  0.000e+00
     16.856    14.3883   3.976096    32.6410        715     2.9750  0.000e+00
     16.877    14.3885   3.976049    32.6404        716     2.9792  0.000e+00
     16.906    14.3885   3.976002    32.6400        717     2.9833  0.000e+00
     16.940    14.3884   3.976002    32.6401        718     2.9875  0.000e+00
     16.974    14.3883   3.976069    32.6407        719     2.9917  0.000e+00
     16.996    14.3883   3.976096    32.6410        720     2.9958  0.000e+00
     17.027    14.3883   3.976123    32.6412        721     3.0000  0.000e+00
     17.047    14.3886   3.975716    32.6372        722     3.0042  0.000e+00
     17.067    14.3874   3.975529    32.6365        723     3.0083  0.000e+00
     17.074    14.3853   3.975616    32.6391        724     3.0125  0.000e+00
     17.066    14.3845   3.975882    32.6422        725     3.0167  0.000e+00
     17.037    14.3850   3.975882    32.6418        726     3.0208  0.000e+00
     16.999    14.3857   3.975956    32.6419        727     3.0250  0.000e+00
     16.959    14.3863   3.976022    32.6420        728     3.0292  0.000e+00
     16.909    14.3870   3.976049    32.6416        729     3.0333  0.000e+00
     16.853    14.3878   3.976002    32.6406        730     3.0375  0.000e+00
     16.797    14.3879   3.976096    32.6414        731     3.0417  0.000e+00
     16.744    14.3882   3.976122    32.6414        732     3.0458  0.000e+00
     16.692    14.3887   3.975715    32.6373        733     3.0500  0.000e+00
     16.641    14.3875   3.975689    32.6381        734     3.0542  0.000e+00
     16.594    14.3862   3.975762    32.6399        735     3.0583  0.000e+00
     16.551    14.3857   3.975789    32.6405        736     3.0625  0.000e+00
     16.509    14.3855   3.975789    32.6407        737     3.0667  0.000e+00
     16.474    14.3857   3.975882    32.6414        738     3.0708  0.000e+00
     16.448    14.3860   3.975976    32.6421        739     3.0750  0.000e+00
     16.421    14.3867   3.975976    32.6415        740     3.0792  0.000e+00
     16.405    14.3870   3.975929    32.6408        741     3.0833  0.000e+00
     16.390    14.3874   3.975956    32.6407        742     3.0875  0.000e+00
     16.372    14.3875   3.976022    32.6412        743     3.0917  0.000e+00
     16.363    14.3878   3.976042    32.6412        744     3.0958  0.000e+00
     16.357    14.3883   3.976049    32.6408        745     3.1000  0.000e+00
     16.348    14.3888   3.976096    32.6408        746     3.1042  0.000e+00
     16.334    14.3891   3.976169    32.6412        747     3.1083  0.000e+00
     16.319    14.3895   3.976169    32.6409        748     3.1125  0.000e+00
     16.294    14.3899   3.976189    32.6407        749     3.1167  0.000e+00
     16.252    14.3903   3.976336    32.6418        750     3.1208  0.000e+00
     16.213    14.3910   3.976262    32.6405        751     3.1250  0.000e+00
     16.164    14.3914   3.976336    32.6409        752     3.1292  0.000e+00
     16.099    14.3916   3.976309    32.6405        753     3.1333  0.000e+00
     16.027    14.3921   3.976336    32.6404        754     3.1375  0.000e+00
     15.958    14.3923   3.976589    32.6425        755     3.1417  0.000e+00
     15.892    14.3935   3.976922    32.6446        756     3.1458  0.000e+00
     15.820    14.3961   3.977136    32.6444        757     3.1500  0.000e+00
     15.751    14.3984   3.977376    32.6446        758     3.1542  0.000e+00
     15.691    14.4011   3.978016    32.6483        759     3.1583  0.000e+00
     15.628    14.4052   3.978323    32.6477        760     3.1625  0.000e+00
     15.581    14.4096   3.978350    32.6442        761     3.1667  0.000e+00
     15.534    14.4125   3.978230    32.6406        762     3.1708  0.000e+00
     15.493    14.4141   3.979057    32.6469        763     3.1750  0.000e+00
     15.458    14.4173   3.979417    32.6475        764     3.1792  0.000e+00
     15.420    14.4217   3.979744    32.6468        765     3.1833  0.000e+00
     15.386    14.4259   3.980265    32.6481        766     3.1875  0.000e+00
     15.357    14.4307   3.980718    32.6482        767     3.1917  0.000e+00
     15.324    14.4358   3.981265    32.6489        768     3.1958  0.000e+00
     15.302    14.4414   3.982333    32.6539        769     3.2000  0.000e+00
     15.268    14.4488   3.983328    32.6567        770     3.2042  0.000e+00
     15.248    14.4581   3.984229    32.6572        771     3.2083  0.000e+00
     15.212    14.4682   3.985324    32.6587        772     3.2125  0.000e+00
     15.192    14.4791   3.985797    32.6539        773     3.2167  0.000e+00
     15.165    14.4881   3.986585    32.6534        774     3.2208  0.000e+00
     15.127    14.4970   3.987153    32.6512        775     3.2250  0.000e+00
     15.089    14.5049   3.987700    32.6495        776     3.2292  0.000e+00
     15.045    14.5121   3.988174    32.6478        777     3.2333  0.000e+00
     14.985    14.5184   3.988401    32.6446        778     3.2375  0.000e+00
     14.937    14.5236   3.988842    32.6443        779     3.2417  0.000e+00
     14.873    14.5284   3.989630    32.6474        780     3.2458  0.000e+00
     14.814    14.5341   3.990338    32.6491        781     3.2500  0.000e+00
     14.745    14.5416   3.991313    32.6518        782     3.2542  0.000e+00
     14.682    14.5501   3.992055    32.6513        783     3.2583  0.000e+00
     14.620    14.5591   3.993104    32.6534        784     3.2625  0.000e+00
     14.553    14.5691   3.994600    32.6587        785     3.2667  0.000e+00
     14.495    14.5810   3.995603    32.6577        786     3.2708  0.000e+00
     14.443    14.5935   3.995890    32.6499        787     3.2750  0.000e+00
     14.394    14.6028   3.996297    32.6458        788     3.2792  0.000e+00
     14.344    14.6097   3.996411    32.6411        789     3.2833  0.000e+00
     14.302    14.6144   3.996464    32.6376        790     3.2875  0.000e+00
     14.257    14.6177   3.996678    32.6368        791     3.2917  0.000e+00
     14.216    14.6200   3.997106    32.6388        792     3.2958  0.000e+00
     14.167    14.6237   3.997794    32.6420        793     3.3000  0.000e+00
     14.125    14.6288   3.999058    32.6492        794     3.3042  0.000e+00
     14.093    14.6372   4.001311    32.6626        795     3.3083  0.000e+00
     14.057    14.6526   4.005077    32.6840        796     3.3125  0.000e+00
     14.013    14.6813   4.014173    32.7426        797     3.3167  0.000e+00
     13.981    14.7373   4.019644    32.7452        798     3.3208  0.000e+00
     13.941    14.8056   4.024757    32.7342        799     3.3250  0.000e+00
     13.916    14.8752   4.028558    32.7102        800     3.3292  0.000e+00
     13.887    14.9373   4.030220    32.6732        801     3.3333  0.000e+00
     13.862    14.9837   4.031467    32.6457        802     3.3375  0.000e+00
     13.835    15.0166   4.032386    32.6265        803     3.3417  0.000e+00
     13.807    15.0404   4.033036    32.6125        804     3.3458  0.000e+00
     13.782    15.0575   4.033351    32.6011        805     3.3500  0.000e+00
     13.760    15.0694   4.033660    32.5940        806     3.3542  0.000e+00
     13.729    15.0771   4.033713    32.5881        807     3.3583  0.000e+00
     13.701    15.0823   4.033901    32.5854        808     3.3625  0.000e+00
     13.663    15.0859   4.034243    32.5855        809     3.3667  0.000e+00
     13.630    15.0889   4.034914    32.5890        810     3.3708  0.000e+00
     13.595    15.0933   4.037229    32.6063        811     3.3750  0.000e+00
     13.563    15.1066   4.044508    32.6607        812     3.3792  0.000e+00
     13.526    15.1462   4.056908    32.7394        813     3.3833  0.000e+00
     13.490    15.2279   4.065634    32.7495        814     3.3875  0.000e+00
     13.449    15.3318   4.078659    32.7797        815     3.3917  0.000e+00
     13.405    15.4590   4.090946    32.7837        816     3.3958  0.000e+00
     13.371    15.6009   4.096432    32.7146        817     3.4000  0.000e+00
     13.318    15.7209   4.099287    32.6407        818     3.4042  0.000e+00
     13.271    15.8079   4.102609    32.5983        819     3.4083  0.000e+00
     13.224    15.8739   4.106940    32.5824        820     3.4125  0.000e+00
     13.175    15.9328   4.112707    32.5850        821     3.4167  0.000e+00
     13.126    15.9950   4.118375    32.5839        822     3.4208  0.000e+00
     13.083    16.0605   4.130054    32.6332        823     3.4250  0.000e+00
     13.036    16.1578   4.145688    32.6909        824     3.4292  0.000e+00
     12.993    16.2994   4.160700    32.7065        825     3.4333  0.000e+00
     12.947    16.4594   4.167230    32.6327        826     3.4375  0.000e+00
     12.899    16.5994   4.177481    32.6080        827     3.4417  0.000e+00
     12.861    16.7268   4.180747    32.5328        828     3.4458  0.000e+00
     12.821    16.8281   4.191005    32.5397        829     3.4500  0.000e+00
     12.777    16.9237   4.199425    32.5353        830     3.4542  0.000e+00
