HB2303/sbe061.cnv
* Sea-Bird SBE 19plus V2 Data File:
* FileName = C:\cruise\data\sbe061.hex
* Software Version Seasave V 7.26.7.121
* Temperature SN = 6128
* Conductivity SN = 6128
* System UpLoad Time = Aug 14 2023 07:20:44
* NMEA Latitude = 40 11.94 N
* NMEA Longitude = 072 06.18 W
* NMEA UTC (Time) = Aug 14 2023 07:20:40
** Ship: Henry Bigelow
** Cruise:  HB2303
** Program:  ECOMON
# nquan = 7
# nvalues = 1280                                  
# units = specified
# name 0 = depSM: Depth [salt water, m]
# name 1 = tv290C: Temperature [ITS-90, deg C]
# name 2 = c0S/m: Conductivity [S/m]
# name 3 = sal00: Salinity, Practical [PSU]
# name 4 = scan: Scan Count
# name 5 = timeM: Time, Elapsed [minutes]
# name 6 = flag:  0.000e+00
# span 0 =     -0.188,     61.603                 
# span 1 =     9.1384,    23.4189                 
# span 2 =   0.000344,   4.686374                 
# span 3 =     0.0115,    35.0003                 
# span 4 =         11,       1290                 
# span 5 =     0.0417,     5.3708                 
# span 6 = 0.0000e+00, 0.0000e+00                 
# interval = seconds: 0.25
# start_time = Aug 14 2023 07:20:40 [NMEA time, header]
# bad_flag = -9.990e-29
*END*
[from data line 1026]
     17.112    17.6692   4.403327    33.6774       1037     4.3167  0.000e+00
     17.038    17.7165   4.407682    33.6755       1038     4.3208  0.000e+00
     16.971    17.7614   4.411092    33.6675       1039     4.3250  0.000e+00
     16.897    17.8027   4.415298    33.6693       1040     4.3292  0.000e+00
     16.823    17.8446   4.419721    33.6724       1041     4.3333  0.000e+00
     16.758    17.8863   4.425875    33.6904       1042     4.3375  0.000e+00
     16.687    17.9348   4.433148    33.7123       1043     4.3417  0.000e+00
     16.615    17.9918   4.440385    33.7268       1044     4.3458  0.000e+00
     16.549    18.0552   4.447472    33.7347       1045     4.3500  0.000e+00
     16.482    18.1237   4.450846    33.7068       1046     4.3542  0.000e+00
     16.415    18.1869   4.451782    33.6627       1047     4.3583  0.000e+00
     16.348    18.2388   4.451362    33.6166       1048     4.3625  0.000e+00
     16.275    18.2766   4.451934    33.5905       1049     4.3667  0.000e+00
     16.208    18.3084   4.449104    33.5406       1050     4.3708  0.000e+00
     16.141    18.3315   4.439961    33.4447       1051     4.3750  0.000e+00
     16.067    18.3390   4.436680    33.4110       1052     4.3792  0.000e+00
     15.991    18.3402   4.430533    33.3583       1053     4.3833  0.000e+00
     15.910    18.3349   4.421978    33.2906       1054     4.3875  0.000e+00
     15.832    18.3193   4.417812    33.2681       1055     4.3917  0.000e+00
     15.745    18.3024   4.417234    33.2769       1056     4.3958  0.000e+00
     15.658    18.2910   4.417889    33.2918       1057     4.4000  0.000e+00
     15.572    18.2895   4.421233    33.3213       1058     4.4042  0.000e+00
     15.479    18.3061   4.424941    33.3390       1059     4.4083  0.000e+00
     15.401    18.3360   4.429682    33.3547       1060     4.4125  0.000e+00
     15.307    18.3763   4.428008    33.3079       1061     4.4167  0.000e+00
     15.224    18.4166   4.424528    33.2461       1062     4.4208  0.000e+00
     15.129    18.4426   4.417789    33.1685       1063     4.4250  0.000e+00
     15.047    18.4518   4.413087    33.1217       1064     4.4292  0.000e+00
     14.970    18.4502   4.411040    33.1058       1065     4.4333  0.000e+00
     14.895    18.4469   4.409696    33.0972       1066     4.4375  0.000e+00
     14.832    18.4451   4.409237    33.0948       1067     4.4417  0.000e+00
     14.767    18.4473   4.409439    33.0948       1068     4.4458  0.000e+00
     14.704    18.4534   4.409362    33.0892       1069     4.4500  0.000e+00
     14.648    18.4620   4.408749    33.0772       1070     4.4542  0.000e+00
     14.590    18.4718   4.410107    33.0807       1071     4.4583  0.000e+00
     14.530    18.4914   4.411137    33.0736       1072     4.4625  0.000e+00
     14.467    18.5192   4.404865    32.9988       1073     4.4667  0.000e+00
     14.410    18.5330   4.391403    32.8750       1074     4.4708  0.000e+00
     14.345    18.5175   4.385442    32.8375       1075     4.4750  0.000e+00
     14.278    18.4922   4.384776    32.8522       1076     4.4792  0.000e+00
     14.217    18.4793   4.386665    32.8783       1077     4.4833  0.000e+00
     14.150    18.4900   4.388290    32.8834       1078     4.4875  0.000e+00
     14.083    18.5200   4.389547    32.8699       1079     4.4917  0.000e+00
     14.021    18.5595   4.389137    32.8350       1080     4.4958  0.000e+00
     13.948    18.5968   4.385767    32.7773       1081     4.5000  0.000e+00
     13.887    18.6260   4.379531    32.7020       1082     4.5042  0.000e+00
     13.813    18.6438   4.365928    32.5744       1083     4.5083  0.000e+00
     13.749    18.6389   4.359053    32.5210       1084     4.5125  0.000e+00
     13.673    18.6272   4.369651    32.6187       1085     4.5167  0.000e+00
     13.597    18.6613   4.380419    32.6816       1086     4.5208  0.000e+00
     13.522    18.7393   4.386890    32.6738       1087     4.5250  0.000e+00
     13.436    18.8257   4.391398    32.6430       1088     4.5292  0.000e+00
     13.350    18.9119   4.396763    32.6197       1089     4.5333  0.000e+00
     13.274    18.9999   4.401901    32.5931       1090     4.5375  0.000e+00
     13.187    19.0944   4.409018    32.5778       1091     4.5417  0.000e+00
     13.109    19.1981   4.413995    32.5377       1092     4.5458  0.000e+00
     13.035    19.3037   4.421503    32.5170       1093     4.5500  0.000e+00
     12.968    19.4119   4.430258    32.5046       1094     4.5542  0.000e+00
     12.884    19.5189   4.439223    32.4948       1095     4.5583  0.000e+00
     12.819    19.6220   4.446023    32.4704       1096     4.5625  0.000e+00
     12.749    19.7181   4.451884    32.4438       1097     4.5667  0.000e+00
     12.671    19.8024   4.457287    32.4226       1098     4.5708  0.000e+00
     12.600    19.8751   4.462300    32.4073       1099     4.5750  0.000e+00
     12.527    19.9396   4.466519    32.3919       1100     4.5792  0.000e+00
     12.452    19.9975   4.471607    32.3886       1101     4.5833  0.000e+00
     12.371    20.0533   4.478442    32.4010       1102     4.5875  0.000e+00
     12.282    20.1156   4.485955    32.4139       1103     4.5917  0.000e+00
     12.195    20.1870   4.491613    32.4048       1104     4.5958  0.000e+00
     12.099    20.2551   4.497156    32.3973       1105     4.6000  0.000e+00
     12.001    20.3221   4.505152    32.4104       1106     4.6042  0.000e+00
     11.903    20.3940   4.510132    32.3954       1107     4.6083  0.000e+00
     11.804    20.4622   4.514193    32.3759       1108     4.6125  0.000e+00
     11.705    20.5213   4.517757    32.3594       1109     4.6167  0.000e+00
     11.607    20.5727   4.520689    32.3437       1110     4.6208  0.000e+00
     11.508    20.6170   4.525227    32.3464       1111     4.6250  0.000e+00
     11.419    20.6631   4.531864    32.3643       1112     4.6292  0.000e+00
     11.321    20.7196   4.535898    32.3536       1113     4.6333  0.000e+00
     11.233    20.7747   4.538631    32.3335       1114     4.6375  0.000e+00
     11.140    20.8222   4.541583    32.3210       1115     4.6417  0.000e+00
     11.061    20.8620   4.546242    32.3280       1116     4.6458  0.000e+00
     10.977    20.9065   4.560457    32.4073       1117     4.6500  0.000e+00
     10.890    20.9861   4.573553    32.4508       1118     4.6542  0.000e+00
     10.821    21.0971   4.586990    32.4732       1119     4.6583  0.000e+00
     10.749    21.2228   4.592432    32.4210       1120     4.6625  0.000e+00
     10.669    21.3329   4.599527    32.3938       1121     4.6667  0.000e+00
     10.592    21.4287   4.607202    32.3820       1122     4.6708  0.000e+00
     10.510    21.5181   4.610775    32.3429       1123     4.6750  0.000e+00
     10.434    21.5926   4.617776    32.3419       1124     4.6792  0.000e+00
     10.343    21.6669   4.623554    32.3315       1125     4.6833  0.000e+00
     10.256    21.7439   4.636854    32.3778       1126     4.6875  0.000e+00
     10.170    21.8443   4.643971    32.3582       1127     4.6917  0.000e+00
     10.068    21.9480   4.647997    32.3121       1128     4.6958  0.000e+00
      9.973    22.0324   4.652323    32.2829       1129     4.7000  0.000e+00
      9.864    22.1022   4.661560    32.3027       1130     4.7042  0.000e+00
      9.761    22.1784   4.668658    32.3011       1131     4.7083  0.000e+00
      9.668    22.2575   4.675454    32.2950       1132     4.7125  0.000e+00
      9.572    22.3313   4.681476    32.2868       1133     4.7167  0.000e+00
      9.493    22.4005   4.683345    32.2500       1134     4.7208  0.000e+00
      9.422    22.4549   4.684122    32.2159       1135     4.7250  0.000e+00
      9.353    22.4924   4.684429    32.1906       1136     4.7292  0.000e+00
      9.294    22.5191   4.683921    32.1670       1137     4.7333  0.000e+00
      9.236    22.5393   4.681801    32.1358       1138     4.7375  0.000e+00
      9.174    22.5559   4.677904    32.0937       1139     4.7417  0.000e+00
      9.107    22.5707   4.674878    32.0597       1140     4.7458  0.000e+00
      9.037    22.5837   4.671154    32.0216       1141     4.7500  0.000e+00
      8.952    22.5975   4.669200    31.9965       1142     4.7542  0.000e+00
      8.854    22.6135   4.667439    31.9714       1143     4.7583  0.000e+00
      8.735    22.6332   4.667168    31.9549       1144     4.7625  0.000e+00
      8.610    22.6600   4.666640    31.9313       1145     4.7667  0.000e+00
      8.465    22.6916   4.666489    31.9073       1146     4.7708  0.000e+00
      8.320    22.7302   4.667244    31.8849       1147     4.7750  0.000e+00
      8.174    22.7793   4.668306    31.8574       1148     4.7792  0.000e+00
      8.040    22.8459   4.671813    31.8359       1149     4.7833  0.000e+00
      7.914    22.9229   4.675336    31.8069       1150     4.7875  0.000e+00
      7.794    23.0023   4.678289    31.7720       1151     4.7917  0.000e+00
      7.680    23.0861   4.679001    31.7171       1152     4.7958  0.000e+00
      7.574    23.1663   4.679249    31.6614       1153     4.8000  0.000e+00
      7.473    23.2310   4.679113    31.6139       1154     4.8042  0.000e+00
      7.380    23.2811   4.679233    31.5790       1155     4.8083  0.000e+00
      7.299    23.3211   4.679440    31.5521       1156     4.8125  0.000e+00
      7.228    23.3503   4.679525    31.5319       1157     4.8167  0.000e+00
      7.166    23.3686   4.678754    31.5130       1158     4.8208  0.000e+00
      7.104    23.3818   4.678468    31.5015       1159     4.8250  0.000e+00
      7.035    23.3914   4.678311    31.4935       1160     4.8292  0.000e+00
      6.975    23.3977   4.678653    31.4916       1161     4.8333  0.000e+00
      6.912    23.4009   4.678753    31.4902       1162     4.8375  0.000e+00
      6.845    23.4031   4.678760    31.4886       1163     4.8417  0.000e+00
      6.780    23.4045   4.678532    31.4860       1164     4.8458  0.000e+00
      6.704    23.4057   4.678396    31.4841       1165     4.8500  0.000e+00
      6.612    23.4071   4.676990    31.4726       1166     4.8542  0.000e+00
      6.510    23.4073   4.677012    31.4726       1167     4.8583  0.000e+00
      6.398    23.4075   4.677547    31.4765       1168     4.8625  0.000e+00
      6.279    23.4085   4.677397    31.4747       1169     4.8667  0.000e+00
      6.150    23.4096   4.677283    31.4731       1170     4.8708  0.000e+00
      6.025    23.4102   4.676712    31.4684       1171     4.8750  0.000e+00
      5.906    23.4100   4.676776    31.4691       1172     4.8792  0.000e+00
      5.792    23.4101   4.676876    31.4698       1173     4.8833  0.000e+00
      5.700    23.4104   4.676776    31.4689       1174     4.8875  0.000e+00
      5.620    23.4100   4.677040    31.4711       1175     4.8917  0.000e+00
      5.535    23.4103   4.677232    31.4724       1176     4.8958  0.000e+00
      5.453    23.4107   4.677382    31.4733       1177     4.9000  0.000e+00
      5.370    23.4116   4.677347    31.4724       1178     4.9042  0.000e+00
      5.303    23.4120   4.677175    31.4709       1179     4.9083  0.000e+00
      5.245    23.4117   4.676847    31.4686       1180     4.9125  0.000e+00
      5.192    23.4108   4.676911    31.4698       1181     4.9167  0.000e+00
      5.140    23.4105   4.676711    31.4685       1182     4.9208  0.000e+00
      5.096    23.4100   4.676540    31.4675       1183     4.9250  0.000e+00
      5.067    23.4087   4.676818    31.4706       1184     4.9292  0.000e+00
      5.029    23.4085   4.676847    31.4710       1185     4.9333  0.000e+00
      4.998    23.4088   4.677282    31.4741       1186     4.9375  0.000e+00
      4.958    23.4101   4.677425    31.4742       1187     4.9417  0.000e+00
      4.920    23.4117   4.677196    31.4714       1188     4.9458  0.000e+00
      4.868    23.4122   4.677346    31.4722       1189     4.9500  0.000e+00
      4.803    23.4124   4.677146    31.4705       1190     4.9542  0.000e+00
      4.716    23.4122   4.677125    31.4705       1191     4.9583  0.000e+00
      4.611    23.4117   4.677360    31.4727       1192     4.9625  0.000e+00
      4.497    23.4121   4.677646    31.4746       1193     4.9667  0.000e+00
      4.378    23.4130   4.677674    31.4742       1194     4.9708  0.000e+00
      4.272    23.4142   4.677703    31.4736       1195     4.9750  0.000e+00
      4.172    23.4150   4.677788    31.4737       1196     4.9792  0.000e+00
      4.088    23.4155   4.677910    31.4743       1197     4.9833  0.000e+00
      4.015    23.4161   4.677703    31.4723       1198     4.9875  0.000e+00
      3.959    23.4163   4.677596    31.4714       1199     4.9917  0.000e+00
      3.903    23.4157   4.677538    31.4714       1200     4.9958  0.000e+00
      3.868    23.4156   4.677724    31.4729       1201     5.0000  0.000e+00
      3.812    23.4153   4.677788    31.4736       1202     5.0042  0.000e+00
      3.724    23.4162   4.677831    31.4733       1203     5.0083  0.000e+00
      3.628    23.4168   4.677924    31.4736       1204     5.0125  0.000e+00
      3.536    23.4173   4.677909    31.4731       1205     5.0167  0.000e+00
      3.443    23.4175   4.677924    31.4731       1206     5.0208  0.000e+00
      3.367    23.4181   4.677809    31.4719       1207     5.0250  0.000e+00
      3.317    23.4181   4.677702    31.4711       1208     5.0292  0.000e+00
      3.281    23.4178   4.677788    31.4719       1209     5.0333  0.000e+00
      3.244    23.4173   4.677724    31.4718       1210     5.0375  0.000e+00
      3.211    23.4171   4.677731    31.4720       1211     5.0417  0.000e+00
      3.170    23.4165   4.677724    31.4724       1212     5.0458  0.000e+00
      3.114    23.4162   4.677788    31.4732       1213     5.0500  0.000e+00
      3.045    23.4162   4.677809    31.4734       1214     5.0542  0.000e+00
      2.971    23.4162   4.677759    31.4730       1215     5.0583  0.000e+00
      2.895    23.4164   4.677645    31.4720       1216     5.0625  0.000e+00
      2.819    23.4158   4.677424    31.4708       1217     5.0667  0.000e+00
      2.737    23.4150   4.677481    31.4718       1218     5.0708  0.000e+00
      2.659    23.4142   4.677488    31.4724       1219     5.0750  0.000e+00
      2.585    23.4139   4.677452    31.4724       1220     5.0792  0.000e+00
      2.509    23.4134   4.677359    31.4721       1221     5.0833  0.000e+00
      2.441    23.4128   4.677645    31.4747       1222     5.0875  0.000e+00
      2.371    23.4131   4.677702    31.4749       1223     5.0917  0.000e+00
      2.314    23.4142   4.677980    31.4762       1224     5.0958  0.000e+00
      2.257    23.4158   4.678073    31.4759       1225     5.1000  0.000e+00
      2.193    23.4170   4.677952    31.4741       1226     5.1042  0.000e+00
      2.128    23.4175   4.677787    31.4725       1227     5.1083  0.000e+00
      2.048    23.4170   4.678123    31.4754       1228     5.1125  0.000e+00
      1.971    23.4178   4.678144    31.4750       1229     5.1167  0.000e+00
      1.904    23.4185   4.678173    31.4748       1230     5.1208  0.000e+00
      1.841    23.4189   4.677894    31.4724       1231     5.1250  0.000e+00
      1.779    23.4184   4.677752    31.4717       1232     5.1292  0.000e+00
      1.719    23.4173   4.677673    31.4719       1233     5.1333  0.000e+00
      1.660    23.4162   4.677566    31.4719       1234     5.1375  0.000e+00
      1.598    23.4154   4.677837    31.4746       1235     5.1417  0.000e+00
      1.547    23.4153   4.677809    31.4744       1236     5.1458  0.000e+00
      1.517    23.4157   4.678001    31.4756       1237     5.1500  0.000e+00
      1.488    23.4165   4.678058    31.4754       1238     5.1542  0.000e+00
      1.441    23.4173   4.677544    31.4710       1239     5.1583  0.000e+00
      1.391    23.4163   4.677480    31.4713       1240     5.1625  0.000e+00
