HB2303/sbe036.cnv
* Sea-Bird SBE 19plus V2 Data File:
* FileName = C:\cruise\data\sbe036.hex
* Software Version Seasave V 7.26.7.121
* Temperature SN = 6128
* Conductivity SN = 6128
* System UpLoad Time = Aug 12 2023 00:01:30
* NMEA Latitude = 35 32.26 N
* NMEA Longitude = 075 10.52 W
* NMEA UTC (Time) = Aug 12 2023 00:01:26
** Ship: Henry Bigelow
** Cruise:  HB2303
** Program:  ECOMON
# nquan = 7
# nvalues = 1197                                  
# units = specified
# name 0 = depSM: Depth [salt water, m]
# name 1 = tv290C: Temperature [ITS-90, deg C]
# name 2 = c0S/m: Conductivity [S/m]
# name 3 = sal00: Salinity, Practical [PSU]
# name 4 = scan: Scan Count
# name 5 = timeM: Time, Elapsed [minutes]
# name 6 = flag:  0.000e+00
# span 0 =     -0.119,     27.997                 
# span 1 =    24.6834,    28.0076                 
# span 2 =   0.000034,   5.827338                 
# span 3 =     0.0129,    36.7093                 
# span 4 =         11,       1207                 
# span 5 =     0.0417,     5.0250                 
# span 6 = 0.0000e+00, 0.0000e+00                 
# interval = seconds: 0.25
# start_time = Aug 12 2023 00:01:26 [NMEA time, header]
# bad_flag = -9.990e-29
*END*
[from data line 1026]
      6.248    27.5288   5.726177    36.0852       1037     4.3167  0.000e+00
      6.286    27.5279   5.725991    36.0845       1038     4.3208  0.000e+00
      6.333    27.5261   5.725703    36.0838       1039     4.3250  0.000e+00
      6.369    27.5238   5.725142    36.0816       1040     4.3292  0.000e+00
      6.403    27.5205   5.724885    36.0823       1041     4.3333  0.000e+00
      6.434    27.5166   5.725018    36.0863       1042     4.3375  0.000e+00
      6.443    27.5158   5.726746    36.0992       1043     4.3417  0.000e+00
      6.434    27.5195   5.725866    36.0900       1044     4.3458  0.000e+00
      6.410    27.5219   5.726653    36.0938       1045     4.3500  0.000e+00
      6.356    27.5236   5.726582    36.0920       1046     4.3542  0.000e+00
      6.296    27.5258   5.726559    36.0901       1047     4.3583  0.000e+00
      6.224    27.5270   5.726847    36.0913       1048     4.3625  0.000e+00
      6.148    27.5280   5.726777    36.0901       1049     4.3667  0.000e+00
      6.056    27.5299   5.726839    36.0890       1050     4.3708  0.000e+00
      5.964    27.5309   5.730016    36.1109       1051     4.3750  0.000e+00
      5.873    27.5413   5.730756    36.1082       1052     4.3792  0.000e+00
      5.790    27.5526   5.731161    36.1023       1053     4.3833  0.000e+00
      5.718    27.5619   5.732321    36.1034       1054     4.3875  0.000e+00
      5.660    27.5715   5.733645    36.1054       1055     4.3917  0.000e+00
      5.608    27.5818   5.733349    36.0954       1056     4.3958  0.000e+00
      5.574    27.5885   5.733801    36.0934       1057     4.4000  0.000e+00
      5.565    27.5931   5.733925    36.0908       1058     4.4042  0.000e+00
      5.565    27.5964   5.733801    36.0873       1059     4.4083  0.000e+00
      5.574    27.5983   5.733614    36.0845       1060     4.4125  0.000e+00
      5.597    27.5985   5.733840    36.0860       1061     4.4167  0.000e+00
      5.626    27.5989   5.733512    36.0834       1062     4.4208  0.000e+00
      5.648    27.5987   5.733232    36.0815       1063     4.4250  0.000e+00
      5.671    27.5970   5.732952    36.0808       1064     4.4292  0.000e+00
      5.689    27.5950   5.732702    36.0806       1065     4.4333  0.000e+00
      5.698    27.5926   5.732430    36.0805       1066     4.4375  0.000e+00
      5.701    27.5901   5.732227    36.0810       1067     4.4417  0.000e+00
      5.689    27.5874   5.731885    36.0807       1068     4.4458  0.000e+00
      5.658    27.5850   5.732235    36.0850       1069     4.4500  0.000e+00
      5.604    27.5846   5.733707    36.0957       1070     4.4542  0.000e+00
      5.546    27.5888   5.732266    36.0823       1071     4.4583  0.000e+00
      5.495    27.5887   5.734455    36.0979       1072     4.4625  0.000e+00
      5.432    27.5939   5.734806    36.0964       1073     4.4667  0.000e+00
      5.369    27.6010   5.733115    36.0790       1074     4.4708  0.000e+00
      5.291    27.5998   5.734393    36.0890       1075     4.4750  0.000e+00
      5.215    27.6004   5.733925    36.0853       1076     4.4792  0.000e+00
      5.138    27.6015   5.733800    36.0836       1077     4.4833  0.000e+00
      5.069    27.6008   5.733987    36.0854       1078     4.4875  0.000e+00
      5.015    27.6011   5.734782    36.0908       1079     4.4917  0.000e+00
      4.977    27.6040   5.735055    36.0906       1080     4.4958  0.000e+00
      4.955    27.6073   5.734805    36.0863       1081     4.5000  0.000e+00
      4.948    27.6088   5.734688    36.0842       1082     4.5042  0.000e+00
      4.944    27.6088   5.734361    36.0819       1083     4.5083  0.000e+00
      4.950    27.6078   5.734556    36.0841       1084     4.5125  0.000e+00
      4.964    27.6075   5.734743    36.0857       1085     4.5167  0.000e+00
      4.974    27.6077   5.734579    36.0843       1086     4.5208  0.000e+00
      4.986    27.6078   5.734719    36.0852       1087     4.5250  0.000e+00
      4.990    27.6084   5.734930    36.0863       1088     4.5292  0.000e+00
      4.992    27.6092   5.734805    36.0848       1089     4.5333  0.000e+00
      4.975    27.6096   5.734034    36.0790       1090     4.5375  0.000e+00
      4.950    27.6074   5.733675    36.0782       1091     4.5417  0.000e+00
      4.903    27.6040   5.733676    36.0808       1092     4.5458  0.000e+00
      4.836    27.6017   5.733956    36.0846       1093     4.5500  0.000e+00
      4.767    27.6013   5.734712    36.0903       1094     4.5542  0.000e+00
      4.706    27.6035   5.734197    36.0849       1095     4.5583  0.000e+00
      4.639    27.6043   5.734454    36.0862       1096     4.5625  0.000e+00
      4.594    27.6050   5.735272    36.0915       1097     4.5667  0.000e+00
      4.549    27.6083   5.735997    36.0941       1098     4.5708  0.000e+00
      4.520    27.6138   5.736527    36.0936       1099     4.5750  0.000e+00
      4.496    27.6191   5.736877    36.0920       1100     4.5792  0.000e+00
      4.487    27.6240   5.737220    36.0907       1101     4.5833  0.000e+00
      4.474    27.6281   5.737158    36.0871       1102     4.5875  0.000e+00
      4.464    27.6308   5.737695    36.0888       1103     4.5917  0.000e+00
      4.460    27.6334   5.737976    36.0888       1104     4.5958  0.000e+00
      4.449    27.6367   5.737664    36.0841       1105     4.6000  0.000e+00
      4.431    27.6374   5.737407    36.0817       1106     4.6042  0.000e+00
      4.411    27.6371   5.737695    36.0839       1107     4.6083  0.000e+00
      4.375    27.6376   5.738248    36.0875       1108     4.6125  0.000e+00
      4.326    27.6397   5.738630    36.0886       1109     4.6167  0.000e+00
      4.267    27.6428   5.738350    36.0843       1110     4.6208  0.000e+00
      4.211    27.6438   5.737064    36.0744       1111     4.6250  0.000e+00
      4.149    27.6400   5.736588    36.0740       1112     4.6292  0.000e+00
      4.080    27.6344   5.736939    36.0808       1113     4.6333  0.000e+00
      4.005    27.6323   5.738599    36.0942       1114     4.6375  0.000e+00
      3.936    27.6376   5.738599    36.0902       1115     4.6417  0.000e+00
      3.871    27.6420   5.738708    36.0875       1116     4.6458  0.000e+00
      3.815    27.6451   5.738661    36.0849       1117     4.6500  0.000e+00
      3.764    27.6466   5.738645    36.0836       1118     4.6542  0.000e+00
      3.724    27.6473   5.738630    36.0829       1119     4.6583  0.000e+00
      3.705    27.6475   5.738700    36.0833       1120     4.6625  0.000e+00
      3.694    27.6478   5.738708    36.0831       1121     4.6667  0.000e+00
      3.683    27.6483   5.738856    36.0838       1122     4.6708  0.000e+00
      3.685    27.6488   5.738887    36.0836       1123     4.6750  0.000e+00
      3.685    27.6496   5.739004    36.0839       1124     4.6792  0.000e+00
      3.687    27.6503   5.738980    36.0832       1125     4.6833  0.000e+00
      3.688    27.6506   5.739105    36.0838       1126     4.6875  0.000e+00
      3.677    27.6513   5.739230    36.0842       1127     4.6917  0.000e+00
      3.658    27.6521   5.739230    36.0835       1128     4.6958  0.000e+00
      3.623    27.6529   5.739269    36.0832       1129     4.7000  0.000e+00
      3.578    27.6533   5.739167    36.0822       1130     4.7042  0.000e+00
      3.531    27.6532   5.738980    36.0809       1131     4.7083  0.000e+00
      3.493    27.6522   5.738973    36.0817       1132     4.7125  0.000e+00
      3.448    27.6514   5.738949    36.0821       1133     4.7167  0.000e+00
      3.404    27.6512   5.738778    36.0811       1134     4.7208  0.000e+00
      3.352    27.6507   5.738661    36.0807       1135     4.7250  0.000e+00
      3.292    27.6496   5.738598    36.0811       1136     4.7292  0.000e+00
      3.227    27.6482   5.738349    36.0804       1137     4.7333  0.000e+00
      3.146    27.6469   5.738318    36.0813       1138     4.7375  0.000e+00
      3.079    27.6458   5.738474    36.0832       1139     4.7417  0.000e+00
      3.014    27.6455   5.738614    36.0844       1140     4.7458  0.000e+00
      2.951    27.6461   5.738661    36.0844       1141     4.7500  0.000e+00
      2.906    27.6470   5.738645    36.0836       1142     4.7542  0.000e+00
      2.873    27.6475   5.738762    36.0840       1143     4.7583  0.000e+00
      2.848    27.6480   5.738731    36.0834       1144     4.7625  0.000e+00
      2.835    27.6484   5.738645    36.0824       1145     4.7667  0.000e+00
      2.823    27.6482   5.738824    36.0839       1146     4.7708  0.000e+00
      2.815    27.6487   5.738871    36.0839       1147     4.7750  0.000e+00
      2.797    27.6492   5.738855    36.0833       1148     4.7792  0.000e+00
      2.785    27.6495   5.738855    36.0832       1149     4.7833  0.000e+00
      2.770    27.6495   5.738777    36.0826       1150     4.7875  0.000e+00
      2.758    27.6495   5.738855    36.0832       1151     4.7917  0.000e+00
      2.736    27.6496   5.738731    36.0822       1152     4.7958  0.000e+00
      2.707    27.6495   5.738808    36.0829       1153     4.8000  0.000e+00
      2.678    27.6491   5.739105    36.0852       1154     4.8042  0.000e+00
      2.642    27.6505   5.739136    36.0844       1155     4.8083  0.000e+00
      2.598    27.6514   5.739167    36.0840       1156     4.8125  0.000e+00
      2.553    27.6518   5.739042    36.0827       1157     4.8167  0.000e+00
      2.499    27.6518   5.739034    36.0827       1158     4.8208  0.000e+00
      2.439    27.6518   5.738793    36.0810       1159     4.8250  0.000e+00
      2.373    27.6509   5.738598    36.0803       1160     4.8292  0.000e+00
      2.295    27.6495   5.738348    36.0797       1161     4.8333  0.000e+00
      2.206    27.6479   5.738917    36.0850       1162     4.8375  0.000e+00
      2.118    27.6484   5.739463    36.0885       1163     4.8417  0.000e+00
      2.037    27.6514   5.739322    36.0852       1164     4.8458  0.000e+00
      1.975    27.6526   5.739104    36.0827       1165     4.8500  0.000e+00
      1.928    27.6528   5.738902    36.0812       1166     4.8542  0.000e+00
      1.914    27.6521   5.738824    36.0812       1167     4.8583  0.000e+00
      1.917    27.6511   5.738535    36.0799       1168     4.8625  0.000e+00
      1.924    27.6491   5.738574    36.0817       1169     4.8667  0.000e+00
      1.933    27.6484   5.738855    36.0842       1170     4.8708  0.000e+00
      1.926    27.6486   5.738777    36.0836       1171     4.8750  0.000e+00
      1.912    27.6489   5.738699    36.0828       1172     4.8792  0.000e+00
      1.866    27.6484   5.738761    36.0836       1173     4.8833  0.000e+00
      1.798    27.6487   5.738902    36.0844       1174     4.8875  0.000e+00
      1.724    27.6496   5.739042    36.0847       1175     4.8917  0.000e+00
      1.661    27.6501   5.738917    36.0834       1176     4.8958  0.000e+00
      1.601    27.6504   5.739003    36.0839       1177     4.9000  0.000e+00
      1.561    27.6507   5.738917    36.0830       1178     4.9042  0.000e+00
      1.527    27.6509   5.739034    36.0837       1179     4.9083  0.000e+00
      1.509    27.6509   5.738855    36.0824       1180     4.9125  0.000e+00
      1.493    27.6504   5.738823    36.0826       1181     4.9167  0.000e+00
      1.480    27.6501   5.738738    36.0822       1182     4.9208  0.000e+00
      1.467    27.6496   5.738761    36.0828       1183     4.9250  0.000e+00
      1.464    27.6490   5.738730    36.0830       1184     4.9292  0.000e+00
      1.451    27.6491   5.738574    36.0818       1185     4.9333  0.000e+00
      1.438    27.6483   5.738504    36.0820       1186     4.9375  0.000e+00
      1.410    27.6474   5.738215    36.0806       1187     4.9417  0.000e+00
      1.352    27.6460   5.738535    36.0840       1188     4.9458  0.000e+00
      1.279    27.6458   5.738597    36.0846       1189     4.9500  0.000e+00
      1.182    27.6469   5.738777    36.0851       1190     4.9542  0.000e+00
      1.063    27.6479   5.738566    36.0829       1191     4.9583  0.000e+00
      0.943    27.6478   5.738410    36.0819       1192     4.9625  0.000e+00
      0.820    27.6472   5.738441    36.0826       1193     4.9667  0.000e+00
      0.710    27.6467   5.738316    36.0821       1194     4.9708  0.000e+00
      0.647    27.6461   5.738215    36.0819       1195     4.9750  0.000e+00
      0.595    27.6453   5.738036    36.0813       1196     4.9792  0.000e+00
      0.602    27.6445   5.737623    36.0789       1197     4.9833  0.000e+00
      0.676    27.6420   5.737397    36.0792       1198     4.9875  0.000e+00
      0.744    27.6400   5.737249    36.0797       1199     4.9917  0.000e+00
      0.768    27.6380   5.737397    36.0823       1200     4.9958  0.000e+00
      0.802    27.6368   5.737436    36.0835       1201     5.0000  0.000e+00
      0.804    27.6368   5.737561    36.0844       1202     5.0042  0.000e+00
      0.788    27.6369   5.737467    36.0836       1203     5.0083  0.000e+00
      0.730    27.6372   5.738317    36.0894       1204     5.0125  0.000e+00
      0.627    27.6401   5.738885    36.0913       1205     5.0167  0.000e+00
      0.535    27.6444   5.738839    36.0877       1206     5.0208  0.000e+00
      0.504    27.6474   5.738854    36.0854       1207     5.0250  0.000e+00
