HB2303/sbe024.cnv
* Sea-Bird SBE 19plus V2 Data File:
* FileName = C:\cruise\data\sbe024.hex
* Software Version Seasave V 7.26.7.121
* Temperature SN = 6128
* Conductivity SN = 6128
* System UpLoad Time = Aug 11 2023 01:26:17
* NMEA Latitude = 38 07.61 N
* NMEA Longitude = 074 48.32 W
* NMEA UTC (Time) = Aug 11 2023 01:26:12
** Ship: Henry Bigelow
** Cruise:  HB2303
** Program:  ECOMON
# nquan = 7
# nvalues = 1089                                  
# units = specified
# name 0 = depSM: Depth [salt water, m]
# name 1 = tv290C: Temperature [ITS-90, deg C]
# name 2 = c0S/m: Conductivity [S/m]
# name 3 = sal00: Salinity, Practical [PSU]
# name 4 = scan: Scan Count
# name 5 = timeM: Time, Elapsed [minutes]
# name 6 = flag:  0.000e+00
# span 0 =     -0.241,     22.789                 
# span 1 =    12.9327,    23.4800                 
# span 2 =   0.000103,   4.681237                 
# span 3 =     0.0113,    32.6567                 
# span 4 =         11,       1099                 
# span 5 =     0.0417,     4.5750                 
# span 6 = 0.0000e+00, 0.0000e+00                 
# interval = seconds: 0.25
# start_time = Aug 11 2023 01:26:12 [NMEA time, header]
# bad_flag = -9.990e-29
*END*
[from data line 821]
      7.118    23.3512   4.676884    31.5114        832     3.4625  0.000e+00
      7.114    23.3504   4.675964    31.5050        833     3.4667  0.000e+00
      7.120    23.3454   4.676385    31.5117        834     3.4708  0.000e+00
      7.127    23.3431   4.676763    31.5163        835     3.4750  0.000e+00
      7.137    23.3448   4.677177    31.5181        836     3.4792  0.000e+00
      7.140    23.3482   4.677484    31.5180        837     3.4833  0.000e+00
      7.136    23.3517   4.677363    31.5146        838     3.4875  0.000e+00
      7.129    23.3535   4.677898    31.5174        839     3.4917  0.000e+00
      7.109    23.3572   4.678254    31.5175        840     3.4958  0.000e+00
      7.078    23.3611   4.678176    31.5141        841     3.5000  0.000e+00
      7.054    23.3635   4.678226    31.5128        842     3.5042  0.000e+00
      7.031    23.3650   4.678154    31.5111        843     3.5083  0.000e+00
      7.016    23.3655   4.678119    31.5105        844     3.5125  0.000e+00
      7.011    23.3653   4.678204    31.5113        845     3.5167  0.000e+00
      6.998    23.3657   4.678283    31.5116        846     3.5208  0.000e+00
      6.982    23.3664   4.678283    31.5111        847     3.5250  0.000e+00
      6.957    23.3667   4.678254    31.5107        848     3.5292  0.000e+00
      6.928    23.3668   4.678254    31.5107        849     3.5333  0.000e+00
      6.897    23.3668   4.678197    31.5102        850     3.5375  0.000e+00
      6.855    23.3660   4.678176    31.5106        851     3.5417  0.000e+00
      6.808    23.3663   4.678418    31.5123        852     3.5458  0.000e+00
      6.745    23.3670   4.678254    31.5106        853     3.5500  0.000e+00
      6.669    23.3670   4.678204    31.5102        854     3.5542  0.000e+00
      6.604    23.3665   4.678418    31.5122        855     3.5583  0.000e+00
      6.535    23.3673   4.678440    31.5118        856     3.5625  0.000e+00
      6.474    23.3682   4.678504    31.5117        857     3.5667  0.000e+00
      6.427    23.3689   4.678575    31.5117        858     3.5708  0.000e+00
      6.387    23.3699   4.678504    31.5105        859     3.5750  0.000e+00
      6.357    23.3701   4.678468    31.5101        860     3.5792  0.000e+00
      6.344    23.3697   4.678225    31.5085        861     3.5833  0.000e+00
      6.330    23.3682   4.678125    31.5089        862     3.5875  0.000e+00
      6.319    23.3665   4.678090    31.5098        863     3.5917  0.000e+00
      6.313    23.3654   4.677540    31.5064        864     3.5958  0.000e+00
      6.301    23.3623   4.677462    31.5081        865     3.6000  0.000e+00
      6.293    23.3593   4.677234    31.5085        866     3.6042  0.000e+00
      6.273    23.3564   4.677020    31.5090        867     3.6083  0.000e+00
      6.250    23.3536   4.677319    31.5132        868     3.6125  0.000e+00
      6.221    23.3530   4.678097    31.5195        869     3.6167  0.000e+00
      6.196    23.3567   4.678225    31.5179        870     3.6208  0.000e+00
      6.171    23.3603   4.677890    31.5128        871     3.6250  0.000e+00
      6.129    23.3609   4.678397    31.5162        872     3.6292  0.000e+00
      6.096    23.3630   4.678639    31.5165        873     3.6333  0.000e+00
      6.053    23.3667   4.678703    31.5144        874     3.6375  0.000e+00
      6.011    23.3689   4.678725    31.5130        875     3.6417  0.000e+00
      5.977    23.3706   4.678653    31.5112        876     3.6458  0.000e+00
      5.933    23.3713   4.678696    31.5111        877     3.6500  0.000e+00
      5.894    23.3717   4.678625    31.5103        878     3.6542  0.000e+00
      5.848    23.3715   4.678589    31.5102        879     3.6583  0.000e+00
      5.810    23.3713   4.678575    31.5102        880     3.6625  0.000e+00
      5.767    23.3713   4.678532    31.5099        881     3.6667  0.000e+00
      5.732    23.3713   4.678596    31.5104        882     3.6708  0.000e+00
      5.694    23.3716   4.678639    31.5105        883     3.6750  0.000e+00
      5.656    23.3716   4.678610    31.5103        884     3.6792  0.000e+00
      5.622    23.3716   4.678653    31.5107        885     3.6833  0.000e+00
      5.591    23.3717   4.678667    31.5107        886     3.6875  0.000e+00
      5.562    23.3717   4.678653    31.5106        887     3.6917  0.000e+00
      5.538    23.3717   4.678667    31.5107        888     3.6958  0.000e+00
      5.526    23.3714   4.678653    31.5108        889     3.7000  0.000e+00
      5.515    23.3713   4.678639    31.5108        890     3.7042  0.000e+00
      5.498    23.3712   4.678625    31.5108        891     3.7083  0.000e+00
      5.480    23.3714   4.678589    31.5104        892     3.7125  0.000e+00
      5.457    23.3706   4.678546    31.5106        893     3.7167  0.000e+00
      5.441    23.3700   4.678667    31.5119        894     3.7208  0.000e+00
      5.412    23.3700   4.678610    31.5115        895     3.7250  0.000e+00
      5.388    23.3700   4.678496    31.5107        896     3.7292  0.000e+00
      5.349    23.3694   4.678532    31.5114        897     3.7333  0.000e+00
      5.314    23.3690   4.678096    31.5084        898     3.7375  0.000e+00
      5.283    23.3673   4.678589    31.5133        899     3.7417  0.000e+00
      5.240    23.3677   4.678653    31.5135        900     3.7458  0.000e+00
      5.202    23.3688   4.678560    31.5120        901     3.7500  0.000e+00
      5.155    23.3694   4.678703    31.5127        902     3.7542  0.000e+00
      5.106    23.3699   4.678724    31.5125        903     3.7583  0.000e+00
      5.048    23.3710   4.678703    31.5116        904     3.7625  0.000e+00
      4.992    23.3713   4.678696    31.5114        905     3.7667  0.000e+00
      4.937    23.3715   4.678753    31.5117        906     3.7708  0.000e+00
      4.887    23.3720   4.678781    31.5116        907     3.7750  0.000e+00
      4.836    23.3727   4.678781    31.5110        908     3.7792  0.000e+00
      4.798    23.3729   4.678781    31.5109        909     3.7833  0.000e+00
      4.762    23.3730   4.678781    31.5108        910     3.7875  0.000e+00
      4.731    23.3731   4.678760    31.5106        911     3.7917  0.000e+00
      4.704    23.3729   4.678724    31.5105        912     3.7958  0.000e+00
      4.673    23.3729   4.678703    31.5104        913     3.8000  0.000e+00
      4.640    23.3727   4.678610    31.5098        914     3.8042  0.000e+00
      4.601    23.3726   4.678653    31.5102        915     3.8083  0.000e+00
      4.568    23.3726   4.678724    31.5108        916     3.8125  0.000e+00
      4.536    23.3727   4.678810    31.5113        917     3.8167  0.000e+00
      4.510    23.3730   4.678810    31.5111        918     3.8208  0.000e+00
      4.481    23.3734   4.678781    31.5107        919     3.8250  0.000e+00
      4.454    23.3734   4.678781    31.5107        920     3.8292  0.000e+00
      4.424    23.3735   4.678781    31.5106        921     3.8333  0.000e+00
      4.393    23.3739   4.678781    31.5103        922     3.8375  0.000e+00
      4.363    23.3739   4.678860    31.5109        923     3.8417  0.000e+00
      4.330    23.3740   4.678810    31.5105        924     3.8458  0.000e+00
      4.296    23.3739   4.678695    31.5097        925     3.8500  0.000e+00
      4.265    23.3740   4.678681    31.5096        926     3.8542  0.000e+00
      4.234    23.3731   4.678610    31.5096        927     3.8583  0.000e+00
      4.212    23.3726   4.678588    31.5098        928     3.8625  0.000e+00
      4.187    23.3719   4.678595    31.5105        929     3.8667  0.000e+00
      4.166    23.3717   4.678667    31.5111        930     3.8708  0.000e+00
      4.138    23.3721   4.678731    31.5113        931     3.8750  0.000e+00
      4.098    23.3726   4.678781    31.5113        932     3.8792  0.000e+00
      4.055    23.3730   4.678759    31.5109        933     3.8833  0.000e+00
      4.006    23.3734   4.678752    31.5106        934     3.8875  0.000e+00
      3.952    23.3734   4.678781    31.5108        935     3.8917  0.000e+00
      3.896    23.3734   4.678831    31.5112        936     3.8958  0.000e+00
      3.847    23.3736   4.678781    31.5107        937     3.9000  0.000e+00
      3.809    23.3733   4.678695    31.5103        938     3.9042  0.000e+00
      3.786    23.3728   4.678681    31.5105        939     3.9083  0.000e+00
      3.764    23.3726   4.678724    31.5110        940     3.9125  0.000e+00
      3.749    23.3722   4.678752    31.5115        941     3.9167  0.000e+00
      3.733    23.3721   4.678888    31.5126        942     3.9208  0.000e+00
      3.722    23.3729   4.678916    31.5123        943     3.9250  0.000e+00
      3.714    23.3734   4.678916    31.5119        944     3.9292  0.000e+00
      3.702    23.3741   4.678973    31.5119        945     3.9333  0.000e+00
      3.687    23.3749   4.678945    31.5111        946     3.9375  0.000e+00
      3.666    23.3749   4.678781    31.5099        947     3.9417  0.000e+00
      3.620    23.3742   4.678702    31.5098        948     3.9458  0.000e+00
      3.568    23.3733   4.678724    31.5106        949     3.9500  0.000e+00
      3.501    23.3728   4.678781    31.5114        950     3.9542  0.000e+00
      3.445    23.3726   4.678781    31.5115        951     3.9583  0.000e+00
      3.397    23.3725   4.678781    31.5116        952     3.9625  0.000e+00
      3.346    23.3728   4.678759    31.5113        953     3.9667  0.000e+00
      3.299    23.3725   4.678781    31.5116        954     3.9708  0.000e+00
      3.259    23.3723   4.678859    31.5124        955     3.9750  0.000e+00
      3.218    23.3727   4.678916    31.5125        956     3.9792  0.000e+00
      3.169    23.3737   4.678916    31.5119        957     3.9833  0.000e+00
      3.113    23.3741   4.678973    31.5120        958     3.9875  0.000e+00
      3.059    23.3745   4.678995    31.5119        959     3.9917  0.000e+00
      3.004    23.3747   4.678973    31.5116        960     3.9958  0.000e+00
      2.957    23.3748   4.678944    31.5114        961     4.0000  0.000e+00
      2.912    23.3746   4.678916    31.5113        962     4.0042  0.000e+00
      2.871    23.3745   4.678973    31.5118        963     4.0083  0.000e+00
      2.836    23.3743   4.678916    31.5115        964     4.0125  0.000e+00
      2.803    23.3743   4.678859    31.5111        965     4.0167  0.000e+00
      2.763    23.3741   4.678916    31.5117        966     4.0208  0.000e+00
      2.733    23.3737   4.678887    31.5118        967     4.0250  0.000e+00
      2.709    23.3735   4.678887    31.5119        968     4.0292  0.000e+00
      2.684    23.3735   4.678973    31.5126        969     4.0333  0.000e+00
      2.667    23.3741   4.678966    31.5121        970     4.0375  0.000e+00
      2.647    23.3741   4.678944    31.5120        971     4.0417  0.000e+00
      2.638    23.3741   4.678944    31.5120        972     4.0458  0.000e+00
      2.616    23.3739   4.678916    31.5119        973     4.0500  0.000e+00
      2.589    23.3737   4.678887    31.5118        974     4.0542  0.000e+00
      2.562    23.3742   4.678809    31.5109        975     4.0583  0.000e+00
      2.524    23.3739   4.678752    31.5107        976     4.0625  0.000e+00
      2.500    23.3734   4.678730    31.5109        977     4.0667  0.000e+00
      2.486    23.3728   4.678723    31.5112        978     4.0708  0.000e+00
      2.487    23.3724   4.678730    31.5116        979     4.0750  0.000e+00
      2.493    23.3719   4.678780    31.5124        980     4.0792  0.000e+00
      2.496    23.3720   4.678730    31.5119        981     4.0833  0.000e+00
      2.484    23.3718   4.678666    31.5116        982     4.0875  0.000e+00
      2.458    23.3719   4.678680    31.5116        983     4.0917  0.000e+00
      2.417    23.3717   4.678695    31.5119        984     4.0958  0.000e+00
      2.355    23.3718   4.678666    31.5116        985     4.1000  0.000e+00
      2.289    23.3716   4.678623    31.5114        986     4.1042  0.000e+00
      2.220    23.3715   4.678587    31.5113        987     4.1083  0.000e+00
      2.160    23.3718   4.678652    31.5116        988     4.1125  0.000e+00
      2.122    23.3719   4.678666    31.5116        989     4.1167  0.000e+00
      2.111    23.3721   4.678730    31.5119        990     4.1208  0.000e+00
      2.115    23.3723   4.678751    31.5119        991     4.1250  0.000e+00
      2.126    23.3725   4.678680    31.5112        992     4.1292  0.000e+00
      2.140    23.3724   4.678694    31.5114        993     4.1333  0.000e+00
      2.144    23.3725   4.678652    31.5110        994     4.1375  0.000e+00
      2.121    23.3722   4.678694    31.5115        995     4.1417  0.000e+00
      2.095    23.3720   4.678694    31.5118        996     4.1458  0.000e+00
      2.019    23.3717   4.678837    31.5131        997     4.1500  0.000e+00
      1.913    23.3721   4.678858    31.5130        998     4.1542  0.000e+00
      1.770    23.3729   4.678837    31.5122        999     4.1583  0.000e+00
      1.658    23.3733   4.678858    31.5122       1000     4.1625  0.000e+00
      1.587    23.3736   4.678887    31.5122       1001     4.1667  0.000e+00
      1.548    23.3739   4.678915    31.5122       1002     4.1708  0.000e+00
      1.520    23.3743   4.678858    31.5115       1003     4.1750  0.000e+00
      1.500    23.3743   4.678858    31.5115       1004     4.1792  0.000e+00
      1.493    23.3747   4.678887    31.5115       1005     4.1833  0.000e+00
      1.477    23.3746   4.678887    31.5115       1006     4.1875  0.000e+00
      1.453    23.3748   4.678887    31.5114       1007     4.1917  0.000e+00
      1.439    23.3747   4.678858    31.5113       1008     4.1958  0.000e+00
      1.408    23.3747   4.678858    31.5113       1009     4.2000  0.000e+00
      1.382    23.3744   4.678544    31.5091       1010     4.2042  0.000e+00
      1.359    23.3736   4.678558    31.5098       1011     4.2083  0.000e+00
      1.320    23.3724   4.678701    31.5117       1012     4.2125  0.000e+00
      1.265    23.3723   4.678808    31.5126       1013     4.2167  0.000e+00
      1.195    23.3727   4.678808    31.5123       1014     4.2208  0.000e+00
      1.130    23.3734   4.678558    31.5100       1015     4.2250  0.000e+00
      1.088    23.3727   4.678416    31.5094       1016     4.2292  0.000e+00
      1.077    23.3719   4.678473    31.5105       1017     4.2333  0.000e+00
      1.084    23.3709   4.678501    31.5114       1018     4.2375  0.000e+00
      1.096    23.3706   4.678494    31.5115       1019     4.2417  0.000e+00
      1.120    23.3704   4.678444    31.5113       1020     4.2458  0.000e+00
      1.170    23.3701   4.678416    31.5113       1021     4.2500  0.000e+00
      1.202    23.3698   4.678394    31.5113       1022     4.2542  0.000e+00
      1.204    23.3690   4.678387    31.5118       1023     4.2583  0.000e+00
      1.199    23.3689   4.678394    31.5119       1024     4.2625  0.000e+00
      1.184    23.3686   4.678494    31.5129       1025     4.2667  0.000e+00
      1.157    23.3691   4.678665    31.5138       1026     4.2708  0.000e+00
      1.117    23.3701   4.678808    31.5142       1027     4.2750  0.000e+00
      1.068    23.3713   4.678858    31.5138       1028     4.2792  0.000e+00
      1.014    23.3724   4.678887    31.5132       1029     4.2833  0.000e+00
      0.952    23.3733   4.678944    31.5130       1030     4.2875  0.000e+00
      0.907    23.3739   4.678886    31.5122       1031     4.2917  0.000e+00
      0.860    23.3740   4.678837    31.5118       1032     4.2958  0.000e+00
      0.812    23.3739   4.678829    31.5118       1033     4.3000  0.000e+00
      0.770    23.3737   4.678858    31.5122       1034     4.3042  0.000e+00
      0.721    23.3738   4.678779    31.5115       1035     4.3083  0.000e+00
