HB2303/sbe030.cnv
* Sea-Bird SBE 19plus V2 Data File:
* FileName = C:\cruise\data\sbe030.hex
* Software Version Seasave V 7.26.7.121
* Temperature SN = 6128
* Conductivity SN = 6128
* System UpLoad Time = Aug 11 2023 13:42:40
* NMEA Latitude = 36 38.42 N
* NMEA Longitude = 075 38.14 W
* NMEA UTC (Time) = Aug 11 2023 13:42:36
** Ship: Henry Bigelow
** Cruise:  HB2303
** Program:  ECOMON
# nquan = 7
# nvalues = 1149                                  
# units = specified
# name 0 = depSM: Depth [salt water, m]
# name 1 = tv290C: Temperature [ITS-90, deg C]
# name 2 = c0S/m: Conductivity [S/m]
# name 3 = sal00: Salinity, Practical [PSU]
# name 4 = scan: Scan Count
# name 5 = timeM: Time, Elapsed [minutes]
# name 6 = flag:  0.000e+00
# span 0 =     -0.183,     12.464                 
# span 1 =    17.0928,    25.3782                 
# span 2 =   0.006124,   4.877514                 
# span 3 =     0.0351,    33.1894                 
# span 4 =         11,       1159                 
# span 5 =     0.0417,     4.8250                 
# span 6 = 0.0000e+00, 0.0000e+00                 
# interval = seconds: 0.25
# start_time = Aug 11 2023 13:42:36 [NMEA time, header]
# bad_flag = -9.990e-29
*END*
[from data line 616]
     11.614    17.1066   4.275664    33.0457        627     2.6083  0.000e+00
     11.625    17.1095   4.275417    33.0412        628     2.6125  0.000e+00
     11.643    17.1090   4.275169    33.0395        629     2.6167  0.000e+00
     11.651    17.1080   4.275444    33.0426        630     2.6208  0.000e+00
     11.651    17.1082   4.275149    33.0399        631     2.6250  0.000e+00
     11.647    17.1076   4.275836    33.0464        632     2.6292  0.000e+00
     11.643    17.1087   4.275946    33.0464        633     2.6333  0.000e+00
     11.638    17.1116   4.275692    33.0418        634     2.6375  0.000e+00
     11.616    17.1121   4.275444    33.0393        635     2.6417  0.000e+00
     11.604    17.1112   4.275609    33.0415        636     2.6458  0.000e+00
     11.582    17.1108   4.275863    33.0439        637     2.6500  0.000e+00
     11.559    17.1120   4.276283    33.0466        638     2.6542  0.000e+00
     11.535    17.1143   4.275073    33.0343        639     2.6583  0.000e+00
     11.512    17.1131   4.275224    33.0366        640     2.6625  0.000e+00
     11.481    17.1103   4.275492    33.0412        641     2.6667  0.000e+00
     11.443    17.1093   4.276805    33.0534        642     2.6708  0.000e+00
     11.413    17.1139   4.276207    33.0445        643     2.6750  0.000e+00
     11.369    17.1174   4.275836    33.0385        644     2.6792  0.000e+00
     11.326    17.1169   4.276674    33.0461        645     2.6833  0.000e+00
     11.284    17.1184   4.276111    33.0400        646     2.6875  0.000e+00
     11.234    17.1183   4.276159    33.0405        647     2.6917  0.000e+00
     11.187    17.1179   4.276104    33.0404        648     2.6958  0.000e+00
     11.143    17.1177   4.275987    33.0395        649     2.7000  0.000e+00
     11.095    17.1171   4.275897    33.0393        650     2.7042  0.000e+00
     11.060    17.1162   4.276062    33.0415        651     2.7083  0.000e+00
     11.019    17.1159   4.276255    33.0434        652     2.7125  0.000e+00
     10.983    17.1170   4.276729    33.0466        653     2.7167  0.000e+00
     10.956    17.1193   4.277024    33.0473        654     2.7208  0.000e+00
     10.923    17.1224   4.276337    33.0388        655     2.7250  0.000e+00
     10.889    17.1226   4.276207    33.0375        656     2.7292  0.000e+00
     10.867    17.1208   4.276103    33.0381        657     2.7333  0.000e+00
     10.847    17.1194   4.276605    33.0436        658     2.7375  0.000e+00
     10.814    17.1203   4.276694    33.0437        659     2.7417  0.000e+00
     10.780    17.1217   4.275815    33.0349        660     2.7458  0.000e+00
     10.742    17.1198   4.276310    33.0408        661     2.7500  0.000e+00
     10.700    17.1189   4.277499    33.0518        662     2.7542  0.000e+00
     10.653    17.1236   4.278035    33.0526        663     2.7583  0.000e+00
     10.608    17.1299   4.277705    33.0446        664     2.7625  0.000e+00
     10.560    17.1333   4.277423    33.0394        665     2.7667  0.000e+00
     10.513    17.1338   4.278825    33.0511        666     2.7708  0.000e+00
     10.466    17.1381   4.279678    33.0550        667     2.7750  0.000e+00
     10.419    17.1479   4.280509    33.0541        668     2.7792  0.000e+00
     10.373    17.1559   4.279959    33.0428        669     2.7833  0.000e+00
     10.335    17.1603   4.280853    33.0470        670     2.7875  0.000e+00
     10.297    17.1650   4.284395    33.0737        671     2.7917  0.000e+00
     10.263    17.1839   4.290587    33.1116        672     2.7958  0.000e+00
     10.229    17.2192   4.287813    33.0587        673     2.8000  0.000e+00
     10.200    17.2421   4.286492    33.0287        674     2.8042  0.000e+00
     10.171    17.2428   4.282880    32.9970        675     2.8083  0.000e+00
     10.144    17.2288   4.283768    33.0161        676     2.8125  0.000e+00
     10.122    17.2181   4.284346    33.0298        677     2.8167  0.000e+00
     10.079    17.2161   4.285604    33.0423        678     2.8208  0.000e+00
     10.052    17.2202   4.286416    33.0460        679     2.8250  0.000e+00
     10.012    17.2273   4.286547    33.0413        680     2.8292  0.000e+00
      9.961    17.2345   4.290572    33.0701        681     2.8333  0.000e+00
      9.909    17.2521   4.298035    33.1200        682     2.8375  0.000e+00
      9.848    17.2947   4.300569    33.1069        683     2.8417  0.000e+00
      9.783    17.3377   4.301781    33.0821        684     2.8458  0.000e+00
      9.710    17.3766   4.309238    33.1145        685     2.8500  0.000e+00
      9.633    17.4262   4.312127    33.0987        686     2.8542  0.000e+00
      9.551    17.4778   4.327607    33.1894        687     2.8583  0.000e+00
      9.479    17.5698   4.335538    33.1820        688     2.8625  0.000e+00
      9.401    17.6784   4.339056    33.1235        689     2.8667  0.000e+00
      9.336    17.7681   4.339711    33.0561        690     2.8708  0.000e+00
      9.275    17.8266   4.339911    33.0104        691     2.8750  0.000e+00
      9.213    17.8607   4.340187    32.9852        692     2.8792  0.000e+00
      9.150    17.8806   4.340712    32.9736        693     2.8833  0.000e+00
      9.102    17.8939   4.341860    32.9726        694     2.8875  0.000e+00
      9.067    17.9068   4.343983    32.9802        695     2.8917  0.000e+00
      9.035    17.9251   4.346481    32.9867        696     2.8958  0.000e+00
      9.006    17.9489   4.347865    32.9791        697     2.9000  0.000e+00
      8.974    17.9735   4.349248    32.9710        698     2.9042  0.000e+00
      8.946    17.9962   4.351851    32.9748        699     2.9083  0.000e+00
      8.926    18.0230   4.355735    32.9860        700     2.9125  0.000e+00
      8.894    18.0600   4.360438    32.9960        701     2.9167  0.000e+00
      8.865    18.1104   4.362980    32.9768        702     2.9208  0.000e+00
      8.831    18.1576   4.367479    32.9769        703     2.9250  0.000e+00
      8.769    18.2065   4.378772    33.0327        704     2.9292  0.000e+00
      8.720    18.2922   4.387353    33.0360        705     2.9333  0.000e+00
      8.663    18.4147   4.390922    32.9677        706     2.9375  0.000e+00
      8.610    18.5252   4.395564    32.9181        707     2.9417  0.000e+00
      8.556    18.6054   4.398121    32.8755        708     2.9458  0.000e+00
      8.520    18.6647   4.398600    32.8323        709     2.9500  0.000e+00
      8.464    18.7024   4.398523    32.8017        710     2.9542  0.000e+00
      8.422    18.7237   4.398836    32.7874        711     2.9583  0.000e+00
      8.391    18.7364   4.400268    32.7893        712     2.9625  0.000e+00
      8.341    18.7477   4.402542    32.7993        713     2.9667  0.000e+00
      8.312    18.7632   4.405256    32.8096        714     2.9708  0.000e+00
      8.281    18.7843   4.409765    32.8304        715     2.9750  0.000e+00
      8.249    18.8210   4.419320    32.8808        716     2.9792  0.000e+00
      8.218    18.8937   4.424309    32.8645        717     2.9833  0.000e+00
      8.198    18.9798   4.436458    32.8971        718     2.9875  0.000e+00
      8.165    19.0888   4.451423    32.9346        719     2.9917  0.000e+00
      8.138    19.2316   4.456929    32.8670        720     2.9958  0.000e+00
      8.106    19.3545   4.465462    32.8404        721     3.0000  0.000e+00
      8.066    19.4660   4.475577    32.8358        722     3.0042  0.000e+00
      8.030    19.5901   4.483500    32.8033        723     3.0083  0.000e+00
      7.986    19.7166   4.492566    32.7784        724     3.0125  0.000e+00
      7.950    19.8365   4.503100    32.7706        725     3.0167  0.000e+00
      7.909    19.9602   4.511823    32.7451        726     3.0208  0.000e+00
      7.863    20.0834   4.521222    32.7256        727     3.0250  0.000e+00
      7.818    20.2039   4.526646    32.6761        728     3.0292  0.000e+00
      7.773    20.3181   4.532353    32.6338        729     3.0333  0.000e+00
      7.728    20.4271   4.538719    32.6011        730     3.0375  0.000e+00
      7.677    20.5333   4.545018    32.5700        731     3.0417  0.000e+00
      7.641    20.6367   4.553946    32.5623        732     3.0458  0.000e+00
      7.592    20.7391   4.562704    32.5539        733     3.0500  0.000e+00
      7.553    20.8436   4.572423    32.5515        734     3.0542  0.000e+00
      7.520    20.9513   4.584295    32.5638        735     3.0583  0.000e+00
      7.486    21.0682   4.593615    32.5487        736     3.0625  0.000e+00
      7.452    21.1888   4.602093    32.5242        737     3.0667  0.000e+00
      7.418    21.3036   4.608507    32.4879        738     3.0708  0.000e+00
      7.378    21.4040   4.613492    32.4512        739     3.0750  0.000e+00
      7.344    21.4884   4.618749    32.4289        740     3.0792  0.000e+00
      7.324    21.5615   4.624314    32.4176        741     3.0833  0.000e+00
      7.289    21.6274   4.629818    32.4112        742     3.0875  0.000e+00
      7.241    21.6873   4.636469    32.4183        743     3.0917  0.000e+00
      7.206    21.7477   4.643238    32.4258        744     3.0958  0.000e+00
      7.150    21.8090   4.649556    32.4292        745     3.1000  0.000e+00
      7.120    21.8700   4.656412    32.4370        746     3.1042  0.000e+00
      7.071    21.9338   4.662609    32.4375        747     3.1083  0.000e+00
      7.015    21.9993   4.668909    32.4375        748     3.1125  0.000e+00
      6.973    22.0651   4.677382    32.4542        749     3.1167  0.000e+00
      6.930    22.1371   4.686311    32.4696        750     3.1208  0.000e+00
      6.894    22.2163   4.690674    32.4443        751     3.1250  0.000e+00
      6.854    22.2882   4.694224    32.4182        752     3.1292  0.000e+00
      6.834    22.3470   4.698755    32.4094        753     3.1333  0.000e+00
      6.803    22.3993   4.702573    32.4000        754     3.1375  0.000e+00
      6.774    22.4450   4.704568    32.3815        755     3.1417  0.000e+00
      6.752    22.4813   4.706012    32.3657        756     3.1458  0.000e+00
      6.725    22.5090   4.708767    32.3664        757     3.1500  0.000e+00
      6.703    22.5350   4.711185    32.3657        758     3.1542  0.000e+00
      6.678    22.5619   4.714384    32.3704        759     3.1583  0.000e+00
      6.658    22.5900   4.718788    32.3834        760     3.1625  0.000e+00
      6.640    22.6246   4.724411    32.4010        761     3.1667  0.000e+00
      6.627    22.6680   4.732088    32.4278        762     3.1708  0.000e+00
      6.614    22.7223   4.738729    32.4386        763     3.1750  0.000e+00
      6.605    22.7832   4.743853    32.4327        764     3.1792  0.000e+00
      6.595    22.8421   4.749445    32.4319        765     3.1833  0.000e+00
      6.584    22.8984   4.755227    32.4345        766     3.1875  0.000e+00
      6.569    22.9555   4.759970    32.4286        767     3.1917  0.000e+00
      6.542    23.0111   4.762284    32.4053        768     3.1958  0.000e+00
      6.522    23.0576   4.763527    32.3805        769     3.2000  0.000e+00
      6.484    23.0906   4.763527    32.3562        770     3.2042  0.000e+00
      6.454    23.1130   4.762937    32.3353        771     3.2083  0.000e+00
      6.414    23.1364   4.765554    32.3380        772     3.2125  0.000e+00
      6.385    23.1669   4.763353    32.2990        773     3.2167  0.000e+00
      6.358    23.2017   4.770006    32.3240        774     3.2208  0.000e+00
      6.340    23.2495   4.779428    32.3604        775     3.2250  0.000e+00
      6.322    23.3138   4.783179    32.3417        776     3.2292  0.000e+00
      6.318    23.3738   4.786312    32.3216        777     3.2333  0.000e+00
      6.307    23.4256   4.792322    32.3292        778     3.2375  0.000e+00
      6.313    23.4769   4.795790    32.3179        779     3.2417  0.000e+00
      6.309    23.5276   4.796236    32.2843        780     3.2458  0.000e+00
      6.307    23.5716   4.797267    32.2600        781     3.2500  0.000e+00
      6.302    23.6051   4.798334    32.2437        782     3.2542  0.000e+00
      6.295    23.6299   4.800346    32.2409        783     3.2583  0.000e+00
      6.289    23.6524   4.805173    32.2608        784     3.2625  0.000e+00
      6.277    23.6833   4.809158    32.2683        785     3.2667  0.000e+00
      6.275    23.7162   4.810782    32.2566        786     3.2708  0.000e+00
      6.270    23.7447   4.811041    32.2379        787     3.2750  0.000e+00
      6.264    23.7658   4.811424    32.2255        788     3.2792  0.000e+00
      6.259    23.7818   4.811943    32.2178        789     3.2833  0.000e+00
      6.248    23.7938   4.812297    32.2117        790     3.2875  0.000e+00
      6.241    23.8032   4.812846    32.2091        791     3.2917  0.000e+00
      6.232    23.8148   4.814514    32.2131        792     3.2958  0.000e+00
      6.201    23.8315   4.815988    32.2121        793     3.3000  0.000e+00
      6.188    23.8520   4.818270    32.2144        794     3.3042  0.000e+00
      6.165    23.8754   4.821240    32.2197        795     3.3083  0.000e+00
      6.139    23.9065   4.825078    32.2260        796     3.3125  0.000e+00
      6.100    23.9448   4.827963    32.2199        797     3.3167  0.000e+00
      6.069    23.9943   4.825778    32.1678        798     3.3208  0.000e+00
      6.033    24.0513   4.824556    32.1176        799     3.3250  0.000e+00
      6.007    24.1031   4.823817    32.0750        800     3.3292  0.000e+00
      5.991    24.1500   4.824171    32.0439        801     3.3333  0.000e+00
      5.986    24.1804   4.824026    32.0211        802     3.3375  0.000e+00
      5.993    24.1994   4.824416    32.0104        803     3.3417  0.000e+00
      5.993    24.2093   4.824336    32.0027        804     3.3458  0.000e+00
      6.004    24.2129   4.824387    32.0005        805     3.3500  0.000e+00
      6.012    24.2173   4.824416    31.9976        806     3.3542  0.000e+00
      6.016    24.2217   4.824481    31.9949        807     3.3583  0.000e+00
      6.023    24.2207   4.824387    31.9949        808     3.3625  0.000e+00
      6.029    24.2204   4.824032    31.9925        809     3.3667  0.000e+00
      6.021    24.2226   4.824227    31.9924        810     3.3708  0.000e+00
      6.021    24.2272   4.824596    31.9918        811     3.3750  0.000e+00
      6.007    24.2329   4.824936    31.9903        812     3.3792  0.000e+00
      5.994    24.2412   4.825435    31.9881        813     3.3833  0.000e+00
      5.976    24.2561   4.825514    31.9780        814     3.3875  0.000e+00
      5.962    24.2731   4.826027    31.9697        815     3.3917  0.000e+00
      5.940    24.2903   4.826663    31.9622        816     3.3958  0.000e+00
      5.922    24.3042   4.827458    31.9581        817     3.4000  0.000e+00
      5.898    24.3239   4.828145    31.9492        818     3.4042  0.000e+00
      5.869    24.3461   4.828231    31.9341        819     3.4083  0.000e+00
      5.844    24.3589   4.829266    31.9326        820     3.4125  0.000e+00
      5.821    24.3728   4.829714    31.9260        821     3.4167  0.000e+00
      5.805    24.3899   4.829793    31.9144        822     3.4208  0.000e+00
      5.795    24.4018   4.829713    31.9054        823     3.4250  0.000e+00
      5.792    24.4098   4.829843    31.9007        824     3.4292  0.000e+00
      5.781    24.4148   4.829380    31.8937        825     3.4333  0.000e+00
      5.777    24.4137   4.829460    31.8951        826     3.4375  0.000e+00
      5.768    24.4094   4.829822    31.9008        827     3.4417  0.000e+00
      5.772    24.4096   4.830133    31.9030        828     3.4458  0.000e+00
      5.779    24.4141   4.829959    31.8985        829     3.4500  0.000e+00
      5.773    24.4160   4.829793    31.8959        830     3.4542  0.000e+00
