HB2303/sbe007.cnv
* Sea-Bird SBE 19plus V2 Data File:
* FileName = C:\cruise\data\sbe007.hex
* Software Version Seasave V 7.26.7.121
* Temperature SN = 6128
* Conductivity SN = 6128
* System UpLoad Time = Aug 09 2023 16:12:14
* NMEA Latitude = 40 31.59 N
* NMEA Longitude = 071 32.07 W
* NMEA UTC (Time) = Aug 09 2023 16:12:10
** Ship: Henry Bigelow
** Cruise:  HB2303
** Program:  ECOMON
# nquan = 7
# nvalues = 1723                                  
# units = specified
# name 0 = depSM: Depth [salt water, m]
# name 1 = tv290C: Temperature [ITS-90, deg C]
# name 2 = c0S/m: Conductivity [S/m]
# name 3 = sal00: Salinity, Practical [PSU]
# name 4 = scan: Scan Count
# name 5 = timeM: Time, Elapsed [minutes]
# name 6 = flag:  0.000e+00
# span 0 =     -0.280,     71.093                 
# span 1 =     9.2048,    23.0974                 
# span 2 =   0.000013,   4.870557                 
# span 3 =     0.0109,    33.8982                 
# span 4 =         11,       1733                 
# span 5 =     0.0417,     7.2167                 
# span 6 = 0.0000e+00, 0.0000e+00                 
# interval = seconds: 0.25
# start_time = Aug 09 2023 16:12:10 [NMEA time, header]
# bad_flag = -9.990e-29
*END*
     -0.156    23.0212   0.000085     0.0111         11     0.0417  0.000e+00
     -0.154    23.0238   0.000085     0.0111         12     0.0458  0.000e+00
     -0.156    23.0265   0.000085     0.0111         13     0.0500  0.000e+00
     -0.159    23.0299   0.000082     0.0111         14     0.0542  0.000e+00
     -0.155    23.0329   0.000091     0.0111         15     0.0583  0.000e+00
     -0.155    23.0355   0.000091     0.0111         16     0.0625  0.000e+00
     -0.155    23.0382   0.000088     0.0111         17     0.0667  0.000e+00
     -0.154    23.0411   0.000085     0.0111         18     0.0708  0.000e+00
     -0.152    23.0432   0.000085     0.0111         19     0.0750  0.000e+00
     -0.152    23.0453   0.000088     0.0111         20     0.0792  0.000e+00
     -0.150    23.0472   0.000085     0.0111         21     0.0833  0.000e+00
     -0.153    23.0485   0.000097     0.0111         22     0.0875  0.000e+00
     -0.155    23.0495   0.000088     0.0111         23     0.0917  0.000e+00
     -0.157    23.0509   0.000085     0.0111         24     0.0958  0.000e+00
     -0.157    23.0523   0.000091     0.0111         25     0.1000  0.000e+00
     -0.155    23.0547   0.000091     0.0111         26     0.1042  0.000e+00
     -0.155    23.0556   0.000082     0.0111         27     0.1083  0.000e+00
     -0.155    23.0559   0.000085     0.0111         28     0.1125  0.000e+00
     -0.153    23.0577   0.000091     0.0111         29     0.1167  0.000e+00
     -0.157    23.0580   0.000082     0.0111         30     0.1208  0.000e+00
     -0.155    23.0592   0.000085     0.0111         31     0.1250  0.000e+00
     -0.153    23.0590   0.000091     0.0111         32     0.1292  0.000e+00
     -0.155    23.0590   0.000088     0.0111         33     0.1333  0.000e+00
     -0.155    23.0596   0.000091     0.0111         34     0.1375  0.000e+00
     -0.157    23.0603   0.000079     0.0111         35     0.1417  0.000e+00
     -0.153    23.0612   0.000094     0.0111         36     0.1458  0.000e+00
     -0.153    23.0624   0.000079     0.0111         37     0.1500  0.000e+00
     -0.151    23.0635   0.000085     0.0111         38     0.1542  0.000e+00
     -0.150    23.0643   0.000091     0.0111         39     0.1583  0.000e+00
     -0.153    23.0639   0.000082     0.0111         40     0.1625  0.000e+00
     -0.155    23.0642   0.000079     0.0111         41     0.1667  0.000e+00
     -0.150    23.0643   0.000085     0.0111         42     0.1708  0.000e+00
     -0.152    23.0646   0.000088     0.0111         43     0.1750  0.000e+00
     -0.155    23.0652   0.000079     0.0111         44     0.1792  0.000e+00
     -0.150    23.0647   0.000085     0.0111         45     0.1833  0.000e+00
     -0.157    23.0644   0.000088     0.0111         46     0.1875  0.000e+00
     -0.155    23.0647   0.000079     0.0111         47     0.1917  0.000e+00
     -0.153    23.0650   0.000085     0.0111         48     0.1958  0.000e+00
     -0.152    23.0640   0.000088     0.0111         49     0.2000  0.000e+00
     -0.155    23.0631   0.000085     0.0111         50     0.2042  0.000e+00
     -0.159    23.0625   0.000085     0.0111         51     0.2083  0.000e+00
     -0.157    23.0622   0.000091     0.0111         52     0.2125  0.000e+00
     -0.159    23.0616   0.000088     0.0111         53     0.2167  0.000e+00
     -0.153    23.0604   0.000085     0.0111         54     0.2208  0.000e+00
     -0.162    23.0602   0.000085     0.0111         55     0.2250  0.000e+00
     -0.161    23.0602   0.000088     0.0111         56     0.2292  0.000e+00
     -0.159    23.0605   0.000079     0.0111         57     0.2333  0.000e+00
     -0.157    23.0618   0.000085     0.0111         58     0.2375  0.000e+00
     -0.159    23.0632   0.000094     0.0111         59     0.2417  0.000e+00
     -0.161    23.0664   0.000079     0.0111         60     0.2458  0.000e+00
     -0.161    23.0689   0.000079     0.0111         61     0.2500  0.000e+00
     -0.164    23.0718   0.000088     0.0111         62     0.2542  0.000e+00
     -0.161    23.0742   0.000085     0.0111         63     0.2583  0.000e+00
     -0.162    23.0772   0.000079     0.0111         64     0.2625  0.000e+00
     -0.162    23.0797   0.000079     0.0111         65     0.2667  0.000e+00
     -0.159    23.0817   0.000088     0.0111         66     0.2708  0.000e+00
     -0.159    23.0831   0.000085     0.0111         67     0.2750  0.000e+00
     -0.159    23.0855   0.000079     0.0111         68     0.2792  0.000e+00
     -0.157    23.0876   0.000088     0.0111         69     0.2833  0.000e+00
     -0.154    23.0901   0.000079     0.0111         70     0.2875  0.000e+00
     -0.150    23.0911   0.000091     0.0111         71     0.2917  0.000e+00
     -0.154    23.0917   0.000082     0.0111         72     0.2958  0.000e+00
     -0.155    23.0924   0.000091     0.0111         73     0.3000  0.000e+00
     -0.154    23.0927   0.000079     0.0111         74     0.3042  0.000e+00
     -0.156    23.0928   0.000082     0.0111         75     0.3083  0.000e+00
     -0.157    23.0926   0.000079     0.0111         76     0.3125  0.000e+00
     -0.161    23.0928   0.000085     0.0111         77     0.3167  0.000e+00
     -0.164    23.0930   0.000085     0.0111         78     0.3208  0.000e+00
     -0.163    23.0929   0.000094     0.0111         79     0.3250  0.000e+00
     -0.166    23.0938   0.000085     0.0111         80     0.3292  0.000e+00
     -0.166    23.0951   0.000079     0.0112         81     0.3333  0.000e+00
     -0.166    23.0954   0.000082     0.0111         82     0.3375  0.000e+00
     -0.166    23.0964   0.000085     0.0111         83     0.3417  0.000e+00
     -0.170    23.0965   0.000085     0.0111         84     0.3458  0.000e+00
     -0.172    23.0965   0.000082     0.0112         85     0.3500  0.000e+00
     -0.166    23.0974   0.000085     0.0112         86     0.3542  0.000e+00
     -0.163    23.0971   0.000085     0.0111         87     0.3583  0.000e+00
     -0.161    23.0971   0.000079     0.0112         88     0.3625  0.000e+00
     -0.166    23.0962   0.000091     0.0111         89     0.3667  0.000e+00
     -0.166    23.0957   0.000085     0.0111         90     0.3708  0.000e+00
     -0.161    23.0961   0.000085     0.0111         91     0.3750  0.000e+00
     -0.161    23.0962   0.000094     0.0112         92     0.3792  0.000e+00
     -0.159    23.0964   0.000091     0.0111         93     0.3833  0.000e+00
     -0.155    23.0961   0.000079     0.0112         94     0.3875  0.000e+00
     -0.157    23.0962   0.000088     0.0111         95     0.3917  0.000e+00
     -0.159    23.0956   0.000085     0.0111         96     0.3958  0.000e+00
     -0.162    23.0951   0.000085     0.0111         97     0.4000  0.000e+00
     -0.159    23.0939   0.000082     0.0111         98     0.4042  0.000e+00
     -0.162    23.0921   0.000085     0.0111         99     0.4083  0.000e+00
     -0.157    23.0910   0.000091     0.0111        100     0.4125  0.000e+00
     -0.160    23.0897   0.000079     0.0111        101     0.4167  0.000e+00
     -0.166    23.0879   0.000079     0.0111        102     0.4208  0.000e+00
     -0.161    23.0867   0.000079     0.0111        103     0.4250  0.000e+00
     -0.164    23.0851   0.000085     0.0111        104     0.4292  0.000e+00
     -0.162    23.0839   0.000082     0.0111        105     0.4333  0.000e+00
     -0.174    23.0818   0.000091     0.0111        106     0.4375  0.000e+00
     -0.172    23.0798   0.000091     0.0111        107     0.4417  0.000e+00
     -0.168    23.0784   0.000088     0.0111        108     0.4458  0.000e+00
     -0.170    23.0778   0.000085     0.0111        109     0.4500  0.000e+00
     -0.166    23.0773   0.000085     0.0111        110     0.4542  0.000e+00
     -0.166    23.0772   0.000088     0.0111        111     0.4583  0.000e+00
     -0.166    23.0763   0.000085     0.0111        112     0.4625  0.000e+00
     -0.172    23.0746   0.000085     0.0111        113     0.4667  0.000e+00
     -0.170    23.0727   0.000082     0.0111        114     0.4708  0.000e+00
     -0.161    23.0715   0.000085     0.0111        115     0.4750  0.000e+00
     -0.159    23.0698   0.000085     0.0111        116     0.4792  0.000e+00
     -0.159    23.0687   0.000091     0.0111        117     0.4833  0.000e+00
     -0.159    23.0673   0.000088     0.0111        118     0.4875  0.000e+00
     -0.161    23.0655   0.000079     0.0111        119     0.4917  0.000e+00
     -0.164    23.0643   0.000085     0.0111        120     0.4958  0.000e+00
     -0.161    23.0628   0.000088     0.0111        121     0.5000  0.000e+00
     -0.162    23.0616   0.000085     0.0111        122     0.5042  0.000e+00
     -0.159    23.0598   0.000085     0.0111        123     0.5083  0.000e+00
     -0.164    23.0585   0.000088     0.0111        124     0.5125  0.000e+00
     -0.166    23.0571   0.000085     0.0111        125     0.5167  0.000e+00
     -0.164    23.0556   0.000085     0.0111        126     0.5208  0.000e+00
     -0.164    23.0540   0.000088     0.0111        127     0.5250  0.000e+00
     -0.164    23.0527   0.000085     0.0111        128     0.5292  0.000e+00
     -0.168    23.0502   0.000091     0.0111        129     0.5333  0.000e+00
     -0.175    23.0488   0.000085     0.0111        130     0.5375  0.000e+00
     -0.170    23.0473   0.000088     0.0111        131     0.5417  0.000e+00
     -0.168    23.0460   0.000091     0.0111        132     0.5458  0.000e+00
     -0.171    23.0446   0.000079     0.0111        133     0.5500  0.000e+00
     -0.166    23.0431   0.000088     0.0111        134     0.5542  0.000e+00
     -0.164    23.0420   0.000091     0.0111        135     0.5583  0.000e+00
     -0.164    23.0399   0.000085     0.0111        136     0.5625  0.000e+00
     -0.161    23.0389   0.000088     0.0111        137     0.5667  0.000e+00
     -0.161    23.0379   0.000079     0.0111        138     0.5708  0.000e+00
     -0.157    23.0366   0.000085     0.0111        139     0.5750  0.000e+00
     -0.154    23.0347   0.000094     0.0111        140     0.5792  0.000e+00
     -0.159    23.0330   0.000091     0.0111        141     0.5833  0.000e+00
     -0.157    23.0310   0.000085     0.0111        142     0.5875  0.000e+00
     -0.154    23.0298   0.000091     0.0111        143     0.5917  0.000e+00
     -0.156    23.0284   0.000082     0.0111        144     0.5958  0.000e+00
     -0.154    23.0264   0.000079     0.0111        145     0.6000  0.000e+00
     -0.158    23.0252   0.000091     0.0111        146     0.6042  0.000e+00
     -0.157    23.0237   0.000088     0.0111        147     0.6083  0.000e+00
     -0.161    23.0230   0.000079     0.0111        148     0.6125  0.000e+00
     -0.163    23.0217   0.000091     0.0111        149     0.6167  0.000e+00
     -0.165    23.0208   0.000088     0.0111        150     0.6208  0.000e+00
     -0.168    23.0198   0.000085     0.0111        151     0.6250  0.000e+00
     -0.163    23.0190   0.000085     0.0111        152     0.6292  0.000e+00
     -0.168    23.0181   0.000088     0.0111        153     0.6333  0.000e+00
     -0.163    23.0167   0.000085     0.0111        154     0.6375  0.000e+00
     -0.166    23.0156   0.000079     0.0111        155     0.6417  0.000e+00
     -0.164    23.0150   0.000079     0.0111        156     0.6458  0.000e+00
     -0.161    23.0140   0.000088     0.0111        157     0.6500  0.000e+00
     -0.159    23.0134   0.000085     0.0111        158     0.6542  0.000e+00
     -0.163    23.0126   0.000085     0.0111        159     0.6583  0.000e+00
     -0.163    23.0120   0.000082     0.0111        160     0.6625  0.000e+00
     -0.164    23.0114   0.000085     0.0111        161     0.6667  0.000e+00
     -0.161    23.0108   0.000079     0.0111        162     0.6708  0.000e+00
     -0.159    23.0104   0.000088     0.0111        163     0.6750  0.000e+00
     -0.161    23.0099   0.000091     0.0111        164     0.6792  0.000e+00
     -0.157    23.0094   0.000085     0.0111        165     0.6833  0.000e+00
     -0.153    23.0089   0.000082     0.0111        166     0.6875  0.000e+00
     -0.163    23.0079   0.000079     0.0111        167     0.6917  0.000e+00
     -0.164    23.0074   0.000091     0.0111        168     0.6958  0.000e+00
     -0.152    23.0059   0.000085     0.0111        169     0.7000  0.000e+00
      0.098    23.0050   0.000088     0.0111        170     0.7042  0.000e+00
      0.262    23.0064   0.000085     0.0111        171     0.7083  0.000e+00
      0.271    23.0052   0.194603     1.0319        172     0.7125  0.000e+00
      0.195    22.9527   0.849437     4.9396        173     0.7167  0.000e+00
     -0.036    22.8674   1.513921     9.2304        174     0.7208  0.000e+00
     -0.143    22.8041   1.975579    12.3437        175     0.7250  0.000e+00
     -0.152    22.7608   2.230430    14.1043        176     0.7292  0.000e+00
     -0.155    22.7298   0.752679     4.3604        177     0.7333  0.000e+00
     -0.159    22.7040   0.539948     3.0590        178     0.7375  0.000e+00
     -0.163    22.6840   0.437934     2.4488        179     0.7417  0.000e+00
     -0.154    22.6709   0.379564     2.1043        180     0.7458  0.000e+00
     -0.148    22.6586   0.317852     1.7442        181     0.7500  0.000e+00
     -0.154    22.6488   0.294530     1.6095        182     0.7542  0.000e+00
     -0.069    22.6442   0.225823     1.2163        183     0.7583  0.000e+00
      0.207    22.6450   1.841267    11.4740        184     0.7625  0.000e+00
      0.525    22.6505   1.360103     8.2595        185     0.7667  0.000e+00
      0.827    22.6592   1.416257     8.6274        186     0.7708  0.000e+00
      1.024    22.6657   3.333885    21.9746        187     0.7750  0.000e+00
      1.228    22.6694   3.169839    20.7830        188     0.7792  0.000e+00
      1.464    22.6709   3.102037    20.2929        189     0.7833  0.000e+00
      1.726    22.6706   4.788894    32.8638        190     0.7875  0.000e+00
      1.901    22.6690   2.606495    16.7607        191     0.7917  0.000e+00
      2.064    22.6672   3.798900    25.3894        192     0.7958  0.000e+00
      2.116    22.6655   4.865426    33.4568        193     0.8000  0.000e+00
      2.091    22.6647   4.828307    33.1714        194     0.8042  0.000e+00
      2.239    22.6638   4.865041    33.4551        195     0.8083  0.000e+00
      2.241    22.6630   4.870557    33.4983        196     0.8125  0.000e+00
      2.180    22.6635   4.866398    33.4658        197     0.8167  0.000e+00
      2.084    22.6686   4.736282    32.4610        198     0.8208  0.000e+00
      2.033    22.6745   4.103250    27.6541        199     0.8250  0.000e+00
      2.086    22.6781   4.854801    33.3654        200     0.8292  0.000e+00
      2.196    22.6773   4.848648    33.3185        201     0.8333  0.000e+00
      2.335    22.6749   4.845721    33.2977        202     0.8375  0.000e+00
      2.526    22.6726   4.849438    33.3281        203     0.8417  0.000e+00
      2.739    22.6697   4.852648    33.3549        204     0.8458  0.000e+00
      2.952    22.6671   4.854497    33.3711        205     0.8500  0.000e+00
      3.165    22.6678   4.846330    33.3075        206     0.8542  0.000e+00
      3.371    22.6732   4.824634    33.1363        207     0.8583  0.000e+00
      3.573    22.6791   4.808002    33.0038        208     0.8625  0.000e+00
      3.739    22.6853   4.793638    32.8886        209     0.8667  0.000e+00
      3.909    22.6909   4.786300    32.8279        210     0.8708  0.000e+00
      4.081    22.6953   4.784751    32.8127        211     0.8750  0.000e+00
      4.238    22.6982   4.778434    32.7619        212     0.8792  0.000e+00
      4.366    22.7008   4.777376    32.7518        213     0.8833  0.000e+00
      4.499    22.7023   4.780523    32.7748        214     0.8875  0.000e+00
      4.620    22.7033   4.784672    32.8058        215     0.8917  0.000e+00
