HB2303/sbe089.cnv
* Sea-Bird SBE 19plus V2 Data File:
* FileName = C:\cruise\data\sbe089.hex
* Software Version Seasave V 7.26.7.121
* Temperature SN = 6128
* Conductivity SN = 6128
* System UpLoad Time = Aug 17 2023 10:43:52
* NMEA Latitude = 42 35.78 N
* NMEA Longitude = 068 25.99 W
* NMEA UTC (Time) = Aug 17 2023 10:43:48
** Ship: Henry Bigelow
** Cruise:  HB2303
** Program:  ECOMON
# nquan = 7
# nvalues = 4609                                  
# units = specified
# name 0 = depSM: Depth [salt water, m]
# name 1 = tv290C: Temperature [ITS-90, deg C]
# name 2 = c0S/m: Conductivity [S/m]
# name 3 = sal00: Salinity, Practical [PSU]
# name 4 = scan: Scan Count
# name 5 = timeM: Time, Elapsed [minutes]
# name 6 = flag:  0.000e+00
# span 0 =     -0.227,    200.613                 
# span 1 =     6.7826,    21.0125                 
# span 2 =   0.008165,   4.456194                 
# span 3 =     0.0478,    34.3064                 
# span 4 =         11,       4619                 
# span 5 =     0.0417,    19.2417                 
# span 6 = 0.0000e+00, 0.0000e+00                 
# interval = seconds: 0.25
# start_time = Aug 17 2023 10:43:48 [NMEA time, header]
# bad_flag = -9.990e-29
*END*
[from data line 616]
     81.166     6.8717   3.319080    32.7844        627     2.6083  0.000e+00
     81.308     6.8705   3.319037    32.7850        628     2.6125  0.000e+00
     81.444     6.8690   3.319049    32.7865        629     2.6167  0.000e+00
     81.585     6.8664   3.318975    32.7881        630     2.6208  0.000e+00
     81.722     6.8640   3.319105    32.7917        631     2.6250  0.000e+00
     81.859     6.8625   3.318987    32.7918        632     2.6292  0.000e+00
     81.998     6.8622   3.318956    32.7917        633     2.6333  0.000e+00
     82.139     6.8621   3.319062    32.7929        634     2.6375  0.000e+00
     82.282     6.8626   3.318770    32.7891        635     2.6417  0.000e+00
     82.419     6.8599   3.318534    32.7891        636     2.6458  0.000e+00
     82.560     6.8544   3.318659    32.7956        637     2.6500  0.000e+00
     82.702     6.8510   3.318547    32.7976        638     2.6542  0.000e+00
     82.839     6.8482   3.318535    32.8000        639     2.6583  0.000e+00
     82.982     6.8464   3.318280    32.7989        640     2.6625  0.000e+00
     83.129     6.8433   3.318187    32.8008        641     2.6667  0.000e+00
     83.275     6.8394   3.317834    32.8006        642     2.6708  0.000e+00
     83.425     6.8338   3.317834    32.8058        643     2.6750  0.000e+00
     83.573     6.8298   3.317865    32.8099        644     2.6792  0.000e+00
     83.725     6.8279   3.317958    32.8127        645     2.6833  0.000e+00
     83.871     6.8275   3.317803    32.8113        646     2.6875  0.000e+00
     84.026     6.8258   3.317493    32.8095        647     2.6917  0.000e+00
     84.182     6.8215   3.317412    32.8126        648     2.6958  0.000e+00
     84.328     6.8178   3.317425    32.8162        649     2.7000  0.000e+00
     84.488     6.8155   3.317307    32.8170        650     2.7042  0.000e+00
     84.638     6.8138   3.317282    32.8183        651     2.7083  0.000e+00
     84.792     6.8118   3.317301    32.8203        652     2.7125  0.000e+00
     84.946     6.8105   3.317263    32.8211        653     2.7167  0.000e+00
     85.096     6.8094   3.317202    32.8214        654     2.7208  0.000e+00
     85.244     6.8083   3.317202    32.8224        655     2.7250  0.000e+00
     85.392     6.8074   3.317177    32.8229        656     2.7292  0.000e+00
     85.538     6.8065   3.317202    32.8240        657     2.7333  0.000e+00
     85.679     6.8055   3.317382    32.8269        658     2.7375  0.000e+00
     85.822     6.8049   3.317493    32.8286        659     2.7417  0.000e+00
     85.961     6.8049   3.317493    32.8285        660     2.7458  0.000e+00
     86.098     6.8051   3.317301    32.8262        661     2.7500  0.000e+00
     86.237     6.8044   3.317369    32.8275        662     2.7542  0.000e+00
     86.374     6.8039   3.317643    32.8309        663     2.7583  0.000e+00
     86.501     6.8038   3.317481    32.8291        664     2.7625  0.000e+00
     86.644     6.8035   3.317432    32.8289        665     2.7667  0.000e+00
     86.777     6.8029   3.317562    32.8308        666     2.7708  0.000e+00
     86.913     6.8023   3.317686    32.8326        667     2.7750  0.000e+00
     87.042     6.8024   3.317879    32.8346        668     2.7792  0.000e+00
     87.187     6.8026   3.317748    32.8329        669     2.7833  0.000e+00
     87.324     6.8027   3.318028    32.8358        670     2.7875  0.000e+00
     87.463     6.8031   3.318301    32.8383        671     2.7917  0.000e+00
     87.607     6.8041   3.318195    32.8362        672     2.7958  0.000e+00
     87.748     6.8047   3.318369    32.8374        673     2.8000  0.000e+00
     87.897     6.8051   3.318425    32.8376        674     2.8042  0.000e+00
     88.043     6.8055   3.318195    32.8346        675     2.8083  0.000e+00
     88.189     6.8051   3.318388    32.8371        676     2.8125  0.000e+00
     88.336     6.8051   3.318642    32.8398        677     2.8167  0.000e+00
     88.486     6.8059   3.319064    32.8436        678     2.8208  0.000e+00
     88.645     6.8074   3.318692    32.8380        679     2.8250  0.000e+00
     88.800     6.8079   3.319362    32.8447        680     2.8292  0.000e+00
     88.955     6.8090   3.319698    32.8474        681     2.8333  0.000e+00
     89.116     6.8110   3.320095    32.8497        682     2.8375  0.000e+00
     89.275     6.8133   3.320523    32.8522        683     2.8417  0.000e+00
     89.434     6.8157   3.320517    32.8497        684     2.8458  0.000e+00
     89.600     6.8172   3.321156    32.8552        685     2.8500  0.000e+00
     89.767     6.8193   3.321666    32.8587        686     2.8542  0.000e+00
     89.929     6.8218   3.321951    32.8593        687     2.8583  0.000e+00
     90.097     6.8241   3.322069    32.8584        688     2.8625  0.000e+00
     90.262     6.8257   3.322578    32.8623        689     2.8667  0.000e+00
     90.431     6.8277   3.323156    32.8667        690     2.8708  0.000e+00
     90.594     6.8296   3.323218    32.8654        691     2.8750  0.000e+00
     90.751     6.8312   3.323342    32.8652        692     2.8792  0.000e+00
     90.913     6.8323   3.323820    32.8693        693     2.8833  0.000e+00
     91.069     6.8339   3.324528    32.8755        694     2.8875  0.000e+00
     91.219     6.8364   3.325528    32.8840        695     2.8917  0.000e+00
     91.371     6.8402   3.325814    32.8834        696     2.8958  0.000e+00
     91.513     6.8439   3.325826    32.8800        697     2.9000  0.000e+00
     91.654     6.8463   3.326162    32.8813        698     2.9042  0.000e+00
     91.797     6.8487   3.326988    32.8879        699     2.9083  0.000e+00
     91.934     6.8521   3.326882    32.8835        700     2.9125  0.000e+00
     92.077     6.8549   3.327814    32.8910        701     2.9167  0.000e+00
     92.216     6.8583   3.328753    32.8979        702     2.9208  0.000e+00
     92.362     6.8633   3.329685    32.9033        703     2.9250  0.000e+00
     92.510     6.8690   3.329747    32.8984        704     2.9292  0.000e+00
     92.658     6.8732   3.330026    32.8974        705     2.9333  0.000e+00
     92.808     6.8764   3.330816    32.9029        706     2.9375  0.000e+00
     92.969     6.8806   3.331301    32.9041        707     2.9417  0.000e+00
     93.128     6.8846   3.331493    32.9024        708     2.9458  0.000e+00
     93.294     6.8872   3.331263    32.8972        709     2.9500  0.000e+00
     93.457     6.8879   3.331493    32.8990        710     2.9542  0.000e+00
     93.624     6.8885   3.331705    32.9007        711     2.9583  0.000e+00
     93.786     6.8889   3.332134    32.9049        712     2.9625  0.000e+00
     93.947     6.8901   3.332768    32.9106        713     2.9667  0.000e+00
     94.097     6.8918   3.332600    32.9071        714     2.9708  0.000e+00
     94.251     6.8928   3.332960    32.9100        715     2.9750  0.000e+00
     94.397     6.8935   3.333856    32.9191        716     2.9792  0.000e+00
     94.532     6.8953   3.334011    32.9190        717     2.9833  0.000e+00
     94.666     6.8969   3.334111    32.9185        718     2.9875  0.000e+00
     94.797     6.8975   3.334111    32.9178        719     2.9917  0.000e+00
     94.926     6.8975   3.334434    32.9213        720     2.9958  0.000e+00
     95.054     6.8977   3.334683    32.9238        721     3.0000  0.000e+00
     95.182     6.8982   3.334963    32.9263        722     3.0042  0.000e+00
     95.308     6.8984   3.334963    32.9261        723     3.0083  0.000e+00
     95.446     6.8994   3.335131    32.9269        724     3.0125  0.000e+00
     95.577     6.9001   3.335404    32.9291        725     3.0167  0.000e+00
     95.718     6.9003   3.335473    32.9296        726     3.0208  0.000e+00
     95.865     6.9003   3.335535    32.9302        727     3.0250  0.000e+00
     96.011     6.8998   3.335610    32.9315        728     3.0292  0.000e+00
     96.161     6.8989   3.335641    32.9326        729     3.0333  0.000e+00
     96.318     6.8981   3.335852    32.9356        730     3.0375  0.000e+00
     96.481     6.8972   3.335983    32.9379        731     3.0417  0.000e+00
     96.647     6.8963   3.336132    32.9402        732     3.0458  0.000e+00
     96.808     6.8954   3.336418    32.9442        733     3.0500  0.000e+00
     96.969     6.8948   3.336984    32.9508        734     3.0542  0.000e+00
     97.128     6.8948   3.337345    32.9548        735     3.0583  0.000e+00
     97.281     6.8956   3.337594    32.9567        736     3.0625  0.000e+00
     97.436     6.8968   3.337986    32.9597        737     3.0667  0.000e+00
     97.588     6.8985   3.337955    32.9577        738     3.0708  0.000e+00
     97.736     6.8999   3.338670    32.9640        739     3.0750  0.000e+00
     97.877     6.9020   3.340157    32.9782        740     3.0792  0.000e+00
     98.022     6.9066   3.339435    32.9659        741     3.0833  0.000e+00
     98.156     6.9085   3.339902    32.9691        742     3.0875  0.000e+00
     98.293     6.9099   3.342516    32.9963        743     3.0917  0.000e+00
     98.430     6.9177   3.344233    33.0076        744     3.0958  0.000e+00
     98.567     6.9292   3.344706    33.0017        745     3.1000  0.000e+00
     98.704     6.9388   3.345615    33.0023        746     3.1042  0.000e+00
     98.845     6.9464   3.345622    32.9950        747     3.1083  0.000e+00
     98.982     6.9512   3.346854    33.0038        748     3.1125  0.000e+00
     99.127     6.9566   3.346885    32.9989        749     3.1167  0.000e+00
     99.269     6.9610   3.346711    32.9928        750     3.1208  0.000e+00
     99.425     6.9629   3.346431    32.9878        751     3.1250  0.000e+00
     99.576     6.9634   3.347272    32.9965        752     3.1292  0.000e+00
     99.735     6.9649   3.347465    32.9970        753     3.1333  0.000e+00
     99.894     6.9682   3.348249    33.0024        754     3.1375  0.000e+00
    100.060     6.9714   3.348847    33.0058        755     3.1417  0.000e+00
    100.225     6.9752   3.350604    33.0213        756     3.1458  0.000e+00
    100.382     6.9811   3.351806    33.0287        757     3.1500  0.000e+00
    100.546     6.9889   3.351974    33.0230        758     3.1542  0.000e+00
    100.709     6.9946   3.352298    33.0210        759     3.1583  0.000e+00
    100.868     6.9983   3.352442    33.0190        760     3.1625  0.000e+00
    101.023     7.0010   3.352491    33.0168        761     3.1667  0.000e+00
    101.175     7.0026   3.353239    33.0233        762     3.1708  0.000e+00
    101.323     7.0048   3.353644    33.0256        763     3.1750  0.000e+00
    101.465     7.0068   3.353900    33.0264        764     3.1792  0.000e+00
    101.602     7.0088   3.354255    33.0283        765     3.1833  0.000e+00
    101.738     7.0107   3.354461    33.0287        766     3.1875  0.000e+00
    101.866     7.0122   3.354847    33.0314        767     3.1917  0.000e+00
    101.994     7.0137   3.354928    33.0308        768     3.1958  0.000e+00
    102.125     7.0149   3.355047    33.0308        769     3.2000  0.000e+00
    102.248     7.0158   3.355103    33.0305        770     3.2042  0.000e+00
    102.385     7.0165   3.355059    33.0293        771     3.2083  0.000e+00
    102.520     7.0167   3.355377    33.0325        772     3.2125  0.000e+00
    102.659     7.0173   3.355789    33.0364        773     3.2167  0.000e+00
    102.796     7.0183   3.355801    33.0355        774     3.2208  0.000e+00
    102.946     7.0192   3.355963    33.0363        775     3.2250  0.000e+00
    103.092     7.0200   3.356026    33.0362        776     3.2292  0.000e+00
    103.251     7.0204   3.356325    33.0390        777     3.2333  0.000e+00
    103.403     7.0211   3.356649    33.0418        778     3.2375  0.000e+00
    103.559     7.0223   3.357185    33.0464        779     3.2417  0.000e+00
    103.712     7.0244   3.357740    33.0504        780     3.2458  0.000e+00
    103.869     7.0269   3.358108    33.0519        781     3.2500  0.000e+00
    104.028     7.0297   3.358451    33.0530        782     3.2542  0.000e+00
    104.189     7.0319   3.359654    33.0639        783     3.2583  0.000e+00
    104.342     7.0350   3.360272    33.0676        784     3.2625  0.000e+00
    104.499     7.0384   3.360920    33.0713        785     3.2667  0.000e+00
    104.655     7.0416   3.361731    33.0771        786     3.2708  0.000e+00
    104.808     7.0452   3.362187    33.0785        787     3.2750  0.000e+00
    104.958     7.0483   3.362430    33.0781        788     3.2792  0.000e+00
    105.101     7.0507   3.362399    33.0753        789     3.2833  0.000e+00
    105.242     7.0522   3.362611    33.0762        790     3.2875  0.000e+00
    105.377     7.0534   3.363004    33.0793        791     3.2917  0.000e+00
    105.513     7.0544   3.362673    33.0746        792     3.2958  0.000e+00
    105.641     7.0548   3.362917    33.0769        793     3.3000  0.000e+00
    105.767     7.0546   3.363247    33.0806        794     3.3042  0.000e+00
    105.899     7.0552   3.363815    33.0861        795     3.3083  0.000e+00
    106.027     7.0567   3.364314    33.0901        796     3.3125  0.000e+00
    106.168     7.0589   3.364352    33.0883        797     3.3167  0.000e+00
    106.303     7.0604   3.364333    33.0866        798     3.3208  0.000e+00
    106.444     7.0613   3.364433    33.0867        799     3.3250  0.000e+00
    106.594     7.0618   3.364676    33.0889        800     3.3292  0.000e+00
    106.747     7.0624   3.364882    33.0905        801     3.3333  0.000e+00
    106.906     7.0634   3.365020    33.0909        802     3.3375  0.000e+00
    107.075     7.0644   3.365350    33.0935        803     3.3417  0.000e+00
    107.253     7.0657   3.365388    33.0926        804     3.3458  0.000e+00
    107.428     7.0671   3.365475    33.0921        805     3.3500  0.000e+00
    107.612     7.0678   3.365687    33.0936        806     3.3542  0.000e+00
    107.793     7.0687   3.365756    33.0934        807     3.3583  0.000e+00
    107.977     7.0691   3.365794    33.0934        808     3.3625  0.000e+00
    108.155     7.0694   3.365925    33.0944        809     3.3667  0.000e+00
    108.334     7.0699   3.366106    33.0959        810     3.3708  0.000e+00
    108.499     7.0710   3.366249    33.0963        811     3.3750  0.000e+00
    108.665     7.0723   3.366231    33.0947        812     3.3792  0.000e+00
    108.824     7.0729   3.366187    33.0937        813     3.3833  0.000e+00
    108.965     7.0726   3.366293    33.0950        814     3.3875  0.000e+00
    109.109     7.0726   3.366462    33.0968        815     3.3917  0.000e+00
    109.241     7.0731   3.366761    33.0995        816     3.3958  0.000e+00
    109.371     7.0740   3.367024    33.1015        817     3.4000  0.000e+00
    109.491     7.0754   3.367111    33.1010        818     3.4042  0.000e+00
    109.612     7.0764   3.367348    33.1026        819     3.4083  0.000e+00
    109.728     7.0775   3.367517    33.1033        820     3.4125  0.000e+00
    109.847     7.0787   3.368378    33.1115        821     3.4167  0.000e+00
    109.967     7.0812   3.368746    33.1131        822     3.4208  0.000e+00
    110.097     7.0840   3.368703    33.1098        823     3.4250  0.000e+00
    110.235     7.0857   3.368640    33.1074        824     3.4292  0.000e+00
    110.381     7.0867   3.368722    33.1073        825     3.4333  0.000e+00
    110.535     7.0873   3.368853    33.1080        826     3.4375  0.000e+00
    110.699     7.0880   3.368971    33.1087        827     3.4417  0.000e+00
    110.880     7.0889   3.369196    33.1101        828     3.4458  0.000e+00
    111.059     7.0898   3.369402    33.1114        829     3.4500  0.000e+00
    111.248     7.0915   3.369758    33.1136        830     3.4542  0.000e+00
