HB2303/sbe047.cnv
* Sea-Bird SBE 19plus V2 Data File:
* FileName = C:\cruise\data\sbe047.hex
* Software Version Seasave V 7.26.7.121
* Temperature SN = 6128
* Conductivity SN = 6128
* System UpLoad Time = Aug 13 2023 03:47:16
* NMEA Latitude = 38 19.56 N
* NMEA Longitude = 073 38.83 W
* NMEA UTC (Time) = Aug 13 2023 03:47:12
** Ship: Henry Bigelow
** Cruise:  HB2303
** Program:  ECOMON
# nquan = 7
# nvalues = 2494                                  
# units = specified
# name 0 = depSM: Depth [salt water, m]
# name 1 = tv290C: Temperature [ITS-90, deg C]
# name 2 = c0S/m: Conductivity [S/m]
# name 3 = sal00: Salinity, Practical [PSU]
# name 4 = scan: Scan Count
# name 5 = timeM: Time, Elapsed [minutes]
# name 6 = flag:  0.000e+00
# span 0 =     -0.161,    125.728                 
# span 1 =    11.4157,    25.2090                 
# span 2 =   0.000129,   5.068206                 
# span 3 =     0.0119,    35.6170                 
# span 4 =         11,       2504                 
# span 5 =     0.0417,    10.4292                 
# span 6 = 0.0000e+00, 0.0000e+00                 
# interval = seconds: 0.25
# start_time = Aug 13 2023 03:47:12 [NMEA time, header]
# bad_flag = -9.990e-29
*END*
[from data line 2462]
      0.753    25.1922   5.067281    33.0868       2473    10.3000  0.000e+00
      0.653    25.1919   5.066978    33.0848       2474    10.3042  0.000e+00
      0.584    25.1906   5.066867    33.0850       2475    10.3083  0.000e+00
      0.537    25.1896   5.066890    33.0859       2476    10.3125  0.000e+00
      0.501    25.1888   5.066926    33.0867       2477    10.3167  0.000e+00
      0.432    25.1885   5.067037    33.0878       2478    10.3208  0.000e+00
      0.373    25.1888   5.066867    33.0864       2479    10.3250  0.000e+00
      0.318    25.1887   5.066889    33.0866       2480    10.3292  0.000e+00
      0.246    25.1884   5.066779    33.0860       2481    10.3333  0.000e+00
      0.176    25.1880   5.066867    33.0870       2482    10.3375  0.000e+00
      0.118    25.1880   5.066808    33.0866       2483    10.3417  0.000e+00
      0.071    25.1878   5.066668    33.0857       2484    10.3458  0.000e+00
     -0.015    25.1870   5.066838    33.0875       2485    10.3500  0.000e+00
     -0.106    25.1870   5.066838    33.0876       2486    10.3542  0.000e+00
     -0.122    25.1875   5.066948    33.0881       2487    10.3583  0.000e+00
     -0.133    25.1880   5.067096    33.0888       2488    10.3625  0.000e+00
     -0.144    25.1891   5.067332    33.0897       2489    10.3667  0.000e+00
     -0.161    25.1900   5.066749    33.0847       2490    10.3708  0.000e+00
     -0.145    25.1896   5.066668    33.0844       2491    10.3750  0.000e+00
     -0.101    25.1882   5.066778    33.0863       2492    10.3792  0.000e+00
     -0.058    25.1876   5.066719    33.0863       2493    10.3833  0.000e+00
     -0.038    25.1873   5.066719    33.0865       2494    10.3875  0.000e+00
     -0.011    25.1873   5.066417    33.0842       2495    10.3917  0.000e+00
      0.045    25.1861   5.066195    33.0835       2496    10.3958  0.000e+00
      0.107    25.1842   5.066254    33.0853       2497    10.4000  0.000e+00
      0.152    25.1832   5.066247    33.0860       2498    10.4042  0.000e+00
      0.157    25.1830   5.066255    33.0862       2499    10.4083  0.000e+00
      0.148    25.1827   5.066136    33.0855       2500    10.4125  0.000e+00
      0.155    25.1825   5.066195    33.0861       2501    10.4167  0.000e+00
      0.174    25.1824   5.066136    33.0857       2502    10.4208  0.000e+00
      0.186    25.1825   5.066136    33.0857       2503    10.4250  0.000e+00
      0.210    25.1822   5.066343    33.0874       2504    10.4292  0.000e+00
