HB2303/sbe010.cnv
* Sea-Bird SBE 19plus V2 Data File:
* FileName = C:\cruise\data\sbe010.hex
* Software Version Seasave V 7.26.7.121
* Temperature SN = 6128
* Conductivity SN = 6128
* System UpLoad Time = Aug 09 2023 21:33:19
* NMEA Latitude = 40 36.37 N
* NMEA Longitude = 072 27.50 W
* NMEA UTC (Time) = Aug 09 2023 21:33:14
** Ship: Henry Bigelow
** Cruise:  HB2303
** Program:  ECOMON
# nquan = 7
# nvalues = 1058                                  
# units = specified
# name 0 = depSM: Depth [salt water, m]
# name 1 = tv290C: Temperature [ITS-90, deg C]
# name 2 = c0S/m: Conductivity [S/m]
# name 3 = sal00: Salinity, Practical [PSU]
# name 4 = scan: Scan Count
# name 5 = timeM: Time, Elapsed [minutes]
# name 6 = flag:  0.000e+00
# span 0 =     -0.242,     36.915                 
# span 1 =    11.1012,    23.8808                 
# span 2 =  -0.005127,   4.526088                 
# span 3 =     0.0000,    32.8640                 
# span 4 =         11,       1068                 
# span 5 =     0.0417,     4.4458                 
# span 6 = 0.0000e+00, 0.0000e+00                 
# interval = seconds: 0.25
# start_time = Aug 09 2023 21:33:14 [NMEA time, header]
# bad_flag = -9.990e-29
*END*
[from data line 616]
     24.379    11.4916   3.692221    32.4445        627     2.6083  0.000e+00
     24.283    11.4933   3.691755    32.4385        628     2.6125  0.000e+00
     24.191    11.4932   3.692001    32.4411        629     2.6167  0.000e+00
     24.090    11.4938   3.692253    32.4431        630     2.6208  0.000e+00
     23.992    11.4957   3.692305    32.4419        631     2.6250  0.000e+00
     23.893    11.4981   3.693347    32.4500        632     2.6292  0.000e+00
     23.795    11.5034   3.694442    32.4562        633     2.6333  0.000e+00
     23.699    11.5118   3.696812    32.4720        634     2.6375  0.000e+00
     23.603    11.5256   3.700128    32.4923        635     2.6417  0.000e+00
     23.511    11.5471   3.702791    32.4995        636     2.6458  0.000e+00
     23.424    11.5720   3.706291    32.5119        637     2.6500  0.000e+00
     23.343    11.6006   3.709767    32.5207        638     2.6542  0.000e+00
     23.271    11.6325   3.711278    32.5075        639     2.6583  0.000e+00
     23.199    11.6592   3.711465    32.4859        640     2.6625  0.000e+00
     23.130    11.6766   3.711627    32.4723        641     2.6667  0.000e+00
     23.063    11.6870   3.711647    32.4635        642     2.6708  0.000e+00
     23.002    11.6929   3.711673    32.4586        643     2.6750  0.000e+00
     22.942    11.6959   3.711484    32.4541        644     2.6792  0.000e+00
     22.882    11.6953   3.698979    32.3330        645     2.6833  0.000e+00
     22.819    11.6685   3.695929    32.3268        646     2.6875  0.000e+00
     22.752    11.6335   3.695715    32.3553        647     2.6917  0.000e+00
     22.687    11.6107   3.695968    32.3776        648     2.6958  0.000e+00
     22.608    11.5981   3.696078    32.3897        649     2.7000  0.000e+00
     22.534    11.5890   3.680852    32.2492        650     2.7042  0.000e+00
     22.464    11.5533   3.677052    32.2433        651     2.7083  0.000e+00
     22.379    11.5092   3.676826    32.2796        652     2.7125  0.000e+00
     22.305    11.4799   3.676691    32.3038        653     2.7167  0.000e+00
     22.218    11.4630   3.676555    32.3174        654     2.7208  0.000e+00
     22.132    11.4530   3.676730    32.3278        655     2.7250  0.000e+00
     22.052    11.4481   3.676917    32.3340        656     2.7292  0.000e+00
     21.971    11.4461   3.676962    32.3362        657     2.7333  0.000e+00
     21.882    11.4458   3.677234    32.3392        658     2.7375  0.000e+00
     21.801    11.4466   3.677305    32.3392        659     2.7417  0.000e+00
     21.709    11.4471   3.676988    32.3357        660     2.7458  0.000e+00
     21.626    11.4469   3.677395    32.3399        661     2.7500  0.000e+00
     21.534    11.4477   3.678778    32.3528        662     2.7542  0.000e+00
     21.445    11.4527   3.679593    32.3563        663     2.7583  0.000e+00
     21.362    11.4598   3.680071    32.3549        664     2.7625  0.000e+00
     21.279    11.4666   3.680078    32.3491        665     2.7667  0.000e+00
     21.190    11.4709   3.680271    32.3472        666     2.7708  0.000e+00
     21.107    11.4743   3.680136    32.3430        667     2.7750  0.000e+00
     21.028    11.4762   3.680090    32.3409        668     2.7792  0.000e+00
     20.948    11.4771   3.680097    32.3401        669     2.7833  0.000e+00
     20.860    11.4778   3.680181    32.3404        670     2.7875  0.000e+00
     20.786    11.4783   3.680297    32.3411        671     2.7917  0.000e+00
     20.693    11.4793   3.680497    32.3422        672     2.7958  0.000e+00
     20.612    11.4805   3.680814    32.3443        673     2.8000  0.000e+00
     20.529    11.4828   3.681351    32.3476        674     2.8042  0.000e+00
     20.442    11.4859   3.681816    32.3495        675     2.8083  0.000e+00
     20.352    11.4900   3.681771    32.3455        676     2.8125  0.000e+00
     20.276    11.4928   3.681726    32.3427        677     2.8167  0.000e+00
     20.193    11.4944   3.681726    32.3413        678     2.8208  0.000e+00
     20.125    11.4953   3.681719    32.3404        679     2.8250  0.000e+00
     20.067    11.4957   3.681654    32.3395        680     2.8292  0.000e+00
     20.003    11.4957   3.681654    32.3396        681     2.8333  0.000e+00
     19.951    11.4957   3.681590    32.3389        682     2.8375  0.000e+00
     19.900    11.4957   3.681628    32.3393        683     2.8417  0.000e+00
     19.848    11.4955   3.681609    32.3394        684     2.8458  0.000e+00
     19.805    11.4955   3.681745    32.3407        685     2.8500  0.000e+00
     19.758    11.4960   3.681816    32.3409        686     2.8542  0.000e+00
     19.707    11.4966   3.682042    32.3427        687     2.8583  0.000e+00
     19.655    11.4977   3.682365    32.3449        688     2.8625  0.000e+00
     19.595    11.4997   3.683788    32.3571        689     2.8667  0.000e+00
     19.539    11.5053   3.685767    32.3716        690     2.8708  0.000e+00
     19.472    11.5169   3.688498    32.3881        691     2.8750  0.000e+00
     19.403    11.5348   3.691610    32.4029        692     2.8792  0.000e+00
     19.328    11.5581   3.694575    32.4114        693     2.8833  0.000e+00
     19.254    11.5846   3.697243    32.4143        694     2.8875  0.000e+00
     19.168    11.6122   3.701467    32.4313        695     2.8917  0.000e+00
     19.078    11.6448   3.706282    32.4498        696     2.8958  0.000e+00
     18.984    11.6842   3.710984    32.4611        697     2.9000  0.000e+00
     18.892    11.7275   3.716051    32.4727        698     2.9042  0.000e+00
     18.789    11.7746   3.721399    32.4835        699     2.9083  0.000e+00
     18.689    11.8250   3.725933    32.4835        700     2.9125  0.000e+00
     18.586    11.8751   3.729383    32.4732        701     2.9167  0.000e+00
     18.480    11.9203   3.733101    32.4699        702     2.9208  0.000e+00
     18.377    11.9619   3.736293    32.4645        703     2.9250  0.000e+00
     18.274    12.0004   3.739403    32.4611        704     2.9292  0.000e+00
     18.171    12.0356   3.742526    32.4607        705     2.9333  0.000e+00
     18.073    12.0688   3.745396    32.4595        706     2.9375  0.000e+00
     17.978    12.1003   3.747388    32.4514        707     2.9417  0.000e+00
     17.885    12.1284   3.748704    32.4397        708     2.9458  0.000e+00
     17.795    12.1510   3.750052    32.4331        709     2.9500  0.000e+00
     17.716    12.1700   3.751426    32.4299        710     2.9542  0.000e+00
     17.645    12.1873   3.752611    32.4264        711     2.9583  0.000e+00
     17.587    12.2029   3.753765    32.4239        712     2.9625  0.000e+00
     17.531    12.2176   3.755068    32.4238        713     2.9667  0.000e+00
     17.488    12.2319   3.756228    32.4225        714     2.9708  0.000e+00
     17.450    12.2459   3.757205    32.4198        715     2.9750  0.000e+00
     17.415    12.2591   3.758164    32.4175        716     2.9792  0.000e+00
     17.379    12.2712   3.759089    32.4160        717     2.9833  0.000e+00
     17.353    12.2826   3.760113    32.4160        718     2.9875  0.000e+00
     17.319    12.2941   3.761137    32.4159        719     2.9917  0.000e+00
     17.278    12.3054   3.761717    32.4117        720     2.9958  0.000e+00
     17.232    12.3149   3.761489    32.4012        721     3.0000  0.000e+00
     17.171    12.3212   3.760275    32.3842        722     3.0042  0.000e+00
     17.114    12.3239   3.759962    32.3790        723     3.0083  0.000e+00
     17.059    12.3247   3.760647    32.3848        724     3.0125  0.000e+00
     16.981    12.3282   3.761371    32.3887        725     3.0167  0.000e+00
     16.900    12.3340   3.761247    32.3826        726     3.0208  0.000e+00
     16.815    12.3403   3.761090    32.3757        727     3.0250  0.000e+00
     16.724    12.3466   3.761423    32.3734        728     3.0292  0.000e+00
     16.629    12.3519   3.761931    32.3738        729     3.0333  0.000e+00
     16.531    12.3576   3.763653    32.3854        730     3.0375  0.000e+00
     16.434    12.3685   3.768084    32.4185        731     3.0417  0.000e+00
     16.333    12.3915   3.772679    32.4427        732     3.0458  0.000e+00
     16.239    12.4242   3.777114    32.4569        733     3.0500  0.000e+00
     16.148    12.4616   3.782014    32.4714        734     3.0542  0.000e+00
     16.065    12.5025   3.786329    32.4773        735     3.0583  0.000e+00
     15.988    12.5444   3.789854    32.4748        736     3.0625  0.000e+00
     15.906    12.5835   3.794276    32.4833        737     3.0667  0.000e+00
     15.840    12.6226   3.798839    32.4930        738     3.0708  0.000e+00
     15.774    12.6642   3.804642    32.5123        739     3.0750  0.000e+00
     15.715    12.7109   3.809550    32.5187        740     3.0792  0.000e+00
     15.661    12.7592   3.813936    32.5188        741     3.0833  0.000e+00
     15.608    12.8063   3.818974    32.5261        742     3.0875  0.000e+00
     15.561    12.8541   3.823121    32.5243        743     3.0917  0.000e+00
     15.516    12.9004   3.827376    32.5247        744     3.0958  0.000e+00
     15.474    12.9444   3.830430    32.5158        745     3.1000  0.000e+00
     15.434    12.9842   3.833656    32.5121        746     3.1042  0.000e+00
     15.384    13.0202   3.837507    32.5177        747     3.1083  0.000e+00
     15.324    13.0555   3.841847    32.5283        748     3.1125  0.000e+00
     15.264    13.0928   3.846110    32.5365        749     3.1167  0.000e+00
     15.199    13.1324   3.851455    32.5529        750     3.1208  0.000e+00
     15.132    13.1757   3.856118    32.5597        751     3.1250  0.000e+00
     15.057    13.2218   3.862101    32.5765        752     3.1292  0.000e+00
     14.981    13.2713   3.863702    32.5491        753     3.1333  0.000e+00
     14.892    13.3106   3.864229    32.5205        754     3.1375  0.000e+00
     14.813    13.3346   3.845620    32.3257        755     3.1417  0.000e+00
     14.728    13.3144   3.831673    32.2124        756     3.1458  0.000e+00
     14.650    13.2574   3.831838    32.2622        757     3.1500  0.000e+00
     14.563    13.2174   3.831990    32.2976        758     3.1542  0.000e+00
     14.489    13.1956   3.835506    32.3492        759     3.1583  0.000e+00
     14.413    13.1970   3.851414    32.4975        760     3.1625  0.000e+00
     14.339    13.2505   3.861058    32.5424        761     3.1667  0.000e+00
     14.274    13.3309   3.865283    32.5133        762     3.1708  0.000e+00
     14.211    13.4016   3.864986    32.4503        763     3.1750  0.000e+00
     14.156    13.4486   3.871595    32.4720        764     3.1792  0.000e+00
     14.102    13.4982   3.888984    32.5922        765     3.1833  0.000e+00
     14.053    13.5881   3.910166    32.7130        766     3.1875  0.000e+00
     14.010    13.7270   3.933354    32.8099        767     3.1917  0.000e+00
     13.964    13.9029   3.955032    32.8606        768     3.1958  0.000e+00
     13.921    14.0946   3.965705    32.7956        769     3.2000  0.000e+00
     13.881    14.2599   3.971668    32.7101        770     3.2042  0.000e+00
     13.836    14.3844   3.976548    32.6497        771     3.2083  0.000e+00
     13.793    14.4761   3.981097    32.6140        772     3.2125  0.000e+00
     13.748    14.5485   3.987559    32.6120        773     3.2167  0.000e+00
     13.699    14.6143   3.996317    32.6366        774     3.2208  0.000e+00
     13.646    14.6864   4.007063    32.6738        775     3.2250  0.000e+00
     13.588    14.7715   4.017460    32.6968        776     3.2292  0.000e+00
     13.526    14.8632   4.022738    32.6678        777     3.2333  0.000e+00
     13.458    14.9453   4.024567    32.6156        778     3.2375  0.000e+00
     13.389    15.0121   4.033204    32.6378        779     3.2417  0.000e+00
     13.306    15.0862   4.046752    32.6981        780     3.2458  0.000e+00
     13.226    15.1858   4.060432    32.7380        781     3.2500  0.000e+00
     13.148    15.3045   4.079610    32.8111        782     3.2542  0.000e+00
     13.081    15.4510   4.099169    32.8640        783     3.2583  0.000e+00
     13.014    15.6214   4.112014    32.8366        784     3.2625  0.000e+00
     12.949    15.7811   4.120496    32.7794        785     3.2667  0.000e+00
     12.895    15.9136   4.127353    32.7305        786     3.2708  0.000e+00
     12.846    16.0208   4.134696    32.7069        787     3.2750  0.000e+00
     12.804    16.1142   4.142194    32.6961        788     3.2792  0.000e+00
     12.766    16.1992   4.148727    32.6837        789     3.2833  0.000e+00
     12.731    16.2765   4.153520    32.6624        790     3.2875  0.000e+00
     12.702    16.3439   4.158362    32.6496        791     3.2917  0.000e+00
     12.665    16.4034   4.164450    32.6542        792     3.2958  0.000e+00
     12.627    16.4631   4.170896    32.6618        793     3.3000  0.000e+00
     12.594    16.5269   4.176556    32.6592        794     3.3042  0.000e+00
     12.554    16.5941   4.181076    32.6438        795     3.3083  0.000e+00
     12.502    16.6610   4.183342    32.6090        796     3.3125  0.000e+00
     12.438    16.7162   4.186189    32.5888        797     3.3167  0.000e+00
     12.370    16.7643   4.190658    32.5886        798     3.3208  0.000e+00
     12.290    16.8185   4.195737    32.5887        799     3.3250  0.000e+00
     12.194    16.8781   4.199303    32.5713        800     3.3292  0.000e+00
     12.093    16.9418   4.201580    32.5395        801     3.3333  0.000e+00
     11.995    17.0118   4.207285    32.5323        802     3.3375  0.000e+00
     11.885    17.0855   4.214086    32.5314        803     3.3417  0.000e+00
     11.793    17.1682   4.221869    32.5318        804     3.3458  0.000e+00
     11.701    17.2610   4.226004    32.4927        805     3.3500  0.000e+00
     11.618    17.3483   4.229827    32.4554        806     3.3542  0.000e+00
     11.545    17.4298   4.234760    32.4324        807     3.3583  0.000e+00
     11.489    17.5065   4.238319    32.4015        808     3.3625  0.000e+00
     11.439    17.5700   4.241154    32.3751        809     3.3667  0.000e+00
     11.399    17.6222   4.243701    32.3552        810     3.3708  0.000e+00
     11.373    17.6676   4.245797    32.3370        811     3.3750  0.000e+00
     11.350    17.7056   4.247764    32.3235        812     3.3792  0.000e+00
     11.334    17.7374   4.249490    32.3129        813     3.3833  0.000e+00
     11.323    17.7646   4.251656    32.3097        814     3.3875  0.000e+00
     11.310    17.7894   4.254063    32.3105        815     3.3917  0.000e+00
     11.303    17.8154   4.256203    32.3081        816     3.3958  0.000e+00
     11.290    17.8429   4.259262    32.3122        817     3.4000  0.000e+00
     11.278    17.8757   4.261705    32.3069        818     3.4042  0.000e+00
     11.260    17.9078   4.263715    32.2985        819     3.4083  0.000e+00
     11.232    17.9368   4.265912    32.2942        820     3.4125  0.000e+00
     11.207    17.9652   4.268081    32.2901        821     3.4167  0.000e+00
     11.181    17.9941   4.270004    32.2834        822     3.4208  0.000e+00
     11.143    18.0236   4.271652    32.2741        823     3.4250  0.000e+00
     11.094    18.0502   4.274146    32.2741        824     3.4292  0.000e+00
     11.047    18.0785   4.278345    32.2872        825     3.4333  0.000e+00
     10.982    18.1168   4.283728    32.3024        826     3.4375  0.000e+00
     10.904    18.1655   4.291220    32.3271        827     3.4417  0.000e+00
     10.825    18.2276   4.299289    32.3460        828     3.4458  0.000e+00
     10.742    18.3070   4.309943    32.3729        829     3.4500  0.000e+00
     10.651    18.4115   4.318488    32.3622        830     3.4542  0.000e+00
