HB2303/sbe044.cnv
* Sea-Bird SBE 19plus V2 Data File:
* FileName = C:\cruise\data\sbe044.hex
* Software Version Seasave V 7.26.7.121
* Temperature SN = 6128
* Conductivity SN = 6128
* System UpLoad Time = Aug 12 2023 19:34:52
* NMEA Latitude = 37 41.97 N
* NMEA Longitude = 074 15.30 W
* NMEA UTC (Time) = Aug 12 2023 19:34:48
** Ship: Henry Bigelow
** Cruise:  HB2303
** Program:  ECOMON
# nquan = 7
# nvalues = 1924                                  
# units = specified
# name 0 = depSM: Depth [salt water, m]
# name 1 = tv290C: Temperature [ITS-90, deg C]
# name 2 = c0S/m: Conductivity [S/m]
# name 3 = sal00: Salinity, Practical [PSU]
# name 4 = scan: Scan Count
# name 5 = timeM: Time, Elapsed [minutes]
# name 6 = flag:  0.000e+00
# span 0 =     -0.225,    110.478                 
# span 1 =     9.8394,    27.6940                 
# span 2 =   0.000109,   5.123568                 
# span 3 =     0.0127,    35.8759                 
# span 4 =         11,       1934                 
# span 5 =     0.0417,     8.0542                 
# span 6 = 0.0000e+00, 0.0000e+00                 
# interval = seconds: 0.25
# start_time = Aug 12 2023 19:34:48 [NMEA time, header]
# bad_flag = -9.990e-29
*END*
[from data line 411]
     54.483    10.7321   3.756937    33.7553        422     1.7542  0.000e+00
     54.700    10.7454   3.758215    33.7556        423     1.7583  0.000e+00
     54.915    10.7576   3.760589    33.7681        424     1.7625  0.000e+00
     55.128    10.7703   3.762473    33.7750        425     1.7667  0.000e+00
     55.332    10.7845   3.766114    33.7983        426     1.7708  0.000e+00
     55.535    10.8029   3.770754    33.8275        427     1.7750  0.000e+00
     55.739    10.8273   3.773163    33.8289        428     1.7792  0.000e+00
     55.938    10.8514   3.773646    33.8115        429     1.7833  0.000e+00
     56.131    10.8700   3.777860    33.8362        430     1.7875  0.000e+00
     56.334    10.8903   3.779689    33.8356        431     1.7917  0.000e+00
     56.530    10.9098   3.781767    33.8382        432     1.7958  0.000e+00
     56.727    10.9274   3.783375    33.8380        433     1.8000  0.000e+00
     56.926    10.9428   3.785284    33.8426        434     1.8042  0.000e+00
     57.129    10.9579   3.786389    33.8396        435     1.8083  0.000e+00
     57.324    10.9710   3.787658    33.8401        436     1.8125  0.000e+00
     57.524    10.9823   3.788868    33.8416        437     1.8167  0.000e+00
     57.730    10.9924   3.789980    33.8432        438     1.8208  0.000e+00
     57.927    11.0020   3.790791    33.8424        439     1.8250  0.000e+00
     58.130    11.0103   3.791412    33.8409        440     1.8292  0.000e+00
     58.339    11.0168   3.792453    33.8451        441     1.8333  0.000e+00
     58.542    11.0231   3.793015    33.8448        442     1.8375  0.000e+00
     58.746    11.0293   3.793860    33.8474        443     1.8417  0.000e+00
     58.948    11.0355   3.795005    33.8530        444     1.8458  0.000e+00
     59.158    11.0429   3.795928    33.8552        445     1.8500  0.000e+00
     59.360    11.0500   3.796439    33.8537        446     1.8542  0.000e+00
     59.576    11.0560   3.797106    33.8547        447     1.8583  0.000e+00
     59.783    11.0615   3.797669    33.8551        448     1.8625  0.000e+00
     59.995    11.0664   3.798567    33.8594        449     1.8667  0.000e+00
     60.201    11.0717   3.799306    33.8618        450     1.8708  0.000e+00
     60.410    11.0770   3.799981    33.8635        451     1.8750  0.000e+00
     60.616    11.0820   3.800747    33.8665        452     1.8792  0.000e+00
     60.824    11.0873   3.800924    33.8632        453     1.8833  0.000e+00
     61.027    11.0912   3.801265    33.8629        454     1.8875  0.000e+00
     61.226    11.0934   3.801422    33.8623        455     1.8917  0.000e+00
     61.426    11.0954   3.802339    33.8695        456     1.8958  0.000e+00
     61.616    11.0979   3.803662    33.8802        457     1.9000  0.000e+00
     61.809    11.1028   3.804494    33.8839        458     1.9042  0.000e+00
     61.999    11.1090   3.805215    33.8853        459     1.9083  0.000e+00
     62.185    11.1151   3.806971    33.8970        460     1.9125  0.000e+00
     62.377    11.1230   3.809397    33.9137        461     1.9167  0.000e+00
     62.566    11.1352   3.812799    33.9361        462     1.9208  0.000e+00
     62.758    11.1523   3.815574    33.9477        463     1.9250  0.000e+00
     62.962    11.1727   3.819746    33.9703        464     1.9292  0.000e+00
     63.168    11.1973   3.823816    33.9878        465     1.9333  0.000e+00
     63.385    11.2244   3.825963    33.9839        466     1.9375  0.000e+00
     63.606    11.2488   3.831086    34.0119        467     1.9417  0.000e+00
     63.833    11.2763   3.836028    34.0354        468     1.9458  0.000e+00
     64.074    11.3079   3.838868    34.0341        469     1.9500  0.000e+00
     64.318    11.3377   3.843617    34.0535        470     1.9542  0.000e+00
     64.571    11.3682   3.846552    34.0542        471     1.9583  0.000e+00
     64.818    11.3971   3.855085    34.1116        472     1.9625  0.000e+00
     65.071    11.4356   3.862761    34.1516        473     1.9667  0.000e+00
     65.326    11.4828   3.869936    34.1786        474     1.9708  0.000e+00
     65.577    11.5337   3.879533    34.2259        475     1.9750  0.000e+00
     65.821    11.5913   3.886661    34.2426        476     1.9792  0.000e+00
     66.061    11.6514   3.898292    34.3011        477     1.9833  0.000e+00
     66.304    11.7169   3.901488    34.2718        478     1.9875  0.000e+00
     66.531    11.7721   3.907725    34.2818        479     1.9917  0.000e+00
     66.752    11.8215   3.912302    34.2810        480     1.9958  0.000e+00
     66.961    11.8655   3.916875    34.2849        481     2.0000  0.000e+00
     67.166    11.9064   3.920091    34.2786        482     2.0042  0.000e+00
     67.366    11.9402   3.920581    34.2521        483     2.0083  0.000e+00
     67.556    11.9633   3.921609    34.2409        484     2.0125  0.000e+00
     67.747    11.9797   3.923327    34.2424        485     2.0167  0.000e+00
     67.935    11.9938   3.923957    34.2356        486     2.0208  0.000e+00
     68.118    12.0046   3.924939    34.2351        487     2.0250  0.000e+00
     68.306    12.0137   3.926034    34.2373        488     2.0292  0.000e+00
     68.494    12.0223   3.926877    34.2375        489     2.0333  0.000e+00
     68.673    12.0300   3.927388    34.2353        490     2.0375  0.000e+00
     68.854    12.0366   3.927998    34.2352        491     2.0417  0.000e+00
     69.040    12.0421   3.928231    34.2323        492     2.0458  0.000e+00
     69.215    12.0462   3.928735    34.2333        493     2.0500  0.000e+00
     69.401    12.0498   3.929512    34.2376        494     2.0542  0.000e+00
     69.584    12.0542   3.930282    34.2409        495     2.0583  0.000e+00
     69.766    12.0593   3.931291    34.2460        496     2.0625  0.000e+00
     69.949    12.0650   3.932227    34.2497        497     2.0667  0.000e+00
     70.131    12.0718   3.935289    34.2732        498     2.0708  0.000e+00
     70.319    12.0829   3.939408    34.3030        499     2.0750  0.000e+00
     70.500    12.1011   3.945178    34.3421        500     2.0792  0.000e+00
     70.693    12.1262   3.949574    34.3616        501     2.0833  0.000e+00
     70.885    12.1553   3.954278    34.3804        502     2.0875  0.000e+00
     71.082    12.1859   3.960069    34.4084        503     2.0917  0.000e+00
     71.283    12.2197   3.964152    34.4168        504     2.0958  0.000e+00
     71.482    12.2523   3.969676    34.4402        505     2.1000  0.000e+00
     71.690    12.2855   3.974223    34.4536        506     2.1042  0.000e+00
     71.901    12.3174   3.976924    34.4502        507     2.1083  0.000e+00
     72.116    12.3449   3.980507    34.4595        508     2.1125  0.000e+00
     72.326    12.3688   3.984258    34.4736        509     2.1167  0.000e+00
     72.543    12.3923   3.988204    34.4901        510     2.1208  0.000e+00
     72.762    12.4162   3.991463    34.4994        511     2.1250  0.000e+00
     72.980    12.4388   3.993007    34.4935        512     2.1292  0.000e+00
     73.208    12.4567   3.994510    34.4915        513     2.1333  0.000e+00
     73.423    12.4708   3.996796    34.5004        514     2.1375  0.000e+00
     73.647    12.4834   3.997892    34.4993        515     2.1417  0.000e+00
     73.871    12.4938   3.999229    34.5025        516     2.1458  0.000e+00
     74.101    12.5027   4.000493    34.5064        517     2.1500  0.000e+00
     74.332    12.5107   4.001021    34.5040        518     2.1542  0.000e+00
     74.569    12.5171   4.001690    34.5046        519     2.1583  0.000e+00
     74.798    12.5220   4.002165    34.5045        520     2.1625  0.000e+00
     75.031    12.5251   4.002192    34.5018        521     2.1667  0.000e+00
     75.270    12.5260   4.002044    34.4995        522     2.1708  0.000e+00
     75.505    12.5251   4.001931    34.4991        523     2.1750  0.000e+00
     75.738    12.5234   4.001998    34.5012        524     2.1792  0.000e+00
     75.964    12.5219   4.001764    34.5002        525     2.1833  0.000e+00
     76.193    12.5204   4.001690    34.5008        526     2.1875  0.000e+00
     76.419    12.5171   4.001831    34.5051        527     2.1917  0.000e+00
     76.638    12.5141   4.002099    34.5103        528     2.1958  0.000e+00
     76.857    12.5111   4.002239    34.5144        529     2.2000  0.000e+00
     77.072    12.5080   4.002480    34.5194        530     2.2042  0.000e+00
     77.282    12.5072   4.002768    34.5229        531     2.2083  0.000e+00
     77.488    12.5076   4.003336    34.5279        532     2.2125  0.000e+00
     77.692    12.5092   4.003718    34.5300        533     2.2167  0.000e+00
     77.892    12.5107   4.003985    34.5311        534     2.2208  0.000e+00
     78.090    12.5106   4.004273    34.5339        535     2.2250  0.000e+00
     78.287    12.5105   4.004822    34.5391        536     2.2292  0.000e+00
     78.482    12.5111   4.005277    34.5429        537     2.2333  0.000e+00
     78.666    12.5126   4.005658    34.5451        538     2.2375  0.000e+00
     78.852    12.5141   4.006113    34.5480        539     2.2417  0.000e+00
     79.031    12.5157   4.006568    34.5508        540     2.2458  0.000e+00
     79.203    12.5179   4.007258    34.5554        541     2.2500  0.000e+00
     79.375    12.5210   4.007786    34.5576        542     2.2542  0.000e+00
     79.537    12.5239   4.008194    34.5587        543     2.2583  0.000e+00
     79.702    12.5268   4.008596    34.5599        544     2.2625  0.000e+00
     79.870    12.5294   4.009821    34.5692        545     2.2667  0.000e+00
     80.034    12.5334   4.010919    34.5760        546     2.2708  0.000e+00
     80.202    12.5387   4.011521    34.5769        547     2.2750  0.000e+00
     80.376    12.5438   4.012238    34.5790        548     2.2792  0.000e+00
     80.549    12.5488   4.013074    34.5824        549     2.2833  0.000e+00
     80.735    12.5536   4.013891    34.5857        550     2.2875  0.000e+00
     80.922    12.5592   4.015184    34.5930        551     2.2917  0.000e+00
     81.115    12.5656   4.016383    34.5985        552     2.2958  0.000e+00
     81.305    12.5733   4.018064    34.6076        553     2.3000  0.000e+00
     81.507    12.5822   4.019049    34.6087        554     2.3042  0.000e+00
     81.717    12.5905   4.019551    34.6058        555     2.3083  0.000e+00
     81.934    12.5978   4.021233    34.6152        556     2.3125  0.000e+00
     82.149    12.6058   4.023324    34.6278        557     2.3167  0.000e+00
     82.371    12.6166   4.024671    34.6307        558     2.3208  0.000e+00
     82.595    12.6277   4.026837    34.6413        559     2.3250  0.000e+00
     82.830    12.6403   4.028473    34.6452        560     2.3292  0.000e+00
     83.056    12.6536   4.030445    34.6518        561     2.3333  0.000e+00
     83.288    12.6669   4.032443    34.6587        562     2.3375  0.000e+00
     83.522    12.6817   4.036570    34.6846        563     2.3417  0.000e+00
     83.750    12.7012   4.040840    34.7075        564     2.3458  0.000e+00
     83.987    12.7265   4.047032    34.7434        565     2.3500  0.000e+00
     84.222    12.7582   4.053551    34.7767        566     2.3542  0.000e+00
     84.452    12.7972   4.062873    34.8299        567     2.3583  0.000e+00
     84.683    12.8487   4.073612    34.8851        568     2.3625  0.000e+00
     84.911    12.9107   4.085172    34.9382        569     2.3667  0.000e+00
     85.135    12.9846   4.110678    35.1133        570     2.3708  0.000e+00
     85.355    13.0929   4.122998    35.1302        571     2.3750  0.000e+00
     85.569    13.2040   4.139034    35.1798        572     2.3792  0.000e+00
     85.782    13.3187   4.168308    35.3511        573     2.3833  0.000e+00
     85.995    13.4642   4.194244    35.4614        574     2.3875  0.000e+00
     86.196    13.6291   4.209417    35.4513        575     2.3917  0.000e+00
     86.388    13.7797   4.229373    35.4993        576     2.3958  0.000e+00
     86.576    13.9200   4.239111    35.4607        577     2.4000  0.000e+00
     86.760    14.0413   4.251081    35.4606        578     2.4042  0.000e+00
     86.933    14.1446   4.264265    35.4882        579     2.4083  0.000e+00
     87.100    14.2461   4.276725    35.5106        580     2.4125  0.000e+00
     87.268    14.3410   4.284101    35.4917        581     2.4167  0.000e+00
     87.432    14.4194   4.294925    35.5199        582     2.4208  0.000e+00
     87.596    14.4951   4.300172    35.4989        583     2.4250  0.000e+00
     87.757    14.5596   4.304126    35.4763        584     2.4292  0.000e+00
     87.927    14.6088   4.309461    35.4804        585     2.4333  0.000e+00
     88.092    14.6517   4.313302    35.4765        586     2.4375  0.000e+00
     88.260    14.6880   4.315826    35.4665        587     2.4417  0.000e+00
     88.435    14.7167   4.319649    35.4754        588     2.4458  0.000e+00
     88.607    14.7439   4.322099    35.4730        589     2.4500  0.000e+00
     88.784    14.7678   4.325682    35.4841        590     2.4542  0.000e+00
     88.963    14.7897   4.327581    35.4814        591     2.4583  0.000e+00
     89.142    14.8095   4.329287    35.4789        592     2.4625  0.000e+00
     89.325    14.8258   4.332141    35.4902        593     2.4667  0.000e+00
     89.509    14.8422   4.334255    35.4946        594     2.4708  0.000e+00
     89.695    14.8585   4.337442    35.5088        595     2.4750  0.000e+00
     89.879    14.8758   4.338852    35.5059        596     2.4792  0.000e+00
     90.068    14.8918   4.342448    35.5242        597     2.4833  0.000e+00
     90.254    14.9099   4.345575    35.5363        598     2.4875  0.000e+00
     90.447    14.9292   4.348218    35.5428        599     2.4917  0.000e+00
     90.637    14.9479   4.349485    35.5372        600     2.4958  0.000e+00
     90.828    14.9638   4.353237    35.5570        601     2.5000  0.000e+00
     91.022    14.9825   4.358646    35.5893        602     2.5042  0.000e+00
     91.223    15.0089   4.365679    35.6295        603     2.5083  0.000e+00
     91.429    15.0443   4.372967    35.6636        604     2.5125  0.000e+00
     91.631    15.0866   4.377199    35.6636        605     2.5167  0.000e+00
     91.841    15.1254   4.380503    35.6582        606     2.5208  0.000e+00
     92.050    15.1575   4.384988    35.6697        607     2.5250  0.000e+00
     92.267    15.1866   4.391358    35.7012        608     2.5292  0.000e+00
     92.486    15.2217   4.400660    35.7537        609     2.5333  0.000e+00
     92.701    15.2662   4.407548    35.7756        610     2.5375  0.000e+00
     92.918    15.3140   4.415241    35.8019        611     2.5417  0.000e+00
     93.140    15.3624   4.420772    35.8077        612     2.5458  0.000e+00
     93.357    15.4104   4.429757    35.8454        613     2.5500  0.000e+00
     93.572    15.4598   4.434766    35.8456        614     2.5542  0.000e+00
     93.784    15.5039   4.436782    35.8236        615     2.5583  0.000e+00
     93.995    15.5364   4.438199    35.8067        616     2.5625  0.000e+00
     94.200    15.5565   4.436754    35.7752        617     2.5667  0.000e+00
     94.402    15.5630   4.435072    35.7541        618     2.5708  0.000e+00
     94.601    15.5597   4.433397    35.7418        619     2.5750  0.000e+00
     94.789    15.5506   4.432567    35.7426        620     2.5792  0.000e+00
     94.979    15.5400   4.431612    35.7435        621     2.5833  0.000e+00
     95.163    15.5297   4.429254    35.7315        622     2.5875  0.000e+00
     95.344    15.5159   4.427414    35.7273        623     2.5917  0.000e+00
     95.516    15.4995   4.425580    35.7255        624     2.5958  0.000e+00
     95.687    15.4835   4.424089    35.7265        625     2.6000  0.000e+00
