HB2303/sbe025.cnv
* Sea-Bird SBE 19plus V2 Data File:
* FileName = C:\cruise\data\sbe025.hex
* Software Version Seasave V 7.26.7.121
* Temperature SN = 6128
* Conductivity SN = 6128
* System UpLoad Time = Aug 11 2023 02:36:15
* NMEA Latitude = 38 00.48 N
* NMEA Longitude = 074 56.87 W
* NMEA UTC (Time) = Aug 11 2023 02:36:10
** Ship: Henry Bigelow
** Cruise:  HB2303
** Program:  ECOMON
# nquan = 7
# nvalues = 1169                                  
# units = specified
# name 0 = depSM: Depth [salt water, m]
# name 1 = tv290C: Temperature [ITS-90, deg C]
# name 2 = c0S/m: Conductivity [S/m]
# name 3 = sal00: Salinity, Practical [PSU]
# name 4 = scan: Scan Count
# name 5 = timeM: Time, Elapsed [minutes]
# name 6 = flag:  0.000e+00
# span 0 =     -0.222,     15.632                 
# span 1 =    13.1201,    23.1899                 
# span 2 =   0.000129,   4.659742                 
# span 3 =     0.0112,    32.8589                 
# span 4 =         11,       1179                 
# span 5 =     0.0417,     4.9083                 
# span 6 = 0.0000e+00, 0.0000e+00                 
# interval = seconds: 0.25
# start_time = Aug 11 2023 02:36:10 [NMEA time, header]
# bad_flag = -9.990e-29
*END*
[from data line 206]
      6.388    22.7716   4.650474    31.7274        217     0.9000  0.000e+00
      6.445    22.7702   4.650346    31.7274        218     0.9042  0.000e+00
      6.489    22.7689   4.650253    31.7276        219     0.9083  0.000e+00
      6.525    22.7678   4.650161    31.7277        220     0.9125  0.000e+00
      6.561    22.7670   4.650061    31.7275        221     0.9167  0.000e+00
      6.593    22.7659   4.649926    31.7272        222     0.9208  0.000e+00
      6.618    22.7648   4.649819    31.7272        223     0.9250  0.000e+00
      6.656    22.7638   4.649655    31.7267        224     0.9292  0.000e+00
      6.676    22.7630   4.649570    31.7266        225     0.9333  0.000e+00
      6.716    22.7616   4.649428    31.7265        226     0.9375  0.000e+00
      6.756    22.7602   4.649243    31.7261        227     0.9417  0.000e+00
      6.796    22.7593   4.649136    31.7260        228     0.9458  0.000e+00
      6.843    22.7581   4.649022    31.7259        229     0.9500  0.000e+00
      6.895    22.7568   4.648780    31.7250        230     0.9542  0.000e+00
      6.949    22.7554   4.648510    31.7240        231     0.9583  0.000e+00
      7.011    22.7539   4.648339    31.7237        232     0.9625  0.000e+00
      7.077    22.7518   4.648197    31.7241        233     0.9667  0.000e+00
      7.151    22.7495   4.648040    31.7246        234     0.9708  0.000e+00
      7.220    22.7469   4.647848    31.7250        235     0.9750  0.000e+00
      7.291    22.7445   4.647727    31.7257        236     0.9792  0.000e+00
      7.361    22.7424   4.647599    31.7263        237     0.9833  0.000e+00
      7.433    22.7405   4.647436    31.7264        238     0.9875  0.000e+00
      7.507    22.7384   4.647300    31.7268        239     0.9917  0.000e+00
      7.571    22.7363   4.647137    31.7271        240     0.9958  0.000e+00
      7.638    22.7349   4.646888    31.7262        241     1.0000  0.000e+00
      7.697    22.7333   4.646646    31.7255        242     1.0042  0.000e+00
      7.752    22.7320   4.646418    31.7247        243     1.0083  0.000e+00
      7.788    22.7301   4.646205    31.7244        244     1.0125  0.000e+00
      7.819    22.7281   4.646041    31.7245        245     1.0167  0.000e+00
      7.847    22.7261   4.645892    31.7249        246     1.0208  0.000e+00
      7.874    22.7241   4.645714    31.7250        247     1.0250  0.000e+00
      7.898    22.7215   4.645550    31.7256        248     1.0292  0.000e+00
      7.925    22.7189   4.645373    31.7261        249     1.0333  0.000e+00
      7.960    22.7170   4.645166    31.7259        250     1.0375  0.000e+00
      7.996    22.7151   4.645060    31.7264        251     1.0417  0.000e+00
      8.043    22.7136   4.644811    31.7256        252     1.0458  0.000e+00
      8.090    22.7117   4.644647    31.7257        253     1.0500  0.000e+00
      8.139    22.7100   4.644434    31.7253        254     1.0542  0.000e+00
      8.205    22.7082   4.644185    31.7247        255     1.0583  0.000e+00
      8.279    22.7063   4.643858    31.7235        256     1.0625  0.000e+00
      8.361    22.7041   4.643488    31.7223        257     1.0667  0.000e+00
      8.437    22.7018   4.643146    31.7213        258     1.0708  0.000e+00
      8.517    22.6988   4.642755    31.7205        259     1.0750  0.000e+00
      8.595    22.6954   4.642819    31.7234        260     1.0792  0.000e+00
      8.671    22.6917   4.634024    31.6588        261     1.0833  0.000e+00
      8.749    22.6506   4.619776    31.5795        262     1.0875  0.000e+00
      8.823    22.5600   4.615263    31.6104        263     1.0917  0.000e+00
      8.899    22.4787   4.612469    31.6478        264     1.0958  0.000e+00
      8.964    22.4164   4.609321    31.6688        265     1.1000  0.000e+00
      9.027    22.3676   4.605947    31.6783        266     1.1042  0.000e+00
      9.089    22.3238   4.602240    31.6815        267     1.1083  0.000e+00
      9.137    22.2814   4.597430    31.6753        268     1.1125  0.000e+00
      9.191    22.2376   4.595461    31.6920        269     1.1167  0.000e+00
      9.225    22.1994   4.592870    31.6998        270     1.1208  0.000e+00
      9.251    22.1666   4.591497    31.7131        271     1.1250  0.000e+00
      9.272    22.1401   4.591879    31.7354        272     1.1292  0.000e+00
      9.294    22.1250   4.591094    31.7404        273     1.1333  0.000e+00
      9.302    22.1150   4.590259    31.7412        274     1.1375  0.000e+00
      9.309    22.1063   4.588291    31.7324        275     1.1417  0.000e+00
      9.307    22.0925   4.586366    31.7275        276     1.1458  0.000e+00
      9.316    22.0758   4.585871    31.7359        277     1.1500  0.000e+00
      9.334    22.0628   4.588667    31.7671        278     1.1542  0.000e+00
      9.356    22.0628   4.586352    31.7491        279     1.1583  0.000e+00
      9.384    22.0590   4.583741    31.7316        280     1.1625  0.000e+00
      9.419    22.0446   4.581513    31.7249        281     1.1667  0.000e+00
      9.469    22.0250   4.580219    31.7292        282     1.1708  0.000e+00
      9.534    22.0062   4.577511    31.7220        283     1.1750  0.000e+00
      9.606    21.9833   4.570972    31.6880        284     1.1792  0.000e+00
      9.695    21.9416   4.563464    31.6602        285     1.1833  0.000e+00
      9.771    21.8815   4.557824    31.6604        286     1.1875  0.000e+00
      9.854    21.8161   4.550084    31.6480        287     1.1917  0.000e+00
      9.937    21.7418   4.537186    31.6019        288     1.1958  0.000e+00
     10.016    21.6432   4.527132    31.5957        289     1.2000  0.000e+00
     10.086    21.5348   4.523137    31.6439        290     1.2042  0.000e+00
     10.155    21.4488   4.519171    31.6761        291     1.2083  0.000e+00
     10.209    21.3810   4.507503    31.6345        292     1.2125  0.000e+00
     10.250    21.2972   4.502265    31.6551        293     1.2167  0.000e+00
     10.281    21.2137   4.499584    31.6957        294     1.2208  0.000e+00
     10.317    21.1474   4.491339    31.6797        295     1.2250  0.000e+00
     10.342    21.0735   4.478013    31.6291        296     1.2292  0.000e+00
     10.375    20.9681   4.461192    31.5741        297     1.2333  0.000e+00
     10.402    20.8235   4.437521    31.4935        298     1.2375  0.000e+00
     10.427    20.6296   4.421636    31.5107        299     1.2417  0.000e+00
     10.456    20.4239   4.409590    31.5674        300     1.2458  0.000e+00
     10.487    20.2461   4.397869    31.6061        301     1.2500  0.000e+00
     10.516    20.0796   4.384932    31.6267        302     1.2542  0.000e+00
     10.543    19.9216   4.376132    31.6743        303     1.2583  0.000e+00
     10.572    19.7826   4.370292    31.7319        304     1.2625  0.000e+00
     10.610    19.6714   4.363680    31.7623        305     1.2667  0.000e+00
     10.644    19.5770   4.358907    31.7951        306     1.2708  0.000e+00
     10.685    19.4977   4.355618    31.8285        307     1.2750  0.000e+00
     10.720    19.4339   4.353721    31.8616        308     1.2792  0.000e+00
     10.742    19.3875   4.352760    31.8892        309     1.2833  0.000e+00
     10.771    19.3561   4.352213    31.9087        310     1.2875  0.000e+00
     10.793    19.3364   4.351424    31.9173        311     1.2917  0.000e+00
     10.816    19.3218   4.350414    31.9202        312     1.2958  0.000e+00
     10.840    19.3092   4.349583    31.9230        313     1.3000  0.000e+00
     10.870    19.2980   4.347853    31.9174        314     1.3042  0.000e+00
     10.903    19.2839   4.344041    31.8969        315     1.3083  0.000e+00
     10.946    19.2588   4.337727    31.8643        316     1.3125  0.000e+00
     10.990    19.2149   4.332882    31.8581        317     1.3167  0.000e+00
     11.035    19.1626   4.328503    31.8621        318     1.3208  0.000e+00
     11.084    19.1091   4.318527    31.8210        319     1.3250  0.000e+00
     11.127    19.0354   4.312608    31.8287        320     1.3292  0.000e+00
     11.169    18.9565   4.304398    31.8215        321     1.3333  0.000e+00
     11.214    18.8716   4.294040    31.8010        322     1.3375  0.000e+00
     11.243    18.7714   4.288652    31.8335        323     1.3417  0.000e+00
     11.274    18.6813   4.281403    31.8427        324     1.3458  0.000e+00
     11.303    18.5962   4.273424    31.8420        325     1.3500  0.000e+00
     11.332    18.5053   4.252716    31.7396        326     1.3542  0.000e+00
     11.355    18.3638   4.230716    31.6651        327     1.3583  0.000e+00
     11.380    18.1688   4.210772    31.6485        328     1.3625  0.000e+00
     11.395    17.9491   4.198728    31.7173        329     1.3667  0.000e+00
     11.420    17.7463   4.193378    31.8300        330     1.3708  0.000e+00
     11.440    17.5960   4.186504    31.8893        331     1.3750  0.000e+00
     11.465    17.4793   4.178462    31.9126        332     1.3792  0.000e+00
     11.496    17.3751   4.165089    31.8804        333     1.3833  0.000e+00
     11.532    17.2547   4.149215    31.8395        334     1.3875  0.000e+00
     11.566    17.1003   4.134281    31.8331        335     1.3917  0.000e+00
     11.602    16.9284   4.121807    31.8615        336     1.3958  0.000e+00
     11.637    16.7628   4.114819    31.9326        337     1.4000  0.000e+00
     11.682    16.6259   4.110871    32.0075        338     1.4042  0.000e+00
     11.718    16.5260   4.105870    32.0439        339     1.4083  0.000e+00
     11.761    16.4463   4.097804    32.0375        340     1.4125  0.000e+00
     11.804    16.3634   4.087060    32.0102        341     1.4167  0.000e+00
     11.842    16.2630   4.069666    31.9387        342     1.4208  0.000e+00
     11.880    16.1219   4.047053    31.8536        343     1.4250  0.000e+00
     11.923    15.9252   4.024333    31.8115        344     1.4292  0.000e+00
     11.950    15.6931   4.011092    31.8814        345     1.4333  0.000e+00
     11.982    15.4756   4.001366    31.9711        346     1.4375  0.000e+00
     12.021    15.2966   3.990447    32.0193        347     1.4417  0.000e+00
     12.056    15.1397   3.980020    32.0541        348     1.4458  0.000e+00
     12.098    14.9946   3.970005    32.0830        349     1.4500  0.000e+00
     12.145    14.8615   3.963442    32.1333        350     1.4542  0.000e+00
     12.194    14.7472   3.960726    32.2030        351     1.4583  0.000e+00
     12.252    14.6647   3.958530    32.2515        352     1.4625  0.000e+00
     12.308    14.6078   3.955022    32.2668        353     1.4667  0.000e+00
     12.373    14.5611   3.950272    32.2623        354     1.4708  0.000e+00
     12.430    14.5123   3.941681    32.2246        355     1.4750  0.000e+00
     12.495    14.4428   3.923712    32.1185        356     1.4792  0.000e+00
     12.559    14.3213   3.909109    32.0859        357     1.4833  0.000e+00
     12.618    14.1673   3.900901    32.1387        358     1.4875  0.000e+00
     12.673    14.0269   3.895741    32.2085        359     1.4917  0.000e+00
     12.701    13.9172   3.893348    32.2784        360     1.4958  0.000e+00
     12.740    13.8397   3.890823    32.3202        361     1.5000  0.000e+00
     12.760    13.7846   3.888497    32.3451        362     1.5042  0.000e+00
     12.783    13.7418   3.887149    32.3688        363     1.5083  0.000e+00
     12.799    13.7100   3.886396    32.3886        364     1.5125  0.000e+00
     12.821    13.6882   3.885590    32.3995        365     1.5167  0.000e+00
     12.839    13.6724   3.884989    32.4073        366     1.5208  0.000e+00
     12.862    13.6609   3.885141    32.4185        367     1.5250  0.000e+00
     12.886    13.6547   3.884811    32.4207        368     1.5292  0.000e+00
     12.913    13.6508   3.884487    32.4209        369     1.5333  0.000e+00
     12.957    13.6470   3.884216    32.4216        370     1.5375  0.000e+00
     12.993    13.6441   3.884025    32.4223        371     1.5417  0.000e+00
     13.036    13.6410   3.883747    32.4223        372     1.5458  0.000e+00
     13.089    13.6383   3.883516    32.4225        373     1.5500  0.000e+00
     13.138    13.6358   3.883377    32.4233        374     1.5542  0.000e+00
     13.189    13.6343   3.883377    32.4245        375     1.5583  0.000e+00
     13.237    13.6333   3.883107    32.4229        376     1.5625  0.000e+00
     13.282    13.6326   3.882922    32.4216        377     1.5667  0.000e+00
     13.318    13.6306   3.882737    32.4216        378     1.5708  0.000e+00
     13.360    13.6287   3.882572    32.4217        379     1.5750  0.000e+00
     13.393    13.6268   3.882334    32.4211        380     1.5792  0.000e+00
     13.425    13.6249   3.882162    32.4210        381     1.5833  0.000e+00
     13.462    13.6232   3.882136    32.4223        382     1.5875  0.000e+00
     13.499    13.6220   3.882017    32.4221        383     1.5917  0.000e+00
     13.539    13.6212   3.882023    32.4229        384     1.5958  0.000e+00
     13.587    13.6208   3.882070    32.4236        385     1.6000  0.000e+00
     13.647    13.6210   3.882070    32.4235        386     1.6042  0.000e+00
     13.716    13.6210   3.881931    32.4221        387     1.6083  0.000e+00
     13.777    13.6213   3.881839    32.4210        388     1.6125  0.000e+00
     13.849    13.6215   3.881026    32.4132        389     1.6167  0.000e+00
     13.927    13.6213   3.881607    32.4188        390     1.6208  0.000e+00
     14.001    13.6205   3.881145    32.4151        391     1.6250  0.000e+00
     14.075    13.6183   3.880808    32.4138        392     1.6292  0.000e+00
     14.140    13.6151   3.880386    32.4126        393     1.6333  0.000e+00
     14.203    13.6110   3.879653    32.4092        394     1.6375  0.000e+00
     14.259    13.6053   3.879191    32.4097        395     1.6417  0.000e+00
     14.310    13.5990   3.878088    32.4047        396     1.6458  0.000e+00
     14.351    13.5903   3.877282    32.4046        397     1.6500  0.000e+00
     14.386    13.5810   3.877626    32.4157        398     1.6542  0.000e+00
     14.427    13.5767   3.877765    32.4206        399     1.6583  0.000e+00
     14.453    13.5750   3.877052    32.4154        400     1.6625  0.000e+00
     14.487    13.5717   3.876200    32.4103        401     1.6667  0.000e+00
     14.514    13.5656   3.875467    32.4086        402     1.6708  0.000e+00
     14.548    13.5585   3.875329    32.4133        403     1.6750  0.000e+00
     14.576    13.5526   3.874992    32.4152        404     1.6792  0.000e+00
     14.616    13.5479   3.874339    32.4130        405     1.6833  0.000e+00
     14.652    13.5423   3.874735    32.4215        406     1.6875  0.000e+00
     14.699    13.5395   3.874616    32.4227        407     1.6917  0.000e+00
     14.746    13.5384   3.874220    32.4200        408     1.6958  0.000e+00
     14.802    13.5366   3.874207    32.4214        409     1.7000  0.000e+00
     14.859    13.5349   3.873468    32.4159        410     1.7042  0.000e+00
     14.915    13.5311   3.872801    32.4129        411     1.7083  0.000e+00
     14.971    13.5251   3.872458    32.4147        412     1.7125  0.000e+00
     15.041    13.5201   3.871766    32.4125        413     1.7167  0.000e+00
     15.110    13.5139   3.871429    32.4146        414     1.7208  0.000e+00
     15.174    13.5074   3.869661    32.4036        415     1.7250  0.000e+00
     15.245    13.4969   3.867570    32.3929        416     1.7292  0.000e+00
     15.312    13.4802   3.865282    32.3858        417     1.7333  0.000e+00
     15.373    13.4575   3.862559    32.3796        418     1.7375  0.000e+00
     15.431    13.4308   3.858776    32.3669        419     1.7417  0.000e+00
     15.486    13.3971   3.855792    32.3676        420     1.7458  0.000e+00
