HB2303/sbe070.cnv
* Sea-Bird SBE 19plus V2 Data File:
* FileName = C:\cruise\data\sbe070.hex
* Software Version Seasave V 7.26.7.121
* Temperature SN = 6128
* Conductivity SN = 6128
* System UpLoad Time = Aug 15 2023 07:44:37
* NMEA Latitude = 40 40.64 N
* NMEA Longitude = 070 37.42 W
* NMEA UTC (Time) = Aug 15 2023 07:44:32
** Ship: Henry Bigelow
** Cruise:  HB2303
** Program:  ECOMON
# nquan = 7
# nvalues = 1314                                  
# units = specified
# name 0 = depSM: Depth [salt water, m]
# name 1 = tv290C: Temperature [ITS-90, deg C]
# name 2 = c0S/m: Conductivity [S/m]
# name 3 = sal00: Salinity, Practical [PSU]
# name 4 = scan: Scan Count
# name 5 = timeM: Time, Elapsed [minutes]
# name 6 = flag:  0.000e+00
# span 0 =     -0.218,     56.626                 
# span 1 =    10.2625,    22.9990                 
# span 2 =   0.001530,   4.691540                 
# span 3 =     0.0156,    35.8790                 
# span 4 =         11,       1324                 
# span 5 =     0.0417,     5.5125                 
# span 6 = 0.0000e+00, 0.0000e+00                 
# interval = seconds: 0.25
# start_time = Aug 15 2023 07:44:32 [NMEA time, header]
# bad_flag = -9.990e-29
*END*
     -0.082    22.9747   0.001617     0.0159         11     0.0417  0.000e+00
     -0.084    22.9758   0.001617     0.0159         12     0.0458  0.000e+00
     -0.082    22.9760   0.001614     0.0159         13     0.0500  0.000e+00
     -0.082    22.9766   0.001617     0.0159         14     0.0542  0.000e+00
     -0.083    22.9774   0.001611     0.0159         15     0.0583  0.000e+00
     -0.081    22.9784   0.001614     0.0159         16     0.0625  0.000e+00
     -0.083    22.9787   0.001605     0.0159         17     0.0667  0.000e+00
     -0.078    22.9792   0.001611     0.0159         18     0.0708  0.000e+00
     -0.085    22.9795   0.001608     0.0159         19     0.0750  0.000e+00
     -0.092    22.9793   0.001611     0.0159         20     0.0792  0.000e+00
     -0.085    22.9798   0.001611     0.0159         21     0.0833  0.000e+00
     -0.085    22.9801   0.001608     0.0159         22     0.0875  0.000e+00
     -0.083    22.9796   0.001599     0.0159         23     0.0917  0.000e+00
     -0.074    22.9800   0.001605     0.0159         24     0.0958  0.000e+00
     -0.083    22.9802   0.001617     0.0159         25     0.1000  0.000e+00
     -0.085    22.9805   0.001608     0.0159         26     0.1042  0.000e+00
     -0.083    22.9804   0.001617     0.0159         27     0.1083  0.000e+00
     -0.079    22.9801   0.001605     0.0159         28     0.1125  0.000e+00
     -0.083    22.9795   0.001599     0.0159         29     0.1167  0.000e+00
     -0.083    22.9805   0.001593     0.0158         30     0.1208  0.000e+00
     -0.089    22.9811   0.001587     0.0158         31     0.1250  0.000e+00
     -0.080    22.9816   0.001587     0.0158         32     0.1292  0.000e+00
     -0.085    22.9823   0.001587     0.0158         33     0.1333  0.000e+00
     -0.083    22.9820   0.001593     0.0158         34     0.1375  0.000e+00
     -0.087    22.9823   0.001599     0.0159         35     0.1417  0.000e+00
     -0.085    22.9829   0.001599     0.0159         36     0.1458  0.000e+00
     -0.085    22.9826   0.001587     0.0158         37     0.1500  0.000e+00
     -0.085    22.9829   0.001584     0.0158         38     0.1542  0.000e+00
     -0.087    22.9833   0.001575     0.0158         39     0.1583  0.000e+00
     -0.089    22.9840   0.001593     0.0158         40     0.1625  0.000e+00
     -0.087    22.9839   0.001593     0.0158         41     0.1667  0.000e+00
     -0.087    22.9838   0.001587     0.0158         42     0.1708  0.000e+00
     -0.087    22.9836   0.001581     0.0158         43     0.1750  0.000e+00
     -0.088    22.9836   0.001587     0.0158         44     0.1792  0.000e+00
     -0.089    22.9839   0.001584     0.0158         45     0.1833  0.000e+00
     -0.087    22.9844   0.001581     0.0158         46     0.1875  0.000e+00
     -0.096    22.9842   0.001581     0.0158         47     0.1917  0.000e+00
     -0.096    22.9845   0.001587     0.0158         48     0.1958  0.000e+00
     -0.092    22.9845   0.001575     0.0158         49     0.2000  0.000e+00
     -0.092    22.9847   0.001587     0.0158         50     0.2042  0.000e+00
     -0.090    22.9851   0.001578     0.0158         51     0.2083  0.000e+00
     -0.087    22.9855   0.001563     0.0157         52     0.2125  0.000e+00
     -0.085    22.9861   0.001560     0.0157         53     0.2167  0.000e+00
     -0.085    22.9866   0.001563     0.0157         54     0.2208  0.000e+00
     -0.087    22.9863   0.001569     0.0157         55     0.2250  0.000e+00
     -0.081    22.9870   0.001563     0.0157         56     0.2292  0.000e+00
     -0.087    22.9869   0.001569     0.0157         57     0.2333  0.000e+00
     -0.088    22.9871   0.001560     0.0157         58     0.2375  0.000e+00
     -0.090    22.9869   0.001563     0.0157         59     0.2417  0.000e+00
     -0.085    22.9871   0.001563     0.0157         60     0.2458  0.000e+00
     -0.090    22.9876   0.001569     0.0157         61     0.2500  0.000e+00
     -0.087    22.9878   0.001563     0.0157         62     0.2542  0.000e+00
     -0.085    22.9877   0.001563     0.0157         63     0.2583  0.000e+00
     -0.090    22.9876   0.001557     0.0157         64     0.2625  0.000e+00
     -0.090    22.9879   0.001560     0.0157         65     0.2667  0.000e+00
     -0.087    22.9882   0.001563     0.0157         66     0.2708  0.000e+00
     -0.083    22.9882   0.001557     0.0157         67     0.2750  0.000e+00
     -0.083    22.9885   0.001563     0.0157         68     0.2792  0.000e+00
     -0.090    22.9891   0.001548     0.0157         69     0.2833  0.000e+00
     -0.085    22.9893   0.001542     0.0156         70     0.2875  0.000e+00
     -0.089    22.9898   0.001542     0.0156         71     0.2917  0.000e+00
     -0.087    22.9897   0.001548     0.0157         72     0.2958  0.000e+00
     -0.085    22.9907   0.001554     0.0157         73     0.3000  0.000e+00
     -0.083    22.9911   0.001548     0.0157         74     0.3042  0.000e+00
     -0.089    22.9918   0.001548     0.0157         75     0.3083  0.000e+00
     -0.080    22.9921   0.001542     0.0156         76     0.3125  0.000e+00
     -0.083    22.9922   0.001536     0.0156         77     0.3167  0.000e+00
     -0.092    22.9929   0.001542     0.0156         78     0.3208  0.000e+00
     -0.085    22.9928   0.001542     0.0156         79     0.3250  0.000e+00
     -0.079    22.9931   0.001542     0.0156         80     0.3292  0.000e+00
     -0.085    22.9936   0.001530     0.0156         81     0.3333  0.000e+00
     -0.083    22.9940   0.001536     0.0156         82     0.3375  0.000e+00
     -0.083    22.9940   0.001542     0.0156         83     0.3417  0.000e+00
      0.083    22.9945   0.001560     0.0157         84     0.3458  0.000e+00
      0.300    22.9970   0.073130     0.3724         85     0.3500  0.000e+00
      0.511    22.9990   2.556904    16.2899         86     0.3542  0.000e+00
      0.730    22.9680   2.149302    13.4819         87     0.3583  0.000e+00
      0.948    22.9089   1.324483     7.9792         88     0.3625  0.000e+00
      1.123    22.8653   1.691185    10.4091         89     0.3667  0.000e+00
      1.250    22.8353   1.702655    10.4929         90     0.3708  0.000e+00
      1.354    22.8159   1.527951     9.3339         91     0.3750  0.000e+00
      1.445    22.8035   2.510949    16.0399         92     0.3792  0.000e+00
      1.535    22.7954   4.681465    31.9483         93     0.3833  0.000e+00
      1.605    22.7888   4.684521    31.9764         94     0.3875  0.000e+00
      1.661    22.7836   4.685192    31.9853         95     0.3917  0.000e+00
      1.715    22.7793   4.685556    31.9912         96     0.3958  0.000e+00
      1.777    22.7749   4.687349    32.0081         97     0.4000  0.000e+00
      1.860    22.7705   4.687985    32.0161         98     0.4042  0.000e+00
      1.974    22.7663   4.688178    32.0206         99     0.4083  0.000e+00
      2.104    22.7632   4.688335    32.0241        100     0.4125  0.000e+00
      2.255    22.7596   4.688707    32.0294        101     0.4167  0.000e+00
      2.420    22.7568   4.690850    32.0479        102     0.4208  0.000e+00
      2.600    22.7543   4.691114    32.0516        103     0.4250  0.000e+00
      2.781    22.7496   4.688371    32.0341        104     0.4292  0.000e+00
      2.963    22.7366   4.688650    32.0456        105     0.4333  0.000e+00
      3.151    22.7182   4.686194    32.0403        106     0.4375  0.000e+00
      3.351    22.6985   4.684894    32.0446        107     0.4417  0.000e+00
      3.548    22.6805   4.683452    32.0467        108     0.4458  0.000e+00
      3.740    22.6658   4.683153    32.0551        109     0.4500  0.000e+00
      3.926    22.6548   4.683867    32.0686        110     0.4542  0.000e+00
      4.088    22.6471   4.684317    32.0776        111     0.4583  0.000e+00
      4.222    22.6421   4.684424    32.0821        112     0.4625  0.000e+00
      4.327    22.6385   4.684446    32.0848        113     0.4667  0.000e+00
      4.417    22.6363   4.684781    32.0890        114     0.4708  0.000e+00
      4.498    22.6345   4.685931    32.0991        115     0.4750  0.000e+00
      4.578    22.6336   4.688131    32.1166        116     0.4792  0.000e+00
      4.663    22.6332   4.687781    32.1142        117     0.4833  0.000e+00
      4.751    22.6346   4.686910    32.1065        118     0.4875  0.000e+00
      4.854    22.6412   4.687888    32.1091        119     0.4917  0.000e+00
      4.975    22.6529   4.688931    32.1084        120     0.4958  0.000e+00
      5.101    22.6653   4.689402    32.1030        121     0.5000  0.000e+00
      5.240    22.6763   4.690002    32.0995        122     0.5042  0.000e+00
      5.397    22.6855   4.690366    32.0954        123     0.5083  0.000e+00
      5.562    22.6934   4.690766    32.0927        124     0.5125  0.000e+00
      5.737    22.6995   4.691395    32.0929        125     0.5167  0.000e+00
      5.910    22.7044   4.690931    32.0858        126     0.5208  0.000e+00
      6.085    22.7067   4.690095    32.0776        127     0.5250  0.000e+00
      6.259    22.6845   4.685374    32.0576        128     0.5292  0.000e+00
      6.419    22.6348   4.680999    32.0605        129     0.5333  0.000e+00
      6.580    22.5766   4.678873    32.0868        130     0.5375  0.000e+00
      6.730    22.5304   4.679123    32.1226        131     0.5417  0.000e+00
      6.847    22.5017   4.681279    32.1602        132     0.5458  0.000e+00
      6.966    22.4843   4.685727    32.2073        133     0.5500  0.000e+00
      7.069    22.4706   4.688313    32.2372        134     0.5542  0.000e+00
      7.168    22.4585   4.690292    32.2614        135     0.5583  0.000e+00
      7.261    22.4533   4.690378    32.2659        136     0.5625  0.000e+00
      7.356    22.4640   4.690178    32.2564        137     0.5667  0.000e+00
      7.454    22.4912   4.690692    32.2402        138     0.5708  0.000e+00
      7.567    22.5259   4.690956    32.2166        139     0.5750  0.000e+00
      7.690    22.5589   4.690984    32.1925        140     0.5792  0.000e+00
      7.822    22.5869   4.690933    32.1714        141     0.5833  0.000e+00
      7.968    22.6128   4.691033    32.1531        142     0.5875  0.000e+00
      8.122    22.6350   4.691169    32.1378        143     0.5917  0.000e+00
      8.286    22.6547   4.691368    32.1248        144     0.5958  0.000e+00
      8.456    22.6695   4.691540    32.1152        145     0.6000  0.000e+00
      8.628    22.6797   4.691311    32.1059        146     0.6042  0.000e+00
      8.807    22.6885   4.690561    32.0936        147     0.6083  0.000e+00
      8.982    22.6915   4.690175    32.0885        148     0.6125  0.000e+00
      9.159    22.6517   4.687540    32.0974        149     0.6167  0.000e+00
      9.330    22.5809   4.682186    32.1082        150     0.6208  0.000e+00
      9.495    22.5022   4.676691    32.1238        151     0.6250  0.000e+00
      9.652    22.4172   4.671985    32.1501        152     0.6292  0.000e+00
      9.802    22.3382   4.668363    32.1804        153     0.6333  0.000e+00
      9.944    22.2676   4.664914    32.2059        154     0.6375  0.000e+00
     10.083    22.2079   4.663461    32.2389        155     0.6417  0.000e+00
     10.221    22.1618   4.667496    32.3043        156     0.6458  0.000e+00
     10.362    22.1325   4.677975    32.4073        157     0.6500  0.000e+00
     10.497    22.1093   4.684192    32.4729        158     0.6542  0.000e+00
     10.641    22.0885   4.689106    32.5265        159     0.6583  0.000e+00
     10.782    22.0842   4.689749    32.5347        160     0.6625  0.000e+00
     10.928    22.1166   4.689106    32.5054        161     0.6667  0.000e+00
     11.080    22.1655   4.687998    32.4601        162     0.6708  0.000e+00
     11.235    22.2206   4.688055    32.4194        163     0.6750  0.000e+00
     11.391    22.2778   4.688689    32.3817        164     0.6792  0.000e+00
     11.544    22.3244   4.689046    32.3497        165     0.6833  0.000e+00
     11.705    22.3595   4.689188    32.3247        166     0.6875  0.000e+00
     11.864    22.3867   4.688909    32.3023        167     0.6917  0.000e+00
     12.030    22.4055   4.688081    32.2820        168     0.6958  0.000e+00
     12.192    22.4171   4.686973    32.2648        169     0.7000  0.000e+00
     12.357    22.4264   4.687166    32.2594        170     0.7042  0.000e+00
     12.514    22.4374   4.688766    32.2635        171     0.7083  0.000e+00
     12.682    22.4471   4.690073    32.2664        172     0.7125  0.000e+00
     12.845    22.4552   4.690509    32.2637        173     0.7167  0.000e+00
     13.016    22.4643   4.690816    32.2593        174     0.7208  0.000e+00
     13.186    22.4731   4.690880    32.2533        175     0.7250  0.000e+00
     13.365    22.4799   4.690623    32.2461        176     0.7292  0.000e+00
     13.543    22.4861   4.689480    32.2328        177     0.7333  0.000e+00
     13.726    22.4931   4.687523    32.2124        178     0.7375  0.000e+00
     13.913    22.5043   4.685116    32.1856        179     0.7417  0.000e+00
     14.099    22.4900   4.681804    32.1706        180     0.7458  0.000e+00
     14.287    22.3873   4.671659    32.1682        181     0.7500  0.000e+00
     14.468    22.2458   4.655719    32.1495        182     0.7542  0.000e+00
     14.647    22.0586   4.637505    32.1470        183     0.7583  0.000e+00
     14.818    21.8581   4.621032    32.1676        184     0.7625  0.000e+00
     14.988    21.6547   4.606470    32.2055        185     0.7667  0.000e+00
     15.149    21.4706   4.597232    32.2708        186     0.7708  0.000e+00
     15.309    21.2961   4.591017    32.3529        187     0.7750  0.000e+00
     15.470    21.1445   4.586397    32.4310        188     0.7792  0.000e+00
     15.620    21.0177   4.585267    32.5182        189     0.7833  0.000e+00
     15.770    20.9208   4.599267    32.7035        190     0.7875  0.000e+00
     15.916    20.8492   4.634431    33.0389        191     0.7917  0.000e+00
     16.064    20.7896   4.653932    33.2410        192     0.7958  0.000e+00
     16.210    20.7554   4.649747    33.2342        193     0.8000  0.000e+00
     16.353    20.7978   4.640582    33.1278        194     0.8042  0.000e+00
     16.503    20.9069   4.641754    33.0524        195     0.8083  0.000e+00
     16.653    21.0338   4.645324    32.9826        196     0.8125  0.000e+00
     16.814    21.1355   4.647599    32.9223        197     0.8167  0.000e+00
     16.982    21.2020   4.649349    32.8850        198     0.8208  0.000e+00
     17.151    21.2492   4.650010    32.8539        199     0.8250  0.000e+00
     17.336    21.2952   4.649433    32.8141        200     0.8292  0.000e+00
     17.525    21.3490   4.649034    32.7698        201     0.8333  0.000e+00
     17.711    21.3953   4.646478    32.7143        202     0.8375  0.000e+00
     17.912    21.4309   4.639805    32.6346        203     0.8417  0.000e+00
     18.114    21.4615   4.629136    32.5274        204     0.8458  0.000e+00
     18.311    21.3537   4.586048    32.2695        205     0.8500  0.000e+00
     18.513    21.0435   4.511601    31.9142        206     0.8542  0.000e+00
     18.708    20.6049   4.464979    31.8719        207     0.8583  0.000e+00
     18.899    20.1707   4.444984    32.0390        208     0.8625  0.000e+00
     19.087    19.8272   4.435446    32.2239        209     0.8667  0.000e+00
     19.264    19.5766   4.432916    32.3964        210     0.8708  0.000e+00
     19.436    19.3943   4.440722    32.6020        211     0.8750  0.000e+00
     19.598    19.2774   4.466041    32.9020        212     0.8792  0.000e+00
     19.748    19.2078   4.517379    33.3812        213     0.8833  0.000e+00
     19.889    19.1567   4.527222    33.5037        214     0.8875  0.000e+00
     20.017    19.1180   4.534383    33.5943        215     0.8917  0.000e+00
