HB2303/sbe099.cnv
* Sea-Bird SBE 19plus V2 Data File:
* FileName = C:\cruise\data\sbe099.hex
* Software Version Seasave V 7.26.7.121
* Temperature SN = 6128
* Conductivity SN = 6128
* System UpLoad Time = Aug 18 2023 06:17:28
* NMEA Latitude = 41 30.52 N
* NMEA Longitude = 066 00.67 W
* NMEA UTC (Time) = Aug 18 2023 06:17:24
** Ship: Henry Bigelow
** Cruise:  HB2303
** Program:  ECOMON
# nquan = 7
# nvalues = 3392                                  
# units = specified
# name 0 = depSM: Depth [salt water, m]
# name 1 = tv290C: Temperature [ITS-90, deg C]
# name 2 = c0S/m: Conductivity [S/m]
# name 3 = sal00: Salinity, Practical [PSU]
# name 4 = scan: Scan Count
# name 5 = timeM: Time, Elapsed [minutes]
# name 6 = flag:  0.000e+00
# span 0 =     -0.036,    136.113                 
# span 1 =    10.3577,    21.6285                 
# span 2 =   0.010498,   4.466898                 
# span 3 =     0.0567,    35.1271                 
# span 4 =         11,       3402                 
# span 5 =     0.0417,    14.1708                 
# span 6 = 0.0000e+00, 0.0000e+00                 
# interval = seconds: 0.25
# start_time = Aug 18 2023 06:17:24 [NMEA time, header]
# bad_flag = -9.990e-29
*END*
[from data line 1231]
    119.043    10.7783   3.898277    35.1000       1242     5.1708  0.000e+00
    118.897    10.7807   3.898237    35.0973       1243     5.1750  0.000e+00
    118.754    10.7822   3.898164    35.0953       1244     5.1792  0.000e+00
    118.620    10.7831   3.898204    35.0949       1245     5.1833  0.000e+00
    118.495    10.7835   3.898230    35.0948       1246     5.1875  0.000e+00
    118.365    10.7840   3.898647    35.0985       1247     5.1917  0.000e+00
    118.260    10.7858   3.899388    35.1044       1248     5.1958  0.000e+00
    118.148    10.7898   3.900149    35.1082       1249     5.2000  0.000e+00
    118.037    10.7958   3.900447    35.1055       1250     5.2042  0.000e+00
    117.927    10.8010   3.900546    35.1015       1251     5.2083  0.000e+00
    117.823    10.8048   3.900870    35.1011       1252     5.2125  0.000e+00
    117.706    10.8080   3.900917    35.0986       1253     5.2167  0.000e+00
    117.594    10.8104   3.901148    35.0987       1254     5.2208  0.000e+00
    117.471    10.8126   3.902029    35.1055       1255     5.2250  0.000e+00
    117.348    10.8169   3.903856    35.1197       1256     5.2292  0.000e+00
    117.217    10.8267   3.904577    35.1177       1257     5.2333  0.000e+00
    117.087    10.8369   3.904994    35.1121       1258     5.2375  0.000e+00
    116.960    10.8457   3.905643    35.1103       1259     5.2417  0.000e+00
    116.821    10.8544   3.906451    35.1100       1260     5.2458  0.000e+00
    116.692    10.8632   3.906802    35.1052       1261     5.2500  0.000e+00
    116.570    10.8707   3.906868    35.0987       1262     5.2542  0.000e+00
    116.436    10.8757   3.907013    35.0954       1263     5.2583  0.000e+00
    116.303    10.8792   3.907311    35.0952       1264     5.2625  0.000e+00
    116.166    10.8825   3.907728    35.0963       1265     5.2667  0.000e+00
    116.037    10.8861   3.908185    35.0974       1266     5.2708  0.000e+00
    115.895    10.8903   3.908265    35.0942       1267     5.2750  0.000e+00
    115.753    10.8938   3.908934    35.0977       1268     5.2792  0.000e+00
    115.600    10.8982   3.909212    35.0963       1269     5.2833  0.000e+00
    115.446    10.9031   3.909424    35.0939       1270     5.2875  0.000e+00
    115.286    10.9072   3.909351    35.0892       1271     5.2917  0.000e+00
    115.124    10.9097   3.910238    35.0958       1272     5.2958  0.000e+00
    114.965    10.9146   3.912133    35.1102       1273     5.3000  0.000e+00
    114.796    10.9272   3.912259    35.0995       1274     5.3042  0.000e+00
    114.644    10.9367   3.911583    35.0836       1275     5.3083  0.000e+00
    114.483    10.9408   3.912722    35.0912       1276     5.3125  0.000e+00
    114.339    10.9460   3.915393    35.1130       1277     5.3167  0.000e+00
    114.210    10.9607   3.915380    35.0989       1278     5.3208  0.000e+00
    114.083    10.9735   3.915466    35.0875       1279     5.3250  0.000e+00
    113.971    10.9807   3.914836    35.0745       1280     5.3292  0.000e+00
    113.863    10.9822   3.914206    35.0667       1281     5.3333  0.000e+00
    113.767    10.9800   3.915333    35.0801       1282     5.3375  0.000e+00
    113.673    10.9816   3.916188    35.0872       1283     5.3417  0.000e+00
    113.584    10.9877   3.916513    35.0847       1284     5.3458  0.000e+00
    113.496    10.9938   3.916533    35.0791       1285     5.3500  0.000e+00
    113.400    10.9979   3.917335    35.0832       1286     5.3542  0.000e+00
    113.295    11.0026   3.917514    35.0806       1287     5.3583  0.000e+00
    113.186    11.0071   3.917533    35.0765       1288     5.3625  0.000e+00
    113.063    11.0099   3.917255    35.0711       1289     5.3667  0.000e+00
    112.926    11.0105   3.917235    35.0704       1290     5.3708  0.000e+00
    112.779    11.0102   3.917533    35.0738       1291     5.3750  0.000e+00
    112.620    11.0110   3.918183    35.0795       1292     5.3792  0.000e+00
    112.452    11.0139   3.918070    35.0757       1293     5.3833  0.000e+00
    112.287    11.0163   3.917745    35.0702       1294     5.3875  0.000e+00
    112.117    11.0166   3.919144    35.0840       1295     5.3917  0.000e+00
    111.945    11.0202   3.918859    35.0778       1296     5.3958  0.000e+00
    111.775    11.0251   3.923011    35.1146       1297     5.4000  0.000e+00
    111.612    11.0388   3.922938    35.1009       1298     5.4042  0.000e+00
    111.448    11.0540   3.923329    35.0904       1299     5.4083  0.000e+00
    111.285    11.0633   3.924662    35.0948       1300     5.4125  0.000e+00
    111.135    11.0739   3.925949    35.0977       1301     5.4167  0.000e+00
    110.990    11.0844   3.926228    35.0905       1302     5.4208  0.000e+00
    110.855    11.0934   3.925664    35.0763       1303     5.4250  0.000e+00
    110.735    11.1015   3.925478    35.0667       1304     5.4292  0.000e+00
    110.610    11.1066   3.925458    35.0617       1305     5.4333  0.000e+00
    110.506    11.1097   3.925736    35.0616       1306     5.4375  0.000e+00
    110.410    11.1132   3.926154    35.0625       1307     5.4417  0.000e+00
    110.326    11.1171   3.926167    35.0590       1308     5.4458  0.000e+00
    110.252    11.1202   3.926293    35.0573       1309     5.4500  0.000e+00
    110.187    11.1221   3.926366    35.0562       1310     5.4542  0.000e+00
    110.122    11.1239   3.926857    35.0595       1311     5.4583  0.000e+00
    110.058    11.1264   3.927043    35.0589       1312     5.4625  0.000e+00
    109.995    11.1291   3.926997    35.0559       1313     5.4667  0.000e+00
    109.926    11.1313   3.926877    35.0527       1314     5.4708  0.000e+00
    109.852    11.1324   3.926811    35.0510       1315     5.4750  0.000e+00
    109.754    11.1329   3.926671    35.0492       1316     5.4792  0.000e+00
    109.643    11.1326   3.926505    35.0478       1317     5.4833  0.000e+00
    109.515    11.1324   3.926094    35.0440       1318     5.4875  0.000e+00
    109.372    11.1312   3.925994    35.0442       1319     5.4917  0.000e+00
    109.224    11.1299   3.925709    35.0427       1320     5.4958  0.000e+00
    109.057    11.1281   3.925477    35.0422       1321     5.5000  0.000e+00
    108.884    11.1266   3.925158    35.0405       1322     5.5042  0.000e+00
    108.708    11.1247   3.924939    35.0402       1323     5.5083  0.000e+00
    108.540    11.1232   3.924846    35.0408       1324     5.5125  0.000e+00
    108.363    11.1218   3.924733    35.0411       1325     5.5167  0.000e+00
    108.205    11.1208   3.924309    35.0379       1326     5.5208  0.000e+00
    108.053    11.1192   3.924202    35.0384       1327     5.5250  0.000e+00
    107.900    11.1179   3.923891    35.0367       1328     5.5292  0.000e+00
    107.759    11.1162   3.924123    35.0406       1329     5.5333  0.000e+00
    107.632    11.1155   3.924030    35.0404       1330     5.5375  0.000e+00
    107.511    11.1152   3.923705    35.0375       1331     5.5417  0.000e+00
    107.400    11.1142   3.923738    35.0389       1332     5.5458  0.000e+00
    107.301    11.1132   3.923778    35.0402       1333     5.5500  0.000e+00
    107.210    11.1130   3.923705    35.0398       1334     5.5542  0.000e+00
    107.116    11.1126   3.923731    35.0404       1335     5.5583  0.000e+00
    107.038    11.1127   3.923738    35.0404       1336     5.5625  0.000e+00
    106.962    11.1127   3.923824    35.0413       1337     5.5667  0.000e+00
    106.886    11.1129   3.923797    35.0409       1338     5.5708  0.000e+00
    106.816    11.1134   3.923937    35.0418       1339     5.5750  0.000e+00
    106.743    11.1139   3.924029    35.0424       1340     5.5792  0.000e+00
    106.673    11.1147   3.924083    35.0421       1341     5.5833  0.000e+00
    106.597    11.1157   3.924076    35.0412       1342     5.5875  0.000e+00
    106.517    11.1161   3.924242    35.0424       1343     5.5917  0.000e+00
    106.432    11.1170   3.924195    35.0412       1344     5.5958  0.000e+00
    106.334    11.1174   3.923963    35.0385       1345     5.6000  0.000e+00
    106.233    11.1173   3.923936    35.0384       1346     5.6042  0.000e+00
    106.121    11.1173   3.924009    35.0392       1347     5.6083  0.000e+00
    106.000    11.1181   3.923963    35.0381       1348     5.6125  0.000e+00
    105.869    11.1183   3.923750    35.0357       1349     5.6167  0.000e+00
    105.735    11.1182   3.922417    35.0226       1350     5.6208  0.000e+00
    105.598    11.1148   3.921933    35.0211       1351     5.6250  0.000e+00
    105.450    11.1106   3.921608    35.0219       1352     5.6292  0.000e+00
    105.307    11.1073   3.921349    35.0226       1353     5.6333  0.000e+00
    105.160    11.1046   3.920314    35.0149       1354     5.6375  0.000e+00
    105.015    11.1018   3.920182    35.0163       1355     5.6417  0.000e+00
    104.874    11.0994   3.920115    35.0180       1356     5.6458  0.000e+00
    104.744    11.0978   3.919949    35.0179       1357     5.6500  0.000e+00
    104.619    11.0966   3.919485    35.0145       1358     5.6542  0.000e+00
    104.509    11.0951   3.919213    35.0132       1359     5.6583  0.000e+00
    104.406    11.0932   3.918994    35.0130       1360     5.6625  0.000e+00
    104.309    11.0919   3.918809    35.0124       1361     5.6667  0.000e+00
    104.217    11.0903   3.918623    35.0120       1362     5.6708  0.000e+00
    104.137    11.0894   3.918457    35.0113       1363     5.6750  0.000e+00
    104.046    11.0882   3.918371    35.0116       1364     5.6792  0.000e+00
    103.971    11.0875   3.918417    35.0128       1365     5.6833  0.000e+00
    103.894    11.0869   3.918437    35.0136       1366     5.6875  0.000e+00
    103.813    11.0871   3.918484    35.0139       1367     5.6917  0.000e+00
    103.728    11.0872   3.918603    35.0151       1368     5.6958  0.000e+00
    103.650    11.0877   3.918603    35.0146       1369     5.7000  0.000e+00
    103.567    11.0882   3.918716    35.0153       1370     5.7042  0.000e+00
    103.479    11.0889   3.918974    35.0172       1371     5.7083  0.000e+00
    103.381    11.0902   3.919312    35.0194       1372     5.7125  0.000e+00
    103.280    11.0925   3.919624    35.0204       1373     5.7167  0.000e+00
    103.180    11.0952   3.920022    35.0218       1374     5.7208  0.000e+00
    103.066    11.0985   3.920327    35.0217       1375     5.7250  0.000e+00
    102.954    11.1018   3.920459    35.0200       1376     5.7292  0.000e+00
    102.833    11.1043   3.920532    35.0184       1377     5.7333  0.000e+00
    102.708    11.1061   3.920764    35.0190       1378     5.7375  0.000e+00
    102.585    11.1079   3.921673    35.0265       1379     5.7417  0.000e+00
    102.464    11.1117   3.922210    35.0282       1380     5.7458  0.000e+00
    102.337    11.1166   3.922316    35.0247       1381     5.7500  0.000e+00
    102.223    11.1204   3.922190    35.0199       1382     5.7542  0.000e+00
    102.104    11.1225   3.921858    35.0146       1383     5.7583  0.000e+00
    101.988    11.1228   3.921885    35.0146       1384     5.7625  0.000e+00
    101.868    11.1224   3.921852    35.0147       1385     5.7667  0.000e+00
    101.754    11.1223   3.921838    35.0147       1386     5.7708  0.000e+00
    101.643    11.1222   3.921347    35.0100       1387     5.7750  0.000e+00
    101.529    11.1210   3.920671    35.0045       1388     5.7792  0.000e+00
    101.424    11.1176   3.919974    35.0008       1389     5.7833  0.000e+00
    101.325    11.1137   3.920558    35.0104       1390     5.7875  0.000e+00
    101.223    11.1119   3.919649    35.0031       1391     5.7917  0.000e+00
    101.131    11.1091   3.919530    35.0046       1392     5.7958  0.000e+00
    101.041    11.1070   3.919510    35.0064       1393     5.8000  0.000e+00
    100.957    11.1057   3.919477    35.0074       1394     5.8042  0.000e+00
    100.883    11.1048   3.919557    35.0091       1395     5.8083  0.000e+00
    100.807    11.1045   3.919371    35.0075       1396     5.8125  0.000e+00
    100.731    11.1038   3.918622    35.0008       1397     5.8167  0.000e+00
    100.661    11.1017   3.918721    35.0038       1398     5.8208  0.000e+00
    100.583    11.1001   3.918575    35.0039       1399     5.8250  0.000e+00
    100.505    11.0987   3.917620    34.9957       1400     5.8292  0.000e+00
    100.420    11.0956   3.917083    34.9934       1401     5.8333  0.000e+00
    100.328    11.0917   3.916990    34.9962       1402     5.8375  0.000e+00
    100.232    11.0889   3.917010    34.9991       1403     5.8417  0.000e+00
    100.114    11.0870   3.916898    34.9999       1404     5.8458  0.000e+00
    100.011    11.0860   3.916758    34.9995       1405     5.8500  0.000e+00
     99.901    11.0849   3.916646    34.9995       1406     5.8542  0.000e+00
     99.785    11.0840   3.916427    34.9982       1407     5.8583  0.000e+00
     99.666    11.0829   3.916433    34.9994       1408     5.8625  0.000e+00
     99.556    11.0822   3.916036    34.9961       1409     5.8667  0.000e+00
     99.435    11.0811   3.915757    34.9945       1410     5.8708  0.000e+00
     99.321    11.0794   3.915346    34.9920       1411     5.8750  0.000e+00
     99.208    11.0774   3.914922    34.9897       1412     5.8792  0.000e+00
     99.098    11.0747   3.914524    34.9883       1413     5.8833  0.000e+00
     98.984    11.0718   3.914060    34.9865       1414     5.8875  0.000e+00
     98.881    11.0688   3.913954    34.9884       1415     5.8917  0.000e+00
     98.777    11.0667   3.913875    34.9897       1416     5.8958  0.000e+00
     98.669    11.0652   3.913550    34.9879       1417     5.9000  0.000e+00
     98.576    11.0635   3.913550    34.9895       1418     5.9042  0.000e+00
     98.479    11.0624   3.913325    34.9884       1419     5.9083  0.000e+00
     98.390    11.0613   3.912920    34.9855       1420     5.9125  0.000e+00
     98.301    11.0596   3.912576    34.9836       1421     5.9167  0.000e+00
     98.214    11.0577   3.912642    34.9861       1422     5.9208  0.000e+00
     98.128    11.0564   3.912549    34.9865       1423     5.9250  0.000e+00
     98.046    11.0559   3.912880    34.9904       1424     5.9292  0.000e+00
     97.968    11.0563   3.912947    34.9906       1425     5.9333  0.000e+00
     97.885    11.0576   3.912761    34.9877       1426     5.9375  0.000e+00
     97.804    11.0580   3.912483    34.9845       1427     5.9417  0.000e+00
     97.720    11.0579   3.912443    34.9842       1428     5.9458  0.000e+00
     97.632    11.0579   3.912502    34.9848       1429     5.9500  0.000e+00
     97.534    11.0582   3.913198    34.9916       1430     5.9542  0.000e+00
     97.434    11.0604   3.913178    34.9893       1431     5.9583  0.000e+00
     97.333    11.0627   3.912516    34.9805       1432     5.9625  0.000e+00
     97.228    11.0626   3.912038    34.9760       1433     5.9667  0.000e+00
     97.131    11.0608   3.911740    34.9747       1434     5.9708  0.000e+00
     97.025    11.0588   3.911157    34.9708       1435     5.9750  0.000e+00
     96.922    11.0559   3.908395    34.9461       1436     5.9792  0.000e+00
     96.835    11.0475   3.907209    34.9423       1437     5.9833  0.000e+00
     96.734    11.0372   3.906487    34.9450       1438     5.9875  0.000e+00
     96.649    11.0285   3.905699    34.9454       1439     5.9917  0.000e+00
     96.567    11.0210   3.905448    34.9500       1440     5.9958  0.000e+00
     96.482    11.0152   3.904726    34.9484       1441     6.0000  0.000e+00
     96.406    11.0103   3.905189    34.9578       1442     6.0042  0.000e+00
     96.335    11.0074   3.904123    34.9499       1443     6.0083  0.000e+00
     96.255    11.0042   3.903528    34.9470       1444     6.0125  0.000e+00
     96.172    11.0001   3.903382    34.9495       1445     6.0167  0.000e+00
