HB2303/sbe037.cnv
* Sea-Bird SBE 19plus V2 Data File:
* FileName = C:\cruise\data\sbe037.hex
* Software Version Seasave V 7.26.7.121
* Temperature SN = 6128
* Conductivity SN = 6128
* System UpLoad Time = Aug 12 2023 00:42:54
* NMEA Latitude = 35 31.53 N
* NMEA Longitude = 075 04.83 W
* NMEA UTC (Time) = Aug 12 2023 00:42:50
** Ship: Henry Bigelow
** Cruise:  HB2303
** Program:  ECOMON
# nquan = 7
# nvalues = 1248                                  
# units = specified
# name 0 = depSM: Depth [salt water, m]
# name 1 = tv290C: Temperature [ITS-90, deg C]
# name 2 = c0S/m: Conductivity [S/m]
# name 3 = sal00: Salinity, Practical [PSU]
# name 4 = scan: Scan Count
# name 5 = timeM: Time, Elapsed [minutes]
# name 6 = flag:  0.000e+00
# span 0 =     -0.164,     31.447                 
# span 1 =    24.2125,    27.6839                 
# span 2 =   0.000252,   5.768168                 
# span 3 =     0.0124,    36.5401                 
# span 4 =         11,       1258                 
# span 5 =     0.0417,     5.2375                 
# span 6 = 0.0000e+00, 0.0000e+00                 
# interval = seconds: 0.25
# start_time = Aug 12 2023 00:42:50 [NMEA time, header]
# bad_flag = -9.990e-29
*END*
[from data line 1026]
      7.364    26.7905   5.669415    36.2525       1037     4.3167  0.000e+00
      7.299    26.7935   5.669709    36.2524       1038     4.3208  0.000e+00
      7.225    26.7964   5.670027    36.2523       1039     4.3250  0.000e+00
      7.158    26.7993   5.670298    36.2521       1040     4.3292  0.000e+00
      7.095    26.8024   5.670508    36.2512       1041     4.3333  0.000e+00
      7.040    26.8049   5.670639    36.2502       1042     4.3375  0.000e+00
      6.992    26.8070   5.670895    36.2504       1043     4.3417  0.000e+00
      6.943    26.8093   5.671197    36.2508       1044     4.3458  0.000e+00
      6.905    26.8117   5.671415    36.2505       1045     4.3500  0.000e+00
      6.867    26.8139   5.671562    36.2498       1046     4.3542  0.000e+00
      6.825    26.8159   5.671670    36.2491       1047     4.3583  0.000e+00
      6.789    26.8174   5.671779    36.2487       1048     4.3625  0.000e+00
      6.751    26.8190   5.671895    36.2483       1049     4.3667  0.000e+00
      6.712    26.8205   5.672120    36.2487       1050     4.3708  0.000e+00
      6.663    26.8218   5.672383    36.2496       1051     4.3750  0.000e+00
      6.618    26.8237   5.672461    36.2487       1052     4.3792  0.000e+00
      6.565    26.8262   5.672864    36.2497       1053     4.3833  0.000e+00
      6.527    26.8283   5.672957    36.2487       1054     4.3875  0.000e+00
      6.477    26.8302   5.673089    36.2482       1055     4.3917  0.000e+00
      6.430    26.8316   5.673298    36.2486       1056     4.3958  0.000e+00
      6.392    26.8331   5.673639    36.2499       1057     4.4000  0.000e+00
      6.345    26.8355   5.674073    36.2512       1058     4.4042  0.000e+00
      6.294    26.8382   5.674376    36.2513       1059     4.4083  0.000e+00
      6.251    26.8413   5.674570    36.2503       1060     4.4125  0.000e+00
      6.205    26.8435   5.674763    36.2500       1061     4.4167  0.000e+00
      6.151    26.8458   5.674942    36.2494       1062     4.4208  0.000e+00
      6.102    26.8481   5.675702    36.2531       1063     4.4250  0.000e+00
      6.059    26.8516   5.676268    36.2545       1064     4.4292  0.000e+00
      6.012    26.8564   5.676539    36.2527       1065     4.4333  0.000e+00
      5.961    26.8607   5.676609    36.2499       1066     4.4375  0.000e+00
      5.914    26.8634   5.676671    36.2482       1067     4.4417  0.000e+00
      5.867    26.8651   5.676795    36.2478       1068     4.4458  0.000e+00
      5.822    26.8667   5.676865    36.2470       1069     4.4500  0.000e+00
      5.788    26.8677   5.676981    36.2471       1070     4.4542  0.000e+00
      5.757    26.8687   5.677190    36.2478       1071     4.4583  0.000e+00
      5.727    26.8702   5.677415    36.2483       1072     4.4625  0.000e+00
      5.701    26.8718   5.677570    36.2482       1073     4.4667  0.000e+00
      5.676    26.8737   5.677632    36.2472       1074     4.4708  0.000e+00
      5.642    26.8748   5.677896    36.2482       1075     4.4750  0.000e+00
      5.609    26.8763   5.678005    36.2478       1076     4.4792  0.000e+00
      5.571    26.8778   5.678090    36.2472       1077     4.4833  0.000e+00
      5.524    26.8793   5.678098    36.2462       1078     4.4875  0.000e+00
      5.481    26.8797   5.678152    36.2462       1079     4.4917  0.000e+00
      5.430    26.8810   5.678346    36.2466       1080     4.4958  0.000e+00
      5.376    26.8817   5.678540    36.2475       1081     4.5000  0.000e+00
      5.309    26.8829   5.678873    36.2490       1082     4.5042  0.000e+00
      5.244    26.8849   5.679222    36.2500       1083     4.5083  0.000e+00
      5.174    26.8878   5.679587    36.2504       1084     4.5125  0.000e+00
      5.105    26.8911   5.679998    36.2508       1085     4.5167  0.000e+00
      5.035    26.8944   5.680393    36.2510       1086     4.5208  0.000e+00
      4.961    26.8980   5.680704    36.2505       1087     4.5250  0.000e+00
      4.892    26.9012   5.681076    36.2507       1088     4.5292  0.000e+00
      4.827    26.9051   5.681479    36.2506       1089     4.5333  0.000e+00
      4.762    26.9086   5.681634    36.2489       1090     4.5375  0.000e+00
      4.713    26.9115   5.681836    36.2482       1091     4.5417  0.000e+00
      4.668    26.9142   5.682131    36.2481       1092     4.5458  0.000e+00
      4.650    26.9171   5.682480    36.2484       1093     4.5500  0.000e+00
      4.621    26.9198   5.682596    36.2471       1094     4.5542  0.000e+00
      4.601    26.9224   5.682713    36.2460       1095     4.5583  0.000e+00
      4.590    26.9238   5.682689    36.2447       1096     4.5625  0.000e+00
      4.583    26.9251   5.682775    36.2443       1097     4.5667  0.000e+00
      4.572    26.9261   5.683031    36.2453       1098     4.5708  0.000e+00
      4.563    26.9277   5.683326    36.2462       1099     4.5750  0.000e+00
      4.554    26.9299   5.683838    36.2482       1100     4.5792  0.000e+00
      4.533    26.9323   5.684420    36.2505       1101     4.5833  0.000e+00
      4.516    26.9364   5.684831    36.2503       1102     4.5875  0.000e+00
      4.488    26.9407   5.685328    36.2505       1103     4.5917  0.000e+00
      4.462    26.9447   5.685638    36.2496       1104     4.5958  0.000e+00
      4.433    26.9489   5.686166    36.2501       1105     4.6000  0.000e+00
      4.401    26.9529   5.687221    36.2546       1106     4.6042  0.000e+00
      4.368    26.9587   5.688145    36.2567       1107     4.6083  0.000e+00
      4.323    26.9662   5.689147    36.2580       1108     4.6125  0.000e+00
      4.269    26.9747   5.691817    36.2706       1109     4.6167  0.000e+00
      4.206    26.9880   5.695265    36.2850       1110     4.6208  0.000e+00
      4.148    27.0084   5.698637    36.2934       1111     4.6250  0.000e+00
      4.070    27.0338   5.701434    36.2936       1112     4.6292  0.000e+00
      3.996    27.0600   5.704993    36.2987       1113     4.6333  0.000e+00
      3.929    27.0885   5.710590    36.3166       1114     4.6375  0.000e+00
      3.862    27.1236   5.716921    36.3346       1115     4.6417  0.000e+00
      3.792    27.1671   5.721761    36.3353       1116     4.6458  0.000e+00
      3.730    27.2129   5.726431    36.3330       1117     4.6500  0.000e+00
      3.676    27.2542   5.726399    36.3006       1118     4.6542  0.000e+00
      3.622    27.2852   5.730767    36.3076       1119     4.6583  0.000e+00
      3.579    27.3125   5.731008    36.2881       1120     4.6625  0.000e+00
      3.528    27.3339   5.734856    36.2989       1121     4.6667  0.000e+00
      3.483    27.3565   5.738355    36.3063       1122     4.6708  0.000e+00
      3.447    27.3829   5.741027    36.3049       1123     4.6750  0.000e+00
      3.409    27.4097   5.745268    36.3143       1124     4.6792  0.000e+00
      3.360    27.4394   5.745774    36.2948       1125     4.6833  0.000e+00
      3.322    27.4621   5.749330    36.3025       1126     4.6875  0.000e+00
      3.290    27.4861   5.754877    36.3234       1127     4.6917  0.000e+00
      3.259    27.5183   5.758411    36.3235       1128     4.6958  0.000e+00
      3.228    27.5522   5.760557    36.3124       1129     4.7000  0.000e+00
      3.208    27.5800   5.758722    36.2778       1130     4.7042  0.000e+00
      3.197    27.5940   5.756459    36.2509       1131     4.7083  0.000e+00
      3.197    27.5923   5.752510    36.2241       1132     4.7125  0.000e+00
      3.197    27.5763   5.753205    36.2415       1133     4.7167  0.000e+00
      3.181    27.5656   5.753049    36.2487       1134     4.7208  0.000e+00
      3.170    27.5601   5.755921    36.2733       1135     4.7250  0.000e+00
      3.154    27.5659   5.759940    36.2975       1136     4.7292  0.000e+00
      3.136    27.5835   5.764953    36.3194       1137     4.7333  0.000e+00
      3.101    27.6113   5.765233    36.2998       1138     4.7375  0.000e+00
      3.062    27.6325   5.760993    36.2533       1139     4.7417  0.000e+00
      3.020    27.6338   5.759330    36.2405       1140     4.7458  0.000e+00
      2.980    27.6243   5.759549    36.2494       1141     4.7500  0.000e+00
      2.937    27.6157   5.761782    36.2720       1142     4.7542  0.000e+00
      2.897    27.6201   5.764444    36.2875       1143     4.7583  0.000e+00
      2.847    27.6329   5.766881    36.2949       1144     4.7625  0.000e+00
      2.805    27.6489   5.767544    36.2872       1145     4.7667  0.000e+00
      2.766    27.6610   5.760586    36.2284       1146     4.7708  0.000e+00
      2.720    27.6517   5.759455    36.2276       1147     4.7750  0.000e+00
      2.664    27.6330   5.758620    36.2362       1148     4.7792  0.000e+00
      2.612    27.6191   5.761758    36.2693       1149     4.7833  0.000e+00
      2.552    27.6201   5.765834    36.2974       1150     4.7875  0.000e+00
      2.500    27.6362   5.767576    36.2974       1151     4.7917  0.000e+00
      2.453    27.6535   5.767349    36.2823       1152     4.7958  0.000e+00
      2.408    27.6651   5.767544    36.2748       1153     4.8000  0.000e+00
      2.377    27.6722   5.767801    36.2711       1154     4.8042  0.000e+00
      2.343    27.6764   5.767668    36.2669       1155     4.8083  0.000e+00
      2.318    27.6787   5.767317    36.2627       1156     4.8125  0.000e+00
      2.294    27.6789   5.768137    36.2683       1157     4.8167  0.000e+00
      2.273    27.6809   5.767668    36.2635       1158     4.8208  0.000e+00
      2.253    27.6812   5.767129    36.2594       1159     4.8250  0.000e+00
      2.233    27.6798   5.767043    36.2599       1160     4.8292  0.000e+00
      2.215    27.6780   5.767254    36.2628       1161     4.8333  0.000e+00
      2.213    27.6777   5.767098    36.2619       1162     4.8375  0.000e+00
      2.211    27.6765   5.766747    36.2603       1163     4.8417  0.000e+00
      2.206    27.6751   5.767129    36.2642       1164     4.8458  0.000e+00
      2.198    27.6751   5.767254    36.2651       1165     4.8500  0.000e+00
      2.188    27.6752   5.765466    36.2523       1166     4.8542  0.000e+00
      2.168    27.6708   5.767317    36.2689       1167     4.8583  0.000e+00
      2.141    27.6720   5.767637    36.2702       1168     4.8625  0.000e+00
      2.110    27.6748   5.767840    36.2694       1169     4.8667  0.000e+00
      2.077    27.6776   5.766653    36.2589       1170     4.8708  0.000e+00
      2.027    27.6762   5.764412    36.2441       1171     4.8750  0.000e+00
      1.985    27.6690   5.765794    36.2595       1172     4.8792  0.000e+00
      1.942    27.6643   5.763334    36.2457       1173     4.8833  0.000e+00
      1.891    27.6566   5.765739    36.2687       1174     4.8875  0.000e+00
      1.817    27.6568   5.767544    36.2814       1175     4.8917  0.000e+00
      1.745    27.6648   5.767825    36.2772       1176     4.8958  0.000e+00
      1.662    27.6719   5.767824    36.2717       1177     4.9000  0.000e+00
      1.577    27.6765   5.767512    36.2659       1178     4.9042  0.000e+00
      1.481    27.6781   5.767410    36.2640       1179     4.9083  0.000e+00
      1.382    27.6782   5.767160    36.2622       1180     4.9125  0.000e+00
      1.272    27.6775   5.767254    36.2635       1181     4.9167  0.000e+00
      1.180    27.6768   5.767637    36.2668       1182     4.9208  0.000e+00
      1.088    27.6778   5.767636    36.2660       1183     4.9250  0.000e+00
      1.021    27.6788   5.767886    36.2670       1184     4.9292  0.000e+00
      1.006    27.6804   5.768168    36.2678       1185     4.9333  0.000e+00
      1.017    27.6820   5.768082    36.2659       1186     4.9375  0.000e+00
      1.035    27.6832   5.768043    36.2647       1187     4.9417  0.000e+00
      1.067    27.6838   5.768035    36.2642       1188     4.9458  0.000e+00
      1.112    27.6839   5.767949    36.2635       1189     4.9500  0.000e+00
      1.143    27.6836   5.767793    36.2626       1190     4.9542  0.000e+00
      1.179    27.6829   5.767675    36.2623       1191     4.9583  0.000e+00
      1.208    27.6819   5.767636    36.2628       1192     4.9625  0.000e+00
      1.224    27.6810   5.767480    36.2624       1193     4.9667  0.000e+00
      1.223    27.6803   5.767472    36.2629       1194     4.9708  0.000e+00
      1.212    27.6793   5.767285    36.2623       1195     4.9750  0.000e+00
      1.192    27.6785   5.767035    36.2612       1196     4.9792  0.000e+00
      1.161    27.6770   5.767012    36.2622       1197     4.9833  0.000e+00
      1.120    27.6760   5.767191    36.2643       1198     4.9875  0.000e+00
      1.069    27.6758   5.767254    36.2649       1199     4.9917  0.000e+00
      1.018    27.6761   5.766816    36.2615       1200     4.9958  0.000e+00
      0.950    27.6750   5.766496    36.2602       1201     5.0000  0.000e+00
      0.879    27.6733   5.766652    36.2626       1202     5.0042  0.000e+00
      0.794    27.6726   5.767504    36.2692       1203     5.0083  0.000e+00
      0.688    27.6746   5.767574    36.2682       1204     5.0125  0.000e+00
      0.587    27.6769   5.767667    36.2671       1205     5.0167  0.000e+00
      0.466    27.6785   5.767706    36.2662       1206     5.0208  0.000e+00
      0.316    27.6793   5.766878    36.2597       1207     5.0250  0.000e+00
      0.159    27.6775   5.766308    36.2571       1208     5.0292  0.000e+00
      0.067    27.6739   5.765832    36.2565       1209     5.0333  0.000e+00
      0.086    27.6694   5.765465    36.2574       1210     5.0375  0.000e+00
      0.135    27.6649   5.765645    36.2622       1211     5.0417  0.000e+00
      0.168    27.6631   5.766019    36.2662       1212     5.0458  0.000e+00
      0.188    27.6628   5.766879    36.2725       1213     5.0500  0.000e+00
      0.186    27.6663   5.767160    36.2718       1214     5.0542  0.000e+00
      0.164    27.6702   5.767097    36.2684       1215     5.0583  0.000e+00
      0.141    27.6722   5.767042    36.2664       1216     5.0625  0.000e+00
      0.193    27.6733   5.766972    36.2651       1217     5.0667  0.000e+00
      0.245    27.6736   5.767035    36.2653       1218     5.0708  0.000e+00
      0.293    27.6737   5.767042    36.2652       1219     5.0750  0.000e+00
      0.341    27.6739   5.767316    36.2670       1220     5.0792  0.000e+00
      0.401    27.6752   5.767285    36.2658       1221     5.0833  0.000e+00
      0.470    27.6760   5.767339    36.2655       1222     5.0875  0.000e+00
      0.488    27.6763   5.767316    36.2651       1223     5.0917  0.000e+00
      0.443    27.6769   5.767347    36.2649       1224     5.0958  0.000e+00
      0.350    27.6770   5.767082    36.2629       1225     5.1000  0.000e+00
      0.191    27.6762   5.767191    36.2644       1226     5.1042  0.000e+00
      0.025    27.6759   5.766745    36.2615       1227     5.1083  0.000e+00
     -0.117    27.6743   4.334210    26.3347       1228     5.1125  0.000e+00
     -0.150    27.6705   1.026717     5.4683       1229     5.1167  0.000e+00
     -0.155    27.6466   0.538919     2.7439       1230     5.1208  0.000e+00
     -0.154    27.5902   0.406366     2.0349       1231     5.1250  0.000e+00
     -0.152    27.5299   0.350773     1.7433       1232     5.1292  0.000e+00
     -0.150    27.5021   0.318631     1.5757       1233     5.1333  0.000e+00
     -0.152    27.4899   0.297129     1.4639       1234     5.1375  0.000e+00
     -0.152    27.4871   0.276145     1.3551       1235     5.1417  0.000e+00
     -0.155    27.4871   0.252383     1.2325       1236     5.1458  0.000e+00
     -0.157    27.4887   0.232677     1.1314       1237     5.1500  0.000e+00
     -0.161    27.4907   0.210375     1.0176       1238     5.1542  0.000e+00
     -0.161    27.4921   0.187745     0.9030       1239     5.1583  0.000e+00
     -0.164    27.4944   0.174021     0.8340       1240     5.1625  0.000e+00
