HB2303/sbe083.cnv
* Sea-Bird SBE 19plus V2 Data File:
* FileName = C:\cruise\data\sbe083.hex
* Software Version Seasave V 7.26.7.121
* Temperature SN = 6128
* Conductivity SN = 6128
* System UpLoad Time = Aug 16 2023 17:53:54
* NMEA Latitude = 41 06.95 N
* NMEA Longitude = 067 18.00 W
* NMEA UTC (Time) = Aug 16 2023 17:53:50
** Ship: Henry Bigelow
** Cruise:  HB2303
** Program:  ECOMON
# nquan = 7
# nvalues = 1377                                  
# units = specified
# name 0 = depSM: Depth [salt water, m]
# name 1 = tv290C: Temperature [ITS-90, deg C]
# name 2 = c0S/m: Conductivity [S/m]
# name 3 = sal00: Salinity, Practical [PSU]
# name 4 = scan: Scan Count
# name 5 = timeM: Time, Elapsed [minutes]
# name 6 = flag:  0.000e+00
# span 0 =     -0.032,     57.306                 
# span 1 =    12.1326,    18.4545                 
# span 2 =   0.000998,   4.225585                 
# span 3 =     0.0124,    33.3237                 
# span 4 =         11,       1387                 
# span 5 =     0.0417,     5.7750                 
# span 6 = 0.0000e+00, 0.0000e+00                 
# interval = seconds: 0.25
# start_time = Aug 16 2023 17:53:50 [NMEA time, header]
# bad_flag = -9.990e-29
*END*
[from data line 821]
     40.237    12.9090   3.813405    32.3752        832     3.4625  0.000e+00
     40.116    12.9223   3.813989    32.3694        833     3.4667  0.000e+00
     39.997    12.9334   3.814618    32.3659        834     3.4708  0.000e+00
     39.881    12.9423   3.814730    32.3594        835     3.4750  0.000e+00
     39.768    12.9489   3.815497    32.3610        836     3.4792  0.000e+00
     39.661    12.9560   3.815589    32.3559        837     3.4833  0.000e+00
     39.562    12.9614   3.816487    32.3597        838     3.4875  0.000e+00
     39.466    12.9681   3.816651    32.3557        839     3.4917  0.000e+00
     39.376    12.9737   3.816632    32.3507        840     3.4958  0.000e+00
     39.286    12.9770   3.816651    32.3481        841     3.5000  0.000e+00
     39.203    12.9786   3.816421    32.3446        842     3.5042  0.000e+00
     39.121    12.9784   3.816671    32.3472        843     3.5083  0.000e+00
     39.037    12.9791   3.816323    32.3433        844     3.5125  0.000e+00
     38.960    12.9785   3.816152    32.3423        845     3.5167  0.000e+00
     38.876    12.9770   3.816133    32.3434        846     3.5208  0.000e+00
     38.795    12.9757   3.816330    32.3464        847     3.5250  0.000e+00
     38.705    12.9758   3.816940    32.3521        848     3.5292  0.000e+00
     38.614    12.9784   3.816821    32.3488        849     3.5333  0.000e+00
     38.517    12.9811   3.817504    32.3529        850     3.5375  0.000e+00
     38.417    12.9846   3.817983    32.3546        851     3.5417  0.000e+00
     38.316    12.9899   3.818094    32.3511        852     3.5458  0.000e+00
     38.205    12.9939   3.818127    32.3480        853     3.5500  0.000e+00
     38.087    12.9963   3.818140    32.3461        854     3.5542  0.000e+00
     37.973    12.9978   3.818173    32.3453        855     3.5583  0.000e+00
     37.856    12.9987   3.818205    32.3449        856     3.5625  0.000e+00
     37.726    12.9993   3.818192    32.3443        857     3.5667  0.000e+00
     37.599    12.9997   3.818179    32.3438        858     3.5708  0.000e+00
     37.475    12.9999   3.818363    32.3454        859     3.5750  0.000e+00
     37.345    13.0004   3.818363    32.3451        860     3.5792  0.000e+00
     37.222    13.0010   3.818382    32.3447        861     3.5833  0.000e+00
     37.101    13.0015   3.818382    32.3444        862     3.5875  0.000e+00
     36.991    13.0018   3.818362    32.3440        863     3.5917  0.000e+00
     36.886    13.0019   3.818362    32.3439        864     3.5958  0.000e+00
     36.779    13.0019   3.818270    32.3431        865     3.6000  0.000e+00
     36.687    13.0017   3.818310    32.3437        866     3.6042  0.000e+00
     36.595    13.0015   3.818362    32.3444        867     3.6083  0.000e+00
     36.507    13.0018   3.818408    32.3446        868     3.6125  0.000e+00
     36.429    13.0020   3.818382    32.3442        869     3.6167  0.000e+00
     36.350    13.0024   3.818598    32.3460        870     3.6208  0.000e+00
     36.263    13.0031   3.818631    32.3457        871     3.6250  0.000e+00
     36.182    13.0041   3.818670    32.3453        872     3.6292  0.000e+00
     36.099    13.0047   3.818789    32.3459        873     3.6333  0.000e+00
     36.005    13.0054   3.818690    32.3444        874     3.6375  0.000e+00
     35.908    13.0058   3.818677    32.3440        875     3.6417  0.000e+00
     35.803    13.0060   3.818907    32.3460        876     3.6458  0.000e+00
     35.691    13.0068   3.818952    32.3458        877     3.6500  0.000e+00
     35.579    13.0078   3.818946    32.3450        878     3.6542  0.000e+00
     35.465    13.0084   3.818979    32.3448        879     3.6583  0.000e+00
     35.350    13.0088   3.818946    32.3442        880     3.6625  0.000e+00
     35.239    13.0089   3.819024    32.3449        881     3.6667  0.000e+00
     35.127    13.0092   3.819038    32.3448        882     3.6708  0.000e+00
     35.029    13.0096   3.818998    32.3441        883     3.6750  0.000e+00
     34.933    13.0100   3.819037    32.3442        884     3.6792  0.000e+00
     34.848    13.0102   3.819096    32.3446        885     3.6833  0.000e+00
     34.761    13.0104   3.819037    32.3439        886     3.6875  0.000e+00
     34.680    13.0104   3.819037    32.3440        887     3.6917  0.000e+00
     34.602    13.0106   3.819070    32.3441        888     3.6958  0.000e+00
     34.528    13.0104   3.819064    32.3443        889     3.7000  0.000e+00
     34.447    13.0106   3.819096    32.3444        890     3.7042  0.000e+00
     34.372    13.0108   3.819109    32.3444        891     3.7083  0.000e+00
     34.289    13.0110   3.819070    32.3439        892     3.7125  0.000e+00
     34.195    13.0113   3.819109    32.3441        893     3.7167  0.000e+00
     34.101    13.0110   3.819142    32.3447        894     3.7208  0.000e+00
     33.998    13.0113   3.819083    32.3439        895     3.7250  0.000e+00
     33.889    13.0115   3.819116    32.3441        896     3.7292  0.000e+00
     33.774    13.0114   3.819109    32.3442        897     3.7333  0.000e+00
     33.649    13.0117   3.819116    32.3440        898     3.7375  0.000e+00
     33.532    13.0117   3.819148    32.3443        899     3.7417  0.000e+00
     33.407    13.0119   3.819148    32.3442        900     3.7458  0.000e+00
     33.288    13.0121   3.819161    32.3442        901     3.7500  0.000e+00
     33.174    13.0124   3.819175    32.3441        902     3.7542  0.000e+00
     33.060    13.0126   3.819188    32.3441        903     3.7583  0.000e+00
     32.963    13.0128   3.819240    32.3445        904     3.7625  0.000e+00
     32.869    13.0131   3.819188    32.3438        905     3.7667  0.000e+00
     32.784    13.0130   3.819174    32.3438        906     3.7708  0.000e+00
     32.704    13.0131   3.818997    32.3421        907     3.7750  0.000e+00
     32.628    13.0124   3.819017    32.3429        908     3.7792  0.000e+00
     32.554    13.0117   3.819187    32.3452        909     3.7833  0.000e+00
     32.480    13.0121   3.819220    32.3451        910     3.7875  0.000e+00
     32.404    13.0130   3.819214    32.3443        911     3.7917  0.000e+00
     32.327    13.0133   3.819240    32.3443        912     3.7958  0.000e+00
     32.235    13.0137   3.819240    32.3441        913     3.8000  0.000e+00
     32.132    13.0137   3.819233    32.3440        914     3.8042  0.000e+00
     32.010    13.0139   3.819220    32.3438        915     3.8083  0.000e+00
     31.881    13.0140   3.819233    32.3439        916     3.8125  0.000e+00
     31.751    13.0139   3.819240    32.3440        917     3.8167  0.000e+00
     31.619    13.0141   3.819259    32.3442        918     3.8208  0.000e+00
     31.471    13.0141   3.819266    32.3442        919     3.8250  0.000e+00
     31.332    13.0142   3.819259    32.3442        920     3.8292  0.000e+00
     31.210    13.0145   3.819266    32.3440        921     3.8333  0.000e+00
     31.076    13.0144   3.819259    32.3441        922     3.8375  0.000e+00
     30.973    13.0146   3.819312    32.3444        923     3.8417  0.000e+00
     30.872    13.0147   3.819285    32.3442        924     3.8458  0.000e+00
     30.784    13.0148   3.819220    32.3435        925     3.8500  0.000e+00
     30.701    13.0147   3.819220    32.3436        926     3.8542  0.000e+00
     30.623    13.0147   3.819285    32.3442        927     3.8583  0.000e+00
     30.545    13.0147   3.819239    32.3438        928     3.8625  0.000e+00
     30.462    13.0150   3.819233    32.3436        929     3.8667  0.000e+00
     30.377    13.0147   3.819331    32.3448        930     3.8708  0.000e+00
     30.304    13.0151   3.819423    32.3454        931     3.8750  0.000e+00
     30.227    13.0159   3.819442    32.3449        932     3.8792  0.000e+00
     30.153    13.0165   3.819351    32.3435        933     3.8833  0.000e+00
     30.063    13.0166   3.819311    32.3431        934     3.8875  0.000e+00
     29.967    13.0163   3.819186    32.3423        935     3.8917  0.000e+00
     29.862    13.0158   3.819239    32.3432        936     3.8958  0.000e+00
     29.750    13.0152   3.819305    32.3443        937     3.9000  0.000e+00
     29.627    13.0153   3.819265    32.3440        938     3.9042  0.000e+00
     29.499    13.0153   3.819423    32.3455        939     3.9083  0.000e+00
     29.360    13.0159   3.819403    32.3448        940     3.9125  0.000e+00
     29.225    13.0165   3.819396    32.3443        941     3.9167  0.000e+00
     29.084    13.0169   3.819449    32.3446        942     3.9208  0.000e+00
     28.941    13.0172   3.819442    32.3443        943     3.9250  0.000e+00
     28.800    13.0176   3.819422    32.3438        944     3.9292  0.000e+00
     28.665    13.0176   3.819376    32.3434        945     3.9333  0.000e+00
     28.543    13.0174   3.819304    32.3430        946     3.9375  0.000e+00
     28.434    13.0171   3.819330    32.3435        947     3.9417  0.000e+00
     28.336    13.0171   3.819422    32.3444        948     3.9458  0.000e+00
     28.251    13.0173   3.819422    32.3443        949     3.9500  0.000e+00
     28.170    13.0176   3.819422    32.3440        950     3.9542  0.000e+00
     28.105    13.0178   3.819376    32.3435        951     3.9583  0.000e+00
     28.052    13.0178   3.819396    32.3437        952     3.9625  0.000e+00
     28.011    13.0178   3.819422    32.3439        953     3.9667  0.000e+00
     27.972    13.0179   3.819422    32.3439        954     3.9708  0.000e+00
     27.938    13.0180   3.819422    32.3438        955     3.9750  0.000e+00
     27.906    13.0182   3.819396    32.3434        956     3.9792  0.000e+00
     27.873    13.0180   3.819422    32.3439        957     3.9833  0.000e+00
     27.831    13.0182   3.819468    32.3441        958     3.9875  0.000e+00
     27.786    13.0183   3.819422    32.3436        959     3.9917  0.000e+00
     27.728    13.0180   3.819422    32.3439        960     3.9958  0.000e+00
     27.670    13.0182   3.819494    32.3444        961     4.0000  0.000e+00
     27.587    13.0186   3.819468    32.3439        962     4.0042  0.000e+00
     27.498    13.0190   3.819487    32.3438        963     4.0083  0.000e+00
     27.402    13.0190   3.819540    32.3443        964     4.0125  0.000e+00
     27.290    13.0194   3.819468    32.3433        965     4.0167  0.000e+00
     27.176    13.0193   3.819448    32.3432        966     4.0208  0.000e+00
     27.054    13.0192   3.819487    32.3438        967     4.0250  0.000e+00
     26.936    13.0193   3.819467    32.3435        968     4.0292  0.000e+00
     26.822    13.0192   3.819349    32.3426        969     4.0333  0.000e+00
     26.717    13.0188   3.819284    32.3423        970     4.0375  0.000e+00
     26.619    13.0182   3.819310    32.3431        971     4.0417  0.000e+00
     26.527    13.0178   3.819421    32.3446        972     4.0458  0.000e+00
     26.448    13.0182   3.819467    32.3446        973     4.0500  0.000e+00
     26.377    13.0187   3.819448    32.3441        974     4.0542  0.000e+00
     26.314    13.0189   3.819467    32.3441        975     4.0583  0.000e+00
     26.258    13.0192   3.819375    32.3430        976     4.0625  0.000e+00
     26.213    13.0190   3.819349    32.3430        977     4.0667  0.000e+00
     26.177    13.0186   3.819349    32.3433        978     4.0708  0.000e+00
     26.142    13.0182   3.819402    32.3441        979     4.0750  0.000e+00
     26.115    13.0182   3.819329    32.3435        980     4.0792  0.000e+00
     26.084    13.0180   3.819349    32.3439        981     4.0833  0.000e+00
     26.048    13.0181   3.819441    32.3447        982     4.0875  0.000e+00
     26.015    13.0186   3.819447    32.3443        983     4.0917  0.000e+00
     25.981    13.0189   3.819421    32.3438        984     4.0958  0.000e+00
     25.937    13.0191   3.819421    32.3437        985     4.1000  0.000e+00
     25.894    13.0190   3.819441    32.3440        986     4.1042  0.000e+00
     25.831    13.0191   3.819493    32.3444        987     4.1083  0.000e+00
     25.762    13.0195   3.819467    32.3439        988     4.1125  0.000e+00
     25.688    13.0195   3.819467    32.3438        989     4.1167  0.000e+00
     25.595    13.0198   3.819493    32.3439        990     4.1208  0.000e+00
     25.500    13.0200   3.819533    32.3442        991     4.1250  0.000e+00
     25.402    13.0201   3.819467    32.3435        992     4.1292  0.000e+00
     25.297    13.0202   3.819487    32.3436        993     4.1333  0.000e+00
     25.193    13.0203   3.819519    32.3439        994     4.1375  0.000e+00
     25.090    13.0204   3.819506    32.3437        995     4.1417  0.000e+00
     24.999    13.0207   3.819539    32.3438        996     4.1458  0.000e+00
     24.918    13.0208   3.819552    32.3439        997     4.1500  0.000e+00
     24.843    13.0210   3.819519    32.3434        998     4.1542  0.000e+00
     24.774    13.0208   3.819532    32.3438        999     4.1583  0.000e+00
     24.716    13.0208   3.819506    32.3435       1000     4.1625  0.000e+00
     24.656    13.0210   3.819519    32.3435       1001     4.1667  0.000e+00
     24.611    13.0210   3.819532    32.3437       1002     4.1708  0.000e+00
     24.575    13.0210   3.819591    32.3442       1003     4.1750  0.000e+00
     24.537    13.0213   3.819506    32.3432       1004     4.1792  0.000e+00
     24.499    13.0211   3.819519    32.3435       1005     4.1833  0.000e+00
     24.465    13.0212   3.819486    32.3431       1006     4.1875  0.000e+00
     24.422    13.0210   3.819447    32.3429       1007     4.1917  0.000e+00
     24.373    13.0206   3.819440    32.3432       1008     4.1958  0.000e+00
     24.315    13.0204   3.819447    32.3434       1009     4.2000  0.000e+00
     24.248    13.0202   3.819466    32.3438       1010     4.2042  0.000e+00
     24.175    13.0205   3.819493    32.3439       1011     4.2083  0.000e+00
     24.088    13.0206   3.819486    32.3438       1012     4.2125  0.000e+00
     23.998    13.0206   3.819466    32.3436       1013     4.2167  0.000e+00
     23.906    13.0206   3.819466    32.3437       1014     4.2208  0.000e+00
     23.799    13.0208   3.819506    32.3439       1015     4.2250  0.000e+00
     23.687    13.0210   3.819519    32.3439       1016     4.2292  0.000e+00
     23.572    13.0210   3.819597    32.3447       1017     4.2333  0.000e+00
     23.463    13.0215   3.819565    32.3440       1018     4.2375  0.000e+00
     23.353    13.0218   3.819643    32.3445       1019     4.2417  0.000e+00
     23.247    13.0222   3.819683    32.3446       1020     4.2458  0.000e+00
     23.148    13.0228   3.819669    32.3440       1021     4.2500  0.000e+00
     23.056    13.0230   3.819610    32.3433       1022     4.2542  0.000e+00
     22.972    13.0231   3.819623    32.3434       1023     4.2583  0.000e+00
     22.894    13.0232   3.819610    32.3432       1024     4.2625  0.000e+00
     22.831    13.0230   3.819623    32.3435       1025     4.2667  0.000e+00
     22.772    13.0232   3.819669    32.3438       1026     4.2708  0.000e+00
     22.728    13.0232   3.819637    32.3435       1027     4.2750  0.000e+00
     22.686    13.0234   3.819623    32.3432       1028     4.2792  0.000e+00
     22.652    13.0235   3.819682    32.3437       1029     4.2833  0.000e+00
     22.618    13.0237   3.819623    32.3430       1030     4.2875  0.000e+00
     22.591    13.0234   3.819591    32.3429       1031     4.2917  0.000e+00
     22.560    13.0230   3.819577    32.3432       1032     4.2958  0.000e+00
     22.524    13.0230   3.819591    32.3433       1033     4.3000  0.000e+00
     22.484    13.0228   3.819623    32.3438       1034     4.3042  0.000e+00
     22.443    13.0231   3.819610    32.3434       1035     4.3083  0.000e+00
