HB2303/sbe019.cnv
* Sea-Bird SBE 19plus V2 Data File:
* FileName = C:\cruise\data\sbe019.hex
* Software Version Seasave V 7.26.7.121
* Temperature SN = 6128
* Conductivity SN = 6128
* System UpLoad Time = Aug 10 2023 14:00:54
* NMEA Latitude = 39 23.19 N
* NMEA Longitude = 074 10.23 W
* NMEA UTC (Time) = Aug 10 2023 14:00:50
** Ship: Henry Bigelow
** Cruise:  HB2303
** Program:  ECOMON
# nquan = 7
# nvalues = 1557                                  
# units = specified
# name 0 = depSM: Depth [salt water, m]
# name 1 = tv290C: Temperature [ITS-90, deg C]
# name 2 = c0S/m: Conductivity [S/m]
# name 3 = sal00: Salinity, Practical [PSU]
# name 4 = scan: Scan Count
# name 5 = timeM: Time, Elapsed [minutes]
# name 6 = flag:  0.000e+00
# span 0 =     -0.242,     13.380                 
# span 1 =    14.4472,    23.0690                 
# span 2 =   0.000049,   4.572350                 
# span 3 =     0.0111,    32.3880                 
# span 4 =         11,       1567                 
# span 5 =     0.0417,     6.5250                 
# span 6 = 0.0000e+00, 0.0000e+00                 
# interval = seconds: 0.25
# start_time = Aug 10 2023 14:00:50 [NMEA time, header]
# bad_flag = -9.990e-29
*END*
[from data line 1026]
      9.370    15.9723   4.055248    32.0470       1037     4.3167  0.000e+00
      9.359    15.9771   4.056364    32.0529       1038     4.3208  0.000e+00
      9.347    15.9863   4.056774    32.0491       1039     4.3250  0.000e+00
      9.331    15.9967   4.057386    32.0461       1040     4.3292  0.000e+00
      9.320    16.0065   4.058065    32.0442       1041     4.3333  0.000e+00
      9.302    16.0167   4.058771    32.0422       1042     4.3375  0.000e+00
      9.280    16.0264   4.059134    32.0376       1043     4.3417  0.000e+00
      9.251    16.0351   4.059202    32.0311       1044     4.3458  0.000e+00
      9.224    16.0407   4.060587    32.0388       1045     4.3500  0.000e+00
      9.200    16.0500   4.062216    32.0457       1046     4.3542  0.000e+00
      9.164    16.0643   4.063312    32.0437       1047     4.3583  0.000e+00
      9.141    16.0790   4.063992    32.0378       1048     4.3625  0.000e+00
      9.113    16.0921   4.064187    32.0291       1049     4.3667  0.000e+00
      9.094    16.1015   4.064503    32.0243       1050     4.3708  0.000e+00
      9.080    16.1090   4.064866    32.0214       1051     4.3750  0.000e+00
      9.063    16.1151   4.065290    32.0202       1052     4.3792  0.000e+00
      9.050    16.1209   4.066058    32.0223       1053     4.3833  0.000e+00
      9.043    16.1276   4.066670    32.0223       1054     4.3875  0.000e+00
      9.028    16.1354   4.067330    32.0218       1055     4.3917  0.000e+00
      9.019    16.1442   4.068151    32.0219       1056     4.3958  0.000e+00
      9.006    16.1537   4.068858    32.0205       1057     4.4000  0.000e+00
      8.991    16.1630   4.069322    32.0171       1058     4.4042  0.000e+00
      8.993    16.1708   4.069713    32.0142       1059     4.4083  0.000e+00
      8.987    16.1774   4.070029    32.0117       1060     4.4125  0.000e+00
      8.980    16.1828   4.070123    32.0082       1061     4.4167  0.000e+00
      8.985    16.1869   4.070103    32.0047       1062     4.4208  0.000e+00
      8.993    16.1889   4.070150    32.0035       1063     4.4250  0.000e+00
      8.998    16.1904   4.070642    32.0066       1064     4.4292  0.000e+00
      9.004    16.1929   4.070393    32.0024       1065     4.4333  0.000e+00
      9.016    16.1945   4.070979    32.0062       1066     4.4375  0.000e+00
      9.027    16.1973   4.071248    32.0063       1067     4.4417  0.000e+00
      9.032    16.2007   4.071666    32.0073       1068     4.4458  0.000e+00
      9.047    16.2042   4.072002    32.0074       1069     4.4500  0.000e+00
      9.055    16.2079   4.071639    32.0012       1070     4.4542  0.000e+00
      9.056    16.2093   4.071544    31.9993       1071     4.4583  0.000e+00
      9.057    16.2094   4.072198    32.0049       1072     4.4625  0.000e+00
      9.054    16.2115   4.072709    32.0077       1073     4.4667  0.000e+00
      9.045    16.2155   4.073322    32.0099       1074     4.4708  0.000e+00
      9.038    16.2215   4.075370    32.0230       1075     4.4750  0.000e+00
      9.029    16.2333   4.075734    32.0167       1076     4.4792  0.000e+00
      9.005    16.2445   4.075370    32.0046       1077     4.4833  0.000e+00
      8.983    16.2502   4.076084    32.0062       1078     4.4875  0.000e+00
      8.961    16.2563   4.076542    32.0053       1079     4.4917  0.000e+00
      8.939    16.2620   4.077176    32.0063       1080     4.4958  0.000e+00
      8.910    16.2681   4.077277    32.0023       1081     4.5000  0.000e+00
      8.892    16.2729   4.077641    32.0016       1082     4.5042  0.000e+00
      8.861    16.2771   4.078005    32.0014       1083     4.5083  0.000e+00
      8.846    16.2818   4.078887    32.0054       1084     4.5125  0.000e+00
      8.823    16.2881   4.079770    32.0081       1085     4.5167  0.000e+00
      8.800    16.2962   4.080208    32.0054       1086     4.5208  0.000e+00
      8.781    16.3038   4.080673    32.0033       1087     4.5250  0.000e+00
      8.760    16.3104   4.081307    32.0036       1088     4.5292  0.000e+00
      8.743    16.3171   4.082183    32.0059       1089     4.5333  0.000e+00
      8.738    16.3256   4.082601    32.0028       1090     4.5375  0.000e+00
      8.723    16.3330   4.082601    31.9968       1091     4.5417  0.000e+00
      8.719    16.3377   4.082615    31.9931       1092     4.5458  0.000e+00
      8.708    16.3408   4.082723    31.9916       1093     4.5500  0.000e+00
      8.694    16.3427   4.082722    31.9901       1094     4.5542  0.000e+00
      8.679    16.3439   4.082898    31.9907       1095     4.5583  0.000e+00
      8.663    16.3453   4.084435    32.0030       1096     4.5625  0.000e+00
      8.634    16.3518   4.085933    32.0109       1097     4.5667  0.000e+00
      8.610    16.3637   4.087329    32.0135       1098     4.5708  0.000e+00
      8.576    16.3778   4.089157    32.0182       1099     4.5750  0.000e+00
      8.534    16.3943   4.090466    32.0164       1100     4.5792  0.000e+00
      8.491    16.4114   4.093084    32.0256       1101     4.5833  0.000e+00
      8.443    16.4329   4.097087    32.0432       1102     4.5875  0.000e+00
      8.401    16.4643   4.100774    32.0502       1103     4.5917  0.000e+00
      8.372    16.5014   4.102814    32.0382       1104     4.5958  0.000e+00
      8.353    16.5359   4.103625    32.0177       1105     4.6000  0.000e+00
      8.349    16.5616   4.102793    31.9899       1106     4.6042  0.000e+00
      8.361    16.5743   4.100996    31.9641       1107     4.6083  0.000e+00
      8.385    16.5734   4.098564    31.9437       1108     4.6125  0.000e+00
      8.419    16.5606   4.096302    31.9343       1109     4.6167  0.000e+00
      8.454    16.5413   4.095013    31.9384       1110     4.6208  0.000e+00
      8.476    16.5222   4.094757    31.9514       1111     4.6250  0.000e+00
      8.485    16.5087   4.095418    31.9680       1112     4.6292  0.000e+00
      8.490    16.5027   4.096154    31.9791       1113     4.6333  0.000e+00
      8.513    16.5030   4.097140    31.9875       1114     4.6375  0.000e+00
      8.527    16.5083   4.098491    31.9951       1115     4.6417  0.000e+00
      8.514    16.5182   4.099727    31.9979       1116     4.6458  0.000e+00
      8.496    16.5305   4.102469    32.0119       1117     4.6500  0.000e+00
      8.458    16.5493   4.107788    32.0431       1118     4.6542  0.000e+00
      8.408    16.5838   4.113663    32.0666       1119     4.6583  0.000e+00
      8.344    16.6347   4.121051    32.0901       1120     4.6625  0.000e+00
      8.284    16.7006   4.126982    32.0889       1121     4.6667  0.000e+00
      8.239    16.7710   4.133539    32.0894       1122     4.6708  0.000e+00
      8.202    16.8426   4.138656    32.0765       1123     4.6750  0.000e+00
      8.181    16.9120   4.141544    32.0461       1124     4.6792  0.000e+00
      8.162    16.9713   4.143178    32.0130       1125     4.6833  0.000e+00
      8.149    17.0176   4.143686    31.9806       1126     4.6875  0.000e+00
      8.142    17.0491   4.143482    31.9538       1127     4.6917  0.000e+00
      8.134    17.0662   4.143584    31.9412       1128     4.6958  0.000e+00
      8.136    17.0753   4.145300    31.9488       1129     4.7000  0.000e+00
      8.131    17.0863   4.146623    31.9514       1130     4.7042  0.000e+00
      8.125    17.1010   4.148618    31.9569       1131     4.7083  0.000e+00
      8.105    17.1189   4.151028    31.9634       1132     4.7125  0.000e+00
      8.069    17.1416   4.153133    31.9636       1133     4.7167  0.000e+00
      8.017    17.1663   4.156256    31.9708       1134     4.7208  0.000e+00
      7.947    17.1967   4.162126    31.9971       1135     4.7250  0.000e+00
      7.865    17.2430   4.168000    32.0109       1136     4.7292  0.000e+00
      7.780    17.3010   4.177694    32.0480       1137     4.7333  0.000e+00
      7.701    17.3812   4.190151    32.0911       1138     4.7375  0.000e+00
      7.639    17.4882   4.201749    32.1054       1139     4.7417  0.000e+00
      7.585    17.6121   4.210354    32.0808       1140     4.7458  0.000e+00
      7.558    17.7337   4.218168    32.0513       1141     4.7500  0.000e+00
      7.538    17.8438   4.222466    32.0013       1142     4.7542  0.000e+00
      7.539    17.9355   4.225658    31.9564       1143     4.7583  0.000e+00
      7.538    18.0069   4.226779    31.9101       1144     4.7625  0.000e+00
      7.545    18.0586   4.227599    31.8767       1145     4.7667  0.000e+00
      7.545    18.0945   4.230328    31.8716       1146     4.7708  0.000e+00
      7.537    18.1273   4.236186    31.8954       1147     4.7750  0.000e+00
      7.523    18.1700   4.241452    31.9064       1148     4.7792  0.000e+00
      7.501    18.2266   4.247090    31.9096       1149     4.7833  0.000e+00
      7.487    18.2914   4.251456    31.8959       1150     4.7875  0.000e+00
      7.479    18.3513   4.254788    31.8773       1151     4.7917  0.000e+00
      7.465    18.4031   4.258965    31.8721       1152     4.7958  0.000e+00
      7.451    18.4543   4.264248    31.8765       1153     4.8000  0.000e+00
      7.413    18.5126   4.271795    31.8944       1154     4.8042  0.000e+00
      7.380    18.5836   4.283280    31.9351       1155     4.8083  0.000e+00
      7.344    18.6794   4.292574    31.9383       1156     4.8125  0.000e+00
      7.311    18.7901   4.298639    31.9031       1157     4.8167  0.000e+00
      7.297    18.8919   4.302985    31.8607       1158     4.8208  0.000e+00
      7.295    18.9753   4.304204    31.8068       1159     4.8250  0.000e+00
      7.292    19.0328   4.303975    31.7609       1160     4.8292  0.000e+00
      7.295    19.0659   4.302066    31.7198       1161     4.8333  0.000e+00
      7.304    19.0755   4.298704    31.6848       1162     4.8375  0.000e+00
      7.315    19.0654   4.295509    31.6663       1163     4.8417  0.000e+00
      7.331    19.0417   4.293313    31.6663       1164     4.8458  0.000e+00
      7.334    19.0125   4.292398    31.6809       1165     4.8500  0.000e+00
      7.340    18.9873   4.292701    31.7027       1166     4.8542  0.000e+00
      7.327    18.9723   4.293865    31.7238       1167     4.8583  0.000e+00
      7.311    18.9711   4.296474    31.7462       1168     4.8625  0.000e+00
      7.285    18.9850   4.301888    31.7803       1169     4.8667  0.000e+00
      7.258    19.0171   4.309263    31.8165       1170     4.8708  0.000e+00
      7.226    19.0717   4.317277    31.8407       1171     4.8750  0.000e+00
      7.182    19.1437   4.326132    31.8584       1172     4.8792  0.000e+00
      7.134    19.2320   4.333779    31.8537       1173     4.8833  0.000e+00
      7.083    19.3237   4.340940    31.8424       1174     4.8875  0.000e+00
      7.036    19.4121   4.346328    31.8191       1175     4.8917  0.000e+00
      6.987    19.4929   4.349226    31.7813       1176     4.8958  0.000e+00
      6.951    19.5571   4.351973    31.7549       1177     4.9000  0.000e+00
      6.926    19.6071   4.353530    31.7297       1178     4.9042  0.000e+00
      6.916    19.6444   4.353966    31.7050       1179     4.9083  0.000e+00
      6.916    19.6690   4.353917    31.6860       1180     4.9125  0.000e+00
      6.923    19.6833   4.353612    31.6727       1181     4.9167  0.000e+00
      6.927    19.6902   4.353370    31.6655       1182     4.9208  0.000e+00
      6.938    19.6924   4.352809    31.6593       1183     4.9250  0.000e+00
      6.943    19.6908   4.352858    31.6609       1184     4.9292  0.000e+00
      6.948    19.6888   4.353162    31.6649       1185     4.9333  0.000e+00
      6.934    19.6887   4.354062    31.6723       1186     4.9375  0.000e+00
      6.914    19.6919   4.354852    31.6763       1187     4.9417  0.000e+00
      6.870    19.6974   4.355080    31.6740       1188     4.9458  0.000e+00
      6.808    19.7022   4.355558    31.6743       1189     4.9500  0.000e+00
      6.747    19.7070   4.357476    31.6863       1190     4.9542  0.000e+00
      6.691    19.7169   4.358391    31.6862       1191     4.9583  0.000e+00
      6.638    19.7286   4.358896    31.6815       1192     4.9625  0.000e+00
      6.604    19.7384   4.360690    31.6887       1193     4.9667  0.000e+00
      6.588    19.7515   4.361820    31.6879       1194     4.9708  0.000e+00
      6.581    19.7656   4.361702    31.6764       1195     4.9750  0.000e+00
      6.588    19.7742   4.360413    31.6594       1196     4.9792  0.000e+00
      6.604    19.7738   4.359020    31.6485       1197     4.9833  0.000e+00
      6.640    19.7665   4.358085    31.6463       1198     4.9875  0.000e+00
      6.685    19.7572   4.357393    31.6477       1199     4.9917  0.000e+00
      6.719    19.7480   4.357026    31.6516       1200     4.9958  0.000e+00
      6.739    19.7400   4.356797    31.6558       1201     5.0000  0.000e+00
      6.750    19.7340   4.356873    31.6609       1202     5.0042  0.000e+00
      6.744    19.7304   4.357393    31.6679       1203     5.0083  0.000e+00
      6.724    19.7306   4.357912    31.6720       1204     5.0125  0.000e+00
      6.692    19.7332   4.360157    31.6883       1205     5.0167  0.000e+00
      6.652    19.7439   4.362714    31.7009       1206     5.0208  0.000e+00
      6.608    19.7623   4.363490    31.6934       1207     5.0250  0.000e+00
      6.569    19.7788   4.363857    31.6839       1208     5.0292  0.000e+00
      6.527    19.7910   4.364231    31.6777       1209     5.0333  0.000e+00
      6.494    19.7997   4.364889    31.6765       1210     5.0375  0.000e+00
      6.458    19.8077   4.365423    31.6748       1211     5.0417  0.000e+00
      6.424    19.8146   4.365700    31.6719       1212     5.0458  0.000e+00
      6.395    19.8203   4.366338    31.6727       1213     5.0500  0.000e+00
      6.369    19.8260   4.366872    31.6728       1214     5.0542  0.000e+00
      6.345    19.8319   4.367378    31.6724       1215     5.0583  0.000e+00
      6.338    19.8377   4.367495    31.6691       1216     5.0625  0.000e+00
      6.331    19.8420   4.367426    31.6652       1217     5.0667  0.000e+00
      6.316    19.8442   4.367398    31.6633       1218     5.0708  0.000e+00
      6.316    19.8453   4.367246    31.6613       1219     5.0750  0.000e+00
      6.321    19.8455   4.367176    31.6606       1220     5.0792  0.000e+00
      6.319    19.8448   4.367121    31.6606       1221     5.0833  0.000e+00
      6.323    19.8447   4.366871    31.6588       1222     5.0875  0.000e+00
      6.318    19.8429   4.366663    31.6584       1223     5.0917  0.000e+00
      6.299    19.8410   4.366941    31.6621       1224     5.0958  0.000e+00
      6.283    19.8402   4.367551    31.6676       1225     5.1000  0.000e+00
      6.243    19.8424   4.368341    31.6724       1226     5.1042  0.000e+00
      6.196    19.8477   4.370928    31.6894       1227     5.1083  0.000e+00
      6.140    19.8602   4.372419    31.6920       1228     5.1125  0.000e+00
      6.080    19.8762   4.376311    31.7115       1229     5.1167  0.000e+00
      6.030    19.9001   4.381516    31.7356       1230     5.1208  0.000e+00
      5.977    19.9379   4.388808    31.7661       1231     5.1250  0.000e+00
      5.941    19.9918   4.393394    31.7625       1232     5.1292  0.000e+00
      5.921    20.0494   4.397995    31.7562       1233     5.1333  0.000e+00
      5.910    20.1033   4.399065    31.7242       1234     5.1375  0.000e+00
      5.912    20.1435   4.398098    31.6863       1235     5.1417  0.000e+00
      5.912    20.1638   4.395699    31.6517       1236     5.1458  0.000e+00
      5.923    20.1651   4.393037    31.6293       1237     5.1500  0.000e+00
      5.928    20.1527   4.390507    31.6183       1238     5.1542  0.000e+00
      5.929    20.1334   4.387249    31.6065       1239     5.1583  0.000e+00
      5.922    20.1070   4.383784    31.5984       1240     5.1625  0.000e+00
