HB2303/sbe052.cnv
* Sea-Bird SBE 19plus V2 Data File:
* FileName = C:\cruise\data\sbe052.hex
* Software Version Seasave V 7.26.7.121
* Temperature SN = 6128
* Conductivity SN = 6128
* System UpLoad Time = Aug 13 2023 13:12:30
* NMEA Latitude = 39 21.28 N
* NMEA Longitude = 073 23.02 W
* NMEA UTC (Time) = Aug 13 2023 13:12:26
** Ship: Henry Bigelow
** Cruise:  HB2303
** Program:  ECOMON
# nquan = 7
# nvalues = 1328                                  
# units = specified
# name 0 = depSM: Depth [salt water, m]
# name 1 = tv290C: Temperature [ITS-90, deg C]
# name 2 = c0S/m: Conductivity [S/m]
# name 3 = sal00: Salinity, Practical [PSU]
# name 4 = scan: Scan Count
# name 5 = timeM: Time, Elapsed [minutes]
# name 6 = flag:  0.000e+00
# span 0 =     -0.224,     43.508                 
# span 1 =    10.3793,    24.6963                 
# span 2 =   0.000954,   4.668361                 
# span 3 =     0.0139,    33.1952                 
# span 4 =         11,       1338                 
# span 5 =     0.0417,     5.5708                 
# span 6 = 0.0000e+00, 0.0000e+00                 
# interval = seconds: 0.25
# start_time = Aug 13 2023 13:12:26 [NMEA time, header]
# bad_flag = -9.990e-29
*END*
[from data line 821]
     14.807    15.4645   4.046002    32.3770        832     3.4625  0.000e+00
     14.762    15.4914   4.048931    32.3810        833     3.4667  0.000e+00
     14.725    15.5239   4.060206    32.4549        834     3.4708  0.000e+00
     14.671    15.5916   4.069797    32.4845        835     3.4750  0.000e+00
     14.626    15.6866   4.076114    32.4626        836     3.4792  0.000e+00
     14.588    15.7818   4.083514    32.4500        837     3.4833  0.000e+00
     14.537    15.8789   4.091210    32.4385        838     3.4875  0.000e+00
     14.495    15.9758   4.097832    32.4178        839     3.4917  0.000e+00
     14.448    16.0673   4.102160    32.3813        840     3.4958  0.000e+00
     14.421    16.1441   4.106815    32.3597        841     3.5000  0.000e+00
     14.388    16.2112   4.109255    32.3265        842     3.5042  0.000e+00
     14.347    16.2649   4.111445    32.3022        843     3.5083  0.000e+00
     14.312    16.3068   4.114264    32.2929        844     3.5125  0.000e+00
     14.280    16.3446   4.117247    32.2884        845     3.5167  0.000e+00
     14.247    16.3790   4.120712    32.2909        846     3.5208  0.000e+00
     14.213    16.4150   4.125139    32.3005        847     3.5250  0.000e+00
     14.162    16.4569   4.129331    32.3032        848     3.5292  0.000e+00
     14.124    16.5050   4.132813    32.2947        849     3.5333  0.000e+00
     14.073    16.5527   4.136479    32.2882        850     3.5375  0.000e+00
     14.019    16.6009   4.141401    32.2921        851     3.5417  0.000e+00
     13.970    16.6515   4.147324    32.3029        852     3.5458  0.000e+00
     13.914    16.7093   4.151742    32.2947        853     3.5500  0.000e+00
     13.865    16.7705   4.154417    32.2687        854     3.5542  0.000e+00
     13.813    16.8273   4.157635    32.2509        855     3.5583  0.000e+00
     13.784    16.8780   4.160053    32.2311        856     3.5625  0.000e+00
     13.751    16.9216   4.161419    32.2080        857     3.5667  0.000e+00
     13.731    16.9553   4.162343    32.1891        858     3.5708  0.000e+00
     13.717    16.9802   4.162968    32.1746        859     3.5750  0.000e+00
     13.716    16.9976   4.163294    32.1635        860     3.5792  0.000e+00
     13.723    17.0089   4.163321    32.1547        861     3.5833  0.000e+00
     13.738    17.0153   4.163157    32.1482        862     3.5875  0.000e+00
     13.754    17.0174   4.162919    32.1444        863     3.5917  0.000e+00
     13.774    17.0166   4.162763    32.1437        864     3.5958  0.000e+00
     13.784    17.0143   4.162702    32.1450        865     3.6000  0.000e+00
     13.793    17.0118   4.162818    32.1480        866     3.6042  0.000e+00
     13.790    17.0110   4.163266    32.1525        867     3.6083  0.000e+00
     13.777    17.0118   4.163756    32.1561        868     3.6125  0.000e+00
     13.761    17.0154   4.164367    32.1585        869     3.6167  0.000e+00
     13.744    17.0213   4.165095    32.1601        870     3.6208  0.000e+00
     13.708    17.0292   4.166794    32.1684        871     3.6250  0.000e+00
     13.679    17.0424   4.170412    32.1891        872     3.6292  0.000e+00
     13.648    17.0667   4.176468    32.2218        873     3.6333  0.000e+00
     13.613    17.1105   4.184066    32.2522        874     3.6375  0.000e+00
     13.581    17.1762   4.196107    32.3032        875     3.6417  0.000e+00
     13.565    17.2793   4.214535    32.3789        876     3.6458  0.000e+00
     13.536    17.4335   4.223377    32.3314        877     3.6500  0.000e+00
     13.521    17.5830   4.228244    32.2540        878     3.6542  0.000e+00
     13.514    17.6983   4.231711    32.1921        879     3.6583  0.000e+00
     13.501    17.7845   4.235495    32.1562        880     3.6625  0.000e+00
     13.488    17.8526   4.237829    32.1223        881     3.6667  0.000e+00
     13.474    17.9058   4.240794    32.1054        882     3.6708  0.000e+00
     13.459    17.9504   4.244335    32.1003        883     3.6750  0.000e+00
     13.446    17.9979   4.249399    32.1058        884     3.6792  0.000e+00
     13.426    18.0541   4.255453    32.1127        885     3.6833  0.000e+00
     13.406    18.1194   4.260131    32.1009        886     3.6875  0.000e+00
     13.377    18.1938   4.266143    32.0932        887     3.6917  0.000e+00
     13.354    18.2740   4.272982    32.0879        888     3.6958  0.000e+00
     13.327    18.3578   4.282536    32.1024        889     3.7000  0.000e+00
     13.303    18.4582   4.290026    32.0867        890     3.7042  0.000e+00
     13.279    18.5648   4.293769    32.0350        891     3.7083  0.000e+00
     13.250    18.6527   4.297679    31.9994        892     3.7125  0.000e+00
     13.236    18.7231   4.303837    31.9960        893     3.7167  0.000e+00
     13.219    18.7904   4.308889    31.9858        894     3.7208  0.000e+00
     13.210    18.8562   4.312736    31.9669        895     3.7250  0.000e+00
     13.196    18.9137   4.314735    31.9391        896     3.7292  0.000e+00
     13.185    18.9648   4.314928    31.9013        897     3.7333  0.000e+00
     13.174    19.0135   4.317204    31.8827        898     3.7375  0.000e+00
     13.164    19.0574   4.319881    31.8711        899     3.7417  0.000e+00
     13.155    19.0991   4.324250    31.8751        900     3.7458  0.000e+00
     13.139    19.1472   4.329568    31.8820        901     3.7500  0.000e+00
     13.133    19.2062   4.335489    31.8855        902     3.7542  0.000e+00
     13.121    19.2729   4.341220    31.8814        903     3.7583  0.000e+00
     13.113    19.3403   4.347701    31.8831        904     3.7625  0.000e+00
     13.100    19.4066   4.351978    31.8674        905     3.7667  0.000e+00
     13.088    19.4729   4.356346    31.8526        906     3.7708  0.000e+00
     13.075    19.5398   4.360467    31.8352        907     3.7750  0.000e+00
     13.069    19.6056   4.365165    31.8235        908     3.7792  0.000e+00
     13.056    19.6708   4.369664    31.8106        909     3.7833  0.000e+00
     13.049    19.7386   4.374359    31.7974        910     3.7875  0.000e+00
     13.029    19.8057   4.379056    31.7847        911     3.7917  0.000e+00
     13.018    19.8680   4.385776    31.7920        912     3.7958  0.000e+00
     12.994    19.9360   4.395406    31.8185        913     3.8000  0.000e+00
     12.978    20.0291   4.401246    31.7954        914     3.8042  0.000e+00
     12.962    20.1272   4.404034    31.7440        915     3.8083  0.000e+00
     12.944    20.2111   4.407596    31.7096        916     3.8125  0.000e+00
     12.927    20.2788   4.410463    31.6819        917     3.8167  0.000e+00
     12.921    20.3315   4.411771    31.6529        918     3.8208  0.000e+00
     12.912    20.3694   4.412467    31.6302        919     3.8250  0.000e+00
     12.908    20.3963   4.412842    31.6132        920     3.8292  0.000e+00
     12.919    20.4157   4.413107    31.6008        921     3.8333  0.000e+00
     12.921    20.4286   4.413058    31.5908        922     3.8375  0.000e+00
     12.924    20.4345   4.413155    31.5872        923     3.8417  0.000e+00
     12.926    20.4366   4.413469    31.5881        924     3.8458  0.000e+00
     12.915    20.4393   4.414464    31.5941        925     3.8500  0.000e+00
     12.902    20.4490   4.417188    31.6086        926     3.8542  0.000e+00
     12.890    20.4682   4.421075    31.6254        927     3.8583  0.000e+00
     12.853    20.4999   4.426582    31.6457        928     3.8625  0.000e+00
     12.832    20.5519   4.431895    31.6494        929     3.8667  0.000e+00
     12.797    20.6179   4.438879    31.6559        930     3.8708  0.000e+00
     12.763    20.6952   4.444687    31.6447        931     3.8750  0.000e+00
     12.734    20.7759   4.448417    31.6144        932     3.8792  0.000e+00
     12.714    20.8476   4.451273    31.5839        933     3.8833  0.000e+00
     12.694    20.9082   4.454984    31.5685        934     3.8875  0.000e+00
     12.677    20.9610   4.458389    31.5565        935     3.8917  0.000e+00
     12.665    21.0101   4.460234    31.5348        936     3.8958  0.000e+00
     12.650    21.0553   4.462416    31.5187        937     3.9000  0.000e+00
     12.636    21.0987   4.465928    31.5145        938     3.9042  0.000e+00
     12.623    21.1407   4.469973    31.5155        939     3.9083  0.000e+00
     12.614    21.1890   4.474664    31.5169        940     3.9125  0.000e+00
     12.592    21.2480   4.479840    31.5143        941     3.9167  0.000e+00
     12.570    21.3133   4.484549    31.5034        942     3.9208  0.000e+00
     12.544    21.3758   4.488005    31.4847        943     3.9250  0.000e+00
     12.514    21.4297   4.491385    31.4717        944     3.9292  0.000e+00
     12.490    21.4799   4.496794    31.4774        945     3.9333  0.000e+00
     12.464    21.5595   4.501833    31.4586        946     3.9375  0.000e+00
     12.442    21.6507   4.505365    31.4197        947     3.9417  0.000e+00
     12.422    21.7271   4.509080    31.3930        948     3.9458  0.000e+00
     12.406    21.7901   4.512037    31.3703        949     3.9500  0.000e+00
     12.388    21.8409   4.513724    31.3466        950     3.9542  0.000e+00
     12.384    21.8792   4.515122    31.3298        951     3.9583  0.000e+00
     12.375    21.9074   4.515487    31.3122        952     3.9625  0.000e+00
     12.373    21.9261   4.515592    31.2995        953     3.9667  0.000e+00
     12.373    21.9363   4.514805    31.2860        954     3.9708  0.000e+00
     12.378    21.9383   4.514010    31.2784        955     3.9750  0.000e+00
     12.381    21.9349   4.513427    31.2764        956     3.9792  0.000e+00
     12.388    21.9285   4.511796    31.2683        957     3.9833  0.000e+00
     12.393    21.9170   4.509688    31.2604        958     3.9875  0.000e+00
     12.404    21.8984   4.506520    31.2492        959     3.9917  0.000e+00
     12.405    21.8723   4.504048    31.2488        960     3.9958  0.000e+00
     12.407    21.8437   4.502812    31.2599        961     4.0000  0.000e+00
     12.405    21.8195   4.504105    31.2874        962     4.0042  0.000e+00
     12.401    21.8077   4.505763    31.3088        963     4.0083  0.000e+00
     12.390    21.8115   4.509184    31.3327        964     4.0125  0.000e+00
     12.376    21.8316   4.513857    31.3544        965     4.0167  0.000e+00
     12.347    21.8661   4.517316    31.3562        966     4.0208  0.000e+00
     12.323    21.9065   4.521205    31.3572        967     4.0250  0.000e+00
     12.294    21.9590   4.528057    31.3723        968     4.0292  0.000e+00
     12.265    22.0339   4.534548    31.3684        969     4.0333  0.000e+00
     12.225    22.1329   4.542311    31.3569        970     4.0375  0.000e+00
     12.198    22.2476   4.548323    31.3206        971     4.0417  0.000e+00
     12.163    22.3576   4.553520    31.2815        972     4.0458  0.000e+00
     12.140    22.4540   4.555946    31.2311        973     4.0500  0.000e+00
     12.127    22.5322   4.558062    31.1915        974     4.0542  0.000e+00
     12.115    22.5958   4.558456    31.1492        975     4.0583  0.000e+00
     12.114    22.6472   4.560009    31.1244        976     4.0625  0.000e+00
     12.111    22.6862   4.561018    31.1044        977     4.0667  0.000e+00
     12.112    22.7134   4.561420    31.0882        978     4.0708  0.000e+00
     12.119    22.7303   4.561667    31.0781        979     4.0750  0.000e+00
     12.132    22.7410   4.561582    31.0699        980     4.0792  0.000e+00
     12.137    22.7461   4.561236    31.0636        981     4.0833  0.000e+00
     12.132    22.7470   4.561716    31.0667        982     4.0875  0.000e+00
     12.119    22.7509   4.562923    31.0731        983     4.0917  0.000e+00
     12.106    22.7628   4.564469    31.0764        984     4.0958  0.000e+00
     12.086    22.7806   4.566397    31.0785        985     4.1000  0.000e+00
     12.065    22.8070   4.567817    31.0706        986     4.1042  0.000e+00
     12.039    22.8395   4.568862    31.0556        987     4.1083  0.000e+00
     12.012    22.8702   4.570374    31.0454        988     4.1125  0.000e+00
     11.985    22.9023   4.571221    31.0292        989     4.1167  0.000e+00
     11.956    22.9314   4.572641    31.0194        990     4.1208  0.000e+00
     11.923    22.9637   4.575292    31.0167        991     4.1250  0.000e+00
     11.888    23.0104   4.577271    30.9988        992     4.1292  0.000e+00
     11.869    23.0636   4.582249    30.9991        993     4.1333  0.000e+00
     11.843    23.1322   4.583542    30.9606        994     4.1375  0.000e+00
     11.825    23.1906   4.584589    30.9276        995     4.1417  0.000e+00
     11.801    23.2295   4.585267    30.9055        996     4.1458  0.000e+00
     11.790    23.2574   4.587977    30.9064        997     4.1500  0.000e+00
     11.777    23.2872   4.588034    30.8859        998     4.1542  0.000e+00
     11.768    23.3078   4.588246    30.8732        999     4.1583  0.000e+00
     11.757    23.3200   4.589491    30.8741       1000     4.1625  0.000e+00
     11.743    23.3333   4.590298    30.8708       1001     4.1667  0.000e+00
     11.726    23.3492   4.589271    30.8520       1002     4.1708  0.000e+00
     11.703    23.3530   4.589703    30.8526       1003     4.1750  0.000e+00
     11.690    23.3523   4.589590    30.8522       1004     4.1792  0.000e+00
     11.681    23.3530   4.588139    30.8409       1005     4.1833  0.000e+00
     11.666    23.3467   4.591537    30.8708       1006     4.1875  0.000e+00
     11.657    23.3549   4.590885    30.8602       1007     4.1917  0.000e+00
     11.655    23.3633   4.591423    30.8584       1008     4.1958  0.000e+00
     11.646    23.3705   4.591105    30.8510       1009     4.2000  0.000e+00
     11.650    23.3721   4.589646    30.8389       1010     4.2042  0.000e+00
     11.656    23.3660   4.590482    30.8494       1011     4.2083  0.000e+00
     11.662    23.3654   4.590106    30.8470       1012     4.2125  0.000e+00
     11.672    23.3642   4.589866    30.8461       1013     4.2167  0.000e+00
     11.667    23.3614   4.590184    30.8504       1014     4.2208  0.000e+00
     11.665    23.3612   4.590213    30.8508       1015     4.2250  0.000e+00
     11.659    23.3619   4.591020    30.8563       1016     4.2292  0.000e+00
     11.634    23.3673   4.591133    30.8534       1017     4.2333  0.000e+00
     11.607    23.3730   4.591883    30.8551       1018     4.2375  0.000e+00
     11.578    23.3802   4.591628    30.8481       1019     4.2417  0.000e+00
     11.549    23.3850   4.591373    30.8429       1020     4.2458  0.000e+00
     11.516    23.3861   4.591267    30.8414       1021     4.2500  0.000e+00
     11.485    23.3835   4.591699    30.8464       1022     4.2542  0.000e+00
     11.462    23.3858   4.592195    30.8486       1023     4.2583  0.000e+00
     11.443    23.3908   4.593505    30.8549       1024     4.2625  0.000e+00
     11.421    23.4003   4.592697    30.8422       1025     4.2667  0.000e+00
     11.409    23.4057   4.593476    30.8443       1026     4.2708  0.000e+00
     11.409    23.4122   4.594156    30.8449       1027     4.2750  0.000e+00
     11.414    23.4204   4.594120    30.8389       1028     4.2792  0.000e+00
     11.418    23.4258   4.594637    30.8390       1029     4.2833  0.000e+00
     11.426    23.4318   4.597329    30.8550       1030     4.2875  0.000e+00
     11.428    23.4464   4.597874    30.8490       1031     4.2917  0.000e+00
     11.426    23.4598   4.596846    30.8319       1032     4.2958  0.000e+00
     11.419    23.4633   4.596521    30.8271       1033     4.3000  0.000e+00
     11.406    23.4618   4.596294    30.8264       1034     4.3042  0.000e+00
     11.365    23.4586   4.597767    30.8397       1035     4.3083  0.000e+00
