HB2303/sbe031.cnv
* Sea-Bird SBE 19plus V2 Data File:
* FileName = C:\cruise\data\sbe031.hex
* Software Version Seasave V 7.26.7.121
* Temperature SN = 6128
* Conductivity SN = 6128
* System UpLoad Time = Aug 11 2023 16:14:02
* NMEA Latitude = 36 19.73 N
* NMEA Longitude = 075 41.96 W
* NMEA UTC (Time) = Aug 11 2023 16:13:58
** Ship: Henry Bigelow
** Cruise:  HB2303
** Program:  ECOMON
# nquan = 7
# nvalues = 709                                   
# units = specified
# name 0 = depSM: Depth [salt water, m]
# name 1 = tv290C: Temperature [ITS-90, deg C]
# name 2 = c0S/m: Conductivity [S/m]
# name 3 = sal00: Salinity, Practical [PSU]
# name 4 = scan: Scan Count
# name 5 = timeM: Time, Elapsed [minutes]
# name 6 = flag:  0.000e+00
# span 0 =     -0.148,     15.753                 
# span 1 =    17.3247,    26.7348                 
# span 2 =  -0.001566,   5.099783                 
# span 3 =     0.0000,    33.5908                 
# span 4 =         11,        719                 
# span 5 =     0.0417,     2.9917                 
# span 6 = 0.0000e+00, 0.0000e+00                 
# interval = seconds: 0.25
# start_time = Aug 11 2023 16:13:58 [NMEA time, header]
# bad_flag = -9.990e-29
*END*
[from data line 616]
      3.360    25.0456   4.936784    32.2360        627     2.6083  0.000e+00
      3.304    25.0662   4.940764    32.2505        628     2.6125  0.000e+00
      3.255    25.0945   4.941749    32.2376        629     2.6167  0.000e+00
      3.212    25.1197   4.944211    32.2377        630     2.6208  0.000e+00
      3.163    25.1426   4.945284    32.2293        631     2.6250  0.000e+00
      3.116    25.1615   4.946387    32.2239        632     2.6292  0.000e+00
      3.060    25.1775   4.947520    32.2208        633     2.6333  0.000e+00
      2.993    25.1920   4.948791    32.2198        634     2.6375  0.000e+00
      2.917    25.2063   4.950384    32.2213        635     2.6417  0.000e+00
      2.836    25.2220   4.951225    32.2163        636     2.6458  0.000e+00
      2.749    25.2358   4.952219    32.2138        637     2.6500  0.000e+00
      2.664    25.2485   4.952504    32.2069        638     2.6542  0.000e+00
      2.581    25.2608   4.952445    32.1978        639     2.6583  0.000e+00
      2.505    25.2707   4.951904    32.1868        640     2.6625  0.000e+00
      2.429    25.2801   4.951991    32.1808        641     2.6667  0.000e+00
      2.368    25.2899   4.952532    32.1778        642     2.6708  0.000e+00
      2.312    25.3014   4.952780    32.1715        643     2.6750  0.000e+00
      2.265    25.3116   4.953124    32.1668        644     2.6792  0.000e+00
      2.221    25.3203   4.953409    32.1627        645     2.6833  0.000e+00
      2.181    25.3284   4.953862    32.1604        646     2.6875  0.000e+00
      2.153    25.3368   4.954059    32.1558        647     2.6917  0.000e+00
      2.115    25.3444   4.954198    32.1515        648     2.6958  0.000e+00
      2.088    25.3498   4.954344    32.1487        649     2.7000  0.000e+00
      2.057    25.3541   4.954395    32.1461        650     2.7042  0.000e+00
      2.019    25.3570   4.954651    32.1459        651     2.7083  0.000e+00
      1.977    25.3600   4.954878    32.1455        652     2.7125  0.000e+00
      1.941    25.3636   4.955053    32.1442        653     2.7167  0.000e+00
      1.903    25.3668   4.955192    32.1430        654     2.7208  0.000e+00
      1.862    25.3702   4.955389    32.1420        655     2.7250  0.000e+00
      1.820    25.3735   4.955645    32.1415        656     2.7292  0.000e+00
      1.781    25.3786   4.955733    32.1386        657     2.7333  0.000e+00
      1.737    25.3834   4.955528    32.1337        658     2.7375  0.000e+00
      1.690    25.3884   4.954738    32.1245        659     2.7417  0.000e+00
      1.624    25.3928   4.954256    32.1179        660     2.7458  0.000e+00
      1.548    25.3960   4.954197    32.1152        661     2.7500  0.000e+00
      1.465    25.3996   4.954592    32.1156        662     2.7542  0.000e+00
      1.387    25.4045   4.956413    32.1254        663     2.7583  0.000e+00
      1.308    25.4138   4.957912    32.1297        664     2.7625  0.000e+00
      1.239    25.4253   4.959418    32.1326        665     2.7667  0.000e+00
      1.183    25.4380   4.964613    32.1613        666     2.7708  0.000e+00
      1.139    25.4587   4.969649    32.1833        667     2.7750  0.000e+00
      1.114    25.4882   4.971750    32.1777        668     2.7792  0.000e+00
      1.096    25.5149   4.973661    32.1727        669     2.7833  0.000e+00
      1.085    25.5367   4.975031    32.1672        670     2.7875  0.000e+00
      1.078    25.5538   4.974598    32.1520        671     2.7917  0.000e+00
      1.061    25.5649   4.975653    32.1519        672     2.7958  0.000e+00
      1.043    25.5732   4.977389    32.1586        673     2.8000  0.000e+00
      1.031    25.5831   4.979477    32.1668        674     2.8042  0.000e+00
      1.002    25.5962   4.982357    32.1784        675     2.8083  0.000e+00
      0.975    25.6141   4.987401    32.2023        676     2.8125  0.000e+00
      0.940    25.6398   4.991647    32.2149        677     2.8167  0.000e+00
      0.904    25.6717   4.993936    32.2090        678     2.8208  0.000e+00
      0.861    25.7007   4.994706    32.1941        679     2.8250  0.000e+00
      0.823    25.7223   4.995219    32.1826        680     2.8292  0.000e+00
      0.783    25.7380   4.996166    32.1784        681     2.8333  0.000e+00
      0.738    25.7519   4.997971    32.1817        682     2.8375  0.000e+00
      0.706    25.7669   4.999659    32.1833        683     2.8417  0.000e+00
      0.675    25.7839   5.001530    32.1849        684     2.8458  0.000e+00
      0.657    25.8011   5.002962    32.1831        685     2.8500  0.000e+00
      0.657    25.8169   5.004048    32.1798        686     2.8542  0.000e+00
      0.657    25.8302   5.004393    32.1730        687     2.8583  0.000e+00
      0.670    25.8397   5.004195    32.1649        688     2.8625  0.000e+00
      0.673    25.8451   5.003938    32.1592        689     2.8667  0.000e+00
      0.677    25.8472   5.004019    32.1583        690     2.8708  0.000e+00
      0.657    25.8479   5.004856    32.1638        691     2.8750  0.000e+00
      0.630    25.8509   5.006405    32.1729        692     2.8792  0.000e+00
      0.587    25.8580   5.008646    32.1841        693     2.8833  0.000e+00
      0.536    25.8704   5.010916    32.1918        694     2.8875  0.000e+00
      0.473    25.8868   5.013759    32.2007        695     2.8917  0.000e+00
      0.438    25.9087   5.017015    32.2087        696     2.8958  0.000e+00
      0.404    25.9353   5.019809    32.2102        697     2.9000  0.000e+00
      0.380    25.9636   5.022007    32.2061        698     2.9042  0.000e+00
      0.350    25.9904   5.023640    32.1991        699     2.9083  0.000e+00
      0.313    26.0131   5.025663    32.1977        700     2.9125  0.000e+00
      0.265    26.0343   5.028635    32.2042        701     2.9167  0.000e+00
      0.203    26.0580   5.031380    32.2073        702     2.9208  0.000e+00
      0.152    26.0865   5.036032    32.2207        703     2.9250  0.000e+00
      0.109    26.1261   5.046927    32.2711        704     2.9292  0.000e+00
      0.062    26.1889   5.065507    32.3602        705     2.9333  0.000e+00
      0.000    26.2968   5.085284    32.4259        706     2.9375  0.000e+00
     -0.049    26.4454   5.099783    32.4250        707     2.9417  0.000e+00
     -0.099    26.5946   5.096635    32.2981        708     2.9458  0.000e+00
     -0.135    26.6916   2.598704    15.2921        709     2.9500  0.000e+00
     -0.148    26.7348   0.916236     4.9345        710     2.9542  0.000e+00
     -0.146    26.7022   0.504218     2.6072        711     2.9583  0.000e+00
     -0.146    26.5940   0.405095     2.0708        712     2.9625  0.000e+00
     -0.144    26.4863   0.320218     1.6180        713     2.9667  0.000e+00
     -0.141    26.4408   0.301453     1.5194        714     2.9708  0.000e+00
     -0.146    26.4246   0.287117     1.4437        715     2.9750  0.000e+00
     -0.146    26.4189   0.273167     1.3699        716     2.9792  0.000e+00
     -0.146    26.4154   0.267745     1.3413        717     2.9833  0.000e+00
     -0.148    26.4115   0.256723     1.2833        718     2.9875  0.000e+00
     -0.146    26.4074   0.242216     1.2071        719     2.9917  0.000e+00
