HB2303/sbe084.cnv
* Sea-Bird SBE 19plus V2 Data File:
* FileName = C:\cruise\data\sbe084.hex
* Software Version Seasave V 7.26.7.121
* Temperature SN = 6128
* Conductivity SN = 6128
* System UpLoad Time = Aug 16 2023 19:13:12
* NMEA Latitude = 41 04.64 N
* NMEA Longitude = 067 32.61 W
* NMEA UTC (Time) = Aug 16 2023 19:13:08
** Ship: Henry Bigelow
** Cruise:  HB2303
** Program:  ECOMON
# nquan = 7
# nvalues = 1688                                  
# units = specified
# name 0 = depSM: Depth [salt water, m]
# name 1 = tv290C: Temperature [ITS-90, deg C]
# name 2 = c0S/m: Conductivity [S/m]
# name 3 = sal00: Salinity, Practical [PSU]
# name 4 = scan: Scan Count
# name 5 = timeM: Time, Elapsed [minutes]
# name 6 = flag:  0.000e+00
# span 0 =     -0.229,     56.878                 
# span 1 =    12.1390,    18.3390                 
# span 2 =   0.000891,   4.249154                 
# span 3 =     0.0119,    34.1105                 
# span 4 =         11,       1698                 
# span 5 =     0.0417,     7.0708                 
# span 6 = 0.0000e+00, 0.0000e+00                 
# interval = seconds: 0.25
# start_time = Aug 16 2023 19:13:08 [NMEA time, header]
# bad_flag = -9.990e-29
*END*
[from data line 206]
     -0.213    18.2902   0.000921     0.0120        217     0.9000  0.000e+00
     -0.209    18.2904   0.000921     0.0120        218     0.9042  0.000e+00
     -0.209    18.2911   0.000921     0.0120        219     0.9083  0.000e+00
     -0.207    18.2912   0.000915     0.0120        220     0.9125  0.000e+00
     -0.211    18.2915   0.000921     0.0120        221     0.9167  0.000e+00
     -0.212    18.2913   0.000921     0.0120        222     0.9208  0.000e+00
     -0.209    18.2917   0.000921     0.0120        223     0.9250  0.000e+00
     -0.207    18.2915   0.000915     0.0120        224     0.9292  0.000e+00
     -0.210    18.2922   0.000915     0.0120        225     0.9333  0.000e+00
     -0.212    18.2920   0.000927     0.0120        226     0.9375  0.000e+00
     -0.212    18.2927   0.000915     0.0120        227     0.9417  0.000e+00
     -0.214    18.2931   0.000921     0.0120        228     0.9458  0.000e+00
     -0.211    18.2939   0.000915     0.0120        229     0.9500  0.000e+00
     -0.209    18.2940   0.000915     0.0120        230     0.9542  0.000e+00
     -0.211    18.2946   0.000921     0.0120        231     0.9583  0.000e+00
     -0.212    18.2954   0.000927     0.0120        232     0.9625  0.000e+00
     -0.211    18.2954   0.000921     0.0120        233     0.9667  0.000e+00
     -0.207    18.2960   0.000927     0.0120        234     0.9708  0.000e+00
     -0.211    18.2967   0.000927     0.0120        235     0.9750  0.000e+00
     -0.209    18.2971   0.000927     0.0120        236     0.9792  0.000e+00
     -0.209    18.2972   0.000927     0.0120        237     0.9833  0.000e+00
     -0.210    18.2980   0.000927     0.0121        238     0.9875  0.000e+00
     -0.210    18.2980   0.000921     0.0120        239     0.9917  0.000e+00
     -0.214    18.2987   0.000915     0.0120        240     0.9958  0.000e+00
     -0.214    18.2992   0.000927     0.0121        241     1.0000  0.000e+00
     -0.212    18.2991   0.000927     0.0121        242     1.0042  0.000e+00
     -0.209    18.2992   0.000921     0.0120        243     1.0083  0.000e+00
     -0.212    18.2982   0.000921     0.0120        244     1.0125  0.000e+00
     -0.216    18.2976   0.000927     0.0120        245     1.0167  0.000e+00
     -0.212    18.2964   0.000921     0.0120        246     1.0208  0.000e+00
     -0.210    18.2967   0.000927     0.0120        247     1.0250  0.000e+00
     -0.214    18.2971   0.000921     0.0120        248     1.0292  0.000e+00
     -0.212    18.2971   0.000927     0.0120        249     1.0333  0.000e+00
     -0.212    18.2980   0.000927     0.0121        250     1.0375  0.000e+00
     -0.207    18.2984   0.000933     0.0121        251     1.0417  0.000e+00
     -0.207    18.2988   0.000927     0.0121        252     1.0458  0.000e+00
     -0.205    18.2986   0.000921     0.0120        253     1.0500  0.000e+00
     -0.214    18.2993   0.000921     0.0120        254     1.0542  0.000e+00
     -0.207    18.2993   0.000915     0.0120        255     1.0583  0.000e+00
     -0.217    18.2987   0.000921     0.0120        256     1.0625  0.000e+00
     -0.224    18.2986   0.000912     0.0120        257     1.0667  0.000e+00
     -0.207    18.2984   0.000921     0.0120        258     1.0708  0.000e+00
     -0.202    18.2987   0.000927     0.0121        259     1.0750  0.000e+00
     -0.202    18.2985   0.000927     0.0121        260     1.0792  0.000e+00
     -0.214    18.2984   0.000915     0.0120        261     1.0833  0.000e+00
     -0.216    18.2984   0.000915     0.0120        262     1.0875  0.000e+00
     -0.211    18.2987   0.000915     0.0120        263     1.0917  0.000e+00
     -0.207    18.2993   0.000915     0.0120        264     1.0958  0.000e+00
     -0.200    18.2994   0.000915     0.0120        265     1.1000  0.000e+00
     -0.203    18.2997   0.000915     0.0120        266     1.1042  0.000e+00
     -0.205    18.2998   0.000921     0.0120        267     1.1083  0.000e+00
     -0.210    18.3004   0.000915     0.0120        268     1.1125  0.000e+00
     -0.214    18.3007   0.000915     0.0120        269     1.1167  0.000e+00
     -0.215    18.3010   0.000915     0.0120        270     1.1208  0.000e+00
     -0.208    18.3005   0.000927     0.0121        271     1.1250  0.000e+00
     -0.147    18.3002   0.570209     3.5908        272     1.1292  0.000e+00
     -0.111    18.2976   1.541914    10.4734        273     1.1333  0.000e+00
     -0.170    18.2272   1.171374     7.7919        274     1.1375  0.000e+00
     -0.206    18.1108   2.749296    19.7762        275     1.1417  0.000e+00
     -0.203    18.0267   2.542105    18.1835        276     1.1458  0.000e+00
     -0.205    17.9752   3.158854    23.1194        277     1.1500  0.000e+00
     -0.208    17.9482   2.374135    16.9037        278     1.1542  0.000e+00
     -0.196    17.9361   2.502031    17.9089        279     1.1583  0.000e+00
     -0.141    17.9320   3.707899    27.6344        280     1.1625  0.000e+00
     -0.091    17.9309   2.731705    19.7232        281     1.1667  0.000e+00
     -0.067    17.9258   3.105616    22.7172        282     1.1708  0.000e+00
     -0.114    17.9195   3.541399    26.2698        283     1.1750  0.000e+00
     -0.190    17.9094   4.249154    32.1781        284     1.1792  0.000e+00
     -0.210    17.8803   4.241919    32.1399        285     1.1833  0.000e+00
     -0.205    17.8340   2.730450    19.7598        286     1.1875  0.000e+00
     -0.210    17.7985   0.568034     3.6196        287     1.1917  0.000e+00
     -0.209    17.7837   0.405976     2.5318        288     1.1958  0.000e+00
     -0.209    17.7786   0.317395     1.9502        289     1.2000  0.000e+00
     -0.210    17.7776   0.269751     1.6420        290     1.2042  0.000e+00
     -0.207    17.7786   0.234404     1.4157        291     1.2083  0.000e+00
     -0.205    17.7807   0.206061     1.2359        292     1.2125  0.000e+00
     -0.212    17.7832   0.179945     1.0717        293     1.2167  0.000e+00
     -0.210    17.7858   0.162129     0.9605        294     1.2208  0.000e+00
     -0.211    17.7891   0.151048     0.8917        295     1.2250  0.000e+00
     -0.212    17.7924   0.145878     0.8597        296     1.2292  0.000e+00
     -0.212    17.7963   0.139060     0.8176        297     1.2333  0.000e+00
     -0.216    17.8000   0.134820     0.7914        298     1.2375  0.000e+00
     -0.218    17.8042   0.125555     0.7346        299     1.2417  0.000e+00
     -0.218    17.8078   0.118460     0.6912        300     1.2458  0.000e+00
     -0.216    17.8121   0.107725     0.6259        301     1.2500  0.000e+00
     -0.210    17.8170   0.383680     2.3824        302     1.2542  0.000e+00
     -0.183    17.8223   3.372133    24.9427        303     1.2583  0.000e+00
     -0.132    17.8160   2.185408    15.4896        304     1.2625  0.000e+00
     -0.093    17.8019   3.172206    23.3256        305     1.2667  0.000e+00
     -0.082    17.7950   3.598769    26.8233        306     1.2708  0.000e+00
     -0.082    17.7845   2.013958    14.1789        307     1.2750  0.000e+00
     -0.102    17.7742   2.046639    14.4337        308     1.2792  0.000e+00
     -0.138    17.7724   2.183264    15.4894        309     1.2833  0.000e+00
     -0.201    17.7768   2.835399    20.6250        310     1.2875  0.000e+00
     -0.213    17.7776   4.208710    31.9394        311     1.2917  0.000e+00
     -0.211    17.7631   1.419772     9.7019        312     1.2958  0.000e+00
     -0.211    17.7465   0.502812     3.1820        313     1.3000  0.000e+00
     -0.208    17.7397   0.360253     2.2325        314     1.3042  0.000e+00
     -0.210    17.7372   0.288266     1.7630        315     1.3083  0.000e+00
     -0.208    17.7370   0.247124     1.4983        316     1.3125  0.000e+00
     -0.210    17.7379   0.220051     1.3258        317     1.3167  0.000e+00
     -0.211    17.7397   0.204947     1.2300        318     1.3208  0.000e+00
     -0.213    17.7421   0.191788     1.1470        319     1.3250  0.000e+00
     -0.213    17.7450   0.176264     1.0496        320     1.3292  0.000e+00
     -0.217    17.7482   0.161891     0.9599        321     1.3333  0.000e+00
     -0.217    17.7510   0.150225     0.8874        322     1.3375  0.000e+00
     -0.222    17.7545   0.139815     0.8231        323     1.3417  0.000e+00
     -0.229    17.7581   0.123078     0.7202        324     1.3458  0.000e+00
     -0.222    17.7614   0.113344     0.6608        325     1.3500  0.000e+00
     -0.211    17.7651   0.102023     0.5921        326     1.3542  0.000e+00
     -0.195    17.7699   2.020088    14.2311        327     1.3583  0.000e+00
     -0.185    17.7722   3.996030    30.1494        328     1.3625  0.000e+00
     -0.210    17.7606   2.529293    18.2006        329     1.3667  0.000e+00
     -0.212    17.7510   0.683419     4.4162        330     1.3708  0.000e+00
     -0.215    17.7463   0.450827     2.8328        331     1.3750  0.000e+00
     -0.215    17.7451   0.349790     2.1635        332     1.3792  0.000e+00
     -0.215    17.7452   0.291713     1.7850        333     1.3833  0.000e+00
     -0.215    17.7460   0.244441     1.4808        334     1.3875  0.000e+00
     -0.215    17.7474   0.211222     1.2695        335     1.3917  0.000e+00
     -0.221    17.7494   0.195510     1.1703        336     1.3958  0.000e+00
     -0.217    17.7518   0.185197     1.1054        337     1.4000  0.000e+00
     -0.215    17.7545   0.173435     1.0317        338     1.4042  0.000e+00
     -0.213    17.7570   0.167142     0.9924        339     1.4083  0.000e+00
     -0.213    17.7598   0.160802     0.9528        340     1.4125  0.000e+00
     -0.217    17.7624   0.150299     0.8876        341     1.4167  0.000e+00
     -0.220    17.7654   0.113776     0.6634        342     1.4208  0.000e+00
     -0.189    17.7691   0.208453     1.2513        343     1.4250  0.000e+00
      0.024    17.7733   3.511457    26.1169        344     1.4292  0.000e+00
      0.233    17.7827   2.867014    20.8750        345     1.4333  0.000e+00
      0.419    17.7999   3.764351    28.1927        346     1.4375  0.000e+00
      0.585    17.8032   4.094048    30.9507        347     1.4417  0.000e+00
      0.722    17.7782   4.236770    32.1764        348     1.4458  0.000e+00
      0.852    17.7445   3.529440    26.2834        349     1.4500  0.000e+00
      0.980    17.7192   2.457618    17.6537        350     1.4542  0.000e+00
      1.090    17.7040   3.073931    22.5834        351     1.4583  0.000e+00
      1.188    17.7039   3.775489    28.3517        352     1.4625  0.000e+00
      1.296    17.7228   3.042662    22.3200        353     1.4667  0.000e+00
      1.426    17.7530   3.158010    23.2378        354     1.4708  0.000e+00
      1.574    17.7823   2.168952    15.3745        355     1.4750  0.000e+00
      1.720    17.8066   4.246703    32.2379        356     1.4792  0.000e+00
      1.870    17.8250   4.246709    32.2233        357     1.4833  0.000e+00
      2.006    17.8371   4.246654    32.2132        358     1.4875  0.000e+00
      2.141    17.8444   4.246147    32.2032        359     1.4917  0.000e+00
      2.278    17.8488   4.226505    32.0334        360     1.4958  0.000e+00
      2.415    17.8518   4.243941    32.1785        361     1.5000  0.000e+00
      2.551    17.8533   4.242516    32.1652        362     1.5042  0.000e+00
      2.655    17.8516   4.242406    32.1656        363     1.5083  0.000e+00
      2.738    17.8481   4.244400    32.1852        364     1.5125  0.000e+00
      2.812    17.8440   4.244661    32.1906        365     1.5167  0.000e+00
      2.874    17.8369   4.244846    32.1978        366     1.5208  0.000e+00
      2.926    17.8098   4.244997    32.2204        367     1.5250  0.000e+00
      2.970    17.7751   4.244573    32.2443        368     1.5292  0.000e+00
      3.024    17.7469   4.243511    32.2575        369     1.5333  0.000e+00
      3.091    17.7386   4.243230    32.2617        370     1.5375  0.000e+00
      3.170    17.7479   4.241511    32.2397        371     1.5417  0.000e+00
      3.260    17.7637   4.240757    32.2208        372     1.5458  0.000e+00
      3.368    17.7779   4.240688    32.2090        373     1.5500  0.000e+00
      3.493    17.7864   4.240784    32.2030        374     1.5542  0.000e+00
      3.632    17.7915   4.241024    32.2010        375     1.5583  0.000e+00
      3.784    17.7945   4.241812    32.2052        376     1.5625  0.000e+00
      3.953    17.7967   4.243428    32.2171        377     1.5667  0.000e+00
      4.127    17.7979   4.243641    32.2180        378     1.5708  0.000e+00
      4.309    17.7979   4.243764    32.2189        379     1.5750  0.000e+00
      4.493    17.7867   4.243374    32.2244        380     1.5792  0.000e+00
      4.685    17.7568   4.238820    32.2093        381     1.5833  0.000e+00
      4.873    17.7017   4.227316    32.1552        382     1.5875  0.000e+00
      5.048    17.6242   4.214103    32.1041        383     1.5917  0.000e+00
      5.207    17.5275   4.203719    32.0920        384     1.5958  0.000e+00
      5.333    17.4362   4.199013    32.1241        385     1.6000  0.000e+00
      5.445    17.3625   4.197847    32.1726        386     1.6042  0.000e+00
      5.524    17.3071   4.201307    32.2462        387     1.6083  0.000e+00
      5.599    17.2687   4.214668    32.3914        388     1.6125  0.000e+00
      5.676    17.2440   4.217928    32.4392        389     1.6167  0.000e+00
      5.752    17.2360   4.222351    32.4836        390     1.6208  0.000e+00
      5.836    17.2588   4.229607    32.5275        391     1.6250  0.000e+00
      5.931    17.3027   4.232638    32.5182        392     1.6292  0.000e+00
      6.031    17.3549   4.233972    32.4877        393     1.6333  0.000e+00
      6.143    17.4023   4.234423    32.4535        394     1.6375  0.000e+00
      6.267    17.4401   4.234902    32.4273        395     1.6417  0.000e+00
      6.419    17.4724   4.235373    32.4055        396     1.6458  0.000e+00
      6.576    17.4998   4.235681    32.3861        397     1.6500  0.000e+00
      6.744    17.5219   4.235880    32.3701        398     1.6542  0.000e+00
      6.916    17.5415   4.236489    32.3597        399     1.6583  0.000e+00
      7.096    17.5592   4.236728    32.3475        400     1.6625  0.000e+00
      7.280    17.5810   4.236728    32.3301        401     1.6667  0.000e+00
      7.465    17.6034   4.234530    32.2935        402     1.6708  0.000e+00
      7.654    17.6234   4.232682    32.2618        403     1.6750  0.000e+00
      7.837    17.6356   4.231163    32.2392        404     1.6792  0.000e+00
      8.015    17.5983   4.221048    32.1825        405     1.6833  0.000e+00
      8.185    17.4960   4.203844    32.1169        406     1.6875  0.000e+00
      8.351    17.3614   4.189510    32.1011        407     1.6917  0.000e+00
      8.510    17.2347   4.183851    32.1531        408     1.6958  0.000e+00
      8.665    17.1256   4.189234    32.2864        409     1.7000  0.000e+00
      8.820    17.0516   4.210964    32.5330        410     1.7042  0.000e+00
      8.977    17.0104   4.224721    32.6851        411     1.7083  0.000e+00
      9.127    16.9950   4.225644    32.7055        412     1.7125  0.000e+00
      9.280    17.0169   4.224085    32.6742        413     1.7167  0.000e+00
      9.434    17.0575   4.218896    32.5964        414     1.7208  0.000e+00
      9.591    17.1019   4.210922    32.4918        415     1.7250  0.000e+00
      9.741    17.1483   4.206368    32.4152        416     1.7292  0.000e+00
      9.892    17.1640   4.205200    32.3925        417     1.7333  0.000e+00
     10.044    17.1355   4.201147    32.3805        418     1.7375  0.000e+00
     10.192    17.0801   4.193530    32.3593        419     1.7417  0.000e+00
     10.340    17.0102   4.187438    32.3628        420     1.7458  0.000e+00
