HB2303/sbe009.cnv
* Sea-Bird SBE 19plus V2 Data File:
* FileName = C:\cruise\data\sbe009.hex
* Software Version Seasave V 7.26.7.121
* Temperature SN = 6128
* Conductivity SN = 6128
* System UpLoad Time = Aug 09 2023 18:51:42
* NMEA Latitude = 40 33.07 N
* NMEA Longitude = 071 55.64 W
* NMEA UTC (Time) = Aug 09 2023 18:51:38
** Ship: Henry Bigelow
** Cruise:  HB2303
** Program:  ECOMON
# nquan = 7
# nvalues = 1152                                  
# units = specified
# name 0 = depSM: Depth [salt water, m]
# name 1 = tv290C: Temperature [ITS-90, deg C]
# name 2 = c0S/m: Conductivity [S/m]
# name 3 = sal00: Salinity, Practical [PSU]
# name 4 = scan: Scan Count
# name 5 = timeM: Time, Elapsed [minutes]
# name 6 = flag:  0.000e+00
# span 0 =     -0.248,     55.709                 
# span 1 =    10.1828,    22.1744                 
# span 2 =  -0.000038,   4.610594                 
# span 3 =     0.0000,    37.2552                 
# span 4 =         11,       1162                 
# span 5 =     0.0417,     4.8375                 
# span 6 = 0.0000e+00, 0.0000e+00                 
# interval = seconds: 0.25
# start_time = Aug 09 2023 18:51:38 [NMEA time, header]
# bad_flag = -9.990e-29
*END*
[from data line 1026]
      5.800    22.0800   4.592417    31.7846       1037     4.3167  0.000e+00
      5.800    22.0784   4.593168    31.7916       1038     4.3208  0.000e+00
      5.785    22.0794   4.592226    31.7836       1039     4.3250  0.000e+00
      5.756    22.0782   4.592806    31.7890       1040     4.3292  0.000e+00
      5.725    22.0784   4.594301    31.8004       1041     4.3333  0.000e+00
      5.667    22.0831   4.594626    31.7995       1042     4.3375  0.000e+00
      5.615    22.0892   4.594994    31.7978       1043     4.3417  0.000e+00
      5.542    22.0945   4.595271    31.7962       1044     4.3458  0.000e+00
      5.465    22.0986   4.595221    31.7928       1045     4.3500  0.000e+00
      5.403    22.1012   4.595086    31.7899       1046     4.3542  0.000e+00
      5.329    22.1019   4.594378    31.7839       1047     4.3583  0.000e+00
      5.263    22.1007   4.594682    31.7872       1048     4.3625  0.000e+00
      5.193    22.0995   4.594569    31.7872       1049     4.3667  0.000e+00
      5.117    22.0987   4.595058    31.7915       1050     4.3708  0.000e+00
      5.041    22.0993   4.594817    31.7893       1051     4.3750  0.000e+00
      4.963    22.1002   4.594682    31.7876       1052     4.3792  0.000e+00
      4.880    22.0994   4.594654    31.7880       1053     4.3833  0.000e+00
      4.806    22.0990   4.594123    31.7842       1054     4.3875  0.000e+00
      4.724    22.0972   4.593655    31.7820       1055     4.3917  0.000e+00
      4.647    22.0930   4.593436    31.7834       1056     4.3958  0.000e+00
      4.566    22.0892   4.594250    31.7924       1057     4.4000  0.000e+00
      4.491    22.0900   4.595072    31.7983       1058     4.4042  0.000e+00
      4.430    22.0939   4.595220    31.7966       1059     4.4083  0.000e+00
      4.390    22.0985   4.595298    31.7938       1060     4.4125  0.000e+00
      4.363    22.1015   4.595624    31.7941       1061     4.4167  0.000e+00
      4.354    22.1042   4.595539    31.7915       1062     4.4208  0.000e+00
      4.350    22.1056   4.595865    31.7930       1063     4.4250  0.000e+00
      4.361    22.1072   4.595950    31.7925       1064     4.4292  0.000e+00
      4.357    22.1089   4.595773    31.7899       1065     4.4333  0.000e+00
      4.361    22.1093   4.596106    31.7921       1066     4.4375  0.000e+00
      4.357    22.1103   4.595114    31.7838       1067     4.4417  0.000e+00
      4.335    22.1077   4.595086    31.7855       1068     4.4458  0.000e+00
      4.296    22.1046   4.595128    31.7881       1069     4.4500  0.000e+00
      4.234    22.1033   4.594951    31.7877       1070     4.4542  0.000e+00
      4.149    22.1018   4.594923    31.7886       1071     4.4583  0.000e+00
      4.057    22.1004   4.594519    31.7865       1072     4.4625  0.000e+00
      3.961    22.0985   4.594271    31.7860       1073     4.4667  0.000e+00
      3.863    22.0961   4.594760    31.7915       1074     4.4708  0.000e+00
      3.767    22.0953   4.594731    31.7920       1075     4.4750  0.000e+00
      3.675    22.0962   4.595773    31.7994       1076     4.4792  0.000e+00
      3.603    22.0994   4.595999    31.7988       1077     4.4833  0.000e+00
      3.549    22.1034   4.596297    31.7982       1078     4.4875  0.000e+00
      3.505    22.1072   4.596353    31.7959       1079     4.4917  0.000e+00
      3.465    22.1099   4.595928    31.7906       1080     4.4958  0.000e+00
      3.431    22.1105   4.595815    31.7894       1081     4.5000  0.000e+00
      3.402    22.1099   4.596998    31.7989       1082     4.5042  0.000e+00
      3.369    22.1122   4.596084    31.7902       1083     4.5083  0.000e+00
      3.329    22.1130   4.596700    31.7944       1084     4.5125  0.000e+00
      3.291    22.1140   4.596920    31.7954       1085     4.5167  0.000e+00
      3.259    22.1165   4.597132    31.7952       1086     4.5208  0.000e+00
      3.211    22.1179   4.596261    31.7874       1087     4.5250  0.000e+00
      3.175    22.1169   4.597812    31.8002       1088     4.5292  0.000e+00
      3.123    22.1192   4.598428    31.8033       1089     4.5333  0.000e+00
      3.058    22.1252   4.598726    31.8012       1090     4.5375  0.000e+00
      3.002    22.1305   4.598712    31.7972       1091     4.5417  0.000e+00
      2.973    22.1337   4.598995    31.7971       1092     4.5458  0.000e+00
      2.929    22.1363   4.598966    31.7950       1093     4.5500  0.000e+00
      2.886    22.1379   4.599073    31.7946       1094     4.5542  0.000e+00
      2.846    22.1393   4.599484    31.7968       1095     4.5583  0.000e+00
      2.788    22.1410   4.599916    31.7989       1096     4.5625  0.000e+00
      2.708    22.1439   4.599618    31.7945       1097     4.5667  0.000e+00
      2.618    22.1451   4.599335    31.7915       1098     4.5708  0.000e+00
      2.485    22.1446   4.599590    31.7938       1099     4.5750  0.000e+00
      2.335    22.1446   4.599696    31.7947       1100     4.5792  0.000e+00
      2.199    22.1458   4.599823    31.7949       1101     4.5833  0.000e+00
      2.080    22.1469   4.599426    31.7911       1102     4.5875  0.000e+00
      2.002    22.1466   4.599242    31.7899       1103     4.5917  0.000e+00
      1.941    22.1452   4.599079    31.7897       1104     4.5958  0.000e+00
      1.899    22.1438   4.599129    31.7911       1105     4.6000  0.000e+00
      1.881    22.1427   4.599157    31.7921       1106     4.6042  0.000e+00
      1.875    22.1422   4.599214    31.7929       1107     4.6083  0.000e+00
      1.877    22.1421   4.599207    31.7929       1108     4.6125  0.000e+00
      1.889    22.1421   4.599242    31.7932       1109     4.6167  0.000e+00
      1.892    22.1424   4.599752    31.7969       1110     4.6208  0.000e+00
      1.894    22.1439   4.599724    31.7956       1111     4.6250  0.000e+00
      1.869    22.1449   4.599363    31.7921       1112     4.6292  0.000e+00
      1.833    22.1445   4.599724    31.7951       1113     4.6333  0.000e+00
      1.744    22.1446   4.599809    31.7958       1114     4.6375  0.000e+00
      1.612    22.1457   4.599384    31.7918       1115     4.6417  0.000e+00
      1.471    22.1450   4.598994    31.7893       1116     4.6458  0.000e+00
      1.373    22.1431   4.598456    31.7866       1117     4.6500  0.000e+00
      1.299    22.1400   4.598696    31.7907       1118     4.6542  0.000e+00
      1.263    22.1377   4.598944    31.7943       1119     4.6583  0.000e+00
      1.239    22.1382   4.600213    31.8037       1120     4.6625  0.000e+00
      1.230    22.1425   4.600404    31.8021       1121     4.6667  0.000e+00
      1.263    22.1471   4.600574    31.8001       1122     4.6708  0.000e+00
      1.297    22.1500   4.600404    31.7965       1123     4.6750  0.000e+00
      1.317    22.1515   4.600751    31.7981       1124     4.6792  0.000e+00
      1.349    22.1536   4.600857    31.7974       1125     4.6833  0.000e+00
      1.374    22.1553   4.600751    31.7954       1126     4.6875  0.000e+00
      1.354    22.1558   4.600914    31.7962       1127     4.6917  0.000e+00
      1.215    22.1564   4.600779    31.7948       1128     4.6958  0.000e+00
      1.018    22.1567   4.600730    31.7943       1129     4.7000  0.000e+00
      0.841    22.1566   4.600559    31.7931       1130     4.7042  0.000e+00
      0.668    22.1561   4.601289    31.7992       1131     4.7083  0.000e+00
      0.529    22.1575   4.601672    31.8011       1132     4.7125  0.000e+00
      0.467    22.1609   4.601218    31.7952       1133     4.7167  0.000e+00
      0.462    22.1616   4.601154    31.7942       1134     4.7208  0.000e+00
      0.474    22.1617   4.601431    31.7962       1135     4.7250  0.000e+00
      0.476    22.1620   4.601197    31.7942       1136     4.7292  0.000e+00
      0.481    22.1620   4.600779    31.7910       1137     4.7333  0.000e+00
      0.470    22.1603   4.601374    31.7968       1138     4.7375  0.000e+00
      0.340    22.1602   4.601452    31.7975       1139     4.7417  0.000e+00
      0.194    22.1616   4.602104    31.8016       1140     4.7458  0.000e+00
      0.109    22.1639   4.602402    31.8022       1141     4.7500  0.000e+00
     -0.020    22.1668   4.587854    31.6877       1142     4.7542  0.000e+00
     -0.056    22.1694   4.602536    31.7993       1143     4.7583  0.000e+00
      0.017    22.1718   4.602508    31.7973       1144     4.7625  0.000e+00
      0.105    22.1727   4.602373    31.7956       1145     4.7667  0.000e+00
      0.116    22.1724   4.602798    31.7991       1146     4.7708  0.000e+00
      0.105    22.1736   4.602671    31.7972       1147     4.7750  0.000e+00
      0.041    22.1744   4.602593    31.7961       1148     4.7792  0.000e+00
     -0.017    22.1744   4.602451    31.7950       1149     4.7833  0.000e+00
     -0.125    22.1739   4.602330    31.7944       1150     4.7875  0.000e+00
     -0.232    22.1727   1.359501     8.3454       1151     4.7917  0.000e+00
     -0.237    22.1671   0.675702     3.9343       1152     4.7958  0.000e+00
     -0.246    22.1432   0.432397     2.4454       1153     4.8000  0.000e+00
     -0.243    22.1069   0.337982     1.8845       1154     4.8042  0.000e+00
     -0.247    22.0839   0.282494     1.5597       1155     4.8083  0.000e+00
     -0.248    22.0739   0.200734     1.0884       1156     4.8125  0.000e+00
     -0.236    22.0684   0.203691     1.1054       1157     4.8167  0.000e+00
     -0.196    22.0657   0.310760     1.7258       1158     4.8208  0.000e+00
     -0.235    22.0712   0.266081     1.4646       1159     4.8250  0.000e+00
     -0.247    22.0805   0.629863     3.6567       1160     4.8292  0.000e+00
     -0.247    22.0894   1.232667     7.5212       1161     4.8333  0.000e+00
     -0.246    22.0916   0.658567     3.8342       1162     4.8375  0.000e+00
