HB2303/sbe051.cnv
* Sea-Bird SBE 19plus V2 Data File:
* FileName = C:\cruise\data\sbe051.hex
* Software Version Seasave V 7.26.7.121
* Temperature SN = 6128
* Conductivity SN = 6128
* System UpLoad Time = Aug 13 2023 12:45:06
* NMEA Latitude = 39 21.80 N
* NMEA Longitude = 073 23.56 W
* NMEA UTC (Time) = Aug 13 2023 12:45:02
** Ship: Henry Bigelow
** Cruise:  HB2303
** Program:  ECOMON
# nquan = 7
# nvalues = 1348                                  
# units = specified
# name 0 = depSM: Depth [salt water, m]
# name 1 = tv290C: Temperature [ITS-90, deg C]
# name 2 = c0S/m: Conductivity [S/m]
# name 3 = sal00: Salinity, Practical [PSU]
# name 4 = scan: Scan Count
# name 5 = timeM: Time, Elapsed [minutes]
# name 6 = flag:  0.000e+00
# span 0 =     -0.177,     45.405                 
# span 1 =    10.3074,    29.5083                 
# span 2 =   0.000064,   4.774873                 
# span 3 =     0.0133,    34.2446                 
# span 4 =         11,       1358                 
# span 5 =     0.0417,     5.6542                 
# span 6 = 0.0000e+00, 0.0000e+00                 
# interval = seconds: 0.25
# start_time = Aug 13 2023 12:45:02 [NMEA time, header]
# bad_flag = -9.990e-29
*END*
[from data line 1026]
     10.978    23.0109   4.572753    30.9646       1037     4.3167  0.000e+00
     10.947    23.0465   4.580339    30.9969       1038     4.3208  0.000e+00
     10.917    23.1114   4.580529    30.9528       1039     4.3250  0.000e+00
     10.890    23.1679   4.582544    30.9283       1040     4.3292  0.000e+00
     10.875    23.2098   4.582848    30.9013       1041     4.3333  0.000e+00
     10.862    23.2390   4.584941    30.8967       1042     4.3375  0.000e+00
     10.864    23.2647   4.584778    30.8775       1043     4.3417  0.000e+00
     10.864    23.2825   4.585153    30.8678       1044     4.3458  0.000e+00
     10.867    23.2933   4.585422    30.8623       1045     4.3500  0.000e+00
     10.873    23.2991   4.585124    30.8560       1046     4.3542  0.000e+00
     10.883    23.3002   4.586441    30.8651       1047     4.3583  0.000e+00
     10.889    23.3062   4.585613    30.8548       1048     4.3625  0.000e+00
     10.891    23.3052   4.586242    30.8602       1049     4.3667  0.000e+00
     10.880    23.3066   4.587092    30.8656       1050     4.3708  0.000e+00
     10.871    23.3130   4.587035    30.8607       1051     4.3750  0.000e+00
     10.851    23.3196   4.588627    30.8681       1052     4.3792  0.000e+00
     10.834    23.3341   4.588818    30.8594       1053     4.3833  0.000e+00
     10.820    23.3451   4.589568    30.8574       1054     4.3875  0.000e+00
     10.805    23.3569   4.589214    30.8465       1055     4.3917  0.000e+00
     10.787    23.3606   4.586822    30.8260       1056     4.3958  0.000e+00
     10.772    23.3492   4.586914    30.8346       1057     4.4000  0.000e+00
     10.752    23.3415   4.588379    30.8510       1058     4.4042  0.000e+00
     10.738    23.3457   4.588570    30.8495       1059     4.4083  0.000e+00
     10.727    23.3521   4.589136    30.8493       1060     4.4125  0.000e+00
     10.718    23.3585   4.589901    30.8505       1061     4.4167  0.000e+00
     10.691    23.3692   4.591104    30.8521       1062     4.4208  0.000e+00
     10.665    23.3809   4.591430    30.8464       1063     4.4250  0.000e+00
     10.638    23.3909   4.592010    30.8438       1064     4.4292  0.000e+00
     10.598    23.3999   4.592831    30.8438       1065     4.4333  0.000e+00
     10.558    23.4099   4.595310    30.8554       1066     4.4375  0.000e+00
     10.522    23.4265   4.594530    30.8380       1067     4.4417  0.000e+00
     10.468    23.4378   4.597172    30.8500       1068     4.4458  0.000e+00
     10.428    23.4538   4.595982    30.8299       1069     4.4500  0.000e+00
     10.383    23.4597   4.595932    30.8254       1070     4.4542  0.000e+00
     10.343    23.4610   4.598497    30.8438       1071     4.4583  0.000e+00
     10.310    23.4744   4.599212    30.8398       1072     4.4625  0.000e+00
     10.278    23.4879   4.598928    30.8284       1073     4.4667  0.000e+00
     10.243    23.4951   4.597497    30.8126       1074     4.4708  0.000e+00
     10.222    23.4932   4.598333    30.8202       1075     4.4750  0.000e+00
     10.207    23.4931   4.598546    30.8218       1076     4.4792  0.000e+00
     10.198    23.4947   4.598361    30.8194       1077     4.4833  0.000e+00
     10.192    23.4953   4.598333    30.8188       1078     4.4875  0.000e+00
     10.181    23.4948   4.597433    30.8124       1079     4.4917  0.000e+00
     10.185    23.4901   4.596796    30.8108       1080     4.4958  0.000e+00
     10.185    23.4846   4.598659    30.8286       1081     4.5000  0.000e+00
     10.190    23.4882   4.599134    30.8297       1082     4.5042  0.000e+00
     10.205    23.4940   4.597681    30.8148       1083     4.5083  0.000e+00
     10.213    23.4913   4.597681    30.8167       1084     4.5125  0.000e+00
     10.219    23.4887   4.596930    30.8128       1085     4.5167  0.000e+00
     10.233    23.4844   4.596654    30.8137       1086     4.5208  0.000e+00
     10.242    23.4795   4.596902    30.8190       1087     4.5250  0.000e+00
     10.251    23.4771   4.596414    30.8170       1088     4.5292  0.000e+00
     10.256    23.4747   4.596293    30.8178       1089     4.5333  0.000e+00
     10.253    23.4718   4.595847    30.8164       1090     4.5375  0.000e+00
     10.227    23.4683   4.596577    30.8243       1091     4.5417  0.000e+00
     10.200    23.4696   4.601465    30.8601       1092     4.5458  0.000e+00
     10.162    23.4910   4.602578    30.8536       1093     4.5500  0.000e+00
     10.115    23.5134   4.602435    30.8369       1094     4.5542  0.000e+00
     10.061    23.5250   4.601117    30.8190       1095     4.5583  0.000e+00
     10.010    23.5277   4.601670    30.8213       1096     4.5625  0.000e+00
      9.952    23.5279   4.602003    30.8236       1097     4.5667  0.000e+00
      9.894    23.5309   4.602598    30.8261       1098     4.5708  0.000e+00
      9.838    23.5340   4.601705    30.8172       1099     4.5750  0.000e+00
      9.782    23.5343   4.605213    30.8433       1100     4.5792  0.000e+00
      9.746    23.5461   4.607255    30.8504       1101     4.5833  0.000e+00
      9.708    23.5656   4.607822    30.8411       1102     4.5875  0.000e+00
      9.686    23.5798   4.606581    30.8219       1103     4.5917  0.000e+00
      9.679    23.5844   4.607169    30.8231       1104     4.5958  0.000e+00
      9.680    23.5871   4.607687    30.8252       1105     4.6000  0.000e+00
      9.684    23.5913   4.607878    30.8237       1106     4.6042  0.000e+00
      9.698    23.5953   4.607956    30.8215       1107     4.6083  0.000e+00
      9.707    23.5977   4.608176    30.8215       1108     4.6125  0.000e+00
      9.721    23.5994   4.607878    30.8180       1109     4.6167  0.000e+00
      9.741    23.5994   4.607751    30.8170       1110     4.6208  0.000e+00
      9.754    23.5982   4.606765    30.8106       1111     4.6250  0.000e+00
      9.761    23.5929   4.606035    30.8088       1112     4.6292  0.000e+00
      9.757    23.5865   4.607283    30.8225       1113     4.6333  0.000e+00
      9.753    23.5872   4.606361    30.8152       1114     4.6375  0.000e+00
      9.733    23.5845   4.604709    30.8046       1115     4.6417  0.000e+00
      9.712    23.5765   4.606737    30.8254       1116     4.6458  0.000e+00
      9.679    23.5776   4.607304    30.8289       1117     4.6500  0.000e+00
      9.636    23.5829   4.608042    30.8308       1118     4.6542  0.000e+00
      9.605    23.5892   4.608793    30.8320       1119     4.6583  0.000e+00
      9.560    23.5966   4.609460    30.8319       1120     4.6625  0.000e+00
      9.516    23.6040   4.609389    30.8262       1121     4.6667  0.000e+00
      9.480    23.6088   4.610176    30.8288       1122     4.6708  0.000e+00
      9.440    23.6136   4.610367    30.8269       1123     4.6750  0.000e+00
      9.406    23.6179   4.610012    30.8213       1124     4.6792  0.000e+00
      9.362    23.6192   4.610445    30.8236       1125     4.6833  0.000e+00
      9.335    23.6208   4.610466    30.8226       1126     4.6875  0.000e+00
      9.308    23.6227   4.610934    30.8248       1127     4.6917  0.000e+00
      9.288    23.6253   4.611317    30.8259       1128     4.6958  0.000e+00
      9.263    23.6287   4.611608    30.8257       1129     4.7000  0.000e+00
      9.244    23.6318   4.611204    30.8205       1130     4.7042  0.000e+00
      9.232    23.6322   4.611480    30.8223       1131     4.7083  0.000e+00
      9.221    23.6327   4.611828    30.8246       1132     4.7125  0.000e+00
      9.217    23.6346   4.611764    30.8228       1133     4.7167  0.000e+00
      9.208    23.6361   4.612587    30.8279       1134     4.7208  0.000e+00
      9.204    23.6394   4.612750    30.8269       1135     4.7250  0.000e+00
      9.199    23.6429   4.613161    30.8275       1136     4.7292  0.000e+00
      9.195    23.6453   4.611778    30.8155       1137     4.7333  0.000e+00
      9.180    23.6421   4.610962    30.8116       1138     4.7375  0.000e+00
      9.155    23.6359   4.610104    30.8095       1139     4.7417  0.000e+00
      9.120    23.6286   4.610289    30.8160       1140     4.7458  0.000e+00
      9.082    23.6252   4.611452    30.8271       1141     4.7500  0.000e+00
      9.028    23.6266   4.612026    30.8304       1142     4.7542  0.000e+00
      8.969    23.6311   4.611884    30.8262       1143     4.7583  0.000e+00
      8.903    23.6342   4.611778    30.8233       1144     4.7625  0.000e+00
      8.836    23.6352   4.611395    30.8198       1145     4.7667  0.000e+00
      8.771    23.6338   4.610778    30.8161       1146     4.7708  0.000e+00
      8.713    23.6305   4.610771    30.8183       1147     4.7750  0.000e+00
      8.666    23.6286   4.612097    30.8296       1148     4.7792  0.000e+00
      8.625    23.6318   4.612984    30.8340       1149     4.7833  0.000e+00
      8.592    23.6388   4.615190    30.8457       1150     4.7875  0.000e+00
      8.570    23.6513   4.614729    30.8336       1151     4.7917  0.000e+00
      8.561    23.6591   4.614693    30.8279       1152     4.7958  0.000e+00
      8.552    23.6622   4.614459    30.8240       1153     4.8000  0.000e+00
      8.546    23.6636   4.615027    30.8273       1154     4.8042  0.000e+00
      8.553    23.6658   4.615601    30.8300       1155     4.8083  0.000e+00
      8.552    23.6697   4.615786    30.8287       1156     4.8125  0.000e+00
      8.550    23.6732   4.616034    30.8281       1157     4.8167  0.000e+00
      8.546    23.6758   4.615708    30.8238       1158     4.8208  0.000e+00
      8.537    23.6765   4.615622    30.8227       1159     4.8250  0.000e+00
      8.513    23.6760   4.615679    30.8235       1160     4.8292  0.000e+00
      8.481    23.6763   4.616069    30.8262       1161     4.8333  0.000e+00
      8.446    23.6779   4.617091    30.8328       1162     4.8375  0.000e+00
      8.401    23.6828   4.617283    30.8308       1163     4.8417  0.000e+00
      8.358    23.6875   4.617368    30.8283       1164     4.8458  0.000e+00
      8.321    23.6901   4.617907    30.8304       1165     4.8500  0.000e+00
      8.285    23.6936   4.618475    30.8322       1166     4.8542  0.000e+00
      8.254    23.6983   4.618610    30.8300       1167     4.8583  0.000e+00
      8.229    23.7013   4.617808    30.8220       1168     4.8625  0.000e+00
      8.214    23.7008   4.617744    30.8218       1169     4.8667  0.000e+00
      8.203    23.6998   4.618503    30.8282       1170     4.8708  0.000e+00
      8.202    23.7011   4.618198    30.8250       1171     4.8750  0.000e+00
      8.198    23.7017   4.616736    30.8137       1172     4.8792  0.000e+00
      8.190    23.6967   4.616601    30.8162       1173     4.8833  0.000e+00
      8.183    23.6920   4.617134    30.8234       1174     4.8875  0.000e+00
      8.178    23.6908   4.617659    30.8282       1175     4.8917  0.000e+00
      8.161    23.6926   4.618234    30.8312       1176     4.8958  0.000e+00
      8.134    23.6964   4.618461    30.8303       1177     4.9000  0.000e+00
      8.096    23.6997   4.618255    30.8265       1178     4.9042  0.000e+00
      8.051    23.7010   4.618695    30.8288       1179     4.9083  0.000e+00
      7.998    23.7032   4.619135    30.8306       1180     4.9125  0.000e+00
      7.946    23.7068   4.620405    30.8376       1181     4.9167  0.000e+00
      7.879    23.7134   4.620568    30.8343       1182     4.9208  0.000e+00
      7.821    23.7188   4.621079    30.8344       1183     4.9250  0.000e+00
      7.767    23.7232   4.621001    30.8308       1184     4.9292  0.000e+00
      7.707    23.7262   4.620753    30.8268       1185     4.9333  0.000e+00
      7.649    23.7270   4.620376    30.8235       1186     4.9375  0.000e+00
      7.588    23.7257   4.620376    30.8244       1187     4.9417  0.000e+00
      7.533    23.7238   4.619965    30.8227       1188     4.9458  0.000e+00
      7.472    23.7216   4.619447    30.8203       1189     4.9500  0.000e+00
      7.423    23.7190   4.619993    30.8262       1190     4.9542  0.000e+00
      7.374    23.7188   4.621328    30.8364       1191     4.9583  0.000e+00
      7.322    23.7229   4.621186    30.8325       1192     4.9625  0.000e+00
      7.271    23.7270   4.622087    30.8364       1193     4.9667  0.000e+00
      7.228    23.7316   4.622357    30.8352       1194     4.9708  0.000e+00
      7.182    23.7361   4.622669    30.8344       1195     4.9750  0.000e+00
      7.139    23.7398   4.623038    30.8346       1196     4.9792  0.000e+00
      7.106    23.7433   4.623422    30.8351       1197     4.9833  0.000e+00
      7.084    23.7463   4.622484    30.8260       1198     4.9875  0.000e+00
      7.063    23.7458   4.621980    30.8226       1199     4.9917  0.000e+00
      7.054    23.7423   4.621789    30.8236       1200     4.9958  0.000e+00
      7.050    23.7396   4.621753    30.8252       1201     5.0000  0.000e+00
      7.050    23.7380   4.621491    30.8244       1202     5.0042  0.000e+00
      7.051    23.7365   4.621221    30.8234       1203     5.0083  0.000e+00
      7.051    23.7341   4.621136    30.8244       1204     5.0125  0.000e+00
      7.048    23.7323   4.621079    30.8252       1205     5.0167  0.000e+00
      7.037    23.7312   4.621058    30.8259       1206     5.0208  0.000e+00
      7.024    23.7303   4.620767    30.8243       1207     5.0250  0.000e+00
      7.009    23.7288   4.620894    30.8263       1208     5.0292  0.000e+00
      6.986    23.7277   4.620781    30.8262       1209     5.0333  0.000e+00
      6.953    23.7273   4.620092    30.8214       1210     5.0375  0.000e+00
      6.928    23.7248   4.619560    30.8192       1211     5.0417  0.000e+00
      6.899    23.7206   4.619233    30.8196       1212     5.0458  0.000e+00
      6.859    23.7174   4.619602    30.8246       1213     5.0500  0.000e+00
      6.814    23.7162   4.619801    30.8269       1214     5.0542  0.000e+00
      6.777    23.7168   4.621491    30.8391       1215     5.0583  0.000e+00
      6.725    23.7226   4.621313    30.8338       1216     5.0625  0.000e+00
      6.665    23.7270   4.621299    30.8306       1217     5.0667  0.000e+00
      6.604    23.7294   4.621569    30.8310       1218     5.0708  0.000e+00
      6.533    23.7317   4.622328    30.8352       1219     5.0750  0.000e+00
      6.464    23.7351   4.623422    30.8409       1220     5.0792  0.000e+00
      6.390    23.7416   4.623606    30.8378       1221     5.0833  0.000e+00
      6.309    23.7463   4.623499    30.8338       1222     5.0875  0.000e+00
      6.220    23.7489   4.623769    30.8340       1223     5.0917  0.000e+00
      6.137    23.7511   4.624046    30.8346       1224     5.0958  0.000e+00
      6.056    23.7534   4.623861    30.8316       1225     5.1000  0.000e+00
      5.983    23.7545   4.624344    30.8345       1226     5.1042  0.000e+00
      5.931    23.7563   4.624316    30.8331       1227     5.1083  0.000e+00
      5.895    23.7577   4.624515    30.8336       1228     5.1125  0.000e+00
      5.871    23.7594   4.624536    30.8326       1229     5.1167  0.000e+00
      5.868    23.7608   4.624586    30.8320       1230     5.1208  0.000e+00
      5.873    23.7616   4.624593    30.8315       1231     5.1250  0.000e+00
      5.880    23.7618   4.624451    30.8303       1232     5.1292  0.000e+00
      5.884    23.7615   4.624209    30.8287       1233     5.1333  0.000e+00
      5.885    23.7600   4.624096    30.8289       1234     5.1375  0.000e+00
      5.874    23.7588   4.624067    30.8295       1235     5.1417  0.000e+00
      5.854    23.7578   4.624316    30.8321       1236     5.1458  0.000e+00
      5.807    23.7580   4.624096    30.8303       1237     5.1500  0.000e+00
      5.740    23.7574   4.623961    30.8297       1238     5.1542  0.000e+00
      5.663    23.7568   4.624422    30.8336       1239     5.1583  0.000e+00
      5.574    23.7583   4.624955    30.8366       1240     5.1625  0.000e+00
