HB2303/sbe082.cnv
* Sea-Bird SBE 19plus V2 Data File:
* FileName = C:\cruise\data\sbe082.hex
* Software Version Seasave V 7.26.7.121
* Temperature SN = 6128
* Conductivity SN = 6128
* System UpLoad Time = Aug 16 2023 16:38:28
* NMEA Latitude = 41 01.43 N
* NMEA Longitude = 067 06.32 W
* NMEA UTC (Time) = Aug 16 2023 16:38:24
** Ship: Henry Bigelow
** Cruise:  HB2303
** Program:  ECOMON
# nquan = 7
# nvalues = 1681                                  
# units = specified
# name 0 = depSM: Depth [salt water, m]
# name 1 = tv290C: Temperature [ITS-90, deg C]
# name 2 = c0S/m: Conductivity [S/m]
# name 3 = sal00: Salinity, Practical [PSU]
# name 4 = scan: Scan Count
# name 5 = timeM: Time, Elapsed [minutes]
# name 6 = flag:  0.000e+00
# span 0 =     -0.048,     66.169                 
# span 1 =     9.2965,    18.8613                 
# span 2 =   0.001503,   4.269703                 
# span 3 =     0.0146,    32.8019                 
# span 4 =         11,       1691                 
# span 5 =     0.0417,     7.0417                 
# span 6 = 0.0000e+00, 0.0000e+00                 
# interval = seconds: 0.25
# start_time = Aug 16 2023 16:38:24 [NMEA time, header]
# bad_flag = -9.990e-29
*END*
[from data line 1231]
     27.428    12.0929   3.745263    32.4334       1242     5.1708  0.000e+00
     27.359    12.1301   3.747137    32.4192       1243     5.1750  0.000e+00
     27.292    12.1639   3.751423    32.4312       1244     5.1792  0.000e+00
     27.232    12.2009   3.752797    32.4124       1245     5.1833  0.000e+00
     27.162    12.2334   3.755071    32.4061       1246     5.1875  0.000e+00
     27.102    12.2619   3.756752    32.3976       1247     5.1917  0.000e+00
     27.039    12.2892   3.760723    32.4121       1248     5.1958  0.000e+00
     26.977    12.3206   3.760892    32.3866       1249     5.2000  0.000e+00
     26.912    12.3449   3.761394    32.3705       1250     5.2042  0.000e+00
     26.840    12.3587   3.759861    32.3439       1251     5.2083  0.000e+00
     26.764    12.3619   3.760005    32.3426       1252     5.2125  0.000e+00
     26.674    12.3611   3.759998    32.3433       1253     5.2167  0.000e+00
     26.584    12.3604   3.761850    32.3616       1254     5.2208  0.000e+00
     26.480    12.3676   3.762398    32.3606       1255     5.2250  0.000e+00
     26.372    12.3762   3.762470    32.3540       1256     5.2292  0.000e+00
     26.261    12.3825   3.762424    32.3482       1257     5.2333  0.000e+00
     26.145    12.3858   3.762587    32.3469       1258     5.2375  0.000e+00
     26.025    12.3882   3.763533    32.3540       1259     5.2417  0.000e+00
     25.919    12.3929   3.764328    32.3575       1260     5.2458  0.000e+00
     25.822    12.4003   3.764491    32.3528       1261     5.2500  0.000e+00
     25.733    12.4063   3.764687    32.3495       1262     5.2542  0.000e+00
     25.653    12.4108   3.765241    32.3510       1263     5.2583  0.000e+00
     25.590    12.4152   3.765483    32.3495       1264     5.2625  0.000e+00
     25.531    12.4197   3.766827    32.3585       1265     5.2667  0.000e+00
     25.488    12.4271   3.767271    32.3564       1266     5.2708  0.000e+00
     25.455    12.4359   3.768974    32.3651       1267     5.2750  0.000e+00
     25.424    12.4469   3.768974    32.3556       1268     5.2792  0.000e+00
     25.393    12.4569   3.769509    32.3521       1269     5.2833  0.000e+00
     25.362    12.4634   3.770135    32.3526       1270     5.2875  0.000e+00
     25.330    12.4704   3.771421    32.3588       1271     5.2917  0.000e+00
     25.301    12.4795   3.772335    32.3597       1272     5.2958  0.000e+00
     25.249    12.4924   3.775842    32.3821       1273     5.3000  0.000e+00
     25.206    12.5120   3.774869    32.3560       1274     5.3042  0.000e+00
     25.135    12.5223   3.776169    32.3595       1275     5.3083  0.000e+00
     25.056    12.5351   3.782226    32.4063       1276     5.3125  0.000e+00
     24.965    12.5683   3.786102    32.4147       1277     5.3167  0.000e+00
     24.864    12.6103   3.791099    32.4262       1278     5.3208  0.000e+00
     24.754    12.6571   3.790961    32.3846       1279     5.3250  0.000e+00
     24.643    12.6907   3.792551    32.3709       1280     5.3292  0.000e+00
     24.527    12.7143   3.796294    32.3863       1281     5.3333  0.000e+00
     24.408    12.7441   3.799725    32.3934       1282     5.3375  0.000e+00
     24.298    12.7804   3.800772    32.3722       1283     5.3417  0.000e+00
     24.197    12.8097   3.802193    32.3606       1284     5.3458  0.000e+00
     24.105    12.8332   3.806720    32.3834       1285     5.3500  0.000e+00
     24.018    12.8658   3.810489    32.3912       1286     5.3542  0.000e+00
     23.938    12.9051   3.811445    32.3666       1287     5.3583  0.000e+00
     23.870    12.9359   3.813170    32.3565       1288     5.3625  0.000e+00
     23.812    12.9614   3.817407    32.3748       1289     5.3667  0.000e+00
     23.763    12.9943   3.820458    32.3755       1290     5.3708  0.000e+00
     23.711    13.0303   3.821553    32.3551       1291     5.3750  0.000e+00
     23.670    13.0588   3.823962    32.3535       1292     5.3792  0.000e+00
     23.638    13.0859   3.825761    32.3474       1293     5.3833  0.000e+00
     23.612    13.1111   3.826627    32.3341       1294     5.3875  0.000e+00
     23.594    13.1307   3.826942    32.3203       1295     5.3917  0.000e+00
     23.583    13.1437   3.827304    32.3127       1296     5.3958  0.000e+00
     23.574    13.1521   3.827514    32.3075       1297     5.4000  0.000e+00
     23.556    13.1580   3.827658    32.3038       1298     5.4042  0.000e+00
     23.543    13.1617   3.827737    32.3014       1299     5.4083  0.000e+00
     23.521    13.1640   3.827848    32.3006       1300     5.4125  0.000e+00
     23.494    13.1655   3.828078    32.3014       1301     5.4167  0.000e+00
     23.447    13.1678   3.829096    32.3090       1302     5.4208  0.000e+00
     23.395    13.1732   3.830154    32.3144       1303     5.4250  0.000e+00
     23.331    13.1818   3.830771    32.3129       1304     5.4292  0.000e+00
     23.260    13.1903   3.831514    32.3127       1305     5.4333  0.000e+00
     23.184    13.1987   3.832611    32.3159       1306     5.4375  0.000e+00
     23.097    13.2089   3.833439    32.3151       1307     5.4417  0.000e+00
     23.001    13.2190   3.834306    32.3146       1308     5.4458  0.000e+00
     22.902    13.2296   3.837646    32.3370       1309     5.4500  0.000e+00
     22.803    13.2489   3.840447    32.3469       1310     5.4542  0.000e+00
     22.703    13.2767   3.843893    32.3556       1311     5.4583  0.000e+00
     22.595    13.3092   3.844939    32.3378       1312     5.4625  0.000e+00
     22.494    13.3364   3.845531    32.3203       1313     5.4667  0.000e+00
     22.397    13.3560   3.850704    32.3522       1314     5.4708  0.000e+00
     22.298    13.3863   3.857554    32.3905       1315     5.4750  0.000e+00
     22.203    13.4384   3.863913    32.4057       1316     5.4792  0.000e+00
     22.119    13.5035   3.869598    32.4035       1317     5.4833  0.000e+00
     22.038    13.5706   3.877702    32.4221       1318     5.4875  0.000e+00
     21.967    13.6481   3.880646    32.3839       1319     5.4917  0.000e+00
     21.904    13.7140   3.883353    32.3534       1320     5.4958  0.000e+00
     21.852    13.7634   3.884046    32.3182       1321     5.5000  0.000e+00
     21.803    13.7980   3.888659    32.3317       1322     5.5042  0.000e+00
     21.778    13.8367   3.895635    32.3637       1323     5.5083  0.000e+00
     21.750    13.8910   3.896335    32.3245       1324     5.5125  0.000e+00
     21.739    13.9338   3.899822    32.3207       1325     5.5167  0.000e+00
     21.719    13.9716   3.901350    32.3030       1326     5.5208  0.000e+00
     21.706    14.0028   3.902204    32.2847       1327     5.5250  0.000e+00
     21.690    14.0238   3.897061    32.2197       1328     5.5292  0.000e+00
     21.673    14.0205   3.903203    32.2791       1329     5.5333  0.000e+00
     21.648    14.0314   3.905679    32.2927       1330     5.5375  0.000e+00
     21.609    14.0570   3.910057    32.3116       1331     5.5417  0.000e+00
     21.569    14.0921   3.916021    32.3371       1332     5.5458  0.000e+00
     21.511    14.1424   3.921232    32.3428       1333     5.5500  0.000e+00
     21.444    14.2002   3.925199    32.3308       1334     5.5542  0.000e+00
     21.361    14.2567   3.926014    32.2911       1335     5.5583  0.000e+00
     21.265    14.2961   3.927978    32.2761       1336     5.5625  0.000e+00
     21.158    14.3261   3.930965    32.2785       1337     5.5667  0.000e+00
     21.042    14.3583   3.937134    32.3081       1338     5.5708  0.000e+00
     20.935    14.4040   3.942975    32.3234       1339     5.5750  0.000e+00
     20.826    14.4623   3.948580    32.3260       1340     5.5792  0.000e+00
     20.722    14.5236   3.951772    32.3040       1341     5.5833  0.000e+00
     20.621    14.5828   3.963136    32.3582       1342     5.5875  0.000e+00
     20.538    14.6623   3.969419    32.3491       1343     5.5917  0.000e+00
     20.456    14.7502   3.980810    32.3794       1344     5.5958  0.000e+00
     20.392    14.8498   3.988319    32.3647       1345     5.6000  0.000e+00
     20.332    14.9515   3.990241    32.2978       1346     5.6042  0.000e+00
     20.286    15.0256   3.993982    32.2703       1347     5.6083  0.000e+00
     20.246    15.0824   3.997243    32.2528       1348     5.6125  0.000e+00
     20.214    15.1304   3.998579    32.2252       1349     5.6167  0.000e+00
     20.193    15.1668   4.000370    32.2114       1350     5.6208  0.000e+00
     20.174    15.1956   4.004069    32.2209       1351     5.6250  0.000e+00
     20.162    15.2266   4.006865    32.2206       1352     5.6292  0.000e+00
     20.144    15.2597   4.011389    32.2339       1353     5.6333  0.000e+00
     20.116    15.2995   4.014334    32.2276       1354     5.6375  0.000e+00
     20.091    15.3386   4.016397    32.2139       1355     5.6417  0.000e+00
     20.055    15.3725   4.018915    32.2087       1356     5.6458  0.000e+00
     20.011    15.4037   4.024389    32.2320       1357     5.6500  0.000e+00
     19.959    15.4451   4.029901    32.2473       1358     5.6542  0.000e+00
     19.897    15.4992   4.043075    32.3205       1359     5.6583  0.000e+00
     19.832    15.5850   4.049946    32.3113       1360     5.6625  0.000e+00
     19.750    15.6781   4.054846    32.2787       1361     5.6667  0.000e+00
     19.685    15.7583   4.065292    32.3059       1362     5.6708  0.000e+00
     19.600    15.8506   4.077260    32.3364       1363     5.6750  0.000e+00
     19.517    15.9618   4.084789    32.3122       1364     5.6792  0.000e+00
     19.440    16.0669   4.087337    32.2492       1365     5.6833  0.000e+00
     19.360    16.1442   4.088678    32.1983       1366     5.6875  0.000e+00
     19.289    16.1958   4.093955    32.2030       1367     5.6917  0.000e+00
     19.220    16.2454   4.098249    32.2005       1368     5.6958  0.000e+00
     19.160    16.2941   4.098545    32.1638       1369     5.7000  0.000e+00
     19.092    16.3276   4.099403    32.1443       1370     5.7042  0.000e+00
     19.027    16.3497   4.100645    32.1374       1371     5.7083  0.000e+00
     18.955    16.3675   4.101861    32.1336       1372     5.7125  0.000e+00
     18.883    16.3825   4.102800    32.1298       1373     5.7167  0.000e+00
     18.813    16.3960   4.104401    32.1329       1374     5.7208  0.000e+00
     18.739    16.4104   4.105482    32.1308       1375     5.7250  0.000e+00
     18.665    16.4244   4.106441    32.1280       1376     5.7292  0.000e+00
     18.593    16.4374   4.106590    32.1188       1377     5.7333  0.000e+00
     18.527    16.4455   4.106245    32.1093       1378     5.7375  0.000e+00
     18.470    16.4487   4.106218    32.1065       1379     5.7417  0.000e+00
     18.423    16.4498   4.107252    32.1147       1380     5.7458  0.000e+00
     18.379    16.4542   4.107502    32.1134       1381     5.7500  0.000e+00
     18.331    16.4585   4.108543    32.1190       1382     5.7542  0.000e+00
     18.304    16.4651   4.110166    32.1278       1383     5.7583  0.000e+00
     18.274    16.4766   4.110585    32.1223       1384     5.7625  0.000e+00
     18.239    16.4859   4.110558    32.1146       1385     5.7667  0.000e+00
     18.201    16.4911   4.111910    32.1222       1386     5.7708  0.000e+00
     18.169    16.5000   4.115840    32.1493       1387     5.7750  0.000e+00
     18.122    16.5205   4.114655    32.1225       1388     5.7792  0.000e+00
     18.070    16.5326   4.114182    32.1087       1389     5.7833  0.000e+00
     18.009    16.5356   4.115075    32.1141       1390     5.7875  0.000e+00
     17.934    16.5405   4.117591    32.1321       1391     5.7917  0.000e+00
     17.848    16.5536   4.118484    32.1294       1392     5.7958  0.000e+00
     17.755    16.5671   4.119641    32.1286       1393     5.8000  0.000e+00
     17.663    16.5801   4.119939    32.1208       1394     5.8042  0.000e+00
     17.570    16.5901   4.119993    32.1133       1395     5.8083  0.000e+00
     17.471    16.5961   4.120636    32.1141       1396     5.8125  0.000e+00
     17.379    16.6010   4.119817    32.1031       1397     5.8167  0.000e+00
     17.292    16.6024   4.121130    32.1134       1398     5.8208  0.000e+00
     17.210    16.6076   4.125036    32.1432       1399     5.8250  0.000e+00
     17.145    16.6261   4.125591    32.1333       1400     5.8292  0.000e+00
     17.087    16.6437   4.125408    32.1176       1401     5.8333  0.000e+00
     17.031    16.6535   4.125110    32.1071       1402     5.8375  0.000e+00
     16.980    16.6577   4.125259    32.1051       1403     5.8417  0.000e+00
     16.942    16.6599   4.125475    32.1052       1404     5.8458  0.000e+00
     16.898    16.6614   4.125631    32.1054       1405     5.8500  0.000e+00
     16.857    16.6635   4.125882    32.1059       1406     5.8542  0.000e+00
     16.824    16.6651   4.125658    32.1027       1407     5.8583  0.000e+00
     16.777    16.6654   4.125618    32.1021       1408     5.8625  0.000e+00
     16.737    16.6651   4.125780    32.1038       1409     5.8667  0.000e+00
     16.688    16.6654   4.125854    32.1042       1410     5.8708  0.000e+00
     16.634    16.6661   4.126227    32.1069       1411     5.8750  0.000e+00
     16.578    16.6674   4.126376    32.1071       1412     5.8792  0.000e+00
     16.507    16.6697   4.126823    32.1092       1413     5.8833  0.000e+00
     16.435    16.6725   4.126572    32.1048       1414     5.8875  0.000e+00
     16.344    16.6741   4.127094    32.1081       1415     5.8917  0.000e+00
     16.250    16.6762   4.127886    32.1133       1416     5.8958  0.000e+00
     16.144    16.6814   4.128137    32.1114       1417     5.9000  0.000e+00
     16.029    16.6865   4.128285    32.1086       1418     5.9042  0.000e+00
     15.919    16.6898   4.127865    32.1023       1419     5.9083  0.000e+00
     15.811    16.6904   4.128170    32.1046       1420     5.9125  0.000e+00
     15.707    16.6912   4.128854    32.1099       1421     5.9167  0.000e+00
     15.610    16.6945   4.129179    32.1101       1422     5.9208  0.000e+00
     15.522    16.6989   4.129796    32.1120       1423     5.9250  0.000e+00
     15.438    16.7040   4.130134    32.1109       1424     5.9292  0.000e+00
     15.368    16.7096   4.132106    32.1235       1425     5.9333  0.000e+00
     15.301    16.7195   4.131557    32.1109       1426     5.9375  0.000e+00
     15.236    16.7259   4.131306    32.1036       1427     5.9417  0.000e+00
     15.190    16.7284   4.132573    32.1126       1428     5.9458  0.000e+00
     15.138    16.7336   4.132926    32.1115       1429     5.9500  0.000e+00
     15.102    16.7400   4.133888    32.1147       1430     5.9542  0.000e+00
     15.059    16.7474   4.134213    32.1116       1431     5.9583  0.000e+00
     15.012    16.7540   4.134450    32.1084       1432     5.9625  0.000e+00
     14.967    16.7590   4.134362    32.1037       1433     5.9667  0.000e+00
     14.919    16.7616   4.134484    32.1027       1434     5.9708  0.000e+00
     14.869    16.7631   4.135155    32.1073       1435     5.9750  0.000e+00
     14.805    16.7666   4.134518    32.0990       1436     5.9792  0.000e+00
     14.735    16.7670   4.134836    32.1015       1437     5.9833  0.000e+00
     14.657    16.7676   4.135256    32.1047       1438     5.9875  0.000e+00
     14.559    16.7694   4.134185    32.0940       1439     5.9917  0.000e+00
     14.458    16.7671   4.133928    32.0936       1440     5.9958  0.000e+00
     14.350    16.7641   4.134138    32.0979       1441     6.0000  0.000e+00
     14.235    16.7628   4.136626    32.1206       1442     6.0042  0.000e+00
     14.120    16.7708   4.137893    32.1251       1443     6.0083  0.000e+00
     14.001    16.7855   4.143325    32.1604       1444     6.0125  0.000e+00
     13.886    16.8162   4.145333    32.1533       1445     6.0167  0.000e+00
