HB2303/sbe078.cnv
* Sea-Bird SBE 19plus V2 Data File:
* FileName = C:\cruise\data\sbe078.hex
* Software Version Seasave V 7.26.7.121
* Temperature SN = 6128
* Conductivity SN = 6128
* System UpLoad Time = Aug 16 2023 00:25:40
* NMEA Latitude = 40 21.07 N
* NMEA Longitude = 068 17.12 W
* NMEA UTC (Time) = Aug 16 2023 00:25:36
** Ship: Henry Bigelow
** Cruise:  HB2303
** Program:  ECOMON
# nquan = 7
# nvalues = 4321                                  
# units = specified
# name 0 = depSM: Depth [salt water, m]
# name 1 = tv290C: Temperature [ITS-90, deg C]
# name 2 = c0S/m: Conductivity [S/m]
# name 3 = sal00: Salinity, Practical [PSU]
# name 4 = scan: Scan Count
# name 5 = timeM: Time, Elapsed [minutes]
# name 6 = flag:  0.000e+00
# span 0 =     -0.094,    136.545                 
# span 1 =     8.4966,    21.6878                 
# span 2 =   0.001219,   4.460607                 
# span 3 =     0.0141,    36.5437                 
# span 4 =         11,       4331                 
# span 5 =     0.0417,    18.0417                 
# span 6 = 0.0000e+00, 0.0000e+00                 
# interval = seconds: 0.25
# start_time = Aug 16 2023 00:25:36 [NMEA time, header]
# bad_flag = -9.990e-29
*END*
[from data line 1026]
     90.645     9.5309   3.638874    33.6590       1037     4.3167  0.000e+00
     90.743     9.5352   3.641674    33.6837       1038     4.3208  0.000e+00
     90.844     9.5434   3.643444    33.6942       1039     4.3250  0.000e+00
     90.943     9.5537   3.644803    33.6984       1040     4.3292  0.000e+00
     91.048     9.5639   3.645685    33.6979       1041     4.3333  0.000e+00
     91.149     9.5724   3.646156    33.6947       1042     4.3375  0.000e+00
     91.248     9.5792   3.646651    33.6934       1043     4.3417  0.000e+00
     91.348     9.5842   3.647032    33.6926       1044     4.3458  0.000e+00
     91.450     9.5882   3.647238    33.6909       1045     4.3500  0.000e+00
     91.563     9.5912   3.647373    33.6894       1046     4.3542  0.000e+00
     91.680     9.5933   3.647727    33.6910       1047     4.3583  0.000e+00
     91.801     9.5956   3.647882    33.6904       1048     4.3625  0.000e+00
     91.923     9.5973   3.648088    33.6908       1049     4.3667  0.000e+00
     92.057     9.5989   3.648198    33.6905       1050     4.3708  0.000e+00
     92.200     9.6001   3.648314    33.6904       1051     4.3750  0.000e+00
     92.342     9.6013   3.648314    33.6893       1052     4.3792  0.000e+00
     92.484     9.6018   3.648423    33.6898       1053     4.3833  0.000e+00
     92.627     9.6025   3.648539    33.6903       1054     4.3875  0.000e+00
     92.775     9.6033   3.648610    33.6902       1055     4.3917  0.000e+00
     92.918     9.6037   3.648630    33.6900       1056     4.3958  0.000e+00
     93.055     9.6044   3.649010    33.6932       1057     4.4000  0.000e+00
     93.187     9.6053   3.649345    33.6957       1058     4.4042  0.000e+00
     93.311     9.6070   3.649480    33.6955       1059     4.4083  0.000e+00
     93.415     9.6084   3.649731    33.6967       1060     4.4125  0.000e+00
     93.515     9.6099   3.649951    33.6974       1061     4.4167  0.000e+00
     93.601     9.6113   3.650060    33.6972       1062     4.4208  0.000e+00
     93.683     9.6127   3.650086    33.6961       1063     4.4250  0.000e+00
     93.758     9.6139   3.650176    33.6959       1064     4.4292  0.000e+00
     93.834     9.6144   3.650627    33.7001       1065     4.4333  0.000e+00
     93.904     9.6158   3.651188    33.7045       1066     4.4375  0.000e+00
     93.990     9.6179   3.651955    33.7103       1067     4.4417  0.000e+00
     94.074     9.6212   3.652425    33.7120       1068     4.4458  0.000e+00
     94.166     9.6245   3.652844    33.7132       1069     4.4500  0.000e+00
     94.260     9.6276   3.653147    33.7134       1070     4.4542  0.000e+00
     94.360     9.6303   3.653192    33.7112       1071     4.4583  0.000e+00
     94.461     9.6320   3.653457    33.7123       1072     4.4625  0.000e+00
     94.573     9.6335   3.653637    33.7127       1073     4.4667  0.000e+00
     94.696     9.6349   3.653818    33.7132       1074     4.4708  0.000e+00
     94.828     9.6362   3.653940    33.7132       1075     4.4750  0.000e+00
     94.956     9.6373   3.654024    33.7129       1076     4.4792  0.000e+00
     95.093     9.6382   3.654044    33.7122       1077     4.4833  0.000e+00
     95.223     9.6387   3.654044    33.7117       1078     4.4875  0.000e+00
     95.357     9.6391   3.654069    33.7115       1079     4.4917  0.000e+00
     95.489     9.6392   3.654115    33.7119       1080     4.4958  0.000e+00
     95.613     9.6394   3.654160    33.7120       1081     4.5000  0.000e+00
     95.730     9.6397   3.654282    33.7130       1082     4.5042  0.000e+00
     95.842     9.6400   3.654340    33.7132       1083     4.5083  0.000e+00
     95.949     9.6404   3.654386    33.7133       1084     4.5125  0.000e+00
     96.048     9.6408   3.654476    33.7138       1085     4.5167  0.000e+00
     96.144     9.6412   3.654495    33.7136       1086     4.5208  0.000e+00
     96.227     9.6417   3.654495    33.7131       1087     4.5250  0.000e+00
     96.320     9.6419   3.654560    33.7135       1088     4.5292  0.000e+00
     96.414     9.6421   3.654631    33.7140       1089     4.5333  0.000e+00
     96.515     9.6424   3.654721    33.7146       1090     4.5375  0.000e+00
     96.622     9.6428   3.654856    33.7156       1091     4.5417  0.000e+00
     96.727     9.6433   3.654902    33.7155       1092     4.5458  0.000e+00
     96.844     9.6439   3.654947    33.7153       1093     4.5500  0.000e+00
     96.959     9.6442   3.654966    33.7152       1094     4.5542  0.000e+00
     97.080     9.6447   3.655050    33.7156       1095     4.5583  0.000e+00
     97.199     9.6450   3.655172    33.7165       1096     4.5625  0.000e+00
     97.315     9.6453   3.655218    33.7166       1097     4.5667  0.000e+00
     97.428     9.6459   3.655353    33.7173       1098     4.5708  0.000e+00
     97.542     9.6463   3.655398    33.7174       1099     4.5750  0.000e+00
     97.652     9.6471   3.655508    33.7178       1100     4.5792  0.000e+00
     97.771     9.6475   3.655611    33.7184       1101     4.5833  0.000e+00
     97.885     9.6480   3.655714    33.7189       1102     4.5875  0.000e+00
     98.002     9.6488   3.655934    33.7204       1103     4.5917  0.000e+00
     98.116     9.6496   3.656275    33.7230       1104     4.5958  0.000e+00
     98.228     9.6508   3.656591    33.7251       1105     4.6000  0.000e+00
     98.341     9.6524   3.656953    33.7273       1106     4.6042  0.000e+00
     98.453     9.6542   3.657172    33.7278       1107     4.6083  0.000e+00
     98.567     9.6558   3.657262    33.7272       1108     4.6125  0.000e+00
     98.683     9.6569   3.657443    33.7280       1109     4.6167  0.000e+00
     98.798     9.6580   3.657604    33.7285       1110     4.6208  0.000e+00
     98.917     9.6590   3.657739    33.7289       1111     4.6250  0.000e+00
     99.038     9.6598   3.657939    33.7301       1112     4.6292  0.000e+00
     99.157     9.6607   3.658146    33.7314       1113     4.6333  0.000e+00
     99.286     9.6613   3.658268    33.7320       1114     4.6375  0.000e+00
     99.412     9.6622   3.658301    33.7314       1115     4.6417  0.000e+00
     99.535     9.6626   3.658391    33.7320       1116     4.6458  0.000e+00
     99.656     9.6630   3.658507    33.7327       1117     4.6500  0.000e+00
     99.771     9.6636   3.658681    33.7339       1118     4.6542  0.000e+00
     99.883     9.6644   3.658933    33.7357       1119     4.6583  0.000e+00
     99.999     9.6652   3.659126    33.7369       1120     4.6625  0.000e+00
    100.105     9.6657   3.659520    33.7404       1121     4.6667  0.000e+00
    100.212     9.6660   3.660217    33.7471       1122     4.6708  0.000e+00
    100.324     9.6670   3.661526    33.7597       1123     4.6750  0.000e+00
    100.427     9.6695   3.662656    33.7688       1124     4.6792  0.000e+00
    100.533     9.6739   3.663759    33.7760       1125     4.6833  0.000e+00
    100.634     9.6792   3.664456    33.7781       1126     4.6875  0.000e+00
    100.739     9.6844   3.665250    33.7813       1127     4.6917  0.000e+00
    100.840     9.6894   3.666263    33.7870       1128     4.6958  0.000e+00
    100.941     9.6943   3.666760    33.7874       1129     4.7000  0.000e+00
    101.047     9.6990   3.667257    33.7881       1130     4.7042  0.000e+00
    101.145     9.7028   3.667077    33.7826       1131     4.7083  0.000e+00
    101.243     9.7051   3.667574    33.7855       1132     4.7125  0.000e+00
    101.340     9.7071   3.667961    33.7875       1133     4.7167  0.000e+00
    101.443     9.7090   3.668071    33.7868       1134     4.7208  0.000e+00
    101.544     9.7108   3.668097    33.7853       1135     4.7250  0.000e+00
    101.638     9.7119   3.668116    33.7845       1136     4.7292  0.000e+00
    101.742     9.7125   3.668155    33.7843       1137     4.7333  0.000e+00
    101.850     9.7129   3.668161    33.7839       1138     4.7375  0.000e+00
    101.953     9.7131   3.668142    33.7835       1139     4.7417  0.000e+00
    102.063     9.7135   3.668162    33.7833       1140     4.7458  0.000e+00
    102.170     9.7133   3.668187    33.7836       1141     4.7500  0.000e+00
    102.280     9.7134   3.668304    33.7847       1142     4.7542  0.000e+00
    102.384     9.7135   3.668413    33.7857       1143     4.7583  0.000e+00
    102.492     9.7139   3.668413    33.7852       1144     4.7625  0.000e+00
    102.599     9.7140   3.668368    33.7846       1145     4.7667  0.000e+00
    102.707     9.7141   3.668478    33.7856       1146     4.7708  0.000e+00
    102.815     9.7142   3.668549    33.7862       1147     4.7750  0.000e+00
    102.925     9.7145   3.668588    33.7863       1148     4.7792  0.000e+00
    103.024     9.7146   3.668569    33.7859       1149     4.7833  0.000e+00
    103.129     9.7147   3.668614    33.7862       1150     4.7875  0.000e+00
    103.234     9.7149   3.668595    33.7858       1151     4.7917  0.000e+00
    103.338     9.7149   3.668795    33.7878       1152     4.7958  0.000e+00
    103.457     9.7153   3.668911    33.7886       1153     4.8000  0.000e+00
    103.576     9.7157   3.669111    33.7902       1154     4.8042  0.000e+00
    103.695     9.7164   3.669473    33.7932       1155     4.8083  0.000e+00
    103.826     9.7174   3.669634    33.7939       1156     4.8125  0.000e+00
    103.954     9.7183   3.669770    33.7943       1157     4.8167  0.000e+00
    104.084     9.7194   3.670183    33.7975       1158     4.8208  0.000e+00
    104.210     9.7206   3.670584    33.8004       1159     4.8250  0.000e+00
    104.337     9.7222   3.670810    33.8011       1160     4.8292  0.000e+00
    104.450     9.7238   3.670900    33.8006       1161     4.8333  0.000e+00
    104.557     9.7252   3.671036    33.8006       1162     4.8375  0.000e+00
    104.652     9.7259   3.671081    33.8004       1163     4.8417  0.000e+00
    104.735     9.7266   3.671107    33.7999       1164     4.8458  0.000e+00
    104.806     9.7273   3.671172    33.7999       1165     4.8500  0.000e+00
    104.878     9.7277   3.671217    33.8000       1166     4.8542  0.000e+00
    104.941     9.7280   3.671236    33.7998       1167     4.8583  0.000e+00
    104.998     9.7283   3.671307    33.8002       1168     4.8625  0.000e+00
    105.067     9.7285   3.671366    33.8006       1169     4.8667  0.000e+00
    105.136     9.7287   3.671443    33.8012       1170     4.8708  0.000e+00
    105.213     9.7290   3.671579    33.8023       1171     4.8750  0.000e+00
    105.296     9.7295   3.671624    33.8022       1172     4.8792  0.000e+00
    105.390     9.7300   3.671643    33.8019       1173     4.8833  0.000e+00
    105.493     9.7303   3.671689    33.8020       1174     4.8875  0.000e+00
    105.614     9.7305   3.671850    33.8034       1175     4.8917  0.000e+00
    105.738     9.7309   3.672031    33.8049       1176     4.8958  0.000e+00
    105.875     9.7316   3.672257    33.8065       1177     4.9000  0.000e+00
    106.016     9.7324   3.672457    33.8077       1178     4.9042  0.000e+00
    106.164     9.7333   3.672658    33.8089       1179     4.9083  0.000e+00
    106.319     9.7342   3.672800    33.8094       1180     4.9125  0.000e+00
    106.469     9.7353   3.672936    33.8097       1181     4.9167  0.000e+00
    106.621     9.7361   3.673052    33.8100       1182     4.9208  0.000e+00
    106.771     9.7368   3.673278    33.8116       1183     4.9250  0.000e+00
    106.919     9.7378   3.673459    33.8125       1184     4.9292  0.000e+00
    107.045     9.7387   3.673640    33.8134       1185     4.9333  0.000e+00
    107.156     9.7395   3.674112    33.8174       1186     4.9375  0.000e+00
    107.255     9.7408   3.674680    33.8221       1187     4.9417  0.000e+00
    107.347     9.7425   3.675339    33.8272       1188     4.9458  0.000e+00
    107.426     9.7445   3.675721    33.8291       1189     4.9500  0.000e+00
    107.493     9.7468   3.676063    33.8305       1190     4.9542  0.000e+00
    107.558     9.7488   3.676380    33.8318       1191     4.9583  0.000e+00
    107.621     9.7508   3.676968    33.8359       1192     4.9625  0.000e+00
    107.691     9.7531   3.677763    33.8419       1193     4.9667  0.000e+00
    107.763     9.7558   3.678357    33.8453       1194     4.9708  0.000e+00
    107.846     9.7589   3.678894    33.8479       1195     4.9750  0.000e+00
    107.940     9.7620   3.679327    33.8494       1196     4.9792  0.000e+00
    108.039     9.7646   3.679689    33.8506       1197     4.9833  0.000e+00
    108.151     9.7670   3.680439    33.8560       1198     4.9875  0.000e+00
    108.270     9.7696   3.680685    33.8560       1199     4.9917  0.000e+00
    108.402     9.7718   3.680956    33.8567       1200     4.9958  0.000e+00
    108.528     9.7736   3.681732    33.8628       1201     5.0000  0.000e+00
    108.660     9.7760   3.682819    33.8717       1202     5.0042  0.000e+00
    108.790     9.7794   3.683737    33.8778       1203     5.0083  0.000e+00
    108.911     9.7830   3.684908    33.8863       1204     5.0125  0.000e+00
    109.026     9.7874   3.686163    33.8950       1205     5.0167  0.000e+00
    109.137     9.7925   3.687159    33.9004       1206     5.0208  0.000e+00
    109.239     9.7973   3.688369    33.9082       1207     5.0250  0.000e+00
    109.337     9.8019   3.689152    33.9119       1208     5.0292  0.000e+00
    109.420     9.8064   3.690052    33.9167       1209     5.0333  0.000e+00
    109.506     9.8108   3.690958    33.9219       1210     5.0375  0.000e+00
    109.593     9.8155   3.692323    33.9314       1211     5.0417  0.000e+00
    109.688     9.8211   3.693573    33.9388       1212     5.0458  0.000e+00
    109.787     9.8272   3.694946    33.9471       1213     5.0500  0.000e+00
    109.890     9.8337   3.695787    33.9495       1214     5.0542  0.000e+00
    109.996     9.8401   3.697206    33.9579       1215     5.0583  0.000e+00
    110.110     9.8470   3.699849    33.9784       1216     5.0625  0.000e+00
    110.213     9.8565   3.702778    33.9994       1217     5.0667  0.000e+00
    110.325     9.8692   3.705565    34.0158       1218     5.0708  0.000e+00
    110.437     9.8834   3.707393    34.0211       1219     5.0750  0.000e+00
    110.539     9.8970   3.708781    34.0224       1220     5.0792  0.000e+00
    110.640     9.9088   3.710350    34.0273       1221     5.0833  0.000e+00
    110.747     9.9193   3.712296    34.0372       1222     5.0875  0.000e+00
    110.846     9.9299   3.714476    34.0494       1223     5.0917  0.000e+00
    110.940     9.9416   3.716559    34.0596       1224     5.0958  0.000e+00
    111.032     9.9534   3.718695    34.0702       1225     5.1000  0.000e+00
    111.120     9.9654   3.720727    34.0796       1226     5.1042  0.000e+00
    111.209     9.9776   3.722513    34.0862       1227     5.1083  0.000e+00
    111.304     9.9890   3.723734    34.0879       1228     5.1125  0.000e+00
    111.411     9.9992   3.725352    34.0948       1229     5.1167  0.000e+00
    111.515    10.0086   3.726514    34.0977       1230     5.1208  0.000e+00
    111.635    10.0169   3.728035    34.1053       1231     5.1250  0.000e+00
    111.755    10.0255   3.729491    34.1119       1232     5.1292  0.000e+00
    111.874    10.0342   3.731031    34.1194       1233     5.1333  0.000e+00
    111.999    10.0430   3.732462    34.1255       1234     5.1375  0.000e+00
    112.123    10.0516   3.733918    34.1322       1235     5.1417  0.000e+00
    112.252    10.0605   3.735342    34.1383       1236     5.1458  0.000e+00
    112.376    10.0693   3.736806    34.1448       1237     5.1500  0.000e+00
    112.508    10.0778   3.737846    34.1473       1238     5.1542  0.000e+00
    112.629    10.0857   3.738673    34.1482       1239     5.1583  0.000e+00
    112.750    10.0924   3.739486    34.1501       1240     5.1625  0.000e+00
