HB2303/sbe053.cnv
* Sea-Bird SBE 19plus V2 Data File:
* FileName = C:\cruise\data\sbe053.hex
* Software Version Seasave V 7.26.7.121
* Temperature SN = 6128
* Conductivity SN = 6128
* System UpLoad Time = Aug 13 2023 14:07:00
* NMEA Latitude = 39 13.81 N
* NMEA Longitude = 073 18.46 W
* NMEA UTC (Time) = Aug 13 2023 14:06:56
** Ship: Henry Bigelow
** Cruise:  HB2303
** Program:  ECOMON
# nquan = 7
# nvalues = 1442                                  
# units = specified
# name 0 = depSM: Depth [salt water, m]
# name 1 = tv290C: Temperature [ITS-90, deg C]
# name 2 = c0S/m: Conductivity [S/m]
# name 3 = sal00: Salinity, Practical [PSU]
# name 4 = scan: Scan Count
# name 5 = timeM: Time, Elapsed [minutes]
# name 6 = flag:  0.000e+00
# span 0 =     -0.203,     51.100                 
# span 1 =     9.5650,    24.9477                 
# span 2 =   0.000231,   4.733293                 
# span 3 =     0.0120,    34.8823                 
# span 4 =         11,       1452                 
# span 5 =     0.0417,     6.0458                 
# span 6 = 0.0000e+00, 0.0000e+00                 
# interval = seconds: 0.25
# start_time = Aug 13 2023 14:06:56 [NMEA time, header]
# bad_flag = -9.990e-29
*END*
     -0.087    24.9416   0.000243     0.0120         11     0.0417  0.000e+00
     -0.085    24.9422   0.000237     0.0120         12     0.0458  0.000e+00
     -0.087    24.9421   0.000237     0.0120         13     0.0500  0.000e+00
     -0.087    24.9419   0.000243     0.0120         14     0.0542  0.000e+00
     -0.088    24.9417   0.000243     0.0120         15     0.0583  0.000e+00
     -0.090    24.9421   0.000237     0.0120         16     0.0625  0.000e+00
     -0.088    24.9419   0.000237     0.0120         17     0.0667  0.000e+00
     -0.095    24.9423   0.000231     0.0120         18     0.0708  0.000e+00
     -0.093    24.9424   0.000243     0.0120         19     0.0750  0.000e+00
     -0.091    24.9427   0.000243     0.0120         20     0.0792  0.000e+00
     -0.087    24.9426   0.000237     0.0120         21     0.0833  0.000e+00
     -0.089    24.9428   0.000237     0.0120         22     0.0875  0.000e+00
     -0.089    24.9434   0.000243     0.0120         23     0.0917  0.000e+00
     -0.082    24.9435   0.000237     0.0120         24     0.0958  0.000e+00
     -0.085    24.9438   0.000243     0.0120         25     0.1000  0.000e+00
     -0.089    24.9439   0.000237     0.0120         26     0.1042  0.000e+00
     -0.089    24.9440   0.000249     0.0120         27     0.1083  0.000e+00
     -0.089    24.9443   0.000243     0.0120         28     0.1125  0.000e+00
     -0.087    24.9438   0.000237     0.0120         29     0.1167  0.000e+00
     -0.094    24.9441   0.000237     0.0120         30     0.1208  0.000e+00
     -0.091    24.9445   0.000249     0.0120         31     0.1250  0.000e+00
     -0.092    24.9446   0.000237     0.0120         32     0.1292  0.000e+00
     -0.084    24.9446   0.000237     0.0120         33     0.1333  0.000e+00
     -0.089    24.9450   0.000243     0.0120         34     0.1375  0.000e+00
     -0.095    24.9449   0.000249     0.0120         35     0.1417  0.000e+00
     -0.089    24.9454   0.000243     0.0120         36     0.1458  0.000e+00
     -0.089    24.9447   0.000237     0.0120         37     0.1500  0.000e+00
     -0.093    24.9445   0.000237     0.0120         38     0.1542  0.000e+00
     -0.095    24.9449   0.000249     0.0120         39     0.1583  0.000e+00
     -0.095    24.9452   0.000237     0.0120         40     0.1625  0.000e+00
     -0.087    24.9446   0.000237     0.0120         41     0.1667  0.000e+00
     -0.087    24.9446   0.000237     0.0120         42     0.1708  0.000e+00
     -0.094    24.9445   0.000243     0.0120         43     0.1750  0.000e+00
     -0.094    24.9442   0.000243     0.0120         44     0.1792  0.000e+00
     -0.091    24.9439   0.000237     0.0120         45     0.1833  0.000e+00
     -0.094    24.9410   0.000243     0.0120         46     0.1875  0.000e+00
     -0.094    24.9395   0.000249     0.0120         47     0.1917  0.000e+00
     -0.092    24.9392   0.000243     0.0120         48     0.1958  0.000e+00
     -0.090    24.9393   0.000237     0.0120         49     0.2000  0.000e+00
     -0.090    24.9396   0.000243     0.0120         50     0.2042  0.000e+00
     -0.088    24.9401   0.000249     0.0120         51     0.2083  0.000e+00
     -0.090    24.9399   0.000237     0.0120         52     0.2125  0.000e+00
     -0.090    24.9403   0.000231     0.0120         53     0.2167  0.000e+00
     -0.090    24.9407   0.000237     0.0120         54     0.2208  0.000e+00
     -0.088    24.9404   0.000243     0.0120         55     0.2250  0.000e+00
     -0.090    24.9412   0.000249     0.0120         56     0.2292  0.000e+00
     -0.094    24.9408   0.000237     0.0120         57     0.2333  0.000e+00
     -0.090    24.9416   0.000237     0.0120         58     0.2375  0.000e+00
     -0.092    24.9416   0.000243     0.0120         59     0.2417  0.000e+00
     -0.090    24.9416   0.000249     0.0120         60     0.2458  0.000e+00
     -0.090    24.9419   0.000237     0.0120         61     0.2500  0.000e+00
     -0.090    24.9418   0.000243     0.0120         62     0.2542  0.000e+00
     -0.094    24.9417   0.000243     0.0120         63     0.2583  0.000e+00
     -0.094    24.9412   0.000243     0.0120         64     0.2625  0.000e+00
     -0.092    24.9401   0.000243     0.0120         65     0.2667  0.000e+00
     -0.092    24.9397   0.000243     0.0120         66     0.2708  0.000e+00
     -0.092    24.9402   0.000237     0.0120         67     0.2750  0.000e+00
     -0.089    24.9407   0.000237     0.0120         68     0.2792  0.000e+00
     -0.090    24.9407   0.000237     0.0120         69     0.2833  0.000e+00
     -0.096    24.9414   0.000237     0.0120         70     0.2875  0.000e+00
     -0.090    24.9417   0.000243     0.0120         71     0.2917  0.000e+00
     -0.092    24.9419   0.000243     0.0120         72     0.2958  0.000e+00
     -0.096    24.9425   0.000237     0.0120         73     0.3000  0.000e+00
     -0.096    24.9429   0.000237     0.0120         74     0.3042  0.000e+00
     -0.092    24.9432   0.000243     0.0120         75     0.3083  0.000e+00
     -0.094    24.9424   0.000243     0.0120         76     0.3125  0.000e+00
     -0.096    24.9430   0.000243     0.0120         77     0.3167  0.000e+00
     -0.095    24.9428   0.000237     0.0120         78     0.3208  0.000e+00
     -0.092    24.9434   0.000243     0.0120         79     0.3250  0.000e+00
     -0.092    24.9436   0.000243     0.0120         80     0.3292  0.000e+00
     -0.093    24.9438   0.000243     0.0120         81     0.3333  0.000e+00
     -0.093    24.9442   0.000237     0.0120         82     0.3375  0.000e+00
     -0.093    24.9444   0.000243     0.0120         83     0.3417  0.000e+00
     -0.092    24.9442   0.000243     0.0120         84     0.3458  0.000e+00
     -0.095    24.9437   0.000243     0.0120         85     0.3500  0.000e+00
     -0.090    24.9439   0.000237     0.0120         86     0.3542  0.000e+00
     -0.090    24.9441   0.000237     0.0120         87     0.3583  0.000e+00
     -0.086    24.9442   0.000243     0.0120         88     0.3625  0.000e+00
     -0.092    24.9444   0.000237     0.0120         89     0.3667  0.000e+00
     -0.096    24.9439   0.000234     0.0120         90     0.3708  0.000e+00
     -0.094    24.9443   0.000237     0.0120         91     0.3750  0.000e+00
     -0.105    24.9440   0.000243     0.0120         92     0.3792  0.000e+00
     -0.099    24.9438   0.000237     0.0120         93     0.3833  0.000e+00
     -0.094    24.9440   0.000243     0.0120         94     0.3875  0.000e+00
     -0.092    24.9445   0.000231     0.0120         95     0.3917  0.000e+00
     -0.098    24.9445   0.000243     0.0120         96     0.3958  0.000e+00
     -0.098    24.9438   0.000243     0.0120         97     0.4000  0.000e+00
     -0.096    24.9438   0.000231     0.0120         98     0.4042  0.000e+00
     -0.096    24.9437   0.000243     0.0120         99     0.4083  0.000e+00
     -0.092    24.9437   0.000243     0.0120        100     0.4125  0.000e+00
     -0.092    24.9443   0.000243     0.0120        101     0.4167  0.000e+00
     -0.090    24.9442   0.000237     0.0120        102     0.4208  0.000e+00
     -0.100    24.9436   0.000237     0.0120        103     0.4250  0.000e+00
     -0.107    24.9441   0.000243     0.0120        104     0.4292  0.000e+00
     -0.114    24.9440   0.000243     0.0120        105     0.4333  0.000e+00
     -0.016    24.9437   0.000237     0.0120        106     0.4375  0.000e+00
      0.220    24.9444   0.000243     0.0120        107     0.4417  0.000e+00
      0.388    24.9477   0.193214     0.9818        108     0.4458  0.000e+00
      0.424    24.9409   3.047105    18.9154        109     0.4500  0.000e+00
      0.567    24.8599   1.664481     9.7881        110     0.4542  0.000e+00
      0.626    24.7406   2.402013    14.6348        111     0.4583  0.000e+00
      0.662    24.6441   3.121859    19.5541        112     0.4625  0.000e+00
      0.722    24.5793   3.336357    21.0704        113     0.4667  0.000e+00
      0.812    24.5388   4.630183    30.3432        114     0.4708  0.000e+00
      0.948    24.5114   4.705034    30.9109        115     0.4750  0.000e+00
      1.136    24.4912   4.708204    30.9480        116     0.4792  0.000e+00
      1.354    24.4767   4.717310    31.0250        117     0.4833  0.000e+00
      1.580    24.4671   4.718642    31.0414        118     0.4875  0.000e+00
      1.815    24.4603   4.723421    31.0811        119     0.4917  0.000e+00
      2.053    24.4548   4.727083    31.1118        120     0.4958  0.000e+00
      2.290    24.4496   4.731693    31.1493        121     0.5000  0.000e+00
      2.505    24.4377   4.730933    31.1519        122     0.5042  0.000e+00
      2.712    24.4227   4.727643    31.1380        123     0.5083  0.000e+00
      2.911    24.4027   4.728045    31.1548        124     0.5125  0.000e+00
      3.083    24.3771   4.729601    31.1840        125     0.5167  0.000e+00
      3.232    24.3524   4.725881    31.1736        126     0.5208  0.000e+00
      3.335    24.3273   4.723775    31.1755        127     0.5250  0.000e+00
      3.294    24.2992   4.721776    31.1803        128     0.5292  0.000e+00
      3.167    24.2723   4.720544    31.1899        129     0.5333  0.000e+00
      3.000    24.2518   4.721941    31.2146        130     0.5375  0.000e+00
      2.955    24.2396   4.723962    31.2381        131     0.5417  0.000e+00
      3.023    24.2343   4.718876    31.2041        132     0.5458  0.000e+00
      3.191    24.2363   4.096947    26.6528        133     0.5500  0.000e+00
      3.413    24.2468   2.955686    18.5735        134     0.5542  0.000e+00
      3.659    24.2597   4.651212    30.6865        135     0.5583  0.000e+00
      3.892    24.2715   4.450361    29.2026        136     0.5625  0.000e+00
      4.111    24.2806   4.039810    26.2139        137     0.5667  0.000e+00
      4.317    24.2795   4.725739    31.2230        138     0.5708  0.000e+00
      4.508    24.2687   4.723934    31.2171        139     0.5750  0.000e+00
      4.691    24.2563   4.723311    31.2211        140     0.5792  0.000e+00
      4.871    24.2459   4.723024    31.2262        141     0.5833  0.000e+00
      5.054    24.2381   4.723160    31.2325        142     0.5875  0.000e+00
      5.231    24.2331   4.169461    27.1794        143     0.5917  0.000e+00
      5.395    24.2296   3.146357    19.9037        144     0.5958  0.000e+00
      5.536    24.2279   3.211575    20.3596        145     0.6000  0.000e+00
      5.679    24.2272   3.377131    21.5208        146     0.6042  0.000e+00
      5.828    24.2272   4.561204    30.0448        147     0.6083  0.000e+00
      5.991    24.2273   4.715948    31.1864        148     0.6125  0.000e+00
      6.171    24.2274   4.724551    31.2499        149     0.6167  0.000e+00
      6.352    24.2248   4.723541    31.2442        150     0.6208  0.000e+00
      6.534    24.2194   4.722037    31.2368        151     0.6250  0.000e+00
      6.717    24.2131   4.720805    31.2321        152     0.6292  0.000e+00
      6.899    24.2074   4.720010    31.2301        153     0.6333  0.000e+00
      7.083    24.2017   4.719523    31.2304        154     0.6375  0.000e+00
      7.269    24.1960   4.719423    31.2336        155     0.6417  0.000e+00
      7.452    24.1912   4.719494    31.2374        156     0.6458  0.000e+00
      7.641    24.1866   4.643700    30.6800        157     0.6500  0.000e+00
      7.817    24.1826   3.662495    23.5630        158     0.6542  0.000e+00
      7.984    24.1801   4.169361    27.2100        159     0.6583  0.000e+00
      8.145    24.1790   3.852071    24.9202        160     0.6625  0.000e+00
      8.291    24.1800   3.500220    22.4120        161     0.6667  0.000e+00
      8.441    24.1831   4.241602    27.7333        162     0.6708  0.000e+00
      8.590    24.1864   4.697241    31.0756        163     0.6750  0.000e+00
      8.747    24.1885   4.334111    28.4044        164     0.6792  0.000e+00
      8.911    24.1785   4.428389    29.1007        165     0.6833  0.000e+00
      9.068    24.1561   4.719424    31.2609        166     0.6875  0.000e+00
      9.234    24.1243   4.718279    31.2746        167     0.6917  0.000e+00
      9.406    24.0891   4.684876    31.0514        168     0.6958  0.000e+00
      9.574    24.0603   3.851138    24.9792        169     0.7000  0.000e+00
      9.740    24.0401   4.226239    27.7094        170     0.7042  0.000e+00
      9.906    24.0272   4.380168    28.8445        171     0.7083  0.000e+00
     10.063    24.0232   4.725187    31.3965        172     0.7125  0.000e+00
     10.221    24.0319   4.726262    31.3984        173     0.7167  0.000e+00
     10.367    24.0541   4.727279    31.3903        174     0.7208  0.000e+00
     10.520    24.0783   4.727480    31.3747        175     0.7250  0.000e+00
     10.660    24.0999   4.725731    31.3466        176     0.7292  0.000e+00
     10.793    24.1141   4.724326    31.3261        177     0.7333  0.000e+00
     10.932    24.0720   4.720257    31.3254        178     0.7375  0.000e+00
     11.066    23.9837   4.714286    31.3429        179     0.7417  0.000e+00
     11.209    23.8821   4.709757    31.3806        180     0.7458  0.000e+00
     11.359    23.7814   4.709808    31.4520        181     0.7500  0.000e+00
     11.507    23.7019   4.717620    31.5666        182     0.7542  0.000e+00
     11.658    23.6494   4.723882    31.6509        183     0.7583  0.000e+00
     11.812    23.6192   4.725660    31.6857        184     0.7625  0.000e+00
     11.969    23.6180   4.725739    31.6871        185     0.7667  0.000e+00
     12.123    23.6558   4.728326    31.6795        186     0.7708  0.000e+00
     12.280    23.7320   4.729156    31.6314        187     0.7750  0.000e+00
     12.424    23.8162   4.728968    31.5701        188     0.7792  0.000e+00
     12.571    23.8834   4.726373    31.5032        189     0.7833  0.000e+00
     12.713    23.9415   4.724272    31.4464        190     0.7875  0.000e+00
     12.845    23.9372   4.719057    31.4106        191     0.7917  0.000e+00
     12.980    23.7704   4.709473    31.4567        192     0.7958  0.000e+00
     13.116    23.4662   4.700757    31.6074        193     0.8000  0.000e+00
     13.249    23.0679   4.695130    31.8509        194     0.8042  0.000e+00
     13.380    22.7243   4.705919    32.1835        195     0.8083  0.000e+00
     13.517    22.4747   4.720025    32.4764        196     0.8125  0.000e+00
     13.645    22.3079   4.724692    32.6369        197     0.8167  0.000e+00
     13.784    22.2687   4.725889    32.6756        198     0.8208  0.000e+00
     13.927    22.3972   4.729744    32.6090        199     0.8250  0.000e+00
     14.082    22.6315   4.731905    32.4511        200     0.8292  0.000e+00
     14.239    22.9026   4.733293    32.2615        201     0.8333  0.000e+00
     14.404    23.1503   4.732729    32.0761        202     0.8375  0.000e+00
     14.564    23.3432   4.728668    31.9056        203     0.8417  0.000e+00
     14.732    23.5164   4.724616    31.7505        204     0.8458  0.000e+00
     14.893    23.5506   4.715461    31.6571        205     0.8500  0.000e+00
     15.052    23.1795   4.680480    31.6589        206     0.8542  0.000e+00
     15.209    22.5743   4.620149    31.6355        207     0.8583  0.000e+00
     15.357    21.8211   4.567084    31.7748        208     0.8625  0.000e+00
     15.497    21.0734   4.556786    32.2503        209     0.8667  0.000e+00
     15.619    20.4764   4.621842    33.2287        210     0.8708  0.000e+00
     15.738    20.0810   4.679743    34.0123        211     0.8750  0.000e+00
     15.856    19.8600   4.688964    34.2670        212     0.8792  0.000e+00
     15.973    19.9141   4.705727    34.3600        213     0.8833  0.000e+00
     16.107    20.2668   4.720447    34.1930        214     0.8875  0.000e+00
     16.228    20.7734   4.724767    33.8213        215     0.8917  0.000e+00
