HB2303/sbe062.cnv
* Sea-Bird SBE 19plus V2 Data File:
* FileName = C:\cruise\data\sbe062.hex
* Software Version Seasave V 7.26.7.121
* Temperature SN = 6128
* Conductivity SN = 6128
* System UpLoad Time = Aug 14 2023 10:21:56
* NMEA Latitude = 40 03.16 N
* NMEA Longitude = 071 27.60 W
* NMEA UTC (Time) = Aug 14 2023 10:21:52
** Ship: Henry Bigelow
** Cruise:  HB2303
** Program:  ECOMON
# nquan = 7
# nvalues = 2068                                  
# units = specified
# name 0 = depSM: Depth [salt water, m]
# name 1 = tv290C: Temperature [ITS-90, deg C]
# name 2 = c0S/m: Conductivity [S/m]
# name 3 = sal00: Salinity, Practical [PSU]
# name 4 = scan: Scan Count
# name 5 = timeM: Time, Elapsed [minutes]
# name 6 = flag:  0.000e+00
# span 0 =     -0.189,     89.423                 
# span 1 =    11.3214,    23.1097                 
# span 2 =   0.000171,   4.802643                 
# span 3 =     0.0112,    35.3214                 
# span 4 =         11,       2078                 
# span 5 =     0.0417,     8.6542                 
# span 6 = 0.0000e+00, 0.0000e+00                 
# interval = seconds: 0.25
# start_time = Aug 14 2023 10:21:52 [NMEA time, header]
# bad_flag = -9.990e-29
*END*
[from data line 1026]
     60.503    12.8440   4.045228    34.6282       1037     4.3167  0.000e+00
     60.410    12.8434   4.045134    34.6279       1038     4.3208  0.000e+00
     60.313    12.8429   4.044966    34.6269       1039     4.3250  0.000e+00
     60.224    12.8422   4.044818    34.6261       1040     4.3292  0.000e+00
     60.141    12.8417   4.044697    34.6255       1041     4.3333  0.000e+00
     60.069    12.8407   4.044166    34.6213       1042     4.3375  0.000e+00
     59.995    12.8395   4.043609    34.6171       1043     4.3417  0.000e+00
     59.917    12.8377   4.042715    34.6103       1044     4.3458  0.000e+00
     59.852    12.8348   4.042259    34.6086       1045     4.3500  0.000e+00
     59.780    12.8315   4.041896    34.6082       1046     4.3542  0.000e+00
     59.718    12.8288   4.041292    34.6049       1047     4.3583  0.000e+00
     59.640    12.8257   4.040661    34.6017       1048     4.3625  0.000e+00
     59.578    12.8227   4.039909    34.5974       1049     4.3667  0.000e+00
     59.507    12.8192   4.038680    34.5888       1050     4.3708  0.000e+00
     59.438    12.8143   4.036646    34.5738       1051     4.3750  0.000e+00
     59.357    12.8065   4.034794    34.5633       1052     4.3792  0.000e+00
     59.270    12.7964   4.033472    34.5600       1053     4.3833  0.000e+00
     59.178    12.7858   4.031661    34.5524       1054     4.3875  0.000e+00
     59.078    12.7755   4.030964    34.5552       1055     4.3917  0.000e+00
     58.975    12.7666   4.030843    34.5622       1056     4.3958  0.000e+00
     58.876    12.7606   4.030890    34.5682       1057     4.4000  0.000e+00
     58.775    12.7576   4.030675    34.5689       1058     4.4042  0.000e+00
     58.677    12.7551   4.028221    34.5478       1059     4.4083  0.000e+00
     58.575    12.7480   4.027644    34.5488       1060     4.4125  0.000e+00
     58.494    12.7404   4.030166    34.5800       1061     4.4167  0.000e+00
     58.418    12.7417   4.030313    34.5803       1062     4.4208  0.000e+00
     58.343    12.7447   4.028408    34.5593       1063     4.4250  0.000e+00
     58.276    12.7422   4.026772    34.5459       1064     4.4292  0.000e+00
     58.218    12.7345   4.025981    34.5454       1065     4.4333  0.000e+00
     58.162    12.7268   4.025767    34.5504       1066     4.4375  0.000e+00
     58.113    12.7210   4.023816    34.5371       1067     4.4417  0.000e+00
     58.066    12.7131   4.024178    34.5478       1068     4.4458  0.000e+00
     58.015    12.7077   4.024419    34.5551       1069     4.4500  0.000e+00
     57.958    12.7056   4.023193    34.5453       1070     4.4542  0.000e+00
     57.909    12.7021   4.024178    34.5580       1071     4.4583  0.000e+00
     57.844    12.7012   4.023622    34.5535       1072     4.4625  0.000e+00
     57.775    12.6999   4.021752    34.5367       1073     4.4667  0.000e+00
     57.708    12.6941   4.022375    34.5481       1074     4.4708  0.000e+00
     57.637    12.6909   4.022690    34.5541       1075     4.4750  0.000e+00
     57.565    12.6902   4.022951    34.5573       1076     4.4792  0.000e+00
     57.491    12.6911   4.022784    34.5549       1077     4.4833  0.000e+00
     57.411    12.6912   4.021752    34.5449       1078     4.4875  0.000e+00
     57.331    12.6885   4.021993    34.5498       1079     4.4917  0.000e+00
     57.245    12.6868   4.021584    34.5474       1080     4.4958  0.000e+00
     57.169    12.6848   4.020311    34.5371       1081     4.5000  0.000e+00
     57.086    12.6793   4.020117    34.5402       1082     4.5042  0.000e+00
     57.001    12.6751   4.020767    34.5504       1083     4.5083  0.000e+00
     56.919    12.6745   4.020264    34.5462       1084     4.5125  0.000e+00
     56.834    12.6707   4.004069    34.3944       1085     4.5167  0.000e+00
     56.756    12.6316   3.997168    34.3639       1086     4.5208  0.000e+00
     56.678    12.5760   3.997029    34.4134       1087     4.5250  0.000e+00
     56.602    12.5393   3.997076    34.4475       1088     4.5292  0.000e+00
     56.539    12.5192   3.996789    34.4632       1089     4.5333  0.000e+00
     56.477    12.5074   3.996789    34.4740       1090     4.5375  0.000e+00
     56.418    12.5008   3.996434    34.4768       1091     4.5417  0.000e+00
     56.363    12.4964   3.996341    34.4799       1092     4.5458  0.000e+00
     56.309    12.4933   3.996481    34.4841       1093     4.5500  0.000e+00
     56.253    12.4919   3.996541    34.4860       1094     4.5542  0.000e+00
     56.202    12.4917   3.995693    34.4780       1095     4.5583  0.000e+00
     56.151    12.4898   3.996341    34.4860       1096     4.5625  0.000e+00
     56.097    12.4894   3.996174    34.4848       1097     4.5667  0.000e+00
     56.042    12.4897   3.997003    34.4925       1098     4.5708  0.000e+00
     55.985    12.4926   3.998654    34.5058       1099     4.5750  0.000e+00
     55.916    12.5004   4.000539    34.5168       1100     4.5792  0.000e+00
     55.849    12.5114   4.001990    34.5207       1101     4.5833  0.000e+00
     55.782    12.5234   4.002873    34.5182       1102     4.5875  0.000e+00
     55.706    12.5351   4.007442    34.5515       1103     4.5917  0.000e+00
     55.632    12.5552   4.009282    34.5507       1104     4.5958  0.000e+00
     55.556    12.5773   4.009523    34.5328       1105     4.6000  0.000e+00
     55.490    12.5927   4.010192    34.5251       1106     4.6042  0.000e+00
     55.415    12.6030   4.010165    34.5154       1107     4.6083  0.000e+00
     55.343    12.6094   4.010453    34.5124       1108     4.6125  0.000e+00
     55.280    12.6139   4.010239    34.5062       1109     4.6167  0.000e+00
     55.215    12.6157   4.010506    34.5072       1110     4.6208  0.000e+00
     55.154    12.6175   4.010814    34.5085       1111     4.6250  0.000e+00
     55.087    12.6196   4.010694    34.5055       1112     4.6292  0.000e+00
     55.022    12.6206   4.010526    34.5030       1113     4.6333  0.000e+00
     54.951    12.6207   4.010787    34.5054       1114     4.6375  0.000e+00
     54.886    12.6211   4.011028    34.5074       1115     4.6417  0.000e+00
     54.815    12.6224   4.011437    34.5101       1116     4.6458  0.000e+00
     54.741    12.6248   4.011530    34.5089       1117     4.6500  0.000e+00
     54.663    12.6267   4.011510    34.5070       1118     4.6542  0.000e+00
     54.589    12.6275   4.011530    34.5064       1119     4.6583  0.000e+00
     54.520    12.6283   4.011175    34.5023       1120     4.6625  0.000e+00
     54.447    12.6275   4.010887    34.5004       1121     4.6667  0.000e+00
     54.386    12.6263   4.011242    34.5048       1122     4.6708  0.000e+00
     54.317    12.6259   4.011631    34.5090       1123     4.6750  0.000e+00
     54.259    12.6273   4.011724    34.5086       1124     4.6792  0.000e+00
     54.199    12.6290   4.011892    34.5087       1125     4.6833  0.000e+00
     54.147    12.6305   4.011918    34.5077       1126     4.6875  0.000e+00
     54.091    12.6315   4.011938    34.5069       1127     4.6917  0.000e+00
     54.044    12.6322   4.011918    34.5061       1128     4.6958  0.000e+00
     53.990    12.6325   4.011918    34.5059       1129     4.7000  0.000e+00
     53.928    12.6327   4.011818    34.5047       1130     4.7042  0.000e+00
     53.872    12.6327   4.011818    34.5048       1131     4.7083  0.000e+00
     53.812    12.6324   4.012199    34.5087       1132     4.7125  0.000e+00
     53.753    12.6335   4.012440    34.5100       1133     4.7167  0.000e+00
     53.686    12.6350   4.012105    34.5055       1134     4.7208  0.000e+00
     53.615    12.6353   4.012032    34.5045       1135     4.7250  0.000e+00
     53.543    12.6350   4.011670    34.5014       1136     4.7292  0.000e+00
     53.472    12.6335   4.010218    34.4888       1137     4.7333  0.000e+00
     53.404    12.6251   3.992662    34.3280       1138     4.7375  0.000e+00
     53.325    12.5830   3.985670    34.2993       1139     4.7417  0.000e+00
     53.253    12.5289   3.986432    34.3561       1140     4.7458  0.000e+00
     53.186    12.4944   3.984369    34.3678       1141     4.7500  0.000e+00
     53.108    12.4676   3.970640    34.2602       1142     4.7542  0.000e+00
     53.034    12.4216   3.967381    34.2707       1143     4.7583  0.000e+00
     52.965    12.3759   3.964123    34.2811       1144     4.7625  0.000e+00
     52.892    12.3379   3.963344    34.3084       1145     4.7667  0.000e+00
     52.818    12.3120   3.960980    34.3093       1146     4.7708  0.000e+00
     52.755    12.2914   3.953517    34.2561       1147     4.7750  0.000e+00
     52.695    12.2602   3.950929    34.2596       1148     4.7792  0.000e+00
     52.630    12.2279   3.949565    34.2761       1149     4.7833  0.000e+00
     52.565    12.2045   3.949399    34.2959       1150     4.7875  0.000e+00
     52.505    12.1896   3.948648    34.3023       1151     4.7917  0.000e+00
     52.447    12.1793   3.948462    34.3099       1152     4.7958  0.000e+00
     52.395    12.1727   3.948209    34.3136       1153     4.8000  0.000e+00
     52.344    12.1682   3.948016    34.3159       1154     4.8042  0.000e+00
     52.288    12.1653   3.948741    34.3256       1155     4.8083  0.000e+00
     52.239    12.1655   3.948508    34.3232       1156     4.8125  0.000e+00
     52.181    12.1663   3.948927    34.3265       1157     4.8167  0.000e+00
     52.134    12.1677   3.950437    34.3399       1158     4.8208  0.000e+00
     52.076    12.1735   3.952680    34.3564       1159     4.8250  0.000e+00
     52.016    12.1847   3.952506    34.3444       1160     4.8292  0.000e+00
     51.957    12.1936   3.950224    34.3141       1161     4.8333  0.000e+00
     51.900    12.1929   3.947497    34.2884       1162     4.8375  0.000e+00
     51.831    12.1830   3.945196    34.2752       1163     4.8417  0.000e+00
     51.761    12.1685   3.943321    34.2704       1164     4.8458  0.000e+00
     51.699    12.1527   3.942803    34.2798       1165     4.8500  0.000e+00
     51.635    12.1411   3.942763    34.2901       1166     4.8542  0.000e+00
     51.573    12.1342   3.943156    34.3003       1167     4.8583  0.000e+00
     51.514    12.1317   3.943129    34.3024       1168     4.8625  0.000e+00
     51.452    12.1308   3.942145    34.2937       1169     4.8667  0.000e+00
     51.396    12.1280   3.939028    34.2660       1170     4.8708  0.000e+00
     51.340    12.1176   3.936909    34.2550       1171     4.8750  0.000e+00
     51.288    12.1022   3.931098    34.2127       1172     4.8792  0.000e+00
     51.235    12.0786   3.929903    34.2228       1173     4.8833  0.000e+00
     51.184    12.0573   3.928715    34.2308       1174     4.8875  0.000e+00
     51.135    12.0415   3.926936    34.2280       1175     4.8917  0.000e+00
     51.076    12.0264   3.925835    34.2312       1176     4.8958  0.000e+00
     51.025    12.0134   3.925842    34.2432       1177     4.9000  0.000e+00
     50.967    12.0058   3.925676    34.2486       1178     4.9042  0.000e+00
     50.910    12.0015   3.925443    34.2503       1179     4.9083  0.000e+00
     50.852    11.9981   3.925795    34.2569       1180     4.9125  0.000e+00
     50.792    11.9963   3.918890    34.1914       1181     4.9167  0.000e+00
     50.724    11.9797   3.915727    34.1758       1182     4.9208  0.000e+00
     50.657    11.9539   3.908922    34.1332       1183     4.9250  0.000e+00
     50.584    11.9198   3.898998    34.0678       1184     4.9292  0.000e+00
     50.507    11.8699   3.890598    34.0316       1185     4.9333  0.000e+00
     50.420    11.8129   3.885952    34.0385       1186     4.9375  0.000e+00
     50.342    11.7616   3.883765    34.0642       1187     4.9417  0.000e+00
     50.246    11.7234   3.882854    34.0903       1188     4.9458  0.000e+00
     50.165    11.6983   3.882775    34.1127       1189     4.9500  0.000e+00
     50.089    11.6840   3.882702    34.1251       1190     4.9542  0.000e+00
     50.005    11.6760   3.882709    34.1326       1191     4.9583  0.000e+00
     49.920    11.6721   3.882749    34.1367       1192     4.9625  0.000e+00
     49.844    11.6710   3.882868    34.1388       1193     4.9667  0.000e+00
     49.775    11.6709   3.882782    34.1381       1194     4.9708  0.000e+00
     49.699    11.6708   3.882610    34.1366       1195     4.9750  0.000e+00
     49.634    11.6705   3.882590    34.1367       1196     4.9792  0.000e+00
     49.562    11.6704   3.882636    34.1373       1197     4.9833  0.000e+00
     49.504    11.6705   3.882590    34.1367       1198     4.9875  0.000e+00
     49.450    11.6704   3.882313    34.1342       1199     4.9917  0.000e+00
     49.392    11.6697   3.882286    34.1345       1200     4.9958  0.000e+00
     49.343    11.6693   3.882398    34.1361       1201     5.0000  0.000e+00
     49.296    11.6691   3.882359    34.1359       1202     5.0042  0.000e+00
     49.258    11.6691   3.882220    34.1345       1203     5.0083  0.000e+00
     49.214    11.6689   3.882346    34.1360       1204     5.0125  0.000e+00
     49.176    11.6690   3.882359    34.1360       1205     5.0167  0.000e+00
     49.144    11.6693   3.882200    34.1342       1206     5.0208  0.000e+00
     49.107    11.6690   3.882227    34.1347       1207     5.0250  0.000e+00
     49.079    11.6688   3.882312    34.1358       1208     5.0292  0.000e+00
     49.041    11.6690   3.882286    34.1353       1209     5.0333  0.000e+00
     49.006    11.6691   3.882372    34.1361       1210     5.0375  0.000e+00
     48.961    11.6695   3.882425    34.1363       1211     5.0417  0.000e+00
     48.912    11.6700   3.882266    34.1342       1212     5.0458  0.000e+00
     48.856    11.6701   3.882127    34.1328       1213     5.0500  0.000e+00
     48.802    11.6696   3.882154    34.1336       1214     5.0542  0.000e+00
     48.735    11.6683   3.877874    34.0928       1215     5.0583  0.000e+00
     48.664    11.6576   3.874309    34.0677       1216     5.0625  0.000e+00
     48.593    11.6376   3.866089    34.0056       1217     5.0667  0.000e+00
     48.517    11.6049   3.863465    34.0099       1218     5.0708  0.000e+00
     48.444    11.5736   3.862753    34.0317       1219     5.0750  0.000e+00
     48.374    11.5513   3.862134    34.0461       1220     5.0792  0.000e+00
     48.301    11.5365   3.862002    34.0584       1221     5.0833  0.000e+00
     48.241    11.5278   3.862174    34.0682       1222     5.0875  0.000e+00
     48.182    11.5235   3.862273    34.0732       1223     5.0917  0.000e+00
     48.113    11.5216   3.862523    34.0774       1224     5.0958  0.000e+00
     48.057    11.5212   3.861673    34.0694       1225     5.1000  0.000e+00
     47.988    11.5196   3.861178    34.0661       1226     5.1042  0.000e+00
     47.925    11.5164   3.858522    34.0429       1227     5.1083  0.000e+00
     47.860    11.5069   3.858641    34.0528       1228     5.1125  0.000e+00
     47.782    11.5002   3.858819    34.0608       1229     5.1167  0.000e+00
     47.710    11.4971   3.859867    34.0740       1230     5.1208  0.000e+00
     47.637    11.4977   3.858318    34.0583       1231     5.1250  0.000e+00
     47.558    11.4952   3.857198    34.0496       1232     5.1292  0.000e+00
     47.479    11.4890   3.857034    34.0537       1233     5.1333  0.000e+00
     47.403    11.4845   3.856875    34.0563       1234     5.1375  0.000e+00
     47.318    11.4812   3.856717    34.0578       1235     5.1417  0.000e+00
     47.249    11.4791   3.857159    34.0641       1236     5.1458  0.000e+00
     47.186    11.4788   3.857060    34.0635       1237     5.1500  0.000e+00
     47.112    11.4789   3.856823    34.0611       1238     5.1542  0.000e+00
     47.054    11.4782   3.856717    34.0607       1239     5.1583  0.000e+00
     46.989    11.4770   3.856447    34.0592       1240     5.1625  0.000e+00
