HB2303/sbe068.cnv
* Sea-Bird SBE 19plus V2 Data File:
* FileName = C:\cruise\data\sbe068.hex
* Software Version Seasave V 7.26.7.121
* Temperature SN = 6128
* Conductivity SN = 6128
* System UpLoad Time = Aug 15 2023 02:38:49
* NMEA Latitude = 40 41.59 N
* NMEA Longitude = 071 28.67 W
* NMEA UTC (Time) = Aug 15 2023 02:38:44
** Ship: Henry Bigelow
** Cruise:  HB2303
** Program:  ECOMON
# nquan = 7
# nvalues = 1465                                  
# units = specified
# name 0 = depSM: Depth [salt water, m]
# name 1 = tv290C: Temperature [ITS-90, deg C]
# name 2 = c0S/m: Conductivity [S/m]
# name 3 = sal00: Salinity, Practical [PSU]
# name 4 = scan: Scan Count
# name 5 = timeM: Time, Elapsed [minutes]
# name 6 = flag:  0.000e+00
# span 0 =     -0.180,     61.529                 
# span 1 =     9.7668,    23.4215                 
# span 2 =   0.001282,   4.747875                 
# span 3 =     0.0147,    33.3359                 
# span 4 =         11,       1475                 
# span 5 =     0.0417,     6.1417                 
# span 6 = 0.0000e+00, 0.0000e+00                 
# interval = seconds: 0.25
# start_time = Aug 15 2023 02:38:44 [NMEA time, header]
# bad_flag = -9.990e-29
*END*
[from data line 206]
      7.818    23.4132   4.726406    31.8401        217     0.9000  0.000e+00
      7.967    23.4129   4.726543    31.8413        218     0.9042  0.000e+00
      8.124    23.4132   4.726435    31.8402        219     0.9083  0.000e+00
      8.264    23.4135   4.726399    31.8397        220     0.9125  0.000e+00
      8.403    23.4139   4.726407    31.8395        221     0.9167  0.000e+00
      8.538    23.4139   4.726356    31.8390        222     0.9208  0.000e+00
      8.666    23.4136   4.726263    31.8385        223     0.9250  0.000e+00
      8.793    23.4131   4.726220    31.8385        224     0.9292  0.000e+00
      8.921    23.4126   4.726206    31.8388        225     0.9333  0.000e+00
      9.053    23.4117   4.726249    31.8397        226     0.9375  0.000e+00
      9.188    23.4104   4.726264    31.8407        227     0.9417  0.000e+00
      9.329    23.4093   4.726221    31.8411        228     0.9458  0.000e+00
      9.466    23.4077   4.726207    31.8421        229     0.9500  0.000e+00
      9.612    23.4057   4.726035    31.8422        230     0.9542  0.000e+00
      9.767    23.4040   4.725927    31.8426        231     0.9583  0.000e+00
      9.926    23.4028   4.725927    31.8434        232     0.9625  0.000e+00
     10.096    23.4013   4.726114    31.8458        233     0.9667  0.000e+00
     10.264    23.3994   4.726343    31.8489        234     0.9708  0.000e+00
     10.440    23.3976   4.726544    31.8516        235     0.9750  0.000e+00
     10.608    23.3956   4.726652    31.8538        236     0.9792  0.000e+00
     10.785    23.3939   4.726673    31.8552        237     0.9833  0.000e+00
     10.962    23.3915   4.726673    31.8568        238     0.9875  0.000e+00
     11.136    23.3823   4.726573    31.8627        239     0.9917  0.000e+00
     11.297    23.3551   4.726273    31.8799        240     0.9958  0.000e+00
     11.454    23.2664   4.726095    31.9426        241     1.0000  0.000e+00
     11.597    23.1403   4.726255    32.0352        242     1.0042  0.000e+00
     11.736    23.0386   4.726629    32.1120        243     1.0083  0.000e+00
     11.868    22.9737   4.726494    32.1583        244     1.0125  0.000e+00
     11.991    22.9353   4.726466    32.1862        245     1.0167  0.000e+00
     12.125    22.9391   4.726308    32.1822        246     1.0208  0.000e+00
     12.260    22.9884   4.726121    32.1446        247     1.0250  0.000e+00
     12.394    23.0528   4.726041    32.0970        248     1.0292  0.000e+00
     12.535    23.1090   4.725876    32.0547        249     1.0333  0.000e+00
     12.683    23.1566   4.725739    32.0191        250     1.0375  0.000e+00
     12.831    23.1956   4.725609    31.9897        251     1.0417  0.000e+00
     12.987    23.2254   4.725372    31.9663        252     1.0458  0.000e+00
     13.144    23.2478   4.725265    31.9492        253     1.0500  0.000e+00
     13.308    23.2639   4.725229    31.9373        254     1.0542  0.000e+00
     13.473    23.2730   4.725178    31.9303        255     1.0583  0.000e+00
     13.633    23.2757   4.725207    31.9285        256     1.0625  0.000e+00
     13.797    23.2786   4.725200    31.9263        257     1.0667  0.000e+00
     13.958    23.2824   4.725128    31.9229        258     1.0708  0.000e+00
     14.106    23.2872   4.725178    31.9198        259     1.0750  0.000e+00
     14.263    23.2916   4.725178    31.9166        260     1.0792  0.000e+00
     14.415    23.2942   4.725429    31.9165        261     1.0833  0.000e+00
     14.556    23.2952   4.725580    31.9169        262     1.0875  0.000e+00
     14.702    23.2974   4.725680    31.9160        263     1.0917  0.000e+00
     14.854    23.2994   4.725236    31.9112        264     1.0958  0.000e+00
     15.009    23.3010   4.724813    31.9068        265     1.1000  0.000e+00
     15.164    23.3034   4.724677    31.9040        266     1.1042  0.000e+00
     15.319    23.3044   4.724512    31.9019        267     1.1083  0.000e+00
     15.467    23.3044   4.724534    31.9021        268     1.1125  0.000e+00
     15.630    23.3026   4.724756    31.9050        269     1.1167  0.000e+00
     15.785    23.2977   4.724670    31.9078        270     1.1208  0.000e+00
     15.944    23.2871   4.724298    31.9126        271     1.1250  0.000e+00
     16.101    23.1317   4.722724    32.0132        272     1.1292  0.000e+00
     16.258    22.7742   4.722199    32.2705        273     1.1333  0.000e+00
     16.416    22.3513   4.724434    32.6015        274     1.1375  0.000e+00
     16.572    22.0769   4.724560    32.8089        275     1.1417  0.000e+00
     16.724    21.9534   4.724749    32.9039        276     1.1458  0.000e+00
     16.879    22.0670   4.724948    32.8193        277     1.1500  0.000e+00
     17.027    22.2883   4.725439    32.6563        278     1.1542  0.000e+00
     17.185    22.4872   4.725636    32.5091        279     1.1583  0.000e+00
     17.331    22.6223   4.724982    32.4037        280     1.1625  0.000e+00
     17.483    22.7012   4.723484    32.3338        281     1.1667  0.000e+00
     17.634    22.7493   4.723777    32.3006        282     1.1708  0.000e+00
     17.797    22.7895   4.725826    32.2866        283     1.1750  0.000e+00
     17.956    22.8249   4.725753    32.2600        284     1.1792  0.000e+00
     18.122    22.8610   4.725696    32.2329        285     1.1833  0.000e+00
     18.283    22.9096   4.725939    32.1990        286     1.1875  0.000e+00
     18.445    22.9654   4.726174    32.1599        287     1.1917  0.000e+00
     18.615    23.0061   4.726217    32.1305        288     1.1958  0.000e+00
     18.780    23.0183   4.724576    32.1090        289     1.2000  0.000e+00
     18.947    23.0178   4.722025    32.0899        290     1.2042  0.000e+00
     19.108    23.0193   4.720649    32.0783        291     1.2083  0.000e+00
     19.275    23.0104   4.719683    32.0774        292     1.2125  0.000e+00
     19.428    22.8046   4.720682    32.2356        293     1.2167  0.000e+00
     19.591    22.4672   4.722872    32.5020        294     1.2208  0.000e+00
     19.746    22.3525   4.723705    32.5940        295     1.2250  0.000e+00
     19.903    22.3531   4.724773    32.6017        296     1.2292  0.000e+00
     20.057    22.3356   4.724995    32.6165        297     1.2333  0.000e+00
     20.212    22.3132   4.725010    32.6333        298     1.2375  0.000e+00
     20.362    22.3504   4.724916    32.6047        299     1.2417  0.000e+00
     20.526    22.4424   4.724607    32.5335        300     1.2458  0.000e+00
     20.685    22.5496   4.724433    32.4523        301     1.2500  0.000e+00
     20.844    22.6485   4.724231    32.3775        302     1.2542  0.000e+00
     21.004    22.7328   4.723929    32.3128        303     1.2583  0.000e+00
     21.168    22.7917   4.723641    32.2672        304     1.2625  0.000e+00
     21.327    22.8223   4.723376    32.2426        305     1.2667  0.000e+00
     21.491    22.8354   4.723039    32.2303        306     1.2708  0.000e+00
     21.649    22.8460   4.722573    32.2189        307     1.2750  0.000e+00
     21.815    22.8630   4.722251    32.2040        308     1.2792  0.000e+00
     21.975    22.8835   4.722150    32.1881        309     1.2833  0.000e+00
     22.130    22.8983   4.721749    32.1741        310     1.2875  0.000e+00
     22.289    22.9029   4.719557    32.1540        311     1.2917  0.000e+00
     22.442    22.8442   4.255363    28.6811        312     1.2958  0.000e+00
     22.603    21.3219   3.856927    26.6251        313     1.3000  0.000e+00
     22.758    18.3647   3.831410    28.3510        314     1.3042  0.000e+00
     22.916    16.0032   3.824109    29.9914        315     1.3083  0.000e+00
     23.078    14.4952   3.820078    31.1292        316     1.3125  0.000e+00
     23.237    13.5959   3.817635    31.8418        317     1.3167  0.000e+00
     23.403    13.0736   3.814748    32.2543        318     1.3208  0.000e+00
     23.570    12.7701   3.810522    32.4738        319     1.3250  0.000e+00
     23.732    12.5864   3.806487    32.5939        320     1.3292  0.000e+00
     23.898    12.4670   3.803225    32.6663        321     1.3333  0.000e+00
     24.067    12.3823   3.799932    32.7084        322     1.3375  0.000e+00
     24.233    12.3201   3.797667    32.7410        323     1.3417  0.000e+00
     24.395    12.2734   3.796116    32.7668        324     1.3458  0.000e+00
     24.562    12.2387   3.795835    32.7944        325     1.3500  0.000e+00
     24.719    12.2152   3.795024    32.8071        326     1.3542  0.000e+00
     24.872    12.1999   3.795194    32.8222        327     1.3583  0.000e+00
     25.021    12.1912   3.794167    32.8198        328     1.3625  0.000e+00
     25.169    12.1837   3.793715    32.8220        329     1.3667  0.000e+00
     25.310    12.1780   3.793140    32.8214        330     1.3708  0.000e+00
     25.452    12.1725   3.792518    32.8202        331     1.3750  0.000e+00
     25.590    12.1667   3.791484    32.8153        332     1.3792  0.000e+00
     25.732    12.1602   3.790071    32.8073        333     1.3833  0.000e+00
     25.882    12.1514   3.788528    32.8000        334     1.3875  0.000e+00
     26.038    12.1413   3.786527    32.7896        335     1.3917  0.000e+00
     26.196    12.1266   3.784912    32.7868        336     1.3958  0.000e+00
     26.363    12.1103   3.784193    32.7941        337     1.4000  0.000e+00
     26.533    12.0977   3.783291    32.7964        338     1.4042  0.000e+00
     26.709    12.0873   3.782742    32.8002        339     1.4083  0.000e+00
     26.893    12.0779   3.782003    32.8012        340     1.4125  0.000e+00
     27.078    12.0696   3.781428    32.8029        341     1.4167  0.000e+00
     27.267    12.0620   3.781370    32.8089        342     1.4208  0.000e+00
     27.454    12.0563   3.780670    32.8071        343     1.4250  0.000e+00
     27.641    12.0515   3.780174    32.8064        344     1.4292  0.000e+00
     27.825    12.0462   3.778442    32.7942        345     1.4333  0.000e+00
     28.006    12.0380   3.776711    32.7847        346     1.4375  0.000e+00
     28.172    12.0257   3.773557    32.7650        347     1.4417  0.000e+00
     28.331    12.0061   3.770090    32.7486        348     1.4458  0.000e+00
     28.488    11.9791   3.766527    32.7377        349     1.4500  0.000e+00
     28.635    11.9490   3.764713    32.7465        350     1.4542  0.000e+00
     28.774    11.9204   3.760754    32.7333        351     1.4583  0.000e+00
     28.920    11.8882   3.755311    32.7087        352     1.4625  0.000e+00
     29.058    11.8458   3.750633    32.7006        353     1.4667  0.000e+00
     29.193    11.7976   3.743040    32.6691        354     1.4708  0.000e+00
     29.336    11.7398   3.737887    32.6698        355     1.4750  0.000e+00
     29.473    11.6809   3.734584    32.6895        356     1.4792  0.000e+00
     29.621    11.6306   3.732367    32.7121        357     1.4833  0.000e+00
     29.767    11.5898   3.731204    32.7367        358     1.4875  0.000e+00
     29.928    11.5589   3.729579    32.7481        359     1.4917  0.000e+00
     30.090    11.5348   3.727825    32.7522        360     1.4958  0.000e+00
     30.257    11.5137   3.726597    32.7588        361     1.5000  0.000e+00
     30.426    11.4972   3.723498    32.7430        362     1.5042  0.000e+00
     30.605    11.4791   3.719842    32.7232        363     1.5083  0.000e+00
     30.784    11.4530   3.717252    32.7208        364     1.5125  0.000e+00
     30.974    11.4242   3.718012    32.7537        365     1.5167  0.000e+00
     31.154    11.4016   3.717961    32.7731        366     1.5208  0.000e+00
     31.335    11.3856   3.716377    32.7717        367     1.5250  0.000e+00
     31.519    11.3689   3.714671    32.7697        368     1.5292  0.000e+00
     31.703    11.3512   3.714359    32.7823        369     1.5333  0.000e+00
     31.877    11.3357   3.713789    32.7904        370     1.5375  0.000e+00
     32.054    11.3221   3.712835    32.7930        371     1.5417  0.000e+00
     32.223    11.3090   3.711680    32.7932        372     1.5458  0.000e+00
     32.388    11.2957   3.710351    32.7919        373     1.5500  0.000e+00
     32.551    11.2817   3.709203    32.7930        374     1.5542  0.000e+00
     32.717    11.2678   3.708120    32.7946        375     1.5583  0.000e+00
     32.883    11.2544   3.704561    32.7714        376     1.5625  0.000e+00
     33.051    11.2361   3.702021    32.7626        377     1.5667  0.000e+00
     33.215    11.2129   3.699870    32.7620        378     1.5708  0.000e+00
     33.385    11.1900   3.697434    32.7583        379     1.5750  0.000e+00
     33.562    11.1661   3.696774    32.7730        380     1.5792  0.000e+00
     33.732    11.1460   3.695680    32.7800        381     1.5833  0.000e+00
     33.907    11.1300   3.694637    32.7839        382     1.5875  0.000e+00
     34.082    11.1164   3.693809    32.7877        383     1.5917  0.000e+00
     34.261    11.1044   3.693809    32.7984        384     1.5958  0.000e+00
     34.438    11.0960   3.693699    32.8047        385     1.6000  0.000e+00
     34.622    11.0903   3.693719    32.8099        386     1.6042  0.000e+00
     34.803    11.0865   3.693984    32.8159        387     1.6083  0.000e+00
     34.978    11.0841   3.694360    32.8216        388     1.6125  0.000e+00
     35.151    11.0833   3.693719    32.8159        389     1.6167  0.000e+00
     35.324    11.0811   3.693149    32.8122        390     1.6208  0.000e+00
     35.483    11.0767   3.692120    32.8059        391     1.6250  0.000e+00
     35.653    11.0692   3.690211    32.7936        392     1.6292  0.000e+00
     35.814    11.0563   3.687597    32.7792        393     1.6333  0.000e+00
     35.982    11.0370   3.684440    32.7652        394     1.6375  0.000e+00
     36.142    11.0118   3.682118    32.7646        395     1.6417  0.000e+00
     36.314    10.9850   3.680102    32.7685        396     1.6458  0.000e+00
     36.481    10.9601   3.677814    32.7680        397     1.6500  0.000e+00
     36.648    10.9357   3.675636    32.7681        398     1.6542  0.000e+00
     36.820    10.9123   3.673737    32.7701        399     1.6583  0.000e+00
     36.997    10.8904   3.672923    32.7815        400     1.6625  0.000e+00
     37.169    10.8724   3.671270    32.7811        401     1.6667  0.000e+00
     37.350    10.8554   3.669823    32.7819        402     1.6708  0.000e+00
     37.525    10.8388   3.668261    32.7812        403     1.6750  0.000e+00
     37.707    10.8222   3.666137    32.7748        404     1.6792  0.000e+00
     37.888    10.8036   3.663711    32.7673        405     1.6833  0.000e+00
     38.069    10.7831   3.660743    32.7559        406     1.6875  0.000e+00
     38.242    10.7603   3.657544    32.7444        407     1.6917  0.000e+00
     38.419    10.7331   3.655835    32.7517        408     1.6958  0.000e+00
     38.600    10.7079   3.654823    32.7641        409     1.7000  0.000e+00
     38.780    10.6876   3.653695    32.7710        410     1.7042  0.000e+00
     38.952    10.6712   3.652297    32.7717        411     1.7083  0.000e+00
     39.122    10.6561   3.651247    32.7747        412     1.7125  0.000e+00
     39.293    10.6419   3.650957    32.7845        413     1.7167  0.000e+00
     39.465    10.6314   3.650751    32.7917        414     1.7208  0.000e+00
     39.636    10.6243   3.649314    32.7838        415     1.7250  0.000e+00
     39.802    10.6159   3.648528    32.7833        416     1.7292  0.000e+00
     39.967    10.6064   3.647968    32.7862        417     1.7333  0.000e+00
     40.135    10.5973   3.647079    32.7854        418     1.7375  0.000e+00
     40.303    10.5873   3.644200    32.7656        419     1.7417  0.000e+00
     40.468    10.5701   3.640614    32.7451        420     1.7458  0.000e+00
