HB2303/sbe090.cnv
* Sea-Bird SBE 19plus V2 Data File:
* FileName = C:\cruise\data\sbe090.hex
* Software Version Seasave V 7.26.7.121
* Temperature SN = 6128
* Conductivity SN = 6128
* System UpLoad Time = Aug 17 2023 11:10:54
* NMEA Latitude = 42 36.48 N
* NMEA Longitude = 068 26.22 W
* NMEA UTC (Time) = Aug 17 2023 11:10:50
** Ship: Henry Bigelow
** Cruise:  HB2303
** Program:  ECOMON
# nquan = 7
# nvalues = 2178                                  
# units = specified
# name 0 = depSM: Depth [salt water, m]
# name 1 = tv290C: Temperature [ITS-90, deg C]
# name 2 = c0S/m: Conductivity [S/m]
# name 3 = sal00: Salinity, Practical [PSU]
# name 4 = scan: Scan Count
# name 5 = timeM: Time, Elapsed [minutes]
# name 6 = flag:  0.000e+00
# span 0 =      0.059,    205.616                 
# span 1 =     6.7753,    20.8505                 
# span 2 =   0.305353,   4.446831                 
# span 3 =     1.7467,    34.3081                 
# span 4 =         11,       2188                 
# span 5 =     0.0417,     9.1125                 
# span 6 = 0.0000e+00, 0.0000e+00                 
# interval = seconds: 0.25
# start_time = Aug 17 2023 11:10:50 [NMEA time, header]
# bad_flag = -9.990e-29
*END*
[from data line 411]
     63.930     7.5445   3.357884    32.5777        422     1.7542  0.000e+00
     64.182     7.5450   3.358258    32.5812        423     1.7583  0.000e+00
     64.437     7.5458   3.358227    32.5799        424     1.7625  0.000e+00
     64.699     7.5459   3.358065    32.5780        425     1.7667  0.000e+00
     64.960     7.5436   3.357167    32.5703        426     1.7708  0.000e+00
     65.216     7.5365   3.357186    32.5770        427     1.7750  0.000e+00
     65.474     7.5296   3.356843    32.5797        428     1.7792  0.000e+00
     65.730     7.5233   3.356475    32.5815        429     1.7833  0.000e+00
     65.980     7.5171   3.355597    32.5778        430     1.7875  0.000e+00
     66.225     7.5091   3.354581    32.5742        431     1.7917  0.000e+00
     66.458     7.4976   3.352581    32.5633        432     1.7958  0.000e+00
     66.695     7.4806   3.350214    32.5537        433     1.8000  0.000e+00
     66.914     7.4573   3.348196    32.5537        434     1.8042  0.000e+00
     67.117     7.4310   3.346440    32.5593        435     1.8083  0.000e+00
     67.313     7.4058   3.343085    32.5467        436     1.8125  0.000e+00
     67.490     7.3744   3.339508    32.5374        437     1.8167  0.000e+00
     67.644     7.3385   3.336099    32.5343        438     1.8208  0.000e+00
     67.783     7.3014   3.333712    32.5432        439     1.8250  0.000e+00
     67.906     7.2642   3.329971    32.5376        440     1.8292  0.000e+00
     68.021     7.2240   3.333172    32.6102        441     1.8333  0.000e+00
     68.135     7.2098   3.334117    32.6337        442     1.8375  0.000e+00
     68.242     7.2090   3.330587    32.5961        443     1.8417  0.000e+00
     68.350     7.1972   3.329456    32.5949        444     1.8458  0.000e+00
     68.470     7.1812   3.328934    32.6043        445     1.8500  0.000e+00
     68.601     7.1696   3.328748    32.6132        446     1.8542  0.000e+00
     68.745     7.1602   3.327661    32.6101        447     1.8583  0.000e+00
     68.909     7.1505   3.325748    32.5985        448     1.8625  0.000e+00
     69.098     7.1362   3.327400    32.6298        449     1.8667  0.000e+00
     69.312     7.1300   3.327046    32.6318        450     1.8708  0.000e+00
     69.541     7.1279   3.326090    32.6232        451     1.8750  0.000e+00
     69.792     7.1228   3.324978    32.6158        452     1.8792  0.000e+00
     70.060     7.1139   3.324519    32.6191        453     1.8833  0.000e+00
     70.338     7.1046   3.323711    32.6190        454     1.8875  0.000e+00
     70.627     7.0953   3.323469    32.6250        455     1.8917  0.000e+00
     70.918     7.0874   3.323271    32.6302        456     1.8958  0.000e+00
     71.216     7.0815   3.322886    32.6314        457     1.9000  0.000e+00
     71.502     7.0758   3.322222    32.6294        458     1.9042  0.000e+00
     71.778     7.0691   3.321763    32.6306        459     1.9083  0.000e+00
     72.037     7.0610   3.320714    32.6268        460     1.9125  0.000e+00
     72.270     7.0514   3.319882    32.6267        461     1.9167  0.000e+00
     72.480     7.0397   3.318486    32.6224        462     1.9208  0.000e+00
     72.666     7.0252   3.318039    32.6312        463     1.9250  0.000e+00
     72.830     7.0120   3.317810    32.6412        464     1.9292  0.000e+00
     72.986     7.0000   3.317872    32.6531        465     1.9333  0.000e+00
     73.139     6.9915   3.317959    32.6621        466     1.9375  0.000e+00
     73.295     6.9871   3.318127    32.6680        467     1.9417  0.000e+00
     73.438     6.9855   3.318251    32.6708        468     1.9458  0.000e+00
     73.588     6.9842   3.318381    32.6734        469     1.9500  0.000e+00
     73.745     6.9825   3.318865    32.6802        470     1.9542  0.000e+00
     73.911     6.9807   3.319567    32.6894        471     1.9583  0.000e+00
     74.086     6.9803   3.319846    32.6928        472     1.9625  0.000e+00
     74.264     6.9804   3.320032    32.6947        473     1.9667  0.000e+00
     74.451     6.9817   3.320666    32.7003        474     1.9708  0.000e+00
     74.641     6.9843   3.321541    32.7073        475     1.9750  0.000e+00
     74.847     6.9893   3.321448    32.7014        476     1.9792  0.000e+00
     75.055     6.9925   3.321150    32.6950        477     1.9833  0.000e+00
     75.270     6.9917   3.321237    32.6967        478     1.9875  0.000e+00
     75.490     6.9891   3.320964    32.6960        479     1.9917  0.000e+00
     75.714     6.9852   3.320858    32.6984        480     1.9958  0.000e+00
     75.945     6.9813   3.320815    32.7016        481     2.0000  0.000e+00
     76.180     6.9777   3.320219    32.6984        482     2.0042  0.000e+00
     76.406     6.9723   3.319586    32.6965        483     2.0083  0.000e+00
     76.639     6.9636   3.319065    32.6990        484     2.0125  0.000e+00
     76.857     6.9548   3.318383    32.6998        485     2.0167  0.000e+00
     77.078     6.9452   3.318923    32.7147        486     2.0208  0.000e+00
     77.280     6.9398   3.318743    32.7177        487     2.0250  0.000e+00
     77.475     6.9368   3.317347    32.7053        488     2.0292  0.000e+00
     77.653     6.9277   3.316112    32.7003        489     2.0333  0.000e+00
     77.824     6.9117   3.314363    32.6963        490     2.0375  0.000e+00
     77.982     6.8901   3.313792    32.7105        491     2.0417  0.000e+00
     78.137     6.8710   3.314146    32.7325        492     2.0458  0.000e+00
     78.284     6.8602   3.314153    32.7428        493     2.0500  0.000e+00
     78.430     6.8554   3.314302    32.7489        494     2.0542  0.000e+00
     78.588     6.8536   3.314469    32.7524        495     2.0583  0.000e+00
     78.752     6.8522   3.313985    32.7484        496     2.0625  0.000e+00
     78.933     6.8491   3.314004    32.7514        497     2.0667  0.000e+00
     79.123     6.8458   3.314389    32.7587        498     2.0708  0.000e+00
     79.331     6.8439   3.315251    32.7698        499     2.0750  0.000e+00
     79.554     6.8467   3.315592    32.7709        500     2.0792  0.000e+00
     79.796     6.8509   3.316114    32.7724        501     2.0833  0.000e+00
     80.047     6.8556   3.315462    32.7607        502     2.0875  0.000e+00
     80.307     6.8562   3.314873    32.7535        503     2.0917  0.000e+00
     80.568     6.8524   3.314209    32.7498        504     2.0958  0.000e+00
     80.830     6.8464   3.314197    32.7552        505     2.1000  0.000e+00
     81.086     6.8420   3.314600    32.7637        506     2.1042  0.000e+00
     81.330     6.8404   3.314346    32.7623        507     2.1083  0.000e+00
     81.568     6.8392   3.313819    32.7576        508     2.1125  0.000e+00
     81.781     6.8354   3.313248    32.7548        509     2.1167  0.000e+00
     81.973     6.8288   3.312641    32.7543        510     2.1208  0.000e+00
     82.146     6.8215   3.312362    32.7582        511     2.1250  0.000e+00
     82.312     6.8141   3.312424    32.7659        512     2.1292  0.000e+00
     82.468     6.8080   3.312399    32.7713        513     2.1333  0.000e+00
     82.614     6.8037   3.312461    32.7760        514     2.1375  0.000e+00
     82.758     6.8004   3.312610    32.7808        515     2.1417  0.000e+00
     82.897     6.7980   3.313752    32.7955        516     2.1458  0.000e+00
     83.047     6.7981   3.314446    32.8030        517     2.1500  0.000e+00
     83.200     6.8003   3.314260    32.7988        518     2.1542  0.000e+00
     83.368     6.8024   3.315420    32.8094        519     2.1583  0.000e+00
     83.542     6.8049   3.316295    32.8165        520     2.1625  0.000e+00
     83.728     6.8091   3.317096    32.8212        521     2.1667  0.000e+00
     83.921     6.8155   3.316438    32.8077        522     2.1708  0.000e+00
     84.129     6.8223   3.318045    32.8188        523     2.1750  0.000e+00
     84.350     6.8283   3.318616    32.8193        524     2.1792  0.000e+00
     84.574     6.8334   3.318771    32.8159        525     2.1833  0.000e+00
     84.807     6.8365   3.318957    32.8149        526     2.1875  0.000e+00
     85.046     6.8380   3.319038    32.8142        527     2.1917  0.000e+00
     85.288     6.8382   3.318809    32.8114        528     2.1958  0.000e+00
     85.538     6.8369   3.319082    32.8155        529     2.2000  0.000e+00
     85.785     6.8364   3.319063    32.8157        530     2.2042  0.000e+00
     86.031     6.8364   3.319088    32.8159        531     2.2083  0.000e+00
     86.282     6.8361   3.319082    32.8160        532     2.2125  0.000e+00
     86.528     6.8356   3.319125    32.8168        533     2.2167  0.000e+00
     86.763     6.8350   3.319392    32.8202        534     2.2208  0.000e+00
     87.003     6.8350   3.319486    32.8210        535     2.2250  0.000e+00
     87.234     6.8349   3.319802    32.8246        536     2.2292  0.000e+00
     87.457     6.8341   3.320156    32.8291        537     2.2333  0.000e+00
     87.676     6.8340   3.320057    32.8280        538     2.2375  0.000e+00
     87.881     6.8341   3.321013    32.8383        539     2.2417  0.000e+00
     88.082     6.8357   3.322472    32.8526        540     2.2458  0.000e+00
     88.273     6.8388   3.323298    32.8587        541     2.2500  0.000e+00
     88.460     6.8425   3.323975    32.8625        542     2.2542  0.000e+00
     88.635     6.8466   3.325012    32.8698        543     2.2583  0.000e+00
     88.808     6.8508   3.326074    32.8773        544     2.2625  0.000e+00
     88.974     6.8555   3.327751    32.8911        545     2.2667  0.000e+00
     89.141     6.8617   3.328031    32.8882        546     2.2708  0.000e+00
     89.296     6.8664   3.328031    32.8836        547     2.2750  0.000e+00
     89.459     6.8695   3.327950    32.8797        548     2.2792  0.000e+00
     89.618     6.8719   3.329392    32.8932        549     2.2833  0.000e+00
     89.788     6.8767   3.330790    32.9037        550     2.2875  0.000e+00
     89.957     6.8841   3.332393    32.9142        551     2.2917  0.000e+00
     90.129     6.8927   3.332493    32.9069        552     2.2958  0.000e+00
     90.304     6.8992   3.332176    32.8971        553     2.3000  0.000e+00
     90.478     6.9031   3.332916    32.9015        554     2.3042  0.000e+00
     90.660     6.9089   3.333320    32.9003        555     2.3083  0.000e+00
     90.848     6.9147   3.334899    32.9119        556     2.3125  0.000e+00
     91.030     6.9202   3.336385    32.9228        557     2.3167  0.000e+00
     91.215     6.9271   3.336087    32.9129        558     2.3208  0.000e+00
     91.399     6.9320   3.337125    32.9195        559     2.3250  0.000e+00
     91.583     6.9361   3.338879    32.9346        560     2.3292  0.000e+00
     91.775     6.9418   3.339271    32.9334        561     2.3333  0.000e+00
     91.966     6.9469   3.340049    32.9369        562     2.3375  0.000e+00
     92.158     6.9514   3.340373    32.9361        563     2.3417  0.000e+00
     92.362     6.9551   3.340609    32.9350        564     2.3458  0.000e+00
     92.566     6.9578   3.339900    32.9245        565     2.3500  0.000e+00
     92.781     6.9579   3.340466    32.9305        566     2.3542  0.000e+00
     92.999     6.9578   3.341823    32.9454        567     2.3583  0.000e+00
     93.227     6.9608   3.342464    32.9494        568     2.3625  0.000e+00
     93.453     6.9659   3.343161    32.9521        569     2.3667  0.000e+00
     93.696     6.9708   3.343403    32.9499        570     2.3708  0.000e+00
     93.942     6.9745   3.343852    32.9511        571     2.3750  0.000e+00
     94.191     6.9766   3.344449    32.9556        572     2.3792  0.000e+00
     94.450     6.9794   3.344854    32.9572        573     2.3833  0.000e+00
     94.713     6.9815   3.344599    32.9523        574     2.3875  0.000e+00
     94.974     6.9819   3.345022    32.9564        575     2.3917  0.000e+00
     95.237     6.9817   3.345738    32.9643        576     2.3958  0.000e+00
     95.489     6.9828   3.346218    32.9683        577     2.4000  0.000e+00
     95.731     6.9843   3.346479    32.9696        578     2.4042  0.000e+00
     95.966     6.9845   3.346268    32.9670        579     2.4083  0.000e+00
     96.177     6.9834   3.346069    32.9658        580     2.4125  0.000e+00
     96.375     6.9818   3.346486    32.9718        581     2.4167  0.000e+00
     96.561     6.9803   3.347009    32.9789        582     2.4208  0.000e+00
     96.724     6.9794   3.347376    32.9836        583     2.4250  0.000e+00
     96.878     6.9792   3.347688    32.9872        584     2.4292  0.000e+00
     97.033     6.9792   3.347719    32.9874        585     2.4333  0.000e+00
     97.187     6.9791   3.347669    32.9869        586     2.4375  0.000e+00
     97.342     6.9795   3.347800    32.9879        587     2.4417  0.000e+00
     97.501     6.9795   3.348111    32.9912        588     2.4458  0.000e+00
     97.665     6.9801   3.348273    32.9924        589     2.4500  0.000e+00
     97.835     6.9812   3.348722    32.9961        590     2.4542  0.000e+00
     98.020     6.9824   3.348965    32.9975        591     2.4583  0.000e+00
     98.209     6.9846   3.349363    32.9997        592     2.4625  0.000e+00
     98.408     6.9874   3.349799    33.0016        593     2.4667  0.000e+00
     98.607     6.9912   3.350217    33.0025        594     2.4708  0.000e+00
     98.813     6.9948   3.349943    32.9960        595     2.4750  0.000e+00
     99.028     6.9959   3.350086    32.9964        596     2.4792  0.000e+00
     99.241     6.9957   3.350367    32.9995        597     2.4833  0.000e+00
     99.456     6.9964   3.350348    32.9985        598     2.4875  0.000e+00
     99.673     6.9967   3.350180    32.9963        599     2.4917  0.000e+00
     99.885     6.9950   3.350024    32.9962        600     2.4958  0.000e+00
    100.098     6.9925   3.350560    33.0043        601     2.5000  0.000e+00
    100.306     6.9919   3.351052    33.0101        602     2.5042  0.000e+00
    100.516     6.9935   3.350716    33.0048        603     2.5083  0.000e+00
    100.723     6.9946   3.350691    33.0034        604     2.5125  0.000e+00
    100.928     6.9940   3.350897    33.0061        605     2.5167  0.000e+00
    101.127     6.9935   3.351009    33.0077        606     2.5208  0.000e+00
    101.327     6.9936   3.351694    33.0150        607     2.5250  0.000e+00
    101.526     6.9942   3.352062    33.0184        608     2.5292  0.000e+00
    101.727     6.9956   3.353003    33.0272        609     2.5333  0.000e+00
    101.924     6.9984   3.353825    33.0334        610     2.5375  0.000e+00
    102.117     7.0025   3.354243    33.0340        611     2.5417  0.000e+00
    102.312     7.0059   3.354542    33.0339        612     2.5458  0.000e+00
    102.509     7.0085   3.354742    33.0335        613     2.5500  0.000e+00
    102.702     7.0102   3.354866    33.0331        614     2.5542  0.000e+00
    102.903     7.0115   3.355552    33.0393        615     2.5583  0.000e+00
    103.097     7.0132   3.356474    33.0477        616     2.5625  0.000e+00
    103.289     7.0162   3.356880    33.0490        617     2.5667  0.000e+00
    103.483     7.0196   3.357142    33.0485        618     2.5708  0.000e+00
    103.674     7.0232   3.357391    33.0477        619     2.5750  0.000e+00
    103.866     7.0259   3.357416    33.0454        620     2.5792  0.000e+00
    104.048     7.0266   3.357696    33.0477        621     2.5833  0.000e+00
    104.229     7.0267   3.357784    33.0484        622     2.5875  0.000e+00
    104.420     7.0265   3.357441    33.0448        623     2.5917  0.000e+00
    104.599     7.0252   3.357740    33.0492        624     2.5958  0.000e+00
    104.788     7.0238   3.358171    33.0552        625     2.6000  0.000e+00
