HB2303/sbe056.cnv
* Sea-Bird SBE 19plus V2 Data File:
* FileName = C:\cruise\data\sbe056.hex
* Software Version Seasave V 7.26.7.121
* Temperature SN = 6128
* Conductivity SN = 6128
* System UpLoad Time = Aug 13 2023 19:04:36
* NMEA Latitude = 39 01.28 N
* NMEA Longitude = 072 34.86 W
* NMEA UTC (Time) = Aug 13 2023 19:04:32
** Ship: Henry Bigelow
** Cruise:  HB2303
** Program:  ECOMON
# nquan = 7
# nvalues = 4053                                  
# units = specified
# name 0 = depSM: Depth [salt water, m]
# name 1 = tv290C: Temperature [ITS-90, deg C]
# name 2 = c0S/m: Conductivity [S/m]
# name 3 = sal00: Salinity, Practical [PSU]
# name 4 = scan: Scan Count
# name 5 = timeM: Time, Elapsed [minutes]
# name 6 = flag:  0.000e+00
# span 0 =     -0.270,    199.442                 
# span 1 =    10.9675,    27.2532                 
# span 2 =   0.000267,   5.282520                 
# span 3 =     0.0128,    35.9958                 
# span 4 =         11,       4063                 
# span 5 =     0.0417,    16.9250                 
# span 6 = 0.0000e+00, 0.0000e+00                 
# interval = seconds: 0.25
# start_time = Aug 13 2023 19:04:32 [NMEA time, header]
# bad_flag = -9.990e-29
*END*
[from data line 2257]
    127.569    13.9436   4.270726    35.7173       2268     9.4458  0.000e+00
    127.473    13.9376   4.270768    35.7233       2269     9.4500  0.000e+00
    127.382    13.9341   4.270623    35.7253       2270     9.4542  0.000e+00
    127.301    13.9317   4.270252    35.7241       2271     9.4583  0.000e+00
    127.221    13.9296   4.269346    35.7176       2272     9.4625  0.000e+00
    127.132    13.9262   4.268872    35.7164       2273     9.4667  0.000e+00
    127.058    13.9227   4.268700    35.7181       2274     9.4708  0.000e+00
    126.971    13.9199   4.268034    35.7145       2275     9.4750  0.000e+00
    126.889    13.9168   4.267821    35.7153       2276     9.4792  0.000e+00
    126.793    13.9141   4.267347    35.7134       2277     9.4833  0.000e+00
    126.701    13.9115   4.267045    35.7131       2278     9.4875  0.000e+00
    126.603    13.9089   4.267052    35.7156       2279     9.4917  0.000e+00
    126.489    13.9077   4.267175    35.7180       2280     9.4958  0.000e+00
    126.371    13.9072   4.267663    35.7230       2281     9.5000  0.000e+00
    126.250    13.9084   4.268157    35.7266       2282     9.5042  0.000e+00
    126.127    13.9115   4.268466    35.7266       2283     9.5083  0.000e+00
    125.999    13.9146   4.268507    35.7242       2284     9.5125  0.000e+00
    125.876    13.9173   4.268617    35.7228       2285     9.5167  0.000e+00
    125.754    13.9194   4.268727    35.7220       2286     9.5208  0.000e+00
    125.644    13.9208   4.268748    35.7208       2287     9.5250  0.000e+00
    125.537    13.9219   4.268542    35.7179       2288     9.5292  0.000e+00
    125.434    13.9220   4.268033    35.7131       2289     9.5333  0.000e+00
    125.353    13.9209   4.267381    35.7081       2290     9.5375  0.000e+00
    125.271    13.9183   4.267195    35.7088       2291     9.5417  0.000e+00
    125.197    13.9160   4.267175    35.7107       2292     9.5458  0.000e+00
    125.132    13.9144   4.267147    35.7120       2293     9.5500  0.000e+00
    125.068    13.9136   4.266893    35.7104       2294     9.5542  0.000e+00
    125.010    13.9124   4.266337    35.7063       2295     9.5583  0.000e+00
    124.941    13.9108   4.265815    35.7030       2296     9.5625  0.000e+00
    124.871    13.9080   4.265211    35.6999       2297     9.5667  0.000e+00
    124.798    13.9050   4.265005    35.7008       2298     9.5708  0.000e+00
    124.720    13.9024   4.264875    35.7021       2299     9.5750  0.000e+00
    124.641    13.9005   4.264785    35.7031       2300     9.5792  0.000e+00
    124.552    13.8993   4.264751    35.7039       2301     9.5833  0.000e+00
    124.459    13.8986   4.264662    35.7037       2302     9.5875  0.000e+00
    124.369    13.8979   4.264463    35.7026       2303     9.5917  0.000e+00
    124.278    13.8971   4.264367    35.7025       2304     9.5958  0.000e+00
    124.180    13.8963   4.264236    35.7020       2305     9.6000  0.000e+00
    124.086    13.8955   4.264119    35.7017       2306     9.6042  0.000e+00
    123.988    13.8947   4.263900    35.7004       2307     9.6083  0.000e+00
    123.900    13.8940   4.263591    35.6982       2308     9.6125  0.000e+00
    123.807    13.8925   4.263110    35.6951       2309     9.6167  0.000e+00
    123.715    13.8909   4.262863    35.6943       2310     9.6208  0.000e+00
    123.622    13.8892   4.262815    35.6955       2311     9.6250  0.000e+00
    123.524    13.8881   4.262554    35.6941       2312     9.6292  0.000e+00
    123.429    13.8869   4.262472    35.6946       2313     9.6333  0.000e+00
    123.333    13.8860   4.262479    35.6955       2314     9.6375  0.000e+00
    123.240    13.8855   4.262492    35.6961       2315     9.6417  0.000e+00
    123.127    13.8851   4.262547    35.6970       2316     9.6458  0.000e+00
    123.011    13.8856   4.262712    35.6982       2317     9.6500  0.000e+00
    122.893    13.8862   4.262842    35.6988       2318     9.6542  0.000e+00
    122.784    13.8874   4.262863    35.6980       2319     9.6583  0.000e+00
    122.665    13.8882   4.263014    35.6987       2320     9.6625  0.000e+00
    122.556    13.8896   4.264133    35.7079       2321     9.6667  0.000e+00
    122.447    13.8933   4.264462    35.7077       2322     9.6708  0.000e+00
    122.351    13.8979   4.264414    35.7030       2323     9.6750  0.000e+00
    122.263    13.9005   4.264489    35.7012       2324     9.6792  0.000e+00
    122.174    13.9023   4.264544    35.7002       2325     9.6833  0.000e+00
    122.103    13.9036   4.264709    35.7006       2326     9.6875  0.000e+00
    122.025    13.9048   4.264736    35.6997       2327     9.6917  0.000e+00
    121.962    13.9056   4.264825    35.6998       2328     9.6958  0.000e+00
    121.896    13.9064   4.264928    35.7001       2329     9.7000  0.000e+00
    121.828    13.9074   4.265368    35.7032       2330     9.7042  0.000e+00
    121.760    13.9092   4.265519    35.7030       2331     9.7083  0.000e+00
    121.692    13.9110   4.265649    35.7027       2332     9.7125  0.000e+00
    121.617    13.9125   4.265869    35.7033       2333     9.7167  0.000e+00
    121.541    13.9142   4.265882    35.7019       2334     9.7208  0.000e+00
    121.462    13.9153   4.266233    35.7042       2335     9.7250  0.000e+00
    121.369    13.9170   4.266555    35.7056       2336     9.7292  0.000e+00
    121.281    13.9191   4.266500    35.7033       2337     9.7333  0.000e+00
    121.183    13.9202   4.266232    35.6997       2338     9.7375  0.000e+00
    121.080    13.9206   4.266864    35.7054       2339     9.7417  0.000e+00
    120.975    13.9216   4.266287    35.6990       2340     9.7458  0.000e+00
    120.864    13.9215   4.266061    35.6971       2341     9.7500  0.000e+00
    120.754    13.9204   4.266184    35.6993       2342     9.7542  0.000e+00
    120.645    13.9199   4.267324    35.7105       2343     9.7583  0.000e+00
    120.535    13.9225   4.268258    35.7168       2344     9.7625  0.000e+00
    120.421    13.9278   4.268450    35.7138       2345     9.7667  0.000e+00
    120.310    13.9316   4.268052    35.7066       2346     9.7708  0.000e+00
    120.207    13.9334   4.268107    35.7054       2347     9.7750  0.000e+00
    120.100    13.9341   4.268230    35.7060       2348     9.7792  0.000e+00
    119.990    13.9349   4.268106    35.7042       2349     9.7833  0.000e+00
    119.894    13.9352   4.268285    35.7056       2350     9.7875  0.000e+00
    119.796    13.9359   4.269095    35.7126       2351     9.7917  0.000e+00
    119.702    13.9384   4.269761    35.7165       2352     9.7958  0.000e+00
    119.615    13.9429   4.269184    35.7069       2353     9.8000  0.000e+00
    119.535    13.9448   4.269487    35.7080       2354     9.8042  0.000e+00
    119.456    13.9466   4.275079    35.7588       2355     9.8083  0.000e+00
    119.381    13.9615   4.276027    35.7538       2356     9.8125  0.000e+00
    119.305    13.9790   4.276061    35.7379       2357     9.8167  0.000e+00
    119.227    13.9905   4.275807    35.7248       2358     9.8208  0.000e+00
    119.155    13.9967   4.276838    35.7288       2359     9.8250  0.000e+00
    119.075    14.0021   4.276631    35.7219       2360     9.8292  0.000e+00
    118.994    14.0057   4.277456    35.7263       2361     9.8333  0.000e+00
    118.919    14.0100   4.278026    35.7276       2362     9.8375  0.000e+00
    118.829    14.0147   4.278274    35.7256       2363     9.8417  0.000e+00
    118.744    14.0188   4.278157    35.7207       2364     9.8458  0.000e+00
    118.668    14.0210   4.278301    35.7200       2365     9.8500  0.000e+00
    118.579    14.0228   4.278349    35.7189       2366     9.8542  0.000e+00
    118.496    14.0239   4.278727    35.7214       2367     9.8583  0.000e+00
    118.418    14.0257   4.278968    35.7220       2368     9.8625  0.000e+00
    118.327    14.0276   4.279112    35.7216       2369     9.8667  0.000e+00
    118.242    14.0297   4.279188    35.7205       2370     9.8708  0.000e+00
    118.150    14.0310   4.279339    35.7207       2371     9.8750  0.000e+00
    118.050    14.0326   4.279346    35.7193       2372     9.8792  0.000e+00
    117.949    14.0336   4.279463    35.7195       2373     9.8833  0.000e+00
    117.837    14.0347   4.279552    35.7194       2374     9.8875  0.000e+00
    117.730    14.0356   4.279779    35.7207       2375     9.8917  0.000e+00
    117.612    14.0370   4.279944    35.7210       2376     9.8958  0.000e+00
    117.501    14.0387   4.280074    35.7207       2377     9.9000  0.000e+00
    117.400    14.0404   4.280225    35.7206       2378     9.9042  0.000e+00
    117.297    14.0420   4.280383    35.7206       2379     9.9083  0.000e+00
    117.203    14.0436   4.280500    35.7202       2380     9.9125  0.000e+00
    117.107    14.0449   4.280542    35.7195       2381     9.9167  0.000e+00
    117.014    14.0461   4.280548    35.7185       2382     9.9208  0.000e+00
    116.931    14.0467   4.280548    35.7180       2383     9.9250  0.000e+00
    116.851    14.0473   4.280562    35.7175       2384     9.9292  0.000e+00
    116.775    14.0475   4.280596    35.7177       2385     9.9333  0.000e+00
    116.697    14.0477   4.280644    35.7180       2386     9.9375  0.000e+00
    116.625    14.0483   4.280693    35.7179       2387     9.9417  0.000e+00
    116.549    14.0484   4.280720    35.7181       2388     9.9458  0.000e+00
    116.473    14.0489   4.280720    35.7177       2389     9.9500  0.000e+00
    116.397    14.0491   4.280747    35.7178       2390     9.9542  0.000e+00
    116.319    14.0494   4.280775    35.7178       2391     9.9583  0.000e+00
    116.235    14.0496   4.280892    35.7188       2392     9.9625  0.000e+00
    116.156    14.0500   4.280926    35.7187       2393     9.9667  0.000e+00
    116.071    14.0506   4.280995    35.7188       2394     9.9708  0.000e+00
    115.977    14.0512   4.281242    35.7206       2395     9.9750  0.000e+00
    115.893    14.0525   4.281366    35.7206       2396     9.9792  0.000e+00
    115.796    14.0538   4.281167    35.7176       2397     9.9833  0.000e+00
    115.701    14.0539   4.281318    35.7190       2398     9.9875  0.000e+00
    115.596    14.0545   4.281510    35.7202       2399     9.9917  0.000e+00
    115.493    14.0557   4.281662    35.7206       2400     9.9958  0.000e+00
    115.384    14.0570   4.281778    35.7205       2401    10.0000  0.000e+00
    115.268    14.0583   4.281730    35.7189       2402    10.0042  0.000e+00
    115.158    14.0595   4.281909    35.7195       2403    10.0083  0.000e+00
    115.036    14.0603   4.281854    35.7183       2404    10.0125  0.000e+00
    114.926    14.0608   4.281806    35.7174       2405    10.0167  0.000e+00
    114.801    14.0609   4.281806    35.7174       2406    10.0208  0.000e+00
    114.690    14.0610   4.281785    35.7171       2407    10.0250  0.000e+00
    114.580    14.0609   4.281702    35.7165       2408    10.0292  0.000e+00
    114.478    14.0606   4.281585    35.7157       2409    10.0333  0.000e+00
    114.379    14.0600   4.281572    35.7162       2410    10.0375  0.000e+00
    114.290    14.0595   4.281730    35.7182       2411    10.0417  0.000e+00
    114.200    14.0596   4.281730    35.7181       2412    10.0458  0.000e+00
    114.118    14.0596   4.281702    35.7179       2413    10.0500  0.000e+00
    114.040    14.0599   4.281709    35.7177       2414    10.0542  0.000e+00
    113.957    14.0600   4.281833    35.7189       2415    10.0583  0.000e+00
    113.879    14.0605   4.281929    35.7193       2416    10.0625  0.000e+00
    113.801    14.0612   4.281785    35.7174       2417    10.0667  0.000e+00
    113.729    14.0613   4.281778    35.7173       2418    10.0708  0.000e+00
    113.647    14.0611   4.281709    35.7168       2419    10.0750  0.000e+00
    113.570    14.0607   4.281757    35.7177       2420    10.0792  0.000e+00
    113.492    14.0608   4.281709    35.7172       2421    10.0833  0.000e+00
    113.407    14.0608   4.281709    35.7172       2422    10.0875  0.000e+00
    113.327    14.0605   4.281626    35.7167       2423    10.0917  0.000e+00
    113.227    14.0602   4.281709    35.7178       2424    10.0958  0.000e+00
    113.129    14.0601   4.281674    35.7176       2425    10.1000  0.000e+00
    113.028    14.0602   4.281585    35.7167       2426    10.1042  0.000e+00
    112.919    14.0598   4.281599    35.7172       2427    10.1083  0.000e+00
    112.802    14.0596   4.281557    35.7172       2428    10.1125  0.000e+00
    112.686    14.0594   4.281557    35.7174       2429    10.1167  0.000e+00
    112.566    14.0590   4.281571    35.7179       2430    10.1208  0.000e+00
    112.458    14.0590   4.281536    35.7177       2431    10.1250  0.000e+00
    112.348    14.0588   4.281495    35.7174       2432    10.1292  0.000e+00
    112.237    14.0588   4.281557    35.7181       2433    10.1333  0.000e+00
    112.145    14.0591   4.281557    35.7178       2434    10.1375  0.000e+00
    112.058    14.0596   4.281571    35.7176       2435    10.1417  0.000e+00
    111.971    14.0597   4.281557    35.7174       2436    10.1458  0.000e+00
    111.902    14.0601   4.281598    35.7175       2437    10.1500  0.000e+00
    111.840    14.0599   4.281584    35.7175       2438    10.1542  0.000e+00
    111.790    14.0600   4.281557    35.7172       2439    10.1583  0.000e+00
    111.737    14.0600   4.281571    35.7174       2440    10.1625  0.000e+00
    111.688    14.0601   4.281536    35.7170       2441    10.1667  0.000e+00
    111.637    14.0599   4.281440    35.7162       2442    10.1708  0.000e+00
    111.588    14.0596   4.281536    35.7175       2443    10.1750  0.000e+00
    111.526    14.0598   4.281570    35.7176       2444    10.1792  0.000e+00
    111.448    14.0597   4.281557    35.7176       2445    10.1833  0.000e+00
    111.372    14.0599   4.281536    35.7173       2446    10.1875  0.000e+00
    111.282    14.0598   4.281495    35.7170       2447    10.1917  0.000e+00
    111.162    14.0598   4.281364    35.7159       2448    10.1958  0.000e+00
    111.028    14.0593   4.281364    35.7163       2449    10.2000  0.000e+00
    110.893    14.0592   4.281336    35.7163       2450    10.2042  0.000e+00
    110.746    14.0590   4.281364    35.7168       2451    10.2083  0.000e+00
    110.614    14.0588   4.281364    35.7170       2452    10.2125  0.000e+00
    110.473    14.0588   4.281384    35.7172       2453    10.2167  0.000e+00
    110.325    14.0591   4.281419    35.7174       2454    10.2208  0.000e+00
    110.186    14.0593   4.281632    35.7192       2455    10.2250  0.000e+00
    110.052    14.0602   4.281707    35.7192       2456    10.2292  0.000e+00
    109.915    14.0615   4.281673    35.7176       2457    10.2333  0.000e+00
    109.784    14.0622   4.281680    35.7171       2458    10.2375  0.000e+00
    109.652    14.0625   4.281625    35.7164       2459    10.2417  0.000e+00
    109.522    14.0626   4.280992    35.7105       2460    10.2458  0.000e+00
    109.401    14.0612   4.280765    35.7097       2461    10.2500  0.000e+00
    109.272    14.0593   4.280772    35.7115       2462    10.2542  0.000e+00
    109.147    14.0581   4.280813    35.7131       2463    10.2583  0.000e+00
    109.026    14.0577   4.281026    35.7155       2464    10.2625  0.000e+00
    108.906    14.0581   4.281184    35.7167       2465    10.2667  0.000e+00
    108.792    14.0593   4.281212    35.7159       2466    10.2708  0.000e+00
    108.685    14.0602   4.281184    35.7148       2467    10.2750  0.000e+00
    108.570    14.0609   4.281287    35.7152       2468    10.2792  0.000e+00
    108.466    14.0612   4.281287    35.7150       2469    10.2833  0.000e+00
    108.361    14.0618   4.281308    35.7146       2470    10.2875  0.000e+00
    108.258    14.0625   4.281418    35.7151       2471    10.2917  0.000e+00
