HB2303/sbe024.cnv
* Sea-Bird SBE 19plus V2 Data File:
* FileName = C:\cruise\data\sbe024.hex
* Software Version Seasave V 7.26.7.121
* Temperature SN = 6128
* Conductivity SN = 6128
* System UpLoad Time = Aug 11 2023 01:26:17
* NMEA Latitude = 38 07.61 N
* NMEA Longitude = 074 48.32 W
* NMEA UTC (Time) = Aug 11 2023 01:26:12
** Ship: Henry Bigelow
** Cruise:  HB2303
** Program:  ECOMON
# nquan = 7
# nvalues = 1089                                  
# units = specified
# name 0 = depSM: Depth [salt water, m]
# name 1 = tv290C: Temperature [ITS-90, deg C]
# name 2 = c0S/m: Conductivity [S/m]
# name 3 = sal00: Salinity, Practical [PSU]
# name 4 = scan: Scan Count
# name 5 = timeM: Time, Elapsed [minutes]
# name 6 = flag:  0.000e+00
# span 0 =     -0.241,     22.789                 
# span 1 =    12.9327,    23.4800                 
# span 2 =   0.000103,   4.681237                 
# span 3 =     0.0113,    32.6567                 
# span 4 =         11,       1099                 
# span 5 =     0.0417,     4.5750                 
# span 6 = 0.0000e+00, 0.0000e+00                 
# interval = seconds: 0.25
# start_time = Aug 11 2023 01:26:12 [NMEA time, header]
# bad_flag = -9.990e-29
*END*
     -0.141    23.4732   0.000109     0.0113         11     0.0417  0.000e+00
     -0.150    23.4735   0.000103     0.0113         12     0.0458  0.000e+00
     -0.152    23.4736   0.000103     0.0113         13     0.0500  0.000e+00
     -0.148    23.4740   0.000120     0.0113         14     0.0542  0.000e+00
     -0.152    23.4750   0.000112     0.0113         15     0.0583  0.000e+00
     -0.147    23.4751   0.000120     0.0113         16     0.0625  0.000e+00
     -0.150    23.4756   0.000109     0.0113         17     0.0667  0.000e+00
     -0.154    23.4762   0.000118     0.0113         18     0.0708  0.000e+00
     -0.147    23.4768   0.000120     0.0113         19     0.0750  0.000e+00
     -0.154    23.4766   0.000115     0.0113         20     0.0792  0.000e+00
     -0.148    23.4770   0.000123     0.0113         21     0.0833  0.000e+00
     -0.150    23.4767   0.000112     0.0113         22     0.0875  0.000e+00
     -0.149    23.4768   0.000109     0.0113         23     0.0917  0.000e+00
     -0.147    23.4773   0.000115     0.0113         24     0.0958  0.000e+00
     -0.150    23.4779   0.000112     0.0113         25     0.1000  0.000e+00
     -0.156    23.4777   0.000120     0.0113         26     0.1042  0.000e+00
     -0.156    23.4779   0.000115     0.0113         27     0.1083  0.000e+00
     -0.152    23.4785   0.000123     0.0113         28     0.1125  0.000e+00
     -0.156    23.4786   0.000109     0.0113         29     0.1167  0.000e+00
     -0.153    23.4789   0.000123     0.0113         30     0.1208  0.000e+00
     -0.153    23.4788   0.000112     0.0113         31     0.1250  0.000e+00
     -0.153    23.4788   0.000129     0.0113         32     0.1292  0.000e+00
     -0.149    23.4794   0.000109     0.0113         33     0.1333  0.000e+00
     -0.154    23.4794   0.000115     0.0113         34     0.1375  0.000e+00
     -0.154    23.4793   0.000126     0.0113         35     0.1417  0.000e+00
     -0.152    23.4796   0.000120     0.0113         36     0.1458  0.000e+00
     -0.151    23.4794   0.000123     0.0113         37     0.1500  0.000e+00
     -0.154    23.4795   0.000123     0.0113         38     0.1542  0.000e+00
     -0.159    23.4797   0.000120     0.0113         39     0.1583  0.000e+00
     -0.158    23.4798   0.000120     0.0113         40     0.1625  0.000e+00
     -0.154    23.4800   0.000123     0.0113         41     0.1667  0.000e+00
     -0.156    23.4799   0.000123     0.0113         42     0.1708  0.000e+00
     -0.148    23.4799   0.000129     0.0113         43     0.1750  0.000e+00
     -0.152    23.4795   0.000109     0.0113         44     0.1792  0.000e+00
     -0.154    23.4792   0.000109     0.0113         45     0.1833  0.000e+00
     -0.157    23.4794   0.000120     0.0113         46     0.1875  0.000e+00
     -0.161    23.4795   0.000120     0.0113         47     0.1917  0.000e+00
     -0.159    23.4797   0.000112     0.0113         48     0.1958  0.000e+00
     -0.157    23.4796   0.000115     0.0113         49     0.2000  0.000e+00
     -0.152    23.4795   0.000115     0.0113         50     0.2042  0.000e+00
     -0.157    23.4797   0.000118     0.0113         51     0.2083  0.000e+00
     -0.157    23.4794   0.000120     0.0113         52     0.2125  0.000e+00
     -0.157    23.4791   0.000120     0.0113         53     0.2167  0.000e+00
     -0.156    23.4793   0.000112     0.0113         54     0.2208  0.000e+00
     -0.159    23.4795   0.000123     0.0113         55     0.2250  0.000e+00
     -0.159    23.4789   0.000115     0.0113         56     0.2292  0.000e+00
     -0.165    23.4790   0.000123     0.0113         57     0.2333  0.000e+00
     -0.166    23.4792   0.000120     0.0113         58     0.2375  0.000e+00
     -0.159    23.4791   0.000120     0.0113         59     0.2417  0.000e+00
     -0.159    23.4788   0.000120     0.0113         60     0.2458  0.000e+00
     -0.159    23.4789   0.000118     0.0113         61     0.2500  0.000e+00
     -0.158    23.4790   0.000123     0.0113         62     0.2542  0.000e+00
     -0.156    23.4788   0.000120     0.0113         63     0.2583  0.000e+00
     -0.154    23.4783   0.000123     0.0113         64     0.2625  0.000e+00
     -0.156    23.4784   0.000120     0.0113         65     0.2667  0.000e+00
     -0.158    23.4779   0.000115     0.0113         66     0.2708  0.000e+00
     -0.152    23.4780   0.000126     0.0113         67     0.2750  0.000e+00
     -0.152    23.4780   0.000115     0.0113         68     0.2792  0.000e+00
     -0.161    23.4777   0.000129     0.0113         69     0.2833  0.000e+00
     -0.156    23.4776   0.000126     0.0113         70     0.2875  0.000e+00
     -0.151    23.4773   0.000103     0.0113         71     0.2917  0.000e+00
     -0.152    23.4775   0.000120     0.0113         72     0.2958  0.000e+00
     -0.156    23.4773   0.000120     0.0113         73     0.3000  0.000e+00
     -0.156    23.4771   0.000123     0.0113         74     0.3042  0.000e+00
     -0.158    23.4770   0.000120     0.0113         75     0.3083  0.000e+00
     -0.159    23.4768   0.000120     0.0113         76     0.3125  0.000e+00
     -0.158    23.4765   0.000138     0.0113         77     0.3167  0.000e+00
     -0.161    23.4766   0.000123     0.0113         78     0.3208  0.000e+00
     -0.156    23.4771   0.000115     0.0113         79     0.3250  0.000e+00
     -0.161    23.4768   0.000118     0.0113         80     0.3292  0.000e+00
     -0.157    23.4769   0.000123     0.0113         81     0.3333  0.000e+00
     -0.159    23.4764   0.000123     0.0113         82     0.3375  0.000e+00
     -0.159    23.4766   0.000126     0.0113         83     0.3417  0.000e+00
     -0.156    23.4765   0.000129     0.0113         84     0.3458  0.000e+00
     -0.159    23.4763   0.000129     0.0113         85     0.3500  0.000e+00
     -0.158    23.4762   0.000115     0.0113         86     0.3542  0.000e+00
     -0.159    23.4765   0.000126     0.0113         87     0.3583  0.000e+00
     -0.156    23.4762   0.000123     0.0113         88     0.3625  0.000e+00
     -0.158    23.4758   0.000123     0.0113         89     0.3667  0.000e+00
     -0.156    23.4763   0.000112     0.0113         90     0.3708  0.000e+00
     -0.158    23.4759   0.000129     0.0113         91     0.3750  0.000e+00
     -0.158    23.4758   0.000141     0.0113         92     0.3792  0.000e+00
     -0.152    23.4754   0.000126     0.0113         93     0.3833  0.000e+00
     -0.160    23.4756   0.000123     0.0113         94     0.3875  0.000e+00
     -0.156    23.4759   0.000129     0.0113         95     0.3917  0.000e+00
     -0.162    23.4749   0.000126     0.0113         96     0.3958  0.000e+00
     -0.160    23.4756   0.000129     0.0113         97     0.4000  0.000e+00
     -0.160    23.4756   0.000123     0.0113         98     0.4042  0.000e+00
     -0.164    23.4752   0.000135     0.0113         99     0.4083  0.000e+00
     -0.162    23.4752   0.000112     0.0113        100     0.4125  0.000e+00
     -0.164    23.4748   0.000115     0.0113        101     0.4167  0.000e+00
     -0.158    23.4751   0.000129     0.0113        102     0.4208  0.000e+00
     -0.158    23.4750   0.000132     0.0113        103     0.4250  0.000e+00
     -0.156    23.4746   0.000115     0.0113        104     0.4292  0.000e+00
     -0.158    23.4743   0.000123     0.0113        105     0.4333  0.000e+00
     -0.155    23.4744   0.000123     0.0113        106     0.4375  0.000e+00
     -0.160    23.4744   0.000120     0.0113        107     0.4417  0.000e+00
     -0.154    23.4742   0.000135     0.0113        108     0.4458  0.000e+00
     -0.156    23.4742   0.000132     0.0113        109     0.4500  0.000e+00
     -0.156    23.4736   0.000123     0.0113        110     0.4542  0.000e+00
     -0.154    23.4738   0.000123     0.0113        111     0.4583  0.000e+00
     -0.158    23.4734   0.000129     0.0113        112     0.4625  0.000e+00
     -0.153    23.4729   0.000132     0.0113        113     0.4667  0.000e+00
     -0.154    23.4726   0.000120     0.0113        114     0.4708  0.000e+00
     -0.154    23.4728   0.000129     0.0113        115     0.4750  0.000e+00
     -0.158    23.4724   0.000123     0.0113        116     0.4792  0.000e+00
     -0.153    23.4724   0.000135     0.0113        117     0.4833  0.000e+00
     -0.162    23.4724   0.000129     0.0113        118     0.4875  0.000e+00
     -0.160    23.4729   0.000138     0.0113        119     0.4917  0.000e+00
     -0.158    23.4725   0.000129     0.0113        120     0.4958  0.000e+00
     -0.153    23.4722   0.000129     0.0113        121     0.5000  0.000e+00
     -0.154    23.4718   0.000126     0.0113        122     0.5042  0.000e+00
     -0.154    23.4717   0.000123     0.0113        123     0.5083  0.000e+00
     -0.160    23.4712   0.000129     0.0113        124     0.5125  0.000e+00
     -0.158    23.4713   0.000120     0.0113        125     0.5167  0.000e+00
     -0.154    23.4712   0.000123     0.0113        126     0.5208  0.000e+00
     -0.160    23.4707   0.000123     0.0113        127     0.5250  0.000e+00
     -0.158    23.4711   0.000120     0.0113        128     0.5292  0.000e+00
     -0.160    23.4713   0.000132     0.0113        129     0.5333  0.000e+00
     -0.158    23.4713   1.709802    10.3917        130     0.5375  0.000e+00
     -0.147    23.4707   2.728066    17.3053        131     0.5417  0.000e+00
     -0.077    23.4627   2.529476    15.9319        132     0.5458  0.000e+00
      0.028    23.4446   3.050075    19.5746        133     0.5500  0.000e+00
      0.158    23.4291   4.113785    27.2637        134     0.5542  0.000e+00
      0.296    23.4181   2.621736    16.5863        135     0.5583  0.000e+00
      0.389    23.4118   4.376355    29.2201        136     0.5625  0.000e+00
      0.433    23.4082   4.458935    29.8384        137     0.5667  0.000e+00
      0.420    23.4059   2.702077    17.1493        138     0.5708  0.000e+00
      0.409    23.4048   3.242816    20.9606        139     0.5750  0.000e+00
      0.415    23.4032   4.101760    27.1908        140     0.5792  0.000e+00
      0.436    23.4028   2.305699    14.4155        141     0.5833  0.000e+00
      0.451    23.4006   4.677287    31.4813        142     0.5875  0.000e+00
      0.485    23.3982   4.677673    31.4858        143     0.5917  0.000e+00
      0.555    23.3969   4.678087    31.4899        144     0.5958  0.000e+00
      0.646    23.3956   4.678329    31.4926        145     0.6000  0.000e+00
      0.716    23.3945   4.678636    31.4957        146     0.6042  0.000e+00
      0.767    23.3940   4.678886    31.4979        147     0.6083  0.000e+00
      0.806    23.3935   4.679136    31.5002        148     0.6125  0.000e+00
      0.850    23.3933   4.679193    31.5007        149     0.6167  0.000e+00
      0.881    23.3930   4.679150    31.5006        150     0.6208  0.000e+00
      0.920    23.3928   4.679436    31.5029        151     0.6250  0.000e+00
      0.988    23.3926   4.679521    31.5036        152     0.6292  0.000e+00
      1.081    23.3927   4.679300    31.5019        153     0.6333  0.000e+00
      1.192    23.3926   4.679072    31.5002        154     0.6375  0.000e+00
      1.306    23.3929   4.679243    31.5012        155     0.6417  0.000e+00
      1.406    23.3936   4.679707    31.5042        156     0.6458  0.000e+00
      1.494    23.3943   4.679636    31.5031        157     0.6500  0.000e+00
      1.579    23.3948   4.679308    31.5003        158     0.6542  0.000e+00
      1.641    23.3944   4.679222    31.4999        159     0.6583  0.000e+00
      1.689    23.3930   4.679415    31.5023        160     0.6625  0.000e+00
      1.717    23.3911   4.679522    31.5045        161     0.6667  0.000e+00
      1.733    23.3895   4.679657    31.5067        162     0.6708  0.000e+00
      1.754    23.3876   4.679836    31.5093        163     0.6750  0.000e+00
      1.790    23.3863   4.679964    31.5112        164     0.6792  0.000e+00
      1.830    23.3856   4.680179    31.5133        165     0.6833  0.000e+00
      1.895    23.3852   4.488862    30.0773        166     0.6875  0.000e+00
      1.973    23.3846   4.371077    29.1983        167     0.6917  0.000e+00
      2.061    23.3847   4.546863    30.5119        168     0.6958  0.000e+00
      2.146    23.3851   4.679800    31.5107        169     0.7000  0.000e+00
      2.221    23.3864   4.679893    31.5105        170     0.7042  0.000e+00
      2.300    23.3883   4.552618    30.5525        171     0.7083  0.000e+00
      2.392    23.3896   4.478445    29.9962        172     0.7125  0.000e+00
      2.499    23.3905   4.472128    29.9483        173     0.7167  0.000e+00
      2.620    23.3915   4.476043    29.9769        174     0.7208  0.000e+00
      2.743    23.3924   4.495162    30.1193        175     0.7250  0.000e+00
      2.862    23.3931   4.605737    30.9477        176     0.7292  0.000e+00
      2.968    23.3936   4.646847    31.2564        177     0.7333  0.000e+00
      3.066    23.3935   4.641796    31.2184        178     0.7375  0.000e+00
      3.158    23.3929   4.625513    31.0964        179     0.7417  0.000e+00
      3.252    23.3917   4.609715    30.9785        180     0.7458  0.000e+00
      3.358    23.3909   4.562260    30.6227        181     0.7500  0.000e+00
      3.476    23.3902   4.534447    30.4147        182     0.7542  0.000e+00
      3.609    23.3894   4.555420    30.5724        183     0.7583  0.000e+00
      3.740    23.3889   4.616384    31.0304        184     0.7625  0.000e+00
      3.863    23.3887   4.644799    31.2442        185     0.7667  0.000e+00
      3.987    23.3883   4.652628    31.3033        186     0.7708  0.000e+00
      4.094    23.3881   4.660590    31.3633        187     0.7750  0.000e+00
      4.195    23.3878   4.666106    31.4050        188     0.7792  0.000e+00
      4.287    23.3875   4.663690    31.3870        189     0.7833  0.000e+00
      4.368    23.3872   4.662479    31.3781        190     0.7875  0.000e+00
      4.442    23.3868   4.650165    31.2857        191     0.7917  0.000e+00
      4.518    23.3869   4.634701    31.1692        192     0.7958  0.000e+00
      4.596    23.3869   4.621850    31.0726        193     0.8000  0.000e+00
      4.680    23.3869   4.565933    30.6527        194     0.8042  0.000e+00
      4.776    23.3871   4.520933    30.3152        195     0.8083  0.000e+00
      4.890    23.3869   4.531800    30.3967        196     0.8125  0.000e+00
      5.029    23.3868   4.584986    30.7956        197     0.8167  0.000e+00
      5.179    23.3869   4.564408    30.6411        198     0.8208  0.000e+00
      5.334    23.3869   4.681015    31.5176        199     0.8250  0.000e+00
      5.497    23.3869   4.681108    31.5182        200     0.8292  0.000e+00
      5.656    23.3869   4.681237    31.5192        201     0.8333  0.000e+00
      5.815    23.3869   4.681137    31.5184        202     0.8375  0.000e+00
      5.964    23.3871   4.680766    31.5154        203     0.8417  0.000e+00
      6.105    23.3875   4.680445    31.5126        204     0.8458  0.000e+00
      6.236    23.3872   4.680266    31.5115        205     0.8500  0.000e+00
      6.353    23.3869   4.680181    31.5110        206     0.8542  0.000e+00
      6.461    23.3867   4.680074    31.5103        207     0.8583  0.000e+00
      6.562    23.3864   4.679974    31.5098        208     0.8625  0.000e+00
      6.653    23.3857   4.679995    31.5104        209     0.8667  0.000e+00
      6.749    23.3850   4.679995    31.5109        210     0.8708  0.000e+00
      6.843    23.3840   4.679995    31.5115        211     0.8750  0.000e+00
      6.946    23.3826   4.679967    31.5123        212     0.8792  0.000e+00
      7.041    23.3815   4.679974    31.5131        213     0.8833  0.000e+00
      7.143    23.3799   4.679967    31.5141        214     0.8875  0.000e+00
      7.246    23.3784   4.679867    31.5145        215     0.8917  0.000e+00
