HB2303/sbe016.cnv
* Sea-Bird SBE 19plus V2 Data File:
* FileName = C:\cruise\data\sbe016.hex
* Software Version Seasave V 7.26.7.121
* Temperature SN = 6128
* Conductivity SN = 6128
* System UpLoad Time = Aug 10 2023 08:49:43
* NMEA Latitude = 39 47.15 N
* NMEA Longitude = 073 36.52 W
* NMEA UTC (Time) = Aug 10 2023 08:49:38
** Ship: Henry Bigelow
** Cruise:  HB2303
** Program:  ECOMON
# nquan = 7
# nvalues = 1341                                  
# units = specified
# name 0 = depSM: Depth [salt water, m]
# name 1 = tv290C: Temperature [ITS-90, deg C]
# name 2 = c0S/m: Conductivity [S/m]
# name 3 = sal00: Salinity, Practical [PSU]
# name 4 = scan: Scan Count
# name 5 = timeM: Time, Elapsed [minutes]
# name 6 = flag:  0.000e+00
# span 0 =     -0.227,     35.776                 
# span 1 =    11.9321,    24.1070                 
# span 2 =   0.000028,   4.723375                 
# span 3 =     0.0114,    32.7452                 
# span 4 =         11,       1351                 
# span 5 =     0.0417,     5.6250                 
# span 6 = 0.0000e+00, 0.0000e+00                 
# interval = seconds: 0.25
# start_time = Aug 10 2023 08:49:38 [NMEA time, header]
# bad_flag = -9.990e-29
*END*
[from data line 1026]
      7.832    24.0946   4.720628    31.3132       1037     4.3167  0.000e+00
      7.827    24.0944   4.720528    31.3126       1038     4.3208  0.000e+00
      7.824    24.0947   4.720442    31.3118       1039     4.3250  0.000e+00
      7.814    24.0947   4.720635    31.3132       1040     4.3292  0.000e+00
      7.801    24.0948   4.720678    31.3135       1041     4.3333  0.000e+00
      7.770    24.0950   4.720470    31.3118       1042     4.3375  0.000e+00
      7.742    24.0947   4.720721    31.3139       1043     4.3417  0.000e+00
      7.700    24.0949   4.720549    31.3125       1044     4.3458  0.000e+00
      7.657    24.0946   4.720613    31.3132       1045     4.3500  0.000e+00
      7.612    24.0949   4.720814    31.3145       1046     4.3542  0.000e+00
      7.566    24.0948   4.720692    31.3137       1047     4.3583  0.000e+00
      7.519    24.0947   4.720706    31.3138       1048     4.3625  0.000e+00
      7.469    24.0949   4.720749    31.3140       1049     4.3667  0.000e+00
      7.427    24.0947   4.720706    31.3139       1050     4.3708  0.000e+00
      7.386    24.0949   4.720635    31.3132       1051     4.3750  0.000e+00
      7.346    24.0952   4.720842    31.3146       1052     4.3792  0.000e+00
      7.313    24.0950   4.720921    31.3153       1053     4.3833  0.000e+00
      7.277    24.0951   4.720971    31.3156       1054     4.3875  0.000e+00
      7.246    24.0950   4.721029    31.3161       1055     4.3917  0.000e+00
      7.210    24.0947   4.720885    31.3153       1056     4.3958  0.000e+00
      7.172    24.0947   4.720842    31.3150       1057     4.4000  0.000e+00
      7.136    24.0949   4.720864    31.3150       1058     4.4042  0.000e+00
      7.088    24.0948   4.720950    31.3157       1059     4.4083  0.000e+00
      7.040    24.0948   4.721000    31.3161       1060     4.4125  0.000e+00
      6.998    24.0950   4.720785    31.3144       1061     4.4167  0.000e+00
      6.956    24.0952   4.720635    31.3131       1062     4.4208  0.000e+00
      6.915    24.0952   4.720735    31.3139       1063     4.4250  0.000e+00
      6.886    24.0953   4.720763    31.3140       1064     4.4292  0.000e+00
      6.856    24.0959   4.720720    31.3133       1065     4.4333  0.000e+00
      6.827    24.0962   4.720785    31.3136       1066     4.4375  0.000e+00
      6.809    24.0964   4.720749    31.3132       1067     4.4417  0.000e+00
      6.793    24.0965   4.720706    31.3128       1068     4.4458  0.000e+00
      6.779    24.0968   4.720749    31.3129       1069     4.4500  0.000e+00
      6.765    24.0967   4.720677    31.3125       1070     4.4542  0.000e+00
      6.758    24.0970   4.720749    31.3128       1071     4.4583  0.000e+00
      6.749    24.0972   4.720785    31.3129       1072     4.4625  0.000e+00
      6.744    24.0970   4.720778    31.3130       1073     4.4667  0.000e+00
      6.731    24.0972   4.720814    31.3131       1074     4.4708  0.000e+00
      6.724    24.0972   4.720763    31.3128       1075     4.4750  0.000e+00
      6.711    24.0974   4.720835    31.3132       1076     4.4792  0.000e+00
      6.690    24.0975   4.720864    31.3133       1077     4.4833  0.000e+00
      6.657    24.0974   4.720778    31.3127       1078     4.4875  0.000e+00
      6.628    24.0973   4.720548    31.3111       1079     4.4917  0.000e+00
      6.588    24.0972   4.720470    31.3106       1080     4.4958  0.000e+00
      6.537    24.0972   4.720362    31.3098       1081     4.5000  0.000e+00
      6.497    24.0976   4.720384    31.3097       1082     4.5042  0.000e+00
      6.442    24.0974   4.720470    31.3105       1083     4.5083  0.000e+00
      6.378    24.0973   4.720498    31.3108       1084     4.5125  0.000e+00
      6.313    24.0975   4.720491    31.3106       1085     4.5167  0.000e+00
      6.236    24.0977   4.720412    31.3099       1086     4.5208  0.000e+00
      6.171    24.0980   4.720219    31.3083       1087     4.5250  0.000e+00
      6.106    24.0980   4.720197    31.3082       1088     4.5292  0.000e+00
      6.039    24.0979   4.720190    31.3082       1089     4.5333  0.000e+00
      5.979    24.0974   4.720226    31.3088       1090     4.5375  0.000e+00
      5.923    24.0977   4.720247    31.3088       1091     4.5417  0.000e+00
      5.879    24.0976   4.720305    31.3093       1092     4.5458  0.000e+00
      5.843    24.0976   4.720304    31.3093       1093     4.5500  0.000e+00
      5.816    24.0977   4.719903    31.3063       1094     4.5542  0.000e+00
      5.795    24.0973   4.720025    31.3075       1095     4.5583  0.000e+00
      5.775    24.0972   4.720197    31.3088       1096     4.5625  0.000e+00
      5.762    24.0978   4.720176    31.3083       1097     4.5667  0.000e+00
      5.748    24.0982   4.720054    31.3071       1098     4.5708  0.000e+00
      5.735    24.0979   4.720039    31.3072       1099     4.5750  0.000e+00
      5.724    24.0980   4.720082    31.3074       1100     4.5792  0.000e+00
      5.716    24.0981   4.720147    31.3078       1101     4.5833  0.000e+00
      5.705    24.0980   4.720133    31.3078       1102     4.5875  0.000e+00
      5.698    24.0981   4.720147    31.3079       1103     4.5917  0.000e+00
      5.684    24.0983   4.720190    31.3080       1104     4.5958  0.000e+00
      5.678    24.0987   4.720175    31.3077       1105     4.6000  0.000e+00
      5.665    24.0989   4.720218    31.3078       1106     4.6042  0.000e+00
      5.652    24.0989   4.720548    31.3103       1107     4.6083  0.000e+00
      5.625    24.0987   4.720634    31.3111       1108     4.6125  0.000e+00
      5.593    24.0982   4.720734    31.3122       1109     4.6167  0.000e+00
      5.559    24.0980   4.720763    31.3125       1110     4.6208  0.000e+00
      5.504    24.0982   4.720748    31.3123       1111     4.6250  0.000e+00
      5.446    24.0984   4.720304    31.3089       1112     4.6292  0.000e+00
      5.372    24.0985   4.720190    31.3080       1113     4.6333  0.000e+00
      5.300    24.0989   4.720197    31.3078       1114     4.6375  0.000e+00
      5.221    24.0992   4.720247    31.3080       1115     4.6417  0.000e+00
      5.148    24.0993   4.720254    31.3080       1116     4.6458  0.000e+00
      5.064    24.0993   4.720304    31.3084       1117     4.6500  0.000e+00
      5.002    24.0996   4.720254    31.3078       1118     4.6542  0.000e+00
      4.941    24.0995   4.720412    31.3091       1119     4.6583  0.000e+00
      4.881    24.0995   4.720440    31.3093       1120     4.6625  0.000e+00
      4.829    24.0996   4.720440    31.3092       1121     4.6667  0.000e+00
      4.778    24.0997   4.720354    31.3085       1122     4.6708  0.000e+00
      4.728    24.0996   4.720361    31.3087       1123     4.6750  0.000e+00
      4.686    24.0991   4.720383    31.3092       1124     4.6792  0.000e+00
      4.651    24.0992   4.720118    31.3072       1125     4.6833  0.000e+00
      4.613    24.0989   4.720218    31.3081       1126     4.6875  0.000e+00
      4.588    24.0984   4.720039    31.3072       1127     4.6917  0.000e+00
      4.559    24.0981   4.720025    31.3073       1128     4.6958  0.000e+00
      4.549    24.0979   4.719795    31.3057       1129     4.7000  0.000e+00
      4.536    24.0970   4.719802    31.3064       1130     4.7042  0.000e+00
      4.523    24.0961   4.719638    31.3058       1131     4.7083  0.000e+00
      4.517    24.0957   4.719688    31.3065       1132     4.7125  0.000e+00
      4.499    24.0952   4.719853    31.3081       1133     4.7167  0.000e+00
      4.494    24.0956   4.720068    31.3094       1134     4.7208  0.000e+00
      4.470    24.0964   4.720247    31.3101       1135     4.7250  0.000e+00
      4.443    24.0972   4.720275    31.3098       1136     4.7292  0.000e+00
      4.412    24.0981   4.720304    31.3094       1137     4.7333  0.000e+00
      4.387    24.0983   4.720440    31.3103       1138     4.7375  0.000e+00
      4.358    24.0987   4.720383    31.3096       1139     4.7417  0.000e+00
      4.333    24.0992   4.720175    31.3077       1140     4.7458  0.000e+00
      4.297    24.0989   4.719996    31.3066       1141     4.7500  0.000e+00
      4.256    24.0986   4.719960    31.3065       1142     4.7542  0.000e+00
      4.218    24.0982   4.720117    31.3080       1143     4.7583  0.000e+00
      4.179    24.0983   4.720160    31.3083       1144     4.7625  0.000e+00
      4.128    24.0990   4.720382    31.3094       1145     4.7667  0.000e+00
      4.088    24.0996   4.720554    31.3103       1146     4.7708  0.000e+00
      4.041    24.1008   4.720547    31.3094       1147     4.7750  0.000e+00
      3.996    24.1014   4.720554    31.3091       1148     4.7792  0.000e+00
      3.944    24.1016   4.720547    31.3089       1149     4.7833  0.000e+00
      3.893    24.1020   4.720382    31.3074       1150     4.7875  0.000e+00
      3.841    24.1018   4.720275    31.3068       1151     4.7917  0.000e+00
      3.783    24.1014   4.720332    31.3075       1152     4.7958  0.000e+00
      3.724    24.1011   4.720468    31.3087       1153     4.8000  0.000e+00
      3.677    24.1012   4.720440    31.3085       1154     4.8042  0.000e+00
      3.622    24.1011   4.720440    31.3085       1155     4.8083  0.000e+00
      3.581    24.1015   4.720518    31.3089       1156     4.8125  0.000e+00
      3.554    24.1014   4.720497    31.3088       1157     4.8167  0.000e+00
      3.534    24.1016   4.720468    31.3084       1158     4.8208  0.000e+00
      3.519    24.1016   4.720439    31.3082       1159     4.8250  0.000e+00
      3.516    24.1019   4.720490    31.3084       1160     4.8292  0.000e+00
      3.514    24.1021   4.720497    31.3083       1161     4.8333  0.000e+00
      3.521    24.1022   4.720547    31.3086       1162     4.8375  0.000e+00
      3.526    24.1024   4.720583    31.3087       1163     4.8417  0.000e+00
      3.540    24.1026   4.720597    31.3087       1164     4.8458  0.000e+00
      3.542    24.1023   4.720525    31.3084       1165     4.8500  0.000e+00
      3.543    24.1025   4.720597    31.3088       1166     4.8542  0.000e+00
      3.532    24.1021   4.720597    31.3090       1167     4.8583  0.000e+00
      3.525    24.1021   4.720611    31.3091       1168     4.8625  0.000e+00
      3.496    24.1022   4.720626    31.3092       1169     4.8667  0.000e+00
      3.456    24.1023   4.720246    31.3063       1170     4.8708  0.000e+00
      3.406    24.1019   4.720117    31.3057       1171     4.8750  0.000e+00
      3.343    24.1016   4.720189    31.3064       1172     4.8792  0.000e+00
      3.292    24.1014   4.720411    31.3082       1173     4.8833  0.000e+00
      3.243    24.1015   4.720611    31.3097       1174     4.8875  0.000e+00
      3.216    24.1018   4.720676    31.3099       1175     4.8917  0.000e+00
      3.182    24.1021   4.720747    31.3103       1176     4.8958  0.000e+00
      3.149    24.1024   4.720332    31.3070       1177     4.9000  0.000e+00
      3.116    24.1021   4.720224    31.3064       1178     4.9042  0.000e+00
      3.084    24.1013   4.720303    31.3076       1179     4.9083  0.000e+00
      3.033    24.1011   4.720174    31.3067       1180     4.9125  0.000e+00
      2.988    24.1016   4.720052    31.3055       1181     4.9167  0.000e+00
      2.943    24.1015   4.720038    31.3055       1182     4.9208  0.000e+00
      2.894    24.1013   4.720052    31.3057       1183     4.9250  0.000e+00
      2.851    24.1012   4.720067    31.3059       1184     4.9292  0.000e+00
      2.817    24.1011   4.720024    31.3057       1185     4.9333  0.000e+00
      2.803    24.1011   4.719981    31.3054       1186     4.9375  0.000e+00
      2.796    24.1009   4.719966    31.3054       1187     4.9417  0.000e+00
      2.789    24.1005   4.720009    31.3060       1188     4.9458  0.000e+00
      2.789    24.1005   4.719959    31.3056       1189     4.9500  0.000e+00
      2.788    24.0999   4.720024    31.3065       1190     4.9542  0.000e+00
      2.790    24.1000   4.720067    31.3068       1191     4.9583  0.000e+00
      2.773    24.1001   4.720102    31.3070       1192     4.9625  0.000e+00
      2.759    24.1006   4.720145    31.3070       1193     4.9667  0.000e+00
      2.743    24.1012   4.720160    31.3067       1194     4.9708  0.000e+00
      2.723    24.1017   4.720009    31.3052       1195     4.9750  0.000e+00
      2.710    24.1014   4.719966    31.3051       1196     4.9792  0.000e+00
      2.690    24.1006   4.719902    31.3052       1197     4.9833  0.000e+00
      2.677    24.1003   4.719823    31.3048       1198     4.9875  0.000e+00
      2.673    24.0996   4.719823    31.3053       1199     4.9917  0.000e+00
      2.660    24.0991   4.719852    31.3059       1200     4.9958  0.000e+00
      2.648    24.0988   4.719909    31.3065       1201     5.0000  0.000e+00
      2.630    24.0987   4.719744    31.3054       1202     5.0042  0.000e+00
      2.593    24.0991   4.719909    31.3063       1203     5.0083  0.000e+00
      2.548    24.0992   4.719902    31.3062       1204     5.0125  0.000e+00
      2.478    24.0994   4.719995    31.3068       1205     5.0167  0.000e+00
      2.394    24.0999   4.720009    31.3066       1206     5.0208  0.000e+00
      2.324    24.1002   4.719801    31.3048       1207     5.0250  0.000e+00
      2.263    24.0998   4.719880    31.3057       1208     5.0292  0.000e+00
      2.226    24.0998   4.719801    31.3051       1209     5.0333  0.000e+00
      2.208    24.0998   4.719744    31.3047       1210     5.0375  0.000e+00
      2.201    24.0990   4.719880    31.3063       1211     5.0417  0.000e+00
      2.206    24.0987   4.719930    31.3069       1212     5.0458  0.000e+00
      2.201    24.0994   4.719852    31.3058       1213     5.0500  0.000e+00
      2.213    24.0992   4.719995    31.3070       1214     5.0542  0.000e+00
      2.200    24.1000   4.720117    31.3073       1215     5.0583  0.000e+00
      2.175    24.1012   4.720188    31.3070       1216     5.0625  0.000e+00
      2.088    24.1023   4.720253    31.3068       1217     5.0667  0.000e+00
      1.989    24.1027   4.720131    31.3056       1218     5.0708  0.000e+00
      1.891    24.1027   4.720224    31.3063       1219     5.0750  0.000e+00
      1.803    24.1034   4.720274    31.3062       1220     5.0792  0.000e+00
      1.752    24.1042   4.720252    31.3055       1221     5.0833  0.000e+00
      1.718    24.1048   4.720245    31.3051       1222     5.0875  0.000e+00
      1.709    24.1052   4.720224    31.3046       1223     5.0917  0.000e+00
      1.693    24.1056   4.720145    31.3038       1224     5.0958  0.000e+00
      1.682    24.1054   4.719966    31.3026       1225     5.1000  0.000e+00
      1.686    24.1047   4.719959    31.3030       1226     5.1042  0.000e+00
      1.687    24.1036   4.719823    31.3028       1227     5.1083  0.000e+00
      1.689    24.1029   4.719823    31.3033       1228     5.1125  0.000e+00
      1.688    24.1020   4.719772    31.3035       1229     5.1167  0.000e+00
      1.675    24.1011   4.719744    31.3040       1230     5.1208  0.000e+00
      1.688    24.1005   4.719772    31.3046       1231     5.1250  0.000e+00
      1.697    24.1004   4.719772    31.3047       1232     5.1292  0.000e+00
      1.700    24.1002   4.719851    31.3054       1233     5.1333  0.000e+00
      1.698    24.1001   4.719823    31.3052       1234     5.1375  0.000e+00
      1.676    24.1000   4.719772    31.3049       1235     5.1417  0.000e+00
      1.626    24.0995   4.719909    31.3063       1236     5.1458  0.000e+00
      1.552    24.1001   4.719608    31.3037       1237     5.1500  0.000e+00
      1.469    24.0996   4.719464    31.3030       1238     5.1542  0.000e+00
      1.386    24.0985   4.719450    31.3037       1239     5.1583  0.000e+00
      1.304    24.0982   4.719772    31.3063       1240     5.1625  0.000e+00
