HB2303/sbe012.cnv
* Sea-Bird SBE 19plus V2 Data File:
* FileName = C:\cruise\data\sbe012.hex
* Software Version Seasave V 7.26.7.121
* Temperature SN = 6128
* Conductivity SN = 6128
* System UpLoad Time = Aug 10 2023 01:19:52
* NMEA Latitude = 40 23.94 N
* NMEA Longitude = 072 53.97 W
* NMEA UTC (Time) = Aug 10 2023 01:19:48
** Ship: Henry Bigelow
** Cruise:  HB2303
** Program:  ECOMON
# nquan = 7
# nvalues = 1158                                  
# units = specified
# name 0 = depSM: Depth [salt water, m]
# name 1 = tv290C: Temperature [ITS-90, deg C]
# name 2 = c0S/m: Conductivity [S/m]
# name 3 = sal00: Salinity, Practical [PSU]
# name 4 = scan: Scan Count
# name 5 = timeM: Time, Elapsed [minutes]
# name 6 = flag:  0.000e+00
# span 0 =     -0.212,     37.517                 
# span 1 =    10.9290,    23.2057                 
# span 2 =   0.000064,   4.531757                 
# span 3 =     0.0111,    33.0770                 
# span 4 =         11,       1168                 
# span 5 =     0.0417,     4.8625                 
# span 6 = 0.0000e+00, 0.0000e+00                 
# interval = seconds: 0.25
# start_time = Aug 10 2023 01:19:48 [NMEA time, header]
# bad_flag = -9.990e-29
*END*
[from data line 206]
     10.909    21.9060   4.485613    31.0822        217     0.9000  0.000e+00
     11.060    21.8727   4.483622    31.0907        218     0.9042  0.000e+00
     11.216    21.8389   4.481639    31.0995        219     0.9083  0.000e+00
     11.371    21.8076   4.479727    31.1071        220     0.9125  0.000e+00
     11.526    21.7797   4.477870    31.1127        221     0.9167  0.000e+00
     11.683    21.7522   4.476645    31.1230        222     0.9208  0.000e+00
     11.840    21.7252   4.475048    31.1300        223     0.9250  0.000e+00
     12.001    21.7000   4.473690    31.1375        224     0.9292  0.000e+00
     12.156    21.6799   4.472444    31.1423        225     0.9333  0.000e+00
     12.311    21.6638   4.470722    31.1404        226     0.9375  0.000e+00
     12.465    21.6467   4.469021    31.1395        227     0.9417  0.000e+00
     12.622    21.6265   4.467432    31.1416        228     0.9458  0.000e+00
     12.777    21.6040   4.465557    31.1432        229     0.9500  0.000e+00
     12.936    21.5775   4.462954    31.1420        230     0.9542  0.000e+00
     13.095    21.5445   4.460122    31.1437        231     0.9583  0.000e+00
     13.253    21.4996   4.455990    31.1438        232     0.9625  0.000e+00
     13.412    21.4496   4.450203    31.1347        233     0.9667  0.000e+00
     13.567    21.3908   4.445146    31.1377        234     0.9708  0.000e+00
     13.715    21.3155   4.440021    31.1521        235     0.9750  0.000e+00
     13.865    21.2282   4.433539    31.1645        236     0.9792  0.000e+00
     14.010    21.1265   4.427737    31.1929        237     0.9833  0.000e+00
     14.151    20.9775   4.419103    31.2334        238     0.9875  0.000e+00
     14.281    20.8076   4.403357    31.2331        239     0.9917  0.000e+00
     14.420    20.5875   4.381593    31.2217        240     0.9958  0.000e+00
     14.548    20.3316   4.365017    31.2779        241     1.0000  0.000e+00
     14.668    20.0026   4.348343    31.3880        242     1.0042  0.000e+00
     14.792    19.6507   4.330598    31.5077        243     1.0083  0.000e+00
     14.910    19.2858   4.316525    31.6685        244     1.0125  0.000e+00
     15.023    18.9701   4.308467    31.8433        245     1.0167  0.000e+00
     15.137    18.7288   4.297913    31.9417        246     1.0208  0.000e+00
     15.246    18.5440   4.284205    31.9708        247     1.0250  0.000e+00
     15.354    18.3717   4.278287    32.0553        248     1.0292  0.000e+00
     15.470    18.2091   4.280696    32.2027        249     1.0333  0.000e+00
     15.580    18.0662   4.286193    32.3615        250     1.0375  0.000e+00
     15.703    17.9526   4.291315    32.4949        251     1.0417  0.000e+00
     15.825    17.8695   4.296417    32.6043        252     1.0458  0.000e+00
     15.957    17.7991   4.300765    32.6975        253     1.0500  0.000e+00
     16.091    17.7271   4.302109    32.7668        254     1.0542  0.000e+00
     16.230    17.6484   4.298308    32.7977        255     1.0583  0.000e+00
     16.370    17.5589   4.287191    32.7750        256     1.0625  0.000e+00
     16.519    17.4687   4.272899    32.7256        257     1.0667  0.000e+00
     16.660    17.3731   4.257288    32.6690        258     1.0708  0.000e+00
     16.808    17.2321   4.243681    32.6661        259     1.0750  0.000e+00
     16.947    17.0635   4.224423    32.6365        260     1.0792  0.000e+00
     17.093    16.8219   4.205474    32.6687        261     1.0833  0.000e+00
     17.234    16.5310   4.186650    32.7422        262     1.0875  0.000e+00
     17.378    16.2522   4.168765    32.8145        263     1.0917  0.000e+00
     17.517    15.9726   4.154076    32.9163        264     1.0958  0.000e+00
     17.665    15.7050   4.139970    33.0141        265     1.1000  0.000e+00
     17.808    15.4574   4.123765    33.0770        266     1.1042  0.000e+00
     17.949    15.2262   4.083685    32.9115        267     1.1083  0.000e+00
     18.092    14.9744   3.901303    31.4790        268     1.1125  0.000e+00
     18.235    14.4916   3.861908    31.5136        269     1.1167  0.000e+00
     18.372    13.9835   3.840627    31.7350        270     1.1208  0.000e+00
     18.514    13.5844   3.838435    32.0465        271     1.1250  0.000e+00
     18.648    13.3272   3.832765    32.2101        272     1.1292  0.000e+00
     18.783    13.1677   3.831079    32.3297        273     1.1333  0.000e+00
     18.917    13.0638   3.822490    32.3373        274     1.1375  0.000e+00
     19.043    12.9793   3.817569    32.3630        275     1.1417  0.000e+00
     19.171    12.9049   3.816527    32.4168        276     1.1458  0.000e+00
     19.300    12.8512   3.807754    32.3797        277     1.1500  0.000e+00
     19.423    12.7918   3.799408    32.3514        278     1.1542  0.000e+00
     19.547    12.7222   3.787694    32.2999        279     1.1583  0.000e+00
     19.661    12.6308   3.781393    32.3183        280     1.1625  0.000e+00
     19.778    12.5437   3.771066    32.2947        281     1.1667  0.000e+00
     19.892    12.4574   3.765128    32.3121        282     1.1708  0.000e+00
     19.997    12.3771   3.759624    32.3286        283     1.1750  0.000e+00
     20.112    12.3088   3.751888    32.3133        284     1.1792  0.000e+00
     20.224    12.2398   3.748456    32.3399        285     1.1833  0.000e+00
     20.334    12.1798   3.744100    32.3499        286     1.1875  0.000e+00
     20.437    12.1278   3.741458    32.3694        287     1.1917  0.000e+00
     20.546    12.0842   3.739376    32.3871        288     1.1958  0.000e+00
     20.654    12.0494   3.738778    32.4115        289     1.2000  0.000e+00
     20.762    12.0255   3.737660    32.4214        290     1.2042  0.000e+00
     20.871    12.0097   3.736541    32.4243        291     1.2083  0.000e+00
     20.992    11.9966   3.736652    32.4367        292     1.2125  0.000e+00
     21.107    11.9892   3.735832    32.4352        293     1.2167  0.000e+00
     21.228    11.9826   3.734831    32.4312        294     1.2208  0.000e+00
     21.360    11.9747   3.734551    32.4353        295     1.2250  0.000e+00
     21.501    11.9694   3.736119    32.4550        296     1.2292  0.000e+00
     21.642    11.9693   3.732081    32.4160        297     1.2333  0.000e+00
     21.797    11.9587   3.730540    32.4103        298     1.2375  0.000e+00
     21.960    11.9426   3.733329    32.4512        299     1.2417  0.000e+00
     22.123    11.9370   3.728785    32.4120        300     1.2458  0.000e+00
     22.289    11.9226   3.724367    32.3818        301     1.2500  0.000e+00
     22.459    11.8918   3.720562    32.3717        302     1.2542  0.000e+00
     22.628    11.8543   3.716946    32.3692        303     1.2583  0.000e+00
     22.795    11.8150   3.715590    32.3901        304     1.2625  0.000e+00
     22.955    11.7824   3.710361    32.3677        305     1.2667  0.000e+00
     23.111    11.7440   3.707722    32.3755        306     1.2708  0.000e+00
     23.250    11.7046   3.699750    32.3323        307     1.2750  0.000e+00
     23.392    11.6533   3.700438    32.3836        308     1.2792  0.000e+00
     23.523    11.6142   3.697607    32.3902        309     1.2833  0.000e+00
     23.647    11.5824   3.692434    32.3675        310     1.2875  0.000e+00
     23.768    11.5432   3.688816    32.3664        311     1.2917  0.000e+00
     23.886    11.5016   3.684385    32.3594        312     1.2958  0.000e+00
     23.996    11.4581   3.681158    32.3659        313     1.3000  0.000e+00
     24.108    11.4169   3.679711    32.3878        314     1.3042  0.000e+00
     24.223    11.3842   3.680862    32.4277        315     1.3083  0.000e+00
     24.339    11.3668   3.678916    32.4238        316     1.3125  0.000e+00
     24.454    11.3538   3.678302    32.4292        317     1.3167  0.000e+00
     24.572    11.3414   3.678555    32.4425        318     1.3208  0.000e+00
     24.696    11.3316   3.678736    32.4528        319     1.3250  0.000e+00
     24.825    11.3249   3.678484    32.4562        320     1.3292  0.000e+00
     24.962    11.3194   3.678891    32.4650        321     1.3333  0.000e+00
     25.095    11.3170   3.679984    32.4777        322     1.3375  0.000e+00
     25.244    11.3220   3.678503    32.4588        323     1.3417  0.000e+00
     25.388    11.3208   3.675698    32.4322        324     1.3458  0.000e+00
     25.538    11.3098   3.676758    32.4522        325     1.3500  0.000e+00
     25.691    11.3039   3.676487    32.4547        326     1.3542  0.000e+00
     25.836    11.3006   3.672591    32.4193        327     1.3583  0.000e+00
     25.985    11.2838   3.670221    32.4108        328     1.3625  0.000e+00
     26.132    11.2595   3.668794    32.4180        329     1.3667  0.000e+00
     26.278    11.2356   3.667962    32.4307        330     1.3708  0.000e+00
     26.419    11.2140   3.666942    32.4397        331     1.3750  0.000e+00
     26.554    11.1955   3.666445    32.4511        332     1.3792  0.000e+00
     26.690    11.1795   3.665316    32.4540        333     1.3833  0.000e+00
     26.827    11.1648   3.663528    32.4492        334     1.3875  0.000e+00
     26.955    11.1479   3.662089    32.4500        335     1.3917  0.000e+00
     27.082    11.1312   3.661799    32.4617        336     1.3958  0.000e+00
     27.212    11.1162   3.661574    32.4727        337     1.4000  0.000e+00
     27.339    11.1014   3.660896    32.4791        338     1.4042  0.000e+00
     27.463    11.0869   3.660761    32.4905        339     1.4083  0.000e+00
     27.585    11.0756   3.659665    32.4895        340     1.4125  0.000e+00
     27.707    11.0639   3.659162    32.4949        341     1.4167  0.000e+00
     27.834    11.0534   3.658936    32.5019        342     1.4208  0.000e+00
     27.949    11.0460   3.658620    32.5053        343     1.4250  0.000e+00
     28.074    11.0398   3.658285    32.5074        344     1.4292  0.000e+00
     28.204    11.0345   3.658285    32.5121        345     1.4333  0.000e+00
     28.334    11.0311   3.658079    32.5129        346     1.4375  0.000e+00
     28.471    11.0282   3.657898    32.5137        347     1.4417  0.000e+00
     28.616    11.0264   3.657744    32.5137        348     1.4458  0.000e+00
     28.757    11.0244   3.657898    32.5169        349     1.4500  0.000e+00
     28.921    11.0240   3.658331    32.5215        350     1.4542  0.000e+00
     29.078    11.0259   3.658685    32.5232        351     1.4583  0.000e+00
     29.244    11.0284   3.659066    32.5247        352     1.4625  0.000e+00
     29.414    11.0315   3.659750    32.5287        353     1.4667  0.000e+00
     29.584    11.0352   3.657879    32.5068        354     1.4708  0.000e+00
     29.761    11.0307   3.657176    32.5038        355     1.4750  0.000e+00
     29.925    11.0217   3.657267    32.5126        356     1.4792  0.000e+00
     30.084    11.0155   3.656706    32.5124        357     1.4833  0.000e+00
     30.236    11.0100   3.656280    32.5131        358     1.4875  0.000e+00
     30.378    11.0047   3.655313    32.5081        359     1.4917  0.000e+00
     30.505    10.9978   3.654437    32.5055        360     1.4958  0.000e+00
     30.636    10.9899   3.654276    32.5109        361     1.5000  0.000e+00
     30.752    10.9838   3.654185    32.5153        362     1.5042  0.000e+00
     30.869    10.9797   3.654347    32.5205        363     1.5083  0.000e+00
     30.989    10.9773   3.653986    32.5190        364     1.5125  0.000e+00
     31.104    10.9750   3.653902    32.5202        365     1.5167  0.000e+00
     31.216    10.9724   3.653780    32.5212        366     1.5208  0.000e+00
     31.330    10.9703   3.653670    32.5219        367     1.5250  0.000e+00
     31.449    10.9685   3.653245    32.5192        368     1.5292  0.000e+00
     31.567    10.9660   3.653129    32.5203        369     1.5333  0.000e+00
     31.688    10.9635   3.653039    32.5215        370     1.5375  0.000e+00
     31.812    10.9616   3.653110    32.5239        371     1.5417  0.000e+00
     31.948    10.9607   3.652929    32.5228        372     1.5458  0.000e+00
     32.087    10.9596   3.653219    32.5266        373     1.5500  0.000e+00
     32.226    10.9594   3.653174    32.5263        374     1.5542  0.000e+00
     32.382    10.9594   3.653445    32.5289        375     1.5583  0.000e+00
     32.533    10.9596   3.653110    32.5254        376     1.5625  0.000e+00
     32.683    10.9587   3.652949    32.5244        377     1.5667  0.000e+00
     32.837    10.9573   3.653149    32.5276        378     1.5708  0.000e+00
     32.999    10.9570   3.653265    32.5290        379     1.5750  0.000e+00
     33.156    10.9569   3.653200    32.5283        380     1.5792  0.000e+00
     33.319    10.9564   3.653420    32.5309        381     1.5833  0.000e+00
     33.478    10.9566   3.653336    32.5298        382     1.5875  0.000e+00
     33.644    10.9567   3.653510    32.5314        383     1.5917  0.000e+00
     33.805    10.9575   3.653736    32.5328        384     1.5958  0.000e+00
     33.965    10.9586   3.653968    32.5341        385     1.6000  0.000e+00
     34.119    10.9603   3.653897    32.5319        386     1.6042  0.000e+00
     34.256    10.9608   3.653961    32.5320        387     1.6083  0.000e+00
     34.390    10.9608   3.653510    32.5275        388     1.6125  0.000e+00
     34.511    10.9591   3.653465    32.5284        389     1.6167  0.000e+00
     34.634    10.9578   3.653626    32.5312        390     1.6208  0.000e+00
     34.735    10.9576   3.653555    32.5305        391     1.6250  0.000e+00
     34.847    10.9575   3.653446    32.5295        392     1.6292  0.000e+00
     34.957    10.9570   3.653291    32.5284        393     1.6333  0.000e+00
     35.062    10.9562   3.653491    32.5310        394     1.6375  0.000e+00
     35.174    10.9560   3.653646    32.5327        395     1.6417  0.000e+00
     35.295    10.9565   3.653556    32.5313        396     1.6458  0.000e+00
     35.423    10.9572   3.653536    32.5305        397     1.6500  0.000e+00
     35.548    10.9571   3.653536    32.5305        398     1.6542  0.000e+00
     35.678    10.9566   3.653601    32.5315        399     1.6583  0.000e+00
     35.821    10.9566   3.653807    32.5335        400     1.6625  0.000e+00
     35.971    10.9576   3.653646    32.5309        401     1.6667  0.000e+00
     36.133    10.9581   3.653872    32.5327        402     1.6708  0.000e+00
     36.305    10.9589   3.653962    32.5328        403     1.6750  0.000e+00
     36.474    10.9597   3.654052    32.5328        404     1.6792  0.000e+00
     36.653    10.9605   3.654033    32.5320        405     1.6833  0.000e+00
     36.839    10.9609   3.654278    32.5339        406     1.6875  0.000e+00
     37.018    10.9618   3.653717    32.5275        407     1.6917  0.000e+00
     37.198    10.9605   3.653672    32.5281        408     1.6958  0.000e+00
     37.381    10.9577   3.653511    32.5289        409     1.7000  0.000e+00
     37.477    10.9542   3.652931    32.5262        410     1.7042  0.000e+00
     37.517    10.9488   3.652918    32.5309        411     1.7083  0.000e+00
     37.493    10.9434   3.652570    32.5322        412     1.7125  0.000e+00
     37.421    10.9374   3.652390    32.5358        413     1.7167  0.000e+00
     37.376    10.9327   3.652345    32.5395        414     1.7208  0.000e+00
     37.345    10.9302   3.652300    32.5413        415     1.7250  0.000e+00
     37.308    10.9290   3.652300    32.5424        416     1.7292  0.000e+00
     37.251    10.9294   3.652300    32.5421        417     1.7333  0.000e+00
     37.201    10.9305   3.652293    32.5410        418     1.7375  0.000e+00
     37.152    10.9317   3.652280    32.5399        419     1.7417  0.000e+00
     37.105    10.9326   3.652300    32.5393        420     1.7458  0.000e+00
