HB2303/sbe013.cnv
* Sea-Bird SBE 19plus V2 Data File:
* FileName = C:\cruise\data\sbe013.hex
* Software Version Seasave V 7.26.7.121
* Temperature SN = 6128
* Conductivity SN = 6128
* System UpLoad Time = Aug 10 2023 03:26:28
* NMEA Latitude = 40 12.29 N
* NMEA Longitude = 073 17.70 W
* NMEA UTC (Time) = Aug 10 2023 03:26:24
** Ship: Henry Bigelow
** Cruise:  HB2303
** Program:  ECOMON
# nquan = 7
# nvalues = 1167                                  
# units = specified
# name 0 = depSM: Depth [salt water, m]
# name 1 = tv290C: Temperature [ITS-90, deg C]
# name 2 = c0S/m: Conductivity [S/m]
# name 3 = sal00: Salinity, Practical [PSU]
# name 4 = scan: Scan Count
# name 5 = timeM: Time, Elapsed [minutes]
# name 6 = flag:  0.000e+00
# span 0 =     -0.210,     31.568                 
# span 1 =    12.0115,    23.2670                 
# span 2 =   0.000019,   4.511014                 
# span 3 =     0.0110,    32.3366                 
# span 4 =         11,       1177                 
# span 5 =     0.0417,     4.9000                 
# span 6 = 0.0000e+00, 0.0000e+00                 
# interval = seconds: 0.25
# start_time = Aug 10 2023 03:26:24 [NMEA time, header]
# bad_flag = -9.990e-29
*END*
[from data line 411]
     25.621    12.2759   3.741920    32.2439        422     1.7542  0.000e+00
     25.485    12.2833   3.742285    32.2410        423     1.7583  0.000e+00
     25.350    12.2894   3.742454    32.2374        424     1.7625  0.000e+00
     25.216    12.2939   3.742688    32.2359        425     1.7667  0.000e+00
     25.086    12.2973   3.742877    32.2348        426     1.7708  0.000e+00
     24.958    12.3003   3.743169    32.2351        427     1.7750  0.000e+00
     24.822    12.3030   3.743495    32.2359        428     1.7792  0.000e+00
     24.707    12.3059   3.743625    32.2347        429     1.7833  0.000e+00
     24.588    12.3088   3.743911    32.2350        430     1.7875  0.000e+00
     24.463    12.3115   3.744373    32.2372        431     1.7917  0.000e+00
     24.338    12.3151   3.744575    32.2361        432     1.7958  0.000e+00
     24.213    12.3186   3.744744    32.2347        433     1.8000  0.000e+00
     24.089    12.3216   3.745565    32.2401        434     1.8042  0.000e+00
     23.964    12.3263   3.746365    32.2438        435     1.8083  0.000e+00
     23.834    12.3333   3.747922    32.2527        436     1.8125  0.000e+00
     23.705    12.3447   3.749387    32.2570        437     1.8167  0.000e+00
     23.575    12.3587   3.751608    32.2662        438     1.8208  0.000e+00
     23.444    12.3776   3.755257    32.2850        439     1.8250  0.000e+00
     23.323    12.4050   3.758764    32.2950        440     1.8292  0.000e+00
     23.194    12.4400   3.760583    32.2823        441     1.8333  0.000e+00
     23.090    12.4723   3.761182    32.2604        442     1.8375  0.000e+00
     22.976    12.4958   3.762532    32.2531        443     1.8417  0.000e+00
     22.866    12.5150   3.763210    32.2431        444     1.8458  0.000e+00
     22.761    12.5316   3.764221    32.2386        445     1.8500  0.000e+00
     22.669    12.5456   3.764586    32.2301        446     1.8542  0.000e+00
     22.566    12.5570   3.765506    32.2292        447     1.8583  0.000e+00
     22.472    12.5672   3.766752    32.2323        448     1.8625  0.000e+00
     22.380    12.5796   3.768690    32.2402        449     1.8667  0.000e+00
     22.279    12.5966   3.770857    32.2463        450     1.8708  0.000e+00
     22.194    12.6173   3.771863    32.2382        451     1.8750  0.000e+00
     22.098    12.6361   3.773018    32.2331        452     1.8792  0.000e+00
     22.008    12.6529   3.774337    32.2314        453     1.8833  0.000e+00
     21.915    12.6688   3.774977    32.2238        454     1.8875  0.000e+00
     21.815    12.6823   3.775506    32.2173        455     1.8917  0.000e+00
     21.712    12.6927   3.776381    32.2168        456     1.8958  0.000e+00
     21.608    12.7033   3.779138    32.2340        457     1.9000  0.000e+00
     21.504    12.7215   3.782013    32.2458        458     1.9042  0.000e+00
     21.409    12.7478   3.786982    32.2705        459     1.9083  0.000e+00
     21.304    12.7871   3.796436    32.3266        460     1.9125  0.000e+00
     21.210    12.8537   3.803515    32.3366        461     1.9167  0.000e+00
     21.112    12.9342   3.808225    32.3124        462     1.9208  0.000e+00
     21.029    13.0097   3.812761    32.2908        463     1.9250  0.000e+00
     20.944    13.0772   3.814019    32.2453        464     1.9292  0.000e+00
     20.854    13.1265   3.814950    32.2123        465     1.9333  0.000e+00
     20.767    13.1599   3.816143    32.1952        466     1.9375  0.000e+00
     20.684    13.1854   3.816432    32.1763        467     1.9417  0.000e+00
     20.610    13.2030   3.816504    32.1621        468     1.9458  0.000e+00
     20.534    13.2132   3.816648    32.1548        469     1.9500  0.000e+00
     20.464    13.2196   3.816661    32.1496        470     1.9542  0.000e+00
     20.395    13.2234   3.816766    32.1474        471     1.9583  0.000e+00
     20.323    13.2258   3.816392    32.1418        472     1.9625  0.000e+00
     20.257    13.2269   3.816313    32.1402        473     1.9667  0.000e+00
     20.186    13.2271   3.816438    32.1413        474     1.9708  0.000e+00
     20.118    13.2274   3.816195    32.1387        475     1.9750  0.000e+00
     20.044    13.2275   3.816208    32.1388        476     1.9792  0.000e+00
     19.983    13.2279   3.816339    32.1397        477     1.9833  0.000e+00
     19.918    13.2291   3.816346    32.1388        478     1.9875  0.000e+00
     19.851    13.2304   3.817474    32.1483        479     1.9917  0.000e+00
     19.784    13.2359   3.818917    32.1572        480     1.9958  0.000e+00
     19.728    13.2479   3.821201    32.1685        481     2.0000  0.000e+00
     19.663    13.2667   3.822192    32.1619        482     2.0042  0.000e+00
     19.605    13.2851   3.822376    32.1482        483     2.0083  0.000e+00
     19.555    13.2978   3.822526    32.1388        484     2.0125  0.000e+00
     19.511    13.3054   3.822736    32.1343        485     2.0167  0.000e+00
     19.488    13.3106   3.822999    32.1324        486     2.0208  0.000e+00
     19.455    13.3144   3.823051    32.1297        487     2.0250  0.000e+00
     19.428    13.3171   3.822953    32.1266        488     2.0292  0.000e+00
     19.411    13.3180   3.823117    32.1273        489     2.0333  0.000e+00
     19.391    13.3191   3.823334    32.1284        490     2.0375  0.000e+00
     19.379    13.3208   3.823478    32.1284        491     2.0417  0.000e+00
     19.362    13.3225   3.823570    32.1278        492     2.0458  0.000e+00
     19.353    13.3238   3.823524    32.1263        493     2.0500  0.000e+00
     19.337    13.3246   3.823504    32.1254        494     2.0542  0.000e+00
     19.324    13.3246   3.823570    32.1261        495     2.0583  0.000e+00
     19.319    13.3247   3.823478    32.1251        496     2.0625  0.000e+00
     19.305    13.3250   3.823590    32.1259        497     2.0667  0.000e+00
     19.288    13.3251   3.823596    32.1259        498     2.0708  0.000e+00
     19.281    13.3252   3.823498    32.1249        499     2.0750  0.000e+00
     19.268    13.3251   3.823550    32.1255        500     2.0792  0.000e+00
     19.259    13.3250   3.823550    32.1255        501     2.0833  0.000e+00
     19.254    13.3250   3.823662    32.1266        502     2.0875  0.000e+00
     19.239    13.3252   3.823616    32.1260        503     2.0917  0.000e+00
     19.232    13.3254   3.823590    32.1256        504     2.0958  0.000e+00
     19.221    13.3252   3.823524    32.1251        505     2.1000  0.000e+00
     19.210    13.3249   3.823570    32.1259        506     2.1042  0.000e+00
     19.207    13.3251   3.823570    32.1257        507     2.1083  0.000e+00
     19.199    13.3250   3.823544    32.1255        508     2.1125  0.000e+00
     19.192    13.3248   3.823458    32.1249        509     2.1167  0.000e+00
     19.185    13.3245   3.823471    32.1253        510     2.1208  0.000e+00
     19.165    13.3240   3.823550    32.1265        511     2.1250  0.000e+00
     19.145    13.3240   3.823635    32.1272        512     2.1292  0.000e+00
     19.120    13.3245   3.823589    32.1264        513     2.1333  0.000e+00
     19.102    13.3249   3.823681    32.1270        514     2.1375  0.000e+00
     19.073    13.3253   3.823806    32.1278        515     2.1417  0.000e+00
     19.048    13.3261   3.823957    32.1285        516     2.1458  0.000e+00
     19.017    13.3270   3.824141    32.1295        517     2.1500  0.000e+00
     18.987    13.3288   3.825717    32.1428        518     2.1542  0.000e+00
     18.949    13.3366   3.829887    32.1752        519     2.1583  0.000e+00
     18.911    13.3596   3.833100    32.1858        520     2.1625  0.000e+00
     18.879    13.3917   3.834145    32.1685        521     2.1667  0.000e+00
     18.843    13.4183   3.835867    32.1621        522     2.1708  0.000e+00
     18.801    13.4418   3.837372    32.1564        523     2.1750  0.000e+00
     18.751    13.4641   3.838391    32.1471        524     2.1792  0.000e+00
     18.702    13.4827   3.838706    32.1344        525     2.1833  0.000e+00
     18.660    13.4958   3.839515    32.1309        526     2.1875  0.000e+00
     18.604    13.5065   3.839732    32.1239        527     2.1917  0.000e+00
     18.545    13.5147   3.840074    32.1203        528     2.1958  0.000e+00
     18.496    13.5209   3.840159    32.1159        529     2.2000  0.000e+00
     18.431    13.5249   3.840159    32.1125        530     2.2042  0.000e+00
     18.366    13.5275   3.840225    32.1110        531     2.2083  0.000e+00
     18.297    13.5294   3.840231    32.1095        532     2.2125  0.000e+00
     18.228    13.5304   3.840139    32.1078        533     2.2167  0.000e+00
     18.165    13.5305   3.840613    32.1122        534     2.2208  0.000e+00
     18.093    13.5323   3.840573    32.1103        535     2.2250  0.000e+00
     18.030    13.5356   3.847876    32.1756        536     2.2292  0.000e+00
     17.970    13.5607   3.850476    32.1787        537     2.2333  0.000e+00
     17.903    13.5965   3.850542    32.1492        538     2.2375  0.000e+00
     17.847    13.6208   3.850890    32.1320        539     2.2417  0.000e+00
     17.789    13.6359   3.851772    32.1275        540     2.2458  0.000e+00
     17.733    13.6480   3.854505    32.1428        541     2.2500  0.000e+00
     17.674    13.6661   3.858557    32.1653        542     2.2542  0.000e+00
     17.619    13.6962   3.862419    32.1758        543     2.2583  0.000e+00
     17.569    13.7375   3.864613    32.1615        544     2.2625  0.000e+00
     17.520    13.7789   3.868623    32.1639        545     2.2667  0.000e+00
     17.462    13.8192   3.872225    32.1635        546     2.2708  0.000e+00
     17.418    13.8621   3.874626    32.1498        547     2.2750  0.000e+00
     17.370    13.9053   3.876725    32.1331        548     2.2792  0.000e+00
     17.325    13.9458   3.877741    32.1086        549     2.2833  0.000e+00
     17.274    13.9768   3.877813    32.0834        550     2.2875  0.000e+00
     17.217    13.9968   3.876843    32.0578        551     2.2917  0.000e+00
     17.161    14.0102   3.876288    32.0416        552     2.2958  0.000e+00
     17.103    14.0267   3.877760    32.0414        553     2.3000  0.000e+00
     17.044    14.0527   3.885058    32.0869        554     2.3042  0.000e+00
     16.978    14.0962   3.891357    32.1086        555     2.3083  0.000e+00
     16.910    14.1505   3.895212    32.0989        556     2.3125  0.000e+00
     16.842    14.1997   3.897401    32.0780        557     2.3167  0.000e+00
     16.781    14.2409   3.900021    32.0679        558     2.3208  0.000e+00
     16.698    14.2780   3.902271    32.0577        559     2.3250  0.000e+00
     16.625    14.3107   3.902966    32.0370        560     2.3292  0.000e+00
     16.544    14.3345   3.902780    32.0156        561     2.3333  0.000e+00
     16.473    14.3495   3.901688    31.9933        562     2.3375  0.000e+00
     16.400    14.3569   3.900278    31.9743        563     2.3417  0.000e+00
     16.326    14.3584   3.899708    31.9678        564     2.3458  0.000e+00
     16.257    14.3585   3.900139    31.9717        565     2.3500  0.000e+00
     16.192    14.3608   3.900972    31.9775        566     2.3542  0.000e+00
     16.126    14.3671   3.902151    31.9830        567     2.3583  0.000e+00
     16.059    14.3769   3.903329    31.9857        568     2.3625  0.000e+00
     16.003    14.3893   3.904679    31.9879        569     2.3667  0.000e+00
     15.951    14.4030   3.906275    31.9911        570     2.3708  0.000e+00
     15.891    14.4186   3.907924    31.9932        571     2.3750  0.000e+00
     15.837    14.4360   3.909129    31.9899        572     2.3792  0.000e+00
     15.791    14.4544   3.909970    31.9824        573     2.3833  0.000e+00
     15.737    14.4722   3.911196    31.9788        574     2.3875  0.000e+00
     15.683    14.4901   3.913011    31.9806        575     2.3917  0.000e+00
     15.625    14.5102   3.915178    31.9839        576     2.3958  0.000e+00
     15.571    14.5341   3.917007    31.9808        577     2.4000  0.000e+00
     15.508    14.5598   3.917312    31.9624        578     2.4042  0.000e+00
     15.456    14.5852   3.917007    31.9388        579     2.4083  0.000e+00
     15.387    14.6083   3.916814    31.9181        580     2.4125  0.000e+00
     15.324    14.6315   3.917914    31.9090        581     2.4167  0.000e+00
     15.257    14.6571   3.920547    31.9119        582     2.4208  0.000e+00
     15.186    14.6893   3.923763    31.9147        583     2.4250  0.000e+00
     15.114    14.7309   3.928561    31.9240        584     2.4292  0.000e+00
     15.036    14.7830   3.934450    31.9346        585     2.4333  0.000e+00
     14.947    14.8450   3.940176    31.9355        586     2.4375  0.000e+00
     14.862    14.9141   3.946484    31.9359        587     2.4417  0.000e+00
     14.772    14.9891   3.952336    31.9273        588     2.4458  0.000e+00
     14.684    15.0659   3.961189    31.9443        589     2.4500  0.000e+00
     14.594    15.1514   3.970924    31.9619        590     2.4542  0.000e+00
     14.503    15.2496   3.984218    32.0009        591     2.4583  0.000e+00
     14.417    15.3644   3.993400    31.9896        592     2.4625  0.000e+00
     14.332    15.4859   4.000043    31.9500        593     2.4667  0.000e+00
     14.246    15.6028   4.004991    31.8993        594     2.4708  0.000e+00
     14.169    15.7043   4.012432    31.8834        595     2.4750  0.000e+00
     14.095    15.7959   4.018311    31.8615        596     2.4792  0.000e+00
     14.020    15.8788   4.022410    31.8311        597     2.4833  0.000e+00
     13.959    15.9472   4.028135    31.8266        598     2.4875  0.000e+00
     13.899    16.0122   4.034110    31.8270        599     2.4917  0.000e+00
     13.842    16.0744   4.043434    31.8592        600     2.4958  0.000e+00
     13.787    16.1499   4.068059    32.0148        601     2.5000  0.000e+00
     13.733    16.2898   4.092406    32.1155        602     2.5042  0.000e+00
     13.695    16.5070   4.121204    32.1921        603     2.5083  0.000e+00
     13.661    16.8075   4.143237    32.1422        604     2.5125  0.000e+00
     13.629    17.1365   4.157611    32.0041        605     2.5167  0.000e+00
     13.607    17.4332   4.167598    31.8554        606     2.5208  0.000e+00
     13.593    17.6737   4.174397    31.7250        607     2.5250  0.000e+00
     13.564    17.8528   4.178125    31.6174        608     2.5292  0.000e+00
     13.549    17.9782   4.181513    31.5490        609     2.5333  0.000e+00
     13.523    18.0671   4.184284    31.5038        610     2.5375  0.000e+00
     13.496    18.1345   4.187567    31.4795        611     2.5417  0.000e+00
     13.460    18.1924   4.194252    31.4911        612     2.5458  0.000e+00
     13.419    18.2597   4.208771    31.5610        613     2.5500  0.000e+00
     13.360    18.3668   4.221497    31.5851        614     2.5542  0.000e+00
     13.302    18.5161   4.234301    31.5773        615     2.5583  0.000e+00
     13.246    18.6960   4.247168    31.5467        616     2.5625  0.000e+00
     13.175    18.8829   4.256189    31.4790        617     2.5667  0.000e+00
     13.112    19.0509   4.268349    31.4518        618     2.5708  0.000e+00
     13.051    19.2182   4.282462    31.4412        619     2.5750  0.000e+00
     12.991    19.4096   4.298736    31.4301        620     2.5792  0.000e+00
     12.937    19.6215   4.310132    31.3639        621     2.5833  0.000e+00
     12.890    19.8282   4.319490    31.2855        622     2.5875  0.000e+00
     12.845    20.0082   4.327911    31.2198        623     2.5917  0.000e+00
     12.807    20.1646   4.333547    31.1495        624     2.5958  0.000e+00
     12.780    20.2966   4.338342    31.0908        625     2.6000  0.000e+00
