HB2303/sbe002.cnv
* Sea-Bird SBE 19plus V2 Data File:
* FileName = C:\cruise\data\sbe002.hex
* Software Version Seasave V 7.26.7.121
* Temperature SN = 6128
* Conductivity SN = 6128
* System UpLoad Time = Aug 08 2023 19:57:14
* NMEA Latitude = 41 12.79 N
* NMEA Longitude = 071 11.68 W
* NMEA UTC (Time) = Aug 08 2023 19:57:10
** Ship: Henry Bigelow
** Cruise:  HB2303
** Program:  ECOMON
# nquan = 7
# nvalues = 1326                                  
# units = specified
# name 0 = depSM: Depth [salt water, m]
# name 1 = tv290C: Temperature [ITS-90, deg C]
# name 2 = c0S/m: Conductivity [S/m]
# name 3 = sal00: Salinity, Practical [PSU]
# name 4 = scan: Scan Count
# name 5 = timeM: Time, Elapsed [minutes]
# name 6 = flag:  0.000e+00
# span 0 =     -0.246,     39.412                 
# span 1 =    12.5511,    24.6095                 
# span 2 =  -0.000014,   4.562648                 
# span 3 =     0.0000,    32.6810                 
# span 4 =         11,       1336                 
# span 5 =     0.0417,     5.5625                 
# span 6 = 0.0000e+00, 0.0000e+00                 
# interval = seconds: 0.25
# start_time = Aug 08 2023 19:57:10 [NMEA time, header]
# bad_flag = -9.990e-29
*END*
[from data line 821]
     32.349    13.3729   3.828966    32.1306        832     3.4625  0.000e+00
     32.244    13.3785   3.829596    32.1318        833     3.4667  0.000e+00
     32.147    13.3849   3.829754    32.1280        834     3.4708  0.000e+00
     32.049    13.3904   3.829727    32.1231        835     3.4750  0.000e+00
     31.968    13.3940   3.829727    32.1201        836     3.4792  0.000e+00
     31.889    13.3963   3.830095    32.1216        837     3.4833  0.000e+00
     31.807    13.3994   3.830345    32.1213        838     3.4875  0.000e+00
     31.733    13.4032   3.830562    32.1202        839     3.4917  0.000e+00
     31.652    13.4069   3.830818    32.1195        840     3.4958  0.000e+00
     31.567    13.4107   3.831034    32.1184        841     3.5000  0.000e+00
     31.475    13.4139   3.831205    32.1173        842     3.5042  0.000e+00
     31.368    13.4167   3.831323    32.1161        843     3.5083  0.000e+00
     31.255    13.4191   3.831455    32.1153        844     3.5125  0.000e+00
     31.133    13.4212   3.831678    32.1157        845     3.5167  0.000e+00
     31.014    13.4235   3.831941    32.1163        846     3.5208  0.000e+00
     30.877    13.4261   3.832112    32.1157        847     3.5250  0.000e+00
     30.740    13.4286   3.832486    32.1172        848     3.5292  0.000e+00
     30.613    13.4318   3.832769    32.1172        849     3.5333  0.000e+00
     30.478    13.4352   3.833367    32.1200        850     3.5375  0.000e+00
     30.355    13.4399   3.833583    32.1181        851     3.5417  0.000e+00
     30.230    13.4441   3.833964    32.1181        852     3.5458  0.000e+00
     30.120    13.4484   3.834490    32.1194        853     3.5500  0.000e+00
     30.008    13.4531   3.834944    32.1198        854     3.5542  0.000e+00
     29.908    13.4583   3.835344    32.1192        855     3.5583  0.000e+00
     29.813    13.4636   3.835581    32.1170        856     3.5625  0.000e+00
     29.717    13.4679   3.835725    32.1147        857     3.5667  0.000e+00
     29.625    13.4714   3.835988    32.1142        858     3.5708  0.000e+00
     29.540    13.4748   3.836284    32.1142        859     3.5750  0.000e+00
     29.442    13.4783   3.836987    32.1178        860     3.5792  0.000e+00
     29.345    13.4838   3.838256    32.1251        861     3.5833  0.000e+00
     29.256    13.4935   3.838947    32.1234        862     3.5875  0.000e+00
     29.151    13.5040   3.839598    32.1207        863     3.5917  0.000e+00
     29.048    13.5139   3.840018    32.1163        864     3.5958  0.000e+00
     28.945    13.5223   3.840255    32.1115        865     3.6000  0.000e+00
     28.844    13.5289   3.841623    32.1187        866     3.6042  0.000e+00
     28.736    13.5389   3.845820    32.1495        867     3.6083  0.000e+00
     28.631    13.5637   3.848472    32.1533        868     3.6125  0.000e+00
     28.530    13.5962   3.849979    32.1400        869     3.6167  0.000e+00
     28.428    13.6245   3.850730    32.1232        870     3.6208  0.000e+00
     28.331    13.6458   3.851480    32.1124        871     3.6250  0.000e+00
     28.240    13.6620   3.852085    32.1044        872     3.6292  0.000e+00
     28.153    13.6745   3.852803    32.1006        873     3.6333  0.000e+00
     28.072    13.6854   3.853508    32.0981        874     3.6375  0.000e+00
     27.994    13.6952   3.854199    32.0963        875     3.6417  0.000e+00
     27.922    13.7044   3.854923    32.0953        876     3.6458  0.000e+00
     27.848    13.7132   3.855589    32.0941        877     3.6500  0.000e+00
     27.775    13.7223   3.856616    32.0961        878     3.6542  0.000e+00
     27.708    13.7322   3.857459    32.0956        879     3.6583  0.000e+00
     27.652    13.7428   3.858395    32.0955        880     3.6625  0.000e+00
     27.611    13.7536   3.859541    32.0970        881     3.6667  0.000e+00
     27.571    13.7656   3.860932    32.0999        882     3.6708  0.000e+00
     27.526    13.7797   3.863265    32.1097        883     3.6750  0.000e+00
     27.473    13.7989   3.865236    32.1119        884     3.6792  0.000e+00
     27.424    13.8213   3.866476    32.1046        885     3.6833  0.000e+00
     27.377    13.8423   3.866752    32.0897        886     3.6875  0.000e+00
     27.336    13.8570   3.867438    32.0837        887     3.6917  0.000e+00
     27.296    13.8685   3.867788    32.0773        888     3.6958  0.000e+00
     27.267    13.8776   3.868282    32.0744        889     3.7000  0.000e+00
     27.240    13.8855   3.868559    32.0704        890     3.7042  0.000e+00
     27.220    13.8917   3.868869    32.0680        891     3.7083  0.000e+00
     27.198    13.8967   3.869040    32.0655        892     3.7125  0.000e+00
     27.180    13.9007   3.869133    32.0630        893     3.7167  0.000e+00
     27.153    13.9039   3.869667    32.0652        894     3.7208  0.000e+00
     27.124    13.9079   3.869753    32.0627        895     3.7250  0.000e+00
     27.086    13.9111   3.869937    32.0617        896     3.7292  0.000e+00
     27.050    13.9142   3.870723    32.0664        897     3.7333  0.000e+00
     26.999    13.9200   3.871382    32.0677        898     3.7375  0.000e+00
     26.949    13.9276   3.872115    32.0681        899     3.7417  0.000e+00
     26.896    13.9356   3.872774    32.0676        900     3.7458  0.000e+00
     26.844    13.9440   3.873263    32.0651        901     3.7500  0.000e+00
     26.791    13.9517   3.873718    32.0629        902     3.7542  0.000e+00
     26.740    13.9587   3.873883    32.0585        903     3.7583  0.000e+00
     26.684    13.9643   3.874292    32.0577        904     3.7625  0.000e+00
     26.632    13.9704   3.875355    32.0624        905     3.7667  0.000e+00
     26.574    13.9792   3.877236    32.0725        906     3.7708  0.000e+00
     26.527    13.9933   3.878503    32.0724        907     3.7750  0.000e+00
     26.478    14.0089   3.878774    32.0619        908     3.7792  0.000e+00
     26.427    14.0207   3.879097    32.0551        909     3.7833  0.000e+00
     26.379    14.0285   3.879626    32.0535        910     3.7875  0.000e+00
     26.321    14.0353   3.879949    32.0508        911     3.7917  0.000e+00
     26.265    14.0406   3.880325    32.0498        912     3.7958  0.000e+00
     26.203    14.0456   3.880523    32.0476        913     3.8000  0.000e+00
     26.129    14.0494   3.880616    32.0453        914     3.8042  0.000e+00
     26.057    14.0520   3.880715    32.0440        915     3.8083  0.000e+00
     25.972    14.0540   3.880913    32.0443        916     3.8125  0.000e+00
     25.882    14.0562   3.881355    32.0466        917     3.8167  0.000e+00
     25.804    14.0591   3.881904    32.0491        918     3.8208  0.000e+00
     25.723    14.0635   3.882214    32.0484        919     3.8250  0.000e+00
     25.643    14.0676   3.882663    32.0491        920     3.8292  0.000e+00
     25.562    14.0724   3.882987    32.0482        921     3.8333  0.000e+00
     25.484    14.0766   3.883350    32.0481        922     3.8375  0.000e+00
     25.412    14.0809   3.883495    32.0458        923     3.8417  0.000e+00
     25.345    14.0840   3.883561    32.0439        924     3.8458  0.000e+00
     25.278    14.0864   3.884050    32.0464        925     3.8500  0.000e+00
     25.215    14.0898   3.884367    32.0465        926     3.8542  0.000e+00
     25.148    14.0934   3.884162    32.0417        927     3.8583  0.000e+00
     25.076    14.0954   3.884506    32.0432        928     3.8625  0.000e+00
     25.005    14.0973   3.884440    32.0410        929     3.8667  0.000e+00
     24.924    14.0991   3.885338    32.0478        930     3.8708  0.000e+00
     24.839    14.1027   3.886422    32.0548        931     3.8750  0.000e+00
     24.743    14.1101   3.888940    32.0718        932     3.8792  0.000e+00
     24.636    14.1250   3.896810    32.1317        933     3.8833  0.000e+00
     24.528    14.1658   3.910209    32.2208        934     3.8875  0.000e+00
     24.414    14.2438   3.920463    32.2497        935     3.8917  0.000e+00
     24.304    14.3395   3.927295    32.2325        936     3.8958  0.000e+00
     24.201    14.4320   3.928628    32.1678        937     3.9000  0.000e+00
     24.098    14.4995   3.929888    32.1233        938     3.9042  0.000e+00
     24.000    14.5454   3.936057    32.1416        939     3.9083  0.000e+00
     23.906    14.5950   3.942695    32.1608        940     3.9125  0.000e+00
     23.823    14.6575   3.947574    32.1535        941     3.9167  0.000e+00
     23.754    14.7232   3.950534    32.1261        942     3.9208  0.000e+00
     23.682    14.7799   3.951804    32.0908        943     3.9250  0.000e+00
     23.615    14.8220   3.952621    32.0636        944     3.9292  0.000e+00
     23.552    14.8508   3.953260    32.0457        945     3.9333  0.000e+00
     23.490    14.8709   3.953965    32.0355        946     3.9375  0.000e+00
     23.425    14.8858   3.954857    32.0314        947     3.9417  0.000e+00
     23.360    14.8985   3.955682    32.0285        948     3.9458  0.000e+00
     23.288    14.9105   3.956647    32.0273        949     3.9500  0.000e+00
     23.211    14.9231   3.959217    32.0402        950     3.9542  0.000e+00
     23.137    14.9428   3.962826    32.0566        951     3.9583  0.000e+00
     23.052    14.9719   3.965211    32.0543        952     3.9625  0.000e+00
     22.969    15.0041   3.966010    32.0351        953     3.9667  0.000e+00
     22.874    15.0338   3.966769    32.0176        954     3.9708  0.000e+00
     22.778    15.0606   3.968328    32.0097        955     3.9750  0.000e+00
     22.677    15.0853   3.967308    31.9804        956     3.9792  0.000e+00
     22.574    15.1018   3.963790    31.9354        957     3.9833  0.000e+00
     22.462    15.1047   3.962211    31.9189        958     3.9875  0.000e+00
     22.346    15.1029   3.961452    31.9136        959     3.9917  0.000e+00
     22.239    15.1024   3.961145    31.9112        960     3.9958  0.000e+00
     22.127    15.1056   3.960559    31.9034        961     4.0000  0.000e+00
     22.016    15.1112   3.960299    31.8966        962     4.0042  0.000e+00
     21.920    15.1158   3.960059    31.8907        963     4.0083  0.000e+00
     21.837    15.1195   3.959660    31.8841        964     4.0125  0.000e+00
     21.759    15.1244   3.959353    31.8774        965     4.0167  0.000e+00
     21.681    15.1302   3.959213    31.8715        966     4.0208  0.000e+00
     21.616    15.1355   3.959093    31.8661        967     4.0250  0.000e+00
     21.556    15.1406   3.959240    31.8633        968     4.0292  0.000e+00
     21.506    15.1466   3.959553    31.8612        969     4.0333  0.000e+00
     21.449    15.1533   3.959826    31.8583        970     4.0375  0.000e+00
     21.393    15.1605   3.959825    31.8524        971     4.0417  0.000e+00
     21.330    15.1658   3.959333    31.8437        972     4.0458  0.000e+00
     21.268    15.1693   3.959446    31.8419        973     4.0500  0.000e+00
     21.187    15.1733   3.960112    31.8447        974     4.0542  0.000e+00
     21.104    15.1780   3.960158    31.8413        975     4.0583  0.000e+00
     21.015    15.1824   3.961810    31.8526        976     4.0625  0.000e+00
     20.921    15.1905   3.962849    31.8553        977     4.0667  0.000e+00
     20.814    15.2017   3.967453    31.8875        978     4.0708  0.000e+00
     20.704    15.2253   3.975686    31.9420        979     4.0750  0.000e+00
     20.592    15.2727   3.981517    31.9557        980     4.0792  0.000e+00
     20.485    15.3321   3.983892    31.9286        981     4.0833  0.000e+00
     20.362    15.3824   3.985554    31.9026        982     4.0875  0.000e+00
     20.263    15.4209   3.986502    31.8799        983     4.0917  0.000e+00
     20.167    15.4472   3.987430    31.8669        984     4.0958  0.000e+00
     20.075    15.4665   3.988691    31.8626        985     4.1000  0.000e+00
     19.995    15.4829   3.990688    31.8671        986     4.1042  0.000e+00
     19.927    15.5002   3.992352    31.8679        987     4.1083  0.000e+00
     19.865    15.5188   3.993494    31.8631        988     4.1125  0.000e+00
     19.804    15.5360   3.994890    31.8616        989     4.1167  0.000e+00
     19.748    15.5527   3.995739    31.8556        990     4.1208  0.000e+00
     19.692    15.5673   3.996260    31.8485        991     4.1250  0.000e+00
     19.641    15.5786   3.996715    31.8434        992     4.1292  0.000e+00
     19.582    15.5880   3.996902    31.8375        993     4.1333  0.000e+00
     19.524    15.5958   3.997002    31.8321        994     4.1375  0.000e+00
     19.464    15.6026   3.997095    31.8275        995     4.1417  0.000e+00
     19.397    15.6079   3.997309    31.8251        996     4.1458  0.000e+00
     19.330    15.6126   3.997449    31.8226        997     4.1500  0.000e+00
     19.258    15.6176   3.997663    31.8205        998     4.1542  0.000e+00
     19.183    15.6227   3.997997    31.8194        999     4.1583  0.000e+00
     19.100    15.6279   3.998191    31.8169       1000     4.1625  0.000e+00
     19.012    15.6323   3.998405    31.8153       1001     4.1667  0.000e+00
     18.923    15.6358   3.998786    31.8159       1002     4.1708  0.000e+00
     18.831    15.6388   3.999100    31.8163       1003     4.1750  0.000e+00
     18.744    15.6422   3.999100    31.8136       1004     4.1792  0.000e+00
     18.648    15.6442   3.999073    31.8118       1005     4.1833  0.000e+00
     18.565    15.6449   3.999334    31.8135       1006     4.1875  0.000e+00
     18.466    15.6466   3.999621    31.8148       1007     4.1917  0.000e+00
     18.372    15.6494   4.000577    31.8211       1008     4.1958  0.000e+00
     18.265    15.6561   4.002557    31.8332       1009     4.2000  0.000e+00
     18.160    15.6737   4.004557    31.8368       1010     4.2042  0.000e+00
     18.057    15.6989   4.006115    31.8303       1011     4.2083  0.000e+00
     17.942    15.7280   4.008557    31.8285       1012     4.2125  0.000e+00
     17.817    15.7619   4.010712    31.8203       1013     4.2167  0.000e+00
     17.710    15.7940   4.011522    31.8017       1014     4.2208  0.000e+00
     17.605    15.8179   4.012144    31.7881       1015     4.2250  0.000e+00
     17.501    15.8344   4.012532    31.7783       1016     4.2292  0.000e+00
     17.405    15.8456   4.012866    31.7723       1017     4.2333  0.000e+00
     17.307    15.8534   4.013107    31.7681       1018     4.2375  0.000e+00
     17.217    15.8592   4.013563    31.7676       1019     4.2417  0.000e+00
     17.135    15.8649   4.013824    31.7654       1020     4.2458  0.000e+00
     17.063    15.8694   4.013991    31.7632       1021     4.2500  0.000e+00
     17.000    15.8731   4.014306    31.7631       1022     4.2542  0.000e+00
     16.953    15.8762   4.014734    31.7644       1023     4.2583  0.000e+00
     16.906    15.8798   4.014901    31.7629       1024     4.2625  0.000e+00
     16.864    15.8830   4.014948    31.7608       1025     4.2667  0.000e+00
     16.828    15.8857   4.015116    31.7602       1026     4.2708  0.000e+00
     16.792    15.8881   4.015162    31.7587       1027     4.2750  0.000e+00
     16.748    15.8897   4.015189    31.7576       1028     4.2792  0.000e+00
     16.705    15.8912   4.015115    31.7558       1029     4.2833  0.000e+00
     16.645    15.8922   4.015330    31.7569       1030     4.2875  0.000e+00
     16.577    15.8940   4.015524    31.7572       1031     4.2917  0.000e+00
     16.499    15.8963   4.015691    31.7569       1032     4.2958  0.000e+00
     16.410    15.8988   4.015859    31.7564       1033     4.3000  0.000e+00
     16.303    15.9012   4.015905    31.7549       1034     4.3042  0.000e+00
     16.201    15.9030   4.016053    31.7548       1035     4.3083  0.000e+00
