HB2303/sbe004.cnv
* Sea-Bird SBE 19plus V2 Data File:
* FileName = C:\cruise\data\sbe004.hex
* Software Version Seasave V 7.26.7.121
* Temperature SN = 6128
* Conductivity SN = 6128
* System UpLoad Time = Aug 08 2023 22:16:56
* NMEA Latitude = 41 03.04 N
* NMEA Longitude = 071 09.35 W
* NMEA UTC (Time) = Aug 08 2023 22:16:52
** Ship: Henry Bigelow
** Cruise:  HB2303
** Program:  ECOMON
# nquan = 7
# nvalues = 1339                                  
# units = specified
# name 0 = depSM: Depth [salt water, m]
# name 1 = tv290C: Temperature [ITS-90, deg C]
# name 2 = c0S/m: Conductivity [S/m]
# name 3 = sal00: Salinity, Practical [PSU]
# name 4 = scan: Scan Count
# name 5 = timeM: Time, Elapsed [minutes]
# name 6 = flag:  0.000e+00
# span 0 =     -0.339,     33.036                 
# span 1 =    12.2578,    21.7150                 
# span 2 =  -0.000032,   4.425110                 
# span 3 =     0.0000,    32.6239                 
# span 4 =         11,       1349                 
# span 5 =     0.0417,     5.6167                 
# span 6 = 0.0000e+00, 0.0000e+00                 
# interval = seconds: 0.25
# start_time = Aug 08 2023 22:16:52 [NMEA time, header]
# bad_flag = -9.990e-29
*END*
[from data line 411]
     19.874    12.6058   3.783890    32.3635        422     1.7542  0.000e+00
     19.863    12.6049   3.783727    32.3627        423     1.7583  0.000e+00
     19.863    12.6036   3.783720    32.3637        424     1.7625  0.000e+00
     19.861    12.6028   3.783472    32.3621        425     1.7667  0.000e+00
     19.883    12.6008   3.782779    32.3571        426     1.7708  0.000e+00
     19.921    12.5966   3.782014    32.3535        427     1.7750  0.000e+00
     19.970    12.5900   3.781171    32.3511        428     1.7792  0.000e+00
     20.040    12.5812   3.780589    32.3531        429     1.7833  0.000e+00
     20.116    12.5729   3.780348    32.3579        430     1.7875  0.000e+00
     20.210    12.5661   3.780191    32.3622        431     1.7917  0.000e+00
     20.307    12.5605   3.779877    32.3640        432     1.7958  0.000e+00
     20.408    12.5539   3.779322    32.3644        433     1.8000  0.000e+00
     20.520    12.5453   3.779139    32.3699        434     1.8042  0.000e+00
     20.630    12.5368   3.779166    32.3775        435     1.8083  0.000e+00
     20.735    12.5288   3.778996    32.3827        436     1.8125  0.000e+00
     20.834    12.5220   3.778833    32.3870        437     1.8167  0.000e+00
     20.925    12.5162   3.778480    32.3886        438     1.8208  0.000e+00
     21.008    12.5113   3.777898    32.3872        439     1.8250  0.000e+00
     21.071    12.5053   3.777147    32.3852        440     1.8292  0.000e+00
     21.109    12.4976   3.776494    32.3856        441     1.8333  0.000e+00
     21.136    12.4894   3.776305    32.3908        442     1.8375  0.000e+00
     21.145    12.4828   3.776233    32.3958        443     1.8417  0.000e+00
     21.145    12.4785   3.776161    32.3988        444     1.8458  0.000e+00
     21.136    12.4758   3.776115    32.4007        445     1.8500  0.000e+00
     21.134    12.4742   3.776115    32.4021        446     1.8542  0.000e+00
     21.129    12.4730   3.775652    32.3987        447     1.8583  0.000e+00
     21.127    12.4722   3.776050    32.4032        448     1.8625  0.000e+00
     21.132    12.4715   3.775978    32.4031        449     1.8667  0.000e+00
     21.156    12.4710   3.775978    32.4036        450     1.8708  0.000e+00
     21.194    12.4706   3.775952    32.4036        451     1.8750  0.000e+00
     21.238    12.4702   3.775952    32.4039        452     1.8792  0.000e+00
     21.310    12.4697   3.775959    32.4044        453     1.8833  0.000e+00
     21.387    12.4697   3.776005    32.4048        454     1.8875  0.000e+00
     21.479    12.4698   3.776070    32.4053        455     1.8917  0.000e+00
     21.582    12.4700   3.776050    32.4049        456     1.8958  0.000e+00
     21.696    12.4702   3.776024    32.4045        457     1.9000  0.000e+00
     21.808    12.4701   3.775789    32.4022        458     1.9042  0.000e+00
     21.920    12.4691   3.775652    32.4017        459     1.9083  0.000e+00
     22.020    12.4678   3.775600    32.4024        460     1.9125  0.000e+00
     22.122    12.4665   3.775561    32.4030        461     1.9167  0.000e+00
     22.210    12.4657   3.775515    32.4033        462     1.9208  0.000e+00
     22.276    12.4651   3.775463    32.4033        463     1.9250  0.000e+00
     22.333    12.4643   3.775358    32.4029        464     1.9292  0.000e+00
     22.362    12.4637   3.775345    32.4033        465     1.9333  0.000e+00
     22.382    12.4633   3.775293    32.4031        466     1.9375  0.000e+00
     22.391    12.4631   3.775280    32.4032        467     1.9417  0.000e+00
     22.394    12.4627   3.775326    32.4040        468     1.9458  0.000e+00
     22.396    12.4625   3.775247    32.4034        469     1.9500  0.000e+00
     22.389    12.4625   3.775254    32.4034        470     1.9542  0.000e+00
     22.395    12.4624   3.775424    32.4051        471     1.9583  0.000e+00
     22.398    12.4628   3.775509    32.4056        472     1.9625  0.000e+00
     22.404    12.4632   3.775515    32.4053        473     1.9667  0.000e+00
     22.424    12.4634   3.775489    32.4049        474     1.9708  0.000e+00
     22.456    12.4637   3.775509    32.4048        475     1.9750  0.000e+00
     22.500    12.4638   3.775489    32.4045        476     1.9792  0.000e+00
     22.553    12.4639   3.775535    32.4048        477     1.9833  0.000e+00
     22.614    12.4636   3.775561    32.4054        478     1.9875  0.000e+00
     22.683    12.4635   3.775489    32.4047        479     1.9917  0.000e+00
     22.765    12.4630   3.775470    32.4049        480     1.9958  0.000e+00
     22.856    12.4624   3.775489    32.4056        481     2.0000  0.000e+00
     22.950    12.4617   3.775404    32.4053        482     2.0042  0.000e+00
     23.040    12.4609   3.775300    32.4050        483     2.0083  0.000e+00
     23.123    12.4602   3.775182    32.4045        484     2.0125  0.000e+00
     23.195    12.4591   3.775045    32.4040        485     2.0167  0.000e+00
     23.256    12.4579   3.774882    32.4035        486     2.0208  0.000e+00
     23.298    12.4567   3.774693    32.4028        487     2.0250  0.000e+00
     23.319    12.4550   3.774340    32.4008        488     2.0292  0.000e+00
     23.332    12.4529   3.774353    32.4027        489     2.0333  0.000e+00
     23.327    12.4513   3.774484    32.4053        490     2.0375  0.000e+00
     23.325    12.4510   3.774457    32.4054        491     2.0417  0.000e+00
     23.319    12.4508   3.774582    32.4067        492     2.0458  0.000e+00
     23.324    12.4511   3.774503    32.4058        493     2.0500  0.000e+00
     23.333    12.4509   3.774399    32.4049        494     2.0542  0.000e+00
     23.352    12.4505   3.774340    32.4046        495     2.0583  0.000e+00
     23.386    12.4499   3.774268    32.4045        496     2.0625  0.000e+00
     23.420    12.4492   3.774177    32.4042        497     2.0667  0.000e+00
     23.476    12.4486   3.774177    32.4047        498     2.0708  0.000e+00
     23.547    12.4481   3.774085    32.4042        499     2.0750  0.000e+00
     23.614    12.4476   3.774059    32.4044        500     2.0792  0.000e+00
     23.693    12.4470   3.774001    32.4043        501     2.0833  0.000e+00
     23.767    12.4466   3.773922    32.4039        502     2.0875  0.000e+00
     23.841    12.4458   3.773687    32.4023        503     2.0917  0.000e+00
     23.919    12.4445   3.773478    32.4013        504     2.0958  0.000e+00
     23.991    12.4427   3.773086    32.3991        505     2.1000  0.000e+00
     24.043    12.4396   3.772590    32.3970        506     2.1042  0.000e+00
     24.091    12.4353   3.772499    32.3999        507     2.1083  0.000e+00
     24.127    12.4318   3.772355    32.4015        508     2.1125  0.000e+00
     24.149    12.4293   3.772336    32.4035        509     2.1167  0.000e+00
     24.159    12.4274   3.772486    32.4065        510     2.1208  0.000e+00
     24.170    12.4271   3.772264    32.4047        511     2.1250  0.000e+00
     24.172    12.4261   3.772264    32.4055        512     2.1292  0.000e+00
     24.173    12.4252   3.772264    32.4063        513     2.1333  0.000e+00
     24.177    12.4250   3.772453    32.4083        514     2.1375  0.000e+00
     24.182    12.4257   3.772401    32.4072        515     2.1417  0.000e+00
     24.206    12.4259   3.772264    32.4057        516     2.1458  0.000e+00
     24.235    12.4255   3.772133    32.4048        517     2.1500  0.000e+00
     24.278    12.4245   3.772101    32.4053        518     2.1542  0.000e+00
     24.332    12.4235   3.772042    32.4056        519     2.1583  0.000e+00
     24.405    12.4227   3.772120    32.4070        520     2.1625  0.000e+00
     24.487    12.4224   3.771957    32.4057        521     2.1667  0.000e+00
     24.574    12.4216   3.771912    32.4059        522     2.1708  0.000e+00
     24.664    12.4206   3.771703    32.4047        523     2.1750  0.000e+00
     24.758    12.4191   3.771174    32.4009        524     2.1792  0.000e+00
     24.857    12.4154   3.770769    32.4002        525     2.1833  0.000e+00
     24.944    12.4104   3.770397    32.4009        526     2.1875  0.000e+00
     25.032    12.4057   3.770136    32.4025        527     2.1917  0.000e+00
     25.108    12.4009   3.769627    32.4017        528     2.1958  0.000e+00
     25.174    12.3957   3.768994    32.4001        529     2.2000  0.000e+00
     25.228    12.3895   3.769066    32.4061        530     2.2042  0.000e+00
     25.269    12.3851   3.769242    32.4116        531     2.2083  0.000e+00
     25.295    12.3834   3.769203    32.4127        532     2.2125  0.000e+00
     25.311    12.3827   3.769066    32.4119        533     2.2167  0.000e+00
     25.320    12.3819   3.769183    32.4137        534     2.2208  0.000e+00
     25.325    12.3817   3.768994    32.4122        535     2.2250  0.000e+00
     25.331    12.3809   3.768994    32.4128        536     2.2292  0.000e+00
     25.332    12.3804   3.769020    32.4135        537     2.2333  0.000e+00
     25.349    12.3799   3.768929    32.4130        538     2.2375  0.000e+00
     25.383    12.3792   3.768785    32.4122        539     2.2417  0.000e+00
     25.425    12.3781   3.768694    32.4123        540     2.2458  0.000e+00
     25.483    12.3769   3.768531    32.4118        541     2.2500  0.000e+00
     25.555    12.3754   3.768596    32.4136        542     2.2542  0.000e+00
     25.642    12.3744   3.768550    32.4140        543     2.2583  0.000e+00
     25.724    12.3740   3.768368    32.4126        544     2.2625  0.000e+00
     25.798    12.3729   3.768218    32.4121        545     2.2667  0.000e+00
     25.882    12.3711   3.767435    32.4062        546     2.2708  0.000e+00
     25.947    12.3664   3.767082    32.4068        547     2.2750  0.000e+00
     26.008    12.3605   3.766639    32.4076        548     2.2792  0.000e+00
     26.068    12.3548   3.766221    32.4085        549     2.2833  0.000e+00
     26.120    12.3489   3.765777    32.4094        550     2.2875  0.000e+00
     26.160    12.3427   3.765614    32.4131        551     2.2917  0.000e+00
     26.192    12.3381   3.765556    32.4165        552     2.2958  0.000e+00
     26.226    12.3348   3.765216    32.4161        553     2.3000  0.000e+00
     26.250    12.3312   3.765099    32.4181        554     2.3042  0.000e+00
     26.271    12.3284   3.765086    32.4204        555     2.3083  0.000e+00
     26.288    12.3267   3.765262    32.4236        556     2.3125  0.000e+00
     26.312    12.3263   3.765262    32.4239        557     2.3167  0.000e+00
     26.338    12.3262   3.765543    32.4266        558     2.3208  0.000e+00
     26.368    12.3276   3.765171    32.4218        559     2.3250  0.000e+00
     26.401    12.3273   3.765001    32.4205        560     2.3292  0.000e+00
     26.446    12.3257   3.764819    32.4201        561     2.3333  0.000e+00
     26.493    12.3234   3.764486    32.4189        562     2.3375  0.000e+00
     26.557    12.3205   3.764799    32.4243        563     2.3417  0.000e+00
     26.635    12.3194   3.764708    32.4244        564     2.3458  0.000e+00
     26.722    12.3189   3.764532    32.4231        565     2.3500  0.000e+00
     26.818    12.3176   3.764310    32.4220        566     2.3542  0.000e+00
     26.906    12.3156   3.764134    32.4220        567     2.3583  0.000e+00
     27.001    12.3135   3.764167    32.4242        568     2.3625  0.000e+00
     27.087    12.3118   3.764114    32.4251        569     2.3667  0.000e+00
     27.166    12.3107   3.764101    32.4259        570     2.3708  0.000e+00
     27.233    12.3099   3.763958    32.4251        571     2.3750  0.000e+00
     27.298    12.3088   3.764069    32.4272        572     2.3792  0.000e+00
     27.340    12.3086   3.764147    32.4281        573     2.3833  0.000e+00
     27.378    12.3088   3.764088    32.4273        574     2.3875  0.000e+00
     27.396    12.3090   3.764004    32.4263        575     2.3917  0.000e+00
     27.414    12.3087   3.763893    32.4255        576     2.3958  0.000e+00
     27.419    12.3078   3.763867    32.4260        577     2.4000  0.000e+00
     27.430    12.3070   3.763912    32.4271        578     2.4042  0.000e+00
     27.439    12.3067   3.763912    32.4274        579     2.4083  0.000e+00
     27.443    12.3066   3.763775    32.4261        580     2.4125  0.000e+00
     27.446    12.3059   3.763495    32.4241        581     2.4167  0.000e+00
     27.455    12.3040   3.763449    32.4253        582     2.4208  0.000e+00
     27.470    12.3018   3.763247    32.4252        583     2.4250  0.000e+00
     27.497    12.2996   3.763286    32.4275        584     2.4292  0.000e+00
     27.533    12.2983   3.763221    32.4280        585     2.4333  0.000e+00
     27.586    12.2975   3.763423    32.4306        586     2.4375  0.000e+00
     27.658    12.2975   3.763241    32.4289        587     2.4417  0.000e+00
     27.748    12.2971   3.763071    32.4275        588     2.4458  0.000e+00
     27.852    12.2956   3.763052    32.4286        589     2.4500  0.000e+00
     27.971    12.2943   3.763026    32.4294        590     2.4542  0.000e+00
     28.097    12.2932   3.762934    32.4295        591     2.4583  0.000e+00
     28.224    12.2918   3.762823    32.4296        592     2.4625  0.000e+00
     28.355    12.2903   3.762726    32.4298        593     2.4667  0.000e+00
     28.476    12.2883   3.762700    32.4313        594     2.4708  0.000e+00
     28.590    12.2868   3.762491    32.4306        595     2.4750  0.000e+00
     28.683    12.2847   3.762354    32.4310        596     2.4792  0.000e+00
     28.760    12.2825   3.762224    32.4316        597     2.4833  0.000e+00
     28.822    12.2803   3.762145    32.4327        598     2.4875  0.000e+00
     28.863    12.2788   3.762100    32.4336        599     2.4917  0.000e+00
     28.885    12.2776   3.762093    32.4346        600     2.4958  0.000e+00
     28.889    12.2767   3.762074    32.4351        601     2.5000  0.000e+00
     28.881    12.2762   3.762048    32.4353        602     2.5042  0.000e+00
     28.872    12.2759   3.762028    32.4354        603     2.5083  0.000e+00
     28.847    12.2756   3.762048    32.4359        604     2.5125  0.000e+00
     28.831    12.2756   3.762028    32.4357        605     2.5167  0.000e+00
     28.815    12.2757   3.762048    32.4358        606     2.5208  0.000e+00
     28.795    12.2757   3.762048    32.4358        607     2.5250  0.000e+00
     28.791    12.2757   3.762074    32.4361        608     2.5292  0.000e+00
     28.802    12.2757   3.762028    32.4356        609     2.5333  0.000e+00
     28.837    12.2756   3.762048    32.4359        610     2.5375  0.000e+00
     28.890    12.2757   3.762028    32.4356        611     2.5417  0.000e+00
     28.971    12.2753   3.761982    32.4354        612     2.5458  0.000e+00
     29.070    12.2752   3.762002    32.4357        613     2.5500  0.000e+00
     29.186    12.2752   3.762002    32.4356        614     2.5542  0.000e+00
     29.307    12.2750   3.761917    32.4349        615     2.5583  0.000e+00
     29.429    12.2745   3.761911    32.4352        616     2.5625  0.000e+00
     29.549    12.2741   3.761761    32.4341        617     2.5667  0.000e+00
     29.659    12.2733   3.761631    32.4335        618     2.5708  0.000e+00
     29.758    12.2720   3.761409    32.4325        619     2.5750  0.000e+00
     29.844    12.2703   3.761187    32.4318        620     2.5792  0.000e+00
     29.915    12.2682   3.761187    32.4335        621     2.5833  0.000e+00
     29.971    12.2668   3.761142    32.4343        622     2.5875  0.000e+00
     30.004    12.2658   3.761096    32.4347        623     2.5917  0.000e+00
     30.031    12.2651   3.761116    32.4355        624     2.5958  0.000e+00
     30.054    12.2645   3.761096    32.4359        625     2.6000  0.000e+00
