HB2303/sbe091.cnv
* Sea-Bird SBE 19plus V2 Data File:
* FileName = C:\cruise\data\sbe091.hex
* Software Version Seasave V 7.26.7.121
* Temperature SN = 6128
* Conductivity SN = 6128
* System UpLoad Time = Aug 17 2023 13:03:54
* NMEA Latitude = 42 27.23 N
* NMEA Longitude = 068 07.55 W
* NMEA UTC (Time) = Aug 17 2023 13:03:50
** Ship: Henry Bigelow
** Cruise:  HB2303
** Program:  ECOMON
# nquan = 7
# nvalues = 2500                                  
# units = specified
# name 0 = depSM: Depth [salt water, m]
# name 1 = tv290C: Temperature [ITS-90, deg C]
# name 2 = c0S/m: Conductivity [S/m]
# name 3 = sal00: Salinity, Practical [PSU]
# name 4 = scan: Scan Count
# name 5 = timeM: Time, Elapsed [minutes]
# name 6 = flag:  0.000e+00
# span 0 =     -0.033,    158.957                 
# span 1 =     6.8499,    17.4547                 
# span 2 =   0.044916,   4.175776                 
# span 3 =     0.2564,    34.2815                 
# span 4 =         11,       2510                 
# span 5 =     0.0417,    10.4542                 
# span 6 = 0.0000e+00, 0.0000e+00                 
# interval = seconds: 0.25
# start_time = Aug 17 2023 13:03:50 [NMEA time, header]
# bad_flag = -9.990e-29
*END*
[from data line 1026]
     18.480    15.8680   4.047355    32.0583       1037     4.3167  0.000e+00
     18.642    15.8479   4.046892    32.0705       1038     4.3208  0.000e+00
     18.799    15.8295   4.046166    32.0789       1039     4.3250  0.000e+00
     18.955    15.8088   4.045535    32.0900       1040     4.3292  0.000e+00
     19.110    15.7793   4.045146    32.1105       1041     4.3333  0.000e+00
     19.269    15.7463   4.045348    32.1390       1042     4.3375  0.000e+00
     19.422    15.7162   4.046679    32.1753       1043     4.3417  0.000e+00
     19.596    15.6931   4.050624    32.2290       1044     4.3458  0.000e+00
     19.765    15.6780   4.059506    32.3201       1045     4.3500  0.000e+00
     19.942    15.6701   4.069629    32.4165       1046     4.3542  0.000e+00
     20.128    15.6668   4.077262    32.4869       1047     4.3583  0.000e+00
     20.319    15.6653   4.080147    32.5138       1048     4.3625  0.000e+00
     20.523    15.6656   4.082932    32.5382       1049     4.3667  0.000e+00
     20.734    15.6685   4.082837    32.5349       1050     4.3708  0.000e+00
     20.959    15.6742   4.077849    32.4858       1051     4.3750  0.000e+00
     21.185    15.6830   4.071994    32.4264       1052     4.3792  0.000e+00
     21.419    15.6916   4.064782    32.3553       1053     4.3833  0.000e+00
     21.663    15.6919   4.056568    32.2819       1054     4.3875  0.000e+00
     21.903    15.6835   4.047426    32.2076       1055     4.3917  0.000e+00
     22.159    15.6386   4.041287    32.1896       1056     4.3958  0.000e+00
     22.409    15.4967   4.023457    32.1468       1057     4.4000  0.000e+00
     22.670    15.2848   3.848699    30.7605       1058     4.4042  0.000e+00
     22.925    14.6940   3.782623    30.6328       1059     4.4083  0.000e+00
     23.177    13.9231   3.754228    30.9884       1060     4.4125  0.000e+00
     23.428    13.2966   3.737912    31.3476       1061     4.4167  0.000e+00
     23.672    12.8380   3.718564    31.5461       1062     4.4208  0.000e+00
     23.907    12.4880   3.702300    31.6854       1063     4.4250  0.000e+00
     24.127    12.2110   3.693948    31.8401       1064     4.4292  0.000e+00
     24.324    12.0014   3.677435    31.8599       1065     4.4333  0.000e+00
     24.497    11.8096   3.662623    31.8809       1066     4.4375  0.000e+00
     24.647    11.6266   3.664522    32.0568       1067     4.4417  0.000e+00
     24.781    11.5085   3.659923    32.1142       1068     4.4458  0.000e+00
     24.894    11.4260   3.641770    32.0084       1069     4.4500  0.000e+00
     24.990    11.3078   3.627477    31.9709       1070     4.4542  0.000e+00
     25.073    11.1630   3.619396    32.0172       1071     4.4583  0.000e+00
     25.163    11.0314   3.619751    32.1354       1072     4.4625  0.000e+00
     25.248    10.9490   3.618705    32.1973       1073     4.4667  0.000e+00
     25.344    10.8983   3.606942    32.1253       1074     4.4708  0.000e+00
     25.454    10.8250   3.604000    32.1604       1075     4.4750  0.000e+00
     25.579    10.7544   3.601097    32.1936       1076     4.4792  0.000e+00
     25.732    10.7021   3.603136    32.2599       1077     4.4833  0.000e+00
     25.914    10.6766   3.603137    32.2823       1078     4.4875  0.000e+00
     26.129    10.6664   3.599977    32.2598       1079     4.4917  0.000e+00
     26.368    10.6504   3.595025    32.2245       1080     4.4958  0.000e+00
     26.635    10.6182   3.590549    32.2082       1081     4.5000  0.000e+00
     26.920    10.5760   3.583421    32.1742       1082     4.5042  0.000e+00
     27.225    10.5180   3.577622    32.1673       1083     4.5083  0.000e+00
     27.548    10.4512   3.572446    32.1745       1084     4.5125  0.000e+00
     27.880    10.3887   3.564962    32.1546       1085     4.5167  0.000e+00
     28.218    10.3141   3.556496    32.1356       1086     4.5208  0.000e+00
     28.552    10.2318   3.555522    32.1985       1087     4.5250  0.000e+00
     28.859    10.1645   3.547555    32.1779       1088     4.5292  0.000e+00
     29.137    10.0988   3.544428    32.2046       1089     4.5333  0.000e+00
     29.397    10.0379   3.538609    32.2000       1090     4.5375  0.000e+00
     29.655     9.9756   3.530963    32.1780       1091     4.5417  0.000e+00
     29.879     9.9042   3.526215    32.1934       1092     4.5458  0.000e+00
     30.052     9.8392   3.521297    32.2015       1093     4.5500  0.000e+00
     30.188     9.7717   3.517081    32.2189       1094     4.5542  0.000e+00
     30.290     9.7108   3.514390    32.2460       1095     4.5583  0.000e+00
     30.392     9.6605   3.511103    32.2576       1096     4.5625  0.000e+00
     30.513     9.6161   3.510184    32.2879       1097     4.5667  0.000e+00
     30.639     9.5839   3.509651    32.3114       1098     4.5708  0.000e+00
     30.757     9.5618   3.508618    32.3207       1099     4.5750  0.000e+00
     30.871     9.5455   3.508941    32.3387       1100     4.5792  0.000e+00
     30.993     9.5357   3.507762    32.3354       1101     4.5833  0.000e+00
     31.150     9.5270   3.508257    32.3482       1102     4.5875  0.000e+00
     31.333     9.5232   3.509544    32.3648       1103     4.5917  0.000e+00
     31.528     9.5270   3.510103    32.3670       1104     4.5958  0.000e+00
     31.732     9.5334   3.508834    32.3481       1105     4.6000  0.000e+00
     31.939     9.5334   3.508371    32.3433       1106     4.6042  0.000e+00
     32.147     9.5300   3.507806    32.3404       1107     4.6083  0.000e+00
     32.371     9.5257   3.507718    32.3433       1108     4.6125  0.000e+00
     32.611     9.5223   3.507420    32.3432       1109     4.6167  0.000e+00
     32.838     9.5195   3.507439    32.3459       1110     4.6208  0.000e+00
     33.068     9.5179   3.507338    32.3462       1111     4.6250  0.000e+00
     33.283     9.5168   3.506437    32.3379       1112     4.6292  0.000e+00
     33.492     9.5127   3.505746    32.3344       1113     4.6333  0.000e+00
     33.700     9.5065   3.503882    32.3207       1114     4.6375  0.000e+00
     33.900     9.4949   3.503521    32.3274       1115     4.6417  0.000e+00
     34.099     9.4838   3.502443    32.3263       1116     4.6458  0.000e+00
     34.297     9.4728   3.500910    32.3204       1117     4.6500  0.000e+00
     34.491     9.4588   3.499218    32.3156       1118     4.6542  0.000e+00
     34.686     9.4418   3.495569    32.2934       1119     4.6583  0.000e+00
     34.884     9.4155   3.492282    32.2833       1120     4.6625  0.000e+00
     35.083     9.3827   3.491694    32.3067       1121     4.6667  0.000e+00
     35.287     9.3555   3.491213    32.3263       1122     4.6708  0.000e+00
     35.493     9.3376   3.489682    32.3267       1123     4.6750  0.000e+00
     35.702     9.3208   3.485847    32.3022       1124     4.6792  0.000e+00
     35.912     9.2951   3.484791    32.3145       1125     4.6833  0.000e+00
     36.123     9.2710   3.484993    32.3383       1126     4.6875  0.000e+00
     36.336     9.2558   3.484759    32.3496       1127     4.6917  0.000e+00
     36.542     9.2468   3.483823    32.3480       1128     4.6958  0.000e+00
     36.755     9.2386   3.482394    32.3406       1129     4.7000  0.000e+00
     36.970     9.2270   3.480997    32.3366       1130     4.7042  0.000e+00
     37.185     9.2130   3.480681    32.3459       1131     4.7083  0.000e+00
     37.399     9.2024   3.481528    32.3642       1132     4.7125  0.000e+00
     37.613     9.1984   3.480042    32.3524       1133     4.7167  0.000e+00
     37.827     9.1926   3.479530    32.3523       1134     4.7208  0.000e+00
     38.040     9.1841   3.475371    32.3169       1135     4.7250  0.000e+00
     38.251     9.1628   3.471694    32.2981       1136     4.7292  0.000e+00
     38.470     9.1284   3.468423    32.2954       1137     4.7333  0.000e+00
     38.683     9.0903   3.464661    32.2909       1138     4.7375  0.000e+00
     38.898     9.0474   3.455880    32.2388       1139     4.7417  0.000e+00
     39.101     8.9839   3.448884    32.2238       1140     4.7458  0.000e+00
     39.306     8.9048   3.447928    32.2855       1141     4.7500  0.000e+00
     39.503     8.8442   3.447361    32.3347       1142     4.7542  0.000e+00
     39.696     8.8085   3.444414    32.3365       1143     4.7583  0.000e+00
     39.884     8.7769   3.436647    32.2842       1144     4.7625  0.000e+00
     40.077     8.7208   3.427869    32.2436       1145     4.7667  0.000e+00
     40.265     8.6398   3.421442    32.2501       1146     4.7708  0.000e+00
     40.451     8.5539   3.418655    32.2993       1147     4.7750  0.000e+00
     40.647     8.4828   3.415197    32.3281       1148     4.7792  0.000e+00
     40.842     8.4249   3.410078    32.3273       1149     4.7833  0.000e+00
     41.036     8.3639   3.400468    32.2819       1150     4.7875  0.000e+00
     41.233     8.2853   3.398521    32.3335       1151     4.7917  0.000e+00
     41.431     8.2156   3.398014    32.3923       1152     4.7958  0.000e+00
     41.630     8.1701   3.396975    32.4231       1153     4.8000  0.000e+00
     41.827     8.1393   3.393231    32.4119       1154     4.8042  0.000e+00
     42.014     8.1076   3.389589    32.4025       1155     4.8083  0.000e+00
     42.206     8.0664   3.386661    32.4094       1156     4.8125  0.000e+00
     42.395     8.0242   3.382678    32.4060       1157     4.8167  0.000e+00
     42.576     7.9801   3.381640    32.4358       1158     4.8208  0.000e+00
     42.756     7.9448   3.381259    32.4644       1159     4.8250  0.000e+00
     42.928     7.9227   3.380066    32.4721       1160     4.8292  0.000e+00
     43.105     7.9035   3.375573    32.4420       1161     4.8333  0.000e+00
     43.276     7.8745   3.373324    32.4449       1162     4.8375  0.000e+00
     43.455     7.8413   3.372213    32.4638       1163     4.8417  0.000e+00
     43.630     7.8143   3.372769    32.4947       1164     4.8458  0.000e+00
     43.814     7.7988   3.371396    32.4944       1165     4.8500  0.000e+00
     44.004     7.7863   3.369835    32.4892       1166     4.8542  0.000e+00
     44.201     7.7711   3.369554    32.5004       1167     4.8583  0.000e+00
     44.410     7.7593   3.370678    32.5233       1168     4.8625  0.000e+00
     44.632     7.7569   3.370784    32.5266       1169     4.8667  0.000e+00
     44.861     7.7574   3.368331    32.4997       1170     4.8708  0.000e+00
     45.107     7.7486   3.366140    32.4843       1171     4.8750  0.000e+00
     45.355     7.7306   3.365036    32.4891       1172     4.8792  0.000e+00
     45.609     7.7116   3.363651    32.4919       1173     4.8833  0.000e+00
     45.866     7.6933   3.361169    32.4823       1174     4.8875  0.000e+00
     46.126     7.6694   3.360140    32.4935       1175     4.8917  0.000e+00
     46.373     7.6473   3.359055    32.5023       1176     4.8958  0.000e+00
     46.621     7.6277   3.357547    32.5043       1177     4.9000  0.000e+00
     46.850     7.6080   3.355882    32.5047       1178     4.9042  0.000e+00
     47.077     7.5878   3.355291    32.5172       1179     4.9083  0.000e+00
     47.289     7.5692   3.352462    32.5040       1180     4.9125  0.000e+00
     47.488     7.5457   3.352038    32.5214       1181     4.9167  0.000e+00
     47.676     7.5248   3.350581    32.5251       1182     4.9208  0.000e+00
     47.853     7.5057   3.349024    32.5262       1183     4.9250  0.000e+00
     48.028     7.4852   3.348077    32.5351       1184     4.9292  0.000e+00
     48.194     7.4670   3.346347    32.5335       1185     4.9333  0.000e+00
     48.356     7.4459   3.342568    32.5124       1186     4.9375  0.000e+00
     48.510     7.4136   3.338867    32.5027       1187     4.9417  0.000e+00
     48.667     7.3705   3.336603    32.5185       1188     4.9458  0.000e+00
     48.829     7.3269   3.336094    32.5539       1189     4.9500  0.000e+00
     48.994     7.2946   3.336660    32.5904       1190     4.9542  0.000e+00
     49.158     7.2769   3.335988    32.5998       1191     4.9583  0.000e+00
     49.331     7.2657   3.336455    32.6153       1192     4.9625  0.000e+00
     49.505     7.2610   3.335690    32.6114       1193     4.9667  0.000e+00
     49.698     7.2557   3.334049    32.5985       1194     4.9708  0.000e+00
     49.897     7.2446   3.333545    32.6033       1195     4.9750  0.000e+00
     50.103     7.2324   3.333372    32.6129       1196     4.9792  0.000e+00
     50.319     7.2236   3.333347    32.6208       1197     4.9833  0.000e+00
     50.541     7.2182   3.333851    32.6312       1198     4.9875  0.000e+00
     50.774     7.2166   3.333328    32.6270       1199     4.9917  0.000e+00
     51.009     7.2136   3.332688    32.6228       1200     4.9958  0.000e+00
     51.251     7.2079   3.332440    32.6254       1201     5.0000  0.000e+00
     51.494     7.2018   3.331793    32.6240       1202     5.0042  0.000e+00
     51.742     7.1946   3.331713    32.6298       1203     5.0083  0.000e+00
     51.980     7.1888   3.331502    32.6329       1204     5.0125  0.000e+00
     52.215     7.1844   3.331713    32.6392       1205     5.0167  0.000e+00
     52.446     7.1811   3.330762    32.6319       1206     5.0208  0.000e+00
     52.666     7.1743   3.329246    32.6217       1207     5.0250  0.000e+00
     52.869     7.1602   3.329010    32.6323       1208     5.0292  0.000e+00
     53.064     7.1482   3.328526    32.6383       1209     5.0333  0.000e+00
     53.248     7.1378   3.328228    32.6448       1210     5.0375  0.000e+00
     53.414     7.1284   3.327917    32.6503       1211     5.0417  0.000e+00
     53.577     7.1207   3.327271    32.6505       1212     5.0458  0.000e+00
     53.733     7.1125   3.326383    32.6485       1213     5.0500  0.000e+00
     53.887     7.1015   3.325700    32.6514       1214     5.0542  0.000e+00
     54.037     7.0892   3.325743    32.6634       1215     5.0583  0.000e+00
     54.192     7.0794   3.324918    32.6637       1216     5.0625  0.000e+00
     54.344     7.0682   3.324533    32.6700       1217     5.0667  0.000e+00
     54.494     7.0571   3.324496    32.6800       1218     5.0708  0.000e+00
     54.658     7.0494   3.324645    32.6889       1219     5.0750  0.000e+00
     54.822     7.0453   3.324049    32.6862       1220     5.0792  0.000e+00
     54.994     7.0406   3.323943    32.6895       1221     5.0833  0.000e+00
     55.174     7.0359   3.323502    32.6890       1222     5.0875  0.000e+00
     55.371     7.0311   3.323329    32.6916       1223     5.0917  0.000e+00
     55.577     7.0266   3.322925    32.6914       1224     5.0958  0.000e+00
     55.788     7.0218   3.322739    32.6938       1225     5.1000  0.000e+00
     56.019     7.0154   3.322925    32.7017       1226     5.1042  0.000e+00
     56.259     7.0077   3.323311    32.7132       1227     5.1083  0.000e+00
     56.512     7.0012   3.323565    32.7220       1228     5.1125  0.000e+00
     56.773     6.9963   3.323777    32.7288       1229     5.1167  0.000e+00
     57.045     6.9914   3.323733    32.7329       1230     5.1208  0.000e+00
     57.322     6.9853   3.323528    32.7364       1231     5.1250  0.000e+00
     57.600     6.9773   3.323286    32.7412       1232     5.1292  0.000e+00
     57.876     6.9677   3.323796    32.7558       1233     5.1333  0.000e+00
     58.138     6.9619   3.324175    32.7653       1234     5.1375  0.000e+00
     58.400     6.9602   3.323964    32.7645       1235     5.1417  0.000e+00
     58.651     6.9583   3.323480    32.7608       1236     5.1458  0.000e+00
     58.877     6.9534   3.323368    32.7642       1237     5.1500  0.000e+00
     59.094     6.9470   3.323076    32.7670       1238     5.1542  0.000e+00
     59.285     6.9401   3.322642    32.7687       1239     5.1583  0.000e+00
     59.460     6.9340   3.322778    32.7760       1240     5.1625  0.000e+00
