HB2303/sbe069.cnv
* Sea-Bird SBE 19plus V2 Data File:
* FileName = C:\cruise\data\sbe069.hex
* Software Version Seasave V 7.26.7.121
* Temperature SN = 6128
* Conductivity SN = 6128
* System UpLoad Time = Aug 15 2023 05:30:47
* NMEA Latitude = 40 55.94 N
* NMEA Longitude = 070 53.86 W
* NMEA UTC (Time) = Aug 15 2023 05:30:42
** Ship: Henry Bigelow
** Cruise:  HB2303
** Program:  ECOMON
# nquan = 7
# nvalues = 1371                                  
# units = specified
# name 0 = depSM: Depth [salt water, m]
# name 1 = tv290C: Temperature [ITS-90, deg C]
# name 2 = c0S/m: Conductivity [S/m]
# name 3 = sal00: Salinity, Practical [PSU]
# name 4 = scan: Scan Count
# name 5 = timeM: Time, Elapsed [minutes]
# name 6 = flag:  0.000e+00
# span 0 =     -0.188,     47.042                 
# span 1 =    10.8476,    22.0542                 
# span 2 =   0.001288,   4.540218                 
# span 3 =     0.0145,    33.6554                 
# span 4 =         11,       1381                 
# span 5 =     0.0417,     5.7500                 
# span 6 = 0.0000e+00, 0.0000e+00                 
# interval = seconds: 0.25
# start_time = Aug 15 2023 05:30:42 [NMEA time, header]
# bad_flag = -9.990e-29
*END*
[from data line 821]
     18.137    12.6800   3.816850    32.6139        832     3.4625  0.000e+00
     18.070    12.6928   3.819094    32.6242        833     3.4667  0.000e+00
     18.014    12.7085   3.820866    32.6275        834     3.4708  0.000e+00
     17.953    12.7257   3.821476    32.6184        835     3.4750  0.000e+00
     17.899    12.7407   3.821227    32.6032        836     3.4792  0.000e+00
     17.848    12.7511   3.820931    32.5914        837     3.4833  0.000e+00
     17.813    12.7570   3.820019    32.5776        838     3.4875  0.000e+00
     17.770    12.7602   3.819192    32.5670        839     3.4917  0.000e+00
     17.726    12.7616   3.818549    32.5597        840     3.4958  0.000e+00
     17.688    12.7618   3.818089    32.5552        841     3.5000  0.000e+00
     17.648    12.7616   3.817761    32.5523        842     3.5042  0.000e+00
     17.612    12.7608   3.817230    32.5479        843     3.5083  0.000e+00
     17.577    12.7599   3.816626    32.5430        844     3.5125  0.000e+00
     17.536    12.7583   3.815990    32.5384        845     3.5167  0.000e+00
     17.498    12.7563   3.815229    32.5329        846     3.5208  0.000e+00
     17.451    12.7539   3.814639    32.5293        847     3.5250  0.000e+00
     17.402    12.7512   3.813937    32.5250        848     3.5292  0.000e+00
     17.357    12.7485   3.813196    32.5204        849     3.5333  0.000e+00
     17.301    12.7455   3.812743    32.5187        850     3.5375  0.000e+00
     17.245    12.7430   3.812389    32.5174        851     3.5417  0.000e+00
     17.190    12.7407   3.812317    32.5188        852     3.5458  0.000e+00
     17.132    12.7393   3.812271    32.5196        853     3.5500  0.000e+00
     17.074    12.7384   3.812402    32.5217        854     3.5542  0.000e+00
     17.015    12.7383   3.812461    32.5223        855     3.5583  0.000e+00
     16.961    12.7387   3.812560    32.5229        856     3.5625  0.000e+00
     16.899    12.7394   3.812789    32.5245        857     3.5667  0.000e+00
     16.850    12.7407   3.812920    32.5247        858     3.5708  0.000e+00
     16.800    12.7429   3.812979    32.5233        859     3.5750  0.000e+00
     16.753    12.7454   3.812809    32.5196        860     3.5792  0.000e+00
     16.709    12.7476   3.812861    32.5182        861     3.5833  0.000e+00
     16.660    12.7500   3.813464    32.5219        862     3.5875  0.000e+00
     16.617    12.7544   3.814592    32.5288        863     3.5917  0.000e+00
     16.577    12.7615   3.815314    32.5295        864     3.5958  0.000e+00
     16.542    12.7694   3.816107    32.5303        865     3.6000  0.000e+00
     16.509    12.7774   3.816888    32.5308        866     3.6042  0.000e+00
     16.458    12.7856   3.818134    32.5356        867     3.6083  0.000e+00
     16.435    12.7953   3.820392    32.5487        868     3.6125  0.000e+00
     16.398    12.8090   3.823306    32.5645        869     3.6167  0.000e+00
     16.357    12.8287   3.828395    32.5958        870     3.6208  0.000e+00
     16.317    12.8603   3.833631    32.6182        871     3.6250  0.000e+00
     16.272    12.9017   3.839784    32.6408        872     3.6292  0.000e+00
     16.219    12.9519   3.847587    32.6713        873     3.6333  0.000e+00
     16.163    13.0134   3.857214    32.7092        874     3.6375  0.000e+00
     16.105    13.0878   3.867384    32.7410        875     3.6417  0.000e+00
     16.044    13.1730   3.875796    32.7468        876     3.6458  0.000e+00
     15.973    13.2616   3.879473    32.7051        877     3.6500  0.000e+00
     15.904    13.3420   3.886402    32.7010        878     3.6542  0.000e+00
     15.856    13.4181   3.897417    32.7389        879     3.6583  0.000e+00
     15.793    13.5065   3.903134    32.7165        880     3.6625  0.000e+00
     15.729    13.5913   3.894809    32.5665        881     3.6667  0.000e+00
     15.682    13.6394   3.888566    32.4674        882     3.6708  0.000e+00
     15.639    13.6498   3.872569    32.3099        883     3.6750  0.000e+00
     15.595    13.6281   3.862544    32.2351        884     3.6792  0.000e+00
     15.551    13.5871   3.861318    32.2583        885     3.6833  0.000e+00
     15.520    13.5540   3.861484    32.2877        886     3.6875  0.000e+00
     15.492    13.5356   3.862545    32.3132        887     3.6917  0.000e+00
     15.461    13.5307   3.864549    32.3361        888     3.6958  0.000e+00
     15.431    13.5363   3.867095    32.3550        889     3.7000  0.000e+00
     15.398    13.5511   3.870386    32.3732        890     3.7042  0.000e+00
     15.361    13.5741   3.874781    32.3946        891     3.7083  0.000e+00
     15.327    13.6053   3.877791    32.3962        892     3.7125  0.000e+00
     15.291    13.6383   3.879600    32.3852        893     3.7167  0.000e+00
     15.242    13.6673   3.881951    32.3825        894     3.7208  0.000e+00
     15.191    13.6955   3.885386    32.3906        895     3.7250  0.000e+00
     15.140    13.7259   3.887970    32.3888        896     3.7292  0.000e+00
     15.088    13.7581   3.889767    32.3783        897     3.7333  0.000e+00
     15.034    13.7882   3.891056    32.3649        898     3.7375  0.000e+00
     14.985    13.8125   3.891724    32.3506        899     3.7417  0.000e+00
     14.930    13.8303   3.891869    32.3369        900     3.7458  0.000e+00
     14.870    13.8424   3.891406    32.3225        901     3.7500  0.000e+00
     14.821    13.8493   3.891082    32.3138        902     3.7542  0.000e+00
     14.776    13.8533   3.892503    32.3235        903     3.7583  0.000e+00
     14.734    13.8611   3.897180    32.3602        904     3.7625  0.000e+00
     14.691    13.8828   3.907029    32.4331        905     3.7667  0.000e+00
     14.649    13.9308   3.915225    32.4683        906     3.7708  0.000e+00
     14.606    13.9967   3.920654    32.4628        907     3.7750  0.000e+00
     14.561    14.0618   3.925384    32.4516        908     3.7792  0.000e+00
     14.515    14.1215   3.931616    32.4586        909     3.7833  0.000e+00
     14.477    14.1807   3.934191    32.4325        910     3.7875  0.000e+00
     14.424    14.2335   3.948867    32.5229        911     3.7917  0.000e+00
     14.383    14.3124   3.957756    32.5380        912     3.7958  0.000e+00
     14.345    14.3996   3.960046    32.4857        913     3.8000  0.000e+00
     14.299    14.4720   3.967999    32.4976        914     3.8042  0.000e+00
     14.254    14.5398   3.976166    32.5153        915     3.8083  0.000e+00
     14.212    14.6118   3.980642    32.4958        916     3.8125  0.000e+00
     14.171    14.6796   3.990623    32.5299        917     3.8167  0.000e+00
     14.142    14.7516   3.990816    32.4714        918     3.8208  0.000e+00
     14.115    14.8060   3.993334    32.4489        919     3.8250  0.000e+00
     14.079    14.8450   3.993334    32.4165        920     3.8292  0.000e+00
     14.055    14.8705   3.993220    32.3942        921     3.8333  0.000e+00
     14.028    14.8845   3.994763    32.3965        922     3.8375  0.000e+00
     14.003    14.8962   3.995719    32.3955        923     3.8417  0.000e+00
     13.970    14.9073   3.996788    32.3959        924     3.8458  0.000e+00
     13.945    14.9183   3.997149    32.3901        925     3.8500  0.000e+00
     13.905    14.9269   3.996935    32.3810        926     3.8542  0.000e+00
     13.869    14.9318   3.997483    32.3819        927     3.8583  0.000e+00
     13.833    14.9352   3.998439    32.3878        928     3.8625  0.000e+00
     13.794    14.9412   4.000658    32.4029        929     3.8667  0.000e+00
     13.749    14.9521   4.000966    32.3966        930     3.8708  0.000e+00
     13.691    14.9623   3.999154    32.3718        931     3.8750  0.000e+00
     13.653    14.9628   3.998746    32.3678        932     3.8792  0.000e+00
     13.602    14.9588   3.996934    32.3547        933     3.8833  0.000e+00
     13.549    14.9517   4.004404    32.4281        934     3.8875  0.000e+00
     13.500    14.9625   4.002731    32.4040        935     3.8917  0.000e+00
     13.453    14.9804   4.008083    32.4374        936     3.8958  0.000e+00
     13.415    15.0048   4.010238    32.4366        937     3.9000  0.000e+00
     13.373    15.0325   4.016686    32.4718        938     3.9042  0.000e+00
     13.345    15.0673   4.008731    32.3713        939     3.9083  0.000e+00
     13.303    15.0749   4.025645    32.5173        940     3.9125  0.000e+00
     13.272    15.1216   4.026824    32.4892        941     3.9167  0.000e+00
     13.246    15.1708   4.024202    32.4248        942     3.9208  0.000e+00
     13.211    15.1945   4.028124    32.4404        943     3.9250  0.000e+00
     13.186    15.2206   4.032893    32.4617        944     3.9292  0.000e+00
     13.155    15.2527   4.034623    32.4506        945     3.9333  0.000e+00
     13.120    15.2822   4.036797    32.4457        946     3.9375  0.000e+00
     13.097    15.3085   4.038294    32.4374        947     3.9417  0.000e+00
     13.058    15.3315   4.040415    32.4374        948     3.9458  0.000e+00
     13.031    15.3529   4.042980    32.4427        949     3.9500  0.000e+00
     12.990    15.3777   4.044672    32.4374        950     3.9542  0.000e+00
     12.952    15.4007   4.045780    32.4283        951     3.9583  0.000e+00
     12.912    15.4196   4.046263    32.4171        952     3.9625  0.000e+00
     12.868    15.4339   4.047694    32.4181        953     3.9667  0.000e+00
     12.829    15.4483   4.049367    32.4212        954     3.9708  0.000e+00
     12.782    15.4645   4.049609    32.4100        955     3.9750  0.000e+00
     12.747    15.4768   4.049804    32.4016        956     3.9792  0.000e+00
     12.700    15.4848   4.050966    32.4054        957     3.9833  0.000e+00
     12.667    15.4940   4.054865    32.4326        958     3.9875  0.000e+00
     12.629    15.5130   4.057582    32.4413        959     3.9917  0.000e+00
     12.591    15.5386   4.059579    32.4380        960     3.9958  0.000e+00
     12.561    15.5639   4.060622    32.4264        961     4.0000  0.000e+00
     12.528    15.5848   4.062082    32.4222        962     4.0042  0.000e+00
     12.492    15.6035   4.063562    32.4201        963     4.0083  0.000e+00
     12.458    15.6213   4.064753    32.4160        964     4.0125  0.000e+00
     12.416    15.6375   4.065621    32.4105        965     4.0167  0.000e+00
     12.392    15.6517   4.066361    32.4054        966     4.0208  0.000e+00
     12.351    15.6632   4.066920    32.4010        967     4.0250  0.000e+00
     12.309    15.6730   4.067431    32.3974        968     4.0292  0.000e+00
     12.269    15.6813   4.068037    32.3960        969     4.0333  0.000e+00
     12.235    15.6889   4.068724    32.3959        970     4.0375  0.000e+00
     12.193    15.6967   4.069693    32.3981        971     4.0417  0.000e+00
     12.148    15.7056   4.070400    32.3972        972     4.0458  0.000e+00
     12.116    15.7151   4.070939    32.3942        973     4.0500  0.000e+00
     12.088    15.7237   4.071666    32.3936        974     4.0542  0.000e+00
     12.056    15.7317   4.072670    32.3959        975     4.0583  0.000e+00
     12.018    15.7407   4.073862    32.3991        976     4.0625  0.000e+00
     11.989    15.7517   4.074866    32.3990        977     4.0667  0.000e+00
     11.958    15.7637   4.075694    32.3966        978     4.0708  0.000e+00
     11.934    15.7750   4.076867    32.3977        979     4.0750  0.000e+00
     11.909    15.7868   4.078160    32.3995        980     4.0792  0.000e+00
     11.874    15.7997   4.079481    32.4006        981     4.0833  0.000e+00
     11.838    15.8140   4.081295    32.4050        982     4.0875  0.000e+00
     11.799    15.8305   4.085522    32.4289        983     4.0917  0.000e+00
     11.760    15.8577   4.092310    32.4667        984     4.0958  0.000e+00
     11.718    15.9044   4.095455    32.4563        985     4.1000  0.000e+00
     11.665    15.9521   4.096062    32.4226        986     4.1042  0.000e+00
     11.623    15.9869   4.097074    32.4031        987     4.1083  0.000e+00
     11.576    16.0110   4.098114    32.3926        988     4.1125  0.000e+00
     11.531    16.0296   4.100167    32.3955        989     4.1167  0.000e+00
     11.484    16.0497   4.102308    32.3980        990     4.1208  0.000e+00
     11.442    16.0714   4.103314    32.3892        991     4.1250  0.000e+00
     11.404    16.0900   4.105308    32.3916        992     4.1292  0.000e+00
     11.372    16.1093   4.108565    32.4045        993     4.1333  0.000e+00
     11.324    16.1348   4.111939    32.4134        994     4.1375  0.000e+00
     11.295    16.1663   4.115442    32.4186        995     4.1417  0.000e+00
     11.265    16.2022   4.118710    32.4180        996     4.1458  0.000e+00
     11.228    16.2402   4.121823    32.4144        997     4.1500  0.000e+00
     11.196    16.2790   4.125478    32.4149        998     4.1542  0.000e+00
     11.160    16.3187   4.129826    32.4207        999     4.1583  0.000e+00
     11.116    16.3618   4.134318    32.4250       1000     4.1625  0.000e+00
     11.062    16.4083   4.137958    32.4191       1001     4.1667  0.000e+00
     11.022    16.4550   4.142148    32.4178       1002     4.1708  0.000e+00
     10.964    16.5022   4.147779    32.4287       1003     4.1750  0.000e+00
     10.915    16.5582   4.157488    32.4680       1004     4.1792  0.000e+00
     10.873    16.6329   4.166819    32.4886       1005     4.1833  0.000e+00
     10.824    16.7251   4.173606    32.4729       1006     4.1875  0.000e+00
     10.781    16.8170   4.177198    32.4297       1007     4.1917  0.000e+00
     10.736    16.8962   4.183107    32.4171       1008     4.1958  0.000e+00
     10.701    16.9733   4.192523    32.4363       1009     4.2000  0.000e+00
     10.670    17.0653   4.200343    32.4297       1010     4.2042  0.000e+00
     10.638    17.1628   4.206211    32.4019       1011     4.2083  0.000e+00
     10.607    17.2566   4.212765    32.3830       1012     4.2125  0.000e+00
     10.569    17.3467   4.217860    32.3546       1013     4.2167  0.000e+00
     10.553    17.4276   4.221639    32.3223       1014     4.2208  0.000e+00
     10.513    17.4965   4.224934    32.2956       1015     4.2250  0.000e+00
     10.480    17.5556   4.227245    32.2683       1016     4.2292  0.000e+00
     10.436    17.6049   4.229926    32.2520       1017     4.2333  0.000e+00
     10.397    17.6492   4.233531    32.2476       1018     4.2375  0.000e+00
     10.353    17.6936   4.239734    32.2651       1019     4.2417  0.000e+00
     10.297    17.7515   4.247283    32.2833       1020     4.2458  0.000e+00
     10.249    17.8461   4.257670    32.2965       1021     4.2500  0.000e+00
     10.192    17.9710   4.266268    32.2705       1022     4.2542  0.000e+00
     10.132    18.1054   4.274268    32.2320       1023     4.2583  0.000e+00
     10.073    18.2317   4.280618    32.1862       1024     4.2625  0.000e+00
     10.020    18.3426   4.287673    32.1585       1025     4.2667  0.000e+00
      9.969    18.4447   4.292827    32.1219       1026     4.2708  0.000e+00
      9.917    18.5368   4.300125    32.1109       1027     4.2750  0.000e+00
      9.870    18.6354   4.307601    32.0965       1028     4.2792  0.000e+00
      9.828    18.7387   4.315585    32.0826       1029     4.2833  0.000e+00
      9.787    18.8409   4.322678    32.0623       1030     4.2875  0.000e+00
      9.753    18.9393   4.327013    32.0220       1031     4.2917  0.000e+00
      9.723    19.0214   4.328739    31.9730       1032     4.2958  0.000e+00
      9.689    19.0808   4.331626    31.9511       1033     4.3000  0.000e+00
      9.651    19.1273   4.333256    31.9288       1034     4.3042  0.000e+00
      9.623    19.1640   4.334085    31.9074       1035     4.3083  0.000e+00
