HB2303/sbe014.cnv
* Sea-Bird SBE 19plus V2 Data File:
* FileName = C:\cruise\data\sbe014.hex
* Software Version Seasave V 7.26.7.121
* Temperature SN = 6128
* Conductivity SN = 6128
* System UpLoad Time = Aug 10 2023 04:57:38
* NMEA Latitude = 40 06.17 N
* NMEA Longitude = 073 34.22 W
* NMEA UTC (Time) = Aug 10 2023 04:57:34
** Ship: Henry Bigelow
** Cruise:  HB2303
** Program:  ECOMON
# nquan = 7
# nvalues = 1641                                  
# units = specified
# name 0 = depSM: Depth [salt water, m]
# name 1 = tv290C: Temperature [ITS-90, deg C]
# name 2 = c0S/m: Conductivity [S/m]
# name 3 = sal00: Salinity, Practical [PSU]
# name 4 = scan: Scan Count
# name 5 = timeM: Time, Elapsed [minutes]
# name 6 = flag:  0.000e+00
# span 0 =     -0.253,     65.742                 
# span 1 =     9.8933,    23.2908                 
# span 2 =   0.000058,   4.575610                 
# span 3 =     0.0112,    32.8347                 
# span 4 =         11,       1651                 
# span 5 =     0.0417,     6.8750                 
# span 6 = 0.0000e+00, 0.0000e+00                 
# interval = seconds: 0.25
# start_time = Aug 10 2023 04:57:34 [NMEA time, header]
# bad_flag = -9.990e-29
*END*
[from data line 1231]
     26.035    11.5113   3.688908    32.3942       1242     5.1708  0.000e+00
     25.948    11.5173   3.689225    32.3921       1243     5.1750  0.000e+00
     25.876    11.5225   3.689522    32.3905       1244     5.1792  0.000e+00
     25.805    11.5272   3.690008    32.3912       1245     5.1833  0.000e+00
     25.744    11.5321   3.691160    32.3981       1246     5.1875  0.000e+00
     25.691    11.5403   3.692253    32.4017       1247     5.1917  0.000e+00
     25.648    11.5509   3.692868    32.3984       1248     5.1958  0.000e+00
     25.615    11.5601   3.693024    32.3919       1249     5.2000  0.000e+00
     25.582    11.5668   3.693166    32.3874       1250     5.2042  0.000e+00
     25.557    11.5712   3.693347    32.3853       1251     5.2083  0.000e+00
     25.533    11.5741   3.693736    32.3866       1252     5.2125  0.000e+00
     25.508    11.5775   3.694105    32.3872       1253     5.2167  0.000e+00
     25.473    11.5813   3.694597    32.3887       1254     5.2208  0.000e+00
     25.437    11.5859   3.695555    32.3941       1255     5.2250  0.000e+00
     25.386    11.5930   3.695581    32.3882       1256     5.2292  0.000e+00
     25.326    11.5989   3.696254    32.3896       1257     5.2333  0.000e+00
     25.251    11.6043   3.697200    32.3941       1258     5.2375  0.000e+00
     25.171    11.6122   3.697426    32.3895       1259     5.2417  0.000e+00
     25.077    11.6178   3.697497    32.3853       1260     5.2458  0.000e+00
     24.971    11.6217   3.697666    32.3836       1261     5.2500  0.000e+00
     24.873    11.6244   3.697769    32.3823       1262     5.2542  0.000e+00
     24.757    11.6264   3.698430    32.3870       1263     5.2583  0.000e+00
     24.649    11.6297   3.698501    32.3849       1264     5.2625  0.000e+00
     24.540    11.6329   3.700296    32.3996       1265     5.2667  0.000e+00
     24.437    11.6395   3.700918    32.3999       1266     5.2708  0.000e+00
     24.339    11.6471   3.701054    32.3947       1267     5.2750  0.000e+00
     24.253    11.6528   3.701786    32.3969       1268     5.2792  0.000e+00
     24.172    11.6579   3.701734    32.3919       1269     5.2833  0.000e+00
     24.098    11.6616   3.701993    32.3912       1270     5.2875  0.000e+00
     24.025    11.6645   3.702038    32.3892       1271     5.2917  0.000e+00
     23.958    11.6664   3.702258    32.3897       1272     5.2958  0.000e+00
     23.902    11.6678   3.702446    32.3903       1273     5.3000  0.000e+00
     23.849    11.6697   3.702537    32.3896       1274     5.3042  0.000e+00
     23.802    11.6712   3.702582    32.3887       1275     5.3083  0.000e+00
     23.755    11.6723   3.702602    32.3879       1276     5.3125  0.000e+00
     23.713    11.6729   3.702744    32.3889       1277     5.3167  0.000e+00
     23.659    11.6737   3.702835    32.3890       1278     5.3208  0.000e+00
     23.608    11.6744   3.702906    32.3891       1279     5.3250  0.000e+00
     23.548    11.6754   3.703062    32.3898       1280     5.3292  0.000e+00
     23.499    11.6767   3.703315    32.3912       1281     5.3333  0.000e+00
     23.441    11.6781   3.703593    32.3927       1282     5.3375  0.000e+00
     23.369    11.6799   3.703840    32.3936       1283     5.3417  0.000e+00
     23.299    11.6822   3.704151    32.3946       1284     5.3458  0.000e+00
     23.230    11.6844   3.704416    32.3953       1285     5.3500  0.000e+00
     23.154    11.6871   3.705142    32.4000       1286     5.3542  0.000e+00
     23.085    11.6911   3.706847    32.4132       1287     5.3583  0.000e+00
     23.005    11.6997   3.709013    32.4267       1288     5.3625  0.000e+00
     22.931    11.7135   3.711899    32.4428       1289     5.3667  0.000e+00
     22.848    11.7328   3.715085    32.4569       1290     5.3708  0.000e+00
     22.766    11.7584   3.719999    32.4823       1291     5.3750  0.000e+00
     22.678    11.7921   3.725058    32.5020       1292     5.3792  0.000e+00
     22.592    11.8327   3.726876    32.4843       1293     5.3833  0.000e+00
     22.501    11.8680   3.728871    32.4728       1294     5.3875  0.000e+00
     22.406    11.8964   3.730333    32.4623       1295     5.3917  0.000e+00
     22.314    11.9197   3.731165    32.4500       1296     5.3958  0.000e+00
     22.215    11.9369   3.731964    32.4428       1297     5.4000  0.000e+00
     22.117    11.9502   3.732686    32.4383       1298     5.4042  0.000e+00
     22.025    11.9609   3.735013    32.4515       1299     5.4083  0.000e+00
     21.932    11.9765   3.745438    32.5387       1300     5.4125  0.000e+00
     21.847    12.0205   3.755072    32.5935       1301     5.4167  0.000e+00
     21.760    12.0888   3.759080    32.5725       1302     5.4208  0.000e+00
     21.688    12.1513   3.762751    32.5535       1303     5.4250  0.000e+00
     21.617    12.2046   3.776896    32.6432       1304     5.4292  0.000e+00
     21.554    12.2831   3.786248    32.6647       1305     5.4333  0.000e+00
     21.498    12.3761   3.794320    32.6612       1306     5.4375  0.000e+00
     21.443    12.4604   3.796047    32.6044       1307     5.4417  0.000e+00
     21.394    12.5229   3.796557    32.5552       1308     5.4458  0.000e+00
     21.349    12.5615   3.796923    32.5252       1309     5.4500  0.000e+00
     21.307    12.5851   3.798678    32.5216       1310     5.4542  0.000e+00
     21.265    12.6038   3.800825    32.5259       1311     5.4583  0.000e+00
     21.219    12.6244   3.805752    32.5551       1312     5.4625  0.000e+00
     21.166    12.6559   3.810359    32.5717       1313     5.4667  0.000e+00
     21.119    12.6966   3.813742    32.5687       1314     5.4708  0.000e+00
     21.059    12.7392   3.817212    32.5650       1315     5.4750  0.000e+00
     21.000    12.7801   3.822080    32.5760       1316     5.4792  0.000e+00
     20.927    12.8243   3.828101    32.5950       1317     5.4833  0.000e+00
     20.849    12.8750   3.833561    32.6030       1318     5.4875  0.000e+00
     20.770    12.9294   3.837300    32.5916       1319     5.4917  0.000e+00
     20.680    12.9804   3.839535    32.5688       1320     5.4958  0.000e+00
     20.587    13.0232   3.841620    32.5517       1321     5.5000  0.000e+00
     20.494    13.0592   3.842691    32.5310       1322     5.5042  0.000e+00
     20.396    13.0886   3.843197    32.5106       1323     5.5083  0.000e+00
     20.307    13.1111   3.844125    32.5001       1324     5.5125  0.000e+00
     20.220    13.1291   3.845309    32.4958       1325     5.5167  0.000e+00
     20.133    13.1453   3.847948    32.5068       1326     5.5208  0.000e+00
     20.052    13.1662   3.850001    32.5083       1327     5.5250  0.000e+00
     19.976    13.1906   3.850363    32.4909       1328     5.5292  0.000e+00
     19.900    13.2116   3.850178    32.4712       1329     5.5333  0.000e+00
     19.833    13.2254   3.849658    32.4545       1330     5.5375  0.000e+00
     19.761    13.2330   3.849145    32.4433       1331     5.5417  0.000e+00
     19.688    13.2371   3.850547    32.4530       1332     5.5458  0.000e+00
     19.619    13.2458   3.859611    32.5307       1333     5.5500  0.000e+00
     19.538    13.2837   3.878959    32.6799       1334     5.5542  0.000e+00
     19.460    13.3824   3.897095    32.7652       1335     5.5583  0.000e+00
     19.378    13.5288   3.903877    32.7029       1336     5.5625  0.000e+00
     19.299    13.6705   3.907696    32.6175       1337     5.5667  0.000e+00
     19.211    13.7819   3.912717    32.5694       1338     5.5708  0.000e+00
     19.130    13.8693   3.916440    32.5298       1339     5.5750  0.000e+00
     19.054    13.9398   3.924823    32.5476       1340     5.5792  0.000e+00
     18.982    14.0205   3.939085    32.6110       1341     5.5833  0.000e+00
     18.917    14.1380   3.948763    32.6008       1342     5.5875  0.000e+00
     18.865    14.2645   3.955522    32.5561       1343     5.5917  0.000e+00
     18.817    14.3783   3.959835    32.4999       1344     5.5958  0.000e+00
     18.783    14.4717   3.963823    32.4580       1345     5.6000  0.000e+00
     18.754    14.5457   3.968093    32.4351       1346     5.6042  0.000e+00
     18.721    14.6136   3.971739    32.4116       1347     5.6083  0.000e+00
     18.686    14.6744   3.975452    32.3946       1348     5.6125  0.000e+00
     18.652    14.7298   3.978961    32.3803       1349     5.6167  0.000e+00
     18.614    14.7820   3.983371    32.3769       1350     5.6208  0.000e+00
     18.563    14.8369   3.986101    32.3560       1351     5.6250  0.000e+00
     18.505    14.8871   3.989907    32.3488       1352     5.6292  0.000e+00
     18.431    14.9401   3.995292    32.3536       1353     5.6333  0.000e+00
     18.342    15.0048   4.005168    32.3890       1354     5.6375  0.000e+00
     18.247    15.0921   4.012542    32.3832       1355     5.6417  0.000e+00
     18.136    15.1894   4.018126    32.3530       1356     5.6458  0.000e+00
     18.024    15.2827   4.023887    32.3277       1357     5.6500  0.000e+00
     17.906    15.3729   4.031229    32.3193       1358     5.6542  0.000e+00
     17.792    15.4660   4.043947    32.3563       1359     5.6583  0.000e+00
     17.675    15.5799   4.058727    32.3945       1360     5.6625  0.000e+00
     17.572    15.7195   4.076189    32.4350       1361     5.6667  0.000e+00
     17.475    15.8955   4.100542    32.5064       1362     5.6708  0.000e+00
     17.386    16.1249   4.127000    32.5518       1363     5.6750  0.000e+00
     17.305    16.4058   4.152671    32.5475       1364     5.6792  0.000e+00
     17.230    16.7080   4.167854    32.4344       1365     5.6833  0.000e+00
     17.165    16.9744   4.175939    32.2899       1366     5.6875  0.000e+00
     17.116    17.1852   4.181675    32.1708       1367     5.6917  0.000e+00
     17.062    17.3438   4.186761    32.0884       1368     5.6958  0.000e+00
     17.010    17.4645   4.192975    32.0460       1369     5.7000  0.000e+00
     16.966    17.5655   4.200728    32.0323       1370     5.7042  0.000e+00
     16.919    17.6599   4.201498    31.9646       1371     5.7083  0.000e+00
     16.877    17.7466   4.196633    31.8554       1372     5.7125  0.000e+00
     16.821    17.8287   4.193284    31.7630       1373     5.7167  0.000e+00
     16.766    17.8961   4.194530    31.7212       1374     5.7208  0.000e+00
     16.708    17.9487   4.194755    31.6822       1375     5.7250  0.000e+00
     16.641    17.9980   4.197441    31.6667       1376     5.7292  0.000e+00
     16.581    18.0460   4.202529    31.6723       1377     5.7333  0.000e+00
     16.509    18.0986   4.209088    31.6868       1378     5.7375  0.000e+00
     16.437    18.1655   4.215371    31.6879       1379     5.7417  0.000e+00
     16.370    18.2388   4.219696    31.6676       1380     5.7458  0.000e+00
     16.295    18.3082   4.222826    31.6403       1381     5.7500  0.000e+00
     16.223    18.3701   4.226141    31.6204       1382     5.7542  0.000e+00
     16.160    18.4270   4.230095    31.6096       1383     5.7583  0.000e+00
     16.083    18.4811   4.233598    31.5974       1384     5.7625  0.000e+00
     16.006    18.5321   4.236739    31.5845       1385     5.7667  0.000e+00
     15.942    18.5805   4.241683    31.5885       1386     5.7708  0.000e+00
     15.873    18.6348   4.250714    31.6220       1387     5.7750  0.000e+00
     15.803    18.7103   4.259705    31.6388       1388     5.7792  0.000e+00
     15.745    18.8059   4.280406    31.7371       1389     5.7833  0.000e+00
     15.672    18.9606   4.295404    31.7426       1390     5.7875  0.000e+00
     15.600    19.1381   4.303040    31.6700       1391     5.7917  0.000e+00
     15.526    19.2889   4.312379    31.6320       1392     5.7958  0.000e+00
     15.446    19.4230   4.320822    31.5995       1393     5.8000  0.000e+00
     15.359    19.5453   4.329314    31.5764       1394     5.8042  0.000e+00
     15.272    19.6604   4.347691    31.6391       1395     5.8083  0.000e+00
     15.180    19.8160   4.383583    31.8129       1396     5.8125  0.000e+00
     15.092    20.0830   4.406214    31.7941       1397     5.8167  0.000e+00
     15.003    20.3923   4.431124    31.7618       1398     5.8208  0.000e+00
     14.905    20.7102   4.449900    31.6744       1399     5.8250  0.000e+00
     14.817    21.0042   4.461690    31.5500       1400     5.8292  0.000e+00
     14.739    21.2462   4.475189    31.4783       1401     5.8333  0.000e+00
     14.665    21.4588   4.488741    31.4290       1402     5.8375  0.000e+00
     14.596    21.6563   4.499081    31.3660       1403     5.8417  0.000e+00
     14.523    21.8321   4.500918    31.2529       1404     5.8458  0.000e+00
     14.469    21.9555   4.511558    31.2464       1405     5.8500  0.000e+00
     14.417    22.0711   4.526382    31.2777       1406     5.8542  0.000e+00
     14.364    22.2222   4.536962    31.2507       1407     5.8583  0.000e+00
     14.321    22.3770   4.544092    31.1946       1408     5.8625  0.000e+00
     14.274    22.5115   4.550788    31.1499       1409     5.8667  0.000e+00
     14.223    22.6266   4.554321    31.0951       1410     5.8708  0.000e+00
     14.169    22.7126   4.556211    31.0485       1411     5.8750  0.000e+00
     14.113    22.7717   4.557121    31.0136       1412     5.8792  0.000e+00
     14.044    22.8091   4.557466    30.9898       1413     5.8833  0.000e+00
     13.972    22.8317   4.557882    30.9771       1414     5.8875  0.000e+00
     13.882    22.8452   4.558136    30.9695       1415     5.8917  0.000e+00
     13.782    22.8533   4.558376    30.9657       1416     5.8958  0.000e+00
     13.677    22.8586   4.558721    30.9646       1417     5.9000  0.000e+00
     13.574    22.8630   4.559067    30.9642       1418     5.9042  0.000e+00
     13.466    22.8671   4.559568    30.9651       1419     5.9083  0.000e+00
     13.364    22.8713   4.559893    30.9646       1420     5.9125  0.000e+00
     13.265    22.8750   4.560055    30.9633       1421     5.9167  0.000e+00
     13.171    22.8778   4.560189    30.9624       1422     5.9208  0.000e+00
     13.089    22.8797   4.560351    30.9623       1423     5.9250  0.000e+00
     13.004    22.8814   4.560719    30.9639       1424     5.9292  0.000e+00
     12.937    22.8831   4.561608    30.9694       1425     5.9333  0.000e+00
     12.877    22.8875   4.561898    30.9685       1426     5.9375  0.000e+00
     12.821    22.8918   4.562060    30.9668       1427     5.9417  0.000e+00
     12.774    22.8949   4.562144    30.9653       1428     5.9458  0.000e+00
     12.719    22.8972   4.562406    30.9656       1429     5.9500  0.000e+00
     12.670    22.8991   4.563105    30.9696       1430     5.9542  0.000e+00
     12.620    22.9026   4.563613    30.9710       1431     5.9583  0.000e+00
     12.563    22.9077   4.563719    30.9682       1432     5.9625  0.000e+00
     12.505    22.9116   4.563797    30.9661       1433     5.9667  0.000e+00
     12.428    22.9150   4.564630    30.9701       1434     5.9708  0.000e+00
     12.345    22.9201   4.564630    30.9665       1435     5.9750  0.000e+00
     12.249    22.9229   4.564926    30.9668       1436     5.9792  0.000e+00
     12.151    22.9257   4.565004    30.9654       1437     5.9833  0.000e+00
     12.057    22.9286   4.565039    30.9637       1438     5.9875  0.000e+00
     11.954    22.9302   4.565187    30.9637       1439     5.9917  0.000e+00
     11.858    22.9317   4.565216    30.9629       1440     5.9958  0.000e+00
     11.761    22.9327   4.564121    30.9539       1441     6.0000  0.000e+00
     11.666    22.9329   4.563718    30.9508       1442     6.0042  0.000e+00
     11.578    22.9315   4.562687    30.9440       1443     6.0083  0.000e+00
     11.494    22.9291   4.562539    30.9446       1444     6.0125  0.000e+00
     11.415    22.9271   4.561896    30.9411       1445     6.0167  0.000e+00
