HB2303/sbe098.cnv
* Sea-Bird SBE 19plus V2 Data File:
* FileName = C:\cruise\data\sbe098.hex
* Software Version Seasave V 7.26.7.121
* Temperature SN = 6128
* Conductivity SN = 6128
* System UpLoad Time = Aug 18 2023 03:39:42
* NMEA Latitude = 41 40.25 N
* NMEA Longitude = 066 34.32 W
* NMEA UTC (Time) = Aug 18 2023 03:39:38
** Ship: Henry Bigelow
** Cruise:  HB2303
** Program:  ECOMON
# nquan = 7
# nvalues = 1211                                  
# units = specified
# name 0 = depSM: Depth [salt water, m]
# name 1 = tv290C: Temperature [ITS-90, deg C]
# name 2 = c0S/m: Conductivity [S/m]
# name 3 = sal00: Salinity, Practical [PSU]
# name 4 = scan: Scan Count
# name 5 = timeM: Time, Elapsed [minutes]
# name 6 = flag:  0.000e+00
# span 0 =     -0.123,     64.102                 
# span 1 =    11.6649,    19.6016                 
# span 2 =   0.001826,   4.319616                 
# span 3 =     0.0162,    33.3144                 
# span 4 =         11,       1221                 
# span 5 =     0.0417,     5.0833                 
# span 6 = 0.0000e+00, 0.0000e+00                 
# interval = seconds: 0.25
# start_time = Aug 18 2023 03:39:38 [NMEA time, header]
# bad_flag = -9.990e-29
*END*
[from data line 206]
     30.694    13.4823   3.858722    32.3167        217     0.9000  0.000e+00
     30.884    13.4712   3.857306    32.3127        218     0.9042  0.000e+00
     31.068    13.4577   3.856239    32.3141        219     0.9083  0.000e+00
     31.221    13.4440   3.854427    32.3087        220     0.9125  0.000e+00
     31.353    13.4287   3.852511    32.3038        221     0.9167  0.000e+00
     31.467    13.4082   3.849193    32.2901        222     0.9208  0.000e+00
     31.580    13.3814   3.846857    32.2909        223     0.9250  0.000e+00
     31.698    13.3534   3.847186    32.3177        224     0.9292  0.000e+00
     31.827    13.3355   3.848200    32.3424        225     0.9333  0.000e+00
     31.959    13.3294   3.845219    32.3196        226     0.9375  0.000e+00
     32.094    13.3173   3.844344    32.3215        227     0.9417  0.000e+00
     32.235    13.3026   3.843811    32.3290        228     0.9458  0.000e+00
     32.385    13.2895   3.842121    32.3242        229     0.9500  0.000e+00
     32.547    13.2757   3.841555    32.3306        230     0.9542  0.000e+00
     32.719    13.2632   3.840536    32.3316        231     0.9583  0.000e+00
     32.898    13.2522   3.839615    32.3323        232     0.9625  0.000e+00
     33.082    13.2402   3.839102    32.3375        233     0.9667  0.000e+00
     33.282    13.2300   3.838544    32.3409        234     0.9708  0.000e+00
     33.493    13.2211   3.837715    32.3406        235     0.9750  0.000e+00
     33.703    13.2125   3.837788    32.3485        236     0.9792  0.000e+00
     33.927    13.2065   3.837492    32.3508        237     0.9833  0.000e+00
     34.151    13.2029   3.836539    32.3448        238     0.9875  0.000e+00
     34.377    13.1970   3.834179    32.3276        239     0.9917  0.000e+00
     34.606    13.1840   3.832412    32.3220        240     0.9958  0.000e+00
     34.825    13.1663   3.830277    32.3169        241     1.0000  0.000e+00
     35.043    13.1456   3.827538    32.3086        242     1.0042  0.000e+00
     35.251    13.1224   3.826704    32.3205        243     1.0083  0.000e+00
     35.453    13.1017   3.824787    32.3199        244     1.0125  0.000e+00
     35.644    13.0825   3.823467    32.3238        245     1.0167  0.000e+00
     35.825    13.0644   3.820638    32.3126        246     1.0208  0.000e+00
     35.993    13.0417   3.817141    32.2989        247     1.0250  0.000e+00
     36.143    13.0110   3.811022    32.2672        248     1.0292  0.000e+00
     36.288    12.9686   3.806579    32.2614        249     1.0333  0.000e+00
     36.423    12.9183   3.800421    32.2461        250     1.0375  0.000e+00
     36.557    12.8600   3.795354    32.2478        251     1.0417  0.000e+00
     36.685    12.8008   3.791899    32.2656        252     1.0458  0.000e+00
     36.812    12.7475   3.787654    32.2709        253     1.0500  0.000e+00
     36.931    12.6972   3.785589    32.2942        254     1.0542  0.000e+00
     37.059    12.6555   3.784504    32.3196        255     1.0583  0.000e+00
     37.193    12.6244   3.780151    32.3049        256     1.0625  0.000e+00
     37.330    12.5902   3.776309    32.2975        257     1.0667  0.000e+00
     37.480    12.5519   3.772711    32.2961        258     1.0708  0.000e+00
     37.638    12.5108   3.767502    32.2817        259     1.0750  0.000e+00
     37.808    12.4635   3.766779    32.3153        260     1.0792  0.000e+00
     37.990    12.4269   3.762982    32.3105        261     1.0833  0.000e+00
     38.186    12.3917   3.760413    32.3161        262     1.0875  0.000e+00
     38.399    12.3582   3.760889    32.3494        263     1.0917  0.000e+00
     38.623    12.3384   3.760935    32.3669        264     1.0958  0.000e+00
     38.856    12.3262   3.757486    32.3443        265     1.1000  0.000e+00
     39.103    12.3076   3.754494    32.3316        266     1.1042  0.000e+00
     39.356    12.2817   3.752664    32.3362        267     1.1083  0.000e+00
     39.610    12.2555   3.750221    32.3353        268     1.1125  0.000e+00
     39.858    12.2294   3.744198    32.2999        269     1.1167  0.000e+00
     40.100    12.1902   3.741185    32.3047        270     1.1208  0.000e+00
     40.316    12.1478   3.739318    32.3233        271     1.1250  0.000e+00
     40.532    12.1127   3.736339    32.3249        272     1.1292  0.000e+00
     40.741    12.0798   3.733380    32.3248        273     1.1333  0.000e+00
     40.931    12.0457   3.728537    32.3075        274     1.1375  0.000e+00
     41.124    12.0044   3.723886    32.2983        275     1.1417  0.000e+00
     41.287    11.9575   3.723178    32.3321        276     1.1458  0.000e+00
     41.429    11.9226   3.724439    32.3745        277     1.1500  0.000e+00
     41.566    11.9065   3.724004    32.3842        278     1.1542  0.000e+00
     41.689    11.8975   3.722238    32.3749        279     1.1583  0.000e+00
     41.815    11.8861   3.721705    32.3796        280     1.1625  0.000e+00
     41.928    11.8752   3.720809    32.3803        281     1.1667  0.000e+00
     42.052    11.8655   3.720050    32.3814        282     1.1708  0.000e+00
     42.167    11.8558   3.720089    32.3901        283     1.1750  0.000e+00
     42.290    11.8498   3.719797    32.3925        284     1.1792  0.000e+00
     42.414    11.8453   3.719245    32.3910        285     1.1833  0.000e+00
     42.557    11.8407   3.718998    32.3926        286     1.1875  0.000e+00
     42.703    11.8367   3.719433    32.4002        287     1.1917  0.000e+00
     42.869    11.8360   3.719615    32.4025        288     1.1958  0.000e+00
     43.045    11.8367   3.719369    32.3994        289     1.2000  0.000e+00
     43.238    11.8364   3.719044    32.3964        290     1.2042  0.000e+00
     43.441    11.8348   3.717986    32.3875        291     1.2083  0.000e+00
     43.661    11.8294   3.716811    32.3808        292     1.2125  0.000e+00
     43.896    11.8209   3.716448    32.3845        293     1.2167  0.000e+00
     44.148    11.8130   3.716811    32.3949        294     1.2208  0.000e+00
     44.404    11.8088   3.716610    32.3964        295     1.2250  0.000e+00
     44.664    11.8066   3.716130    32.3936        296     1.2292  0.000e+00
     44.926    11.8036   3.716104    32.3958        297     1.2333  0.000e+00
     45.179    11.8009   3.715825    32.3954        298     1.2375  0.000e+00
     45.432    11.7987   3.715215    32.3913        299     1.2417  0.000e+00
     45.672    11.7946   3.714638    32.3892        300     1.2458  0.000e+00
     45.906    11.7896   3.714586    32.3929        301     1.2500  0.000e+00
     46.134    11.7859   3.715106    32.4010        302     1.2542  0.000e+00
     46.345    11.7857   3.715670    32.4066        303     1.2583  0.000e+00
     46.555    11.7884   3.715644    32.4040        304     1.2625  0.000e+00
     46.765    11.7910   3.715184    32.3971        305     1.2667  0.000e+00
     46.956    11.7905   3.715106    32.3967        306     1.2708  0.000e+00
     47.130    11.7889   3.714450    32.3917        307     1.2750  0.000e+00
     47.284    11.7856   3.714223    32.3923        308     1.2792  0.000e+00
     47.416    11.7819   3.713030    32.3839        309     1.2833  0.000e+00
     47.540    11.7755   3.711862    32.3781        310     1.2875  0.000e+00
     47.650    11.7661   3.712388    32.3913        311     1.2917  0.000e+00
     47.755    11.7605   3.712524    32.3974        312     1.2958  0.000e+00
     47.866    11.7584   3.711784    32.3920        313     1.3000  0.000e+00
     47.971    11.7555   3.712297    32.3996        314     1.3042  0.000e+00
     48.081    11.7543   3.712595    32.4034        315     1.3083  0.000e+00
     48.207    11.7556   3.712680    32.4031        316     1.3125  0.000e+00
     48.350    11.7572   3.712667    32.4014        317     1.3167  0.000e+00
     48.512    11.7584   3.712823    32.4019        318     1.3208  0.000e+00
     48.686    11.7597   3.712868    32.4011        319     1.3250  0.000e+00
     48.877    11.7607   3.712816    32.3996        320     1.3292  0.000e+00
     49.085    11.7610   3.712940    32.4005        321     1.3333  0.000e+00
     49.316    11.7618   3.712959    32.3999        322     1.3375  0.000e+00
     49.570    11.7624   3.712576    32.3956        323     1.3417  0.000e+00
     49.841    11.7612   3.711837    32.3893        324     1.3458  0.000e+00
     50.121    11.7578   3.711402    32.3880        325     1.3500  0.000e+00
     50.384    11.7530   3.710631    32.3846        326     1.3542  0.000e+00
     50.640    11.7468   3.710560    32.3891        327     1.3583  0.000e+00
     50.895    11.7417   3.710372    32.3916        328     1.3625  0.000e+00
     51.145    11.7382   3.710235    32.3933        329     1.3667  0.000e+00
     51.391    11.7353   3.710437    32.3976        330     1.3708  0.000e+00
     51.615    11.7343   3.710009    32.3943        331     1.3750  0.000e+00
     51.820    11.7325   3.709730    32.3930        332     1.3792  0.000e+00
     51.999    11.7298   3.709652    32.3946        333     1.3833  0.000e+00
     52.210    11.7276   3.709801    32.3978        334     1.3875  0.000e+00
     52.414    11.7263   3.709367    32.3946        335     1.3917  0.000e+00
     52.574    11.7247   3.708842    32.3909        336     1.3958  0.000e+00
     52.686    11.7212   3.709082    32.3962        337     1.4000  0.000e+00
     52.764    11.7194   3.708427    32.3914        338     1.4042  0.000e+00
     52.851    11.7162   3.708155    32.3915        339     1.4083  0.000e+00
     52.952    11.7123   3.708245    32.3958        340     1.4125  0.000e+00
     53.064    11.7100   3.708427    32.3995        341     1.4167  0.000e+00
     53.185    11.7099   3.708797    32.4031        342     1.4208  0.000e+00
     53.318    11.7112   3.708862    32.4026        343     1.4250  0.000e+00
     53.463    11.7127   3.708907    32.4016        344     1.4292  0.000e+00
     53.634    11.7139   3.709069    32.4021        345     1.4333  0.000e+00
     53.822    11.7152   3.709043    32.4007        346     1.4375  0.000e+00
     54.031    11.7164   3.708907    32.3982        347     1.4417  0.000e+00
     54.272    11.7162   3.708888    32.3980        348     1.4458  0.000e+00
     54.541    11.7158   3.708888    32.3983        349     1.4500  0.000e+00
     54.841    11.7156   3.708979    32.3992        350     1.4542  0.000e+00
     55.138    11.7158   3.708583    32.3951        351     1.4583  0.000e+00
     55.423    11.7146   3.708382    32.3941        352     1.4625  0.000e+00
     55.701    11.7126   3.708246    32.3944        353     1.4667  0.000e+00
     55.965    11.7106   3.708383    32.3973        354     1.4708  0.000e+00
     56.213    11.7099   3.708564    32.3996        355     1.4750  0.000e+00
     56.443    11.7104   3.708655    32.3999        356     1.4792  0.000e+00
     56.653    11.7112   3.708454    32.3972        357     1.4833  0.000e+00
     56.830    11.7110   3.708409    32.3968        358     1.4875  0.000e+00
     56.974    11.7105   3.708364    32.3968        359     1.4917  0.000e+00
     57.149    11.7098   3.708130    32.3950        360     1.4958  0.000e+00
     57.341    11.7087   3.708202    32.3966        361     1.5000  0.000e+00
     57.478    11.7078   3.708124    32.3966        362     1.5042  0.000e+00
     57.570    11.7071   3.708318    32.3991        363     1.5083  0.000e+00
     57.639    11.7072   3.708176    32.3976        364     1.5125  0.000e+00
     57.733    11.7072   3.707903    32.3949        365     1.5167  0.000e+00
     57.859    11.7058   3.707955    32.3966        366     1.5208  0.000e+00
     58.005    11.7050   3.708429    32.4018        367     1.5250  0.000e+00
     58.170    11.7060   3.708610    32.4026        368     1.5292  0.000e+00
     58.340    11.7081   3.708585    32.4005        369     1.5333  0.000e+00
     58.522    11.7095   3.708429    32.3977        370     1.5375  0.000e+00
     58.724    11.7096   3.708202    32.3953        371     1.5417  0.000e+00
     58.951    11.7087   3.708319    32.3972        372     1.5458  0.000e+00
     59.202    11.7079   3.708105    32.3957        373     1.5500  0.000e+00
     59.473    11.7071   3.707924    32.3945        374     1.5542  0.000e+00
     59.744    11.7056   3.707606    32.3926        375     1.5583  0.000e+00
     59.991    11.7032   3.706796    32.3867        376     1.5625  0.000e+00
     60.235    11.6984   3.706420    32.3871        377     1.5667  0.000e+00
     60.463    11.6934   3.706167    32.3889        378     1.5708  0.000e+00
     60.690    11.6888   3.706232    32.3934        379     1.5750  0.000e+00
     60.905    11.6861   3.706452    32.3978        380     1.5792  0.000e+00
     61.124    11.6849   3.705824    32.3927        381     1.5833  0.000e+00
     61.350    11.6829   3.706167    32.3977        382     1.5875  0.000e+00
     61.563    11.6821   3.705882    32.3956        383     1.5917  0.000e+00
     61.753    11.6808   3.705824    32.3960        384     1.5958  0.000e+00
     61.928    11.6796   3.705779    32.3966        385     1.6000  0.000e+00
     62.093    11.6786   3.705843    32.3980        386     1.6042  0.000e+00
     62.257    11.6784   3.705753    32.3972        387     1.6083  0.000e+00
     62.430    11.6779   3.705733    32.3974        388     1.6125  0.000e+00
     62.627    11.6772   3.705779    32.3984        389     1.6167  0.000e+00
     62.739    11.6771   3.705688    32.3975        390     1.6208  0.000e+00
     62.817    11.6767   3.705623    32.3972        391     1.6250  0.000e+00
     62.833    11.6761   3.705455    32.3961        392     1.6292  0.000e+00
     62.797    11.6753   3.705319    32.3955        393     1.6333  0.000e+00
     62.809    11.6739   3.705228    32.3958        394     1.6375  0.000e+00
     62.871    11.6727   3.705209    32.3967        395     1.6417  0.000e+00
     62.936    11.6716   3.705254    32.3980        396     1.6458  0.000e+00
     62.970    11.6712   3.705157    32.3974        397     1.6500  0.000e+00
     62.970    11.6708   3.705079    32.3970        398     1.6542  0.000e+00
     62.966    11.6702   3.705021    32.3969        399     1.6583  0.000e+00
     62.975    11.6697   3.705021    32.3974        400     1.6625  0.000e+00
     62.993    11.6693   3.705021    32.3978        401     1.6667  0.000e+00
     63.005    11.6689   3.704988    32.3978        402     1.6708  0.000e+00
     63.000    11.6688   3.704956    32.3975        403     1.6750  0.000e+00
     62.998    11.6687   3.704975    32.3978        404     1.6792  0.000e+00
     63.005    11.6684   3.704949    32.3978        405     1.6833  0.000e+00
     63.025    11.6683   3.704865    32.3971        406     1.6875  0.000e+00
     63.060    11.6678   3.704865    32.3975        407     1.6917  0.000e+00
     63.108    11.6675   3.704774    32.3969        408     1.6958  0.000e+00
     63.157    11.6670   3.704774    32.3973        409     1.7000  0.000e+00
     63.220    11.6665   3.704911    32.3990        410     1.7042  0.000e+00
     63.292    11.6666   3.705001    32.3997        411     1.7083  0.000e+00
     63.370    11.6674   3.705137    32.4004        412     1.7125  0.000e+00
     63.448    11.6684   3.705189    32.4000        413     1.7167  0.000e+00
     63.512    11.6694   3.705112    32.3983        414     1.7208  0.000e+00
     63.567    11.6695   3.705183    32.3989        415     1.7250  0.000e+00
     63.605    11.6699   3.705144    32.3982        416     1.7292  0.000e+00
     63.624    11.6701   3.705254    32.3990        417     1.7333  0.000e+00
     63.628    11.6704   3.705066    32.3969        418     1.7375  0.000e+00
     63.612    11.6704   3.705066    32.3970        419     1.7417  0.000e+00
     63.574    11.6699   3.705060    32.3973        420     1.7458  0.000e+00
