HB2303/sbe080.cnv
* Sea-Bird SBE 19plus V2 Data File:
* FileName = C:\cruise\data\sbe080.hex
* Software Version Seasave V 7.26.7.121
* Temperature SN = 6128
* Conductivity SN = 6128
* System UpLoad Time = Aug 16 2023 14:23:56
* NMEA Latitude = 40 51.88 N
* NMEA Longitude = 066 45.95 W
* NMEA UTC (Time) = Aug 16 2023 14:23:52
** Ship: Henry Bigelow
** Cruise:  HB2303
** Program:  ECOMON
# nquan = 7
# nvalues = 2190                                  
# units = specified
# name 0 = depSM: Depth [salt water, m]
# name 1 = tv290C: Temperature [ITS-90, deg C]
# name 2 = c0S/m: Conductivity [S/m]
# name 3 = sal00: Salinity, Practical [PSU]
# name 4 = scan: Scan Count
# name 5 = timeM: Time, Elapsed [minutes]
# name 6 = flag:  0.000e+00
# span 0 =     -0.132,     98.930                 
# span 1 =     6.8015,    18.2741                 
# span 2 =  -0.061482,   4.266199                 
# span 3 =     0.0000,    35.0200                 
# span 4 =         11,       2200                 
# span 5 =     0.0417,     9.1625                 
# span 6 = 0.0000e+00, 0.0000e+00                 
# interval = seconds: 0.25
# start_time = Aug 16 2023 14:23:52 [NMEA time, header]
# bad_flag = -9.990e-29
*END*
     -0.047    17.5284   0.002068     0.0170         11     0.0417  0.000e+00
     -0.045    17.5285   0.002074     0.0170         12     0.0458  0.000e+00
     -0.047    17.5287   0.002071     0.0170         13     0.0500  0.000e+00
     -0.046    17.5288   0.002056     0.0169         14     0.0542  0.000e+00
     -0.046    17.5295   0.002074     0.0170         15     0.0583  0.000e+00
     -0.047    17.5293   0.002071     0.0170         16     0.0625  0.000e+00
     -0.048    17.5297   0.002068     0.0170         17     0.0667  0.000e+00
     -0.049    17.5299   0.002068     0.0170         18     0.0708  0.000e+00
     -0.051    17.5302   0.002071     0.0170         19     0.0750  0.000e+00
     -0.047    17.5303   0.002080     0.0171         20     0.0792  0.000e+00
     -0.046    17.5307   0.002074     0.0170         21     0.0833  0.000e+00
     -0.044    17.5305   0.002080     0.0171         22     0.0875  0.000e+00
     -0.049    17.5313   0.002074     0.0170         23     0.0917  0.000e+00
     -0.047    17.5311   0.002086     0.0171         24     0.0958  0.000e+00
     -0.049    17.5312   0.002077     0.0170         25     0.1000  0.000e+00
     -0.044    17.5315   0.002080     0.0171         26     0.1042  0.000e+00
     -0.044    17.5317   0.002089     0.0171         27     0.1083  0.000e+00
     -0.047    17.5319   0.002086     0.0171         28     0.1125  0.000e+00
     -0.049    17.5320   0.002089     0.0171         29     0.1167  0.000e+00
     -0.049    17.5323   0.002086     0.0171         30     0.1208  0.000e+00
     -0.045    17.5321   0.002095     0.0171         31     0.1250  0.000e+00
     -0.043    17.5327   0.002089     0.0171         32     0.1292  0.000e+00
     -0.045    17.5331   0.002086     0.0171         33     0.1333  0.000e+00
     -0.047    17.5327   0.002086     0.0171         34     0.1375  0.000e+00
     -0.045    17.5337   0.002101     0.0172         35     0.1417  0.000e+00
     -0.049    17.5342   0.002095     0.0171         36     0.1458  0.000e+00
     -0.050    17.5339   0.002086     0.0171         37     0.1500  0.000e+00
     -0.050    17.5341   0.002101     0.0172         38     0.1542  0.000e+00
     -0.050    17.5346   0.002095     0.0171         39     0.1583  0.000e+00
     -0.052    17.5346   0.002089     0.0171         40     0.1625  0.000e+00
     -0.054    17.5347   0.002095     0.0171         41     0.1667  0.000e+00
     -0.052    17.5345   0.002095     0.0171         42     0.1708  0.000e+00
     -0.049    17.5350   0.002113     0.0172         43     0.1750  0.000e+00
     -0.054    17.5349   0.002095     0.0171         44     0.1792  0.000e+00
     -0.052    17.5357   0.002089     0.0171         45     0.1833  0.000e+00
     -0.051    17.5360   0.002107     0.0172         46     0.1875  0.000e+00
     -0.051    17.5362   0.002095     0.0171         47     0.1917  0.000e+00
     -0.051    17.5358   0.002107     0.0172         48     0.1958  0.000e+00
     -0.053    17.5361   0.002107     0.0172         49     0.2000  0.000e+00
     -0.051    17.5359   0.002095     0.0171         50     0.2042  0.000e+00
     -0.053    17.5364   0.002113     0.0172         51     0.2083  0.000e+00
     -0.051    17.5364   0.002107     0.0172         52     0.2125  0.000e+00
     -0.053    17.5373   0.002116     0.0172         53     0.2167  0.000e+00
     -0.049    17.5371   0.002107     0.0172         54     0.2208  0.000e+00
     -0.048    17.5373   0.002101     0.0172         55     0.2250  0.000e+00
     -0.051    17.5380   0.002119     0.0172         56     0.2292  0.000e+00
     -0.053    17.5380   0.002101     0.0172         57     0.2333  0.000e+00
     -0.053    17.5384   0.002119     0.0172         58     0.2375  0.000e+00
     -0.055    17.5380   0.002113     0.0172         59     0.2417  0.000e+00
     -0.055    17.5385   0.002107     0.0172         60     0.2458  0.000e+00
     -0.055    17.5389   0.002119     0.0172         61     0.2500  0.000e+00
     -0.056    17.5389   0.002113     0.0172         62     0.2542  0.000e+00
     -0.055    17.5388   0.002122     0.0173         63     0.2583  0.000e+00
     -0.052    17.5393   0.002119     0.0172         64     0.2625  0.000e+00
     -0.053    17.5393   0.002119     0.0172         65     0.2667  0.000e+00
     -0.058    17.5399   0.002131     0.0173         66     0.2708  0.000e+00
     -0.051    17.5397   0.002131     0.0173         67     0.2750  0.000e+00
     -0.051    17.5404   0.002125     0.0173         68     0.2792  0.000e+00
     -0.052    17.5404   0.002122     0.0173         69     0.2833  0.000e+00
     -0.049    17.5408   0.002125     0.0173         70     0.2875  0.000e+00
     -0.050    17.5411   0.002125     0.0173         71     0.2917  0.000e+00
     -0.050    17.5404   0.002143     0.0174         72     0.2958  0.000e+00
     -0.050    17.5410   0.002125     0.0173         73     0.3000  0.000e+00
     -0.054    17.5412   0.002131     0.0173         74     0.3042  0.000e+00
     -0.050    17.5416   0.002131     0.0173         75     0.3083  0.000e+00
     -0.055    17.5420   0.002131     0.0173         76     0.3125  0.000e+00
     -0.055    17.5421   0.002143     0.0174         77     0.3167  0.000e+00
     -0.053    17.5423   0.002125     0.0173         78     0.3208  0.000e+00
     -0.051    17.5425   0.002131     0.0173         79     0.3250  0.000e+00
     -0.053    17.5430   0.002137     0.0173         80     0.3292  0.000e+00
     -0.057    17.5434   0.002125     0.0173         81     0.3333  0.000e+00
     -0.055    17.5435   0.002143     0.0174         82     0.3375  0.000e+00
     -0.059    17.5436   0.002125     0.0173         83     0.3417  0.000e+00
     -0.057    17.5437   0.002131     0.0173         84     0.3458  0.000e+00
     -0.053    17.5438   0.002137     0.0173         85     0.3500  0.000e+00
     -0.051    17.5436   0.002125     0.0173         86     0.3542  0.000e+00
     -0.055    17.5440   0.002137     0.0173         87     0.3583  0.000e+00
     -0.058    17.5445   0.002137     0.0173         88     0.3625  0.000e+00
     -0.056    17.5440   0.002131     0.0173         89     0.3667  0.000e+00
     -0.053    17.5451   0.002143     0.0174         90     0.3708  0.000e+00
     -0.053    17.5449   0.002143     0.0174         91     0.3750  0.000e+00
     -0.052    17.5454   0.002143     0.0174         92     0.3792  0.000e+00
     -0.054    17.5458   0.002146     0.0174         93     0.3833  0.000e+00
     -0.052    17.5459   0.002143     0.0174         94     0.3875  0.000e+00
     -0.050    17.5459   0.002146     0.0174         95     0.3917  0.000e+00
     -0.052    17.5460   0.002143     0.0174         96     0.3958  0.000e+00
     -0.054    17.5466   0.002143     0.0174         97     0.4000  0.000e+00
     -0.053    17.5467   0.002152     0.0174         98     0.4042  0.000e+00
     -0.053    17.5466   0.002146     0.0174         99     0.4083  0.000e+00
     -0.052    17.5470   0.002158     0.0174        100     0.4125  0.000e+00
     -0.050    17.5474   0.002152     0.0174        101     0.4167  0.000e+00
     -0.050    17.5481   0.002146     0.0174        102     0.4208  0.000e+00
     -0.052    17.5478   0.002152     0.0174        103     0.4250  0.000e+00
     -0.057    17.5482   0.002152     0.0174        104     0.4292  0.000e+00
     -0.057    17.5482   0.002146     0.0174        105     0.4333  0.000e+00
     -0.057    17.5487   0.002152     0.0174        106     0.4375  0.000e+00
     -0.056    17.5482   0.002167     0.0175        107     0.4417  0.000e+00
     -0.056    17.5487   0.002152     0.0174        108     0.4458  0.000e+00
     -0.060    17.5490   0.002158     0.0174        109     0.4500  0.000e+00
     -0.058    17.5493   0.002158     0.0174        110     0.4542  0.000e+00
     -0.057    17.5498   0.002158     0.0174        111     0.4583  0.000e+00
     -0.058    17.5498   0.002170     0.0175        112     0.4625  0.000e+00
     -0.055    17.5494   0.002152     0.0174        113     0.4667  0.000e+00
     -0.058    17.5497   0.002164     0.0175        114     0.4708  0.000e+00
     -0.060    17.5503   0.002158     0.0174        115     0.4750  0.000e+00
     -0.056    17.5505   0.002161     0.0174        116     0.4792  0.000e+00
     -0.053    17.5508   0.002164     0.0175        117     0.4833  0.000e+00
     -0.057    17.5506   0.002152     0.0174        118     0.4875  0.000e+00
     -0.055    17.5509   0.002158     0.0174        119     0.4917  0.000e+00
     -0.057    17.5511   0.002158     0.0174        120     0.4958  0.000e+00
     -0.056    17.5517   0.002152     0.0174        121     0.5000  0.000e+00
     -0.056    17.5519   0.002164     0.0175        122     0.5042  0.000e+00
     -0.057    17.5525   0.002167     0.0175        123     0.5083  0.000e+00
     -0.058    17.5525   0.002158     0.0174        124     0.5125  0.000e+00
     -0.058    17.5528   0.002170     0.0175        125     0.5167  0.000e+00
     -0.056    17.5536   0.002161     0.0174        126     0.5208  0.000e+00
     -0.054    17.5537   0.002170     0.0175        127     0.5250  0.000e+00
     -0.057    17.5537   0.002164     0.0175        128     0.5292  0.000e+00
     -0.051    17.5538   0.002167     0.0175        129     0.5333  0.000e+00
     -0.055    17.5541   0.002170     0.0175        130     0.5375  0.000e+00
     -0.059    17.5541   0.002170     0.0175        131     0.5417  0.000e+00
     -0.057    17.5546   0.002173     0.0175        132     0.5458  0.000e+00
     -0.058    17.5546   0.002170     0.0175        133     0.5500  0.000e+00
     -0.060    17.5552   0.002170     0.0175        134     0.5542  0.000e+00
     -0.060    17.5552   0.002173     0.0175        135     0.5583  0.000e+00
     -0.059    17.5554   0.002170     0.0175        136     0.5625  0.000e+00
     -0.058    17.5555   0.002176     0.0175        137     0.5667  0.000e+00
     -0.056    17.5560   0.002173     0.0175        138     0.5708  0.000e+00
     -0.058    17.5567   0.002164     0.0175        139     0.5750  0.000e+00
     -0.058    17.5562   0.002182     0.0175        140     0.5792  0.000e+00
     -0.061    17.5566   0.002182     0.0175        141     0.5833  0.000e+00
     -0.058    17.5572   0.002170     0.0175        142     0.5875  0.000e+00
     -0.060    17.5572   0.002176     0.0175        143     0.5917  0.000e+00
     -0.049    17.5572   0.002164     0.0175        144     0.5958  0.000e+00
     -0.055    17.5581   0.002182     0.0175        145     0.6000  0.000e+00
     -0.054    17.5580   0.002176     0.0175        146     0.6042  0.000e+00
     -0.056    17.5588   0.002170     0.0175        147     0.6083  0.000e+00
     -0.057    17.5587   0.002182     0.0175        148     0.6125  0.000e+00
     -0.054    17.5588   0.002176     0.0175        149     0.6167  0.000e+00
     -0.054    17.5591   0.002176     0.0175        150     0.6208  0.000e+00
     -0.054    17.5597   0.002176     0.0175        151     0.6250  0.000e+00
     -0.056    17.5600   0.002182     0.0175        152     0.6292  0.000e+00
     -0.056    17.5603   0.002188     0.0176        153     0.6333  0.000e+00
     -0.056    17.5608   0.002182     0.0175        154     0.6375  0.000e+00
     -0.055    17.5608   0.002182     0.0175        155     0.6417  0.000e+00
     -0.064    17.5612   0.002188     0.0176        156     0.6458  0.000e+00
     -0.055    17.5616   0.002182     0.0175        157     0.6500  0.000e+00
     -0.059    17.5621   0.002188     0.0176        158     0.6542  0.000e+00
     -0.059    17.5619   0.002182     0.0175        159     0.6583  0.000e+00
     -0.063    17.5619   0.002188     0.0176        160     0.6625  0.000e+00
     -0.054    17.5623   0.002194     0.0176        161     0.6667  0.000e+00
     -0.059    17.5626   0.002182     0.0175        162     0.6708  0.000e+00
     -0.062    17.5630   0.002191     0.0176        163     0.6750  0.000e+00
     -0.063    17.5630   0.002197     0.0176        164     0.6792  0.000e+00
     -0.063    17.5632   0.002194     0.0176        165     0.6833  0.000e+00
     -0.062    17.5634   0.002188     0.0176        166     0.6875  0.000e+00
     -0.064    17.5630   0.002188     0.0176        167     0.6917  0.000e+00
     -0.063    17.5634   0.002194     0.0176        168     0.6958  0.000e+00
     -0.063    17.5633   0.002188     0.0176        169     0.7000  0.000e+00
     -0.062    17.5638   0.002176     0.0175        170     0.7042  0.000e+00
     -0.058    17.5640   0.002203     0.0176        171     0.7083  0.000e+00
     -0.060    17.5645   0.002209     0.0177        172     0.7125  0.000e+00
     -0.058    17.5646   0.002188     0.0176        173     0.7167  0.000e+00
     -0.058    17.5654   0.002197     0.0176        174     0.7208  0.000e+00
     -0.062    17.5656   0.002203     0.0176        175     0.7250  0.000e+00
     -0.060    17.5661   0.002191     0.0176        176     0.7292  0.000e+00
     -0.058    17.5663   0.002194     0.0176        177     0.7333  0.000e+00
     -0.058    17.5661   0.002203     0.0176        178     0.7375  0.000e+00
     -0.059    17.5670   0.002206     0.0177        179     0.7417  0.000e+00
     -0.062    17.5669   0.002197     0.0176        180     0.7458  0.000e+00
     -0.064    17.5668   0.002197     0.0176        181     0.7500  0.000e+00
     -0.059    17.5673   0.002197     0.0176        182     0.7542  0.000e+00
     -0.059    17.5673   0.002209     0.0177        183     0.7583  0.000e+00
     -0.064    17.5681   0.002203     0.0176        184     0.7625  0.000e+00
     -0.064    17.5681   0.002197     0.0176        185     0.7667  0.000e+00
     -0.063    17.5685   0.002226     0.0178        186     0.7708  0.000e+00
     -0.065    17.5686   0.002197     0.0176        187     0.7750  0.000e+00
     -0.061    17.5689   0.002197     0.0176        188     0.7792  0.000e+00
     -0.070    17.5693   0.002218     0.0177        189     0.7833  0.000e+00
     -0.065    17.5691   0.002194     0.0176        190     0.7875  0.000e+00
     -0.061    17.5693   0.002220     0.0177        191     0.7917  0.000e+00
     -0.062    17.5693   0.002191     0.0176        192     0.7958  0.000e+00
     -0.060    17.5690   0.002220     0.0177        193     0.8000  0.000e+00
     -0.060    17.5697   0.002220     0.0177        194     0.8042  0.000e+00
     -0.056    17.5698   0.002197     0.0176        195     0.8083  0.000e+00
     -0.060    17.5701   0.002232     0.0178        196     0.8125  0.000e+00
     -0.060    17.5705   0.002215     0.0177        197     0.8167  0.000e+00
     -0.060    17.5705   0.002220     0.0177        198     0.8208  0.000e+00
     -0.059    17.5708   0.002197     0.0176        199     0.8250  0.000e+00
     -0.066    17.5708   0.002215     0.0177        200     0.8292  0.000e+00
     -0.065    17.5708   0.002232     0.0178        201     0.8333  0.000e+00
     -0.059    17.5712   0.002215     0.0177        202     0.8375  0.000e+00
     -0.061    17.5717   0.002209     0.0177        203     0.8417  0.000e+00
     -0.061    17.5719   0.002226     0.0178        204     0.8458  0.000e+00
     -0.057    17.5719   0.002226     0.0178        205     0.8500  0.000e+00
     -0.055    17.5725   0.002220     0.0177        206     0.8542  0.000e+00
     -0.064    17.5728   0.002220     0.0177        207     0.8583  0.000e+00
     -0.061    17.5727   0.002226     0.0178        208     0.8625  0.000e+00
     -0.061    17.5737   0.002238     0.0178        209     0.8667  0.000e+00
     -0.065    17.5737   0.002220     0.0177        210     0.8708  0.000e+00
     -0.062    17.5739   0.002235     0.0178        211     0.8750  0.000e+00
     -0.063    17.5740   0.002238     0.0178        212     0.8792  0.000e+00
     -0.072    17.5743   0.002226     0.0178        213     0.8833  0.000e+00
     -0.064    17.5744   0.002235     0.0178        214     0.8875  0.000e+00
     -0.059    17.5740   0.002226     0.0178        215     0.8917  0.000e+00
