HB2303/sbe034.cnv
* Sea-Bird SBE 19plus V2 Data File:
* FileName = C:\cruise\data\sbe034.hex
* Software Version Seasave V 7.26.7.121
* Temperature SN = 6128
* Conductivity SN = 6128
* System UpLoad Time = Aug 11 2023 20:35:14
* NMEA Latitude = 36 00.04 N
* NMEA Longitude = 075 11.10 W
* NMEA UTC (Time) = Aug 11 2023 20:35:10
** Ship: Henry Bigelow
** Cruise:  HB2303
** Program:  ECOMON
# nquan = 7
# nvalues = 1644                                  
# units = specified
# name 0 = depSM: Depth [salt water, m]
# name 1 = tv290C: Temperature [ITS-90, deg C]
# name 2 = c0S/m: Conductivity [S/m]
# name 3 = sal00: Salinity, Practical [PSU]
# name 4 = scan: Scan Count
# name 5 = timeM: Time, Elapsed [minutes]
# name 6 = flag:  0.000e+00
# span 0 =     -0.186,     31.292                 
# span 1 =    21.1002,    28.1529                 
# span 2 =   0.000064,   5.629336                 
# span 3 =     0.0126,    36.4308                 
# span 4 =         11,       1654                 
# span 5 =     0.0417,     6.8875                 
# span 6 = 0.0000e+00, 0.0000e+00                 
# interval = seconds: 0.25
# start_time = Aug 11 2023 20:35:10 [NMEA time, header]
# bad_flag = -9.990e-29
*END*
[from data line 1436]
      6.282    25.6610   5.167616    33.4747       1447     6.0250  0.000e+00
      6.266    25.6605   5.167631    33.4752       1448     6.0292  0.000e+00
      6.246    25.6603   5.167676    33.4757       1449     6.0333  0.000e+00
      6.228    25.6604   5.167691    33.4757       1450     6.0375  0.000e+00
      6.206    25.6602   5.167557    33.4749       1451     6.0417  0.000e+00
      6.173    25.6612   5.167460    33.4734       1452     6.0458  0.000e+00
      6.130    25.6621   5.167132    33.4705       1453     6.0500  0.000e+00
      6.083    25.6634   5.166373    33.4639       1454     6.0542  0.000e+00
      6.027    25.6642   5.165792    33.4592       1455     6.0583  0.000e+00
      5.960    25.6643   5.165368    33.4560       1456     6.0625  0.000e+00
      5.893    25.6641   5.165584    33.4578       1457     6.0667  0.000e+00
      5.837    25.6652   5.165583    33.4570       1458     6.0708  0.000e+00
      5.779    25.6666   5.165598    33.4561       1459     6.0750  0.000e+00
      5.734    25.6680   5.165792    33.4565       1460     6.0792  0.000e+00
      5.693    25.6692   5.165881    33.4562       1461     6.0833  0.000e+00
      5.662    25.6706   5.165911    33.4554       1462     6.0875  0.000e+00
      5.638    25.6714   5.165911    33.4549       1463     6.0917  0.000e+00
      5.630    25.6718   5.165970    33.4550       1464     6.0958  0.000e+00
      5.621    25.6723   5.165881    33.4540       1465     6.1000  0.000e+00
      5.615    25.6727   5.165851    33.4535       1466     6.1042  0.000e+00
      5.606    25.6724   5.165881    33.4539       1467     6.1083  0.000e+00
      5.590    25.6725   5.165911    33.4541       1468     6.1125  0.000e+00
      5.570    25.6724   5.165881    33.4539       1469     6.1167  0.000e+00
      5.541    25.6725   5.165821    33.4534       1470     6.1208  0.000e+00
      5.505    25.6722   5.165821    33.4537       1471     6.1250  0.000e+00
      5.464    25.6723   5.165941    33.4545       1472     6.1292  0.000e+00
      5.407    25.6725   5.166000    33.4548       1473     6.1333  0.000e+00
      5.352    25.6738   5.166119    33.4547       1474     6.1375  0.000e+00
      5.283    25.6754   5.166313    33.4550       1475     6.1417  0.000e+00
      5.223    25.6769   5.166327    33.4540       1476     6.1458  0.000e+00
      5.162    25.6790   5.166119    33.4510       1477     6.1500  0.000e+00
      5.095    25.6811   5.165628    33.4459       1478     6.1542  0.000e+00
      5.037    25.6830   5.165553    33.4440       1479     6.1583  0.000e+00
      4.981    25.6852   5.165650    33.4431       1480     6.1625  0.000e+00
      4.925    25.6876   5.165642    33.4413       1481     6.1667  0.000e+00
      4.867    25.6906   5.165679    33.4394       1482     6.1708  0.000e+00
      4.813    25.6933   5.165702    33.4376       1483     6.1750  0.000e+00
      4.757    25.6959   5.165739    33.4360       1484     6.1792  0.000e+00
      4.697    25.6979   5.165672    33.4340       1485     6.1833  0.000e+00
      4.639    25.6998   5.165426    33.4309       1486     6.1875  0.000e+00
      4.594    25.7014   5.164979    33.4264       1487     6.1917  0.000e+00
      4.543    25.7028   5.164853    33.4245       1488     6.1958  0.000e+00
      4.513    25.7036   5.164771    33.4234       1489     6.2000  0.000e+00
      4.480    25.7042   5.164622    33.4218       1490     6.2042  0.000e+00
      4.469    25.7041   5.164205    33.4189       1491     6.2083  0.000e+00
      4.466    25.7039   5.164391    33.4204       1492     6.2125  0.000e+00
      4.478    25.7040   5.164413    33.4205       1493     6.2167  0.000e+00
      4.509    25.7040   5.164652    33.4222       1494     6.2208  0.000e+00
      4.552    25.7038   5.164920    33.4243       1495     6.2250  0.000e+00
      4.605    25.7044   5.165165    33.4256       1496     6.2292  0.000e+00
      4.661    25.7048   5.165567    33.4282       1497     6.2333  0.000e+00
      4.715    25.7050   5.165820    33.4299       1498     6.2375  0.000e+00
      4.751    25.7047   5.165850    33.4303       1499     6.2417  0.000e+00
      4.775    25.7041   5.165880    33.4310       1500     6.2458  0.000e+00
      4.780    25.7035   5.165880    33.4314       1501     6.2500  0.000e+00
      4.753    25.7024   5.165880    33.4322       1502     6.2542  0.000e+00
      4.703    25.7013   5.165880    33.4330       1503     6.2583  0.000e+00
      4.637    25.7017   5.165701    33.4315       1504     6.2625  0.000e+00
      4.544    25.7028   5.165165    33.4268       1505     6.2667  0.000e+00
      4.439    25.7037   5.163877    33.4168       1506     6.2708  0.000e+00
      4.314    25.7038   5.163446    33.4137       1507     6.2750  0.000e+00
      4.186    25.7027   5.156302    33.3626       1508     6.2792  0.000e+00
      4.067    25.6969   5.144718    33.2827       1509     6.2833  0.000e+00
      3.960    25.6867   5.137505    33.2378       1510     6.2875  0.000e+00
      3.884    25.6813   5.137713    33.2432       1511     6.2917  0.000e+00
      3.830    25.6814   5.138485    33.2488       1512     6.2958  0.000e+00
      3.812    25.6853   5.138455    33.2457       1513     6.3000  0.000e+00
      3.830    25.6889   5.138433    33.2429       1514     6.3042  0.000e+00
      3.888    25.6907   5.138188    33.2398       1515     6.3083  0.000e+00
      3.967    25.6907   5.137802    33.2370       1516     6.3125  0.000e+00
      4.070    25.6884   5.140052    33.2550       1517     6.3167  0.000e+00
      4.168    25.6833   5.146948    33.3088       1518     6.3208  0.000e+00
      4.271    25.6784   5.156757    33.3836       1519     6.3250  0.000e+00
      4.354    25.6803   5.160447    33.4090       1520     6.3292  0.000e+00
      4.430    25.6859   5.162620    33.4207       1521     6.3333  0.000e+00
      4.493    25.6918   5.163610    33.4235       1522     6.3375  0.000e+00
      4.529    25.6960   5.163989    33.4233       1523     6.3417  0.000e+00
      4.522    25.6991   5.164205    33.4225       1524     6.3458  0.000e+00
      4.462    25.7011   5.164138    33.4206       1525     6.3500  0.000e+00
      4.363    25.7022   5.163639    33.4162       1526     6.3542  0.000e+00
      4.233    25.7021   5.154160    33.3474       1527     6.3583  0.000e+00
      4.095    25.6955   5.140060    33.2498       1528     6.3625  0.000e+00
      3.958    25.6872   5.139436    33.2514       1529     6.3667  0.000e+00
      3.825    25.6914   5.140364    33.2551       1530     6.3708  0.000e+00
      3.707    25.7024   5.141456    33.2551       1531     6.3750  0.000e+00
      3.606    25.7158   5.143440    33.2598       1532     6.3792  0.000e+00
      3.537    25.7352   5.143350    33.2450       1533     6.3833  0.000e+00
      3.498    25.7493   5.144977    33.2465       1534     6.3875  0.000e+00
      3.479    25.7631   5.144985    33.2366       1535     6.3917  0.000e+00
      3.490    25.7731   5.145044    33.2298       1536     6.3958  0.000e+00
      3.515    25.7788   5.145029    33.2255       1537     6.4000  0.000e+00
      3.544    25.7819   5.144687    33.2208       1538     6.4042  0.000e+00
      3.579    25.7822   5.144122    33.2165       1539     6.4083  0.000e+00
      3.595    25.7796   5.143825    33.2161       1540     6.4125  0.000e+00
      3.615    25.7761   5.143751    33.2181       1541     6.4167  0.000e+00
      3.613    25.7734   5.143795    33.2205       1542     6.4208  0.000e+00
      3.599    25.7719   5.144122    33.2239       1543     6.4250  0.000e+00
      3.566    25.7726   5.144516    33.2262       1544     6.4292  0.000e+00
      3.517    25.7749   5.145638    33.2328       1545     6.4333  0.000e+00
      3.461    25.7809   5.146716    33.2362       1546     6.4375  0.000e+00
      3.420    25.7895   5.147244    33.2338       1547     6.4417  0.000e+00
      3.392    25.7972   5.147481    33.2299       1548     6.4458  0.000e+00
      3.380    25.8035   5.147541    33.2258       1549     6.4500  0.000e+00
      3.398    25.8069   5.147451    33.2227       1550     6.4542  0.000e+00
      3.427    25.8090   5.147451    33.2212       1551     6.4583  0.000e+00
      3.454    25.8095   5.147243    33.2193       1552     6.4625  0.000e+00
      3.473    25.8094   5.147139    33.2186       1553     6.4667  0.000e+00
      3.488    25.8088   5.146827    33.2168       1554     6.4708  0.000e+00
      3.497    25.8070   5.146396    33.2149       1555     6.4750  0.000e+00
      3.493    25.8042   5.146797    33.2199       1556     6.4792  0.000e+00
      3.470    25.8033   5.147422    33.2251       1557     6.4833  0.000e+00
      3.419    25.8055   5.148968    33.2347       1558     6.4875  0.000e+00
      3.332    25.8123   5.150492    33.2408       1559     6.4917  0.000e+00
      3.226    25.8227   5.152529    33.2481       1560     6.4958  0.000e+00
      3.107    25.8349   5.154507    33.2536       1561     6.5000  0.000e+00
      2.980    25.8506   5.157385    33.2630       1562     6.5042  0.000e+00
      2.859    25.8680   5.161187    33.2779       1563     6.5083  0.000e+00
      2.740    25.8892   5.161641    33.2659       1564     6.5125  0.000e+00
      2.626    25.9062   5.162682    33.2611       1565     6.5167  0.000e+00
      2.534    25.9188   5.164334    33.2639       1566     6.5208  0.000e+00
      2.467    25.9305   5.165160    33.2614       1567     6.5250  0.000e+00
      2.426    25.9408   5.167133    33.2682       1568     6.5292  0.000e+00
      2.406    25.9522   5.166083    33.2523       1569     6.5333  0.000e+00
      2.404    25.9575   5.166202    33.2493       1570     6.5375  0.000e+00
      2.427    25.9595   5.165703    33.2443       1571     6.5417  0.000e+00
      2.456    25.9592   5.165249    33.2412       1572     6.5458  0.000e+00
      2.487    25.9577   5.164989    33.2404       1573     6.5500  0.000e+00
      2.532    25.9559   5.164378    33.2373       1574     6.5542  0.000e+00
      2.577    25.9534   5.163984    33.2363       1575     6.5583  0.000e+00
      2.619    25.9500   5.163813    33.2375       1576     6.5625  0.000e+00
      2.653    25.9474   5.163270    33.2354       1577     6.5667  0.000e+00
      2.669    25.9443   5.163396    33.2386       1578     6.5708  0.000e+00
      2.666    25.9423   5.163240    33.2389       1579     6.5750  0.000e+00
      2.635    25.9412   5.162920    33.2374       1580     6.5792  0.000e+00
      2.572    25.9403   5.166165    33.2615       1581     6.5833  0.000e+00
      2.505    25.9465   5.166858    33.2621       1582     6.5875  0.000e+00
      2.418    25.9547   5.168853    33.2706       1583     6.5917  0.000e+00
      2.326    25.9653   5.173292    33.2949       1584     6.5958  0.000e+00
      2.216    25.9840   5.177687    33.3132       1585     6.6000  0.000e+00
      2.084    26.0093   5.180415    33.3145       1586     6.6042  0.000e+00
      1.959    26.0344   5.184209    33.3237       1587     6.6083  0.000e+00
      1.822    26.0601   5.187497    33.3288       1588     6.6125  0.000e+00
      1.699    26.0867   5.189793    33.3261       1589     6.6167  0.000e+00
      1.581    26.1112   5.194956    33.3456       1590     6.6208  0.000e+00
      1.491    26.1393   5.195441    33.3288       1591     6.6250  0.000e+00
      1.432    26.1613   5.196306    33.3190       1592     6.6292  0.000e+00
      1.401    26.1759   5.195783    33.3047       1593     6.6333  0.000e+00
      1.415    26.1846   5.196850    33.3061       1594     6.6375  0.000e+00
      1.449    26.1905   5.195611    33.2929       1595     6.6417  0.000e+00
      1.505    26.1918   5.195044    33.2878       1596     6.6458  0.000e+00
      1.554    26.1894   5.194283    33.2841       1597     6.6500  0.000e+00
      1.605    26.1859   5.193776    33.2830       1598     6.6542  0.000e+00
      1.648    26.1819   5.193164    33.2814       1599     6.6583  0.000e+00
      1.672    26.1776   5.192843    33.2822       1600     6.6625  0.000e+00
      1.675    26.1737   5.192940    33.2857       1601     6.6667  0.000e+00
      1.657    26.1713   5.192903    33.2872       1602     6.6708  0.000e+00
      1.619    26.1698   5.192545    33.2858       1603     6.6750  0.000e+00
      1.552    26.1682   5.194403    33.3002       1604     6.6792  0.000e+00
      1.464    26.1720   5.199919    33.3373       1605     6.6833  0.000e+00
      1.363    26.1894   5.202226    33.3413       1606     6.6875  0.000e+00
      1.253    26.2097   5.203838    33.3382       1607     6.6917  0.000e+00
      1.128    26.2276   5.206848    33.3469       1608     6.6958  0.000e+00
      1.005    26.2473   5.214342    33.3866       1609     6.7000  0.000e+00
      0.891    26.2792   5.222230    33.4202       1610     6.7042  0.000e+00
      0.788    26.3283   5.252935    33.6052       1611     6.7083  0.000e+00
      0.724    26.4603   5.292492    33.7928       1612     6.7125  0.000e+00
      0.669    26.6971   5.310112    33.7460       1613     6.7167  0.000e+00
      0.644    26.9379   5.321866    33.6547       1614     6.7208  0.000e+00
      0.613    27.1322   5.326290    33.5458       1615     6.7250  0.000e+00
      0.593    27.2695   5.333645    33.4991       1616     6.7292  0.000e+00
      0.572    27.3697   5.333432    33.4258       1617     6.7333  0.000e+00
      0.557    27.4326   5.334986    33.3918       1618     6.7375  0.000e+00
      0.564    27.4731   5.337613    33.3814       1619     6.7417  0.000e+00
      0.574    27.5051   5.333226    33.3277       1620     6.7458  0.000e+00
      0.606    27.5107   5.329920    33.3005       1621     6.7500  0.000e+00
      0.619    27.4965   5.324202    33.2705       1622     6.7542  0.000e+00
      0.633    27.4668   5.329114    33.3261       1623     6.7583  0.000e+00
      0.622    27.4577   5.334359    33.3695       1624     6.7625  0.000e+00
      0.577    27.4791   5.332925    33.3442       1625     6.7667  0.000e+00
      0.512    27.4927   5.339727    33.3823       1626     6.7708  0.000e+00
      0.398    27.5179   5.353093    33.4582       1627     6.7750  0.000e+00
      0.234    27.5857   5.380195    33.6001       1628     6.7792  0.000e+00
      0.084    27.7280   5.393011    33.5881       1629     6.7833  0.000e+00
      0.006    27.8804   5.394715    33.4913       1630     6.7875  0.000e+00
     -0.048    27.9939   5.384264    33.3380       1631     6.7917  0.000e+00
     -0.111    28.0558   5.394773    33.3673       1632     6.7958  0.000e+00
     -0.106    28.0941   5.397131    33.3566       1633     6.8000  0.000e+00
     -0.073    28.1200   5.397161    33.3386       1634     6.8042  0.000e+00
     -0.039    28.1340   5.396858    33.3266       1635     6.8083  0.000e+00
     -0.065    28.1407   5.397252    33.3246       1636     6.8125  0.000e+00
     -0.077    28.1452   5.397555    33.3236       1637     6.8167  0.000e+00
     -0.056    28.1479   5.397859    33.3237       1638     6.8208  0.000e+00
     -0.073    28.1501   5.397495    33.3196       1639     6.8250  0.000e+00
     -0.106    28.1509   5.398162    33.3237       1640     6.8292  0.000e+00
     -0.149    28.1529   4.334784    26.0737       1641     6.8333  0.000e+00
     -0.178    28.1487   1.049002     5.5407       1642     6.8375  0.000e+00
     -0.178    28.1128   0.527033     2.6537       1643     6.8417  0.000e+00
     -0.177    28.0362   0.387963     1.9195       1644     6.8458  0.000e+00
     -0.173    27.9540   0.326170     1.6001       1645     6.8500  0.000e+00
     -0.177    27.9110   0.297315     1.4522       1646     6.8542  0.000e+00
     -0.180    27.8858   0.276600     1.3463       1647     6.8583  0.000e+00
     -0.186    27.8753   0.273451     1.3305       1648     6.8625  0.000e+00
     -0.182    27.8697   0.253872     1.2304       1649     6.8667  0.000e+00
     -0.180    27.8654   0.240460     1.1622       1650     6.8708  0.000e+00
     -0.175    27.8607   0.225050     1.0841       1651     6.8750  0.000e+00
