HB2303/sbe055.cnv
* Sea-Bird SBE 19plus V2 Data File:
* FileName = C:\cruise\data\sbe055.hex
* Software Version Seasave V 7.26.7.121
* Temperature SN = 6128
* Conductivity SN = 6128
* System UpLoad Time = Aug 13 2023 17:29:36
* NMEA Latitude = 39 03.67 N
* NMEA Longitude = 072 44.79 W
* NMEA UTC (Time) = Aug 13 2023 17:29:32
** Ship: Henry Bigelow
** Cruise:  HB2303
** Program:  ECOMON
# nquan = 7
# nvalues = 3251                                  
# units = specified
# name 0 = depSM: Depth [salt water, m]
# name 1 = tv290C: Temperature [ITS-90, deg C]
# name 2 = c0S/m: Conductivity [S/m]
# name 3 = sal00: Salinity, Practical [PSU]
# name 4 = scan: Scan Count
# name 5 = timeM: Time, Elapsed [minutes]
# name 6 = flag:  0.000e+00
# span 0 =     -0.108,    142.611                 
# span 1 =     9.2515,    27.7625                 
# span 2 =   0.000058,   5.032405                 
# span 3 =     0.0127,    35.7492                 
# span 4 =         11,       3261                 
# span 5 =     0.0417,    13.5833                 
# span 6 = 0.0000e+00, 0.0000e+00                 
# interval = seconds: 0.25
# start_time = Aug 13 2023 17:29:32 [NMEA time, header]
# bad_flag = -9.990e-29
*END*
     -0.099    27.5573   0.000070     0.0127         11     0.0417  0.000e+00
     -0.099    27.5573   0.000079     0.0127         12     0.0458  0.000e+00
     -0.099    27.5574   0.000073     0.0127         13     0.0500  0.000e+00
     -0.097    27.5572   0.000064     0.0127         14     0.0542  0.000e+00
     -0.097    27.5572   0.000067     0.0127         15     0.0583  0.000e+00
     -0.099    27.5569   0.000079     0.0127         16     0.0625  0.000e+00
     -0.097    27.5567   0.000073     0.0127         17     0.0667  0.000e+00
     -0.093    27.5567   0.000079     0.0127         18     0.0708  0.000e+00
     -0.103    27.5563   0.000073     0.0127         19     0.0750  0.000e+00
     -0.097    27.5561   0.000073     0.0127         20     0.0792  0.000e+00
     -0.099    27.5558   0.000067     0.0127         21     0.0833  0.000e+00
     -0.099    27.5560   0.000073     0.0127         22     0.0875  0.000e+00
     -0.097    27.5573   0.000079     0.0127         23     0.0917  0.000e+00
     -0.097    27.5596   0.000079     0.0127         24     0.0958  0.000e+00
     -0.095    27.5615   0.000073     0.0127         25     0.1000  0.000e+00
     -0.097    27.5633   0.000079     0.0127         26     0.1042  0.000e+00
     -0.099    27.5659   0.000073     0.0127         27     0.1083  0.000e+00
     -0.101    27.5689   0.000079     0.0127         28     0.1125  0.000e+00
     -0.093    27.5717   0.000073     0.0127         29     0.1167  0.000e+00
     -0.097    27.5745   0.000073     0.0127         30     0.1208  0.000e+00
     -0.101    27.5768   0.000073     0.0127         31     0.1250  0.000e+00
     -0.099    27.5797   0.000079     0.0127         32     0.1292  0.000e+00
     -0.099    27.5813   0.000073     0.0127         33     0.1333  0.000e+00
     -0.102    27.5819   0.000073     0.0127         34     0.1375  0.000e+00
     -0.101    27.5825   0.000073     0.0127         35     0.1417  0.000e+00
     -0.099    27.5830   0.000079     0.0127         36     0.1458  0.000e+00
     -0.093    27.5844   0.000073     0.0127         37     0.1500  0.000e+00
     -0.099    27.5866   0.000073     0.0127         38     0.1542  0.000e+00
     -0.099    27.5878   0.000073     0.0127         39     0.1583  0.000e+00
     -0.101    27.5886   0.000079     0.0127         40     0.1625  0.000e+00
     -0.097    27.5903   0.000079     0.0127         41     0.1667  0.000e+00
     -0.100    27.5932   0.000073     0.0127         42     0.1708  0.000e+00
     -0.102    27.5966   0.000085     0.0127         43     0.1750  0.000e+00
     -0.100    27.5998   0.000079     0.0127         44     0.1792  0.000e+00
     -0.099    27.6017   0.000073     0.0127         45     0.1833  0.000e+00
     -0.100    27.6041   0.000070     0.0127         46     0.1875  0.000e+00
     -0.099    27.6057   0.000073     0.0127         47     0.1917  0.000e+00
     -0.099    27.6071   0.000073     0.0127         48     0.1958  0.000e+00
     -0.099    27.6084   0.000079     0.0127         49     0.2000  0.000e+00
     -0.097    27.6085   0.000073     0.0127         50     0.2042  0.000e+00
     -0.099    27.6086   0.000073     0.0127         51     0.2083  0.000e+00
     -0.097    27.6086   0.000079     0.0127         52     0.2125  0.000e+00
     -0.095    27.6083   0.000073     0.0127         53     0.2167  0.000e+00
     -0.095    27.6075   0.000064     0.0128         54     0.2208  0.000e+00
     -0.104    27.6065   0.000073     0.0127         55     0.2250  0.000e+00
     -0.100    27.6061   0.000079     0.0127         56     0.2292  0.000e+00
     -0.100    27.6063   0.000073     0.0127         57     0.2333  0.000e+00
     -0.097    27.6075   0.000070     0.0127         58     0.2375  0.000e+00
     -0.102    27.6094   0.000085     0.0127         59     0.2417  0.000e+00
     -0.099    27.6121   0.000079     0.0127         60     0.2458  0.000e+00
     -0.102    27.6149   0.000070     0.0128         61     0.2500  0.000e+00
     -0.099    27.6170   0.000079     0.0127         62     0.2542  0.000e+00
     -0.102    27.6203   0.000085     0.0127         63     0.2583  0.000e+00
     -0.100    27.6234   0.000073     0.0128         64     0.2625  0.000e+00
     -0.097    27.6269   0.000085     0.0127         65     0.2667  0.000e+00
     -0.095    27.6303   0.000085     0.0127         66     0.2708  0.000e+00
     -0.093    27.6335   0.000073     0.0128         67     0.2750  0.000e+00
     -0.099    27.6354   0.000073     0.0128         68     0.2792  0.000e+00
     -0.100    27.6366   0.000073     0.0128         69     0.2833  0.000e+00
     -0.100    27.6383   0.000079     0.0127         70     0.2875  0.000e+00
     -0.100    27.6401   0.000073     0.0128         71     0.2917  0.000e+00
     -0.102    27.6422   0.000079     0.0128         72     0.2958  0.000e+00
     -0.100    27.6446   0.000079     0.0128         73     0.3000  0.000e+00
     -0.095    27.6471   0.000085     0.0127         74     0.3042  0.000e+00
     -0.100    27.6491   0.000079     0.0128         75     0.3083  0.000e+00
     -0.100    27.6509   0.000079     0.0128         76     0.3125  0.000e+00
     -0.098    27.6534   0.000079     0.0128         77     0.3167  0.000e+00
     -0.095    27.6558   0.000079     0.0128         78     0.3208  0.000e+00
     -0.097    27.6591   0.000073     0.0128         79     0.3250  0.000e+00
     -0.102    27.6620   0.000079     0.0128         80     0.3292  0.000e+00
     -0.106    27.6649   0.000073     0.0128         81     0.3333  0.000e+00
     -0.100    27.6673   0.000073     0.0128         82     0.3375  0.000e+00
     -0.100    27.6700   0.000079     0.0128         83     0.3417  0.000e+00
     -0.100    27.6729   0.000070     0.0128         84     0.3458  0.000e+00
     -0.102    27.6746   0.000073     0.0128         85     0.3500  0.000e+00
     -0.106    27.6760   0.000079     0.0128         86     0.3542  0.000e+00
     -0.102    27.6780   0.000070     0.0128         87     0.3583  0.000e+00
     -0.102    27.6790   0.000073     0.0128         88     0.3625  0.000e+00
     -0.104    27.6796   0.000085     0.0128         89     0.3667  0.000e+00
     -0.104    27.6801   0.000079     0.0128         90     0.3708  0.000e+00
     -0.104    27.6810   0.000085     0.0128         91     0.3750  0.000e+00
     -0.102    27.6807   0.000085     0.0128         92     0.3792  0.000e+00
     -0.101    27.6810   0.000079     0.0128         93     0.3833  0.000e+00
     -0.102    27.6818   0.000079     0.0128         94     0.3875  0.000e+00
     -0.102    27.6828   0.000079     0.0128         95     0.3917  0.000e+00
     -0.104    27.6849   0.000079     0.0128         96     0.3958  0.000e+00
     -0.102    27.6873   0.000073     0.0128         97     0.4000  0.000e+00
     -0.106    27.6894   0.000073     0.0128         98     0.4042  0.000e+00
     -0.104    27.6905   0.000082     0.0128         99     0.4083  0.000e+00
     -0.098    27.6924   0.000073     0.0128        100     0.4125  0.000e+00
     -0.106    27.6949   0.000070     0.0128        101     0.4167  0.000e+00
     -0.106    27.6974   0.000073     0.0128        102     0.4208  0.000e+00
     -0.102    27.6997   0.000073     0.0128        103     0.4250  0.000e+00
     -0.100    27.7010   0.000070     0.0128        104     0.4292  0.000e+00
     -0.104    27.7015   0.000079     0.0128        105     0.4333  0.000e+00
     -0.100    27.7018   0.000079     0.0128        106     0.4375  0.000e+00
     -0.100    27.7021   0.000073     0.0128        107     0.4417  0.000e+00
     -0.104    27.7029   0.000064     0.0128        108     0.4458  0.000e+00
     -0.104    27.7047   0.000082     0.0128        109     0.4500  0.000e+00
     -0.102    27.7058   0.000079     0.0128        110     0.4542  0.000e+00
     -0.099    27.7064   0.000073     0.0128        111     0.4583  0.000e+00
     -0.099    27.7063   0.000067     0.0128        112     0.4625  0.000e+00
     -0.100    27.7064   0.000079     0.0128        113     0.4667  0.000e+00
     -0.099    27.7065   0.000073     0.0128        114     0.4708  0.000e+00
     -0.101    27.7063   0.000079     0.0128        115     0.4750  0.000e+00
     -0.101    27.7067   0.000073     0.0128        116     0.4792  0.000e+00
     -0.099    27.7067   0.000073     0.0128        117     0.4833  0.000e+00
     -0.099    27.7066   0.000073     0.0128        118     0.4875  0.000e+00
     -0.104    27.7067   0.000067     0.0128        119     0.4917  0.000e+00
     -0.108    27.7067   0.000070     0.0128        120     0.4958  0.000e+00
     -0.108    27.7065   0.000070     0.0128        121     0.5000  0.000e+00
     -0.101    27.7058   0.000079     0.0128        122     0.5042  0.000e+00
     -0.099    27.7060   0.000079     0.0128        123     0.5083  0.000e+00
     -0.104    27.7066   0.000073     0.0128        124     0.5125  0.000e+00
     -0.103    27.7082   0.000079     0.0128        125     0.5167  0.000e+00
     -0.099    27.7096   0.000070     0.0128        126     0.5208  0.000e+00
     -0.101    27.7122   0.000079     0.0128        127     0.5250  0.000e+00
     -0.097    27.7152   0.000073     0.0128        128     0.5292  0.000e+00
     -0.099    27.7192   0.000073     0.0128        129     0.5333  0.000e+00
     -0.100    27.7226   0.000064     0.0128        130     0.5375  0.000e+00
     -0.104    27.7273   0.000073     0.0128        131     0.5417  0.000e+00
     -0.099    27.7322   0.000082     0.0128        132     0.5458  0.000e+00
     -0.095    27.7360   0.000073     0.0128        133     0.5500  0.000e+00
     -0.100    27.7383   0.000079     0.0128        134     0.5542  0.000e+00
     -0.108    27.7400   0.000082     0.0128        135     0.5583  0.000e+00
     -0.104    27.7406   0.000073     0.0128        136     0.5625  0.000e+00
     -0.097    27.7398   0.000073     0.0128        137     0.5667  0.000e+00
     -0.097    27.7402   0.000082     0.0128        138     0.5708  0.000e+00
     -0.097    27.7435   0.000073     0.0128        139     0.5750  0.000e+00
     -0.106    27.7478   0.000073     0.0128        140     0.5792  0.000e+00
     -0.104    27.7534   0.000070     0.0128        141     0.5833  0.000e+00
     -0.104    27.7575   0.000073     0.0128        142     0.5875  0.000e+00
     -0.100    27.7616   0.000070     0.0128        143     0.5917  0.000e+00
     -0.104    27.7625   0.000070     0.0128        144     0.5958  0.000e+00
      0.077    27.7485   0.000058     0.0128        145     0.6000  0.000e+00
      0.221    27.7240   0.000079     0.0128        146     0.6042  0.000e+00
      0.337    27.7009   0.102089     0.4765        147     0.6083  0.000e+00
      0.440    27.4568   2.037431    11.5340        148     0.6125  0.000e+00
      0.512    26.8592   2.729154    16.0778        149     0.6167  0.000e+00
      0.536    26.4159   3.556696    21.7256        150     0.6208  0.000e+00
      0.481    26.1281   4.440721    27.9681        151     0.6250  0.000e+00
      0.375    25.9322   4.703961    29.9522        152     0.6292  0.000e+00
      0.250    25.8041   2.314354    13.7303        153     0.6333  0.000e+00
      0.194    25.7153   4.102992    25.8420        154     0.6375  0.000e+00
      0.259    25.6445   4.991816    32.2130        155     0.6417  0.000e+00
      0.425    25.5726   4.994334    32.2819        156     0.6458  0.000e+00
      0.624    25.4891   4.997256    32.3623        157     0.6500  0.000e+00
      0.854    25.4143   4.994021    32.3919        158     0.6542  0.000e+00
      1.065    25.3560   4.985132    32.3687        159     0.6583  0.000e+00
      1.218    25.3114   4.993714    32.4630        160     0.6625  0.000e+00
      1.346    25.2815   5.005982    32.5738        161     0.6667  0.000e+00
      1.462    25.2620   5.010434    32.6202        162     0.6708  0.000e+00
      1.558    25.2450   5.013888    32.6577        163     0.6750  0.000e+00
      1.659    25.2065   5.015094    32.6941        164     0.6792  0.000e+00
      1.771    25.1462   5.018352    32.7615        165     0.6833  0.000e+00
      1.888    25.0967   5.020529    32.8132        166     0.6875  0.000e+00
      2.014    25.0659   5.020831    32.8377        167     0.6917  0.000e+00
      2.162    25.0473   5.018501    32.8340        168     0.6958  0.000e+00
      2.346    25.0428   5.018038    32.8339        169     0.7000  0.000e+00
      2.540    25.0572   5.019942    32.8374        170     0.7042  0.000e+00
      2.744    25.0806   5.022273    32.8374        171     0.7083  0.000e+00
      2.951    25.1003   5.028710    32.8702        172     0.7125  0.000e+00
      3.139    25.1136   5.032405    32.8877        173     0.7167  0.000e+00
      3.314    25.1227   5.031050    32.8711        174     0.7208  0.000e+00
      3.490    25.1289   5.027319    32.8392        175     0.7250  0.000e+00
      3.668    25.1068   5.025333    32.8406        176     0.7292  0.000e+00
      3.847    25.0661   5.024069    32.8607        177     0.7333  0.000e+00
      4.032    25.0275   5.022451    32.8768        178     0.7375  0.000e+00
      4.216    24.9919   5.019047    32.8777        179     0.7417  0.000e+00
      4.389    24.9594   5.014269    32.8661        180     0.7458  0.000e+00
      4.552    24.9273   5.006275    32.8306        181     0.7500  0.000e+00
      4.700    24.8952   4.998500    32.7967        182     0.7542  0.000e+00
      4.848    24.8619   4.993980    32.7876        183     0.7583  0.000e+00
      4.991    24.8296   4.991420    32.7921        184     0.7625  0.000e+00
      5.136    24.8006   4.989888    32.8019        185     0.7667  0.000e+00
      5.278    24.7762   4.989426    32.8162        186     0.7708  0.000e+00
      5.423    24.7565   4.988657    32.8248        187     0.7750  0.000e+00
      5.566    24.7411   4.987740    32.8292        188     0.7792  0.000e+00
      5.721    24.7286   4.987997    32.8402        189     0.7833  0.000e+00
      5.871    24.7179   4.988746    32.8534        190     0.7875  0.000e+00
      6.025    24.7104   4.989457    32.8641        191     0.7917  0.000e+00
      6.178    24.7044   4.990205    32.8740        192     0.7958  0.000e+00
      6.330    24.7000   4.989964    32.8753        193     0.8000  0.000e+00
      6.492    24.6962   4.988343    32.8661        194     0.8042  0.000e+00
      6.653    24.6906   4.985461    32.8488        195     0.8083  0.000e+00
      6.810    24.6829   4.983086    32.8369        196     0.8125  0.000e+00
      6.971    24.6737   4.981686    32.8332        197     0.8167  0.000e+00
      7.123    24.6627   4.980858    32.8350        198     0.8208  0.000e+00
      7.274    24.6509   4.980602    32.8417        199     0.8250  0.000e+00
      7.432    24.6403   4.980346    32.8475        200     0.8292  0.000e+00
      7.589    24.6292   4.980691    32.8581        201     0.8333  0.000e+00
      7.740    24.6194   4.981262    32.8694        202     0.8375  0.000e+00
      7.896    24.6124   4.982604    32.8844        203     0.8417  0.000e+00
      8.058    24.6077   4.984092    32.8988        204     0.8458  0.000e+00
      8.210    24.6044   4.985060    32.9083        205     0.8500  0.000e+00
      8.369    24.6017   4.984488    32.9061        206     0.8542  0.000e+00
      8.530    24.5990   4.981322    32.8845        207     0.8583  0.000e+00
      8.694    24.5963   4.980296    32.8789        208     0.8625  0.000e+00
      8.855    24.5907   4.980838    32.8869        209     0.8667  0.000e+00
      9.021    24.5822   4.981264    32.8962        210     0.8708  0.000e+00
      9.193    24.5724   4.982033    32.9090        211     0.8750  0.000e+00
      9.366    24.5645   4.982437    32.9178        212     0.8792  0.000e+00
      9.543    24.5570   4.983287    32.9295        213     0.8833  0.000e+00
      9.724    24.5474   4.984035    32.9421        214     0.8875  0.000e+00
      9.908    24.5385   4.985377    32.9584        215     0.8917  0.000e+00
