HB2303/sbe005.cnv
* Sea-Bird SBE 19plus V2 Data File:
* FileName = C:\cruise\data\sbe005.hex
* Software Version Seasave V 7.26.7.121
* Temperature SN = 6128
* Conductivity SN = 6128
* System UpLoad Time = Aug 08 2023 23:20:38
* NMEA Latitude = 40 57.77 N
* NMEA Longitude = 071 00.27 W
* NMEA UTC (Time) = Aug 08 2023 23:20:34
** Ship: Henry Bigelow
** Cruise:  HB2303
** Program:  ECOMON
# nquan = 7
# nvalues = 1830                                  
# units = specified
# name 0 = depSM: Depth [salt water, m]
# name 1 = tv290C: Temperature [ITS-90, deg C]
# name 2 = c0S/m: Conductivity [S/m]
# name 3 = sal00: Salinity, Practical [PSU]
# name 4 = scan: Scan Count
# name 5 = timeM: Time, Elapsed [minutes]
# name 6 = flag:  0.000e+00
# span 0 =     -0.338,     44.610                 
# span 1 =    11.6864,    22.5305                 
# span 2 =  -0.000014,   4.720048                 
# span 3 =     0.0000,    33.1812                 
# span 4 =         11,       1840                 
# span 5 =     0.0417,     7.6625                 
# span 6 = 0.0000e+00, 0.0000e+00                 
# interval = seconds: 0.25
# start_time = Aug 08 2023 23:20:34 [NMEA time, header]
# bad_flag = -9.990e-29
*END*
[from data line 206]
      2.977    22.5097   4.719067    32.4464        217     0.9000  0.000e+00
      3.145    22.5080   4.719153    32.4482        218     0.9042  0.000e+00
      3.320    22.5064   4.719067    32.4486        219     0.9083  0.000e+00
      3.499    22.5051   4.718516    32.4453        220     0.9125  0.000e+00
      3.674    22.5044   4.718287    32.4441        221     0.9167  0.000e+00
      3.837    22.5039   4.718301    32.4445        222     0.9208  0.000e+00
      3.969    22.5064   4.718430    32.4436        223     0.9250  0.000e+00
      4.059    22.5123   4.718487    32.4396        224     0.9292  0.000e+00
      4.131    22.5186   4.718373    32.4340        225     0.9333  0.000e+00
      4.195    22.5228   4.718251    32.4299        226     0.9375  0.000e+00
      4.245    22.5231   4.718330    32.4303        227     0.9417  0.000e+00
      4.280    22.5221   4.715444    32.4088        228     0.9458  0.000e+00
      4.312    22.5198   3.834026    25.7356        229     0.9500  0.000e+00
      4.345    22.5174   4.261486    28.9470        230     0.9542  0.000e+00
      4.384    22.5142   4.718652    32.4393        231     0.9583  0.000e+00
      4.418    22.5098   4.719125    32.4463        232     0.9625  0.000e+00
      4.451    22.5049   4.719526    32.4529        233     0.9667  0.000e+00
      4.491    22.5020   4.719684    32.4563        234     0.9708  0.000e+00
      4.541    22.5009   4.719691    32.4572        235     0.9750  0.000e+00
      4.612    22.5010   4.719827    32.4581        236     0.9792  0.000e+00
      4.706    22.5020   4.719849    32.4575        237     0.9833  0.000e+00
      4.794    22.5030   4.719849    32.4568        238     0.9875  0.000e+00
      4.870    22.5041   4.719827    32.4557        239     0.9917  0.000e+00
      4.931    22.5054   4.719770    32.4543        240     0.9958  0.000e+00
      4.980    22.5064   4.719770    32.4536        241     1.0000  0.000e+00
      5.014    22.5072   4.719741    32.4527        242     1.0042  0.000e+00
      5.042    22.5081   4.719598    32.4509        243     1.0083  0.000e+00
      5.069    22.5090   4.719555    32.4499        244     1.0125  0.000e+00
      5.097    22.5095   4.719548    32.4495        245     1.0167  0.000e+00
      5.150    22.5101   4.719476    32.4485        246     1.0208  0.000e+00
      5.224    22.5104   4.719433    32.4479        247     1.0250  0.000e+00
      5.318    22.5108   4.719290    32.4465        248     1.0292  0.000e+00
      5.426    22.5115   4.719376    32.4466        249     1.0333  0.000e+00
      5.554    22.5124   4.719319    32.4454        250     1.0375  0.000e+00
      5.679    22.5131   4.719290    32.4446        251     1.0417  0.000e+00
      5.804    22.5140   4.719211    32.4433        252     1.0458  0.000e+00
      5.923    22.5148   4.719104    32.4419        253     1.0500  0.000e+00
      6.031    22.5162   4.719047    32.4404        254     1.0542  0.000e+00
      6.136    22.5177   4.718997    32.4388        255     1.0583  0.000e+00
      6.219    22.5190   4.718767    32.4361        256     1.0625  0.000e+00
      6.293    22.5192   4.718674    32.4352        257     1.0667  0.000e+00
      6.349    22.5194   4.718710    32.4353        258     1.0708  0.000e+00
      6.378    22.5193   4.718732    32.4355        259     1.0750  0.000e+00
      6.390    22.5189   4.718767    32.4361        260     1.0792  0.000e+00
      6.390    22.5182   4.718861    32.4373        261     1.0833  0.000e+00
      6.392    22.5172   4.719047    32.4395        262     1.0875  0.000e+00
      6.401    22.5168   4.719154    32.4406        263     1.0917  0.000e+00
      6.423    22.5166   4.719183    32.4410        264     1.0958  0.000e+00
      6.463    22.5168   4.719298    32.4417        265     1.1000  0.000e+00
      6.499    22.5175   4.719426    32.4422        266     1.1042  0.000e+00
      6.548    22.5182   4.719434    32.4417        267     1.1083  0.000e+00
      6.603    22.5199   4.719448    32.4406        268     1.1125  0.000e+00
      6.668    22.5215   4.719376    32.4388        269     1.1167  0.000e+00
      6.742    22.5233   4.719369    32.4374        270     1.1208  0.000e+00
      6.829    22.5241   4.719376    32.4368        271     1.1250  0.000e+00
      6.921    22.5253   4.719290    32.4352        272     1.1292  0.000e+00
      7.032    22.5261   4.719269    32.4344        273     1.1333  0.000e+00
      7.152    22.5267   4.719233    32.4336        274     1.1375  0.000e+00
      7.266    22.5269   4.719183    32.4331        275     1.1417  0.000e+00
      7.366    22.5270   4.719155    32.4327        276     1.1458  0.000e+00
      7.458    22.5272   4.719104    32.4322        277     1.1500  0.000e+00
      7.537    22.5276   4.718990    32.4310        278     1.1542  0.000e+00
      7.591    22.5276   4.718968    32.4308        279     1.1583  0.000e+00
      7.636    22.5276   4.719019    32.4312        280     1.1625  0.000e+00
      7.669    22.5276   4.718861    32.4300        281     1.1667  0.000e+00
      7.682    22.5268   4.718711    32.4294        282     1.1708  0.000e+00
      7.685    22.5258   4.718703    32.4301        283     1.1750  0.000e+00
      7.683    22.5250   4.718653    32.4302        284     1.1792  0.000e+00
      7.683    22.5244   4.718439    32.4291        285     1.1833  0.000e+00
      7.691    22.5243   4.718345    32.4284        286     1.1875  0.000e+00
      7.710    22.5238   4.718195    32.4276        287     1.1917  0.000e+00
      7.754    22.5233   4.717959    32.4261        288     1.1958  0.000e+00
      7.815    22.5228   4.717737    32.4248        289     1.2000  0.000e+00
      7.886    22.5221   4.717529    32.4237        290     1.2042  0.000e+00
      7.958    22.5216   4.717372    32.4228        291     1.2083  0.000e+00
      8.039    22.5208   4.717185    32.4220        292     1.2125  0.000e+00
      8.124    22.5198   4.717121    32.4222        293     1.2167  0.000e+00
      8.200    22.5188   4.716999    32.4220        294     1.2208  0.000e+00
      8.278    22.5177   4.716899    32.4220        295     1.2250  0.000e+00
      8.342    22.5169   4.716813    32.4219        296     1.2292  0.000e+00
      8.406    22.5162   4.716706    32.4216        297     1.2333  0.000e+00
      8.454    22.5154   4.716570    32.4211        298     1.2375  0.000e+00
      8.499    22.5145   4.716398    32.4205        299     1.2417  0.000e+00
      8.527    22.5142   4.716226    32.4194        300     1.2458  0.000e+00
      8.554    22.5136   4.716040    32.4183        301     1.2500  0.000e+00
      8.586    22.5129   4.715840    32.4173        302     1.2542  0.000e+00
      8.626    22.5118   4.715582    32.4161        303     1.2583  0.000e+00
      8.668    22.5105   4.715396    32.4157        304     1.2625  0.000e+00
      8.729    22.5091   4.715188    32.4151        305     1.2667  0.000e+00
      8.792    22.5075   4.715059    32.4153        306     1.2708  0.000e+00
      8.857    22.5056   4.714945    32.4158        307     1.2750  0.000e+00
      8.929    22.5042   4.714837    32.4160        308     1.2792  0.000e+00
      8.996    22.5026   4.714680    32.4159        309     1.2833  0.000e+00
      9.065    22.5010   4.714558    32.4162        310     1.2875  0.000e+00
      9.124    22.4999   4.714358    32.4154        311     1.2917  0.000e+00
      9.173    22.4984   4.714115    32.4146        312     1.2958  0.000e+00
      9.219    22.4973   4.713907    32.4138        313     1.3000  0.000e+00
      9.251    22.4962   4.713613    32.4124        314     1.3042  0.000e+00
      9.262    22.4949   4.713084    32.4092        315     1.3083  0.000e+00
      9.271    22.4935   4.712704    32.4073        316     1.3125  0.000e+00
      9.275    22.4922   4.712082    32.4035        317     1.3167  0.000e+00
      9.278    22.4907   4.711566    32.4007        318     1.3208  0.000e+00
      9.280    22.4889   4.710829    32.3963        319     1.3250  0.000e+00
      9.289    22.4855   4.710070    32.3930        320     1.3292  0.000e+00
      9.312    22.4822   4.709519    32.3912        321     1.3333  0.000e+00
      9.340    22.4785   4.708847    32.3888        322     1.3375  0.000e+00
      9.376    22.4738   4.708661    32.3908        323     1.3417  0.000e+00
      9.428    22.4680   4.698776    32.3190        324     1.3458  0.000e+00
      9.491    22.4334   4.685951    32.2458        325     1.3500  0.000e+00
      9.553    22.3566   4.681440    32.2678        326     1.3542  0.000e+00
      9.621    22.2849   4.676260    32.2809        327     1.3583  0.000e+00
      9.694    22.2232   4.673942    32.3087        328     1.3625  0.000e+00
      9.749    22.1749   4.672209    32.3312        329     1.3667  0.000e+00
      9.804    22.1404   4.671497    32.3514        330     1.3708  0.000e+00
      9.847    22.1173   4.670998    32.3646        331     1.3750  0.000e+00
      9.876    22.1029   4.672653    32.3882        332     1.3792  0.000e+00
      9.894    22.0984   4.671319    32.3813        333     1.3833  0.000e+00
      9.905    22.0937   4.666186    32.3449        334     1.3875  0.000e+00
      9.905    22.0736   4.663292    32.3374        335     1.3917  0.000e+00
      9.903    22.0485   4.666600    32.3818        336     1.3958  0.000e+00
      9.899    22.0422   4.669209    32.4068        337     1.4000  0.000e+00
      9.896    22.0502   4.669159    32.4004        338     1.4042  0.000e+00
      9.899    22.0582   4.670507    32.4049        339     1.4083  0.000e+00
      9.910    22.0666   4.665238    32.3578        340     1.4125  0.000e+00
      9.926    22.0566   4.664397    32.3587        341     1.4167  0.000e+00
      9.962    22.0410   4.664027    32.3674        342     1.4208  0.000e+00
     10.002    22.0314   4.661818    32.3574        343     1.4250  0.000e+00
     10.055    22.0187   4.658384    32.3402        344     1.4292  0.000e+00
     10.109    21.9976   4.652374    32.3092        345     1.4333  0.000e+00
     10.165    21.9638   4.649719    32.3138        346     1.4375  0.000e+00
     10.226    21.9291   4.644887    32.3020        347     1.4417  0.000e+00
     10.286    21.8911   4.639553    32.2888        348     1.4458  0.000e+00
     10.335    21.8451   4.634257    32.2818        349     1.4500  0.000e+00
     10.387    21.7937   4.619136    32.2022        350     1.4542  0.000e+00
     10.422    21.7082   4.606333    32.1659        351     1.4583  0.000e+00
     10.450    21.5972   4.604796    32.2368        352     1.4625  0.000e+00
     10.470    21.5117   4.600921    32.2704        353     1.4667  0.000e+00
     10.479    21.4474   4.597280    32.2901        354     1.4708  0.000e+00
     10.483    21.3948   4.597961    32.3349        355     1.4750  0.000e+00
     10.472    21.3643   4.599392    32.3692        356     1.4792  0.000e+00
     10.468    21.3536   4.602680    32.4032        357     1.4833  0.000e+00
     10.470    21.3603   4.602361    32.3956        358     1.4875  0.000e+00
     10.476    21.3689   4.603311    32.3966        359     1.4917  0.000e+00
     10.470    21.3768   4.602836    32.3869        360     1.4958  0.000e+00
     10.474    21.3760   4.592238    32.3041        361     1.5000  0.000e+00
     10.480    21.3376   4.589464    32.3110        362     1.5042  0.000e+00
     10.483    21.2942   4.584751    32.3066        363     1.5083  0.000e+00
     10.499    21.2500   4.579354    32.2973        364     1.5125  0.000e+00
     10.508    21.2062   4.587873    32.3976        365     1.5167  0.000e+00
     10.510    21.2027   4.580557    32.3425        366     1.5208  0.000e+00
     10.507    21.1871   4.581286    32.3599        367     1.5250  0.000e+00
     10.499    21.1716   4.582156    32.3786        368     1.5292  0.000e+00
     10.499    21.1683   4.580855    32.3708        369     1.5333  0.000e+00
     10.498    21.1644   4.584024    32.3988        370     1.5375  0.000e+00
     10.507    21.1718   4.587527    32.4209        371     1.5417  0.000e+00
     10.521    21.1900   4.586479    32.3988        372     1.5458  0.000e+00
     10.532    21.2018   4.584186    32.3718        373     1.5500  0.000e+00
     10.549    21.1999   4.580451    32.3437        374     1.5542  0.000e+00
     10.579    21.1850   4.578945    32.3431        375     1.5583  0.000e+00
     10.615    21.1642   4.574144    32.3208        376     1.5625  0.000e+00
     10.659    21.1343   4.570088    32.3113        377     1.5667  0.000e+00
     10.704    21.0969   4.555111    32.2210        378     1.5708  0.000e+00
     10.756    21.0197   4.535732    32.1256        379     1.5750  0.000e+00
     10.798    20.8878   4.514524    32.0565        380     1.5792  0.000e+00
     10.843    20.7108   4.500539    32.0784        381     1.5833  0.000e+00
     10.879    20.5357   4.491713    32.1402        382     1.5875  0.000e+00
     10.910    20.3860   4.478416    32.1471        383     1.5917  0.000e+00
     10.915    20.2435   4.467843    32.1704        384     1.5958  0.000e+00
     10.917    20.1087   4.459540    32.2063        385     1.6000  0.000e+00
     10.904    19.9909   4.452711    32.2412        386     1.6042  0.000e+00
     10.886    19.8970   4.449861    32.2901        387     1.6083  0.000e+00
     10.850    19.8253   4.454244    32.3809        388     1.6125  0.000e+00
     10.817    19.7938   4.447089    32.3470        389     1.6167  0.000e+00
     10.772    19.7621   4.447396    32.3740        390     1.6208  0.000e+00
     10.736    19.7376   4.458378    32.4823        391     1.6250  0.000e+00
     10.710    19.7675   4.483940    32.6674        392     1.6292  0.000e+00
     10.678    19.8887   4.498866    32.6945        393     1.6333  0.000e+00
     10.649    20.0446   4.502023    32.5992        394     1.6375  0.000e+00
     10.637    20.1632   4.506524    32.5440        395     1.6417  0.000e+00
     10.631    20.2475   4.513929    32.5388        396     1.6458  0.000e+00
     10.624    20.3269   4.521030    32.5349        397     1.6500  0.000e+00
     10.633    20.4063   4.522541    32.4861        398     1.6542  0.000e+00
     10.657    20.4630   4.519952    32.4219        399     1.6583  0.000e+00
     10.684    20.4873   4.519445    32.3992        400     1.6625  0.000e+00
     10.729    20.4927   4.514825    32.3580        401     1.6667  0.000e+00
     10.771    20.4797   4.514108    32.3622        402     1.6708  0.000e+00
     10.812    20.4631   4.511023    32.3501        403     1.6750  0.000e+00
     10.852    20.4421   4.507756    32.3399        404     1.6792  0.000e+00
     10.876    20.4160   4.507679    32.3592        405     1.6833  0.000e+00
     10.892    20.3983   4.507546    32.3717        406     1.6875  0.000e+00
     10.897    20.3895   4.511101    32.4070        407     1.6917  0.000e+00
     10.881    20.3956   4.514004    32.4256        408     1.6958  0.000e+00
     10.850    20.4142   4.516465    32.4312        409     1.7000  0.000e+00
     10.820    20.4379   4.520269    32.4436        410     1.7042  0.000e+00
     10.786    20.4698   4.531148    32.5065        411     1.7083  0.000e+00
     10.749    20.5278   4.536401    32.5042        412     1.7125  0.000e+00
     10.715    20.5953   4.552854    32.5842        413     1.7167  0.000e+00
     10.681    20.7009   4.575996    32.6884        414     1.7208  0.000e+00
     10.645    20.8600   4.584411    32.6334        415     1.7250  0.000e+00
     10.625    21.0037   4.591033    32.5764        416     1.7292  0.000e+00
     10.600    21.1177   4.598773    32.5510        417     1.7333  0.000e+00
     10.589    21.2140   4.603434    32.5146        418     1.7375  0.000e+00
     10.581    21.2933   4.609941    32.5060        419     1.7417  0.000e+00
     10.583    21.3617   4.602610    32.3964        420     1.7458  0.000e+00
