HB2303/sbe086.cnv
* Sea-Bird SBE 19plus V2 Data File:
* FileName = C:\cruise\data\sbe086.hex
* Software Version Seasave V 7.26.7.121
* Temperature SN = 6128
* Conductivity SN = 6128
* System UpLoad Time = Aug 16 2023 23:03:04
* NMEA Latitude = 41 22.12 N
* NMEA Longitude = 067 29.01 W
* NMEA UTC (Time) = Aug 16 2023 23:03:00
** Ship: Henry Bigelow
** Cruise:  HB2303
** Program:  ECOMON
# nquan = 7
# nvalues = 1661                                  
# units = specified
# name 0 = depSM: Depth [salt water, m]
# name 1 = tv290C: Temperature [ITS-90, deg C]
# name 2 = c0S/m: Conductivity [S/m]
# name 3 = sal00: Salinity, Practical [PSU]
# name 4 = scan: Scan Count
# name 5 = timeM: Time, Elapsed [minutes]
# name 6 = flag:  0.000e+00
# span 0 =     -0.117,     34.853                 
# span 1 =    17.9413,    18.1729                 
# span 2 =   0.001270,   4.274768                 
# span 3 =     0.0135,    32.3412                 
# span 4 =         11,       1671                 
# span 5 =     0.0417,     6.9583                 
# span 6 = 0.0000e+00, 0.0000e+00                 
# interval = seconds: 0.25
# start_time = Aug 16 2023 23:03:00 [NMEA time, header]
# bad_flag = -9.990e-29
*END*
      0.025    18.1657   0.001282     0.0135         11     0.0417  0.000e+00
      0.025    18.1663   0.001282     0.0135         12     0.0458  0.000e+00
      0.014    18.1665   0.001276     0.0135         13     0.0500  0.000e+00
      0.023    18.1668   0.001276     0.0135         14     0.0542  0.000e+00
      0.025    18.1673   0.001276     0.0135         15     0.0583  0.000e+00
      0.026    18.1673   0.001288     0.0136         16     0.0625  0.000e+00
      0.030    18.1677   0.001270     0.0135         17     0.0667  0.000e+00
      0.028    18.1672   0.001282     0.0135         18     0.0708  0.000e+00
      0.030    18.1676   0.001282     0.0135         19     0.0750  0.000e+00
      0.026    18.1675   0.001282     0.0135         20     0.0792  0.000e+00
      0.022    18.1673   0.001282     0.0135         21     0.0833  0.000e+00
      0.023    18.1676   0.001282     0.0135         22     0.0875  0.000e+00
      0.024    18.1688   0.001282     0.0135         23     0.0917  0.000e+00
      0.019    18.1685   0.001282     0.0135         24     0.0958  0.000e+00
      0.021    18.1685   0.001288     0.0136         25     0.1000  0.000e+00
      0.021    18.1688   0.001282     0.0135         26     0.1042  0.000e+00
      0.025    18.1690   0.001288     0.0136         27     0.1083  0.000e+00
      0.023    18.1699   0.001282     0.0135         28     0.1125  0.000e+00
      0.019    18.1687   0.001288     0.0136         29     0.1167  0.000e+00
      0.019    18.1694   0.001282     0.0135         30     0.1208  0.000e+00
      0.023    18.1696   0.001282     0.0135         31     0.1250  0.000e+00
      0.017    18.1702   0.001288     0.0136         32     0.1292  0.000e+00
      0.015    18.1703   0.001288     0.0136         33     0.1333  0.000e+00
      0.022    18.1698   0.001291     0.0136         34     0.1375  0.000e+00
      0.022    18.1703   0.001288     0.0136         35     0.1417  0.000e+00
      0.023    18.1705   0.001288     0.0136         36     0.1458  0.000e+00
      0.019    18.1706   0.001288     0.0136         37     0.1500  0.000e+00
      0.015    18.1708   0.001288     0.0136         38     0.1542  0.000e+00
      0.019    18.1704   0.001288     0.0136         39     0.1583  0.000e+00
      0.019    18.1706   0.001294     0.0136         40     0.1625  0.000e+00
      0.019    18.1712   0.001291     0.0136         41     0.1667  0.000e+00
      0.022    18.1714   0.001294     0.0136         42     0.1708  0.000e+00
      0.022    18.1714   0.001294     0.0136         43     0.1750  0.000e+00
      0.022    18.1714   0.001297     0.0136         44     0.1792  0.000e+00
      0.023    18.1716   0.001303     0.0136         45     0.1833  0.000e+00
      0.019    18.1714   0.001294     0.0136         46     0.1875  0.000e+00
      0.024    18.1711   0.001297     0.0136         47     0.1917  0.000e+00
      0.019    18.1718   0.001300     0.0136         48     0.1958  0.000e+00
      0.017    18.1716   0.001300     0.0136         49     0.2000  0.000e+00
      0.016    18.1714   0.001303     0.0136         50     0.2042  0.000e+00
      0.008    18.1720   0.001300     0.0136         51     0.2083  0.000e+00
      0.016    18.1717   0.001300     0.0136         52     0.2125  0.000e+00
      0.017    18.1722   0.001303     0.0136         53     0.2167  0.000e+00
      0.021    18.1717   0.001303     0.0136         54     0.2208  0.000e+00
      0.021    18.1719   0.001303     0.0136         55     0.2250  0.000e+00
      0.019    18.1719   0.001303     0.0136         56     0.2292  0.000e+00
      0.023    18.1723   0.001297     0.0136         57     0.2333  0.000e+00
      0.025    18.1718   0.001309     0.0136         58     0.2375  0.000e+00
      0.023    18.1727   0.001309     0.0136         59     0.2417  0.000e+00
      0.023    18.1727   0.001306     0.0136         60     0.2458  0.000e+00
      0.019    18.1721   0.001309     0.0136         61     0.2500  0.000e+00
      0.016    18.1725   0.001309     0.0136         62     0.2542  0.000e+00
      0.017    18.1725   0.001312     0.0137         63     0.2583  0.000e+00
      0.017    18.1729   0.001321     0.0137         64     0.2625  0.000e+00
      0.019    18.1728   0.001321     0.0137         65     0.2667  0.000e+00
      0.019    18.1725   0.001318     0.0137         66     0.2708  0.000e+00
      0.019    18.1726   0.001315     0.0137         67     0.2750  0.000e+00
      0.020    18.1722   0.001315     0.0137         68     0.2792  0.000e+00
      0.017    18.1721   0.001312     0.0137         69     0.2833  0.000e+00
      0.019    18.1722   0.001315     0.0137         70     0.2875  0.000e+00
      0.014    18.1719   0.001321     0.0137         71     0.2917  0.000e+00
      0.019    18.1723   0.001315     0.0137         72     0.2958  0.000e+00
      0.019    18.1721   0.001318     0.0137         73     0.3000  0.000e+00
      0.019    18.1725   0.001327     0.0137         74     0.3042  0.000e+00
      0.015    18.1722   0.001327     0.0137         75     0.3083  0.000e+00
      0.019    18.1727   0.001318     0.0137         76     0.3125  0.000e+00
      0.014    18.1726   0.001333     0.0138         77     0.3167  0.000e+00
      0.015    18.1717   0.001321     0.0137         78     0.3208  0.000e+00
      0.019    18.1722   0.001327     0.0137         79     0.3250  0.000e+00
      0.014    18.1728   0.001333     0.0138         80     0.3292  0.000e+00
      0.017    18.1724   0.001333     0.0138         81     0.3333  0.000e+00
      0.017    18.1725   0.001333     0.0138         82     0.3375  0.000e+00
      0.017    18.1722   0.001333     0.0138         83     0.3417  0.000e+00
      0.017    18.1726   0.001333     0.0138         84     0.3458  0.000e+00
      0.010    18.1721   0.001321     0.0137         85     0.3500  0.000e+00
      0.017    18.1719   0.001333     0.0138         86     0.3542  0.000e+00
      0.015    18.1720   0.001327     0.0137         87     0.3583  0.000e+00
      0.015    18.1721   0.001333     0.0138         88     0.3625  0.000e+00
      0.019    18.1728   0.001327     0.0137         89     0.3667  0.000e+00
      0.020    18.1715   0.001339     0.0138         90     0.3708  0.000e+00
      0.017    18.1716   0.001339     0.0138         91     0.3750  0.000e+00
      0.020    18.1712   0.001342     0.0138         92     0.3792  0.000e+00
      0.017    18.1719   0.001339     0.0138         93     0.3833  0.000e+00
      0.017    18.1713   0.001339     0.0138         94     0.3875  0.000e+00
      0.019    18.1718   0.001342     0.0138         95     0.3917  0.000e+00
      0.015    18.1717   0.001339     0.0138         96     0.3958  0.000e+00
      0.014    18.1712   0.001333     0.0138         97     0.4000  0.000e+00
      0.016    18.1708   0.001342     0.0138         98     0.4042  0.000e+00
      0.017    18.1716   0.001345     0.0138         99     0.4083  0.000e+00
      0.019    18.1712   0.001351     0.0138        100     0.4125  0.000e+00
      0.021    18.1713   0.001342     0.0138        101     0.4167  0.000e+00
      0.005    18.1707   0.001339     0.0138        102     0.4208  0.000e+00
      0.005    18.1711   0.001333     0.0138        103     0.4250  0.000e+00
      0.014    18.1703   0.001336     0.0138        104     0.4292  0.000e+00
      0.026    18.1705   0.001345     0.0138        105     0.4333  0.000e+00
      0.021    18.1705   0.001333     0.0138        106     0.4375  0.000e+00
      0.017    18.1715   0.001339     0.0138        107     0.4417  0.000e+00
      0.005    18.1712   0.001348     0.0138        108     0.4458  0.000e+00
      0.018    18.1709   0.001333     0.0138        109     0.4500  0.000e+00
      0.017    18.1708   0.001333     0.0138        110     0.4542  0.000e+00
      0.019    18.1708   0.001333     0.0138        111     0.4583  0.000e+00
      0.014    18.1702   0.001333     0.0138        112     0.4625  0.000e+00
      0.010    18.1697   0.001333     0.0138        113     0.4667  0.000e+00
      0.007    18.1702   0.001327     0.0137        114     0.4708  0.000e+00
      0.007    18.1703   0.001315     0.0137        115     0.4750  0.000e+00
      0.014    18.1696   0.001315     0.0137        116     0.4792  0.000e+00
      0.019    18.1704   0.001342     0.0138        117     0.4833  0.000e+00
      0.017    18.1702   0.001333     0.0138        118     0.4875  0.000e+00
      0.014    18.1699   0.001315     0.0137        119     0.4917  0.000e+00
      0.008    18.1705   0.001318     0.0137        120     0.4958  0.000e+00
      0.008    18.1695   0.001315     0.0137        121     0.5000  0.000e+00
      0.014    18.1697   0.001315     0.0137        122     0.5042  0.000e+00
      0.014    18.1690   0.001300     0.0136        123     0.5083  0.000e+00
      0.017    18.1688   0.001312     0.0137        124     0.5125  0.000e+00
      0.010    18.1688   0.001309     0.0136        125     0.5167  0.000e+00
      0.012    18.1693   0.001303     0.0136        126     0.5208  0.000e+00
      0.016    18.1686   0.001303     0.0136        127     0.5250  0.000e+00
      0.014    18.1689   0.001300     0.0136        128     0.5292  0.000e+00
      0.010    18.1688   0.001303     0.0136        129     0.5333  0.000e+00
      0.084    18.1688   0.001318     0.0137        130     0.5375  0.000e+00
      0.283    18.1693   0.001327     0.0137        131     0.5417  0.000e+00
      0.489    18.1638   1.905547    13.2266        132     0.5458  0.000e+00
      0.720    18.1180   1.858811    12.8880        133     0.5500  0.000e+00
      0.974    18.0749   0.757403     4.8918        134     0.5542  0.000e+00
      1.157    18.0517   0.930855     6.1081        135     0.5583  0.000e+00
      1.303    18.0384   0.660173     4.2260        136     0.5625  0.000e+00
      1.426    18.0312   0.586825     3.7266        137     0.5667  0.000e+00
      1.502    18.0263   0.488094     3.0620        138     0.5708  0.000e+00
      1.504    18.0223   2.445406    17.4284        139     0.5750  0.000e+00
      1.442    18.0173   3.387470    24.9487        140     0.5792  0.000e+00
      1.368    18.0111   2.212342    15.6237        141     0.5833  0.000e+00
      1.307    18.0058   2.085028    14.6464        142     0.5875  0.000e+00
      1.260    18.0040   4.267459    32.2577        143     0.5917  0.000e+00
      1.193    18.0079   3.602754    26.7166        144     0.5958  0.000e+00
      1.132    18.0120   3.406516    25.1073        145     0.6000  0.000e+00
      1.110    18.0154   4.242712    32.0400        146     0.6042  0.000e+00
      1.128    18.0173   4.272720    32.2916        147     0.6083  0.000e+00
      1.186    18.0169   4.272686    32.2916        148     0.6125  0.000e+00
      1.269    18.0145   4.272720    32.2938        149     0.6167  0.000e+00
      1.382    18.0116   4.272789    32.2966        150     0.6208  0.000e+00
      1.539    18.0096   4.272858    32.2987        151     0.6250  0.000e+00
      1.738    18.0078   4.273215    32.3031        152     0.6292  0.000e+00
      1.938    18.0072   4.274218    32.3119        153     0.6333  0.000e+00
      2.155    18.0063   4.274768    32.3172        154     0.6375  0.000e+00
      2.389    18.0055   4.274686    32.3171        155     0.6417  0.000e+00
      2.618    18.0026   4.274095    32.3143        156     0.6458  0.000e+00
      2.851    17.9965   4.272838    32.3084        157     0.6500  0.000e+00
      3.074    17.9876   4.270983    32.2997        158     0.6542  0.000e+00
      3.270    17.9781   4.269781    32.2970        159     0.6583  0.000e+00
      3.443    17.9692   4.269211    32.2992        160     0.6625  0.000e+00
      3.588    17.9619   4.268930    32.3025        161     0.6667  0.000e+00
      3.705    17.9568   4.268765    32.3051        162     0.6708  0.000e+00
      3.794    17.9530   4.268566    32.3064        163     0.6750  0.000e+00
      3.837    17.9505   4.268449    32.3074        164     0.6792  0.000e+00
      3.873    17.9482   4.268511    32.3097        165     0.6833  0.000e+00
      3.893    17.9468   4.268326    32.3093        166     0.6875  0.000e+00
      3.909    17.9455   4.268401    32.3109        167     0.6917  0.000e+00
      3.917    17.9447   4.268745    32.3145        168     0.6958  0.000e+00
      3.913    17.9440   4.269432    32.3208        169     0.7000  0.000e+00
      3.928    17.9439   4.270737    32.3319        170     0.7042  0.000e+00
      3.969    17.9439   4.270963    32.3338        171     0.7083  0.000e+00
      4.049    17.9464   4.270531    32.3281        172     0.7125  0.000e+00
      4.161    17.9529   4.270764    32.3249        173     0.7167  0.000e+00
      4.294    17.9601   4.265764    32.2770        174     0.7208  0.000e+00
      4.450    17.9671   4.258818    32.2127        175     0.7250  0.000e+00
      4.616    17.9727   4.272220    32.3214        176     0.7292  0.000e+00
      4.777    17.9779   4.272413    32.3189        177     0.7333  0.000e+00
      4.939    17.9819   4.272591    32.3171        178     0.7375  0.000e+00
      5.097    17.9848   4.272413    32.3133        179     0.7417  0.000e+00
      5.245    17.9855   4.272193    32.3108        180     0.7458  0.000e+00
      5.391    17.9827   4.271870    32.3103        181     0.7500  0.000e+00
      5.532    17.9779   4.271458    32.3105        182     0.7542  0.000e+00
      5.665    17.9724   4.270964    32.3106        183     0.7583  0.000e+00
      5.804    17.9676   4.270868    32.3136        184     0.7625  0.000e+00
      5.943    17.9637   4.271355    32.3208        185     0.7667  0.000e+00
      6.084    17.9608   4.271747    32.3263        186     0.7708  0.000e+00
      6.223    17.9591   4.271727    32.3274        187     0.7750  0.000e+00
      6.356    17.9576   4.271747    32.3288        188     0.7792  0.000e+00
      6.495    17.9566   4.271727    32.3293        189     0.7833  0.000e+00
      6.625    17.9559   4.271706    32.3297        190     0.7875  0.000e+00
      6.748    17.9550   4.271328    32.3271        191     0.7917  0.000e+00
      6.860    17.9541   4.270442    32.3203        192     0.7958  0.000e+00
      6.963    17.9529   4.269962    32.3172        193     0.8000  0.000e+00
      7.049    17.9518   4.269728    32.3161        194     0.8042  0.000e+00
      7.131    17.9502   4.269598    32.3161        195     0.8083  0.000e+00
      7.196    17.9493   4.269460    32.3157        196     0.8125  0.000e+00
      7.266    17.9482   4.268966    32.3123        197     0.8167  0.000e+00
      7.322    17.9472   4.268671    32.3106        198     0.8208  0.000e+00
      7.371    17.9465   4.268622    32.3107        199     0.8250  0.000e+00
      7.420    17.9458   4.269344    32.3174        200     0.8292  0.000e+00
      7.468    17.9454   4.271109    32.3326        201     0.8333  0.000e+00
      7.510    17.9452   4.272105    32.3412        202     0.8375  0.000e+00
      7.571    17.9460   4.271823    32.3382        203     0.8417  0.000e+00
      7.647    17.9513   4.271535    32.3315        204     0.8458  0.000e+00
      7.728    17.9593   4.271775    32.3272        205     0.8500  0.000e+00
      7.822    17.9672   4.272194    32.3244        206     0.8542  0.000e+00
      7.927    17.9731   4.272442    32.3218        207     0.8583  0.000e+00
      8.039    17.9769   4.272613    32.3202        208     0.8625  0.000e+00
      8.180    17.9799   4.272751    32.3189        209     0.8667  0.000e+00
      8.331    17.9821   4.272840    32.3179        210     0.8708  0.000e+00
      8.490    17.9834   4.272936    32.3176        211     0.8750  0.000e+00
      8.662    17.9849   4.273033    32.3172        212     0.8792  0.000e+00
      8.835    17.9858   4.272964    32.3158        213     0.8833  0.000e+00
      9.006    17.9865   4.272957    32.3151        214     0.8875  0.000e+00
      9.165    17.9878   4.272985    32.3143        215     0.8917  0.000e+00
