HB2303/sbe074.cnv
* Sea-Bird SBE 19plus V2 Data File:
* FileName = C:\cruise\data\sbe074.hex
* Software Version Seasave V 7.26.7.121
* Temperature SN = 6128
* Conductivity SN = 6128
* System UpLoad Time = Aug 15 2023 18:54:48
* NMEA Latitude = 40 21.99 N
* NMEA Longitude = 069 05.40 W
* NMEA UTC (Time) = Aug 15 2023 18:54:44
** Ship: Henry Bigelow
** Cruise:  HB2303
** Program:  ECOMON
# nquan = 7
# nvalues = 2040                                  
# units = specified
# name 0 = depSM: Depth [salt water, m]
# name 1 = tv290C: Temperature [ITS-90, deg C]
# name 2 = c0S/m: Conductivity [S/m]
# name 3 = sal00: Salinity, Practical [PSU]
# name 4 = scan: Scan Count
# name 5 = timeM: Time, Elapsed [minutes]
# name 6 = flag:  0.000e+00
# span 0 =     -0.293,     83.675                 
# span 1 =     9.0868,    25.7757                 
# span 2 =   0.014102,   4.735927                 
# span 3 =     0.0694,    34.7195                 
# span 4 =         11,       2050                 
# span 5 =     0.0417,     8.5375                 
# span 6 = 0.0000e+00, 0.0000e+00                 
# interval = seconds: 0.25
# start_time = Aug 15 2023 18:54:44 [NMEA time, header]
# bad_flag = -9.990e-29
*END*
     -0.142    25.7740   0.019891     0.0957         11     0.0417  0.000e+00
     -0.138    25.7752   0.020232     0.0972         12     0.0458  0.000e+00
     -0.138    25.7752   0.020554     0.0987         13     0.0500  0.000e+00
     -0.137    25.7757   0.020796     0.0998         14     0.0542  0.000e+00
     -0.133    25.7742   0.021019     0.1009         15     0.0583  0.000e+00
     -0.135    25.7722   0.021342     0.1023         16     0.0625  0.000e+00
     -0.140    25.7706   0.021453     0.1029         17     0.0667  0.000e+00
     -0.142    25.7689   0.021399     0.1026         18     0.0708  0.000e+00
     -0.138    25.7679   0.021483     0.1030         19     0.0750  0.000e+00
     -0.136    25.7672   0.021435     0.1028         20     0.0792  0.000e+00
     -0.142    25.7665   0.021384     0.1026         21     0.0833  0.000e+00
     -0.145    25.7641   0.021547     0.1033         22     0.0875  0.000e+00
     -0.142    25.7623   0.021423     0.1027         23     0.0917  0.000e+00
     -0.142    25.7600   0.021203     0.1017         24     0.0958  0.000e+00
     -0.145    25.7594   0.020971     0.1007         25     0.1000  0.000e+00
     -0.144    25.7586   0.020826     0.1000         26     0.1042  0.000e+00
     -0.145    25.7584   0.020705     0.0994         27     0.1083  0.000e+00
     -0.145    25.7593   0.020696     0.0994         28     0.1125  0.000e+00
     -0.145    25.7599   0.020877     0.1002         29     0.1167  0.000e+00
     -0.142    25.7617   0.020965     0.1006         30     0.1208  0.000e+00
     -0.149    25.7628   0.020826     0.1000         31     0.1250  0.000e+00
     -0.145    25.7645   0.020627     0.0991         32     0.1292  0.000e+00
     -0.143    25.7643   0.020663     0.0992         33     0.1333  0.000e+00
     -0.147    25.7650   0.020838     0.1000         34     0.1375  0.000e+00
     -0.145    25.7660   0.021016     0.1009         35     0.1417  0.000e+00
     -0.145    25.7662   0.020946     0.1005         36     0.1458  0.000e+00
     -0.143    25.7669   0.020895     0.1003         37     0.1500  0.000e+00
     -0.143    25.7672   0.020784     0.0998         38     0.1542  0.000e+00
     -0.147    25.7662   0.020518     0.0986         39     0.1583  0.000e+00
     -0.141    25.7648   0.020256     0.0974         40     0.1625  0.000e+00
     -0.145    25.7620   0.019987     0.0961         41     0.1667  0.000e+00
     -0.143    25.7599   0.019807     0.0953         42     0.1708  0.000e+00
     -0.141    25.7583   0.019704     0.0948         43     0.1750  0.000e+00
     -0.141    25.7576   0.019466     0.0938         44     0.1792  0.000e+00
     -0.145    25.7569   0.019291     0.0930         45     0.1833  0.000e+00
     -0.143    25.7568   0.019153     0.0923         46     0.1875  0.000e+00
     -0.141    25.7550   0.019101     0.0921         47     0.1917  0.000e+00
     -0.143    25.7528   0.018812     0.0908         48     0.1958  0.000e+00
     -0.147    25.7511   0.018598     0.0898         49     0.2000  0.000e+00
     -0.152    25.7488   0.018240     0.0882         50     0.2042  0.000e+00
     -0.148    25.7472   0.018122     0.0876         51     0.2083  0.000e+00
     -0.148    25.7468   0.018234     0.0881         52     0.2125  0.000e+00
     -0.150    25.7471   0.018417     0.0890         53     0.2167  0.000e+00
     -0.145    25.7475   0.018348     0.0887         54     0.2208  0.000e+00
     -0.150    25.7478   0.018080     0.0874         55     0.2250  0.000e+00
     -0.148    25.7481   0.017770     0.0860         56     0.2292  0.000e+00
     -0.147    25.7483   0.017556     0.0850         57     0.2333  0.000e+00
     -0.141    25.7477   0.017445     0.0845         58     0.2375  0.000e+00
     -0.139    25.7464   0.017333     0.0840         59     0.2417  0.000e+00
     -0.146    25.7448   0.017159     0.0832         60     0.2458  0.000e+00
     -0.150    25.7431   0.016894     0.0820         61     0.2500  0.000e+00
     -0.154    25.7430   0.016770     0.0815         62     0.2542  0.000e+00
     -0.143    25.7433   0.016686     0.0811         63     0.2583  0.000e+00
     -0.141    25.7444   0.016382     0.0797         64     0.2625  0.000e+00
     -0.145    25.7467   0.015846     0.0773         65     0.2667  0.000e+00
     -0.141    25.7478   0.015497     0.0757         66     0.2708  0.000e+00
     -0.147    25.7474   0.015221     0.0744         67     0.2750  0.000e+00
     -0.147    25.7470   0.014857     0.0728         68     0.2792  0.000e+00
     -0.147    25.7465   0.015037     0.0736         69     0.2833  0.000e+00
     -0.147    25.7471   0.014968     0.0733         70     0.2875  0.000e+00
     -0.147    25.7472   0.014568     0.0715         71     0.2917  0.000e+00
     -0.145    25.7493   0.014153     0.0696         72     0.2958  0.000e+00
     -0.129    25.7501   0.014102     0.0694         73     0.3000  0.000e+00
      0.106    25.7497   0.663102     3.5634         74     0.3042  0.000e+00
      0.370    25.7460   1.740521    10.0788         75     0.3083  0.000e+00
      0.548    25.4362   1.636147     9.4877         76     0.3125  0.000e+00
      0.695    24.7263   2.329246    14.1551         77     0.3167  0.000e+00
      0.832    24.1983   2.540483    15.7478         78     0.3208  0.000e+00
      0.906    23.7898   4.369774    28.9240         79     0.3250  0.000e+00
      0.915    23.4071   4.706410    31.6959         80     0.3292  0.000e+00
      0.879    23.0381   4.697369    31.8933         81     0.3333  0.000e+00
      0.816    22.7132   3.692467    24.5766         82     0.3375  0.000e+00
      0.776    22.4904   2.833469    18.4441         83     0.3417  0.000e+00
      0.756    22.3917   4.735927    32.6651         84     0.3458  0.000e+00
      0.765    22.4279   4.691090    32.2922         85     0.3500  0.000e+00
      0.811    22.5180   4.708012    32.3558         86     0.3542  0.000e+00
      0.888    22.6321   4.701852    32.2241         87     0.3583  0.000e+00
      0.979    22.7250   4.699705    32.1393         88     0.3625  0.000e+00
      1.078    22.7722   4.696487    32.0801         89     0.3667  0.000e+00
      1.183    22.7803   4.692606    32.0445         90     0.3708  0.000e+00
      1.317    22.7716   4.694843    32.0680         91     0.3750  0.000e+00
      1.474    22.7600   4.711430    32.2032         92     0.3792  0.000e+00
      1.629    22.7457   4.710600    32.2074         93     0.3833  0.000e+00
      1.774    22.7125   4.704762    32.1870         94     0.3875  0.000e+00
      1.905    22.6068   4.688494    32.1400         95     0.3917  0.000e+00
      2.042    22.4546   4.678958    32.1786         96     0.3958  0.000e+00
      2.167    22.3271   4.667676    32.1857         97     0.4000  0.000e+00
      2.263    22.2256   4.655934    32.1700         98     0.4042  0.000e+00
      2.321    22.1338   4.647891    32.1757         99     0.4083  0.000e+00
      2.348    22.0478   4.645722    32.2227        100     0.4125  0.000e+00
      2.366    21.9720   4.636818    32.2098        101     0.4167  0.000e+00
      2.365    21.9076   4.634907    32.2428        102     0.4208  0.000e+00
      2.338    21.8576   4.636464    32.2923        103     0.4250  0.000e+00
      2.317    21.8226   4.647340    32.4033        104     0.4292  0.000e+00
      2.308    21.8017   4.674773    32.6333        105     0.4333  0.000e+00
      2.332    21.7885   4.563491    31.7749        106     0.4375  0.000e+00
      2.378    21.7857   4.402037    30.5234        107     0.4417  0.000e+00
      2.458    21.8459   4.682694    32.6618        108     0.4458  0.000e+00
      2.550    21.9641   4.674613    32.5097        109     0.4500  0.000e+00
      2.655    22.1060   4.679378    32.4404        110     0.4542  0.000e+00
      2.768    22.2493   4.684558    32.3737        111     0.4583  0.000e+00
      2.889    22.3655   4.692421    32.3480        112     0.4625  0.000e+00
      3.016    22.4489   4.696600    32.3184        113     0.4667  0.000e+00
      3.148    22.5041   4.701182    32.3128        114     0.4708  0.000e+00
      3.292    22.5429   4.700181    32.2763        115     0.4750  0.000e+00
      3.440    22.5620   4.701625    32.2733        116     0.4792  0.000e+00
      3.590    22.5372   4.702677    32.2996        117     0.4833  0.000e+00
      3.733    22.4891   4.697880    32.2983        118     0.4875  0.000e+00
      3.858    22.4367   4.688469    32.2645        119     0.4917  0.000e+00
      3.959    22.3549   4.681309    32.2698        120     0.4958  0.000e+00
      4.038    22.2601   4.679247    32.3242        121     0.5000  0.000e+00
      4.100    22.1734   4.696526    32.5226        122     0.5042  0.000e+00
      4.161    22.1099   4.704357    32.6310        123     0.5083  0.000e+00
      4.242    22.0814   4.702798    32.6402        124     0.5125  0.000e+00
      4.351    22.1390   4.699816    32.5738        125     0.5167  0.000e+00
      4.482    22.2534   4.697133    32.4674        126     0.5208  0.000e+00
      4.627    22.3894   4.696845    32.3639        127     0.5250  0.000e+00
      4.782    22.4954   4.697909    32.2935        128     0.5292  0.000e+00
      4.950    22.5637   4.700424    32.2623        129     0.5333  0.000e+00
      5.118    22.6065   4.706403    32.2766        130     0.5375  0.000e+00
      5.282    22.6337   4.704135    32.2391        131     0.5417  0.000e+00
      5.443    22.6448   4.702125    32.2155        132     0.5458  0.000e+00
      5.615    22.5841   4.685982    32.1361        133     0.5500  0.000e+00
      5.782    22.4370   4.659223    32.0385        134     0.5542  0.000e+00
      5.959    22.2558   4.640798    32.0296        135     0.5583  0.000e+00
      6.144    22.0961   4.628674    32.0534        136     0.5625  0.000e+00
      6.326    21.9744   4.622276    32.0937        137     0.5667  0.000e+00
      6.512    21.8826   4.618097    32.1293        138     0.5708  0.000e+00
      6.698    21.8141   4.613890    32.1473        139     0.5750  0.000e+00
      6.873    21.7634   4.612018    32.1703        140     0.5792  0.000e+00
      7.048    21.7251   4.611614    32.1957        141     0.5833  0.000e+00
      7.218    21.6965   4.610934    32.2117        142     0.5875  0.000e+00
      7.372    21.6755   4.612431    32.2390        143     0.5917  0.000e+00
      7.521    21.6604   4.627260    32.3663        144     0.5958  0.000e+00
      7.655    21.6522   4.636584    32.4454        145     0.6000  0.000e+00
      7.781    21.6538   4.633172    32.4174        146     0.6042  0.000e+00
      7.901    21.6835   4.645481    32.4914        147     0.6083  0.000e+00
      8.018    21.7471   4.662662    32.5779        148     0.6125  0.000e+00
      8.141    21.8246   4.664592    32.5345        149     0.6167  0.000e+00
      8.264    21.9066   4.672163    32.5319        150     0.6208  0.000e+00
      8.400    21.9814   4.676842    32.5122        151     0.6250  0.000e+00
      8.547    22.0406   4.677433    32.4723        152     0.6292  0.000e+00
      8.708    22.0855   4.671055    32.3892        153     0.6333  0.000e+00
      8.883    22.1222   4.664424    32.3104        154     0.6375  0.000e+00
      9.070    22.1479   4.660896    32.2639        155     0.6417  0.000e+00
      9.266    22.1254   4.653525    32.2233        156     0.6458  0.000e+00
      9.478    22.0584   4.645013    32.2070        157     0.6500  0.000e+00
      9.716    21.9789   4.638236    32.2134        158     0.6542  0.000e+00
      9.949    21.9112   4.633410    32.2261        159     0.6583  0.000e+00
     10.180    21.8575   4.620562    32.1659        160     0.6625  0.000e+00
     10.390    21.7947   4.607012    32.1069        161     0.6667  0.000e+00
     10.573    21.7095   4.597092    32.0927        162     0.6708  0.000e+00
     10.751    21.6186   4.598857    32.1742        163     0.6750  0.000e+00
     10.977    21.5485   4.612676    32.3349        164     0.6792  0.000e+00
     11.163    21.5079   4.599986    32.2657        165     0.6833  0.000e+00
     11.322    21.4820   4.593611    32.2350        166     0.6875  0.000e+00
     11.444    21.4547   4.592039    32.2430        167     0.6917  0.000e+00
     11.493    21.4230   4.591509    32.2627        168     0.6958  0.000e+00
     11.531    21.3906   4.604282    32.3875        169     0.7000  0.000e+00
     11.598    21.3683   4.618206    32.5139        170     0.7042  0.000e+00
     11.692    21.3588   4.622395    32.5541        171     0.7083  0.000e+00
     11.810    21.3683   4.624816    32.5660        172     0.7125  0.000e+00
     11.943    21.4095   4.626967    32.5517        173     0.7167  0.000e+00
     12.091    21.4721   4.631890    32.5430        174     0.7208  0.000e+00
     12.252    21.5295   4.636175    32.5332        175     0.7250  0.000e+00
     12.438    21.5779   4.639950    32.5262        176     0.7292  0.000e+00
     12.637    21.6199   4.644338    32.5289        177     0.7333  0.000e+00
     12.853    21.6581   4.647974    32.5285        178     0.7375  0.000e+00
     13.101    21.6962   4.651119    32.5243        179     0.7417  0.000e+00
     13.373    21.7348   4.654522    32.5217        180     0.7458  0.000e+00
     13.661    21.7722   4.655291    32.4996        181     0.7500  0.000e+00
     13.919    21.8082   4.645019    32.3922        182     0.7542  0.000e+00
     14.139    21.8453   4.637892    32.3088        183     0.7583  0.000e+00
     14.330    21.8583   4.640423    32.3188        184     0.7625  0.000e+00
     14.536    21.7919   4.652493    32.4626        185     0.7667  0.000e+00
     14.722    21.7285   4.643584    32.4405        186     0.7708  0.000e+00
     14.899    21.6994   4.629167    32.3496        187     0.7750  0.000e+00
     15.042    21.6277   4.602062    32.1911        188     0.7792  0.000e+00
     15.146    21.4242   4.562697    32.0342        189     0.7833  0.000e+00
     15.211    21.1310   4.539783    32.0727        190     0.7875  0.000e+00
     15.280    20.8337   4.531356    32.2296        191     0.7917  0.000e+00
     15.358    20.5349   4.539010    32.5181        192     0.7958  0.000e+00
     15.445    20.2950   4.563519    32.9004        193     0.8000  0.000e+00
     15.533    20.1457   4.581169    33.1599        194     0.8042  0.000e+00
     15.631    20.0634   4.592607    33.3175        195     0.8083  0.000e+00
     15.737    20.0541   4.598493    33.3727        196     0.8125  0.000e+00
     15.858    20.1145   4.604573    33.3742        197     0.8167  0.000e+00
     16.001    20.2435   4.614918    33.3560        198     0.8208  0.000e+00
     16.157    20.3956   4.624307    33.3119        199     0.8250  0.000e+00
     16.328    20.5440   4.630435    33.2447        200     0.8292  0.000e+00
     16.514    20.6703   4.634669    33.1798        201     0.8333  0.000e+00
     16.715    20.7665   4.637604    33.1282        202     0.8375  0.000e+00
     16.921    20.8437   4.637304    33.0657        203     0.8417  0.000e+00
     17.139    20.8934   4.625806    32.9355        204     0.8458  0.000e+00
     17.345    20.9277   4.609163    32.7765        205     0.8500  0.000e+00
     17.559    20.9725   4.590711    32.5953        206     0.8542  0.000e+00
     17.756    20.9827   4.567416    32.4024        207     0.8583  0.000e+00
     17.938    20.7005   4.501673    32.0929        208     0.8625  0.000e+00
     18.097    20.1685   4.437122    31.9776        209     0.8667  0.000e+00
     18.237    19.6103   4.387158    31.9974        210     0.8708  0.000e+00
     18.360    19.1197   4.363005    32.1767        211     0.8750  0.000e+00
     18.496    18.7156   4.356713    32.4395        212     0.8792  0.000e+00
     18.635    18.4145   4.358338    32.6909        213     0.8833  0.000e+00
     18.778    18.2062   4.361133    32.8807        214     0.8875  0.000e+00
     18.911    18.0580   4.369384    33.0697        215     0.8917  0.000e+00
