HB2303/sbe015.cnv
* Sea-Bird SBE 19plus V2 Data File:
* FileName = C:\cruise\data\sbe015.hex
* Software Version Seasave V 7.26.7.121
* Temperature SN = 6128
* Conductivity SN = 6128
* System UpLoad Time = Aug 10 2023 06:24:33
* NMEA Latitude = 40 08.62 N
* NMEA Longitude = 073 50.07 W
* NMEA UTC (Time) = Aug 10 2023 06:24:28
** Ship: Henry Bigelow
** Cruise:  HB2303
** Program:  ECOMON
# nquan = 7
# nvalues = 1406                                  
# units = specified
# name 0 = depSM: Depth [salt water, m]
# name 1 = tv290C: Temperature [ITS-90, deg C]
# name 2 = c0S/m: Conductivity [S/m]
# name 3 = sal00: Salinity, Practical [PSU]
# name 4 = scan: Scan Count
# name 5 = timeM: Time, Elapsed [minutes]
# name 6 = flag:  0.000e+00
# span 0 =     -0.219,     23.817                 
# span 1 =    12.8698,    23.7866                 
# span 2 =   0.000064,   4.638399                 
# span 3 =     0.0108,    32.4198                 
# span 4 =         11,       1416                 
# span 5 =     0.0417,     5.8958                 
# span 6 = 0.0000e+00, 0.0000e+00                 
# interval = seconds: 0.25
# start_time = Aug 10 2023 06:24:28 [NMEA time, header]
# bad_flag = -9.990e-29
*END*
[from data line 1231]
      2.292    23.7773   4.636954    30.9138       1242     5.1708  0.000e+00
      2.275    23.7767   4.637196    30.9160       1243     5.1750  0.000e+00
      2.262    23.7771   4.637097    30.9150       1244     5.1792  0.000e+00
      2.237    23.7780   4.637253    30.9155       1245     5.1833  0.000e+00
      2.226    23.7790   4.637502    30.9167       1246     5.1875  0.000e+00
      2.213    23.7800   4.637459    30.9157       1247     5.1917  0.000e+00
      2.197    23.7804   4.637338    30.9146       1248     5.1958  0.000e+00
      2.184    23.7802   4.637360    30.9149       1249     5.2000  0.000e+00
      2.169    23.7803   4.637281    30.9142       1250     5.2042  0.000e+00
      2.164    23.7804   4.637388    30.9149       1251     5.2083  0.000e+00
      2.159    23.7804   4.637516    30.9159       1252     5.2125  0.000e+00
      2.157    23.7811   4.637580    30.9159       1253     5.2167  0.000e+00
      2.164    23.7815   4.637552    30.9154       1254     5.2208  0.000e+00
      2.171    23.7815   4.637594    30.9157       1255     5.2250  0.000e+00
      2.179    23.7820   4.637800    30.9168       1256     5.2292  0.000e+00
      2.184    23.7823   4.637616    30.9152       1257     5.2333  0.000e+00
      2.170    23.7828   4.637829    30.9165       1258     5.2375  0.000e+00
      2.154    23.7831   4.637879    30.9167       1259     5.2417  0.000e+00
      2.137    23.7835   4.637928    30.9168       1260     5.2458  0.000e+00
      2.096    23.7839   4.637857    30.9160       1261     5.2500  0.000e+00
      2.054    23.7844   4.637829    30.9154       1262     5.2542  0.000e+00
      2.002    23.7844   4.637751    30.9149       1263     5.2583  0.000e+00
      1.951    23.7845   4.637608    30.9138       1264     5.2625  0.000e+00
      1.900    23.7842   4.637772    30.9152       1265     5.2667  0.000e+00
      1.860    23.7846   4.637800    30.9151       1266     5.2708  0.000e+00
      1.838    23.7852   4.637992    30.9162       1267     5.2750  0.000e+00
      1.809    23.7855   4.637928    30.9155       1268     5.2792  0.000e+00
      1.780    23.7857   4.637935    30.9154       1269     5.2833  0.000e+00
      1.755    23.7858   4.637829    30.9146       1270     5.2875  0.000e+00
      1.733    23.7857   4.637800    30.9144       1271     5.2917  0.000e+00
      1.720    23.7853   4.637800    30.9147       1272     5.2958  0.000e+00
      1.707    23.7855   4.637878    30.9152       1273     5.3000  0.000e+00
      1.691    23.7856   4.637907    30.9153       1274     5.3042  0.000e+00
      1.671    23.7860   4.637935    30.9152       1275     5.3083  0.000e+00
      1.668    23.7860   4.637878    30.9148       1276     5.3125  0.000e+00
      1.651    23.7858   4.637665    30.9134       1277     5.3167  0.000e+00
      1.647    23.7852   4.637551    30.9129       1278     5.3208  0.000e+00
      1.629    23.7845   4.637672    30.9143       1279     5.3250  0.000e+00
      1.615    23.7844   4.637608    30.9139       1280     5.3292  0.000e+00
      1.593    23.7843   4.637502    30.9132       1281     5.3333  0.000e+00
      1.579    23.7837   4.637359    30.9126       1282     5.3375  0.000e+00
      1.568    23.7830   4.637174    30.9117       1283     5.3417  0.000e+00
      1.555    23.7816   4.636954    30.9111       1284     5.3458  0.000e+00
      1.553    23.7798   4.636705    30.9104       1285     5.3500  0.000e+00
      1.551    23.7775   4.637032    30.9144       1286     5.3542  0.000e+00
      1.546    23.7766   4.637047    30.9152       1287     5.3583  0.000e+00
      1.538    23.7770   4.636954    30.9142       1288     5.3625  0.000e+00
      1.508    23.7770   4.636734    30.9126       1289     5.3667  0.000e+00
      1.491    23.7769   4.636570    30.9114       1290     5.3708  0.000e+00
      1.444    23.7752   4.636513    30.9122       1291     5.3750  0.000e+00
      1.395    23.7741   4.636329    30.9116       1292     5.3792  0.000e+00
      1.352    23.7725   4.636158    30.9115       1293     5.3833  0.000e+00
      1.298    23.7712   4.636599    30.9157       1294     5.3875  0.000e+00
      1.247    23.7718   4.636869    30.9173       1295     5.3917  0.000e+00
      1.218    23.7734   4.637068    30.9177       1296     5.3958  0.000e+00
      1.193    23.7751   4.637061    30.9164       1297     5.4000  0.000e+00
      1.175    23.7764   4.636492    30.9113       1298     5.4042  0.000e+00
      1.177    23.7755   4.636463    30.9117       1299     5.4083  0.000e+00
      1.180    23.7737   4.636407    30.9126       1300     5.4125  0.000e+00
      1.187    23.7723   4.636442    30.9138       1301     5.4167  0.000e+00
      1.196    23.7723   4.636655    30.9154       1302     5.4208  0.000e+00
      1.207    23.7727   4.636655    30.9151       1303     5.4250  0.000e+00
      1.200    23.7734   4.636570    30.9140       1304     5.4292  0.000e+00
      1.196    23.7734   4.636378    30.9126       1305     5.4333  0.000e+00
      1.195    23.7723   4.636350    30.9131       1306     5.4375  0.000e+00
      1.180    23.7718   4.636286    30.9130       1307     5.4417  0.000e+00
      1.156    23.7713   4.636272    30.9132       1308     5.4458  0.000e+00
      1.123    23.7705   4.636705    30.9170       1309     5.4500  0.000e+00
      1.099    23.7718   4.637196    30.9198       1310     5.4542  0.000e+00
      1.074    23.7749   4.637309    30.9184       1311     5.4583  0.000e+00
      1.057    23.7774   4.637302    30.9167       1312     5.4625  0.000e+00
      1.032    23.7788   4.637281    30.9156       1313     5.4667  0.000e+00
      1.008    23.7796   4.637338    30.9154       1314     5.4708  0.000e+00
      0.997    23.7802   4.637174    30.9138       1315     5.4750  0.000e+00
      0.968    23.7807   4.637359    30.9149       1316     5.4792  0.000e+00
      0.937    23.7814   4.637388    30.9146       1317     5.4833  0.000e+00
      0.905    23.7817   4.637224    30.9132       1318     5.4875  0.000e+00
      0.903    23.7818   4.637011    30.9115       1319     5.4917  0.000e+00
      0.889    23.7808   4.637331    30.9146       1320     5.4958  0.000e+00
      0.882    23.7808   4.637252    30.9140       1321     5.5000  0.000e+00
      0.867    23.7805   4.636868    30.9114       1322     5.5042  0.000e+00
      0.865    23.7794   4.636549    30.9097       1323     5.5083  0.000e+00
      0.867    23.7772   4.637032    30.9149       1324     5.5125  0.000e+00
      0.831    23.7774   4.636982    30.9144       1325     5.5167  0.000e+00
      0.791    23.7787   4.637203    30.9151       1326     5.5208  0.000e+00
      0.766    23.7795   4.636897    30.9123       1327     5.5250  0.000e+00
      0.753    23.7791   4.637203    30.9149       1328     5.5292  0.000e+00
      0.719    23.7791   4.637281    30.9154       1329     5.5333  0.000e+00
      0.673    23.7800   4.637195    30.9142       1330     5.5375  0.000e+00
      0.646    23.7808   4.637331    30.9147       1331     5.5417  0.000e+00
      0.629    23.7812   4.636982    30.9118       1332     5.5458  0.000e+00
      0.600    23.7806   4.637224    30.9140       1333     5.5500  0.000e+00
      0.582    23.7798   4.636833    30.9117       1334     5.5542  0.000e+00
      0.566    23.7787   4.636790    30.9121       1335     5.5583  0.000e+00
      0.562    23.7779   4.636868    30.9132       1336     5.5625  0.000e+00
      0.556    23.7776   4.636911    30.9138       1337     5.5667  0.000e+00
      0.562    23.7780   4.636868    30.9132       1338     5.5708  0.000e+00
      0.551    23.7776   4.636520    30.9109       1339     5.5750  0.000e+00
      0.531    23.7765   4.636627    30.9124       1340     5.5792  0.000e+00
      0.522    23.7756   4.636705    30.9136       1341     5.5833  0.000e+00
      0.500    23.7756   4.636726    30.9138       1342     5.5875  0.000e+00
      0.489    23.7762   4.636705    30.9132       1343     5.5917  0.000e+00
      0.444    23.7765   4.637011    30.9153       1344     5.5958  0.000e+00
      0.391    23.7773   4.636890    30.9139       1345     5.6000  0.000e+00
      0.369    23.7783   4.637195    30.9155       1346     5.6042  0.000e+00
      0.378    23.7787   4.637117    30.9146       1347     5.6083  0.000e+00
      0.396    23.7795   4.636911    30.9125       1348     5.6125  0.000e+00
      0.380    23.7790   4.636435    30.9093       1349     5.6167  0.000e+00
      0.371    23.7771   4.636783    30.9132       1350     5.6208  0.000e+00
      0.401    23.7765   4.636868    30.9142       1351     5.6250  0.000e+00
      0.413    23.7769   4.636897    30.9142       1352     5.6292  0.000e+00
      0.415    23.7772   4.637096    30.9155       1353     5.6333  0.000e+00
      0.443    23.7784   4.637224    30.9156       1354     5.6375  0.000e+00
      0.468    23.7795   4.637252    30.9150       1355     5.6417  0.000e+00
      0.478    23.7802   4.637359    30.9153       1356     5.6458  0.000e+00
      0.514    23.7811   4.637252    30.9139       1357     5.6500  0.000e+00
      0.514    23.7818   4.637174    30.9129       1358     5.6542  0.000e+00
      0.509    23.7818   4.637146    30.9126       1359     5.6583  0.000e+00
      0.494    23.7818   4.637195    30.9130       1360     5.6625  0.000e+00
      0.471    23.7818   4.637046    30.9119       1361     5.6667  0.000e+00
      0.444    23.7815   4.636762    30.9100       1362     5.6708  0.000e+00
      0.408    23.7796   4.637117    30.9140       1363     5.6750  0.000e+00
      0.390    23.7795   4.636755    30.9113       1364     5.6792  0.000e+00
      0.376    23.7787   4.636300    30.9085       1365     5.6833  0.000e+00
      0.345    23.7759   4.636328    30.9106       1366     5.6875  0.000e+00
      0.318    23.7742   4.636989    30.9168       1367     5.6917  0.000e+00
      0.310    23.7759   4.637224    30.9173       1368     5.6958  0.000e+00
      0.315    23.7784   4.636513    30.9103       1369     5.7000  0.000e+00
      0.299    23.7780   4.636285    30.9089       1370     5.7042  0.000e+00
      0.266    23.7753   4.636136    30.9097       1371     5.7083  0.000e+00
      0.219    23.7729   4.636492    30.9140       1372     5.7125  0.000e+00
      0.176    23.7728   4.636676    30.9155       1373     5.7167  0.000e+00
      0.166    23.7734   4.636214    30.9116       1374     5.7208  0.000e+00
      0.161    23.7727   4.636100    30.9113       1375     5.7250  0.000e+00
      0.114    23.7715   4.636214    30.9130       1376     5.7292  0.000e+00
      0.087    23.7705   4.636164    30.9133       1377     5.7333  0.000e+00
      0.136    23.7704   4.636079    30.9127       1378     5.7375  0.000e+00
      0.145    23.7703   4.636435    30.9154       1379     5.7417  0.000e+00
      0.123    23.7711   4.636627    30.9163       1380     5.7458  0.000e+00
      0.144    23.7728   4.636811    30.9165       1381     5.7500  0.000e+00
      0.175    23.7743   4.636762    30.9150       1382     5.7542  0.000e+00
      0.164    23.7756   4.636833    30.9147       1383     5.7583  0.000e+00
      0.128    23.7765   4.636818    30.9140       1384     5.7625  0.000e+00
      0.095    23.7768   4.637010    30.9152       1385     5.7667  0.000e+00
      0.088    23.7775   4.636989    30.9146       1386     5.7708  0.000e+00
      0.148    23.7786   4.636570    30.9107       1387     5.7750  0.000e+00
      0.151    23.7775   4.636982    30.9145       1388     5.7792  0.000e+00
      0.110    23.7779   4.637145    30.9154       1389     5.7833  0.000e+00
      0.085    23.7792   4.637195    30.9149       1390     5.7875  0.000e+00
      0.124    23.7802   4.637174    30.9141       1391     5.7917  0.000e+00
      0.122    23.7805   4.636463    30.9086       1392     5.7958  0.000e+00
      0.146    23.7782   4.636001    30.9067       1393     5.8000  0.000e+00
      0.195    23.7747   4.636079    30.9097       1394     5.8042  0.000e+00
      0.256    23.7726   4.636165    30.9118       1395     5.8083  0.000e+00
      0.270    23.7719   4.637011    30.9186       1396     5.8125  0.000e+00
      0.279    23.7747   4.636811    30.9151       1397     5.8167  0.000e+00
      0.265    23.7759   4.636300    30.9105       1398     5.8208  0.000e+00
      0.235    23.7745   4.636136    30.9102       1399     5.8250  0.000e+00
      0.213    23.7730   4.636051    30.9107       1400     5.8292  0.000e+00
      0.209    23.7715   4.636186    30.9127       1401     5.8333  0.000e+00
      0.172    23.7714   4.636520    30.9153       1402     5.8375  0.000e+00
      0.100    23.7721   4.635667    30.9085       1403     5.8417  0.000e+00
      0.025    23.7710   4.635695    30.9095       1404     5.8458  0.000e+00
     -0.002    23.7691   4.635923    30.9125       1405     5.8500  0.000e+00
     -0.027    23.7690   4.635973    30.9129       1406     5.8542  0.000e+00
     -0.110    23.7694   4.635916    30.9122       1407     5.8583  0.000e+00
     -0.208    23.7692   2.033468    12.4660       1408     5.8625  0.000e+00
     -0.217    23.7576   0.755573     4.2793       1409     5.8667  0.000e+00
     -0.215    23.7124   0.373948     2.0240       1410     5.8708  0.000e+00
     -0.219    23.6257   0.302551     1.6204       1411     5.8750  0.000e+00
     -0.218    23.5576   0.279793     1.4942       1412     5.8792  0.000e+00
     -0.215    23.5308   0.276502     1.4765       1413     5.8833  0.000e+00
     -0.216    23.5216   0.271440     1.4483       1414     5.8875  0.000e+00
     -0.211    23.5213   0.252754     1.3433       1415     5.8917  0.000e+00
     -0.216    23.5244   0.224551     1.1858       1416     5.8958  0.000e+00
