HB2303/sbe077.cnv
* Sea-Bird SBE 19plus V2 Data File:
* FileName = C:\cruise\data\sbe077.hex
* Software Version Seasave V 7.26.7.121
* Temperature SN = 6128
* Conductivity SN = 6128
* System UpLoad Time = Aug 15 2023 23:07:18
* NMEA Latitude = 40 15.82 N
* NMEA Longitude = 068 25.63 W
* NMEA UTC (Time) = Aug 15 2023 23:07:14
** Ship: Henry Bigelow
** Cruise:  HB2303
** Program:  ECOMON
# nquan = 7
# nvalues = 3671                                  
# units = specified
# name 0 = depSM: Depth [salt water, m]
# name 1 = tv290C: Temperature [ITS-90, deg C]
# name 2 = c0S/m: Conductivity [S/m]
# name 3 = sal00: Salinity, Practical [PSU]
# name 4 = scan: Scan Count
# name 5 = timeM: Time, Elapsed [minutes]
# name 6 = flag:  0.000e+00
# span 0 =     -0.110,    148.713                 
# span 1 =     8.7542,    23.3631                 
# span 2 =   0.001695,   4.576174                 
# span 3 =     0.0163,    35.3624                 
# span 4 =         11,       3681                 
# span 5 =     0.0417,    15.3333                 
# span 6 = 0.0000e+00, 0.0000e+00                 
# interval = seconds: 0.25
# start_time = Aug 15 2023 23:07:14 [NMEA time, header]
# bad_flag = -9.990e-29
*END*
     -0.096    23.3631   0.001718     0.0164         11     0.0417  0.000e+00
     -0.096    23.3619   0.001721     0.0164         12     0.0458  0.000e+00
     -0.092    23.3615   0.001718     0.0164         13     0.0500  0.000e+00
     -0.095    23.3613   0.001718     0.0164         14     0.0542  0.000e+00
     -0.095    23.3613   0.001718     0.0164         15     0.0583  0.000e+00
     -0.095    23.3610   0.001718     0.0164         16     0.0625  0.000e+00
     -0.095    23.3606   0.001730     0.0164         17     0.0667  0.000e+00
     -0.094    23.3598   0.001727     0.0164         18     0.0708  0.000e+00
     -0.095    23.3597   0.001727     0.0164         19     0.0750  0.000e+00
     -0.093    23.3596   0.001718     0.0164         20     0.0792  0.000e+00
     -0.095    23.3585   0.001715     0.0164         21     0.0833  0.000e+00
     -0.095    23.3583   0.001721     0.0164         22     0.0875  0.000e+00
     -0.095    23.3577   0.001727     0.0164         23     0.0917  0.000e+00
     -0.098    23.3572   0.001724     0.0164         24     0.0958  0.000e+00
     -0.095    23.3571   0.001721     0.0164         25     0.1000  0.000e+00
     -0.097    23.3559   0.001727     0.0164         26     0.1042  0.000e+00
     -0.097    23.3554   0.001718     0.0164         27     0.1083  0.000e+00
     -0.097    23.3547   0.001721     0.0164         28     0.1125  0.000e+00
     -0.100    23.3542   0.001721     0.0164         29     0.1167  0.000e+00
     -0.102    23.3535   0.001730     0.0164         30     0.1208  0.000e+00
     -0.100    23.3531   0.001727     0.0164         31     0.1250  0.000e+00
     -0.098    23.3523   0.001721     0.0164         32     0.1292  0.000e+00
     -0.098    23.3517   0.001718     0.0164         33     0.1333  0.000e+00
     -0.097    23.3517   0.001721     0.0164         34     0.1375  0.000e+00
     -0.100    23.3509   0.001721     0.0164         35     0.1417  0.000e+00
     -0.102    23.3506   0.001724     0.0164         36     0.1458  0.000e+00
     -0.107    23.3503   0.001721     0.0164         37     0.1500  0.000e+00
     -0.098    23.3494   0.001721     0.0164         38     0.1542  0.000e+00
     -0.106    23.3485   0.001739     0.0165         39     0.1583  0.000e+00
     -0.100    23.3484   0.001739     0.0165         40     0.1625  0.000e+00
     -0.102    23.3471   0.001718     0.0164         41     0.1667  0.000e+00
     -0.104    23.3463   0.001721     0.0164         42     0.1708  0.000e+00
     -0.106    23.3456   0.001724     0.0164         43     0.1750  0.000e+00
     -0.104    23.3445   0.001727     0.0164         44     0.1792  0.000e+00
     -0.099    23.3436   0.001727     0.0164         45     0.1833  0.000e+00
     -0.102    23.3426   0.001724     0.0164         46     0.1875  0.000e+00
     -0.101    23.3420   0.001718     0.0164         47     0.1917  0.000e+00
     -0.095    23.3406   0.001706     0.0163         48     0.1958  0.000e+00
     -0.101    23.3402   0.001715     0.0164         49     0.2000  0.000e+00
     -0.099    23.3397   0.001727     0.0164         50     0.2042  0.000e+00
     -0.097    23.3392   0.001739     0.0165         51     0.2083  0.000e+00
     -0.095    23.3386   0.001745     0.0165         52     0.2125  0.000e+00
     -0.093    23.3378   0.001727     0.0164         53     0.2167  0.000e+00
     -0.103    23.3369   0.001733     0.0164         54     0.2208  0.000e+00
     -0.101    23.3356   0.001754     0.0165         55     0.2250  0.000e+00
     -0.101    23.3348   0.001733     0.0164         56     0.2292  0.000e+00
     -0.095    23.3336   0.001739     0.0165         57     0.2333  0.000e+00
     -0.101    23.3329   0.001733     0.0164         58     0.2375  0.000e+00
     -0.101    23.3319   0.001730     0.0164         59     0.2417  0.000e+00
     -0.104    23.3314   0.001727     0.0164         60     0.2458  0.000e+00
     -0.102    23.3310   0.001739     0.0165         61     0.2500  0.000e+00
     -0.097    23.3303   0.001730     0.0164         62     0.2542  0.000e+00
     -0.101    23.3302   0.001733     0.0164         63     0.2583  0.000e+00
     -0.106    23.3296   0.001745     0.0165         64     0.2625  0.000e+00
     -0.104    23.3296   0.001724     0.0164         65     0.2667  0.000e+00
     -0.110    23.3284   0.001718     0.0164         66     0.2708  0.000e+00
     -0.110    23.3275   0.001700     0.0163         67     0.2750  0.000e+00
     -0.070    23.3257   0.001709     0.0164         68     0.2792  0.000e+00
      0.136    23.3251   0.001695     0.0163         69     0.2833  0.000e+00
      0.358    23.3252   0.641815     3.6282         70     0.2875  0.000e+00
      0.575    23.3067   2.232934    13.9491         71     0.2917  0.000e+00
      0.791    23.0288   1.616890     9.8773         72     0.2958  0.000e+00
      0.963    22.6719   2.137577    13.4914         73     0.3000  0.000e+00
      1.077    22.4111   3.343610    22.1734         74     0.3042  0.000e+00
      1.089    22.1532   4.215604    28.8405         75     0.3083  0.000e+00
      1.005    21.8757   4.541246    31.5385         76     0.3125  0.000e+00
      0.889    21.6305   4.365596    30.3507         77     0.3167  0.000e+00
      0.727    21.4452   4.539786    31.8434         78     0.3208  0.000e+00
      0.533    21.2880   4.528351    31.8702         79     0.3250  0.000e+00
      0.367    21.1533   4.267902    29.9242         80     0.3292  0.000e+00
      0.281    21.0533   3.085359    20.9362         81     0.3333  0.000e+00
      0.304    21.0069   4.557917    32.3145         82     0.3375  0.000e+00
      0.407    21.0583   4.498585    31.8062         83     0.3417  0.000e+00
      0.550    21.1679   4.565957    32.2566         84     0.3458  0.000e+00
      0.729    21.2795   4.564458    32.1608         85     0.3500  0.000e+00
      0.924    21.3586   4.565368    32.1088         86     0.3542  0.000e+00
      1.093    21.4047   4.572765    32.1323         87     0.3583  0.000e+00
      1.257    21.4332   4.573705    32.1184         88     0.3625  0.000e+00
      1.415    21.4431   4.572751    32.1035         89     0.3667  0.000e+00
      1.563    21.3899   4.563680    32.0718         90     0.3708  0.000e+00
      1.705    21.2849   4.548227    32.0286         91     0.3750  0.000e+00
      1.821    21.1670   4.534690    32.0099         92     0.3792  0.000e+00
      1.913    21.0585   4.531220    32.0636         93     0.3833  0.000e+00
      1.992    20.9779   4.532256    32.1323         94     0.3875  0.000e+00
      2.043    20.9185   4.528512    32.1473         95     0.3917  0.000e+00
      2.079    20.8731   4.525155    32.1548         96     0.3958  0.000e+00
      2.121    20.8405   4.526584    32.1908         97     0.4000  0.000e+00
      2.170    20.8225   4.536449    32.2829         98     0.4042  0.000e+00
      2.202    20.8192   4.556022    32.4412         99     0.4083  0.000e+00
      2.244    20.8173   4.562326    32.4929        100     0.4125  0.000e+00
      2.302    20.8117   4.567885    32.5415        101     0.4167  0.000e+00
      2.372    20.8143   4.570923    32.5636        102     0.4208  0.000e+00
      2.434    20.8417   4.098181    28.8097        103     0.4250  0.000e+00
      2.481    20.8900   2.805605    18.9285        104     0.4292  0.000e+00
      2.515    20.9380   3.609254    24.9629        105     0.4333  0.000e+00
      2.553    20.9803   3.785893    26.2949        106     0.4375  0.000e+00
      2.601    21.0576   4.566419    32.3428        107     0.4417  0.000e+00
      2.679    21.1505   4.567463    32.2809        108     0.4458  0.000e+00
      2.798    21.2300   4.568797    32.2315        109     0.4500  0.000e+00
      2.964    21.2888   4.569439    32.1924        110     0.4542  0.000e+00
      3.137    21.3323   4.570414    32.1674        111     0.4583  0.000e+00
      3.316    21.3667   4.572173    32.1554        112     0.4625  0.000e+00
      3.506    21.3924   4.576174    32.1676        113     0.4667  0.000e+00
      3.695    21.4106   4.575714    32.1503        114     0.4708  0.000e+00
      3.879    21.4175   4.573063    32.1242        115     0.4750  0.000e+00
      4.058    21.4064   4.568979    32.1004        116     0.4792  0.000e+00
      4.237    21.3523   4.562912    32.0930        117     0.4833  0.000e+00
      4.417    21.2594   4.553963    32.0919        118     0.4875  0.000e+00
      4.596    21.1650   4.541864    32.0671        119     0.4917  0.000e+00
      4.778    21.0785   4.532094    32.0546        120     0.4958  0.000e+00
      4.957    20.9986   4.527618    32.0791        121     0.5000  0.000e+00
      5.133    20.9335   4.525599    32.1119        122     0.5042  0.000e+00
      5.288    20.8855   4.524917    32.1425        123     0.5083  0.000e+00
      5.445    20.8490   4.525023    32.1709        124     0.5125  0.000e+00
      5.600    20.8202   4.525073    32.1930        125     0.5167  0.000e+00
      5.747    20.7977   4.522140    32.1866        126     0.5208  0.000e+00
      5.882    20.7802   4.519150    32.1759        127     0.5250  0.000e+00
      6.007    20.7654   4.517618    32.1749        128     0.5292  0.000e+00
      6.111    20.7513   4.517013    32.1807        129     0.5333  0.000e+00
      6.209    20.7378   4.517407    32.1940        130     0.5375  0.000e+00
      6.307    20.7253   4.519496    32.2201        131     0.5417  0.000e+00
      6.404    20.7165   4.529397    32.3056        132     0.5458  0.000e+00
      6.516    20.7123   4.547067    32.4499        133     0.5500  0.000e+00
      6.648    20.7113   4.553570    32.5025        134     0.5542  0.000e+00
      6.787    20.7121   4.558962    32.5449        135     0.5583  0.000e+00
      6.948    20.7166   4.562591    32.5704        136     0.5625  0.000e+00
      7.108    20.7267   4.561849    32.5567        137     0.5667  0.000e+00
      7.287    20.7373   4.554156    32.4871        138     0.5708  0.000e+00
      7.478    20.7448   4.545093    32.4090        139     0.5750  0.000e+00
      7.679    20.7550   4.533164    32.3061        140     0.5792  0.000e+00
      7.892    20.7598   4.525420    32.2407        141     0.5833  0.000e+00
      8.118    20.7501   4.519018    32.1969        142     0.5875  0.000e+00
      8.349    20.7309   4.511826    32.1540        143     0.5917  0.000e+00
      8.581    20.7060   4.504878    32.1174        144     0.5958  0.000e+00
      8.803    20.6793   4.500483    32.1024        145     0.6000  0.000e+00
      9.013    20.6550   4.498988    32.1088        146     0.6042  0.000e+00
      9.217    20.6368   4.498384    32.1176        147     0.6083  0.000e+00
      9.414    20.6225   4.502351    32.1600        148     0.6125  0.000e+00
      9.638    20.6128   4.505617    32.1934        149     0.6167  0.000e+00
      9.829    20.6050   4.500147    32.1555        150     0.6208  0.000e+00
     10.006    20.5911   4.495732    32.1307        151     0.6250  0.000e+00
     10.174    20.5725   4.495206    32.1405        152     0.6292  0.000e+00
     10.299    20.5444   4.490667    32.1254        153     0.6333  0.000e+00
     10.376    20.5070   4.485556    32.1129        154     0.6375  0.000e+00
     10.463    20.4679   4.484799    32.1364        155     0.6417  0.000e+00
     10.560    20.4267   4.490536    32.2136        156     0.6458  0.000e+00
     10.665    20.3949   4.503725    32.3436        157     0.6500  0.000e+00
     10.768    20.3801   4.516606    32.4584        158     0.6542  0.000e+00
     10.888    20.3733   4.522570    32.5116        159     0.6583  0.000e+00
     11.012    20.3698   4.525138    32.5349        160     0.6625  0.000e+00
     11.149    20.3679   4.528981    32.5672        161     0.6667  0.000e+00
     11.303    20.3679   4.532291    32.5938        162     0.6708  0.000e+00
     11.469    20.3713   4.533755    32.6029        163     0.6750  0.000e+00
     11.666    20.3828   4.534206    32.5976        164     0.6792  0.000e+00
     11.868    20.4052   4.534509    32.5827        165     0.6833  0.000e+00
     12.088    20.4364   4.535396    32.5658        166     0.6875  0.000e+00
     12.321    20.4720   4.536057    32.5436        167     0.6917  0.000e+00
     12.565    20.5074   4.535395    32.5111        168     0.6958  0.000e+00
     12.811    20.5425   4.535451    32.4846        169     0.7000  0.000e+00
     13.040    20.5789   4.536169    32.4624        170     0.7042  0.000e+00
     13.264    20.6169   4.537042    32.4403        171     0.7083  0.000e+00
     13.477    20.6497   4.532984    32.3828        172     0.7125  0.000e+00
     13.685    20.6617   4.521589    32.2826        173     0.7167  0.000e+00
     13.862    20.6387   4.502199    32.1451        174     0.7208  0.000e+00
     14.021    20.3941   4.436363    31.8028        175     0.7250  0.000e+00
     14.155    19.8849   4.343204    31.4345        176     0.7292  0.000e+00
     14.259    19.2904   4.287414    31.4269        177     0.7333  0.000e+00
     14.351    18.7389   4.266396    31.6728        178     0.7375  0.000e+00
     14.434    18.2919   4.265132    32.0077        179     0.7417  0.000e+00
     14.524    17.9566   4.271531    32.3248        180     0.7458  0.000e+00
     14.616    17.7277   4.291035    32.6726        181     0.7500  0.000e+00
     14.705    17.5803   4.331345    33.1356        182     0.7542  0.000e+00
     14.801    17.4963   4.366908    33.5092        183     0.7583  0.000e+00
     14.913    17.4452   4.372714    33.6014        184     0.7625  0.000e+00
     15.036    17.4099   4.375482    33.6545        185     0.7667  0.000e+00
     15.178    17.3868   4.383847    33.7457        186     0.7708  0.000e+00
     15.335    17.3832   4.386167    33.7686        187     0.7750  0.000e+00
     15.505    17.4164   4.388640    33.7621        188     0.7792  0.000e+00
     15.686    17.4880   4.392495    33.7355        189     0.7833  0.000e+00
     15.888    17.5817   4.397826    33.7033        190     0.7875  0.000e+00
     16.099    17.6941   4.402046    33.6462        191     0.7917  0.000e+00
     16.314    17.8100   4.403791    33.5653        192     0.7958  0.000e+00
     16.542    17.9010   4.401556    33.4714        193     0.8000  0.000e+00
     16.769    17.9528   4.397007    33.3902        194     0.8042  0.000e+00
     16.995    17.9950   4.398613    33.3692        195     0.8083  0.000e+00
     17.201    18.0229   4.380992    33.1970        196     0.8125  0.000e+00
     17.397    17.9683   4.338647    32.8824        197     0.8167  0.000e+00
     17.572    17.6571   4.268947    32.5401        198     0.8208  0.000e+00
     17.728    17.2168   4.159086    31.9517        199     0.8250  0.000e+00
     17.859    16.5940   4.060758    31.5956        200     0.8292  0.000e+00
     17.966    15.9149   4.016100    31.7450        201     0.8333  0.000e+00
     18.056    15.3527   4.001651    32.0714        202     0.8375  0.000e+00
     18.125    14.9103   3.991196    32.3414        203     0.8417  0.000e+00
     18.186    14.5629   3.987727    32.5998        204     0.8458  0.000e+00
     18.242    14.2859   3.987417    32.8309        205     0.8500  0.000e+00
     18.305    14.0464   3.987587    33.0371        206     0.8542  0.000e+00
     18.370    13.8646   4.016509    33.4624        207     0.8583  0.000e+00
     18.440    13.7415   4.141320    34.7370        208     0.8625  0.000e+00
     18.538    13.6677   4.181377    35.1805        209     0.8667  0.000e+00
     18.644    13.6351   4.197501    35.3624        210     0.8708  0.000e+00
     18.769    13.7042   4.180062    35.1345        211     0.8750  0.000e+00
     18.915    14.0654   4.168557    34.6980        212     0.8792  0.000e+00
     19.076    14.5603   4.164178    34.2159        213     0.8833  0.000e+00
     19.257    14.9600   4.168865    33.9085        214     0.8875  0.000e+00
     19.441    15.2853   4.179721    33.7254        215     0.8917  0.000e+00
