HB2303/sbe026.cnv
* Sea-Bird SBE 19plus V2 Data File:
* FileName = C:\cruise\data\sbe026.hex
* Software Version Seasave V 7.26.7.121
* Temperature SN = 6128
* Conductivity SN = 6128
* System UpLoad Time = Aug 11 2023 05:14:27
* NMEA Latitude = 37 44.80 N
* NMEA Longitude = 075 13.40 W
* NMEA UTC (Time) = Aug 11 2023 05:14:22
** Ship: Henry Bigelow
** Cruise:  HB2303
** Program:  ECOMON
# nquan = 7
# nvalues = 1160                                  
# units = specified
# name 0 = depSM: Depth [salt water, m]
# name 1 = tv290C: Temperature [ITS-90, deg C]
# name 2 = c0S/m: Conductivity [S/m]
# name 3 = sal00: Salinity, Practical [PSU]
# name 4 = scan: Scan Count
# name 5 = timeM: Time, Elapsed [minutes]
# name 6 = flag:  0.000e+00
# span 0 =     -0.224,     14.409                 
# span 1 =    14.0372,    23.6449                 
# span 2 =   0.000064,   4.709199                 
# span 3 =     0.0113,    32.6802                 
# span 4 =         11,       1170                 
# span 5 =     0.0417,     4.8708                 
# span 6 = 0.0000e+00, 0.0000e+00                 
# interval = seconds: 0.25
# start_time = Aug 11 2023 05:14:22 [NMEA time, header]
# bad_flag = -9.990e-29
*END*
[from data line 411]
     -0.162    23.6430   0.000120     0.0114        422     1.7542  0.000e+00
     -0.157    23.6428   0.000097     0.0114        423     1.7583  0.000e+00
     -0.159    23.6428   0.000109     0.0114        424     1.7625  0.000e+00
     -0.160    23.6431   0.000109     0.0114        425     1.7667  0.000e+00
     -0.158    23.6432   0.000085     0.0114        426     1.7708  0.000e+00
     -0.160    23.6433   0.000109     0.0114        427     1.7750  0.000e+00
     -0.155    23.6432   0.000115     0.0114        428     1.7792  0.000e+00
     -0.162    23.6433   0.000109     0.0114        429     1.7833  0.000e+00
     -0.164    23.6429   0.000115     0.0114        430     1.7875  0.000e+00
     -0.168    23.6434   0.000118     0.0114        431     1.7917  0.000e+00
     -0.166    23.6432   0.000115     0.0114        432     1.7958  0.000e+00
     -0.168    23.6435   0.000115     0.0114        433     1.8000  0.000e+00
     -0.164    23.6436   0.000112     0.0114        434     1.8042  0.000e+00
     -0.161    23.6433   0.000120     0.0114        435     1.8083  0.000e+00
     -0.103    23.6437   0.000064     0.0114        436     1.8125  0.000e+00
     -0.014    23.6449   1.784425    10.8434        437     1.8167  0.000e+00
      0.110    23.6331   1.756572    10.6623        438     1.8208  0.000e+00
      0.256    23.5368   2.386283    14.9225        439     1.8250  0.000e+00
      0.381    23.4353   2.232858    13.9086        440     1.8292  0.000e+00
      0.478    23.3611   3.020001    19.3985        441     1.8333  0.000e+00
      0.554    23.3111   3.660026    24.0107        442     1.8375  0.000e+00
      0.617    23.2794   4.688505    31.6524        443     1.8417  0.000e+00
      0.668    23.2588   4.703809    31.7828        444     1.8458  0.000e+00
      0.733    23.2444   4.705333    31.8047        445     1.8500  0.000e+00
      0.802    23.2323   4.704896    31.8101        446     1.8542  0.000e+00
      0.873    23.2217   4.704417    31.8141        447     1.8583  0.000e+00
      0.922    23.2130   4.704339    31.8197        448     1.8625  0.000e+00
      0.954    23.2054   4.700727    31.7979        449     1.8667  0.000e+00
      0.994    23.1988   4.696616    31.7715        450     1.8708  0.000e+00
      1.050    23.1941   4.703281    31.8253        451     1.8750  0.000e+00
      1.129    23.1903   4.704497    31.8372        452     1.8792  0.000e+00
      1.211    23.1853   4.704504    31.8409        453     1.8833  0.000e+00
      1.308    23.1804   4.704633    31.8454        454     1.8875  0.000e+00
      1.422    23.1764   4.704640    31.8483        455     1.8917  0.000e+00
      1.532    23.1740   4.704476    31.8487        456     1.8958  0.000e+00
      1.657    23.1728   4.704554    31.8501        457     1.9000  0.000e+00
      1.785    23.1720   4.705456    31.8575        458     1.9042  0.000e+00
      1.912    23.1713   4.708532    31.8813        459     1.9083  0.000e+00
      2.038    23.1702   4.708912    31.8849        460     1.9125  0.000e+00
      2.155    23.1679   4.708948    31.8868        461     1.9167  0.000e+00
      2.272    23.1639   4.709127    31.8910        462     1.9208  0.000e+00
      2.382    23.1558   4.707696    31.8860        463     1.9250  0.000e+00
      2.496    23.1488   4.707746    31.8914        464     1.9292  0.000e+00
      2.610    23.1481   4.707946    31.8934        465     1.9333  0.000e+00
      2.714    23.1536   4.706336    31.8772        466     1.9375  0.000e+00
      2.798    23.1617   4.705278    31.8633        467     1.9417  0.000e+00
      2.879    23.1692   4.705406    31.8589        468     1.9458  0.000e+00
      2.953    23.1738   4.705835    31.8587        469     1.9500  0.000e+00
      3.025    23.1771   4.706336    31.8601        470     1.9542  0.000e+00
      3.093    23.1790   4.706529    31.8602        471     1.9583  0.000e+00
      3.168    23.1795   4.706386    31.8587        472     1.9625  0.000e+00
      3.253    23.1794   4.706172    31.8571        473     1.9667  0.000e+00
      3.338    23.1801   4.705964    31.8551        474     1.9708  0.000e+00
      3.435    23.1808   4.705700    31.8525        475     1.9750  0.000e+00
      3.535    23.1818   4.705535    31.8505        476     1.9792  0.000e+00
      3.638    23.1827   4.705392    31.8487        477     1.9833  0.000e+00
      3.748    23.1831   4.705056    31.8459        478     1.9875  0.000e+00
      3.862    23.1821   4.704834    31.8449        479     1.9917  0.000e+00
      3.990    23.1805   4.704899    31.8465        480     1.9958  0.000e+00
      4.128    23.1779   4.705006    31.8491        481     2.0000  0.000e+00
      4.265    23.1767   4.705113    31.8508        482     2.0042  0.000e+00
      4.402    23.1761   4.705257    31.8522        483     2.0083  0.000e+00
      4.534    23.1749   4.705407    31.8542        484     2.0125  0.000e+00
      4.661    23.1739   4.705779    31.8577        485     2.0167  0.000e+00
      4.773    23.1729   4.707196    31.8691        486     2.0208  0.000e+00
      4.871    23.1713   4.708999    31.8839        487     2.0250  0.000e+00
      4.937    23.1696   4.708813    31.8837        488     2.0292  0.000e+00
      4.979    23.1677   4.708913    31.8858        489     2.0333  0.000e+00
      5.001    23.1626   4.709199    31.8917        490     2.0375  0.000e+00
      5.021    23.1573   4.708148    31.8876        491     2.0417  0.000e+00
      5.037    23.1552   4.706473    31.8763        492     2.0458  0.000e+00
      5.040    23.1574   4.706495    31.8750        493     2.0500  0.000e+00
      5.048    23.1621   4.705586    31.8646        494     2.0542  0.000e+00
      5.055    23.1674   4.704742    31.8544        495     2.0583  0.000e+00
      5.056    23.1709   4.704670    31.8513        496     2.0625  0.000e+00
      5.069    23.1733   4.704849    31.8510        497     2.0667  0.000e+00
      5.083    23.1738   4.705007    31.8518        498     2.0708  0.000e+00
      5.105    23.1731   4.704742    31.8503        499     2.0750  0.000e+00
      5.134    23.1719   4.704391    31.8485        500     2.0792  0.000e+00
      5.170    23.1713   4.704213    31.8476        501     2.0833  0.000e+00
      5.206    23.1696   4.704055    31.8476        502     2.0875  0.000e+00
      5.254    23.1670   4.703891    31.8482        503     2.0917  0.000e+00
      5.310    23.1649   4.703641    31.8478        504     2.0958  0.000e+00
      5.370    23.1630   4.703598    31.8488        505     2.1000  0.000e+00
      5.429    23.1602   4.703362    31.8491        506     2.1042  0.000e+00
      5.492    23.1581   4.703283    31.8499        507     2.1083  0.000e+00
      5.554    23.1561   4.703004    31.8492        508     2.1125  0.000e+00
      5.622    23.1538   4.702933    31.8504        509     2.1167  0.000e+00
      5.686    23.1511   4.702868    31.8518        510     2.1208  0.000e+00
      5.750    23.1493   4.702697    31.8518        511     2.1250  0.000e+00
      5.810    23.1484   4.702668    31.8522        512     2.1292  0.000e+00
      5.871    23.1480   4.702511    31.8513        513     2.1333  0.000e+00
      5.931    23.1481   4.702418    31.8505        514     2.1375  0.000e+00
      5.978    23.1478   4.702297    31.8497        515     2.1417  0.000e+00
      6.026    23.1469   4.701975    31.8479        516     2.1458  0.000e+00
      6.079    23.1452   4.701710    31.8472        517     2.1500  0.000e+00
      6.113    23.1444   4.701453    31.8457        518     2.1542  0.000e+00
      6.147    23.1432   4.701346    31.8458        519     2.1583  0.000e+00
      6.182    23.1413   4.701224    31.8463        520     2.1625  0.000e+00
      6.203    23.1382   4.701131    31.8478        521     2.1667  0.000e+00
      6.213    23.1348   4.701002    31.8493        522     2.1708  0.000e+00
      6.223    23.1318   4.700888    31.8506        523     2.1750  0.000e+00
      6.225    23.1302   4.700809    31.8512        524     2.1792  0.000e+00
      6.233    23.1286   4.700574    31.8505        525     2.1833  0.000e+00
      6.238    23.1276   4.700366    31.8496        526     2.1875  0.000e+00
      6.256    23.1265   4.699959    31.8473        527     2.1917  0.000e+00
      6.271    23.1249   4.699673    31.8463        528     2.1958  0.000e+00
      6.296    23.1225   4.699565    31.8472        529     2.2000  0.000e+00
      6.332    23.1195   4.699315    31.8475        530     2.2042  0.000e+00
      6.381    23.1168   4.699058    31.8474        531     2.2083  0.000e+00
      6.434    23.1137   4.698844    31.8481        532     2.2125  0.000e+00
      6.495    23.1099   4.698579    31.8488        533     2.2167  0.000e+00
      6.560    23.1046   4.698315    31.8506        534     2.2208  0.000e+00
      6.634    23.0998   4.698129    31.8526        535     2.2250  0.000e+00
      6.707    23.0964   4.697929    31.8535        536     2.2292  0.000e+00
      6.779    23.0943   4.697786    31.8540        537     2.2333  0.000e+00
      6.844    23.0924   4.697679    31.8545        538     2.2375  0.000e+00
      6.909    23.0899   4.697471    31.8547        539     2.2417  0.000e+00
      6.968    23.0866   4.697064    31.8540        540     2.2458  0.000e+00
      7.024    23.0838   4.696885    31.8546        541     2.2500  0.000e+00
      7.084    23.0810   4.696650    31.8549        542     2.2542  0.000e+00
      7.138    23.0781   4.696299    31.8543        543     2.2583  0.000e+00
      7.188    23.0743   4.695985    31.8547        544     2.2625  0.000e+00
      7.241    23.0707   4.695799    31.8558        545     2.2667  0.000e+00
      7.299    23.0664   4.695378    31.8557        546     2.2708  0.000e+00
      7.360    23.0605   4.695135    31.8581        547     2.2750  0.000e+00
      7.412    23.0553   4.694878    31.8599        548     2.2792  0.000e+00
      7.472    23.0495   4.694635    31.8622        549     2.2833  0.000e+00
      7.531    23.0432   4.694492    31.8657        550     2.2875  0.000e+00
      7.583    23.0360   4.694235    31.8690        551     2.2917  0.000e+00
      7.636    23.0297   4.693992    31.8716        552     2.2958  0.000e+00
      7.687    23.0243   4.693649    31.8729        553     2.3000  0.000e+00
      7.739    23.0195   4.693435    31.8747        554     2.3042  0.000e+00
      7.791    23.0160   4.692992    31.8739        555     2.3083  0.000e+00
      7.831    23.0139   4.692549    31.8721        556     2.3125  0.000e+00
      7.874    23.0120   4.692142    31.8703        557     2.3167  0.000e+00
      7.910    23.0091   4.691884    31.8705        558     2.3208  0.000e+00
      7.943    23.0062   4.691534    31.8699        559     2.3250  0.000e+00
      7.970    23.0035   4.690834    31.8665        560     2.3292  0.000e+00
      7.992    23.0005   4.690127    31.8633        561     2.3333  0.000e+00
      8.021    22.9969   4.689091    31.8580        562     2.3375  0.000e+00
      8.055    22.9912   4.687963    31.8535        563     2.3417  0.000e+00
      8.082    22.9827   4.686463    31.8483        564     2.3458  0.000e+00
      8.124    22.9722   4.684721    31.8426        565     2.3500  0.000e+00
      8.169    22.9619   4.682643    31.8342        566     2.3542  0.000e+00
      8.216    22.9471   4.680003    31.8249        567     2.3583  0.000e+00
      8.268    22.9284   4.676734    31.8135        568     2.3625  0.000e+00
      8.331    22.9079   4.671370    31.7875        569     2.3667  0.000e+00
      8.398    22.8867   4.666700    31.7673        570     2.3708  0.000e+00
      8.461    22.8604   4.661170    31.7441        571     2.3750  0.000e+00
      8.530    22.8322   4.654824    31.7161        572     2.3792  0.000e+00
      8.595    22.8009   4.650638    31.7068        573     2.3833  0.000e+00
      8.670    22.7645   4.643309    31.6771        574     2.3875  0.000e+00
      8.733    22.7273   4.637165    31.6571        575     2.3917  0.000e+00
      8.800    22.6870   4.629398    31.6268        576     2.3958  0.000e+00
      8.858    22.6412   4.620748    31.5938        577     2.4000  0.000e+00
      8.921    22.5932   4.613957    31.5764        578     2.4042  0.000e+00
      8.966    22.5423   4.607865    31.5665        579     2.4083  0.000e+00
      9.011    22.4912   4.599077    31.5360        580     2.4125  0.000e+00
      9.059    22.4387   4.591308    31.5143        581     2.4167  0.000e+00
      9.093    22.3779   4.581961    31.4864        582     2.4208  0.000e+00
      9.131    22.3038   4.574417    31.4819        583     2.4250  0.000e+00
      9.165    22.2241   4.567690    31.4876        584     2.4292  0.000e+00
      9.200    22.1429   4.561187    31.4963        585     2.4333  0.000e+00
      9.239    22.0460   4.553171    31.5046        586     2.4375  0.000e+00
      9.280    21.9526   4.544441    31.5048        587     2.4417  0.000e+00
      9.320    21.8625   4.536437    31.5083        588     2.4458  0.000e+00
      9.363    21.7820   4.531713    31.5301        589     2.4500  0.000e+00
      9.406    21.6867   4.525780    31.5535        590     2.4542  0.000e+00
      9.454    21.5754   4.518641    31.5792        591     2.4583  0.000e+00
      9.506    21.4729   4.513861    31.6170        592     2.4625  0.000e+00
      9.555    21.3808   4.508845    31.6454        593     2.4667  0.000e+00
      9.600    21.2927   4.504427    31.6756        594     2.4708  0.000e+00
      9.652    21.2118   4.500138    31.7016        595     2.4750  0.000e+00
      9.695    21.1450   4.495092    31.7113        596     2.4792  0.000e+00
      9.738    21.0944   4.497297    31.7662        597     2.4833  0.000e+00
      9.774    21.0410   4.386418    30.9310        598     2.4875  0.000e+00
      9.812    20.5333   4.257783    30.2787        599     2.4917  0.000e+00
      9.851    19.5653   4.239071    30.8297        600     2.4958  0.000e+00
      9.892    18.8026   4.225059    31.2838        601     2.5000  0.000e+00
      9.932    18.2900   4.212675    31.5716        602     2.5042  0.000e+00
      9.979    17.9414   4.204780    31.7748        603     2.5083  0.000e+00
     10.032    17.7013   4.195239    31.8814        604     2.5125  0.000e+00
     10.088    17.5216   4.186995    31.9524        605     2.5167  0.000e+00
     10.146    17.3770   4.179961    32.0065        606     2.5208  0.000e+00
     10.211    17.2595   4.173551    32.0446        607     2.5250  0.000e+00
     10.278    17.1597   4.166764    32.0655        608     2.5292  0.000e+00
     10.347    17.0691   4.158358    32.0652        609     2.5333  0.000e+00
     10.417    16.9776   4.150542    32.0707        610     2.5375  0.000e+00
     10.492    16.8844   4.143845    32.0872        611     2.5417  0.000e+00
     10.560    16.7966   4.138563    32.1116        612     2.5458  0.000e+00
     10.622    16.7207   4.135527    32.1460        613     2.5500  0.000e+00
     10.688    16.6619   4.132972    32.1710        614     2.5542  0.000e+00
     10.748    16.6167   4.130493    32.1857        615     2.5583  0.000e+00
     10.809    16.5794   4.128264    32.1964        616     2.5625  0.000e+00
     10.860    16.5481   4.125806    32.2001        617     2.5667  0.000e+00
     10.910    16.5193   4.123511    32.2032        618     2.5708  0.000e+00
     10.959    16.4918   4.120709    32.2010        619     2.5750  0.000e+00
     11.000    16.4642   4.118923    32.2076        620     2.5792  0.000e+00
     11.042    16.4385   4.117840    32.2189        621     2.5833  0.000e+00
     11.080    16.4181   4.116257    32.2215        622     2.5875  0.000e+00
     11.125    16.4000   4.115040    32.2255        623     2.5917  0.000e+00
     11.161    16.3850   4.114404    32.2320        624     2.5958  0.000e+00
     11.204    16.3733   4.113938    32.2374        625     2.6000  0.000e+00
