HB2303/sbe071.cnv
* Sea-Bird SBE 19plus V2 Data File:
* FileName = C:\cruise\data\sbe071.hex
* Software Version Seasave V 7.26.7.121
* Temperature SN = 6128
* Conductivity SN = 6128
* System UpLoad Time = Aug 15 2023 09:53:51
* NMEA Latitude = 40 43.34 N
* NMEA Longitude = 070 18.36 W
* NMEA UTC (Time) = Aug 15 2023 09:53:46
** Ship: Henry Bigelow
** Cruise:  HB2303
** Program:  ECOMON
# nquan = 7
# nvalues = 1263                                  
# units = specified
# name 0 = depSM: Depth [salt water, m]
# name 1 = tv290C: Temperature [ITS-90, deg C]
# name 2 = c0S/m: Conductivity [S/m]
# name 3 = sal00: Salinity, Practical [PSU]
# name 4 = scan: Scan Count
# name 5 = timeM: Time, Elapsed [minutes]
# name 6 = flag:  0.000e+00
# span 0 =     -0.211,     44.250                 
# span 1 =    11.2476,    21.5421                 
# span 2 =   0.002475,   4.498480                 
# span 3 =     0.0193,    35.9820                 
# span 4 =         11,       1273                 
# span 5 =     0.0417,     5.3000                 
# span 6 = 0.0000e+00, 0.0000e+00                 
# interval = seconds: 0.25
# start_time = Aug 15 2023 09:53:46 [NMEA time, header]
# bad_flag = -9.990e-29
*END*
     -0.094    21.5405   0.002684     0.0202         11     0.0417  0.000e+00
     -0.099    21.5409   0.002791     0.0206         12     0.0458  0.000e+00
     -0.101    21.5411   0.002618     0.0199         13     0.0500  0.000e+00
     -0.098    21.5412   0.002600     0.0198         14     0.0542  0.000e+00
     -0.094    21.5412   0.002585     0.0197         15     0.0583  0.000e+00
     -0.096    21.5404   0.002606     0.0198         16     0.0625  0.000e+00
     -0.103    21.5421   0.002785     0.0206         17     0.0667  0.000e+00
     -0.103    21.5418   0.002941     0.0213         18     0.0708  0.000e+00
     -0.096    21.5418   0.003019     0.0216         19     0.0750  0.000e+00
     -0.099    21.5415   0.002809     0.0207         20     0.0792  0.000e+00
     -0.103    21.5410   0.002657     0.0200         21     0.0833  0.000e+00
     -0.099    21.5412   0.002558     0.0196         22     0.0875  0.000e+00
     -0.100    21.5407   0.002570     0.0197         23     0.0917  0.000e+00
     -0.100    21.5408   0.002594     0.0198         24     0.0958  0.000e+00
     -0.104    21.5411   0.002735     0.0204         25     0.1000  0.000e+00
     -0.106    21.5407   0.002884     0.0210         26     0.1042  0.000e+00
     -0.102    21.5402   0.003013     0.0216         27     0.1083  0.000e+00
     -0.104    21.5404   0.002890     0.0211         28     0.1125  0.000e+00
     -0.108    21.5402   0.002612     0.0199         29     0.1167  0.000e+00
     -0.104    21.5403   0.002510     0.0194         30     0.1208  0.000e+00
     -0.102    21.5396   0.002498     0.0194         31     0.1250  0.000e+00
     -0.102    21.5398   0.002519     0.0195         32     0.1292  0.000e+00
     -0.102    21.5398   0.002525     0.0195         33     0.1333  0.000e+00
     -0.102    21.5400   0.002573     0.0197         34     0.1375  0.000e+00
     -0.103    21.5396   0.002809     0.0207         35     0.1417  0.000e+00
     -0.106    21.5398   0.002854     0.0209         36     0.1458  0.000e+00
     -0.102    21.5386   0.002630     0.0199         37     0.1500  0.000e+00
     -0.104    21.5392   0.002531     0.0195         38     0.1542  0.000e+00
     -0.100    21.5389   0.002525     0.0195         39     0.1583  0.000e+00
     -0.106    21.5394   0.002522     0.0195         40     0.1625  0.000e+00
     -0.102    21.5392   0.002519     0.0195         41     0.1667  0.000e+00
     -0.104    21.5396   0.002513     0.0194         42     0.1708  0.000e+00
     -0.105    21.5392   0.002519     0.0195         43     0.1750  0.000e+00
     -0.102    21.5388   0.002621     0.0199         44     0.1792  0.000e+00
     -0.103    21.5387   0.002860     0.0209         45     0.1833  0.000e+00
     -0.111    21.5382   0.002866     0.0210         46     0.1875  0.000e+00
     -0.111    21.5375   0.002639     0.0200         47     0.1917  0.000e+00
     -0.114    21.5376   0.002510     0.0194         48     0.1958  0.000e+00
     -0.111    21.5372   0.002513     0.0194         49     0.2000  0.000e+00
     -0.106    21.5376   0.002543     0.0196         50     0.2042  0.000e+00
     -0.100    21.5373   0.002537     0.0195         51     0.2083  0.000e+00
     -0.102    21.5375   0.002633     0.0199         52     0.2125  0.000e+00
     -0.104    21.5374   0.002794     0.0206         53     0.2167  0.000e+00
     -0.118    21.5367   0.002561     0.0196         54     0.2208  0.000e+00
     -0.118    21.5364   0.002492     0.0193         55     0.2250  0.000e+00
     -0.105    21.5365   0.002600     0.0198         56     0.2292  0.000e+00
     -0.100    21.5367   0.002714     0.0203         57     0.2333  0.000e+00
     -0.098    21.5369   0.002791     0.0206         58     0.2375  0.000e+00
     -0.098    21.5368   0.002761     0.0205         59     0.2417  0.000e+00
     -0.105    21.5368   0.002672     0.0201         60     0.2458  0.000e+00
     -0.102    21.5373   0.002600     0.0198         61     0.2500  0.000e+00
     -0.104    21.5375   0.002475     0.0193         62     0.2542  0.000e+00
      0.077    21.5371   0.172118     0.9373         63     0.2583  0.000e+00
      0.348    21.5382   0.200182     1.0984         64     0.2625  0.000e+00
      0.595    21.5377   0.410913     2.3485         65     0.2667  0.000e+00
      0.801    21.4976   2.427556    15.9250         66     0.2708  0.000e+00
      0.931    21.4185   3.245907    21.9539         67     0.2750  0.000e+00
      1.003    21.3532   3.902685    26.9625         68     0.2792  0.000e+00
      1.055    21.3106   2.445158    16.1208         69     0.2833  0.000e+00
      1.158    21.2710   3.093724    20.8928         70     0.2875  0.000e+00
      1.353    21.2407   4.418565    31.0418         71     0.2917  0.000e+00
      1.595    21.2324   4.362801    30.6106         72     0.2958  0.000e+00
      1.834    21.2350   4.331164    30.3611         73     0.3000  0.000e+00
      2.036    21.2333   4.383023    30.7682         74     0.3042  0.000e+00
      2.207    21.2263   4.434232    31.1750         75     0.3083  0.000e+00
      2.359    21.2163   4.453493    31.3336         76     0.3125  0.000e+00
      2.505    21.2015   4.464418    31.4303         77     0.3167  0.000e+00
      2.628    21.1861   4.462774    31.4287         78     0.3208  0.000e+00
      2.737    21.1628   4.458689    31.4135         79     0.3250  0.000e+00
      2.838    21.1332   3.901782    27.0933         80     0.3292  0.000e+00
      2.948    21.1115   2.962498    19.9924         81     0.3333  0.000e+00
      3.090    21.0965   2.113584    13.8150         82     0.3375  0.000e+00
      3.248    21.0927   3.265567    22.2677         83     0.3417  0.000e+00
      3.412    21.1016   4.384296    30.8725         84     0.3458  0.000e+00
      3.556    21.1189   4.436425    31.2701         85     0.3500  0.000e+00
      3.696    21.1356   4.437200    31.2639         86     0.3542  0.000e+00
      3.824    21.1462   4.438365    31.2654         87     0.3583  0.000e+00
      3.956    21.1532   4.438079    31.2580         88     0.3625  0.000e+00
      4.093    21.1597   4.441262    31.2782         89     0.3667  0.000e+00
      4.237    21.1687   4.450280    31.3426         90     0.3708  0.000e+00
      4.389    21.1809   4.448023    31.3158         91     0.3750  0.000e+00
      4.546    21.1949   4.483265    31.5829         92     0.3792  0.000e+00
      4.707    21.2085   4.493300    31.6518         93     0.3833  0.000e+00
      4.878    21.2197   4.465874    31.4277         94     0.3875  0.000e+00
      5.037    21.2272   4.493805    31.6419         95     0.3917  0.000e+00
      5.201    21.2316   4.488558    31.5973         96     0.3958  0.000e+00
      5.373    21.2339   4.487668    31.5885         97     0.4000  0.000e+00
      5.552    21.2284   4.489077    31.6036         98     0.4042  0.000e+00
      5.739    21.1440   4.482740    31.6159         99     0.4083  0.000e+00
      5.931    20.9483   4.468902    31.6512        100     0.4125  0.000e+00
      6.137    20.6955   4.449561    31.6855        101     0.4167  0.000e+00
      6.351    20.4405   4.434064    31.7521        102     0.4208  0.000e+00
      6.565    20.1895   4.422310    31.8463        103     0.4250  0.000e+00
      6.778    19.9528   4.416447    31.9781        104     0.4292  0.000e+00
      6.978    19.7502   4.416631    32.1340        105     0.4333  0.000e+00
      7.162    19.6021   4.420646    32.2806        106     0.4375  0.000e+00
      7.323    19.4993   4.424676    32.3929        107     0.4417  0.000e+00
      7.466    19.4264   4.427341    32.4713        108     0.4458  0.000e+00
      7.589    19.3705   4.426338    32.5065        109     0.4500  0.000e+00
      7.695    19.3195   4.417257    32.4717        110     0.4542  0.000e+00
      7.804    19.2641   4.410531    32.4595        111     0.4583  0.000e+00
      7.916    19.1661   4.405479    32.4943        112     0.4625  0.000e+00
      8.022    19.0432   4.403408    32.5733        113     0.4667  0.000e+00
      8.141    18.9304   4.426114    32.8505        114     0.4708  0.000e+00
      8.268    18.8583   4.446787    33.0796        115     0.4750  0.000e+00
      8.396    18.8070   4.453636    33.1777        116     0.4792  0.000e+00
      8.530    18.8262   4.456257    33.1840        117     0.4833  0.000e+00
      8.665    18.9244   4.455242    33.0970        118     0.4875  0.000e+00
      8.813    19.0646   4.455925    32.9908        119     0.4917  0.000e+00
      8.972    19.2360   4.458097    32.8729        120     0.4958  0.000e+00
      9.138    19.3943   4.457319    32.7418        121     0.5000  0.000e+00
      9.310    19.5374   4.449809    32.5683        122     0.5042  0.000e+00
      9.490    19.6361   4.441259    32.4217        123     0.5083  0.000e+00
      9.676    19.5636   4.405273    32.1838        124     0.5125  0.000e+00
      9.862    19.2956   4.343106    31.8807        125     0.5167  0.000e+00
     10.048    18.9127   4.305804    31.8671        126     0.5208  0.000e+00
     10.241    18.5273   4.293149    32.0601        127     0.5250  0.000e+00
     10.434    18.2072   4.305491    32.4144        128     0.5292  0.000e+00
     10.613    18.0055   4.366747    33.0928        129     0.5333  0.000e+00
     10.788    17.8939   4.393641    33.4120        130     0.5375  0.000e+00
     10.951    17.8080   4.406043    33.5881        131     0.5417  0.000e+00
     11.113    17.7400   4.373929    33.3701        132     0.5458  0.000e+00
     11.261    17.6967   4.323399    32.9744        133     0.5500  0.000e+00
     11.405    17.6854   4.292432    32.7196        134     0.5542  0.000e+00
     11.539    17.5107   4.255562    32.5454        135     0.5583  0.000e+00
     11.687    17.2268   4.221136    32.4784        136     0.5625  0.000e+00
     11.830    16.9520   4.236841    32.8363        137     0.5667  0.000e+00
     11.985    16.7390   4.335979    33.8755        138     0.5708  0.000e+00
     12.133    16.5920   4.386531    34.4439        139     0.5750  0.000e+00
     12.283    16.5050   4.370520    34.3780        140     0.5792  0.000e+00
     12.433    16.5815   4.369347    34.3018        141     0.5833  0.000e+00
     12.589    16.8239   4.388952    34.2660        142     0.5875  0.000e+00
     12.735    17.1905   4.407096    34.1122        143     0.5917  0.000e+00
     12.890    17.5454   4.401205    33.7636        144     0.5958  0.000e+00
     13.040    17.8645   4.366223    33.2020        145     0.6000  0.000e+00
     13.192    18.1448   4.350459    32.8419        146     0.6042  0.000e+00
     13.347    18.2606   4.343807    32.6933        147     0.6083  0.000e+00
     13.495    17.9923   4.286537    32.4237        148     0.6125  0.000e+00
     13.649    17.5557   4.222233    32.2244        149     0.6167  0.000e+00
     13.810    17.0600   4.272690    33.0574        150     0.6208  0.000e+00
     13.976    16.6527   4.374729    34.2874        151     0.6250  0.000e+00
     14.135    16.3295   4.400173    34.7912        152     0.6292  0.000e+00
     14.297    16.2227   4.397900    34.8645        153     0.6333  0.000e+00
     14.465    16.3684   4.415039    34.8886        154     0.6375  0.000e+00
     14.627    16.7959   4.433164    34.6760        155     0.6417  0.000e+00
     14.790    17.3857   4.443989    34.2652        156     0.6458  0.000e+00
     14.952    17.8754   4.414996    33.6074        157     0.6500  0.000e+00
     15.120    18.2655   4.377149    32.9693        158     0.6542  0.000e+00
     15.288    18.5871   4.373558    32.6825        159     0.6583  0.000e+00
     15.452    18.6461   4.352370    32.4590        160     0.6625  0.000e+00
     15.613    18.2780   4.261625    31.9887        161     0.6667  0.000e+00
     15.781    17.5490   4.192953    31.9796        162     0.6708  0.000e+00
     15.934    16.8611   4.299035    33.4495        163     0.6750  0.000e+00
     16.079    16.3684   4.399839    34.7535        164     0.6792  0.000e+00
     16.218    16.0137   4.420395    35.2487        165     0.6833  0.000e+00
     16.346    15.9346   4.410478    35.2304        166     0.6875  0.000e+00
     16.476    16.1915   4.422783    35.1122        167     0.6917  0.000e+00
     16.608    16.8546   4.446512    34.7413        168     0.6958  0.000e+00
     16.736    17.5199   4.455294    34.2484        169     0.7000  0.000e+00
     16.864    18.0270   4.456818    33.8372        170     0.7042  0.000e+00
     17.001    18.4137   4.444932    33.4194        171     0.7083  0.000e+00
     17.137    18.7164   4.407515    32.8625        172     0.7125  0.000e+00
     17.280    18.9501   4.391377    32.5437        173     0.7167  0.000e+00
     17.431    19.1524   4.386254    32.3432        174     0.7208  0.000e+00
     17.590    19.2075   4.402950    32.4378        175     0.7250  0.000e+00
     17.760    19.1410   4.434987    32.7541        176     0.7292  0.000e+00
     17.933    19.1395   4.455243    32.9226        177     0.7333  0.000e+00
     18.112    19.1895   4.455843    32.8879        178     0.7375  0.000e+00
     18.289    19.2929   4.467055    32.8986        179     0.7417  0.000e+00
     18.470    19.4575   4.470231    32.7950        180     0.7458  0.000e+00
     18.645    19.6867   4.467442    32.5930        181     0.7500  0.000e+00
     18.826    19.8821   4.438083    32.2033        182     0.7542  0.000e+00
     19.001    20.0104   4.426800    32.0140        183     0.7583  0.000e+00
     19.176    20.0652   4.409417    31.8321        184     0.7625  0.000e+00
     19.349    19.5238   4.279311    31.1842        185     0.7667  0.000e+00
     19.523    18.4579   4.133216    30.7790        186     0.7708  0.000e+00
     19.692    17.2834   4.053466    30.9964        187     0.7750  0.000e+00
     19.857    16.2578   4.117670    32.3605        188     0.7792  0.000e+00
     20.025    15.5580   4.296796    34.5423        189     0.7833  0.000e+00
     20.184    15.0858   4.368498    35.6145        190     0.7875  0.000e+00
     20.344    14.7907   4.347409    35.6913        191     0.7917  0.000e+00
     20.502    14.8093   4.380887    35.9820        192     0.7958  0.000e+00
     20.659    15.2492   4.411979    35.8614        193     0.8000  0.000e+00
     20.810    16.0364   4.428762    35.3013        194     0.8042  0.000e+00
     20.962    16.8117   4.415474    34.5051        195     0.8083  0.000e+00
     21.117    17.4544   4.352667    33.4193        196     0.8125  0.000e+00
     21.271    17.9560   4.330790    32.8243        197     0.8167  0.000e+00
     21.428    18.3076   4.338747    32.6105        198     0.8208  0.000e+00
     21.583    18.2217   4.309424    32.4321        199     0.8250  0.000e+00
     21.746    17.7278   4.225298    32.1115        200     0.8292  0.000e+00
     21.910    17.0316   4.234434    32.7470        201     0.8333  0.000e+00
     22.072    16.4647   4.343933    34.1747        202     0.8375  0.000e+00
     22.231    16.0444   4.399234    35.0302        203     0.8417  0.000e+00
     22.392    15.7872   4.388256    35.1602        204     0.8458  0.000e+00
     22.549    15.8134   4.394711    35.1947        205     0.8500  0.000e+00
     22.708    16.1269   4.405759    35.0153        206     0.8542  0.000e+00
     22.863    16.6773   4.417246    34.6359        207     0.8583  0.000e+00
     23.022    17.2470   4.418499    34.1592        208     0.8625  0.000e+00
     23.178    17.7526   4.400233    33.5797        209     0.8667  0.000e+00
     23.333    18.2021   4.358371    32.8591        210     0.8708  0.000e+00
     23.495    18.5581   4.352147    32.5236        211     0.8750  0.000e+00
     23.661    18.7219   4.353183    32.4034        212     0.8792  0.000e+00
     23.831    18.4779   4.313222    32.2615        213     0.8833  0.000e+00
     24.006    17.9592   4.232383    31.9888        214     0.8875  0.000e+00
     24.185    17.3273   4.226474    32.4390        215     0.8917  0.000e+00
