HB2303/sbe021.cnv
* Sea-Bird SBE 19plus V2 Data File:
* FileName = C:\cruise\data\sbe021.hex
* Software Version Seasave V 7.26.7.121
* Temperature SN = 6128
* Conductivity SN = 6128
* System UpLoad Time = Aug 10 2023 18:25:03
* NMEA Latitude = 38 50.70 N
* NMEA Longitude = 074 12.45 W
* NMEA UTC (Time) = Aug 10 2023 18:24:58
** Ship: Henry Bigelow
** Cruise:  HB2303
** Program:  ECOMON
# nquan = 7
# nvalues = 1351                                  
# units = specified
# name 0 = depSM: Depth [salt water, m]
# name 1 = tv290C: Temperature [ITS-90, deg C]
# name 2 = c0S/m: Conductivity [S/m]
# name 3 = sal00: Salinity, Practical [PSU]
# name 4 = scan: Scan Count
# name 5 = timeM: Time, Elapsed [minutes]
# name 6 = flag:  0.000e+00
# span 0 =     -0.251,     37.915                 
# span 1 =    10.6121,    25.4076                 
# span 2 =   0.000052,   4.815267                 
# span 3 =     0.0119,    34.0031                 
# span 4 =         11,       1361                 
# span 5 =     0.0417,     5.6667                 
# span 6 = 0.0000e+00, 0.0000e+00                 
# interval = seconds: 0.25
# start_time = Aug 10 2023 18:24:58 [NMEA time, header]
# bad_flag = -9.990e-29
*END*
[from data line 411]
     37.469    10.6170   3.649268    32.7907        422     1.7542  0.000e+00
     37.349    10.6166   3.649223    32.7907        423     1.7583  0.000e+00
     37.228    10.6164   3.649204    32.7908        424     1.7625  0.000e+00
     37.104    10.6163   3.649204    32.7909        425     1.7667  0.000e+00
     36.981    10.6159   3.649088    32.7902        426     1.7708  0.000e+00
     36.864    10.6158   3.649158    32.7910        427     1.7750  0.000e+00
     36.748    10.6159   3.649133    32.7907        428     1.7792  0.000e+00
     36.647    10.6157   3.649133    32.7909        429     1.7833  0.000e+00
     36.551    10.6156   3.649113    32.7908        430     1.7875  0.000e+00
     36.452    10.6156   3.649068    32.7904        431     1.7917  0.000e+00
     36.361    10.6154   3.649068    32.7906        432     1.7958  0.000e+00
     36.273    10.6153   3.649049    32.7906        433     1.8000  0.000e+00
     36.188    10.6151   3.649023    32.7906        434     1.8042  0.000e+00
     36.103    10.6151   3.648997    32.7903        435     1.8083  0.000e+00
     36.019    10.6153   3.648978    32.7900        436     1.8125  0.000e+00
     35.935    10.6151   3.648952    32.7900        437     1.8167  0.000e+00
     35.848    10.6149   3.648907    32.7898        438     1.8208  0.000e+00
     35.765    10.6149   3.648887    32.7896        439     1.8250  0.000e+00
     35.658    10.6149   3.648855    32.7893        440     1.8292  0.000e+00
     35.534    10.6144   3.648842    32.7897        441     1.8333  0.000e+00
     35.394    10.6144   3.648823    32.7895        442     1.8375  0.000e+00
     35.250    10.6144   3.648823    32.7896        443     1.8417  0.000e+00
     35.098    10.6143   3.648752    32.7891        444     1.8458  0.000e+00
     34.941    10.6142   3.648732    32.7891        445     1.8500  0.000e+00
     34.778    10.6141   3.648752    32.7894        446     1.8542  0.000e+00
     34.614    10.6141   3.648726    32.7892        447     1.8583  0.000e+00
     34.442    10.6139   3.648707    32.7892        448     1.8625  0.000e+00
     34.271    10.6138   3.648642    32.7888        449     1.8667  0.000e+00
     34.110    10.6137   3.648616    32.7887        450     1.8708  0.000e+00
     33.946    10.6135   3.648642    32.7892        451     1.8750  0.000e+00
     33.787    10.6135   3.648661    32.7894        452     1.8792  0.000e+00
     33.629    10.6136   3.648597    32.7888        453     1.8833  0.000e+00
     33.474    10.6134   3.648552    32.7886        454     1.8875  0.000e+00
     33.326    10.6134   3.648577    32.7889        455     1.8917  0.000e+00
     33.178    10.6133   3.648526    32.7886        456     1.8958  0.000e+00
     33.035    10.6133   3.648481    32.7882        457     1.9000  0.000e+00
     32.903    10.6128   3.648480    32.7886        458     1.9042  0.000e+00
     32.764    10.6126   3.648461    32.7887        459     1.9083  0.000e+00
     32.628    10.6128   3.648435    32.7883        460     1.9125  0.000e+00
     32.495    10.6127   3.648416    32.7883        461     1.9167  0.000e+00
     32.359    10.6126   3.648403    32.7883        462     1.9208  0.000e+00
     32.222    10.6125   3.648390    32.7884        463     1.9250  0.000e+00
     32.088    10.6124   3.648371    32.7883        464     1.9292  0.000e+00
     31.949    10.6122   3.648300    32.7878        465     1.9333  0.000e+00
     31.805    10.6123   3.648325    32.7881        466     1.9375  0.000e+00
     31.662    10.6123   3.648345    32.7883        467     1.9417  0.000e+00
     31.528    10.6122   3.648325    32.7882        468     1.9458  0.000e+00
     31.414    10.6122   3.648319    32.7882        469     1.9500  0.000e+00
     31.309    10.6121   3.648325    32.7884        470     1.9542  0.000e+00
     31.239    10.6121   3.648370    32.7889        471     1.9583  0.000e+00
     31.179    10.6125   3.648461    32.7895        472     1.9625  0.000e+00
     31.123    10.6130   3.648390    32.7884        473     1.9667  0.000e+00
     31.071    10.6131   3.648461    32.7889        474     1.9708  0.000e+00
     31.020    10.6135   3.648370    32.7877        475     1.9750  0.000e+00
     30.962    10.6138   3.648402    32.7878        476     1.9792  0.000e+00
     30.923    10.6138   3.648325    32.7870        477     1.9833  0.000e+00
     30.876    10.6137   3.648280    32.7868        478     1.9875  0.000e+00
     30.827    10.6133   3.648344    32.7877        479     1.9917  0.000e+00
     30.782    10.6134   3.648299    32.7872        480     1.9958  0.000e+00
     30.735    10.6132   3.648370    32.7881        481     2.0000  0.000e+00
     30.693    10.6131   3.648551    32.7900        482     2.0042  0.000e+00
     30.657    10.6142   3.648383    32.7874        483     2.0083  0.000e+00
     30.625    10.6144   3.648415    32.7876        484     2.0125  0.000e+00
     30.592    10.6145   3.648480    32.7881        485     2.0167  0.000e+00
     30.552    10.6147   3.648615    32.7893        486     2.0208  0.000e+00
     30.518    10.6154   3.648570    32.7883        487     2.0250  0.000e+00
     30.471    10.6161   3.648686    32.7888        488     2.0292  0.000e+00
     30.433    10.6166   3.648795    32.7894        489     2.0333  0.000e+00
     30.384    10.6178   3.648873    32.7892        490     2.0375  0.000e+00
     30.327    10.6185   3.648795    32.7878        491     2.0417  0.000e+00
     30.263    10.6190   3.648505    32.7845        492     2.0458  0.000e+00
     30.191    10.6182   3.648434    32.7845        493     2.0500  0.000e+00
     30.119    10.6171   3.648525    32.7864        494     2.0542  0.000e+00
     30.043    10.6168   3.648686    32.7884        495     2.0583  0.000e+00
     29.960    10.6173   3.648866    32.7897        496     2.0625  0.000e+00
     29.875    10.6182   3.648595    32.7863        497     2.0667  0.000e+00
     29.788    10.6183   3.648853    32.7888        498     2.0708  0.000e+00
     29.694    10.6190   3.649426    32.7939        499     2.0750  0.000e+00
     29.602    10.6213   3.648325    32.7809        500     2.0792  0.000e+00
     29.510    10.6200   3.648415    32.7830        501     2.0833  0.000e+00
     29.420    10.6181   3.648550    32.7861        502     2.0875  0.000e+00
     29.333    10.6176   3.648640    32.7875        503     2.0917  0.000e+00
     29.256    10.6180   3.648795    32.7887        504     2.0958  0.000e+00
     29.174    10.6189   3.649581    32.7958        505     2.1000  0.000e+00
     29.104    10.6226   3.650483    32.8015        506     2.1042  0.000e+00
     29.040    10.6282   3.650051    32.7922        507     2.1083  0.000e+00
     28.977    10.6307   3.649735    32.7868        508     2.1125  0.000e+00
     28.918    10.6312   3.650322    32.7923        509     2.1167  0.000e+00
     28.864    10.6335   3.651089    32.7978        510     2.1208  0.000e+00
     28.806    10.6376   3.651404    32.7974        511     2.1250  0.000e+00
     28.755    10.6417   3.650412    32.7838        512     2.1292  0.000e+00
     28.701    10.6415   3.650727    32.7872        513     2.1333  0.000e+00
     28.656    10.6409   3.650566    32.7861        514     2.1375  0.000e+00
     28.596    10.6410   3.651153    32.7919        515     2.1417  0.000e+00
     28.533    10.6429   3.651533    32.7940        516     2.1458  0.000e+00
     28.473    10.6457   3.651578    32.7920        517     2.1500  0.000e+00
     28.408    10.6478   3.651804    32.7924        518     2.1542  0.000e+00
     28.339    10.6498   3.651417    32.7867        519     2.1583  0.000e+00
     28.262    10.6503   3.651920    32.7913        520     2.1625  0.000e+00
     28.171    10.6514   3.652100    32.7922        521     2.1667  0.000e+00
     28.081    10.6531   3.652074    32.7904        522     2.1708  0.000e+00
     27.985    10.6545   3.652525    32.7937        523     2.1750  0.000e+00
     27.893    10.6569   3.652706    32.7934        524     2.1792  0.000e+00
     27.803    10.6595   3.653370    32.7977        525     2.1833  0.000e+00
     27.707    10.6631   3.652905    32.7899        526     2.1875  0.000e+00
     27.613    10.6645   3.653511    32.7947        527     2.1917  0.000e+00
     27.542    10.6666   3.655316    32.8109        528     2.1958  0.000e+00
     27.468    10.6754   3.656735    32.8172        529     2.2000  0.000e+00
     27.409    10.6865   3.654143    32.7814        530     2.2042  0.000e+00
     27.351    10.6860   3.654729    32.7877        531     2.2083  0.000e+00
     27.306    10.6849   3.655058    32.7920        532     2.2125  0.000e+00
     27.259    10.6865   3.656509    32.8051        533     2.2167  0.000e+00
     27.217    10.6920   3.657928    32.8144        534     2.2208  0.000e+00
     27.181    10.7015   3.658443    32.8109        535     2.2250  0.000e+00
     27.148    10.7107   3.658779    32.8061        536     2.2292  0.000e+00
     27.107    10.7174   3.658985    32.8021        537     2.2333  0.000e+00
     27.070    10.7225   3.659049    32.7982        538     2.2375  0.000e+00
     27.029    10.7254   3.658424    32.7893        539     2.2417  0.000e+00
     26.980    10.7251   3.658914    32.7946        540     2.2458  0.000e+00
     26.924    10.7256   3.658804    32.7930        541     2.2500  0.000e+00
     26.863    10.7264   3.659617    32.8004        542     2.2542  0.000e+00
     26.792    10.7296   3.660133    32.8027        543     2.2583  0.000e+00
     26.704    10.7342   3.660655    32.8038        544     2.2625  0.000e+00
     26.619    10.7388   3.660810    32.8013        545     2.2667  0.000e+00
     26.519    10.7430   3.660694    32.7965        546     2.2708  0.000e+00
     26.422    10.7450   3.660855    32.7963        547     2.2750  0.000e+00
     26.315    10.7465   3.661036    32.7968        548     2.2792  0.000e+00
     26.209    10.7481   3.660920    32.7943        549     2.2833  0.000e+00
     26.093    10.7488   3.661494    32.7993        550     2.2875  0.000e+00
     25.992    10.7511   3.661713    32.7995        551     2.2917  0.000e+00
     25.878    10.7537   3.661958    32.7997        552     2.2958  0.000e+00
     25.768    10.7562   3.661687    32.7948        553     2.3000  0.000e+00
     25.654    10.7570   3.661642    32.7936        554     2.3042  0.000e+00
     25.553    10.7576   3.662861    32.8054        555     2.3083  0.000e+00
     25.445    10.7618   3.663661    32.8096        556     2.3125  0.000e+00
     25.353    10.7681   3.664778    32.8151        557     2.3167  0.000e+00
     25.264    10.7759   3.665727    32.8176        558     2.3208  0.000e+00
     25.183    10.7856   3.666204    32.8137        559     2.3250  0.000e+00
     25.118    10.7935   3.666585    32.8104        560     2.3292  0.000e+00
     25.055    10.8004   3.667334    32.8117        561     2.3333  0.000e+00
     24.993    10.8068   3.667295    32.8056        562     2.3375  0.000e+00
     24.946    10.8112   3.668573    32.8144        563     2.3417  0.000e+00
     24.901    10.8182   3.669684    32.8192        564     2.3458  0.000e+00
     24.863    10.8276   3.670000    32.8139        565     2.3500  0.000e+00
     24.823    10.8353   3.670562    32.8126        566     2.3542  0.000e+00
     24.786    10.8423   3.671731    32.8180        567     2.3583  0.000e+00
     24.749    10.8510   3.672054    32.8134        568     2.3625  0.000e+00
     24.708    10.8584   3.672551    32.8118        569     2.3667  0.000e+00
     24.668    10.8654   3.674431    32.8242        570     2.3708  0.000e+00
     24.621    10.8763   3.674999    32.8201        571     2.3750  0.000e+00
     24.572    10.8867   3.675374    32.8145        572     2.3792  0.000e+00
     24.518    10.8947   3.675994    32.8136        573     2.3833  0.000e+00
     24.464    10.9015   3.676698    32.8144        574     2.3875  0.000e+00
     24.399    10.9086   3.677222    32.8133        575     2.3917  0.000e+00
     24.327    10.9155   3.677946    32.8144        576     2.3958  0.000e+00
     24.254    10.9225   3.678740    32.8160        577     2.4000  0.000e+00
     24.160    10.9303   3.679736    32.8190        578     2.4042  0.000e+00
     24.063    10.9391   3.680912    32.8228        579     2.4083  0.000e+00
     23.960    10.9495   3.681934    32.8237        580     2.4125  0.000e+00
     23.857    10.9605   3.683175    32.8262        581     2.4167  0.000e+00
     23.747    10.9724   3.684482    32.8285        582     2.4208  0.000e+00
     23.635    10.9854   3.686823    32.8402        583     2.4250  0.000e+00
     23.528    11.0023   3.688706    32.8438        584     2.4292  0.000e+00
     23.421    11.0222   3.689961    32.8384        585     2.4333  0.000e+00
     23.325    11.0405   3.691553    32.8379        586     2.4375  0.000e+00
     23.240    11.0579   3.692304    32.8298        587     2.4417  0.000e+00
     23.148    11.0726   3.693100    32.8245        588     2.4458  0.000e+00
     23.069    11.0848   3.693605    32.8187        589     2.4500  0.000e+00
     23.000    11.0938   3.693721    32.8118        590     2.4542  0.000e+00
     22.930    11.0997   3.693896    32.8083        591     2.4583  0.000e+00
     22.868    11.1035   3.695540    32.8212        592     2.4625  0.000e+00
     22.807    11.1122   3.699006    32.8477        593     2.4667  0.000e+00
     22.751    11.1313   3.702064    32.8608        594     2.4708  0.000e+00
     22.697    11.1574   3.704260    32.8593        595     2.4750  0.000e+00
     22.641    11.1839   3.706568    32.8584        596     2.4792  0.000e+00
     22.588    11.2096   3.708338    32.8530        597     2.4833  0.000e+00
     22.531    11.2332   3.709959    32.8479        598     2.4875  0.000e+00
     22.478    11.2540   3.711535    32.8450        599     2.4917  0.000e+00
     22.422    11.2739   3.714221    32.8536        600     2.4958  0.000e+00
     22.368    11.2965   3.716369    32.8547        601     2.5000  0.000e+00
     22.312    11.3196   3.717913    32.8493        602     2.5042  0.000e+00
     22.256    11.3405   3.719387    32.8453        603     2.5083  0.000e+00
     22.202    11.3596   3.720678    32.8409        604     2.5125  0.000e+00
     22.138    11.3768   3.723497    32.8534        605     2.5167  0.000e+00
     22.075    11.3980   3.728493    32.8836        606     2.5208  0.000e+00
     22.003    11.4320   3.736282    32.9298        607     2.5250  0.000e+00
     21.931    11.4842   3.741837    32.9378        608     2.5292  0.000e+00
     21.849    11.5429   3.745104    32.9175        609     2.5333  0.000e+00
     21.773    11.5940   3.746237    32.8833        610     2.5375  0.000e+00
     21.699    11.6310   3.748157    32.8692        611     2.5417  0.000e+00
     21.625    11.6608   3.753101    32.8911        612     2.5458  0.000e+00
     21.545    11.6979   3.761302    32.9382        613     2.5500  0.000e+00
     21.473    11.7534   3.769842    32.9721        614     2.5542  0.000e+00
     21.401    11.8261   3.781253    33.0186        615     2.5583  0.000e+00
     21.338    11.9169   3.789320    33.0165        616     2.5625  0.000e+00
     21.274    12.0103   3.795608    32.9947        617     2.5667  0.000e+00
     21.216    12.0959   3.800281    32.9643        618     2.5708  0.000e+00
     21.164    12.1689   3.804873    32.9443        619     2.5750  0.000e+00
     21.108    12.2316   3.809132    32.9301        620     2.5792  0.000e+00
     21.048    12.2873   3.812842    32.9168        621     2.5833  0.000e+00
     20.991    12.3366   3.815734    32.9014        622     2.5875  0.000e+00
     20.940    12.3790   3.818095    32.8868        623     2.5917  0.000e+00
     20.884    12.4145   3.820969    32.8833        624     2.5958  0.000e+00
     20.835    12.4468   3.823673    32.8810        625     2.6000  0.000e+00
