HB2303/sbe050.cnv
* Sea-Bird SBE 19plus V2 Data File:
* FileName = C:\cruise\data\sbe050.hex
* Software Version Seasave V 7.26.7.121
* Temperature SN = 6128
* Conductivity SN = 6128
* System UpLoad Time = Aug 13 2023 09:27:36
* NMEA Latitude = 38 55.56 N
* NMEA Longitude = 073 55.43 W
* NMEA UTC (Time) = Aug 13 2023 09:27:32
** Ship: Henry Bigelow
** Cruise:  HB2303
** Program:  ECOMON
# nquan = 7
# nvalues = 1247                                  
# units = specified
# name 0 = depSM: Depth [salt water, m]
# name 1 = tv290C: Temperature [ITS-90, deg C]
# name 2 = c0S/m: Conductivity [S/m]
# name 3 = sal00: Salinity, Practical [PSU]
# name 4 = scan: Scan Count
# name 5 = timeM: Time, Elapsed [minutes]
# name 6 = flag:  0.000e+00
# span 0 =     -0.196,     39.038                 
# span 1 =    11.7054,    24.5440                 
# span 2 =   0.000198,   4.751417                 
# span 3 =     0.0118,    33.9577                 
# span 4 =         11,       1257                 
# span 5 =     0.0417,     5.2333                 
# span 6 = 0.0000e+00, 0.0000e+00                 
# interval = seconds: 0.25
# start_time = Aug 13 2023 09:27:32 [NMEA time, header]
# bad_flag = -9.990e-29
*END*
[from data line 821]
     10.155    23.6905   4.729772    31.6662        832     3.4625  0.000e+00
     10.088    23.6957   4.731041    31.6720        833     3.4667  0.000e+00
     10.020    23.7041   4.732317    31.6756        834     3.4708  0.000e+00
      9.956    23.7157   4.733328    31.6749        835     3.4750  0.000e+00
      9.902    23.7283   4.734368    31.6738        836     3.4792  0.000e+00
      9.846    23.7407   4.734913    31.6690        837     3.4833  0.000e+00
      9.799    23.7510   4.735293    31.6646        838     3.4875  0.000e+00
      9.761    23.7588   4.735365    31.6596        839     3.4917  0.000e+00
      9.741    23.7640   4.735293    31.6553        840     3.4958  0.000e+00
      9.723    23.7662   4.735149    31.6527        841     3.5000  0.000e+00
      9.710    23.7666   4.734963    31.6510        842     3.5042  0.000e+00
      9.697    23.7657   4.734676    31.6495        843     3.5083  0.000e+00
      9.683    23.7638   4.734109    31.6466        844     3.5125  0.000e+00
      9.658    23.7601   4.733973    31.6482        845     3.5167  0.000e+00
      9.625    23.7563   4.734640    31.6560        846     3.5208  0.000e+00
      9.596    23.7570   4.734956    31.6578        847     3.5250  0.000e+00
      9.553    23.7597   4.735042    31.6566        848     3.5292  0.000e+00
      9.511    23.7619   4.734963    31.6544        849     3.5333  0.000e+00
      9.460    23.7631   4.735458    31.6573        850     3.5375  0.000e+00
      9.415    23.7655   4.735795    31.6581        851     3.5417  0.000e+00
      9.375    23.7685   4.736160    31.6587        852     3.5458  0.000e+00
      9.334    23.7722   4.736333    31.6574        853     3.5500  0.000e+00
      9.305    23.7770   4.736806    31.6575        854     3.5542  0.000e+00
      9.278    23.7821   4.737028    31.6555        855     3.5583  0.000e+00
      9.254    23.7869   4.737322    31.6544        856     3.5625  0.000e+00
      9.230    23.7922   4.737839    31.6544        857     3.5667  0.000e+00
      9.198    23.7987   4.738556    31.6552        858     3.5708  0.000e+00
      9.162    23.8065   4.739324    31.6554        859     3.5750  0.000e+00
      9.114    23.8160   4.740055    31.6541        860     3.5792  0.000e+00
      9.062    23.8270   4.740644    31.6507        861     3.5833  0.000e+00
      9.008    23.8373   4.741512    31.6499        862     3.5875  0.000e+00
      8.950    23.8463   4.742064    31.6477        863     3.5917  0.000e+00
      8.899    23.8541   4.742437    31.6449        864     3.5958  0.000e+00
      8.841    23.8608   4.743435    31.6476        865     3.6000  0.000e+00
      8.803    23.8679   4.744935    31.6538        866     3.6042  0.000e+00
      8.745    23.8789   4.748295    31.6711        867     3.6083  0.000e+00
      8.709    23.9025   4.748080    31.6527        868     3.6125  0.000e+00
      8.665    23.9285   4.747856    31.6326        869     3.6167  0.000e+00
      8.620    23.9509   4.747813    31.6164        870     3.6208  0.000e+00
      8.575    23.9679   4.747734    31.6038        871     3.6250  0.000e+00
      8.529    23.9799   4.747662    31.5948        872     3.6292  0.000e+00
      8.481    23.9892   4.747597    31.5877        873     3.6333  0.000e+00
      8.432    23.9969   4.746958    31.5775        874     3.6375  0.000e+00
      8.385    24.0083   4.746412    31.5654        875     3.6417  0.000e+00
      8.337    24.0214   4.746469    31.5566        876     3.6458  0.000e+00
      8.292    24.0319   4.746253    31.5476        877     3.6500  0.000e+00
      8.240    24.0396   4.746117    31.5411        878     3.6542  0.000e+00
      8.189    24.0468   4.746110    31.5360        879     3.6583  0.000e+00
      8.142    24.0522   4.745686    31.5291        880     3.6625  0.000e+00
      8.102    24.0579   4.745664    31.5249        881     3.6667  0.000e+00
      8.061    24.0636   4.745693    31.5212        882     3.6708  0.000e+00
      8.017    24.0673   4.744343    31.5085        883     3.6750  0.000e+00
      7.988    24.0758   4.744092    31.5006        884     3.6792  0.000e+00
      7.955    24.0857   4.744185    31.4944        885     3.6833  0.000e+00
      7.923    24.0926   4.743725    31.4861        886     3.6875  0.000e+00
      7.901    24.0985   4.744185    31.4854        887     3.6917  0.000e+00
      7.876    24.1012   4.743969    31.4819        888     3.6958  0.000e+00
      7.856    24.1028   4.744091    31.4817        889     3.7000  0.000e+00
      7.839    24.1035   4.744587    31.4849        890     3.7042  0.000e+00
      7.819    24.1019   4.745412    31.4921        891     3.7083  0.000e+00
      7.793    24.0963   4.745685    31.4981        892     3.7125  0.000e+00
      7.767    24.0902   4.745419    31.5004        893     3.7167  0.000e+00
      7.747    24.0876   4.745606    31.5037        894     3.7208  0.000e+00
      7.720    24.0856   4.745793    31.5065        895     3.7250  0.000e+00
      7.693    24.0832   4.745606    31.5068        896     3.7292  0.000e+00
      7.669    24.0816   4.745125    31.5043        897     3.7333  0.000e+00
      7.636    24.0848   4.745154    31.5023        898     3.7375  0.000e+00
      7.613    24.0883   4.744874    31.4978        899     3.7417  0.000e+00
      7.589    24.0911   4.744558    31.4935        900     3.7458  0.000e+00
      7.567    24.0942   4.745132    31.4955        901     3.7500  0.000e+00
      7.529    24.0939   4.744371    31.4901        902     3.7542  0.000e+00
      7.500    24.0967   4.744371    31.4882        903     3.7583  0.000e+00
      7.468    24.1000   4.743976    31.4829        904     3.7625  0.000e+00
      7.422    24.1040   4.744077    31.4809        905     3.7667  0.000e+00
      7.384    24.1079   4.743868    31.4766        906     3.7708  0.000e+00
      7.357    24.1121   4.743294    31.4693        907     3.7750  0.000e+00
      7.324    24.1182   4.742224    31.4571        908     3.7792  0.000e+00
      7.295    24.1266   4.742038    31.4498        909     3.7833  0.000e+00
      7.266    24.1337   4.742303    31.4468        910     3.7875  0.000e+00
      7.248    24.1381   4.740918    31.4334        911     3.7917  0.000e+00
      7.210    24.1433   4.741657    31.4353        912     3.7958  0.000e+00
      7.179    24.1473   4.741176    31.4289        913     3.8000  0.000e+00
      7.146    24.1506   4.741140    31.4263        914     3.8042  0.000e+00
      7.108    24.1532   4.741499    31.4272        915     3.8083  0.000e+00
      7.065    24.1539   4.741958    31.4301        916     3.8125  0.000e+00
      7.003    24.1517   4.740961    31.4243        917     3.8167  0.000e+00
      6.946    24.1520   4.741341    31.4269        918     3.8208  0.000e+00
      6.897    24.1537   4.740451    31.4191        919     3.8250  0.000e+00
      6.846    24.1560   4.740401    31.4171        920     3.8292  0.000e+00
      6.803    24.1585   4.740272    31.4144        921     3.8333  0.000e+00
      6.768    24.1585   4.740932    31.4193        922     3.8375  0.000e+00
      6.739    24.1581   4.740329    31.4152        923     3.8417  0.000e+00
      6.730    24.1578   4.740695    31.4181        924     3.8458  0.000e+00
      6.716    24.1576   4.739676    31.4107        925     3.8500  0.000e+00
      6.712    24.1594   4.740135    31.4128        926     3.8542  0.000e+00
      6.712    24.1606   4.740078    31.4116        927     3.8583  0.000e+00
      6.699    24.1609   4.740271    31.4128        928     3.8625  0.000e+00
      6.690    24.1602   4.740236    31.4130        929     3.8667  0.000e+00
      6.676    24.1592   4.740695    31.4171        930     3.8708  0.000e+00
      6.661    24.1573   4.741255    31.4226        931     3.8750  0.000e+00
      6.648    24.1545   4.741822    31.4288        932     3.8792  0.000e+00
      6.625    24.1505   4.741929    31.4324        933     3.8833  0.000e+00
      6.599    24.1480   4.741764    31.4330        934     3.8875  0.000e+00
      6.567    24.1472   4.740774    31.4262        935     3.8917  0.000e+00
      6.539    24.1492   4.740824    31.4252        936     3.8958  0.000e+00
      6.510    24.1514   4.741018    31.4251        937     3.9000  0.000e+00
      6.492    24.1526   4.740272    31.4187        938     3.9042  0.000e+00
      6.474    24.1548   4.740049    31.4155        939     3.9083  0.000e+00
      6.460    24.1574   4.739855    31.4122        940     3.9125  0.000e+00
      6.448    24.1601   4.738951    31.4036        941     3.9167  0.000e+00
      6.434    24.1628   4.739295    31.4043        942     3.9208  0.000e+00
      6.412    24.1643   4.739625    31.4057        943     3.9250  0.000e+00
      6.398    24.1649   4.739647    31.4054        944     3.9292  0.000e+00
      6.369    24.1652   4.739432    31.4036        945     3.9333  0.000e+00
      6.338    24.1657   4.739381    31.4029        946     3.9375  0.000e+00
      6.298    24.1661   4.739740    31.4053        947     3.9417  0.000e+00
      6.264    24.1658   4.739597    31.4045        948     3.9458  0.000e+00
      6.231    24.1658   4.739941    31.4070        949     3.9500  0.000e+00
      6.216    24.1650   4.738815    31.3992        950     3.9542  0.000e+00
      6.202    24.1657   4.739109    31.4009        951     3.9583  0.000e+00
      6.197    24.1664   4.740494    31.4107        952     3.9625  0.000e+00
      6.200    24.1642   4.740264    31.4106        953     3.9667  0.000e+00
      6.207    24.1623   4.740616    31.4145        954     3.9708  0.000e+00
      6.218    24.1607   4.741477    31.4220        955     3.9750  0.000e+00
      6.221    24.1575   4.741527    31.4246        956     3.9792  0.000e+00
      6.205    24.1544   4.741111    31.4237        957     3.9833  0.000e+00
      6.185    24.1539   4.739539    31.4124        958     3.9875  0.000e+00
      6.169    24.1575   4.739460    31.4093        959     3.9917  0.000e+00
      6.159    24.1618   4.739216    31.4045        960     3.9958  0.000e+00
      6.150    24.1650   4.738707    31.3985        961     4.0000  0.000e+00
      6.143    24.1671   4.738872    31.3982        962     4.0042  0.000e+00
      6.140    24.1678   4.738979    31.3985        963     4.0083  0.000e+00
      6.139    24.1679   4.739403    31.4016        964     4.0125  0.000e+00
      6.135    24.1669   4.739324    31.4017        965     4.0167  0.000e+00
      6.139    24.1664   4.738628    31.3969        966     4.0208  0.000e+00
      6.132    24.1674   4.737078    31.3847        967     4.0250  0.000e+00
      6.119    24.1698   4.738441    31.3931        968     4.0292  0.000e+00
      6.101    24.1708   4.739403    31.3996        969     4.0333  0.000e+00
      6.066    24.1692   4.739166    31.3990        970     4.0375  0.000e+00
      6.024    24.1680   4.738843    31.3974        971     4.0417  0.000e+00
      5.968    24.1680   4.738090    31.3918        972     4.0458  0.000e+00
      5.918    24.1695   4.737552    31.3868        973     4.0500  0.000e+00
      5.861    24.1716   4.737329    31.3837        974     4.0542  0.000e+00
      5.821    24.1732   4.738061    31.3880        975     4.0583  0.000e+00
      5.789    24.1733   4.736906    31.3794        976     4.0625  0.000e+00
      5.772    24.1744   4.737874    31.3858        977     4.0667  0.000e+00
      5.767    24.1743   4.738147    31.3879        978     4.0708  0.000e+00
      5.761    24.1732   4.738168    31.3888        979     4.0750  0.000e+00
      5.760    24.1725   4.737824    31.3868        980     4.0792  0.000e+00
      5.767    24.1725   4.737214    31.3823        981     4.0833  0.000e+00
      5.770    24.1739   4.737128    31.3806        982     4.0875  0.000e+00
      5.779    24.1752   4.737214    31.3804        983     4.0917  0.000e+00
      5.788    24.1762   4.737099    31.3788        984     4.0958  0.000e+00
      5.784    24.1770   4.737128    31.3785        985     4.1000  0.000e+00
      5.775    24.1772   4.737049    31.3777        986     4.1042  0.000e+00
      5.759    24.1773   4.737637    31.3820        987     4.1083  0.000e+00
      5.739    24.1768   4.738168    31.3863        988     4.1125  0.000e+00
      5.726    24.1753   4.737021    31.3789        989     4.1167  0.000e+00
      5.701    24.1757   4.736619    31.3756        990     4.1208  0.000e+00
      5.692    24.1769   4.736597    31.3746        991     4.1250  0.000e+00
      5.676    24.1779   4.736561    31.3737        992     4.1292  0.000e+00
      5.658    24.1784   4.736963    31.3763        993     4.1333  0.000e+00
      5.634    24.1784   4.738254    31.3859        994     4.1375  0.000e+00
      5.616    24.1771   4.738699    31.3901        995     4.1417  0.000e+00
      5.590    24.1754   4.739166    31.3947        996     4.1458  0.000e+00
      5.569    24.1740   4.739381    31.3973        997     4.1500  0.000e+00
      5.560    24.1727   4.739797    31.4013        998     4.1542  0.000e+00
      5.541    24.1711   4.739754    31.4021        999     4.1583  0.000e+00
      5.538    24.1702   4.739517    31.4010       1000     4.1625  0.000e+00
      5.530    24.1703   4.739568    31.4013       1001     4.1667  0.000e+00
      5.528    24.1702   4.739460    31.4006       1002     4.1708  0.000e+00
      5.525    24.1704   4.738254    31.3915       1003     4.1750  0.000e+00
      5.510    24.1719   4.737451    31.3845       1004     4.1792  0.000e+00
      5.476    24.1742   4.738054    31.3874       1005     4.1833  0.000e+00
      5.443    24.1754   4.738010    31.3862       1006     4.1875  0.000e+00
      5.414    24.1759   4.738505    31.3895       1007     4.1917  0.000e+00
      5.382    24.1758   4.738764    31.3915       1008     4.1958  0.000e+00
      5.353    24.1753   4.738678    31.3913       1009     4.2000  0.000e+00
      5.327    24.1748   4.738699    31.3918       1010     4.2042  0.000e+00
      5.300    24.1746   4.738010    31.3868       1011     4.2083  0.000e+00
      5.273    24.1753   4.737494    31.3825       1012     4.2125  0.000e+00
      5.253    24.1763   4.737874    31.3846       1013     4.2167  0.000e+00
      5.239    24.1769   4.737831    31.3839       1014     4.2208  0.000e+00
      5.219    24.1770   4.737530    31.3816       1015     4.2250  0.000e+00
      5.212    24.1774   4.738197    31.3863       1016     4.2292  0.000e+00
      5.211    24.1773   4.738448    31.3882       1017     4.2333  0.000e+00
      5.206    24.1766   4.738010    31.3854       1018     4.2375  0.000e+00
      5.198    24.1764   4.738003    31.3855       1019     4.2417  0.000e+00
      5.204    24.1767   4.738061    31.3857       1020     4.2458  0.000e+00
      5.193    24.1766   4.738118    31.3862       1021     4.2500  0.000e+00
      5.173    24.1767   4.738254    31.3872       1022     4.2542  0.000e+00
      5.144    24.1767   4.738383    31.3882       1023     4.2583  0.000e+00
      5.109    24.1764   4.738312    31.3878       1024     4.2625  0.000e+00
      5.073    24.1764   4.738060    31.3860       1025     4.2667  0.000e+00
      5.008    24.1762   4.738053    31.3861       1026     4.2708  0.000e+00
      4.952    24.1764   4.737903    31.3849       1027     4.2750  0.000e+00
      4.903    24.1766   4.737608    31.3826       1028     4.2792  0.000e+00
      4.856    24.1770   4.737271    31.3798       1029     4.2833  0.000e+00
      4.818    24.1777   4.737149    31.3784       1030     4.2875  0.000e+00
      4.791    24.1784   4.737049    31.3772       1031     4.2917  0.000e+00
      4.778    24.1788   4.737235    31.3783       1032     4.2958  0.000e+00
      4.764    24.1790   4.737501    31.3801       1033     4.3000  0.000e+00
      4.754    24.1789   4.737773    31.3822       1034     4.3042  0.000e+00
      4.749    24.1785   4.737960    31.3839       1035     4.3083  0.000e+00
