HB2303/sbe076.cnv
* Sea-Bird SBE 19plus V2 Data File:
* FileName = C:\cruise\data\sbe076.hex
* Software Version Seasave V 7.26.7.121
* Temperature SN = 6128
* Conductivity SN = 6128
* System UpLoad Time = Aug 15 2023 20:52:24
* NMEA Latitude = 40 09.97 N
* NMEA Longitude = 068 52.27 W
* NMEA UTC (Time) = Aug 15 2023 20:52:20
** Ship: Henry Bigelow
** Cruise:  HB2303
** Program:  ECOMON
# nquan = 7
# nvalues = 1558                                  
# units = specified
# name 0 = depSM: Depth [salt water, m]
# name 1 = tv290C: Temperature [ITS-90, deg C]
# name 2 = c0S/m: Conductivity [S/m]
# name 3 = sal00: Salinity, Practical [PSU]
# name 4 = scan: Scan Count
# name 5 = timeM: Time, Elapsed [minutes]
# name 6 = flag:  0.000e+00
# span 0 =     -0.237,    136.905                 
# span 1 =     9.8571,    23.3643                 
# span 2 =  -0.024794,   4.735417                 
# span 3 =     0.0000,    35.2817                 
# span 4 =         11,       1568                 
# span 5 =     0.0417,     6.5292                 
# span 6 = 0.0000e+00, 0.0000e+00                 
# interval = seconds: 0.25
# start_time = Aug 15 2023 20:52:20 [NMEA time, header]
# bad_flag = -9.990e-29
*END*
     -0.126    23.2599   0.005265     0.0314         11     0.0417  0.000e+00
     -0.125    23.2607   0.005247     0.0313         12     0.0458  0.000e+00
     -0.122    23.2612   0.005253     0.0313         13     0.0500  0.000e+00
     -0.122    23.2617   0.005286     0.0315         14     0.0542  0.000e+00
     -0.120    23.2630   0.005304     0.0316         15     0.0583  0.000e+00
     -0.122    23.2637   0.005322     0.0316         16     0.0625  0.000e+00
     -0.121    23.2657   0.005316     0.0316         17     0.0667  0.000e+00
     -0.121    23.2665   0.005328     0.0317         18     0.0708  0.000e+00
     -0.123    23.2673   0.005346     0.0317         19     0.0750  0.000e+00
     -0.123    23.2677   0.005376     0.0319         20     0.0792  0.000e+00
     -0.122    23.2681   0.005391     0.0319         21     0.0833  0.000e+00
     -0.121    23.2689   0.005391     0.0319         22     0.0875  0.000e+00
     -0.122    23.2692   0.005373     0.0319         23     0.0917  0.000e+00
     -0.126    23.2698   0.005367     0.0318         24     0.0958  0.000e+00
     -0.124    23.2704   0.005379     0.0319         25     0.1000  0.000e+00
     -0.126    23.2711   0.005382     0.0319         26     0.1042  0.000e+00
     -0.124    23.2717   0.005379     0.0319         27     0.1083  0.000e+00
     -0.130    23.2724   0.005367     0.0318         28     0.1125  0.000e+00
     -0.128    23.2726   0.005367     0.0318         29     0.1167  0.000e+00
     -0.128    23.2733   0.005373     0.0319         30     0.1208  0.000e+00
     -0.128    23.2734   0.005373     0.0319         31     0.1250  0.000e+00
     -0.128    23.2731   0.005358     0.0318         32     0.1292  0.000e+00
     -0.128    23.2735   0.005352     0.0318         33     0.1333  0.000e+00
     -0.132    23.2743   0.005355     0.0318         34     0.1375  0.000e+00
     -0.130    23.2748   0.005346     0.0317         35     0.1417  0.000e+00
     -0.126    23.2760   0.005346     0.0317         36     0.1458  0.000e+00
     -0.127    23.2761   0.005346     0.0317         37     0.1500  0.000e+00
     -0.133    23.2769   0.005358     0.0318         38     0.1542  0.000e+00
     -0.130    23.2774   0.005361     0.0318         39     0.1583  0.000e+00
     -0.132    23.2787   0.005361     0.0318         40     0.1625  0.000e+00
     -0.128    23.2800   0.005361     0.0318         41     0.1667  0.000e+00
     -0.130    23.2808   0.005379     0.0319         42     0.1708  0.000e+00
     -0.126    23.2813   0.005379     0.0319         43     0.1750  0.000e+00
     -0.129    23.2821   0.005376     0.0319         44     0.1792  0.000e+00
     -0.129    23.2830   0.005403     0.0320         45     0.1833  0.000e+00
     -0.127    23.2840   0.005424     0.0321         46     0.1875  0.000e+00
     -0.124    23.2840   0.005442     0.0322         47     0.1917  0.000e+00
     -0.129    23.2843   0.005448     0.0322         48     0.1958  0.000e+00
     -0.129    23.2849   0.005448     0.0322         49     0.2000  0.000e+00
     -0.129    23.2848   0.005448     0.0322         50     0.2042  0.000e+00
     -0.130    23.2858   0.005460     0.0322         51     0.2083  0.000e+00
     -0.132    23.2861   0.005460     0.0322         52     0.2125  0.000e+00
     -0.132    23.2858   0.005457     0.0322         53     0.2167  0.000e+00
     -0.130    23.2864   0.005454     0.0322         54     0.2208  0.000e+00
     -0.131    23.2867   0.005442     0.0322         55     0.2250  0.000e+00
     -0.131    23.2868   0.005433     0.0321         56     0.2292  0.000e+00
     -0.133    23.2877   0.005424     0.0321         57     0.2333  0.000e+00
     -0.131    23.2874   0.005424     0.0321         58     0.2375  0.000e+00
     -0.131    23.2882   0.005418     0.0321         59     0.2417  0.000e+00
     -0.133    23.2887   0.005430     0.0321         60     0.2458  0.000e+00
     -0.129    23.2896   0.005403     0.0320         61     0.2500  0.000e+00
     -0.131    23.2907   0.005403     0.0320         62     0.2542  0.000e+00
     -0.129    23.2912   0.005418     0.0321         63     0.2583  0.000e+00
     -0.127    23.2921   0.005436     0.0321         64     0.2625  0.000e+00
     -0.131    23.2928   0.005442     0.0322         65     0.2667  0.000e+00
     -0.129    23.2931   0.005454     0.0322         66     0.2708  0.000e+00
     -0.130    23.2942   0.005448     0.0322         67     0.2750  0.000e+00
     -0.130    23.2950   0.005454     0.0322         68     0.2792  0.000e+00
     -0.128    23.2954   0.005454     0.0322         69     0.2833  0.000e+00
     -0.130    23.2959   0.005469     0.0323         70     0.2875  0.000e+00
     -0.132    23.2964   0.005457     0.0322         71     0.2917  0.000e+00
     -0.134    23.2970   0.005454     0.0322         72     0.2958  0.000e+00
     -0.132    23.2974   0.005460     0.0322         73     0.3000  0.000e+00
     -0.132    23.2980   0.005454     0.0322         74     0.3042  0.000e+00
     -0.132    23.2982   0.005448     0.0322         75     0.3083  0.000e+00
     -0.137    23.2988   0.005448     0.0322         76     0.3125  0.000e+00
     -0.134    23.2988   0.005427     0.0321         77     0.3167  0.000e+00
     -0.132    23.2995   0.005436     0.0321         78     0.3208  0.000e+00
     -0.136    23.3001   0.005430     0.0321         79     0.3250  0.000e+00
     -0.134    23.3010   0.005433     0.0321         80     0.3292  0.000e+00
     -0.132    23.3016   0.005424     0.0321         81     0.3333  0.000e+00
     -0.133    23.3026   0.005418     0.0321         82     0.3375  0.000e+00
     -0.135    23.3029   0.005442     0.0322         83     0.3417  0.000e+00
     -0.132    23.3032   0.005460     0.0322         84     0.3458  0.000e+00
     -0.135    23.3032   0.005466     0.0323         85     0.3500  0.000e+00
     -0.131    23.3041   0.005463     0.0323         86     0.3542  0.000e+00
     -0.133    23.3038   0.005448     0.0322         87     0.3583  0.000e+00
     -0.131    23.3048   0.005460     0.0322         88     0.3625  0.000e+00
     -0.135    23.3059   0.005439     0.0321         89     0.3667  0.000e+00
     -0.134    23.3071   0.005418     0.0321         90     0.3708  0.000e+00
     -0.138    23.3087   0.005424     0.0321         91     0.3750  0.000e+00
     -0.138    23.3094   0.005439     0.0321         92     0.3792  0.000e+00
     -0.136    23.3100   0.005448     0.0322         93     0.3833  0.000e+00
     -0.136    23.3117   0.005430     0.0321         94     0.3875  0.000e+00
     -0.132    23.3117   0.005427     0.0321         95     0.3917  0.000e+00
     -0.132    23.3125   0.005448     0.0322         96     0.3958  0.000e+00
     -0.136    23.3126   0.005460     0.0322         97     0.4000  0.000e+00
     -0.136    23.3132   0.005472     0.0323         98     0.4042  0.000e+00
     -0.136    23.3138   0.005481     0.0323         99     0.4083  0.000e+00
     -0.132    23.3141   0.005460     0.0322        100     0.4125  0.000e+00
     -0.132    23.3140   0.005484     0.0323        101     0.4167  0.000e+00
     -0.135    23.3146   0.005511     0.0325        102     0.4208  0.000e+00
     -0.139    23.3156   0.005520     0.0325        103     0.4250  0.000e+00
     -0.137    23.3159   0.005520     0.0325        104     0.4292  0.000e+00
     -0.139    23.3159   0.005517     0.0325        105     0.4333  0.000e+00
     -0.137    23.3170   0.005481     0.0323        106     0.4375  0.000e+00
     -0.139    23.3167   0.005469     0.0323        107     0.4417  0.000e+00
     -0.141    23.3172   0.005481     0.0323        108     0.4458  0.000e+00
     -0.140    23.3179   0.005493     0.0324        109     0.4500  0.000e+00
     -0.142    23.3182   0.005478     0.0323        110     0.4542  0.000e+00
     -0.139    23.3185   0.005442     0.0322        111     0.4583  0.000e+00
     -0.140    23.3190   0.005412     0.0320        112     0.4625  0.000e+00
     -0.135    23.3200   0.005403     0.0320        113     0.4667  0.000e+00
     -0.140    23.3205   0.005403     0.0320        114     0.4708  0.000e+00
     -0.138    23.3216   0.005409     0.0320        115     0.4750  0.000e+00
     -0.138    23.3227   0.005412     0.0320        116     0.4792  0.000e+00
     -0.138    23.3234   0.005391     0.0319        117     0.4833  0.000e+00
     -0.136    23.3244   0.005391     0.0319        118     0.4875  0.000e+00
     -0.138    23.3255   0.005397     0.0320        119     0.4917  0.000e+00
     -0.136    23.3268   0.005412     0.0320        120     0.4958  0.000e+00
     -0.136    23.3279   0.005442     0.0322        121     0.5000  0.000e+00
     -0.134    23.3288   0.005472     0.0323        122     0.5042  0.000e+00
     -0.129    23.3292   0.005499     0.0324        123     0.5083  0.000e+00
     -0.134    23.3300   0.005511     0.0325        124     0.5125  0.000e+00
     -0.130    23.3302   0.005535     0.0326        125     0.5167  0.000e+00
     -0.136    23.3310   0.005532     0.0326        126     0.5208  0.000e+00
     -0.136    23.3308   0.005526     0.0325        127     0.5250  0.000e+00
     -0.134    23.3318   0.005520     0.0325        128     0.5292  0.000e+00
     -0.141    23.3321   0.005550     0.0326        129     0.5333  0.000e+00
     -0.146    23.3321   0.005556     0.0327        130     0.5375  0.000e+00
     -0.141    23.3319   0.005514     0.0325        131     0.5417  0.000e+00
     -0.150    23.3321   0.005409     0.0320        132     0.5458  0.000e+00
     -0.141    23.3324   0.005424     0.0321        133     0.5500  0.000e+00
     -0.141    23.3334   0.005424     0.0321        134     0.5542  0.000e+00
     -0.141    23.3345   0.005436     0.0321        135     0.5583  0.000e+00
     -0.142    23.3357   0.005448     0.0322        136     0.5625  0.000e+00
     -0.144    23.3370   0.005433     0.0321        137     0.5667  0.000e+00
     -0.142    23.3373   0.005442     0.0322        138     0.5708  0.000e+00
     -0.135    23.3380   0.005397     0.0320        139     0.5750  0.000e+00
     -0.133    23.3386   0.005397     0.0320        140     0.5792  0.000e+00
     -0.135    23.3404   0.005367     0.0318        141     0.5833  0.000e+00
     -0.133    23.3419   0.005322     0.0316        142     0.5875  0.000e+00
     -0.137    23.3441   0.005322     0.0316        143     0.5917  0.000e+00
     -0.133    23.3464   0.005454     0.0322        144     0.5958  0.000e+00
     -0.135    23.3488   0.005732     0.0334        145     0.6000  0.000e+00
     -0.136    23.3518   0.005822     0.0338        146     0.6042  0.000e+00
     -0.135    23.3550   0.005732     0.0334        147     0.6083  0.000e+00
     -0.138    23.3575   0.005732     0.0334        148     0.6125  0.000e+00
     -0.133    23.3581   0.005750     0.0335        149     0.6167  0.000e+00
     -0.138    23.3591   0.005714     0.0334        150     0.6208  0.000e+00
     -0.136    23.3607   0.005726     0.0334        151     0.6250  0.000e+00
     -0.136    23.3616   0.005720     0.0334        152     0.6292  0.000e+00
     -0.143    23.3614   0.005753     0.0335        153     0.6333  0.000e+00
     -0.140    23.3620   0.005669     0.0332        154     0.6375  0.000e+00
     -0.010    23.3631  -0.024794     0.0000        155     0.6417  0.000e+00
      0.171    23.3643   3.105567    20.0031        156     0.6458  0.000e+00
      0.375    23.3008   2.689084    17.0991        157     0.6500  0.000e+00
      0.577    23.1731   2.325581    14.6266        158     0.6542  0.000e+00
      0.762    23.1080   2.190725    13.7225        159     0.6583  0.000e+00
      0.940    23.0940   3.835496    25.4140        160     0.6625  0.000e+00
      1.097    23.1127   4.307507    28.9026        161     0.6667  0.000e+00
      1.238    23.0341   4.435957    29.9187        162     0.6708  0.000e+00
      1.352    22.8274   3.017093    19.6122        163     0.6750  0.000e+00
      1.452    22.6354   2.119035    13.3747        164     0.6792  0.000e+00
      1.515    22.5101   1.969873    12.3867        165     0.6833  0.000e+00
      1.542    22.4356   2.226180    14.1787        166     0.6875  0.000e+00
      1.536    22.4027   3.138165    20.6791        167     0.6917  0.000e+00
      1.520    22.4587   4.735417    32.6108        168     0.6958  0.000e+00
      1.519    22.5843   4.728638    32.4650        169     0.7000  0.000e+00
      1.517    22.6954   4.705842    32.2080        170     0.7042  0.000e+00
      1.511    22.7887   4.714006    32.2019        171     0.7083  0.000e+00
      1.513    22.8668   4.729480    32.2628        172     0.7125  0.000e+00
      1.548    22.9343   4.728203    32.2034        173     0.7167  0.000e+00
      1.628    22.9924   4.724561    32.1331        174     0.7208  0.000e+00
      1.743    23.0388   4.718800    32.0555        175     0.7250  0.000e+00
      1.913    23.0720   4.713931    31.9943        176     0.7292  0.000e+00
      2.115    23.0952   4.708541    31.9364        177     0.7333  0.000e+00
      2.345    23.1053   4.706924    31.9167        178     0.7375  0.000e+00
      2.563    23.0993   4.719509    32.0165        179     0.7417  0.000e+00
      2.757    23.0825   4.722110    32.0484        180     0.7458  0.000e+00
      2.970    23.0633   4.722912    32.0685        181     0.7500  0.000e+00
      3.196    23.0452   4.721845    32.0735        182     0.7542  0.000e+00
      3.418    23.0167   4.719310    32.0749        183     0.7583  0.000e+00
      3.620    22.9189   4.699567    31.9957        184     0.7625  0.000e+00
      3.770    22.7143   4.653271    31.7911        185     0.7667  0.000e+00
      3.871    22.4478   4.621154    31.7385        186     0.7708  0.000e+00
      3.930    22.1931   4.612585    31.8583        187     0.7750  0.000e+00
      4.001    21.9958   4.616788    32.0360        188     0.7792  0.000e+00
      4.115    21.8703   4.634475    32.2667        189     0.7833  0.000e+00
      4.252    21.8020   4.653186    32.4638        190     0.7875  0.000e+00
      4.398    21.7588   4.159617    28.6724        191     0.7917  0.000e+00
      4.559    21.7419   4.190696    28.9224        192     0.7958  0.000e+00
      4.739    21.7670   4.673783    32.6509        193     0.8000  0.000e+00
      4.945    21.8265   4.678469    32.6426        194     0.8042  0.000e+00
      5.180    21.9383   4.681444    32.5814        195     0.8083  0.000e+00
      5.400    22.0507   4.682335    32.5039        196     0.8125  0.000e+00
      5.615    22.1309   4.684061    32.4572        197     0.8167  0.000e+00
      5.859    22.1832   4.292704    29.4073        198     0.8208  0.000e+00
      6.106    22.2245   2.860188    18.7475        199     0.8250  0.000e+00
      6.365    22.2737   3.987195    27.0309        200     0.8292  0.000e+00
      6.630    22.3332   4.689479    32.3481        201     0.8333  0.000e+00
      6.892    22.3977   4.689957    32.3039        202     0.8375  0.000e+00
      7.133    22.4632   4.690956    32.2631        203     0.8417  0.000e+00
      7.378    22.5073   4.690956    32.2304        204     0.8458  0.000e+00
      7.638    22.5338   4.688891    32.1949        205     0.8500  0.000e+00
      7.902    22.5475   4.686220    32.1642        206     0.8542  0.000e+00
      8.171    22.5445   4.685484    32.1607        207     0.8583  0.000e+00
      8.415    22.5190   4.679816    32.1358        208     0.8625  0.000e+00
      8.634    22.4457   4.661105    32.0457        209     0.8667  0.000e+00
      8.811    22.2954   4.630299    31.9186        210     0.8708  0.000e+00
      8.959    22.1180   4.612397    31.9104        211     0.8750  0.000e+00
      9.091    21.9594   4.605442    31.9732        212     0.8792  0.000e+00
      9.219    21.8352   4.603871    32.0528        213     0.8833  0.000e+00
      9.344    21.7419   4.603978    32.1228        214     0.8875  0.000e+00
      9.474    21.6771   4.605248    32.1809        215     0.8917  0.000e+00
