HB2303/sbe018.cnv
* Sea-Bird SBE 19plus V2 Data File:
* FileName = C:\cruise\data\sbe018.hex
* Software Version Seasave V 7.26.7.121
* Temperature SN = 6128
* Conductivity SN = 6128
* System UpLoad Time = Aug 10 2023 11:38:55
* NMEA Latitude = 39 42.04 N
* NMEA Longitude = 073 59.58 W
* NMEA UTC (Time) = Aug 10 2023 11:38:50
** Ship: Henry Bigelow
** Cruise:  HB2303
** Program:  ECOMON
# nquan = 7
# nvalues = 1847                                  
# units = specified
# name 0 = depSM: Depth [salt water, m]
# name 1 = tv290C: Temperature [ITS-90, deg C]
# name 2 = c0S/m: Conductivity [S/m]
# name 3 = sal00: Salinity, Practical [PSU]
# name 4 = scan: Scan Count
# name 5 = timeM: Time, Elapsed [minutes]
# name 6 = flag:  0.000e+00
# span 0 =     -0.253,     15.782                 
# span 1 =    14.7226,    22.2724                 
# span 2 =  -0.072205,   4.479911                 
# span 3 =     0.0000,    32.2030                 
# span 4 =         11,       1857                 
# span 5 =     0.0417,     7.7333                 
# span 6 = 0.0000e+00, 0.0000e+00                 
# interval = seconds: 0.25
# start_time = Aug 10 2023 11:38:50 [NMEA time, header]
# bad_flag = -9.990e-29
*END*
     -0.113    22.2724   0.000070     0.0108         11     0.0417  0.000e+00
     -0.111    22.2723   0.000064     0.0108         12     0.0458  0.000e+00
     -0.117    22.2719   0.000067     0.0108         13     0.0500  0.000e+00
     -0.118    22.2709   0.000070     0.0108         14     0.0542  0.000e+00
     -0.118    22.2706   0.000064     0.0108         15     0.0583  0.000e+00
     -0.115    22.2705   0.000064     0.0108         16     0.0625  0.000e+00
     -0.118    22.2696   0.000064     0.0108         17     0.0667  0.000e+00
     -0.115    22.2689   0.000070     0.0108         18     0.0708  0.000e+00
     -0.120    22.2686   0.000064     0.0108         19     0.0750  0.000e+00
     -0.117    22.2681   0.000073     0.0108         20     0.0792  0.000e+00
     -0.115    22.2675   0.000073     0.0108         21     0.0833  0.000e+00
     -0.115    22.2668   0.000070     0.0108         22     0.0875  0.000e+00
     -0.117    22.2665   0.000064     0.0108         23     0.0917  0.000e+00
     -0.117    22.2660   0.000064     0.0108         24     0.0958  0.000e+00
     -0.116    22.2654   0.000064     0.0108         25     0.1000  0.000e+00
     -0.120    22.2647   0.000073     0.0108         26     0.1042  0.000e+00
     -0.118    22.2644   0.000070     0.0108         27     0.1083  0.000e+00
     -0.118    22.2639   0.000070     0.0108         28     0.1125  0.000e+00
     -0.115    22.2632   0.000067     0.0108         29     0.1167  0.000e+00
     -0.120    22.2627   0.000073     0.0108         30     0.1208  0.000e+00
     -0.116    22.2623   0.000070     0.0108         31     0.1250  0.000e+00
     -0.118    22.2616   0.000067     0.0108         32     0.1292  0.000e+00
     -0.122    22.2613   0.000073     0.0108         33     0.1333  0.000e+00
     -0.116    22.2605   0.000070     0.0108         34     0.1375  0.000e+00
     -0.118    22.2599   0.000064     0.0108         35     0.1417  0.000e+00
     -0.122    22.2597   0.000067     0.0108         36     0.1458  0.000e+00
     -0.120    22.2591   0.000073     0.0108         37     0.1500  0.000e+00
     -0.118    22.2585   0.000070     0.0108         38     0.1542  0.000e+00
     -0.118    22.2583   0.000064     0.0108         39     0.1583  0.000e+00
     -0.118    22.2570   0.000070     0.0108         40     0.1625  0.000e+00
     -0.118    22.2568   0.000064     0.0108         41     0.1667  0.000e+00
     -0.120    22.2563   0.000073     0.0108         42     0.1708  0.000e+00
     -0.118    22.2560   0.000070     0.0108         43     0.1750  0.000e+00
     -0.124    22.2552   0.000070     0.0108         44     0.1792  0.000e+00
     -0.120    22.2546   0.000064     0.0108         45     0.1833  0.000e+00
     -0.120    22.2543   0.000070     0.0108         46     0.1875  0.000e+00
     -0.122    22.2538   0.000070     0.0108         47     0.1917  0.000e+00
     -0.119    22.2529   0.000064     0.0108         48     0.1958  0.000e+00
     -0.122    22.2521   0.000079     0.0108         49     0.2000  0.000e+00
     -0.124    22.2521   0.000064     0.0108         50     0.2042  0.000e+00
     -0.120    22.2514   0.000070     0.0108         51     0.2083  0.000e+00
     -0.120    22.2508   0.000067     0.0108         52     0.2125  0.000e+00
     -0.124    22.2501   0.000070     0.0108         53     0.2167  0.000e+00
     -0.122    22.2500   0.000064     0.0108         54     0.2208  0.000e+00
     -0.120    22.2494   0.000064     0.0108         55     0.2250  0.000e+00
     -0.120    22.2486   0.000073     0.0108         56     0.2292  0.000e+00
     -0.120    22.2482   0.000070     0.0108         57     0.2333  0.000e+00
     -0.120    22.2473   0.000067     0.0108         58     0.2375  0.000e+00
     -0.120    22.2471   0.000073     0.0108         59     0.2417  0.000e+00
     -0.122    22.2464   0.000070     0.0108         60     0.2458  0.000e+00
     -0.122    22.2461   0.000064     0.0108         61     0.2500  0.000e+00
     -0.122    22.2454   0.000073     0.0108         62     0.2542  0.000e+00
     -0.122    22.2447   0.000073     0.0108         63     0.2583  0.000e+00
     -0.124    22.2445   0.000070     0.0108         64     0.2625  0.000e+00
     -0.120    22.2439   0.000067     0.0108         65     0.2667  0.000e+00
     -0.124    22.2428   0.000079     0.0108         66     0.2708  0.000e+00
     -0.124    22.2426   0.000073     0.0108         67     0.2750  0.000e+00
     -0.122    22.2419   0.000067     0.0108         68     0.2792  0.000e+00
     -0.124    22.2412   0.000070     0.0108         69     0.2833  0.000e+00
     -0.124    22.2408   0.000070     0.0108         70     0.2875  0.000e+00
     -0.125    22.2403   0.000067     0.0108         71     0.2917  0.000e+00
     -0.124    22.2395   0.000070     0.0108         72     0.2958  0.000e+00
     -0.124    22.2389   0.000070     0.0108         73     0.3000  0.000e+00
     -0.122    22.2389   0.000070     0.0108         74     0.3042  0.000e+00
     -0.124    22.2384   0.000073     0.0108         75     0.3083  0.000e+00
     -0.120    22.2377   0.000079     0.0108         76     0.3125  0.000e+00
     -0.124    22.2370   0.000070     0.0108         77     0.3167  0.000e+00
     -0.122    22.2365   0.000073     0.0108         78     0.3208  0.000e+00
     -0.122    22.2356   0.000073     0.0108         79     0.3250  0.000e+00
     -0.124    22.2355   0.000073     0.0108         80     0.3292  0.000e+00
     -0.122    22.2347   0.000067     0.0108         81     0.3333  0.000e+00
     -0.127    22.2341   0.000079     0.0108         82     0.3375  0.000e+00
     -0.129    22.2336   0.000064     0.0108         83     0.3417  0.000e+00
     -0.127    22.2327   0.000067     0.0108         84     0.3458  0.000e+00
     -0.125    22.2327   0.000064     0.0108         85     0.3500  0.000e+00
     -0.124    22.2320   0.000073     0.0108         86     0.3542  0.000e+00
     -0.125    22.2316   0.000064     0.0108         87     0.3583  0.000e+00
     -0.125    22.2307   0.000067     0.0108         88     0.3625  0.000e+00
     -0.122    22.2305   0.000073     0.0108         89     0.3667  0.000e+00
     -0.125    22.2299   0.000073     0.0108         90     0.3708  0.000e+00
     -0.127    22.2295   0.000073     0.0108         91     0.3750  0.000e+00
     -0.127    22.2284   0.000070     0.0108         92     0.3792  0.000e+00
     -0.127    22.2280   0.000073     0.0108         93     0.3833  0.000e+00
     -0.125    22.2272   0.000067     0.0108         94     0.3875  0.000e+00
     -0.127    22.2270   0.000073     0.0108         95     0.3917  0.000e+00
     -0.122    22.2264   0.000073     0.0108         96     0.3958  0.000e+00
     -0.126    22.2256   0.000067     0.0108         97     0.4000  0.000e+00
     -0.128    22.2251   0.000070     0.0108         98     0.4042  0.000e+00
     -0.126    22.2246   0.000073     0.0108         99     0.4083  0.000e+00
     -0.122    22.2240   0.000070     0.0108        100     0.4125  0.000e+00
     -0.122    22.2232   0.000064     0.0108        101     0.4167  0.000e+00
     -0.126    22.2235   0.000064     0.0108        102     0.4208  0.000e+00
     -0.126    22.2223   0.000070     0.0108        103     0.4250  0.000e+00
     -0.126    22.2220   0.000067     0.0108        104     0.4292  0.000e+00
     -0.129    22.2213   0.000073     0.0108        105     0.4333  0.000e+00
     -0.128    22.2209   0.000073     0.0108        106     0.4375  0.000e+00
     -0.126    22.2199   0.000079     0.0108        107     0.4417  0.000e+00
     -0.128    22.2193   0.000073     0.0108        108     0.4458  0.000e+00
     -0.128    22.2194   0.000073     0.0108        109     0.4500  0.000e+00
     -0.128    22.2183   0.000073     0.0108        110     0.4542  0.000e+00
     -0.128    22.2184   0.000064     0.0108        111     0.4583  0.000e+00
     -0.128    22.2179   0.000079     0.0108        112     0.4625  0.000e+00
     -0.126    22.2165   0.000079     0.0108        113     0.4667  0.000e+00
     -0.128    22.2162   0.000067     0.0108        114     0.4708  0.000e+00
     -0.128    22.2158   0.000079     0.0108        115     0.4750  0.000e+00
     -0.128    22.2150   0.000079     0.0108        116     0.4792  0.000e+00
     -0.126    22.2147   0.000067     0.0108        117     0.4833  0.000e+00
     -0.129    22.2141   0.000070     0.0108        118     0.4875  0.000e+00
     -0.129    22.2135   0.000070     0.0108        119     0.4917  0.000e+00
     -0.129    22.2129   0.000073     0.0108        120     0.4958  0.000e+00
     -0.128    22.2120   0.000073     0.0108        121     0.5000  0.000e+00
     -0.128    22.2117   0.000073     0.0108        122     0.5042  0.000e+00
     -0.126    22.2114   0.000073     0.0108        123     0.5083  0.000e+00
     -0.131    22.2107   0.000070     0.0108        124     0.5125  0.000e+00
     -0.133    22.2104   0.000070     0.0108        125     0.5167  0.000e+00
     -0.124    22.2096   0.000073     0.0108        126     0.5208  0.000e+00
     -0.128    22.2092   0.000073     0.0108        127     0.5250  0.000e+00
     -0.129    22.2084   0.000079     0.0108        128     0.5292  0.000e+00
     -0.128    22.2081   0.000079     0.0108        129     0.5333  0.000e+00
     -0.129    22.2075   0.000073     0.0108        130     0.5375  0.000e+00
     -0.128    22.2069   0.000070     0.0108        131     0.5417  0.000e+00
     -0.126    22.2065   0.000073     0.0108        132     0.5458  0.000e+00
     -0.129    22.2057   0.000073     0.0108        133     0.5500  0.000e+00
     -0.129    22.2057   0.000073     0.0108        134     0.5542  0.000e+00
     -0.133    22.2048   0.000070     0.0108        135     0.5583  0.000e+00
     -0.129    22.2046   0.000079     0.0108        136     0.5625  0.000e+00
     -0.126    22.2040   0.000070     0.0108        137     0.5667  0.000e+00
     -0.127    22.2034   0.000070     0.0108        138     0.5708  0.000e+00
     -0.129    22.2029   0.000073     0.0108        139     0.5750  0.000e+00
     -0.129    22.2018   0.000067     0.0108        140     0.5792  0.000e+00
     -0.131    22.2018   0.000073     0.0108        141     0.5833  0.000e+00
     -0.127    22.2010   0.000073     0.0108        142     0.5875  0.000e+00
     -0.135    22.2007   0.000067     0.0108        143     0.5917  0.000e+00
     -0.131    22.2000   0.000070     0.0108        144     0.5958  0.000e+00
     -0.133    22.1995   0.000070     0.0108        145     0.6000  0.000e+00
     -0.126    22.1992   0.000073     0.0108        146     0.6042  0.000e+00
     -0.129    22.1986   0.000073     0.0108        147     0.6083  0.000e+00
     -0.129    22.1976   0.000070     0.0108        148     0.6125  0.000e+00
     -0.129    22.1977   0.000073     0.0108        149     0.6167  0.000e+00
     -0.131    22.1971   0.000073     0.0108        150     0.6208  0.000e+00
     -0.124    22.1962   0.000073     0.0108        151     0.6250  0.000e+00
     -0.133    22.1957   0.000073     0.0108        152     0.6292  0.000e+00
     -0.129    22.1953   0.000079     0.0108        153     0.6333  0.000e+00
     -0.128    22.1949   0.000070     0.0108        154     0.6375  0.000e+00
     -0.128    22.1943   0.000073     0.0108        155     0.6417  0.000e+00
     -0.133    22.1941   0.000073     0.0108        156     0.6458  0.000e+00
     -0.124    22.1930   0.000070     0.0108        157     0.6500  0.000e+00
     -0.130    22.1930   0.000073     0.0108        158     0.6542  0.000e+00
     -0.130    22.1926   0.000079     0.0108        159     0.6583  0.000e+00
     -0.135    22.1918   0.000070     0.0108        160     0.6625  0.000e+00
     -0.142    22.1912   0.000073     0.0108        161     0.6667  0.000e+00
     -0.135    22.1911   0.000097     0.0108        162     0.6708  0.000e+00
     -0.128    22.1935   0.000091     0.0108        163     0.6750  0.000e+00
     -0.124    22.1980   0.000085     0.0108        164     0.6792  0.000e+00
     -0.129    22.2025   0.000097     0.0108        165     0.6833  0.000e+00
     -0.131    22.2069   0.000088     0.0108        166     0.6875  0.000e+00
     -0.135    22.2097   0.000079     0.0108        167     0.6917  0.000e+00
     -0.133    22.2113  -0.072205     0.0000        168     0.6958  0.000e+00
     -0.115    22.2135   2.872032    18.8388        169     0.7000  0.000e+00
     -0.119    22.1631   3.434767    22.9722        170     0.7042  0.000e+00
     -0.079    21.9880   3.867438    26.3041        171     0.7083  0.000e+00
     -0.110    21.8522   4.198063    28.9067        172     0.7125  0.000e+00
     -0.131    21.7169   4.459953    31.0223        173     0.7167  0.000e+00
     -0.130    21.5772   4.402930    30.6788        174     0.7208  0.000e+00
     -0.086    21.5013   3.827079    26.2931        175     0.7250  0.000e+00
      0.067    21.4580   4.242890    29.5188        176     0.7292  0.000e+00
      0.252    21.4376   4.029694    27.8852        177     0.7333  0.000e+00
      0.410    21.4489   4.462741    31.2374        178     0.7375  0.000e+00
      0.540    21.4758   4.450456    31.1218        179     0.7417  0.000e+00
      0.629    21.5034   4.470901    31.2616        180     0.7458  0.000e+00
      0.667    21.5245   4.469073    31.2319        181     0.7500  0.000e+00
      0.656    21.5339   4.474997    31.2714        182     0.7542  0.000e+00
      0.594    21.4971   4.459935    31.1805        183     0.7583  0.000e+00
      0.547    21.4388   4.455880    31.1910        184     0.7625  0.000e+00
      0.537    21.3904   4.479125    31.4082        185     0.7667  0.000e+00
      0.553    21.3663   4.479911    31.4320        186     0.7708  0.000e+00
      0.562    21.3792   4.475315    31.3865        187     0.7750  0.000e+00
      0.604    21.4183   4.472099    31.3328        188     0.7792  0.000e+00
      0.681    21.4609   4.470327    31.2879        189     0.7833  0.000e+00
      0.768    21.4937   4.470271    31.2636        190     0.7875  0.000e+00
      0.847    21.5097   4.470537    31.2540        191     0.7917  0.000e+00
      0.919    21.5168   4.470719    31.2503        192     0.7958  0.000e+00
      0.977    21.5201   4.470691    31.2476        193     0.8000  0.000e+00
      1.030    21.5224   4.470299    31.2429        194     0.8042  0.000e+00
      1.086    21.5247   4.469697    31.2365        195     0.8083  0.000e+00
      1.136    21.5261   4.469256    31.2321        196     0.8125  0.000e+00
      1.188    21.5251   4.468787    31.2291        197     0.8167  0.000e+00
      1.244    21.5250   4.467954    31.2227        198     0.8208  0.000e+00
      1.317    21.5273   4.466883    31.2126        199     0.8250  0.000e+00
      1.396    21.5288   4.466183    31.2060        200     0.8292  0.000e+00
      1.477    21.5278   4.465245    31.1994        201     0.8333  0.000e+00
      1.528    21.5222   4.464252    31.1957        202     0.8375  0.000e+00
      1.568    21.5140   4.463678    31.1971        203     0.8417  0.000e+00
      1.620    21.5018   4.463370    31.2035        204     0.8458  0.000e+00
      1.685    21.4857   4.463266    31.2144        205     0.8500  0.000e+00
      1.761    21.4744   4.463392    31.2235        206     0.8542  0.000e+00
      1.849    21.4691   4.463476    31.2280        207     0.8583  0.000e+00
      1.947    21.4643   4.463105    31.2286        208     0.8625  0.000e+00
      2.034    21.4608   4.462644    31.2274        209     0.8667  0.000e+00
      2.115    21.4592   4.462042    31.2239        210     0.8708  0.000e+00
      2.178    21.4559   4.461391    31.2212        211     0.8750  0.000e+00
      2.241    21.4498   4.461601    31.2272        212     0.8792  0.000e+00
      2.283    21.4423   4.462070    31.2363        213     0.8833  0.000e+00
      2.314    21.4335   4.464176    31.2591        214     0.8875  0.000e+00
      2.332    21.4259   4.468320    31.2971        215     0.8917  0.000e+00
