HB2303/sbe048.cnv
* Sea-Bird SBE 19plus V2 Data File:
* FileName = C:\cruise\data\sbe048.hex
* Software Version Seasave V 7.26.7.121
* Temperature SN = 6128
* Conductivity SN = 6128
* System UpLoad Time = Aug 13 2023 05:49:44
* NMEA Latitude = 38 32.13 N
* NMEA Longitude = 073 22.94 W
* NMEA UTC (Time) = Aug 13 2023 05:49:40
** Ship: Henry Bigelow
** Cruise:  HB2303
** Program:  ECOMON
# nquan = 7
# nvalues = 2089                                  
# units = specified
# name 0 = depSM: Depth [salt water, m]
# name 1 = tv290C: Temperature [ITS-90, deg C]
# name 2 = c0S/m: Conductivity [S/m]
# name 3 = sal00: Salinity, Practical [PSU]
# name 4 = scan: Scan Count
# name 5 = timeM: Time, Elapsed [minutes]
# name 6 = flag:  0.000e+00
# span 0 =     -0.227,    105.530                 
# span 1 =    11.5753,    24.9034                 
# span 2 =   0.000192,   4.988624                 
# span 3 =     0.0119,    35.3648                 
# span 4 =         11,       2099                 
# span 5 =     0.0417,     8.7417                 
# span 6 = 0.0000e+00, 0.0000e+00                 
# interval = seconds: 0.25
# start_time = Aug 13 2023 05:49:40 [NMEA time, header]
# bad_flag = -9.990e-29
*END*
[from data line 1642]
     33.419    15.6057   4.284474    34.3845       1653     6.8833  0.000e+00
     33.349    15.6412   4.287026    34.3765       1654     6.8875  0.000e+00
     33.285    15.6724   4.290287    34.3786       1655     6.8917  0.000e+00
     33.220    15.7016   4.294513    34.3910       1656     6.8958  0.000e+00
     33.148    15.7343   4.298768    34.4006       1657     6.9000  0.000e+00
     33.074    15.7695   4.302219    34.4008       1658     6.9042  0.000e+00
     33.000    15.8040   4.306678    34.4107       1659     6.9083  0.000e+00
     32.922    15.8399   4.310138    34.4104       1660     6.9125  0.000e+00
     32.840    15.8748   4.314483    34.4188       1661     6.9167  0.000e+00
     32.751    15.9098   4.317580    34.4160       1662     6.9208  0.000e+00
     32.665    15.9430   4.319560    34.4048       1663     6.9250  0.000e+00
     32.581    15.9703   4.319905    34.3842       1664     6.9292  0.000e+00
     32.480    15.9884   4.320181    34.3710       1665     6.9333  0.000e+00
     32.390    15.9995   4.320553    34.3648       1666     6.9375  0.000e+00
     32.295    16.0068   4.322134    34.3725       1667     6.9417  0.000e+00
     32.190    16.0159   4.324536    34.3861       1668     6.9458  0.000e+00
     32.095    16.0302   4.328687    34.4105       1669     6.9500  0.000e+00
     31.995    16.0534   4.333537    34.4336       1670     6.9542  0.000e+00
     31.894    16.0862   4.338610    34.4502       1671     6.9583  0.000e+00
     31.800    16.1252   4.345679    34.4792       1672     6.9625  0.000e+00
     31.700    16.1744   4.359678    34.5607       1673     6.9667  0.000e+00
     31.603    16.2521   4.372106    34.6033       1674     6.9708  0.000e+00
     31.512    16.3489   4.387286    34.6535       1675     6.9750  0.000e+00
     31.415    16.4603   4.401409    34.6813       1676     6.9792  0.000e+00
     31.321    16.5817   4.422163    34.7586       1677     6.9833  0.000e+00
     31.223    16.7274   4.444934    34.8321       1678     6.9875  0.000e+00
     31.136    16.8992   4.463394    34.8446       1679     6.9917  0.000e+00
     31.051    17.0753   4.476434    34.8059       1680     6.9958  0.000e+00
     30.962    17.2329   4.485661    34.7502       1681     7.0000  0.000e+00
     30.875    17.3610   4.492715    34.7012       1682     7.0042  0.000e+00
     30.801    17.4637   4.499781    34.6743       1683     7.0083  0.000e+00
     30.722    17.5490   4.506198    34.6567       1684     7.0125  0.000e+00
     30.648    17.6231   4.511917    34.6426       1685     7.0167  0.000e+00
     30.577    17.6883   4.517012    34.6309       1686     7.0208  0.000e+00
     30.503    17.7461   4.521006    34.6160       1687     7.0250  0.000e+00
     30.438    17.7955   4.524312    34.6023       1688     7.0292  0.000e+00
     30.383    17.8371   4.528316    34.6012       1689     7.0333  0.000e+00
     30.321    17.8749   4.531885    34.5997       1690     7.0375  0.000e+00
     30.262    17.9106   4.536131    34.6058       1691     7.0417  0.000e+00
     30.207    17.9472   4.541394    34.6196       1692     7.0458  0.000e+00
     30.151    17.9881   4.544241    34.6093       1693     7.0500  0.000e+00
     30.088    18.0248   4.547251    34.6038       1694     7.0542  0.000e+00
     30.030    18.0578   4.553055    34.6254       1695     7.0583  0.000e+00
     29.965    18.0971   4.558608    34.6395       1696     7.0625  0.000e+00
     29.896    18.1422   4.563501    34.6429       1697     7.0667  0.000e+00
     29.834    18.1876   4.568939    34.6508       1698     7.0708  0.000e+00
     29.760    18.2354   4.575398    34.6652       1699     7.0750  0.000e+00
     29.682    18.2890   4.584705    34.6988       1700     7.0792  0.000e+00
     29.600    18.3526   4.590055    34.6904       1701     7.0833  0.000e+00
     29.515    18.4130   4.593049    34.6648       1702     7.0875  0.000e+00
     29.426    18.4604   4.594748    34.6392       1703     7.0917  0.000e+00
     29.343    18.4956   4.596404    34.6236       1704     7.0958  0.000e+00
     29.253    18.5209   4.598331    34.6186       1705     7.1000  0.000e+00
     29.168    18.5414   4.599627    34.6123       1706     7.1042  0.000e+00
     29.090    18.5593   4.601568    34.6136       1707     7.1083  0.000e+00
     29.009    18.5764   4.604871    34.6271       1708     7.1125  0.000e+00
     28.931    18.5970   4.609096    34.6455       1709     7.1167  0.000e+00
     28.853    18.6247   4.613245    34.6571       1710     7.1208  0.000e+00
     28.788    18.6570   4.617765    34.6680       1711     7.1250  0.000e+00
     28.712    18.6933   4.624509    34.6942       1712     7.1292  0.000e+00
     28.638    18.7361   4.627392    34.6825       1713     7.1333  0.000e+00
     28.565    18.7768   4.631654    34.6841       1714     7.1375  0.000e+00
     28.491    18.8155   4.637261    34.6987       1715     7.1417  0.000e+00
     28.423    18.8587   4.645803    34.7341       1716     7.1458  0.000e+00
     28.345    18.9149   4.659237    34.7994       1717     7.1500  0.000e+00
     28.267    18.9973   4.666155    34.7881       1718     7.1542  0.000e+00
     28.189    19.0786   4.670289    34.7545       1719     7.1583  0.000e+00
     28.112    19.1430   4.672792    34.7214       1720     7.1625  0.000e+00
     28.030    19.1903   4.674981    34.7002       1721     7.1667  0.000e+00
     27.956    19.2255   4.676257    34.6815       1722     7.1708  0.000e+00
     27.873    19.2520   4.678990    34.6821       1723     7.1750  0.000e+00
     27.804    19.2759   4.681174    34.6804       1724     7.1792  0.000e+00
     27.727    19.3003   4.687335    34.7112       1725     7.1833  0.000e+00
     27.661    19.3370   4.692535    34.7238       1726     7.1875  0.000e+00
     27.592    19.3826   4.695865    34.7134       1727     7.1917  0.000e+00
     27.529    19.4257   4.697851    34.6940       1728     7.1958  0.000e+00
     27.469    19.4603   4.700796    34.6896       1729     7.2000  0.000e+00
     27.408    19.4918   4.703156    34.6830       1730     7.2042  0.000e+00
     27.341    19.5210   4.704593    34.6706       1731     7.2083  0.000e+00
     27.283    19.5445   4.706846    34.6697       1732     7.2125  0.000e+00
     27.221    19.5667   4.708155    34.6622       1733     7.2167  0.000e+00
     27.150    19.5860   4.708878    34.6521       1734     7.2208  0.000e+00
     27.084    19.6004   4.709407    34.6446       1735     7.2250  0.000e+00
     27.009    19.6107   4.710910    34.6485       1736     7.2292  0.000e+00
     26.933    19.6220   4.713157    34.6577       1737     7.2333  0.000e+00
     26.859    19.6378   4.713916    34.6508       1738     7.2375  0.000e+00
     26.774    19.6520   4.714810    34.6465       1739     7.2417  0.000e+00
     26.678    19.6639   4.715891    34.6456       1740     7.2458  0.000e+00
     26.587    19.6752   4.716994    34.6454       1741     7.2500  0.000e+00
     26.494    19.6868   4.718791    34.6506       1742     7.2542  0.000e+00
     26.385    19.7005   4.719959    34.6489       1743     7.2583  0.000e+00
     26.280    19.7142   4.720574    34.6427       1744     7.2625  0.000e+00
     26.168    19.7256   4.722437    34.6487       1745     7.2667  0.000e+00
     26.061    19.7392   4.724464    34.6541       1746     7.2708  0.000e+00
     25.960    19.7561   4.725596    34.6495       1747     7.2750  0.000e+00
     25.869    19.7721   4.727323    34.6504       1748     7.2792  0.000e+00
     25.783    19.7883   4.728728    34.6486       1749     7.2833  0.000e+00
     25.708    19.8046   4.730133    34.6468       1750     7.2875  0.000e+00
     25.643    19.8205   4.733123    34.6582       1751     7.2917  0.000e+00
     25.580    19.8420   4.741387    34.7083       1752     7.2958  0.000e+00
     25.525    19.8854   4.747345    34.7213       1753     7.3000  0.000e+00
     25.480    19.9402   4.749441    34.6933       1754     7.3042  0.000e+00
     25.435    19.9844   4.750273    34.6636       1755     7.3083  0.000e+00
     25.389    20.0145   4.750876    34.6437       1756     7.3125  0.000e+00
     25.353    20.0339   4.751084    34.6295       1757     7.3167  0.000e+00
     25.313    20.0457   4.752241    34.6292       1758     7.3208  0.000e+00
     25.266    20.0555   4.753799    34.6339       1759     7.3250  0.000e+00
     25.213    20.0684   4.756515    34.6455       1760     7.3292  0.000e+00
     25.155    20.0873   4.760389    34.6616       1761     7.3333  0.000e+00
     25.081    20.1157   4.765228    34.6778       1762     7.3375  0.000e+00
     25.003    20.1526   4.769170    34.6796       1763     7.3417  0.000e+00
     24.920    20.1935   4.773976    34.6852       1764     7.3458  0.000e+00
     24.833    20.2395   4.782083    34.7134       1765     7.3500  0.000e+00
     24.739    20.3004   4.788624    34.7166       1766     7.3542  0.000e+00
     24.649    20.3659   4.791095    34.6829       1767     7.3583  0.000e+00
     24.559    20.4185   4.793437    34.6589       1768     7.3625  0.000e+00
     24.468    20.4596   4.797381    34.6572       1769     7.3667  0.000e+00
     24.367    20.4989   4.804271    34.6809       1770     7.3708  0.000e+00
     24.271    20.5486   4.810356    34.6895       1771     7.3750  0.000e+00
     24.173    20.6066   4.816213    34.6894       1772     7.3792  0.000e+00
     24.085    20.6691   4.821169    34.6784       1773     7.3833  0.000e+00
     23.987    20.7292   4.822751    34.6421       1774     7.3875  0.000e+00
     23.893    20.7742   4.823654    34.6128       1775     7.3917  0.000e+00
     23.810    20.8049   4.825714    34.6044       1776     7.3958  0.000e+00
     23.721    20.8307   4.829033    34.6102       1777     7.4000  0.000e+00
     23.643    20.8595   4.831557    34.6071       1778     7.4042  0.000e+00
     23.571    20.8886   4.832750    34.5930       1779     7.4083  0.000e+00
     23.495    20.9132   4.836751    34.6053       1780     7.4125  0.000e+00
     23.428    20.9425   4.839806    34.6060       1781     7.4167  0.000e+00
     23.357    20.9753   4.842586    34.6017       1782     7.4208  0.000e+00
     23.301    21.0065   4.843852    34.5866       1783     7.4250  0.000e+00
     23.250    21.0314   4.844859    34.5745       1784     7.4292  0.000e+00
     23.194    21.0497   4.845923    34.5682       1785     7.4333  0.000e+00
     23.147    21.0653   4.846944    34.5638       1786     7.4375  0.000e+00
     23.095    21.0781   4.848016    34.5620       1787     7.4417  0.000e+00
     23.039    21.0903   4.848516    34.5561       1788     7.4458  0.000e+00
     22.990    21.0993   4.848921    34.5521       1789     7.4500  0.000e+00
     22.933    21.1065   4.849233    34.5488       1790     7.4542  0.000e+00
     22.876    21.1123   4.850668    34.5556       1791     7.4583  0.000e+00
     22.818    21.1208   4.851907    34.5587       1792     7.4625  0.000e+00
     22.756    21.1310   4.852435    34.5547       1793     7.4667  0.000e+00
     22.687    21.1406   4.853479    34.5553       1794     7.4708  0.000e+00
     22.618    21.1499   4.854378    34.5549       1795     7.4750  0.000e+00
     22.549    21.1598   4.855030    34.5522       1796     7.4792  0.000e+00
     22.464    21.1680   4.854501    34.5414       1797     7.4833  0.000e+00
     22.381    21.1717   4.855552    34.5469       1798     7.4875  0.000e+00
     22.285    21.1765   4.857516    34.5587       1799     7.4917  0.000e+00
     22.186    21.1883   4.858626    34.5580       1800     7.4958  0.000e+00
     22.081    21.2025   4.859263    34.5517       1801     7.5000  0.000e+00
     21.978    21.2147   4.862164    34.5650       1802     7.5042  0.000e+00
     21.875    21.2341   4.863107    34.5569       1803     7.5083  0.000e+00
     21.773    21.2574   4.871895    34.6082       1804     7.5125  0.000e+00
     21.667    21.3061   4.875394    34.5968       1805     7.5167  0.000e+00
     21.571    21.3621   4.880173    34.5897       1806     7.5208  0.000e+00
     21.491    21.4163   4.885208    34.5861       1807     7.5250  0.000e+00
     21.413    21.4720   4.887992    34.5633       1808     7.5292  0.000e+00
     21.335    21.5233   4.889481    34.5339       1809     7.5333  0.000e+00
     21.268    21.5656   4.892200    34.5216       1810     7.5375  0.000e+00
     21.203    21.6094   4.893545    34.4971       1811     7.5417  0.000e+00
     21.142    21.6592   4.895443    34.4722       1812     7.5458  0.000e+00
     21.078    21.7062   4.897705    34.4525       1813     7.5500  0.000e+00
     21.017    21.7470   4.899123    34.4312       1814     7.5542  0.000e+00
     20.950    21.7827   4.897755    34.3919       1815     7.5583  0.000e+00
     20.881    21.8126   4.897223    34.3640       1816     7.5625  0.000e+00
     20.807    21.8364   4.896946    34.3428       1817     7.5667  0.000e+00
     20.724    21.8550   4.895716    34.3184       1818     7.5708  0.000e+00
     20.649    21.8697   4.891948    34.2771       1819     7.5750  0.000e+00
     20.562    21.8831   4.888428    34.2389       1820     7.5792  0.000e+00
     20.472    21.8950   4.887068    34.2188       1821     7.5833  0.000e+00
     20.376    21.9096   4.885091    34.1917       1822     7.5875  0.000e+00
     20.280    21.9289   4.882024    34.1525       1823     7.5917  0.000e+00
     20.175    21.9442   4.876996    34.1009       1824     7.5958  0.000e+00
     20.076    21.9522   4.868109    34.0250       1825     7.6000  0.000e+00
     19.974    21.9530   4.864394    33.9952       1826     7.6042  0.000e+00
     19.877    21.9508   4.862123    33.9792       1827     7.6083  0.000e+00
     19.777    21.9494   4.860549    33.9680       1828     7.6125  0.000e+00
     19.685    21.9537   4.859773    33.9586       1829     7.6167  0.000e+00
     19.587    21.9636   4.859968    33.9524       1830     7.6208  0.000e+00
     19.502    21.9760   4.859468    33.9388       1831     7.6250  0.000e+00
     19.428    21.9918   4.856560    33.9036       1832     7.6292  0.000e+00
     19.356    22.0100   4.857364    33.8957       1833     7.6333  0.000e+00
     19.291    22.0291   4.857603    33.8826       1834     7.6375  0.000e+00
     19.229    22.0477   4.857610    33.8682       1835     7.6417  0.000e+00
     19.157    22.0648   4.858828    33.8644       1836     7.6458  0.000e+00
     19.093    22.0823   4.860293    33.8622       1837     7.6500  0.000e+00
     19.030    22.1015   4.861155    33.8539       1838     7.6542  0.000e+00
     18.963    22.1222   4.862091    33.8451       1839     7.6583  0.000e+00
     18.898    22.1479   4.863730    33.8379       1840     7.6625  0.000e+00
     18.825    22.1786   4.865275    33.8261       1841     7.6667  0.000e+00
     18.748    22.2078   4.866522    33.8131       1842     7.6708  0.000e+00
     18.663    22.2331   4.868772    33.8109       1843     7.6750  0.000e+00
     18.582    22.2599   4.871791    33.8137       1844     7.6792  0.000e+00
     18.490    22.2986   4.876263    33.8184       1845     7.6833  0.000e+00
     18.395    22.3510   4.879960    33.8065       1846     7.6875  0.000e+00
     18.305    22.4078   4.883243    33.7879       1847     7.6917  0.000e+00
     18.202    22.4612   4.885241    33.7621       1848     7.6958  0.000e+00
     18.104    22.5051   4.887559    33.7460       1849     7.7000  0.000e+00
     18.008    22.5458   4.890460    33.7371       1850     7.7042  0.000e+00
     17.896    22.5891   4.894532    33.7352       1851     7.7083  0.000e+00
     17.793    22.6377   4.897128    33.7177       1852     7.7125  0.000e+00
     17.687    22.6843   4.898161    33.6898       1853     7.7167  0.000e+00
     17.580    22.7189   4.899055    33.6701       1854     7.7208  0.000e+00
     17.484    22.7443   4.900117    33.6588       1855     7.7250  0.000e+00
     17.388    22.7644   4.901653    33.6552       1856     7.7292  0.000e+00
