HB2303/sbe097.cnv
* Sea-Bird SBE 19plus V2 Data File:
* FileName = C:\cruise\data\sbe097.hex
* Software Version Seasave V 7.26.7.121
* Temperature SN = 6128
* Conductivity SN = 6128
* System UpLoad Time = Aug 18 2023 02:28:04
* NMEA Latitude = 41 48.03 N
* NMEA Longitude = 066 39.73 W
* NMEA UTC (Time) = Aug 18 2023 02:28:00
** Ship: Henry Bigelow
** Cruise:  HB2303
** Program:  ECOMON
# nquan = 7
# nvalues = 1510                                  
# units = specified
# name 0 = depSM: Depth [salt water, m]
# name 1 = tv290C: Temperature [ITS-90, deg C]
# name 2 = c0S/m: Conductivity [S/m]
# name 3 = sal00: Salinity, Practical [PSU]
# name 4 = scan: Scan Count
# name 5 = timeM: Time, Elapsed [minutes]
# name 6 = flag:  0.000e+00
# span 0 =     -0.133,     65.457                 
# span 1 =    11.6594,    19.5323                 
# span 2 =   0.009427,   4.297344                 
# span 3 =     0.0531,    32.9004                 
# span 4 =         11,       1520                 
# span 5 =     0.0417,     6.3292                 
# span 6 = 0.0000e+00, 0.0000e+00                 
# interval = seconds: 0.25
# start_time = Aug 18 2023 02:28:00 [NMEA time, header]
# bad_flag = -9.990e-29
*END*
      0.029    19.5118   0.011432     0.0634         11     0.0417  0.000e+00
      0.025    19.5124   0.011306     0.0627         12     0.0458  0.000e+00
      0.031    19.5135   0.011309     0.0627         13     0.0500  0.000e+00
      0.036    19.5136   0.011465     0.0635         14     0.0542  0.000e+00
      0.038    19.5147   0.011414     0.0633         15     0.0583  0.000e+00
      0.032    19.5150   0.011233     0.0624         16     0.0625  0.000e+00
      0.027    19.5156   0.011104     0.0617         17     0.0667  0.000e+00
      0.034    19.5158   0.010936     0.0608         18     0.0708  0.000e+00
      0.038    19.5171   0.011005     0.0612         19     0.0750  0.000e+00
      0.036    19.5176   0.011029     0.0613         20     0.0792  0.000e+00
      0.026    19.5175   0.010906     0.0607         21     0.0833  0.000e+00
      0.022    19.5187   0.010738     0.0598         22     0.0875  0.000e+00
      0.033    19.5190   0.010720     0.0597         23     0.0917  0.000e+00
      0.031    19.5198   0.010729     0.0598         24     0.0958  0.000e+00
      0.029    19.5204   0.010759     0.0599         25     0.1000  0.000e+00
      0.029    19.5202   0.010702     0.0596         26     0.1042  0.000e+00
      0.033    19.5206   0.010615     0.0592         27     0.1083  0.000e+00
      0.025    19.5215   0.010525     0.0587         28     0.1125  0.000e+00
      0.024    19.5226   0.010438     0.0583         29     0.1167  0.000e+00
      0.026    19.5224   0.010393     0.0580         30     0.1208  0.000e+00
      0.033    19.5228   0.010462     0.0584         31     0.1250  0.000e+00
      0.033    19.5234   0.010438     0.0583         32     0.1292  0.000e+00
      0.024    19.5236   0.010159     0.0568         33     0.1333  0.000e+00
      0.022    19.5244   0.010189     0.0570         34     0.1375  0.000e+00
      0.028    19.5250   0.010423     0.0582         35     0.1417  0.000e+00
      0.024    19.5246   0.010309     0.0576         36     0.1458  0.000e+00
      0.022    19.5253   0.010204     0.0571         37     0.1500  0.000e+00
      0.026    19.5261   0.010180     0.0569         38     0.1542  0.000e+00
      0.031    19.5264   0.010171     0.0569         39     0.1583  0.000e+00
      0.024    19.5268   0.010165     0.0569         40     0.1625  0.000e+00
      0.023    19.5268   0.010108     0.0566         41     0.1667  0.000e+00
      0.024    19.5273   0.010033     0.0562         42     0.1708  0.000e+00
      0.021    19.5274   0.010012     0.0561         43     0.1750  0.000e+00
      0.024    19.5278   0.010033     0.0562         44     0.1792  0.000e+00
      0.024    19.5287   0.010009     0.0561         45     0.1833  0.000e+00
      0.019    19.5291   0.009928     0.0557         46     0.1875  0.000e+00
      0.023    19.5292   0.009868     0.0554         47     0.1917  0.000e+00
      0.031    19.5300   0.009907     0.0556         48     0.1958  0.000e+00
      0.030    19.5296   0.009874     0.0554         49     0.2000  0.000e+00
      0.028    19.5304   0.009817     0.0551         50     0.2042  0.000e+00
      0.024    19.5303   0.009775     0.0549         51     0.2083  0.000e+00
      0.028    19.5310   0.009691     0.0545         52     0.2125  0.000e+00
      0.030    19.5311   0.009679     0.0544         53     0.2167  0.000e+00
      0.028    19.5314   0.009610     0.0540         54     0.2208  0.000e+00
      0.024    19.5315   0.009523     0.0536         55     0.2250  0.000e+00
      0.021    19.5313   0.009445     0.0532         56     0.2292  0.000e+00
      0.021    19.5323   0.009472     0.0533         57     0.2333  0.000e+00
      0.023    19.5322   0.009484     0.0534         58     0.2375  0.000e+00
      0.021    19.5317   0.009427     0.0531         59     0.2417  0.000e+00
      0.019    19.5318   0.009472     0.0533         60     0.2458  0.000e+00
      0.017    19.5305   0.009445     0.0532         61     0.2500  0.000e+00
      0.019    19.5293   0.009466     0.0533         62     0.2542  0.000e+00
      0.023    19.5288   0.009562     0.0538         63     0.2583  0.000e+00
      0.023    19.5266   0.009604     0.0540         64     0.2625  0.000e+00
      0.016    19.5240   0.009541     0.0537         65     0.2667  0.000e+00
      0.017    19.5221   0.564808     3.4527         66     0.2708  0.000e+00
      0.014    19.5199   0.822808     5.1654         67     0.2750  0.000e+00
      0.014    19.5180   1.698389    11.2978         68     0.2792  0.000e+00
      0.014    19.5169   1.806654    12.0833         69     0.2833  0.000e+00
      0.060    19.4780   4.282329    31.2493         70     0.2875  0.000e+00
      0.147    19.3755   2.697930    18.7905         71     0.2917  0.000e+00
      0.239    19.2670   2.551835    17.7229         72     0.2958  0.000e+00
      0.326    19.1726   2.702413    18.9161         73     0.3000  0.000e+00
      0.414    19.0867   4.289737    31.6048         74     0.3042  0.000e+00
      0.519    19.0126   3.035973    21.5818         75     0.3083  0.000e+00
      0.658    18.9557   3.967230    29.0597         76     0.3125  0.000e+00
      0.817    18.9070   4.293897    31.7762         77     0.3167  0.000e+00
      0.950    18.8637   4.296941    31.8346         78     0.3208  0.000e+00
      1.030    18.8218   4.294856    31.8495         79     0.3250  0.000e+00
      1.073    18.7672   4.292337    31.8707         80     0.3292  0.000e+00
      1.102    18.7120   4.292179    31.9119         81     0.3333  0.000e+00
      1.118    18.6605   4.295615    31.9803         82     0.3375  0.000e+00
      1.152    18.6228   4.297344    32.0240         83     0.3417  0.000e+00
      1.188    18.5985   4.297069    32.0405         84     0.3458  0.000e+00
      1.234    18.6009   4.295175    32.0228         85     0.3500  0.000e+00
      1.311    18.6290   4.289324    31.9524         86     0.3542  0.000e+00
      1.420    18.6665   4.285512    31.8916         87     0.3583  0.000e+00
      1.535    18.7025   4.286337    31.8706         88     0.3625  0.000e+00
      1.692    18.7230   4.289598    31.8819         89     0.3667  0.000e+00
      1.867    18.7266   4.295670    31.9294         90     0.3708  0.000e+00
      2.049    18.7191   4.295401    31.9329         91     0.3750  0.000e+00
      2.207    18.7037   4.294410    31.9365         92     0.3792  0.000e+00
      2.340    18.6743   4.294603    31.9608         93     0.3833  0.000e+00
      2.468    18.6498   4.295602    31.9881         94     0.3875  0.000e+00
      2.578    18.6308   4.292546    31.9773         95     0.3917  0.000e+00
      2.680    18.6182   4.291238    31.9761         96     0.3958  0.000e+00
      2.756    18.6259   4.288038    31.9435         97     0.4000  0.000e+00
      2.824    18.6496   4.287012    31.9167         98     0.4042  0.000e+00
      2.851    18.6735   4.285932    31.8892         99     0.4083  0.000e+00
      2.859    18.6906   4.285044    31.8686        100     0.4125  0.000e+00
      2.884    18.7004   4.284693    31.8581        101     0.4167  0.000e+00
      2.949    18.7032   4.284026    31.8505        102     0.4208  0.000e+00
      3.064    18.6999   4.283951    31.8523        103     0.4250  0.000e+00
      3.203    18.6916   4.284398    31.8624        104     0.4292  0.000e+00
      3.369    18.6830   4.284343    31.8685        105     0.4333  0.000e+00
      3.526    18.6743   4.284343    31.8752        106     0.4375  0.000e+00
      3.703    18.6693   4.284467    31.8800        107     0.4417  0.000e+00
      3.884    18.6665   4.285458    31.8904        108     0.4458  0.000e+00
      4.061    18.6638   4.289896    31.9292        109     0.4500  0.000e+00
      4.256    18.6619   4.292078    31.9488        110     0.4542  0.000e+00
      4.433    18.6569   4.289724    31.9330        111     0.4583  0.000e+00
      4.615    18.6297   4.281057    31.8819        112     0.4625  0.000e+00
      4.778    18.5675   4.268118    31.8223        113     0.4667  0.000e+00
      4.915    18.4874   4.262256    31.8352        114     0.4708  0.000e+00
      5.034    18.4086   4.260926    31.8851        115     0.4750  0.000e+00
      5.137    18.3457   4.261476    31.9384        116     0.4792  0.000e+00
      5.242    18.3016   4.270938    32.0519        117     0.4833  0.000e+00
      5.357    18.2719   4.274587    32.1057        118     0.4875  0.000e+00
      5.482    18.2498   4.269751    32.0824        119     0.4917  0.000e+00
      5.617    18.2594   3.751471    27.7709        120     0.4958  0.000e+00
      5.747    18.3083   4.285175    32.1659        121     0.5000  0.000e+00
      5.884    18.3650   4.284575    32.1165        122     0.5042  0.000e+00
      6.011    18.4270   4.283433    32.0585        123     0.5083  0.000e+00
      6.134    18.4883   4.282999    32.0071        124     0.5125  0.000e+00
      6.251    18.5337   4.283356    31.9748        125     0.5167  0.000e+00
      6.365    18.5636   4.284786    31.9635        126     0.5208  0.000e+00
      6.475    18.5822   4.286526    31.9635        127     0.5250  0.000e+00
      6.596    18.5924   4.287345    31.9624        128     0.5292  0.000e+00
      6.710    18.5981   4.286189    31.9483        129     0.5333  0.000e+00
      6.825    18.6027   4.284297    31.9290        130     0.5375  0.000e+00
      6.943    18.6078   4.283878    31.9215        131     0.5417  0.000e+00
      7.063    18.6146   4.283410    31.9123        132     0.5458  0.000e+00
      7.197    18.6203   4.282839    31.9031        133     0.5500  0.000e+00
      7.336    18.6235   4.283101    31.9027        134     0.5542  0.000e+00
      7.488    18.6258   4.283603    31.9051        135     0.5583  0.000e+00
      7.658    18.6269   4.284710    31.9134        136     0.5625  0.000e+00
      7.835    18.6271   4.287173    31.9336        137     0.5667  0.000e+00
      8.012    18.6267   4.288508    31.9450        138     0.5708  0.000e+00
      8.187    18.6249   4.287820    31.9406        139     0.5750  0.000e+00
      8.356    18.6146   4.286203    31.9351        140     0.5792  0.000e+00
      8.526    18.5511   4.276626    31.9044        141     0.5833  0.000e+00
      8.692    18.3855   4.255775    31.8586        142     0.5875  0.000e+00
      8.846    18.1793   4.234413    31.8396        143     0.5917  0.000e+00
      8.981    17.9698   4.218405    31.8679        144     0.5958  0.000e+00
      9.098    17.7782   4.210646    31.9521        145     0.6000  0.000e+00
      9.198    17.6233   4.214843    32.1096        146     0.6042  0.000e+00
      9.273    17.5144   4.245360    32.4561        147     0.6083  0.000e+00
      9.342    17.4455   4.266927    32.6958        148     0.6125  0.000e+00
      9.398    17.4021   4.276305    32.8112        149     0.6167  0.000e+00
      9.448    17.4169   4.273563    32.7758        150     0.6208  0.000e+00
      9.490    17.4898   4.268856    32.6766        151     0.6250  0.000e+00
      9.540    17.6278   4.267296    32.5524        152     0.6292  0.000e+00
      9.603    17.7918   4.272197    32.4630        153     0.6333  0.000e+00
      9.674    17.9495   4.276140    32.3711        154     0.6375  0.000e+00
      9.764    18.0697   4.276963    32.2830        155     0.6417  0.000e+00
      9.873    18.1698   4.277044    32.2048        156     0.6458  0.000e+00
     10.004    18.2481   4.277256    32.1451        157     0.6500  0.000e+00
     10.154    18.3113   4.277351    32.0964        158     0.6542  0.000e+00
     10.308    18.3591   4.277406    32.0595        159     0.6583  0.000e+00
     10.474    18.3943   4.277426    32.0322        160     0.6625  0.000e+00
     10.643    18.4192   4.276216    32.0026        161     0.6667  0.000e+00
     10.817    18.4383   4.274120    31.9702        162     0.6708  0.000e+00
     10.994    18.4465   4.272773    31.9525        163     0.6750  0.000e+00
     11.173    18.3576   4.254741    31.8708        164     0.6792  0.000e+00
     11.353    18.1574   4.222573    31.7563        165     0.6833  0.000e+00
     11.528    17.9080   4.199582    31.7563        166     0.6875  0.000e+00
     11.689    17.6739   4.188424    31.8445        167     0.6917  0.000e+00
     11.830    17.4862   4.183031    31.9459        168     0.6958  0.000e+00
     11.960    17.3460   4.182679    32.0535        169     0.7000  0.000e+00
     12.076    17.2435   4.184649    32.1517        170     0.7042  0.000e+00
     12.177    17.1757   4.200199    32.3393        171     0.7083  0.000e+00
     12.266    17.1373   4.227101    32.6016        172     0.7125  0.000e+00
     12.347    17.1141   4.238496    32.7185        173     0.7167  0.000e+00
     12.421    17.1043   4.236353    32.7081        174     0.7208  0.000e+00
     12.490    17.1544   4.241036    32.7078        175     0.7250  0.000e+00
     12.566    17.2550   4.249086    32.6955        176     0.7292  0.000e+00
     12.641    17.3696   4.255373    32.6569        177     0.7333  0.000e+00
     12.735    17.4896   4.260839    32.6070        178     0.7375  0.000e+00
     12.836    17.6168   4.264660    32.5375        179     0.7417  0.000e+00
     12.961    17.7506   4.266560    32.4468        180     0.7458  0.000e+00
     13.093    17.8682   4.267513    32.3613        181     0.7500  0.000e+00
     13.244    17.9632   4.267972    32.2900        182     0.7542  0.000e+00
     13.401    18.0418   4.268081    32.2288        183     0.7583  0.000e+00
     13.566    18.1077   4.267833    32.1748        184     0.7625  0.000e+00
     13.740    18.1613   4.264646    32.1059        185     0.7667  0.000e+00
     13.917    18.2064   4.259883    32.0305        186     0.7708  0.000e+00
     14.098    18.2341   4.258462    31.9969        187     0.7750  0.000e+00
     14.278    18.1659   4.244161    31.9300        188     0.7792  0.000e+00
     14.462    17.9831   4.215878    31.8343        189     0.7833  0.000e+00
     14.643    17.7486   4.191600    31.8120        190     0.7875  0.000e+00
     14.814    17.5344   4.180539    31.8857        191     0.7917  0.000e+00
     14.977    17.3600   4.176866    31.9917        192     0.7958  0.000e+00
     15.134    17.2263   4.174839    32.0801        193     0.8000  0.000e+00
     15.271    17.1301   4.174984    32.1578        194     0.8042  0.000e+00
     15.398    17.0635   4.177122    32.2293        195     0.8083  0.000e+00
     15.510    17.0186   4.193171    32.4037        196     0.8125  0.000e+00
     15.604    16.9920   4.217826    32.6380        197     0.8167  0.000e+00
     15.685    16.9712   4.238232    32.8314        198     0.8208  0.000e+00
     15.754    16.9617   4.245322    32.9004        199     0.8250  0.000e+00
     15.810    16.9975   4.237499    32.8035        200     0.8292  0.000e+00
     15.866    17.0783   4.230448    32.6770        201     0.8333  0.000e+00
     15.916    17.1894   4.235710    32.6323        202     0.8375  0.000e+00
     15.974    17.3148   4.243440    32.5975        203     0.8417  0.000e+00
     16.043    17.4351   4.251101    32.5664        204     0.8458  0.000e+00
     16.117    17.5502   4.254994    32.5073        205     0.8500  0.000e+00
     16.204    17.6575   4.256447    32.4338        206     0.8542  0.000e+00
     16.310    17.7629   4.256590    32.3512        207     0.8583  0.000e+00
     16.427    17.8551   4.256492    32.2772        208     0.8625  0.000e+00
     16.552    17.9431   4.255373    32.1982        209     0.8667  0.000e+00
     16.693    18.0153   4.253575    32.1262        210     0.8708  0.000e+00
     16.840    18.0689   4.252724    32.0769        211     0.8750  0.000e+00
     17.005    18.1093   4.252463    32.0430        212     0.8792  0.000e+00
     17.167    18.1358   4.252161    32.0197        213     0.8833  0.000e+00
     17.342    18.1522   4.251071    31.9977        214     0.8875  0.000e+00
     17.514    18.1630   4.249206    31.9735        215     0.8917  0.000e+00
