HB2303/sbe045.cnv
* Sea-Bird SBE 19plus V2 Data File:
* FileName = C:\cruise\data\sbe045.hex
* Software Version Seasave V 7.26.7.121
* Temperature SN = 6128
* Conductivity SN = 6128
* System UpLoad Time = Aug 12 2023 21:53:22
* NMEA Latitude = 37 50.53 N
* NMEA Longitude = 074 34.72 W
* NMEA UTC (Time) = Aug 12 2023 21:53:18
** Ship: Henry Bigelow
** Cruise:  HB2303
** Program:  ECOMON
# nquan = 7
# nvalues = 1259                                  
# units = specified
# name 0 = depSM: Depth [salt water, m]
# name 1 = tv290C: Temperature [ITS-90, deg C]
# name 2 = c0S/m: Conductivity [S/m]
# name 3 = sal00: Salinity, Practical [PSU]
# name 4 = scan: Scan Count
# name 5 = timeM: Time, Elapsed [minutes]
# name 6 = flag:  0.000e+00
# span 0 =     -0.195,     50.838                 
# span 1 =     9.2849,    26.7135                 
# span 2 =   0.000180,   4.931491                 
# span 3 =     0.0125,    33.7663                 
# span 4 =         11,       1269                 
# span 5 =     0.0417,     5.2833                 
# span 6 = 0.0000e+00, 0.0000e+00                 
# interval = seconds: 0.25
# start_time = Aug 12 2023 21:53:18 [NMEA time, header]
# bad_flag = -9.990e-29
*END*
     -0.091    26.6375   0.000186     0.0125         11     0.0417  0.000e+00
     -0.091    26.6394   0.000186     0.0125         12     0.0458  0.000e+00
     -0.093    26.6412   0.000192     0.0125         13     0.0500  0.000e+00
     -0.091    26.6431   0.000186     0.0125         14     0.0542  0.000e+00
     -0.087    26.6444   0.000192     0.0125         15     0.0583  0.000e+00
     -0.087    26.6463   0.000189     0.0125         16     0.0625  0.000e+00
     -0.089    26.6486   0.000186     0.0125         17     0.0667  0.000e+00
     -0.087    26.6503   0.000192     0.0125         18     0.0708  0.000e+00
     -0.091    26.6513   0.000192     0.0125         19     0.0750  0.000e+00
     -0.089    26.6526   0.000186     0.0125         20     0.0792  0.000e+00
     -0.087    26.6540   0.000180     0.0125         21     0.0833  0.000e+00
     -0.087    26.6557   0.000198     0.0125         22     0.0875  0.000e+00
     -0.087    26.6573   0.000192     0.0125         23     0.0917  0.000e+00
     -0.089    26.6591   0.000180     0.0125         24     0.0958  0.000e+00
     -0.087    26.6608   0.000192     0.0125         25     0.1000  0.000e+00
     -0.093    26.6621   0.000189     0.0125         26     0.1042  0.000e+00
     -0.091    26.6634   0.000186     0.0125         27     0.1083  0.000e+00
     -0.096    26.6645   0.000192     0.0125         28     0.1125  0.000e+00
     -0.093    26.6655   0.000189     0.0125         29     0.1167  0.000e+00
     -0.092    26.6667   0.000192     0.0125         30     0.1208  0.000e+00
     -0.094    26.6674   0.000180     0.0125         31     0.1250  0.000e+00
     -0.090    26.6681   0.000192     0.0125         32     0.1292  0.000e+00
     -0.092    26.6686   0.000192     0.0125         33     0.1333  0.000e+00
     -0.096    26.6697   0.000186     0.0125         34     0.1375  0.000e+00
     -0.090    26.6713   0.000192     0.0125         35     0.1417  0.000e+00
     -0.094    26.6726   0.000183     0.0125         36     0.1458  0.000e+00
     -0.092    26.6736   0.000192     0.0125         37     0.1500  0.000e+00
     -0.090    26.6745   0.000192     0.0125         38     0.1542  0.000e+00
     -0.092    26.6757   0.000183     0.0125         39     0.1583  0.000e+00
     -0.092    26.6771   0.000186     0.0125         40     0.1625  0.000e+00
     -0.094    26.6785   0.000192     0.0125         41     0.1667  0.000e+00
     -0.094    26.6786   0.000198     0.0125         42     0.1708  0.000e+00
     -0.094    26.6798   0.000186     0.0125         43     0.1750  0.000e+00
     -0.092    26.6808   0.000180     0.0125         44     0.1792  0.000e+00
     -0.098    26.6815   0.000183     0.0125         45     0.1833  0.000e+00
     -0.098    26.6824   0.000180     0.0125         46     0.1875  0.000e+00
     -0.096    26.6827   0.000186     0.0125         47     0.1917  0.000e+00
     -0.098    26.6833   0.000189     0.0125         48     0.1958  0.000e+00
     -0.100    26.6836   0.000192     0.0125         49     0.2000  0.000e+00
     -0.098    26.6842   0.000186     0.0125         50     0.2042  0.000e+00
     -0.100    26.6845   0.000192     0.0125         51     0.2083  0.000e+00
     -0.094    26.6846   0.000189     0.0125         52     0.2125  0.000e+00
     -0.096    26.6846   0.000192     0.0125         53     0.2167  0.000e+00
     -0.093    26.6851   0.000192     0.0125         54     0.2208  0.000e+00
     -0.094    26.6848   0.000183     0.0125         55     0.2250  0.000e+00
     -0.096    26.6850   0.000192     0.0125         56     0.2292  0.000e+00
     -0.096    26.6857   0.000186     0.0125         57     0.2333  0.000e+00
     -0.093    26.6862   0.000189     0.0125         58     0.2375  0.000e+00
     -0.094    26.6868   0.000192     0.0125         59     0.2417  0.000e+00
     -0.091    26.6879   0.000192     0.0125         60     0.2458  0.000e+00
     -0.096    26.6887   0.000189     0.0125         61     0.2500  0.000e+00
     -0.091    26.6897   0.000186     0.0125         62     0.2542  0.000e+00
     -0.091    26.6904   0.000192     0.0125         63     0.2583  0.000e+00
     -0.089    26.6913   0.000192     0.0125         64     0.2625  0.000e+00
     -0.087    26.6925   0.000189     0.0125         65     0.2667  0.000e+00
     -0.091    26.6935   0.000192     0.0125         66     0.2708  0.000e+00
     -0.091    26.6937   0.000192     0.0125         67     0.2750  0.000e+00
     -0.094    26.6945   0.000183     0.0125         68     0.2792  0.000e+00
     -0.094    26.6953   0.000192     0.0125         69     0.2833  0.000e+00
     -0.092    26.6963   0.000180     0.0125         70     0.2875  0.000e+00
     -0.094    26.6967   0.000198     0.0125         71     0.2917  0.000e+00
     -0.096    26.6977   0.000198     0.0125         72     0.2958  0.000e+00
     -0.094    26.6985   0.000192     0.0125         73     0.3000  0.000e+00
     -0.098    26.6993   0.000189     0.0125         74     0.3042  0.000e+00
     -0.094    26.6999   0.000192     0.0125         75     0.3083  0.000e+00
     -0.098    26.7006   0.000192     0.0125         76     0.3125  0.000e+00
     -0.094    26.7016   0.000186     0.0125         77     0.3167  0.000e+00
     -0.098    26.7021   0.000189     0.0125         78     0.3208  0.000e+00
     -0.102    26.7024   0.000186     0.0125         79     0.3250  0.000e+00
     -0.094    26.7022   0.000186     0.0125         80     0.3292  0.000e+00
     -0.100    26.7027   0.000189     0.0125         81     0.3333  0.000e+00
     -0.091    26.7030   0.000186     0.0125         82     0.3375  0.000e+00
     -0.096    26.7031   0.000192     0.0125         83     0.3417  0.000e+00
     -0.092    26.7032   0.000189     0.0125         84     0.3458  0.000e+00
     -0.096    26.7034   0.000192     0.0125         85     0.3500  0.000e+00
     -0.094    26.7032   0.000192     0.0125         86     0.3542  0.000e+00
     -0.098    26.7032   0.000192     0.0125         87     0.3583  0.000e+00
     -0.091    26.7033   0.000186     0.0125         88     0.3625  0.000e+00
     -0.098    26.7029   0.000180     0.0125         89     0.3667  0.000e+00
     -0.100    26.7030   0.000186     0.0125         90     0.3708  0.000e+00
     -0.096    26.7029   0.000189     0.0125         91     0.3750  0.000e+00
     -0.098    26.7023   0.000186     0.0125         92     0.3792  0.000e+00
     -0.096    26.7020   0.000186     0.0125         93     0.3833  0.000e+00
     -0.099    26.7012   0.000183     0.0125         94     0.3875  0.000e+00
     -0.096    26.7010   0.000180     0.0125         95     0.3917  0.000e+00
     -0.092    26.7005   0.000180     0.0125         96     0.3958  0.000e+00
     -0.094    26.7007   0.000183     0.0125         97     0.4000  0.000e+00
     -0.098    26.7016   0.000186     0.0125         98     0.4042  0.000e+00
     -0.096    26.7022   0.000186     0.0125         99     0.4083  0.000e+00
     -0.092    26.7029   0.000183     0.0125        100     0.4125  0.000e+00
     -0.090    26.7028   0.000186     0.0125        101     0.4167  0.000e+00
     -0.098    26.7032   0.000192     0.0125        102     0.4208  0.000e+00
     -0.097    26.7039   0.000192     0.0125        103     0.4250  0.000e+00
     -0.099    26.7040   0.000183     0.0125        104     0.4292  0.000e+00
     -0.096    26.7045   0.000186     0.0125        105     0.4333  0.000e+00
     -0.097    26.7047   0.000192     0.0125        106     0.4375  0.000e+00
     -0.098    26.7054   0.000189     0.0125        107     0.4417  0.000e+00
     -0.094    26.7057   0.000180     0.0125        108     0.4458  0.000e+00
     -0.096    26.7061   0.000192     0.0125        109     0.4500  0.000e+00
     -0.097    26.7066   0.000189     0.0125        110     0.4542  0.000e+00
     -0.096    26.7069   0.000186     0.0125        111     0.4583  0.000e+00
     -0.090    26.7075   0.000186     0.0125        112     0.4625  0.000e+00
     -0.090    26.7077   0.000192     0.0125        113     0.4667  0.000e+00
     -0.096    26.7087   0.000192     0.0125        114     0.4708  0.000e+00
     -0.096    26.7093   0.000186     0.0125        115     0.4750  0.000e+00
     -0.094    26.7092   0.000192     0.0125        116     0.4792  0.000e+00
     -0.090    26.7088   0.000192     0.0125        117     0.4833  0.000e+00
     -0.092    26.7090   0.000186     0.0125        118     0.4875  0.000e+00
     -0.094    26.7093   0.000186     0.0125        119     0.4917  0.000e+00
     -0.096    26.7097   0.000189     0.0125        120     0.4958  0.000e+00
     -0.096    26.7103   0.000198     0.0125        121     0.5000  0.000e+00
     -0.090    26.7100   0.000192     0.0125        122     0.5042  0.000e+00
     -0.090    26.7107   0.000189     0.0125        123     0.5083  0.000e+00
     -0.094    26.7102   0.000186     0.0125        124     0.5125  0.000e+00
     -0.101    26.7105   0.000186     0.0125        125     0.5167  0.000e+00
     -0.098    26.7111   0.000183     0.0125        126     0.5208  0.000e+00
     -0.002    26.7127   0.000186     0.0125        127     0.5250  0.000e+00
      0.063    26.7135   0.198144     0.9711        128     0.5292  0.000e+00
      0.076    26.7108   3.185846    19.1188        129     0.5333  0.000e+00
      0.114    26.6413   2.061086    11.8837        130     0.5375  0.000e+00
      0.210    26.4761   2.687486    15.9388        131     0.5417  0.000e+00
      0.372    26.3236   2.519744    14.9008        132     0.5458  0.000e+00
      0.518    26.2154   2.776278    16.6100        133     0.5500  0.000e+00
      0.654    26.1458   3.080850    18.6510        134     0.5542  0.000e+00
      0.770    26.1042   3.663367    22.5986        135     0.5583  0.000e+00
      0.916    26.0766   2.716716    16.2680        136     0.5625  0.000e+00
      1.068    26.0485   4.386322    27.6341        137     0.5667  0.000e+00
      1.189    26.0214   3.304053    20.1991        138     0.5708  0.000e+00
      1.301    25.9961   2.593603    15.4884        139     0.5750  0.000e+00
      1.424    25.9859   4.931491    31.5407        140     0.5792  0.000e+00
      1.568    25.9999   4.929097    31.5139        141     0.5833  0.000e+00
      1.691    26.0115   3.766580    23.3511        142     0.5875  0.000e+00
      1.794    26.0087   3.926275    24.4525        143     0.5917  0.000e+00
      1.897    26.0003   4.926427    31.4944        144     0.5958  0.000e+00
      2.000    25.9902   4.924064    31.4844        145     0.6000  0.000e+00
      2.065    25.9777   4.924962    31.4994        146     0.6042  0.000e+00
      2.111    25.9656   4.924262    31.5026        147     0.6083  0.000e+00
      2.167    25.9555   4.923810    31.5063        148     0.6125  0.000e+00
      2.229    25.9472   4.923299    31.5083        149     0.6167  0.000e+00
      2.317    25.9409   4.922796    31.5090        150     0.6208  0.000e+00
      2.424    25.9370   4.922935    31.5127        151     0.6250  0.000e+00
      2.550    25.9332   4.922344    31.5110        152     0.6292  0.000e+00
      2.702    25.9276   4.921812    31.5110        153     0.6333  0.000e+00
      2.863    25.9212   4.921309    31.5117        154     0.6375  0.000e+00
      3.023    25.9160   4.920405    31.5088        155     0.6417  0.000e+00
      3.193    25.9101   4.919647    31.5073        156     0.6458  0.000e+00
      3.365    25.9029   4.919618    31.5120        157     0.6500  0.000e+00
      3.533    25.8942   4.919341    31.5160        158     0.6542  0.000e+00
      3.706    25.8892   4.918751    31.5151        159     0.6583  0.000e+00
      3.883    25.8889   4.917293    31.5049        160     0.6625  0.000e+00
      4.061    25.8917   4.916951    31.5004        161     0.6667  0.000e+00
      4.245    25.8947   4.922010    31.5346        162     0.6708  0.000e+00
      4.413    25.8962   4.925752    31.5604        163     0.6750  0.000e+00
      4.582    25.8916   4.922856    31.5427        164     0.6792  0.000e+00
      4.750    25.8624   4.918249    31.5297        165     0.6833  0.000e+00
      4.926    25.8045   4.913783    31.5373        166     0.6875  0.000e+00
      5.099    25.7347   4.906616    31.5338        167     0.6917  0.000e+00
      5.283    25.6702   4.896237    31.5035        168     0.6958  0.000e+00
      5.464    25.6007   4.887141    31.4857        169     0.7000  0.000e+00
      5.650    25.5280   4.877455    31.4659        170     0.7042  0.000e+00
      5.827    25.4571   4.871683    31.4731        171     0.7083  0.000e+00
      5.999    25.3843   4.869601    31.5083        172     0.7125  0.000e+00
      6.176    25.3226   4.876602    31.6018        173     0.7167  0.000e+00
      6.351    25.2832   4.892643    31.7457        174     0.7208  0.000e+00
      6.515    25.2615   4.811386    31.1707        175     0.7250  0.000e+00
      6.680    25.2652   4.397434    28.1885        176     0.7292  0.000e+00
      6.843    25.3045   3.849140    24.2888        177     0.7333  0.000e+00
      6.996    25.3519   4.336955    27.7040        178     0.7375  0.000e+00
      7.146    25.3897   4.818753    31.1361        179     0.7417  0.000e+00
      7.292    25.4238   4.103756    26.0106        180     0.7458  0.000e+00
      7.441    25.4254   4.803154    30.9990        181     0.7500  0.000e+00
      7.578    25.3794   4.814924    31.1154        182     0.7542  0.000e+00
      7.722    25.3052   4.802146    31.0735        183     0.7583  0.000e+00
      7.878    25.2200   4.115597    26.2106        184     0.7625  0.000e+00
      8.022    25.1434   4.267561    27.3354        185     0.7667  0.000e+00
      8.170    25.0931   4.552278    29.4087        186     0.7708  0.000e+00
      8.316    25.0823   4.898562    31.9292        187     0.7750  0.000e+00
      8.466    25.1290   4.904610    31.9403        188     0.7792  0.000e+00
      8.618    25.2255   4.908548    31.9011        189     0.7833  0.000e+00
      8.770    25.3400   4.911664    31.8434        190     0.7875  0.000e+00
      8.923    25.4424   4.912275    31.7763        191     0.7917  0.000e+00
      9.084    25.5155   4.905777    31.6783        192     0.7958  0.000e+00
      9.245    25.5677   4.902303    31.6169        193     0.8000  0.000e+00
      9.398    25.5994   4.900876    31.5847        194     0.8042  0.000e+00
      9.563    25.5450   4.888147    31.5303        195     0.8083  0.000e+00
      9.726    25.4035   4.858220    31.4115        196     0.8125  0.000e+00
      9.894    25.2000   4.822132    31.2900        197     0.8167  0.000e+00
     10.056    24.9654   4.803458    31.3160        198     0.8208  0.000e+00
     10.220    24.7614   4.800792    31.4380        199     0.8250  0.000e+00
     10.381    24.6038   4.832403    31.7808        200     0.8292  0.000e+00
     10.542    24.5020   4.858452    32.0452        201     0.8333  0.000e+00
     10.701    24.4594   4.867760    32.1444        202     0.8375  0.000e+00
     10.866    24.4987   4.875840    32.1759        203     0.8417  0.000e+00
     11.021    24.5958   4.870284    32.0655        204     0.8458  0.000e+00
     11.173    24.6947   4.849772    31.8442        205     0.8500  0.000e+00
     11.317    24.7794   4.841752    31.7255        206     0.8542  0.000e+00
     11.464    24.7999   4.838038    31.6839        207     0.8583  0.000e+00
     11.610    24.6712   4.821122    31.6500        208     0.8625  0.000e+00
     11.758    24.4806   4.795921    31.5983        209     0.8667  0.000e+00
     11.910    24.2443   4.775296    31.6122        210     0.8708  0.000e+00
     12.060    23.9960   4.780736    31.8288        211     0.8750  0.000e+00
     12.213    23.8106   4.827115    32.3088        212     0.8792  0.000e+00
     12.369    23.7029   4.849100    32.5525        213     0.8833  0.000e+00
     12.526    23.6961   4.849492    32.5603        214     0.8875  0.000e+00
     12.683    23.8641   4.864752    32.5519        215     0.8917  0.000e+00
