HB2303/sbe033.cnv
* Sea-Bird SBE 19plus V2 Data File:
* FileName = C:\cruise\data\sbe033.hex
* Software Version Seasave V 7.26.7.121
* Temperature SN = 6128
* Conductivity SN = 6128
* System UpLoad Time = Aug 11 2023 19:12:00
* NMEA Latitude = 35 59.57 N
* NMEA Longitude = 075 26.95 W
* NMEA UTC (Time) = Aug 11 2023 19:11:56
** Ship: Henry Bigelow
** Cruise:  HB2303
** Program:  ECOMON
# nquan = 7
# nvalues = 988                                   
# units = specified
# name 0 = depSM: Depth [salt water, m]
# name 1 = tv290C: Temperature [ITS-90, deg C]
# name 2 = c0S/m: Conductivity [S/m]
# name 3 = sal00: Salinity, Practical [PSU]
# name 4 = scan: Scan Count
# name 5 = timeM: Time, Elapsed [minutes]
# name 6 = flag:  0.000e+00
# span 0 =     -0.181,     20.961                 
# span 1 =    19.3943,    28.0313                 
# span 2 =   0.000123,   5.218808                 
# span 3 =     0.0129,    34.4229                 
# span 4 =         11,        998                 
# span 5 =     0.0417,     4.1542                 
# span 6 = 0.0000e+00, 0.0000e+00                 
# interval = seconds: 0.25
# start_time = Aug 11 2023 19:11:56 [NMEA time, header]
# bad_flag = -9.990e-29
*END*
[from data line 821]
      3.305    25.4879   4.986700    32.2857        832     3.4625  0.000e+00
      3.260    25.5128   4.987873    32.2766        833     3.4667  0.000e+00
      3.223    25.5338   4.988812    32.2686        834     3.4708  0.000e+00
      3.221    25.5504   4.989156    32.2594        835     3.4750  0.000e+00
      3.229    25.5628   4.989303    32.2516        836     3.4792  0.000e+00
      3.247    25.5703   4.989244    32.2459        837     3.4833  0.000e+00
      3.275    25.5742   4.989185    32.2427        838     3.4875  0.000e+00
      3.295    25.5762   4.989075    32.2405        839     3.4917  0.000e+00
      3.311    25.5759   4.988958    32.2398        840     3.4958  0.000e+00
      3.311    25.5749   4.988994    32.2408        841     3.5000  0.000e+00
      3.299    25.5742   4.989126    32.2422        842     3.5042  0.000e+00
      3.255    25.5749   4.989530    32.2447        843     3.5083  0.000e+00
      3.199    25.5773   4.990241    32.2482        844     3.5125  0.000e+00
      3.109    25.5821   4.991363    32.2529        845     3.5167  0.000e+00
      3.009    25.5919   4.993050    32.2583        846     3.5208  0.000e+00
      2.914    25.6067   4.994591    32.2590        847     3.5250  0.000e+00
      2.821    25.6245   4.997313    32.2661        848     3.5292  0.000e+00
      2.746    25.6473   5.000352    32.2720        849     3.5333  0.000e+00
      2.673    25.6740   5.001842    32.2640        850     3.5375  0.000e+00
      2.621    25.6983   5.001929    32.2475        851     3.5417  0.000e+00
      2.590    25.7173   5.002127    32.2355        852     3.5458  0.000e+00
      2.576    25.7309   5.002391    32.2278        853     3.5500  0.000e+00
      2.579    25.7404   5.002472    32.2218        854     3.5542  0.000e+00
      2.581    25.7471   5.002846    32.2197        855     3.5583  0.000e+00
      2.579    25.7517   5.003279    32.2196        856     3.5625  0.000e+00
      2.577    25.7560   5.004116    32.2226        857     3.5667  0.000e+00
      2.567    25.7608   5.004829    32.2244        858     3.5708  0.000e+00
      2.532    25.7673   4.999432    32.1808        859     3.5750  0.000e+00
      2.494    25.7744   5.006408    32.2262        860     3.5792  0.000e+00
      2.429    25.7827   5.007524    32.2284        861     3.5833  0.000e+00
      2.332    25.7925   5.009853    32.2384        862     3.5875  0.000e+00
      2.225    25.8074   5.015107    32.2658        863     3.5917  0.000e+00
      2.110    25.8356   5.023268    32.3048        864     3.5958  0.000e+00
      2.014    25.8830   5.030603    32.3243        865     3.6000  0.000e+00
      1.925    25.9453   5.035748    32.3174        866     3.6042  0.000e+00
      1.857    26.0075   5.040262    32.3061        867     3.6083  0.000e+00
      1.821    26.0641   5.041277    32.2736        868     3.6125  0.000e+00
      1.813    26.1042   5.041652    32.2481        869     3.6167  0.000e+00
      1.828    26.1286   5.041593    32.2306        870     3.6208  0.000e+00
      1.857    26.1425   5.041387    32.2194        871     3.6250  0.000e+00
      1.887    26.1493   5.040664    32.2094        872     3.6292  0.000e+00
      1.911    26.1500   5.038646    32.1945        873     3.6333  0.000e+00
      1.943    26.1428   5.036989    32.1876        874     3.6375  0.000e+00
      1.961    26.1305   5.035863    32.1882        875     3.6417  0.000e+00
      1.963    26.1179   5.036585    32.2021        876     3.6458  0.000e+00
      1.930    26.1114   5.036872    32.2088        877     3.6500  0.000e+00
      1.883    26.1098   5.038588    32.2222        878     3.6542  0.000e+00
      1.829    26.1149   5.040518    32.2325        879     3.6583  0.000e+00
      1.778    26.1267   5.041335    32.2301        880     3.6625  0.000e+00
      1.729    26.1384   5.041792    32.2252        881     3.6667  0.000e+00
      1.673    26.1480   5.042970    32.2270        882     3.6708  0.000e+00
      1.612    26.1572   5.045218    32.2366        883     3.6750  0.000e+00
      1.541    26.1704   5.049072    32.2550        884     3.6792  0.000e+00
      1.461    26.1921   5.054159    32.2762        885     3.6833  0.000e+00
      1.375    26.2243   5.058954    32.2880        886     3.6875  0.000e+00
      1.279    26.2625   5.062827    32.2889        887     3.6917  0.000e+00
      1.178    26.3032   5.068511    32.3011        888     3.6958  0.000e+00
      1.082    26.3493   5.075778    32.3207        889     3.7000  0.000e+00
      0.986    26.4078   5.086732    32.3579        890     3.7042  0.000e+00
      0.896    26.4869   5.106989    32.4469        891     3.7083  0.000e+00
      0.811    26.6072   5.128452    32.5153        892     3.7125  0.000e+00
      0.728    26.7685   5.144669    32.5173        893     3.7167  0.000e+00
      0.657    26.9393   5.159018    32.4994        894     3.7208  0.000e+00
      0.603    27.0977   5.170352    32.4688        895     3.7250  0.000e+00
      0.583    27.2427   5.181205    32.4444        896     3.7292  0.000e+00
      0.578    27.3676   5.186519    32.3950        897     3.7333  0.000e+00
      0.603    27.4673   5.183781    32.3069        898     3.7375  0.000e+00
      0.643    27.5196   5.170263    32.1764        899     3.7417  0.000e+00
      0.690    27.5024   5.156627    32.0930        900     3.7458  0.000e+00
      0.751    27.4324   5.149705    32.0926        901     3.7500  0.000e+00
      0.802    27.3545   5.140922    32.0845        902     3.7542  0.000e+00
      0.860    27.2724   5.129176    32.0586        903     3.7583  0.000e+00
      0.908    27.1775   5.115351    32.0267        904     3.7625  0.000e+00
      0.955    27.0659   5.102358    32.0120        905     3.7667  0.000e+00
      0.988    26.9470   5.095719    32.0470        906     3.7708  0.000e+00
      1.008    26.8428   5.093049    32.1000        907     3.7750  0.000e+00
      1.010    26.7671   5.091933    32.1445        908     3.7792  0.000e+00
      0.995    26.7190   5.093244    32.1872        909     3.7833  0.000e+00
      0.961    26.6949   5.095457    32.2196        910     3.7875  0.000e+00
      0.897    26.6915   5.103571    32.2795        911     3.7917  0.000e+00
      0.807    26.7208   5.125297    32.4132        912     3.7958  0.000e+00
      0.704    26.8170   5.154162    32.5506        913     3.8000  0.000e+00
      0.570    26.9893   5.183357    32.6364        914     3.8042  0.000e+00
      0.440    27.2089   5.196616    32.5763        915     3.8083  0.000e+00
      0.330    27.4153   5.212790    32.5461        916     3.8125  0.000e+00
      0.228    27.5957   5.217676    32.4552        917     3.8167  0.000e+00
      0.134    27.7310   5.218720    32.3691        918     3.8208  0.000e+00
      0.017    27.8153   5.204684    32.2137        919     3.8250  0.000e+00
     -0.034    27.8645   5.214718    32.2497        920     3.8292  0.000e+00
     -0.090    27.8951   4.844537    29.6772        921     3.8333  0.000e+00
     -0.111    27.9168   1.122451     5.9885        922     3.8375  0.000e+00
     -0.023    27.9119   4.921342    30.1932        923     3.8417  0.000e+00
      0.024    27.9172   5.030135    30.9379        924     3.8458  0.000e+00
      0.078    27.9350   5.131711    31.6271        925     3.8500  0.000e+00
      0.103    27.9523   5.129105    31.5975        926     3.8542  0.000e+00
      0.125    27.9627   5.125469    31.5654        927     3.8583  0.000e+00
      0.129    27.9689   5.129402    31.5884        928     3.8625  0.000e+00
      0.073    27.9731   5.131317    31.5988        929     3.8667  0.000e+00
     -0.032    27.9765   5.131599    31.5985        930     3.8708  0.000e+00
     -0.119    27.9760   2.847118    16.4491        931     3.8750  0.000e+00
     -0.161    27.9682   1.086129     5.7738        932     3.8792  0.000e+00
     -0.164    27.9233   0.556301     2.8221        933     3.8833  0.000e+00
     -0.172    27.8493   0.472949     2.3779        934     3.8875  0.000e+00
     -0.166    27.8020   0.411011     2.0505        935     3.8917  0.000e+00
     -0.168    27.7818   0.346168     1.7101        936     3.8958  0.000e+00
     -0.172    27.7729   0.302942     1.4855        937     3.9000  0.000e+00
     -0.168    27.7678   0.278420     1.3590        938     3.9042  0.000e+00
     -0.170    27.7634   0.266985     1.3003        939     3.9083  0.000e+00
     -0.179    27.7584   0.235798     1.1410        940     3.9125  0.000e+00
     -0.178    27.7522   0.214358     1.0323        941     3.9167  0.000e+00
     -0.181    27.7452   0.176559     0.8424        942     3.9208  0.000e+00
     -0.179    27.7340   0.186412     0.8919        943     3.9250  0.000e+00
     -0.172    27.7213   0.184558     0.8828        944     3.9292  0.000e+00
     -0.168    27.6997   0.182364     0.8722        945     3.9333  0.000e+00
     -0.165    27.6763   0.183574     0.8787        946     3.9375  0.000e+00
     -0.165    27.6617   0.182575     0.8740        947     3.9417  0.000e+00
     -0.167    27.6483   0.166051     0.7915        948     3.9458  0.000e+00
     -0.165    27.6396   0.144845     0.6864        949     3.9500  0.000e+00
     -0.167    27.6334   0.132236     0.6243        950     3.9542  0.000e+00
     -0.172    27.6263   0.128341     0.6052        951     3.9583  0.000e+00
     -0.169    27.6209   0.121490     0.5717        952     3.9625  0.000e+00
     -0.172    27.6146   0.106102     0.4968        953     3.9667  0.000e+00
     -0.172    27.6047   0.095901     0.4475        954     3.9708  0.000e+00
     -0.176    27.5896   0.085229     0.3963        955     3.9750  0.000e+00
     -0.172    27.5767   0.075269     0.3488        956     3.9792  0.000e+00
     -0.172    27.5605   0.064805     0.2992        957     3.9833  0.000e+00
     -0.161    27.5413   0.287928     1.4146        958     3.9875  0.000e+00
     -0.140    27.5323   2.693333    15.6222        959     3.9917  0.000e+00
     -0.104    27.5836   3.680343    22.0072        960     3.9958  0.000e+00
     -0.143    27.6720   4.543767    27.7583        961     4.0000  0.000e+00
     -0.165    27.7636   5.024479    30.9999        962     4.0042  0.000e+00
     -0.165    27.8366   1.238840     6.6720        963     4.0083  0.000e+00
     -0.162    27.8605   0.544402     2.7614        964     4.0125  0.000e+00
     -0.169    27.8393   0.408544     2.0359        965     4.0167  0.000e+00
     -0.167    27.7876   0.344927     1.7034        966     4.0208  0.000e+00
     -0.166    27.7203   0.301377     1.4790        967     4.0250  0.000e+00
     -0.167    27.6564   0.267828     1.3075        968     4.0292  0.000e+00
     -0.168    27.6197   0.247542     1.2043        969     4.0333  0.000e+00
     -0.166    27.6083   0.233485     1.1327        970     4.0375  0.000e+00
     -0.164    27.6054   0.222589     1.0772        971     4.0417  0.000e+00
     -0.166    27.6021   0.212450     1.0258        972     4.0458  0.000e+00
     -0.164    27.5999   0.196114     0.9432        973     4.0500  0.000e+00
     -0.166    27.5981   0.177006     0.8472        974     4.0542  0.000e+00
     -0.170    27.5953   0.165555     0.7899        975     4.0583  0.000e+00
     -0.168    27.5928   0.158740     0.7560        976     4.0625  0.000e+00
     -0.170    27.5894   0.148580     0.7056        977     4.0667  0.000e+00
     -0.168    27.5857   0.138021     0.6534        978     4.0708  0.000e+00
     -0.166    27.5822   0.128214     0.6051        979     4.0750  0.000e+00
     -0.164    27.5787   0.123573     0.5824        980     4.0792  0.000e+00
     -0.164    27.5753   0.124500     0.5870        981     4.0833  0.000e+00
     -0.166    27.5719   0.124190     0.5855        982     4.0875  0.000e+00
     -0.164    27.5663   0.114323     0.5373        983     4.0917  0.000e+00
     -0.162    27.5595   0.106755     0.5005        984     4.0958  0.000e+00
     -0.164    27.5540   0.102991     0.4823        985     4.1000  0.000e+00
     -0.162    27.5482   0.096951     0.4531        986     4.1042  0.000e+00
     -0.160    27.5429   0.092914     0.4336        987     4.1083  0.000e+00
     -0.158    27.5381   0.090753     0.4232        988     4.1125  0.000e+00
     -0.157    27.5308   0.090903     0.4240        989     4.1167  0.000e+00
     -0.159    27.5223   0.092758     0.4330        990     4.1208  0.000e+00
     -0.159    27.5149   0.091860     0.4288        991     4.1250  0.000e+00
     -0.161    27.5058   0.086706     0.4040        992     4.1292  0.000e+00
     -0.166    27.4926   0.083625     0.3893        993     4.1333  0.000e+00
     -0.161    27.4830   0.085997     0.4008        994     4.1375  0.000e+00
     -0.152    27.4760   0.087536     0.4083        995     4.1417  0.000e+00
     -0.152    27.4684   0.092674     0.4331        996     4.1458  0.000e+00
     -0.158    27.4577   0.093142     0.4355        997     4.1500  0.000e+00
     -0.158    27.4468   0.090379     0.4222        998     4.1542  0.000e+00
