HB2303/sbe065.cnv
* Sea-Bird SBE 19plus V2 Data File:
* FileName = C:\cruise\data\sbe065.hex
* Software Version Seasave V 7.26.7.121
* Temperature SN = 6128
* Conductivity SN = 6128
* System UpLoad Time = Aug 14 2023 17:34:37
* NMEA Latitude = 40 02.91 N
* NMEA Longitude = 070 36.53 W
* NMEA UTC (Time) = Aug 14 2023 17:34:32
** Ship: Henry Bigelow
** Cruise:  HB2303
** Program:  ECOMON
# nquan = 7
# nvalues = 3107                                  
# units = specified
# name 0 = depSM: Depth [salt water, m]
# name 1 = tv290C: Temperature [ITS-90, deg C]
# name 2 = c0S/m: Conductivity [S/m]
# name 3 = sal00: Salinity, Practical [PSU]
# name 4 = scan: Scan Count
# name 5 = timeM: Time, Elapsed [minutes]
# name 6 = flag:  0.000e+00
# span 0 =     -0.064,    139.152                 
# span 1 =    13.7977,    26.2592                 
# span 2 =   0.000237,   5.430595                 
# span 3 =     0.0120,    35.8726                 
# span 4 =         11,       3117                 
# span 5 =     0.0417,    12.9833                 
# span 6 = 0.0000e+00, 0.0000e+00                 
# interval = seconds: 0.25
# start_time = Aug 14 2023 17:34:32 [NMEA time, header]
# bad_flag = -9.990e-29
*END*
[from data line 2257]
     60.701    14.7717   4.311992    35.3664       2268     9.4458  0.000e+00
     60.657    14.7839   4.313096    35.3655       2269     9.4500  0.000e+00
     60.607    14.7945   4.315606    35.3789       2270     9.4542  0.000e+00
     60.558    14.8077   4.316434    35.3745       2271     9.4583  0.000e+00
     60.502    14.8204   4.319139    35.3878       2272     9.4625  0.000e+00
     60.446    14.8367   4.326415    35.4397       2273     9.4667  0.000e+00
     60.381    14.8662   4.330200    35.4476       2274     9.4708  0.000e+00
     60.312    14.9003   4.334443    35.4554       2275     9.4750  0.000e+00
     60.241    14.9353   4.338763    35.4632       2276     9.4792  0.000e+00
     60.158    14.9702   4.337151    35.4167       2277     9.4833  0.000e+00
     60.075    14.9918   4.332009    35.3502       2278     9.4875  0.000e+00
     60.006    14.9926   4.327007    35.3038       2279     9.4917  0.000e+00
     59.934    14.9777   4.323858    35.2885       2280     9.4958  0.000e+00
     59.870    14.9608   4.327394    35.3362       2281     9.5000  0.000e+00
     59.821    14.9592   4.328872    35.3512       2282     9.5042  0.000e+00
     59.771    14.9661   4.329370    35.3495       2283     9.5083  0.000e+00
     59.727    14.9731   4.330171    35.3505       2284     9.5125  0.000e+00
     59.684    14.9793   4.330026    35.3435       2285     9.5167  0.000e+00
     59.642    14.9831   4.330226    35.3419       2286     9.5208  0.000e+00
     59.602    14.9859   4.330475    35.3417       2287     9.5250  0.000e+00
     59.557    14.9883   4.331704    35.3508       2288     9.5292  0.000e+00
     59.512    14.9937   4.333985    35.3668       2289     9.5333  0.000e+00
     59.466    15.0042   4.336653    35.3816       2290     9.5375  0.000e+00
     59.416    15.0199   4.336853    35.3692       2291     9.5417  0.000e+00
     59.363    15.0317   4.334627    35.3383       2292     9.5458  0.000e+00
     59.316    15.0339   4.331427    35.3070       2293     9.5500  0.000e+00
     59.254    15.0270   4.328167    35.2836       2294     9.5542  0.000e+00
     59.196    15.0140   4.327186    35.2864       2295     9.5583  0.000e+00
     59.139    15.0023   4.326516    35.2909       2296     9.5625  0.000e+00
     59.075    14.9938   4.326316    35.2968       2297     9.5667  0.000e+00
     59.015    14.9878   4.324797    35.2884       2298     9.5708  0.000e+00
     58.943    14.9826   4.324887    35.2939       2299     9.5750  0.000e+00
     58.869    14.9817   4.326516    35.3096       2300     9.5792  0.000e+00
     58.796    14.9871   4.327490    35.3137       2301     9.5833  0.000e+00
     58.724    14.9949   4.327711    35.3087       2302     9.5875  0.000e+00
     58.657    15.0013   4.328194    35.3073       2303     9.5917  0.000e+00
     58.593    15.0059   4.328291    35.3041       2304     9.5958  0.000e+00
     58.532    15.0089   4.328450    35.3028       2305     9.6000  0.000e+00
     58.481    15.0113   4.328546    35.3015       2306     9.6042  0.000e+00
     58.430    15.0129   4.328367    35.2985       2307     9.6083  0.000e+00
     58.400    15.0135   4.328760    35.3015       2308     9.6125  0.000e+00
     58.367    15.0150   4.329424    35.3063       2309     9.6167  0.000e+00
     58.338    15.0181   4.330646    35.3146       2310     9.6208  0.000e+00
     58.298    15.0246   4.331945    35.3207       2311     9.6250  0.000e+00
     58.269    15.0334   4.332353    35.3165       2312     9.6292  0.000e+00
     58.233    15.0409   4.332553    35.3115       2313     9.6333  0.000e+00
     58.200    15.0464   4.331876    35.3004       2314     9.6375  0.000e+00
     58.162    15.0485   4.331440    35.2945       2315     9.6417  0.000e+00
     58.115    15.0482   4.331178    35.2924       2316     9.6458  0.000e+00
     58.068    15.0471   4.331054    35.2922       2317     9.6500  0.000e+00
     58.010    15.0464   4.331834    35.3000       2318     9.6542  0.000e+00
     57.955    15.0485   4.331579    35.2958       2319     9.6583  0.000e+00
     57.888    15.0511   4.330197    35.2809       2320     9.6625  0.000e+00
     57.820    15.0511   4.329264    35.2725       2321     9.6667  0.000e+00
     57.753    15.0493   4.328394    35.2661       2322     9.6708  0.000e+00
     57.680    15.0469   4.327516    35.2603       2323     9.6750  0.000e+00
     57.604    15.0456   4.327917    35.2652       2324     9.6792  0.000e+00
     57.525    15.0467   4.327972    35.2647       2325     9.6833  0.000e+00
     57.438    15.0490   4.327288    35.2564       2326     9.6875  0.000e+00
     57.356    15.0505   4.327965    35.2613       2327     9.6917  0.000e+00
     57.264    15.0543   4.328656    35.2642       2328     9.6958  0.000e+00
     57.172    15.0596   4.328946    35.2621       2329     9.7000  0.000e+00
     57.080    15.0646   4.328966    35.2578       2330     9.7042  0.000e+00
     56.994    15.0683   4.328870    35.2536       2331     9.7083  0.000e+00
     56.920    15.0711   4.328690    35.2495       2332     9.7125  0.000e+00
     56.851    15.0731   4.328441    35.2454       2333     9.7167  0.000e+00
     56.790    15.0738   4.328365    35.2442       2334     9.7208  0.000e+00
     56.741    15.0743   4.328241    35.2425       2335     9.7250  0.000e+00
     56.699    15.0747   4.328213    35.2420       2336     9.7292  0.000e+00
     56.670    15.0752   4.328337    35.2427       2337     9.7333  0.000e+00
     56.645    15.0765   4.328496    35.2430       2338     9.7375  0.000e+00
     56.623    15.0779   4.328565    35.2424       2339     9.7417  0.000e+00
     56.603    15.0792   4.328593    35.2414       2340     9.7458  0.000e+00
     56.588    15.0805   4.328628    35.2406       2341     9.7500  0.000e+00
     56.570    15.0814   4.328593    35.2395       2342     9.7542  0.000e+00
     56.543    15.0823   4.328469    35.2376       2343     9.7583  0.000e+00
     56.516    15.0828   4.328393    35.2364       2344     9.7625  0.000e+00
     56.476    15.0829   4.328614    35.2383       2345     9.7667  0.000e+00
     56.438    15.0844   4.329042    35.2409       2346     9.7708  0.000e+00
     56.389    15.0876   4.329366    35.2410       2347     9.7750  0.000e+00
     56.338    15.0913   4.329767    35.2413       2348     9.7792  0.000e+00
     56.275    15.0949   4.330195    35.2420       2349     9.7833  0.000e+00
     56.204    15.0989   4.330499    35.2412       2350     9.7875  0.000e+00
     56.139    15.1025   4.330755    35.2403       2351     9.7917  0.000e+00
     56.061    15.1055   4.331052    35.2403       2352     9.7958  0.000e+00
     55.976    15.1083   4.331349    35.2406       2353     9.8000  0.000e+00
     55.882    15.1111   4.331701    35.2413       2354     9.8042  0.000e+00
     55.788    15.1140   4.332150    35.2428       2355     9.8083  0.000e+00
     55.694    15.1177   4.332931    35.2466       2356     9.8125  0.000e+00
     55.589    15.1227   4.333042    35.2431       2357     9.8167  0.000e+00
     55.491    15.1274   4.333656    35.2445       2358     9.8208  0.000e+00
     55.390    15.1324   4.334085    35.2440       2359     9.8250  0.000e+00
     55.301    15.1380   4.334036    35.2385       2360     9.8292  0.000e+00
     55.216    15.1424   4.334230    35.2363       2361     9.8333  0.000e+00
     55.146    15.1461   4.332778    35.2199       2362     9.8375  0.000e+00
     55.077    15.1467   4.332329    35.2153       2363     9.8417  0.000e+00
     55.027    15.1464   4.331915    35.2118       2364     9.8458  0.000e+00
     54.985    15.1471   4.331251    35.2051       2365     9.8500  0.000e+00
     54.954    15.1491   4.331023    35.2013       2366     9.8542  0.000e+00
     54.920    15.1515   4.331147    35.2002       2367     9.8583  0.000e+00
     54.896    15.1541   4.331334    35.1996       2368     9.8625  0.000e+00
     54.876    15.1563   4.330995    35.1946       2369     9.8667  0.000e+00
     54.860    15.1577   4.330574    35.1895       2370     9.8708  0.000e+00
     54.836    15.1583   4.330097    35.1846       2371     9.8750  0.000e+00
     54.804    15.1583   4.328888    35.1736       2372     9.8792  0.000e+00
     54.766    15.1566   4.327037    35.1583       2373     9.8833  0.000e+00
     54.709    15.1528   4.324585    35.1394       2374     9.8875  0.000e+00
     54.648    15.1470   4.322728    35.1278       2375     9.8917  0.000e+00
     54.576    15.1409   4.319898    35.1075       2376     9.8958  0.000e+00
     54.496    15.1323   4.315910    35.0790       2377     9.9000  0.000e+00
     54.406    15.1220   4.316255    35.0915       2378     9.9042  0.000e+00
     54.311    15.1175   4.317428    35.1063       2379     9.9083  0.000e+00
     54.221    15.1188   4.318711    35.1168       2380     9.9125  0.000e+00
     54.134    15.1249   4.319229    35.1161       2381     9.9167  0.000e+00
     54.049    15.1335   4.314978    35.0697       2382     9.9208  0.000e+00
     53.971    15.1365   4.312957    35.0487       2383     9.9250  0.000e+00
     53.909    15.1343   4.312357    35.0452       2384     9.9292  0.000e+00
     53.849    15.1312   4.311633    35.0414       2385     9.9333  0.000e+00
     53.801    15.1283   4.310005    35.0292       2386     9.9375  0.000e+00
     53.759    15.1239   4.308716    35.0214       2387     9.9417  0.000e+00
     53.725    15.1190   4.306324    35.0041       2388     9.9458  0.000e+00
     53.692    15.1116   4.303112    34.9815       2389     9.9500  0.000e+00
     53.657    15.1004   4.298682    34.9512       2390     9.9542  0.000e+00
     53.630    15.0832   4.294509    34.9286       2391     9.9583  0.000e+00
     53.605    15.0612   4.289320    34.9011       2392     9.9625  0.000e+00
     53.569    15.0352   4.285584    34.8903       2393     9.9667  0.000e+00
     53.530    15.0097   4.282365    34.8838       2394     9.9708  0.000e+00
     53.480    14.9880   4.280805    34.8890       2395     9.9750  0.000e+00
     53.413    14.9712   4.280110    34.8977       2396     9.9792  0.000e+00
     53.337    14.9601   4.279567    34.9027       2397     9.9833  0.000e+00
     53.254    14.9551   4.280530    34.9160       2398     9.9875  0.000e+00
     53.162    14.9583   4.284567    34.9500       2399     9.9917  0.000e+00
     53.064    14.9804   4.289692    34.9770       2400     9.9958  0.000e+00
     52.948    15.0176   4.289086    34.9383       2401    10.0000  0.000e+00
     52.843    15.0424   4.288060    34.9067       2402    10.0042  0.000e+00
     52.744    15.0519   4.286643    34.8854       2403    10.0083  0.000e+00
     52.645    15.0514   4.287888    34.8972       2404    10.0125  0.000e+00
     52.559    15.0525   4.287262    34.8905       2405    10.0167  0.000e+00
     52.476    15.0524   4.287510    34.8929       2406    10.0208  0.000e+00
     52.406    15.0535   4.289244    34.9077       2407    10.0250  0.000e+00
     52.346    15.0601   4.292196    34.9287       2408    10.0292  0.000e+00
     52.304    15.0752   4.297429    34.9630       2409    10.0333  0.000e+00
     52.270    15.1044   4.307268    35.0263       2410    10.0375  0.000e+00
     52.239    15.1619   4.309335    34.9937       2411    10.0417  0.000e+00
     52.210    15.2106   4.310417    34.9600       2412    10.0458  0.000e+00
     52.180    15.2440   4.311258    34.9378       2413    10.0500  0.000e+00
     52.150    15.2666   4.313527    34.9382       2414    10.0542  0.000e+00
     52.124    15.2872   4.315934    34.9417       2415    10.0583  0.000e+00
     52.086    15.3083   4.318445    34.9457       2416    10.0625  0.000e+00
     52.052    15.3296   4.320619    34.9463       2417    10.0667  0.000e+00
     52.007    15.3505   4.321799    34.9384       2418    10.0708  0.000e+00
     51.956    15.3681   4.324022    34.9429       2419    10.0750  0.000e+00
     51.903    15.3860   4.326452    34.9490       2420    10.0792  0.000e+00
     51.842    15.4047   4.327654    34.9432       2421    10.0833  0.000e+00
     51.779    15.4206   4.328835    34.9398       2422    10.0875  0.000e+00
     51.712    15.4337   4.329588    34.9349       2423    10.0917  0.000e+00
     51.639    15.4446   4.330486    34.9333       2424    10.0958  0.000e+00
     51.556    15.4538   4.330969    34.9295       2425    10.1000  0.000e+00
     51.478    15.4612   4.331114    34.9244       2426    10.1042  0.000e+00
     51.392    15.4665   4.331466    34.9228       2427    10.1083  0.000e+00
     51.307    15.4705   4.331618    34.9207       2428    10.1125  0.000e+00
     51.207    15.4740   4.331971    34.9208       2429    10.1167  0.000e+00
     51.119    15.4776   4.332447    34.9220       2430    10.1208  0.000e+00
     51.027    15.4815   4.333456    34.9276       2431    10.1250  0.000e+00
     50.949    15.4881   4.334154    34.9281       2432    10.1292  0.000e+00
     50.866    15.4958   4.334354    34.9231       2433    10.1333  0.000e+00
     50.784    15.5020   4.334562    34.9195       2434    10.1375  0.000e+00
     50.702    15.5065   4.334755    34.9173       2435    10.1417  0.000e+00
     50.626    15.5102   4.336061    34.9258       2436    10.1458  0.000e+00
     50.554    15.5161   4.336441    34.9240       2437    10.1500  0.000e+00
     50.478    15.5216   4.336275    34.9176       2438    10.1542  0.000e+00
     50.411    15.5249   4.336815    34.9196       2439    10.1583  0.000e+00
     50.344    15.5281   4.337319    34.9213       2440    10.1625  0.000e+00
     50.283    15.5314   4.337720    34.9221       2441    10.1667  0.000e+00
     50.225    15.5350   4.337872    34.9203       2442    10.1708  0.000e+00
     50.169    15.5378   4.337969    34.9187       2443    10.1750  0.000e+00
     50.109    15.5399   4.337948    34.9167       2444    10.1792  0.000e+00
     50.055    15.5411   4.338086    34.9169       2445    10.1833  0.000e+00
     49.995    15.5422   4.338397    34.9187       2446    10.1875  0.000e+00
     49.933    15.5443   4.339628    34.9279       2447    10.1917  0.000e+00
     49.861    15.5507   4.340935    34.9341       2448    10.1958  0.000e+00
     49.785    15.5613   4.341087    34.9260       2449    10.2000  0.000e+00
     49.709    15.5708   4.341287    34.9195       2450    10.2042  0.000e+00
     49.629    15.5783   4.342020    34.9194       2451    10.2083  0.000e+00
     49.535    15.5865   4.344095    34.9309       2452    10.2125  0.000e+00
     49.446    15.5993   4.347160    34.9471       2453    10.2167  0.000e+00
     49.358    15.6186   4.352885    34.9815       2454    10.2208  0.000e+00
     49.262    15.6502   4.356901    34.9896       2455    10.2250  0.000e+00
     49.169    15.6869   4.358902    34.9751       2456    10.2292  0.000e+00
     49.082    15.7177   4.365194    35.0042       2457    10.2333  0.000e+00
     49.001    15.7567   4.366358    34.9802       2458    10.2375  0.000e+00
     48.928    15.7879   4.364763    34.9383       2459    10.2417  0.000e+00
     48.869    15.8023   4.364305    34.9215       2460    10.2458  0.000e+00
     48.812    15.8075   4.365345    34.9262       2461    10.2500  0.000e+00
     48.766    15.8127   4.368389    34.9489       2462    10.2542  0.000e+00
     48.724    15.8247   4.369151    34.9451       2463    10.2583  0.000e+00
     48.682    15.8370   4.368894    34.9320       2464    10.2625  0.000e+00
     48.642    15.8437   4.369165    34.9285       2465    10.2667  0.000e+00
     48.599    15.8477   4.369504    34.9280       2466    10.2708  0.000e+00
     48.557    15.8509   4.369449    34.9246       2467    10.2750  0.000e+00
     48.507    15.8524   4.369047    34.9198       2468    10.2792  0.000e+00
     48.451    15.8526   4.369400    34.9228       2469    10.2833  0.000e+00
     48.385    15.8534   4.370704    34.9338       2470    10.2875  0.000e+00
     48.306    15.8587   4.373437    34.9536       2471    10.2917  0.000e+00
