HB2303/sbe096.cnv
* Sea-Bird SBE 19plus V2 Data File:
* FileName = C:\cruise\data\sbe096.hex
* Software Version Seasave V 7.26.7.121
* Temperature SN = 6128
* Conductivity SN = 6128
* System UpLoad Time = Aug 18 2023 00:22:18
* NMEA Latitude = 41 35.95 N
* NMEA Longitude = 066 58.87 W
* NMEA UTC (Time) = Aug 18 2023 00:22:14
** Ship: Henry Bigelow
** Cruise:  HB2303
** Program:  ECOMON
# nquan = 7
# nvalues = 1360                                  
# units = specified
# name 0 = depSM: Depth [salt water, m]
# name 1 = tv290C: Temperature [ITS-90, deg C]
# name 2 = c0S/m: Conductivity [S/m]
# name 3 = sal00: Salinity, Practical [PSU]
# name 4 = scan: Scan Count
# name 5 = timeM: Time, Elapsed [minutes]
# name 6 = flag:  0.000e+00
# span 0 =      0.028,     60.688                 
# span 1 =    15.5976,    18.6471                 
# span 2 =   0.002528,   4.179979                 
# span 3 =     0.0193,    32.7888                 
# span 4 =         11,       1370                 
# span 5 =     0.0417,     5.7042                 
# span 6 = 0.0000e+00, 0.0000e+00                 
# interval = seconds: 0.25
# start_time = Aug 18 2023 00:22:14 [NMEA time, header]
# bad_flag = -9.990e-29
*END*
[from data line 206]
     14.753    15.8480   4.109158    32.6228        217     0.9000  0.000e+00
     14.943    15.8625   4.100772    32.5365        218     0.9042  0.000e+00
     15.141    15.8785   4.096118    32.4820        219     0.9083  0.000e+00
     15.336    15.8839   4.093438    32.4539        220     0.9125  0.000e+00
     15.541    15.8813   4.087972    32.4076        221     0.9167  0.000e+00
     15.727    15.8735   4.081268    32.3546        222     0.9208  0.000e+00
     15.902    15.8615   4.076550    32.3226        223     0.9250  0.000e+00
     16.043    15.8494   4.074448    32.3138        224     0.9292  0.000e+00
     16.166    15.8397   4.074556    32.3227        225     0.9333  0.000e+00
     16.267    15.8313   4.075015    32.3336        226     0.9375  0.000e+00
     16.366    15.8232   4.076430    32.3527        227     0.9417  0.000e+00
     16.468    15.8166   4.083049    32.4166        228     0.9458  0.000e+00
     16.561    15.8126   4.094445    32.5209        229     0.9500  0.000e+00
     16.664    15.8107   4.097024    32.5453        230     0.9542  0.000e+00
     16.785    15.8141   4.098308    32.5537        231     0.9583  0.000e+00
     16.913    15.8409   4.103441    32.5772        232     0.9625  0.000e+00
     17.050    15.8742   4.105711    32.5698        233     0.9667  0.000e+00
     17.208    15.9115   4.105954    32.5412        234     0.9708  0.000e+00
     17.379    15.9507   4.103933    32.4911        235     0.9750  0.000e+00
     17.561    15.9875   4.100663    32.4321        236     0.9792  0.000e+00
     17.744    16.0187   4.097832    32.3815        237     0.9833  0.000e+00
     17.939    16.0401   4.097292    32.3592        238     0.9875  0.000e+00
     18.143    16.0343   4.093268    32.3284        239     0.9917  0.000e+00
     18.352    16.0023   4.084713    32.2790        240     0.9958  0.000e+00
     18.560    15.9619   4.078579    32.2577        241     1.0000  0.000e+00
     18.773    15.9224   4.075574    32.2633        242     1.0042  0.000e+00
     18.973    15.8884   4.074227    32.2790        243     1.0083  0.000e+00
     19.161    15.8606   4.072988    32.2906        244     1.0125  0.000e+00
     19.327    15.8400   4.072233    32.3007        245     1.0167  0.000e+00
     19.468    15.8242   4.071621    32.3081        246     1.0208  0.000e+00
     19.592    15.8132   4.071722    32.3179        247     1.0250  0.000e+00
     19.705    15.8060   4.072254    32.3285        248     1.0292  0.000e+00
     19.813    15.8000   4.073938    32.3483        249     1.0333  0.000e+00
     19.925    15.7952   4.086821    32.4664        250     1.0375  0.000e+00
     20.035    15.7923   4.095966    32.5497        251     1.0417  0.000e+00
     20.136    15.7933   4.091335    32.5078        252     1.0458  0.000e+00
     20.246    15.8142   4.072039    32.3197        253     1.0500  0.000e+00
     20.362    15.8341   4.063663    32.2293        254     1.0542  0.000e+00
     20.485    15.8163   4.063219    32.2398        255     1.0583  0.000e+00
     20.620    15.7965   4.063098    32.2548        256     1.0625  0.000e+00
     20.763    15.7833   4.062856    32.2634        257     1.0667  0.000e+00
     20.909    15.7754   4.063004    32.2711        258     1.0708  0.000e+00
     21.070    15.7708   4.063052    32.2753        259     1.0750  0.000e+00
     21.232    15.7689   4.063045    32.2767        260     1.0792  0.000e+00
     21.400    15.7679   4.062904    32.2762        261     1.0833  0.000e+00
     21.572    15.7670   4.062810    32.2760        262     1.0875  0.000e+00
     21.743    15.7661   4.062857    32.2771        263     1.0917  0.000e+00
     21.906    15.7657   4.062884    32.2776        264     1.0958  0.000e+00
     22.070    15.7655   4.062783    32.2768        265     1.1000  0.000e+00
     22.231    15.7650   4.062642    32.2759        266     1.1042  0.000e+00
     22.386    15.7642   4.062615    32.2763        267     1.1083  0.000e+00
     22.547    15.7636   4.062642    32.2769        268     1.1125  0.000e+00
     22.710    15.7636   4.062783    32.2781        269     1.1167  0.000e+00
     22.887    15.7640   4.062702    32.2770        270     1.1208  0.000e+00
     23.056    15.7640   4.062662    32.2766        271     1.1250  0.000e+00
     23.229    15.7637   4.062326    32.2738        272     1.1292  0.000e+00
     23.416    15.7623   4.061814    32.2703        273     1.1333  0.000e+00
     23.605    15.7592   4.061572    32.2706        274     1.1375  0.000e+00
     23.788    15.7559   4.061424    32.2719        275     1.1417  0.000e+00
     23.974    15.7535   4.061377    32.2735        276     1.1458  0.000e+00
     24.156    15.7517   4.061182    32.2731        277     1.1500  0.000e+00
     24.340    15.7502   4.061182    32.2742        278     1.1542  0.000e+00
     24.512    15.7486   4.060745    32.2716        279     1.1583  0.000e+00
     24.671    15.7466   4.060638    32.2723        280     1.1625  0.000e+00
     24.824    15.7442   4.060793    32.2755        281     1.1667  0.000e+00
     24.958    15.7433   4.060772    32.2761        282     1.1708  0.000e+00
     25.084    15.7430   4.060524    32.2740        283     1.1750  0.000e+00
     25.191    15.7420   4.060550    32.2750        284     1.1792  0.000e+00
     25.297    15.7410   4.060524    32.2756        285     1.1833  0.000e+00
     25.406    15.7404   4.060382    32.2748        286     1.1875  0.000e+00
     25.501    15.7397   4.060382    32.2753        287     1.1917  0.000e+00
     25.602    15.7390   4.060335    32.2754        288     1.1958  0.000e+00
     25.707    15.7386   4.060335    32.2757        289     1.2000  0.000e+00
     25.819    15.7386   4.060336    32.2757        290     1.2042  0.000e+00
     25.940    15.7381   4.060268    32.2754        291     1.2083  0.000e+00
     26.070    15.7379   4.060235    32.2753        292     1.2125  0.000e+00
     26.213    15.7374   4.060188    32.2752        293     1.2167  0.000e+00
     26.368    15.7369   4.060309    32.2766        294     1.2208  0.000e+00
     26.532    15.7372   4.060457    32.2776        295     1.2250  0.000e+00
     26.711    15.7380   4.060524    32.2775        296     1.2292  0.000e+00
     26.898    15.7387   4.060430    32.2760        297     1.2333  0.000e+00
     27.102    15.7389   4.060383    32.2753        298     1.2375  0.000e+00
     27.313    15.7388   4.060430    32.2758        299     1.2417  0.000e+00
     27.512    15.7387   4.060477    32.2762        300     1.2458  0.000e+00
     27.727    15.7391   4.060457    32.2756        301     1.2500  0.000e+00
     27.937    15.7389   4.060404    32.2753        302     1.2542  0.000e+00
     28.141    15.7390   4.060458    32.2756        303     1.2583  0.000e+00
     28.341    15.7391   4.060431    32.2752        304     1.2625  0.000e+00
     28.533    15.7387   4.060431    32.2754        305     1.2667  0.000e+00
     28.726    15.7384   4.060357    32.2749        306     1.2708  0.000e+00
     28.905    15.7380   4.060283    32.2746        307     1.2750  0.000e+00
     29.067    15.7376   4.060068    32.2729        308     1.2792  0.000e+00
     29.228    15.7363   4.059725    32.2709        309     1.2833  0.000e+00
     29.379    15.7339   4.059456    32.2704        310     1.2875  0.000e+00
     29.524    15.7314   4.059335    32.2713        311     1.2917  0.000e+00
     29.663    15.7294   4.059247    32.2721        312     1.2958  0.000e+00
     29.802    15.7276   4.059288    32.2739        313     1.3000  0.000e+00
     29.942    15.7266   4.059214    32.2740        314     1.3042  0.000e+00
     30.077    15.7259   4.059120    32.2737        315     1.3083  0.000e+00
     30.212    15.7252   4.059147    32.2745        316     1.3125  0.000e+00
     30.344    15.7245   4.059167    32.2752        317     1.3167  0.000e+00
     30.483    15.7245   4.059335    32.2766        318     1.3208  0.000e+00
     30.616    15.7249   4.059288    32.2758        319     1.3250  0.000e+00
     30.772    15.7249   4.059409    32.2768        320     1.3292  0.000e+00
     30.911    15.7255   4.059604    32.2780        321     1.3333  0.000e+00
     31.055    15.7267   4.059773    32.2785        322     1.3375  0.000e+00
     31.200    15.7283   4.059732    32.2767        323     1.3417  0.000e+00
     31.351    15.7294   4.059631    32.2749        324     1.3458  0.000e+00
     31.507    15.7293   4.059584    32.2745        325     1.3500  0.000e+00
     31.671    15.7288   4.059019    32.2698        326     1.3542  0.000e+00
     31.832    15.7268   4.058999    32.2712        327     1.3583  0.000e+00
     32.005    15.7245   4.059289    32.2756        328     1.3625  0.000e+00
     32.175    15.7241   4.059094    32.2741        329     1.3667  0.000e+00
     32.351    15.7236   4.059195    32.2754        330     1.3708  0.000e+00
     32.536    15.7235   4.059195    32.2754        331     1.3750  0.000e+00
     32.720    15.7236   4.059195    32.2752        332     1.3792  0.000e+00
     32.908    15.7239   4.059242    32.2753        333     1.3833  0.000e+00
     33.095    15.7241   4.059155    32.2743        334     1.3875  0.000e+00
     33.283    15.7238   4.058731    32.2707        335     1.3917  0.000e+00
     33.467    15.7219   4.058879    32.2736        336     1.3958  0.000e+00
     33.650    15.7209   4.058805    32.2736        337     1.4000  0.000e+00
     33.831    15.7204   4.058731    32.2733        338     1.4042  0.000e+00
     34.004    15.7195   4.058610    32.2729        339     1.4083  0.000e+00
     34.172    15.7183   4.058684    32.2745        340     1.4125  0.000e+00
     34.335    15.7177   4.058200    32.2706        341     1.4167  0.000e+00
     34.488    15.7157   4.057299    32.2642        342     1.4208  0.000e+00
     34.629    15.7109   4.057326    32.2683        343     1.4250  0.000e+00
     34.758    15.7070   4.057447    32.2725        344     1.4292  0.000e+00
     34.882    15.7053   4.057131    32.2711        345     1.4333  0.000e+00
     35.009    15.7033   4.056862    32.2703        346     1.4375  0.000e+00
     35.135    15.7010   4.056546    32.2693        347     1.4417  0.000e+00
     35.271    15.6981   4.056425    32.2706        348     1.4458  0.000e+00
     35.410    15.6957   4.056472    32.2729        349     1.4500  0.000e+00
     35.554    15.6942   4.056425    32.2736        350     1.4542  0.000e+00
     35.711    15.6935   4.056546    32.2752        351     1.4583  0.000e+00
     35.875    15.6932   4.056741    32.2771        352     1.4625  0.000e+00
     36.054    15.6940   4.056842    32.2773        353     1.4667  0.000e+00
     36.238    15.6949   4.056889    32.2769        354     1.4708  0.000e+00
     36.432    15.6959   4.056863    32.2758        355     1.4750  0.000e+00
     36.636    15.6964   4.056816    32.2749        356     1.4792  0.000e+00
     36.841    15.6964   4.056836    32.2750        357     1.4833  0.000e+00
     37.051    15.6963   4.056527    32.2723        358     1.4875  0.000e+00
     37.246    15.6955   4.056332    32.2711        359     1.4917  0.000e+00
     37.434    15.6935   4.056184    32.2713        360     1.4958  0.000e+00
     37.600    15.6916   4.056110    32.2721        361     1.5000  0.000e+00
     37.761    15.6902   4.056164    32.2737        362     1.5042  0.000e+00
     37.898    15.6896   4.056090    32.2736        363     1.5083  0.000e+00
     38.023    15.6886   4.055532    32.2694        364     1.5125  0.000e+00
     38.145    15.6861   4.055142    32.2679        365     1.5167  0.000e+00
     38.257    15.6826   4.055431    32.2733        366     1.5208  0.000e+00
     38.364    15.6810   4.055189    32.2724        367     1.5250  0.000e+00
     38.478    15.6798   4.054853    32.2704        368     1.5292  0.000e+00
     38.595    15.6777   4.055142    32.2746        369     1.5333  0.000e+00
     38.714    15.6773   4.055774    32.2805        370     1.5375  0.000e+00
     38.841    15.6793   4.056211    32.2827        371     1.5417  0.000e+00
     38.976    15.6828   4.056380    32.2812        372     1.5458  0.000e+00
     39.126    15.6860   4.056548    32.2800        373     1.5500  0.000e+00
     39.276    15.6888   4.056595    32.2781        374     1.5542  0.000e+00
     39.437    15.6904   4.056016    32.2716        375     1.5583  0.000e+00
     39.616    15.6898   4.055822    32.2704        376     1.5625  0.000e+00
     39.802    15.6872   4.055627    32.2706        377     1.5667  0.000e+00
     39.987    15.6853   4.055627    32.2722        378     1.5708  0.000e+00
     40.193    15.6836   4.055432    32.2718        379     1.5750  0.000e+00
     40.388    15.6821   4.055170    32.2705        380     1.5792  0.000e+00
     40.587    15.6798   4.054975    32.2706        381     1.5833  0.000e+00
     40.780    15.6777   4.054639    32.2693        382     1.5875  0.000e+00
     40.960    15.6746   4.054363    32.2693        383     1.5917  0.000e+00
     41.136    15.6718   4.054269    32.2707        384     1.5958  0.000e+00
     41.309    15.6697   4.054054    32.2705        385     1.6000  0.000e+00
     41.472    15.6672   4.053906    32.2711        386     1.6042  0.000e+00
     41.634    15.6653   4.053859    32.2722        387     1.6083  0.000e+00
     41.800    15.6636   4.053711    32.2722        388     1.6125  0.000e+00
     41.961    15.6619   4.053785    32.2742        389     1.6167  0.000e+00
     42.116    15.6613   4.053638    32.2733        390     1.6208  0.000e+00
     42.272    15.6603   4.053349    32.2715        391     1.6250  0.000e+00
     42.430    15.6585   4.053396    32.2734        392     1.6292  0.000e+00
     42.580    15.6574   4.053322    32.2735        393     1.6333  0.000e+00
     42.732    15.6564   4.053228    32.2734        394     1.6375  0.000e+00
     42.882    15.6556   4.053080    32.2728        395     1.6417  0.000e+00
     43.023    15.6547   4.053255    32.2750        396     1.6458  0.000e+00
     43.162    15.6542   4.053591    32.2783        397     1.6500  0.000e+00
     43.303    15.6555   4.053739    32.2785        398     1.6542  0.000e+00
     43.436    15.6571   4.053860    32.2782        399     1.6583  0.000e+00
     43.572    15.6584   4.053517    32.2741        400     1.6625  0.000e+00
     43.702    15.6585   4.053712    32.2757        401     1.6667  0.000e+00
     43.825    15.6585   4.053497    32.2737        402     1.6708  0.000e+00
     43.953    15.6577   4.052643    32.2667        403     1.6750  0.000e+00
     44.078    15.6544   4.052207    32.2655        404     1.6792  0.000e+00
     44.209    15.6496   4.051871    32.2664        405     1.6833  0.000e+00
     44.350    15.6452   4.052113    32.2721        406     1.6875  0.000e+00
     44.493    15.6429   4.051427    32.2679        407     1.6917  0.000e+00
     44.655    15.6394   4.051313    32.2697        408     1.6958  0.000e+00
     44.818    15.6364   4.051656    32.2750        409     1.7000  0.000e+00
     44.993    15.6361   4.052207    32.2801        410     1.7042  0.000e+00
     45.176    15.6379   4.052113    32.2777        411     1.7083  0.000e+00
     45.364    15.6393   4.052066    32.2761        412     1.7125  0.000e+00
     45.562    15.6398   4.051750    32.2728        413     1.7167  0.000e+00
     45.772    15.6389   4.051582    32.2720        414     1.7208  0.000e+00
     45.988    15.6373   4.051166    32.2695        415     1.7250  0.000e+00
     46.202    15.6349   4.050998    32.2699        416     1.7292  0.000e+00
     46.416    15.6320   4.050662    32.2692        417     1.7333  0.000e+00
     46.624    15.6291   4.050420    32.2693        418     1.7375  0.000e+00
     46.830    15.6260   4.050299    32.2708        419     1.7417  0.000e+00
     47.029    15.6234   4.050104    32.2711        420     1.7458  0.000e+00
