HB2303/sbe067.cnv
* Sea-Bird SBE 19plus V2 Data File:
* FileName = C:\cruise\data\sbe067.hex
* Software Version Seasave V 7.26.7.121
* Temperature SN = 6128
* Conductivity SN = 6128
* System UpLoad Time = Aug 14 2023 21:30:55
* NMEA Latitude = 40 15.17 N
* NMEA Longitude = 070 26.43 W
* NMEA UTC (Time) = Aug 14 2023 21:30:50
** Ship: Henry Bigelow
** Cruise:  HB2303
** Program:  ECOMON
# nquan = 7
# nvalues = 2519                                  
# units = specified
# name 0 = depSM: Depth [salt water, m]
# name 1 = tv290C: Temperature [ITS-90, deg C]
# name 2 = c0S/m: Conductivity [S/m]
# name 3 = sal00: Salinity, Practical [PSU]
# name 4 = scan: Scan Count
# name 5 = timeM: Time, Elapsed [minutes]
# name 6 = flag:  0.000e+00
# span 0 =     -0.081,    100.498                 
# span 1 =    11.3185,    25.4352                 
# span 2 =   0.000992,   5.293300                 
# span 3 =     0.0142,    35.6498                 
# span 4 =         11,       2529                 
# span 5 =     0.0417,    10.5333                 
# span 6 = 0.0000e+00, 0.0000e+00                 
# interval = seconds: 0.25
# start_time = Aug 14 2023 21:30:50 [NMEA time, header]
# bad_flag = -9.990e-29
*END*
[from data line 206]
     17.706    24.8461   5.206095    34.3632        217     0.9000  0.000e+00
     17.843    24.8655   5.211146    34.3858        218     0.9042  0.000e+00
     17.964    24.8853   5.217155    34.4152        219     0.9083  0.000e+00
     18.085    24.9059   5.223885    34.4494        220     0.9125  0.000e+00
     18.206    24.9246   5.227731    34.4636        221     0.9167  0.000e+00
     18.318    24.9399   5.230657    34.4736        222     0.9208  0.000e+00
     18.443    24.9530   5.232521    34.4774        223     0.9250  0.000e+00
     18.573    24.9630   5.233741    34.4786        224     0.9292  0.000e+00
     18.707    24.9711   5.234355    34.4770        225     0.9333  0.000e+00
     18.846    24.9778   5.235680    34.4817        226     0.9375  0.000e+00
     18.997    24.9829   5.237792    34.4933        227     0.9417  0.000e+00
     19.144    24.9872   5.239784    34.5047        228     0.9458  0.000e+00
     19.297    24.9911   5.241230    34.5124        229     0.9500  0.000e+00
     19.454    24.9953   5.243650    34.5271        230     0.9542  0.000e+00
     19.615    25.0001   5.246790    34.5466        231     0.9583  0.000e+00
     19.781    25.0051   5.249196    34.5606        232     0.9625  0.000e+00
     19.939    25.0094   5.250778    34.5690        233     0.9667  0.000e+00
     20.105    25.0133   5.251542    34.5716        234     0.9708  0.000e+00
     20.269    25.0167   5.252382    34.5751        235     0.9750  0.000e+00
     20.428    25.0200   5.254692    34.5896        236     0.9792  0.000e+00
     20.585    25.0229   5.256455    34.6004        237     0.9833  0.000e+00
     20.737    25.0249   5.257565    34.6071        238     0.9875  0.000e+00
     20.892    25.0257   5.258848    34.6159        239     0.9917  0.000e+00
     21.049    25.0263   5.260341    34.6264        240     0.9958  0.000e+00
     21.212    25.0258   5.261924    34.6385        241     1.0000  0.000e+00
     21.375    25.0241   5.263448    34.6510        242     1.0042  0.000e+00
     21.526    25.0222   5.265107    34.6647        243     1.0083  0.000e+00
     21.684    25.0193   5.266998    34.6809        244     1.0125  0.000e+00
     21.843    25.0057   5.258586    34.6290        245     1.0167  0.000e+00
     21.989    24.9062   5.245234    34.6063        246     1.0208  0.000e+00
     22.137    24.7530   5.231860    34.6245        247     1.0250  0.000e+00
     22.283    24.5910   5.197425    34.4924        248     1.0292  0.000e+00
     22.426    24.3716   5.185201    34.5699        249     1.0333  0.000e+00
     22.565    24.1591   5.157587    34.5266        250     1.0375  0.000e+00
     22.709    23.9453   5.139207    34.5536        251     1.0417  0.000e+00
     22.854    23.7543   5.143393    34.7341        252     1.0458  0.000e+00
     23.000    23.6387   5.151267    34.8847        253     1.0500  0.000e+00
     23.148    23.6019   5.160283    34.9823        254     1.0542  0.000e+00
     23.300    23.6094   5.114910    34.6309        255     1.0583  0.000e+00
     23.456    23.5077   5.106279    34.6446        256     1.0625  0.000e+00
     23.613    23.3770   5.088132    34.6085        257     1.0667  0.000e+00
     23.768    23.2225   5.046058    34.4074        258     1.0708  0.000e+00
     23.925    23.0056   5.031331    34.4641        259     1.0750  0.000e+00
     24.080    22.7877   4.971834    34.1761        260     1.0792  0.000e+00
     24.238    22.5032   4.920951    34.0043        261     1.0833  0.000e+00
     24.389    22.1628   4.911693    34.1989        262     1.0875  0.000e+00
     24.537    21.9025   4.900105    34.3139        263     1.0917  0.000e+00
     24.687    21.7090   4.873458    34.2577        264     1.0958  0.000e+00
     24.830    21.5170   4.850937    34.2324        265     1.1000  0.000e+00
     24.977    21.3114   4.817647    34.1319        266     1.1042  0.000e+00
     25.117    21.1001   4.824423    34.3549        267     1.1083  0.000e+00
     25.264    20.9766   4.815333    34.3815        268     1.1125  0.000e+00
     25.412    20.8870   4.798003    34.3148        269     1.1167  0.000e+00
     25.558    20.7903   4.747037    33.9833        270     1.1208  0.000e+00
     25.710    20.5885   4.715039    33.8871        271     1.1250  0.000e+00
     25.871    20.3229   4.730527    34.2259        272     1.1292  0.000e+00
     26.023    20.1875   4.718640    34.2390        273     1.1333  0.000e+00
     26.185    20.0942   4.689122    34.0743        274     1.1375  0.000e+00
     26.346    19.9649   4.657845    33.9237        275     1.1417  0.000e+00
     26.508    19.7838   4.634843    33.8818        276     1.1458  0.000e+00
     26.666    19.5842   4.637249    34.0634        277     1.1500  0.000e+00
     26.819    19.4583   4.617652    34.0045        278     1.1542  0.000e+00
     26.976    19.3226   4.566102    33.6890        279     1.1583  0.000e+00
     27.121    19.0822   4.478673    33.1588        280     1.1625  0.000e+00
     27.267    18.6947   4.477320    33.4593        281     1.1667  0.000e+00
     27.408    18.3919   4.454454    33.5135        282     1.1708  0.000e+00
     27.542    18.1332   4.374437    33.0485        283     1.1750  0.000e+00
     27.677    17.7480   4.375455    33.3705        284     1.1792  0.000e+00
     27.811    17.4571   4.376146    33.6162        285     1.1833  0.000e+00
     27.953    17.2942   4.351966    33.5433        286     1.1875  0.000e+00
     28.087    17.1497   4.322006    33.4044        287     1.1917  0.000e+00
     28.233    16.9697   4.337691    33.6902        288     1.1958  0.000e+00
     28.378    16.8670   4.338121    33.7800        289     1.2000  0.000e+00
     28.533    16.8273   4.331085    33.7521        290     1.2042  0.000e+00
     28.690    16.7885   4.331404    33.7874        291     1.2083  0.000e+00
     28.855    16.7607   4.328682    33.7870        292     1.2125  0.000e+00
     29.026    16.7320   4.318540    33.7226        293     1.2167  0.000e+00
     29.198    16.6832   4.296254    33.5689        294     1.2208  0.000e+00
     29.368    16.5937   4.284857    33.5442        295     1.2250  0.000e+00
     29.541    16.4799   4.286483    33.6541        296     1.2292  0.000e+00
     29.709    16.3985   4.284936    33.7091        297     1.2333  0.000e+00
     29.873    16.3481   4.283871    33.7423        298     1.2375  0.000e+00
     30.027    16.3135   4.290641    33.8312        299     1.2417  0.000e+00
     30.182    16.3035   4.294903    33.8772        300     1.2458  0.000e+00
     30.323    16.3110   4.295626    33.8772        301     1.2500  0.000e+00
     30.460    16.3190   4.313351    34.0266        302     1.2542  0.000e+00
     30.594    16.3549   4.333933    34.1775        303     1.2583  0.000e+00
     30.722    16.4260   4.346158    34.2242        304     1.2625  0.000e+00
     30.860    16.5073   4.358162    34.2600        305     1.2667  0.000e+00
     30.990    16.5885   4.373745    34.3272        306     1.2708  0.000e+00
     31.123    16.6862   4.439474    34.8200        307     1.2750  0.000e+00
     31.259    16.8808   4.446720    34.7147        308     1.2792  0.000e+00
     31.400    17.0455   4.410984    34.2619        309     1.2833  0.000e+00
     31.539    17.0861   4.400580    34.1369        310     1.2875  0.000e+00
     31.678    17.0555   4.422289    34.3515        311     1.2917  0.000e+00
     31.820    17.0702   4.445090    34.5372        312     1.2958  0.000e+00
     31.965    17.1396   4.429344    34.3409        313     1.3000  0.000e+00
     32.106    17.1729   4.432908    34.3435        314     1.3042  0.000e+00
     32.247    17.1850   4.476328    34.7099        315     1.3083  0.000e+00
     32.395    17.2684   4.488593    34.7445        316     1.3125  0.000e+00
     32.543    17.3682   4.487133    34.6461        317     1.3167  0.000e+00
     32.687    17.4355   4.486844    34.5860        318     1.3208  0.000e+00
     32.830    17.4725   4.485140    34.5397        319     1.3250  0.000e+00
     32.980    17.4824   4.480717    34.4931        320     1.3292  0.000e+00
     33.121    17.4764   4.480535    34.4965        321     1.3333  0.000e+00
     33.269    17.4647   4.481839    34.5177        322     1.3375  0.000e+00
     33.417    17.4551   4.477683    34.4899        323     1.3417  0.000e+00
     33.567    17.4335   4.478391    34.5144        324     1.3458  0.000e+00
     33.717    17.4198   4.484664    34.5802        325     1.3500  0.000e+00
     33.868    17.4345   4.482758    34.5511        326     1.3542  0.000e+00
     34.028    17.4442   4.485555    34.5669        327     1.3583  0.000e+00
     34.177    17.4449   4.470505    34.4364        328     1.3625  0.000e+00
     34.329    17.4046   4.471052    34.4754        329     1.3667  0.000e+00
     34.483    17.3629   4.475304    34.5477        330     1.3708  0.000e+00
     34.636    17.3497   4.473847    34.5463        331     1.3750  0.000e+00
     34.781    17.3494   4.472306    34.5332        332     1.3792  0.000e+00
     34.929    17.3404   4.467686    34.5008        333     1.3833  0.000e+00
     35.079    17.3214   4.465706    34.4998        334     1.3875  0.000e+00
     35.227    17.2989   4.455277    34.4287        335     1.3917  0.000e+00
     35.368    17.2539   4.454292    34.4585        336     1.3958  0.000e+00
     35.512    17.2165   4.442080    34.3846        337     1.4000  0.000e+00
     35.648    17.1559   4.438590    34.4059        338     1.4042  0.000e+00
     35.785    17.0985   4.437788    34.4479        339     1.4083  0.000e+00
     35.924    17.0611   4.435053    34.4561        340     1.4125  0.000e+00
     36.062    17.0322   4.437196    34.4994        341     1.4167  0.000e+00
     36.201    17.0131   4.426586    34.4234        342     1.4208  0.000e+00
     36.340    16.9768   4.410242    34.3121        343     1.4250  0.000e+00
     36.475    16.9071   4.414838    34.4116        344     1.4292  0.000e+00
     36.614    16.8550   4.406220    34.3810        345     1.4333  0.000e+00
     36.750    16.8052   4.392229    34.3013        346     1.4375  0.000e+00
     36.885    16.7292   4.380026    34.2595        347     1.4417  0.000e+00
     37.023    16.6469   4.368268    34.2268        348     1.4458  0.000e+00
     37.160    16.5488   4.355761    34.2009        349     1.4500  0.000e+00
     37.292    16.4492   4.357764    34.3040        350     1.4542  0.000e+00
     37.426    16.3774   4.350245    34.2994        351     1.4583  0.000e+00
     37.559    16.3280   4.354234    34.3771        352     1.4625  0.000e+00
     37.693    16.2932   4.332727    34.2171        353     1.4667  0.000e+00
     37.828    16.2272   4.322306    34.1815        354     1.4708  0.000e+00
     37.960    16.1449   4.327513    34.2986        355     1.4750  0.000e+00
     38.105    16.0767   4.293635    34.0568        356     1.4792  0.000e+00
     38.242    15.9695   4.297369    34.1821        357     1.4833  0.000e+00
     38.388    15.8884   4.305080    34.3209        358     1.4875  0.000e+00
     38.537    15.8643   4.298741    34.2853        359     1.4917  0.000e+00
     38.681    15.8449   4.300581    34.3184        360     1.4958  0.000e+00
     38.831    15.8229   4.292731    34.2673        361     1.5000  0.000e+00
     38.981    15.8009   4.292655    34.2857        362     1.5042  0.000e+00
     39.127    15.7685   4.251812    33.9489        363     1.5083  0.000e+00
     39.274    15.6493   4.268764    34.2034        364     1.5125  0.000e+00
     39.416    15.5805   4.254791    34.1377        365     1.5167  0.000e+00
     39.557    15.5316   4.220433    33.8717        366     1.5208  0.000e+00
     39.691    15.4008   4.220154    33.9820        367     1.5250  0.000e+00
     39.823    15.2659   4.199315    33.9109        368     1.5292  0.000e+00
     39.951    15.1502   4.194175    33.9646        369     1.5333  0.000e+00
     40.079    15.0443   4.164459    33.7872        370     1.5375  0.000e+00
     40.215    14.8986   4.156653    33.8425        371     1.5417  0.000e+00
     40.345    14.7647   4.158177    33.9729        372     1.5458  0.000e+00
     40.473    14.6822   4.165973    34.1164        373     1.5500  0.000e+00
     40.600    14.6494   4.151305    34.0108        374     1.5542  0.000e+00
     40.731    14.6018   4.152080    34.0596        375     1.5583  0.000e+00
     40.869    14.5634   4.156631    34.1350        376     1.5625  0.000e+00
     41.008    14.5490   4.154654    34.1295        377     1.5667  0.000e+00
     41.149    14.5411   4.156529    34.1537        378     1.5708  0.000e+00
     41.293    14.5428   4.157833    34.1641        379     1.5750  0.000e+00
     41.440    14.5460   4.148456    34.0751        380     1.5792  0.000e+00
     41.584    14.5249   4.141468    34.0295        381     1.5833  0.000e+00
     41.730    14.4867   4.149461    34.1364        382     1.5875  0.000e+00
     41.880    14.4725   4.151267    34.1655        383     1.5917  0.000e+00
     42.029    14.4792   4.137806    34.0358        384     1.5958  0.000e+00
     42.177    14.4527   4.132445    34.0097        385     1.6000  0.000e+00
     42.325    14.4057   4.131572    34.0429        386     1.6042  0.000e+00
     42.473    14.3651   4.127812    34.0440        387     1.6083  0.000e+00
     42.616    14.3365   4.133213    34.1189        388     1.6125  0.000e+00
     42.760    14.3254   4.122802    34.0327        389     1.6167  0.000e+00
     42.907    14.2942   4.120528    34.0391        390     1.6208  0.000e+00
     43.053    14.2549   4.114750    34.0204        391     1.6250  0.000e+00
     43.201    14.2100   4.109834    34.0144        392     1.6292  0.000e+00
     43.344    14.1657   4.113216    34.0848        393     1.6333  0.000e+00
     43.487    14.1454   4.109044    34.0641        394     1.6375  0.000e+00
     43.626    14.1279   4.106975    34.0604        395     1.6417  0.000e+00
     43.761    14.1074   4.097024    33.9862        396     1.6458  0.000e+00
     43.891    14.0645   4.083475    33.8984        397     1.6500  0.000e+00
     44.020    13.9890   4.086443    33.9925        398     1.6542  0.000e+00
     44.148    13.9347   4.078959    33.9710        399     1.6583  0.000e+00
     44.270    13.8882   4.067784    33.9080        400     1.6625  0.000e+00
     44.393    13.8222   4.067563    33.9642        401     1.6667  0.000e+00
     44.523    13.7706   4.066399    33.9991        402     1.6708  0.000e+00
     44.650    13.7362   4.066837    34.0337        403     1.6750  0.000e+00
     44.782    13.7155   4.066474    34.0487        404     1.6792  0.000e+00
     44.910    13.7045   4.067154    34.0648        405     1.6833  0.000e+00
     45.045    13.6983   4.066521    34.0643        406     1.6875  0.000e+00
     45.179    13.6928   4.067423    34.0776        407     1.6917  0.000e+00
     45.316    13.6924   4.067982    34.0831        408     1.6958  0.000e+00
     45.455    13.6946   4.066885    34.0708        409     1.7000  0.000e+00
     45.598    13.6943   4.064475    34.0485        410     1.7042  0.000e+00
     45.739    13.6851   4.063647    34.0489        411     1.7083  0.000e+00
     45.891    13.6723   4.063627    34.0600        412     1.7125  0.000e+00
     46.042    13.6644   4.063749    34.0681        413     1.7167  0.000e+00
     46.194    13.6602   4.062437    34.0595        414     1.7208  0.000e+00
     46.353    13.6556   4.064772    34.0855        415     1.7250  0.000e+00
     46.510    13.6530   4.063069    34.0717        416     1.7292  0.000e+00
     46.669    13.6509   4.064382    34.0858        417     1.7333  0.000e+00
     46.830    13.6500   4.064893    34.0913        418     1.7375  0.000e+00
     46.993    13.6519   4.064772    34.0884        419     1.7417  0.000e+00
     47.150    13.6533   4.064503    34.0847        420     1.7458  0.000e+00
