HB2303/sbe043.cnv
* Sea-Bird SBE 19plus V2 Data File:
* FileName = C:\cruise\data\sbe043.hex
* Software Version Seasave V 7.26.7.121
* Temperature SN = 6128
* Conductivity SN = 6128
* System UpLoad Time = Aug 12 2023 16:35:32
* NMEA Latitude = 37 22.46 N
* NMEA Longitude = 074 47.66 W
* NMEA UTC (Time) = Aug 12 2023 16:35:28
** Ship: Henry Bigelow
** Cruise:  HB2303
** Program:  ECOMON
# nquan = 7
# nvalues = 1360                                  
# units = specified
# name 0 = depSM: Depth [salt water, m]
# name 1 = tv290C: Temperature [ITS-90, deg C]
# name 2 = c0S/m: Conductivity [S/m]
# name 3 = sal00: Salinity, Practical [PSU]
# name 4 = scan: Scan Count
# name 5 = timeM: Time, Elapsed [minutes]
# name 6 = flag:  0.000e+00
# span 0 =     -0.096,     46.868                 
# span 1 =     9.9402,    30.8689                 
# span 2 =   0.002803,   5.105507                 
# span 3 =     0.0212,    33.4482                 
# span 4 =         11,       1370                 
# span 5 =     0.0417,     5.7042                 
# span 6 = 0.0000e+00, 0.0000e+00                 
# interval = seconds: 0.25
# start_time = Aug 12 2023 16:35:28 [NMEA time, header]
# bad_flag = -9.990e-29
*END*
[from data line 1231]
      6.227    24.7315   4.843699    31.7751       1242     5.1708  0.000e+00
      6.153    24.7361   4.843923    31.7735       1243     5.1750  0.000e+00
      6.051    24.7405   4.844531    31.7749       1244     5.1792  0.000e+00
      5.955    24.7445   4.845031    31.7758       1245     5.1833  0.000e+00
      5.858    24.7493   4.845857    31.7785       1246     5.1875  0.000e+00
      5.775    24.7548   4.846958    31.7827       1247     5.1917  0.000e+00
      5.697    24.7617   4.847414    31.7812       1248     5.1958  0.000e+00
      5.625    24.7686   4.847870    31.7797       1249     5.2000  0.000e+00
      5.568    24.7739   4.847479    31.7732       1250     5.2042  0.000e+00
      5.520    24.7769   4.847204    31.7691       1251     5.2083  0.000e+00
      5.478    24.7767   4.847508    31.7714       1252     5.2125  0.000e+00
      5.434    24.7773   4.848225    31.7763       1253     5.2167  0.000e+00
      5.407    24.7797   4.848558    31.7770       1254     5.2208  0.000e+00
      5.382    24.7832   4.849051    31.7782       1255     5.2250  0.000e+00
      5.345    24.7874   4.849246    31.7767       1256     5.2292  0.000e+00
      5.313    24.7905   4.848312    31.7677       1257     5.2333  0.000e+00
      5.275    24.7897   4.848565    31.7701       1258     5.2375  0.000e+00
      5.230    24.7891   4.849355    31.7763       1259     5.2417  0.000e+00
      5.173    24.7920   4.850493    31.7826       1260     5.2458  0.000e+00
      5.117    24.7974   4.850790    31.7810       1261     5.2500  0.000e+00
      5.050    24.8028   4.851761    31.7843       1262     5.2542  0.000e+00
      4.985    24.8094   4.852253    31.7834       1263     5.2583  0.000e+00
      4.926    24.8158   4.852550    31.7810       1264     5.2625  0.000e+00
      4.866    24.8209   4.853086    31.7814       1265     5.2667  0.000e+00
      4.819    24.8261   4.853391    31.7800       1266     5.2708  0.000e+00
      4.774    24.8307   4.853913    31.7806       1267     5.2750  0.000e+00
      4.726    24.8351   4.854355    31.7808       1268     5.2792  0.000e+00
      4.678    24.8401   4.855101    31.7827       1269     5.2833  0.000e+00
      4.636    24.8461   4.855783    31.7836       1270     5.2875  0.000e+00
      4.591    24.8523   4.856152    31.7819       1271     5.2917  0.000e+00
      4.553    24.8581   4.857145    31.7851       1272     5.2958  0.000e+00
      4.509    24.8656   4.858255    31.7879       1273     5.3000  0.000e+00
      4.460    24.8743   4.859190    31.7887       1274     5.3042  0.000e+00
      4.402    24.8838   4.859886    31.7871       1275     5.3083  0.000e+00
      4.344    24.8931   4.860901    31.7880       1276     5.3125  0.000e+00
      4.294    24.9022   4.861126    31.7833       1277     5.3167  0.000e+00
      4.234    24.9093   4.861713    31.7827       1278     5.3208  0.000e+00
      4.176    24.9159   4.864143    31.7958       1279     5.3250  0.000e+00
      4.125    24.9284   4.864731    31.7914       1280     5.3292  0.000e+00
      4.087    24.9402   4.865420    31.7881       1281     5.3333  0.000e+00
      4.044    24.9498   4.865188    31.7797       1282     5.3375  0.000e+00
      4.019    24.9567   4.866334    31.7832       1283     5.3417  0.000e+00
      3.993    24.9630   4.866559    31.7804       1284     5.3458  0.000e+00
      3.966    24.9682   4.866834    31.7788       1285     5.3500  0.000e+00
      3.939    24.9728   4.867807    31.7827       1286     5.3542  0.000e+00
      3.915    24.9786   4.868634    31.7847       1287     5.3583  0.000e+00
      3.875    24.9864   4.869665    31.7868       1288     5.3625  0.000e+00
      3.839    24.9954   4.870318    31.7852       1289     5.3667  0.000e+00
      3.797    25.0040   4.870521    31.7807       1290     5.3708  0.000e+00
      3.743    25.0106   4.871268    31.7815       1291     5.3750  0.000e+00
      3.689    25.0169   4.872437    31.7857       1292     5.3792  0.000e+00
      3.615    25.0253   4.872967    31.7837       1293     5.3833  0.000e+00
      3.544    25.0331   4.873076    31.7790       1294     5.3875  0.000e+00
      3.466    25.0388   4.873352    31.7771       1295     5.3917  0.000e+00
      3.397    25.0437   4.874688    31.7834       1296     5.3958  0.000e+00
      3.310    25.0522   4.876205    31.7885       1297     5.4000  0.000e+00
      3.240    25.0662   4.877767    31.7901       1298     5.4042  0.000e+00
      3.158    25.0835   4.878159    31.7809       1299     5.4083  0.000e+00
      3.090    25.0970   4.878739    31.7756       1300     5.4125  0.000e+00
      3.032    25.1079   4.879495    31.7736       1301     5.4167  0.000e+00
      2.976    25.1190   4.879909    31.7688       1302     5.4208  0.000e+00
      2.929    25.1288   4.880047    31.7630       1303     5.4250  0.000e+00
      2.881    25.1357   4.880046    31.7581       1304     5.4292  0.000e+00
      2.843    25.1401   4.880279    31.7568       1305     5.4333  0.000e+00
      2.803    25.1444   4.880969    31.7588       1306     5.4375  0.000e+00
      2.769    25.1505   4.881383    31.7575       1307     5.4417  0.000e+00
      2.735    25.1580   4.881775    31.7552       1308     5.4458  0.000e+00
      2.706    25.1639   4.881717    31.7506       1309     5.4500  0.000e+00
      2.686    25.1680   4.881688    31.7476       1310     5.4542  0.000e+00
      2.669    25.1701   4.882218    31.7499       1311     5.4583  0.000e+00
      2.658    25.1728   4.882611    31.7509       1312     5.4625  0.000e+00
      2.640    25.1765   4.882887    31.7504       1313     5.4667  0.000e+00
      2.620    25.1804   4.883243    31.7502       1314     5.4708  0.000e+00
      2.589    25.1853   4.883664    31.7499       1315     5.4750  0.000e+00
      2.538    25.1901   4.884471    31.7524       1316     5.4792  0.000e+00
      2.470    25.1967   4.885030    31.7519       1317     5.4833  0.000e+00
      2.381    25.2033   4.885474    31.7505       1318     5.4875  0.000e+00
      2.283    25.2096   4.886477    31.7535       1319     5.4917  0.000e+00
      2.184    25.2171   4.887952    31.7589       1320     5.4958  0.000e+00
      2.088    25.2278   4.889239    31.7609       1321     5.5000  0.000e+00
      1.994    25.2403   4.890438    31.7609       1322     5.5042  0.000e+00
      1.911    25.2532   4.891980    31.7631       1323     5.5083  0.000e+00
      1.837    25.2674   4.893223    31.7622       1324     5.5125  0.000e+00
      1.788    25.2820   4.894118    31.7586       1325     5.5167  0.000e+00
      1.744    25.2948   4.894896    31.7553       1326     5.5208  0.000e+00
      1.708    25.3057   4.895150    31.7495       1327     5.5250  0.000e+00
      1.688    25.3138   4.895259    31.7447       1328     5.5292  0.000e+00
      1.690    25.3189   4.895485    31.7428       1329     5.5333  0.000e+00
      1.706    25.3224   4.895426    31.7399       1330     5.5375  0.000e+00
      1.737    25.3244   4.895346    31.7379       1331     5.5417  0.000e+00
      1.775    25.3251   4.894925    31.7343       1332     5.5458  0.000e+00
      1.811    25.3238   4.894561    31.7326       1333     5.5500  0.000e+00
      1.836    25.3211   4.894343    31.7329       1334     5.5542  0.000e+00
      1.850    25.3184   4.894285    31.7344       1335     5.5583  0.000e+00
      1.839    25.3160   4.894677    31.7389       1336     5.5625  0.000e+00
      1.805    25.3163   4.895623    31.7456       1337     5.5667  0.000e+00
      1.752    25.3204   4.897857    31.7589       1338     5.5708  0.000e+00
      1.660    25.3324   4.903031    31.7881       1339     5.5750  0.000e+00
      1.562    25.3607   4.913453    31.8441       1340     5.5792  0.000e+00
      1.445    25.4172   4.928545    31.9140       1341     5.5833  0.000e+00
      1.324    25.5128   4.944174    31.9604       1342     5.5875  0.000e+00
      1.215    25.6343   4.951956    31.9316       1343     5.5917  0.000e+00
      1.109    25.7482   4.956802    31.8872       1344     5.5958  0.000e+00
      1.018    25.8384   4.966027    31.8908       1345     5.6000  0.000e+00
      0.957    25.9228   4.970462    31.8640       1346     5.6042  0.000e+00
      0.902    25.9965   4.974166    31.8395       1347     5.6083  0.000e+00
      0.839    26.0547   4.976817    31.8181       1348     5.6125  0.000e+00
      0.799    26.0990   4.980004    31.8103       1349     5.6167  0.000e+00
      0.752    26.1363   4.982290    31.8009       1350     5.6208  0.000e+00
      0.716    26.1681   4.984115    31.7919       1351     5.6250  0.000e+00
      0.685    26.1953   4.987113    31.7946       1352     5.6292  0.000e+00
      0.658    26.2218   4.990545    31.8008       1353     5.6333  0.000e+00
      0.631    26.2519   4.992723    31.7956       1354     5.6375  0.000e+00
      0.593    26.2800   4.994410    31.7883       1355     5.6417  0.000e+00
      0.560    26.3034   4.995239    31.7781       1356     5.6458  0.000e+00
      0.540    26.3217   4.997242    31.7797       1357     5.6500  0.000e+00
      0.527    26.3386   4.998688    31.7784       1358     5.6542  0.000e+00
      0.543    26.3559   5.000537    31.7797       1359     5.6583  0.000e+00
      0.563    26.3725   5.001859    31.7776       1360     5.6625  0.000e+00
      0.581    26.3878   5.000625    31.7583       1361     5.6667  0.000e+00
      0.588    26.3941   4.999993    31.7495       1362     5.6708  0.000e+00
      0.579    26.3939   5.002005    31.7640       1363     5.6750  0.000e+00
      0.550    26.3984   5.001146    31.7547       1364     5.6792  0.000e+00
      0.519    26.4006   5.003899    31.7728       1365     5.6833  0.000e+00
      0.460    26.4123   5.009386    31.8038       1366     5.6875  0.000e+00
      0.400    26.4413   5.013611    31.8139       1367     5.6917  0.000e+00
      0.356    26.4747   5.015477    31.8043       1368     5.6958  0.000e+00
      0.344    26.5048   5.014844    31.7791       1369     5.7000  0.000e+00
      0.338    26.5224   5.016719    31.7803       1370     5.7042  0.000e+00
