HB2303/sbe049.cnv
* Sea-Bird SBE 19plus V2 Data File:
* FileName = C:\cruise\data\sbe049.hex
* Software Version Seasave V 7.26.7.121
* Temperature SN = 6128
* Conductivity SN = 6128
* System UpLoad Time = Aug 13 2023 08:11:38
* NMEA Latitude = 38 45.23 N
* NMEA Longitude = 073 47.85 W
* NMEA UTC (Time) = Aug 13 2023 08:11:34
** Ship: Henry Bigelow
** Cruise:  HB2303
** Program:  ECOMON
# nquan = 7
# nvalues = 1350                                  
# units = specified
# name 0 = depSM: Depth [salt water, m]
# name 1 = tv290C: Temperature [ITS-90, deg C]
# name 2 = c0S/m: Conductivity [S/m]
# name 3 = sal00: Salinity, Practical [PSU]
# name 4 = scan: Scan Count
# name 5 = timeM: Time, Elapsed [minutes]
# name 6 = flag:  0.000e+00
# span 0 =     -0.204,     44.052                 
# span 1 =    10.0900,    24.8475                 
# span 2 =   0.000327,   4.789556                 
# span 3 =     0.0121,    33.8071                 
# span 4 =         11,       1360                 
# span 5 =     0.0417,     5.6625                 
# span 6 = 0.0000e+00, 0.0000e+00                 
# interval = seconds: 0.25
# start_time = Aug 13 2023 08:11:34 [NMEA time, header]
# bad_flag = -9.990e-29
*END*
[from data line 411]
     42.171    10.0913   3.616102    32.9304        422     1.7542  0.000e+00
     42.117    10.0913   3.616076    32.9301        423     1.7583  0.000e+00
     42.066    10.0913   3.616031    32.9298        424     1.7625  0.000e+00
     42.007    10.0910   3.616012    32.9299        425     1.7667  0.000e+00
     41.953    10.0907   3.615967    32.9297        426     1.7708  0.000e+00
     41.902    10.0903   3.615967    32.9300        427     1.7750  0.000e+00
     41.855    10.0902   3.615986    32.9304        428     1.7792  0.000e+00
     41.819    10.0900   3.616012    32.9308        429     1.7833  0.000e+00
     41.786    10.0902   3.616076    32.9314        430     1.7875  0.000e+00
     41.765    10.0905   3.616076    32.9310        431     1.7917  0.000e+00
     41.741    10.0908   3.616076    32.9308        432     1.7958  0.000e+00
     41.732    10.0911   3.616076    32.9305        433     1.8000  0.000e+00
     41.714    10.0912   3.616056    32.9303        434     1.8042  0.000e+00
     41.694    10.0913   3.615986    32.9294        435     1.8083  0.000e+00
     41.674    10.0914   3.616031    32.9298        436     1.8125  0.000e+00
     41.640    10.0913   3.616146    32.9311        437     1.8167  0.000e+00
     41.597    10.0915   3.616185    32.9313        438     1.8208  0.000e+00
     41.555    10.0922   3.616275    32.9317        439     1.8250  0.000e+00
     41.504    10.0927   3.616166    32.9301        440     1.8292  0.000e+00
     41.450    10.0925   3.615986    32.9284        441     1.8333  0.000e+00
     41.396    10.0920   3.616011    32.9292        442     1.8375  0.000e+00
     41.338    10.0914   3.615922    32.9289        443     1.8417  0.000e+00
     41.288    10.0908   3.615877    32.9290        444     1.8458  0.000e+00
     41.232    10.0903   3.615896    32.9297        445     1.8500  0.000e+00
     41.178    10.0901   3.615921    32.9301        446     1.8542  0.000e+00
     41.125    10.0902   3.615921    32.9301        447     1.8583  0.000e+00
     41.066    10.0900   3.615966    32.9307        448     1.8625  0.000e+00
     40.995    10.0903   3.615941    32.9302        449     1.8667  0.000e+00
     40.926    10.0906   3.615876    32.9293        450     1.8708  0.000e+00
     40.843    10.0904   3.615921    32.9300        451     1.8750  0.000e+00
     40.760    10.0903   3.615921    32.9301        452     1.8792  0.000e+00
     40.663    10.0903   3.615966    32.9306        453     1.8833  0.000e+00
     40.567    10.0907   3.616030    32.9310        454     1.8875  0.000e+00
     40.469    10.0910   3.616011    32.9305        455     1.8917  0.000e+00
     40.363    10.0915   3.615940    32.9294        456     1.8958  0.000e+00
     40.263    10.0912   3.615940    32.9297        457     1.9000  0.000e+00
     40.157    10.0910   3.615940    32.9299        458     1.9042  0.000e+00
     40.059    10.0910   3.616056    32.9311        459     1.9083  0.000e+00
     39.961    10.0914   3.616165    32.9319        460     1.9125  0.000e+00
     39.869    10.0923   3.616146    32.9310        461     1.9167  0.000e+00
     39.777    10.0926   3.616120    32.9305        462     1.9208  0.000e+00
     39.688    10.0928   3.616146    32.9306        463     1.9250  0.000e+00
     39.596    10.0931   3.616139    32.9303        464     1.9292  0.000e+00
     39.506    10.0932   3.616101    32.9298        465     1.9333  0.000e+00
     39.417    10.0932   3.616056    32.9294        466     1.9375  0.000e+00
     39.325    10.0931   3.616030    32.9293        467     1.9417  0.000e+00
     39.229    10.0928   3.616030    32.9296        468     1.9458  0.000e+00
     39.139    10.0928   3.615966    32.9290        469     1.9500  0.000e+00
     39.038    10.0924   3.615895    32.9287        470     1.9542  0.000e+00
     38.937    10.0921   3.615895    32.9290        471     1.9583  0.000e+00
     38.835    10.0918   3.616055    32.9309        472     1.9625  0.000e+00
     38.736    10.0920   3.616030    32.9305        473     1.9667  0.000e+00
     38.638    10.0925   3.616100    32.9309        474     1.9708  0.000e+00
     38.543    10.0930   3.616055    32.9300        475     1.9750  0.000e+00
     38.447    10.0931   3.615965    32.9291        476     1.9792  0.000e+00
     38.366    10.0930   3.616209    32.9316        477     1.9833  0.000e+00
     38.288    10.0936   3.616254    32.9315        478     1.9875  0.000e+00
     38.203    10.0944   3.616184    32.9302        479     1.9917  0.000e+00
     38.125    10.0948   3.616139    32.9294        480     1.9958  0.000e+00
     38.042    10.0948   3.616119    32.9293        481     2.0000  0.000e+00
     37.964    10.0948   3.616145    32.9295        482     2.0042  0.000e+00
     37.883    10.0948   3.616164    32.9298        483     2.0083  0.000e+00
     37.796    10.0950   3.616228    32.9303        484     2.0125  0.000e+00
     37.713    10.0952   3.616074    32.9285        485     2.0167  0.000e+00
     37.619    10.0951   3.616010    32.9281        486     2.0208  0.000e+00
     37.530    10.0948   3.615920    32.9275        487     2.0250  0.000e+00
     37.433    10.0939   3.616010    32.9292        488     2.0292  0.000e+00
     37.333    10.0936   3.615939    32.9288        489     2.0333  0.000e+00
     37.239    10.0935   3.616299    32.9326        490     2.0375  0.000e+00
     37.145    10.0944   3.616389    32.9327        491     2.0417  0.000e+00
     37.053    10.0960   3.616588    32.9333        492     2.0458  0.000e+00
     36.965    10.0976   3.616344    32.9294        493     2.0500  0.000e+00
     36.874    10.0981   3.616145    32.9270        494     2.0542  0.000e+00
     36.786    10.0971   3.616299    32.9295        495     2.0583  0.000e+00
     36.699    10.0970   3.616273    32.9294        496     2.0625  0.000e+00
     36.614    10.0970   3.616260    32.9293        497     2.0667  0.000e+00
     36.529    10.0971   3.616453    32.9312        498     2.0708  0.000e+00
     36.448    10.0979   3.616388    32.9298        499     2.0750  0.000e+00
     36.361    10.0982   3.616453    32.9303        500     2.0792  0.000e+00
     36.268    10.0987   3.616652    32.9319        501     2.0833  0.000e+00
     36.163    10.0997   3.616851    32.9330        502     2.0875  0.000e+00
     36.054    10.1016   3.616677    32.9295        503     2.0917  0.000e+00
     35.944    10.1021   3.616831    32.9307        504     2.0958  0.000e+00
     35.825    10.1030   3.618546    32.9474        505     2.1000  0.000e+00
     35.704    10.1097   3.618899    32.9448        506     2.1042  0.000e+00
     35.577    10.1165   3.617877    32.9284        507     2.1083  0.000e+00
     35.447    10.1180   3.618963    32.9380        508     2.1125  0.000e+00
     35.324    10.1219   3.619322    32.9382        509     2.1167  0.000e+00
     35.183    10.1263   3.619296    32.9340        510     2.1208  0.000e+00
     35.064    10.1289   3.618853    32.9272        511     2.1250  0.000e+00
     34.936    10.1294   3.619418    32.9325        512     2.1292  0.000e+00
     34.802    10.1307   3.619784    32.9351        513     2.1333  0.000e+00
     34.686    10.1336   3.621056    32.9454        514     2.1375  0.000e+00
     34.565    10.1401   3.621435    32.9434        515     2.1417  0.000e+00
     34.453    10.1473   3.621390    32.9364        516     2.1458  0.000e+00
     34.339    10.1516   3.621634    32.9350        517     2.1500  0.000e+00
     34.238    10.1553   3.622167    32.9371        518     2.1542  0.000e+00
     34.137    10.1595   3.622347    32.9351        519     2.1583  0.000e+00
     34.045    10.1634   3.622790    32.9361        520     2.1625  0.000e+00
     33.945    10.1672   3.622880    32.9336        521     2.1667  0.000e+00
     33.859    10.1703   3.622860    32.9307        522     2.1708  0.000e+00
     33.776    10.1721   3.623194    32.9324        523     2.1750  0.000e+00
     33.700    10.1741   3.623284    32.9316        524     2.1792  0.000e+00
     33.626    10.1762   3.623593    32.9328        525     2.1833  0.000e+00
     33.552    10.1786   3.623837    32.9330        526     2.1875  0.000e+00
     33.479    10.1814   3.624126    32.9335        527     2.1917  0.000e+00
     33.411    10.1842   3.624351    32.9333        528     2.1958  0.000e+00
     33.342    10.1867   3.624865    32.9362        529     2.2000  0.000e+00
     33.277    10.1907   3.625064    32.9346        530     2.2042  0.000e+00
     33.203    10.1944   3.625308    32.9337        531     2.2083  0.000e+00
     33.127    10.1972   3.625732    32.9355        532     2.2125  0.000e+00
     33.052    10.2009   3.626131    32.9362        533     2.2167  0.000e+00
     32.975    10.2046   3.626336    32.9349        534     2.2208  0.000e+00
     32.891    10.2084   3.626735    32.9356        535     2.2250  0.000e+00
     32.809    10.2119   3.626580    32.9309        536     2.2292  0.000e+00
     32.729    10.2146   3.627049    32.9332        537     2.2333  0.000e+00
     32.637    10.2171   3.627268    32.9332        538     2.2375  0.000e+00
     32.561    10.2197   3.627538    32.9335        539     2.2417  0.000e+00
     32.480    10.2223   3.627602    32.9319        540     2.2458  0.000e+00
     32.402    10.2243   3.627583    32.9299        541     2.2500  0.000e+00
     32.330    10.2256   3.628360    32.9366        542     2.2542  0.000e+00
     32.252    10.2287   3.628296    32.9332        543     2.2583  0.000e+00
     32.174    10.2314   3.627936    32.9271        544     2.2625  0.000e+00
     32.106    10.2315   3.628071    32.9285        545     2.2667  0.000e+00
     32.025    10.2317   3.628765    32.9353        546     2.2708  0.000e+00
     31.941    10.2342   3.629010    32.9355        547     2.2750  0.000e+00
     31.858    10.2373   3.629048    32.9331        548     2.2792  0.000e+00
     31.766    10.2399   3.629189    32.9322        549     2.2833  0.000e+00
     31.678    10.2418   3.629723    32.9360        550     2.2875  0.000e+00
     31.580    10.2448   3.630662    32.9428        551     2.2917  0.000e+00
     31.486    10.2504   3.630887    32.9400        552     2.2958  0.000e+00
     31.374    10.2554   3.630977    32.9363        553     2.3000  0.000e+00
     31.282    10.2590   3.631240    32.9358        554     2.3042  0.000e+00
     31.170    10.2620   3.631645    32.9372        555     2.3083  0.000e+00
     31.063    10.2655   3.631845    32.9361        556     2.3125  0.000e+00
     30.962    10.2687   3.632314    32.9380        557     2.3167  0.000e+00
     30.865    10.2724   3.632558    32.9371        558     2.3208  0.000e+00
     30.758    10.2762   3.633208    32.9402        559     2.3250  0.000e+00
     30.655    10.2807   3.634037    32.9446        560     2.3292  0.000e+00
     30.554    10.2868   3.634500    32.9437        561     2.3333  0.000e+00
     30.463    10.2932   3.634951    32.9425        562     2.3375  0.000e+00
     30.367    10.2988   3.635710    32.9451        563     2.3417  0.000e+00
     30.284    10.3057   3.636224    32.9441        564     2.3458  0.000e+00
     30.196    10.3126   3.636649    32.9422        565     2.3500  0.000e+00
     30.109    10.3185   3.637009    32.9405        566     2.3542  0.000e+00
     30.026    10.3238   3.637408    32.9397        567     2.3583  0.000e+00
     29.946    10.3290   3.637614    32.9371        568     2.3625  0.000e+00
     29.860    10.3332   3.638148    32.9387        569     2.3667  0.000e+00
     29.774    10.3380   3.638824    32.9412        570     2.3708  0.000e+00
     29.697    10.3436   3.639493    32.9429        571     2.3750  0.000e+00
     29.612    10.3500   3.640387    32.9462        572     2.3792  0.000e+00
     29.539    10.3574   3.640748    32.9431        573     2.3833  0.000e+00
     29.462    10.3639   3.641037    32.9401        574     2.3875  0.000e+00
     29.393    10.3692   3.641533    32.9404        575     2.3917  0.000e+00
     29.330    10.3745   3.641720    32.9375        576     2.3958  0.000e+00
     29.270    10.3792   3.642067    32.9368        577     2.4000  0.000e+00
     29.212    10.3833   3.642112    32.9335        578     2.4042  0.000e+00
     29.156    10.3871   3.642312    32.9321        579     2.4083  0.000e+00
     29.098    10.3901   3.642563    32.9320        580     2.4125  0.000e+00
     29.047    10.3933   3.642608    32.9295        581     2.4167  0.000e+00
     28.988    10.3957   3.642737    32.9286        582     2.4208  0.000e+00
     28.934    10.3978   3.642917    32.9286        583     2.4250  0.000e+00
     28.878    10.4006   3.643361    32.9305        584     2.4292  0.000e+00
     28.825    10.4044   3.643612    32.9297        585     2.4333  0.000e+00
     28.773    10.4085   3.643702    32.9269        586     2.4375  0.000e+00
     28.720    10.4119   3.643657    32.9233        587     2.4417  0.000e+00
     28.673    10.4143   3.643792    32.9225        588     2.4458  0.000e+00
     28.626    10.4162   3.644063    32.9235        589     2.4500  0.000e+00
     28.576    10.4191   3.644687    32.9273        590     2.4542  0.000e+00
     28.518    10.4237   3.645879    32.9350        591     2.4583  0.000e+00
     28.460    10.4319   3.647160    32.9406        592     2.4625  0.000e+00
     28.386    10.4429   3.648777    32.9469        593     2.4667  0.000e+00
     28.319    10.4568   3.650324    32.9499        594     2.4708  0.000e+00
     28.243    10.4725   3.651290    32.9454        595     2.4750  0.000e+00
     28.167    10.4875   3.652282    32.9418        596     2.4792  0.000e+00
     28.077    10.5014   3.654171    32.9481        597     2.4833  0.000e+00
     27.986    10.5178   3.655447    32.9462        598     2.4875  0.000e+00
     27.891    10.5355   3.656575    32.9415        599     2.4917  0.000e+00
     27.796    10.5527   3.657749    32.9378        600     2.4958  0.000e+00
     27.703    10.5694   3.658110    32.9263        601     2.5000  0.000e+00
     27.607    10.5840   3.657207    32.9041        602     2.5042  0.000e+00
     27.514    10.5927   3.656194    32.8862        603     2.5083  0.000e+00
     27.419    10.5970   3.659528    32.9157        604     2.5125  0.000e+00
     27.325    10.6098   3.661754    32.9265        605     2.5167  0.000e+00
     27.240    10.6294   3.663380    32.9251        606     2.5208  0.000e+00
     27.160    10.6504   3.665755    32.9299        607     2.5250  0.000e+00
     27.083    10.6729   3.667969    32.9318        608     2.5292  0.000e+00
     27.016    10.6957   3.670454    32.9361        609     2.5333  0.000e+00
     26.943    10.7203   3.673225    32.9416        610     2.5375  0.000e+00
     26.871    10.7469   3.674006    32.9255        611     2.5417  0.000e+00
     26.813    10.7690   3.674051    32.9060        612     2.5458  0.000e+00
     26.755    10.7844   3.672443    32.8762        613     2.5500  0.000e+00
     26.699    10.7905   3.668464    32.8311        614     2.5542  0.000e+00
     26.643    10.7882   3.665559    32.8042        615     2.5583  0.000e+00
     26.591    10.7844   3.664217    32.7944        616     2.5625  0.000e+00
     26.546    10.7844   3.663900    32.7913        617     2.5667  0.000e+00
     26.497    10.7898   3.663829    32.7857        618     2.5708  0.000e+00
     26.457    10.8004   3.664100    32.7789        619     2.5750  0.000e+00
     26.417    10.8112   3.664442    32.7727        620     2.5792  0.000e+00
     26.370    10.8207   3.664674    32.7665        621     2.5833  0.000e+00
     26.325    10.8289   3.664868    32.7611        622     2.5875  0.000e+00
     26.274    10.8358   3.664984    32.7561        623     2.5917  0.000e+00
     26.231    10.8411   3.665107    32.7526        624     2.5958  0.000e+00
     26.175    10.8461   3.665345    32.7506        625     2.6000  0.000e+00
