HB2303/sbe020.cnv
* Sea-Bird SBE 19plus V2 Data File:
* FileName = C:\cruise\data\sbe020.hex
* Software Version Seasave V 7.26.7.121
* Temperature SN = 6128
* Conductivity SN = 6128
* System UpLoad Time = Aug 10 2023 16:06:45
* NMEA Latitude = 39 10.72 N
* NMEA Longitude = 074 22.06 W
* NMEA UTC (Time) = Aug 10 2023 16:06:40
** Ship: Henry Bigelow
** Cruise:  HB2303
** Program:  ECOMON
# nquan = 7
# nvalues = 724                                   
# units = specified
# name 0 = depSM: Depth [salt water, m]
# name 1 = tv290C: Temperature [ITS-90, deg C]
# name 2 = c0S/m: Conductivity [S/m]
# name 3 = sal00: Salinity, Practical [PSU]
# name 4 = scan: Scan Count
# name 5 = timeM: Time, Elapsed [minutes]
# name 6 = flag:  0.000e+00
# span 0 =     -0.198,     15.395                 
# span 1 =    14.1762,    24.2210                 
# span 2 =   0.000052,   4.703775                 
# span 3 =     0.0115,    32.3932                 
# span 4 =         11,        734                 
# span 5 =     0.0417,     3.0542                 
# span 6 = 0.0000e+00, 0.0000e+00                 
# interval = seconds: 0.25
# start_time = Aug 10 2023 16:06:40 [NMEA time, header]
# bad_flag = -9.990e-29
*END*
[from data line 616]
      2.763    22.8266   4.642672    31.6293        627     2.6083  0.000e+00
      2.713    22.8270   4.642509    31.6277        628     2.6125  0.000e+00
      2.648    22.8266   4.642544    31.6284        629     2.6167  0.000e+00
      2.577    22.8259   4.642018    31.6249        630     2.6208  0.000e+00
      2.516    22.8239   4.641883    31.6253        631     2.6250  0.000e+00
      2.460    22.8216   4.641762    31.6260        632     2.6292  0.000e+00
      2.402    22.8198   4.642295    31.6314        633     2.6333  0.000e+00
      2.353    22.8207   4.642594    31.6331        634     2.6375  0.000e+00
      2.304    22.8227   4.642672    31.6323        635     2.6417  0.000e+00
      2.275    22.8245   4.642317    31.6283        636     2.6458  0.000e+00
      2.263    22.8244   4.641996    31.6259        637     2.6500  0.000e+00
      2.275    22.8231   4.641989    31.6267        638     2.6542  0.000e+00
      2.297    22.8218   4.641776    31.6261        639     2.6583  0.000e+00
      2.329    22.8199   4.641470    31.6251        640     2.6625  0.000e+00
      2.360    22.8178   4.641420    31.6262        641     2.6667  0.000e+00
      2.389    22.8161   4.641748    31.6300        642     2.6708  0.000e+00
      2.397    22.8163   4.642495    31.6355        643     2.6750  0.000e+00
      2.347    22.8188   4.642103    31.6307        644     2.6792  0.000e+00
      2.235    22.8199   4.641235    31.6233        645     2.6833  0.000e+00
      2.099    22.8169   4.641940    31.6309        646     2.6875  0.000e+00
      1.982    22.8171   4.642537    31.6353        647     2.6917  0.000e+00
      1.882    22.8202   4.643561    31.6410        648     2.6958  0.000e+00
      1.812    22.8255   4.643006    31.6329        649     2.7000  0.000e+00
      1.763    22.8286   4.643063    31.6312        650     2.7042  0.000e+00
      1.730    22.8296   4.643469    31.6335        651     2.7083  0.000e+00
      1.716    22.8317   4.643661    31.6335        652     2.7125  0.000e+00
      1.719    22.8339   4.644031    31.6347        653     2.7167  0.000e+00
      1.721    22.8366   4.644016    31.6327        654     2.7208  0.000e+00
      1.743    22.8386   4.644094    31.6318        655     2.7250  0.000e+00
      1.779    22.8398   4.643952    31.6298        656     2.7292  0.000e+00
      1.826    22.8405   4.643902    31.6289        657     2.7333  0.000e+00
      1.867    22.8403   4.643433    31.6255        658     2.7375  0.000e+00
      1.902    22.8380   4.642921    31.6232        659     2.7417  0.000e+00
      1.925    22.8342   4.642672    31.6241        660     2.7458  0.000e+00
      1.941    22.8308   4.642779    31.6274        661     2.7500  0.000e+00
      1.931    22.8289   4.642700    31.6281        662     2.7542  0.000e+00
      1.864    22.8274   4.642316    31.6263        663     2.7583  0.000e+00
      1.748    22.8253   4.642622    31.6301        664     2.7625  0.000e+00
      1.623    22.8249   4.642459    31.6292        665     2.7667  0.000e+00
      1.515    22.8247   4.642387    31.6289        666     2.7708  0.000e+00
      1.430    22.8240   4.642238    31.6283        667     2.7750  0.000e+00
      1.403    22.8230   4.642238    31.6290        668     2.7792  0.000e+00
      1.409    22.8225   4.642416    31.6307        669     2.7833  0.000e+00
      1.425    22.8225   4.642835    31.6339        670     2.7875  0.000e+00
      1.441    22.8239   4.642650    31.6315        671     2.7917  0.000e+00
      1.443    22.8253   4.642807    31.6316        672     2.7958  0.000e+00
      1.446    22.8261   4.643220    31.6342        673     2.8000  0.000e+00
      1.428    22.8279   4.643717    31.6367        674     2.8042  0.000e+00
      1.376    22.8313   4.643902    31.6357        675     2.8083  0.000e+00
      1.293    22.8346   4.644151    31.6353        676     2.8125  0.000e+00
      1.233    22.8373   4.644059    31.6327        677     2.8167  0.000e+00
      1.208    22.8392   4.644258    31.6328        678     2.8208  0.000e+00
      1.206    22.8406   4.644919    31.6368        679     2.8250  0.000e+00
      1.242    22.8438   4.644806    31.6337        680     2.8292  0.000e+00
      1.284    22.8462   4.644564    31.6300        681     2.8333  0.000e+00
      1.332    22.8459   4.644137    31.6270        682     2.8375  0.000e+00
      1.359    22.8443   4.643767    31.6253        683     2.8417  0.000e+00
      1.356    22.8415   4.643959    31.6288        684     2.8458  0.000e+00
      1.327    22.8401   4.644009    31.6302        685     2.8500  0.000e+00
      1.188    22.8395   4.643056    31.6234        686     2.8542  0.000e+00
      1.018    22.8360   4.643041    31.6259        687     2.8583  0.000e+00
      0.920    22.8333   4.642977    31.6273        688     2.8625  0.000e+00
      0.877    22.8315   4.642864    31.6278        689     2.8667  0.000e+00
      0.877    22.8300   4.642984    31.6298        690     2.8708  0.000e+00
      0.908    22.8292   4.643006    31.6305        691     2.8750  0.000e+00
      0.958    22.8293   4.643006    31.6304        692     2.8792  0.000e+00
      1.007    22.8293   4.642906    31.6296        693     2.8833  0.000e+00
      1.063    22.8288   4.642949    31.6304        694     2.8875  0.000e+00
      1.126    22.8287   4.642750    31.6289        695     2.8917  0.000e+00
      1.186    22.8281   4.642729    31.6291        696     2.8958  0.000e+00
      1.218    22.8275   4.642835    31.6303        697     2.9000  0.000e+00
      1.213    22.8269   4.642700    31.6297        698     2.9042  0.000e+00
      1.186    22.8262   4.643276    31.6347        699     2.9083  0.000e+00
      1.090    22.8276   4.643141    31.6327        700     2.9125  0.000e+00
      0.927    22.8289   4.643041    31.6310        701     2.9167  0.000e+00
      0.745    22.8289   4.641633    31.6204        702     2.9208  0.000e+00
      0.573    22.8245   4.641604    31.6234        703     2.9250  0.000e+00
      0.485    22.8205   4.642785    31.6353        704     2.9292  0.000e+00
      0.456    22.8217   4.642835    31.6348        705     2.9333  0.000e+00
      0.514    22.8240   4.642778    31.6327        706     2.9375  0.000e+00
      0.598    22.8256   4.642344    31.6282        707     2.9417  0.000e+00
      0.691    22.8246   4.641853    31.6252        708     2.9458  0.000e+00
      0.757    22.8216   4.641733    31.6264        709     2.9500  0.000e+00
      0.808    22.8190   4.641718    31.6281        710     2.9542  0.000e+00
      0.882    22.8174   4.641783    31.6297        711     2.9583  0.000e+00
      0.922    22.8167   4.641583    31.6287        712     2.9625  0.000e+00
      0.862    22.8152   4.640950    31.6250        713     2.9667  0.000e+00
      0.712    22.8119   4.641000    31.6278        714     2.9708  0.000e+00
      0.557    22.8098   4.640901    31.6286        715     2.9750  0.000e+00
      0.403    22.8080   4.640929    31.6302        716     2.9792  0.000e+00
      0.244    22.8082   4.642074    31.6387        717     2.9833  0.000e+00
      0.070    22.8118   4.643112    31.6442        718     2.9875  0.000e+00
      0.040    22.8186   4.643539    31.6425        719     2.9917  0.000e+00
      0.065    22.8255   4.643055    31.6338        720     2.9958  0.000e+00
      0.112    22.8296   4.643930    31.6375        721     3.0000  0.000e+00
      0.159    22.8332   4.643902    31.6347        722     3.0042  0.000e+00
      0.218    22.8361   4.644208    31.6349        723     3.0083  0.000e+00
      0.281    22.8382   4.644137    31.6328        724     3.0125  0.000e+00
      0.334    22.8396   4.644094    31.6315        725     3.0167  0.000e+00
      0.386    22.8396   4.644016    31.6309        726     3.0208  0.000e+00
      0.469    22.8395   4.643902    31.6301        727     3.0250  0.000e+00
      0.499    22.8389   4.643603    31.6282        728     3.0292  0.000e+00
      0.438    22.8375   4.643632    31.6295        729     3.0333  0.000e+00
      0.224    22.8361   4.643795    31.6318        730     3.0375  0.000e+00
     -0.066    22.8356   4.643710    31.6316        731     3.0417  0.000e+00
     -0.191    22.8356   1.784484    11.0421        732     3.0458  0.000e+00
     -0.198    22.8351   0.568024     3.2195        733     3.0500  0.000e+00
     -0.198    22.8276   0.480004     2.6911        734     3.0542  0.000e+00
