HB2303/sbe031.cnv
* Sea-Bird SBE 19plus V2 Data File:
* FileName = C:\cruise\data\sbe031.hex
* Software Version Seasave V 7.26.7.121
* Temperature SN = 6128
* Conductivity SN = 6128
* System UpLoad Time = Aug 11 2023 16:14:02
* NMEA Latitude = 36 19.73 N
* NMEA Longitude = 075 41.96 W
* NMEA UTC (Time) = Aug 11 2023 16:13:58
** Ship: Henry Bigelow
** Cruise:  HB2303
** Program:  ECOMON
# nquan = 7
# nvalues = 709                                   
# units = specified
# name 0 = depSM: Depth [salt water, m]
# name 1 = tv290C: Temperature [ITS-90, deg C]
# name 2 = c0S/m: Conductivity [S/m]
# name 3 = sal00: Salinity, Practical [PSU]
# name 4 = scan: Scan Count
# name 5 = timeM: Time, Elapsed [minutes]
# name 6 = flag:  0.000e+00
# span 0 =     -0.148,     15.753                 
# span 1 =    17.3247,    26.7348                 
# span 2 =  -0.001566,   5.099783                 
# span 3 =     0.0000,    33.5908                 
# span 4 =         11,        719                 
# span 5 =     0.0417,     2.9917                 
# span 6 = 0.0000e+00, 0.0000e+00                 
# interval = seconds: 0.25
# start_time = Aug 11 2023 16:13:58 [NMEA time, header]
# bad_flag = -9.990e-29
*END*
[from data line 206]
      3.795    26.0304   5.012722    32.0916        217     0.9000  0.000e+00
      3.901    26.0185   5.010709    32.0855        218     0.9042  0.000e+00
      4.008    26.0030   5.009101    32.0848        219     0.9083  0.000e+00
      4.111    25.9855   5.007984    32.0890        220     0.9125  0.000e+00
      4.207    25.9657   5.006728    32.0937        221     0.9167  0.000e+00
      4.304    25.9457   5.006060    32.1029        222     0.9208  0.000e+00
      4.400    25.9260   5.001728    32.0855        223     0.9250  0.000e+00
      4.489    25.9080   4.995849    32.0558        224     0.9292  0.000e+00
      4.581    25.8905   4.992702    32.0454        225     0.9333  0.000e+00
      4.671    25.8696   4.990611    32.0449        226     0.9375  0.000e+00
      4.762    25.8456   4.988668    32.0477        227     0.9417  0.000e+00
      4.855    25.8210   4.987781    32.0585        228     0.9458  0.000e+00
      4.944    25.7961   4.985567    32.0600        229     0.9500  0.000e+00
      5.032    25.7734   4.982701    32.0552        230     0.9542  0.000e+00
      5.126    25.7509   4.980730    32.0566        231     0.9583  0.000e+00
      5.215    25.7286   4.978217    32.0541        232     0.9625  0.000e+00
      5.312    25.7062   4.976649    32.0585        233     0.9667  0.000e+00
      5.414    25.6852   4.975258    32.0632        234     0.9708  0.000e+00
      5.517    25.6632   4.973405    32.0652        235     0.9750  0.000e+00
      5.624    25.6423   4.972380    32.0724        236     0.9792  0.000e+00
      5.741    25.6243   4.971267    32.0769        237     0.9833  0.000e+00
      5.849    25.6073   4.970103    32.0805        238     0.9875  0.000e+00
      5.963    25.5914   4.969020    32.0838        239     0.9917  0.000e+00
      6.079    25.5757   4.968369    32.0901        240     0.9958  0.000e+00
      6.200    25.5607   4.967322    32.0930        241     1.0000  0.000e+00
      6.321    25.5471   4.966151    32.0940        242     1.0042  0.000e+00
      6.435    25.5337   4.964731    32.0932        243     1.0083  0.000e+00
      6.550    25.5199   4.963480    32.0938        244     1.0125  0.000e+00
      6.666    25.5084   4.962595    32.0954        245     1.0167  0.000e+00
      6.771    25.4964   4.961973    32.0993        246     1.0208  0.000e+00
      6.863    25.4831   4.960722    32.0996        247     1.0250  0.000e+00
      6.936    25.4692   4.959647    32.1015        248     1.0292  0.000e+00
      6.995    25.4553   4.958543    32.1033        249     1.0333  0.000e+00
      7.051    25.4402   4.957746    32.1081        250     1.0375  0.000e+00
      7.103    25.4249   4.956386    32.1091        251     1.0417  0.000e+00
      7.152    25.4104   4.955304    32.1114        252     1.0458  0.000e+00
      7.197    25.3950   4.953578    32.1098        253     1.0500  0.000e+00
      7.253    25.3771   4.949134    32.0901        254     1.0542  0.000e+00
      7.297    25.3577   4.942624    32.0564        255     1.0583  0.000e+00
      7.338    25.3388   4.948594    32.1131        256     1.0625  0.000e+00
      7.384    25.3198   4.947235    32.1166        257     1.0667  0.000e+00
      7.431    25.2994   4.946300    32.1243        258     1.0708  0.000e+00
      7.481    25.2768   4.945423    32.1338        259     1.0750  0.000e+00
      7.536    25.2550   4.944181    32.1402        260     1.0792  0.000e+00
      7.592    25.2359   4.942969    32.1448        261     1.0833  0.000e+00
      7.651    25.2189   4.942093    32.1505        262     1.0875  0.000e+00
      7.716    25.2010   4.940932    32.1547        263     1.0917  0.000e+00
      7.775    25.1864   4.940311    32.1605        264     1.0958  0.000e+00
      7.844    25.1733   4.940143    32.1685        265     1.1000  0.000e+00
      7.916    25.1636   4.940764    32.1799        266     1.1042  0.000e+00
      7.985    25.1571   4.943475    32.2043        267     1.1083  0.000e+00
      8.059    25.1513   4.944695    32.2173        268     1.1125  0.000e+00
      8.133    25.1452   4.944439    32.2198        269     1.1167  0.000e+00
      8.211    25.1023   4.941277    32.2271        270     1.1208  0.000e+00
      8.285    24.9380   4.920059    32.1886        271     1.1250  0.000e+00
      8.357    24.6666   4.887658    32.1439        272     1.1292  0.000e+00
      8.437    24.3103   4.855445    32.1606        273     1.1333  0.000e+00
      8.509    23.9422   4.825578    32.2032        274     1.1375  0.000e+00
      8.588    23.6026   4.804352    32.2902        275     1.1417  0.000e+00
      8.658    23.3084   4.790451    32.4001        276     1.1458  0.000e+00
      8.733    23.0694   4.778567    32.4857        277     1.1500  0.000e+00
      8.812    22.8735   4.770041    32.5655        278     1.1542  0.000e+00
      8.885    22.7117   4.761643    32.6214        279     1.1583  0.000e+00
      8.959    22.5683   4.753265    32.6640        280     1.1625  0.000e+00
      9.035    22.4262   4.742431    32.6868        281     1.1667  0.000e+00
      9.109    22.3017   4.734426    32.7184        282     1.1708  0.000e+00
      9.176    22.1820   4.728082    32.7593        283     1.1750  0.000e+00
      9.244    22.0591   4.722343    32.8075        284     1.1792  0.000e+00
      9.316    21.9553   4.718018    32.8524        285     1.1833  0.000e+00
      9.385    21.8643   4.714926    32.8973        286     1.1875  0.000e+00
      9.452    21.7685   4.711470    32.9433        287     1.1917  0.000e+00
      9.523    21.6662   4.706777    32.9846        288     1.1958  0.000e+00
      9.595    21.5584   4.696960    32.9900        289     1.2000  0.000e+00
      9.669    21.4455   4.684224    32.9762        290     1.2042  0.000e+00
      9.743    21.3123   4.673621    32.9947        291     1.2083  0.000e+00
      9.821    21.1383   4.666884    33.0754        292     1.2125  0.000e+00
      9.898    20.9585   4.661584    33.1727        293     1.2167  0.000e+00
      9.970    20.8044   4.653182    33.2256        294     1.2208  0.000e+00
     10.054    20.6613   4.640418    33.2351        295     1.2250  0.000e+00
     10.128    20.5280   4.628287    33.2420        296     1.2292  0.000e+00
     10.201    20.4026   4.616410    33.2448        297     1.2333  0.000e+00
     10.283    20.2827   4.608389    33.2742        298     1.2375  0.000e+00
     10.353    20.1691   4.603003    33.3202        299     1.2417  0.000e+00
     10.429    20.0519   4.597251    33.3662        300     1.2458  0.000e+00
     10.508    19.9434   4.591021    33.4015        301     1.2500  0.000e+00
     10.577    19.8385   4.578215    33.3805        302     1.2542  0.000e+00
     10.647    19.7374   4.567784    33.3757        303     1.2583  0.000e+00
     10.718    19.6344   4.559566    33.3904        304     1.2625  0.000e+00
     10.793    19.5272   4.554845    33.4373        305     1.2667  0.000e+00
     10.864    19.4199   4.549189    33.4768        306     1.2708  0.000e+00
     10.933    19.3253   4.544396    33.5132        307     1.2750  0.000e+00
     11.001    19.2438   4.540464    33.5463        308     1.2792  0.000e+00
     11.074    19.1689   4.538542    33.5908        309     1.2833  0.000e+00
     11.135    19.1042   4.444842    32.8669        310     1.2875  0.000e+00
     11.202    19.0503   4.303508    31.7423        311     1.2917  0.000e+00
     11.265    19.0114   4.226247    31.1360        312     1.2958  0.000e+00
     11.323    18.9850   4.291739    31.6952        313     1.3000  0.000e+00
     11.379    18.9675   4.298563    31.7648        314     1.3042  0.000e+00
     11.439    18.9485   4.298584    31.7795        315     1.3083  0.000e+00
     11.495    18.9258   4.234712    31.2700        316     1.3125  0.000e+00
     11.556    18.9079   4.215967    31.1289        317     1.3167  0.000e+00
     11.616    18.8932   4.074117    29.9742        318     1.3208  0.000e+00
     11.679    18.8839   4.108474    30.2628        319     1.3250  0.000e+00
     11.748    18.8776   4.136244    30.4954        320     1.3292  0.000e+00
     11.820    18.8701   4.027639    29.6101        321     1.3333  0.000e+00
     11.891    18.8660   3.488433    25.2459        322     1.3375  0.000e+00
     11.961    18.8672   3.419216    24.6914        323     1.3417  0.000e+00
     12.041    18.8699   3.201486    22.9585        324     1.3458  0.000e+00
     12.120    18.8701   3.261407    23.4332        325     1.3500  0.000e+00
     12.196    18.8658   4.162568    30.7205        326     1.3542  0.000e+00
     12.285    18.8632   3.564163    25.8551        327     1.3583  0.000e+00
     12.368    18.8735   3.461469    25.0253        328     1.3625  0.000e+00
     12.446    18.9015   3.469428    25.0721        329     1.3667  0.000e+00
     12.525    18.9380   3.813294    27.8172        330     1.3708  0.000e+00
     12.603    18.9725   4.416895    32.7391        331     1.3750  0.000e+00
     12.680    19.0013   4.470004    33.1567        332     1.3792  0.000e+00
     12.753    19.0285   4.468982    33.1264        333     1.3833  0.000e+00
     12.825    19.0373   4.466196    33.0963        334     1.3875  0.000e+00
     12.894    19.0100   4.468282    33.1353        335     1.3917  0.000e+00
     12.959    18.9437   4.387345    32.5168        336     1.3958  0.000e+00
     13.021    18.8478   4.359265    32.3590        337     1.4000  0.000e+00
     13.082    18.7095   4.378891    32.6308        338     1.4042  0.000e+00
     13.136    18.5729   4.376180    32.7164        339     1.4083  0.000e+00
     13.201    18.4754   4.374564    32.7804        340     1.4125  0.000e+00
     13.257    18.4113   4.373587    32.8233        341     1.4167  0.000e+00
     13.317    18.3703   4.373130    32.8522        342     1.4208  0.000e+00
     13.371    18.3449   4.372700    32.8688        343     1.4250  0.000e+00
     13.425    18.3296   4.372090    32.8760        344     1.4292  0.000e+00
     13.483    18.3194   4.371584    32.8798        345     1.4333  0.000e+00
     13.544    18.3131   4.371584    32.8848        346     1.4375  0.000e+00
     13.602    18.3089   4.371861    32.8906        347     1.4417  0.000e+00
     13.660    18.3070   4.370086    32.8771        348     1.4458  0.000e+00
     13.716    18.3003   4.369580    32.8782        349     1.4500  0.000e+00
     13.777    18.2926   4.368713    32.8771        350     1.4542  0.000e+00
     13.837    18.2852   4.367985    32.8768        351     1.4583  0.000e+00
     13.894    18.2773   4.367853    32.8820        352     1.4625  0.000e+00
     13.956    18.2710   4.367022    32.8800        353     1.4667  0.000e+00
     14.017    18.2646   4.366488    32.8807        354     1.4708  0.000e+00
     14.080    18.2580   4.365552    32.8781        355     1.4750  0.000e+00
     14.142    18.2500   4.364741    32.8776        356     1.4792  0.000e+00
     14.205    18.2424   4.365296    32.8884        357     1.4833  0.000e+00
     14.275    18.2386   4.363750    32.8784        358     1.4875  0.000e+00
     14.340    18.2314   4.361685    32.8667        359     1.4917  0.000e+00
     14.411    18.2178   4.360237    32.8654        360     1.4958  0.000e+00
     14.481    18.2013   4.360972    32.8848        361     1.5000  0.000e+00
     14.552    18.1929   4.361069    32.8924        362     1.5042  0.000e+00
     14.626    18.1894   4.362005    32.9030        363     1.5083  0.000e+00
     14.695    18.1922   4.361298    32.8948        364     1.5125  0.000e+00
     14.763    18.1916   4.360238    32.8863        365     1.5167  0.000e+00
     14.834    18.1843   4.358388    32.8765        366     1.5208  0.000e+00
     14.901    18.1729   4.354669    32.8543        367     1.5250  0.000e+00
     14.964    18.1508   4.353665    32.8636        368     1.5292  0.000e+00
     15.036    18.1292   4.353513    32.8796        369     1.5333  0.000e+00
     15.105    18.1109   4.348370    32.8508        370     1.5375  0.000e+00
     15.168    18.0839   4.348004    32.8693        371     1.5417  0.000e+00
     15.235    18.0583   4.346931    32.8808        372     1.5458  0.000e+00
     15.295    18.0387   4.339177    32.8310        373     1.5500  0.000e+00
     15.367    17.9979   4.336164    32.8383        374     1.5542  0.000e+00
     15.430    17.9499   4.333538    32.8546        375     1.5583  0.000e+00
     15.492    17.9023   4.332046    32.8803        376     1.5625  0.000e+00
     15.557    17.8605   4.324048    32.8460        377     1.5667  0.000e+00
     15.622    17.8026   4.318581    32.8462        378     1.5708  0.000e+00
     15.665    17.7297   4.309532    32.8280        379     1.5750  0.000e+00
     15.700    17.6483   4.300071    32.8130        380     1.5792  0.000e+00
     15.707    17.5476   4.295926    32.8591        381     1.5833  0.000e+00
     15.707    17.4574   4.294605    32.9209        382     1.5875  0.000e+00
     15.705    17.3948   4.294572    32.9715        383     1.5917  0.000e+00
     15.698    17.3574   4.294786    33.0038        384     1.5958  0.000e+00
     15.704    17.3373   4.294930    33.0215        385     1.6000  0.000e+00
     15.704    17.3280   4.295068    33.0303        386     1.6042  0.000e+00
     15.709    17.3247   4.295550    33.0371        387     1.6083  0.000e+00
     15.708    17.3252   4.296446    33.0444        388     1.6125  0.000e+00
     15.709    17.3302   4.297175    33.0466        389     1.6167  0.000e+00
     15.713    17.3379   4.297713    33.0449        390     1.6208  0.000e+00
     15.718    17.3464   4.297981    33.0402        391     1.6250  0.000e+00
     15.720    17.3538   4.298064    33.0349        392     1.6292  0.000e+00
     15.731    17.3594   4.297692    33.0271        393     1.6333  0.000e+00
     15.740    17.3608   4.297278    33.0224        394     1.6375  0.000e+00
     15.749    17.3589   4.296300    33.0156        395     1.6417  0.000e+00
     15.753    17.3548   4.295825    33.0148        396     1.6458  0.000e+00
     15.740    17.3485   4.295825    33.0200        397     1.6500  0.000e+00
     15.689    17.3441   4.297368    33.0368        398     1.6542  0.000e+00
     15.617    17.3490   4.300378    33.0588        399     1.6583  0.000e+00
     15.516    17.3664   4.302989    33.0670        400     1.6625  0.000e+00
     15.400    17.3933   4.307393    33.0828        401     1.6667  0.000e+00
     15.273    17.4316   4.315233    33.1189        402     1.6708  0.000e+00
     15.136    17.4930   4.326912    33.1689        403     1.6750  0.000e+00
     14.999    17.5913   4.333128    33.1418        404     1.6792  0.000e+00
     14.862    17.6932   4.338152    33.1017        405     1.6833  0.000e+00
     14.721    17.7822   4.344001    33.0793        406     1.6875  0.000e+00
     14.593    17.8649   4.348269    33.0486        407     1.6917  0.000e+00
     14.464    17.9393   4.352207    33.0218        408     1.6958  0.000e+00
     14.343    18.0042   4.354325    32.9873        409     1.7000  0.000e+00
     14.235    18.0560   4.356623    32.9650        410     1.7042  0.000e+00
     14.126    18.0982   4.358770    32.9492        411     1.7083  0.000e+00
     14.040    18.1336   4.360335    32.9339        412     1.7125  0.000e+00
     13.962    18.1637   4.361270    32.9177        413     1.7167  0.000e+00
     13.884    18.1868   4.361658    32.9025        414     1.7208  0.000e+00
     13.821    18.2025   4.362261    32.8950        415     1.7250  0.000e+00
     13.762    18.2147   4.362815    32.8899        416     1.7292  0.000e+00
     13.711    18.2244   4.363300    32.8861        417     1.7333  0.000e+00
     13.657    18.2327   4.363542    32.8816        418     1.7375  0.000e+00
     13.606    18.2388   4.363778    32.8787        419     1.7417  0.000e+00
     13.555    18.2440   4.364034    32.8767        420     1.7458  0.000e+00
