HB2303/sbe081.cnv
* Sea-Bird SBE 19plus V2 Data File:
* FileName = C:\cruise\data\sbe081.hex
* Software Version Seasave V 7.26.7.121
* Temperature SN = 6128
* Conductivity SN = 6128
* System UpLoad Time = Aug 16 2023 14:41:26
* NMEA Latitude = 40 51.90 N
* NMEA Longitude = 066 46.02 W
* NMEA UTC (Time) = Aug 16 2023 14:41:22
** Ship: Henry Bigelow
** Cruise:  HB2303
** Program:  ECOMON
# nquan = 7
# nvalues = 2087                                  
# units = specified
# name 0 = depSM: Depth [salt water, m]
# name 1 = tv290C: Temperature [ITS-90, deg C]
# name 2 = c0S/m: Conductivity [S/m]
# name 3 = sal00: Salinity, Practical [PSU]
# name 4 = scan: Scan Count
# name 5 = timeM: Time, Elapsed [minutes]
# name 6 = flag:  0.000e+00
# span 0 =     -0.022,     98.251                 
# span 1 =     7.1448,    18.6798                 
# span 2 =   0.004374,   4.307452                 
# span 3 =     0.0283,    35.1149                 
# span 4 =         11,       2097                 
# span 5 =     0.0417,     8.7333                 
# span 6 = 0.0000e+00, 0.0000e+00                 
# interval = seconds: 0.25
# start_time = Aug 16 2023 14:41:22 [NMEA time, header]
# bad_flag = -9.990e-29
*END*
     -0.015    18.1174   0.005005     0.0314         11     0.0417  0.000e+00
     -0.017    18.1168   0.005005     0.0314         12     0.0458  0.000e+00
     -0.022    18.1168   0.004993     0.0314         13     0.0500  0.000e+00
     -0.018    18.1168   0.004969     0.0313         14     0.0542  0.000e+00
     -0.020    18.1172   0.004969     0.0313         15     0.0583  0.000e+00
     -0.016    18.1164   0.004960     0.0312         16     0.0625  0.000e+00
     -0.020    18.1168   0.004963     0.0312         17     0.0667  0.000e+00
     -0.020    18.1168   0.004954     0.0312         18     0.0708  0.000e+00
     -0.021    18.1166   0.004942     0.0311         19     0.0750  0.000e+00
     -0.019    18.1168   0.004924     0.0310         20     0.0792  0.000e+00
     -0.019    18.1168   0.004897     0.0309         21     0.0833  0.000e+00
     -0.021    18.1165   0.004867     0.0307         22     0.0875  0.000e+00
     -0.019    18.1168   0.004843     0.0306         23     0.0917  0.000e+00
     -0.017    18.1165   0.004849     0.0307         24     0.0958  0.000e+00
     -0.015    18.1168   0.004846     0.0306         25     0.1000  0.000e+00
     -0.011    18.1167   0.004852     0.0307         26     0.1042  0.000e+00
     -0.020    18.1168   0.004834     0.0306         27     0.1083  0.000e+00
     -0.019    18.1165   0.004798     0.0304         28     0.1125  0.000e+00
     -0.017    18.1172   0.004715     0.0300         29     0.1167  0.000e+00
     -0.021    18.1169   0.004505     0.0289         30     0.1208  0.000e+00
     -0.022    18.1172   0.004374     0.0283         31     0.1250  0.000e+00
      0.158    18.1164   0.004568     0.0292         32     0.1292  0.000e+00
      0.487    18.1167   0.004493     0.0289         33     0.1333  0.000e+00
      0.752    18.1188   0.004571     0.0293         34     0.1375  0.000e+00
      0.985    18.1244   0.549823     3.4685         35     0.1417  0.000e+00
      1.165    18.1802   2.316496    16.3625         36     0.1458  0.000e+00
      1.288    18.2621   2.967457    21.4299         37     0.1500  0.000e+00
      1.380    18.3210   4.136572    30.9156         38     0.1542  0.000e+00
      1.463    18.3574   3.903763    28.9587         39     0.1583  0.000e+00
      1.532    18.3819   3.023019    21.8089         40     0.1625  0.000e+00
      1.604    18.3970   2.180511    15.2353         41     0.1667  0.000e+00
      1.698    18.4067   2.680594    19.0963         42     0.1708  0.000e+00
      1.796    18.4102   2.594176    18.4201         43     0.1750  0.000e+00
      1.904    18.4047   1.944311    13.4414         44     0.1792  0.000e+00
      2.012    18.3911   3.112879    22.5194         45     0.1833  0.000e+00
      2.128    18.3753   4.101827    30.5856         46     0.1875  0.000e+00
      2.245    18.3645   4.026657    29.9697         47     0.1917  0.000e+00
      2.373    18.3573   4.019204    29.9131         48     0.1958  0.000e+00
      2.507    18.3538   3.996979    29.7315         49     0.2000  0.000e+00
      2.646    18.3524   4.103206    30.6139         50     0.2042  0.000e+00
      2.791    18.3523   4.175139    31.2130         51     0.2083  0.000e+00
      2.933    18.3531   4.056182    30.2226         52     0.2125  0.000e+00
      3.087    18.3539   3.996385    29.7262         53     0.2167  0.000e+00
      3.251    18.3547   4.003258    29.7826         54     0.2208  0.000e+00
      3.425    18.3549   4.143632    30.9482         55     0.2250  0.000e+00
      3.622    18.3548   4.263685    31.9504         56     0.2292  0.000e+00
      3.825    18.3548   4.265312    31.9639         57     0.2333  0.000e+00
      4.038    18.3544   4.266569    31.9747         58     0.2375  0.000e+00
      4.238    18.3540   4.264894    31.9609         59     0.2417  0.000e+00
      4.415    18.3528   4.264661    31.9598         60     0.2458  0.000e+00
      4.576    18.3512   4.265285    31.9662         61     0.2500  0.000e+00
      4.713    18.3481   4.265828    31.9731         62     0.2542  0.000e+00
      4.822    18.3418   4.265361    31.9741         63     0.2583  0.000e+00
      4.918    18.3330   4.265094    31.9787         64     0.2625  0.000e+00
      4.999    18.3234   4.253642    31.8902         65     0.2667  0.000e+00
      5.074    18.3146   4.244175    31.8178         66     0.2708  0.000e+00
      5.143    18.3076   4.236635    31.7601         67     0.2750  0.000e+00
      5.206    18.3018   4.212543    31.5630         68     0.2792  0.000e+00
      5.278    18.2973   4.219055    31.6209         69     0.2833  0.000e+00
      5.352    18.2941   4.218542    31.6190         70     0.2875  0.000e+00
      5.451    18.2920   4.261621    31.9813         71     0.2917  0.000e+00
      5.514    18.2905   4.261594    31.9823         72     0.2958  0.000e+00
      5.566    18.2890   4.261154    31.9797         73     0.3000  0.000e+00
      5.593    18.2878   4.260955    31.9790         74     0.3042  0.000e+00
      5.619    18.2867   4.262445    31.9923         75     0.3083  0.000e+00
      5.653    18.2859   4.265438    32.0180         76     0.3125  0.000e+00
      5.705    18.2843   4.267505    32.0366         77     0.3167  0.000e+00
      5.759    18.2824   4.268961    32.0502         78     0.3208  0.000e+00
      5.781    18.2830   4.269592    32.0550         79     0.3250  0.000e+00
      5.781    18.2852   4.268542    32.0445         80     0.3292  0.000e+00
      5.748    18.2881   4.265774    32.0191         81     0.3333  0.000e+00
      5.703    18.2911   4.265094    32.0110         82     0.3375  0.000e+00
      5.652    18.2939   4.265190    32.0097         83     0.3417  0.000e+00
      5.586    18.2925   4.262836    31.9911         84     0.3458  0.000e+00
      5.499    18.2841   4.262287    31.9930         85     0.3500  0.000e+00
      5.404    18.2717   4.262397    32.0037         86     0.3542  0.000e+00
      5.299    18.2615   4.262067    32.0089         87     0.3583  0.000e+00
      5.196    18.2561   4.262218    32.0144         88     0.3625  0.000e+00
      5.115    18.2542   4.262315    32.0167         89     0.3667  0.000e+00
      5.084    18.2542   4.262575    32.0189         90     0.3708  0.000e+00
      5.090    18.2542   4.262678    32.0197         91     0.3750  0.000e+00
      5.122    18.2536   4.263619    32.0281         92     0.3792  0.000e+00
      5.173    18.2525   4.265644    32.0459         93     0.3833  0.000e+00
      5.247    18.2522   4.267086    32.0582         94     0.3875  0.000e+00
      5.321    18.2536   4.223868    31.6949         95     0.3917  0.000e+00
      5.405    18.2571   4.247212    31.8877         96     0.3958  0.000e+00
      5.476    18.2609   4.267402    32.0540         97     0.4000  0.000e+00
      5.530    18.2637   4.265637    32.0370         98     0.4042  0.000e+00
      5.561    18.2652   4.264614    32.0272         99     0.4083  0.000e+00
      5.575    18.2674   4.263372    32.0151        100     0.4125  0.000e+00
      5.584    18.2697   4.263173    32.0116        101     0.4167  0.000e+00
      5.588    18.2713   4.263172    32.0104        102     0.4208  0.000e+00
      5.588    18.2717   4.264127    32.0181        103     0.4250  0.000e+00
      5.603    18.2714   4.266990    32.0423        104     0.4292  0.000e+00
      5.625    18.2715   4.268961    32.0587        105     0.4333  0.000e+00
      5.657    18.2721   4.268947    32.0582        106     0.4375  0.000e+00
      5.720    18.2756   4.270760    32.0706        107     0.4417  0.000e+00
      5.814    18.2823   4.272155    32.0770        108     0.4458  0.000e+00
      5.930    18.2909   4.272883    32.0764        109     0.4500  0.000e+00
      6.059    18.3001   4.273185    32.0717        110     0.4542  0.000e+00
      6.198    18.3083   4.273103    32.0645        111     0.4583  0.000e+00
      6.339    18.3148   4.272120    32.0512        112     0.4625  0.000e+00
      6.485    18.3208   4.269675    32.0260        113     0.4667  0.000e+00
      6.641    18.3269   4.269331    32.0183        114     0.4708  0.000e+00
      6.792    18.3312   4.269338    32.0150        115     0.4750  0.000e+00
      6.953    18.3310   4.269407    32.0156        116     0.4792  0.000e+00
      7.118    18.3286   4.269311    32.0166        117     0.4833  0.000e+00
      7.281    18.3263   4.269132    32.0169        118     0.4875  0.000e+00
      7.425    18.3234   4.268947    32.0175        119     0.4917  0.000e+00
      7.544    18.3203   4.269057    32.0208        120     0.4958  0.000e+00
      7.637    18.3167   4.268789    32.0213        121     0.5000  0.000e+00
      7.727    18.3119   4.268611    32.0236        122     0.5042  0.000e+00
      7.821    18.3047   4.268961    32.0321        123     0.5083  0.000e+00
      7.913    18.3001   4.270884    32.0518        124     0.5125  0.000e+00
      8.012    18.2988   4.271475    32.0577        125     0.5167  0.000e+00
      8.115    18.3002   4.272073    32.0615        126     0.5208  0.000e+00
      8.230    18.3052   4.272760    32.0634        127     0.5250  0.000e+00
      8.361    18.3112   4.273426    32.0643        128     0.5292  0.000e+00
      8.498    18.3170   4.273578    32.0609        129     0.5333  0.000e+00
      8.643    18.3212   4.273103    32.0536        130     0.5375  0.000e+00
      8.798    18.3242   4.270864    32.0325        131     0.5417  0.000e+00
      8.961    18.3268   4.270170    32.0246        132     0.5458  0.000e+00
      9.134    18.3294   4.269854    32.0199        133     0.5500  0.000e+00
      9.316    18.3313   4.270960    32.0276        134     0.5542  0.000e+00
      9.509    18.3323   4.273255    32.0459        135     0.5583  0.000e+00
      9.708    18.3331   4.273832    32.0501        136     0.5625  0.000e+00
      9.904    18.3332   4.273152    32.0442        137     0.5667  0.000e+00
     10.103    18.3335   4.271015    32.0261        138     0.5708  0.000e+00
     10.285    18.3341   4.270541    32.0216        139     0.5750  0.000e+00
     10.455    18.3341   4.270679    32.0227        140     0.5792  0.000e+00
     10.612    18.3285   4.270020    32.0214        141     0.5833  0.000e+00
     10.760    18.3162   4.269086    32.0232        142     0.5875  0.000e+00
     10.897    18.3021   4.268358    32.0280        143     0.5917  0.000e+00
     11.030    18.2869   4.268667    32.0424        144     0.5958  0.000e+00
     11.163    18.2754   4.271120    32.0719        145     0.6000  0.000e+00
     11.297    18.2677   4.272315    32.0879        146     0.6042  0.000e+00
     11.423    18.2674   4.272260    32.0876        147     0.6083  0.000e+00
     11.548    18.2763   4.273456    32.0906        148     0.6125  0.000e+00
     11.680    18.2885   4.273627    32.0825        149     0.6167  0.000e+00
     11.814    18.2994   4.273153    32.0699        150     0.6208  0.000e+00
     11.951    18.3072   4.271752    32.0521        151     0.6250  0.000e+00
     12.100    18.3134   4.270941    32.0404        152     0.6292  0.000e+00
     12.255    18.3181   4.270762    32.0352        153     0.6333  0.000e+00
     12.410    18.3223   4.270529    32.0299        154     0.6375  0.000e+00
     12.569    18.3260   4.270467    32.0265        155     0.6417  0.000e+00
     12.724    18.3281   4.270474    32.0248        156     0.6458  0.000e+00
     12.883    18.3242   4.270515    32.0281        157     0.6500  0.000e+00
     13.039    18.3088   4.270048    32.0362        158     0.6542  0.000e+00
     13.192    18.2890   4.268716    32.0404        159     0.6583  0.000e+00
     13.341    18.2667   4.267439    32.0470        160     0.6625  0.000e+00
     13.495    18.2420   4.265805    32.0526        161     0.6667  0.000e+00
     13.644    18.2182   4.264309    32.0586        162     0.6708  0.000e+00
     13.798    18.1977   4.265724    32.0864        163     0.6750  0.000e+00
     13.951    18.1775   4.270051    32.1386        164     0.6792  0.000e+00
     14.125    18.1617   4.272916    32.1750        165     0.6833  0.000e+00
     14.293    18.1631   4.272909    32.1737        166     0.6875  0.000e+00
     14.462    18.1829   4.272812    32.1573        167     0.6917  0.000e+00
     14.630    18.2068   4.271768    32.1298        168     0.6958  0.000e+00
     14.805    18.2276   4.269357    32.0932        169     0.7000  0.000e+00
     14.977    18.2447   4.268436    32.0720        170     0.7042  0.000e+00
     15.158    18.2491   4.268003    32.0649        171     0.7083  0.000e+00
     15.345    18.2276   4.264001    32.0480        172     0.7125  0.000e+00
     15.533    18.1807   4.254773    32.0072        173     0.7167  0.000e+00
     15.728    18.1188   4.245971    31.9814        174     0.7208  0.000e+00
     15.919    18.0479   4.241519    31.9993        175     0.7250  0.000e+00
     16.113    17.9818   4.242718    32.0611        176     0.7292  0.000e+00
     16.299    17.9331   4.253597    32.1911        177     0.7333  0.000e+00
     16.480    17.8999   4.261459    32.2838        178     0.7375  0.000e+00
     16.646    17.8827   4.263567    32.3152        179     0.7417  0.000e+00
     16.816    17.8826   4.258042    32.2685        180     0.7458  0.000e+00
     16.977    17.8908   4.250286    32.1963        181     0.7500  0.000e+00
     17.123    17.8972   4.245851    32.1537        182     0.7542  0.000e+00
     17.266    17.8831   4.242487    32.1363        183     0.7583  0.000e+00
     17.398    17.8419   4.238413    32.1342        184     0.7625  0.000e+00
     17.530    17.7838   4.235778    32.1576        185     0.7667  0.000e+00
     17.660    17.7354   4.236436    32.2014        186     0.7708  0.000e+00
     17.793    17.7042   4.241209    32.2666        187     0.7750  0.000e+00
     17.920    17.6845   4.247273    32.3338        188     0.7792  0.000e+00
     18.061    17.6715   4.254067    32.4018        189     0.7833  0.000e+00
     18.212    17.6633   4.259720    32.4564        190     0.7875  0.000e+00
     18.366    17.6765   4.257435    32.4263        191     0.7917  0.000e+00
     18.526    17.7286   4.260186    32.4082        192     0.7958  0.000e+00
     18.697    17.8044   4.262230    32.3652        193     0.8000  0.000e+00
     18.874    17.8805   4.263211    32.3132        194     0.8042  0.000e+00
     19.064    17.9426   4.258674    32.2256        195     0.8083  0.000e+00
     19.260    17.9822   4.195792    31.6641        196     0.8125  0.000e+00
     19.466    17.8299   4.166990    31.5390        197     0.8167  0.000e+00
     19.679    17.5531   4.166212    31.7475        198     0.8208  0.000e+00
     19.899    17.3642   4.166500    31.8980        199     0.8250  0.000e+00
     20.126    17.2579   4.164040    31.9608        200     0.8292  0.000e+00
     20.340    17.1933   4.161628    31.9912        201     0.8333  0.000e+00
     20.558    17.1460   4.158564    32.0023        202     0.8375  0.000e+00
     20.776    17.1054   4.153118    31.9876        203     0.8417  0.000e+00
     20.986    17.0572   4.147552    31.9779        204     0.8458  0.000e+00
     21.196    17.0013   4.142254    31.9765        205     0.8500  0.000e+00
     21.398    16.9414   4.122460    31.8533        206     0.8542  0.000e+00
     21.573    16.8201   4.084778    31.6240        207     0.8583  0.000e+00
     21.743    16.5779   4.031047    31.3492        208     0.8625  0.000e+00
     21.895    16.1761   3.976475    31.1889        209     0.8667  0.000e+00
     22.034    15.6736   3.948312    31.3376        210     0.8708  0.000e+00
     22.170    15.1924   3.925067    31.5151        211     0.8750  0.000e+00
     22.304    14.7866   3.905518    31.6674        212     0.8792  0.000e+00
     22.437    14.4494   3.896712    31.8632        213     0.8833  0.000e+00
     22.575    14.2084   3.896437    32.0597        214     0.8875  0.000e+00
     22.725    14.0634   3.888127    32.1040        215     0.8917  0.000e+00
