HB2303/sbe040.cnv
* Sea-Bird SBE 19plus V2 Data File:
* FileName = C:\cruise\data\sbe040.hex
* Software Version Seasave V 7.26.7.121
* Temperature SN = 6128
* Conductivity SN = 6128
* System UpLoad Time = Aug 12 2023 13:18:30
* NMEA Latitude = 37 00.15 N
* NMEA Longitude = 074 58.77 W
* NMEA UTC (Time) = Aug 12 2023 13:18:26
** Ship: Henry Bigelow
** Cruise:  HB2303
** Program:  ECOMON
# nquan = 7
# nvalues = 1155                                  
# units = specified
# name 0 = depSM: Depth [salt water, m]
# name 1 = tv290C: Temperature [ITS-90, deg C]
# name 2 = c0S/m: Conductivity [S/m]
# name 3 = sal00: Salinity, Practical [PSU]
# name 4 = scan: Scan Count
# name 5 = timeM: Time, Elapsed [minutes]
# name 6 = flag:  0.000e+00
# span 0 =     -0.166,     39.844                 
# span 1 =     9.6331,    28.9255                 
# span 2 =   0.000049,   4.915315                 
# span 3 =     0.0132,    33.3672                 
# span 4 =         11,       1165                 
# span 5 =     0.0417,     4.8500                 
# span 6 = 0.0000e+00, 0.0000e+00                 
# interval = seconds: 0.25
# start_time = Aug 12 2023 13:18:26 [NMEA time, header]
# bad_flag = -9.990e-29
*END*
[from data line 411]
     38.176     9.6496   3.589598    33.0665        422     1.7542  0.000e+00
     38.158     9.6475   3.589265    33.0650        423     1.7583  0.000e+00
     38.131     9.6447   3.589067    33.0656        424     1.7625  0.000e+00
     38.098     9.6421   3.589092    33.0682        425     1.7667  0.000e+00
     38.062     9.6405   3.589092    33.0698        426     1.7708  0.000e+00
     38.015     9.6396   3.589111    33.0708        427     1.7750  0.000e+00
     37.974     9.6392   3.589092    33.0710        428     1.7792  0.000e+00
     37.930     9.6392   3.588932    33.0694        429     1.7833  0.000e+00
     37.885     9.6386   3.589092    33.0716        430     1.7875  0.000e+00
     37.842     9.6385   3.589527    33.0762        431     1.7917  0.000e+00
     37.791     9.6411   3.591205    33.0909        432     1.7958  0.000e+00
     37.748     9.6498   3.591493    33.0859        433     1.8000  0.000e+00
     37.708     9.6578   3.591070    33.0743        434     1.8042  0.000e+00
     37.679     9.6607   3.589770    33.0582        435     1.8083  0.000e+00
     37.649     9.6573   3.590942    33.0734        436     1.8125  0.000e+00
     37.616     9.6583   3.591448    33.0777        437     1.8167  0.000e+00
     37.593     9.6622   3.591620    33.0759        438     1.8208  0.000e+00
     37.571     9.6662   3.591755    33.0736        439     1.8250  0.000e+00
     37.558     9.6691   3.591774    33.0712        440     1.8292  0.000e+00
     37.539     9.6711   3.591774    33.0693        441     1.8333  0.000e+00
     37.519     9.6722   3.591908    33.0697        442     1.8375  0.000e+00
     37.502     9.6734   3.591953    33.0690        443     1.8417  0.000e+00
     37.493     9.6747   3.592017    33.0685        444     1.8458  0.000e+00
     37.482     9.6754   3.591953    33.0672        445     1.8500  0.000e+00
     37.466     9.6758   3.591908    33.0664        446     1.8542  0.000e+00
     37.453     9.6759   3.591819    33.0654        447     1.8583  0.000e+00
     37.446     9.6753   3.591710    33.0648        448     1.8625  0.000e+00
     37.432     9.6743   3.591601    33.0646        449     1.8667  0.000e+00
     37.423     9.6733   3.591447    33.0640        450     1.8708  0.000e+00
     37.417     9.6716   3.591294    33.0640        451     1.8750  0.000e+00
     37.395     9.6698   3.591095    33.0636        452     1.8792  0.000e+00
     37.386     9.6679   3.591115    33.0655        453     1.8833  0.000e+00
     37.379     9.6666   3.591268    33.0683        454     1.8875  0.000e+00
     37.361     9.6669   3.591620    33.0717        455     1.8917  0.000e+00
     37.343     9.6688   3.591972    33.0735        456     1.8958  0.000e+00
     37.321     9.6721   3.592286    33.0737        457     1.9000  0.000e+00
     37.296     9.6758   3.592459    33.0721        458     1.9042  0.000e+00
     37.272     9.6792   3.592529    33.0697        459     1.9083  0.000e+00
     37.247     9.6816   3.592568    33.0679        460     1.9125  0.000e+00
     37.216     9.6832   3.592593    33.0667        461     1.9167  0.000e+00
     37.186     9.6843   3.592548    33.0652        462     1.9208  0.000e+00
     37.153     9.6848   3.592548    33.0647        463     1.9250  0.000e+00
     37.117     9.6850   3.592568    33.0648        464     1.9292  0.000e+00
     37.079     9.6854   3.592638    33.0652        465     1.9333  0.000e+00
     37.043     9.6859   3.592702    33.0653        466     1.9375  0.000e+00
     36.996     9.6867   3.592766    33.0653        467     1.9417  0.000e+00
     36.954     9.6874   3.592792    33.0650        468     1.9458  0.000e+00
     36.904     9.6885   3.593035    33.0664        469     1.9500  0.000e+00
     36.855     9.6902   3.593054    33.0651        470     1.9542  0.000e+00
     36.810     9.6921   3.593035    33.0632        471     1.9583  0.000e+00
     36.768     9.6927   3.593009    33.0624        472     1.9625  0.000e+00
     36.732     9.6932   3.593189    33.0638        473     1.9667  0.000e+00
     36.681     9.6940   3.593035    33.0615        474     1.9708  0.000e+00
     36.634     9.6942   3.592964    33.0607        475     1.9750  0.000e+00
     36.584     9.6937   3.592881    33.0603        476     1.9792  0.000e+00
     36.529     9.6927   3.592945    33.0618        477     1.9833  0.000e+00
     36.477     9.6927   3.592791    33.0603        478     1.9875  0.000e+00
     36.416     9.6922   3.592811    33.0610        479     1.9917  0.000e+00
     36.356     9.6916   3.592791    33.0614        480     1.9958  0.000e+00
     36.291     9.6914   3.592791    33.0616        481     2.0000  0.000e+00
     36.228     9.6916   3.593477    33.0685        482     2.0042  0.000e+00
     36.157     9.6943   3.593521    33.0664        483     2.0083  0.000e+00
     36.090     9.6974   3.593649    33.0650        484     2.0125  0.000e+00
     36.013     9.7000   3.593739    33.0635        485     2.0167  0.000e+00
     35.933     9.7016   3.593784    33.0626        486     2.0208  0.000e+00
     35.861     9.7030   3.593803    33.0615        487     2.0250  0.000e+00
     35.779     9.7040   3.593829    33.0609        488     2.0292  0.000e+00
     35.700     9.7047   3.593918    33.0611        489     2.0333  0.000e+00
     35.622     9.7058   3.593982    33.0608        490     2.0375  0.000e+00
     35.535     9.7070   3.594795    33.0681        491     2.0417  0.000e+00
     35.454     9.7112   3.595192    33.0683        492     2.0458  0.000e+00
     35.369     9.7170   3.595353    33.0646        493     2.0500  0.000e+00
     35.293     9.7216   3.595481    33.0618        494     2.0542  0.000e+00
     35.212     9.7251   3.596031    33.0642        495     2.0583  0.000e+00
     35.132     9.7298   3.596915    33.0690        496     2.0625  0.000e+00
     35.053     9.7374   3.597825    33.0714        497     2.0667  0.000e+00
     34.977     9.7473   3.599106    33.0753        498     2.0708  0.000e+00
     34.908     9.7599   3.599587    33.0688        499     2.0750  0.000e+00
     34.838     9.7714   3.599965    33.0621        500     2.0792  0.000e+00
     34.774     9.7803   3.600163    33.0559        501     2.0833  0.000e+00
     34.715     9.7868   3.600298    33.0514        502     2.0875  0.000e+00
     34.652     9.7913   3.600362    33.0479        503     2.0917  0.000e+00
     34.590     9.7944   3.600605    33.0476        504     2.0958  0.000e+00
     34.529     9.7972   3.601028    33.0493        505     2.1000  0.000e+00
     34.467     9.8011   3.601425    33.0498        506     2.1042  0.000e+00
     34.415     9.8058   3.601778    33.0491        507     2.1083  0.000e+00
     34.361     9.8110   3.602021    33.0469        508     2.1125  0.000e+00
     34.305     9.8154   3.602355    33.0463        509     2.1167  0.000e+00
     34.250     9.8196   3.602726    33.0462        510     2.1208  0.000e+00
     34.193     9.8240   3.603105    33.0461        511     2.1250  0.000e+00
     34.136     9.8292   3.603329    33.0436        512     2.1292  0.000e+00
     34.073     9.8337   3.603527    33.0416        513     2.1333  0.000e+00
     34.014     9.8375   3.603771    33.0406        514     2.1375  0.000e+00
     33.947     9.8412   3.604098    33.0406        515     2.1417  0.000e+00
     33.883     9.8453   3.604675    33.0427        516     2.1458  0.000e+00
     33.813     9.8505   3.605117    33.0424        517     2.1500  0.000e+00
     33.746     9.8569   3.605476    33.0403        518     2.1542  0.000e+00
     33.674     9.8628   3.606028    33.0405        519     2.1583  0.000e+00
     33.599     9.8691   3.606560    33.0402        520     2.1625  0.000e+00
     33.527     9.8758   3.606848    33.0370        521     2.1667  0.000e+00
     33.451     9.8822   3.607797    33.0409        522     2.1708  0.000e+00
     33.377     9.8901   3.609375    33.0498        523     2.1750  0.000e+00
     33.296     9.9032   3.609991    33.0441        524     2.1792  0.000e+00
     33.215     9.9159   3.610902    33.0417        525     2.1833  0.000e+00
     33.132     9.9279   3.611877    33.0407        526     2.1875  0.000e+00
     33.038     9.9404   3.612859    33.0393        527     2.1917  0.000e+00
     32.947     9.9530   3.613834    33.0377        528     2.1958  0.000e+00
     32.851     9.9661   3.614899    33.0366        529     2.2000  0.000e+00
     32.754     9.9804   3.617165    33.0466        530     2.2042  0.000e+00
     32.669     9.9999   3.618520    33.0425        531     2.2083  0.000e+00
     32.580    10.0210   3.619033    33.0285        532     2.2125  0.000e+00
     32.483    10.0376   3.619785    33.0210        533     2.2167  0.000e+00
     32.401    10.0509   3.620035    33.0114        534     2.2208  0.000e+00
     32.316    10.0609   3.620388    33.0059        535     2.2250  0.000e+00
     32.233    10.0681   3.621011    33.0057        536     2.2292  0.000e+00
     32.154    10.0754   3.622482    33.0140        537     2.2333  0.000e+00
     32.080    10.0872   3.624531    33.0240        538     2.2375  0.000e+00
     32.005    10.1063   3.626780    33.0294        539     2.2417  0.000e+00
     31.940    10.1304   3.630393    33.0440        540     2.2458  0.000e+00
     31.879    10.1626   3.632007    33.0310        541     2.2500  0.000e+00
     31.810    10.1936   3.633923    33.0221        542     2.2542  0.000e+00
     31.740    10.2214   3.634862    33.0064        543     2.2583  0.000e+00
     31.676    10.2445   3.635061    32.9874        544     2.2625  0.000e+00
     31.611    10.2606   3.635601    32.9782        545     2.2667  0.000e+00
     31.541    10.2721   3.637100    32.9829        546     2.2708  0.000e+00
     31.468    10.2863   3.639494    32.9942        547     2.2750  0.000e+00
     31.403    10.3078   3.642449    33.0044        548     2.2792  0.000e+00
     31.324    10.3395   3.646377    33.0153        549     2.2833  0.000e+00
     31.244    10.3797   3.649623    33.0115        550     2.2875  0.000e+00
     31.163    10.4223   3.653251    33.0092        551     2.2917  0.000e+00
     31.080    10.4669   3.658293    33.0195        552     2.2958  0.000e+00
     30.986    10.5202   3.665596    33.0445        553     2.3000  0.000e+00
     30.913    10.5916   3.674643    33.0704        554     2.3042  0.000e+00
     30.825    10.6832   3.686124    33.1023        555     2.3083  0.000e+00
     30.738    10.7967   3.694770    33.0858        556     2.3125  0.000e+00
     30.662    10.9165   3.699147    33.0213        557     2.3167  0.000e+00
     30.575    11.0157   3.704336    32.9836        558     2.3208  0.000e+00
     30.494    11.0994   3.707843    32.9432        559     2.3250  0.000e+00
     30.411    11.1678   3.709457    32.8980        560     2.3292  0.000e+00
     30.330    11.2188   3.710280    32.8606        561     2.3333  0.000e+00
     30.256    11.2540   3.711427    32.8405        562     2.3375  0.000e+00
     30.178    11.2809   3.714451    32.8464        563     2.3417  0.000e+00
     30.105    11.3089   3.715969    32.8364        564     2.3458  0.000e+00
     30.037    11.3342   3.718377    32.8376        565     2.3500  0.000e+00
     29.961    11.3590   3.724403    32.8747        566     2.3542  0.000e+00
     29.892    11.3943   3.729419    32.8926        567     2.3583  0.000e+00
     29.822    11.4361   3.734145    32.9018        568     2.3625  0.000e+00
     29.753    11.4799   3.736479    32.8858        569     2.3667  0.000e+00
     29.686    11.5178   3.738768    32.8745        570     2.3708  0.000e+00
     29.617    11.5490   3.740733    32.8661        571     2.3750  0.000e+00
     29.545    11.5750   3.742295    32.8583        572     2.3792  0.000e+00
     29.467    11.5970   3.746057    32.8756        573     2.3833  0.000e+00
     29.395    11.6217   3.748004    32.8727        574     2.3875  0.000e+00
     29.317    11.6443   3.750016    32.8723        575     2.3917  0.000e+00
     29.232    11.6651   3.751781    32.8711        576     2.3958  0.000e+00
     29.135    11.6837   3.753065    32.8672        577     2.4000  0.000e+00
     29.046    11.7005   3.753521    32.8568        578     2.4042  0.000e+00
     28.948    11.7127   3.754498    32.8556        579     2.4083  0.000e+00
     28.851    11.7232   3.755678    32.8579        580     2.4125  0.000e+00
     28.750    11.7338   3.757333    32.8646        581     2.4167  0.000e+00
     28.639    11.7463   3.758200    32.8621        582     2.4208  0.000e+00
     28.542    11.7580   3.758937    32.8589        583     2.4250  0.000e+00
     28.433    11.7682   3.759725    32.8576        584     2.4292  0.000e+00
     28.339    11.7773   3.760749    32.8595        585     2.4333  0.000e+00
     28.236    11.7871   3.761845    32.8616        586     2.4375  0.000e+00
     28.139    11.7973   3.762784    32.8617        587     2.4417  0.000e+00
     28.048    11.8074   3.763847    32.8632        588     2.4458  0.000e+00
     27.952    11.8177   3.764688    32.8623        589     2.4500  0.000e+00
     27.866    11.8275   3.765647    32.8630        590     2.4542  0.000e+00
     27.783    11.8375   3.766646    32.8639        591     2.4583  0.000e+00
     27.699    11.8475   3.767494    32.8633        592     2.4625  0.000e+00
     27.624    11.8576   3.768512    32.8644        593     2.4667  0.000e+00
     27.535    11.8674   3.769517    32.8655        594     2.4708  0.000e+00
     27.464    11.8771   3.770359    32.8651        595     2.4750  0.000e+00
     27.381    11.8865   3.770848    32.8616        596     2.4792  0.000e+00
     27.302    11.8947   3.771449    32.8602        597     2.4833  0.000e+00
     27.215    11.9021   3.771945    32.8586        598     2.4875  0.000e+00
     27.132    11.9095   3.772696    32.8593        599     2.4917  0.000e+00
     27.047    11.9179   3.773322    32.8580        600     2.4958  0.000e+00
     26.969    11.9269   3.772317    32.8404        601     2.5000  0.000e+00
     26.890    11.9327   3.771664    32.8290        602     2.5042  0.000e+00
     26.790    11.9347   3.771128    32.8221        603     2.5083  0.000e+00
     26.705    11.9355   3.770978    32.8199        604     2.5125  0.000e+00
     26.611    11.9359   3.770168    32.8118        605     2.5167  0.000e+00
     26.515    11.9353   3.769405    32.8050        606     2.5208  0.000e+00
     26.423    11.9324   3.766461    32.7790        607     2.5250  0.000e+00
     26.322    11.9226   3.763714    32.7611        608     2.5292  0.000e+00
     26.237    11.9076   3.763356    32.7708        609     2.5333  0.000e+00
     26.138    11.8949   3.759188    32.7417        610     2.5375  0.000e+00
     26.051    11.8774   3.754189    32.7086        611     2.5417  0.000e+00
     25.955    11.8508   3.752918    32.7197        612     2.5458  0.000e+00
     25.854    11.8270   3.751733    32.7291        613     2.5500  0.000e+00
     25.764    11.8102   3.751668    32.7433        614     2.5542  0.000e+00
     25.675    11.8011   3.753219    32.7665        615     2.5583  0.000e+00
     25.583    11.8018   3.755917    32.7921        616     2.5625  0.000e+00
     25.498    11.8138   3.756516    32.7874        617     2.5667  0.000e+00
     25.407    11.8260   3.757305    32.7843        618     2.5708  0.000e+00
     25.323    11.8374   3.758354    32.7845        619     2.5750  0.000e+00
     25.248    11.8488   3.759123    32.7819        620     2.5792  0.000e+00
     25.173    11.8595   3.760499    32.7859        621     2.5833  0.000e+00
     25.102    11.8717   3.761379    32.7837        622     2.5875  0.000e+00
     25.030    11.8839   3.762377    32.7827        623     2.5917  0.000e+00
     24.959    11.8960   3.764341    32.7911        624     2.5958  0.000e+00
     24.898    11.9105   3.764758    32.7824        625     2.6000  0.000e+00
