HB2303/sbe003.cnv
* Sea-Bird SBE 19plus V2 Data File:
* FileName = C:\cruise\data\sbe003.hex
* Software Version Seasave V 7.26.7.121
* Temperature SN = 6128
* Conductivity SN = 6128
* System UpLoad Time = Aug 08 2023 20:57:20
* NMEA Latitude = 41 06.47 N
* NMEA Longitude = 071 16.34 W
* NMEA UTC (Time) = Aug 08 2023 20:57:16
** Ship: Henry Bigelow
** Cruise:  HB2303
** Program:  ECOMON
# nquan = 7
# nvalues = 1363                                  
# units = specified
# name 0 = depSM: Depth [salt water, m]
# name 1 = tv290C: Temperature [ITS-90, deg C]
# name 2 = c0S/m: Conductivity [S/m]
# name 3 = sal00: Salinity, Practical [PSU]
# name 4 = scan: Scan Count
# name 5 = timeM: Time, Elapsed [minutes]
# name 6 = flag:  0.000e+00
# span 0 =     -0.309,     33.915                 
# span 1 =    13.4298,    25.6696                 
# span 2 =  -0.000029,   4.577910                 
# span 3 =     0.0000,    32.7367                 
# span 4 =         11,       1373                 
# span 5 =     0.0417,     5.7167                 
# span 6 = 0.0000e+00, 0.0000e+00                 
# interval = seconds: 0.25
# start_time = Aug 08 2023 20:57:16 [NMEA time, header]
# bad_flag = -9.990e-29
*END*
[from data line 1026]
     18.137    14.3393   3.895746    31.9467       1037     4.3167  0.000e+00
     18.130    14.3515   3.896599    31.9444       1038     4.3208  0.000e+00
     18.110    14.3625   3.897757    31.9460       1039     4.3250  0.000e+00
     18.081    14.3749   3.900020    31.9564       1040     4.3292  0.000e+00
     18.034    14.3917   3.903256    31.9721       1041     4.3333  0.000e+00
     17.981    14.4175   3.909501    32.0078       1042     4.3375  0.000e+00
     17.922    14.4595   3.917202    32.0433       1043     4.3417  0.000e+00
     17.837    14.5200   3.921299    32.0306       1044     4.3458  0.000e+00
     17.752    14.5789   3.922950    31.9970       1045     4.3500  0.000e+00
     17.634    14.6238   3.925537    31.9836       1046     4.3542  0.000e+00
     17.497    14.6596   3.931749    32.0106       1047     4.3583  0.000e+00
     17.347    14.7032   3.943768    32.0837       1048     4.3625  0.000e+00
     17.181    14.7732   3.948674    32.0705       1049     4.3667  0.000e+00
     17.021    14.8450   3.949445    32.0185       1050     4.3708  0.000e+00
     16.857    14.8972   3.947914    31.9619       1051     4.3750  0.000e+00
     16.705    14.9293   3.945872    31.9173       1052     4.3792  0.000e+00
     16.580    14.9483   3.945453    31.8980       1053     4.3833  0.000e+00
     16.470    14.9635   3.943551    31.8685       1054     4.3875  0.000e+00
     16.389    14.9709   3.942308    31.8514       1055     4.3917  0.000e+00
     16.336    14.9714   3.942002    31.8482       1056     4.3958  0.000e+00
     16.307    14.9706   3.942321    31.8517       1057     4.4000  0.000e+00
     16.295    14.9711   3.942800    31.8556       1058     4.4042  0.000e+00
     16.300    14.9735   3.943152    31.8569       1059     4.4083  0.000e+00
     16.305    14.9766   3.943551    31.8579       1060     4.4125  0.000e+00
     16.325    14.9799   3.943458    31.8544       1061     4.4167  0.000e+00
     16.343    14.9819   3.943205    31.8505       1062     4.4208  0.000e+00
     16.350    14.9820   3.942939    31.8479       1063     4.4250  0.000e+00
     16.355    14.9810   3.942939    31.8488       1064     4.4292  0.000e+00
     16.346    14.9799   3.943152    31.8516       1065     4.4333  0.000e+00
     16.319    14.9800   3.944415    31.8629       1066     4.4375  0.000e+00
     16.279    14.9844   3.946177    31.8752       1067     4.4417  0.000e+00
     16.207    14.9935   3.946703    31.8725       1068     4.4458  0.000e+00
     16.115    15.0023   3.948319    31.8799       1069     4.4500  0.000e+00
     15.997    15.0125   3.947660    31.8657       1070     4.4542  0.000e+00
     15.855    15.0192   3.941483    31.8048       1071     4.4583  0.000e+00
     15.687    15.0143   3.942680    31.8196       1072     4.4625  0.000e+00
     15.513    15.0189   3.947021    31.8550       1073     4.4667  0.000e+00
     15.338    15.0440   3.951710    31.8767       1074     4.4708  0.000e+00
     15.170    15.0814   3.955490    31.8803       1075     4.4750  0.000e+00
     15.005    15.1228   3.957939    31.8686       1076     4.4792  0.000e+00
     14.862    15.1633   3.964119    31.8911       1077     4.4833  0.000e+00
     14.743    15.2148   3.967683    31.8812       1078     4.4875  0.000e+00
     14.652    15.2709   3.970142    31.8576       1079     4.4917  0.000e+00
     14.568    15.3208   3.972982    31.8426       1080     4.4958  0.000e+00
     14.517    15.3633   3.976202    31.8369       1081     4.5000  0.000e+00
     14.486    15.4031   3.978463    31.8248       1082     4.5042  0.000e+00
     14.453    15.4370   3.979637    31.8079       1083     4.5083  0.000e+00
     14.439    15.4623   3.981012    31.7997       1084     4.5125  0.000e+00
     14.428    15.4819   3.981846    31.7913       1085     4.5167  0.000e+00
     14.419    15.4975   3.982012    31.7802       1086     4.5208  0.000e+00
     14.402    15.5078   3.982339    31.7747       1087     4.5250  0.000e+00
     14.381    15.5156   3.983601    31.7797       1088     4.5292  0.000e+00
     14.346    15.5256   3.986024    31.7932       1089     4.5333  0.000e+00
     14.297    15.5428   3.988421    31.8006       1090     4.5375  0.000e+00
     14.223    15.5661   3.989777    31.7939       1091     4.5417  0.000e+00
     14.137    15.5892   3.990324    31.7801       1092     4.5458  0.000e+00
     14.034    15.6067   3.990564    31.7683       1093     4.5500  0.000e+00
     13.929    15.6185   3.991466    31.7667       1094     4.5542  0.000e+00
     13.801    15.6294   3.992608    31.7682       1095     4.5583  0.000e+00
     13.676    15.6426   3.993584    31.7663       1096     4.5625  0.000e+00
     13.555    15.6559   3.994325    31.7622       1097     4.5667  0.000e+00
     13.441    15.6686   3.996256    31.7691       1098     4.5708  0.000e+00
     13.338    15.6855   3.998188    31.7726       1099     4.5750  0.000e+00
     13.237    15.7065   4.000147    31.7732       1100     4.5792  0.000e+00
     13.155    15.7309   4.003250    31.7810       1101     4.5833  0.000e+00
     13.070    15.7607   4.004152    31.7651       1102     4.5875  0.000e+00
     12.996    15.7867   4.004774    31.7497       1103     4.5917  0.000e+00
     12.927    15.8056   4.005777    31.7434       1104     4.5958  0.000e+00
     12.864    15.8213   4.007457    31.7456       1105     4.6000  0.000e+00
     12.810    15.8384   4.010468    31.7586       1106     4.6042  0.000e+00
     12.752    15.8635   4.016460    31.7913       1107     4.6083  0.000e+00
     12.692    15.9063   4.022436    31.8097       1108     4.6125  0.000e+00
     12.629    15.9647   4.028228    31.8138       1109     4.6167  0.000e+00
     12.562    16.0300   4.035385    31.8245       1110     4.6208  0.000e+00
     12.493    16.1048   4.039753    31.8030       1111     4.6250  0.000e+00
     12.416    16.1748   4.040430    31.7530       1112     4.6292  0.000e+00
     12.340    16.2224   4.041034    31.7204       1113     4.6333  0.000e+00
     12.265    16.2522   4.041517    31.7009       1114     4.6375  0.000e+00
     12.186    16.2712   4.041879    31.6890       1115     4.6417  0.000e+00
     12.108    16.2835   4.042457    31.6842       1116     4.6458  0.000e+00
     12.030    16.2925   4.043377    31.6851       1117     4.6500  0.000e+00
     11.956    16.3012   4.045210    31.6943       1118     4.6542  0.000e+00
     11.882    16.3131   4.046668    31.6976       1119     4.6583  0.000e+00
     11.804    16.3267   4.047850    31.6971       1120     4.6625  0.000e+00
     11.721    16.3401   4.048166    31.6893       1121     4.6667  0.000e+00
     11.631    16.3504   4.048334    31.6826       1122     4.6708  0.000e+00
     11.540    16.3577   4.049765    31.6893       1123     4.6750  0.000e+00
     11.439    16.3674   4.052090    31.7019       1124     4.6792  0.000e+00
     11.341    16.3833   4.056117    31.7245       1125     4.6833  0.000e+00
     11.226    16.4089   4.058444    31.7245       1126     4.6875  0.000e+00
     11.121    16.4370   4.058080    31.6990       1127     4.6917  0.000e+00
     11.012    16.4572   4.057717    31.6798       1128     4.6958  0.000e+00
     10.909    16.4686   4.057401    31.6681       1129     4.7000  0.000e+00
     10.806    16.4743   4.056822    31.6586       1130     4.7042  0.000e+00
     10.708    16.4766   4.056654    31.6553       1131     4.7083  0.000e+00
     10.631    16.4773   4.057111    31.6588       1132     4.7125  0.000e+00
     10.560    16.4793   4.058638    31.6705       1133     4.7167  0.000e+00
     10.504    16.4866   4.060757    31.6832       1134     4.7208  0.000e+00
     10.451    16.4999   4.061847    31.6821       1135     4.7250  0.000e+00
     10.401    16.5144   4.062580    31.6770       1136     4.7292  0.000e+00
     10.343    16.5272   4.063502    31.6750       1137     4.7333  0.000e+00
     10.288    16.5394   4.064666    31.6754       1138     4.7375  0.000e+00
     10.240    16.5524   4.065669    31.6739       1139     4.7417  0.000e+00
     10.174    16.5660   4.068004    31.6834       1140     4.7458  0.000e+00
     10.113    16.5834   4.071748    31.7022       1141     4.7500  0.000e+00
     10.050    16.6093   4.072172    31.6854       1142     4.7542  0.000e+00
      9.974    16.6302   4.076437    31.7058       1143     4.7583  0.000e+00
      9.893    16.6583   4.083845    31.7478       1144     4.7625  0.000e+00
      9.799    16.7067   4.090658    31.7686       1145     4.7667  0.000e+00
      9.703    16.7685   4.096449    31.7698       1146     4.7708  0.000e+00
      9.604    16.8348   4.103972    31.7825       1147     4.7750  0.000e+00
      9.513    16.9073   4.110745    31.7836       1148     4.7792  0.000e+00
      9.436    16.9836   4.117981    31.7858       1149     4.7833  0.000e+00
      9.369    17.0651   4.127533    31.8036       1150     4.7875  0.000e+00
      9.307    17.1575   4.134829    31.7934       1151     4.7917  0.000e+00
      9.260    17.2516   4.140231    31.7658       1152     4.7958  0.000e+00
      9.217    17.3360   4.147265    31.7597       1153     4.8000  0.000e+00
      9.172    17.4202   4.161030    31.8112       1154     4.8042  0.000e+00
      9.134    17.5325   4.170928    31.8074       1155     4.8083  0.000e+00
      9.092    17.6477   4.173416    31.7385       1156     4.8125  0.000e+00
      9.043    17.7381   4.182196    31.7425       1157     4.8167  0.000e+00
      8.991    17.8264   4.190315    31.7424       1158     4.8208  0.000e+00
      8.931    17.9191   4.196000    31.7184       1159     4.8250  0.000e+00
      8.857    17.9998   4.194778    31.6456       1160     4.8292  0.000e+00
      8.763    18.0494   4.198903    31.6419       1161     4.8333  0.000e+00
      8.665    18.0898   4.199715    31.6176       1162     4.8375  0.000e+00
      8.556    18.1214   4.200424    31.5992       1163     4.8417  0.000e+00
      8.450    18.1420   4.203617    31.6101       1164     4.8458  0.000e+00
      8.341    18.1680   4.204851    31.6005       1165     4.8500  0.000e+00
      8.236    18.1924   4.208940    31.6160       1166     4.8542  0.000e+00
      8.143    18.2224   4.210818    31.6086       1167     4.8583  0.000e+00
      8.054    18.2539   4.212818    31.6012       1168     4.8625  0.000e+00
      7.981    18.2810   4.211479    31.5692       1169     4.8667  0.000e+00
      7.914    18.2952   4.213016    31.5711       1170     4.8708  0.000e+00
      7.857    18.3063   4.214908    31.5784       1171     4.8750  0.000e+00
      7.809    18.3202   4.215345    31.5714       1172     4.8792  0.000e+00
      7.768    18.3335   4.215693    31.5641       1173     4.8833  0.000e+00
      7.730    18.3427   4.215994    31.5596       1174     4.8875  0.000e+00
      7.681    18.3496   4.216663    31.5599       1175     4.8917  0.000e+00
      7.630    18.3558   4.218112    31.5672       1176     4.8958  0.000e+00
      7.563    18.3678   4.221707    31.5881       1177     4.9000  0.000e+00
      7.493    18.3899   4.236101    31.6913       1178     4.9042  0.000e+00
      7.417    18.4500   4.250473    31.7649       1179     4.9083  0.000e+00
      7.346    18.5598   4.254565    31.7145       1180     4.9125  0.000e+00
      7.276    18.6612   4.272555    31.7861       1181     4.9167  0.000e+00
      7.209    18.7850   4.275914    31.7188       1182     4.9208  0.000e+00
      7.146    18.8946   4.288050    31.7353       1183     4.9250  0.000e+00
      7.088    19.0009   4.312959    31.8594       1184     4.9292  0.000e+00
      7.034    19.1661   4.319000    31.7827       1185     4.9333  0.000e+00
      6.988    19.3078   4.317142    31.6596       1186     4.9375  0.000e+00
      6.947    19.3881   4.322124    31.6394       1187     4.9417  0.000e+00
      6.912    19.4541   4.321019    31.5805       1188     4.9458  0.000e+00
      6.881    19.4910   4.316042    31.5120       1189     4.9500  0.000e+00
      6.840    19.4926   4.324753    31.5818       1190     4.9542  0.000e+00
      6.796    19.5150   4.327930    31.5909       1191     4.9583  0.000e+00
      6.751    19.5496   4.329780    31.5799       1192     4.9625  0.000e+00
      6.700    19.5811   4.332399    31.5774       1193     4.9667  0.000e+00
      6.646    19.6121   4.338778    31.6059       1194     4.9708  0.000e+00
      6.590    19.6499   4.340119    31.5884       1195     4.9750  0.000e+00
      6.536    19.6886   4.340582    31.5630       1196     4.9792  0.000e+00
      6.494    19.7118   4.336889    31.5156       1197     4.9833  0.000e+00
      6.456    19.7153   4.343632    31.5677       1198     4.9875  0.000e+00
      6.405    19.7304   4.343099    31.5521       1199     4.9917  0.000e+00
      6.360    19.7482   4.344738    31.5520       1200     4.9958  0.000e+00
      6.309    19.7650   4.347838    31.5645       1201     5.0000  0.000e+00
      6.262    19.7853   4.345976    31.5342       1202     5.0042  0.000e+00
      6.213    19.7952   4.345042    31.5191       1203     5.0083  0.000e+00
      6.157    19.7948   4.348038    31.5438       1204     5.0125  0.000e+00
      6.105    19.8033   4.351845    31.5682       1205     5.0167  0.000e+00
      6.070    19.8247   4.354240    31.5716       1206     5.0208  0.000e+00
      6.023    19.8510   4.354752    31.5559       1207     5.0250  0.000e+00
      5.983    19.8701   4.352654    31.5247       1208     5.0292  0.000e+00
      5.933    19.8741   4.351338    31.5111       1209     5.0333  0.000e+00
      5.875    19.8682   4.355354    31.5480       1210     5.0375  0.000e+00
      5.806    19.8769   4.356338    31.5495       1211     5.0417  0.000e+00
      5.741    19.8898   4.350632    31.4937       1212     5.0458  0.000e+00
      5.687    19.8804   4.349068    31.4881       1213     5.0500  0.000e+00
      5.623    19.8620   4.349961    31.5090       1214     5.0542  0.000e+00
      5.573    19.8513   4.353284    31.5440       1215     5.0583  0.000e+00
      5.524    19.8582   4.353388    31.5397       1216     5.0625  0.000e+00
      5.473    19.8686   4.359351    31.5802       1217     5.0667  0.000e+00
      5.414    19.8917   4.360965    31.5759       1218     5.0708  0.000e+00
      5.359    19.9217   4.360029    31.5458       1219     5.0750  0.000e+00
      5.303    19.9409   4.360736    31.5371       1220     5.0792  0.000e+00
      5.247    19.9484   4.358941    31.5171       1221     5.0833  0.000e+00
      5.198    19.9461   4.366204    31.5775       1222     5.0875  0.000e+00
      5.153    19.9711   4.367971    31.5730       1223     5.0917  0.000e+00
      5.121    19.9988   4.372194    31.5863       1224     5.0958  0.000e+00
      5.084    20.0318   4.374802    31.5826       1225     5.1000  0.000e+00
      5.055    20.0642   4.377932    31.5836       1226     5.1042  0.000e+00
      5.024    20.0970   4.372165    31.5126       1227     5.1083  0.000e+00
      4.994    20.1008   4.372339    31.5112       1228     5.1125  0.000e+00
      4.968    20.0947   4.374933    31.5366       1229     5.1167  0.000e+00
      4.939    20.0989   4.375336    31.5368       1230     5.1208  0.000e+00
      4.919    20.1083   4.378514    31.5553       1231     5.1250  0.000e+00
      4.897    20.1217   4.374642    31.5142       1232     5.1292  0.000e+00
      4.868    20.1264   4.374829    31.5122       1233     5.1333  0.000e+00
      4.827    20.1216   4.376966    31.5330       1234     5.1375  0.000e+00
      4.771    20.1263   4.378895    31.5450       1235     5.1417  0.000e+00
      4.702    20.1389   4.380880    31.5516       1236     5.1458  0.000e+00
      4.619    20.1541   4.379409    31.5284       1237     5.1500  0.000e+00
      4.534    20.1602   4.378083    31.5132       1238     5.1542  0.000e+00
      4.449    20.1573   4.377930    31.5142       1239     5.1583  0.000e+00
      4.376    20.1526   4.379658    31.5316       1240     5.1625  0.000e+00
