HB2303/sbe094.cnv
* Sea-Bird SBE 19plus V2 Data File:
* FileName = C:\cruise\data\sbe094.hex
* Software Version Seasave V 7.26.7.121
* Temperature SN = 6128
* Conductivity SN = 6128
* System UpLoad Time = Aug 17 2023 21:36:08
* NMEA Latitude = 41 56.49 N
* NMEA Longitude = 067 07.51 W
* NMEA UTC (Time) = Aug 17 2023 21:36:04
** Ship: Henry Bigelow
** Cruise:  HB2303
** Program:  ECOMON
# nquan = 7
# nvalues = 1510                                  
# units = specified
# name 0 = depSM: Depth [salt water, m]
# name 1 = tv290C: Temperature [ITS-90, deg C]
# name 2 = c0S/m: Conductivity [S/m]
# name 3 = sal00: Salinity, Practical [PSU]
# name 4 = scan: Scan Count
# name 5 = timeM: Time, Elapsed [minutes]
# name 6 = flag:  0.000e+00
# span 0 =     -0.116,     60.903                 
# span 1 =    15.3115,    17.4948                 
# span 2 =   0.000942,   4.154392                 
# span 3 =     0.0119,    32.7983                 
# span 4 =         11,       1520                 
# span 5 =     0.0417,     6.3292                 
# span 6 = 0.0000e+00, 0.0000e+00                 
# interval = seconds: 0.25
# start_time = Aug 17 2023 21:36:04 [NMEA time, header]
# bad_flag = -9.990e-29
*END*
[from data line 616]
     60.782    15.3642   4.024312    32.2484        627     2.6083  0.000e+00
     60.769    15.3652   4.023615    32.2413        628     2.6125  0.000e+00
     60.755    15.3635   4.023132    32.2384        629     2.6167  0.000e+00
     60.746    15.3591   4.022415    32.2356        630     2.6208  0.000e+00
     60.737    15.3538   4.021356    32.2305        631     2.6250  0.000e+00
     60.726    15.3458   4.020995    32.2338        632     2.6292  0.000e+00
     60.713    15.3386   4.020780    32.2379        633     2.6333  0.000e+00
     60.717    15.3331   4.020083    32.2361        634     2.6375  0.000e+00
     60.720    15.3277   4.020613    32.2453        635     2.6417  0.000e+00
     60.724    15.3250   4.020130    32.2431        636     2.6458  0.000e+00
     60.729    15.3227   4.019313    32.2378        637     2.6500  0.000e+00
     60.733    15.3177   4.019246    32.2413        638     2.6542  0.000e+00
     60.737    15.3143   4.019461    32.2460        639     2.6583  0.000e+00
     60.733    15.3122   4.019461    32.2477        640     2.6625  0.000e+00
     60.735    15.3116   4.019487    32.2484        641     2.6667  0.000e+00
     60.735    15.3115   4.019601    32.2495        642     2.6708  0.000e+00
     60.733    15.3122   4.020640    32.2583        643     2.6750  0.000e+00
     60.731    15.3156   4.020325    32.2526        644     2.6792  0.000e+00
     60.729    15.3187   4.021692    32.2623        645     2.6833  0.000e+00
     60.727    15.3249   4.022489    32.2644        646     2.6875  0.000e+00
     60.724    15.3330   4.022342    32.2564        647     2.6917  0.000e+00
     60.720    15.3380   4.022147    32.2506        648     2.6958  0.000e+00
     60.726    15.3403   4.022027    32.2476        649     2.7000  0.000e+00
     60.720    15.3407   4.022100    32.2479        650     2.7042  0.000e+00
     60.727    15.3407   4.022127    32.2481        651     2.7083  0.000e+00
     60.726    15.3412   4.022724    32.2531        652     2.7125  0.000e+00
     60.718    15.3437   4.023012    32.2536        653     2.7167  0.000e+00
     60.709    15.3471   4.023039    32.2510        654     2.7208  0.000e+00
     60.707    15.3492   4.022462    32.2442        655     2.7250  0.000e+00
     60.698    15.3485   4.022248    32.2429        656     2.7292  0.000e+00
     60.688    15.3463   4.022127    32.2436        657     2.7333  0.000e+00
     60.678    15.3445   4.022006    32.2440        658     2.7375  0.000e+00
     60.671    15.3424   4.021598    32.2420        659     2.7417  0.000e+00
     60.666    15.3403   4.021812    32.2457        660     2.7458  0.000e+00
     60.657    15.3387   4.021263    32.2421        661     2.7500  0.000e+00
     60.653    15.3365   4.021068    32.2422        662     2.7542  0.000e+00
     60.653    15.3333   4.020995    32.2441        663     2.7583  0.000e+00
     60.646    15.3310   4.021310    32.2488        664     2.7625  0.000e+00
     60.640    15.3311   4.021330    32.2489        665     2.7667  0.000e+00
     60.638    15.3317   4.021524    32.2502        666     2.7708  0.000e+00
     60.629    15.3327   4.021598    32.2500        667     2.7750  0.000e+00
     60.615    15.3338   4.021765    32.2506        668     2.7792  0.000e+00
     60.606    15.3352   4.021765    32.2494        669     2.7833  0.000e+00
     60.589    15.3363   4.021718    32.2481        670     2.7875  0.000e+00
     60.580    15.3366   4.021765    32.2483        671     2.7917  0.000e+00
     60.555    15.3370   4.021859    32.2488        672     2.7958  0.000e+00
     60.535    15.3378   4.022100    32.2504        673     2.8000  0.000e+00
     60.522    15.3391   4.022053    32.2489        674     2.8042  0.000e+00
     60.504    15.3399   4.022027    32.2480        675     2.8083  0.000e+00
     60.489    15.3400   4.021980    32.2475        676     2.8125  0.000e+00
     60.480    15.3400   4.021960    32.2473        677     2.8167  0.000e+00
     60.469    15.3399   4.021812    32.2461        678     2.8208  0.000e+00
     60.462    15.3396   4.021792    32.2462        679     2.8250  0.000e+00
     60.448    15.3388   4.021571    32.2449        680     2.8292  0.000e+00
     60.437    15.3377   4.021718    32.2471        681     2.8333  0.000e+00
     60.426    15.3369   4.020901    32.2404        682     2.8375  0.000e+00
     60.423    15.3338   4.020566    32.2400        683     2.8417  0.000e+00
     60.412    15.3298   4.020398    32.2417        684     2.8458  0.000e+00
     60.405    15.3267   4.021283    32.2522        685     2.8500  0.000e+00
     60.389    15.3276   4.021913    32.2572        686     2.8542  0.000e+00
     60.382    15.3318   4.022342    32.2575        687     2.8583  0.000e+00
     60.373    15.3367   4.021960    32.2501        688     2.8625  0.000e+00
     60.367    15.3391   4.022724    32.2549        689     2.8667  0.000e+00
     60.358    15.3423   4.023541    32.2597        690     2.8708  0.000e+00
     60.353    15.3482   4.021912    32.2402        691     2.8750  0.000e+00
     60.345    15.3470   4.021068    32.2337        692     2.8792  0.000e+00
     60.340    15.3405   4.020874    32.2373        693     2.8833  0.000e+00
     60.338    15.3349   4.020901    32.2421        694     2.8875  0.000e+00
     60.338    15.3319   4.021189    32.2471        695     2.8917  0.000e+00
     60.346    15.3309   4.021524    32.2510        696     2.8958  0.000e+00
     60.358    15.3322   4.021283    32.2477        697     2.9000  0.000e+00
     60.373    15.3327   4.021095    32.2457        698     2.9042  0.000e+00
     60.373    15.3316   4.021095    32.2465        699     2.9083  0.000e+00
     60.356    15.3310   4.021021    32.2464        700     2.9125  0.000e+00
     60.309    15.3304   4.021021    32.2468        701     2.9167  0.000e+00
     60.246    15.3298   4.021330    32.2501        702     2.9208  0.000e+00
     60.167    15.3305   4.021142    32.2479        703     2.9250  0.000e+00
     60.063    15.3308   4.020995    32.2464        704     2.9292  0.000e+00
     59.948    15.3304   4.021041    32.2472        705     2.9333  0.000e+00
     59.812    15.3301   4.021068    32.2477        706     2.9375  0.000e+00
     59.655    15.3300   4.021236    32.2494        707     2.9417  0.000e+00
     59.496    15.3305   4.021041    32.2473        708     2.9458  0.000e+00
     59.337    15.3305   4.020927    32.2463        709     2.9500  0.000e+00
     59.172    15.3298   4.020733    32.2452        710     2.9542  0.000e+00
     59.003    15.3285   4.020753    32.2465        711     2.9583  0.000e+00
     58.840    15.3277   4.020706    32.2468        712     2.9625  0.000e+00
     58.673    15.3271   4.020686    32.2472        713     2.9667  0.000e+00
     58.514    15.3265   4.020826    32.2490        714     2.9708  0.000e+00
     58.381    15.3268   4.020826    32.2488        715     2.9750  0.000e+00
     58.250    15.3272   4.020900    32.2492        716     2.9792  0.000e+00
     58.135    15.3278   4.021215    32.2516        717     2.9833  0.000e+00
     58.036    15.3295   4.021309    32.2511        718     2.9875  0.000e+00
     57.936    15.3311   4.021161    32.2484        719     2.9917  0.000e+00
     57.846    15.3318   4.021141    32.2478        720     2.9958  0.000e+00
     57.754    15.3318   4.021041    32.2468        721     3.0000  0.000e+00
     57.662    15.3315   4.021188    32.2484        722     3.0042  0.000e+00
     57.568    15.3318   4.021329    32.2495        723     3.0083  0.000e+00
     57.454    15.3324   4.021355    32.2493        724     3.0125  0.000e+00
     57.340    15.3334   4.021717    32.2518        725     3.0167  0.000e+00
     57.223    15.3348   4.021402    32.2478        726     3.0208  0.000e+00
     57.097    15.3351   4.021114    32.2451        727     3.0250  0.000e+00
     56.943    15.3341   4.021188    32.2466        728     3.0292  0.000e+00
     56.775    15.3332   4.021402    32.2493        729     3.0333  0.000e+00
     56.589    15.3336   4.021382    32.2489        730     3.0375  0.000e+00
     56.412    15.3338   4.021161    32.2468        731     3.0417  0.000e+00
     56.230    15.3332   4.021187    32.2476        732     3.0458  0.000e+00
     56.057    15.3329   4.021475    32.2505        733     3.0500  0.000e+00
     55.881    15.3335   4.021428    32.2497        734     3.0542  0.000e+00
     55.710    15.3346   4.021596    32.2503        735     3.0583  0.000e+00
     55.542    15.3353   4.021261    32.2468        736     3.0625  0.000e+00
     55.379    15.3352   4.022581    32.2587        737     3.0667  0.000e+00
     55.212    15.3392   4.023928    32.2675        738     3.0708  0.000e+00
     55.056    15.3479   4.023975    32.2609        739     3.0750  0.000e+00
     54.894    15.3546   4.023780    32.2537        740     3.0792  0.000e+00
     54.742    15.3578   4.023492    32.2486        741     3.0833  0.000e+00
     54.596    15.3587   4.023519    32.2481        742     3.0875  0.000e+00
     54.450    15.3587   4.023994    32.2524        743     3.0917  0.000e+00
     54.299    15.3607   4.024068    32.2515        744     3.0958  0.000e+00
     54.157    15.3625   4.023947    32.2490        745     3.1000  0.000e+00
     54.012    15.3629   4.022412    32.2350        746     3.1042  0.000e+00
     53.859    15.3584   4.021809    32.2334        747     3.1083  0.000e+00
     53.727    15.3514   4.022942    32.2493        748     3.1125  0.000e+00
     53.599    15.3498   4.023297    32.2538        749     3.1167  0.000e+00
     53.487    15.3524   4.023565    32.2541        750     3.1208  0.000e+00
     53.380    15.3548   4.021977    32.2380        751     3.1250  0.000e+00
     53.266    15.3514   4.021930    32.2405        752     3.1292  0.000e+00
     53.147    15.3478   4.021595    32.2404        753     3.1333  0.000e+00
     53.035    15.3437   4.021977    32.2472        754     3.1375  0.000e+00
     52.926    15.3429   4.022962    32.2568        755     3.1417  0.000e+00
     52.824    15.3463   4.022841    32.2529        756     3.1458  0.000e+00
     52.734    15.3487   4.022600    32.2488        757     3.1500  0.000e+00
     52.652    15.3495   4.022365    32.2461        758     3.1542  0.000e+00
     52.611    15.3485   4.022653    32.2495        759     3.1583  0.000e+00
     52.587    15.3486   4.022673    32.2496        760     3.1625  0.000e+00
     52.582    15.3492   4.022720    32.2495        761     3.1667  0.000e+00
     52.565    15.3495   4.022627    32.2485        762     3.1708  0.000e+00
     52.533    15.3495   4.022821    32.2502        763     3.1750  0.000e+00
     52.473    15.3499   4.022097    32.2435        764     3.1792  0.000e+00
     52.417    15.3486   4.022050    32.2441        765     3.1833  0.000e+00
     52.366    15.3463   4.021548    32.2415        766     3.1875  0.000e+00
     52.318    15.3432   4.021447    32.2432        767     3.1917  0.000e+00
     52.265    15.3403   4.021353    32.2448        768     3.1958  0.000e+00
     52.219    15.3383   4.021548    32.2481        769     3.2000  0.000e+00
     52.165    15.3379   4.021668    32.2496        770     3.2042  0.000e+00
     52.118    15.3383   4.021856    32.2509        771     3.2083  0.000e+00
     52.069    15.3395   4.022003    32.2513        772     3.2125  0.000e+00
     52.017    15.3407   4.022023    32.2505        773     3.2167  0.000e+00
     51.964    15.3419   4.021909    32.2485        774     3.2208  0.000e+00
     51.908    15.3422   4.021568    32.2453        775     3.2250  0.000e+00
     51.846    15.3408   4.021447    32.2454        776     3.2292  0.000e+00
     51.785    15.3392   4.021400    32.2463        777     3.2333  0.000e+00
     51.722    15.3380   4.021259    32.2460        778     3.2375  0.000e+00
     51.650    15.3369   4.021018    32.2448        779     3.2417  0.000e+00
     51.576    15.3350   4.021065    32.2468        780     3.2458  0.000e+00
     51.496    15.3337   4.021092    32.2481        781     3.2500  0.000e+00
     51.406    15.3336   4.021547    32.2523        782     3.2542  0.000e+00
     51.312    15.3351   4.022432    32.2590        783     3.2583  0.000e+00
     51.214    15.3391   4.022412    32.2556        784     3.2625  0.000e+00
     51.100    15.3426   4.021688    32.2463        785     3.2667  0.000e+00
     50.988    15.3422   4.021447    32.2445        786     3.2708  0.000e+00
     50.870    15.3409   4.021279    32.2441        787     3.2750  0.000e+00
     50.753    15.3387   4.021326    32.2464        788     3.2792  0.000e+00
     50.643    15.3375   4.021956    32.2530        789     3.2833  0.000e+00
     50.535    15.3388   4.021882    32.2514        790     3.2875  0.000e+00
     50.433    15.3407   4.022170    32.2524        791     3.2917  0.000e+00
     50.341    15.3426   4.022123    32.2505        792     3.2958  0.000e+00
     50.249    15.3440   4.021788    32.2464        793     3.3000  0.000e+00
     50.175    15.3432   4.021667    32.2460        794     3.3042  0.000e+00
     50.105    15.3423   4.021614    32.2463        795     3.3083  0.000e+00
     50.045    15.3412   4.021788    32.2487        796     3.3125  0.000e+00
     49.985    15.3412   4.021667    32.2477        797     3.3167  0.000e+00
     49.926    15.3409   4.021640    32.2477        798     3.3208  0.000e+00
     49.866    15.3406   4.021687    32.2484        799     3.3250  0.000e+00
     49.812    15.3402   4.020990    32.2425        800     3.3292  0.000e+00
     49.751    15.3380   4.020608    32.2410        801     3.3333  0.000e+00
     49.689    15.3341   4.020823    32.2460        802     3.3375  0.000e+00
     49.620    15.3323   4.021111    32.2502        803     3.3417  0.000e+00
     49.555    15.3325   4.020749    32.2468        804     3.3458  0.000e+00
     49.481    15.3320   4.020897    32.2485        805     3.3500  0.000e+00
     49.411    15.3315   4.020702    32.2473        806     3.3542  0.000e+00
     49.342    15.3310   4.020923    32.2497        807     3.3583  0.000e+00
     49.277    15.3314   4.020990    32.2499        808     3.3625  0.000e+00
     49.205    15.3318   4.021185    32.2513        809     3.3667  0.000e+00
     49.142    15.3332   4.021185    32.2502        810     3.3708  0.000e+00
     49.075    15.3339   4.020943    32.2475        811     3.3750  0.000e+00
     49.012    15.3338   4.020990    32.2481        812     3.3792  0.000e+00
     48.938    15.3337   4.021446    32.2523        813     3.3833  0.000e+00
     48.875    15.3350   4.021593    32.2525        814     3.3875  0.000e+00
     48.804    15.3369   4.021687    32.2519        815     3.3917  0.000e+00
     48.730    15.3386   4.021613    32.2498        816     3.3958  0.000e+00
     48.649    15.3391   4.021566    32.2490        817     3.4000  0.000e+00
     48.564    15.3395   4.021787    32.2507        818     3.4042  0.000e+00
     48.477    15.3403   4.021787    32.2500        819     3.4083  0.000e+00
     48.385    15.3410   4.021137    32.2437        820     3.4125  0.000e+00
     48.286    15.3395   4.021090    32.2445        821     3.4167  0.000e+00
     48.182    15.3372   4.020608    32.2422        822     3.4208  0.000e+00
     48.079    15.3344   4.021211    32.2499        823     3.4250  0.000e+00
     47.966    15.3344   4.021090    32.2488        824     3.4292  0.000e+00
     47.864    15.3346   4.020869    32.2467        825     3.4333  0.000e+00
     47.765    15.3338   4.020581    32.2449        826     3.4375  0.000e+00
     47.665    15.3323   4.020487    32.2453        827     3.4417  0.000e+00
     47.577    15.3307   4.021258    32.2535        828     3.4458  0.000e+00
     47.506    15.3324   4.022095    32.2597        829     3.4500  0.000e+00
     47.441    15.3375   4.021640    32.2514        830     3.4542  0.000e+00
