HB2303/sbe022.cnv
* Sea-Bird SBE 19plus V2 Data File:
* FileName = C:\cruise\data\sbe022.hex
* Software Version Seasave V 7.26.7.121
* Temperature SN = 6128
* Conductivity SN = 6128
* System UpLoad Time = Aug 10 2023 20:05:41
* NMEA Latitude = 38 48.89 N
* NMEA Longitude = 074 20.64 W
* NMEA UTC (Time) = Aug 10 2023 20:05:36
** Ship: Henry Bigelow
** Cruise:  HB2303
** Program:  ECOMON
# nquan = 7
# nvalues = 1487                                  
# units = specified
# name 0 = depSM: Depth [salt water, m]
# name 1 = tv290C: Temperature [ITS-90, deg C]
# name 2 = c0S/m: Conductivity [S/m]
# name 3 = sal00: Salinity, Practical [PSU]
# name 4 = scan: Scan Count
# name 5 = timeM: Time, Elapsed [minutes]
# name 6 = flag:  0.000e+00
# span 0 =     -0.281,     33.248                 
# span 1 =    11.1687,    23.3002                 
# span 2 =   0.000079,   4.638732                 
# span 3 =     0.0111,    34.4555                 
# span 4 =         11,       1497                 
# span 5 =     0.0417,     6.2333                 
# span 6 = 0.0000e+00, 0.0000e+00                 
# interval = seconds: 0.25
# start_time = Aug 10 2023 20:05:36 [NMEA time, header]
# bad_flag = -9.990e-29
*END*
     -0.158    22.8359   0.000103     0.0111         11     0.0417  0.000e+00
     -0.156    22.8370   0.000109     0.0111         12     0.0458  0.000e+00
     -0.152    22.8377   0.000097     0.0111         13     0.0500  0.000e+00
     -0.161    22.8385   0.000097     0.0111         14     0.0542  0.000e+00
     -0.159    22.8391   0.000103     0.0111         15     0.0583  0.000e+00
     -0.157    22.8399   0.000103     0.0111         16     0.0625  0.000e+00
     -0.161    22.8407   0.000097     0.0111         17     0.0667  0.000e+00
     -0.154    22.8406   0.000085     0.0111         18     0.0708  0.000e+00
     -0.154    22.8412   0.000097     0.0111         19     0.0750  0.000e+00
     -0.154    22.8417   0.000085     0.0111         20     0.0792  0.000e+00
     -0.159    22.8419   0.000088     0.0111         21     0.0833  0.000e+00
     -0.161    22.8417   0.000097     0.0111         22     0.0875  0.000e+00
     -0.158    22.8416   0.000091     0.0111         23     0.0917  0.000e+00
     -0.158    22.8417   0.000094     0.0111         24     0.0958  0.000e+00
     -0.156    22.8419   0.000097     0.0111         25     0.1000  0.000e+00
     -0.152    22.8417   0.000097     0.0111         26     0.1042  0.000e+00
     -0.159    22.8418   0.000094     0.0111         27     0.1083  0.000e+00
     -0.157    22.8418   0.000091     0.0111         28     0.1125  0.000e+00
     -0.156    22.8416   0.000097     0.0111         29     0.1167  0.000e+00
     -0.156    22.8417   0.000097     0.0111         30     0.1208  0.000e+00
     -0.168    22.8421   0.000103     0.0111         31     0.1250  0.000e+00
     -0.159    22.8421   0.000097     0.0111         32     0.1292  0.000e+00
     -0.159    22.8421   0.000103     0.0111         33     0.1333  0.000e+00
     -0.159    22.8423   0.000094     0.0111         34     0.1375  0.000e+00
     -0.158    22.8425   0.000103     0.0111         35     0.1417  0.000e+00
     -0.158    22.8426   0.000109     0.0111         36     0.1458  0.000e+00
     -0.163    22.8422   0.000103     0.0111         37     0.1500  0.000e+00
     -0.161    22.8427   0.000097     0.0111         38     0.1542  0.000e+00
     -0.161    22.8427   0.000103     0.0111         39     0.1583  0.000e+00
     -0.161    22.8426   0.000097     0.0111         40     0.1625  0.000e+00
     -0.161    22.8427   0.000109     0.0111         41     0.1667  0.000e+00
     -0.159    22.8422   0.000109     0.0111         42     0.1708  0.000e+00
     -0.159    22.8425   0.000109     0.0111         43     0.1750  0.000e+00
     -0.159    22.8424   0.000103     0.0111         44     0.1792  0.000e+00
     -0.159    22.8421   0.000109     0.0111         45     0.1833  0.000e+00
     -0.163    22.8419   0.000109     0.0111         46     0.1875  0.000e+00
     -0.157    22.8418   0.000103     0.0111         47     0.1917  0.000e+00
     -0.155    22.8421   0.000109     0.0111         48     0.1958  0.000e+00
     -0.155    22.8421   0.000109     0.0111         49     0.2000  0.000e+00
     -0.159    22.8420   0.000109     0.0111         50     0.2042  0.000e+00
     -0.159    22.8421   0.000097     0.0111         51     0.2083  0.000e+00
     -0.152    22.8426   0.000103     0.0111         52     0.2125  0.000e+00
     -0.157    22.8429   0.000109     0.0111         53     0.2167  0.000e+00
     -0.163    22.8425   0.000109     0.0111         54     0.2208  0.000e+00
     -0.159    22.8427   0.000103     0.0111         55     0.2250  0.000e+00
     -0.163    22.8425   0.000112     0.0111         56     0.2292  0.000e+00
     -0.161    22.8424   0.000109     0.0111         57     0.2333  0.000e+00
     -0.163    22.8419   0.000109     0.0111         58     0.2375  0.000e+00
     -0.165    22.8417   0.000109     0.0111         59     0.2417  0.000e+00
     -0.163    22.8430   0.000112     0.0111         60     0.2458  0.000e+00
     -0.166    22.8429   0.000109     0.0111         61     0.2500  0.000e+00
     -0.163    22.8425   0.000109     0.0111         62     0.2542  0.000e+00
     -0.159    22.8433   0.000109     0.0111         63     0.2583  0.000e+00
     -0.161    22.8431   0.000109     0.0111         64     0.2625  0.000e+00
     -0.161    22.8429   0.000109     0.0111         65     0.2667  0.000e+00
     -0.165    22.8437   0.000112     0.0111         66     0.2708  0.000e+00
     -0.163    22.8436   0.000115     0.0111         67     0.2750  0.000e+00
     -0.163    22.8438   0.000109     0.0111         68     0.2792  0.000e+00
     -0.164    22.8442   0.000109     0.0111         69     0.2833  0.000e+00
     -0.161    22.8441   0.000109     0.0111         70     0.2875  0.000e+00
     -0.161    22.8444   0.000115     0.0111         71     0.2917  0.000e+00
     -0.161    22.8450   0.000109     0.0111         72     0.2958  0.000e+00
     -0.162    22.8447   0.000109     0.0111         73     0.3000  0.000e+00
     -0.157    22.8451   0.000109     0.0111         74     0.3042  0.000e+00
     -0.161    22.8449   0.000109     0.0111         75     0.3083  0.000e+00
     -0.159    22.8450   0.000112     0.0111         76     0.3125  0.000e+00
     -0.162    22.8449   0.000115     0.0111         77     0.3167  0.000e+00
     -0.164    22.8448   0.000109     0.0111         78     0.3208  0.000e+00
     -0.164    22.8449   0.000118     0.0111         79     0.3250  0.000e+00
     -0.164    22.8444   0.000109     0.0111         80     0.3292  0.000e+00
     -0.166    22.8441   0.000115     0.0111         81     0.3333  0.000e+00
     -0.165    22.8444   0.000112     0.0111         82     0.3375  0.000e+00
     -0.164    22.8448   0.000109     0.0111         83     0.3417  0.000e+00
     -0.164    22.8450   0.000120     0.0111         84     0.3458  0.000e+00
     -0.168    22.8447   0.000109     0.0111         85     0.3500  0.000e+00
     -0.166    22.8454   0.000112     0.0111         86     0.3542  0.000e+00
     -0.168    22.8451   0.000120     0.0111         87     0.3583  0.000e+00
     -0.164    22.8449   0.000115     0.0111         88     0.3625  0.000e+00
     -0.164    22.8454   0.000112     0.0111         89     0.3667  0.000e+00
     -0.163    22.8456   0.000115     0.0111         90     0.3708  0.000e+00
     -0.166    22.8459   0.000115     0.0111         91     0.3750  0.000e+00
     -0.163    22.8454   0.000109     0.0111         92     0.3792  0.000e+00
     -0.164    22.8456   0.000115     0.0111         93     0.3833  0.000e+00
     -0.168    22.8458   0.000115     0.0111         94     0.3875  0.000e+00
     -0.163    22.8458   0.000118     0.0111         95     0.3917  0.000e+00
     -0.163    22.8459   0.000115     0.0111         96     0.3958  0.000e+00
     -0.159    22.8453   0.000115     0.0111         97     0.4000  0.000e+00
     -0.164    22.8457   0.000109     0.0111         98     0.4042  0.000e+00
     -0.159    22.8455   0.000112     0.0111         99     0.4083  0.000e+00
     -0.166    22.8457   0.000109     0.0111        100     0.4125  0.000e+00
     -0.174    22.8451   0.000115     0.0111        101     0.4167  0.000e+00
     -0.168    22.8457   0.000112     0.0111        102     0.4208  0.000e+00
     -0.172    22.8454   0.000109     0.0111        103     0.4250  0.000e+00
     -0.172    22.8454   0.000115     0.0111        104     0.4292  0.000e+00
     -0.173    22.8453   0.000118     0.0111        105     0.4333  0.000e+00
     -0.173    22.8452   0.000115     0.0111        106     0.4375  0.000e+00
     -0.170    22.8456   0.000115     0.0111        107     0.4417  0.000e+00
     -0.166    22.8458   0.000118     0.0111        108     0.4458  0.000e+00
     -0.172    22.8458   0.000115     0.0111        109     0.4500  0.000e+00
     -0.170    22.8457   0.000115     0.0111        110     0.4542  0.000e+00
     -0.172    22.8459   0.000115     0.0111        111     0.4583  0.000e+00
     -0.168    22.8459   0.000118     0.0111        112     0.4625  0.000e+00
     -0.166    22.8455   0.000115     0.0111        113     0.4667  0.000e+00
     -0.168    22.8457   0.000109     0.0111        114     0.4708  0.000e+00
     -0.170    22.8459   0.000118     0.0111        115     0.4750  0.000e+00
     -0.168    22.8454   0.000109     0.0111        116     0.4792  0.000e+00
     -0.166    22.8456   0.000115     0.0111        117     0.4833  0.000e+00
     -0.159    22.8459   0.000118     0.0111        118     0.4875  0.000e+00
     -0.162    22.8456   0.000115     0.0111        119     0.4917  0.000e+00
     -0.166    22.8456   0.000115     0.0111        120     0.4958  0.000e+00
     -0.159    22.8458   0.000118     0.0111        121     0.5000  0.000e+00
     -0.159    22.8458   0.000115     0.0111        122     0.5042  0.000e+00
     -0.162    22.8457   0.000120     0.0111        123     0.5083  0.000e+00
     -0.164    22.8456   0.000123     0.0111        124     0.5125  0.000e+00
     -0.166    22.8456   0.000112     0.0111        125     0.5167  0.000e+00
     -0.162    22.8456   0.000115     0.0111        126     0.5208  0.000e+00
     -0.164    22.8453   0.000115     0.0111        127     0.5250  0.000e+00
     -0.166    22.8451   0.000109     0.0111        128     0.5292  0.000e+00
     -0.166    22.8451   0.000120     0.0111        129     0.5333  0.000e+00
     -0.168    22.8448   0.000120     0.0111        130     0.5375  0.000e+00
     -0.162    22.8447   0.000112     0.0111        131     0.5417  0.000e+00
     -0.168    22.8445   0.000120     0.0111        132     0.5458  0.000e+00
     -0.164    22.8448   0.000120     0.0111        133     0.5500  0.000e+00
     -0.164    22.8445   0.000112     0.0111        134     0.5542  0.000e+00
     -0.164    22.8450   0.000115     0.0111        135     0.5583  0.000e+00
     -0.166    22.8445   0.000120     0.0111        136     0.5625  0.000e+00
     -0.162    22.8450   0.000120     0.0111        137     0.5667  0.000e+00
     -0.164    22.8449   0.000112     0.0111        138     0.5708  0.000e+00
     -0.166    22.8451   0.000120     0.0111        139     0.5750  0.000e+00
     -0.164    22.8456   0.000115     0.0111        140     0.5792  0.000e+00
     -0.162    22.8453   0.000109     0.0111        141     0.5833  0.000e+00
     -0.164    22.8456   0.000115     0.0111        142     0.5875  0.000e+00
     -0.158    22.8457   0.000120     0.0111        143     0.5917  0.000e+00
     -0.155    22.8454   0.000118     0.0111        144     0.5958  0.000e+00
     -0.166    22.8458   0.000109     0.0111        145     0.6000  0.000e+00
     -0.157    22.8454   0.000109     0.0111        146     0.6042  0.000e+00
     -0.083    22.8501   0.000079     0.0111        147     0.6083  0.000e+00
     -0.052    22.8834   1.201802     7.1879        148     0.6125  0.000e+00
      0.056    22.9446   0.884364     5.1590        149     0.6167  0.000e+00
      0.107    23.0056   3.357002    21.9733        150     0.6208  0.000e+00
     -0.041    23.0617   4.326682    29.0800        151     0.6250  0.000e+00
     -0.155    23.1396   1.701894    10.4165        152     0.6292  0.000e+00
     -0.171    23.1947   0.639686     3.6259        153     0.6333  0.000e+00
     -0.164    23.2176   0.539200     3.0197        154     0.6375  0.000e+00
     -0.162    23.2259   0.420171     2.3153        155     0.6417  0.000e+00
     -0.160    23.2270   0.362247     1.9780        156     0.6458  0.000e+00
     -0.164    23.2243   0.289882     1.5626        157     0.6500  0.000e+00
      0.009    23.2208   0.743166     4.2544        158     0.6542  0.000e+00
      0.188    23.2177   2.197687    13.7363        159     0.6583  0.000e+00
      0.383    23.2083   1.420817     8.5514        160     0.6625  0.000e+00
      0.521    23.1965   1.752055    10.7367        161     0.6667  0.000e+00
      0.575    23.1887   2.179424    13.6205        162     0.6708  0.000e+00
      0.548    23.1829   3.537290    23.1881        163     0.6750  0.000e+00
      0.391    23.1789   3.869257    25.6133        164     0.6792  0.000e+00
      0.150    23.1777   2.734137    17.4620        165     0.6833  0.000e+00
      0.013    23.1818   4.068203    27.0786        166     0.6875  0.000e+00
      0.109    23.1818   3.329671    21.6895        167     0.6917  0.000e+00
      0.360    23.1810   4.619700    31.2027        168     0.6958  0.000e+00
      0.647    23.1821   4.617138    31.1825        169     0.7000  0.000e+00
      0.887    23.1834   4.619047    31.1960        170     0.7042  0.000e+00
      1.078    23.1844   4.620708    31.2077        171     0.7083  0.000e+00
      1.225    23.1877   4.621759    31.2133        172     0.7125  0.000e+00
      1.344    23.2005   4.623285    31.2158        173     0.7167  0.000e+00
      1.431    23.2190   4.629003    31.2458        174     0.7208  0.000e+00
      1.445    23.2384   4.633188    31.2636        175     0.7250  0.000e+00
      1.398    23.2572   4.635540    31.2681        176     0.7292  0.000e+00
      1.295    23.2723   4.633223    31.2400        177     0.7333  0.000e+00
      1.177    23.2819   4.635774    31.2524        178     0.7375  0.000e+00
      1.124    23.2869   4.092942    27.1969        179     0.7417  0.000e+00
      1.158    23.2885   4.074081    27.0566        180     0.7458  0.000e+00
      1.304    23.2880   4.587059    30.8812        181     0.7500  0.000e+00
      1.498    23.2859   4.632356    31.2238        182     0.7542  0.000e+00
      1.687    23.2821   4.632491    31.2274        183     0.7583  0.000e+00
      1.850    23.2780   4.632050    31.2269        184     0.7625  0.000e+00
      2.003    23.2748   4.632072    31.2293        185     0.7667  0.000e+00
      2.158    23.2723   4.632491    31.2342        186     0.7708  0.000e+00
      2.319    23.2706   4.632846    31.2380        187     0.7750  0.000e+00
      2.478    23.2698   4.632669    31.2372        188     0.7792  0.000e+00
      2.651    23.2705   4.631809    31.2302        189     0.7833  0.000e+00
      2.828    23.2706   4.631099    31.2247        190     0.7875  0.000e+00
      2.984    23.2707   4.631290    31.2260        191     0.7917  0.000e+00
      3.114    23.2705   4.632435    31.2348        192     0.7958  0.000e+00
      3.220    23.2711   4.633714    31.2439        193     0.8000  0.000e+00
      3.305    23.2738   4.635349    31.2544        194     0.8042  0.000e+00
      3.366    23.2801   4.636358    31.2575        195     0.8083  0.000e+00
      3.417    23.2866   4.637055    31.2581        196     0.8125  0.000e+00
      3.464    23.2923   4.636962    31.2534        197     0.8167  0.000e+00
      3.509    23.2962   4.636116    31.2442        198     0.8208  0.000e+00
      3.579    23.2986   4.635043    31.2344        199     0.8250  0.000e+00
      3.672    23.2998   4.634154    31.2269        200     0.8292  0.000e+00
      3.800    23.3002   4.633849    31.2242        201     0.8333  0.000e+00
      3.941    23.2994   4.633557    31.2226        202     0.8375  0.000e+00
      4.103    23.2973   4.633472    31.2233        203     0.8417  0.000e+00
      4.278    23.2939   4.633266    31.2241        204     0.8458  0.000e+00
      4.448    23.2899   4.633117    31.2258        205     0.8500  0.000e+00
      4.615    23.2868   4.633473    31.2306        206     0.8542  0.000e+00
      4.754    23.2844   4.634361    31.2389        207     0.8583  0.000e+00
      4.880    23.2826   4.635108    31.2458        208     0.8625  0.000e+00
      4.985    23.2849   4.636010    31.2510        209     0.8667  0.000e+00
      5.070    23.2889   4.636686    31.2532        210     0.8708  0.000e+00
      5.129    23.2916   4.637098    31.2544        211     0.8750  0.000e+00
      5.176    23.2927   4.637041    31.2532        212     0.8792  0.000e+00
      5.215    23.2927   4.636821    31.2515        213     0.8833  0.000e+00
      5.252    23.2918   4.636387    31.2488        214     0.8875  0.000e+00
      5.316    23.2909   4.635627    31.2437        215     0.8917  0.000e+00
