HB2303/sbe038.cnv
* Sea-Bird SBE 19plus V2 Data File:
* FileName = C:\cruise\data\sbe038.hex
* Software Version Seasave V 7.26.7.121
* Temperature SN = 6128
* Conductivity SN = 6128
* System UpLoad Time = Aug 12 2023 06:42:16
* NMEA Latitude = 36 08.37 N
* NMEA Longitude = 074 50.18 W
* NMEA UTC (Time) = Aug 12 2023 06:42:12
** Ship: Henry Bigelow
** Cruise:  HB2303
** Program:  ECOMON
# nquan = 7
# nvalues = 2451                                  
# units = specified
# name 0 = depSM: Depth [salt water, m]
# name 1 = tv290C: Temperature [ITS-90, deg C]
# name 2 = c0S/m: Conductivity [S/m]
# name 3 = sal00: Salinity, Practical [PSU]
# name 4 = scan: Scan Count
# name 5 = timeM: Time, Elapsed [minutes]
# name 6 = flag:  0.000e+00
# span 0 =     -0.228,     95.471                 
# span 1 =    12.1731,    27.1894                 
# span 2 =   0.000013,   5.596131                 
# span 3 =     0.0126,    36.6704                 
# span 4 =         11,       2461                 
# span 5 =     0.0417,    10.2500                 
# span 6 = 0.0000e+00, 0.0000e+00                 
# interval = seconds: 0.25
# start_time = Aug 12 2023 06:42:12 [NMEA time, header]
# bad_flag = -9.990e-29
*END*
[from data line 821]
     92.393    13.8726   4.229477    35.4118        832     3.4625  0.000e+00
     92.519    13.8980   4.232959    35.4209        833     3.4667  0.000e+00
     92.635    13.9228   4.237861    35.4438        834     3.4708  0.000e+00
     92.761    13.9508   4.245251    35.4871        835     3.4750  0.000e+00
     92.884    13.9844   4.247211    35.4743        836     3.4792  0.000e+00
     93.009    14.0136   4.251276    35.4853        837     3.4833  0.000e+00
     93.130    14.0399   4.255527    35.5007        838     3.4875  0.000e+00
     93.248    14.0663   4.259890    35.5170        839     3.4917  0.000e+00
     93.360    14.0932   4.264742    35.5373        840     3.4958  0.000e+00
     93.472    14.1215   4.266850    35.5309        841     3.5000  0.000e+00
     93.573    14.1457   4.268168    35.5208        842     3.5042  0.000e+00
     93.674    14.1630   4.268319    35.5062        843     3.5083  0.000e+00
     93.783    14.1746   4.270263    35.5136        844     3.5125  0.000e+00
     93.880    14.1850   4.271959    35.5197        845     3.5167  0.000e+00
     93.976    14.1951   4.273546    35.5252        846     3.5208  0.000e+00
     94.072    14.2053   4.273965    35.5196        847     3.5250  0.000e+00
     94.168    14.2133   4.274213    35.5144        848     3.5292  0.000e+00
     94.262    14.2187   4.274433    35.5115        849     3.5333  0.000e+00
     94.357    14.2223   4.274701    35.5107        850     3.5375  0.000e+00
     94.455    14.2249   4.274728    35.5085        851     3.5417  0.000e+00
     94.553    14.2267   4.274597    35.5055        852     3.5458  0.000e+00
     94.654    14.2275   4.274433    35.5033        853     3.5500  0.000e+00
     94.757    14.2275   4.274453    35.5034        854     3.5542  0.000e+00
     94.862    14.2274   4.274391    35.5029        855     3.5583  0.000e+00
     94.965    14.2270   4.274653    35.5056        856     3.5625  0.000e+00
     95.079    14.2275   4.275993    35.5175        857     3.5667  0.000e+00
     95.185    14.2304   4.276556    35.5200        858     3.5708  0.000e+00
     95.299    14.2344   4.276769    35.5184        859     3.5750  0.000e+00
     95.418    14.2372   4.277567    35.5231        860     3.5792  0.000e+00
     95.471    14.2407   4.278110    35.5249        861     3.5833  0.000e+00
     95.464    14.2441   4.278426    35.5247        862     3.5875  0.000e+00
     95.451    14.2471   4.278852    35.5260        863     3.5917  0.000e+00
     95.402    14.2497   4.278556    35.5208        864     3.5958  0.000e+00
     95.313    14.2508   4.277470    35.5097        865     3.6000  0.000e+00
     95.243    14.2489   4.277147    35.5085        866     3.6042  0.000e+00
     95.192    14.2466   4.276955    35.5089        867     3.6083  0.000e+00
     95.150    14.2445   4.276879    35.5101        868     3.6125  0.000e+00
     95.112    14.2430   4.277106    35.5136        869     3.6167  0.000e+00
     95.081    14.2421   4.276824    35.5118        870     3.6208  0.000e+00
     95.047    14.2416   4.276900    35.5130        871     3.6250  0.000e+00
     95.013    14.2414   4.276824    35.5125        872     3.6292  0.000e+00
     94.985    14.2411   4.276261    35.5076        873     3.6333  0.000e+00
     94.955    14.2397   4.275477    35.5016        874     3.6375  0.000e+00
     94.922    14.2371   4.274384    35.4938        875     3.6417  0.000e+00
     94.889    14.2331   4.274446    35.4981        876     3.6458  0.000e+00
     94.844    14.2299   4.276508    35.5203        877     3.6500  0.000e+00
     94.799    14.2319   4.278199    35.5341        878     3.6542  0.000e+00
     94.746    14.2379   4.277917    35.5260        879     3.6583  0.000e+00
     94.690    14.2424   4.276212    35.5060        880     3.6625  0.000e+00
     94.634    14.2418   4.275992    35.5046        881     3.6667  0.000e+00
     94.567    14.2394   4.275491    35.5022        882     3.6708  0.000e+00
     94.504    14.2361   4.274467    35.4956        883     3.6750  0.000e+00
     94.430    14.2324   4.274453    35.4990        884     3.6792  0.000e+00
     94.352    14.2295   4.274776    35.5047        885     3.6833  0.000e+00
     94.271    14.2282   4.274261    35.5011        886     3.6875  0.000e+00
     94.188    14.2267   4.273147    35.4922        887     3.6917  0.000e+00
     94.099    14.2237   4.271959    35.4840        888     3.6958  0.000e+00
     94.016    14.2187   4.270530    35.4753        889     3.7000  0.000e+00
     93.931    14.2124   4.271162    35.4870        890     3.7042  0.000e+00
     93.844    14.2086   4.271320    35.4920        891     3.7083  0.000e+00
     93.763    14.2074   4.268579    35.4677        892     3.7125  0.000e+00
     93.678    14.2010   4.267645    35.4649        893     3.7167  0.000e+00
     93.594    14.1933   4.267330    35.4690        894     3.7208  0.000e+00
     93.509    14.1883   4.267082    35.4714        895     3.7250  0.000e+00
     93.424    14.1839   4.265084    35.4569        896     3.7292  0.000e+00
     93.343    14.1782   4.263622    35.4486        897     3.7333  0.000e+00
     93.261    14.1705   4.263094    35.4508        898     3.7375  0.000e+00
     93.180    14.1635   4.263080    35.4572        899     3.7417  0.000e+00
     93.104    14.1588   4.259724    35.4303        900     3.7458  0.000e+00
     93.026    14.1500   4.255381    35.3980        901     3.7500  0.000e+00
     92.957    14.1326   4.250883    35.3721        902     3.7542  0.000e+00
     92.891    14.1103   4.246901    35.3555        903     3.7583  0.000e+00
     92.823    14.0864   4.243489    35.3457        904     3.7625  0.000e+00
     92.773    14.0625   4.242365    35.3572        905     3.7667  0.000e+00
     92.720    14.0455   4.241359    35.3634        906     3.7708  0.000e+00
     92.673    14.0324   4.240345    35.3661        907     3.7750  0.000e+00
     92.626    14.0230   4.240893    35.3798        908     3.7792  0.000e+00
     92.583    14.0177   4.239167    35.3686        909     3.7833  0.000e+00
     92.534    14.0110   4.237914    35.3631        910     3.7875  0.000e+00
     92.487    14.0036   4.239263    35.3825        911     3.7917  0.000e+00
     92.449    14.0012   4.238818    35.3806        912     3.7958  0.000e+00
     92.402    14.0001   4.238188    35.3758        913     3.8000  0.000e+00
     92.357    13.9973   4.234614    35.3450        914     3.8042  0.000e+00
     92.312    13.9891   4.234122    35.3480        915     3.8083  0.000e+00
     92.264    13.9806   4.233033    35.3456        916     3.8125  0.000e+00
     92.210    13.9725   4.231672    35.3403        917     3.8167  0.000e+00
     92.159    13.9638   4.229715    35.3301        918     3.8208  0.000e+00
     92.103    13.9540   4.229400    35.3362        919     3.8250  0.000e+00
     92.051    13.9458   4.227033    35.3217        920     3.8292  0.000e+00
     91.991    13.9364   4.224216    35.3040        921     3.8333  0.000e+00
     91.926    13.9237   4.221508    35.2903        922     3.8375  0.000e+00
     91.855    13.9088   4.216348    35.2558        923     3.8417  0.000e+00
     91.781    13.8876   4.211170    35.2268        924     3.8458  0.000e+00
     91.701    13.8605   4.210529    35.2458        925     3.8500  0.000e+00
     91.624    13.8403   4.210502    35.2641        926     3.8542  0.000e+00
     91.531    13.8283   4.210365    35.2739        927     3.8583  0.000e+00
     91.439    13.8211   4.210147    35.2785        928     3.8625  0.000e+00
     91.339    13.8166   4.210099    35.2823        929     3.8667  0.000e+00
     91.240    13.8142   4.209846    35.2822        930     3.8708  0.000e+00
     91.135    13.8121   4.209764    35.2834        931     3.8750  0.000e+00
     91.028    13.8107   4.209641    35.2835        932     3.8792  0.000e+00
     90.915    13.8095   4.209491    35.2833        933     3.8833  0.000e+00
     90.806    13.8085   4.209252    35.2820        934     3.8875  0.000e+00
     90.687    13.8073   4.209286    35.2835        935     3.8917  0.000e+00
     90.573    13.8068   4.209204    35.2833        936     3.8958  0.000e+00
     90.457    13.8062   4.209238    35.2841        937     3.9000  0.000e+00
     90.329    13.8059   4.209279    35.2848        938     3.9042  0.000e+00
     90.202    13.8058   4.208474    35.2775        939     3.9083  0.000e+00
     90.077    13.8042   4.206746    35.2628        940     3.9125  0.000e+00
     89.958    13.7991   4.205620    35.2570        941     3.9167  0.000e+00
     89.833    13.7926   4.205149    35.2586        942     3.9208  0.000e+00
     89.714    13.7873   4.205040    35.2625        943     3.9250  0.000e+00
     89.594    13.7839   4.204746    35.2629        944     3.9292  0.000e+00
     89.477    13.7821   4.205115    35.2681        945     3.9333  0.000e+00
     89.364    13.7818   4.204951    35.2668        946     3.9375  0.000e+00
     89.251    13.7823   4.205128    35.2682        947     3.9417  0.000e+00
     89.140    13.7827   4.205210    35.2686        948     3.9458  0.000e+00
     89.028    13.7832   4.205074    35.2669        949     3.9500  0.000e+00
     88.921    13.7830   4.205449    35.2706        950     3.9542  0.000e+00
     88.807    13.7845   4.204999    35.2651        951     3.9583  0.000e+00
     88.691    13.7841   4.205353    35.2688        952     3.9625  0.000e+00
     88.576    13.7846   4.206391    35.2782        953     3.9667  0.000e+00
     88.460    13.7882   4.206288    35.2739        954     3.9708  0.000e+00
     88.327    13.7910   4.207121    35.2792        955     3.9750  0.000e+00
     88.201    13.7950   4.206698    35.2716        956     3.9792  0.000e+00
     88.073    13.7986   4.206513    35.2667        957     3.9833  0.000e+00
     87.941    13.7991   4.206370    35.2648        958     3.9875  0.000e+00
     87.800    13.7992   4.206288    35.2641        959     3.9917  0.000e+00
     87.668    13.7991   4.206465    35.2659        960     3.9958  0.000e+00
     87.530    13.7993   4.206418    35.2653        961     4.0000  0.000e+00
     87.396    13.7994   4.201456    35.2187        962     4.0042  0.000e+00
     87.250    13.7897   4.198161    35.1968        963     4.0083  0.000e+00
     87.102    13.7724   4.199068    35.2213        964     4.0125  0.000e+00
     86.950    13.7619   4.200992    35.2491        965     4.0167  0.000e+00
     86.810    13.7602   4.202084    35.2610        966     4.0208  0.000e+00
     86.677    13.7627   4.197493    35.2156        967     4.0250  0.000e+00
     86.545    13.7572   4.196968    35.2158        968     4.0292  0.000e+00
     86.416    13.7486   4.196020    35.2149        969     4.0333  0.000e+00
     86.290    13.7401   4.195147    35.2146        970     4.0375  0.000e+00
     86.167    13.7329   4.192747    35.1987        971     4.0417  0.000e+00
     86.049    13.7223   4.190573    35.1881        972     4.0458  0.000e+00
     85.926    13.7100   4.191534    35.2084        973     4.0500  0.000e+00
     85.806    13.7030   4.191009    35.2100        974     4.0542  0.000e+00
     85.683    13.6985   4.189707    35.2020        975     4.0583  0.000e+00
     85.555    13.6930   4.189564    35.2057        976     4.0625  0.000e+00
     85.430    13.6887   4.189898    35.2129        977     4.0667  0.000e+00
     85.296    13.6864   4.189646    35.2127        978     4.0708  0.000e+00
     85.157    13.6849   4.189544    35.2132        979     4.0750  0.000e+00
     85.012    13.6837   4.188910    35.2084        980     4.0792  0.000e+00
     84.878    13.6818   4.187097    35.1932        981     4.0833  0.000e+00
     84.726    13.6762   4.185490    35.1833        982     4.0875  0.000e+00
     84.585    13.6680   4.186007    35.1957        983     4.0917  0.000e+00
     84.442    13.6623   4.187247    35.2127        984     4.0958  0.000e+00
     84.299    13.6620   4.186866    35.2094        985     4.1000  0.000e+00
     84.156    13.6631   4.187097    35.2107        986     4.1042  0.000e+00
     84.022    13.6635   4.186668    35.2063        987     4.1083  0.000e+00
     83.892    13.6632   4.185612    35.1967        988     4.1125  0.000e+00
     83.757    13.6606   4.185408    35.1973        989     4.1167  0.000e+00
     83.628    13.6575   4.184842    35.1948        990     4.1208  0.000e+00
     83.498    13.6540   4.182057    35.1719        991     4.1250  0.000e+00
     83.364    13.6463   4.181219    35.1712        992     4.1292  0.000e+00
     83.239    13.6375   4.178857    35.1571        993     4.1333  0.000e+00
     83.111    13.6264   4.178503    35.1640        994     4.1375  0.000e+00
     82.982    13.6179   4.177550    35.1630        995     4.1417  0.000e+00
     82.859    13.6097   4.173242    35.1300        996     4.1458  0.000e+00
     82.729    13.5961   4.169813    35.1103        997     4.1500  0.000e+00
     82.599    13.5796   4.169133    35.1191        998     4.1542  0.000e+00
     82.463    13.5655   4.169480    35.1354        999     4.1583  0.000e+00
     82.325    13.5572   4.168433    35.1332       1000     4.1625  0.000e+00
     82.190    13.5510   4.167903    35.1340       1001     4.1667  0.000e+00
     82.049    13.5457   4.168039    35.1402       1002     4.1708  0.000e+00
     81.904    13.5426   4.167957    35.1423       1003     4.1750  0.000e+00
     81.752    13.5408   4.167427    35.1391       1004     4.1792  0.000e+00
     81.606    13.5389   4.166869    35.1357       1005     4.1833  0.000e+00
     81.455    13.5363   4.167175    35.1409       1006     4.1875  0.000e+00
     81.303    13.5350   4.166672    35.1375       1007     4.1917  0.000e+00
     81.155    13.5334   4.166508    35.1375       1008     4.1958  0.000e+00
     81.009    13.5318   4.166270    35.1368       1009     4.2000  0.000e+00
     80.857    13.5304   4.164170    35.1184       1010     4.2042  0.000e+00
     80.716    13.5254   4.161865    35.1012       1011     4.2083  0.000e+00
     80.578    13.5163   4.161512    35.1064       1012     4.2125  0.000e+00
     80.442    13.5087   4.161566    35.1139       1013     4.2167  0.000e+00
     80.309    13.5040   4.160962    35.1126       1014     4.2208  0.000e+00
     80.180    13.5006   4.162192    35.1274       1015     4.2250  0.000e+00
     80.050    13.5002   4.162389    35.1297       1016     4.2292  0.000e+00
     79.931    13.5017   4.162708    35.1314       1017     4.2333  0.000e+00
     79.811    13.5033   4.162593    35.1289       1018     4.2375  0.000e+00
     79.692    13.5040   4.161661    35.1194       1019     4.2417  0.000e+00
     79.567    13.5027   4.161702    35.1211       1020     4.2458  0.000e+00
     79.456    13.5015   4.161913    35.1243       1021     4.2500  0.000e+00
     79.337    13.5011   4.161464    35.1204       1022     4.2542  0.000e+00
     79.229    13.5001   4.160193    35.1093       1023     4.2583  0.000e+00
     79.118    13.4968   4.159786    35.1086       1024     4.2625  0.000e+00
     79.008    13.4933   4.159860    35.1126       1025     4.2667  0.000e+00
     78.894    13.4913   4.160098    35.1167       1026     4.2708  0.000e+00
     78.785    13.4903   4.160064    35.1173       1027     4.2750  0.000e+00
     78.670    13.4899   4.159459    35.1121       1028     4.2792  0.000e+00
     78.549    13.4887   4.159242    35.1112       1029     4.2833  0.000e+00
     78.435    13.4869   4.159609    35.1164       1030     4.2875  0.000e+00
     78.304    13.4864   4.159758    35.1183       1031     4.2917  0.000e+00
     78.183    13.4871   4.159038    35.1109       1032     4.2958  0.000e+00
     78.051    13.4860   4.158617    35.1080       1033     4.3000  0.000e+00
     77.932    13.4841   4.158460    35.1083       1034     4.3042  0.000e+00
     77.794    13.4822   4.157584    35.1019       1035     4.3083  0.000e+00
