HB2303/sbe028.cnv
* Sea-Bird SBE 19plus V2 Data File:
* FileName = C:\cruise\data\sbe028.hex
* Software Version Seasave V 7.26.7.121
* Temperature SN = 6128
* Conductivity SN = 6128
* System UpLoad Time = Aug 11 2023 09:47:55
* NMEA Latitude = 37 07.50 N
* NMEA Longitude = 075 36.59 W
* NMEA UTC (Time) = Aug 11 2023 09:47:50
** Ship: Henry Bigelow
** Cruise:  HB2303
** Program:  ECOMON
# nquan = 7
# nvalues = 1191                                  
# units = specified
# name 0 = depSM: Depth [salt water, m]
# name 1 = tv290C: Temperature [ITS-90, deg C]
# name 2 = c0S/m: Conductivity [S/m]
# name 3 = sal00: Salinity, Practical [PSU]
# name 4 = scan: Scan Count
# name 5 = timeM: Time, Elapsed [minutes]
# name 6 = flag:  0.000e+00
# span 0 =     -0.200,     13.942                 
# span 1 =    15.8474,    24.0928                 
# span 2 =   0.000377,   4.471960                 
# span 3 =     0.0119,    32.8395                 
# span 4 =         11,       1201                 
# span 5 =     0.0417,     5.0000                 
# span 6 = 0.0000e+00, 0.0000e+00                 
# interval = seconds: 0.25
# start_time = Aug 11 2023 09:47:50 [NMEA time, header]
# bad_flag = -9.990e-29
*END*
     -0.112    23.8141   0.000395     0.0119         11     0.0417  0.000e+00
     -0.112    23.8143   0.000395     0.0119         12     0.0458  0.000e+00
     -0.110    23.8144   0.000395     0.0119         13     0.0500  0.000e+00
     -0.110    23.8143   0.000395     0.0119         14     0.0542  0.000e+00
     -0.112    23.8139   0.000395     0.0119         15     0.0583  0.000e+00
     -0.110    23.8141   0.000395     0.0119         16     0.0625  0.000e+00
     -0.110    23.8143   0.000395     0.0119         17     0.0667  0.000e+00
     -0.110    23.8136   0.000395     0.0119         18     0.0708  0.000e+00
     -0.110    23.8135   0.000389     0.0119         19     0.0750  0.000e+00
     -0.108    23.8135   0.000389     0.0119         20     0.0792  0.000e+00
     -0.108    23.8135   0.000395     0.0119         21     0.0833  0.000e+00
     -0.112    23.8136   0.000395     0.0119         22     0.0875  0.000e+00
     -0.112    23.8128   0.000398     0.0120         23     0.0917  0.000e+00
     -0.114    23.8126   0.000395     0.0119         24     0.0958  0.000e+00
     -0.112    23.8122   0.000389     0.0119         25     0.1000  0.000e+00
     -0.112    23.8122   0.000389     0.0119         26     0.1042  0.000e+00
     -0.106    23.8118   0.000398     0.0120         27     0.1083  0.000e+00
     -0.108    23.8115   0.000389     0.0119         28     0.1125  0.000e+00
     -0.112    23.8112   0.000401     0.0120         29     0.1167  0.000e+00
     -0.108    23.8106   0.000398     0.0120         30     0.1208  0.000e+00
     -0.106    23.8105   0.000395     0.0119         31     0.1250  0.000e+00
     -0.110    23.8103   0.000395     0.0119         32     0.1292  0.000e+00
     -0.114    23.8105   0.000398     0.0120         33     0.1333  0.000e+00
     -0.115    23.8103   0.000395     0.0119         34     0.1375  0.000e+00
     -0.108    23.8101   0.000389     0.0119         35     0.1417  0.000e+00
     -0.110    23.8101   0.000395     0.0119         36     0.1458  0.000e+00
     -0.112    23.8099   0.000389     0.0119         37     0.1500  0.000e+00
     -0.112    23.8102   0.000389     0.0119         38     0.1542  0.000e+00
     -0.097    23.8098   0.000389     0.0119         39     0.1583  0.000e+00
     -0.108    23.8096   0.000395     0.0119         40     0.1625  0.000e+00
     -0.106    23.8095   0.000395     0.0119         41     0.1667  0.000e+00
     -0.115    23.8094   0.000389     0.0119         42     0.1708  0.000e+00
     -0.112    23.8092   0.000395     0.0119         43     0.1750  0.000e+00
     -0.112    23.8084   0.000395     0.0119         44     0.1792  0.000e+00
     -0.112    23.8087   0.000395     0.0119         45     0.1833  0.000e+00
     -0.114    23.8085   0.000389     0.0119         46     0.1875  0.000e+00
     -0.117    23.8083   0.000389     0.0119         47     0.1917  0.000e+00
     -0.112    23.8079   0.000395     0.0119         48     0.1958  0.000e+00
     -0.112    23.8077   0.000395     0.0119         49     0.2000  0.000e+00
     -0.112    23.8073   0.000395     0.0119         50     0.2042  0.000e+00
     -0.112    23.8074   0.000389     0.0119         51     0.2083  0.000e+00
     -0.114    23.8077   0.000395     0.0119         52     0.2125  0.000e+00
     -0.110    23.8073   0.000395     0.0119         53     0.2167  0.000e+00
     -0.114    23.8069   0.000395     0.0119         54     0.2208  0.000e+00
     -0.112    23.8072   0.000389     0.0119         55     0.2250  0.000e+00
     -0.110    23.8072   0.000383     0.0119         56     0.2292  0.000e+00
     -0.115    23.8072   0.000389     0.0119         57     0.2333  0.000e+00
     -0.110    23.8069   0.000395     0.0119         58     0.2375  0.000e+00
     -0.115    23.8068   0.000395     0.0119         59     0.2417  0.000e+00
     -0.115    23.8066   0.000395     0.0119         60     0.2458  0.000e+00
     -0.112    23.8067   0.000389     0.0119         61     0.2500  0.000e+00
     -0.114    23.8068   0.000398     0.0119         62     0.2542  0.000e+00
     -0.114    23.8069   0.000395     0.0119         63     0.2583  0.000e+00
     -0.117    23.8067   0.000401     0.0120         64     0.2625  0.000e+00
     -0.112    23.8066   0.000389     0.0119         65     0.2667  0.000e+00
     -0.112    23.8062   0.000389     0.0119         66     0.2708  0.000e+00
     -0.114    23.8062   0.000401     0.0120         67     0.2750  0.000e+00
     -0.110    23.8063   0.000401     0.0120         68     0.2792  0.000e+00
     -0.115    23.8066   0.000389     0.0119         69     0.2833  0.000e+00
     -0.115    23.8066   0.000395     0.0119         70     0.2875  0.000e+00
     -0.113    23.8068   0.000389     0.0119         71     0.2917  0.000e+00
     -0.114    23.8068   0.000398     0.0119         72     0.2958  0.000e+00
     -0.117    23.8071   0.000401     0.0120         73     0.3000  0.000e+00
     -0.119    23.8070   0.000401     0.0120         74     0.3042  0.000e+00
     -0.117    23.8068   0.000389     0.0119         75     0.3083  0.000e+00
     -0.115    23.8068   0.000383     0.0119         76     0.3125  0.000e+00
     -0.115    23.8068   0.000395     0.0119         77     0.3167  0.000e+00
     -0.117    23.8067   0.000395     0.0119         78     0.3208  0.000e+00
     -0.114    23.8068   0.000395     0.0119         79     0.3250  0.000e+00
     -0.117    23.8067   0.000389     0.0119         80     0.3292  0.000e+00
     -0.119    23.8066   0.000389     0.0119         81     0.3333  0.000e+00
     -0.117    23.8062   0.000395     0.0119         82     0.3375  0.000e+00
     -0.115    23.8059   0.000395     0.0119         83     0.3417  0.000e+00
     -0.115    23.8059   0.000395     0.0119         84     0.3458  0.000e+00
     -0.115    23.8055   0.000389     0.0119         85     0.3500  0.000e+00
     -0.115    23.8054   0.000389     0.0119         86     0.3542  0.000e+00
     -0.112    23.8055   0.000395     0.0119         87     0.3583  0.000e+00
     -0.115    23.8046   0.000395     0.0119         88     0.3625  0.000e+00
     -0.112    23.8046   0.000395     0.0119         89     0.3667  0.000e+00
     -0.115    23.8045   0.000395     0.0119         90     0.3708  0.000e+00
     -0.119    23.8039   0.000395     0.0119         91     0.3750  0.000e+00
     -0.119    23.8035   0.000395     0.0119         92     0.3792  0.000e+00
     -0.114    23.8032   0.000389     0.0119         93     0.3833  0.000e+00
     -0.117    23.8026   0.000395     0.0119         94     0.3875  0.000e+00
     -0.115    23.8019   0.000395     0.0119         95     0.3917  0.000e+00
     -0.114    23.8010   0.000395     0.0119         96     0.3958  0.000e+00
     -0.117    23.8009   0.000395     0.0119         97     0.4000  0.000e+00
     -0.119    23.8002   0.000395     0.0119         98     0.4042  0.000e+00
     -0.117    23.8000   0.000389     0.0119         99     0.4083  0.000e+00
     -0.119    23.7995   0.000395     0.0119        100     0.4125  0.000e+00
     -0.115    23.7997   0.000395     0.0119        101     0.4167  0.000e+00
     -0.117    23.7998   0.000395     0.0119        102     0.4208  0.000e+00
     -0.107    23.8010   0.000377     0.0119        103     0.4250  0.000e+00
     -0.105    23.8019   1.831710    11.1173        104     0.4292  0.000e+00
     -0.108    23.8238   1.485567     8.8521        105     0.4333  0.000e+00
     -0.106    23.8719   1.915181    11.6516        106     0.4375  0.000e+00
     -0.038    23.8915   3.343737    21.4468        107     0.4417  0.000e+00
      0.038    23.8932   3.272452    20.9420        108     0.4458  0.000e+00
      0.073    23.8899   4.257500    28.0343        109     0.4500  0.000e+00
      0.029    23.8874   3.580507    23.1333        110     0.4542  0.000e+00
     -0.013    23.8878   3.883270    25.3101        111     0.4583  0.000e+00
      0.008    23.8967   3.184745    20.3224        112     0.4625  0.000e+00
      0.085    23.9084   4.440055    29.3655        113     0.4667  0.000e+00
      0.134    23.9097   4.446759    29.4141        114     0.4708  0.000e+00
      0.105    23.9053   4.446577    29.4156        115     0.4750  0.000e+00
      0.073    23.9005   4.446578    29.4188        116     0.4792  0.000e+00
      0.114    23.8973   4.443965    29.4016        117     0.4833  0.000e+00
      0.205    23.8955   4.443344    29.3982        118     0.4875  0.000e+00
      0.264    23.8968   4.424234    29.2563        119     0.4917  0.000e+00
      0.335    23.9022   4.419996    29.2214        120     0.4958  0.000e+00
      0.405    23.9077   4.442673    29.3851        121     0.5000  0.000e+00
      0.486    23.9115   4.442331    29.3801        122     0.5042  0.000e+00
      0.551    23.9138   4.442101    29.3768        123     0.5083  0.000e+00
      0.591    23.9147   4.441815    29.3741        124     0.5125  0.000e+00
      0.629    23.9163   4.441451    29.3704        125     0.5167  0.000e+00
      0.663    23.9165   4.441249    29.3688        126     0.5208  0.000e+00
      0.709    23.9159   4.441116    29.3682        127     0.5250  0.000e+00
      0.764    23.9151   4.440991    29.3677        128     0.5292  0.000e+00
      0.797    23.9156   4.440649    29.3649        129     0.5333  0.000e+00
      0.811    23.9180   4.440111    29.3593        130     0.5375  0.000e+00
      0.844    23.9193   4.439643    29.3550        131     0.5417  0.000e+00
      0.876    23.9205   4.439336    29.3520        132     0.5458  0.000e+00
      0.907    23.9228   4.439071    29.3485        133     0.5500  0.000e+00
      0.952    23.9246   4.438917    29.3461        134     0.5542  0.000e+00
      1.010    23.9266   4.438659    29.3429        135     0.5583  0.000e+00
      1.068    23.9282   4.438505    29.3407        136     0.5625  0.000e+00
      1.104    23.9298   4.438345    29.3385        137     0.5667  0.000e+00
      1.175    23.9318   4.431737    29.2884        138     0.5708  0.000e+00
      1.236    23.9337   4.437989    29.3333        139     0.5750  0.000e+00
      1.279    23.9353   4.437598    29.3293        140     0.5792  0.000e+00
      1.321    23.9369   4.437368    29.3265        141     0.5833  0.000e+00
      1.368    23.9383   4.437444    29.3262        142     0.5875  0.000e+00
      1.406    23.9388   4.437368    29.3253        143     0.5917  0.000e+00
      1.433    23.9395   4.437417    29.3251        144     0.5958  0.000e+00
      1.453    23.9399   4.437444    29.3251        145     0.6000  0.000e+00
      1.464    23.9401   4.437500    29.3254        146     0.6042  0.000e+00
      1.489    23.9397   4.437703    29.3271        147     0.6083  0.000e+00
      1.518    23.9392   4.437884    29.3288        148     0.6125  0.000e+00
      1.549    23.9395   4.437884    29.3286        149     0.6167  0.000e+00
      1.594    23.9399   4.438017    29.3293        150     0.6208  0.000e+00
      1.641    23.9408   4.438094    29.3292        151     0.6250  0.000e+00
      1.691    23.9429   4.438073    29.3277        152     0.6292  0.000e+00
      1.733    23.9458   4.438170    29.3265        153     0.6333  0.000e+00
      1.789    23.9486   4.438275    29.3254        154     0.6375  0.000e+00
      1.867    23.9510   4.438457    29.3251        155     0.6417  0.000e+00
      1.932    23.9535   4.438505    29.3238        156     0.6458  0.000e+00
      1.998    23.9559   4.438477    29.3221        157     0.6500  0.000e+00
      2.065    23.9587   4.438429    29.3199        158     0.6542  0.000e+00
      2.131    23.9608   4.438373    29.3181        159     0.6583  0.000e+00
      2.197    23.9624   4.438429    29.3174        160     0.6625  0.000e+00
      2.266    23.9637   4.438457    29.3167        161     0.6667  0.000e+00
      2.327    23.9642   4.438582    29.3173        162     0.6708  0.000e+00
      2.383    23.9644   4.438638    29.3175        163     0.6750  0.000e+00
      2.437    23.9647   4.438792    29.3184        164     0.6792  0.000e+00
      2.477    23.9651   4.438868    29.3187        165     0.6833  0.000e+00
      2.511    23.9654   4.438868    29.3185        166     0.6875  0.000e+00
      2.545    23.9654   4.438855    29.3184        167     0.6917  0.000e+00
      2.569    23.9654   4.438945    29.3191        168     0.6958  0.000e+00
      2.585    23.9659   4.439071    29.3197        169     0.7000  0.000e+00
      2.605    23.9662   4.439204    29.3205        170     0.7042  0.000e+00
      2.628    23.9665   4.439357    29.3214        171     0.7083  0.000e+00
      2.655    23.9675   4.439490    29.3217        172     0.7125  0.000e+00
      2.684    23.9688   4.439539    29.3212        173     0.7167  0.000e+00
      2.718    23.9695   4.439776    29.3225        174     0.7208  0.000e+00
      2.753    23.9717   4.439776    29.3211        175     0.7250  0.000e+00
      2.789    23.9745   4.439853    29.3198        176     0.7292  0.000e+00
      2.827    23.9776   4.439902    29.3181        177     0.7333  0.000e+00
      2.872    23.9796   4.439978    29.3173        178     0.7375  0.000e+00
      2.917    23.9806   4.440006    29.3168        179     0.7417  0.000e+00
      2.969    23.9820   4.440160    29.3170        180     0.7458  0.000e+00
      3.025    23.9829   4.440237    29.3170        181     0.7500  0.000e+00
      3.074    23.9837   4.440390    29.3176        182     0.7542  0.000e+00
      3.132    23.9839   4.440600    29.3190        183     0.7583  0.000e+00
      3.188    23.9837   4.440670    29.3196        184     0.7625  0.000e+00
      3.246    23.9843   4.440781    29.3200        185     0.7667  0.000e+00
      3.299    23.9850   4.440886    29.3203        186     0.7708  0.000e+00
      3.367    23.9861   4.441012    29.3205        187     0.7750  0.000e+00
      3.425    23.9872   4.441172    29.3210        188     0.7792  0.000e+00
      3.485    23.9881   4.441354    29.3217        189     0.7833  0.000e+00
      3.550    23.9891   4.441528    29.3223        190     0.7875  0.000e+00
      3.615    23.9909   4.441661    29.3221        191     0.7917  0.000e+00
      3.677    23.9937   4.441766    29.3210        192     0.7958  0.000e+00
      3.738    23.9965   4.441815    29.3195        193     0.8000  0.000e+00
      3.796    23.9994   4.441871    29.3180        194     0.8042  0.000e+00
      3.850    24.0012   4.441871    29.3168        195     0.8083  0.000e+00
      3.908    24.0027   4.441947    29.3164        196     0.8125  0.000e+00
      3.966    24.0033   4.441968    29.3161        197     0.8167  0.000e+00
      4.018    24.0045   4.441919    29.3150        198     0.8208  0.000e+00
      4.076    24.0057   4.441919    29.3142        199     0.8250  0.000e+00
      4.127    24.0061   4.441968    29.3143        200     0.8292  0.000e+00
      4.179    24.0063   4.441947    29.3140        201     0.8333  0.000e+00
      4.228    24.0071   4.441947    29.3134        202     0.8375  0.000e+00
      4.269    24.0074   4.441968    29.3134        203     0.8417  0.000e+00
      4.314    24.0082   4.441968    29.3128        204     0.8458  0.000e+00
      4.345    24.0094   4.441996    29.3122        205     0.8500  0.000e+00
      4.374    24.0104   4.441947    29.3112        206     0.8542  0.000e+00
      4.397    24.0109   4.441996    29.3113        207     0.8583  0.000e+00
      4.415    24.0106   4.441996    29.3114        208     0.8625  0.000e+00
      4.435    24.0104   4.442024    29.3118        209     0.8667  0.000e+00
      4.448    24.0101   4.442052    29.3122        210     0.8708  0.000e+00
      4.478    24.0101   4.442073    29.3123        211     0.8750  0.000e+00
      4.509    24.0108   4.442129    29.3123        212     0.8792  0.000e+00
      4.547    24.0113   4.442206    29.3125        213     0.8833  0.000e+00
      4.594    24.0116   4.442255    29.3126        214     0.8875  0.000e+00
      4.650    24.0124   4.442332    29.3127        215     0.8917  0.000e+00
