HB2303/sbe095.cnv
* Sea-Bird SBE 19plus V2 Data File:
* FileName = C:\cruise\data\sbe095.hex
* Software Version Seasave V 7.26.7.121
* Temperature SN = 6128
* Conductivity SN = 6128
* System UpLoad Time = Aug 17 2023 22:48:02
* NMEA Latitude = 41 45.62 N
* NMEA Longitude = 067 11.17 W
* NMEA UTC (Time) = Aug 17 2023 22:47:58
** Ship: Henry Bigelow
** Cruise:  HB2303
** Program:  ECOMON
# nquan = 7
# nvalues = 1161                                  
# units = specified
# name 0 = depSM: Depth [salt water, m]
# name 1 = tv290C: Temperature [ITS-90, deg C]
# name 2 = c0S/m: Conductivity [S/m]
# name 3 = sal00: Salinity, Practical [PSU]
# name 4 = scan: Scan Count
# name 5 = timeM: Time, Elapsed [minutes]
# name 6 = flag:  0.000e+00
# span 0 =     -0.049,     49.586                 
# span 1 =    16.8871,    17.8476                 
# span 2 =   0.002152,   4.197223                 
# span 3 =     0.0174,    32.4090                 
# span 4 =         11,       1171                 
# span 5 =     0.0417,     4.8750                 
# span 6 = 0.0000e+00, 0.0000e+00                 
# interval = seconds: 0.25
# start_time = Aug 17 2023 22:47:58 [NMEA time, header]
# bad_flag = -9.990e-29
*END*
[from data line 206]
     12.117    16.9146   4.173325    32.3171        217     0.9000  0.000e+00
     12.316    16.9141   4.172828    32.3132        218     0.9042  0.000e+00
     12.523    16.9132   4.172420    32.3103        219     0.9083  0.000e+00
     12.740    16.9125   4.172121    32.3082        220     0.9125  0.000e+00
     12.958    16.9117   4.171822    32.3062        221     0.9167  0.000e+00
     13.182    16.9111   4.171795    32.3063        222     0.9208  0.000e+00
     13.400    16.9107   4.171720    32.3059        223     0.9250  0.000e+00
     13.607    16.9105   4.171564    32.3047        224     0.9292  0.000e+00
     13.817    16.9100   4.171496    32.3044        225     0.9333  0.000e+00
     14.010    16.9100   4.171469    32.3041        226     0.9375  0.000e+00
     14.198    16.9096   4.171659    32.3060        227     0.9417  0.000e+00
     14.360    16.9096   4.171768    32.3069        228     0.9458  0.000e+00
     14.505    16.9094   4.171748    32.3068        229     0.9500  0.000e+00
     14.631    16.9093   4.172040    32.3093        230     0.9542  0.000e+00
     14.737    16.9092   4.172401    32.3126        231     0.9583  0.000e+00
     14.824    16.9095   4.172551    32.3136        232     0.9625  0.000e+00
     14.916    16.9093   4.172591    32.3141        233     0.9667  0.000e+00
     15.008    16.9091   4.172700    32.3151        234     0.9708  0.000e+00
     15.094    16.9090   4.172877    32.3167        235     0.9750  0.000e+00
     15.192    16.9088   4.173326    32.3207        236     0.9792  0.000e+00
     15.303    16.9085   4.175136    32.3366        237     0.9833  0.000e+00
     15.424    16.9090   4.177873    32.3597        238     0.9875  0.000e+00
     15.552    16.9095   4.177982    32.3602        239     0.9917  0.000e+00
     15.695    16.9112   4.178056    32.3595        240     0.9958  0.000e+00
     15.851    16.9182   4.177893    32.3524        241     1.0000  0.000e+00
     16.017    16.9301   4.177675    32.3408        242     1.0042  0.000e+00
     16.197    16.9418   4.178206    32.3360        243     1.0083  0.000e+00
     16.380    16.9506   4.178376    32.3303        244     1.0125  0.000e+00
     16.571    16.9552   4.177253    32.3168        245     1.0167  0.000e+00
     16.775    16.9567   4.176321    32.3075        246     1.0208  0.000e+00
     16.985    16.9536   4.174946    32.2981        247     1.0250  0.000e+00
     17.196    16.9467   4.173755    32.2933        248     1.0292  0.000e+00
     17.422    16.9381   4.172640    32.2904        249     1.0333  0.000e+00
     17.642    16.9303   4.171871    32.2900        250     1.0375  0.000e+00
     17.861    16.9234   4.171470    32.2919        251     1.0417  0.000e+00
     18.079    16.9176   4.171300    32.2951        252     1.0458  0.000e+00
     18.285    16.9134   4.171144    32.2970        253     1.0500  0.000e+00
     18.490    16.9103   4.171069    32.2988        254     1.0542  0.000e+00
     18.684    16.9080   4.171062    32.3005        255     1.0583  0.000e+00
     18.866    16.9063   4.170994    32.3012        256     1.0625  0.000e+00
     19.041    16.9054   4.170994    32.3019        257     1.0667  0.000e+00
     19.194    16.9050   4.170845    32.3009        258     1.0708  0.000e+00
     19.333    16.9044   4.170947    32.3021        259     1.0750  0.000e+00
     19.454    16.9044   4.170967    32.3023        260     1.0792  0.000e+00
     19.561    16.9046   4.171206    32.3042        261     1.0833  0.000e+00
     19.656    16.9045   4.171573    32.3074        262     1.0875  0.000e+00
     19.754    16.9044   4.172253    32.3133        263     1.0917  0.000e+00
     19.849    16.9047   4.173886    32.3271        264     1.0958  0.000e+00
     19.945    16.9050   4.175363    32.3396        265     1.1000  0.000e+00
     20.053    16.9054   4.175390    32.3395        266     1.1042  0.000e+00
     20.170    16.9062   4.175567    32.3403        267     1.1083  0.000e+00
     20.297    16.9080   4.175594    32.3391        268     1.1125  0.000e+00
     20.439    16.9112   4.175594    32.3365        269     1.1167  0.000e+00
     20.602    16.9159   4.175785    32.3343        270     1.1208  0.000e+00
     20.773    16.9213   4.176268    32.3341        271     1.1250  0.000e+00
     20.958    16.9259   4.176350    32.3310        272     1.1292  0.000e+00
     21.158    16.9283   4.175139    32.3185        273     1.1333  0.000e+00
     21.370    16.9282   4.173907    32.3079        274     1.1375  0.000e+00
     21.585    16.9259   4.172764    32.2998        275     1.1417  0.000e+00
     21.820    16.9216   4.171825    32.2951        276     1.1458  0.000e+00
     22.043    16.9173   4.171295    32.2938        277     1.1500  0.000e+00
     22.271    16.9137   4.170968    32.2938        278     1.1542  0.000e+00
     22.493    16.9105   4.170771    32.2946        279     1.1583  0.000e+00
     22.703    16.9087   4.170642    32.2948        280     1.1625  0.000e+00
     22.898    16.9072   4.170513    32.2949        281     1.1667  0.000e+00
     23.067    16.9062   4.170472    32.2952        282     1.1708  0.000e+00
     23.219    16.9053   4.170370    32.2950        283     1.1750  0.000e+00
     23.349    16.9044   4.170438    32.2963        284     1.1792  0.000e+00
     23.465    16.9039   4.170921    32.3008        285     1.1833  0.000e+00
     23.582    16.9037   4.172200    32.3120        286     1.1875  0.000e+00
     23.692    16.9037   4.172908    32.3181        287     1.1917  0.000e+00
     23.810    16.9040   4.173058    32.3191        288     1.1958  0.000e+00
     23.938    16.9051   4.173310    32.3203        289     1.2000  0.000e+00
     24.078    16.9073   4.173629    32.3213        290     1.2042  0.000e+00
     24.221    16.9091   4.173684    32.3203        291     1.2083  0.000e+00
     24.390    16.9102   4.173153    32.3147        292     1.2125  0.000e+00
     24.558    16.9114   4.172500    32.3080        293     1.2167  0.000e+00
     24.742    16.9112   4.171976    32.3036        294     1.2208  0.000e+00
     24.934    16.9099   4.171527    32.3007        295     1.2250  0.000e+00
     25.134    16.9086   4.171371    32.3004        296     1.2292  0.000e+00
     25.340    16.9071   4.171323    32.3011        297     1.2333  0.000e+00
     25.548    16.9058   4.171276    32.3016        298     1.2375  0.000e+00
     25.755    16.9047   4.171086    32.3008        299     1.2417  0.000e+00
     25.955    16.9039   4.170773    32.2987        300     1.2458  0.000e+00
     26.139    16.9033   4.170494    32.2967        301     1.2500  0.000e+00
     26.309    16.9024   4.170344    32.2960        302     1.2542  0.000e+00
     26.463    16.9018   4.170317    32.2962        303     1.2583  0.000e+00
     26.602    16.9012   4.170202    32.2956        304     1.2625  0.000e+00
     26.736    16.9011   4.169263    32.2876        305     1.2667  0.000e+00
     26.870    16.9011   4.169420    32.2889        306     1.2708  0.000e+00
     26.993    16.9009   4.169386    32.2887        307     1.2750  0.000e+00
     27.114    16.9008   4.169393    32.2888        308     1.2792  0.000e+00
     27.244    16.9008   4.169393    32.2888        309     1.2833  0.000e+00
     27.366    16.9008   4.169413    32.2889        310     1.2875  0.000e+00
     27.496    16.9007   4.169467    32.2894        311     1.2917  0.000e+00
     27.629    16.9009   4.169468    32.2892        312     1.2958  0.000e+00
     27.777    16.9011   4.169434    32.2887        313     1.3000  0.000e+00
     27.933    16.9011   4.169440    32.2887        314     1.3042  0.000e+00
     28.097    16.9011   4.169468    32.2888        315     1.3083  0.000e+00
     28.278    16.9010   4.169461    32.2888        316     1.3125  0.000e+00
     28.468    16.9012   4.169468    32.2886        317     1.3167  0.000e+00
     28.668    16.9010   4.169441    32.2885        318     1.3208  0.000e+00
     28.885    16.9011   4.169434    32.2883        319     1.3250  0.000e+00
     29.101    16.9009   4.169393    32.2880        320     1.3292  0.000e+00
     29.325    16.9008   4.169366    32.2878        321     1.3333  0.000e+00
     29.554    16.9001   4.169414    32.2886        322     1.3375  0.000e+00
     29.774    16.9002   4.169421    32.2885        323     1.3417  0.000e+00
     29.987    16.9002   4.169496    32.2891        324     1.3458  0.000e+00
     30.191    16.9003   4.169462    32.2887        325     1.3500  0.000e+00
     30.374    16.9003   4.169469    32.2886        326     1.3542  0.000e+00
     30.553    16.9004   4.169571    32.2894        327     1.3583  0.000e+00
     30.713    16.9007   4.169530    32.2887        328     1.3625  0.000e+00
     30.871    16.9007   4.169496    32.2884        329     1.3667  0.000e+00
     31.008    16.9005   4.169442    32.2880        330     1.3708  0.000e+00
     31.142    16.9004   4.169415    32.2878        331     1.3750  0.000e+00
     31.270    16.8998   4.169340    32.2876        332     1.3792  0.000e+00
     31.392    16.8994   4.169292    32.2875        333     1.3833  0.000e+00
     31.506    16.8989   4.169265    32.2876        334     1.3875  0.000e+00
     31.626    16.8985   4.169190    32.2872        335     1.3917  0.000e+00
     31.739    16.8980   4.169190    32.2876        336     1.3958  0.000e+00
     31.855    16.8976   4.169197    32.2880        337     1.4000  0.000e+00
     31.976    16.8972   4.169218    32.2884        338     1.4042  0.000e+00
     32.106    16.8970   4.169245    32.2887        339     1.4083  0.000e+00
     32.238    16.8971   4.169218    32.2884        340     1.4125  0.000e+00
     32.380    16.8970   4.169265    32.2888        341     1.4167  0.000e+00
     32.532    16.8971   4.169293    32.2889        342     1.4208  0.000e+00
     32.709    16.8970   4.169368    32.2896        343     1.4250  0.000e+00
     32.883    16.8974   4.169340    32.2889        344     1.4292  0.000e+00
     33.076    16.8979   4.169395    32.2890        345     1.4333  0.000e+00
     33.280    16.8979   4.169436    32.2892        346     1.4375  0.000e+00
     33.493    16.8983   4.169518    32.2896        347     1.4417  0.000e+00
     33.710    16.8986   4.169620    32.2901        348     1.4458  0.000e+00
     33.935    16.8994   4.169701    32.2901        349     1.4500  0.000e+00
     34.152    16.9001   4.169769    32.2900        350     1.4542  0.000e+00
     34.381    16.9009   4.169824    32.2898        351     1.4583  0.000e+00
     34.594    16.9014   4.169797    32.2891        352     1.4625  0.000e+00
     34.799    16.9016   4.169668    32.2877        353     1.4667  0.000e+00
     34.992    16.9013   4.169620    32.2875        354     1.4708  0.000e+00
     35.171    16.9008   4.169559    32.2873        355     1.4750  0.000e+00
     35.329    16.9003   4.169471    32.2869        356     1.4792  0.000e+00
     35.470    16.8994   4.169294    32.2860        357     1.4833  0.000e+00
     35.584    16.8985   4.169246    32.2863        358     1.4875  0.000e+00
     35.683    16.8973   4.169246    32.2872        359     1.4917  0.000e+00
     35.773    16.8965   4.169199    32.2874        360     1.4958  0.000e+00
     35.869    16.8959   4.169172    32.2876        361     1.5000  0.000e+00
     35.970    16.8954   4.169172    32.2880        362     1.5042  0.000e+00
     36.070    16.8952   4.169172    32.2881        363     1.5083  0.000e+00
     36.178    16.8948   4.169172    32.2884        364     1.5125  0.000e+00
     36.297    16.8947   4.169192    32.2886        365     1.5167  0.000e+00
     36.431    16.8947   4.169104    32.2878        366     1.5208  0.000e+00
     36.577    16.8945   4.169145    32.2882        367     1.5250  0.000e+00
     36.738    16.8945   4.169220    32.2889        368     1.5292  0.000e+00
     36.913    16.8945   4.169295    32.2895        369     1.5333  0.000e+00
     37.095    16.8949   4.169295    32.2890        370     1.5375  0.000e+00
     37.294    16.8953   4.169342    32.2890        371     1.5417  0.000e+00
     37.496    16.8954   4.169315    32.2887        372     1.5458  0.000e+00
     37.702    16.8955   4.169295    32.2884        373     1.5500  0.000e+00
     37.930    16.8956   4.169295    32.2882        374     1.5542  0.000e+00
     38.148    16.8956   4.169315    32.2883        375     1.5583  0.000e+00
     38.370    16.8953   4.169322    32.2885        376     1.5625  0.000e+00
     38.574    16.8954   4.169343    32.2885        377     1.5667  0.000e+00
     38.769    16.8955   4.169343    32.2884        378     1.5708  0.000e+00
     38.960    16.8956   4.169323    32.2880        379     1.5750  0.000e+00
     39.130    16.8954   4.169343    32.2883        380     1.5792  0.000e+00
     39.302    16.8953   4.169343    32.2883        381     1.5833  0.000e+00
     39.468    16.8955   4.169343    32.2881        382     1.5875  0.000e+00
     39.631    16.8952   4.169343    32.2883        383     1.5917  0.000e+00
     39.793    16.8952   4.169343    32.2882        384     1.5958  0.000e+00
     39.949    16.8951   4.169343    32.2883        385     1.6000  0.000e+00
     40.104    16.8949   4.169343    32.2884        386     1.6042  0.000e+00
     40.262    16.8948   4.169316    32.2882        387     1.6083  0.000e+00
     40.421    16.8951   4.169344    32.2881        388     1.6125  0.000e+00
     40.587    16.8947   4.169269    32.2877        389     1.6167  0.000e+00
     40.753    16.8944   4.169371    32.2888        390     1.6208  0.000e+00
     40.923    16.8945   4.169371    32.2886        391     1.6250  0.000e+00
     41.091    16.8947   4.169371    32.2884        392     1.6292  0.000e+00
     41.261    16.8946   4.169371    32.2884        393     1.6333  0.000e+00
     41.424    16.8951   4.169371    32.2880        394     1.6375  0.000e+00
     41.584    16.8949   4.169371    32.2881        395     1.6417  0.000e+00
     41.745    16.8949   4.169371    32.2880        396     1.6458  0.000e+00
     41.892    16.8947   4.169399    32.2884        397     1.6500  0.000e+00
     42.039    16.8947   4.169399    32.2883        398     1.6542  0.000e+00
     42.180    16.8946   4.169392    32.2883        399     1.6583  0.000e+00
     42.320    16.8946   4.169399    32.2883        400     1.6625  0.000e+00
     42.459    16.8947   4.169399    32.2882        401     1.6667  0.000e+00
     42.604    16.8945   4.169372    32.2880        402     1.6708  0.000e+00
     42.748    16.8943   4.169399    32.2884        403     1.6750  0.000e+00
     42.891    16.8945   4.169399    32.2882        404     1.6792  0.000e+00
     43.048    16.8945   4.169440    32.2885        405     1.6833  0.000e+00
     43.209    16.8947   4.169474    32.2885        406     1.6875  0.000e+00
     43.371    16.8946   4.169501    32.2888        407     1.6917  0.000e+00
     43.540    16.8949   4.169488    32.2884        408     1.6958  0.000e+00
     43.721    16.8947   4.169501    32.2886        409     1.7000  0.000e+00
     43.906    16.8950   4.169535    32.2886        410     1.7042  0.000e+00
     44.095    16.8950   4.169522    32.2884        411     1.7083  0.000e+00
     44.283    16.8951   4.169522    32.2882        412     1.7125  0.000e+00
     44.470    16.8951   4.169488    32.2879        413     1.7167  0.000e+00
     44.648    16.8949   4.169522    32.2883        414     1.7208  0.000e+00
     44.833    16.8945   4.169502    32.2883        415     1.7250  0.000e+00
     45.010    16.8947   4.169563    32.2886        416     1.7292  0.000e+00
     45.176    16.8948   4.169577    32.2886        417     1.7333  0.000e+00
     45.340    16.8947   4.169550    32.2884        418     1.7375  0.000e+00
     45.494    16.8948   4.169536    32.2882        419     1.7417  0.000e+00
     45.649    16.8947   4.169550    32.2883        420     1.7458  0.000e+00
