HB2303/sbe066.cnv
* Sea-Bird SBE 19plus V2 Data File:
* FileName = C:\cruise\data\sbe066.hex
* Software Version Seasave V 7.26.7.121
* Temperature SN = 6128
* Conductivity SN = 6128
* System UpLoad Time = Aug 14 2023 19:44:29
* NMEA Latitude = 40 08.83 N
* NMEA Longitude = 070 47.04 W
* NMEA UTC (Time) = Aug 14 2023 19:44:24
** Ship: Henry Bigelow
** Cruise:  HB2303
** Program:  ECOMON
# nquan = 7
# nvalues = 3137                                  
# units = specified
# name 0 = depSM: Depth [salt water, m]
# name 1 = tv290C: Temperature [ITS-90, deg C]
# name 2 = c0S/m: Conductivity [S/m]
# name 3 = sal00: Salinity, Practical [PSU]
# name 4 = scan: Scan Count
# name 5 = timeM: Time, Elapsed [minutes]
# name 6 = flag:  0.000e+00
# span 0 =     -0.242,    128.843                 
# span 1 =    11.1800,    26.9168                 
# span 2 =   0.002131,   5.374908                 
# span 3 =     0.0185,    35.7746                 
# span 4 =         11,       3147                 
# span 5 =     0.0417,    13.1083                 
# span 6 = 0.0000e+00, 0.0000e+00                 
# interval = seconds: 0.25
# start_time = Aug 14 2023 19:44:24 [NMEA time, header]
# bad_flag = -9.990e-29
*END*
[from data line 821]
    107.339    13.8850   4.256269    35.6450        832     3.4625  0.000e+00
    107.475    13.8875   4.256392    35.6438        833     3.4667  0.000e+00
    107.606    13.8890   4.256050    35.6391        834     3.4708  0.000e+00
    107.731    13.8889   4.255624    35.6352        835     3.4750  0.000e+00
    107.858    13.8870   4.254993    35.6310        836     3.4792  0.000e+00
    107.979    13.8838   4.254232    35.6268        837     3.4833  0.000e+00
    108.096    13.8788   4.253642    35.6258        838     3.4875  0.000e+00
    108.212    13.8731   4.251921    35.6149        839     3.4917  0.000e+00
    108.322    13.8650   4.251215    35.6158        840     3.4958  0.000e+00
    108.434    13.8563   4.249817    35.6107        841     3.5000  0.000e+00
    108.542    13.8462   4.247706    35.6003        842     3.5042  0.000e+00
    108.647    13.8336   4.246890    35.6042        843     3.5083  0.000e+00
    108.755    13.8225   4.247343    35.6187        844     3.5125  0.000e+00
    108.869    13.8165   4.244554    35.5981        845     3.5167  0.000e+00
    108.988    13.8064   4.243424    35.5968        846     3.5208  0.000e+00
    109.104    13.7950   4.242732    35.6009        847     3.5250  0.000e+00
    109.234    13.7859   4.244890    35.6295        848     3.5292  0.000e+00
    109.362    13.7854   4.247015    35.6499        849     3.5333  0.000e+00
    109.503    13.7927   4.245747    35.6312        850     3.5375  0.000e+00
    109.648    13.7965   4.245610    35.6262        851     3.5417  0.000e+00
    109.798    13.7965   4.243109    35.6027        852     3.5458  0.000e+00
    109.951    13.7892   4.241814    35.5973        853     3.5500  0.000e+00
    110.105    13.7799   4.241520    35.6031        854     3.5542  0.000e+00
    110.266    13.7719   4.241555    35.6108        855     3.5583  0.000e+00
    110.425    13.7667   4.241911    35.6189        856     3.5625  0.000e+00
    110.582    13.7646   4.242069    35.6222        857     3.5667  0.000e+00
    110.730    13.7640   4.242836    35.6300        858     3.5708  0.000e+00
    110.878    13.7657   4.242966    35.6295        859     3.5750  0.000e+00
    111.008    13.7679   4.243130    35.6290        860     3.5792  0.000e+00
    111.129    13.7692   4.243199    35.6284        861     3.5833  0.000e+00
    111.238    13.7701   4.243206    35.6275        862     3.5875  0.000e+00
    111.344    13.7703   4.243672    35.6317        863     3.5917  0.000e+00
    111.442    13.7710   4.245248    35.6459        864     3.5958  0.000e+00
    111.530    13.7750   4.250114    35.6878        865     3.6000  0.000e+00
    111.617    13.7892   4.252898    35.7007        866     3.6042  0.000e+00
    111.713    13.8082   4.253768    35.6911        867     3.6083  0.000e+00
    111.803    13.8238   4.254235    35.6809        868     3.6125  0.000e+00
    111.908    13.8344   4.254084    35.6696        869     3.6167  0.000e+00
    112.018    13.8405   4.253617    35.6595        870     3.6208  0.000e+00
    112.133    13.8431   4.254358    35.6640        871     3.6250  0.000e+00
    112.265    13.8456   4.253336    35.6520        872     3.6292  0.000e+00
    112.397    13.8455   4.252808    35.6471        873     3.6333  0.000e+00
    112.538    13.8435   4.253617    35.6565        874     3.6375  0.000e+00
    112.685    13.8436   4.253645    35.6566        875     3.6417  0.000e+00
    112.836    13.8450   4.254495    35.6632        876     3.6458  0.000e+00
    112.992    13.8476   4.254825    35.6638        877     3.6500  0.000e+00
    113.151    13.8502   4.255188    35.6647        878     3.6542  0.000e+00
    113.306    13.8528   4.255414    35.6644        879     3.6583  0.000e+00
    113.465    13.8552   4.255908    35.6667        880     3.6625  0.000e+00
    113.613    13.8579   4.255853    35.6636        881     3.6667  0.000e+00
    113.754    13.8595   4.256004    35.6635        882     3.6708  0.000e+00
    113.892    13.8609   4.256245    35.6644        883     3.6750  0.000e+00
    114.022    13.8626   4.256224    35.6625        884     3.6792  0.000e+00
    114.141    13.8635   4.256039    35.6599        885     3.6833  0.000e+00
    114.260    13.8633   4.256197    35.6616        886     3.6875  0.000e+00
    114.383    13.8634   4.258975    35.6874        887     3.6917  0.000e+00
    114.501    13.8697   4.267047    35.7572        888     3.6958  0.000e+00
    114.618    13.8918   4.268695    35.7521        889     3.7000  0.000e+00
    114.741    13.9158   4.270474    35.7463        890     3.7042  0.000e+00
    114.864    13.9350   4.271175    35.7350        891     3.7083  0.000e+00
    114.990    13.9479   4.270817    35.7196        892     3.7125  0.000e+00
    115.120    13.9556   4.270055    35.7052        893     3.7167  0.000e+00
    115.259    13.9574   4.270371    35.7064        894     3.7208  0.000e+00
    115.396    13.9583   4.269807    35.7003        895     3.7250  0.000e+00
    115.535    13.9577   4.269780    35.7005        896     3.7292  0.000e+00
    115.675    13.9575   4.270103    35.7037        897     3.7333  0.000e+00
    115.819    13.9580   4.274796    35.7471        898     3.7375  0.000e+00
    115.964    13.9681   4.275579    35.7449        899     3.7417  0.000e+00
    116.097    13.9798   4.275806    35.7361        900     3.7458  0.000e+00
    116.233    13.9875   4.276266    35.7332        901     3.7500  0.000e+00
    116.363    13.9937   4.277874    35.7424        902     3.7542  0.000e+00
    116.495    14.0007   4.277950    35.7366        903     3.7583  0.000e+00
    116.616    14.0055   4.276788    35.7212        904     3.7625  0.000e+00
    116.748    14.0063   4.277510    35.7271        905     3.7667  0.000e+00
    116.878    14.0070   4.279139    35.7416        906     3.7708  0.000e+00
    117.011    14.0115   4.279930    35.7448        907     3.7750  0.000e+00
    117.145    14.0172   4.280384    35.7437        908     3.7792  0.000e+00
    117.286    14.0223   4.280844    35.7432        909     3.7833  0.000e+00
    117.423    14.0263   4.280927    35.7402        910     3.7875  0.000e+00
    117.566    14.0291   4.281415    35.7421        911     3.7917  0.000e+00
    117.698    14.0316   4.281312    35.7388        912     3.7958  0.000e+00
    117.839    14.0333   4.281291    35.7370        913     3.8000  0.000e+00
    117.971    14.0336   4.281340    35.7370        914     3.8042  0.000e+00
    118.101    14.0338   4.281656    35.7397        915     3.8083  0.000e+00
    118.224    14.0346   4.281835    35.7407        916     3.8125  0.000e+00
    118.352    14.0355   4.281931    35.7406        917     3.8167  0.000e+00
    118.476    14.0362   4.281835    35.7391        918     3.8208  0.000e+00
    118.603    14.0360   4.282083    35.7415        919     3.8250  0.000e+00
    118.726    14.0362   4.282172    35.7421        920     3.8292  0.000e+00
    118.849    14.0362   4.281911    35.7396        921     3.8333  0.000e+00
    118.966    14.0353   4.281368    35.7353        922     3.8375  0.000e+00
    119.092    14.0329   4.281120    35.7351        923     3.8417  0.000e+00
    119.219    14.0298   4.281684    35.7433        924     3.8458  0.000e+00
    119.345    14.0294   4.282172    35.7482        925     3.8500  0.000e+00
    119.476    14.0306   4.282282    35.7480        926     3.8542  0.000e+00
    119.602    14.0316   4.282200    35.7463        927     3.8583  0.000e+00
    119.730    14.0323   4.282406    35.7475        928     3.8625  0.000e+00
    119.864    14.0330   4.282351    35.7463        929     3.8667  0.000e+00
    119.999    14.0336   4.282510    35.7472        930     3.8708  0.000e+00
    120.133    14.0341   4.282427    35.7458        931     3.8750  0.000e+00
    120.272    14.0341   4.282248    35.7441        932     3.8792  0.000e+00
    120.413    14.0333   4.282180    35.7442        933     3.8833  0.000e+00
    120.556    14.0321   4.281760    35.7413        934     3.8875  0.000e+00
    120.695    14.0301   4.281059    35.7365        935     3.8917  0.000e+00
    120.796    14.0267   4.279684    35.7268        936     3.8958  0.000e+00
    120.856    14.0202   4.275182    35.6907        937     3.9000  0.000e+00
    120.894    14.0025   4.272495    35.6820        938     3.9042  0.000e+00
    120.894    13.9798   4.271795    35.6965        939     3.9083  0.000e+00
    120.930    13.9620   4.270723    35.7030        940     3.9125  0.000e+00
    120.995    13.9482   4.269686    35.7062        941     3.9167  0.000e+00
    121.074    13.9366   4.270140    35.7211        942     3.9208  0.000e+00
    121.157    13.9306   4.269707    35.7226        943     3.9250  0.000e+00
    121.242    13.9263   4.268540    35.7156        944     3.9292  0.000e+00
    121.323    13.9204   4.267887    35.7150        945     3.9333  0.000e+00
    121.408    13.9143   4.266013    35.7031        946     3.9375  0.000e+00
    121.516    13.9049   4.262320    35.6772        947     3.9417  0.000e+00
    121.632    13.8885   4.261373    35.6835        948     3.9458  0.000e+00
    121.764    13.8725   4.261359    35.6982        949     3.9500  0.000e+00
    121.890    13.8629   4.262368    35.7165        950     3.9542  0.000e+00
    122.024    13.8608   4.263899    35.7328        951     3.9583  0.000e+00
    122.145    13.8650   4.262396    35.7148        952     3.9625  0.000e+00
    122.257    13.8641   4.257483    35.6694        953     3.9667  0.000e+00
    122.367    13.8489   4.253182    35.6432        954     3.9708  0.000e+00
    122.486    13.8232   4.250337    35.6403        955     3.9750  0.000e+00
    122.607    13.7958   4.248967    35.6529        956     3.9792  0.000e+00
    122.725    13.7726   4.248103    35.6663        957     3.9833  0.000e+00
    122.844    13.7558   4.246562    35.6674        958     3.9875  0.000e+00
    122.963    13.7419   4.244766    35.6634        959     3.9917  0.000e+00
    123.084    13.7263   4.241889    35.6508        960     3.9958  0.000e+00
    123.207    13.7089   4.238616    35.6362        961     4.0000  0.000e+00
    123.331    13.6885   4.237103    35.6409        962     4.0042  0.000e+00
    123.460    13.6684   4.235494    35.6445        963     4.0083  0.000e+00
    123.591    13.6516   4.233879    35.6448        964     4.0125  0.000e+00
    123.725    13.6373   4.232736    35.6473        965     4.0167  0.000e+00
    123.857    13.6240   4.230369    35.6374        966     4.0208  0.000e+00
    123.993    13.6088   4.227345    35.6230        967     4.0250  0.000e+00
    124.139    13.5896   4.223010    35.5999        968     4.0292  0.000e+00
    124.278    13.5643   4.221943    35.6134        969     4.0333  0.000e+00
    124.421    13.5430   4.222039    35.6341        970     4.0375  0.000e+00
    124.563    13.5305   4.222170    35.6470        971     4.0417  0.000e+00
    124.706    13.5243   4.223318    35.6635        972     4.0458  0.000e+00
    124.851    13.5240   4.223551    35.6660        973     4.0500  0.000e+00
    124.986    13.5250   4.221486    35.6455        974     4.0542  0.000e+00
    125.124    13.5211   4.221165    35.6460        975     4.0583  0.000e+00
    125.264    13.5150   4.217843    35.6203        976     4.0625  0.000e+00
    125.409    13.5027   4.215916    35.6134        977     4.0667  0.000e+00
    125.546    13.4869   4.215350    35.6228        978     4.0708  0.000e+00
    125.691    13.4750   4.214216    35.6232        979     4.0750  0.000e+00
    125.830    13.4648   4.213574    35.6265        980     4.0792  0.000e+00
    125.980    13.4568   4.213854    35.6366        981     4.0833  0.000e+00
    126.130    13.4520   4.213881    35.6413        982     4.0875  0.000e+00
    126.280    13.4493   4.213875    35.6437        983     4.0917  0.000e+00
    126.435    13.4468   4.213103    35.6387        984     4.0958  0.000e+00
    126.591    13.4429   4.211669    35.6286        985     4.1000  0.000e+00
    126.746    13.4358   4.210849    35.6275        986     4.1042  0.000e+00
    126.909    13.4278   4.210802    35.6344        987     4.1083  0.000e+00
    127.060    13.4220   4.210317    35.6351        988     4.1125  0.000e+00
    127.214    13.4169   4.210044    35.6373        989     4.1167  0.000e+00
    127.358    13.4127   4.209662    35.6375        990     4.1208  0.000e+00
    127.503    13.4083   4.209757    35.6425        991     4.1250  0.000e+00
    127.638    13.4050   4.210550    35.6531        992     4.1292  0.000e+00
    127.763    13.4045   4.211164    35.6592        993     4.1333  0.000e+00
    127.882    13.4061   4.212052    35.6661        994     4.1375  0.000e+00
    128.001    13.4096   4.212885    35.6707        995     4.1417  0.000e+00
    128.115    13.4139   4.213801    35.6753        996     4.1458  0.000e+00
    128.226    13.4185   4.214136    35.6741        997     4.1500  0.000e+00
    128.337    13.4222   4.215215    35.6808        998     4.1542  0.000e+00
    128.446    13.4265   4.216117    35.6852        999     4.1583  0.000e+00
    128.561    13.4313   4.216650    35.6858       1000     4.1625  0.000e+00
    128.675    13.4353   4.215939    35.6753       1001     4.1667  0.000e+00
    128.789    13.4365   4.215625    35.6711       1002     4.1708  0.000e+00
    128.823    13.4367   4.217388    35.6876       1003     4.1750  0.000e+00
    128.843    13.4395   4.218932    35.6996       1004     4.1792  0.000e+00
    128.830    13.4449   4.218994    35.6952       1005     4.1833  0.000e+00
    128.790    13.4488   4.218966    35.6913       1006     4.1875  0.000e+00
    128.757    13.4512   4.218953    35.6889       1007     4.1917  0.000e+00
    128.725    13.4522   4.218836    35.6868       1008     4.1958  0.000e+00
    128.683    13.4528   4.218932    35.6872       1009     4.2000  0.000e+00
    128.643    13.4531   4.218638    35.6842       1010     4.2042  0.000e+00
    128.612    13.4528   4.218563    35.6838       1011     4.2083  0.000e+00
    128.582    13.4520   4.218406    35.6830       1012     4.2125  0.000e+00
    128.563    13.4513   4.218399    35.6836       1013     4.2167  0.000e+00
    128.545    13.4508   4.218433    35.6844       1014     4.2208  0.000e+00
    128.522    13.4505   4.218276    35.6832       1015     4.2250  0.000e+00
    128.505    13.4500   4.218249    35.6834       1016     4.2292  0.000e+00
    128.484    13.4497   4.218331    35.6845       1017     4.2333  0.000e+00
    128.462    13.4497   4.218228    35.6836       1018     4.2375  0.000e+00
    128.433    13.4495   4.217900    35.6807       1019     4.2417  0.000e+00
    128.415    13.4485   4.217962    35.6822       1020     4.2458  0.000e+00
    128.387    13.4479   4.217921    35.6824       1021     4.2500  0.000e+00
    128.366    13.4476   4.218078    35.6841       1022     4.2542  0.000e+00
    128.342    13.4476   4.218228    35.6856       1023     4.2583  0.000e+00
    128.311    13.4483   4.218249    35.6851       1024     4.2625  0.000e+00
    128.275    13.4485   4.218023    35.6828       1025     4.2667  0.000e+00
    128.239    13.4486   4.217797    35.6806       1026     4.2708  0.000e+00
    128.190    13.4475   4.217401    35.6779       1027     4.2750  0.000e+00
    128.141    13.4462   4.217640    35.6814       1028     4.2792  0.000e+00
    128.083    13.4457   4.217592    35.6814       1029     4.2833  0.000e+00
    128.020    13.4454   4.217797    35.6837       1030     4.2875  0.000e+00
    127.951    13.4456   4.217497    35.6806       1031     4.2917  0.000e+00
    127.889    13.4454   4.217517    35.6811       1032     4.2958  0.000e+00
    127.822    13.4449   4.217011    35.6768       1033     4.3000  0.000e+00
    127.757    13.4437   4.217005    35.6779       1034     4.3042  0.000e+00
    127.690    13.4424   4.216704    35.6763       1035     4.3083  0.000e+00
