HB2303/sbe041.cnv
* Sea-Bird SBE 19plus V2 Data File:
* FileName = C:\cruise\data\sbe041.hex
* Software Version Seasave V 7.26.7.121
* Temperature SN = 6128
* Conductivity SN = 6128
* System UpLoad Time = Aug 12 2023 15:01:30
* NMEA Latitude = 37 12.30 N
* NMEA Longitude = 074 44.10 W
* NMEA UTC (Time) = Aug 12 2023 15:01:26
** Ship: Henry Bigelow
** Cruise:  HB2303
** Program:  ECOMON
# nquan = 7
# nvalues = 1801                                  
# units = specified
# name 0 = depSM: Depth [salt water, m]
# name 1 = tv290C: Temperature [ITS-90, deg C]
# name 2 = c0S/m: Conductivity [S/m]
# name 3 = sal00: Salinity, Practical [PSU]
# name 4 = scan: Scan Count
# name 5 = timeM: Time, Elapsed [minutes]
# name 6 = flag:  0.000e+00
# span 0 =     -0.191,     74.303                 
# span 1 =     9.3232,    31.2850                 
# span 2 =   0.000210,   5.083710                 
# span 3 =     0.0139,    34.5374                 
# span 4 =         11,       1811                 
# span 5 =     0.0417,     7.5417                 
# span 6 = 0.0000e+00, 0.0000e+00                 
# interval = seconds: 0.25
# start_time = Aug 12 2023 15:01:26 [NMEA time, header]
# bad_flag = -9.990e-29
*END*
[from data line 206]
     13.418    25.0529   4.857451    31.6482        217     0.9000  0.000e+00
     13.575    25.0508   4.858611    31.6581        218     0.9042  0.000e+00
     13.741    25.0465   4.859982    31.6710        219     0.9083  0.000e+00
     13.898    25.0406   4.860664    31.6801        220     0.9125  0.000e+00
     14.056    25.0303   4.860882    31.6888        221     0.9167  0.000e+00
     14.213    25.0187   4.861992    31.7050        222     0.9208  0.000e+00
     14.374    25.0073   4.863378    31.7231        223     0.9250  0.000e+00
     14.534    24.9979   4.864263    31.7360        224     0.9292  0.000e+00
     14.688    24.9851   4.863944    31.7427        225     0.9333  0.000e+00
     14.836    24.9684   4.864402    31.7577        226     0.9375  0.000e+00
     14.979    24.9456   4.863183    31.7647        227     0.9417  0.000e+00
     15.127    24.9106   4.851263    31.7020        228     0.9458  0.000e+00
     15.271    24.8014   4.846577    31.7443        229     0.9500  0.000e+00
     15.409    24.6394   4.842857    31.8311        230     0.9542  0.000e+00
     15.548    24.4911   4.838986    31.9076        231     0.9583  0.000e+00
     15.676    24.3651   4.836172    31.9764        232     0.9625  0.000e+00
     15.810    24.2592   4.830624    32.0108        233     0.9667  0.000e+00
     15.947    24.1508   4.826807    32.0600        234     0.9708  0.000e+00
     16.070    24.0532   4.820245    32.0811        235     0.9750  0.000e+00
     16.198    23.9474   4.816698    32.1307        236     0.9792  0.000e+00
     16.334    23.8458   4.810582    32.1582        237     0.9833  0.000e+00
     16.475    23.7387   4.804354    32.1890        238     0.9875  0.000e+00
     16.625    23.6352   4.799665    32.2287        239     0.9917  0.000e+00
     16.767    23.5503   4.788462    32.2060        240     0.9958  0.000e+00
     16.923    23.4416   4.774584    32.1803        241     1.0000  0.000e+00
     17.076    23.2988   4.745149    32.0615        242     1.0042  0.000e+00
     17.241    23.0660   4.731578    32.1280        243     1.0083  0.000e+00
     17.407    22.8114   4.722729    32.2469        244     1.0125  0.000e+00
     17.568    22.5710   4.689323    32.1677        245     1.0167  0.000e+00
     17.723    22.2534   4.622384    31.8855        246     1.0208  0.000e+00
     17.884    21.7215   4.583467    31.9751        247     1.0250  0.000e+00
     18.040    21.1386   4.558615    32.2149        248     1.0292  0.000e+00
     18.200    20.6427   4.524075    32.3154        249     1.0333  0.000e+00
     18.359    20.1845   4.527291    32.6927        250     1.0375  0.000e+00
     18.500    19.8916   4.515892    32.8281        251     1.0417  0.000e+00
     18.652    19.6989   4.490761    32.7738        252     1.0458  0.000e+00
     18.797    19.5009   4.459762    32.6751        253     1.0500  0.000e+00
     18.947    19.2479   4.436515    32.6822        254     1.0542  0.000e+00
     19.082    18.9807   4.428928    32.8301        255     1.0583  0.000e+00
     19.229    18.7676   4.433242    33.0354        256     1.0625  0.000e+00
     19.373    18.6113   4.446068    33.2680        257     1.0667  0.000e+00
     19.528    18.5187   4.465605    33.5068        258     1.0708  0.000e+00
     19.680    18.4900   4.483703    33.6822        259     1.0750  0.000e+00
     19.836    18.5197   4.492953    33.7356        260     1.0792  0.000e+00
     19.987    18.5674   4.493114    33.6979        261     1.0833  0.000e+00
     20.150    18.5989   4.488919    33.6369        262     1.0875  0.000e+00
     20.309    18.5937   4.481193    33.5762        263     1.0917  0.000e+00
     20.470    18.5640   4.471939    33.5227        264     1.0958  0.000e+00
     20.627    18.4953   4.458190    33.4631        265     1.1000  0.000e+00
     20.777    18.3862   4.448434    33.4699        266     1.1042  0.000e+00
     20.932    18.2700   4.437688    33.4740        267     1.1083  0.000e+00
     21.084    18.1372   4.424995    33.4751        268     1.1125  0.000e+00
     21.225    17.9928   4.416920    33.5249        269     1.1167  0.000e+00
     21.368    17.8588   4.400843    33.4982        270     1.1208  0.000e+00
     21.512    17.7141   4.392529    33.5463        271     1.1250  0.000e+00
     21.650    17.5771   4.387619    33.6175        272     1.1292  0.000e+00
     21.787    17.4659   4.381078    33.6535        273     1.1333  0.000e+00
     21.924    17.3739   4.374341    33.6720        274     1.1375  0.000e+00
     22.060    17.2941   4.369722    33.6986        275     1.1417  0.000e+00
     22.195    17.2272   4.360400    33.6739        276     1.1458  0.000e+00
     22.338    17.1574   4.357699    33.7088        277     1.1500  0.000e+00
     22.476    17.1026   4.349875    33.6868        278     1.1542  0.000e+00
     22.616    17.0431   4.345385    33.6976        279     1.1583  0.000e+00
     22.752    16.9861   4.342591    33.7210        280     1.1625  0.000e+00
     22.897    16.9393   4.336078    33.7036        281     1.1667  0.000e+00
     23.048    16.8902   4.330757    33.6985        282     1.1708  0.000e+00
     23.195    16.8395   4.326648    33.7052        283     1.1750  0.000e+00
     23.343    16.7912   4.323369    33.7171        284     1.1792  0.000e+00
     23.491    16.7504   4.319090    33.7140        285     1.1833  0.000e+00
     23.645    16.7117   4.317261    33.7305        286     1.1875  0.000e+00
     23.796    16.6776   4.311247    33.7067        287     1.1917  0.000e+00
     23.937    16.6376   4.306683    33.7003        288     1.1958  0.000e+00
     24.084    16.5930   4.297582    33.6582        289     1.2000  0.000e+00
     24.226    16.5326   4.283371    33.5844        290     1.2042  0.000e+00
     24.371    16.4450   4.274716    33.5821        291     1.2083  0.000e+00
     24.505    16.3514   4.262225    33.5510        292     1.2125  0.000e+00
     24.642    16.2521   4.247344    33.5035        293     1.2167  0.000e+00
     24.776    16.1357   4.232353    33.4692        294     1.2208  0.000e+00
     24.911    16.0042   4.212835    33.4072        295     1.2250  0.000e+00
     25.047    15.8582   4.196007    33.3810        296     1.2292  0.000e+00
     25.186    15.7103   4.190071    33.4531        297     1.2333  0.000e+00
     25.321    15.5838   4.176186    33.4364        298     1.2375  0.000e+00
     25.462    15.4596   4.165902    33.4498        299     1.2417  0.000e+00
     25.609    15.3472   4.162566    33.5155        300     1.2458  0.000e+00
     25.753    15.2633   4.156214    33.5300        301     1.2500  0.000e+00
     25.905    15.1931   4.144186    33.4815        302     1.2542  0.000e+00
     26.048    15.1091   4.132999    33.4522        303     1.2583  0.000e+00
     26.198    15.0195   4.127391    33.4782        304     1.2625  0.000e+00
     26.350    14.9391   4.122855    33.5060        305     1.2667  0.000e+00
     26.512    14.8708   4.119816    33.5370        306     1.2708  0.000e+00
     26.668    14.8197   4.123405    33.6137        307     1.2750  0.000e+00
     26.819    14.7988   4.117869    33.5812        308     1.2792  0.000e+00
     26.971    14.7747   4.117828    33.6016        309     1.2833  0.000e+00
     27.130    14.7557   4.107873    33.5272        310     1.2875  0.000e+00
     27.285    14.7124   4.093384    33.4324        311     1.2917  0.000e+00
     27.441    14.6348   4.094101    33.5056        312     1.2958  0.000e+00
     27.587    14.5729   4.081971    33.4481        313     1.3000  0.000e+00
     27.734    14.5052   4.074154    33.4349        314     1.3042  0.000e+00
     27.885    14.4283   4.059109    33.3632        315     1.3083  0.000e+00
     28.037    14.3355   4.050026    33.3598        316     1.3125  0.000e+00
     28.180    14.2436   4.045318    33.3958        317     1.3167  0.000e+00
     28.330    14.1657   4.034570    33.3640        318     1.3208  0.000e+00
     28.478    14.0825   4.021119    33.3117        319     1.3250  0.000e+00
     28.628    13.9857   4.009468    33.2876        320     1.3292  0.000e+00
     28.774    13.8832   3.993666    33.2298        321     1.3333  0.000e+00
     28.924    13.7625   3.968674    33.1019        322     1.3375  0.000e+00
     29.067    13.6020   3.953231    33.0967        323     1.3417  0.000e+00
     29.217    13.4386   3.946136    33.1721        324     1.3458  0.000e+00
     29.369    13.3024   3.932216    33.1600        325     1.3500  0.000e+00
     29.515    13.1808   3.927683    33.2234        326     1.3542  0.000e+00
     29.667    13.0815   3.918271    33.2215        327     1.3583  0.000e+00
     29.817    12.9960   3.902868    33.1506        328     1.3625  0.000e+00
     29.958    12.8873   3.884272    33.0693        329     1.3667  0.000e+00
     30.099    12.7518   3.871029    33.0621        330     1.3708  0.000e+00
     30.245    12.6153   3.860545    33.0818        331     1.3750  0.000e+00
     30.383    12.4921   3.850606    33.0951        332     1.3792  0.000e+00
     30.520    12.3825   3.840796    33.0976        333     1.3833  0.000e+00
     30.659    12.2812   3.830312    33.0862        334     1.3875  0.000e+00
     30.797    12.1763   3.806947    32.9536        335     1.3917  0.000e+00
     30.936    12.0376   3.789139    32.9039        336     1.3958  0.000e+00
     31.075    11.8741   3.778563    32.9459        337     1.4000  0.000e+00
     31.214    11.7295   3.773542    33.0253        338     1.4042  0.000e+00
     31.349    11.6157   3.764575    33.0391        339     1.4083  0.000e+00
     31.494    11.5228   3.757956    33.0571        340     1.4125  0.000e+00
     31.637    11.4434   3.756829    33.1170        341     1.4167  0.000e+00
     31.772    11.3824   3.741933    33.0253        342     1.4208  0.000e+00
     31.926    11.3096   3.736066    33.0327        343     1.4250  0.000e+00
     32.076    11.2372   3.732860    33.0659        344     1.4292  0.000e+00
     32.231    11.1762   3.734753    33.1394        345     1.4333  0.000e+00
     32.385    11.1370   3.722328    33.0519        346     1.4375  0.000e+00
     32.542    11.0902   3.718770    33.0587        347     1.4417  0.000e+00
     32.705    11.0341   3.713124    33.0531        348     1.4458  0.000e+00
     32.862    10.9820   3.716136    33.1299        349     1.4500  0.000e+00
     33.034    10.9581   3.720979    33.1996        350     1.4542  0.000e+00
     33.196    10.9608   3.725858    33.2454        351     1.4583  0.000e+00
     33.363    10.9789   3.722986    33.2005        352     1.4625  0.000e+00
     33.529    10.9890   3.718499    33.1468        353     1.4667  0.000e+00
     33.691    10.9787   3.710654    33.0782        354     1.4708  0.000e+00
     33.859    10.9454   3.710673    33.1083        355     1.4750  0.000e+00
     34.020    10.9130   3.702816    33.0594        356     1.4792  0.000e+00
     34.178    10.8731   3.695567    33.0233        357     1.4833  0.000e+00
     34.335    10.8229   3.691378    33.0268        358     1.4875  0.000e+00
     34.488    10.7700   3.686124    33.0221        359     1.4917  0.000e+00
     34.637    10.7177   3.680240    33.0106        360     1.4958  0.000e+00
     34.785    10.6661   3.674010    32.9949        361     1.5000  0.000e+00
     34.927    10.6125   3.667927    32.9826        362     1.5042  0.000e+00
     35.077    10.5554   3.664513    32.9999        363     1.5083  0.000e+00
     35.218    10.5069   3.665236    33.0510        364     1.5125  0.000e+00
     35.363    10.4785   3.663991    33.0643        365     1.5167  0.000e+00
     35.504    10.4593   3.662036    33.0620        366     1.5208  0.000e+00
     35.654    10.4413   3.661830    33.0762        367     1.5250  0.000e+00
     35.802    10.4283   3.660501    33.0746        368     1.5292  0.000e+00
     35.956    10.4165   3.659624    33.0765        369     1.5333  0.000e+00
     36.106    10.4068   3.660592    33.0950        370     1.5375  0.000e+00
     36.259    10.4024   3.660256    33.0955        371     1.5417  0.000e+00
     36.409    10.4015   3.662082    33.1147        372     1.5458  0.000e+00
     36.568    10.4051   3.658766    33.0780        373     1.5500  0.000e+00
     36.733    10.3996   3.658695    33.0822        374     1.5542  0.000e+00
     36.890    10.3923   3.656671    33.0684        375     1.5583  0.000e+00
     37.040    10.3831   3.656039    33.0703        376     1.5625  0.000e+00
     37.205    10.3757   3.657896    33.0957        377     1.5667  0.000e+00
     37.365    10.3757   3.657638    33.0930        378     1.5708  0.000e+00
     37.519    10.3761   3.653589    33.0518        379     1.5750  0.000e+00
     37.680    10.3633   3.650599    33.0333        380     1.5792  0.000e+00
     37.830    10.3436   3.648646    33.0315        381     1.5833  0.000e+00
     37.987    10.3237   3.645477    33.0176        382     1.5875  0.000e+00
     38.142    10.2999   3.642741    33.0116        383     1.5917  0.000e+00
     38.294    10.2738   3.637585    32.9833        384     1.5958  0.000e+00
     38.433    10.2396   3.634079    32.9790        385     1.6000  0.000e+00
     38.585    10.2049   3.631957    32.9890        386     1.6042  0.000e+00
     38.735    10.1754   3.629437    32.9903        387     1.6083  0.000e+00
     38.878    10.1475   3.629907    33.0205        388     1.6125  0.000e+00
     39.033    10.1297   3.630511    33.0427        389     1.6167  0.000e+00
     39.173    10.1220   3.629058    33.0350        390     1.6208  0.000e+00
     39.321    10.1148   3.629084    33.0418        391     1.6250  0.000e+00
     39.474    10.1094   3.629258    33.0484        392     1.6292  0.000e+00
     39.632    10.1078   3.630306    33.0603        393     1.6333  0.000e+00
     39.796    10.1091   3.630351    33.0596        394     1.6375  0.000e+00
     39.953    10.1105   3.630602    33.0608        395     1.6417  0.000e+00
     40.118    10.1120   3.631200    33.0653        396     1.6458  0.000e+00
     40.284    10.1155   3.630621    33.0563        397     1.6500  0.000e+00
     40.457    10.1170   3.631065    33.0593        398     1.6542  0.000e+00
     40.624    10.1188   3.631271    33.0597        399     1.6583  0.000e+00
     40.786    10.1206   3.631650    33.0617        400     1.6625  0.000e+00
     40.953    10.1230   3.631580    33.0588        401     1.6667  0.000e+00
     41.117    10.1241   3.630576    33.0475        402     1.6708  0.000e+00
     41.271    10.1209   3.627941    33.0237        403     1.6750  0.000e+00
     41.421    10.1099   3.626784    33.0220        404     1.6792  0.000e+00
     41.572    10.0955   3.623937    33.0062        405     1.6833  0.000e+00
     41.715    10.0769   3.621104    32.9945        406     1.6875  0.000e+00
     41.856    10.0540   3.619325    32.9973        407     1.6917  0.000e+00
     41.997    10.0313   3.617431    32.9987        408     1.6958  0.000e+00
     42.136    10.0101   3.614767    32.9909        409     1.7000  0.000e+00
     42.281     9.9867   3.613657    33.0009        410     1.7042  0.000e+00
     42.418     9.9652   3.612945    33.0133        411     1.7083  0.000e+00
     42.565     9.9489   3.612259    33.0211        412     1.7125  0.000e+00
     42.709     9.9365   3.612060    33.0304        413     1.7167  0.000e+00
     42.857     9.9279   3.612323    33.0409        414     1.7208  0.000e+00
     43.005     9.9233   3.611463    33.0363        415     1.7250  0.000e+00
     43.159     9.9187   3.610597    33.0317        416     1.7292  0.000e+00
     43.318     9.9106   3.610482    33.0378        417     1.7333  0.000e+00
     43.475     9.9038   3.609950    33.0386        418     1.7375  0.000e+00
     43.631     9.8972   3.608866    33.0335        419     1.7417  0.000e+00
     43.795     9.8889   3.608070    33.0329        420     1.7458  0.000e+00
