HB2303/sbe079.cnv
* Sea-Bird SBE 19plus V2 Data File:
* FileName = C:\cruise\data\sbe079.hex
* Software Version Seasave V 7.26.7.121
* Temperature SN = 6128
* Conductivity SN = 6128
* System UpLoad Time = Aug 16 2023 07:19:48
* NMEA Latitude = 40 41.12 N
* NMEA Longitude = 067 51.02 W
* NMEA UTC (Time) = Aug 16 2023 07:19:44
** Ship: Henry Bigelow
** Cruise:  HB2303
** Program:  ECOMON
# nquan = 7
# nvalues = 1985                                  
# units = specified
# name 0 = depSM: Depth [salt water, m]
# name 1 = tv290C: Temperature [ITS-90, deg C]
# name 2 = c0S/m: Conductivity [S/m]
# name 3 = sal00: Salinity, Practical [PSU]
# name 4 = scan: Scan Count
# name 5 = timeM: Time, Elapsed [minutes]
# name 6 = flag:  0.000e+00
# span 0 =     -0.213,     73.971                 
# span 1 =     9.6265,    18.0716                 
# span 2 =  -0.014344,   4.245358                 
# span 3 =     0.0000,    33.0695                 
# span 4 =         11,       1995                 
# span 5 =     0.0417,     8.3083                 
# span 6 = 0.0000e+00, 0.0000e+00                 
# interval = seconds: 0.25
# start_time = Aug 16 2023 07:19:44 [NMEA time, header]
# bad_flag = -9.990e-29
*END*
[from data line 411]
     18.377    12.0077   3.730753    32.3712        422     1.7542  0.000e+00
     18.512    11.9985   3.729888    32.3708        423     1.7583  0.000e+00
     18.651    11.9875   3.729407    32.3756        424     1.7625  0.000e+00
     18.801    11.9785   3.729044    32.3798        425     1.7667  0.000e+00
     18.951    11.9714   3.728348    32.3793        426     1.7708  0.000e+00
     19.112    11.9641   3.727335    32.3757        427     1.7750  0.000e+00
     19.272    11.9557   3.727198    32.3816        428     1.7792  0.000e+00
     19.444    11.9485   3.727010    32.3860        429     1.7833  0.000e+00
     19.617    11.9433   3.725951    32.3802        430     1.7875  0.000e+00
     19.787    11.9365   3.723892    32.3661        431     1.7917  0.000e+00
     19.957    11.9235   3.723145    32.3701        432     1.7958  0.000e+00
     20.128    11.9090   3.722964    32.3809        433     1.8000  0.000e+00
     20.303    11.8985   3.723172    32.3920        434     1.8042  0.000e+00
     20.487    11.8926   3.722087    32.3866        435     1.8083  0.000e+00
     20.663    11.8861   3.721236    32.3838        436     1.8125  0.000e+00
     20.838    11.8779   3.721003    32.3887        437     1.8167  0.000e+00
     21.015    11.8704   3.720802    32.3931        438     1.8208  0.000e+00
     21.174    11.8653   3.720756    32.3971        439     1.8250  0.000e+00
     21.325    11.8617   3.720497    32.3976        440     1.8292  0.000e+00
     21.471    11.8587   3.720068    32.3961        441     1.8333  0.000e+00
     21.611    11.8550   3.719835    32.3969        442     1.8375  0.000e+00
     21.737    11.8515   3.719744    32.3990        443     1.8417  0.000e+00
     21.863    11.8490   3.719536    32.3992        444     1.8458  0.000e+00
     21.986    11.8464   3.719426    32.4003        445     1.8500  0.000e+00
     22.114    11.8442   3.719283    32.4008        446     1.8542  0.000e+00
     22.244    11.8424   3.719231    32.4018        447     1.8583  0.000e+00
     22.376    11.8411   3.719192    32.4026        448     1.8625  0.000e+00
     22.517    11.8401   3.719173    32.4032        449     1.8667  0.000e+00
     22.658    11.8395   3.719095    32.4029        450     1.8708  0.000e+00
     22.802    11.8391   3.719173    32.4039        451     1.8750  0.000e+00
     22.952    11.8389   3.719218    32.4045        452     1.8792  0.000e+00
     23.113    11.8391   3.719342    32.4054        453     1.8833  0.000e+00
     23.277    11.8399   3.719283    32.4041        454     1.8875  0.000e+00
     23.442    11.8399   3.719082    32.4020        455     1.8917  0.000e+00
     23.615    11.8397   3.718940    32.4007        456     1.8958  0.000e+00
     23.785    11.8387   3.718966    32.4018        457     1.9000  0.000e+00
     23.955    11.8376   3.718966    32.4027        458     1.9042  0.000e+00
     24.124    11.8374   3.718985    32.4030        459     1.9083  0.000e+00
     24.298    11.8374   3.719057    32.4036        460     1.9125  0.000e+00
     24.467    11.8375   3.718920    32.4022        461     1.9167  0.000e+00
     24.630    11.8373   3.718849    32.4016        462     1.9208  0.000e+00
     24.792    11.8368   3.718706    32.4006        463     1.9250  0.000e+00
     24.958    11.8356   3.718551    32.4000        464     1.9292  0.000e+00
     25.117    11.8343   3.718388    32.3995        465     1.9333  0.000e+00
     25.265    11.8328   3.718369    32.4005        466     1.9375  0.000e+00
     25.417    11.8312   3.718025    32.3986        467     1.9417  0.000e+00
     25.563    11.8292   3.717772    32.3978        468     1.9458  0.000e+00
     25.712    11.8265   3.717519    32.3976        469     1.9500  0.000e+00
     25.852    11.8236   3.717259    32.3976        470     1.9542  0.000e+00
     25.997    11.8205   3.717149    32.3991        471     1.9583  0.000e+00
     26.139    11.8180   3.716831    32.3981        472     1.9625  0.000e+00
     26.294    11.8151   3.716519    32.3976        473     1.9667  0.000e+00
     26.454    11.8118   3.716279    32.3981        474     1.9708  0.000e+00
     26.620    11.8087   3.716163    32.3996        475     1.9750  0.000e+00
     26.789    11.8059   3.715819    32.3986        476     1.9792  0.000e+00
     26.959    11.8031   3.715709    32.3999        477     1.9833  0.000e+00
     27.134    11.8006   3.715799    32.4029        478     1.9875  0.000e+00
     27.320    11.7989   3.715709    32.4034        479     1.9917  0.000e+00
     27.497    11.7979   3.715384    32.4011        480     1.9958  0.000e+00
     27.691    11.7961   3.714742    32.3963        481     2.0000  0.000e+00
     27.864    11.7922   3.713989    32.3924        482     2.0042  0.000e+00
     28.037    11.7857   3.713152    32.3898        483     2.0083  0.000e+00
     28.211    11.7780   3.712290    32.3881        484     2.0125  0.000e+00
     28.372    11.7682   3.710843    32.3825        485     2.0167  0.000e+00
     28.518    11.7557   3.709540    32.3807        486     2.0208  0.000e+00
     28.659    11.7405   3.708489    32.3837        487     2.0250  0.000e+00
     28.785    11.7253   3.707776    32.3899        488     2.0292  0.000e+00
     28.910    11.7118   3.707413    32.3981        489     2.0333  0.000e+00
     29.027    11.7017   3.707089    32.4038        490     2.0375  0.000e+00
     29.141    11.6941   3.706888    32.4084        491     2.0417  0.000e+00
     29.255    11.6887   3.706817    32.4124        492     2.0458  0.000e+00
     29.383    11.6847   3.706798    32.4156        493     2.0500  0.000e+00
     29.511    11.6821   3.706610    32.4160        494     2.0542  0.000e+00
     29.649    11.6802   3.706545    32.4170        495     2.0583  0.000e+00
     29.792    11.6784   3.706655    32.4196        496     2.0625  0.000e+00
     29.947    11.6773   3.706428    32.4182        497     2.0667  0.000e+00
     30.118    11.6762   3.705962    32.4146        498     2.0708  0.000e+00
     30.293    11.6728   3.705424    32.4123        499     2.0750  0.000e+00
     30.474    11.6678   3.704827    32.4107        500     2.0792  0.000e+00
     30.658    11.6610   3.704653    32.4149        501     2.0833  0.000e+00
     30.860    11.6554   3.703181    32.4054        502     2.0875  0.000e+00
     31.057    11.6458   3.702566    32.4077        503     2.0917  0.000e+00
     31.263    11.6351   3.702313    32.4145        504     2.0958  0.000e+00
     31.471    11.6264   3.702326    32.4221        505     2.1000  0.000e+00
     31.675    11.6209   3.702340    32.4270        506     2.1042  0.000e+00
     31.874    11.6183   3.703072    32.4363        507     2.1083  0.000e+00
     32.065    11.6193   3.702683    32.4316        508     2.1125  0.000e+00
     32.233    11.6205   3.701627    32.4202        509     2.1167  0.000e+00
     32.394    11.6160   3.700739    32.4154        510     2.1208  0.000e+00
     32.533    11.6079   3.700033    32.4155        511     2.1250  0.000e+00
     32.655    11.5987   3.699211    32.4155        512     2.1292  0.000e+00
     32.758    11.5885   3.698673    32.4192        513     2.1333  0.000e+00
     32.854    11.5794   3.698479    32.4252        514     2.1375  0.000e+00
     32.935    11.5726   3.698298    32.4293        515     2.1417  0.000e+00
     33.022    11.5681   3.698181    32.4321        516     2.1458  0.000e+00
     33.111    11.5649   3.698084    32.4339        517     2.1500  0.000e+00
     33.216    11.5624   3.698116    32.4364        518     2.1542  0.000e+00
     33.328    11.5611   3.697980    32.4361        519     2.1583  0.000e+00
     33.452    11.5600   3.697780    32.4351        520     2.1625  0.000e+00
     33.587    11.5585   3.697747    32.4360        521     2.1667  0.000e+00
     33.734    11.5573   3.697637    32.4359        522     2.1708  0.000e+00
     33.896    11.5559   3.697747    32.4382        523     2.1750  0.000e+00
     34.068    11.5554   3.697741    32.4385        524     2.1792  0.000e+00
     34.254    11.5553   3.697657    32.4377        525     2.1833  0.000e+00
     34.447    11.5548   3.697702    32.4384        526     2.1875  0.000e+00
     34.646    11.5543   3.697456    32.4364        527     2.1917  0.000e+00
     34.852    11.5535   3.697521    32.4376        528     2.1958  0.000e+00
     35.063    11.5529   3.697638    32.4393        529     2.2000  0.000e+00
     35.281    11.5527   3.697683    32.4397        530     2.2042  0.000e+00
     35.489    11.5530   3.697547    32.4381        531     2.2083  0.000e+00
     35.682    11.5529   3.697476    32.4374        532     2.2125  0.000e+00
     35.872    11.5524   3.697385    32.4369        533     2.2167  0.000e+00
     36.049    11.5513   3.697088    32.4349        534     2.2208  0.000e+00
     36.213    11.5495   3.696952    32.4350        535     2.2250  0.000e+00
     36.370    11.5477   3.696764    32.4347        536     2.2292  0.000e+00
     36.513    11.5457   3.696745    32.4362        537     2.2333  0.000e+00
     36.647    11.5442   3.696725    32.4373        538     2.2375  0.000e+00
     36.768    11.5432   3.696563    32.4365        539     2.2417  0.000e+00
     36.885    11.5421   3.696499    32.4368        540     2.2458  0.000e+00
     36.990    11.5412   3.696473    32.4373        541     2.2500  0.000e+00
     37.087    11.5404   3.696408    32.4374        542     2.2542  0.000e+00
     37.185    11.5397   3.696428    32.4381        543     2.2583  0.000e+00
     37.279    11.5392   3.696305    32.4373        544     2.2625  0.000e+00
     37.380    11.5385   3.696292    32.4378        545     2.2667  0.000e+00
     37.485    11.5378   3.696246    32.4379        546     2.2708  0.000e+00
     37.591    11.5373   3.696220    32.4381        547     2.2750  0.000e+00
     37.706    11.5369   3.696195    32.4381        548     2.2792  0.000e+00
     37.835    11.5365   3.696156    32.4380        549     2.2833  0.000e+00
     37.963    11.5361   3.696156    32.4383        550     2.2875  0.000e+00
     38.102    11.5358   3.696201    32.4389        551     2.2917  0.000e+00
     38.256    11.5355   3.696240    32.4395        552     2.2958  0.000e+00
     38.409    11.5356   3.696311    32.4400        553     2.3000  0.000e+00
     38.575    11.5362   3.696266    32.4390        554     2.3042  0.000e+00
     38.739    11.5366   3.696221    32.4381        555     2.3083  0.000e+00
     38.914    11.5362   3.696240    32.4386        556     2.3125  0.000e+00
     39.097    11.5363   3.696266    32.4387        557     2.3167  0.000e+00
     39.281    11.5362   3.696428    32.4403        558     2.3208  0.000e+00
     39.465    11.5366   3.696474    32.4403        559     2.3250  0.000e+00
     39.655    11.5374   3.696545    32.4402        560     2.3292  0.000e+00
     39.848    11.5380   3.696454    32.4387        561     2.3333  0.000e+00
     40.038    11.5385   3.696409    32.4378        562     2.3375  0.000e+00
     40.226    11.5380   3.696312    32.4372        563     2.3417  0.000e+00
     40.410    11.5376   3.696351    32.4378        564     2.3458  0.000e+00
     40.589    11.5372   3.696312    32.4377        565     2.3500  0.000e+00
     40.758    11.5369   3.696222    32.4370        566     2.3542  0.000e+00
     40.919    11.5365   3.696248    32.4376        567     2.3583  0.000e+00
     41.060    11.5360   3.696241    32.4379        568     2.3625  0.000e+00
     41.190    11.5358   3.696248    32.4381        569     2.3667  0.000e+00
     41.302    11.5354   3.696157    32.4375        570     2.3708  0.000e+00
     41.412    11.5350   3.696112    32.4374        571     2.3750  0.000e+00
     41.514    11.5343   3.696066    32.4375        572     2.3792  0.000e+00
     41.616    11.5337   3.696041    32.4377        573     2.3833  0.000e+00
     41.727    11.5333   3.696041    32.4380        574     2.3875  0.000e+00
     41.839    11.5330   3.696021    32.4380        575     2.3917  0.000e+00
     41.960    11.5329   3.696047    32.4384        576     2.3958  0.000e+00
     42.087    11.5327   3.696067    32.4386        577     2.4000  0.000e+00
     42.215    11.5327   3.696086    32.4388        578     2.4042  0.000e+00
     42.345    11.5329   3.696041    32.4381        579     2.4083  0.000e+00
     42.485    11.5326   3.696047    32.4384        580     2.4125  0.000e+00
     42.637    11.5325   3.696086    32.4387        581     2.4167  0.000e+00
     42.796    11.5325   3.696203    32.4399        582     2.4208  0.000e+00
     42.953    11.5330   3.696248    32.4398        583     2.4250  0.000e+00
     43.130    11.5334   3.696222    32.4391        584     2.4292  0.000e+00
     43.311    11.5339   3.696339    32.4398        585     2.4333  0.000e+00
     43.493    11.5342   3.696248    32.4385        586     2.4375  0.000e+00
     43.686    11.5344   3.696385    32.4396        587     2.4417  0.000e+00
     43.879    11.5349   3.696352    32.4388        588     2.4458  0.000e+00
     44.073    11.5349   3.696249    32.4377        589     2.4500  0.000e+00
     44.266    11.5348   3.696132    32.4365        590     2.4542  0.000e+00
     44.457    11.5339   3.696042    32.4363        591     2.4583  0.000e+00
     44.643    11.5326   3.695983    32.4368        592     2.4625  0.000e+00
     44.815    11.5318   3.695932    32.4370        593     2.4667  0.000e+00
     44.972    11.5310   3.695815    32.4365        594     2.4708  0.000e+00
     45.109    11.5301   3.695679    32.4359        595     2.4750  0.000e+00
     45.234    11.5288   3.695634    32.4366        596     2.4792  0.000e+00
     45.348    11.5277   3.695498    32.4361        597     2.4833  0.000e+00
     45.453    11.5262   3.695291    32.4353        598     2.4875  0.000e+00
     45.555    11.5246   3.695200    32.4358        599     2.4917  0.000e+00
     45.656    11.5230   3.695090    32.4361        600     2.4958  0.000e+00
     45.761    11.5216   3.695064    32.4371        601     2.5000  0.000e+00
     45.877    11.5206   3.695084    32.4381        602     2.5042  0.000e+00
     45.996    11.5201   3.695110    32.4387        603     2.5083  0.000e+00
     46.117    11.5197   3.695071    32.4386        604     2.5125  0.000e+00
     46.241    11.5193   3.695065    32.4389        605     2.5167  0.000e+00
     46.379    11.5190   3.695065    32.4390        606     2.5208  0.000e+00
     46.523    11.5190   3.695155    32.4399        607     2.5250  0.000e+00
     46.677    11.5192   3.695181    32.4399        608     2.5292  0.000e+00
     46.828    11.5194   3.695155    32.4394        609     2.5333  0.000e+00
     46.983    11.5196   3.695272    32.4403        610     2.5375  0.000e+00
     47.146    11.5200   3.695292    32.4401        611     2.5417  0.000e+00
     47.314    11.5202   3.695266    32.4396        612     2.5458  0.000e+00
     47.485    11.5205   3.695272    32.4393        613     2.5500  0.000e+00
     47.662    11.5205   3.695318    32.4397        614     2.5542  0.000e+00
     47.840    11.5205   3.695382    32.4403        615     2.5583  0.000e+00
     48.020    11.5210   3.695421    32.4401        616     2.5625  0.000e+00
     48.199    11.5215   3.695519    32.4405        617     2.5667  0.000e+00
     48.372    11.5220   3.695519    32.4401        618     2.5708  0.000e+00
     48.544    11.5228   3.695428    32.4384        619     2.5750  0.000e+00
     48.714    11.5226   3.695266    32.4369        620     2.5792  0.000e+00
     48.869    11.5217   3.695085    32.4358        621     2.5833  0.000e+00
     49.023    11.5202   3.695111    32.4374        622     2.5875  0.000e+00
     49.153    11.5194   3.695066    32.4376        623     2.5917  0.000e+00
     49.277    11.5183   3.695007    32.4379        624     2.5958  0.000e+00
     49.396    11.5175   3.694975    32.4383        625     2.6000  0.000e+00
