HB2303/sbe064.cnv
* Sea-Bird SBE 19plus V2 Data File:
* FileName = C:\cruise\data\sbe064.hex
* Software Version Seasave V 7.26.7.121
* Temperature SN = 6128
* Conductivity SN = 6128
* System UpLoad Time = Aug 14 2023 15:15:55
* NMEA Latitude = 39 50.35 N
* NMEA Longitude = 070 36.44 W
* NMEA UTC (Time) = Aug 14 2023 15:15:50
** Ship: Henry Bigelow
** Cruise:  HB2303
** Program:  ECOMON
# nquan = 7
# nvalues = 6746                                  
# units = specified
# name 0 = depSM: Depth [salt water, m]
# name 1 = tv290C: Temperature [ITS-90, deg C]
# name 2 = c0S/m: Conductivity [S/m]
# name 3 = sal00: Salinity, Practical [PSU]
# name 4 = scan: Scan Count
# name 5 = timeM: Time, Elapsed [minutes]
# name 6 = flag:  0.000e+00
# span 0 =     -0.198,    200.112                 
# span 1 =    14.0161,    27.3234                 
# span 2 =   0.000129,   5.456469                 
# span 3 =     0.0126,    36.1576                 
# span 4 =         11,       6756                 
# span 5 =     0.0417,    28.1458                 
# span 6 = 0.0000e+00, 0.0000e+00                 
# interval = seconds: 0.25
# start_time = Aug 14 2023 15:15:50 [NMEA time, header]
# bad_flag = -9.990e-29
*END*
[from data line 3693]
     95.048    17.1249   4.637501    36.1429       3704    15.4292  0.000e+00
     95.020    17.1250   4.637480    36.1427       3705    15.4333  0.000e+00
     94.990    17.1249   4.637501    36.1430       3706    15.4375  0.000e+00
     94.963    17.1250   4.637615    36.1439       3707    15.4417  0.000e+00
     94.923    17.1252   4.637366    36.1415       3708    15.4458  0.000e+00
     94.883    17.1245   4.637338    36.1419       3709    15.4500  0.000e+00
     94.861    17.1243   4.637807    36.1462       3710    15.4542  0.000e+00
     94.836    17.1250   4.638127    36.1483       3711    15.4583  0.000e+00
     94.807    17.1269   4.638788    36.1525       3712    15.4625  0.000e+00
     94.785    17.1304   4.638895    36.1503       3713    15.4667  0.000e+00
     94.748    17.1328   4.638148    36.1416       3714    15.4708  0.000e+00
     94.734    17.1329   4.638703    36.1464       3715    15.4750  0.000e+00
     94.702    17.1330   4.639058    36.1494       3716    15.4792  0.000e+00
     94.674    17.1347   4.639016    36.1475       3717    15.4833  0.000e+00
     94.649    17.1362   4.639193    36.1478       3718    15.4875  0.000e+00
     94.616    17.1376   4.639094    36.1456       3719    15.4917  0.000e+00
     94.587    17.1378   4.639087    36.1454       3720    15.4958  0.000e+00
     94.543    17.1381   4.639144    36.1457       3721    15.5000  0.000e+00
     94.510    17.1382   4.639037    36.1446       3722    15.5042  0.000e+00
     94.469    17.1383   4.639115    36.1452       3723    15.5083  0.000e+00
     94.425    17.1385   4.639336    36.1470       3724    15.5125  0.000e+00
     94.384    17.1395   4.639691    36.1493       3725    15.5167  0.000e+00
     94.334    17.1407   4.639471    36.1462       3726    15.5208  0.000e+00
     94.290    17.1415   4.639407    36.1450       3727    15.5250  0.000e+00
     94.242    17.1415   4.639222    36.1434       3728    15.5292  0.000e+00
     94.195    17.1410   4.639115    36.1430       3729    15.5333  0.000e+00
     94.137    17.1400   4.639037    36.1431       3730    15.5375  0.000e+00
     94.085    17.1394   4.640018    36.1523       3731    15.5417  0.000e+00
     94.046    17.1411   4.640125    36.1517       3732    15.5458  0.000e+00
     94.005    17.1440   4.640217    36.1500       3733    15.5500  0.000e+00
     93.980    17.1461   4.640672    36.1521       3734    15.5542  0.000e+00
     93.947    17.1482   4.640373    36.1476       3735    15.5583  0.000e+00
     93.920    17.1491   4.640345    36.1466       3736    15.5625  0.000e+00
     93.889    17.1494   4.640914    36.1513       3737    15.5667  0.000e+00
     93.866    17.1509   4.640921    36.1499       3738    15.5708  0.000e+00
     93.842    17.1526   4.640971    36.1489       3739    15.5750  0.000e+00
     93.822    17.1532   4.641163    36.1500       3740    15.5792  0.000e+00
     93.792    17.1542   4.641284    36.1502       3741    15.5833  0.000e+00
     93.755    17.1557   4.641461    36.1505       3742    15.5875  0.000e+00
     93.725    17.1567   4.641362    36.1487       3743    15.5917  0.000e+00
     93.692    17.1573   4.641355    36.1481       3744    15.5958  0.000e+00
     93.657    17.1575   4.641461    36.1489       3745    15.6000  0.000e+00
     93.623    17.1578   4.641440    36.1484       3746    15.6042  0.000e+00
     93.582    17.1584   4.641461    36.1481       3747    15.6083  0.000e+00
     93.531    17.1585   4.641653    36.1497       3748    15.6125  0.000e+00
     93.499    17.1592   4.641675    36.1493       3749    15.6167  0.000e+00
     93.455    17.1598   4.641845    36.1502       3750    15.6208  0.000e+00
     93.408    17.1604   4.641753    36.1489       3751    15.6250  0.000e+00
     93.371    17.1610   4.641902    36.1497       3752    15.6292  0.000e+00
     93.332    17.1615   4.641845    36.1487       3753    15.6333  0.000e+00
     93.299    17.1622   4.641888    36.1485       3754    15.6375  0.000e+00
     93.266    17.1626   4.641902    36.1483       3755    15.6417  0.000e+00
     93.232    17.1630   4.641874    36.1477       3756    15.6458  0.000e+00
     93.212    17.1634   4.641781    36.1465       3757    15.6500  0.000e+00
     93.181    17.1634   4.641710    36.1459       3758    15.6542  0.000e+00
     93.156    17.1634   4.641653    36.1454       3759    15.6583  0.000e+00
     93.123    17.1631   4.641468    36.1441       3760    15.6625  0.000e+00
     93.094    17.1629   4.641518    36.1447       3761    15.6667  0.000e+00
     93.074    17.1627   4.641497    36.1447       3762    15.6708  0.000e+00
     93.045    17.1625   4.641411    36.1442       3763    15.6750  0.000e+00
     93.027    17.1623   4.641297    36.1433       3764    15.6792  0.000e+00
     92.990    17.1621   4.641390    36.1444       3765    15.6833  0.000e+00
     92.953    17.1617   4.641219    36.1432       3766    15.6875  0.000e+00
     92.927    17.1614   4.641077    36.1423       3767    15.6917  0.000e+00
     92.891    17.1610   4.641020    36.1422       3768    15.6958  0.000e+00
     92.857    17.1605   4.640913    36.1417       3769    15.7000  0.000e+00
     92.829    17.1604   4.640942    36.1420       3770    15.7042  0.000e+00
     92.795    17.1603   4.640864    36.1415       3771    15.7083  0.000e+00
     92.755    17.1602   4.640970    36.1425       3772    15.7125  0.000e+00
     92.707    17.1599   4.640842    36.1417       3773    15.7167  0.000e+00
     92.665    17.1598   4.640750    36.1409       3774    15.7208  0.000e+00
     92.616    17.1595   4.640750    36.1413       3775    15.7250  0.000e+00
     92.560    17.1595   4.640707    36.1409       3776    15.7292  0.000e+00
     92.509    17.1592   4.640806    36.1421       3777    15.7333  0.000e+00
     92.450    17.1597   4.641048    36.1437       3778    15.7375  0.000e+00
     92.395    17.1607   4.640863    36.1413       3779    15.7417  0.000e+00
     92.343    17.1613   4.640749    36.1397       3780    15.7458  0.000e+00
     92.280    17.1609   4.640892    36.1414       3781    15.7500  0.000e+00
     92.225    17.1609   4.641134    36.1435       3782    15.7542  0.000e+00
     92.184    17.1619   4.641269    36.1438       3783    15.7583  0.000e+00
     92.133    17.1630   4.641020    36.1406       3784    15.7625  0.000e+00
     92.078    17.1633   4.640998    36.1403       3785    15.7667  0.000e+00
     92.037    17.1632   4.641098    36.1412       3786    15.7708  0.000e+00
     91.999    17.1633   4.641297    36.1429       3787    15.7750  0.000e+00
     91.961    17.1641   4.641382    36.1429       3788    15.7792  0.000e+00
     91.941    17.1652   4.641361    36.1418       3789    15.7833  0.000e+00
     91.917    17.1657   4.641411    36.1417       3790    15.7875  0.000e+00
     91.888    17.1662   4.641489    36.1420       3791    15.7917  0.000e+00
     91.872    17.1669   4.641596    36.1423       3792    15.7958  0.000e+00
     91.855    17.1674   4.641596    36.1419       3793    15.8000  0.000e+00
     91.833    17.1679   4.641596    36.1414       3794    15.8042  0.000e+00
     91.817    17.1681   4.641574    36.1410       3795    15.8083  0.000e+00
     91.797    17.1685   4.641517    36.1403       3796    15.8125  0.000e+00
     91.771    17.1685   4.641418    36.1393       3797    15.8167  0.000e+00
     91.744    17.1684   4.641382    36.1392       3798    15.8208  0.000e+00
     91.713    17.1683   4.641325    36.1388       3799    15.8250  0.000e+00
     91.666    17.1681   4.641332    36.1390       3800    15.8292  0.000e+00
     91.632    17.1679   4.641517    36.1408       3801    15.8333  0.000e+00
     91.579    17.1682   4.641389    36.1394       3802    15.8375  0.000e+00
     91.536    17.1684   4.641354    36.1390       3803    15.8417  0.000e+00
     91.478    17.1682   4.641297    36.1387       3804    15.8458  0.000e+00
     91.424    17.1683   4.641282    36.1385       3805    15.8500  0.000e+00
     91.366    17.1685   4.641268    36.1382       3806    15.8542  0.000e+00
     91.314    17.1685   4.641218    36.1378       3807    15.8583  0.000e+00
     91.263    17.1682   4.641176    36.1377       3808    15.8625  0.000e+00
     91.218    17.1687   4.641268    36.1381       3809    15.8667  0.000e+00
     91.183    17.1688   4.641311    36.1383       3810    15.8708  0.000e+00
     91.153    17.1692   4.641382    36.1386       3811    15.8750  0.000e+00
     91.127    17.1697   4.641432    36.1386       3812    15.8792  0.000e+00
     91.100    17.1701   4.641439    36.1384       3813    15.8833  0.000e+00
     91.077    17.1708   4.641432    36.1377       3814    15.8875  0.000e+00
     91.057    17.1707   4.641460    36.1380       3815    15.8917  0.000e+00
     91.032    17.1710   4.641496    36.1380       3816    15.8958  0.000e+00
     91.006    17.1714   4.641488    36.1377       3817    15.9000  0.000e+00
     90.983    17.1716   4.641496    36.1376       3818    15.9042  0.000e+00
     90.945    17.1716   4.641353    36.1363       3819    15.9083  0.000e+00
     90.920    17.1718   4.641296    36.1356       3820    15.9125  0.000e+00
     90.889    17.1717   4.641254    36.1354       3821    15.9167  0.000e+00
     90.848    17.1714   4.641161    36.1349       3822    15.9208  0.000e+00
     90.804    17.1711   4.640998    36.1337       3823    15.9250  0.000e+00
     90.759    17.1707   4.640862    36.1330       3824    15.9292  0.000e+00
     90.716    17.1701   4.640777    36.1327       3825    15.9333  0.000e+00
     90.660    17.1696   4.640763    36.1331       3826    15.9375  0.000e+00
     90.613    17.1695   4.640720    36.1328       3827    15.9417  0.000e+00
     90.580    17.1696   4.640720    36.1328       3828    15.9458  0.000e+00
     90.535    17.1696   4.640685    36.1325       3829    15.9500  0.000e+00
     90.493    17.1698   4.640670    36.1322       3830    15.9542  0.000e+00
     90.466    17.1698   4.640720    36.1326       3831    15.9583  0.000e+00
     90.435    17.1702   4.640813    36.1331       3832    15.9625  0.000e+00
     90.402    17.1706   4.640912    36.1336       3833    15.9667  0.000e+00
     90.381    17.1714   4.640997    36.1336       3834    15.9708  0.000e+00
     90.348    17.1723   4.640997    36.1328       3835    15.9750  0.000e+00
     90.320    17.1730   4.640969    36.1320       3836    15.9792  0.000e+00
     90.293    17.1734   4.640940    36.1314       3837    15.9833  0.000e+00
     90.262    17.1736   4.640912    36.1310       3838    15.9875  0.000e+00
     90.228    17.1739   4.640805    36.1298       3839    15.9917  0.000e+00
     90.199    17.1739   4.640606    36.1281       3840    15.9958  0.000e+00
     90.172    17.1737   4.640585    36.1280       3841    16.0000  0.000e+00
     90.137    17.1736   4.640627    36.1285       3842    16.0042  0.000e+00
     90.103    17.1738   4.640699    36.1290       3843    16.0083  0.000e+00
     90.068    17.1741   4.640748    36.1292       3844    16.0125  0.000e+00
     90.045    17.1745   4.640762    36.1289       3845    16.0167  0.000e+00
     90.009    17.1751   4.640777    36.1286       3846    16.0208  0.000e+00
     89.981    17.1753   4.640777    36.1284       3847    16.0250  0.000e+00
     89.950    17.1758   4.640812    36.1283       3848    16.0292  0.000e+00
     89.922    17.1758   4.640969    36.1297       3849    16.0333  0.000e+00
     89.896    17.1766   4.641203    36.1309       3850    16.0375  0.000e+00
     89.862    17.1776   4.641353    36.1313       3851    16.0417  0.000e+00
     89.838    17.1792   4.641516    36.1314       3852    16.0458  0.000e+00
     89.807    17.1805   4.641651    36.1314       3853    16.0500  0.000e+00
     89.771    17.1820   4.641900    36.1323       3854    16.0542  0.000e+00
     89.733    17.1835   4.642469    36.1359       3855    16.0583  0.000e+00
     89.693    17.1864   4.642747    36.1358       3856    16.0625  0.000e+00
     89.648    17.1896   4.642775    36.1331       3857    16.0667  0.000e+00
     89.605    17.1922   4.642718    36.1303       3858    16.0708  0.000e+00
     89.561    17.1937   4.642825    36.1300       3859    16.0750  0.000e+00
     89.514    17.1949   4.642882    36.1293       3860    16.0792  0.000e+00
     89.465    17.1962   4.642903    36.1284       3861    16.0833  0.000e+00
     89.429    17.1971   4.642938    36.1279       3862    16.0875  0.000e+00
     89.400    17.1976   4.642853    36.1267       3863    16.0917  0.000e+00
     89.364    17.1979   4.642746    36.1255       3864    16.0958  0.000e+00
     89.333    17.1978   4.642554    36.1240       3865    16.1000  0.000e+00
     89.311    17.1974   4.642455    36.1235       3866    16.1042  0.000e+00
     89.300    17.1969   4.642419    36.1236       3867    16.1083  0.000e+00
     89.291    17.1967   4.642391    36.1236       3868    16.1125  0.000e+00
     89.282    17.1963   4.642355    36.1236       3869    16.1167  0.000e+00
     89.264    17.1959   4.642277    36.1233       3870    16.1208  0.000e+00
     89.255    17.1955   4.642199    36.1230       3871    16.1250  0.000e+00
     89.240    17.1953   4.642170    36.1229       3872    16.1292  0.000e+00
     89.213    17.1950   4.642142    36.1229       3873    16.1333  0.000e+00
     89.187    17.1947   4.642063    36.1225       3874    16.1375  0.000e+00
     89.140    17.1944   4.641950    36.1218       3875    16.1417  0.000e+00
     89.097    17.1939   4.641900    36.1218       3876    16.1458  0.000e+00
     89.061    17.1935   4.641857    36.1218       3877    16.1500  0.000e+00
     89.015    17.1934   4.641786    36.1214       3878    16.1542  0.000e+00
     88.965    17.1930   4.641757    36.1214       3879    16.1583  0.000e+00
     88.902    17.1930   4.641750    36.1215       3880    16.1625  0.000e+00
     88.846    17.1927   4.641651    36.1208       3881    16.1667  0.000e+00
     88.793    17.1925   4.641572    36.1204       3882    16.1708  0.000e+00
     88.752    17.1922   4.641487    36.1199       3883    16.1750  0.000e+00
     88.704    17.1917   4.641430    36.1199       3884    16.1792  0.000e+00
     88.667    17.1916   4.641331    36.1192       3885    16.1833  0.000e+00
     88.640    17.1910   4.641238    36.1189       3886    16.1875  0.000e+00
     88.620    17.1908   4.641217    36.1189       3887    16.1917  0.000e+00
     88.600    17.1905   4.641174    36.1187       3888    16.1958  0.000e+00
     88.585    17.1904   4.641103    36.1183       3889    16.2000  0.000e+00
     88.582    17.1901   4.641096    36.1185       3890    16.2042  0.000e+00
     88.562    17.1897   4.641053    36.1184       3891    16.2083  0.000e+00
     88.556    17.1894   4.641025    36.1184       3892    16.2125  0.000e+00
     88.549    17.1893   4.640996    36.1183       3893    16.2167  0.000e+00
     88.533    17.1891   4.640968    36.1182       3894    16.2208  0.000e+00
     88.514    17.1891   4.640890    36.1176       3895    16.2250  0.000e+00
     88.487    17.1886   4.640890    36.1180       3896    16.2292  0.000e+00
     88.465    17.1886   4.640861    36.1178       3897    16.2333  0.000e+00
     88.432    17.1884   4.640783    36.1173       3898    16.2375  0.000e+00
     88.394    17.1882   4.640669    36.1165       3899    16.2417  0.000e+00
     88.351    17.1878   4.640555    36.1159       3900    16.2458  0.000e+00
     88.302    17.1871   4.640370    36.1149       3901    16.2500  0.000e+00
     88.266    17.1866   4.640207    36.1139       3902    16.2542  0.000e+00
     88.214    17.1860   4.639986    36.1126       3903    16.2583  0.000e+00
     88.164    17.1850   4.639737    36.1113       3904    16.2625  0.000e+00
     88.118    17.1841   4.639688    36.1117       3905    16.2667  0.000e+00
     88.071    17.1835   4.639609    36.1116       3906    16.2708  0.000e+00
     88.019    17.1830   4.639524    36.1113       3907    16.2750  0.000e+00
