HB2303/sbe073.cnv
* Sea-Bird SBE 19plus V2 Data File:
* FileName = C:\cruise\data\sbe073.hex
* Software Version Seasave V 7.26.7.121
* Temperature SN = 6128
* Conductivity SN = 6128
* System UpLoad Time = Aug 15 2023 17:31:24
* NMEA Latitude = 40 35.08 N
* NMEA Longitude = 069 07.04 W
* NMEA UTC (Time) = Aug 15 2023 17:31:20
** Ship: Henry Bigelow
** Cruise:  HB2303
** Program:  ECOMON
# nquan = 7
# nvalues = 1814                                  
# units = specified
# name 0 = depSM: Depth [salt water, m]
# name 1 = tv290C: Temperature [ITS-90, deg C]
# name 2 = c0S/m: Conductivity [S/m]
# name 3 = sal00: Salinity, Practical [PSU]
# name 4 = scan: Scan Count
# name 5 = timeM: Time, Elapsed [minutes]
# name 6 = flag:  0.000e+00
# span 0 =     -0.159,     77.280                 
# span 1 =     9.9220,    25.2676                 
# span 2 =   0.000912,   4.670100                 
# span 3 =     0.0138,    34.2349                 
# span 4 =         11,       1824                 
# span 5 =     0.0417,     7.5958                 
# span 6 = 0.0000e+00, 0.0000e+00                 
# interval = seconds: 0.25
# start_time = Aug 15 2023 17:31:20 [NMEA time, header]
# bad_flag = -9.990e-29
*END*
[from data line 1436]
     23.111    11.2964   3.672209    32.4204       1447     6.0250  0.000e+00
     23.078    11.2961   3.672797    32.4264       1448     6.0292  0.000e+00
     23.037    11.2985   3.672933    32.4256       1449     6.0333  0.000e+00
     23.006    11.3011   3.673411    32.4281       1450     6.0375  0.000e+00
     22.968    11.3050   3.673753    32.4281       1451     6.0417  0.000e+00
     22.928    11.3094   3.675536    32.4417       1452     6.0458  0.000e+00
     22.883    11.3204   3.680209    32.4779       1453     6.0500  0.000e+00
     22.843    11.3464   3.680907    32.4619       1454     6.0542  0.000e+00
     22.783    11.3726   3.682523    32.4547       1455     6.0583  0.000e+00
     22.727    11.3954   3.683512    32.4444       1456     6.0625  0.000e+00
     22.659    11.4146   3.685407    32.4462       1457     6.0667  0.000e+00
     22.581    11.4350   3.688771    32.4613       1458     6.0708  0.000e+00
     22.509    11.4616   3.690182    32.4517       1459     6.0750  0.000e+00
     22.429    11.4883   3.691373    32.4400       1460     6.0792  0.000e+00
     22.339    11.5103   3.693528    32.4418       1461     6.0833  0.000e+00
     22.266    11.5326   3.697200    32.4581       1462     6.0875  0.000e+00
     22.172    11.5622   3.701624    32.4754       1463     6.0917  0.000e+00
     22.085    11.6000   3.704410    32.4695       1464     6.0958  0.000e+00
     22.009    11.6398   3.705486    32.4452       1465     6.1000  0.000e+00
     21.928    11.6706   3.706841    32.4315       1466     6.1042  0.000e+00
     21.857    11.6949   3.707320    32.4150       1467     6.1083  0.000e+00
     21.795    11.7127   3.708111    32.4072       1468     6.1125  0.000e+00
     21.721    11.7261   3.708740    32.4015       1469     6.1167  0.000e+00
     21.668    11.7378   3.709239    32.3963       1470     6.1208  0.000e+00
     21.609    11.7474   3.710750    32.4026       1471     6.1250  0.000e+00
     21.551    11.7595   3.714831    32.4317       1472     6.1292  0.000e+00
     21.500    11.7832   3.719147    32.4530       1473     6.1333  0.000e+00
     21.444    11.8178   3.722043    32.4508       1474     6.1375  0.000e+00
     21.388    11.8550   3.723692    32.4344       1475     6.1417  0.000e+00
     21.335    11.8864   3.724803    32.4178       1476     6.1458  0.000e+00
     21.275    11.9105   3.727245    32.4206       1477     6.1500  0.000e+00
     21.214    11.9335   3.729968    32.4269       1478     6.1542  0.000e+00
     21.145    11.9596   3.731066    32.4148       1479     6.1583  0.000e+00
     21.076    11.9821   3.731924    32.4036       1480     6.1625  0.000e+00
     21.004    12.0001   3.732425    32.3929       1481     6.1667  0.000e+00
     20.935    12.0133   3.733237    32.3893       1482     6.1708  0.000e+00
     20.864    12.0244   3.734642    32.3932       1483     6.1750  0.000e+00
     20.794    12.0369   3.736118    32.3966       1484     6.1792  0.000e+00
     20.732    12.0516   3.738661    32.4085       1485     6.1833  0.000e+00
     20.660    12.0714   3.740932    32.4132       1486     6.1875  0.000e+00
     20.587    12.0954   3.742943    32.4118       1487     6.1917  0.000e+00
     20.520    12.1203   3.745260    32.4125       1488     6.1958  0.000e+00
     20.447    12.1461   3.746607    32.4031       1489     6.2000  0.000e+00
     20.390    12.1697   3.747063    32.3871       1490     6.2042  0.000e+00
     20.317    12.1868   3.747206    32.3737       1491     6.2083  0.000e+00
     20.258    12.1980   3.747401    32.3659       1492     6.2125  0.000e+00
     20.196    12.2048   3.748013    32.3659       1493     6.2167  0.000e+00
     20.136    12.2112   3.749895    32.3785       1494     6.2208  0.000e+00
     20.080    12.2224   3.751504    32.3843       1495     6.2250  0.000e+00
     20.020    12.2375   3.753328    32.3888       1496     6.2292  0.000e+00
     19.964    12.2549   3.755707    32.3966       1497     6.2333  0.000e+00
     19.908    12.2762   3.759279    32.4125       1498     6.2375  0.000e+00
     19.852    12.3045   3.761301    32.4074       1499     6.2417  0.000e+00
     19.786    12.3351   3.766996    32.4355       1500     6.2458  0.000e+00
     19.723    12.3751   3.772988    32.4584       1501     6.2500  0.000e+00
     19.661    12.4291   3.777677    32.4565       1502     6.2542  0.000e+00
     19.596    12.4848   3.778597    32.4173       1503     6.2583  0.000e+00
     19.531    12.5272   3.780636    32.4002       1504     6.2625  0.000e+00
     19.453    12.5606   3.784950    32.4126       1505     6.2667  0.000e+00
     19.383    12.5969   3.788376    32.4140       1506     6.2708  0.000e+00
     19.314    12.6355   3.790403    32.4002       1507     6.2750  0.000e+00
     19.237    12.6705   3.795239    32.4160       1508     6.2792  0.000e+00
     19.165    12.7092   3.802572    32.4525       1509     6.2833  0.000e+00
     19.092    12.7661   3.806621    32.4421       1510     6.2875  0.000e+00
     19.006    12.8230   3.808822    32.4141       1511     6.2917  0.000e+00
     18.931    12.8704   3.811018    32.3943       1512     6.2958  0.000e+00
     18.850    12.9070   3.811391    32.3665       1513     6.3000  0.000e+00
     18.775    12.9332   3.812676    32.3563       1514     6.3042  0.000e+00
     18.703    12.9524   3.812695    32.3401       1515     6.3083  0.000e+00
     18.625    12.9659   3.814905    32.3494       1516     6.3125  0.000e+00
     18.565    12.9800   3.815561    32.3436       1517     6.3167  0.000e+00
     18.498    12.9933   3.815804    32.3346       1518     6.3208  0.000e+00
     18.433    13.0031   3.817450    32.3418       1519     6.3250  0.000e+00
     18.377    13.0146   3.817857    32.3358       1520     6.3292  0.000e+00
     18.319    13.0252   3.818900    32.3367       1521     6.3333  0.000e+00
     18.265    13.0352   3.820954    32.3475       1522     6.3375  0.000e+00
     18.210    13.0504   3.822621    32.3503       1523     6.3417  0.000e+00
     18.156    13.0668   3.823888    32.3482       1524     6.3458  0.000e+00
     18.100    13.0828   3.824045    32.3361       1525     6.3500  0.000e+00
     18.040    13.0948   3.824248    32.3278       1526     6.3542  0.000e+00
     17.973    13.1026   3.825634    32.3342       1527     6.3583  0.000e+00
     17.895    13.1119   3.827013    32.3393       1528     6.3625  0.000e+00
     17.817    13.1235   3.827374    32.3328       1529     6.3667  0.000e+00
     17.734    13.1332   3.827656    32.3273       1530     6.3708  0.000e+00
     17.645    13.1404   3.827892    32.3234       1531     6.3750  0.000e+00
     17.566    13.1459   3.829081    32.3299       1532     6.3792  0.000e+00
     17.474    13.1529   3.830520    32.3375       1533     6.3833  0.000e+00
     17.399    13.1640   3.832609    32.3477       1534     6.3875  0.000e+00
     17.323    13.1794   3.833792    32.3457       1535     6.3917  0.000e+00
     17.253    13.1960   3.834534    32.3386       1536     6.3958  0.000e+00
     17.182    13.2100   3.836441    32.3446       1537     6.4000  0.000e+00
     17.115    13.2257   3.838913    32.3545       1538     6.4042  0.000e+00
     17.054    13.2465   3.842286    32.3685       1539     6.4083  0.000e+00
     16.987    13.2737   3.845786    32.3782       1540     6.4125  0.000e+00
     16.916    13.3070   3.850657    32.3955       1541     6.4167  0.000e+00
     16.844    13.3471   3.854871    32.4009       1542     6.4208  0.000e+00
     16.771    13.3917   3.856866    32.3817       1543     6.4250  0.000e+00
     16.699    13.4299   3.862626    32.4031       1544     6.4292  0.000e+00
     16.623    13.4743   3.875212    32.4830       1545     6.4333  0.000e+00
     16.552    13.5474   3.885712    32.5187       1546     6.4375  0.000e+00
     16.480    13.6414   3.899499    32.5672       1547     6.4417  0.000e+00
     16.418    13.7517   3.912206    32.5914       1548     6.4458  0.000e+00
     16.362    13.8740   3.919602    32.5561       1549     6.4500  0.000e+00
     16.304    13.9823   3.922234    32.4888       1550     6.4542  0.000e+00
     16.255    14.0627   3.924634    32.4432       1551     6.4583  0.000e+00
     16.206    14.1182   3.926266    32.4115       1552     6.4625  0.000e+00
     16.161    14.1571   3.925940    32.3758       1553     6.4667  0.000e+00
     16.113    14.1800   3.928137    32.3768       1554     6.4708  0.000e+00
     16.061    14.1985   3.932107    32.3978       1555     6.4750  0.000e+00
     15.999    14.2219   3.933766    32.3934       1556     6.4792  0.000e+00
     15.938    14.2453   3.934184    32.3777       1557     6.4833  0.000e+00
     15.867    14.2614   3.936928    32.3893       1558     6.4875  0.000e+00
     15.789    14.2796   3.939804    32.4005       1559     6.4917  0.000e+00
     15.700    14.3015   3.943746    32.4182       1560     6.4958  0.000e+00
     15.597    14.3271   3.946538    32.4224       1561     6.5000  0.000e+00
     15.496    14.3564   3.949637    32.4262       1562     6.5042  0.000e+00
     15.404    14.3868   3.951400    32.4169       1563     6.5083  0.000e+00
     15.300    14.4141   3.953848    32.4165       1564     6.5125  0.000e+00
     15.214    14.4399   3.956676    32.4208       1565     6.5167  0.000e+00
     15.129    14.4661   3.958254    32.4132       1566     6.5208  0.000e+00
     15.058    14.4898   3.961790    32.4258       1567     6.5250  0.000e+00
     14.995    14.5166   3.965307    32.4354       1568     6.5292  0.000e+00
     14.931    14.5478   3.968045    32.4343       1569     6.5333  0.000e+00
     14.866    14.5798   3.969864    32.4242       1570     6.5375  0.000e+00
     14.810    14.6076   3.971611    32.4169       1571     6.5417  0.000e+00
     14.742    14.6325   3.973724    32.4153       1572     6.5458  0.000e+00
     14.671    14.6564   3.974291    32.4005       1573     6.5500  0.000e+00
     14.588    14.6758   3.974691    32.3881       1574     6.5542  0.000e+00
     14.510    14.6891   3.974977    32.3796       1575     6.5583  0.000e+00
     14.420    14.6980   3.975097    32.3733       1576     6.5625  0.000e+00
     14.329    14.7039   3.975237    32.3698       1577     6.5667  0.000e+00
     14.237    14.7079   3.975310    32.3671       1578     6.5708  0.000e+00
     14.141    14.7111   3.975737    32.3683       1579     6.5750  0.000e+00
     14.047    14.7143   3.975857    32.3668       1580     6.5792  0.000e+00
     13.955    14.7175   3.976431    32.3694       1581     6.5833  0.000e+00
     13.855    14.7213   3.976777    32.3695       1582     6.5875  0.000e+00
     13.765    14.7255   3.977491    32.3724       1583     6.5917  0.000e+00
     13.678    14.7314   3.978819    32.3796       1584     6.5958  0.000e+00
     13.591    14.7406   3.979246    32.3759       1585     6.6000  0.000e+00
     13.502    14.7496   3.980500    32.3798       1586     6.6042  0.000e+00
     13.421    14.7594   3.980787    32.3742       1587     6.6083  0.000e+00
     13.336    14.7680   3.981541    32.3740       1588     6.6125  0.000e+00
     13.249    14.7761   3.981874    32.3703       1589     6.6167  0.000e+00
     13.173    14.7827   3.982708    32.3724       1590     6.6208  0.000e+00
     13.099    14.7901   3.982922    32.3683       1591     6.6250  0.000e+00
     13.026    14.7966   3.982982    32.3634       1592     6.6292  0.000e+00
     12.961    14.8012   3.984557    32.3739       1593     6.6333  0.000e+00
     12.896    14.8091   3.985792    32.3785       1594     6.6375  0.000e+00
     12.834    14.8208   3.986460    32.3749       1595     6.6417  0.000e+00
     12.775    14.8318   3.987575    32.3758       1596     6.6458  0.000e+00
     12.715    14.8431   3.988430    32.3742       1597     6.6500  0.000e+00
     12.651    14.8541   3.989311    32.3731       1598     6.6542  0.000e+00
     12.583    14.8650   3.990266    32.3726       1599     6.6583  0.000e+00
     12.521    14.8756   3.991575    32.3757       1600     6.6625  0.000e+00
     12.454    14.8872   3.992524    32.3747       1601     6.6667  0.000e+00
     12.384    14.8993   3.994669    32.3840       1602     6.6708  0.000e+00
     12.306    14.9146   3.997670    32.3985       1603     6.6750  0.000e+00
     12.219    14.9366   4.000658    32.4073       1604     6.6792  0.000e+00
     12.128    14.9630   4.003928    32.4149       1605     6.6833  0.000e+00
     12.029    14.9929   4.006102    32.4097       1606     6.6875  0.000e+00
     11.922    15.0222   4.008517    32.4072       1607     6.6917  0.000e+00
     11.809    15.0495   4.012372    32.4194       1608     6.6958  0.000e+00
     11.696    15.0806   4.018386    32.4479       1609     6.7000  0.000e+00
     11.594    15.1232   4.022707    32.4515       1610     6.7042  0.000e+00
     11.496    15.1712   4.032188    32.4969       1611     6.7083  0.000e+00
     11.399    15.2332   4.045110    32.5616       1612     6.7125  0.000e+00
     11.317    15.3213   4.064783    32.6649       1613     6.7167  0.000e+00
     11.245    15.4518   4.089103    32.7739       1614     6.7208  0.000e+00
     11.170    15.6279   4.105834    32.7768       1615     6.7250  0.000e+00
     11.105    15.8149   4.110908    32.6670       1616     6.7292  0.000e+00
     11.038    15.9671   4.117427    32.5993       1617     6.7333  0.000e+00
     10.964    16.0853   4.141434    32.7139       1618     6.7375  0.000e+00
     10.888    16.2333   4.165329    32.8024       1619     6.7417  0.000e+00
     10.797    16.4255   4.185450    32.8207       1620     6.7458  0.000e+00
     10.698    16.6224   4.201434    32.7987       1621     6.7500  0.000e+00
     10.609    16.8094   4.209438    32.7156       1622     6.7542  0.000e+00
     10.515    16.9645   4.223772    32.7136       1623     6.7583  0.000e+00
     10.414    17.1047   4.230726    32.6599       1624     6.7625  0.000e+00
     10.327    17.2253   4.239377    32.6369       1625     6.7667  0.000e+00
     10.238    17.3268   4.246850    32.6192       1626     6.7708  0.000e+00
     10.135    17.4176   4.249090    32.5653       1627     6.7750  0.000e+00
     10.050    17.4871   4.257798    32.5840       1628     6.7792  0.000e+00
      9.967    17.5539   4.266830    32.6075       1629     6.7833  0.000e+00
      9.884    17.6306   4.272035    32.5904       1630     6.7875  0.000e+00
      9.795    17.7020   4.273037    32.5418       1631     6.7917  0.000e+00
      9.714    17.7529   4.274864    32.5167       1632     6.7958  0.000e+00
      9.621    17.7894   4.278218    32.5161       1633     6.8000  0.000e+00
      9.529    17.8214   4.280252    32.5078       1634     6.8042  0.000e+00
      9.440    17.8501   4.285884    32.5327       1635     6.8083  0.000e+00
      9.361    17.8863   4.291919    32.5550       1636     6.8125  0.000e+00
      9.287    17.9346   4.295395    32.5460       1637     6.8167  0.000e+00
      9.203    17.9840   4.302192    32.5641       1638     6.8208  0.000e+00
      9.134    18.0423   4.313622    32.6143       1639     6.8250  0.000e+00
      9.055    18.1251   4.325222    32.6462       1640     6.8292  0.000e+00
      8.981    18.2307   4.340140    32.6878       1641     6.8333  0.000e+00
      8.915    18.3599   4.353660    32.6986       1642     6.8375  0.000e+00
      8.850    18.5051   4.360480    32.6404       1643     6.8417  0.000e+00
      8.783    18.6304   4.364276    32.5731       1644     6.8458  0.000e+00
      8.711    18.7217   4.369586    32.5453       1645     6.8500  0.000e+00
      8.631    18.7953   4.376834    32.5476       1646     6.8542  0.000e+00
      8.573    18.8722   4.388359    32.5829       1647     6.8583  0.000e+00
      8.519    18.9686   4.395203    32.5639       1648     6.8625  0.000e+00
      8.462    19.0696   4.396807    32.4980       1649     6.8667  0.000e+00
      8.417    19.1474   4.399337    32.4581       1650     6.8708  0.000e+00
      8.383    19.2086   4.409975    32.4980       1651     6.8750  0.000e+00
