HB2303/sbe017.cnv
* Sea-Bird SBE 19plus V2 Data File:
* FileName = C:\cruise\data\sbe017.hex
* Software Version Seasave V 7.26.7.121
* Temperature SN = 6128
* Conductivity SN = 6128
* System UpLoad Time = Aug 10 2023 10:00:32
* NMEA Latitude = 39 36.81 N
* NMEA Longitude = 073 40.58 W
* NMEA UTC (Time) = Aug 10 2023 10:00:28
** Ship: Henry Bigelow
** Cruise:  HB2303
** Program:  ECOMON
# nquan = 7
# nvalues = 1493                                  
# units = specified
# name 0 = depSM: Depth [salt water, m]
# name 1 = tv290C: Temperature [ITS-90, deg C]
# name 2 = c0S/m: Conductivity [S/m]
# name 3 = sal00: Salinity, Practical [PSU]
# name 4 = scan: Scan Count
# name 5 = timeM: Time, Elapsed [minutes]
# name 6 = flag:  0.000e+00
# span 0 =     -0.223,     27.130                 
# span 1 =    12.4691,    24.1836                 
# span 2 =   0.000058,   4.694671                 
# span 3 =     0.0112,    32.5373                 
# span 4 =         11,       1503                 
# span 5 =     0.0417,     6.2583                 
# span 6 = 0.0000e+00, 0.0000e+00                 
# interval = seconds: 0.25
# start_time = Aug 10 2023 10:00:28 [NMEA time, header]
# bad_flag = -9.990e-29
*END*
[from data line 616]
     23.879    13.0975   3.825997    32.3396        627     2.6083  0.000e+00
     23.846    13.0985   3.826043    32.3392        628     2.6125  0.000e+00
     23.810    13.0993   3.826089    32.3389        629     2.6167  0.000e+00
     23.772    13.1001   3.826135    32.3387        630     2.6208  0.000e+00
     23.744    13.1008   3.826201    32.3387        631     2.6250  0.000e+00
     23.709    13.1017   3.826306    32.3390        632     2.6292  0.000e+00
     23.675    13.1026   3.826450    32.3396        633     2.6333  0.000e+00
     23.643    13.1039   3.826568    32.3396        634     2.6375  0.000e+00
     23.609    13.1054   3.826673    32.3394        635     2.6417  0.000e+00
     23.571    13.1069   3.826811    32.3393        636     2.6458  0.000e+00
     23.526    13.1085   3.827015    32.3399        637     2.6500  0.000e+00
     23.477    13.1104   3.827192    32.3400        638     2.6542  0.000e+00
     23.433    13.1122   3.827514    32.3415        639     2.6583  0.000e+00
     23.383    13.1153   3.828236    32.3457        640     2.6625  0.000e+00
     23.325    13.1198   3.829064    32.3497        641     2.6667  0.000e+00
     23.270    13.1265   3.829616    32.3491        642     2.6708  0.000e+00
     23.212    13.1335   3.830108    32.3478        643     2.6750  0.000e+00
     23.147    13.1404   3.830772    32.3482        644     2.6792  0.000e+00
     23.076    13.1473   3.831205    32.3465        645     2.6833  0.000e+00
     23.006    13.1536   3.831632    32.3452        646     2.6875  0.000e+00
     22.939    13.1591   3.831994    32.3439        647     2.6917  0.000e+00
     22.869    13.1643   3.832368    32.3430        648     2.6958  0.000e+00
     22.791    13.1690   3.832519    32.3405        649     2.7000  0.000e+00
     22.719    13.1727   3.832749    32.3395        650     2.7042  0.000e+00
     22.643    13.1757   3.833019    32.3395        651     2.7083  0.000e+00
     22.562    13.1789   3.833334    32.3398        652     2.7125  0.000e+00
     22.497    13.1821   3.833557    32.3392        653     2.7167  0.000e+00
     22.426    13.1852   3.833833    32.3392        654     2.7208  0.000e+00
     22.365    13.1883   3.834057    32.3386        655     2.7250  0.000e+00
     22.307    13.1911   3.834306    32.3386        656     2.7292  0.000e+00
     22.249    13.1943   3.834582    32.3385        657     2.7333  0.000e+00
     22.196    13.1974   3.834937    32.3392        658     2.7375  0.000e+00
     22.149    13.2007   3.835286    32.3397        659     2.7417  0.000e+00
     22.113    13.2043   3.835627    32.3399        660     2.7458  0.000e+00
     22.084    13.2080   3.835943    32.3397        661     2.7500  0.000e+00
     22.039    13.2115   3.836225    32.3394        662     2.7542  0.000e+00
     22.013    13.2149   3.836442    32.3386        663     2.7583  0.000e+00
     21.981    13.2180   3.836666    32.3381        664     2.7625  0.000e+00
     21.954    13.2208   3.836942    32.3383        665     2.7667  0.000e+00
     21.925    13.2236   3.837284    32.3391        666     2.7708  0.000e+00
     21.897    13.2267   3.837849    32.3417        667     2.7750  0.000e+00
     21.856    13.2311   3.838415    32.3433        668     2.7792  0.000e+00
     21.813    13.2361   3.839204    32.3465        669     2.7833  0.000e+00
     21.766    13.2427   3.840032    32.3487        670     2.7875  0.000e+00
     21.714    13.2502   3.840828    32.3498        671     2.7917  0.000e+00
     21.656    13.2583   3.841854    32.3525        672     2.7958  0.000e+00
     21.594    13.2679   3.843761    32.3623        673     2.8000  0.000e+00
     21.534    13.2810   3.846229    32.3743        674     2.8042  0.000e+00
     21.468    13.3003   3.848697    32.3811        675     2.8083  0.000e+00
     21.399    13.3234   3.851297    32.3858        676     2.8125  0.000e+00
     21.338    13.3494   3.854076    32.3897        677     2.8167  0.000e+00
     21.268    13.3781   3.857099    32.3936        678     2.8208  0.000e+00
     21.204    13.4101   3.860341    32.3968        679     2.8250  0.000e+00
     21.148    13.4443   3.863438    32.3967        680     2.8292  0.000e+00
     21.088    13.4799   3.865924    32.3897        681     2.8333  0.000e+00
     21.035    13.5144   3.868443    32.3839        682     2.8375  0.000e+00
     20.982    13.5475   3.871200    32.3816        683     2.8417  0.000e+00
     20.931    13.5805   3.874321    32.3828        684     2.8458  0.000e+00
     20.890    13.6150   3.877166    32.3800        685     2.8500  0.000e+00
     20.838    13.6498   3.879424    32.3716        686     2.8542  0.000e+00
     20.789    13.6829   3.881655    32.3644        687     2.8583  0.000e+00
     20.742    13.7143   3.883359    32.3537        688     2.8625  0.000e+00
     20.683    13.7435   3.884271    32.3375        689     2.8667  0.000e+00
     20.641    13.7703   3.885156    32.3231        690     2.8708  0.000e+00
     20.583    13.7946   3.886768    32.3176        691     2.8750  0.000e+00
     20.531    13.8172   3.888579    32.3153        692     2.8792  0.000e+00
     20.480    13.8381   3.890436    32.3149        693     2.8833  0.000e+00
     20.430    13.8585   3.892281    32.3149        694     2.8875  0.000e+00
     20.376    13.8783   3.894126    32.3153        695     2.8917  0.000e+00
     20.333    13.8980   3.895911    32.3152        696     2.8958  0.000e+00
     20.289    13.9172   3.897995    32.3184        697     2.9000  0.000e+00
     20.251    13.9369   3.900258    32.3227        698     2.9042  0.000e+00
     20.202    13.9578   3.902899    32.3295        699     2.9083  0.000e+00
     20.163    13.9810   3.905587    32.3348        700     2.9125  0.000e+00
     20.127    14.0060   3.908004    32.3361        701     2.9167  0.000e+00
     20.087    14.0312   3.910646    32.3394        702     2.9208  0.000e+00
     20.052    14.0563   3.912839    32.3384        703     2.9250  0.000e+00
     20.018    14.0805   3.915020    32.3382        704     2.9292  0.000e+00
     19.982    14.1036   3.918062    32.3468        705     2.9333  0.000e+00
     19.949    14.1286   3.920860    32.3516        706     2.9375  0.000e+00
     19.902    14.1549   3.922565    32.3452        707     2.9417  0.000e+00
     19.866    14.1785   3.924236    32.3408        708     2.9458  0.000e+00
     19.834    14.1988   3.925404    32.3345        709     2.9500  0.000e+00
     19.792    14.2162   3.926432    32.3294        710     2.9542  0.000e+00
     19.752    14.2309   3.927693    32.3287        711     2.9583  0.000e+00
     19.700    14.2451   3.928443    32.3237        712     2.9625  0.000e+00
     19.655    14.2575   3.928907    32.3176        713     2.9667  0.000e+00
     19.608    14.2684   3.929020    32.3095        714     2.9708  0.000e+00
     19.559    14.2779   3.927108    32.2841        715     2.9750  0.000e+00
     19.512    14.2839   3.922397    32.2360        716     2.9792  0.000e+00
     19.468    14.2802   3.914374    32.1656        717     2.9833  0.000e+00
     19.422    14.2635   3.908417    32.1249        718     2.9875  0.000e+00
     19.380    14.2421   3.908484    32.1433        719     2.9917  0.000e+00
     19.331    14.2285   3.909160    32.1609        720     2.9958  0.000e+00
     19.284    14.2231   3.909743    32.1708        721     3.0000  0.000e+00
     19.241    14.2231   3.911525    32.1871        722     3.0042  0.000e+00
     19.201    14.2297   3.915389    32.2171        723     3.0083  0.000e+00
     19.157    14.2468   3.916668    32.2145        724     3.0125  0.000e+00
     19.114    14.2650   3.917403    32.2062        725     3.0167  0.000e+00
     19.065    14.2788   3.918411    32.2039        726     3.0208  0.000e+00
     19.009    14.2908   3.920878    32.2165        727     3.0250  0.000e+00
     18.964    14.3054   3.921740    32.2122        728     3.0292  0.000e+00
     18.914    14.3190   3.922244    32.2055        729     3.0333  0.000e+00
     18.862    14.3293   3.922695    32.2011        730     3.0375  0.000e+00
     18.808    14.3368   3.923325    32.2006        731     3.0417  0.000e+00
     18.759    14.3435   3.924400    32.2049        732     3.0458  0.000e+00
     18.703    14.3511   3.925335    32.2071        733     3.0500  0.000e+00
     18.648    14.3592   3.926702    32.2129        734     3.0542  0.000e+00
     18.590    14.3686   3.927830    32.2154        735     3.0583  0.000e+00
     18.538    14.3788   3.928580    32.2138        736     3.0625  0.000e+00
     18.486    14.3883   3.930166    32.2204        737     3.0667  0.000e+00
     18.430    14.3992   3.931660    32.2250        738     3.0708  0.000e+00
     18.374    14.4120   3.934137    32.2369        739     3.0750  0.000e+00
     18.323    14.4288   3.938661    32.2644        740     3.0792  0.000e+00
     18.273    14.4549   3.942595    32.2785        741     3.0833  0.000e+00
     18.224    14.4868   3.946869    32.2909        742     3.0875  0.000e+00
     18.181    14.5227   3.953568    32.3221        743     3.0917  0.000e+00
     18.128    14.5692   3.958067    32.3243        744     3.0958  0.000e+00
     18.089    14.6179   3.963794    32.3359        745     3.1000  0.000e+00
     18.048    14.6676   3.966772    32.3217        746     3.1042  0.000e+00
     18.013    14.7125   3.970764    32.3206        747     3.1083  0.000e+00
     17.986    14.7539   3.976518    32.3384        748     3.1125  0.000e+00
     17.965    14.8007   3.984299    32.3700        749     3.1167  0.000e+00
     17.942    14.8583   3.991671    32.3889        750     3.1208  0.000e+00
     17.924    14.9241   3.999296    32.4032        751     3.1250  0.000e+00
     17.906    14.9952   4.010387    32.4443        752     3.1292  0.000e+00
     17.888    15.0806   4.024252    32.4983        753     3.1333  0.000e+00
     17.870    15.1855   4.036995    32.5258        754     3.1375  0.000e+00
     17.843    15.3013   4.045763    32.5084        755     3.1417  0.000e+00
     17.827    15.4107   4.054727    32.4982        756     3.1458  0.000e+00
     17.799    15.5119   4.066338    32.5183        757     3.1500  0.000e+00
     17.767    15.6164   4.078145    32.5373        758     3.1542  0.000e+00
     17.749    15.7349   4.081001    32.4651        759     3.1583  0.000e+00
     17.725    15.8585   4.085309    32.4019        760     3.1625  0.000e+00
     17.689    15.9798   4.098130    32.4160        761     3.1667  0.000e+00
     17.656    16.1098   4.112510    32.4365        762     3.1708  0.000e+00
     17.624    16.2543   4.124154    32.4210        763     3.1750  0.000e+00
     17.586    16.3964   4.138571    32.4317        764     3.1792  0.000e+00
     17.554    16.5394   4.156404    32.4713        765     3.1833  0.000e+00
     17.515    16.6960   4.168813    32.4524        766     3.1875  0.000e+00
     17.477    16.8613   4.180168    32.4173        767     3.1917  0.000e+00
     17.443    17.0277   4.190984    32.3768        768     3.1958  0.000e+00
     17.410    17.1808   4.199499    32.3273        769     3.2000  0.000e+00
     17.367    17.3132   4.207358    32.2890        770     3.2042  0.000e+00
     17.330    17.4272   4.216194    32.2737        771     3.2083  0.000e+00
     17.281    17.5312   4.223452    32.2529        772     3.2125  0.000e+00
     17.234    17.6261   4.221078    32.1575        773     3.2167  0.000e+00
     17.193    17.7004   4.214510    32.0431        774     3.2208  0.000e+00
     17.138    17.7504   4.208636    31.9540        775     3.2250  0.000e+00
     17.084    17.7817   4.205195    31.9004        776     3.2292  0.000e+00
     17.033    17.8045   4.204737    31.8787        777     3.2333  0.000e+00
     16.977    17.8281   4.203897    31.8531        778     3.2375  0.000e+00
     16.925    17.8563   4.203597    31.8286        779     3.2417  0.000e+00
     16.874    17.8815   4.202429    31.7991        780     3.2458  0.000e+00
     16.823    17.9003   4.197824    31.7457        781     3.2500  0.000e+00
     16.776    17.9206   4.195887    31.7136        782     3.2542  0.000e+00
     16.735    17.9414   4.193698    31.6790        783     3.2583  0.000e+00
     16.696    17.9543   4.192825    31.6616        784     3.2625  0.000e+00
     16.667    17.9614   4.192007    31.6493        785     3.2667  0.000e+00
     16.640    17.9644   4.189206    31.6233        786     3.2708  0.000e+00
     16.622    17.9672   4.188776    31.6176        787     3.2750  0.000e+00
     16.604    17.9739   4.189076    31.6149        788     3.2792  0.000e+00
     16.592    17.9806   4.189710    31.6151        789     3.2833  0.000e+00
     16.575    17.9870   4.190173    31.6140        790     3.2875  0.000e+00
     16.550    17.9936   4.191298    31.6184        791     3.2917  0.000e+00
     16.541    18.0024   4.192511    31.6218        792     3.2958  0.000e+00
     16.521    18.0138   4.193949    31.6251        793     3.3000  0.000e+00
     16.499    18.0277   4.195619    31.6284        794     3.3042  0.000e+00
     16.474    18.0447   4.197290    31.6294        795     3.3083  0.000e+00
     16.454    18.0636   4.199056    31.6296        796     3.3125  0.000e+00
     16.425    18.0833   4.200959    31.6304        797     3.3167  0.000e+00
     16.393    18.1044   4.203108    31.6322        798     3.3208  0.000e+00
     16.366    18.1297   4.204985    31.6284        799     3.3250  0.000e+00
     16.337    18.1588   4.207906    31.6304        800     3.3292  0.000e+00
     16.303    18.1927   4.212344    31.6415        801     3.3333  0.000e+00
     16.277    18.2340   4.217023    31.6489        802     3.3375  0.000e+00
     16.236    18.2825   4.221807    31.6516        803     3.3417  0.000e+00
     16.213    18.3367   4.226627    31.6501        804     3.3458  0.000e+00
     16.182    18.3921   4.231169    31.6454        805     3.3500  0.000e+00
     16.151    18.4466   4.236918    31.6515        806     3.3542  0.000e+00
     16.126    18.5064   4.246096    31.6820        807     3.3583  0.000e+00
     16.102    18.5847   4.258966    31.7289        808     3.3625  0.000e+00
     16.083    18.6920   4.272696    31.7605        809     3.3667  0.000e+00
     16.061    18.8231   4.283287    31.7477        810     3.3708  0.000e+00
     16.036    18.9539   4.291363    31.7142        811     3.3750  0.000e+00
     16.012    19.0750   4.303641    31.7229        812     3.3792  0.000e+00
     15.989    19.2114   4.322607    31.7747        813     3.3833  0.000e+00
     15.958    19.3873   4.338308    31.7693        814     3.3875  0.000e+00
     15.934    19.5763   4.349492    31.7171        815     3.3917  0.000e+00
     15.911    19.7482   4.360590    31.6774        816     3.3958  0.000e+00
     15.887    19.9093   4.374510    31.6688        817     3.4000  0.000e+00
     15.853    20.0685   4.389088    31.6668        818     3.4042  0.000e+00
     15.820    20.2338   4.408829    31.7016        819     3.4083  0.000e+00
     15.782    20.4234   4.434773    31.7675        820     3.4125  0.000e+00
     15.741    20.6634   4.457380    31.7685        821     3.4167  0.000e+00
     15.701    20.9194   4.474957    31.7174        822     3.4208  0.000e+00
     15.657    21.1604   4.498197    31.7224        823     3.4250  0.000e+00
     15.619    21.4047   4.518667    31.7029        824     3.4292  0.000e+00
     15.581    21.6463   4.531985    31.6295        825     3.4333  0.000e+00
     15.536    21.8600   4.541168    31.5449        826     3.4375  0.000e+00
     15.498    22.0306   4.550218    31.4909        827     3.4417  0.000e+00
     15.457    22.1721   4.558224    31.4504        828     3.4458  0.000e+00
     15.419    22.2937   4.566540    31.4266        829     3.4500  0.000e+00
     15.395    22.4026   4.574524    31.4095        830     3.4542  0.000e+00
