HB2303/sbe072.cnv
* Sea-Bird SBE 19plus V2 Data File:
* FileName = C:\cruise\data\sbe072.hex
* Software Version Seasave V 7.26.7.121
* Temperature SN = 6128
* Conductivity SN = 6128
* System UpLoad Time = Aug 15 2023 13:50:26
* NMEA Latitude = 40 19.61 N
* NMEA Longitude = 069 42.49 W
* NMEA UTC (Time) = Aug 15 2023 13:50:22
** Ship: Henry Bigelow
** Cruise:  HB2303
** Program:  ECOMON
# nquan = 7
# nvalues = 1721                                  
# units = specified
# name 0 = depSM: Depth [salt water, m]
# name 1 = tv290C: Temperature [ITS-90, deg C]
# name 2 = c0S/m: Conductivity [S/m]
# name 3 = sal00: Salinity, Practical [PSU]
# name 4 = scan: Scan Count
# name 5 = timeM: Time, Elapsed [minutes]
# name 6 = flag:  0.000e+00
# span 0 =     -0.261,     70.233                 
# span 1 =     9.0973,    24.8600                 
# span 2 =   0.000840,   4.813130                 
# span 3 =     0.0136,    33.8558                 
# span 4 =         11,       1731                 
# span 5 =     0.0417,     7.2083                 
# span 6 = 0.0000e+00, 0.0000e+00                 
# interval = seconds: 0.25
# start_time = Aug 15 2023 13:50:22 [NMEA time, header]
# bad_flag = -9.990e-29
*END*
[from data line 616]
     69.902     9.0991   3.514455    32.7845        627     2.6083  0.000e+00
     69.893     9.0992   3.514455    32.7844        628     2.6125  0.000e+00
     69.890     9.0992   3.514480    32.7847        629     2.6167  0.000e+00
     69.890     9.0995   3.514455    32.7842        630     2.6208  0.000e+00
     69.879     9.0994   3.514468    32.7845        631     2.6250  0.000e+00
     69.875     9.0995   3.514391    32.7836        632     2.6292  0.000e+00
     69.862     9.0993   3.514391    32.7837        633     2.6333  0.000e+00
     69.851     9.0992   3.514391    32.7838        634     2.6375  0.000e+00
     69.833     9.0989   3.514391    32.7841        635     2.6417  0.000e+00
     69.810     9.0986   3.514372    32.7842        636     2.6458  0.000e+00
     69.786     9.0986   3.514379    32.7843        637     2.6500  0.000e+00
     69.762     9.0986   3.514347    32.7840        638     2.6542  0.000e+00
     69.735     9.0983   3.514309    32.7838        639     2.6583  0.000e+00
     69.711     9.0983   3.514283    32.7836        640     2.6625  0.000e+00
     69.675     9.0981   3.514264    32.7836        641     2.6667  0.000e+00
     69.628     9.0978   3.514042    32.7816        642     2.6708  0.000e+00
     69.577     9.0978   3.514239    32.7837        643     2.6750  0.000e+00
     69.516     9.0975   3.514239    32.7839        644     2.6792  0.000e+00
     69.452     9.0973   3.514283    32.7846        645     2.6833  0.000e+00
     69.387     9.0975   3.514347    32.7851        646     2.6875  0.000e+00
     69.315     9.0980   3.514347    32.7847        647     2.6917  0.000e+00
     69.248     9.0984   3.514334    32.7843        648     2.6958  0.000e+00
     69.175     9.0986   3.514309    32.7839        649     2.7000  0.000e+00
     69.099     9.0985   3.514283    32.7837        650     2.7042  0.000e+00
     69.025     9.0984   3.514328    32.7842        651     2.7083  0.000e+00
     68.949     9.0985   3.514309    32.7840        652     2.7125  0.000e+00
     68.890     9.0987   3.514290    32.7837        653     2.7167  0.000e+00
     68.834     9.0984   3.514309    32.7841        654     2.7208  0.000e+00
     68.772     9.0984   3.514309    32.7841        655     2.7250  0.000e+00
     68.720     9.0987   3.514283    32.7837        656     2.7292  0.000e+00
     68.671     9.0985   3.514264    32.7837        657     2.7333  0.000e+00
     68.624     9.0984   3.514264    32.7838        658     2.7375  0.000e+00
     68.579     9.0982   3.514264    32.7840        659     2.7417  0.000e+00
     68.530     9.0982   3.514220    32.7836        660     2.7458  0.000e+00
     68.470     9.0981   3.514239    32.7838        661     2.7500  0.000e+00
     68.407     9.0981   3.514239    32.7839        662     2.7542  0.000e+00
     68.329     9.0980   3.514220    32.7839        663     2.7583  0.000e+00
     68.249     9.0980   3.514239    32.7841        664     2.7625  0.000e+00
     68.171     9.0981   3.514245    32.7840        665     2.7667  0.000e+00
     68.070     9.0980   3.514238    32.7841        666     2.7708  0.000e+00
     67.976     9.0981   3.514219    32.7839        667     2.7750  0.000e+00
     67.886     9.0981   3.514200    32.7838        668     2.7792  0.000e+00
     67.782     9.0981   3.514264    32.7844        669     2.7833  0.000e+00
     67.692     9.0981   3.514175    32.7835        670     2.7875  0.000e+00
     67.598     9.0982   3.514175    32.7835        671     2.7917  0.000e+00
     67.515     9.0980   3.514175    32.7838        672     2.7958  0.000e+00
     67.435     9.0980   3.514175    32.7838        673     2.8000  0.000e+00
     67.367     9.0978   3.514175    32.7840        674     2.8042  0.000e+00
     67.303     9.0978   3.514156    32.7838        675     2.8083  0.000e+00
     67.240     9.0978   3.514130    32.7836        676     2.8125  0.000e+00
     67.182     9.0977   3.514156    32.7840        677     2.8167  0.000e+00
     67.128     9.0977   3.514130    32.7838        678     2.8208  0.000e+00
     67.072     9.0977   3.514130    32.7837        679     2.8250  0.000e+00
     67.014     9.0977   3.514219    32.7847        680     2.8292  0.000e+00
     66.956     9.0980   3.514263    32.7849        681     2.8333  0.000e+00
     66.895     9.0983   3.514219    32.7842        682     2.8375  0.000e+00
     66.828     9.0985   3.514156    32.7834        683     2.8417  0.000e+00
     66.757     9.0984   3.514156    32.7835        684     2.8458  0.000e+00
     66.687     9.0981   3.514175    32.7840        685     2.8500  0.000e+00
     66.598     9.0981   3.514219    32.7845        686     2.8542  0.000e+00
     66.500     9.0984   3.514200    32.7840        687     2.8583  0.000e+00
     66.390     9.0985   3.514155    32.7836        688     2.8625  0.000e+00
     66.285     9.0984   3.514130    32.7835        689     2.8667  0.000e+00
     66.186     9.0983   3.514174    32.7840        690     2.8708  0.000e+00
     66.081     9.0984   3.514200    32.7843        691     2.8750  0.000e+00
     65.974     9.0985   3.514333    32.7856        692     2.8792  0.000e+00
     65.873     9.0992   3.514346    32.7851        693     2.8833  0.000e+00
     65.779     9.0997   3.514409    32.7854        694     2.8875  0.000e+00
     65.683     9.1003   3.514390    32.7847        695     2.8917  0.000e+00
     65.580     9.1008   3.514346    32.7838        696     2.8958  0.000e+00
     65.486     9.1008   3.514326    32.7836        697     2.9000  0.000e+00
     65.388     9.1009   3.514263    32.7830        698     2.9042  0.000e+00
     65.294     9.1008   3.514390    32.7844        699     2.9083  0.000e+00
     65.194     9.1008   3.514479    32.7854        700     2.9125  0.000e+00
     65.093     9.1011   3.514587    32.7862        701     2.9167  0.000e+00
     64.995     9.1020   3.514587    32.7855        702     2.9208  0.000e+00
     64.891     9.1027   3.514669    32.7857        703     2.9250  0.000e+00
     64.787     9.1034   3.514713    32.7856        704     2.9292  0.000e+00
     64.686     9.1043   3.514517    32.7828        705     2.9333  0.000e+00
     64.579     9.1050   3.514777    32.7848        706     2.9375  0.000e+00
     64.476     9.1053   3.514669    32.7835        707     2.9417  0.000e+00
     64.357     9.1053   3.514650    32.7834        708     2.9458  0.000e+00
     64.248     9.1050   3.514650    32.7837        709     2.9500  0.000e+00
     64.145     9.1051   3.514605    32.7832        710     2.9542  0.000e+00
     64.042     9.1047   3.514453    32.7820        711     2.9583  0.000e+00
     63.941     9.1041   3.514345    32.7815        712     2.9625  0.000e+00
     63.838     9.1032   3.514370    32.7826        713     2.9667  0.000e+00
     63.741     9.1027   3.514465    32.7841        714     2.9708  0.000e+00
     63.645     9.1026   3.514408    32.7837        715     2.9750  0.000e+00
     63.554     9.1026   3.514434    32.7840        716     2.9792  0.000e+00
     63.466     9.1027   3.514370    32.7833        717     2.9833  0.000e+00
     63.366     9.1025   3.514389    32.7837        718     2.9875  0.000e+00
     63.272     9.1023   3.514478    32.7848        719     2.9917  0.000e+00
     63.178     9.1026   3.514446    32.7843        720     2.9958  0.000e+00
     63.073     9.1026   3.514408    32.7839        721     3.0000  0.000e+00
     62.966     9.1028   3.514478    32.7845        722     3.0042  0.000e+00
     62.854     9.1029   3.514478    32.7845        723     3.0083  0.000e+00
     62.740     9.1033   3.514560    32.7850        724     3.0125  0.000e+00
     62.630     9.1037   3.514421    32.7832        725     3.0167  0.000e+00
     62.521     9.1037   3.514325    32.7823        726     3.0208  0.000e+00
     62.413     9.1032   3.514173    32.7813        727     3.0250  0.000e+00
     62.295     9.1021   3.514217    32.7827        728     3.0292  0.000e+00
     62.180     9.1016   3.514389    32.7851        729     3.0333  0.000e+00
     62.071     9.1019   3.514389    32.7848        730     3.0375  0.000e+00
     61.959     9.1021   3.514401    32.7848        731     3.0417  0.000e+00
     61.849     9.1026   3.514389    32.7843        732     3.0458  0.000e+00
     61.738     9.1030   3.514389    32.7840        733     3.0500  0.000e+00
     61.626     9.1029   3.514325    32.7835        734     3.0542  0.000e+00
     61.527     9.1029   3.514306    32.7833        735     3.0583  0.000e+00
     61.416     9.1028   3.514357    32.7840        736     3.0625  0.000e+00
     61.312     9.1026   3.514173    32.7823        737     3.0667  0.000e+00
     61.216     9.1023   3.514173    32.7826        738     3.0708  0.000e+00
     61.116     9.1020   3.514128    32.7825        739     3.0750  0.000e+00
     61.022     9.1014   3.514173    32.7836        740     3.0792  0.000e+00
     60.941     9.1011   3.514090    32.7830        741     3.0833  0.000e+00
     60.849     9.1009   3.514014    32.7824        742     3.0875  0.000e+00
     60.764     9.1004   3.514065    32.7834        743     3.0917  0.000e+00
     60.677     9.1001   3.514109    32.7842        744     3.0958  0.000e+00
     60.585     9.1003   3.514198    32.7850        745     3.1000  0.000e+00
     60.487     9.1008   3.514065    32.7832        746     3.1042  0.000e+00
     60.387     9.1005   3.513969    32.7825        747     3.1083  0.000e+00
     60.277     9.1002   3.513937    32.7825        748     3.1125  0.000e+00
     60.168     9.0996   3.514045    32.7843        749     3.1167  0.000e+00
     60.054     9.0997   3.514172    32.7856        750     3.1208  0.000e+00
     59.937     9.1003   3.514280    32.7862        751     3.1250  0.000e+00
     59.820     9.1012   3.514198    32.7845        752     3.1292  0.000e+00
     59.698     9.1017   3.514013    32.7822        753     3.1333  0.000e+00
     59.595     9.1011   3.513956    32.7823        754     3.1375  0.000e+00
     59.489     9.1004   3.513982    32.7831        755     3.1417  0.000e+00
     59.389     9.1002   3.513982    32.7834        756     3.1458  0.000e+00
     59.295     9.1000   3.514109    32.7849        757     3.1500  0.000e+00
     59.207     9.1005   3.514667    32.7903        758     3.1542  0.000e+00
     59.123     9.1026   3.514883    32.7906        759     3.1583  0.000e+00
     59.040     9.1054   3.514775    32.7870        760     3.1625  0.000e+00
     58.959     9.1070   3.514692    32.7847        761     3.1667  0.000e+00
     58.877     9.1074   3.514692    32.7844        762     3.1708  0.000e+00
     58.803     9.1077   3.514603    32.7832        763     3.1750  0.000e+00
     58.718     9.1078   3.514718    32.7844        764     3.1792  0.000e+00
     58.630     9.1079   3.514622    32.7833        765     3.1833  0.000e+00
     58.530     9.1078   3.514667    32.7839        766     3.1875  0.000e+00
     58.425     9.1077   3.514667    32.7841        767     3.1917  0.000e+00
     58.315     9.1077   3.514559    32.7830        768     3.1958  0.000e+00
     58.203     9.1077   3.515143    32.7891        769     3.2000  0.000e+00
     58.093     9.1090   3.514895    32.7854        770     3.2042  0.000e+00
     57.980     9.1100   3.514794    32.7834        771     3.2083  0.000e+00
     57.875     9.1100   3.515117    32.7869        772     3.2125  0.000e+00
     57.774     9.1108   3.515612    32.7913        773     3.2167  0.000e+00
     57.680     9.1131   3.515739    32.7905        774     3.2208  0.000e+00
     57.586     9.1161   3.515396    32.7842        775     3.2250  0.000e+00
     57.499     9.1169   3.515377    32.7834        776     3.2292  0.000e+00
     57.423     9.1167   3.515333    32.7831        777     3.2333  0.000e+00
     57.351     9.1165   3.515917    32.7894        778     3.2375  0.000e+00
     57.285     9.1179   3.516196    32.7910        779     3.2417  0.000e+00
     57.217     9.1208   3.516196    32.7884        780     3.2458  0.000e+00
     57.151     9.1230   3.516069    32.7851        781     3.2500  0.000e+00
     57.078     9.1238   3.515955    32.7832        782     3.2542  0.000e+00
     57.014     9.1235   3.515783    32.7817        783     3.2583  0.000e+00
     56.931     9.1227   3.515396    32.7785        784     3.2625  0.000e+00
     56.851     9.1207   3.515117    32.7774        785     3.2667  0.000e+00
     56.770     9.1181   3.515282    32.7816        786     3.2708  0.000e+00
     56.680     9.1168   3.515593    32.7860        787     3.2750  0.000e+00
     56.576     9.1170   3.515377    32.7836        788     3.2792  0.000e+00
     56.486     9.1169   3.514755    32.7773        789     3.2833  0.000e+00
     56.389     9.1149   3.514926    32.7810        790     3.2875  0.000e+00
     56.289     9.1133   3.515459    32.7881        791     3.2917  0.000e+00
     56.191     9.1141   3.515707    32.7899        792     3.2958  0.000e+00
     56.099     9.1166   3.515891    32.7896        793     3.3000  0.000e+00
     56.005     9.1191   3.516126    32.7897        794     3.3042  0.000e+00
     55.913     9.1215   3.516126    32.7876        795     3.3083  0.000e+00
     55.828     9.1232   3.515980    32.7845        796     3.3125  0.000e+00
     55.745     9.1238   3.516050    32.7848        797     3.3167  0.000e+00
     55.660     9.1241   3.516475    32.7889        798     3.3208  0.000e+00
     55.569     9.1260   3.517205    32.7948        799     3.3250  0.000e+00
     55.482     9.1294   3.516646    32.7859        800     3.3292  0.000e+00
     55.390     9.1312   3.516964    32.7875        801     3.3333  0.000e+00
     55.296     9.1327   3.516729    32.7838        802     3.3375  0.000e+00
     55.202     9.1331   3.517046    32.7868        803     3.3417  0.000e+00
     55.111     9.1336   3.517935    32.7956        804     3.3458  0.000e+00
     55.012     9.1377   3.517954    32.7920        805     3.3500  0.000e+00
     54.914     9.1414   3.518341    32.7927        806     3.3542  0.000e+00
     54.815     9.1452   3.519160    32.7977        807     3.3583  0.000e+00
     54.711     9.1503   3.520945    32.8115        808     3.3625  0.000e+00
     54.607     9.1601   3.521961    32.8131        809     3.3667  0.000e+00
     54.503     9.1724   3.521440    32.7965        810     3.3708  0.000e+00
     54.402     9.1793   3.521034    32.7859        811     3.3750  0.000e+00
     54.312     9.1811   3.520773    32.7817        812     3.3792  0.000e+00
     54.219     9.1803   3.520881    32.7835        813     3.3833  0.000e+00
     54.122     9.1804   3.522304    32.7981        814     3.3875  0.000e+00
     54.031     9.1843   3.522120    32.7928        815     3.3917  0.000e+00
     53.953     9.1885   3.521357    32.7810        816     3.3958  0.000e+00
     53.872     9.1879   3.521592    32.7841        817     3.4000  0.000e+00
     53.805     9.1876   3.521656    32.7851        818     3.4042  0.000e+00
     53.736     9.1874   3.521205    32.7806        819     3.4083  0.000e+00
     53.686     9.1864   3.521789    32.7875        820     3.4125  0.000e+00
     53.628     9.1866   3.521618    32.7856        821     3.4167  0.000e+00
     53.572     9.1880   3.522221    32.7906        822     3.4208  0.000e+00
     53.512     9.1901   3.522412    32.7907        823     3.4250  0.000e+00
     53.451     9.1928   3.522628    32.7905        824     3.4292  0.000e+00
     53.387     9.1956   3.522996    32.7917        825     3.4333  0.000e+00
     53.319     9.1984   3.523466    32.7940        826     3.4375  0.000e+00
     53.243     9.2027   3.523479    32.7903        827     3.4417  0.000e+00
     53.163     9.2053   3.523339    32.7864        828     3.4458  0.000e+00
     53.071     9.2065   3.522755    32.7793        829     3.4500  0.000e+00
     52.962     9.2051   3.524025    32.7938        830     3.4542  0.000e+00
