HB2303/sbe058.cnv
* Sea-Bird SBE 19plus V2 Data File:
* FileName = C:\cruise\data\sbe058.hex
* Software Version Seasave V 7.26.7.121
* Temperature SN = 6128
* Conductivity SN = 6128
* System UpLoad Time = Aug 14 2023 01:09:06
* NMEA Latitude = 39 45.00 N
* NMEA Longitude = 072 16.07 W
* NMEA UTC (Time) = Aug 14 2023 01:09:02
** Ship: Henry Bigelow
** Cruise:  HB2303
** Program:  ECOMON
# nquan = 7
# nvalues = 2457                                  
# units = specified
# name 0 = depSM: Depth [salt water, m]
# name 1 = tv290C: Temperature [ITS-90, deg C]
# name 2 = c0S/m: Conductivity [S/m]
# name 3 = sal00: Salinity, Practical [PSU]
# name 4 = scan: Scan Count
# name 5 = timeM: Time, Elapsed [minutes]
# name 6 = flag:  0.000e+00
# span 0 =     -0.242,     93.393                 
# span 1 =     9.6445,    24.3241                 
# span 2 =   0.008662,   5.066419                 
# span 3 =     0.0463,    34.9460                 
# span 4 =         11,       2467                 
# span 5 =     0.0417,    10.2750                 
# span 6 = 0.0000e+00, 0.0000e+00                 
# interval = seconds: 0.25
# start_time = Aug 14 2023 01:09:02 [NMEA time, header]
# bad_flag = -9.990e-29
*END*
[from data line 2052]
     23.082    15.6140   4.267157    34.2260       2063     8.5917  0.000e+00
     23.010    15.7073   4.272946    34.1970       2064     8.5958  0.000e+00
     22.936    15.7841   4.277742    34.1733       2065     8.6000  0.000e+00
     22.860    15.8465   4.283723    34.1728       2066     8.6042  0.000e+00
     22.794    15.9025   4.287658    34.1596       2067     8.6083  0.000e+00
     22.736    15.9506   4.291655    34.1537       2068     8.6125  0.000e+00
     22.694    15.9924   4.293892    34.1375       2069     8.6167  0.000e+00
     22.647    16.0271   4.296838    34.1339       2070     8.6208  0.000e+00
     22.613    16.0571   4.298036    34.1187       2071     8.6250  0.000e+00
     22.577    16.0811   4.299930    34.1149       2072     8.6292  0.000e+00
     22.562    16.1007   4.301191    34.1092       2073     8.6333  0.000e+00
     22.544    16.1172   4.302410    34.1058       2074     8.6375  0.000e+00
     22.523    16.1319   4.303347    34.1016       2075     8.6417  0.000e+00
     22.505    16.1442   4.303801    34.0950       2076     8.6458  0.000e+00
     22.487    16.1542   4.304725    34.0946       2077     8.6500  0.000e+00
     22.463    16.1632   4.306144    34.0995       2078     8.6542  0.000e+00
     22.439    16.1742   4.308116    34.1075       2079     8.6583  0.000e+00
     22.403    16.1884   4.310026    34.1122       2080     8.6625  0.000e+00
     22.375    16.2059   4.311901    34.1138       2081     8.6667  0.000e+00
     22.341    16.2256   4.314225    34.1174       2082     8.6708  0.000e+00
     22.301    16.2480   4.314494    34.1007       2083     8.6750  0.000e+00
     22.261    16.2675   4.315597    34.0938       2084     8.6792  0.000e+00
     22.223    16.2844   4.310803    34.0369       2085     8.6833  0.000e+00
     22.176    16.2885   4.304854    33.9809       2086     8.6875  0.000e+00
     22.122    16.2756   4.303152    33.9769       2087     8.6917  0.000e+00
     22.062    16.2630   4.310128    34.0494       2088     8.6958  0.000e+00
     22.010    16.2751   4.319178    34.1190       2089     8.7000  0.000e+00
     21.948    16.3151   4.321497    34.1052       2090     8.7042  0.000e+00
     21.886    16.3556   4.322622    34.0804       2091     8.7083  0.000e+00
     21.823    16.3846   4.323740    34.0655       2092     8.7125  0.000e+00
     21.752    16.4047   4.324250    34.0529       2093     8.7167  0.000e+00
     21.691    16.4173   4.315567    33.9657       2094     8.7208  0.000e+00
     21.625    16.4136   4.310387    33.9233       2095     8.7250  0.000e+00
     21.569    16.3981   4.311029    33.9422       2096     8.7292  0.000e+00
     21.507    16.3886   4.313622    33.9731       2097     8.7333  0.000e+00
     21.453    16.3915   4.319811    34.0252       2098     8.7375  0.000e+00
     21.404    16.4138   4.328808    34.0854       2099     8.7417  0.000e+00
     21.355    16.4592   4.338124    34.1286       2100     8.7458  0.000e+00
     21.314    16.5222   4.348402    34.1651       2101     8.7500  0.000e+00
     21.272    16.5980   4.356190    34.1687       2102     8.7542  0.000e+00
     21.237    16.6754   4.362161    34.1550       2103     8.7583  0.000e+00
     21.200    16.7439   4.366540    34.1350       2104     8.7625  0.000e+00
     21.170    16.8018   4.369729    34.1136       2105     8.7667  0.000e+00
     21.135    16.8480   4.372142    34.0954       2106     8.7708  0.000e+00
     21.101    16.8847   4.374986    34.0890       2107     8.7750  0.000e+00
     21.074    16.9167   4.378164    34.0896       2108     8.7792  0.000e+00
     21.032    16.9483   4.381113    34.0885       2109     8.7833  0.000e+00
     20.988    16.9800   4.383397    34.0815       2110     8.7875  0.000e+00
     20.949    17.0088   4.380522    34.0322       2111     8.7917  0.000e+00
     20.891    17.0257   4.375081    33.9706       2112     8.7958  0.000e+00
     20.835    17.0244   4.370842    33.9349       2113     8.8000  0.000e+00
     20.775    17.0136   4.369934    33.9361       2114     8.8042  0.000e+00
     20.713    17.0069   4.373381    33.9718       2115     8.8083  0.000e+00
     20.646    17.0164   4.377038    33.9956       2116     8.8125  0.000e+00
     20.574    17.0411   4.385438    34.0477       2117     8.8167  0.000e+00
     20.506    17.0863   4.398475    34.1226       2118     8.8208  0.000e+00
     20.443    17.1603   4.409668    34.1571       2119     8.8250  0.000e+00
     20.378    17.2483   4.417808    34.1532       2120     8.8292  0.000e+00
     20.313    17.3333   4.418810    34.0900       2121     8.8333  0.000e+00
     20.246    17.3925   4.409923    33.9636       2122     8.8375  0.000e+00
     20.188    17.4117   4.403541    33.8926       2123     8.8417  0.000e+00
     20.130    17.4032   4.403638    33.9005       2124     8.8458  0.000e+00
     20.066    17.3998   4.405586    33.9202       2125     8.8500  0.000e+00
     20.012    17.4104   4.404842    33.9050       2126     8.8542  0.000e+00
     19.956    17.4206   4.401801    33.8702       2127     8.8583  0.000e+00
     19.903    17.4249   4.404841    33.8929       2128     8.8625  0.000e+00
     19.854    17.4355   4.409609    33.9250       2129     8.8667  0.000e+00
     19.790    17.4599   4.416732    33.9659       2130     8.8708  0.000e+00
     19.736    17.5021   4.428385    34.0307       2131     8.8750  0.000e+00
     19.682    17.5696   4.442047    34.0915       2132     8.8792  0.000e+00
     19.633    17.6612   4.455992    34.1343       2133     8.8833  0.000e+00
     19.579    17.7718   4.471691    34.1759       2134     8.8875  0.000e+00
     19.522    17.8947   4.481406    34.1558       2135     8.8917  0.000e+00
     19.475    18.0092   4.491129    34.1428       2136     8.8958  0.000e+00
     19.426    18.1109   4.499633    34.1302       2137     8.9000  0.000e+00
     19.381    18.2046   4.525343    34.2702       2138     8.9042  0.000e+00
     19.329    18.3373   4.552835    34.3920       2139     8.9083  0.000e+00
     19.289    18.5143   4.578373    34.4594       2140     8.9125  0.000e+00
     19.243    18.7167   4.615027    34.5983       2141     8.9167  0.000e+00
     19.193    18.9597   4.641799    34.6193       2142     8.9208  0.000e+00
     19.149    19.2055   4.659998    34.5661       2143     8.9250  0.000e+00
     19.093    19.4199   4.678113    34.5384       2144     8.9292  0.000e+00
     19.041    19.6105   4.710484    34.6480       2145     8.9333  0.000e+00
     18.976    19.8185   4.728846    34.6271       2146     8.9375  0.000e+00
     18.913    20.0255   4.746600    34.6020       2147     8.9417  0.000e+00
     18.840    20.2065   4.752314    34.5002       2148     8.9458  0.000e+00
     18.771    20.3481   4.751033    34.3743       2149     8.9500  0.000e+00
     18.700    20.4339   4.752605    34.3174       2150     8.9542  0.000e+00
     18.616    20.4851   4.754034    34.2875       2151     8.9583  0.000e+00
     18.523    20.5189   4.755284    34.2703       2152     8.9625  0.000e+00
     18.437    20.5426   4.756915    34.2644       2153     8.9667  0.000e+00
     18.351    20.5607   4.757346    34.2532       2154     8.9708  0.000e+00
     18.264    20.5736   4.756691    34.2376       2155     8.9750  0.000e+00
     18.186    20.5803   4.755563    34.2231       2156     8.9792  0.000e+00
     18.113    20.5815   4.755707    34.2232       2157     8.9833  0.000e+00
     18.045    20.5823   4.756914    34.2324       2158     8.9875  0.000e+00
     17.989    20.5862   4.759228    34.2479       2159     8.9917  0.000e+00
     17.940    20.5966   4.762269    34.2641       2160     8.9958  0.000e+00
     17.886    20.6138   4.764843    34.2710       2161     9.0000  0.000e+00
     17.846    20.6346   4.766785    34.2699       2162     9.0042  0.000e+00
     17.804    20.6545   4.768986    34.2715       2163     9.0083  0.000e+00
     17.755    20.6746   4.771756    34.2777       2164     9.0125  0.000e+00
     17.714    20.6962   4.774706    34.2840       2165     9.0167  0.000e+00
     17.663    20.7204   4.778694    34.2967       2166     9.0208  0.000e+00
     17.623    20.7486   4.782619    34.3055       2167     9.0250  0.000e+00
     17.571    20.7802   4.785875    34.3062       2168     9.0292  0.000e+00
     17.507    20.8122   4.787878    34.2965       2169     9.0333  0.000e+00
     17.455    20.8401   4.789182    34.2846       2170     9.0375  0.000e+00
     17.383    20.8624   4.790053    34.2736       2171     9.0417  0.000e+00
     17.317    20.8789   4.791062    34.2684       2172     9.0458  0.000e+00
     17.254    20.8919   4.793095    34.2743       2173     9.0500  0.000e+00
     17.180    20.9063   4.795301    34.2804       2174     9.0542  0.000e+00
     17.107    20.9229   4.796945    34.2803       2175     9.0583  0.000e+00
     17.036    20.9398   4.799029    34.2834       2176     9.0625  0.000e+00
     16.953    20.9573   4.802247    34.2952       2177     9.0667  0.000e+00
     16.888    20.9793   4.804671    34.2969       2178     9.0708  0.000e+00
     16.805    21.0026   4.808085    34.3055       2179     9.0750  0.000e+00
     16.735    21.0296   4.812042    34.3156       2180     9.0792  0.000e+00
     16.655    21.0603   4.815378    34.3175       2181     9.0833  0.000e+00
     16.595    21.0928   4.819345    34.3231       2182     9.0875  0.000e+00
     16.532    21.1270   4.824078    34.3335       2183     9.0917  0.000e+00
     16.477    21.1653   4.830044    34.3505       2184     9.0958  0.000e+00
     16.432    21.2101   4.839552    34.3903       2185     9.1000  0.000e+00
     16.373    21.2715   4.846329    34.3950       2186     9.1042  0.000e+00
     16.328    21.3411   4.849552    34.3649       2187     9.1083  0.000e+00
     16.277    21.3990   4.850327    34.3246       2188     9.1125  0.000e+00
     16.241    21.4389   4.850572    34.2947       2189     9.1167  0.000e+00
     16.190    21.4620   4.850739    34.2776       2190     9.1208  0.000e+00
     16.148    21.4756   4.851151    34.2701       2191     9.1250  0.000e+00
     16.096    21.4840   4.852311    34.2726       2192     9.1292  0.000e+00
     16.052    21.4932   4.853565    34.2752       2193     9.1333  0.000e+00
     15.999    21.5040   4.856015    34.2860       2194     9.1375  0.000e+00
     15.949    21.5200   4.858284    34.2912       2195     9.1417  0.000e+00
     15.894    21.5397   4.861214    34.2987       2196     9.1458  0.000e+00
     15.833    21.5637   4.863317    34.2962       2197     9.1500  0.000e+00
     15.781    21.5887   4.867031    34.3057       2198     9.1542  0.000e+00
     15.722    21.6190   4.872148    34.3221       2199     9.1583  0.000e+00
     15.660    21.6585   4.880580    34.3572       2200     9.1625  0.000e+00
     15.602    21.7153   4.888101    34.3714       2201     9.1667  0.000e+00
     15.543    21.7880   4.896690    34.3812       2202     9.1708  0.000e+00
     15.488    21.8689   4.905277    34.3844       2203     9.1750  0.000e+00
     15.428    21.9534   4.915255    34.3956       2204     9.1792  0.000e+00
     15.365    22.0423   4.924440    34.3971       2205     9.1833  0.000e+00
     15.300    22.1372   4.935369    34.4074       2206     9.1875  0.000e+00
     15.237    22.2410   4.944774    34.3987       2207     9.1917  0.000e+00
     15.174    22.3449   4.952183    34.3744       2208     9.1958  0.000e+00
     15.100    22.4406   4.958873    34.3509       2209     9.2000  0.000e+00
     15.031    22.5314   4.965121    34.3280       2210     9.2042  0.000e+00
     14.949    22.6154   4.970383    34.3028       2211     9.2083  0.000e+00
     14.879    22.6920   4.976959    34.2936       2212     9.2125  0.000e+00
     14.805    22.7665   4.981494    34.2703       2213     9.2167  0.000e+00
     14.729    22.8324   4.983648    34.2354       2214     9.2208  0.000e+00
     14.662    22.8834   4.987489    34.2252       2215     9.2250  0.000e+00
     14.587    22.9303   4.991038    34.2160       2216     9.2292  0.000e+00
     14.520    22.9752   4.992350    34.1911       2217     9.2333  0.000e+00
     14.454    23.0118   4.994096    34.1761       2218     9.2375  0.000e+00
     14.398    23.0406   4.995761    34.1665       2219     9.2417  0.000e+00
     14.345    23.0639   4.997617    34.1627       2220     9.2458  0.000e+00
     14.284    23.0840   5.000054    34.1657       2221     9.2500  0.000e+00
     14.233    23.1065   5.003064    34.1713       2222     9.2542  0.000e+00
     14.180    23.1328   5.004789    34.1642       2223     9.2583  0.000e+00
     14.133    23.1578   5.005795    34.1525       2224     9.2625  0.000e+00
     14.083    23.1768   5.006801    34.1455       2225     9.2667  0.000e+00
     14.043    23.1910   5.007689    34.1413       2226     9.2708  0.000e+00
     13.993    23.2028   5.008666    34.1397       2227     9.2750  0.000e+00
     13.954    23.2132   5.010473    34.1454       2228     9.2792  0.000e+00
     13.899    23.2273   5.012949    34.1535       2229     9.2833  0.000e+00
     13.852    23.2482   5.014559    34.1496       2230     9.2875  0.000e+00
     13.798    23.2717   5.015477    34.1384       2231     9.2917  0.000e+00
     13.734    23.2916   5.016719    34.1325       2232     9.2958  0.000e+00
     13.665    23.3086   5.018189    34.1306       2233     9.3000  0.000e+00
     13.591    23.3246   5.021785    34.1457       2234     9.3042  0.000e+00
     13.504    23.3479   5.026419    34.1631       2235     9.3083  0.000e+00
     13.419    23.3814   5.029288    34.1591       2236     9.3125  0.000e+00
     13.327    23.4176   5.029751    34.1347       2237     9.3167  0.000e+00
     13.238    23.4483   5.030994    34.1205       2238     9.3208  0.000e+00
     13.152    23.4763   5.033681    34.1193       2239     9.3250  0.000e+00
     13.056    23.5062   5.037612    34.1262       2240     9.3292  0.000e+00
     12.967    23.5451   5.045435    34.1558       2241     9.3333  0.000e+00
     12.891    23.6061   5.048655    34.1332       2242     9.3375  0.000e+00
     12.804    23.6701   5.053130    34.1179       2243     9.3417  0.000e+00
     12.730    23.7308   5.056595    34.0976       2244     9.3458  0.000e+00
     12.671    23.7893   5.060047    34.0788       2245     9.3500  0.000e+00
     12.618    23.8416   5.061942    34.0530       2246     9.3542  0.000e+00
     12.564    23.8898   5.061993    34.0165       2247     9.3583  0.000e+00
     12.512    23.9322   5.064318    34.0017       2248     9.3625  0.000e+00
     12.463    23.9719   5.065284    33.9787       2249     9.3667  0.000e+00
     12.422    24.0113   5.066044    33.9544       2250     9.3708  0.000e+00
     12.380    24.0507   5.066419    33.9272       2251     9.3750  0.000e+00
     12.329    24.0871   5.065688    33.8941       2252     9.3792  0.000e+00
     12.283    24.1162   5.064410    33.8624       2253     9.3833  0.000e+00
     12.233    24.1361   5.062808    33.8353       2254     9.3875  0.000e+00
     12.178    24.1475   5.057045    33.7835       2255     9.3917  0.000e+00
     12.124    24.1550   5.056086    33.7706       2256     9.3958  0.000e+00
     12.061    24.1610   5.056809    33.7715       2257     9.4000  0.000e+00
     11.993    24.1707   5.055297    33.7529       2258     9.4042  0.000e+00
     11.921    24.1794   5.046095    33.6774       2259     9.4083  0.000e+00
     11.845    24.1841   5.040178    33.6295       2260     9.4125  0.000e+00
     11.764    24.1852   5.044091    33.6580       2261     9.4167  0.000e+00
     11.673    24.2030   5.042182    33.6304       2262     9.4208  0.000e+00
     11.575    24.2297   5.031415    33.5298       2263     9.4250  0.000e+00
     11.474    24.2492   5.028986    33.4971       2264     9.4292  0.000e+00
     11.371    24.2600   5.023835    33.4505       2265     9.4333  0.000e+00
     11.273    24.2599   5.011726    33.3601       2266     9.4375  0.000e+00
