HB2303/sbe088.cnv
* Sea-Bird SBE 19plus V2 Data File:
* FileName = C:\cruise\data\sbe088.hex
* Software Version Seasave V 7.26.7.121
* Temperature SN = 6128
* Conductivity SN = 6128
* System UpLoad Time = Aug 17 2023 03:04:44
* NMEA Latitude = 41 38.45 N
* NMEA Longitude = 067 27.65 W
* NMEA UTC (Time) = Aug 17 2023 03:04:40
** Ship: Henry Bigelow
** Cruise:  HB2303
** Program:  ECOMON
# nquan = 7
# nvalues = 1412                                  
# units = specified
# name 0 = depSM: Depth [salt water, m]
# name 1 = tv290C: Temperature [ITS-90, deg C]
# name 2 = c0S/m: Conductivity [S/m]
# name 3 = sal00: Salinity, Practical [PSU]
# name 4 = scan: Scan Count
# name 5 = timeM: Time, Elapsed [minutes]
# name 6 = flag:  0.000e+00
# span 0 =      0.007,     48.514                 
# span 1 =    17.5117,    17.9581                 
# span 2 =   0.001826,   4.275739                 
# span 3 =     0.0159,    32.3844                 
# span 4 =         11,       1422                 
# span 5 =     0.0417,     5.9208                 
# span 6 = 0.0000e+00, 0.0000e+00                 
# interval = seconds: 0.25
# start_time = Aug 17 2023 03:04:40 [NMEA time, header]
# bad_flag = -9.990e-29
*END*
[from data line 821]
     27.540    17.9517   4.274704    32.3509        832     3.4625  0.000e+00
     27.492    17.9520   4.274772    32.3513        833     3.4667  0.000e+00
     27.459    17.9529   4.274724    32.3502        834     3.4708  0.000e+00
     27.432    17.9532   4.274745    32.3501        835     3.4750  0.000e+00
     27.419    17.9534   4.274745    32.3500        836     3.4792  0.000e+00
     27.427    17.9533   4.274704    32.3497        837     3.4833  0.000e+00
     27.436    17.9530   4.274745    32.3502        838     3.4875  0.000e+00
     27.448    17.9535   4.274779    32.3502        839     3.4917  0.000e+00
     27.455    17.9534   4.274676    32.3494        840     3.4958  0.000e+00
     27.455    17.9533   4.274752    32.3501        841     3.5000  0.000e+00
     27.446    17.9533   4.274848    32.3509        842     3.5042  0.000e+00
     27.430    17.9535   4.274772    32.3501        843     3.5083  0.000e+00
     27.398    17.9537   4.274752    32.3498        844     3.5125  0.000e+00
     27.351    17.9536   4.274820    32.3504        845     3.5167  0.000e+00
     27.282    17.9536   4.274779    32.3501        846     3.5208  0.000e+00
     27.206    17.9538   4.274820    32.3504        847     3.5250  0.000e+00
     27.105    17.9537   4.274855    32.3507        848     3.5292  0.000e+00
     26.991    17.9543   4.274676    32.3488        849     3.5333  0.000e+00
     26.872    17.9539   4.274800    32.3502        850     3.5375  0.000e+00
     26.755    17.9538   4.274827    32.3506        851     3.5417  0.000e+00
     26.638    17.9536   4.274820    32.3507        852     3.5458  0.000e+00
     26.522    17.9538   4.274779    32.3502        853     3.5500  0.000e+00
     26.417    17.9538   4.274772    32.3502        854     3.5542  0.000e+00
     26.315    17.9537   4.274751    32.3502        855     3.5583  0.000e+00
     26.214    17.9537   4.274847    32.3510        856     3.5625  0.000e+00
     26.132    17.9539   4.274799    32.3504        857     3.5667  0.000e+00
     26.053    17.9539   4.274854    32.3509        858     3.5708  0.000e+00
     25.988    17.9541   4.274847    32.3508        859     3.5750  0.000e+00
     25.932    17.9543   4.274827    32.3505        860     3.5792  0.000e+00
     25.882    17.9546   4.274847    32.3504        861     3.5833  0.000e+00
     25.844    17.9545   4.274593    32.3483        862     3.5875  0.000e+00
     25.822    17.9537   4.274620    32.3492        863     3.5917  0.000e+00
     25.808    17.9533   4.274724    32.3504        864     3.5958  0.000e+00
     25.797    17.9533   4.274779    32.3509        865     3.6000  0.000e+00
     25.784    17.9534   4.274620    32.3495        866     3.6042  0.000e+00
     25.778    17.9533   4.274469    32.3483        867     3.6083  0.000e+00
     25.786    17.9527   4.274552    32.3494        868     3.6125  0.000e+00
     25.789    17.9524   4.274909    32.3527        869     3.6167  0.000e+00
     25.793    17.9533   4.274943    32.3523        870     3.6208  0.000e+00
     25.798    17.9542   4.274868    32.3509        871     3.6250  0.000e+00
     25.807    17.9547   4.274930    32.3511        872     3.6292  0.000e+00
     25.804    17.9549   4.274943    32.3510        873     3.6333  0.000e+00
     25.796    17.9551   4.274882    32.3503        874     3.6375  0.000e+00
     25.785    17.9550   4.274923    32.3508        875     3.6417  0.000e+00
     25.765    17.9552   4.275040    32.3516        876     3.6458  0.000e+00
     25.726    17.9555   4.275033    32.3513        877     3.6500  0.000e+00
     25.675    17.9558   4.275040    32.3512        878     3.6542  0.000e+00
     25.614    17.9558   4.274930    32.3502        879     3.6583  0.000e+00
     25.523    17.9557   4.274923    32.3503        880     3.6625  0.000e+00
     25.413    17.9557   4.274957    32.3506        881     3.6667  0.000e+00
     25.285    17.9555   4.274847    32.3499        882     3.6708  0.000e+00
     25.146    17.9551   4.274819    32.3500        883     3.6750  0.000e+00
     25.001    17.9547   4.274909    32.3511        884     3.6792  0.000e+00
     24.842    17.9548   4.274799    32.3502        885     3.6833  0.000e+00
     24.682    17.9548   4.274751    32.3498        886     3.6875  0.000e+00
     24.528    17.9546   4.274744    32.3500        887     3.6917  0.000e+00
     24.398    17.9543   4.274778    32.3506        888     3.6958  0.000e+00
     24.283    17.9542   4.274744    32.3504        889     3.7000  0.000e+00
     24.180    17.9544   4.274771    32.3505        890     3.7042  0.000e+00
     24.108    17.9542   4.274778    32.3508        891     3.7083  0.000e+00
     24.059    17.9543   4.274798    32.3508        892     3.7125  0.000e+00
     24.032    17.9544   4.274778    32.3506        893     3.7167  0.000e+00
     24.030    17.9547   4.274743    32.3501        894     3.7208  0.000e+00
     24.048    17.9546   4.274778    32.3505        895     3.7250  0.000e+00
     24.086    17.9543   4.274771    32.3506        896     3.7292  0.000e+00
     24.130    17.9546   4.274798    32.3506        897     3.7333  0.000e+00
     24.184    17.9543   4.274778    32.3506        898     3.7375  0.000e+00
     24.238    17.9545   4.274798    32.3506        899     3.7417  0.000e+00
     24.289    17.9545   4.274805    32.3507        900     3.7458  0.000e+00
     24.330    17.9543   4.274771    32.3505        901     3.7500  0.000e+00
     24.372    17.9543   4.274805    32.3508        902     3.7542  0.000e+00
     24.388    17.9544   4.274799    32.3507        903     3.7583  0.000e+00
     24.374    17.9544   4.274819    32.3508        904     3.7625  0.000e+00
     24.352    17.9546   4.274805    32.3506        905     3.7667  0.000e+00
     24.312    17.9545   4.274799    32.3506        906     3.7708  0.000e+00
     24.253    17.9543   4.274778    32.3506        907     3.7750  0.000e+00
     24.173    17.9543   4.274771    32.3506        908     3.7792  0.000e+00
     24.080    17.9543   4.274778    32.3507        909     3.7833  0.000e+00
     23.970    17.9543   4.274798    32.3509        910     3.7875  0.000e+00
     23.860    17.9543   4.274743    32.3504        911     3.7917  0.000e+00
     23.744    17.9543   4.274702    32.3502        912     3.7958  0.000e+00
     23.636    17.9539   4.274675    32.3503        913     3.8000  0.000e+00
     23.538    17.9539   4.274675    32.3504        914     3.8042  0.000e+00
     23.443    17.9539   4.274674    32.3504        915     3.8083  0.000e+00
     23.365    17.9536   4.274647    32.3504        916     3.8125  0.000e+00
     23.300    17.9536   4.274674    32.3506        917     3.8167  0.000e+00
     23.246    17.9535   4.274619    32.3503        918     3.8208  0.000e+00
     23.204    17.9535   4.274647    32.3505        919     3.8250  0.000e+00
     23.170    17.9535   4.274647    32.3505        920     3.8292  0.000e+00
     23.148    17.9535   4.274674    32.3508        921     3.8333  0.000e+00
     23.137    17.9537   4.274722    32.3510        922     3.8375  0.000e+00
     23.125    17.9538   4.274695    32.3507        923     3.8417  0.000e+00
     23.105    17.9539   4.274702    32.3507        924     3.8458  0.000e+00
     23.088    17.9537   4.274722    32.3511        925     3.8500  0.000e+00
     23.063    17.9542   4.274722    32.3507        926     3.8542  0.000e+00
     23.041    17.9541   4.274722    32.3507        927     3.8583  0.000e+00
     23.007    17.9539   4.274722    32.3509        928     3.8625  0.000e+00
     22.967    17.9539   4.274647    32.3503        929     3.8667  0.000e+00
     22.920    17.9539   4.274674    32.3505        930     3.8708  0.000e+00
     22.869    17.9538   4.274207    32.3467        931     3.8750  0.000e+00
     22.817    17.9536   4.274647    32.3506        932     3.8792  0.000e+00
     22.753    17.9538   4.274619    32.3502        933     3.8833  0.000e+00
     22.689    17.9537   4.274599    32.3501        934     3.8875  0.000e+00
     22.620    17.9535   4.274544    32.3498        935     3.8917  0.000e+00
     22.544    17.9531   4.274523    32.3500        936     3.8958  0.000e+00
     22.472    17.9530   4.274598    32.3508        937     3.9000  0.000e+00
     22.398    17.9530   4.274619    32.3510        938     3.9042  0.000e+00
     22.333    17.9535   4.274598    32.3505        939     3.9083  0.000e+00
     22.266    17.9534   4.274571    32.3503        940     3.9125  0.000e+00
     22.204    17.9532   4.274571    32.3505        941     3.9167  0.000e+00
     22.161    17.9530   4.274591    32.3508        942     3.9208  0.000e+00
     22.116    17.9533   4.274598    32.3507        943     3.9250  0.000e+00
     22.084    17.9532   4.274598    32.3507        944     3.9292  0.000e+00
     22.051    17.9533   4.274591    32.3506        945     3.9333  0.000e+00
     22.031    17.9534   4.274598    32.3506        946     3.9375  0.000e+00
     22.011    17.9534   4.274571    32.3504        947     3.9417  0.000e+00
     21.990    17.9536   4.274550    32.3500        948     3.9458  0.000e+00
     21.973    17.9535   4.274571    32.3503        949     3.9500  0.000e+00
     21.955    17.9533   4.274571    32.3505        950     3.9542  0.000e+00
     21.926    17.9535   4.274550    32.3502        951     3.9583  0.000e+00
     21.901    17.9533   4.274571    32.3505        952     3.9625  0.000e+00
     21.870    17.9530   4.274550    32.3505        953     3.9667  0.000e+00
     21.836    17.9531   4.274571    32.3507        954     3.9708  0.000e+00
     21.791    17.9531   4.274571    32.3507        955     3.9750  0.000e+00
     21.746    17.9531   4.274543    32.3505        956     3.9792  0.000e+00
     21.685    17.9530   4.274495    32.3501        957     3.9833  0.000e+00
     21.625    17.9530   4.274474    32.3500        958     3.9875  0.000e+00
     21.553    17.9528   4.274488    32.3503        959     3.9917  0.000e+00
     21.479    17.9527   4.274474    32.3503        960     3.9958  0.000e+00
     21.398    17.9526   4.274488    32.3505        961     4.0000  0.000e+00
     21.319    17.9527   4.274474    32.3503        962     4.0042  0.000e+00
     21.234    17.9527   4.274474    32.3504        963     4.0083  0.000e+00
     21.151    17.9526   4.274440    32.3502        964     4.0125  0.000e+00
     21.068    17.9525   4.274474    32.3506        965     4.0167  0.000e+00
     21.003    17.9526   4.274440    32.3502        966     4.0208  0.000e+00
     20.930    17.9528   4.274447    32.3502        967     4.0250  0.000e+00
     20.871    17.9527   4.274467    32.3504        968     4.0292  0.000e+00
     20.808    17.9528   4.274474    32.3505        969     4.0333  0.000e+00
     20.752    17.9526   4.274447    32.3504        970     4.0375  0.000e+00
     20.690    17.9529   4.274488    32.3506        971     4.0417  0.000e+00
     20.645    17.9528   4.274495    32.3507        972     4.0458  0.000e+00
     20.602    17.9529   4.274488    32.3506        973     4.0500  0.000e+00
     20.560    17.9530   4.274447    32.3502        974     4.0542  0.000e+00
     20.523    17.9531   4.274515    32.3507        975     4.0583  0.000e+00
     20.481    17.9526   4.274474    32.3507        976     4.0625  0.000e+00
     20.439    17.9530   4.274446    32.3502        977     4.0667  0.000e+00
     20.394    17.9528   4.274467    32.3505        978     4.0708  0.000e+00
     20.353    17.9529   4.274446    32.3503        979     4.0750  0.000e+00
     20.319    17.9528   4.274412    32.3501        980     4.0792  0.000e+00
     20.281    17.9526   4.274426    32.3504        981     4.0833  0.000e+00
     20.250    17.9526   4.274385    32.3500        982     4.0875  0.000e+00
     20.230    17.9529   4.274446    32.3504        983     4.0917  0.000e+00
     20.212    17.9525   4.274426    32.3505        984     4.0958  0.000e+00
     20.194    17.9526   4.274412    32.3503        985     4.1000  0.000e+00
     20.179    17.9526   4.274398    32.3502        986     4.1042  0.000e+00
     20.161    17.9527   4.274439    32.3505        987     4.1083  0.000e+00
     20.138    17.9526   4.274446    32.3506        988     4.1125  0.000e+00
     20.105    17.9526   4.274412    32.3503        989     4.1167  0.000e+00
     20.060    17.9527   4.274398    32.3501        990     4.1208  0.000e+00
     20.004    17.9525   4.274474    32.3510        991     4.1250  0.000e+00
     19.941    17.9528   4.274487    32.3509        992     4.1292  0.000e+00
     19.869    17.9530   4.274549    32.3513        993     4.1333  0.000e+00
     19.789    17.9529   4.274570    32.3516        994     4.1375  0.000e+00
     19.694    17.9536   4.274597    32.3513        995     4.1417  0.000e+00
     19.609    17.9537   4.274590    32.3512        996     4.1458  0.000e+00
     19.513    17.9539   4.274570    32.3509        997     4.1500  0.000e+00
     19.416    17.9539   4.274549    32.3507        998     4.1542  0.000e+00
     19.329    17.9539   4.274542    32.3507        999     4.1583  0.000e+00
     19.242    17.9537   4.274473    32.3503       1000     4.1625  0.000e+00
     19.165    17.9538   4.274439    32.3500       1001     4.1667  0.000e+00
     19.091    17.9531   4.274398    32.3502       1002     4.1708  0.000e+00
     19.025    17.9530   4.274412    32.3504       1003     4.1750  0.000e+00
     18.963    17.9528   4.274473    32.3511       1004     4.1792  0.000e+00
     18.912    17.9530   4.274446    32.3507       1005     4.1833  0.000e+00
     18.867    17.9530   4.274411    32.3504       1006     4.1875  0.000e+00
     18.831    17.9531   4.274425    32.3505       1007     4.1917  0.000e+00
     18.800    17.9531   4.274439    32.3506       1008     4.1958  0.000e+00
     18.769    17.9532   4.274446    32.3506       1009     4.2000  0.000e+00
     18.748    17.9530   4.274411    32.3505       1010     4.2042  0.000e+00
     18.739    17.9531   4.274398    32.3503       1011     4.2083  0.000e+00
     18.720    17.9528   4.274370    32.3503       1012     4.2125  0.000e+00
     18.713    17.9527   4.274363    32.3503       1013     4.2167  0.000e+00
     18.699    17.9527   4.274398    32.3506       1014     4.2208  0.000e+00
     18.683    17.9528   4.274411    32.3507       1015     4.2250  0.000e+00
     18.663    17.9529   4.274398    32.3505       1016     4.2292  0.000e+00
     18.648    17.9528   4.274336    32.3501       1017     4.2333  0.000e+00
     18.629    17.9528   4.274322    32.3499       1018     4.2375  0.000e+00
     18.594    17.9526   4.274301    32.3500       1019     4.2417  0.000e+00
     18.556    17.9523   4.274308    32.3502       1020     4.2458  0.000e+00
     18.515    17.9522   4.274301    32.3503       1021     4.2500  0.000e+00
     18.457    17.9522   4.274308    32.3503       1022     4.2542  0.000e+00
     18.395    17.9522   4.274301    32.3504       1023     4.2583  0.000e+00
     18.327    17.9524   4.274322    32.3504       1024     4.2625  0.000e+00
     18.249    17.9520   4.274281    32.3504       1025     4.2667  0.000e+00
     18.162    17.9522   4.274274    32.3502       1026     4.2708  0.000e+00
     18.076    17.9524   4.274281    32.3501       1027     4.2750  0.000e+00
     17.982    17.9521   4.274322    32.3508       1028     4.2792  0.000e+00
     17.894    17.9522   4.274281    32.3503       1029     4.2833  0.000e+00
     17.809    17.9522   4.274301    32.3505       1030     4.2875  0.000e+00
     17.726    17.9522   4.274274    32.3503       1031     4.2917  0.000e+00
     17.645    17.9522   4.274308    32.3506       1032     4.2958  0.000e+00
     17.569    17.9522   4.274274    32.3504       1033     4.3000  0.000e+00
     17.504    17.9524   4.274280    32.3503       1034     4.3042  0.000e+00
     17.450    17.9522   4.274253    32.3503       1035     4.3083  0.000e+00
