HB2303/sbe060.cnv
* Sea-Bird SBE 19plus V2 Data File:
* FileName = C:\cruise\data\sbe060.hex
* Software Version Seasave V 7.26.7.121
* Temperature SN = 6128
* Conductivity SN = 6128
* System UpLoad Time = Aug 14 2023 05:09:26
* NMEA Latitude = 40 17.79 N
* NMEA Longitude = 072 30.74 W
* NMEA UTC (Time) = Aug 14 2023 05:09:22
** Ship: Henry Bigelow
** Cruise:  HB2303
** Program:  ECOMON
# nquan = 7
# nvalues = 1305                                  
# units = specified
# name 0 = depSM: Depth [salt water, m]
# name 1 = tv290C: Temperature [ITS-90, deg C]
# name 2 = c0S/m: Conductivity [S/m]
# name 3 = sal00: Salinity, Practical [PSU]
# name 4 = scan: Scan Count
# name 5 = timeM: Time, Elapsed [minutes]
# name 6 = flag:  0.000e+00
# span 0 =     -0.179,     49.383                 
# span 1 =    10.5188,    24.0138                 
# span 2 =   0.000174,   4.697005                 
# span 3 =     0.0114,    33.7284                 
# span 4 =         11,       1315                 
# span 5 =     0.0417,     5.4750                 
# span 6 = 0.0000e+00, 0.0000e+00                 
# interval = seconds: 0.25
# start_time = Aug 14 2023 05:09:22 [NMEA time, header]
# bad_flag = -9.990e-29
*END*
[from data line 411]
     48.323    10.5241   3.645659    32.8335        422     1.7542  0.000e+00
     48.271    10.5245   3.645614    32.8327        423     1.7583  0.000e+00
     48.218    10.5246   3.645569    32.8322        424     1.7625  0.000e+00
     48.160    10.5247   3.645504    32.8315        425     1.7667  0.000e+00
     48.100    10.5249   3.645549    32.8318        426     1.7708  0.000e+00
     48.035    10.5252   3.645659    32.8327        427     1.7750  0.000e+00
     47.969    10.5255   3.645685    32.8326        428     1.7792  0.000e+00
     47.891    10.5263   3.645659    32.8317        429     1.7833  0.000e+00
     47.823    10.5267   3.645685    32.8317        430     1.7875  0.000e+00
     47.736    10.5272   3.645685    32.8312        431     1.7917  0.000e+00
     47.653    10.5273   3.645672    32.8311        432     1.7958  0.000e+00
     47.572    10.5274   3.645594    32.8302        433     1.8000  0.000e+00
     47.485    10.5272   3.645234    32.8268        434     1.8042  0.000e+00
     47.396    10.5266   3.644963    32.8247        435     1.8083  0.000e+00
     47.313    10.5250   3.644783    32.8243        436     1.8125  0.000e+00
     47.236    10.5232   3.644493    32.8231        437     1.8167  0.000e+00
     47.153    10.5212   3.644203    32.8221        438     1.8208  0.000e+00
     47.073    10.5195   3.644313    32.8247        439     1.8250  0.000e+00
     47.006    10.5188   3.644519    32.8275        440     1.8292  0.000e+00
     46.945    10.5190   3.644738    32.8295        441     1.8333  0.000e+00
     46.895    10.5201   3.644873    32.8299        442     1.8375  0.000e+00
     46.846    10.5218   3.644828    32.8279        443     1.8417  0.000e+00
     46.802    10.5233   3.644538    32.8236        444     1.8458  0.000e+00
     46.762    10.5237   3.644493    32.8229        445     1.8500  0.000e+00
     46.721    10.5237   3.644338    32.8213        446     1.8542  0.000e+00
     46.680    10.5235   3.644306    32.8212        447     1.8583  0.000e+00
     46.631    10.5230   3.644293    32.8215        448     1.8625  0.000e+00
     46.579    10.5230   3.644293    32.8216        449     1.8667  0.000e+00
     46.517    10.5230   3.644403    32.8227        450     1.8708  0.000e+00
     46.445    10.5233   3.644448    32.8229        451     1.8750  0.000e+00
     46.371    10.5240   3.645008    32.8279        452     1.8792  0.000e+00
     46.288    10.5262   3.645298    32.8289        453     1.8833  0.000e+00
     46.201    10.5289   3.645639    32.8299        454     1.8875  0.000e+00
     46.116    10.5317   3.645504    32.8261        455     1.8917  0.000e+00
     46.027    10.5338   3.645458    32.8238        456     1.8958  0.000e+00
     45.948    10.5350   3.645433    32.8224        457     1.9000  0.000e+00
     45.863    10.5360   3.645458    32.8219        458     1.9042  0.000e+00
     45.780    10.5364   3.645523    32.8221        459     1.9083  0.000e+00
     45.697    10.5369   3.645523    32.8217        460     1.9125  0.000e+00
     45.617    10.5373   3.645523    32.8215        461     1.9167  0.000e+00
     45.536    10.5375   3.645523    32.8213        462     1.9208  0.000e+00
     45.449    10.5379   3.645587    32.8216        463     1.9250  0.000e+00
     45.369    10.5382   3.645052    32.8160        464     1.9292  0.000e+00
     45.281    10.5374   3.644943    32.8157        465     1.9333  0.000e+00
     45.190    10.5362   3.644647    32.8139        466     1.9375  0.000e+00
     45.098    10.5345   3.644518    32.8141        467     1.9417  0.000e+00
     45.001    10.5328   3.644672    32.8173        468     1.9458  0.000e+00
     44.912    10.5321   3.644492    32.8161        469     1.9500  0.000e+00
     44.813    10.5312   3.644389    32.8159        470     1.9542  0.000e+00
     44.714    10.5303   3.644337    32.8163        471     1.9583  0.000e+00
     44.618    10.5299   3.644221    32.8155        472     1.9625  0.000e+00
     44.516    10.5292   3.644176    32.8157        473     1.9667  0.000e+00
     44.431    10.5287   3.644022    32.8147        474     1.9708  0.000e+00
     44.345    10.5280   3.643912    32.8143        475     1.9750  0.000e+00
     44.249    10.5271   3.643796    32.8140        476     1.9792  0.000e+00
     44.164    10.5261   3.643822    32.8151        477     1.9833  0.000e+00
     44.075    10.5258   3.644131    32.8185        478     1.9875  0.000e+00
     43.988    10.5265   3.644292    32.8195        479     1.9917  0.000e+00
     43.902    10.5279   3.644492    32.8203        480     1.9958  0.000e+00
     43.822    10.5293   3.644646    32.8206        481     2.0000  0.000e+00
     43.737    10.5310   3.644917    32.8219        482     2.0042  0.000e+00
     43.649    10.5328   3.645232    32.8235        483     2.0083  0.000e+00
     43.558    10.5354   3.645593    32.8248        484     2.0125  0.000e+00
     43.459    10.5382   3.645612    32.8224        485     2.0167  0.000e+00
     43.364    10.5404   3.645567    32.8200        486     2.0208  0.000e+00
     43.255    10.5419   3.645251    32.8156        487     2.0250  0.000e+00
     43.151    10.5422   3.644987    32.8127        488     2.0292  0.000e+00
     43.044    10.5419   3.644897    32.8121        489     2.0333  0.000e+00
     42.936    10.5414   3.644916    32.8129        490     2.0375  0.000e+00
     42.833    10.5409   3.644852    32.8127        491     2.0417  0.000e+00
     42.731    10.5407   3.644691    32.8113        492     2.0458  0.000e+00
     42.646    10.5401   3.644536    32.8103        493     2.0500  0.000e+00
     42.565    10.5393   3.644388    32.8096        494     2.0542  0.000e+00
     42.488    10.5384   3.644311    32.8097        495     2.0583  0.000e+00
     42.410    10.5376   3.644130    32.8086        496     2.0625  0.000e+00
     42.350    10.5372   3.643995    32.8077        497     2.0667  0.000e+00
     42.283    10.5366   3.643911    32.8074        498     2.0708  0.000e+00
     42.218    10.5361   3.643705    32.8058        499     2.0750  0.000e+00
     42.151    10.5357   3.643525    32.8043        500     2.0792  0.000e+00
     42.086    10.5350   3.643409    32.8038        501     2.0833  0.000e+00
     42.014    10.5345   3.643390    32.8042        502     2.0875  0.000e+00
     41.943    10.5345   3.643325    32.8036        503     2.0917  0.000e+00
     41.867    10.5344   3.643280    32.8032        504     2.0958  0.000e+00
     41.782    10.5347   3.643280    32.8030        505     2.1000  0.000e+00
     41.701    10.5352   3.643235    32.8021        506     2.1042  0.000e+00
     41.605    10.5352   3.643216    32.8020        507     2.1083  0.000e+00
     41.513    10.5352   3.643216    32.8020        508     2.1125  0.000e+00
     41.422    10.5354   3.642553    32.7952        509     2.1167  0.000e+00
     41.332    10.5356   3.643171    32.8013        510     2.1208  0.000e+00
     41.247    10.5355   3.643190    32.8016        511     2.1250  0.000e+00
     41.159    10.5359   3.643190    32.8012        512     2.1292  0.000e+00
     41.076    10.5362   3.643171    32.8008        513     2.1333  0.000e+00
     41.002    10.5362   3.643145    32.8006        514     2.1375  0.000e+00
     40.924    10.5364   3.643170    32.8007        515     2.1417  0.000e+00
     40.855    10.5369   3.643170    32.8003        516     2.1458  0.000e+00
     40.781    10.5371   3.643151    32.7999        517     2.1500  0.000e+00
     40.700    10.5375   3.643125    32.7994        518     2.1542  0.000e+00
     40.627    10.5378   3.643054    32.7985        519     2.1583  0.000e+00
     40.547    10.5380   3.642964    32.7974        520     2.1625  0.000e+00
     40.471    10.5383   3.642874    32.7962        521     2.1667  0.000e+00
     40.398    10.5387   3.642810    32.7953        522     2.1708  0.000e+00
     40.313    10.5387   3.642719    32.7944        523     2.1750  0.000e+00
     40.234    10.5392   3.642674    32.7936        524     2.1792  0.000e+00
     40.158    10.5395   3.642616    32.7927        525     2.1833  0.000e+00
     40.084    10.5400   3.642494    32.7911        526     2.1875  0.000e+00
     40.013    10.5409   3.642449    32.7899        527     2.1917  0.000e+00
     39.950    10.5419   3.642404    32.7885        528     2.1958  0.000e+00
     39.892    10.5432   3.642314    32.7865        529     2.2000  0.000e+00
     39.829    10.5444   3.642269    32.7850        530     2.2042  0.000e+00
     39.773    10.5456   3.642249    32.7837        531     2.2083  0.000e+00
     39.711    10.5464   3.642249    32.7831        532     2.2125  0.000e+00
     39.650    10.5471   3.642256    32.7825        533     2.2167  0.000e+00
     39.590    10.5475   3.642249    32.7821        534     2.2208  0.000e+00
     39.511    10.5478   3.642223    32.7816        535     2.2250  0.000e+00
     39.442    10.5480   3.642223    32.7814        536     2.2292  0.000e+00
     39.368    10.5484   3.642178    32.7807        537     2.2333  0.000e+00
     39.288    10.5486   3.642159    32.7803        538     2.2375  0.000e+00
     39.199    10.5489   3.642133    32.7798        539     2.2417  0.000e+00
     39.114    10.5489   3.642178    32.7803        540     2.2458  0.000e+00
     39.026    10.5492   3.642127    32.7796        541     2.2500  0.000e+00
     38.943    10.5490   3.642094    32.7795        542     2.2542  0.000e+00
     38.865    10.5492   3.642004    32.7784        543     2.2583  0.000e+00
     38.782    10.5489   3.641933    32.7781        544     2.2625  0.000e+00
     38.699    10.5487   3.641869    32.7776        545     2.2667  0.000e+00
     38.623    10.5483   3.641824    32.7775        546     2.2708  0.000e+00
     38.542    10.5480   3.641598    32.7756        547     2.2750  0.000e+00
     38.475    10.5473   3.641373    32.7740        548     2.2792  0.000e+00
     38.413    10.5463   3.641289    32.7741        549     2.2833  0.000e+00
     38.355    10.5456   3.641264    32.7745        550     2.2875  0.000e+00
     38.300    10.5451   3.641508    32.7775        551     2.2917  0.000e+00
     38.249    10.5452   3.641264    32.7749        552     2.2958  0.000e+00
     38.200    10.5448   3.641038    32.7730        553     2.3000  0.000e+00
     38.151    10.5444   3.641418    32.7772        554     2.3042  0.000e+00
     38.103    10.5447   3.641328    32.7761        555     2.3083  0.000e+00
     38.049    10.5450   3.641354    32.7761        556     2.3125  0.000e+00
     37.991    10.5449   3.641038    32.7730        557     2.3167  0.000e+00
     37.931    10.5442   3.641122    32.7745        558     2.3208  0.000e+00
     37.857    10.5437   3.640974    32.7735        559     2.3250  0.000e+00
     37.787    10.5431   3.640903    32.7734        560     2.3292  0.000e+00
     37.698    10.5426   3.640993    32.7748        561     2.3333  0.000e+00
     37.605    10.5425   3.640948    32.7745        562     2.3375  0.000e+00
     37.508    10.5424   3.640414    32.7692        563     2.3417  0.000e+00
     37.415    10.5421   3.640858    32.7740        564     2.3458  0.000e+00
     37.318    10.5421   3.640748    32.7729        565     2.3500  0.000e+00
     37.235    10.5416   3.640652    32.7724        566     2.3542  0.000e+00
     37.153    10.5416   3.640632    32.7723        567     2.3583  0.000e+00
     37.077    10.5416   3.640703    32.7731        568     2.3625  0.000e+00
     37.012    10.5416   3.640587    32.7719        569     2.3667  0.000e+00
     36.953    10.5416   3.640523    32.7713        570     2.3708  0.000e+00
     36.899    10.5417   3.640433    32.7703        571     2.3750  0.000e+00
     36.861    10.5415   3.640298    32.7691        572     2.3792  0.000e+00
     36.825    10.5414   3.640368    32.7699        573     2.3833  0.000e+00
     36.788    10.5414   3.640246    32.7687        574     2.3875  0.000e+00
     36.754    10.5414   3.640233    32.7687        575     2.3917  0.000e+00
     36.727    10.5414   3.639853    32.7648        576     2.3958  0.000e+00
     36.695    10.5413   3.640478    32.7712        577     2.4000  0.000e+00
     36.662    10.5412   3.640523    32.7718        578     2.4042  0.000e+00
     36.617    10.5410   3.640433    32.7711        579     2.4083  0.000e+00
     36.569    10.5411   3.640343    32.7701        580     2.4125  0.000e+00
     36.514    10.5410   3.640323    32.7700        581     2.4167  0.000e+00
     36.460    10.5409   3.640227    32.7692        582     2.4208  0.000e+00
     36.386    10.5410   3.640188    32.7687        583     2.4250  0.000e+00
     36.313    10.5411   3.640207    32.7688        584     2.4292  0.000e+00
     36.231    10.5409   3.640188    32.7689        585     2.4333  0.000e+00
     36.158    10.5409   3.640188    32.7689        586     2.4375  0.000e+00
     36.060    10.5409   3.640072    32.7678        587     2.4417  0.000e+00
     35.972    10.5409   3.640072    32.7678        588     2.4458  0.000e+00
     35.887    10.5414   3.640008    32.7668        589     2.4500  0.000e+00
     35.782    10.5418   3.639962    32.7660        590     2.4542  0.000e+00
     35.693    10.5421   3.639969    32.7658        591     2.4583  0.000e+00
     35.605    10.5425   3.639962    32.7654        592     2.4625  0.000e+00
     35.516    10.5425   3.640027    32.7661        593     2.4667  0.000e+00
     35.428    10.5433   3.640052    32.7657        594     2.4708  0.000e+00
     35.348    10.5446   3.640052    32.7646        595     2.4750  0.000e+00
     35.271    10.5458   3.640072    32.7637        596     2.4792  0.000e+00
     35.202    10.5470   3.640072    32.7627        597     2.4833  0.000e+00
     35.150    10.5479   3.640072    32.7619        598     2.4875  0.000e+00
     35.103    10.5489   3.640033    32.7606        599     2.4917  0.000e+00
     35.061    10.5497   3.640027    32.7599        600     2.4958  0.000e+00
     35.022    10.5504   3.640052    32.7595        601     2.5000  0.000e+00
     34.993    10.5512   3.640072    32.7590        602     2.5042  0.000e+00
     34.962    10.5523   3.640142    32.7587        603     2.5083  0.000e+00
     34.933    10.5532   3.640117    32.7576        604     2.5125  0.000e+00
     34.896    10.5540   3.640097    32.7567        605     2.5167  0.000e+00
     34.866    10.5548   3.640052    32.7556        606     2.5208  0.000e+00
     34.833    10.5556   3.640116    32.7555        607     2.5250  0.000e+00
     34.793    10.5566   3.640116    32.7547        608     2.5292  0.000e+00
     34.739    10.5577   3.640097    32.7535        609     2.5333  0.000e+00
     34.683    10.5587   3.640052    32.7522        610     2.5375  0.000e+00
     34.619    10.5598   3.640052    32.7512        611     2.5417  0.000e+00
     34.541    10.5608   3.640161    32.7514        612     2.5458  0.000e+00
     34.466    10.5622   3.640142    32.7501        613     2.5500  0.000e+00
     34.386    10.5639   3.640142    32.7486        614     2.5542  0.000e+00
     34.306    10.5655   3.640451    32.7502        615     2.5583  0.000e+00
     34.225    10.5674   3.640419    32.7483        616     2.5625  0.000e+00
     34.151    10.5693   3.640341    32.7458        617     2.5667  0.000e+00
     34.074    10.5703   3.640657    32.7480        618     2.5708  0.000e+00
     34.009    10.5724   3.640972    32.7494        619     2.5750  0.000e+00
     33.953    10.5755   3.640676    32.7436        620     2.5792  0.000e+00
     33.901    10.5768   3.640567    32.7414        621     2.5833  0.000e+00
     33.859    10.5767   3.640541    32.7412        622     2.5875  0.000e+00
     33.828    10.5765   3.640451    32.7405        623     2.5917  0.000e+00
     33.798    10.5758   3.640541    32.7421        624     2.5958  0.000e+00
     33.778    10.5754   3.640766    32.7447        625     2.6000  0.000e+00
