HB2303/sbe092.cnv
* Sea-Bird SBE 19plus V2 Data File:
* FileName = C:\cruise\data\sbe092.hex
* Software Version Seasave V 7.26.7.121
* Temperature SN = 6128
* Conductivity SN = 6128
* System UpLoad Time = Aug 17 2023 13:20:42
* NMEA Latitude = 42 27.36 N
* NMEA Longitude = 068 07.65 W
* NMEA UTC (Time) = Aug 17 2023 13:20:38
** Ship: Henry Bigelow
** Cruise:  HB2303
** Program:  ECOMON
# nquan = 7
# nvalues = 2979                                  
# units = specified
# name 0 = depSM: Depth [salt water, m]
# name 1 = tv290C: Temperature [ITS-90, deg C]
# name 2 = c0S/m: Conductivity [S/m]
# name 3 = sal00: Salinity, Practical [PSU]
# name 4 = scan: Scan Count
# name 5 = timeM: Time, Elapsed [minutes]
# name 6 = flag:  0.000e+00
# span 0 =     -0.212,    158.373                 
# span 1 =     6.8713,    17.2667                 
# span 2 =   0.002956,   4.155452                 
# span 3 =     0.0213,    34.2673                 
# span 4 =         11,       2989                 
# span 5 =     0.0417,    12.4500                 
# span 6 = 0.0000e+00, 0.0000e+00                 
# interval = seconds: 0.25
# start_time = Aug 17 2023 13:20:38 [NMEA time, header]
# bad_flag = -9.990e-29
*END*
[from data line 1847]
     80.403     6.8934   3.329301    32.8761       1858     7.7375  0.000e+00
     80.284     6.8915   3.329277    32.8777       1859     7.7417  0.000e+00
     80.163     6.8902   3.329134    32.8773       1860     7.7458  0.000e+00
     80.045     6.8892   3.329078    32.8778       1861     7.7500  0.000e+00
     79.933     6.8885   3.329022    32.8779       1862     7.7542  0.000e+00
     79.833     6.8880   3.329022    32.8784       1863     7.7583  0.000e+00
     79.739     6.8877   3.328916    32.8776       1864     7.7625  0.000e+00
     79.659     6.8874   3.328624    32.8747       1865     7.7667  0.000e+00
     79.585     6.8866   3.328475    32.8739       1866     7.7708  0.000e+00
     79.527     6.8858   3.328282    32.8726       1867     7.7750  0.000e+00
     79.484     6.8851   3.328133    32.8716       1868     7.7792  0.000e+00
     79.449     6.8843   3.328170    32.8728       1869     7.7833  0.000e+00
     79.420     6.8840   3.328090    32.8722       1870     7.7875  0.000e+00
     79.395     6.8835   3.328046    32.8722       1871     7.7917  0.000e+00
     79.366     6.8831   3.327866    32.8707       1872     7.7958  0.000e+00
     79.341     6.8829   3.327729    32.8694       1873     7.8000  0.000e+00
     79.306     6.8824   3.327667    32.8692       1874     7.8042  0.000e+00
     79.272     6.8820   3.327624    32.8691       1875     7.8083  0.000e+00
     79.228     6.8816   3.327624    32.8695       1876     7.8125  0.000e+00
     79.172     6.8813   3.327605    32.8696       1877     7.8167  0.000e+00
     79.107     6.8813   3.327518    32.8687       1878     7.8208  0.000e+00
     79.023     6.8810   3.327493    32.8687       1879     7.8250  0.000e+00
     78.931     6.8808   3.327505    32.8691       1880     7.8292  0.000e+00
     78.828     6.8807   3.327387    32.8680       1881     7.8333  0.000e+00
     78.709     6.8805   3.327307    32.8673       1882     7.8375  0.000e+00
     78.582     6.8803   3.327263    32.8671       1883     7.8417  0.000e+00
     78.452     6.8801   3.327220    32.8669       1884     7.8458  0.000e+00
     78.323     6.8798   3.327133    32.8663       1885     7.8500  0.000e+00
     78.184     6.8798   3.327101    32.8660       1886     7.8542  0.000e+00
     78.054     6.8796   3.327089    32.8661       1887     7.8583  0.000e+00
     77.922     6.8795   3.327021    32.8655       1888     7.8625  0.000e+00
     77.794     6.8793   3.327052    32.8661       1889     7.8667  0.000e+00
     77.676     6.8793   3.326983    32.8654       1890     7.8708  0.000e+00
     77.566     6.8793   3.327039    32.8661       1891     7.8750  0.000e+00
     77.466     6.8793   3.326878    32.8643       1892     7.8792  0.000e+00
     77.378     6.8792   3.326772    32.8633       1893     7.8833  0.000e+00
     77.302     6.8792   3.326635    32.8619       1894     7.8875  0.000e+00
     77.244     6.8788   3.326542    32.8612       1895     7.8917  0.000e+00
     77.192     6.8788   3.326517    32.8610       1896     7.8958  0.000e+00
     77.148     6.8786   3.326474    32.8608       1897     7.9000  0.000e+00
     77.123     6.8784   3.326455    32.8607       1898     7.9042  0.000e+00
     77.114     6.8784   3.326455    32.8608       1899     7.9083  0.000e+00
     77.097     6.8782   3.326455    32.8610       1900     7.9125  0.000e+00
     77.084     6.8782   3.326474    32.8612       1901     7.9167  0.000e+00
     77.069     6.8783   3.326455    32.8609       1902     7.9208  0.000e+00
     77.055     6.8782   3.326412    32.8605       1903     7.9250  0.000e+00
     77.031     6.8782   3.326393    32.8604       1904     7.9292  0.000e+00
     76.998     6.8783   3.326374    32.8600       1905     7.9333  0.000e+00
     76.958     6.8782   3.326349    32.8599       1906     7.9375  0.000e+00
     76.897     6.8782   3.326349    32.8599       1907     7.9417  0.000e+00
     76.817     6.8782   3.326337    32.8598       1908     7.9458  0.000e+00
     76.734     6.8782   3.326287    32.8594       1909     7.9500  0.000e+00
     76.638     6.8781   3.326275    32.8593       1910     7.9542  0.000e+00
     76.524     6.8781   3.326200    32.8586       1911     7.9583  0.000e+00
     76.406     6.8783   3.326113    32.8574       1912     7.9625  0.000e+00
     76.283     6.8786   3.326032    32.8563       1913     7.9667  0.000e+00
     76.159     6.8784   3.326007    32.8563       1914     7.9708  0.000e+00
     76.034     6.8787   3.326032    32.8564       1915     7.9750  0.000e+00
     75.907     6.8788   3.325852    32.8544       1916     7.9792  0.000e+00
     75.788     6.8789   3.325672    32.8524       1917     7.9833  0.000e+00
     75.674     6.8789   3.325628    32.8519       1918     7.9875  0.000e+00
     75.573     6.8787   3.325430    32.8500       1919     7.9917  0.000e+00
     75.472     6.8787   3.325374    32.8495       1920     7.9958  0.000e+00
     75.382     6.8788   3.325163    32.8471       1921     8.0000  0.000e+00
     75.295     6.8786   3.325063    32.8462       1922     8.0042  0.000e+00
     75.221     6.8786   3.324945    32.8450       1923     8.0083  0.000e+00
     75.147     6.8784   3.324883    32.8445       1924     8.0125  0.000e+00
     75.080     6.8782   3.324839    32.8442       1925     8.0167  0.000e+00
     75.027     6.8782   3.324715    32.8429       1926     8.0208  0.000e+00
     74.976     6.8779   3.324703    32.8431       1927     8.0250  0.000e+00
     74.931     6.8778   3.324697    32.8431       1928     8.0292  0.000e+00
     74.897     6.8780   3.324715    32.8432       1929     8.0333  0.000e+00
     74.867     6.8778   3.324659    32.8428       1930     8.0375  0.000e+00
     74.833     6.8777   3.324547    32.8416       1931     8.0417  0.000e+00
     74.802     6.8775   3.324547    32.8419       1932     8.0458  0.000e+00
     74.769     6.8770   3.324442    32.8412       1933     8.0500  0.000e+00
     74.731     6.8767   3.324374    32.8407       1934     8.0542  0.000e+00
     74.693     6.8762   3.324318    32.8406       1935     8.0583  0.000e+00
     74.637     6.8759   3.324293    32.8406       1936     8.0625  0.000e+00
     74.572     6.8756   3.324249    32.8405       1937     8.0667  0.000e+00
     74.503     6.8753   3.324280    32.8412       1938     8.0708  0.000e+00
     74.414     6.8752   3.324187    32.8403       1939     8.0750  0.000e+00
     74.329     6.8749   3.323933    32.8378       1940     8.0792  0.000e+00
     74.226     6.8741   3.323777    32.8370       1941     8.0833  0.000e+00
     74.114     6.8731   3.323715    32.8373       1942     8.0875  0.000e+00
     73.993     6.8726   3.323572    32.8362       1943     8.0917  0.000e+00
     73.868     6.8724   3.323473    32.8354       1944     8.0958  0.000e+00
     73.740     6.8722   3.323398    32.8348       1945     8.1000  0.000e+00
     73.603     6.8719   3.323318    32.8343       1946     8.1042  0.000e+00
     73.472     6.8724   3.323293    32.8336       1947     8.1083  0.000e+00
     73.344     6.8733   3.323274    32.8326       1948     8.1125  0.000e+00
     73.224     6.8739   3.323274    32.8321       1949     8.1167  0.000e+00
     73.109     6.8741   3.323293    32.8322       1950     8.1208  0.000e+00
     73.008     6.8743   3.323317    32.8323       1951     8.1250  0.000e+00
     72.912     6.8746   3.323311    32.8320       1952     8.1292  0.000e+00
     72.827     6.8746   3.323292    32.8318       1953     8.1333  0.000e+00
     72.758     6.8746   3.323249    32.8314       1954     8.1375  0.000e+00
     72.698     6.8746   3.323212    32.8310       1955     8.1417  0.000e+00
     72.654     6.8745   3.323249    32.8315       1956     8.1458  0.000e+00
     72.611     6.8744   3.323249    32.8316       1957     8.1500  0.000e+00
     72.573     6.8744   3.323249    32.8316       1958     8.1542  0.000e+00
     72.542     6.8741   3.323249    32.8320       1959     8.1583  0.000e+00
     72.518     6.8742   3.323274    32.8321       1960     8.1625  0.000e+00
     72.486     6.8742   3.323230    32.8317       1961     8.1667  0.000e+00
     72.451     6.8741   3.323212    32.8316       1962     8.1708  0.000e+00
     72.409     6.8740   3.323143    32.8309       1963     8.1750  0.000e+00
     72.362     6.8737   3.323168    32.8316       1964     8.1792  0.000e+00
     72.301     6.8738   3.323212    32.8319       1965     8.1833  0.000e+00
     72.230     6.8740   3.323168    32.8313       1966     8.1875  0.000e+00
     72.152     6.8741   3.323212    32.8318       1967     8.1917  0.000e+00
     72.058     6.8743   3.323211    32.8316       1968     8.1958  0.000e+00
     71.953     6.8745   3.323230    32.8317       1969     8.2000  0.000e+00
     71.839     6.8742   3.323211    32.8318       1970     8.2042  0.000e+00
     71.715     6.8743   3.323211    32.8318       1971     8.2083  0.000e+00
     71.585     6.8743   3.323211    32.8318       1972     8.2125  0.000e+00
     71.456     6.8742   3.323124    32.8310       1973     8.2167  0.000e+00
     71.319     6.8745   3.323099    32.8305       1974     8.2208  0.000e+00
     71.183     6.8744   3.322950    32.8291       1975     8.2250  0.000e+00
     71.055     6.8742   3.323019    32.8300       1976     8.2292  0.000e+00
     70.932     6.8745   3.323037    32.8301       1977     8.2333  0.000e+00
     70.829     6.8744   3.322870    32.8283       1978     8.2375  0.000e+00
     70.738     6.8742   3.322615    32.8257       1979     8.2417  0.000e+00
     70.654     6.8742   3.322615    32.8258       1980     8.2458  0.000e+00
     70.583     6.8741   3.322584    32.8256       1981     8.2500  0.000e+00
     70.524     6.8739   3.322615    32.8262       1982     8.2542  0.000e+00
     70.478     6.8740   3.322646    32.8264       1983     8.2583  0.000e+00
     70.444     6.8741   3.322596    32.8258       1984     8.2625  0.000e+00
     70.415     6.8740   3.322634    32.8264       1985     8.2667  0.000e+00
     70.385     6.8743   3.322627    32.8260       1986     8.2708  0.000e+00
     70.360     6.8744   3.322615    32.8258       1987     8.2750  0.000e+00
     70.330     6.8744   3.322633    32.8260       1988     8.2792  0.000e+00
     70.305     6.8746   3.322627    32.8257       1989     8.2833  0.000e+00
     70.272     6.8748   3.322658    32.8259       1990     8.2875  0.000e+00
     70.234     6.8748   3.322633    32.8257       1991     8.2917  0.000e+00
     70.189     6.8750   3.322627    32.8254       1992     8.2958  0.000e+00
     70.134     6.8748   3.322658    32.8260       1993     8.3000  0.000e+00
     70.067     6.8749   3.322658    32.8259       1994     8.3042  0.000e+00
     69.999     6.8751   3.322664    32.8258       1995     8.3083  0.000e+00
     69.922     6.8754   3.322677    32.8257       1996     8.3125  0.000e+00
     69.839     6.8754   3.322658    32.8255       1997     8.3167  0.000e+00
     69.754     6.8756   3.322689    32.8258       1998     8.3208  0.000e+00
     69.656     6.8756   3.322677    32.8257       1999     8.3250  0.000e+00
     69.555     6.8758   3.322689    32.8256       2000     8.3292  0.000e+00
     69.452     6.8759   3.322677    32.8255       2001     8.3333  0.000e+00
     69.345     6.8760   3.322658    32.8252       2002     8.3375  0.000e+00
     69.226     6.8758   3.322664    32.8255       2003     8.3417  0.000e+00
     69.112     6.8760   3.322701    32.8258       2004     8.3458  0.000e+00
     68.987     6.8759   3.322701    32.8259       2005     8.3500  0.000e+00
     68.872     6.8758   3.322583    32.8248       2006     8.3542  0.000e+00
     68.747     6.8762   3.322484    32.8234       2007     8.3583  0.000e+00
     68.617     6.8762   3.322341    32.8219       2008     8.3625  0.000e+00
     68.496     6.8761   3.322043    32.8188       2009     8.3667  0.000e+00
     68.364     6.8762   3.322000    32.8183       2010     8.3708  0.000e+00
     68.246     6.8760   3.321999    32.8185       2011     8.3750  0.000e+00
     68.138     6.8763   3.321981    32.8181       2012     8.3792  0.000e+00
     68.031     6.8761   3.321999    32.8186       2013     8.3833  0.000e+00
     67.944     6.8759   3.321981    32.8185       2014     8.3875  0.000e+00
     67.863     6.8761   3.321981    32.8184       2015     8.3917  0.000e+00
     67.792     6.8759   3.321981    32.8186       2016     8.3958  0.000e+00
     67.727     6.8759   3.321919    32.8180       2017     8.4000  0.000e+00
     67.671     6.8760   3.321937    32.8181       2018     8.4042  0.000e+00
     67.619     6.8763   3.321912    32.8176       2019     8.4083  0.000e+00
     67.570     6.8764   3.321919    32.8176       2020     8.4125  0.000e+00
     67.532     6.8765   3.321894    32.8172       2021     8.4167  0.000e+00
     67.489     6.8766   3.321850    32.8167       2022     8.4208  0.000e+00
     67.449     6.8769   3.321881    32.8167       2023     8.4250  0.000e+00
     67.409     6.8770   3.321894    32.8168       2024     8.4292  0.000e+00
     67.380     6.8771   3.321894    32.8168       2025     8.4333  0.000e+00
     67.345     6.8770   3.321801    32.8159       2026     8.4375  0.000e+00
     67.311     6.8771   3.321763    32.8153       2027     8.4417  0.000e+00
     67.269     6.8775   3.321832    32.8157       2028     8.4458  0.000e+00
     67.224     6.8774   3.321838    32.8159       2029     8.4500  0.000e+00
     67.167     6.8774   3.321682    32.8143       2030     8.4542  0.000e+00
     67.106     6.8776   3.321639    32.8136       2031     8.4583  0.000e+00
     67.037     6.8776   3.321577    32.8129       2032     8.4625  0.000e+00
     66.954     6.8778   3.321471    32.8116       2033     8.4667  0.000e+00
     66.860     6.8782   3.321148    32.8078       2034     8.4708  0.000e+00
     66.751     6.8792   3.321037    32.8056       2035     8.4750  0.000e+00
     66.634     6.8806   3.321006    32.8040       2036     8.4792  0.000e+00
     66.515     6.8817   3.320937    32.8023       2037     8.4833  0.000e+00
     66.381     6.8827   3.320900    32.8010       2038     8.4875  0.000e+00
     66.244     6.8834   3.320856    32.7999       2039     8.4917  0.000e+00
     66.112     6.8843   3.320856    32.7991       2040     8.4958  0.000e+00
     65.972     6.8853   3.320769    32.7973       2041     8.5000  0.000e+00
     65.837     6.8867   3.320726    32.7955       2042     8.5042  0.000e+00
     65.705     6.8889   3.320533    32.7914       2043     8.5083  0.000e+00
     65.590     6.8915   3.320366    32.7871       2044     8.5125  0.000e+00
     65.484     6.8945   3.320322    32.7838       2045     8.5167  0.000e+00
     65.383     6.8967   3.320086    32.7792       2046     8.5208  0.000e+00
     65.293     6.8990   3.320006    32.7762       2047     8.5250  0.000e+00
     65.210     6.9013   3.319943    32.7733       2048     8.5292  0.000e+00
     65.146     6.9031   3.319950    32.7718       2049     8.5333  0.000e+00
     65.092     6.9042   3.319943    32.7706       2050     8.5375  0.000e+00
     65.047     6.9048   3.319925    32.7699       2051     8.5417  0.000e+00
     65.005     6.9053   3.319925    32.7694       2052     8.5458  0.000e+00
     64.967     6.9057   3.319925    32.7691       2053     8.5500  0.000e+00
     64.929     6.9058   3.319925    32.7690       2054     8.5542  0.000e+00
     64.893     6.9059   3.319950    32.7692       2055     8.5583  0.000e+00
     64.851     6.9060   3.319925    32.7688       2056     8.5625  0.000e+00
     64.804     6.9061   3.319925    32.7688       2057     8.5667  0.000e+00
     64.752     6.9061   3.319925    32.7688       2058     8.5708  0.000e+00
     64.690     6.9063   3.319925    32.7686       2059     8.5750  0.000e+00
     64.621     6.9063   3.319925    32.7686       2060     8.5792  0.000e+00
     64.545     6.9061   3.319887    32.7684       2061     8.5833  0.000e+00
