HB2303/sbe039.cnv
* Sea-Bird SBE 19plus V2 Data File:
* FileName = C:\cruise\data\sbe039.hex
* Software Version Seasave V 7.26.7.121
* Temperature SN = 6128
* Conductivity SN = 6128
* System UpLoad Time = Aug 12 2023 11:34:08
* NMEA Latitude = 36 47.38 N
* NMEA Longitude = 075 12.53 W
* NMEA UTC (Time) = Aug 12 2023 11:34:04
** Ship: Henry Bigelow
** Cruise:  HB2303
** Program:  ECOMON
# nquan = 7
# nvalues = 1007                                  
# units = specified
# name 0 = depSM: Depth [salt water, m]
# name 1 = tv290C: Temperature [ITS-90, deg C]
# name 2 = c0S/m: Conductivity [S/m]
# name 3 = sal00: Salinity, Practical [PSU]
# name 4 = scan: Scan Count
# name 5 = timeM: Time, Elapsed [minutes]
# name 6 = flag:  0.000e+00
# span 0 =     -0.096,     20.039                 
# span 1 =    16.3839,    27.0118                 
# span 2 =   0.000440,   5.028046                 
# span 3 =     0.0130,    33.0836                 
# span 4 =         11,       1017                 
# span 5 =     0.0417,     4.2333                 
# span 6 = 0.0000e+00, 0.0000e+00                 
# interval = seconds: 0.25
# start_time = Aug 12 2023 11:34:04 [NMEA time, header]
# bad_flag = -9.990e-29
*END*
     -0.093    26.9070   0.000458     0.0131         11     0.0417  0.000e+00
     -0.095    26.9073   0.000458     0.0131         12     0.0458  0.000e+00
     -0.095    26.9079   0.000455     0.0130         13     0.0500  0.000e+00
     -0.089    26.9083   0.000452     0.0130         14     0.0542  0.000e+00
     -0.091    26.9087   0.000458     0.0131         15     0.0583  0.000e+00
     -0.094    26.9087   0.000455     0.0130         16     0.0625  0.000e+00
     -0.094    26.9083   0.000464     0.0131         17     0.0667  0.000e+00
     -0.089    26.9084   0.000464     0.0131         18     0.0708  0.000e+00
     -0.093    26.9079   0.000458     0.0131         19     0.0750  0.000e+00
     -0.095    26.9080   0.000440     0.0130         20     0.0792  0.000e+00
     -0.093    26.9072   0.000452     0.0130         21     0.0833  0.000e+00
     -0.093    26.9069   0.000449     0.0130         22     0.0875  0.000e+00
     -0.093    26.9062   0.000452     0.0130         23     0.0917  0.000e+00
     -0.092    26.9061   0.000458     0.0131         24     0.0958  0.000e+00
     -0.092    26.9063   0.000458     0.0131         25     0.1000  0.000e+00
     -0.092    26.9058   0.000455     0.0130         26     0.1042  0.000e+00
     -0.090    26.9059   0.000452     0.0130         27     0.1083  0.000e+00
     -0.090    26.9058   0.000452     0.0130         28     0.1125  0.000e+00
     -0.090    26.9056   0.000455     0.0130         29     0.1167  0.000e+00
     -0.091    26.9048   0.000458     0.0131         30     0.1208  0.000e+00
     -0.090    26.9046   0.000452     0.0130         31     0.1250  0.000e+00
     -0.088    26.9042   0.000455     0.0130         32     0.1292  0.000e+00
     -0.090    26.9044   0.000452     0.0130         33     0.1333  0.000e+00
     -0.093    26.9041   0.000446     0.0130         34     0.1375  0.000e+00
     -0.090    26.9035   0.000449     0.0130         35     0.1417  0.000e+00
     -0.088    26.9031   0.000446     0.0130         36     0.1458  0.000e+00
     -0.086    26.9024   0.000440     0.0130         37     0.1500  0.000e+00
     -0.088    26.9023   0.000446     0.0130         38     0.1542  0.000e+00
     -0.091    26.9024   0.000443     0.0130         39     0.1583  0.000e+00
     -0.089    26.9031   0.000446     0.0130         40     0.1625  0.000e+00
     -0.091    26.9048   0.000458     0.0131         41     0.1667  0.000e+00
     -0.093    26.9076   0.000443     0.0130         42     0.1708  0.000e+00
     -0.096    26.9100   0.000440     0.0130         43     0.1750  0.000e+00
     -0.094    26.9119   0.000440     0.0130         44     0.1792  0.000e+00
     -0.093    26.9162   0.000440     0.0130         45     0.1833  0.000e+00
      0.030    26.9404   0.000470     0.0131         46     0.1875  0.000e+00
      0.261    26.9781   0.000452     0.0131         47     0.1917  0.000e+00
      0.451    27.0118   0.051456     0.2392         48     0.1958  0.000e+00
      0.622    26.9820   2.489507    14.4999         49     0.2000  0.000e+00
      0.751    26.8613   2.908073    17.2377         50     0.2042  0.000e+00
      0.868    26.7316   3.238870    19.4609         51     0.2083  0.000e+00
      0.988    26.6503   3.553684    21.5962         52     0.2125  0.000e+00
      1.121    26.6115   2.467685    14.4746         53     0.2167  0.000e+00
      1.269    26.5938   3.135900    18.8359         54     0.2208  0.000e+00
      1.421    26.5843   1.405078     7.8489         55     0.2250  0.000e+00
      1.585    26.5792   1.257085     6.9600         56     0.2292  0.000e+00
      1.739    26.5779   1.384371     7.7248         57     0.2333  0.000e+00
      1.899    26.5832   4.232919    26.2550         58     0.2375  0.000e+00
      2.062    26.5901   5.018159    31.7435         59     0.2417  0.000e+00
      2.147    26.5957   5.025647    31.7928         60     0.2458  0.000e+00
      2.216    26.5923   5.020233    31.7567         61     0.2500  0.000e+00
      2.237    26.5786   5.013264    31.7167         62     0.2542  0.000e+00
      2.245    26.5634   5.024007    31.8033         63     0.2583  0.000e+00
      2.279    26.5568   5.020145    31.7804         64     0.2625  0.000e+00
      2.342    26.5618   5.024183    31.8056         65     0.2667  0.000e+00
      2.411    26.5692   5.026280    31.8154         66     0.2708  0.000e+00
      2.474    26.5695   5.026089    31.8138         67     0.2750  0.000e+00
      2.525    26.5647   5.016403    31.7483         68     0.2792  0.000e+00
      2.568    26.5596   5.028046    31.8345         69     0.2833  0.000e+00
      2.597    26.5577   5.026464    31.8245         70     0.2875  0.000e+00
      2.637    26.5592   5.023794    31.8046         71     0.2917  0.000e+00
      2.666    26.5613   5.021035    31.7835         72     0.2958  0.000e+00
      2.696    26.5647   5.018763    31.7650         73     0.3000  0.000e+00
      2.715    26.5666   5.017697    31.7562         74     0.3042  0.000e+00
      2.711    26.5637   5.016859    31.7522         75     0.3083  0.000e+00
      2.698    26.5554   5.015852    31.7508         76     0.3125  0.000e+00
      2.695    26.5468   5.015257    31.7525         77     0.3167  0.000e+00
      2.695    26.5420   5.014331    31.7492         78     0.3208  0.000e+00
      2.700    26.5379   5.013405    31.7454         79     0.3250  0.000e+00
      2.720    26.5347   5.012831    31.7436         80     0.3292  0.000e+00
      2.751    26.5324   5.011736    31.7373         81     0.3333  0.000e+00
      2.791    26.5300   5.011134    31.7347         82     0.3375  0.000e+00
      2.841    26.5271   5.010847    31.7347         83     0.3417  0.000e+00
      2.892    26.5253   5.010355    31.7324         84     0.3458  0.000e+00
      2.944    26.5228   5.009988    31.7314         85     0.3500  0.000e+00
      2.991    26.5210   5.009672    31.7305         86     0.3542  0.000e+00
      3.047    26.5174   5.009150    31.7292         87     0.3583  0.000e+00
      3.100    26.5129   5.008952    31.7308         88     0.3625  0.000e+00
      3.147    26.5080   5.009011    31.7346         89     0.3667  0.000e+00
      3.197    26.4982   5.009114    31.7420         90     0.3708  0.000e+00
      3.253    26.4878   5.009210    31.7499         91     0.3750  0.000e+00
      3.311    26.4778   5.009012    31.7553         92     0.3792  0.000e+00
      3.372    26.4706   5.009093    31.7608         93     0.3833  0.000e+00
      3.423    26.4651   5.009152    31.7650         94     0.3875  0.000e+00
      3.482    26.4605   5.009152    31.7681         95     0.3917  0.000e+00
      3.544    26.4589   5.009181    31.7694         96     0.3958  0.000e+00
      3.591    26.4573   5.009255    31.7711         97     0.4000  0.000e+00
      3.643    26.4569   5.009357    31.7721         98     0.4042  0.000e+00
      3.685    26.4578   5.009526    31.7726         99     0.4083  0.000e+00
      3.717    26.4590   5.009644    31.7726        100     0.4125  0.000e+00
      3.746    26.4605   5.009754    31.7723        101     0.4167  0.000e+00
      3.773    26.4599   5.009754    31.7728        102     0.4208  0.000e+00
      3.799    26.4573   5.009857    31.7753        103     0.4250  0.000e+00
      3.829    26.4549   5.009901    31.7772        104     0.4292  0.000e+00
      3.871    26.4522   5.009960    31.7795        105     0.4333  0.000e+00
      3.913    26.4483   5.010188    31.7838        106     0.4375  0.000e+00
      3.958    26.4451   5.010416    31.7876        107     0.4417  0.000e+00
      4.021    26.4421   5.010651    31.7913        108     0.4458  0.000e+00
      4.070    26.4387   5.011026    31.7963        109     0.4500  0.000e+00
      4.126    26.4342   5.011320    31.8015        110     0.4542  0.000e+00
      4.182    26.4296   5.011658    31.8070        111     0.4583  0.000e+00
      4.234    26.4260   5.011945    31.8115        112     0.4625  0.000e+00
      4.292    26.4234   5.012173    31.8149        113     0.4667  0.000e+00
      4.351    26.4220   5.012349    31.8171        114     0.4708  0.000e+00
      4.425    26.4220   5.012577    31.8187        115     0.4750  0.000e+00
      4.505    26.4218   5.012944    31.8214        116     0.4792  0.000e+00
      4.588    26.4207   5.013297    31.8247        117     0.4833  0.000e+00
      4.684    26.4199   5.013723    31.8283        118     0.4875  0.000e+00
      4.787    26.4179   5.014018    31.8317        119     0.4917  0.000e+00
      4.888    26.4145   5.014415    31.8369        120     0.4958  0.000e+00
      4.987    26.4108   5.015054    31.8439        121     0.5000  0.000e+00
      5.085    26.4088   5.016061    31.8524        122     0.5042  0.000e+00
      5.180    26.4075   5.018186    31.8684        123     0.5083  0.000e+00
      5.258    26.4063   5.017840    31.8668        124     0.5125  0.000e+00
      5.338    26.4000   5.016547    31.8619        125     0.5167  0.000e+00
      5.410    26.3723   5.015055    31.8704        126     0.5208  0.000e+00
      5.473    26.3102   5.013674    31.9035        127     0.5250  0.000e+00
      5.535    26.2384   5.013036    31.9486        128     0.5292  0.000e+00
      5.593    26.1751   5.013088    31.9929        129     0.5333  0.000e+00
      5.658    26.1224   5.012928    32.0284        130     0.5375  0.000e+00
      5.726    26.0837   5.012928    32.0554        131     0.5417  0.000e+00
      5.801    26.0534   5.012870    32.0761        132     0.5458  0.000e+00
      5.873    26.0293   5.012121    32.0875        133     0.5500  0.000e+00
      5.954    26.0107   5.011577    32.0966        134     0.5542  0.000e+00
      6.030    25.9934   5.010968    32.1043        135     0.5583  0.000e+00
      6.106    25.9792   5.010373    32.1099        136     0.5625  0.000e+00
      6.187    25.9666   5.009852    32.1150        137     0.5667  0.000e+00
      6.256    25.9555   5.009337    32.1190        138     0.5708  0.000e+00
      6.334    25.9465   5.008845    32.1218        139     0.5750  0.000e+00
      6.395    25.9395   5.008647    32.1252        140     0.5792  0.000e+00
      6.455    25.9339   5.008603    32.1288        141     0.5833  0.000e+00
      6.516    25.9290   5.008905    32.1344        142     0.5875  0.000e+00
      6.572    25.9241   5.009162    32.1397        143     0.5917  0.000e+00
      6.630    25.9204   5.009419    32.1441        144     0.5958  0.000e+00
      6.696    25.9166   5.009882    32.1501        145     0.6000  0.000e+00
      6.760    25.9145   5.009823    32.1511        146     0.6042  0.000e+00
      6.830    25.9123   5.009970    32.1537        147     0.6083  0.000e+00
      6.893    25.9098   5.010279    32.1576        148     0.6125  0.000e+00
      6.960    25.9083   5.010081    32.1572        149     0.6167  0.000e+00
      7.030    25.9069   5.009941    32.1572        150     0.6208  0.000e+00
      7.106    25.9051   5.009882    32.1580        151     0.6250  0.000e+00
      7.179    25.9028   5.008964    32.1530        152     0.6292  0.000e+00
      7.254    25.9000   5.008905    32.1545        153     0.6333  0.000e+00
      7.325    25.8970   5.008590    32.1543        154     0.6375  0.000e+00
      7.394    25.8937   5.008303    32.1545        155     0.6417  0.000e+00
      7.464    25.8910   5.008186    32.1556        156     0.6458  0.000e+00
      7.538    25.8887   5.007701    32.1537        157     0.6500  0.000e+00
      7.607    25.8862   5.007356    32.1530        158     0.6542  0.000e+00
      7.685    25.8832   5.007099    32.1532        159     0.6583  0.000e+00
      7.753    25.8801   5.006467    32.1508        160     0.6625  0.000e+00
      7.824    25.8769   5.006342    32.1521        161     0.6667  0.000e+00
      7.891    25.8734   5.006174    32.1533        162     0.6708  0.000e+00
      7.950    25.8702   5.005718    32.1523        163     0.6750  0.000e+00
      8.012    25.8675   5.005601    32.1533        164     0.6792  0.000e+00
      8.073    25.8653   5.004999    32.1505        165     0.6833  0.000e+00
      8.133    25.8632   5.004485    32.1482        166     0.6875  0.000e+00
      8.185    25.8610   5.004338    32.1487        167     0.6917  0.000e+00
      8.241    25.8585   5.004147    32.1491        168     0.6958  0.000e+00
      8.292    25.8562   5.004110    32.1504        169     0.7000  0.000e+00
      8.344    25.8543   5.004426    32.1540        170     0.7042  0.000e+00
      8.404    25.8534   5.004426    32.1547        171     0.7083  0.000e+00
      8.460    25.8522   5.004279    32.1544        172     0.7125  0.000e+00
      8.523    25.8520   5.004683    32.1575        173     0.7167  0.000e+00
      8.588    25.8522   5.005175    32.1608        174     0.7208  0.000e+00
      8.667    25.8528   5.005491    32.1626        175     0.7250  0.000e+00
      8.749    25.8537   5.005403    32.1614        176     0.7292  0.000e+00
      8.839    25.8547   5.005374    32.1604        177     0.7333  0.000e+00
      8.933    25.8551   5.005315    32.1597        178     0.7375  0.000e+00
      9.029    25.8547   5.005176    32.1589        179     0.7417  0.000e+00
      9.128    25.8535   5.004684    32.1562        180     0.7458  0.000e+00
      9.229    25.8527   5.004654    32.1565        181     0.7500  0.000e+00
      9.331    25.8528   5.004889    32.1581        182     0.7542  0.000e+00
      9.417    25.8532   5.004941    32.1582        183     0.7583  0.000e+00
      9.504    25.8541   5.005117    32.1588        184     0.7625  0.000e+00
      9.580    25.8551   5.005146    32.1583        185     0.7667  0.000e+00
      9.652    25.8564   5.005205    32.1578        186     0.7708  0.000e+00
      9.719    25.8575   5.005345    32.1580        187     0.7750  0.000e+00
      9.769    25.8579   5.005286    32.1573        188     0.7792  0.000e+00
      9.822    25.8575   5.005191    32.1569        189     0.7833  0.000e+00
      9.865    25.8564   5.004860    32.1552        190     0.7875  0.000e+00
      9.910    25.8543   5.004486    32.1540        191     0.7917  0.000e+00
      9.956    25.8523   5.003942    32.1515        192     0.7958  0.000e+00
     10.003    25.8500   5.003627    32.1508        193     0.8000  0.000e+00
     10.052    25.8469   5.003333    32.1509        194     0.8042  0.000e+00
     10.108    25.8441   5.003047    32.1507        195     0.8083  0.000e+00
     10.162    25.8417   5.002848    32.1510        196     0.8125  0.000e+00
     10.220    25.8391   5.002636    32.1512        197     0.8167  0.000e+00
     10.283    25.8370   5.002276    32.1501        198     0.8208  0.000e+00
     10.348    25.8351   5.002100    32.1502        199     0.8250  0.000e+00
     10.414    25.8338   5.001990    32.1503        200     0.8292  0.000e+00
     10.487    25.8324   5.001813    32.1499        201     0.8333  0.000e+00
     10.557    25.8312   5.001645    32.1496        202     0.8375  0.000e+00
     10.635    25.8304   5.001733    32.1507        203     0.8417  0.000e+00
     10.709    25.8291   5.001674    32.1512        204     0.8458  0.000e+00
     10.794    25.8279   5.001557    32.1512        205     0.8500  0.000e+00
     10.879    25.8263   5.001417    32.1513        206     0.8542  0.000e+00
     10.965    25.8249   5.001160    32.1504        207     0.8583  0.000e+00
     11.048    25.8234   5.001072    32.1508        208     0.8625  0.000e+00
     11.131    25.8218   5.000580    32.1483        209     0.8667  0.000e+00
     11.225    25.8195   4.997806    32.1299        210     0.8708  0.000e+00
     11.307    25.8136   4.996727    32.1263        211     0.8750  0.000e+00
     11.381    25.8053   4.996485    32.1303        212     0.8792  0.000e+00
     11.468    25.7980   4.996427    32.1350        213     0.8833  0.000e+00
     11.544    25.7926   4.995942    32.1353        214     0.8875  0.000e+00
     11.618    25.7877   4.995165    32.1331        215     0.8917  0.000e+00
