HB2303/sbe063.cnv
* Sea-Bird SBE 19plus V2 Data File:
* FileName = C:\cruise\data\sbe063.hex
* Software Version Seasave V 7.26.7.121
* Temperature SN = 6128
* Conductivity SN = 6128
* System UpLoad Time = Aug 14 2023 11:34:22
* NMEA Latitude = 40 04.95 N
* NMEA Longitude = 071 22.08 W
* NMEA UTC (Time) = Aug 14 2023 11:34:18
** Ship: Henry Bigelow
** Cruise:  HB2303
** Program:  ECOMON
# nquan = 7
# nvalues = 2210                                  
# units = specified
# name 0 = depSM: Depth [salt water, m]
# name 1 = tv290C: Temperature [ITS-90, deg C]
# name 2 = c0S/m: Conductivity [S/m]
# name 3 = sal00: Salinity, Practical [PSU]
# name 4 = scan: Scan Count
# name 5 = timeM: Time, Elapsed [minutes]
# name 6 = flag:  0.000e+00
# span 0 =     -0.195,     92.059                 
# span 1 =    12.7792,    23.9708                 
# span 2 =   0.006888,   4.930573                 
# span 3 =     0.0384,    35.1304                 
# span 4 =         11,       2220                 
# span 5 =     0.0417,     9.2458                 
# span 6 = 0.0000e+00, 0.0000e+00                 
# interval = seconds: 0.25
# start_time = Aug 14 2023 11:34:18 [NMEA time, header]
# bad_flag = -9.990e-29
*END*
[from data line 2052]
      6.308    22.9552   4.793065    32.6816       2063     8.5917  0.000e+00
      6.234    22.9625   4.796411    32.7017       2064     8.5958  0.000e+00
      6.169    22.9949   4.798942    32.6969       2065     8.6000  0.000e+00
      6.111    23.0446   4.800189    32.6696       2066     8.6042  0.000e+00
      6.053    23.0889   4.801978    32.6504       2067     8.6083  0.000e+00
      5.993    23.1286   4.802836    32.6275       2068     8.6125  0.000e+00
      5.941    23.1578   4.802886    32.6063       2069     8.6167  0.000e+00
      5.889    23.1766   4.802972    32.5930       2070     8.6208  0.000e+00
      5.845    23.1886   4.803131    32.5854       2071     8.6250  0.000e+00
      5.809    23.1970   4.803217    32.5799       2072     8.6292  0.000e+00
      5.782    23.2034   4.803188    32.5749       2073     8.6333  0.000e+00
      5.758    23.2080   4.803455    32.5735       2074     8.6375  0.000e+00
      5.733    23.2116   4.803542    32.5716       2075     8.6417  0.000e+00
      5.708    23.2154   4.803650    32.5696       2076     8.6458  0.000e+00
      5.687    23.2205   4.803743    32.5665       2077     8.6500  0.000e+00
      5.650    23.2258   4.803729    32.5625       2078     8.6542  0.000e+00
      5.604    23.2290   4.803895    32.5614       2079     8.6583  0.000e+00
      5.544    23.2318   4.804032    32.5604       2080     8.6625  0.000e+00
      5.465    23.2345   4.804111    32.5590       2081     8.6667  0.000e+00
      5.366    23.2375   4.804248    32.5579       2082     8.6708  0.000e+00
      5.259    23.2410   4.804385    32.5564       2083     8.6750  0.000e+00
      5.151    23.2458   4.804493    32.5537       2084     8.6792  0.000e+00
      5.053    23.2511   4.804739    32.5517       2085     8.6833  0.000e+00
      4.961    23.2567   4.804796    32.5480       2086     8.6875  0.000e+00
      4.876    23.2610   4.804847    32.5453       2087     8.6917  0.000e+00
      4.807    23.2633   4.804796    32.5432       2088     8.6958  0.000e+00
      4.744    23.2645   4.804796    32.5424       2089     8.7000  0.000e+00
      4.701    23.2650   4.804796    32.5420       2090     8.7042  0.000e+00
      4.672    23.2651   4.804796    32.5419       2091     8.7083  0.000e+00
      4.648    23.2652   4.804796    32.5418       2092     8.7125  0.000e+00
      4.639    23.2655   4.804825    32.5418       2093     8.7167  0.000e+00
      4.634    23.2653   4.804825    32.5420       2094     8.7208  0.000e+00
      4.628    23.2653   4.804796    32.5418       2095     8.7250  0.000e+00
      4.612    23.2651   4.804796    32.5419       2096     8.7292  0.000e+00
      4.599    23.2650   4.804846    32.5424       2097     8.7333  0.000e+00
      4.579    23.2650   4.804825    32.5422       2098     8.7375  0.000e+00
      4.539    23.2649   4.804796    32.5421       2099     8.7417  0.000e+00
      4.494    23.2647   4.804796    32.5423       2100     8.7458  0.000e+00
      4.432    23.2646   4.804825    32.5426       2101     8.7500  0.000e+00
      4.367    23.2646   4.804825    32.5426       2102     8.7542  0.000e+00
      4.304    23.2646   4.804825    32.5427       2103     8.7583  0.000e+00
      4.241    23.2648   4.804875    32.5429       2104     8.7625  0.000e+00
      4.179    23.2648   4.804846    32.5427       2105     8.7667  0.000e+00
      4.127    23.2649   4.804853    32.5427       2106     8.7708  0.000e+00
      4.078    23.2650   4.804846    32.5425       2107     8.7750  0.000e+00
      4.038    23.2649   4.804846    32.5426       2108     8.7792  0.000e+00
      3.997    23.2649   4.804875    32.5429       2109     8.7833  0.000e+00
      3.951    23.2651   4.804853    32.5426       2110     8.7875  0.000e+00
      3.908    23.2651   4.804824    32.5424       2111     8.7917  0.000e+00
      3.875    23.2649   4.804904    32.5431       2112     8.7958  0.000e+00
      3.837    23.2650   4.804911    32.5431       2113     8.8000  0.000e+00
      3.771    23.2650   4.804875    32.5429       2114     8.8042  0.000e+00
      3.686    23.2651   4.804904    32.5430       2115     8.8083  0.000e+00
      3.605    23.2652   4.804933    32.5432       2116     8.8125  0.000e+00
      3.513    23.2652   4.804911    32.5431       2117     8.8167  0.000e+00
      3.439    23.2654   4.804875    32.5427       2118     8.8208  0.000e+00
      3.374    23.2654   4.804875    32.5427       2119     8.8250  0.000e+00
      3.308    23.2654   4.804932    32.5432       2120     8.8292  0.000e+00
      3.249    23.2654   4.804940    32.5432       2121     8.8333  0.000e+00
      3.189    23.2654   4.804932    32.5432       2122     8.8375  0.000e+00
      3.140    23.2653   4.804961    32.5435       2123     8.8417  0.000e+00
      3.095    23.2655   4.804940    32.5432       2124     8.8458  0.000e+00
      3.046    23.2659   4.804932    32.5429       2125     8.8500  0.000e+00
      2.995    23.2659   4.804961    32.5431       2126     8.8542  0.000e+00
      2.941    23.2657   4.804961    32.5433       2127     8.8583  0.000e+00
      2.897    23.2657   4.804911    32.5429       2128     8.8625  0.000e+00
      2.845    23.2656   4.804903    32.5429       2129     8.8667  0.000e+00
      2.800    23.2652   4.804903    32.5432       2130     8.8708  0.000e+00
      2.751    23.2650   4.804932    32.5436       2131     8.8750  0.000e+00
      2.714    23.2651   4.805019    32.5442       2132     8.8792  0.000e+00
      2.684    23.2657   4.804932    32.5431       2133     8.8833  0.000e+00
      2.642    23.2654   4.804932    32.5434       2134     8.8875  0.000e+00
      2.604    23.2652   4.804968    32.5438       2135     8.8917  0.000e+00
      2.570    23.2656   4.805012    32.5438       2136     8.8958  0.000e+00
      2.542    23.2662   4.804961    32.5430       2137     8.9000  0.000e+00
      2.499    23.2663   4.804961    32.5430       2138     8.9042  0.000e+00
      2.445    23.2664   4.804910    32.5425       2139     8.9083  0.000e+00
      2.386    23.2663   4.804983    32.5432       2140     8.9125  0.000e+00
      2.310    23.2664   4.804961    32.5430       2141     8.9167  0.000e+00
      2.219    23.2664   4.804881    32.5424       2142     8.9208  0.000e+00
      2.127    23.2660   4.804932    32.5431       2143     8.9250  0.000e+00
      2.058    23.2658   4.804903    32.5430       2144     8.9292  0.000e+00
      2.002    23.2661   4.804874    32.5426       2145     8.9333  0.000e+00
      1.941    23.2659   4.804968    32.5435       2146     8.9375  0.000e+00
      1.883    23.2661   4.804903    32.5429       2147     8.9417  0.000e+00
      1.816    23.2661   4.804961    32.5433       2148     8.9458  0.000e+00
      1.749    23.2662   4.804961    32.5433       2149     8.9500  0.000e+00
      1.682    23.2664   4.805163    32.5447       2150     8.9542  0.000e+00
      1.621    23.2678   4.805639    32.5473       2151     8.9583  0.000e+00
      1.568    23.2701   4.805560    32.5450       2152     8.9625  0.000e+00
      1.526    23.2715   4.805538    32.5438       2153     8.9667  0.000e+00
      1.490    23.2718   4.805148    32.5406       2154     8.9708  0.000e+00
      1.449    23.2708   4.805040    32.5406       2155     8.9750  0.000e+00
      1.409    23.2698   4.805256    32.5430       2156     8.9792  0.000e+00
      1.364    23.2693   4.805249    32.5433       2157     8.9833  0.000e+00
      1.312    23.2694   4.805256    32.5433       2158     8.9875  0.000e+00
      1.230    23.2697   4.805422    32.5444       2159     8.9917  0.000e+00
      1.145    23.2702   4.805162    32.5421       2160     8.9958  0.000e+00
      1.055    23.2702   4.805422    32.5441       2161     9.0000  0.000e+00
      1.003    23.2705   4.805696    32.5460       2162     9.0042  0.000e+00
      0.974    23.2718   4.805747    32.5453       2163     9.0083  0.000e+00
      0.955    23.2732   4.805906    32.5456       2164     9.0125  0.000e+00
      0.930    23.2743   4.805826    32.5442       2165     9.0167  0.000e+00
      0.887    23.2749   4.805718    32.5429       2166     9.0208  0.000e+00
      0.856    23.2748   4.805718    32.5429       2167     9.0250  0.000e+00
      0.827    23.2745   4.805588    32.5422       2168     9.0292  0.000e+00
      0.785    23.2742   4.805610    32.5426       2169     9.0333  0.000e+00
      0.729    23.2738   4.805472    32.5419       2170     9.0375  0.000e+00
      0.658    23.2731   4.805278    32.5410       2171     9.0417  0.000e+00
      0.554    23.2718   4.805581    32.5442       2172     9.0458  0.000e+00
      0.319    23.2718   4.805559    32.5441       2173     9.0500  0.000e+00
      0.070    23.2722   4.805804    32.5458       2174     9.0542  0.000e+00
     -0.091    23.2733   4.805306    32.5413       2175     9.0583  0.000e+00
     -0.028    23.2733   4.805205    32.5405       2176     9.0625  0.000e+00
      0.120    23.2727   4.804628    32.5365       2177     9.0667  0.000e+00
      0.275    23.2722   4.805696    32.5449       2178     9.0708  0.000e+00
      0.405    23.2730   4.805566    32.5433       2179     9.0750  0.000e+00
      0.490    23.2732   4.805364    32.5416       2180     9.0792  0.000e+00
      0.548    23.2725   4.805422    32.5425       2181     9.0833  0.000e+00
      0.593    23.2718   4.805220    32.5415       2182     9.0875  0.000e+00
      0.622    23.2711   4.805011    32.5404       2183     9.0917  0.000e+00
      0.623    23.2696   4.805422    32.5446       2184     9.0958  0.000e+00
      0.604    23.2700   4.806050    32.5491       2185     9.1000  0.000e+00
      0.612    23.2728   4.805877    32.5457       2186     9.1042  0.000e+00
      0.632    23.2744   4.805393    32.5408       2187     9.1083  0.000e+00
      0.672    23.2734   4.805205    32.5402       2188     9.1125  0.000e+00
      0.674    23.2716   4.805667    32.5450       2189     9.1167  0.000e+00
      0.672    23.2718   4.805992    32.5473       2190     9.1208  0.000e+00
      0.686    23.2737   4.806129    32.5470       2191     9.1250  0.000e+00
      0.713    23.2758   4.806129    32.5454       2192     9.1292  0.000e+00
      0.720    23.2770   4.806079    32.5442       2193     9.1333  0.000e+00
      0.722    23.2775   4.806100    32.5440       2194     9.1375  0.000e+00
      0.751    23.2778   4.806129    32.5439       2195     9.1417  0.000e+00
      0.774    23.2777   4.806100    32.5437       2196     9.1458  0.000e+00
      0.794    23.2778   4.805934    32.5424       2197     9.1500  0.000e+00
      0.781    23.2774   4.805747    32.5413       2198     9.1542  0.000e+00
      0.768    23.2760   4.805422    32.5399       2199     9.1583  0.000e+00
      0.736    23.2742   4.805646    32.5429       2200     9.1625  0.000e+00
      0.696    23.2736   4.805804    32.5446       2201     9.1667  0.000e+00
      0.644    23.2742   4.805855    32.5446       2202     9.1708  0.000e+00
      0.566    23.2746   4.805992    32.5453       2203     9.1750  0.000e+00
      0.463    23.2758   4.805963    32.5442       2204     9.1792  0.000e+00
      0.299    23.2763   4.805884    32.5433       2205     9.1833  0.000e+00
      0.190    23.2763   4.805451    32.5401       2206     9.1875  0.000e+00
     -0.066    23.2754   4.481726    30.0990       2207     9.1917  0.000e+00
     -0.187    23.2734   0.884535     5.1223       2208     9.1958  0.000e+00
     -0.189    23.2632   0.422939     2.3296       2209     9.2000  0.000e+00
     -0.187    23.2429   0.312029     1.6883       2210     9.2042  0.000e+00
     -0.193    23.2231   0.291766     1.5733       2211     9.2083  0.000e+00
     -0.193    23.2144   0.279095     1.5016       2212     9.2125  0.000e+00
     -0.191    23.2112   0.255298     1.3669       2213     9.2167  0.000e+00
     -0.185    23.2102   0.242115     1.2926       2214     9.2208  0.000e+00
     -0.187    23.2102   0.216844     1.1510       2215     9.2250  0.000e+00
     -0.193    23.2103   0.191277     1.0088       2216     9.2292  0.000e+00
     -0.195    23.2106   0.177021     0.9300       2217     9.2333  0.000e+00
     -0.191    23.2104   0.167635     0.8784       2218     9.2375  0.000e+00
     -0.187    23.2105   0.160699     0.8404       2219     9.2417  0.000e+00
     -0.191    23.2103   0.160355     0.8385       2220     9.2458  0.000e+00
