HB2303/sbe050.cnv
* Sea-Bird SBE 19plus V2 Data File:
* FileName = C:\cruise\data\sbe050.hex
* Software Version Seasave V 7.26.7.121
* Temperature SN = 6128
* Conductivity SN = 6128
* System UpLoad Time = Aug 13 2023 09:27:36
* NMEA Latitude = 38 55.56 N
* NMEA Longitude = 073 55.43 W
* NMEA UTC (Time) = Aug 13 2023 09:27:32
** Ship: Henry Bigelow
** Cruise:  HB2303
** Program:  ECOMON
# nquan = 7
# nvalues = 1247                                  
# units = specified
# name 0 = depSM: Depth [salt water, m]
# name 1 = tv290C: Temperature [ITS-90, deg C]
# name 2 = c0S/m: Conductivity [S/m]
# name 3 = sal00: Salinity, Practical [PSU]
# name 4 = scan: Scan Count
# name 5 = timeM: Time, Elapsed [minutes]
# name 6 = flag:  0.000e+00
# span 0 =     -0.196,     39.038                 
# span 1 =    11.7054,    24.5440                 
# span 2 =   0.000198,   4.751417                 
# span 3 =     0.0118,    33.9577                 
# span 4 =         11,       1257                 
# span 5 =     0.0417,     5.2333                 
# span 6 = 0.0000e+00, 0.0000e+00                 
# interval = seconds: 0.25
# start_time = Aug 13 2023 09:27:32 [NMEA time, header]
# bad_flag = -9.990e-29
*END*
[from data line 411]
     35.902    11.7120   3.728332    32.5985        422     1.7542  0.000e+00
     35.814    11.7119   3.728020    32.5956        423     1.7583  0.000e+00
     35.727    11.7105   3.727805    32.5948        424     1.7625  0.000e+00
     35.642    11.7086   3.727968    32.5981        425     1.7667  0.000e+00
     35.557    11.7083   3.728429    32.6028        426     1.7708  0.000e+00
     35.467    11.7098   3.728351    32.6008        427     1.7750  0.000e+00
     35.378    11.7113   3.728682    32.6028        428     1.7792  0.000e+00
     35.297    11.7139   3.729046    32.6040        429     1.7833  0.000e+00
     35.219    11.7171   3.729183    32.6026        430     1.7875  0.000e+00
     35.138    11.7201   3.729137    32.5996        431     1.7917  0.000e+00
     35.057    11.7216   3.728656    32.5936        432     1.7958  0.000e+00
     34.979    11.7204   3.728572    32.5939        433     1.8000  0.000e+00
     34.910    11.7186   3.728565    32.5954        434     1.8042  0.000e+00
     34.832    11.7177   3.728266    32.5934        435     1.8083  0.000e+00
     34.753    11.7156   3.728195    32.5945        436     1.8125  0.000e+00
     34.677    11.7141   3.729235    32.6060        437     1.8167  0.000e+00
     34.596    11.7176   3.729644    32.6069        438     1.8208  0.000e+00
     34.514    11.7227   3.729403    32.6002        439     1.8250  0.000e+00
     34.435    11.7254   3.729234    32.5961        440     1.8292  0.000e+00
     34.352    11.7260   3.729345    32.5967        441     1.8333  0.000e+00
     34.267    11.7265   3.729423    32.5971        442     1.8375  0.000e+00
     34.182    11.7271   3.729280    32.5952        443     1.8417  0.000e+00
     34.102    11.7273   3.729345    32.5957        444     1.8458  0.000e+00
     34.032    11.7273   3.729494    32.5972        445     1.8500  0.000e+00
     33.957    11.7280   3.730385    32.6053        446     1.8542  0.000e+00
     33.887    11.7323   3.731054    32.6080        447     1.8583  0.000e+00
     33.815    11.7394   3.731028    32.6016        448     1.8625  0.000e+00
     33.744    11.7440   3.730774    32.5951        449     1.8667  0.000e+00
     33.668    11.7455   3.730592    32.5920        450     1.8708  0.000e+00
     33.593    11.7454   3.730631    32.5925        451     1.8750  0.000e+00
     33.518    11.7452   3.730638    32.5928        452     1.8792  0.000e+00
     33.448    11.7450   3.730566    32.5923        453     1.8833  0.000e+00
     33.369    11.7449   3.730475    32.5916        454     1.8875  0.000e+00
     33.298    11.7440   3.729162    32.5796        455     1.8917  0.000e+00
     33.235    11.7379   3.728772    32.5812        456     1.8958  0.000e+00
     33.165    11.7308   3.728766    32.5874        457     1.9000  0.000e+00
     33.098    11.7265   3.730248    32.6056        458     1.9042  0.000e+00
     33.020    11.7298   3.730755    32.6077        459     1.9083  0.000e+00
     32.948    11.7365   3.730196    32.5964        460     1.9125  0.000e+00
     32.870    11.7391   3.730846    32.6005        461     1.9167  0.000e+00
     32.790    11.7422   3.730800    32.5973        462     1.9208  0.000e+00
     32.691    11.7449   3.730657    32.5936        463     1.9250  0.000e+00
     32.599    11.7456   3.730338    32.5899        464     1.9292  0.000e+00
     32.512    11.7446   3.729948    32.5870        465     1.9333  0.000e+00
     32.415    11.7417   3.729669    32.5869        466     1.9375  0.000e+00
     32.326    11.7385   3.729669    32.5898        467     1.9417  0.000e+00
     32.243    11.7362   3.730085    32.5959        468     1.9458  0.000e+00
     32.149    11.7367   3.730501    32.5995        469     1.9500  0.000e+00
     32.053    11.7395   3.731216    32.6040        470     1.9542  0.000e+00
     31.959    11.7452   3.731950    32.6062        471     1.9583  0.000e+00
     31.851    11.7521   3.731287    32.5938        472     1.9625  0.000e+00
     31.744    11.7545   3.731424    32.5930        473     1.9667  0.000e+00
     31.641    11.7561   3.732945    32.6065        474     1.9708  0.000e+00
     31.538    11.7628   3.732457    32.5959        475     1.9750  0.000e+00
     31.448    11.7674   3.733010    32.5973        476     1.9792  0.000e+00
     31.356    11.7708   3.733914    32.6031        477     1.9833  0.000e+00
     31.262    11.7790   3.736567    32.6218        478     1.9875  0.000e+00
     31.175    11.7957   3.735227    32.5941        479     1.9917  0.000e+00
     31.096    11.8035   3.735806    32.5929        480     1.9958  0.000e+00
     31.005    11.8078   3.736716    32.5980        481     2.0000  0.000e+00
     30.917    11.8153   3.735643    32.5811        482     2.0042  0.000e+00
     30.828    11.8167   3.737217    32.5952        483     2.0083  0.000e+00
     30.738    11.8211   3.737360    32.5927        484     2.0125  0.000e+00
     30.635    11.8281   3.738205    32.5948        485     2.0167  0.000e+00
     30.535    11.8353   3.738986    32.5961        486     2.0208  0.000e+00
     30.423    11.8446   3.739897    32.5969        487     2.0250  0.000e+00
     30.313    11.8544   3.739799    32.5874        488     2.0292  0.000e+00
     30.207    11.8612   3.740176    32.5851        489     2.0333  0.000e+00
     30.102    11.8661   3.740313    32.5822        490     2.0375  0.000e+00
     30.000    11.8704   3.740794    32.5832        491     2.0417  0.000e+00
     29.901    11.8745   3.740482    32.5766        492     2.0458  0.000e+00
     29.809    11.8766   3.740840    32.5783        493     2.0500  0.000e+00
     29.717    11.8789   3.741953    32.5871        494     2.0542  0.000e+00
     29.634    11.8860   3.745136    32.6117        495     2.0583  0.000e+00
     29.554    11.9048   3.746581    32.6093        496     2.0625  0.000e+00
     29.480    11.9271   3.747115    32.5950        497     2.0667  0.000e+00
     29.403    11.9439   3.747316    32.5822        498     2.0708  0.000e+00
     29.329    11.9550   3.749296    32.5918        499     2.0750  0.000e+00
     29.246    11.9697   3.752970    32.6145        500     2.0792  0.000e+00
     29.172    11.9968   3.755564    32.6159        501     2.0833  0.000e+00
     29.078    12.0288   3.756495    32.5969        502     2.0875  0.000e+00
     28.987    12.0545   3.756997    32.5794        503     2.0917  0.000e+00
     28.888    12.0726   3.759187    32.5848        504     2.0958  0.000e+00
     28.792    12.0916   3.760432    32.5803        505     2.1000  0.000e+00
     28.698    12.1115   3.762611    32.5840        506     2.1042  0.000e+00
     28.597    12.1328   3.766296    32.6010        507     2.1083  0.000e+00
     28.518    12.1639   3.770199    32.6115        508     2.1125  0.000e+00
     28.442    12.2032   3.774234    32.6160        509     2.1167  0.000e+00
     28.355    12.2477   3.775827    32.5926        510     2.1208  0.000e+00
     28.277    12.2848   3.777433    32.5758        511     2.1250  0.000e+00
     28.196    12.3145   3.778060    32.5561        512     2.1292  0.000e+00
     28.111    12.3358   3.777969    32.5367        513     2.1333  0.000e+00
     28.028    12.3482   3.779190    32.5376        514     2.1375  0.000e+00
     27.928    12.3600   3.780556    32.5406        515     2.1417  0.000e+00
     27.831    12.3731   3.780595    32.5296        516     2.1458  0.000e+00
     27.721    12.3834   3.781176    32.5263        517     2.1500  0.000e+00
     27.611    12.3911   3.781392    32.5217        518     2.1542  0.000e+00
     27.495    12.3973   3.782137    32.5236        519     2.1583  0.000e+00
     27.381    12.4036   3.782398    32.5206        520     2.1625  0.000e+00
     27.267    12.4095   3.782738    32.5189        521     2.1667  0.000e+00
     27.175    12.4147   3.784202    32.5284        522     2.1708  0.000e+00
     27.072    12.4236   3.784549    32.5240        523     2.1750  0.000e+00
     26.978    12.4325   3.784392    32.5148        524     2.1792  0.000e+00
     26.886    12.4374   3.785490    32.5211        525     2.1833  0.000e+00
     26.797    12.4440   3.786268    32.5229        526     2.1875  0.000e+00
     26.716    12.4532   3.786948    32.5215        527     2.1917  0.000e+00
     26.640    12.4613   3.787340    32.5183        528     2.1958  0.000e+00
     26.569    12.4688   3.787765    32.5158        529     2.2000  0.000e+00
     26.497    12.4753   3.786693    32.5000        530     2.2042  0.000e+00
     26.430    12.4754   3.786640    32.4994        531     2.2083  0.000e+00
     26.365    12.4733   3.786895    32.5037        532     2.2125  0.000e+00
     26.302    12.4729   3.786967    32.5048        533     2.2167  0.000e+00
     26.240    12.4733   3.787229    32.5070        534     2.2208  0.000e+00
     26.175    12.4746   3.787320    32.5067        535     2.2250  0.000e+00
     26.112    12.4762   3.787562    32.5077        536     2.2292  0.000e+00
     26.045    12.4781   3.787673    32.5071        537     2.2333  0.000e+00
     25.977    12.4804   3.788550    32.5135        538     2.2375  0.000e+00
     25.915    12.4851   3.789479    32.5184        539     2.2417  0.000e+00
     25.841    12.4926   3.789949    32.5164        540     2.2458  0.000e+00
     25.773    12.5001   3.790604    32.5162        541     2.2500  0.000e+00
     25.699    12.5080   3.790937    32.5126        542     2.2542  0.000e+00
     25.632    12.5147   3.791434    32.5116        543     2.2583  0.000e+00
     25.565    12.5208   3.792160    32.5132        544     2.2625  0.000e+00
     25.493    12.5279   3.792913    32.5143        545     2.2667  0.000e+00
     25.421    12.5358   3.792134    32.5001        546     2.2708  0.000e+00
     25.357    12.5385   3.791905    32.4956        547     2.2750  0.000e+00
     25.281    12.5377   3.792442    32.5015        548     2.2792  0.000e+00
     25.209    12.5386   3.792330    32.4996        549     2.2833  0.000e+00
     25.139    12.5395   3.792559    32.5011        550     2.2875  0.000e+00
     25.061    12.5408   3.793004    32.5042        551     2.2917  0.000e+00
     24.989    12.5436   3.793449    32.5061        552     2.2958  0.000e+00
     24.907    12.5480   3.794012    32.5077        553     2.3000  0.000e+00
     24.837    12.5529   3.793920    32.5026        554     2.3042  0.000e+00
     24.766    12.5567   3.793200    32.4925        555     2.3083  0.000e+00
     24.699    12.5554   3.793475    32.4962        556     2.3125  0.000e+00
     24.634    12.5547   3.794143    32.5033        557     2.3167  0.000e+00
     24.575    12.5576   3.794771    32.5068        558     2.3208  0.000e+00
     24.516    12.5623   3.795307    32.5078        559     2.3250  0.000e+00
     24.464    12.5682   3.796276    32.5120        560     2.3292  0.000e+00
     24.406    12.5762   3.796112    32.5035        561     2.3333  0.000e+00
     24.354    12.5818   3.796296    32.5004        562     2.3375  0.000e+00
     24.298    12.5850   3.796656    32.5012        563     2.3417  0.000e+00
     24.236    12.5887   3.796512    32.4967        564     2.3458  0.000e+00
     24.166    12.5906   3.796629    32.4962        565     2.3500  0.000e+00
     24.090    12.5920   3.797552    32.5037        566     2.3542  0.000e+00
     24.018    12.5966   3.797709    32.5013        567     2.3583  0.000e+00
     23.927    12.6014   3.798246    32.5024        568     2.3625  0.000e+00
     23.848    12.6062   3.798299    32.4987        569     2.3667  0.000e+00
     23.761    12.6100   3.798488    32.4973        570     2.3708  0.000e+00
     23.673    12.6126   3.798842    32.4984        571     2.3750  0.000e+00
     23.595    12.6161   3.799346    32.5002        572     2.3792  0.000e+00
     23.514    12.6205   3.799523    32.4982        573     2.3833  0.000e+00
     23.445    12.6249   3.799745    32.4965        574     2.3875  0.000e+00
     23.382    12.6282   3.800184    32.4979        575     2.3917  0.000e+00
     23.326    12.6320   3.800105    32.4939        576     2.3958  0.000e+00
     23.270    12.6344   3.800610    32.4966        577     2.4000  0.000e+00
     23.217    12.6374   3.801186    32.4995        578     2.4042  0.000e+00
     23.176    12.6427   3.801553    32.4985        579     2.4083  0.000e+00
     23.129    12.6481   3.802417    32.5021        580     2.4125  0.000e+00
     23.087    12.6547   3.802214    32.4945        581     2.4167  0.000e+00
     23.047    12.6593   3.802823    32.4963        582     2.4208  0.000e+00
     23.007    12.6639   3.802803    32.4922        583     2.4250  0.000e+00
     22.966    12.6672   3.803046    32.4916        584     2.4292  0.000e+00
     22.928    12.6699   3.803249    32.4912        585     2.4333  0.000e+00
     22.888    12.6728   3.804127    32.4971        586     2.4375  0.000e+00
     22.845    12.6783   3.804592    32.4969        587     2.4417  0.000e+00
     22.802    12.6843   3.804081    32.4868        588     2.4458  0.000e+00
     22.760    12.6863   3.805090    32.4947        589     2.4500  0.000e+00
     22.713    12.6911   3.806597    32.5049        590     2.4542  0.000e+00
     22.662    12.7014   3.807475    32.5044        591     2.4583  0.000e+00
     22.603    12.7133   3.809389    32.5124        592     2.4625  0.000e+00
     22.547    12.7297   3.810568    32.5094        593     2.4667  0.000e+00
     22.483    12.7466   3.811886    32.5074        594     2.4708  0.000e+00
     22.418    12.7632   3.814299    32.5161        595     2.4750  0.000e+00
     22.360    12.7834   3.817100    32.5253        596     2.4792  0.000e+00
     22.297    12.8092   3.819311    32.5240        597     2.4833  0.000e+00
     22.234    12.8361   3.819448    32.5023        598     2.4875  0.000e+00
     22.178    12.8559   3.819487    32.4856        599     2.4917  0.000e+00
     22.129    12.8685   3.820229    32.4818        600     2.4958  0.000e+00
     22.073    12.8787   3.820819    32.4787        601     2.5000  0.000e+00
     22.026    12.8879   3.820964    32.4721        602     2.5042  0.000e+00
     21.981    12.8943   3.821003    32.4671        603     2.5083  0.000e+00
     21.937    12.8983   3.820583    32.4596        604     2.5125  0.000e+00
     21.894    12.9005   3.820662    32.4585        605     2.5167  0.000e+00
     21.852    12.9026   3.821725    32.4668        606     2.5208  0.000e+00
     21.807    12.9075   3.823031    32.4749        607     2.5250  0.000e+00
     21.767    12.9158   3.824324    32.4801        608     2.5292  0.000e+00
     21.715    12.9268   3.825092    32.4779        609     2.5333  0.000e+00
     21.688    12.9373   3.825854    32.4761        610     2.5375  0.000e+00
     21.642    12.9468   3.826944    32.4783        611     2.5417  0.000e+00
     21.613    12.9564   3.827942    32.4795        612     2.5458  0.000e+00
     21.583    12.9662   3.829013    32.4812        613     2.5500  0.000e+00
     21.548    12.9770   3.830662    32.4876        614     2.5542  0.000e+00
     21.506    12.9909   3.832107    32.4893        615     2.5583  0.000e+00
     21.463    13.0068   3.833178    32.4858        616     2.5625  0.000e+00
     21.418    13.0219   3.834321    32.4836        617     2.5667  0.000e+00
     21.366    13.0365   3.835307    32.4805        618     2.5708  0.000e+00
     21.313    13.0506   3.835800    32.4731        619     2.5750  0.000e+00
     21.263    13.0638   3.836398    32.4674        620     2.5792  0.000e+00
     21.203    13.0771   3.836667    32.4585        621     2.5833  0.000e+00
     21.150    13.0899   3.836779    32.4487        622     2.5875  0.000e+00
     21.094    13.1006   3.836877    32.4405        623     2.5917  0.000e+00
     21.040    13.1087   3.837206    32.4367        624     2.5958  0.000e+00
     20.999    13.1155   3.837692    32.4355        625     2.6000  0.000e+00
