HB2303/sbe044.cnv
* Sea-Bird SBE 19plus V2 Data File:
* FileName = C:\cruise\data\sbe044.hex
* Software Version Seasave V 7.26.7.121
* Temperature SN = 6128
* Conductivity SN = 6128
* System UpLoad Time = Aug 12 2023 19:34:52
* NMEA Latitude = 37 41.97 N
* NMEA Longitude = 074 15.30 W
* NMEA UTC (Time) = Aug 12 2023 19:34:48
** Ship: Henry Bigelow
** Cruise:  HB2303
** Program:  ECOMON
# nquan = 7
# nvalues = 1924                                  
# units = specified
# name 0 = depSM: Depth [salt water, m]
# name 1 = tv290C: Temperature [ITS-90, deg C]
# name 2 = c0S/m: Conductivity [S/m]
# name 3 = sal00: Salinity, Practical [PSU]
# name 4 = scan: Scan Count
# name 5 = timeM: Time, Elapsed [minutes]
# name 6 = flag:  0.000e+00
# span 0 =     -0.225,    110.478                 
# span 1 =     9.8394,    27.6940                 
# span 2 =   0.000109,   5.123568                 
# span 3 =     0.0127,    35.8759                 
# span 4 =         11,       1934                 
# span 5 =     0.0417,     8.0542                 
# span 6 = 0.0000e+00, 0.0000e+00                 
# interval = seconds: 0.25
# start_time = Aug 12 2023 19:34:48 [NMEA time, header]
# bad_flag = -9.990e-29
*END*
[from data line 1642]
     26.821    11.2459   3.778406    33.5099       1653     6.8833  0.000e+00
     26.693    11.2708   3.803385    33.7340       1654     6.8875  0.000e+00
     26.581    11.3538   3.812606    33.7492       1655     6.8917  0.000e+00
     26.463    11.4529   3.810232    33.6354       1656     6.8958  0.000e+00
     26.349    11.5172   3.806029    33.5358       1657     6.9000  0.000e+00
     26.239    11.5478   3.819846    33.6437       1658     6.9042  0.000e+00
     26.138    11.5911   3.831292    33.7166       1659     6.9083  0.000e+00
     26.038    11.6634   3.838298    33.7195       1660     6.9125  0.000e+00
     25.939    11.7363   3.840460    33.6745       1661     6.9167  0.000e+00
     25.837    11.7909   3.846650    33.6855       1662     6.9208  0.000e+00
     25.732    11.8432   3.853694    33.7068       1663     6.9250  0.000e+00
     25.636    11.8990   3.857435    33.6927       1664     6.9292  0.000e+00
     25.535    11.9479   3.858799    33.6618       1665     6.9333  0.000e+00
     25.428    11.9847   3.863768    33.6768       1666     6.9375  0.000e+00
     25.325    12.0209   3.866590    33.6716       1667     6.9417  0.000e+00
     25.222    12.0566   3.873088    33.7025       1668     6.9458  0.000e+00
     25.114    12.0978   3.875417    33.6879       1669     6.9500  0.000e+00
     25.005    12.1371   3.882482    33.7209       1670     6.9542  0.000e+00
     24.904    12.1831   3.889626    33.7486       1671     6.9583  0.000e+00
     24.788    12.2390   3.900804    33.8062       1672     6.9625  0.000e+00
     24.683    12.3141   3.916230    33.8873       1673     6.9667  0.000e+00
     24.568    12.4239   3.954609    34.1578       1674     6.9708  0.000e+00
     24.464    12.6225   3.989658    34.3139       1675     6.9750  0.000e+00
     24.354    12.8868   4.014608    34.3122       1676     6.9792  0.000e+00
     24.256    13.1535   4.047877    34.3868       1677     6.9833  0.000e+00
     24.153    13.4308   4.081203    34.4509       1678     6.9875  0.000e+00
     24.050    13.7214   4.095313    34.3218       1679     6.9917  0.000e+00
     23.959    13.9574   4.102956    34.1823       1680     6.9958  0.000e+00
     23.864    14.1238   4.109543    34.0958       1681     7.0000  0.000e+00
     23.778    14.2412   4.114810    34.0408       1682     7.0042  0.000e+00
     23.695    14.3264   4.119532    34.0094       1683     7.0083  0.000e+00
     23.605    14.3923   4.128712    34.0360       1684     7.0125  0.000e+00
     23.523    14.4590   4.133976    34.0258       1685     7.0167  0.000e+00
     23.442    14.5203   4.139419    34.0220       1686     7.0208  0.000e+00
     23.358    14.5755   4.146460    34.0382       1687     7.0250  0.000e+00
     23.275    14.6324   4.155271    34.0690       1688     7.0292  0.000e+00
     23.188    14.6977   4.168074    34.1289       1689     7.0333  0.000e+00
     23.096    14.7807   4.182821    34.1909       1690     7.0375  0.000e+00
     23.000    14.8830   4.190361    34.1699       1691     7.0417  0.000e+00
     22.902    14.9771   4.198057    34.1575       1692     7.0458  0.000e+00
     22.799    15.0620   4.211959    34.2095       1693     7.0500  0.000e+00
     22.692    15.1603   4.229061    34.2786       1694     7.0542  0.000e+00
     22.582    15.2846   4.243395    34.2995       1695     7.0583  0.000e+00
     22.471    15.4191   4.254594    34.2831       1696     7.0625  0.000e+00
     22.350    15.5445   4.264968    34.2671       1697     7.0667  0.000e+00
     22.225    15.6583   4.273373    34.2436       1698     7.0708  0.000e+00
     22.100    15.7588   4.278725    34.2044       1699     7.0750  0.000e+00
     21.977    15.8398   4.283634    34.1782       1700     7.0792  0.000e+00
     21.852    15.9050   4.293418    34.2091       1701     7.0833  0.000e+00
     21.724    15.9741   4.302901    34.2338       1702     7.0875  0.000e+00
     21.597    16.0507   4.307414    34.2079       1703     7.0917  0.000e+00
     21.471    16.1175   4.312378    34.1944       1704     7.0958  0.000e+00
     21.340    16.1735   4.318186    34.1977       1705     7.1000  0.000e+00
     21.223    16.2271   4.323797    34.2013       1706     7.1042  0.000e+00
     21.107    16.2799   4.330413    34.2145       1707     7.1083  0.000e+00
     20.995    16.3338   4.329334    34.1587       1708     7.1125  0.000e+00
     20.878    16.3685   4.323871    34.0809       1709     7.1167  0.000e+00
     20.769    16.3783   4.321572    34.0523       1710     7.1208  0.000e+00
     20.665    16.3760   4.319521    34.0362       1711     7.1250  0.000e+00
     20.567    16.3684   4.318866    34.0369       1712     7.1292  0.000e+00
     20.466    16.3626   4.320895    34.0598       1713     7.1333  0.000e+00
     20.373    16.3672   4.325003    34.0921       1714     7.1375  0.000e+00
     20.276    16.3851   4.329236    34.1141       1715     7.1417  0.000e+00
     20.185    16.4135   4.331917    34.1135       1716     7.1458  0.000e+00
     20.101    16.4422   4.333575    34.1036       1717     7.1500  0.000e+00
     20.012    16.4667   4.335510    34.0997       1718     7.1542  0.000e+00
     19.924    16.4895   4.338275    34.1046       1719     7.1583  0.000e+00
     19.844    16.5146   4.342022    34.1161       1720     7.1625  0.000e+00
     19.755    16.5441   4.346920    34.1340       1721     7.1667  0.000e+00
     19.672    16.5804   4.351141    34.1401       1722     7.1708  0.000e+00
     19.592    16.6196   4.355254    34.1427       1723     7.1750  0.000e+00
     19.503    16.6587   4.360864    34.1586       1724     7.1792  0.000e+00
     19.418    16.7011   4.365854    34.1662       1725     7.1833  0.000e+00
     19.344    16.7444   4.370575    34.1706       1726     7.1875  0.000e+00
     19.257    16.7877   4.374376    34.1669       1727     7.1917  0.000e+00
     19.179    16.8285   4.377630    34.1607       1728     7.1958  0.000e+00
     19.109    16.8673   4.392401    34.2565       1729     7.2000  0.000e+00
     19.031    16.9409   4.421254    34.4453       1730     7.2042  0.000e+00
     18.961    17.0859   4.443318    34.5133       1731     7.2083  0.000e+00
     18.888    17.2640   4.455040    34.4626       1732     7.2125  0.000e+00
     18.816    17.4218   4.461380    34.3832       1733     7.2167  0.000e+00
     18.736    17.5418   4.465436    34.3164       1734     7.2208  0.000e+00
     18.653    17.6252   4.469271    34.2789       1735     7.2250  0.000e+00
     18.568    17.6857   4.473415    34.2634       1736     7.2292  0.000e+00
     18.479    17.7353   4.480336    34.2810       1737     7.2333  0.000e+00
     18.380    17.7869   4.488824    34.3103       1738     7.2375  0.000e+00
     18.281    17.8501   4.498668    34.3412       1739     7.2417  0.000e+00
     18.174    17.9255   4.508794    34.3642       1740     7.2458  0.000e+00
     18.064    18.0100   4.520308    34.3913       1741     7.2500  0.000e+00
     17.950    18.1048   4.533946    34.4275       1742     7.2542  0.000e+00
     17.841    18.2151   4.548519    34.4586       1743     7.2583  0.000e+00
     17.729    18.3385   4.562398    34.4725       1744     7.2625  0.000e+00
     17.611    18.4697   4.574802    34.4673       1745     7.2667  0.000e+00
     17.497    18.6000   4.585792    34.4509       1746     7.2708  0.000e+00
     17.385    18.7204   4.592656    34.4081       1747     7.2750  0.000e+00
     17.276    18.8200   4.597053    34.3621       1748     7.2792  0.000e+00
     17.171    18.8983   4.603060    34.3473       1749     7.2833  0.000e+00
     17.063    18.9677   4.607951    34.3307       1750     7.2875  0.000e+00
     16.956    19.0304   4.613092    34.3217       1751     7.2917  0.000e+00
     16.849    19.0900   4.623702    34.3608       1752     7.2958  0.000e+00
     16.748    19.1632   4.640117    34.4368       1753     7.3000  0.000e+00
     16.637    19.2716   4.666588    34.5669       1754     7.3042  0.000e+00
     16.527    19.4417   4.700606    34.7075       1755     7.3083  0.000e+00
     16.415    19.6951   4.732834    34.7630       1756     7.3125  0.000e+00
     16.303    19.9895   4.755427    34.7049       1757     7.3167  0.000e+00
     16.192    20.2782   4.781567    34.6805       1758     7.3208  0.000e+00
     16.080    20.5727   4.789135    34.5011       1759     7.3250  0.000e+00
     15.972    20.8242   4.787538    34.2846       1760     7.3292  0.000e+00
     15.858    20.9877   4.789726    34.1709       1761     7.3333  0.000e+00
     15.746    21.0916   4.792197    34.1076       1762     7.3375  0.000e+00
     15.635    21.1691   4.797453    34.0878       1763     7.3417  0.000e+00
     15.521    21.2418   4.801939    34.0657       1764     7.3458  0.000e+00
     15.413    21.3138   4.807343    34.0515       1765     7.3500  0.000e+00
     15.304    21.3898   4.813083    34.0368       1766     7.3542  0.000e+00
     15.192    21.4725   4.818297    34.0126       1767     7.3583  0.000e+00
     15.089    21.5552   4.821064    33.9692       1768     7.3625  0.000e+00
     14.997    21.6220   4.822870    33.9308       1769     7.3667  0.000e+00
     14.901    21.6710   4.824214    33.9028       1770     7.3708  0.000e+00
     14.822    21.7134   4.824987    33.8756       1771     7.3750  0.000e+00
     14.736    21.7501   4.826324    33.8573       1772     7.3792  0.000e+00
     14.662    21.7804   4.827726    33.8446       1773     7.3833  0.000e+00
     14.595    21.8045   4.828688    33.8333       1774     7.3875  0.000e+00
     14.523    21.8235   4.829201    33.8225       1775     7.3917  0.000e+00
     14.458    21.8389   4.830003    33.8167       1776     7.3958  0.000e+00
     14.396    21.8548   4.832940    33.8274       1777     7.4000  0.000e+00
     14.329    21.8832   4.837557    33.8414       1778     7.4042  0.000e+00
     14.266    21.9328   4.844000    33.8532       1779     7.4083  0.000e+00
     14.200    22.0088   4.855977    33.8875       1780     7.4125  0.000e+00
     14.119    22.1246   4.868684    33.8964       1781     7.4167  0.000e+00
     14.043    22.2726   4.877627    33.8507       1782     7.4208  0.000e+00
     13.949    22.4234   4.885022    33.7910       1783     7.4250  0.000e+00
     13.855    22.5634   4.891846    33.7356       1784     7.4292  0.000e+00
     13.746    22.6916   4.896172    33.6701       1785     7.4333  0.000e+00
     13.632    22.8069   4.898383    33.5987       1786     7.4375  0.000e+00
     13.507    22.9129   4.900419    33.5332       1787     7.4417  0.000e+00
     13.384    23.0046   4.902178    33.4768       1788     7.4458  0.000e+00
     13.252    23.0842   4.903793    33.4287       1789     7.4500  0.000e+00
     13.120    23.1522   4.905867    33.3930       1790     7.4542  0.000e+00
     12.988    23.2147   4.909311    33.3719       1791     7.4583  0.000e+00
     12.841    23.2970   4.916749    33.3663       1792     7.4625  0.000e+00
     12.713    23.4157   4.926299    33.3494       1793     7.4667  0.000e+00
     12.579    23.5657   4.936221    33.3117       1794     7.4708  0.000e+00
     12.452    23.7261   4.945677    33.2628       1795     7.4750  0.000e+00
     12.326    23.8900   4.957656    33.2305       1796     7.4792  0.000e+00
     12.205    24.0546   4.968455    33.1890       1797     7.4833  0.000e+00
     12.094    24.2152   4.977109    33.1346       1798     7.4875  0.000e+00
     11.989    24.3620   4.981569    33.0593       1799     7.4917  0.000e+00
     11.889    24.4768   4.982124    32.9790       1800     7.4958  0.000e+00
     11.786    24.5609   4.982291    32.9186       1801     7.5000  0.000e+00
     11.687    24.6310   4.982518    32.8690       1802     7.5042  0.000e+00
     11.589    24.6883   4.983777    32.8366       1803     7.5083  0.000e+00
     11.491    24.7351   4.982743    32.7949       1804     7.5125  0.000e+00
     11.396    24.7771   4.981064    32.7520       1805     7.5167  0.000e+00
     11.287    24.8151   4.981261    32.7259       1806     7.5208  0.000e+00
     11.184    24.8508   4.983005    32.7129       1807     7.5250  0.000e+00
     11.059    24.8883   4.981941    32.6779       1808     7.5292  0.000e+00
     10.940    24.9193   4.981560    32.6527       1809     7.5333  0.000e+00
     10.813    24.9442   4.981654    32.6355       1810     7.5375  0.000e+00
     10.676    24.9646   4.981918    32.6228       1811     7.5417  0.000e+00
     10.533    24.9825   4.982225    32.6121       1812     7.5458  0.000e+00
     10.385    25.0021   4.982482    32.6000       1813     7.5500  0.000e+00
     10.238    25.0240   4.982283    32.5827       1814     7.5542  0.000e+00
     10.085    25.0469   4.981630    32.5615       1815     7.5583  0.000e+00
      9.927    25.0705   4.981711    32.5452       1816     7.5625  0.000e+00
      9.776    25.0969   4.982597    32.5328       1817     7.5667  0.000e+00
      9.624    25.1312   4.983799    32.5170       1818     7.5708  0.000e+00
      9.481    25.1662   4.983996    32.4934       1819     7.5750  0.000e+00
      9.336    25.1982   4.984347    32.4731       1820     7.5792  0.000e+00
      9.200    25.2244   4.984911    32.4585       1821     7.5833  0.000e+00
      9.072    25.2438   4.985109    32.4461       1822     7.5875  0.000e+00
      8.951    25.2555   4.985336    32.4395       1823     7.5917  0.000e+00
      8.831    25.2631   4.985336    32.4341       1824     7.5958  0.000e+00
      8.730    25.2686   4.985907    32.4344       1825     7.6000  0.000e+00
      8.618    25.2726   4.986047    32.4325       1826     7.6042  0.000e+00
      8.511    25.2759   4.986281    32.4319       1827     7.6083  0.000e+00
      8.410    25.2787   4.986479    32.4314       1828     7.6125  0.000e+00
      8.310    25.2816   4.986560    32.4300       1829     7.6167  0.000e+00
      8.213    25.2840   4.986618    32.4287       1830     7.6208  0.000e+00
      8.113    25.2859   4.986735    32.4282       1831     7.6250  0.000e+00
      8.008    25.2870   4.986823    32.4281       1832     7.6292  0.000e+00
      7.899    25.2880   4.986904    32.4280       1833     7.6333  0.000e+00
      7.786    25.2892   4.987021    32.4280       1834     7.6375  0.000e+00
      7.670    25.2904   4.987021    32.4272       1835     7.6417  0.000e+00
      7.558    25.2914   4.987021    32.4266       1836     7.6458  0.000e+00
      7.420    25.2925   4.987131    32.4266       1837     7.6500  0.000e+00
      7.292    25.2940   4.987336    32.4271       1838     7.6542  0.000e+00
      7.156    25.2957   4.987490    32.4270       1839     7.6583  0.000e+00
      7.022    25.2978   4.987703    32.4271       1840     7.6625  0.000e+00
      6.885    25.2996   4.987791    32.4265       1841     7.6667  0.000e+00
      6.744    25.3018   4.987988    32.4264       1842     7.6708  0.000e+00
      6.603    25.3042   4.988135    32.4258       1843     7.6750  0.000e+00
      6.469    25.3065   4.988333    32.4257       1844     7.6792  0.000e+00
      6.328    25.3089   4.988648    32.4263       1845     7.6833  0.000e+00
      6.192    25.3119   4.988993    32.4267       1846     7.6875  0.000e+00
      6.055    25.3149   4.989447    32.4279       1847     7.6917  0.000e+00
      5.925    25.3195   4.989411    32.4244       1848     7.6958  0.000e+00
      5.787    25.3235   4.989594    32.4229       1849     7.7000  0.000e+00
      5.653    25.3279   4.990136    32.4237       1850     7.7042  0.000e+00
      5.525    25.3342   4.990481    32.4218       1851     7.7083  0.000e+00
      5.389    25.3401   4.990510    32.4178       1852     7.7125  0.000e+00
      5.252    25.3456   4.990107    32.4111       1853     7.7167  0.000e+00
      5.124    25.3525   4.990106    32.4062       1854     7.7208  0.000e+00
      4.995    25.3612   4.990224    32.4008       1855     7.7250  0.000e+00
      4.872    25.3729   4.990480    32.3944       1856     7.7292  0.000e+00
