HB2303/sbe001.cnv
* Sea-Bird SBE 19plus V2 Data File:
* FileName = C:\cruise\data\sbe001.hex
* Software Version Seasave V 7.26.7.121
* Temperature SN = 6128
* Conductivity SN = 6128
* System UpLoad Time = Aug 08 2023 18:30:22
* NMEA Latitude = 41 21.39 N
* NMEA Longitude = 070 59.66 W
* NMEA UTC (Time) = Aug 08 2023 18:30:18
** Ship: Henry Bigelow
** Cruise:  HB2303
** Program:  ECOMON
# nquan = 7
# nvalues = 407                                   
# units = specified
# name 0 = depSM: Depth [salt water, m]
# name 1 = tv290C: Temperature [ITS-90, deg C]
# name 2 = c0S/m: Conductivity [S/m]
# name 3 = sal00: Salinity, Practical [PSU]
# name 4 = scan: Scan Count
# name 5 = timeM: Time, Elapsed [minutes]
# name 6 = flag:  0.000e+00
# span 0 =     -0.282,      7.304                 
# span 1 =    19.9368,    25.3996                 
# span 2 =  -0.000038,   4.457491                 
# span 3 =     0.0000,    31.9514                 
# span 4 =         11,        417                 
# span 5 =     0.0417,     1.7333                 
# span 6 = 0.0000e+00, 0.0000e+00                 
# interval = seconds: 0.25
# start_time = Aug 08 2023 18:30:18 [NMEA time, header]
# bad_flag = -9.990e-29
*END*
[from data line 206]
      6.843    20.4596   4.372695    31.2474        217     0.9000  0.000e+00
      6.758    20.2870   4.368099    31.3381        218     0.9042  0.000e+00
      6.686    20.1590   4.365571    31.4128        219     0.9083  0.000e+00
      6.610    20.0708   4.364560    31.4704        220     0.9125  0.000e+00
      6.540    20.0128   4.363625    31.5062        221     0.9167  0.000e+00
      6.464    19.9768   4.362849    31.5270        222     0.9208  0.000e+00
      6.395    19.9554   4.361803    31.5346        223     0.9250  0.000e+00
      6.318    19.9434   4.360868    31.5360        224     0.9292  0.000e+00
      6.251    19.9380   4.360660    31.5384        225     0.9333  0.000e+00
      6.177    19.9368   4.361048    31.5425        226     0.9375  0.000e+00
      6.108    19.9397   4.361955    31.5476        227     0.9417  0.000e+00
      6.056    19.9452   4.362967    31.5517        228     0.9458  0.000e+00
      5.996    19.9522   4.364152    31.5561        229     0.9500  0.000e+00
      5.949    19.9587   4.365712    31.5638        230     0.9542  0.000e+00
      5.911    19.9649   4.367701    31.5753        231     0.9583  0.000e+00
      5.886    19.9710   4.372625    31.6104        232     0.9625  0.000e+00
      5.859    19.9770   4.380703    31.6712        233     0.9667  0.000e+00
      5.832    19.9821   4.381723    31.6755        234     0.9708  0.000e+00
      5.809    19.9881   4.379807    31.6556        235     0.9750  0.000e+00
      5.778    19.9951   4.375567    31.6161        236     0.9792  0.000e+00
      5.744    20.0047   4.371605    31.5769        237     0.9833  0.000e+00
      5.713    20.0191   4.370190    31.5548        238     0.9875  0.000e+00
      5.669    20.0387   4.369295    31.5329        239     0.9917  0.000e+00
      5.619    20.0585   4.368608    31.5126        240     0.9958  0.000e+00
      5.561    20.0829   4.369274    31.4997        241     1.0000  0.000e+00
      5.478    20.1128   4.370133    31.4843        242     1.0042  0.000e+00
      5.399    20.1382   4.369959    31.4640        243     1.0083  0.000e+00
      5.312    20.1557   4.370438    31.4548        244     1.0125  0.000e+00
      5.240    20.1677   4.371263    31.4526        245     1.0167  0.000e+00
      5.171    20.1764   4.372546    31.4564        246     1.0208  0.000e+00
      5.124    20.1844   4.374578    31.4668        247     1.0250  0.000e+00
      5.083    20.1911   4.381769    31.5196        248     1.0292  0.000e+00
      5.055    20.1964   4.387678    31.5632        249     1.0333  0.000e+00
      5.041    20.2008   4.386393    31.5495        250     1.0375  0.000e+00
      5.019    20.2103   4.384643    31.5284        251     1.0417  0.000e+00
      5.016    20.2342   4.383476    31.5012        252     1.0458  0.000e+00
      5.007    20.2627   4.383420    31.4795        253     1.0500  0.000e+00
      5.003    20.2865   4.384621    31.4715        254     1.0542  0.000e+00
      4.985    20.3055   4.385003    31.4604        255     1.0583  0.000e+00
      4.974    20.3248   4.391144    31.4953        256     1.0625  0.000e+00
      4.965    20.3454   4.397990    31.5348        257     1.0667  0.000e+00
      4.951    20.3706   4.401036    31.5404        258     1.0708  0.000e+00
      4.934    20.4075   4.401773    31.5188        259     1.0750  0.000e+00
      4.911    20.4432   4.402565    31.4986        260     1.0792  0.000e+00
      4.894    20.4743   4.403511    31.4831        261     1.0833  0.000e+00
      4.862    20.4998   4.404561    31.4726        262     1.0875  0.000e+00
      4.828    20.5190   4.405257    31.4639        263     1.0917  0.000e+00
      4.790    20.5337   4.403976    31.4428        264     1.0958  0.000e+00
      4.748    20.5450   4.401903    31.4179        265     1.1000  0.000e+00
      4.697    20.5360   4.397654    31.3907        266     1.1042  0.000e+00
      4.640    20.4939   4.387063    31.3374        267     1.1083  0.000e+00
      4.573    20.4324   4.379273    31.3206        268     1.1125  0.000e+00
      4.506    20.3729   4.375692    31.3360        269     1.1167  0.000e+00
      4.434    20.3259   4.374215    31.3590        270     1.1208  0.000e+00
      4.365    20.2924   4.374292    31.3845        271     1.1250  0.000e+00
      4.311    20.2702   4.375486    31.4106        272     1.1292  0.000e+00
      4.284    20.2572   4.378741    31.4463        273     1.1333  0.000e+00
      4.282    20.2501   4.366677    31.3549        274     1.1375  0.000e+00
      4.307    20.2471   4.366636    31.3567        275     1.1417  0.000e+00
      4.354    20.2452   4.366788    31.3593        276     1.1458  0.000e+00
      4.416    20.2439   4.366733    31.3599        277     1.1500  0.000e+00
      4.492    20.2428   4.367142    31.3639        278     1.1542  0.000e+00
      4.560    20.2437   4.366137    31.3552        279     1.1583  0.000e+00
      4.634    20.2401   4.365541    31.3530        280     1.1625  0.000e+00
      4.695    20.2339   4.365465    31.3570        281     1.1667  0.000e+00
      4.751    20.2291   4.365687    31.3623        282     1.1708  0.000e+00
      4.804    20.2270   4.366130    31.3674        283     1.1750  0.000e+00
      4.824    20.2285   4.366276    31.3675        284     1.1792  0.000e+00
      4.827    20.2304   4.365617    31.3608        285     1.1833  0.000e+00
      4.796    20.2292   4.365264    31.3588        286     1.1875  0.000e+00
      4.766    20.2261   4.364065    31.3515        287     1.1917  0.000e+00
      4.717    20.2203   4.365188    31.3648        288     1.1958  0.000e+00
      4.663    20.2186   4.366075    31.3733        289     1.2000  0.000e+00
      4.600    20.2232   4.366130    31.3703        290     1.2042  0.000e+00
      4.538    20.2280   4.367253    31.3758        291     1.2083  0.000e+00
      4.470    20.2365   4.370131    31.3926        292     1.2125  0.000e+00
      4.415    20.2561   4.371122    31.3860        293     1.2167  0.000e+00
      4.352    20.2759   4.371781    31.3766        294     1.2208  0.000e+00
      4.285    20.2918   4.373529    31.3788        295     1.2250  0.000e+00
      4.211    20.3088   4.373841    31.3688        296     1.2292  0.000e+00
      4.148    20.3221   4.373813    31.3587        297     1.2333  0.000e+00
      4.094    20.3295   4.373681    31.3522        298     1.2375  0.000e+00
      4.045    20.3333   4.373507    31.3480        299     1.2417  0.000e+00
      4.009    20.3341   4.373382    31.3464        300     1.2458  0.000e+00
      4.000    20.3337   4.373840    31.3504        301     1.2500  0.000e+00
      4.009    20.3354   4.375866    31.3654        302     1.2542  0.000e+00
      4.034    20.3447   4.374652    31.3488        303     1.2583  0.000e+00
      4.075    20.3478   4.372945    31.3328        304     1.2625  0.000e+00
      4.121    20.3407   4.372037    31.3307        305     1.2667  0.000e+00
      4.166    20.3311   4.371843    31.3363        306     1.2708  0.000e+00
      4.211    20.3228   4.372134    31.3447        307     1.2750  0.000e+00
      4.234    20.3192   4.372516    31.3504        308     1.2792  0.000e+00
      4.231    20.3191   4.372488    31.3503        309     1.2833  0.000e+00
      4.184    20.3199   4.372696    31.3514        310     1.2875  0.000e+00
      4.108    20.3214   4.374139    31.3619        311     1.2917  0.000e+00
      4.002    20.3307   4.376047    31.3702        312     1.2958  0.000e+00
      3.877    20.3448   4.375665    31.3568        313     1.3000  0.000e+00
      3.742    20.3540   4.377191    31.3622        314     1.3042  0.000e+00
      3.613    20.3655   4.380974    31.3841        315     1.3083  0.000e+00
      3.519    20.3886   4.381230    31.3690        316     1.3125  0.000e+00
      3.433    20.4088   4.382174    31.3616        317     1.3167  0.000e+00
      3.370    20.4249   4.382500    31.3524        318     1.3208  0.000e+00
      3.312    20.4358   4.382327    31.3429        319     1.3250  0.000e+00
      3.278    20.4427   4.382049    31.3356        320     1.3292  0.000e+00
      3.251    20.4435   4.381084    31.3274        321     1.3333  0.000e+00
      3.232    20.4401   4.380619    31.3261        322     1.3375  0.000e+00
      3.214    20.4352   4.380619    31.3297        323     1.3417  0.000e+00
      3.207    20.4318   4.380522    31.3315        324     1.3458  0.000e+00
      3.194    20.4293   4.380751    31.3352        325     1.3500  0.000e+00
      3.176    20.4286   4.380709    31.3353        326     1.3542  0.000e+00
      3.160    20.4283   4.380313    31.3325        327     1.3583  0.000e+00
      3.136    20.4271   4.379703    31.3284        328     1.3625  0.000e+00
      3.098    20.4232   4.379911    31.3330        329     1.3667  0.000e+00
      3.050    20.4212   4.381667    31.3486        330     1.3708  0.000e+00
      3.012    20.4278   4.384146    31.3635        331     1.3750  0.000e+00
      2.970    20.4433   4.382882    31.3419        332     1.3792  0.000e+00
      2.918    20.4512   4.384743    31.3510        333     1.3833  0.000e+00
      2.856    20.4621   4.384312    31.3395        334     1.3875  0.000e+00
      2.791    20.4690   4.384513    31.3361        335     1.3917  0.000e+00
      2.713    20.4736   4.383694    31.3261        336     1.3958  0.000e+00
      2.632    20.4722   4.385458    31.3412        337     1.4000  0.000e+00
      2.547    20.4778   4.386652    31.3466        338     1.4042  0.000e+00
      2.437    20.4882   4.386451    31.3374        339     1.4083  0.000e+00
      2.314    20.4954   4.389000    31.3525        340     1.4125  0.000e+00
      2.184    20.5093   4.389305    31.3447        341     1.4167  0.000e+00
      2.060    20.5206   4.388069    31.3265        342     1.4208  0.000e+00
      1.951    20.5244   4.389333    31.3338        343     1.4250  0.000e+00
      1.874    20.5285   4.390938    31.3437        344     1.4292  0.000e+00
      1.834    20.5389   4.390375    31.3315        345     1.4333  0.000e+00
      1.798    20.5445   4.390479    31.3282        346     1.4375  0.000e+00
      1.783    20.5479   4.390938    31.3293        347     1.4417  0.000e+00
      1.760    20.5516   4.391278    31.3293        348     1.4458  0.000e+00
      1.724    20.5554   4.391347    31.3271        349     1.4500  0.000e+00
      1.671    20.5584   4.391598    31.3269        350     1.4542  0.000e+00
      1.586    20.5612   4.391730    31.3259        351     1.4583  0.000e+00
      1.474    20.5635   4.391827    31.3251        352     1.4625  0.000e+00
      1.341    20.5649   4.391674    31.3229        353     1.4667  0.000e+00
      1.191    20.5650   4.390284    31.3117        354     1.4708  0.000e+00
      1.039    20.5605   4.390041    31.3132        355     1.4750  0.000e+00
      0.911    20.5545   4.389916    31.3166        356     1.4792  0.000e+00
      0.830    20.5508   4.390888    31.3271        357     1.4833  0.000e+00
      0.788    20.5523   4.390631    31.3240        358     1.4875  0.000e+00
      0.772    20.5538   4.390423    31.3213        359     1.4917  0.000e+00
      0.765    20.5531   4.389325    31.3130        360     1.4958  0.000e+00
      0.743    20.5478   4.388311    31.3089        361     1.5000  0.000e+00
      0.721    20.5399   4.387977    31.3120        362     1.5042  0.000e+00
      0.700    20.5330   4.390097    31.3340        363     1.5083  0.000e+00
      0.687    20.5370   4.390479    31.3341        364     1.5125  0.000e+00
      0.654    20.5438   4.390784    31.3315        365     1.5167  0.000e+00
      0.629    20.5491   4.390951    31.3290        366     1.5208  0.000e+00
      0.579    20.5531   4.390527    31.3227        367     1.5250  0.000e+00
      0.472    20.5538   4.390631    31.3230        368     1.5292  0.000e+00
      0.322    20.5532   4.388588    31.3072        369     1.5333  0.000e+00
      0.066    20.5473   4.389888    31.3220        370     1.5375  0.000e+00
     -0.225    20.5445   3.082366    21.1636        371     1.5417  0.000e+00
     -0.279    20.5465   0.737783     4.4860        372     1.5458  0.000e+00
     -0.277    20.5527   0.399603     2.3320        373     1.5500  0.000e+00
     -0.276    20.5617   0.282887     1.6170        374     1.5542  0.000e+00
     -0.276    20.5700   0.224161     1.2648        375     1.5583  0.000e+00
     -0.276    20.5750   0.208930     1.1744        376     1.5625  0.000e+00
     -0.274    20.5785   0.197737     1.1082        377     1.5667  0.000e+00
     -0.274    20.5820   0.173478     0.9658        378     1.5708  0.000e+00
     -0.272    20.5853   0.155060     0.8585        379     1.5750  0.000e+00
     -0.270    20.5881   0.101390     0.5510        380     1.5792  0.000e+00
     -0.270    20.5914   0.060551     0.3232        381     1.5833  0.000e+00
     -0.252    20.5943   0.278919     1.5919        382     1.5875  0.000e+00
     -0.256    20.5968   2.288786    15.2471        383     1.5917  0.000e+00
     -0.233    20.5959   2.326221    15.5204        384     1.5958  0.000e+00
     -0.256    20.5889   4.224880    29.9818        385     1.6000  0.000e+00
     -0.273    20.5786   1.422215     9.0901        386     1.6042  0.000e+00
     -0.273    20.5711   0.559658     3.3364        387     1.6083  0.000e+00
     -0.271    20.5702   0.376511     2.1883        388     1.6125  0.000e+00
     -0.273    20.5730   0.266730     1.5192        389     1.6167  0.000e+00
     -0.274    20.5766   0.212674     1.1965        390     1.6208  0.000e+00
     -0.280    20.5802   0.186095     1.0397        391     1.6250  0.000e+00
     -0.274    20.5845   0.144644     0.7983        392     1.6292  0.000e+00
     -0.276    20.5882   0.137175     0.7552        393     1.6333  0.000e+00
     -0.276    20.5917   0.132541     0.7285        394     1.6375  0.000e+00
     -0.277    20.5954   0.127606     0.7001        395     1.6417  0.000e+00
     -0.276    20.5987   0.114181     0.6234        396     1.6458  0.000e+00
     -0.278    20.6025   0.078966     0.4250        397     1.6500  0.000e+00
     -0.277    20.6057   0.039653     0.2096        398     1.6542  0.000e+00
     -0.275    20.6093   0.032595     0.1719        399     1.6583  0.000e+00
     -0.271    20.6132   0.032446     0.1711        400     1.6625  0.000e+00
     -0.276    20.6167   0.034021     0.1795        401     1.6667  0.000e+00
     -0.276    20.6203   0.035676     0.1883        402     1.6708  0.000e+00
     -0.278    20.6233   0.034637     0.1827        403     1.6750  0.000e+00
     -0.276    20.6269   0.031870     0.1680        404     1.6792  0.000e+00
     -0.273    20.6301   0.032507     0.1714        405     1.6833  0.000e+00
     -0.273    20.6342   0.034215     0.1805        406     1.6875  0.000e+00
     -0.276    20.6378   0.031579     0.1665        407     1.6917  0.000e+00
     -0.275    20.6414   0.027533     0.1451        408     1.6958  0.000e+00
     -0.274    20.6446   0.025600     0.1349        409     1.7000  0.000e+00
     -0.274    20.6483   0.022280     0.1176        410     1.7042  0.000e+00
     -0.274    20.6514   0.022223     0.1173        411     1.7083  0.000e+00
     -0.280    20.6548   0.020889     0.1104        412     1.7125  0.000e+00
     -0.274    20.6586   0.018144     0.0962        413     1.7167  0.000e+00
     -0.276    20.6621   0.017520     0.0930        414     1.7208  0.000e+00
     -0.273    20.6654   0.016605     0.0883        415     1.7250  0.000e+00
     -0.276    20.6691   0.014977     0.0800        416     1.7292  0.000e+00
     -0.274    20.6726   0.013775     0.0739        417     1.7333  0.000e+00
