HB2303/sbe143.cnv
* Sea-Bird SBE 19plus V2 Data File:
* FileName = C:\cruise\data\sbe143.hex
* Software Version Seasave V 7.26.7.121
* Temperature SN = 6128
* Conductivity SN = 6128
* System UpLoad Time = Aug 22 2023 05:14:44
* NMEA Latitude = 42 24.80 N
* NMEA Longitude = 070 37.01 W
* NMEA UTC (Time) = Aug 22 2023 05:14:40
** Ship: Henry Bigelow
** Cruise:  HB2303
** Program:  ECOMON
# nquan = 7
# nvalues = 1890                                  
# units = specified
# name 0 = depSM: Depth [salt water, m]
# name 1 = tv290C: Temperature [ITS-90, deg C]
# name 2 = c0S/m: Conductivity [S/m]
# name 3 = sal00: Salinity, Practical [PSU]
# name 4 = scan: Scan Count
# name 5 = timeM: Time, Elapsed [minutes]
# name 6 = flag:  0.000e+00
# span 0 =      0.025,     77.157                 
# span 1 =     7.2340,    19.3867                 
# span 2 =   0.002884,   4.099385                 
# span 3 =     0.0210,    32.1805                 
# span 4 =         11,       1900                 
# span 5 =     0.0417,     7.9125                 
# span 6 = 0.0000e+00, 0.0000e+00                 
# interval = seconds: 0.25
# start_time = Aug 22 2023 05:14:40 [NMEA time, header]
# bad_flag = -9.990e-29
*END*
[from data line 411]
     51.097     8.1514   3.354968    31.9914        422     1.7542  0.000e+00
     51.222     8.1501   3.354980    31.9926        423     1.7583  0.000e+00
     51.341     8.1495   3.355093    31.9943        424     1.7625  0.000e+00
     51.464     8.1497   3.355012    31.9932        425     1.7667  0.000e+00
     51.592     8.1499   3.354775    31.9905        426     1.7708  0.000e+00
     51.715     8.1489   3.354819    31.9918        427     1.7750  0.000e+00
     51.848     8.1481   3.353797    31.9817        428     1.7792  0.000e+00
     51.974     8.1454   3.353940    31.9855        429     1.7833  0.000e+00
     52.101     8.1420   3.353716    31.9863        430     1.7875  0.000e+00
     52.227     8.1392   3.353361    31.9850        431     1.7917  0.000e+00
     52.355     8.1361   3.352650    31.9802        432     1.7958  0.000e+00
     52.482     8.1314   3.353024    31.9884        433     1.8000  0.000e+00
     52.606     8.1288   3.352077    31.9807        434     1.8042  0.000e+00
     52.729     8.1248   3.351666    31.9800        435     1.8083  0.000e+00
     52.860     8.1199   3.351367    31.9812        436     1.8125  0.000e+00
     52.992     8.1150   3.350769    31.9792        437     1.8167  0.000e+00
     53.114     8.1096   3.350857    31.9851        438     1.8208  0.000e+00
     53.243     8.1062   3.349679    31.9756        439     1.8250  0.000e+00
     53.364     8.1030   3.350078    31.9828        440     1.8292  0.000e+00
     53.483     8.0992   3.350022    31.9856        441     1.8333  0.000e+00
     53.608     8.0965   3.349736    31.9850        442     1.8375  0.000e+00
     53.727     8.0941   3.349381    31.9833        443     1.8417  0.000e+00
     53.852     8.0909   3.349082    31.9830        444     1.8458  0.000e+00
     53.984     8.0876   3.348939    31.9844        445     1.8500  0.000e+00
     54.105     8.0848   3.348204    31.9792        446     1.8542  0.000e+00
     54.233     8.0806   3.347699    31.9776        447     1.8583  0.000e+00
     54.366     8.0758   3.347457    31.9793        448     1.8625  0.000e+00
     54.496     8.0714   3.347295    31.9815        449     1.8667  0.000e+00
     54.626     8.0682   3.347668    31.9884        450     1.8708  0.000e+00
     54.757     8.0673   3.347326    31.9855        451     1.8750  0.000e+00
     54.880     8.0655   3.347339    31.9872        452     1.8792  0.000e+00
     54.999     8.0633   3.347052    31.9862        453     1.8833  0.000e+00
     55.111     8.0609   3.346361    31.9810        454     1.8875  0.000e+00
     55.218     8.0567   3.345745    31.9782        455     1.8917  0.000e+00
     55.331     8.0510   3.345365    31.9793        456     1.8958  0.000e+00
     55.449     8.0453   3.345066    31.9813        457     1.9000  0.000e+00
     55.562     8.0399   3.343934    31.9742        458     1.9042  0.000e+00
     55.685     8.0323   3.343927    31.9810        459     1.9083  0.000e+00
     55.812     8.0262   3.343977    31.9870        460     1.9125  0.000e+00
     55.936     8.0230   3.343996    31.9901        461     1.9167  0.000e+00
     56.073     8.0216   3.344189    31.9934        462     1.9208  0.000e+00
     56.203     8.0218   3.343909    31.9901        463     1.9250  0.000e+00
     56.335     8.0209   3.343747    31.9892        464     1.9292  0.000e+00
     56.473     8.0191   3.343312    31.9861        465     1.9333  0.000e+00
     56.599     8.0164   3.342652    31.9815        466     1.9375  0.000e+00
     56.729     8.0119   3.341862    31.9772        467     1.9417  0.000e+00
     56.857     8.0055   3.340991    31.9737        468     1.9458  0.000e+00
     56.987     7.9978   3.340705    31.9777        469     1.9500  0.000e+00
     57.113     7.9912   3.339516    31.9711        470     1.9542  0.000e+00
     57.243     7.9828   3.338944    31.9726        471     1.9583  0.000e+00
     57.368     7.9745   3.338191    31.9722        472     1.9625  0.000e+00
     57.496     7.9662   3.337364    31.9709        473     1.9667  0.000e+00
     57.625     7.9579   3.335847    31.9623        474     1.9708  0.000e+00
     57.755     7.9465   3.334641    31.9599        475     1.9750  0.000e+00
     57.876     7.9339   3.333509    31.9592        476     1.9792  0.000e+00
     58.003     7.9216   3.333242    31.9676        477     1.9833  0.000e+00
     58.124     7.9120   3.332366    31.9670        478     1.9875  0.000e+00
     58.248     7.9030   3.330694    31.9574        479     1.9917  0.000e+00
     58.369     7.8921   3.330601    31.9663        480     1.9958  0.000e+00
     58.495     7.8830   3.329582    31.9637        481     2.0000  0.000e+00
     58.629     7.8746   3.329526    31.9707        482     2.0042  0.000e+00
     58.757     7.8686   3.328899    31.9695        483     2.0083  0.000e+00
     58.889     7.8631   3.328520    31.9704        484     2.0125  0.000e+00
     59.023     7.8574   3.327812    31.9681        485     2.0167  0.000e+00
     59.158     7.8519   3.328713    31.9826        486     2.0208  0.000e+00
     59.290     7.8501   3.328458    31.9815        487     2.0250  0.000e+00
     59.427     7.8499   3.328234    31.9792        488     2.0292  0.000e+00
     59.563     7.8488   3.327414    31.9715        489     2.0333  0.000e+00
     59.697     7.8450   3.327713    31.9781        490     2.0375  0.000e+00
     59.837     7.8425   3.327477    31.9777        491     2.0417  0.000e+00
     59.967     7.8414   3.327203    31.9758        492     2.0458  0.000e+00
     60.099     7.8392   3.326824    31.9737        493     2.0500  0.000e+00
     60.233     7.8362   3.326713    31.9752        494     2.0542  0.000e+00
     60.365     7.8341   3.326756    31.9776        495     2.0583  0.000e+00
     60.497     7.8325   3.326663    31.9779        496     2.0625  0.000e+00
     60.627     7.8314   3.326036    31.9722        497     2.0667  0.000e+00
     60.752     7.8284   3.325017    31.9641        498     2.0708  0.000e+00
     60.875     7.8222   3.324384    31.9629        499     2.0750  0.000e+00
     60.994     7.8151   3.323937    31.9646        500     2.0792  0.000e+00
     61.111     7.8084   3.323459    31.9656        501     2.0833  0.000e+00
     61.234     7.8027   3.323068    31.9666        502     2.0875  0.000e+00
     61.353     7.7975   3.323049    31.9711        503     2.0917  0.000e+00
     61.467     7.7934   3.323037    31.9746        504     2.0958  0.000e+00
     61.590     7.7908   3.323235    31.9791        505     2.1000  0.000e+00
     61.712     7.7900   3.323447    31.9820        506     2.1042  0.000e+00
     61.839     7.7904   3.323701    31.9843        507     2.1083  0.000e+00
     61.968     7.7915   3.324130    31.9878        508     2.1125  0.000e+00
     62.096     7.7940   3.324403    31.9884        509     2.1167  0.000e+00
     62.229     7.7968   3.324403    31.9858        510     2.1208  0.000e+00
     62.361     7.7987   3.324534    31.9854        511     2.1250  0.000e+00
     62.487     7.8002   3.324614    31.9848        512     2.1292  0.000e+00
     62.612     7.8012   3.324248    31.9799        513     2.1333  0.000e+00
     62.738     7.8002   3.323894    31.9770        514     2.1375  0.000e+00
     62.865     7.7975   3.323577    31.9760        515     2.1417  0.000e+00
     62.991     7.7941   3.323199    31.9750        516     2.1458  0.000e+00
     63.119     7.7903   3.323130    31.9777        517     2.1500  0.000e+00
     63.251     7.7873   3.323155    31.9807        518     2.1542  0.000e+00
     63.390     7.7854   3.323280    31.9837        519     2.1583  0.000e+00
     63.520     7.7850   3.323174    31.9829        520     2.1625  0.000e+00
     63.654     7.7844   3.323317    31.9849        521     2.1667  0.000e+00
     63.787     7.7847   3.323491    31.9864        522     2.1708  0.000e+00
     63.917     7.7860   3.323007    31.9800        523     2.1750  0.000e+00
     64.047     7.7851   3.322392    31.9742        524     2.1792  0.000e+00
     64.170     7.7816   3.321796    31.9709        525     2.1833  0.000e+00
     64.289     7.7766   3.321374    31.9710        526     2.1875  0.000e+00
     64.408     7.7714   3.321107    31.9729        527     2.1917  0.000e+00
     64.522     7.7666   3.320890    31.9749        528     2.1958  0.000e+00
     64.632     7.7626   3.320611    31.9756        529     2.2000  0.000e+00
     64.740     7.7590   3.320220    31.9747        530     2.2042  0.000e+00
     64.854     7.7553   3.319872    31.9743        531     2.2083  0.000e+00
     64.964     7.7516   3.319177    31.9702        532     2.2125  0.000e+00
     65.074     7.7467   3.318556    31.9679        533     2.2167  0.000e+00
     65.188     7.7406   3.317607    31.9633        534     2.2208  0.000e+00
     65.310     7.7333   3.317142    31.9650        535     2.2250  0.000e+00
     65.424     7.7270   3.316230    31.9610        536     2.2292  0.000e+00
     65.543     7.7199   3.315913    31.9641        537     2.2333  0.000e+00
     65.666     7.7130   3.314853    31.9591        538     2.2375  0.000e+00
     65.789     7.7051   3.314078    31.9580        539     2.2417  0.000e+00
     65.912     7.6967   3.313507    31.9595        540     2.2458  0.000e+00
     66.042     7.6894   3.313712    31.9683        541     2.2500  0.000e+00
     66.177     7.6846   3.313507    31.9704        542     2.2542  0.000e+00
     66.313     7.6817   3.312515    31.9625        543     2.2583  0.000e+00
     66.448     7.6774   3.311504    31.9555        544     2.2625  0.000e+00
     66.589     7.6702   3.311858    31.9658        545     2.2667  0.000e+00
     66.728     7.6651   3.312050    31.9725        546     2.2708  0.000e+00
     66.871     7.6633   3.311926    31.9728        547     2.2750  0.000e+00
     67.010     7.6623   3.310444    31.9577        548     2.2792  0.000e+00
     67.144     7.6567   3.309961    31.9577        549     2.2833  0.000e+00
     67.279     7.6503   3.310042    31.9644        550     2.2875  0.000e+00
     67.415     7.6460   3.310042    31.9683        551     2.2917  0.000e+00
     67.550     7.6434   3.309874    31.9687        552     2.2958  0.000e+00
     67.687     7.6411   3.309750    31.9695        553     2.3000  0.000e+00
     67.823     7.6389   3.309422    31.9680        554     2.3042  0.000e+00
     67.967     7.6362   3.309242    31.9684        555     2.3083  0.000e+00
     68.104     7.6336   3.308969    31.9678        556     2.3125  0.000e+00
     68.240     7.6306   3.308616    31.9667        557     2.3167  0.000e+00
     68.379     7.6274   3.308523    31.9686        558     2.3208  0.000e+00
     68.509     7.6242   3.308251    31.9685        559     2.3250  0.000e+00
     68.639     7.6215   3.308121    31.9696        560     2.3292  0.000e+00
     68.764     7.6190   3.307619    31.9665        561     2.3333  0.000e+00
     68.887     7.6168   3.307811    31.9705        562     2.3375  0.000e+00
     69.008     7.6146   3.307681    31.9711        563     2.3417  0.000e+00
     69.125     7.6124   3.307600    31.9722        564     2.3458  0.000e+00
     69.240     7.6106   3.307644    31.9743        565     2.3500  0.000e+00
     69.356     7.6091   3.307575    31.9749        566     2.3542  0.000e+00
     69.478     7.6080   3.307619    31.9763        567     2.3583  0.000e+00
     69.598     7.6074   3.307284    31.9731        568     2.3625  0.000e+00
     69.728     7.6058   3.306838    31.9698        569     2.3667  0.000e+00
     69.852     7.6027   3.306380    31.9677        570     2.3708  0.000e+00
     69.979     7.5986   3.306311    31.9707        571     2.3750  0.000e+00
     70.112     7.5954   3.306250    31.9729        572     2.3792  0.000e+00
     70.242     7.5935   3.306039    31.9723        573     2.3833  0.000e+00
     70.369     7.5916   3.305556    31.9688        574     2.3875  0.000e+00
     70.501     7.5885   3.304880    31.9644        575     2.3917  0.000e+00
     70.624     7.5842   3.304094    31.9598        576     2.3958  0.000e+00
     70.750     7.5782   3.303573    31.9597        577     2.4000  0.000e+00
     70.869     7.5714   3.302124    31.9503        578     2.4042  0.000e+00
     70.992     7.5624   3.299839    31.9340        579     2.4083  0.000e+00
     71.116     7.5480   3.299077    31.9391        580     2.4125  0.000e+00
     71.240     7.5332   3.298316    31.9444        581     2.4167  0.000e+00
     71.366     7.5219   3.297585    31.9469        582     2.4208  0.000e+00
     71.489     7.5121   3.295970    31.9384        583     2.4250  0.000e+00
     71.620     7.5002   3.295654    31.9460        584     2.4292  0.000e+00
     71.752     7.4901   3.295549    31.9541        585     2.4333  0.000e+00
     71.884     7.4837   3.295587    31.9603        586     2.4375  0.000e+00
     72.021     7.4816   3.296534    31.9724        587     2.4417  0.000e+00
     72.154     7.4821   3.295525    31.9610        588     2.4458  0.000e+00
     72.293     7.4805   3.293576    31.9414        589     2.4500  0.000e+00
     72.436     7.4720   3.291342    31.9252        590     2.4542  0.000e+00
     72.576     7.4558   3.290427    31.9302        591     2.4583  0.000e+00
     72.716     7.4415   3.290260    31.9415        592     2.4625  0.000e+00
     72.855     7.4316   3.290965    31.9582        593     2.4667  0.000e+00
     73.001     7.4281   3.292382    31.9765        594     2.4708  0.000e+00
     73.138     7.4315   3.291782    31.9669        595     2.4750  0.000e+00
     73.277     7.4331   3.292401    31.9720        596     2.4792  0.000e+00
     73.418     7.4346   3.293038    31.9774        597     2.4833  0.000e+00
     73.557     7.4378   3.293446    31.9788        598     2.4875  0.000e+00
     73.694     7.4399   3.293657    31.9791        599     2.4917  0.000e+00
     73.837     7.4412   3.294152    31.9831        600     2.4958  0.000e+00
     73.976     7.4431   3.294622    31.9863        601     2.5000  0.000e+00
     74.112     7.4462   3.294963    31.9871        602     2.5042  0.000e+00
     74.250     7.4496   3.295272    31.9872        603     2.5083  0.000e+00
     74.383     7.4524   3.295452    31.9866        604     2.5125  0.000e+00
     74.514     7.4545   3.295445    31.9845        605     2.5167  0.000e+00
     74.637     7.4552   3.295340    31.9826        606     2.5208  0.000e+00
     74.769     7.4548   3.295173    31.9811        607     2.5250  0.000e+00
     74.896     7.4534   3.295130    31.9819        608     2.5292  0.000e+00
     75.024     7.4520   3.295043    31.9822        609     2.5333  0.000e+00
     75.148     7.4503   3.294270    31.9754        610     2.5375  0.000e+00
     75.277     7.4471   3.293954    31.9749        611     2.5417  0.000e+00
     75.412     7.4418   3.293051    31.9700        612     2.5458  0.000e+00
     75.548     7.4341   3.291919    31.9648        613     2.5500  0.000e+00
     75.683     7.4245   3.290725    31.9607        614     2.5542  0.000e+00
     75.818     7.4131   3.290329    31.9670        615     2.5583  0.000e+00
     75.954     7.4035   3.288734    31.9585        616     2.5625  0.000e+00
     76.083     7.3909   3.288103    31.9633        617     2.5667  0.000e+00
     76.210     7.3781   3.286310    31.9558        618     2.5708  0.000e+00
     76.334     7.3631   3.285822    31.9643        619     2.5750  0.000e+00
     76.457     7.3489   3.285031    31.9688        620     2.5792  0.000e+00
     76.578     7.3365   3.284840    31.9781        621     2.5833  0.000e+00
     76.699     7.3278   3.284506    31.9825        622     2.5875  0.000e+00
     76.818     7.3225   3.285031    31.9930        623     2.5917  0.000e+00
     76.945     7.3190   3.283109    31.9753        624     2.5958  0.000e+00
     77.082     7.3111   3.283548    31.9874        625     2.6000  0.000e+00
