HB2303/sbe172.cnv
* Sea-Bird SBE 19plus V2 Data File:
* FileName = C:\cruise\data\sbe172.hex
* Software Version Seasave V 7.26.7.121
* Temperature SN = 6128
* Conductivity SN = 6128
* System UpLoad Time = Aug 24 2023 13:17:42
* NMEA Latitude = 40 56.12 N
* NMEA Longitude = 070 53.31 W
* NMEA UTC (Time) = Aug 24 2023 13:17:38
** Ship: Henry Bigelow
** Cruise:  HB2303
** Program:  ECOMON
# nquan = 7
# nvalues = 2200                                  
# units = specified
# name 0 = depSM: Depth [salt water, m]
# name 1 = tv290C: Temperature [ITS-90, deg C]
# name 2 = c0S/m: Conductivity [S/m]
# name 3 = sal00: Salinity, Practical [PSU]
# name 4 = scan: Scan Count
# name 5 = timeM: Time, Elapsed [minutes]
# name 6 = flag:  0.000e+00
# span 0 =      0.035,     47.374                 
# span 1 =    11.5584,    20.6292                 
# span 2 =   0.002125,   4.487015                 
# span 3 =     0.0174,    32.6820                 
# span 4 =         11,       2210                 
# span 5 =     0.0417,     9.2042                 
# span 6 = 0.0000e+00, 0.0000e+00                 
# interval = seconds: 0.25
# start_time = Aug 24 2023 13:17:38 [NMEA time, header]
# bad_flag = -9.990e-29
*END*
[from data line 1231]
     23.421    13.2013   3.842895    32.4101       1242     5.1708  0.000e+00
     23.391    13.2039   3.843079    32.4097       1243     5.1750  0.000e+00
     23.360    13.2060   3.843243    32.4094       1244     5.1792  0.000e+00
     23.328    13.2084   3.843283    32.4078       1245     5.1833  0.000e+00
     23.295    13.2102   3.843335    32.4067       1246     5.1875  0.000e+00
     23.252    13.2113   3.843302    32.4055       1247     5.1917  0.000e+00
     23.225    13.2121   3.843394    32.4057       1248     5.1958  0.000e+00
     23.196    13.2124   3.843434    32.4058       1249     5.2000  0.000e+00
     23.161    13.2132   3.843467    32.4055       1250     5.2042  0.000e+00
     23.140    13.2140   3.843480    32.4050       1251     5.2083  0.000e+00
     23.114    13.2144   3.843671    32.4064       1252     5.2125  0.000e+00
     23.098    13.2155   3.843763    32.4063       1253     5.2167  0.000e+00
     23.082    13.2171   3.843789    32.4053       1254     5.2208  0.000e+00
     23.069    13.2184   3.843874    32.4049       1255     5.2250  0.000e+00
     23.063    13.2198   3.844006    32.4050       1256     5.2292  0.000e+00
     23.054    13.2215   3.844263    32.4059       1257     5.2333  0.000e+00
     23.047    13.2240   3.844467    32.4057       1258     5.2375  0.000e+00
     23.046    13.2268   3.844677    32.4053       1259     5.2417  0.000e+00
     23.043    13.2295   3.844736    32.4036       1260     5.2458  0.000e+00
     23.046    13.2313   3.844749    32.4021       1261     5.2500  0.000e+00
     23.040    13.2327   3.844736    32.4009       1262     5.2542  0.000e+00
     23.037    13.2335   3.844828    32.4010       1263     5.2583  0.000e+00
     23.026    13.2345   3.844940    32.4012       1264     5.2625  0.000e+00
     23.013    13.2356   3.844986    32.4007       1265     5.2667  0.000e+00
     22.997    13.2365   3.845078    32.4008       1266     5.2708  0.000e+00
     22.976    13.2376   3.845328    32.4022       1267     5.2750  0.000e+00
     22.949    13.2393   3.845466    32.4021       1268     5.2792  0.000e+00
     22.924    13.2420   3.845703    32.4021       1269     5.2833  0.000e+00
     22.882    13.2442   3.846078    32.4037       1270     5.2875  0.000e+00
     22.855    13.2475   3.846348    32.4034       1271     5.2917  0.000e+00
     22.819    13.2514   3.846743    32.4038       1272     5.2958  0.000e+00
     22.784    13.2558   3.846967    32.4022       1273     5.3000  0.000e+00
     22.752    13.2596   3.847210    32.4012       1274     5.3042  0.000e+00
     22.716    13.2632   3.847309    32.3992       1275     5.3083  0.000e+00
     22.674    13.2658   3.847473    32.3984       1276     5.3125  0.000e+00
     22.641    13.2679   3.847585    32.3977       1277     5.3167  0.000e+00
     22.603    13.2705   3.847723    32.3969       1278     5.3208  0.000e+00
     22.574    13.2728   3.847829    32.3959       1279     5.3250  0.000e+00
     22.551    13.2753   3.847927    32.3947       1280     5.3292  0.000e+00
     22.516    13.2772   3.847973    32.3935       1281     5.3333  0.000e+00
     22.491    13.2788   3.847993    32.3923       1282     5.3375  0.000e+00
     22.468    13.2799   3.847993    32.3914       1283     5.3417  0.000e+00
     22.441    13.2810   3.848046    32.3910       1284     5.3458  0.000e+00
     22.419    13.2816   3.848085    32.3908       1285     5.3500  0.000e+00
     22.404    13.2819   3.848118    32.3909       1286     5.3542  0.000e+00
     22.378    13.2828   3.848197    32.3909       1287     5.3583  0.000e+00
     22.369    13.2834   3.848243    32.3908       1288     5.3625  0.000e+00
     22.355    13.2842   3.848309    32.3908       1289     5.3667  0.000e+00
     22.348    13.2852   3.848335    32.3902       1290     5.3708  0.000e+00
     22.348    13.2860   3.848335    32.3895       1291     5.3750  0.000e+00
     22.344    13.2865   3.848315    32.3889       1292     5.3792  0.000e+00
     22.342    13.2867   3.848362    32.3891       1293     5.3833  0.000e+00
     22.344    13.2869   3.848381    32.3891       1294     5.3875  0.000e+00
     22.340    13.2871   3.848401    32.3891       1295     5.3917  0.000e+00
     22.344    13.2873   3.848427    32.3892       1296     5.3958  0.000e+00
     22.334    13.2873   3.848381    32.3888       1297     5.4000  0.000e+00
     22.327    13.2875   3.848401    32.3888       1298     5.4042  0.000e+00
     22.312    13.2875   3.848454    32.3893       1299     5.4083  0.000e+00
     22.309    13.2877   3.848493    32.3895       1300     5.4125  0.000e+00
     22.285    13.2881   3.848519    32.3894       1301     5.4167  0.000e+00
     22.267    13.2890   3.848664    32.3900       1302     5.4208  0.000e+00
     22.240    13.2902   3.848743    32.3898       1303     5.4250  0.000e+00
     22.217    13.2917   3.848862    32.3896       1304     5.4292  0.000e+00
     22.195    13.2931   3.848908    32.3888       1305     5.4333  0.000e+00
     22.168    13.2945   3.849066    32.3891       1306     5.4375  0.000e+00
     22.130    13.2958   3.849243    32.3897       1307     5.4417  0.000e+00
     22.096    13.2978   3.849546    32.3909       1308     5.4458  0.000e+00
     22.061    13.3003   3.849770    32.3908       1309     5.4500  0.000e+00
     22.029    13.3033   3.849928    32.3898       1310     5.4542  0.000e+00
     21.995    13.3059   3.850092    32.3891       1311     5.4583  0.000e+00
     21.964    13.3084   3.850125    32.3873       1312     5.4625  0.000e+00
     21.933    13.3106   3.850204    32.3863       1313     5.4667  0.000e+00
     21.917    13.3127   3.850316    32.3855       1314     5.4708  0.000e+00
     21.902    13.3142   3.850454    32.3855       1315     5.4750  0.000e+00
     21.890    13.3160   3.850593    32.3853       1316     5.4792  0.000e+00
     21.886    13.3177   3.850606    32.3840       1317     5.4833  0.000e+00
     21.873    13.3193   3.850658    32.3831       1318     5.4875  0.000e+00
     21.875    13.3207   3.850685    32.3822       1319     5.4917  0.000e+00
     21.867    13.3214   3.850770    32.3824       1320     5.4958  0.000e+00
     21.864    13.3221   3.850823    32.3823       1321     5.5000  0.000e+00
     21.864    13.3231   3.850915    32.3823       1322     5.5042  0.000e+00
     21.856    13.3240   3.850981    32.3821       1323     5.5083  0.000e+00
     21.852    13.3251   3.851093    32.3823       1324     5.5125  0.000e+00
     21.843    13.3258   3.851231    32.3829       1325     5.5167  0.000e+00
     21.823    13.3274   3.851435    32.3835       1326     5.5208  0.000e+00
     21.807    13.3293   3.851468    32.3822       1327     5.5250  0.000e+00
     21.785    13.3315   3.851797    32.3835       1328     5.5292  0.000e+00
     21.760    13.3337   3.851982    32.3833       1329     5.5333  0.000e+00
     21.729    13.3364   3.852160    32.3827       1330     5.5375  0.000e+00
     21.702    13.3388   3.852278    32.3818       1331     5.5417  0.000e+00
     21.673    13.3412   3.852396    32.3808       1332     5.5458  0.000e+00
     21.643    13.3432   3.852548    32.3806       1333     5.5500  0.000e+00
     21.616    13.3449   3.852620    32.3798       1334     5.5542  0.000e+00
     21.591    13.3466   3.852739    32.3795       1335     5.5583  0.000e+00
     21.566    13.3480   3.852805    32.3789       1336     5.5625  0.000e+00
     21.533    13.3492   3.852917    32.3790       1337     5.5667  0.000e+00
     21.522    13.3505   3.853002    32.3787       1338     5.5708  0.000e+00
     21.498    13.3517   3.853009    32.3777       1339     5.5750  0.000e+00
     21.476    13.3525   3.853048    32.3774       1340     5.5792  0.000e+00
     21.458    13.3533   3.853075    32.3770       1341     5.5833  0.000e+00
     21.438    13.3540   3.853147    32.3771       1342     5.5875  0.000e+00
     21.422    13.3544   3.853167    32.3769       1343     5.5917  0.000e+00
     21.404    13.3551   3.852528    32.3704       1344     5.5958  0.000e+00
     21.383    13.3557   3.853285    32.3770       1345     5.6000  0.000e+00
     21.367    13.3562   3.853338    32.3770       1346     5.6042  0.000e+00
     21.360    13.3571   3.853397    32.3768       1347     5.6083  0.000e+00
     21.349    13.3578   3.853456    32.3767       1348     5.6125  0.000e+00
     21.334    13.3585   3.853535    32.3770       1349     5.6167  0.000e+00
     21.318    13.3592   3.853555    32.3765       1350     5.6208  0.000e+00
     21.305    13.3598   3.853575    32.3762       1351     5.6250  0.000e+00
     21.287    13.3602   3.853601    32.3761       1352     5.6292  0.000e+00
     21.280    13.3605   3.853601    32.3758       1353     5.6333  0.000e+00
     21.265    13.3610   3.853674    32.3761       1354     5.6375  0.000e+00
     21.249    13.3614   3.853693    32.3759       1355     5.6417  0.000e+00
     21.229    13.3620   3.853720    32.3757       1356     5.6458  0.000e+00
     21.216    13.3623   3.853740    32.3756       1357     5.6500  0.000e+00
     21.197    13.3627   3.853805    32.3759       1358     5.6542  0.000e+00
     21.168    13.3632   3.853865    32.3760       1359     5.6583  0.000e+00
     21.143    13.3639   3.853944    32.3762       1360     5.6625  0.000e+00
     21.108    13.3648   3.854003    32.3761       1361     5.6667  0.000e+00
     21.087    13.3657   3.854036    32.3756       1362     5.6708  0.000e+00
     21.058    13.3661   3.854056    32.3755       1363     5.6750  0.000e+00
     21.024    13.3666   3.854075    32.3752       1364     5.6792  0.000e+00
     21.000    13.3670   3.854128    32.3753       1365     5.6833  0.000e+00
     20.964    13.3675   3.854240    32.3760       1366     5.6875  0.000e+00
     20.931    13.3684   3.854365    32.3764       1367     5.6917  0.000e+00
     20.898    13.3697   3.854444    32.3761       1368     5.6958  0.000e+00
     20.859    13.3706   3.854484    32.3757       1369     5.7000  0.000e+00
     20.828    13.3714   3.854582    32.3760       1370     5.7042  0.000e+00
     20.783    13.3725   3.854628    32.3755       1371     5.7083  0.000e+00
     20.745    13.3734   3.854655    32.3750       1372     5.7125  0.000e+00
     20.721    13.3741   3.854536    32.3733       1373     5.7167  0.000e+00
     20.683    13.3746   3.854721    32.3746       1374     5.7208  0.000e+00
     20.648    13.3749   3.854773    32.3749       1375     5.7250  0.000e+00
     20.619    13.3754   3.854905    32.3756       1376     5.7292  0.000e+00
     20.601    13.3768   3.854991    32.3753       1377     5.7333  0.000e+00
     20.579    13.3776   3.855017    32.3749       1378     5.7375  0.000e+00
     20.559    13.3785   3.855083    32.3747       1379     5.7417  0.000e+00
     20.548    13.3792   3.855135    32.3746       1380     5.7458  0.000e+00
     20.543    13.3800   3.855201    32.3746       1381     5.7500  0.000e+00
     20.535    13.3808   3.855247    32.3743       1382     5.7542  0.000e+00
     20.530    13.3814   3.855300    32.3743       1383     5.7583  0.000e+00
     20.525    13.3822   3.855386    32.3744       1384     5.7625  0.000e+00
     20.515    13.3832   3.855491    32.3746       1385     5.7667  0.000e+00
     20.502    13.3840   3.855544    32.3744       1386     5.7708  0.000e+00
     20.490    13.3851   3.855636    32.3743       1387     5.7750  0.000e+00
     20.473    13.3860   3.855610    32.3733       1388     5.7792  0.000e+00
     20.457    13.3865   3.855702    32.3737       1389     5.7833  0.000e+00
     20.441    13.3872   3.855768    32.3738       1390     5.7875  0.000e+00
     20.410    13.3878   3.855998    32.3755       1391     5.7917  0.000e+00
     20.390    13.3892   3.856137    32.3755       1392     5.7958  0.000e+00
     20.354    13.3910   3.856209    32.3747       1393     5.8000  0.000e+00
     20.321    13.3925   3.856367    32.3749       1394     5.8042  0.000e+00
     20.288    13.3941   3.856433    32.3742       1395     5.8083  0.000e+00
     20.247    13.3955   3.856499    32.3737       1396     5.8125  0.000e+00
     20.203    13.3966   3.856525    32.3730       1397     5.8167  0.000e+00
     20.171    13.3973   3.856617    32.3733       1398     5.8208  0.000e+00
     20.129    13.3981   3.856716    32.3735       1399     5.8250  0.000e+00
     20.092    13.3992   3.856822    32.3736       1400     5.8292  0.000e+00
     20.058    13.4003   3.856881    32.3732       1401     5.8333  0.000e+00
     20.025    13.4013   3.857098    32.3744       1402     5.8375  0.000e+00
     19.982    13.4027   3.857322    32.3754       1403     5.8417  0.000e+00
     19.946    13.4049   3.857335    32.3736       1404     5.8458  0.000e+00
     19.917    13.4066   3.857395    32.3728       1405     5.8500  0.000e+00
     19.889    13.4073   3.857441    32.3725       1406     5.8542  0.000e+00
     19.851    13.4080   3.857625    32.3737       1407     5.8583  0.000e+00
     19.824    13.4093   3.857711    32.3734       1408     5.8625  0.000e+00
     19.790    13.4104   3.857816    32.3735       1409     5.8667  0.000e+00
     19.755    13.4116   3.857829    32.3726       1410     5.8708  0.000e+00
     19.743    13.4125   3.857961    32.3731       1411     5.8750  0.000e+00
     19.716    13.4135   3.858468    32.3770       1412     5.8792  0.000e+00
     19.694    13.4161   3.858534    32.3754       1413     5.8833  0.000e+00
     19.670    13.4181   3.858514    32.3735       1414     5.8875  0.000e+00
     19.654    13.4195   3.858679    32.3738       1415     5.8917  0.000e+00
     19.642    13.4204   3.858877    32.3749       1416     5.8958  0.000e+00
     19.629    13.4221   3.858989    32.3746       1417     5.9000  0.000e+00
     19.618    13.4236   3.858995    32.3733       1418     5.9042  0.000e+00
     19.612    13.4247   3.859107    32.3734       1419     5.9083  0.000e+00
     19.606    13.4259   3.859331    32.3745       1420     5.9125  0.000e+00
     19.604    13.4275   3.859470    32.3745       1421     5.9167  0.000e+00
     19.599    13.4291   3.859516    32.3736       1422     5.9208  0.000e+00
     19.595    13.4302   3.859641    32.3738       1423     5.9250  0.000e+00
     19.591    13.4312   3.859747    32.3739       1424     5.9292  0.000e+00
     19.573    13.4324   3.859793    32.3734       1425     5.9333  0.000e+00
     19.561    13.4333   3.859740    32.3721       1426     5.9375  0.000e+00
     19.546    13.4337   3.859885    32.3731       1427     5.9417  0.000e+00
     19.532    13.4343   3.860004    32.3737       1428     5.9458  0.000e+00
     19.512    13.4352   3.860109    32.3739       1429     5.9500  0.000e+00
     19.493    13.4365   3.860320    32.3749       1430     5.9542  0.000e+00
     19.477    13.4383   3.860458    32.3746       1431     5.9583  0.000e+00
     19.446    13.4402   3.860452    32.3729       1432     5.9625  0.000e+00
     19.418    13.4415   3.860728    32.3744       1433     5.9667  0.000e+00
     19.384    13.4433   3.861249    32.3778       1434     5.9708  0.000e+00
     19.349    13.4463   3.861144    32.3743       1435     5.9750  0.000e+00
     19.322    13.4486   3.861710    32.3776       1436     5.9792  0.000e+00
     19.291    13.4521   3.862330    32.3805       1437     5.9833  0.000e+00
     19.268    13.4570   3.861967    32.3729       1438     5.9875  0.000e+00
     19.244    13.4595   3.862310    32.3740       1439     5.9917  0.000e+00
     19.221    13.4609   3.862561    32.3751       1440     5.9958  0.000e+00
     19.183    13.4637   3.863042    32.3773       1441     6.0000  0.000e+00
     19.161    13.4670   3.863747    32.3811       1442     6.0042  0.000e+00
     19.144    13.4726   3.864255    32.3811       1443     6.0083  0.000e+00
     19.120    13.4782   3.864710    32.3806       1444     6.0125  0.000e+00
     19.095    13.4840   3.865290    32.3811       1445     6.0167  0.000e+00
