HB2303/sbe113.cnv
* Sea-Bird SBE 19plus V2 Data File:
* FileName = C:\cruise\data\sbe113.hex
* Software Version Seasave V 7.26.7.121
* Temperature SN = 6128
* Conductivity SN = 6128
* System UpLoad Time = Aug 19 2023 09:10:49
* NMEA Latitude = 42 20.41 N
* NMEA Longitude = 066 50.96 W
* NMEA UTC (Time) = Aug 19 2023 09:10:44
** Ship: Henry Bigelow
** Cruise:  HB2303
** Program:  ECOMON
# nquan = 7
# nvalues = 3218                                  
# units = specified
# name 0 = depSM: Depth [salt water, m]
# name 1 = tv290C: Temperature [ITS-90, deg C]
# name 2 = c0S/m: Conductivity [S/m]
# name 3 = sal00: Salinity, Practical [PSU]
# name 4 = scan: Scan Count
# name 5 = timeM: Time, Elapsed [minutes]
# name 6 = flag:  0.000e+00
# span 0 =     -0.024,    313.499                 
# span 1 =     7.7178,    17.7160                 
# span 2 =   0.045279,   4.184032                 
# span 3 =     0.2572,    35.0524                 
# span 4 =         11,       3228                 
# span 5 =     0.0417,    13.4458                 
# span 6 = 0.0000e+00, 0.0000e+00                 
# interval = seconds: 0.25
# start_time = Aug 19 2023 09:10:44 [NMEA time, header]
# bad_flag = -9.990e-29
*END*
     -0.016    17.5206   0.049564     0.2821         11     0.0417  0.000e+00
     -0.012    17.5199   0.047871     0.2723         12     0.0458  0.000e+00
     -0.016    17.5193   0.046414     0.2638         13     0.0500  0.000e+00
     -0.016    17.5191   0.045279     0.2572         14     0.0542  0.000e+00
     -0.016    17.5183   2.862799    20.9766         15     0.0583  0.000e+00
      0.029    17.5198   3.266301    24.2577         16     0.0625  0.000e+00
      0.078    17.5372   2.924939    21.4682         17     0.0667  0.000e+00
      0.058    17.5622   2.415579    17.3899         18     0.0708  0.000e+00
     -0.007    17.5834   4.132759    31.4467         19     0.0750  0.000e+00
     -0.015    17.6029   1.594862    11.0489         20     0.0792  0.000e+00
     -0.015    17.6219   0.598062     3.8408         21     0.0833  0.000e+00
     -0.019    17.6319   0.464545     2.9327         22     0.0875  0.000e+00
     -0.019    17.6368   0.391828     2.4468         23     0.0917  0.000e+00
     -0.024    17.6383   0.333208     2.0602         24     0.0958  0.000e+00
     -0.019    17.6387   0.309416     1.9047         25     0.1000  0.000e+00
     -0.022    17.6389   0.289417     1.7747         26     0.1042  0.000e+00
     -0.015    17.6381   0.279373     1.7096         27     0.1083  0.000e+00
     -0.015    17.6376   0.276309     1.6899         28     0.1125  0.000e+00
     -0.013    17.6362   0.264964     1.6167         29     0.1167  0.000e+00
     -0.011    17.6353   0.209014     1.2589         30     0.1208  0.000e+00
      0.183    17.6344   1.918508    13.4972         31     0.1250  0.000e+00
      0.446    17.6343   2.402470    17.2561         32     0.1292  0.000e+00
      0.639    17.6352   1.647317    11.4350         33     0.1333  0.000e+00
      0.758    17.6358   3.740922    28.1106         34     0.1375  0.000e+00
      0.812    17.6365   3.444586    25.6524         35     0.1417  0.000e+00
      0.864    17.6367   2.264534    16.1739         36     0.1458  0.000e+00
      0.971    17.6380   2.967641    21.7596         37     0.1500  0.000e+00
      1.131    17.6393   2.258687    16.1272         38     0.1542  0.000e+00
      1.315    17.6406   2.259854    16.1358         39     0.1583  0.000e+00
      1.480    17.6417   2.422725    17.4121         40     0.1625  0.000e+00
      1.617    17.6428   2.334410    16.7180         41     0.1667  0.000e+00
      1.743    17.6438   3.623314    27.1260         42     0.1708  0.000e+00
      1.880    17.6442   4.179899    31.7988         43     0.1750  0.000e+00
      2.040    17.6444   4.179825    31.7980         44     0.1792  0.000e+00
      2.202    17.6446   4.179648    31.7963         45     0.1833  0.000e+00
      2.352    17.6450   4.179471    31.7944         46     0.1875  0.000e+00
      2.520    17.6453   4.179369    31.7932         47     0.1917  0.000e+00
      2.708    17.6455   4.179321    31.7926         48     0.1958  0.000e+00
      2.915    17.6460   4.179274    31.7917         49     0.2000  0.000e+00
      3.108    17.6481   4.179342    31.7906         50     0.2042  0.000e+00
      3.269    17.6531   4.180479    31.7963         51     0.2083  0.000e+00
      3.343    17.6641   4.182201    31.8023         52     0.2125  0.000e+00
      3.378    17.6777   4.182017    31.7901         53     0.2167  0.000e+00
      3.517    17.6878   4.180962    31.7732         54     0.2208  0.000e+00
      3.737    17.6938   4.180832    31.7673         55     0.2250  0.000e+00
      3.967    17.6956   4.180805    31.7657         56     0.2292  0.000e+00
      4.152    17.6946   4.180880    31.7670         57     0.2333  0.000e+00
      4.279    17.6924   4.180880    31.7687         58     0.2375  0.000e+00
      4.362    17.6901   4.180805    31.7698         59     0.2417  0.000e+00
      4.484    17.6881   4.180833    31.7715         60     0.2458  0.000e+00
      4.656    17.6856   4.180765    31.7729         61     0.2500  0.000e+00
      4.831    17.6825   3.983495    30.1086         62     0.2542  0.000e+00
      5.003    17.6793   3.992318    30.1852         63     0.2583  0.000e+00
      5.169    17.6768   4.165286    31.6483         64     0.2625  0.000e+00
      5.317    17.6745   4.180581    31.7797         65     0.2667  0.000e+00
      5.449    17.6729   4.180718    31.7821         66     0.2708  0.000e+00
      5.575    17.6723   4.180581    31.7814         67     0.2750  0.000e+00
      5.709    17.6742   4.055056    30.7176         68     0.2792  0.000e+00
      5.854    17.6770   3.128862    23.0429         69     0.2833  0.000e+00
      6.007    17.6791   3.333623    24.7125         70     0.2875  0.000e+00
      6.155    17.6808   3.915479    29.5378         71     0.2917  0.000e+00
      6.310    17.6825   3.911595    29.5039         72     0.2958  0.000e+00
      6.468    17.6842   3.928088    29.6411         73     0.3000  0.000e+00
      6.632    17.6860   3.934017    29.6895         74     0.3042  0.000e+00
      6.791    17.6873   3.802264    28.5850         75     0.3083  0.000e+00
      6.959    17.6883   3.923417    29.5987         76     0.3125  0.000e+00
      7.122    17.6889   4.052676    30.6861         77     0.3167  0.000e+00
      7.266    17.6897   4.075842    30.8809         78     0.3208  0.000e+00
      7.407    17.6914   4.077770    30.8958         79     0.3250  0.000e+00
      7.548    17.6936   4.020032    30.4071         80     0.3292  0.000e+00
      7.689    17.6954   3.751283    28.1537         81     0.3333  0.000e+00
      7.842    17.6969   2.806567    20.4324         82     0.3375  0.000e+00
      8.001    17.6980   3.284565    24.2991         83     0.3417  0.000e+00
      8.173    17.6984   3.327186    24.6476         84     0.3458  0.000e+00
      8.343    17.6986   3.920300    29.5646         85     0.3500  0.000e+00
      8.520    17.6986   2.789025    20.2911         86     0.3542  0.000e+00
      8.702    17.6980   2.824769    20.5774         87     0.3583  0.000e+00
      8.888    17.6969   3.936316    29.7001         88     0.3625  0.000e+00
      8.993    17.6959   4.118784    31.2385         89     0.3667  0.000e+00
      9.053    17.6894   4.179779    31.7600         90     0.3708  0.000e+00
      9.071    17.5989   4.162359    31.6827         91     0.3750  0.000e+00
      9.066    17.4391   4.011738    30.5272         92     0.3792  0.000e+00
      9.076    17.3035   3.534555    26.6098         93     0.3833  0.000e+00
      9.111    17.2118   3.665560    27.7684         94     0.3875  0.000e+00
      9.133    17.1587   3.107399    23.1607         95     0.3917  0.000e+00
      9.127    17.1360   3.841656    29.3089         96     0.3958  0.000e+00
      9.084    17.1247   3.659689    27.7787         97     0.4000  0.000e+00
      9.051    17.1246   3.580237    27.1107         98     0.4042  0.000e+00
      9.042    17.1291   4.098186    31.5016         99     0.4083  0.000e+00
      9.037    17.1385   4.177071    32.1713        100     0.4125  0.000e+00
      9.011    17.1569   4.177771    32.1627        101     0.4167  0.000e+00
      8.977    17.1780   4.178071    32.1485        102     0.4208  0.000e+00
      8.953    17.1994   4.178370    32.1340        103     0.4250  0.000e+00
      8.944    17.2205   4.179459    32.1266        104     0.4292  0.000e+00
      8.944    17.2451   4.180187    32.1133        105     0.4333  0.000e+00
      8.937    17.2720   4.180268    32.0926        106     0.4375  0.000e+00
      8.917    17.2987   4.180139    32.0704        107     0.4417  0.000e+00
      8.908    17.3238   4.180186    32.0509        108     0.4458  0.000e+00
      8.906    17.3464   4.180022    32.0316        109     0.4500  0.000e+00
      8.919    17.3687   4.180110    32.0148        110     0.4542  0.000e+00
      8.933    17.3931   4.180464    31.9985        111     0.4583  0.000e+00
      8.955    17.4195   4.180573    31.9786        112     0.4625  0.000e+00
      8.991    17.4434   4.180640    31.9603        113     0.4667  0.000e+00
      9.028    17.4612   4.180742    31.9470        114     0.4708  0.000e+00
      9.095    17.4752   4.180790    31.9364        115     0.4750  0.000e+00
      9.147    17.4870   4.180688    31.9262        116     0.4792  0.000e+00
      9.201    17.4974   4.180647    31.9177        117     0.4833  0.000e+00
      9.268    17.5061   4.180735    31.9116        118     0.4875  0.000e+00
      9.360    17.5140   4.180789    31.9058        119     0.4917  0.000e+00
      9.476    17.5228   4.180912    31.8999        120     0.4958  0.000e+00
      9.608    17.5326   4.180837    31.8915        121     0.5000  0.000e+00
      9.747    17.5413   4.180183    31.8791        122     0.5042  0.000e+00
      9.897    17.5485   4.179060    31.8638        123     0.5083  0.000e+00
     10.043    17.5566   4.178549    31.8531        124     0.5125  0.000e+00
     10.199    17.5646   4.178100    31.8429        125     0.5167  0.000e+00
     10.365    17.5709   4.177467    31.8325        126     0.5208  0.000e+00
     10.540    17.5741   4.176759    31.8239        127     0.5250  0.000e+00
     10.724    17.5311   4.174956    31.8423        128     0.5292  0.000e+00
     10.901    17.4108   4.158978    31.8004        129     0.5333  0.000e+00
     11.064    17.2395   4.132714    31.7103        130     0.5375  0.000e+00
     11.224    17.0440   4.112299    31.6887        131     0.5417  0.000e+00
     11.384    16.8550   4.099838    31.7301        132     0.5458  0.000e+00
     11.538    16.6958   4.091003    31.7796        133     0.5500  0.000e+00
     11.696    16.5598   4.086835    31.8514        134     0.5542  0.000e+00
     11.871    16.4461   4.082284    31.9023        135     0.5583  0.000e+00
     12.035    16.3471   4.077762    31.9420        136     0.5625  0.000e+00
     12.204    16.2429   4.070959    31.9660        137     0.5667  0.000e+00
     12.377    16.1296   4.064578    32.0011        138     0.5708  0.000e+00
     12.559    16.0334   4.058867    32.0283        139     0.5750  0.000e+00
     12.743    15.9544   4.054321    32.0520        140     0.5792  0.000e+00
     12.936    15.8744   4.049308    32.0724        141     0.5833  0.000e+00
     13.127    15.7931   4.044277    32.0938        142     0.5875  0.000e+00
     13.330    15.7166   4.038597    32.1056        143     0.5917  0.000e+00
     13.529    15.6434   4.031874    32.1054        144     0.5958  0.000e+00
     13.731    15.5690   4.024197    32.0977        145     0.6000  0.000e+00
     13.928    15.4873   4.016466    32.0953        146     0.6042  0.000e+00
     14.129    15.4043   4.009256    32.0986        147     0.6083  0.000e+00
     14.331    15.3190   4.002205    32.1053        148     0.6125  0.000e+00
     14.538    15.2354   3.994859    32.1079        149     0.6167  0.000e+00
     14.738    15.1578   3.987832    32.1083        150     0.6208  0.000e+00
     14.942    15.0889   3.981904    32.1116        151     0.6250  0.000e+00
     15.145    15.0217   3.976440    32.1175        152     0.6292  0.000e+00
     15.347    14.9614   3.971426    32.1218        153     0.6333  0.000e+00
     15.545    14.9130   3.968607    32.1362        154     0.6375  0.000e+00
     15.747    14.8702   3.965256    32.1411        155     0.6417  0.000e+00
     15.950    14.8206   3.961220    32.1454        156     0.6458  0.000e+00
     16.151    14.7541   3.953398    32.1294        157     0.6500  0.000e+00
     16.348    14.6737   3.945689    32.1258        158     0.6542  0.000e+00
     16.551    14.5903   3.938877    32.1329        159     0.6583  0.000e+00
     16.753    14.5155   3.933364    32.1446        160     0.6625  0.000e+00
     16.955    14.4483   3.926660    32.1391        161     0.6667  0.000e+00
     17.159    14.3728   3.918688    32.1289        162     0.6708  0.000e+00
     17.354    14.2916   3.910788    32.1240        163     0.6750  0.000e+00
     17.533    14.2143   3.903709    32.1234        164     0.6792  0.000e+00
     17.715    14.1429   3.898706    32.1369        165     0.6833  0.000e+00
     17.887    14.0737   3.893639    32.1481        166     0.6875  0.000e+00
     18.052    14.0166   3.890076    32.1628        167     0.6917  0.000e+00
     18.217    13.9693   3.888470    32.1875        168     0.6958  0.000e+00
     18.380    13.9251   3.886580    32.2071        169     0.7000  0.000e+00
     18.535    13.8902   3.884143    32.2137        170     0.7042  0.000e+00
     18.691    13.8578   3.881765    32.2188        171     0.7083  0.000e+00
     18.844    13.8265   3.880319    32.2317        172     0.7125  0.000e+00
     19.003    13.7996   3.878411    32.2366        173     0.7167  0.000e+00
     19.163    13.7776   3.876707    32.2393        174     0.7208  0.000e+00
     19.333    13.7605   3.875764    32.2448        175     0.7250  0.000e+00
     19.512    13.7454   3.874939    32.2498        176     0.7292  0.000e+00
     19.694    13.7334   3.873909    32.2503        177     0.7333  0.000e+00
     19.889    13.7236   3.873058    32.2506        178     0.7375  0.000e+00
     20.095    13.7147   3.872801    32.2556        179     0.7417  0.000e+00
     20.306    13.7076   3.871330    32.2478        180     0.7458  0.000e+00
     20.535    13.7022   3.870208    32.2419        181     0.7500  0.000e+00
     20.769    13.6966   3.868341    32.2292        182     0.7542  0.000e+00
     21.012    13.6917   3.865143    32.2035        183     0.7583  0.000e+00
     21.264    13.6863   3.847395    32.0433        184     0.7625  0.000e+00
     21.525    13.6768   3.842138    32.0024        185     0.7667  0.000e+00
     21.785    13.6652   3.839955    31.9917        186     0.7708  0.000e+00
     22.046    13.6509   3.838508    31.9901        187     0.7750  0.000e+00
     22.310    13.6369   3.837640    31.9937        188     0.7792  0.000e+00
     22.577    13.6242   3.836050    31.9895        189     0.7833  0.000e+00
     22.841    13.6095   3.833769    31.9805        190     0.7875  0.000e+00
     23.109    13.5898   3.828933    31.9519        191     0.7917  0.000e+00
     23.367    13.5573   3.825775    31.9496        192     0.7958  0.000e+00
     23.632    13.5212   3.823635    31.9598        193     0.8000  0.000e+00
     23.885    13.4895   3.819986    31.9522        194     0.8042  0.000e+00
     24.124    13.4510   3.809721    31.8887        195     0.8083  0.000e+00
     24.350    13.3838   3.799965    31.8538        196     0.8125  0.000e+00
     24.557    13.2931   3.785498    31.7944        197     0.8167  0.000e+00
     24.741    13.1722   3.777395    31.8196        198     0.8208  0.000e+00
     24.901    13.0500   3.759976    31.7584        199     0.8250  0.000e+00
     25.042    12.9038   3.752697    31.8124        200     0.8292  0.000e+00
     25.172    12.7686   3.745605    31.8592        201     0.8333  0.000e+00
     25.282    12.6582   3.729519    31.7999        202     0.8375  0.000e+00
     25.385    12.5192   3.720380    31.8305        203     0.8417  0.000e+00
     25.472    12.3751   3.709187    31.8459        204     0.8458  0.000e+00
     25.561    12.2397   3.705169    31.9226        205     0.8500  0.000e+00
     25.658    12.1404   3.705780    32.0132        206     0.8542  0.000e+00
     25.762    12.0793   3.700459    32.0143        207     0.8583  0.000e+00
     25.875    12.0199   3.688921    31.9541        208     0.8625  0.000e+00
     25.996    11.9400   3.694385    32.0753        209     0.8667  0.000e+00
     26.139    11.8995   3.690631    32.0739        210     0.8708  0.000e+00
     26.289    11.8686   3.685332    32.0492        211     0.8750  0.000e+00
     26.463    11.8267   3.678821    32.0222        212     0.8792  0.000e+00
     26.649    11.7679   3.671120    31.9981        213     0.8833  0.000e+00
     26.855    11.6964   3.665832    32.0084        214     0.8875  0.000e+00
     27.079    11.6222   3.661768    32.0328        215     0.8917  0.000e+00
