HB2303/sbe166.cnv
* Sea-Bird SBE 19plus V2 Data File:
* FileName = C:\cruise\data\sbe166.hex
* Software Version Seasave V 7.26.7.121
* Temperature SN = 6128
* Conductivity SN = 6128
* System UpLoad Time = Aug 24 2023 04:26:02
* NMEA Latitude = 40 49.49 N
* NMEA Longitude = 070 17.82 W
* NMEA UTC (Time) = Aug 24 2023 04:25:58
** Ship: Henry Bigelow
** Cruise:  HB2303
** Program:  ECOMON
# nquan = 7
# nvalues = 1319                                  
# units = specified
# name 0 = depSM: Depth [salt water, m]
# name 1 = tv290C: Temperature [ITS-90, deg C]
# name 2 = c0S/m: Conductivity [S/m]
# name 3 = sal00: Salinity, Practical [PSU]
# name 4 = scan: Scan Count
# name 5 = timeM: Time, Elapsed [minutes]
# name 6 = flag:  0.000e+00
# span 0 =     -0.044,     41.636                 
# span 1 =    12.2776,    20.9973                 
# span 2 =   0.001760,   4.625446                 
# span 3 =     0.0152,    33.6734                 
# span 4 =         11,       1329                 
# span 5 =     0.0417,     5.5333                 
# span 6 = 0.0000e+00, 0.0000e+00                 
# interval = seconds: 0.25
# start_time = Aug 24 2023 04:25:58 [NMEA time, header]
# bad_flag = -9.990e-29
*END*
      0.085    15.7157   0.001790     0.0154         11     0.0417  0.000e+00
      0.087    15.7155   0.001784     0.0153         12     0.0458  0.000e+00
      0.087    15.7162   0.001784     0.0153         13     0.0500  0.000e+00
      0.086    15.7165   0.001784     0.0153         14     0.0542  0.000e+00
      0.086    15.7170   0.001790     0.0154         15     0.0583  0.000e+00
      0.086    15.7177   0.001790     0.0154         16     0.0625  0.000e+00
      0.086    15.7185   0.001784     0.0153         17     0.0667  0.000e+00
      0.088    15.7195   0.001784     0.0153         18     0.0708  0.000e+00
      0.088    15.7214   0.001784     0.0153         19     0.0750  0.000e+00
      0.087    15.7224   0.001784     0.0154         20     0.0792  0.000e+00
      0.087    15.7230   0.001790     0.0154         21     0.0833  0.000e+00
      0.085    15.7231   0.001784     0.0154         22     0.0875  0.000e+00
      0.087    15.7238   0.001784     0.0154         23     0.0917  0.000e+00
      0.085    15.7242   0.001784     0.0154         24     0.0958  0.000e+00
      0.085    15.7249   0.001784     0.0154         25     0.1000  0.000e+00
      0.081    15.7255   0.001784     0.0154         26     0.1042  0.000e+00
      0.085    15.7250   0.001778     0.0153         27     0.1083  0.000e+00
      0.081    15.7239   0.001790     0.0154         28     0.1125  0.000e+00
      0.085    15.7234   0.001772     0.0153         29     0.1167  0.000e+00
      0.076    15.7229   0.001778     0.0153         30     0.1208  0.000e+00
      0.076    15.7226   0.001784     0.0154         31     0.1250  0.000e+00
      0.080    15.7237   0.001790     0.0154         32     0.1292  0.000e+00
      0.083    15.7243   0.001784     0.0154         33     0.1333  0.000e+00
      0.080    15.7244   0.001784     0.0154         34     0.1375  0.000e+00
      0.076    15.7236   0.001784     0.0154         35     0.1417  0.000e+00
      0.083    15.7225   0.001784     0.0154         36     0.1458  0.000e+00
      0.085    15.7216   0.001772     0.0153         37     0.1500  0.000e+00
      0.083    15.7213   0.001784     0.0153         38     0.1542  0.000e+00
      0.078    15.7207   0.001784     0.0153         39     0.1583  0.000e+00
      0.080    15.7202   0.001790     0.0154         40     0.1625  0.000e+00
      0.087    15.7200   0.001778     0.0153         41     0.1667  0.000e+00
      0.084    15.7196   0.001784     0.0153         42     0.1708  0.000e+00
      0.082    15.7192   0.001784     0.0153         43     0.1750  0.000e+00
      0.084    15.7188   0.001778     0.0153         44     0.1792  0.000e+00
      0.083    15.7189   0.001778     0.0153         45     0.1833  0.000e+00
      0.083    15.7188   0.001784     0.0153         46     0.1875  0.000e+00
      0.085    15.7182   0.001790     0.0154         47     0.1917  0.000e+00
      0.082    15.7169   0.001784     0.0153         48     0.1958  0.000e+00
      0.083    15.7162   0.001772     0.0153         49     0.2000  0.000e+00
      0.089    15.7161   0.001784     0.0153         50     0.2042  0.000e+00
      0.083    15.7156   0.001790     0.0154         51     0.2083  0.000e+00
      0.085    15.7154   0.001778     0.0153         52     0.2125  0.000e+00
      0.082    15.7149   0.001784     0.0153         53     0.2167  0.000e+00
      0.083    15.7150   0.001784     0.0153         54     0.2208  0.000e+00
      0.085    15.7145   0.001778     0.0153         55     0.2250  0.000e+00
      0.083    15.7126   0.001772     0.0153         56     0.2292  0.000e+00
      0.082    15.7097   0.001778     0.0153         57     0.2333  0.000e+00
      0.080    15.7062   0.001778     0.0153         58     0.2375  0.000e+00
      0.083    15.7011   0.001778     0.0153         59     0.2417  0.000e+00
      0.085    15.6962   0.001775     0.0153         60     0.2458  0.000e+00
      0.083    15.6934   0.001772     0.0153         61     0.2500  0.000e+00
      0.085    15.6926   0.001769     0.0153         62     0.2542  0.000e+00
      0.087    15.6934   0.001763     0.0152         63     0.2583  0.000e+00
      0.083    15.6948   0.001769     0.0153         64     0.2625  0.000e+00
      0.087    15.6965   0.001769     0.0153         65     0.2667  0.000e+00
      0.082    15.6976   0.001760     0.0152         66     0.2708  0.000e+00
      0.080    15.6990   0.001769     0.0153         67     0.2750  0.000e+00
      0.083    15.7070   0.001769     0.0153         68     0.2792  0.000e+00
      0.295    15.7289   0.001775     0.0153         69     0.2833  0.000e+00
      0.506    15.7564   0.001814     0.0155         70     0.2875  0.000e+00
      0.710    15.9322   1.895354    13.8924         71     0.2917  0.000e+00
      0.899    16.4082   2.104040    15.3846         72     0.2958  0.000e+00
      1.066    17.1200   1.658029    11.6619         73     0.3000  0.000e+00
      1.201    17.7425   1.296653     8.7988         74     0.3042  0.000e+00
      1.307    18.1821   1.721198    11.8350         75     0.3083  0.000e+00
      1.409    18.4766   3.178752    22.9983         76     0.3125  0.000e+00
      1.502    18.6555   2.673974    18.9306         77     0.3167  0.000e+00
      1.602    18.7578   3.283711    23.6769         78     0.3208  0.000e+00
      1.688    18.8281   4.280840    31.7285         79     0.3250  0.000e+00
      1.784    18.9173   3.401103    24.5200         80     0.3292  0.000e+00
      1.891    19.0188   2.640297    18.5069         81     0.3333  0.000e+00
      2.002    19.0948   2.936077    20.7599         82     0.3375  0.000e+00
      2.118    19.1334   4.149709    30.4214         83     0.3417  0.000e+00
      2.239    19.1080   4.450672    32.9152         84     0.3458  0.000e+00
      2.353    19.0556   4.462364    33.0536         85     0.3500  0.000e+00
      2.463    19.0454   4.457943    33.0250         86     0.3542  0.000e+00
      2.561    19.0643   4.432638    32.8005         87     0.3583  0.000e+00
      2.653    19.1020   4.422784    32.6892         88     0.3625  0.000e+00
      2.741    19.1429   4.417669    32.6148         89     0.3667  0.000e+00
      2.833    19.2178   4.414638    32.5311         90     0.3708  0.000e+00
      2.926    19.3133   4.418976    32.4922         91     0.3750  0.000e+00
      3.043    19.3725   4.428476    32.5241         92     0.3792  0.000e+00
      3.173    19.3927   4.439088    32.5955         93     0.3833  0.000e+00
      3.312    19.3775   4.447944    32.6800         94     0.3875  0.000e+00
      3.459    19.3507   4.458849    32.7906         95     0.3917  0.000e+00
      3.627    19.3303   4.461213    32.8261         96     0.3958  0.000e+00
      3.794    19.3212   4.446310    32.7105         97     0.4000  0.000e+00
      3.968    19.3198   4.419987    32.4951         98     0.4042  0.000e+00
      4.139    19.3266   4.423506    32.5187         99     0.4083  0.000e+00
      4.305    19.4186   4.450690    32.6700        100     0.4125  0.000e+00
      4.453    19.6488   4.487816    32.7939        101     0.4167  0.000e+00
      4.608    19.9331   4.515618    32.7982        102     0.4208  0.000e+00
      4.747    20.1856   4.526623    32.6911        103     0.4250  0.000e+00
      4.881    20.3808   4.528549    32.5559        104     0.4292  0.000e+00
      4.996    20.5065   4.509678    32.3082        105     0.4333  0.000e+00
      5.097    20.5785   4.468935    31.9278        106     0.4375  0.000e+00
      5.202    20.6194   4.455579    31.7904        107     0.4417  0.000e+00
      5.294    20.6042   4.464994    31.8769        108     0.4458  0.000e+00
      5.381    20.4667   4.463877    31.9714        109     0.4500  0.000e+00
      5.469    20.2956   4.455067    32.0300        110     0.4542  0.000e+00
      5.543    20.1524   4.451301    32.1083        111     0.4583  0.000e+00
      5.615    20.0371   4.454295    32.2204        112     0.4625  0.000e+00
      5.695    19.9305   4.458219    32.3339        113     0.4667  0.000e+00
      5.787    19.8277   4.464698    32.4657        114     0.4708  0.000e+00
      5.875    19.7365   4.466232    32.5488        115     0.4750  0.000e+00
      5.968    19.6731   4.467276    32.6066        116     0.4792  0.000e+00
      6.072    19.6343   4.468529    32.6470        117     0.4833  0.000e+00
      6.186    19.6026   4.469027    32.6758        118     0.4875  0.000e+00
      6.311    19.5766   4.468789    32.6941        119     0.4917  0.000e+00
      6.439    19.5557   4.467460    32.6995        120     0.4958  0.000e+00
      6.584    19.5429   4.463891    32.6802        121     0.5000  0.000e+00
      6.735    19.5352   4.450409    32.5758        122     0.5042  0.000e+00
      6.889    19.5330   4.442970    32.5166        123     0.5083  0.000e+00
      7.053    19.5347   4.445065    32.5324        124     0.5125  0.000e+00
      7.223    19.5539   4.451325    32.5686        125     0.5167  0.000e+00
      7.387    19.6680   4.474285    32.6673        126     0.5208  0.000e+00
      7.557    19.8875   4.511135    32.7964        127     0.5250  0.000e+00
      7.708    20.1323   4.537047    32.8158        128     0.5292  0.000e+00
      7.855    20.3418   4.550324    32.7603        129     0.5333  0.000e+00
      7.994    20.5045   4.555253    32.6742        130     0.5375  0.000e+00
      8.118    20.6247   4.554609    32.5766        131     0.5417  0.000e+00
      8.230    20.7039   4.534756    32.3574        132     0.5458  0.000e+00
      8.337    20.7530   4.495133    32.0044        133     0.5500  0.000e+00
      8.436    20.7798   4.476917    31.8394        134     0.5542  0.000e+00
      8.526    20.7734   4.479691    31.8662        135     0.5583  0.000e+00
      8.617    20.6649   4.489900    32.0289        136     0.5625  0.000e+00
      8.712    20.4823   4.485738    32.1335        137     0.5667  0.000e+00
      8.815    20.3218   4.482389    32.2286        138     0.5708  0.000e+00
      8.916    20.1995   4.480954    32.3103        139     0.5750  0.000e+00
      9.034    20.0997   4.479204    32.3727        140     0.5792  0.000e+00
      9.153    20.0189   4.477292    32.4193        141     0.5833  0.000e+00
      9.283    19.9524   4.475780    32.4582        142     0.5875  0.000e+00
      9.416    19.8979   4.474499    32.4899        143     0.5917  0.000e+00
      9.561    19.8522   4.473225    32.5148        144     0.5958  0.000e+00
      9.709    19.8146   4.471447    32.5294        145     0.6000  0.000e+00
      9.864    19.7859   4.467381    32.5185        146     0.6042  0.000e+00
     10.025    19.7656   4.465659    32.5202        147     0.6083  0.000e+00
     10.198    19.7493   4.471295    32.5787        148     0.6125  0.000e+00
     10.362    19.7532   4.479231    32.6403        149     0.6167  0.000e+00
     10.529    19.8574   4.508608    32.7982        150     0.6208  0.000e+00
     10.696    20.0565   4.541537    32.9102        151     0.6250  0.000e+00
     10.862    20.2671   4.563327    32.9221        152     0.6292  0.000e+00
     11.019    20.4400   4.573908    32.8730        153     0.6333  0.000e+00
     11.175    20.5684   4.577052    32.7987        154     0.6375  0.000e+00
     11.328    20.6553   4.576966    32.7309        155     0.6417  0.000e+00
     11.472    20.7120   4.577340    32.6902        156     0.6458  0.000e+00
     11.609    20.7488   4.577743    32.6652        157     0.6500  0.000e+00
     11.745    20.7731   4.577021    32.6407        158     0.6542  0.000e+00
     11.877    20.7878   4.573394    32.6005        159     0.6583  0.000e+00
     12.003    20.7948   4.557812    32.4709        160     0.6625  0.000e+00
     12.128    20.7970   4.526399    32.2189        161     0.6667  0.000e+00
     12.252    20.7964   4.518098    32.1533        162     0.6708  0.000e+00
     12.378    20.7924   4.505883    32.0590        163     0.6750  0.000e+00
     12.507    20.7791   4.501718    32.0358        164     0.6792  0.000e+00
     12.633    20.7434   4.501066    32.0574        165     0.6833  0.000e+00
     12.771    20.6912   4.502485    32.1081        166     0.6875  0.000e+00
     12.901    20.6289   4.503329    32.1619        167     0.6917  0.000e+00
     13.043    20.5594   4.504095    32.2206        168     0.6958  0.000e+00
     13.181    20.4893   4.504834    32.2798        169     0.7000  0.000e+00
     13.327    20.4256   4.504645    32.3267        170     0.7042  0.000e+00
     13.472    20.3736   4.502862    32.3521        171     0.7083  0.000e+00
     13.622    20.3358   4.500700    32.3635        172     0.7125  0.000e+00
     13.766    20.3266   4.505068    32.4056        173     0.7167  0.000e+00
     13.916    20.3417   4.510471    32.4375        174     0.7208  0.000e+00
     14.058    20.3632   4.520215    32.4993        175     0.7250  0.000e+00
     14.214    20.3859   4.527659    32.5417        176     0.7292  0.000e+00
     14.367    20.4128   4.534256    32.5740        177     0.7333  0.000e+00
     14.517    20.4419   4.540448    32.6013        178     0.7375  0.000e+00
     14.671    20.4700   4.546432    32.6277        179     0.7417  0.000e+00
     14.820    20.4961   4.551122    32.6452        180     0.7458  0.000e+00
     14.971    20.5185   4.553951    32.6506        181     0.7500  0.000e+00
     15.122    20.5317   4.555538    32.6531        182     0.7542  0.000e+00
     15.275    20.5350   4.555658    32.6515        183     0.7583  0.000e+00
     15.425    20.5319   4.555341    32.6513        184     0.7625  0.000e+00
     15.575    20.5265   4.554988    32.6526        185     0.7667  0.000e+00
     15.730    20.5179   4.554988    32.6592        186     0.7708  0.000e+00
     15.880    20.5087   4.554643    32.6634        187     0.7750  0.000e+00
     16.024    20.4976   4.553422    32.6622        188     0.7792  0.000e+00
     16.169    20.4858   4.551391    32.6549        189     0.7833  0.000e+00
     16.313    20.4742   4.549416    32.6479        190     0.7875  0.000e+00
     16.456    20.4645   4.547018    32.6361        191     0.7917  0.000e+00
     16.594    20.4567   4.543853    32.6166        192     0.7958  0.000e+00
     16.729    20.4500   4.538906    32.5820        193     0.8000  0.000e+00
     16.862    20.4444   4.531074    32.5234        194     0.8042  0.000e+00
     17.000    20.4398   4.523233    32.4639        195     0.8083  0.000e+00
     17.134    20.4351   4.518288    32.4277        196     0.8125  0.000e+00
     17.272    20.4307   4.517100    32.4215        197     0.8167  0.000e+00
     17.415    20.4257   4.515828    32.4150        198     0.8208  0.000e+00
     17.552    20.4205   4.514801    32.4108        199     0.8250  0.000e+00
     17.700    20.4149   4.515118    32.4175        200     0.8292  0.000e+00
     17.852    20.4098   4.518577    32.4492        201     0.8333  0.000e+00
     18.011    20.4058   4.527309    32.5223        202     0.8375  0.000e+00
     18.177    20.4021   4.534209    32.5805        203     0.8417  0.000e+00
     18.347    20.3942   4.541247    32.6432        204     0.8458  0.000e+00
     18.520    20.3762   4.546118    32.6962        205     0.8500  0.000e+00
     18.695    20.3212   4.547607    32.7507        206     0.8542  0.000e+00
     18.876    20.2310   4.542687    32.7809        207     0.8583  0.000e+00
     19.044    20.0993   4.529249    32.7745        208     0.8625  0.000e+00
     19.219    19.9427   4.513255    32.7666        209     0.8667  0.000e+00
     19.393    19.7798   4.497847    32.7682        210     0.8708  0.000e+00
     19.562    19.6084   4.478431    32.7435        211     0.8750  0.000e+00
     19.717    19.4234   4.458799    32.7275        212     0.8792  0.000e+00
     19.875    19.2425   4.442931    32.7390        213     0.8833  0.000e+00
     20.023    19.0876   4.433315    32.7815        214     0.8875  0.000e+00
     20.167    18.9423   4.427172    32.8456        215     0.8917  0.000e+00
