HB2303/sbe155.cnv
* Sea-Bird SBE 19plus V2 Data File:
* FileName = C:\cruise\data\sbe155.hex
* Software Version Seasave V 7.26.7.121
* Temperature SN = 6128
* Conductivity SN = 6128
* System UpLoad Time = Aug 23 2023 03:57:13
* NMEA Latitude = 41 38.33 N
* NMEA Longitude = 068 52.44 W
* NMEA UTC (Time) = Aug 23 2023 03:57:08
** Ship: Henry Bigelow
** Cruise:  HB2303
** Program:  ECOMON
# nquan = 7
# nvalues = 2335                                  
# units = specified
# name 0 = depSM: Depth [salt water, m]
# name 1 = tv290C: Temperature [ITS-90, deg C]
# name 2 = c0S/m: Conductivity [S/m]
# name 3 = sal00: Salinity, Practical [PSU]
# name 4 = scan: Scan Count
# name 5 = timeM: Time, Elapsed [minutes]
# name 6 = flag:  0.000e+00
# span 0 =      0.047,    110.337                 
# span 1 =     6.7025,    20.2895                 
# span 2 =   0.001438,   4.368991                 
# span 3 =     0.0144,    33.3551                 
# span 4 =         11,       2345                 
# span 5 =     0.0417,     9.7667                 
# span 6 = 0.0000e+00, 0.0000e+00                 
# interval = seconds: 0.25
# start_time = Aug 23 2023 03:57:08 [NMEA time, header]
# bad_flag = -9.990e-29
*END*
[from data line 1436]
     57.873     6.7443   3.286559    32.5601       1447     6.0250  0.000e+00
     57.768     6.7441   3.286559    32.5604       1448     6.0292  0.000e+00
     57.670     6.7440   3.286552    32.5604       1449     6.0333  0.000e+00
     57.579     6.7442   3.286620    32.5611       1450     6.0375  0.000e+00
     57.503     6.7446   3.286639    32.5609       1451     6.0417  0.000e+00
     57.434     6.7452   3.286540    32.5593       1452     6.0458  0.000e+00
     57.372     6.7449   3.286311    32.5571       1453     6.0500  0.000e+00
     57.324     6.7439   3.286602    32.5612       1454     6.0542  0.000e+00
     57.278     6.7444   3.286892    32.5640       1455     6.0583  0.000e+00
     57.238     6.7466   3.287059    32.5638       1456     6.0625  0.000e+00
     57.209     6.7493   3.287047    32.5610       1457     6.0667  0.000e+00
     57.176     6.7509   3.286935    32.5584       1458     6.0708  0.000e+00
     57.145     6.7515   3.286830    32.5566       1459     6.0750  0.000e+00
     57.105     6.7512   3.286707    32.5556       1460     6.0792  0.000e+00
     57.065     6.7502   3.286991    32.5597       1461     6.0833  0.000e+00
     57.022     6.7507   3.287164    32.5611       1462     6.0875  0.000e+00
     56.975     6.7526   3.287461    32.5626       1463     6.0917  0.000e+00
     56.922     6.7553   3.287108    32.5562       1464     6.0958  0.000e+00
     56.866     6.7560   3.286663    32.5507       1465     6.1000  0.000e+00
     56.810     6.7535   3.287145    32.5584       1466     6.1042  0.000e+00
     56.753     6.7535   3.286892    32.5556       1467     6.1083  0.000e+00
     56.701     6.7532   3.287189    32.5592       1468     6.1125  0.000e+00
     56.648     6.7540   3.287164    32.5581       1469     6.1167  0.000e+00
     56.608     6.7553   3.287628    32.5621       1470     6.1208  0.000e+00
     56.570     6.7584   3.287708    32.5600       1471     6.1250  0.000e+00
     56.530     6.7615   3.287727    32.5572       1472     6.1292  0.000e+00
     56.499     6.7640   3.287875    32.5566       1473     6.1333  0.000e+00
     56.459     6.7658   3.287856    32.5547       1474     6.1375  0.000e+00
     56.424     6.7671   3.287560    32.5502       1475     6.1417  0.000e+00
     56.388     6.7661   3.287448    32.5499       1476     6.1458  0.000e+00
     56.341     6.7643   3.287498    32.5522       1477     6.1500  0.000e+00
     56.287     6.7630   3.287355    32.5519       1478     6.1542  0.000e+00
     56.227     6.7626   3.287529    32.5542       1479     6.1583  0.000e+00
     56.156     6.7626   3.287541    32.5544       1480     6.1625  0.000e+00
     56.084     6.7627   3.288005    32.5594       1481     6.1667  0.000e+00
     56.004     6.7654   3.287918    32.5559       1482     6.1708  0.000e+00
     55.917     6.7674   3.287763    32.5524       1483     6.1750  0.000e+00
     55.831     6.7673   3.287541    32.5501       1484     6.1792  0.000e+00
     55.742     6.7662   3.288252    32.5589       1485     6.1833  0.000e+00
     55.656     6.7691   3.290033    32.5758       1486     6.1875  0.000e+00
     55.572     6.7812   3.290249    32.5667       1487     6.1917  0.000e+00
     55.485     6.7926   3.289971    32.5529       1488     6.1958  0.000e+00
     55.411     6.7963   3.289321    32.5423       1489     6.2000  0.000e+00
     55.344     6.7957   3.289006    32.5394       1490     6.2042  0.000e+00
     55.271     6.7923   3.288975    32.5423       1491     6.2083  0.000e+00
     55.211     6.7901   3.291356    32.5706       1492     6.2125  0.000e+00
     55.153     6.8003   3.292965    32.5786       1493     6.2167  0.000e+00
     55.101     6.8186   3.293020    32.5618       1494     6.2208  0.000e+00
     55.050     6.8316   3.294920    32.5704       1495     6.2250  0.000e+00
     54.997     6.8482   3.294542    32.5505       1496     6.2292  0.000e+00
     54.950     6.8586   3.293725    32.5317       1497     6.2333  0.000e+00
     54.905     6.8600   3.293038    32.5229       1498     6.2375  0.000e+00
     54.859     6.8562   3.293218    32.5285       1499     6.2417  0.000e+00
     54.819     6.8520   3.293892    32.5399       1500     6.2458  0.000e+00
     54.769     6.8538   3.295631    32.5572       1501     6.2500  0.000e+00
     54.725     6.8642   3.297290    32.5656       1502     6.2542  0.000e+00
     54.680     6.8813   3.298150    32.5588       1503     6.2583  0.000e+00
     54.629     6.8984   3.298596    32.5475       1504     6.2625  0.000e+00
     54.582     6.9110   3.298682    32.5365       1505     6.2667  0.000e+00
     54.523     6.9193   3.298738    32.5294       1506     6.2708  0.000e+00
     54.457     6.9240   3.298763    32.5252       1507     6.2750  0.000e+00
     54.377     6.9267   3.298781    32.5229       1508     6.2792  0.000e+00
     54.299     6.9281   3.298781    32.5216       1509     6.2833  0.000e+00
     54.205     6.9291   3.298781    32.5207       1510     6.2875  0.000e+00
     54.109     6.9296   3.298825    32.5207       1511     6.2917  0.000e+00
     54.018     6.9302   3.298843    32.5205       1512     6.2958  0.000e+00
     53.923     6.9307   3.298843    32.5200       1513     6.3000  0.000e+00
     53.828     6.9311   3.298824    32.5194       1514     6.3042  0.000e+00
     53.741     6.9311   3.298843    32.5197       1515     6.3083  0.000e+00
     53.663     6.9309   3.298824    32.5197       1516     6.3125  0.000e+00
     53.586     6.9306   3.298738    32.5191       1517     6.3167  0.000e+00
     53.523     6.9302   3.298744    32.5196       1518     6.3208  0.000e+00
     53.459     6.9301   3.298781    32.5201       1519     6.3250  0.000e+00
     53.412     6.9301   3.298800    32.5204       1520     6.3292  0.000e+00
     53.362     6.9301   3.298800    32.5204       1521     6.3333  0.000e+00
     53.320     6.9301   3.298800    32.5204       1522     6.3375  0.000e+00
     53.282     6.9299   3.298781    32.5204       1523     6.3417  0.000e+00
     53.240     6.9301   3.298762    32.5200       1524     6.3458  0.000e+00
     53.202     6.9300   3.298781    32.5203       1525     6.3500  0.000e+00
     53.160     6.9302   3.300001    32.5335       1526     6.3542  0.000e+00
     53.118     6.9357   3.301475    32.5444       1527     6.3583  0.000e+00
     53.066     6.9481   3.301797    32.5362       1528     6.3625  0.000e+00
     53.009     6.9587   3.301765    32.5259       1529     6.3667  0.000e+00
     52.948     6.9650   3.301326    32.5151       1530     6.3708  0.000e+00
     52.881     6.9662   3.299982    32.4994       1531     6.3750  0.000e+00
     52.797     6.9602   3.300960    32.5158       1532     6.3792  0.000e+00
     52.712     6.9590   3.302292    32.5315       1533     6.3833  0.000e+00
     52.623     6.9658   3.302354    32.5258       1534     6.3875  0.000e+00
     52.538     6.9720   3.302360    32.5201       1535     6.3917  0.000e+00
     52.451     6.9756   3.302335    32.5164       1536     6.3958  0.000e+00
     52.364     6.9774   3.302378    32.5152       1537     6.4000  0.000e+00
     52.281     6.9786   3.302397    32.5143       1538     6.4042  0.000e+00
     52.210     6.9794   3.302422    32.5139       1539     6.4083  0.000e+00
     52.141     6.9799   3.302440    32.5136       1540     6.4125  0.000e+00
     52.070     6.9803   3.302397    32.5128       1541     6.4167  0.000e+00
     52.003     6.9805   3.302378    32.5125       1542     6.4208  0.000e+00
     51.945     6.9802   3.302124    32.5100       1543     6.4250  0.000e+00
     51.879     6.9790   3.302019    32.5100       1544     6.4292  0.000e+00
     51.822     6.9778   3.302019    32.5111       1545     6.4333  0.000e+00
     51.764     6.9770   3.302062    32.5125       1546     6.4375  0.000e+00
     51.708     6.9765   3.301957    32.5118       1547     6.4417  0.000e+00
     51.641     6.9758   3.301938    32.5123       1548     6.4458  0.000e+00
     51.585     6.9753   3.302502    32.5189       1549     6.4500  0.000e+00
     51.514     6.9774   3.302818    32.5204       1550     6.4542  0.000e+00
     51.452     6.9811   3.303363    32.5229       1551     6.4583  0.000e+00
     51.385     6.9858   3.303338    32.5182       1552     6.4625  0.000e+00
     51.311     6.9894   3.303493    32.5165       1553     6.4667  0.000e+00
     51.233     6.9919   3.303765    32.5172       1554     6.4708  0.000e+00
     51.159     6.9948   3.303759    32.5144       1555     6.4750  0.000e+00
     51.081     6.9966   3.303555    32.5105       1556     6.4792  0.000e+00
     51.003     6.9970   3.303573    32.5104       1557     6.4833  0.000e+00
     50.931     6.9971   3.303734    32.5121       1558     6.4875  0.000e+00
     50.866     6.9976   3.303976    32.5143       1559     6.4917  0.000e+00
     50.797     6.9993   3.304100    32.5141       1560     6.4958  0.000e+00
     50.737     7.0012   3.304174    32.5131       1561     6.5000  0.000e+00
     50.677     7.0027   3.304186    32.5119       1562     6.5042  0.000e+00
     50.619     7.0038   3.304205    32.5110       1563     6.5083  0.000e+00
     50.561     7.0044   3.304186    32.5103       1564     6.5125  0.000e+00
     50.507     7.0047   3.304199    32.5102       1565     6.5167  0.000e+00
     50.453     7.0050   3.304230    32.5103       1566     6.5208  0.000e+00
     50.396     7.0054   3.304230    32.5100       1567     6.5250  0.000e+00
     50.345     7.0054   3.304236    32.5101       1568     6.5292  0.000e+00
     50.289     7.0055   3.304273    32.5104       1569     6.5333  0.000e+00
     50.228     7.0058   3.304273    32.5101       1570     6.5375  0.000e+00
     50.164     7.0062   3.304298    32.5101       1571     6.5417  0.000e+00
     50.093     7.0063   3.304335    32.5103       1572     6.5458  0.000e+00
     50.023     7.0067   3.304378    32.5105       1573     6.5500  0.000e+00
     49.946     7.0071   3.304496    32.5114       1574     6.5542  0.000e+00
     49.876     7.0078   3.304589    32.5119       1575     6.5583  0.000e+00
     49.794     7.0088   3.304731    32.5124       1576     6.5625  0.000e+00
     49.720     7.0101   3.304837    32.5124       1577     6.5667  0.000e+00
     49.644     7.0117   3.304973    32.5124       1578     6.5708  0.000e+00
     49.570     7.0136   3.305134    32.5124       1579     6.5750  0.000e+00
     49.503     7.0158   3.305258    32.5118       1580     6.5792  0.000e+00
     49.431     7.0186   3.305233    32.5088       1581     6.5833  0.000e+00
     49.367     7.0214   3.305177    32.5057       1582     6.5875  0.000e+00
     49.302     7.0235   3.305152    32.5034       1583     6.5917  0.000e+00
     49.245     7.0252   3.305134    32.5016       1584     6.5958  0.000e+00
     49.190     7.0267   3.305177    32.5007       1585     6.6000  0.000e+00
     49.140     7.0281   3.305152    32.4992       1586     6.6042  0.000e+00
     49.092     7.0287   3.305096    32.4980       1587     6.6083  0.000e+00
     49.053     7.0292   3.305047    32.4970       1588     6.6125  0.000e+00
     49.016     7.0300   3.305010    32.4959       1589     6.6167  0.000e+00
     48.985     7.0305   3.305096    32.4964       1590     6.6208  0.000e+00
     48.956     7.0309   3.305090    32.4960       1591     6.6250  0.000e+00
     48.918     7.0311   3.305047    32.4953       1592     6.6292  0.000e+00
     48.883     7.0310   3.305115    32.4962       1593     6.6333  0.000e+00
     48.842     7.0312   3.305078    32.4956       1594     6.6375  0.000e+00
     48.805     7.0311   3.304985    32.4947       1595     6.6417  0.000e+00
     48.764     7.0313   3.304985    32.4945       1596     6.6458  0.000e+00
     48.713     7.0313   3.304972    32.4944       1597     6.6500  0.000e+00
     48.657     7.0315   3.304755    32.4918       1598     6.6542  0.000e+00
     48.597     7.0315   3.304774    32.4920       1599     6.6583  0.000e+00
     48.526     7.0317   3.304693    32.4910       1600     6.6625  0.000e+00
     48.450     7.0316   3.304650    32.4907       1601     6.6667  0.000e+00
     48.377     7.0313   3.304607    32.4905       1602     6.6708  0.000e+00
     48.303     7.0311   3.304495    32.4895       1603     6.6750  0.000e+00
     48.229     7.0312   3.304396    32.4884       1604     6.6792  0.000e+00
     48.149     7.0312   3.304229    32.4866       1605     6.6833  0.000e+00
     48.068     7.0310   3.304098    32.4855       1606     6.6875  0.000e+00
     47.997     7.0305   3.303795    32.4826       1607     6.6917  0.000e+00
     47.925     7.0302   3.303615    32.4810       1608     6.6958  0.000e+00
     47.863     7.0295   3.303343    32.4787       1609     6.7000  0.000e+00
     47.794     7.0285   3.303076    32.4768       1610     6.7042  0.000e+00
     47.734     7.0275   3.302946    32.4763       1611     6.7083  0.000e+00
     47.672     7.0265   3.302859    32.4763       1612     6.7125  0.000e+00
     47.616     7.0260   3.302797    32.4762       1613     6.7167  0.000e+00
     47.569     7.0255   3.302773    32.4764       1614     6.7208  0.000e+00
     47.528     7.0253   3.302711    32.4759       1615     6.7250  0.000e+00
     47.491     7.0250   3.302717    32.4763       1616     6.7292  0.000e+00
     47.457     7.0249   3.302667    32.4759       1617     6.7333  0.000e+00
     47.422     7.0247   3.302605    32.4754       1618     6.7375  0.000e+00
     47.395     7.0245   3.302525    32.4748       1619     6.7417  0.000e+00
     47.373     7.0242   3.302432    32.4740       1620     6.7458  0.000e+00
     47.344     7.0237   3.302079    32.4706       1621     6.7500  0.000e+00
     47.311     7.0231   3.301893    32.4692       1622     6.7542  0.000e+00
     47.276     7.0224   3.301695    32.4677       1623     6.7583  0.000e+00
     47.238     7.0217   3.300945    32.4602       1624     6.7625  0.000e+00
     47.186     7.0206   3.300314    32.4544       1625     6.7667  0.000e+00
     47.132     7.0200   3.299335    32.4443       1626     6.7708  0.000e+00
     47.077     7.0201   3.298778    32.4382       1627     6.7750  0.000e+00
     47.017     7.0209   3.298716    32.4368       1628     6.7792  0.000e+00
     46.959     7.0216   3.298778    32.4368       1629     6.7833  0.000e+00
     46.896     7.0229   3.298957    32.4376       1630     6.7875  0.000e+00
     46.830     7.0253   3.298759    32.4332       1631     6.7917  0.000e+00
     46.780     7.0280   3.297917    32.4215       1632     6.7958  0.000e+00
     46.722     7.0306   3.297199    32.4112       1633     6.8000  0.000e+00
     46.671     7.0322   3.297162    32.4094       1634     6.8042  0.000e+00
     46.626     7.0330   3.297075    32.4077       1635     6.8083  0.000e+00
     46.575     7.0333   3.297013    32.4068       1636     6.8125  0.000e+00
     46.522     7.0334   3.296605    32.4023       1637     6.8167  0.000e+00
     46.468     7.0329   3.296382    32.4004       1638     6.8208  0.000e+00
     46.414     7.0319   3.295880    32.3958       1639     6.8250  0.000e+00
     46.368     7.0309   3.295627    32.3941       1640     6.8292  0.000e+00
     46.310     7.0297   3.295608    32.3949       1641     6.8333  0.000e+00
     46.257     7.0289   3.295373    32.3932       1642     6.8375  0.000e+00
     46.198     7.0282   3.295039    32.3902       1643     6.8417  0.000e+00
     46.150     7.0274   3.294865    32.3891       1644     6.8458  0.000e+00
     46.098     7.0269   3.294537    32.3861       1645     6.8500  0.000e+00
     46.051     7.0268   3.294370    32.3844       1646     6.8542  0.000e+00
     46.003     7.0270   3.294352    32.3839       1647     6.8583  0.000e+00
     45.963     7.0276   3.294370    32.3836       1648     6.8625  0.000e+00
     45.927     7.0281   3.294407    32.3836       1649     6.8667  0.000e+00
     45.891     7.0286   3.294451    32.3835       1650     6.8708  0.000e+00
     45.853     7.0295   3.294506    32.3834       1651     6.8750  0.000e+00
