HB2303/sbe146.cnv
* Sea-Bird SBE 19plus V2 Data File:
* FileName = C:\cruise\data\sbe146.hex
* Software Version Seasave V 7.26.7.121
* Temperature SN = 6128
* Conductivity SN = 6128
* System UpLoad Time = Aug 22 2023 10:34:05
* NMEA Latitude = 41 57.77 N
* NMEA Longitude = 070 14.68 W
* NMEA UTC (Time) = Aug 22 2023 10:34:00
** Ship: Henry Bigelow
** Cruise:  HB2303
** Program:  ECOMON
# nquan = 7
# nvalues = 1162                                  
# units = specified
# name 0 = depSM: Depth [salt water, m]
# name 1 = tv290C: Temperature [ITS-90, deg C]
# name 2 = c0S/m: Conductivity [S/m]
# name 3 = sal00: Salinity, Practical [PSU]
# name 4 = scan: Scan Count
# name 5 = timeM: Time, Elapsed [minutes]
# name 6 = flag:  0.000e+00
# span 0 =     -0.119,     32.297                 
# span 1 =     8.4362,    18.6397                 
# span 2 =   0.001473,   4.121835                 
# span 3 =     0.0145,    34.8964                 
# span 4 =         11,       1172                 
# span 5 =     0.0417,     4.8792                 
# span 6 = 0.0000e+00, 0.0000e+00                 
# interval = seconds: 0.25
# start_time = Aug 22 2023 10:34:00 [NMEA time, header]
# bad_flag = -9.990e-29
*END*
      0.029    18.6397   0.001473     0.0145         11     0.0417  0.000e+00
      0.025    18.6391   0.001479     0.0145         12     0.0458  0.000e+00
      0.023    18.6384   0.001476     0.0145         13     0.0500  0.000e+00
      0.029    18.6380   0.001485     0.0145         14     0.0542  0.000e+00
      0.029    18.6376   0.001473     0.0145         15     0.0583  0.000e+00
      0.025    18.6379   0.001482     0.0145         16     0.0625  0.000e+00
      0.022    18.6382   0.001473     0.0145         17     0.0667  0.000e+00
      0.022    18.6380   0.001479     0.0145         18     0.0708  0.000e+00
      0.025    18.6378   0.001476     0.0145         19     0.0750  0.000e+00
      0.027    18.6379   0.001479     0.0145         20     0.0792  0.000e+00
      0.029    18.6375   0.001479     0.0145         21     0.0833  0.000e+00
      0.023    18.6380   0.001476     0.0145         22     0.0875  0.000e+00
      0.029    18.6380   0.001479     0.0145         23     0.0917  0.000e+00
      0.027    18.6367   0.001485     0.0145         24     0.0958  0.000e+00
      0.029    18.6366   0.001476     0.0145         25     0.1000  0.000e+00
      0.025    18.6363   0.001485     0.0145         26     0.1042  0.000e+00
      0.025    18.6367   0.001485     0.0145         27     0.1083  0.000e+00
      0.025    18.6358   0.001476     0.0145         28     0.1125  0.000e+00
      0.029    18.6354   0.001479     0.0145         29     0.1167  0.000e+00
      0.027    18.6346   0.001479     0.0145         30     0.1208  0.000e+00
      0.070    18.6340   0.001491     0.0146         31     0.1250  0.000e+00
      0.294    18.6337   0.001482     0.0145         32     0.1292  0.000e+00
      0.498    18.6367   0.001473     0.0145         33     0.1333  0.000e+00
      0.673    18.6380   2.270125    15.8289         34     0.1375  0.000e+00
      0.796    18.5944   1.740724    11.8626         35     0.1417  0.000e+00
      0.897    18.4321   2.549229    18.0610         36     0.1458  0.000e+00
      1.007    18.3030   2.247707    15.7850         37     0.1500  0.000e+00
      1.143    18.2223   2.479157    17.6066         38     0.1542  0.000e+00
      1.292    18.1749   1.770126    12.2034         39     0.1583  0.000e+00
      1.453    18.1450   1.071153     7.0890         40     0.1625  0.000e+00
      1.619    18.1273   1.738680    11.9816         41     0.1667  0.000e+00
      1.780    18.1179   3.316588    24.3125         42     0.1708  0.000e+00
      1.933    18.1125   3.553113    26.2417         43     0.1750  0.000e+00
      2.074    18.0990   3.829572    28.5261         44     0.1792  0.000e+00
      2.213    18.0656   3.689073    27.3886         45     0.1833  0.000e+00
      2.336    18.0331   2.552531    18.2619         46     0.1875  0.000e+00
      2.455    18.0101   0.667718     4.2806         47     0.1917  0.000e+00
      2.562    17.9941   1.395840     9.4713         48     0.1958  0.000e+00
      2.659    17.9832   3.073676    22.4276         49     0.2000  0.000e+00
      2.758    17.9916   4.107205    30.9179         50     0.2042  0.000e+00
      2.859    18.0239   4.115143    30.9601         51     0.2083  0.000e+00
      2.946    18.0547   4.095470    30.7719         52     0.2125  0.000e+00
      3.032    18.0698   3.998394    29.9494         53     0.2167  0.000e+00
      3.123    18.0767   4.043907    30.3241         54     0.2208  0.000e+00
      3.211    18.0806   4.057719    30.4366         55     0.2250  0.000e+00
      3.301    18.0826   4.093357    30.7331         56     0.2292  0.000e+00
      3.397    18.0866   4.095564    30.7486         57     0.2333  0.000e+00
      3.499    18.0913   4.118011    30.9329         58     0.2375  0.000e+00
      3.606    18.0958   4.121720    30.9606         59     0.2417  0.000e+00
      3.713    18.1002   4.121835    30.9581         60     0.2458  0.000e+00
      3.823    18.1033   4.121571    30.9535         61     0.2500  0.000e+00
      3.933    18.0864   4.119967    30.9529         62     0.2542  0.000e+00
      4.040    18.0524   4.115691    30.9427         63     0.2583  0.000e+00
      4.147    18.0128   4.111052    30.9337         64     0.2625  0.000e+00
      4.255    17.9744   4.109220    30.9473         65     0.2667  0.000e+00
      4.360    17.9422   4.109005    30.9699         66     0.2708  0.000e+00
      4.457    17.9152   4.111642    31.0124         67     0.2750  0.000e+00
      4.573    17.8989   4.115937    31.0609         68     0.2792  0.000e+00
      4.692    17.8899   4.116831    31.0753         69     0.2833  0.000e+00
      4.813    17.8833   4.113110    31.0489         70     0.2875  0.000e+00
      4.945    17.8764   4.109648    31.0250         71     0.2917  0.000e+00
      5.066    17.8669   4.104889    30.9921         72     0.2958  0.000e+00
      5.179    17.8542   4.100707    30.9665         73     0.3000  0.000e+00
      5.288    17.8401   4.097729    30.9521         74     0.3042  0.000e+00
      5.387    17.8262   4.096608    30.9532         75     0.3083  0.000e+00
      5.474    17.8129   4.097682    30.9723         76     0.3125  0.000e+00
      5.564    17.8007   4.106614    31.0568         77     0.3167  0.000e+00
      5.652    17.7929   4.112679    31.1139         78     0.3208  0.000e+00
      5.748    17.7897   4.114904    31.1350         79     0.3250  0.000e+00
      5.854    17.7971   4.115303    31.1327         80     0.3292  0.000e+00
      5.957    17.8158   4.115865    31.1232         81     0.3333  0.000e+00
      6.067    17.8386   4.116338    31.1097         82     0.3375  0.000e+00
      6.174    17.8586   4.116412    31.0951         83     0.3417  0.000e+00
      6.284    17.8753   4.115681    31.0761         84     0.3458  0.000e+00
      6.387    17.8859   4.114876    31.0613         85     0.3500  0.000e+00
      6.499    17.8920   4.115593    31.0626         86     0.3542  0.000e+00
      6.605    17.8961   4.118482    31.0838         87     0.3583  0.000e+00
      6.708    17.8999   4.118685    31.0826         88     0.3625  0.000e+00
      6.822    17.9068   4.116953    31.0627         89     0.3667  0.000e+00
      6.938    17.9206   4.115620    31.0409         90     0.3708  0.000e+00
      7.043    17.9374   4.115593    31.0279         91     0.3750  0.000e+00
      7.153    17.9535   4.116804    31.0258         92     0.3792  0.000e+00
      7.261    17.9689   4.116973    31.0156         93     0.3833  0.000e+00
      7.371    17.9815   4.115545    30.9939         94     0.3875  0.000e+00
      7.478    17.9907   4.114605    30.9790         95     0.3917  0.000e+00
      7.587    17.9727   4.114429    30.9912         96     0.3958  0.000e+00
      7.693    17.9250   4.116134    31.0417         97     0.4000  0.000e+00
      7.800    17.8965   4.118063    31.0796         98     0.4042  0.000e+00
      7.910    17.8795   4.116832    31.0821         99     0.4083  0.000e+00
      8.022    17.8744   4.115547    31.0751        100     0.4125  0.000e+00
      8.126    17.8929   4.115594    31.0614        101     0.4167  0.000e+00
      8.233    17.9257   4.115695    31.0373        102     0.4208  0.000e+00
      8.340    17.9580   4.116006    31.0153        103     0.4250  0.000e+00
      8.434    17.9835   4.117101    31.0052        104     0.4292  0.000e+00
      8.535    17.9995   4.117940    31.0001        105     0.4333  0.000e+00
      8.629    18.0067   4.117270    30.9890        106     0.4375  0.000e+00
      8.722    18.0092   4.117189    30.9864        107     0.4417  0.000e+00
      8.827    18.0138   4.118434    30.9933        108     0.4458  0.000e+00
      8.934    18.0176   4.118732    30.9929        109     0.4500  0.000e+00
      9.047    18.0209   4.117622    30.9810        110     0.4542  0.000e+00
      9.175    18.0251   4.116655    30.9697        111     0.4583  0.000e+00
      9.309    18.0318   4.116553    30.9637        112     0.4625  0.000e+00
      9.455    18.0385   4.117270    30.9646        113     0.4667  0.000e+00
      9.594    18.0435   4.118136    30.9680        114     0.4708  0.000e+00
      9.730    18.0458   4.116458    30.9522        115     0.4750  0.000e+00
      9.860    17.9057   4.095697    30.8837        116     0.4792  0.000e+00
      9.992    17.4351   4.028067    30.6684        117     0.4833  0.000e+00
     10.118    16.7304   3.962398    30.6424        118     0.4875  0.000e+00
     10.246    15.9868   3.918751    30.8358        119     0.4917  0.000e+00
     10.374    15.3361   3.894017    31.1278        120     0.4958  0.000e+00
     10.502    14.8165   3.879471    31.4126        121     0.5000  0.000e+00
     10.634    14.4336   3.872208    31.6575        122     0.5042  0.000e+00
     10.764    14.1630   3.868437    31.8453        123     0.5083  0.000e+00
     10.896    13.9549   3.865320    31.9890        124     0.5125  0.000e+00
     11.028    13.7986   3.853401    32.0091        125     0.5167  0.000e+00
     11.156    13.6831   3.839931    31.9808        126     0.5208  0.000e+00
     11.282    13.5688   3.829645    31.9808        127     0.5250  0.000e+00
     11.407    13.4008   3.821807    32.0485        128     0.5292  0.000e+00
     11.531    13.1900   3.820195    32.2113        129     0.5333  0.000e+00
     11.652    13.0097   3.823551    32.3964        130     0.5375  0.000e+00
     11.782    12.8815   3.831067    32.5775        131     0.5417  0.000e+00
     11.910    12.8035   3.852334    32.8466        132     0.5458  0.000e+00
     12.042    12.7576   3.878144    33.1322        133     0.5500  0.000e+00
     12.167    12.7299   3.861091    32.9940        134     0.5542  0.000e+00
     12.299    12.7073   3.843943    32.8504        135     0.5583  0.000e+00
     12.434    12.6650   3.813103    32.5936        136     0.5625  0.000e+00
     12.575    12.5868   3.783822    32.3821        137     0.5667  0.000e+00
     12.707    12.4037   3.764467    32.3550        138     0.5708  0.000e+00
     12.849    12.1796   3.746539    32.3766        139     0.5750  0.000e+00
     12.987    11.9451   3.727333    32.3948        140     0.5792  0.000e+00
     13.124    11.7448   3.711805    32.4186        141     0.5833  0.000e+00
     13.255    11.5880   3.697228    32.4137        142     0.5875  0.000e+00
     13.391    11.4204   3.684084    32.4321        143     0.5917  0.000e+00
     13.522    11.2611   3.674241    32.4755        144     0.5958  0.000e+00
     13.645    11.1240   3.665066    32.5060        145     0.6000  0.000e+00
     13.770    10.9969   3.661699    32.5853        146     0.6042  0.000e+00
     13.897    10.8896   3.667890    32.7422        147     0.6083  0.000e+00
     14.019    10.7904   3.706070    33.2115        148     0.6125  0.000e+00
     14.146    10.7253   3.786285    34.0735        149     0.6167  0.000e+00
     14.281    10.7032   3.841034    34.6440        150     0.6208  0.000e+00
     14.413    10.6989   3.857216    34.8109        151     0.6250  0.000e+00
     14.554    10.7035   3.866161    34.8964        152     0.6292  0.000e+00
     14.684    10.7263   3.843514    34.6469        153     0.6333  0.000e+00
     14.821    10.7668   3.809246    34.2646        154     0.6375  0.000e+00
     14.962    10.7898   3.779740    33.9476        155     0.6417  0.000e+00
     15.105    10.8078   3.752438    33.6580        156     0.6458  0.000e+00
     15.242    10.8166   3.724079    33.3667        157     0.6500  0.000e+00
     15.388    10.7516   3.697796    33.1635        158     0.6542  0.000e+00
     15.529    10.6490   3.659930    32.8781        159     0.6583  0.000e+00
     15.671    10.5176   3.620756    32.6042        160     0.6625  0.000e+00
     15.810    10.3750   3.588878    32.4119        161     0.6667  0.000e+00
     15.946    10.2276   3.571678    32.3704        162     0.6708  0.000e+00
     16.081    10.0871   3.560966    32.3879        163     0.6750  0.000e+00
     16.209     9.9716   3.555712    32.4382        164     0.6792  0.000e+00
     16.343     9.8904   3.556542    32.5196        165     0.6833  0.000e+00
     16.473     9.8316   3.561276    32.6208        166     0.6875  0.000e+00
     16.594     9.7880   3.568509    32.7340        167     0.6917  0.000e+00
     16.716     9.7588   3.587227    32.9516        168     0.6958  0.000e+00
     16.839     9.7455   3.625841    33.3586        169     0.7000  0.000e+00
     16.966     9.7442   3.667769    33.7892        170     0.7042  0.000e+00
     17.092     9.7499   3.702422    34.1393        171     0.7083  0.000e+00
     17.224     9.7600   3.719884    34.3090        172     0.7125  0.000e+00
     17.348     9.7722   3.715554    34.2529        173     0.7167  0.000e+00
     17.482     9.7855   3.670391    33.7771        174     0.7208  0.000e+00
     17.610     9.7951   3.629100    33.3456        175     0.7250  0.000e+00
     17.749     9.7955   3.612188    33.1724        176     0.7292  0.000e+00
     17.890     9.7871   3.591087    32.9646        177     0.7333  0.000e+00
     18.033     9.7722   3.572630    32.7898        178     0.7375  0.000e+00
     18.174     9.7371   3.556761    32.6597        179     0.7417  0.000e+00
     18.309     9.6807   3.543003    32.5704        180     0.7458  0.000e+00
     18.446     9.6153   3.533686    32.5343        181     0.7500  0.000e+00
     18.580     9.5443   3.528090    32.5413        182     0.7542  0.000e+00
     18.711     9.4825   3.521946    32.5344        183     0.7583  0.000e+00
     18.843     9.4185   3.515234    32.5235        184     0.7625  0.000e+00
     18.966     9.3605   3.510868    32.5313        185     0.7667  0.000e+00
     19.087     9.3205   3.511148    32.5705        186     0.7708  0.000e+00
     19.217     9.2876   3.515921    32.6497        187     0.7750  0.000e+00
     19.336     9.2652   3.522209    32.7350        188     0.7792  0.000e+00
     19.466     9.2529   3.528736    32.8138        189     0.7833  0.000e+00
     19.585     9.2445   3.536700    32.9037        190     0.7875  0.000e+00
     19.719     9.2351   3.543180    32.9794        191     0.7917  0.000e+00
     19.852     9.2260   3.545849    33.0153        192     0.7958  0.000e+00
     19.982     9.2191   3.548499    33.0491        193     0.8000  0.000e+00
     20.122     9.2119   3.526391    32.8269        194     0.8042  0.000e+00
     20.260     9.1946   3.394928    31.4863        195     0.8083  0.000e+00
     20.396     9.1006   3.371848    31.3314        196     0.8125  0.000e+00
     20.531     8.9481   3.369065    31.4371        197     0.8167  0.000e+00
     20.665     8.8285   3.367288    31.5247        198     0.8208  0.000e+00
     20.808     8.7512   3.366096    31.5810        199     0.8250  0.000e+00
     20.945     8.7019   3.364893    31.6124        200     0.8292  0.000e+00
     21.085     8.6708   3.365255    31.6439        201     0.8333  0.000e+00
     21.228     8.6543   3.364325    31.6489        202     0.8375  0.000e+00
     21.364     8.6447   3.363602    31.6499        203     0.8417  0.000e+00
     21.497     8.6364   3.362741    31.6483        204     0.8458  0.000e+00
     21.631     8.6285   3.362404    31.6517        205     0.8500  0.000e+00
     21.763     8.6222   3.362573    31.6591        206     0.8542  0.000e+00
     21.891     8.6182   3.361587    31.6523        207     0.8583  0.000e+00
     22.021     8.6136   3.361045    31.6507        208     0.8625  0.000e+00
     22.151     8.6089   3.360795    31.6523        209     0.8667  0.000e+00
     22.277     8.6057   3.360527    31.6523        210     0.8708  0.000e+00
     22.406     8.6035   3.360527    31.6542        211     0.8750  0.000e+00
     22.534     8.6020   3.360291    31.6530        212     0.8792  0.000e+00
     22.667     8.6007   3.360160    31.6527        213     0.8833  0.000e+00
     22.805     8.5994   3.360185    31.6541        214     0.8875  0.000e+00
     22.940     8.5990   3.359779    31.6502        215     0.8917  0.000e+00
