HB2303/sbe130.cnv
* Sea-Bird SBE 19plus V2 Data File:
* FileName = C:\cruise\data\sbe130.hex
* Software Version Seasave V 7.26.7.121
* Temperature SN = 6128
* Conductivity SN = 6128
* System UpLoad Time = Aug 21 2023 01:58:12
* NMEA Latitude = 43 23.87 N
* NMEA Longitude = 067 42.01 W
* NMEA UTC (Time) = Aug 21 2023 01:58:08
** Ship: Henry Bigelow
** Cruise:  HB2303
** Program:  ECOMON
# nquan = 7
# nvalues = 2544                                  
# units = specified
# name 0 = depSM: Depth [salt water, m]
# name 1 = tv290C: Temperature [ITS-90, deg C]
# name 2 = c0S/m: Conductivity [S/m]
# name 3 = sal00: Salinity, Practical [PSU]
# name 4 = scan: Scan Count
# name 5 = timeM: Time, Elapsed [minutes]
# name 6 = flag:  0.000e+00
# span 0 =     -0.191,    245.356                 
# span 1 =     7.6684,    18.5995                 
# span 2 =   0.000368,   4.274058                 
# span 3 =     0.0095,    34.5213                 
# span 4 =         11,       2554                 
# span 5 =     0.0417,    10.6375                 
# span 6 = 0.0000e+00, 0.0000e+00                 
# interval = seconds: 0.25
# start_time = Aug 21 2023 01:58:08 [NMEA time, header]
# bad_flag = -9.990e-29
*END*
     -0.057    17.1604   0.000374     0.0095         11     0.0417  0.000e+00
     -0.055    17.1647   0.000368     0.0095         12     0.0458  0.000e+00
     -0.055    17.1661   0.000374     0.0095         13     0.0500  0.000e+00
     -0.062    17.1655   0.000368     0.0095         14     0.0542  0.000e+00
     -0.058    17.1657   0.000377     0.0095         15     0.0583  0.000e+00
     -0.038    17.1669   0.274787     1.6993         16     0.0625  0.000e+00
     -0.045    17.1696   1.705591    12.0114         17     0.0667  0.000e+00
     -0.045    17.1725   1.588490    11.1175         18     0.0708  0.000e+00
     -0.050    17.1762   0.597148     3.8764         19     0.0750  0.000e+00
     -0.048    17.1884   0.471262     3.0102         20     0.0792  0.000e+00
     -0.044    17.2052   0.398687     2.5186         21     0.0833  0.000e+00
     -0.047    17.2205   0.336488     2.1029         22     0.0875  0.000e+00
     -0.046    17.2329   0.275356     1.7003         23     0.0917  0.000e+00
     -0.045    17.2436   0.236615     1.4483         24     0.0958  0.000e+00
     -0.049    17.2496   0.214951     1.3087         25     0.1000  0.000e+00
     -0.047    17.2507   0.199541     1.2101         26     0.1042  0.000e+00
     -0.051    17.2511   0.193456     1.1713         27     0.1083  0.000e+00
     -0.049    17.2501   0.182844     1.1039         28     0.1125  0.000e+00
     -0.052    17.2493   0.183928     1.1108         29     0.1167  0.000e+00
     -0.050    17.2507   0.172317     1.0372         30     0.1208  0.000e+00
     -0.050    17.2536   0.164765     0.9895         31     0.1250  0.000e+00
     -0.054    17.2552   0.158627     0.9508         32     0.1292  0.000e+00
     -0.056    17.2547   0.158084     0.9474         33     0.1333  0.000e+00
     -0.054    17.2539   0.142764     0.8514         34     0.1375  0.000e+00
     -0.048    17.2537   0.132501     0.7875         35     0.1417  0.000e+00
     -0.036    17.2554   2.700025    19.7965         36     0.1458  0.000e+00
      0.040    17.2949   2.344574    16.9417         37     0.1500  0.000e+00
      0.047    17.4678   1.585747    11.0167         38     0.1542  0.000e+00
     -0.023    17.6428   3.803723    28.6306         39     0.1583  0.000e+00
     -0.048    17.8091   3.744233    28.0192         40     0.1625  0.000e+00
     -0.052    17.9859   0.656570     4.2067         41     0.1667  0.000e+00
     -0.060    18.0840   0.490356     3.0729         42     0.1708  0.000e+00
     -0.053    18.1267   0.416181     2.5781         43     0.1750  0.000e+00
     -0.053    18.1468   0.342774     2.0971         44     0.1792  0.000e+00
     -0.054    18.1556   0.294616     1.7861         45     0.1833  0.000e+00
     -0.051    18.1586   0.255954     1.5393         46     0.1875  0.000e+00
     -0.051    18.1568   0.234198     1.4016         47     0.1917  0.000e+00
     -0.048    18.1522   0.221307     1.3205         48     0.1958  0.000e+00
     -0.049    18.1456   0.207725     1.2355         49     0.2000  0.000e+00
     -0.051    18.1381   0.191749     1.1360         50     0.2042  0.000e+00
     -0.055    18.1297   0.182451     1.0784         51     0.2083  0.000e+00
     -0.055    18.1216   0.167722     0.9873         52     0.2125  0.000e+00
     -0.056    18.1136   0.139299     0.8129         53     0.2167  0.000e+00
     -0.051    18.1047   0.127512     0.7412         54     0.2208  0.000e+00
     -0.053    18.0950   0.118649     0.6877         55     0.2250  0.000e+00
     -0.055    18.0853   1.145258     7.6307         56     0.2292  0.000e+00
     -0.055    18.0754   4.226672    31.8584         57     0.2333  0.000e+00
     -0.057    18.0659   1.785929    12.3547         58     0.2375  0.000e+00
     -0.056    18.0580   0.358216     2.2021         59     0.2417  0.000e+00
     -0.056    18.0536   0.301859     1.8371         60     0.2458  0.000e+00
     -0.060    18.0494   0.268532     1.6235         61     0.2500  0.000e+00
     -0.058    18.0459   0.240285     1.4439         62     0.2542  0.000e+00
     -0.054    18.0401   0.224536     1.3445         63     0.2583  0.000e+00
     -0.055    18.0338   0.214595     1.2820         64     0.2625  0.000e+00
     -0.052    18.0278   0.201891     1.2024         65     0.2667  0.000e+00
     -0.053    18.0219   0.187406     1.1120         66     0.2708  0.000e+00
     -0.054    18.0147   0.174760     1.0335         67     0.2750  0.000e+00
     -0.055    18.0071   0.157288     0.9255         68     0.2792  0.000e+00
     -0.055    17.9994   0.149157     0.8756         69     0.2833  0.000e+00
     -0.053    17.9913   0.140490     0.8226         70     0.2875  0.000e+00
     -0.062    17.9832   0.123078     0.7164         71     0.2917  0.000e+00
     -0.057    17.9756   0.121045     0.7042         72     0.2958  0.000e+00
     -0.052    17.9690   0.115946     0.6733         73     0.3000  0.000e+00
     -0.058    17.9647   0.116176     0.6748         74     0.3042  0.000e+00
     -0.052    17.9596   0.108963     0.6312         75     0.3083  0.000e+00
     -0.058    17.9530   0.095967     0.5531         76     0.3125  0.000e+00
     -0.041    17.9441   0.432674     2.6987         77     0.3167  0.000e+00
     -0.023    17.9351   2.040934    14.3335         78     0.3208  0.000e+00
     -0.056    17.9318   2.238346    15.8553         79     0.3250  0.000e+00
     -0.059    17.9454   0.721763     4.6601         80     0.3292  0.000e+00
     -0.052    17.9601   0.630910     4.0336         81     0.3333  0.000e+00
     -0.056    17.9714   0.562895     3.5697         82     0.3375  0.000e+00
     -0.057    17.9791   0.470021     2.9448         83     0.3417  0.000e+00
     -0.061    17.9841   0.383469     2.3714         84     0.3458  0.000e+00
     -0.057    17.9871   0.307533     1.8766         85     0.3500  0.000e+00
     -0.054    17.9877   0.271402     1.6442         86     0.3542  0.000e+00
     -0.052    17.9848   0.269788     1.6340         87     0.3583  0.000e+00
     -0.058    17.9810   0.240618     1.4482         88     0.3625  0.000e+00
     -0.055    17.9756   0.205782     1.2284         89     0.3667  0.000e+00
     -0.055    17.9707   0.194607     1.1584         90     0.3708  0.000e+00
     -0.055    17.9661   0.179673     1.0653         91     0.3750  0.000e+00
     -0.053    17.9622   0.155924     0.9181         92     0.3792  0.000e+00
     -0.053    17.9585   0.141711     0.8307         93     0.3833  0.000e+00
     -0.057    17.9536   0.129750     0.7576         94     0.3875  0.000e+00
     -0.057    17.9485   0.124789     0.7274         95     0.3917  0.000e+00
     -0.055    17.9439   0.125292     0.7305         96     0.3958  0.000e+00
     -0.055    17.9408   0.115404     0.6705         97     0.4000  0.000e+00
     -0.056    17.9376   0.111286     0.6456         98     0.4042  0.000e+00
     -0.056    17.9333   0.107094     0.6203         99     0.4083  0.000e+00
     -0.059    17.9285   0.107860     0.6250        100     0.4125  0.000e+00
     -0.059    17.9249   0.102208     0.5910        101     0.4167  0.000e+00
     -0.062    17.9214   0.094583     0.5452        102     0.4208  0.000e+00
     -0.057    17.9173   0.089304     0.5137        103     0.4250  0.000e+00
     -0.061    17.9127   0.087405     0.5024        104     0.4292  0.000e+00
     -0.059    17.9077   0.086839     0.4990        105     0.4333  0.000e+00
     -0.059    17.9043   0.085620     0.4918        106     0.4375  0.000e+00
     -0.062    17.9010   0.084681     0.4862        107     0.4417  0.000e+00
     -0.063    17.8982   0.083103     0.4769        108     0.4458  0.000e+00
     -0.061    17.8946   0.083528     0.4794        109     0.4500  0.000e+00
     -0.054    17.8911   0.085813     0.4931        110     0.4542  0.000e+00
     -0.059    17.8873   0.086951     0.5000        111     0.4583  0.000e+00
     -0.055    17.8832   0.087237     0.5017        112     0.4625  0.000e+00
     -0.057    17.8789   0.087611     0.5040        113     0.4667  0.000e+00
     -0.055    17.8747   0.085172     0.4895        114     0.4708  0.000e+00
     -0.053    17.8721   0.076256     0.4365        115     0.4750  0.000e+00
     -0.057    17.8710   0.076473     0.4378        116     0.4792  0.000e+00
     -0.028    17.8690   0.072380     0.4135        117     0.4833  0.000e+00
      0.053    17.8647   0.890817     5.8525        118     0.4875  0.000e+00
      0.127    17.8718   3.094694    22.6589        119     0.4917  0.000e+00
      0.211    17.9249   2.606636    18.7367        120     0.4958  0.000e+00
      0.272    17.9836   1.543863    10.5677        121     0.5000  0.000e+00
      0.276    18.0231   3.771534    28.0988        122     0.5042  0.000e+00
      0.227    18.0604   4.153850    31.2579        123     0.5083  0.000e+00
      0.165    18.1255   3.796834    28.2377        124     0.5125  0.000e+00
      0.101    18.1987   2.002619    13.9509        125     0.5167  0.000e+00
      0.074    18.2488   3.963201    29.5280        126     0.5208  0.000e+00
      0.044    18.2508   4.233211    31.7771        127     0.5250  0.000e+00
     -0.024    18.2222   3.479144    25.5696        128     0.5292  0.000e+00
     -0.057    18.1958   2.291437    16.1631        129     0.5333  0.000e+00
     -0.048    18.1766   1.715215    11.7920        130     0.5375  0.000e+00
      0.013    18.1619   3.792291    28.1752        131     0.5417  0.000e+00
      0.113    18.1461   4.236614    31.8870        132     0.5458  0.000e+00
      0.213    18.1362   4.235814    31.8878        133     0.5500  0.000e+00
      0.291    18.1319   4.233644    31.8729        134     0.5542  0.000e+00
      0.348    18.1306   4.229230    31.8368        135     0.5583  0.000e+00
      0.398    18.1324   4.176774    31.3951        136     0.5625  0.000e+00
      0.456    18.1413   4.121448    30.9250        137     0.5667  0.000e+00
      0.526    18.1602   4.077383    30.5426        138     0.5708  0.000e+00
      0.622    18.1750   4.102100    30.7379        139     0.5750  0.000e+00
      0.764    18.1825   4.125110    30.9245        140     0.5792  0.000e+00
      0.982    18.1866   4.201859    31.5636        141     0.5833  0.000e+00
      1.233    18.1834   4.192645    31.4888        142     0.5875  0.000e+00
      1.471    18.1720   4.235512    31.8571        143     0.5917  0.000e+00
      1.686    18.1612   4.234253    31.8548        144     0.5958  0.000e+00
      1.835    18.1543   4.232036    31.8415        145     0.6000  0.000e+00
      1.857    18.1523   4.235205    31.8697        146     0.6042  0.000e+00
      1.941    18.1867   4.234410    31.8362        147     0.6083  0.000e+00
      2.052    18.2388   4.241291    31.8535        148     0.6125  0.000e+00
      2.046    18.2931   4.260666    31.9736        149     0.6167  0.000e+00
      1.955    18.3674   4.267728    31.9750        150     0.6208  0.000e+00
      1.778    18.4369   4.270337    31.9428        151     0.6250  0.000e+00
      1.665    18.4904   4.266470    31.8692        152     0.6292  0.000e+00
      1.638    18.5228   4.262543    31.8113        153     0.6333  0.000e+00
      1.637    18.5431   4.261005    31.7829        154     0.6375  0.000e+00
      1.669    18.5553   4.121666    30.6166        155     0.6417  0.000e+00
      1.727    18.5618   4.173237    31.0392        156     0.6458  0.000e+00
      1.837    18.5618   4.254947    31.7180        157     0.6500  0.000e+00
      1.938    18.5499   4.251498    31.6984        158     0.6542  0.000e+00
      2.010    18.5298   4.249222    31.6949        159     0.6583  0.000e+00
      2.120    18.5112   4.248777    31.7055        160     0.6625  0.000e+00
      2.256    18.4959   4.248448    31.7145        161     0.6667  0.000e+00
      2.384    18.4830   4.250176    31.7388        162     0.6708  0.000e+00
      2.485    18.4707   4.251842    31.7621        163     0.6750  0.000e+00
      2.561    18.4607   4.252109    31.7720        164     0.6792  0.000e+00
      2.655    18.4547   4.249168    31.7520        165     0.6833  0.000e+00
      2.820    18.4510   4.246674    31.7341        166     0.6875  0.000e+00
      3.004    18.4461   4.245625    31.7291        167     0.6917  0.000e+00
      3.172    18.4320   4.245667    31.7402        168     0.6958  0.000e+00
      3.343    18.4137   4.244420    31.7439        169     0.7000  0.000e+00
      3.527    18.3981   4.243290    31.7464        170     0.7042  0.000e+00
      3.717    18.3824   4.242859    31.7548        171     0.7083  0.000e+00
      3.897    18.3674   4.243222    31.7694        172     0.7125  0.000e+00
      4.042    18.3559   4.244195    31.7864        173     0.7167  0.000e+00
      4.170    18.3474   4.245079    31.8003        174     0.7208  0.000e+00
      4.309    18.3404   4.246244    31.8154        175     0.7250  0.000e+00
      4.441    18.3454   4.246792    31.8161        176     0.7292  0.000e+00
      4.590    18.3690   4.247299    31.8019        177     0.7333  0.000e+00
      4.737    18.3912   4.247258    31.7844        178     0.7375  0.000e+00
      4.890    18.4090   4.246805    31.7668        179     0.7417  0.000e+00
      5.040    18.4227   4.245524    31.7455        180     0.7458  0.000e+00
      5.204    18.4310   4.243729    31.7240        181     0.7500  0.000e+00
      5.362    18.4382   4.243393    31.7157        182     0.7542  0.000e+00
      5.528    18.4431   4.243139    31.7097        183     0.7583  0.000e+00
      5.690    18.4447   4.243982    31.7154        184     0.7625  0.000e+00
      5.855    18.4432   4.246579    31.7383        185     0.7667  0.000e+00
      6.008    18.4309   4.250130    31.7773        186     0.7708  0.000e+00
      6.149    18.4301   4.253167    31.8032        187     0.7750  0.000e+00
      6.306    18.4512   4.255492    31.8063        188     0.7792  0.000e+00
      6.452    18.4745   4.256411    31.7959        189     0.7833  0.000e+00
      6.604    18.4930   4.255519    31.7741        190     0.7875  0.000e+00
      6.758    18.5044   4.251329    31.7303        191     0.7917  0.000e+00
      6.920    18.5105   4.248011    31.6980        192     0.7958  0.000e+00
      7.092    18.5171   4.246818    31.6829        193     0.8000  0.000e+00
      7.280    18.5224   4.244961    31.6633        194     0.8042  0.000e+00
      7.482    18.5238   4.243982    31.6540        195     0.8083  0.000e+00
      7.690    18.5219   4.243345    31.6501        196     0.8125  0.000e+00
      7.897    18.5173   4.243071    31.6513        197     0.8167  0.000e+00
      8.125    18.5092   4.242989    31.6567        198     0.8208  0.000e+00
      8.358    18.4983   4.242900    31.6642        199     0.8250  0.000e+00
      8.587    18.4879   4.242832    31.6716        200     0.8292  0.000e+00
      8.818    18.4818   4.242880    31.6766        201     0.8333  0.000e+00
      9.051    18.4775   4.243140    31.6821        202     0.8375  0.000e+00
      9.282    18.4690   4.243271    31.6896        203     0.8417  0.000e+00
      9.517    18.4580   4.244271    31.7063        204     0.8458  0.000e+00
      9.743    18.4470   4.245402    31.7242        205     0.8500  0.000e+00
      9.972    18.4368   4.247582    31.7501        206     0.8542  0.000e+00
     10.194    18.4251   4.249960    31.7790        207     0.8583  0.000e+00
     10.421    18.4166   4.250968    31.7938        208     0.8625  0.000e+00
     10.627    18.4275   4.252017    31.7941        209     0.8667  0.000e+00
     10.824    18.4525   4.254849    31.7983        210     0.8708  0.000e+00
     11.016    18.4786   4.258423    31.8080        211     0.8750  0.000e+00
     11.201    18.5012   4.260721    31.8096        212     0.8792  0.000e+00
     11.389    18.5205   4.262506    31.8095        213     0.8833  0.000e+00
     11.565    18.5358   4.263144    31.8029        214     0.8875  0.000e+00
     11.740    18.5472   4.262499    31.7887        215     0.8917  0.000e+00
