HB2303/sbe147.cnv
* Sea-Bird SBE 19plus V2 Data File:
* FileName = C:\cruise\data\sbe147.hex
* Software Version Seasave V 7.26.7.121
* Temperature SN = 6128
* Conductivity SN = 6128
* System UpLoad Time = Aug 22 2023 13:57:24
* NMEA Latitude = 42 01.51 N
* NMEA Longitude = 069 42.44 W
* NMEA UTC (Time) = Aug 22 2023 13:57:20
** Ship: Henry Bigelow
** Cruise:  HB2303
** Program:  ECOMON
# nquan = 7
# nvalues = 4663                                  
# units = specified
# name 0 = depSM: Depth [salt water, m]
# name 1 = tv290C: Temperature [ITS-90, deg C]
# name 2 = c0S/m: Conductivity [S/m]
# name 3 = sal00: Salinity, Practical [PSU]
# name 4 = scan: Scan Count
# name 5 = timeM: Time, Elapsed [minutes]
# name 6 = flag:  0.000e+00
# span 0 =     -0.234,    182.794                 
# span 1 =     6.9163,    20.1603                 
# span 2 =   0.001097,   4.259955                 
# span 3 =     0.0133,    33.7634                 
# span 4 =         11,       4673                 
# span 5 =     0.0417,    19.4667                 
# span 6 = 0.0000e+00, 0.0000e+00                 
# interval = seconds: 0.25
# start_time = Aug 22 2023 13:57:20 [NMEA time, header]
# bad_flag = -9.990e-29
*END*
[from data line 3283]
     57.834     7.8016   3.348414    32.2397       3294    13.7208  0.000e+00
     57.777     7.8055   3.348507    32.2371       3295    13.7250  0.000e+00
     57.710     7.8088   3.349248    32.2420       3296    13.7292  0.000e+00
     57.642     7.8147   3.349360    32.2377       3297    13.7333  0.000e+00
     57.564     7.8201   3.349354    32.2328       3298    13.7375  0.000e+00
     57.483     7.8232   3.349322    32.2296       3299    13.7417  0.000e+00
     57.397     7.8246   3.349254    32.2276       3300    13.7458  0.000e+00
     57.306     7.8251   3.349248    32.2271       3301    13.7500  0.000e+00
     57.236     7.8252   3.349210    32.2267       3302    13.7542  0.000e+00
     57.166     7.8250   3.349129    32.2260       3303    13.7583  0.000e+00
     57.111     7.8243   3.349017    32.2254       3304    13.7625  0.000e+00
     57.066     7.8231   3.349017    32.2266       3305    13.7667  0.000e+00
     57.024     7.8224   3.349005    32.2271       3306    13.7708  0.000e+00
     56.994     7.8216   3.348936    32.2272       3307    13.7750  0.000e+00
     56.972     7.8206   3.348905    32.2278       3308    13.7792  0.000e+00
     56.955     7.8201   3.348911    32.2283       3309    13.7833  0.000e+00
     56.931     7.8194   3.348718    32.2269       3310    13.7875  0.000e+00
     56.910     7.8182   3.348787    32.2287       3311    13.7917  0.000e+00
     56.884     7.8175   3.348743    32.2290       3312    13.7958  0.000e+00
     56.855     7.8171   3.348619    32.2280       3313    13.8000  0.000e+00
     56.821     7.8158   3.348681    32.2298       3314    13.8042  0.000e+00
     56.780     7.8154   3.348700    32.2305       3315    13.8083  0.000e+00
     56.737     7.8156   3.348911    32.2326       3316    13.8125  0.000e+00
     56.689     7.8161   3.348531    32.2280       3317    13.8167  0.000e+00
     56.646     7.8155   3.348942    32.2330       3318    13.8208  0.000e+00
     56.601     7.8166   3.348980    32.2324       3319    13.8250  0.000e+00
     56.557     7.8182   3.349167    32.2329       3320    13.8292  0.000e+00
     56.524     7.8197   3.349428    32.2344       3321    13.8333  0.000e+00
     56.490     7.8229   3.349310    32.2301       3322    13.8375  0.000e+00
     56.466     7.8248   3.349173    32.2270       3323    13.8417  0.000e+00
     56.433     7.8250   3.349447    32.2297       3324    13.8458  0.000e+00
     56.406     7.8258   3.349615    32.2308       3325    13.8500  0.000e+00
     56.373     7.8277   3.349833    32.2314       3326    13.8542  0.000e+00
     56.342     7.8303   3.349758    32.2282       3327    13.8583  0.000e+00
     56.298     7.8323   3.349964    32.2286       3328    13.8625  0.000e+00
     56.255     7.8338   3.349876    32.2263       3329    13.8667  0.000e+00
     56.204     7.8348   3.349920    32.2259       3330    13.8708  0.000e+00
     56.151     7.8353   3.350026    32.2265       3331    13.8750  0.000e+00
     56.104     7.8362   3.350125    32.2268       3332    13.8792  0.000e+00
     56.055     7.8376   3.350088    32.2251       3333    13.8833  0.000e+00
     56.010     7.8385   3.350244    32.2260       3334    13.8875  0.000e+00
     55.970     7.8396   3.350262    32.2252       3335    13.8917  0.000e+00
     55.942     7.8406   3.350325    32.2249       3336    13.8958  0.000e+00
     55.913     7.8417   3.350306    32.2237       3337    13.9000  0.000e+00
     55.900     7.8421   3.350237    32.2227       3338    13.9042  0.000e+00
     55.871     7.8418   3.350244    32.2230       3339    13.9083  0.000e+00
     55.866     7.8415   3.350175    32.2226       3340    13.9125  0.000e+00
     55.842     7.8413   3.350125    32.2222       3341    13.9167  0.000e+00
     55.811     7.8406   3.350175    32.2234       3342    13.9208  0.000e+00
     55.771     7.8404   3.350412    32.2261       3343    13.9250  0.000e+00
     55.735     7.8415   3.350225    32.2231       3344    13.9292  0.000e+00
     55.683     7.8418   3.350281    32.2234       3345    13.9333  0.000e+00
     55.625     7.8416   3.350306    32.2239       3346    13.9375  0.000e+00
     55.563     7.8418   3.350387    32.2246       3347    13.9417  0.000e+00
     55.503     7.8425   3.350262    32.2227       3348    13.9458  0.000e+00
     55.432     7.8423   3.350237    32.2227       3349    13.9500  0.000e+00
     55.369     7.8421   3.350561    32.2263       3350    13.9542  0.000e+00
     55.306     7.8437   3.350567    32.2249       3351    13.9583  0.000e+00
     55.250     7.8454   3.350561    32.2233       3352    13.9625  0.000e+00
     55.207     7.8463   3.350549    32.2224       3353    13.9667  0.000e+00
     55.165     7.8468   3.350580    32.2223       3354    13.9708  0.000e+00
     55.141     7.8471   3.350623    32.2225       3355    13.9750  0.000e+00
     55.123     7.8476   3.350630    32.2221       3356    13.9792  0.000e+00
     55.117     7.8478   3.350561    32.2211       3357    13.9833  0.000e+00
     55.117     7.8478   3.350486    32.2204       3358    13.9875  0.000e+00
     55.111     7.8471   3.350492    32.2211       3359    13.9917  0.000e+00
     55.111     7.8464   3.350511    32.2220       3360    13.9958  0.000e+00
     55.106     7.8463   3.350492    32.2218       3361    14.0000  0.000e+00
     55.094     7.8460   3.350455    32.2217       3362    14.0042  0.000e+00
     55.073     7.8456   3.350486    32.2224       3363    14.0083  0.000e+00
     55.037     7.8456   3.350667    32.2244       3364    14.0125  0.000e+00
     54.992     7.8466   3.350791    32.2248       3365    14.0167  0.000e+00
     54.950     7.8486   3.350816    32.2232       3366    14.0208  0.000e+00
     54.905     7.8500   3.350754    32.2213       3367    14.0250  0.000e+00
     54.849     7.8508   3.350835    32.2214       3368    14.0292  0.000e+00
     54.785     7.8512   3.350835    32.2212       3369    14.0333  0.000e+00
     54.726     7.8519   3.350754    32.2196       3370    14.0375  0.000e+00
     54.655     7.8516   3.350816    32.2206       3371    14.0417  0.000e+00
     54.593     7.8516   3.351283    32.2256       3372    14.0458  0.000e+00
     54.528     7.8550   3.352336    32.2338       3373    14.0500  0.000e+00
     54.466     7.8644   3.352380    32.2256       3374    14.0542  0.000e+00
     54.407     7.8730   3.352909    32.2233       3375    14.0583  0.000e+00
     54.354     7.8808   3.353152    32.2187       3376    14.0625  0.000e+00
     54.313     7.8880   3.353271    32.2134       3377    14.0667  0.000e+00
     54.289     7.8932   3.353470    32.2107       3378    14.0708  0.000e+00
     54.280     7.8971   3.353495    32.2074       3379    14.0750  0.000e+00
     54.269     7.9001   3.353470    32.2044       3380    14.0792  0.000e+00
     54.279     7.9016   3.353426    32.2025       3381    14.0833  0.000e+00
     54.287     7.9018   3.353214    32.2000       3382    14.0875  0.000e+00
     54.312     7.9006   3.352890    32.1977       3383    14.0917  0.000e+00
     54.326     7.8972   3.352784    32.1997       3384    14.0958  0.000e+00
     54.337     7.8941   3.352654    32.2011       3385    14.1000  0.000e+00
     54.331     7.8913   3.352442    32.2015       3386    14.1042  0.000e+00
     54.310     7.8884   3.352504    32.2049       3387    14.1083  0.000e+00
     54.268     7.8866   3.352915    32.2109       3388    14.1125  0.000e+00
     54.216     7.8885   3.353376    32.2141       3389    14.1167  0.000e+00
     54.155     7.8928   3.353619    32.2127       3390    14.1208  0.000e+00
     54.082     7.8978   3.353682    32.2089       3391    14.1250  0.000e+00
     53.992     7.9014   3.353856    32.2074       3392    14.1292  0.000e+00
     53.910     7.9047   3.353800    32.2038       3393    14.1333  0.000e+00
     53.833     7.9066   3.353794    32.2020       3394    14.1375  0.000e+00
     53.752     7.9075   3.353856    32.2019       3395    14.1417  0.000e+00
     53.677     7.9083   3.353862    32.2013       3396    14.1458  0.000e+00
     53.620     7.9089   3.353987    32.2020       3397    14.1500  0.000e+00
     53.569     7.9101   3.354105    32.2022       3398    14.1542  0.000e+00
     53.526     7.9118   3.354111    32.2008       3399    14.1583  0.000e+00
     53.506     7.9130   3.354086    32.1994       3400    14.1625  0.000e+00
     53.484     7.9134   3.354093    32.1991       3401    14.1667  0.000e+00
     53.471     7.9137   3.354005    32.1979       3402    14.1708  0.000e+00
     53.460     7.9134   3.353968    32.1978       3403    14.1750  0.000e+00
     53.447     7.9130   3.354155    32.2002       3404    14.1792  0.000e+00
     53.432     7.9134   3.354130    32.1995       3405    14.1833  0.000e+00
     53.416     7.9140   3.354005    32.1976       3406    14.1875  0.000e+00
     53.406     7.9135   3.353987    32.1979       3407    14.1917  0.000e+00
     53.377     7.9128   3.354068    32.1995       3408    14.1958  0.000e+00
     53.359     7.9130   3.354198    32.2006       3409    14.2000  0.000e+00
     53.331     7.9138   3.354329    32.2013       3410    14.2042  0.000e+00
     53.296     7.9151   3.354329    32.2002       3411    14.2083  0.000e+00
     53.259     7.9161   3.354329    32.1993       3412    14.2125  0.000e+00
     53.214     7.9166   3.354348    32.1990       3413    14.2167  0.000e+00
     53.170     7.9172   3.354635    32.2015       3414    14.2208  0.000e+00
     53.121     7.9187   3.355146    32.2056       3415    14.2250  0.000e+00
     53.074     7.9226   3.355183    32.2024       3416    14.2292  0.000e+00
     53.027     7.9260   3.355308    32.2007       3417    14.2333  0.000e+00
     52.983     7.9286   3.355332    32.1986       3418    14.2375  0.000e+00
     52.940     7.9305   3.355289    32.1963       3419    14.2417  0.000e+00
     52.902     7.9311   3.355033    32.1930       3420    14.2458  0.000e+00
     52.866     7.9303   3.355102    32.1946       3421    14.2500  0.000e+00
     52.842     7.9297   3.355314    32.1974       3422    14.2542  0.000e+00
     52.806     7.9305   3.355289    32.1964       3423    14.2583  0.000e+00
     52.760     7.9311   3.355314    32.1962       3424    14.2625  0.000e+00
     52.724     7.9316   3.355420    32.1968       3425    14.2667  0.000e+00
     52.686     7.9324   3.355632    32.1983       3426    14.2708  0.000e+00
     52.629     7.9342   3.355850    32.1990       3427    14.2750  0.000e+00
     52.576     7.9363   3.355899    32.1977       3428    14.2792  0.000e+00
     52.515     7.9383   3.356105    32.1981       3429    14.2833  0.000e+00
     52.452     7.9404   3.356411    32.1994       3430    14.2875  0.000e+00
     52.385     7.9431   3.356703    32.2001       3431    14.2917  0.000e+00
     52.315     7.9460   3.357308    32.2038       3432    14.2958  0.000e+00
     52.242     7.9510   3.358162    32.2084       3433    14.3000  0.000e+00
     52.181     7.9581   3.359559    32.2167       3434    14.3042  0.000e+00
     52.122     7.9697   3.360463    32.2157       3435    14.3083  0.000e+00
     52.070     7.9812   3.360694    32.2076       3436    14.3125  0.000e+00
     52.036     7.9903   3.360750    32.1998       3437    14.3167  0.000e+00
     52.005     7.9962   3.360569    32.1925       3438    14.3208  0.000e+00
     51.990     7.9985   3.360544    32.1901       3439    14.3250  0.000e+00
     51.981     7.9990   3.360138    32.1853       3440    14.3292  0.000e+00
     51.976     7.9981   3.360350    32.1884       3441    14.3333  0.000e+00
     51.968     7.9974   3.360014    32.1855       3442    14.3375  0.000e+00
     51.966     7.9965   3.361211    32.1990       3443    14.3417  0.000e+00
     51.959     7.9996   3.361648    32.2008       3444    14.3458  0.000e+00
     51.957     8.0056   3.361641    32.1952       3445    14.3500  0.000e+00
     51.932     8.0095   3.361891    32.1943       3446    14.3542  0.000e+00
     51.919     8.0124   3.361622    32.1888       3447    14.3583  0.000e+00
     51.901     8.0135   3.361442    32.1859       3448    14.3625  0.000e+00
     51.874     8.0129   3.361597    32.1881       3449    14.3667  0.000e+00
     51.856     8.0128   3.361966    32.1921       3450    14.3708  0.000e+00
     51.828     8.0146   3.361953    32.1903       3451    14.3750  0.000e+00
     51.806     8.0160   3.361965    32.1892       3452    14.3792  0.000e+00
     51.784     8.0170   3.361766    32.1862       3453    14.3833  0.000e+00
     51.757     8.0166   3.361703    32.1859       3454    14.3875  0.000e+00
     51.744     8.0158   3.361934    32.1891       3455    14.3917  0.000e+00
     51.724     8.0162   3.361878    32.1881       3456    14.3958  0.000e+00
     51.710     8.0166   3.361990    32.1889       3457    14.4000  0.000e+00
     51.673     8.0170   3.361940    32.1880       3458    14.4042  0.000e+00
     51.646     8.0173   3.361853    32.1869       3459    14.4083  0.000e+00
     51.612     8.0171   3.361897    32.1875       3460    14.4125  0.000e+00
     51.574     8.0171   3.362028    32.1889       3461    14.4167  0.000e+00
     51.537     8.0179   3.362134    32.1894       3462    14.4208  0.000e+00
     51.499     8.0187   3.361897    32.1861       3463    14.4250  0.000e+00
     51.467     8.0183   3.362177    32.1894       3464    14.4292  0.000e+00
     51.423     8.0187   3.362115    32.1884       3465    14.4333  0.000e+00
     51.389     8.0196   3.362464    32.1914       3466    14.4375  0.000e+00
     51.360     8.0210   3.362265    32.1879       3467    14.4417  0.000e+00
     51.329     8.0216   3.362464    32.1895       3468    14.4458  0.000e+00
     51.306     8.0225   3.362564    32.1897       3469    14.4500  0.000e+00
     51.280     8.0238   3.362770    32.1908       3470    14.4542  0.000e+00
     51.256     8.0251   3.362589    32.1877       3471    14.4583  0.000e+00
     51.235     8.0258   3.362863    32.1900       3472    14.4625  0.000e+00
     51.216     8.0268   3.363113    32.1917       3473    14.4667  0.000e+00
     51.187     8.0289   3.363144    32.1901       3474    14.4708  0.000e+00
     51.168     8.0304   3.363094    32.1882       3475    14.4750  0.000e+00
     51.138     8.0313   3.363618    32.1929       3476    14.4792  0.000e+00
     51.112     8.0335   3.363787    32.1928       3477    14.4833  0.000e+00
     51.083     8.0364   3.363787    32.1901       3478    14.4875  0.000e+00
     51.055     8.0383   3.363812    32.1887       3479    14.4917  0.000e+00
     51.026     8.0393   3.363768    32.1873       3480    14.4958  0.000e+00
     50.999     8.0400   3.363487    32.1836       3481    14.5000  0.000e+00
     50.983     8.0390   3.363281    32.1824       3482    14.5042  0.000e+00
     50.960     8.0372   3.363574    32.1872       3483    14.5083  0.000e+00
     50.947     8.0373   3.364055    32.1922       3484    14.5125  0.000e+00
     50.936     8.0397   3.364092    32.1903       3485    14.5167  0.000e+00
     50.936     8.0417   3.364098    32.1886       3486    14.5208  0.000e+00
     50.932     8.0431   3.364049    32.1868       3487    14.5250  0.000e+00
     50.932     8.0436   3.363893    32.1847       3488    14.5292  0.000e+00
     50.930     8.0430   3.363830    32.1845       3489    14.5333  0.000e+00
     50.933     8.0423   3.363705    32.1839       3490    14.5375  0.000e+00
     50.942     8.0413   3.363556    32.1832       3491    14.5417  0.000e+00
     50.942     8.0400   3.363637    32.1853       3492    14.5458  0.000e+00
     50.950     8.0393   3.363768    32.1873       3493    14.5500  0.000e+00
     50.947     8.0397   3.363705    32.1863       3494    14.5542  0.000e+00
     50.949     8.0398   3.363524    32.1843       3495    14.5583  0.000e+00
     50.947     8.0390   3.364024    32.1903       3496    14.5625  0.000e+00
     50.947     8.0401   3.364098    32.1900       3497    14.5667  0.000e+00
