HB2303/sbe176.cnv
* Sea-Bird SBE 19plus V2 Data File:
* FileName = C:\cruise\data\sbe176.hex
* Software Version Seasave V 7.26.7.121
* Temperature SN = 6128
* Conductivity SN = 6128
* System UpLoad Time = Aug 24 2023 19:28:08
* NMEA Latitude = 40 48.55 N
* NMEA Longitude = 069 50.60 W
* NMEA UTC (Time) = Aug 24 2023 19:28:04
** Ship: Henry Bigelow
** Cruise:  HB2303
** Program:  ECOMON
# nquan = 7
# nvalues = 1469                                  
# units = specified
# name 0 = depSM: Depth [salt water, m]
# name 1 = tv290C: Temperature [ITS-90, deg C]
# name 2 = c0S/m: Conductivity [S/m]
# name 3 = sal00: Salinity, Practical [PSU]
# name 4 = scan: Scan Count
# name 5 = timeM: Time, Elapsed [minutes]
# name 6 = flag:  0.000e+00
# span 0 =     -0.087,     32.685                 
# span 1 =    13.9571,    18.6728                 
# span 2 =   0.002618,   4.233366                 
# span 3 =     0.0197,    32.3863                 
# span 4 =         11,       1479                 
# span 5 =     0.0417,     6.1583                 
# span 6 = 0.0000e+00, 0.0000e+00                 
# interval = seconds: 0.25
# start_time = Aug 24 2023 19:28:04 [NMEA time, header]
# bad_flag = -9.990e-29
*END*
[from data line 1231]
      4.540    15.4030   3.999425    32.0156       1242     5.1708  0.000e+00
      4.518    15.4134   3.999499    32.0078       1243     5.1750  0.000e+00
      4.500    15.4193   3.999692    32.0047       1244     5.1792  0.000e+00
      4.475    15.4232   4.000455    32.0083       1245     5.1833  0.000e+00
      4.453    15.4287   4.001431    32.0126       1246     5.1875  0.000e+00
      4.424    15.4360   4.000929    32.0022       1247     5.1917  0.000e+00
      4.410    15.4395   4.001076    32.0007       1248     5.1958  0.000e+00
      4.379    15.4412   4.001765    32.0054       1249     5.2000  0.000e+00
      4.357    15.4449   4.001812    32.0029       1250     5.2042  0.000e+00
      4.336    15.4482   4.000882    31.9919       1251     5.2083  0.000e+00
      4.316    15.4459   4.000167    31.9874       1252     5.2125  0.000e+00
      4.289    15.4412   4.001839    32.0061       1253     5.2167  0.000e+00
      4.267    15.4436   4.003056    32.0150       1254     5.2208  0.000e+00
      4.242    15.4520   4.004206    32.0185       1255     5.2250  0.000e+00
      4.212    15.4627   4.004541    32.0127       1256     5.2292  0.000e+00
      4.185    15.4717   4.005016    32.0097       1257     5.2333  0.000e+00
      4.154    15.4779   4.003918    31.9949       1258     5.2375  0.000e+00
      4.122    15.4771   4.002868    31.9862       1259     5.2417  0.000e+00
      4.088    15.4729   4.007070    32.0270       1260     5.2458  0.000e+00
      4.045    15.4845   4.010590    32.0490       1261     5.2500  0.000e+00
      4.008    15.5101   4.011667    32.0377       1262     5.2542  0.000e+00
      3.965    15.5325   4.011975    32.0223       1263     5.2583  0.000e+00
      3.923    15.5468   4.012316    32.0137       1264     5.2625  0.000e+00
      3.875    15.5561   4.012671    32.0093       1265     5.2667  0.000e+00
      3.824    15.5623   4.012972    32.0069       1266     5.2708  0.000e+00
      3.781    15.5673   4.013079    32.0038       1267     5.2750  0.000e+00
      3.745    15.5709   4.013173    32.0018       1268     5.2792  0.000e+00
      3.705    15.5737   4.014110    32.0079       1269     5.2833  0.000e+00
      3.663    15.5782   4.014827    32.0106       1270     5.2875  0.000e+00
      3.645    15.5845   4.014445    32.0021       1271     5.2917  0.000e+00
      3.622    15.5874   4.015597    32.0100       1272     5.2958  0.000e+00
      3.607    15.5933   4.016414    32.0125       1273     5.3000  0.000e+00
      3.594    15.6003   4.015978    32.0029       1274     5.3042  0.000e+00
      3.585    15.6040   4.018068    32.0185       1275     5.3083  0.000e+00
      3.582    15.6125   4.017586    32.0073       1276     5.3125  0.000e+00
      3.580    15.6186   4.016842    31.9957       1277     5.3167  0.000e+00
      3.576    15.6182   4.017539    32.0022       1278     5.3208  0.000e+00
      3.578    15.6195   4.016768    31.9944       1279     5.3250  0.000e+00
      3.563    15.6179   4.015790    31.9870       1280     5.3292  0.000e+00
      3.560    15.6129   4.015523    31.9886       1281     5.3333  0.000e+00
      3.551    15.6079   4.016125    31.9981       1282     5.3375  0.000e+00
      3.534    15.6065   4.015141    31.9905       1283     5.3417  0.000e+00
      3.522    15.6036   4.016313    32.0032       1284     5.3458  0.000e+00
      3.495    15.6044   4.017298    32.0113       1285     5.3500  0.000e+00
      3.476    15.6102   4.018905    32.0209       1286     5.3542  0.000e+00
      3.444    15.6211   4.020037    32.0221       1287     5.3583  0.000e+00
      3.418    15.6341   4.022289    32.0316       1288     5.3625  0.000e+00
      3.382    15.6493   4.023495    32.0300       1289     5.3667  0.000e+00
      3.346    15.6657   4.024480    32.0254       1290     5.3708  0.000e+00
      3.314    15.6798   4.024741    32.0163       1291     5.3750  0.000e+00
      3.272    15.6898   4.025271    32.0129       1292     5.3792  0.000e+00
      3.230    15.6970   4.026135    32.0147       1293     5.3833  0.000e+00
      3.194    15.7056   4.027818    32.0228       1294     5.3875  0.000e+00
      3.161    15.7176   4.028905    32.0226       1295     5.3917  0.000e+00
      3.131    15.7294   4.029072    32.0146       1296     5.3958  0.000e+00
      3.100    15.7382   4.029199    32.0086       1297     5.4000  0.000e+00
      3.069    15.7437   4.029722    32.0087       1298     5.4042  0.000e+00
      3.038    15.7485   4.030567    32.0123       1299     5.4083  0.000e+00
      3.002    15.7545   4.028756    31.9915       1300     5.4125  0.000e+00
      2.977    15.7522   4.028327    31.9896       1301     5.4167  0.000e+00
      2.932    15.7472   4.028569    31.9957       1302     5.4208  0.000e+00
      2.897    15.7446   4.029991    32.0104       1303     5.4250  0.000e+00
      2.851    15.7488   4.032110    32.0258       1304     5.4292  0.000e+00
      2.811    15.7617   4.034009    32.0322       1305     5.4333  0.000e+00
      2.758    15.7781   4.035290    32.0303       1306     5.4375  0.000e+00
      2.715    15.7940   4.037391    32.0360       1307     5.4417  0.000e+00
      2.675    15.8127   4.041519    32.0574       1308     5.4458  0.000e+00
      2.637    15.8414   4.042748    32.0450       1309     5.4500  0.000e+00
      2.592    15.8662   4.044299    32.0387       1310     5.4542  0.000e+00
      2.555    15.8868   4.046374    32.0403       1311     5.4583  0.000e+00
      2.516    15.9077   4.047516    32.0336       1312     5.4625  0.000e+00
      2.489    15.9254   4.048289    32.0261       1313     5.4667  0.000e+00
      2.460    15.9399   4.048799    32.0189       1314     5.4708  0.000e+00
      2.440    15.9500   4.048530    32.0083       1315     5.4750  0.000e+00
      2.416    15.9549   4.047952    31.9993       1316     5.4792  0.000e+00
      2.400    15.9552   4.048799    32.0065       1317     5.4833  0.000e+00
      2.378    15.9574   4.049377    32.0098       1318     5.4875  0.000e+00
      2.360    15.9618   4.049713    32.0093       1319     5.4917  0.000e+00
      2.346    15.9664   4.050324    32.0109       1320     5.4958  0.000e+00
      2.333    15.9717   4.051366    32.0159       1321     5.5000  0.000e+00
      2.317    15.9786   4.051413    32.0107       1322     5.5042  0.000e+00
      2.301    15.9842   4.051729    32.0090       1323     5.5083  0.000e+00
      2.292    15.9886   4.052065    32.0084       1324     5.5125  0.000e+00
      2.272    15.9923   4.052502    32.0093       1325     5.5167  0.000e+00
      2.249    15.9965   4.052939    32.0097       1326     5.5208  0.000e+00
      2.230    16.0007   4.052676    32.0040       1327     5.5250  0.000e+00
      2.201    16.0026   4.052528    32.0012       1328     5.5292  0.000e+00
      2.161    16.0030   4.053301    32.0077       1329     5.5333  0.000e+00
      2.119    16.0057   4.054612    32.0171       1330     5.5375  0.000e+00
      2.063    16.0128   4.055150    32.0161       1331     5.5417  0.000e+00
      2.003    16.0207   4.057026    32.0263       1332     5.5458  0.000e+00
      1.958    16.0324   4.060780    32.0499       1333     5.5500  0.000e+00
      1.898    16.0561   4.063067    32.0509       1334     5.5542  0.000e+00
      1.849    16.0811   4.063578    32.0352       1335     5.5583  0.000e+00
      1.795    16.1002   4.066620    32.0466       1336     5.5625  0.000e+00
      1.744    16.1217   4.068613    32.0468       1337     5.5667  0.000e+00
      1.699    16.1458   4.070512    32.0440       1338     5.5708  0.000e+00
      1.659    16.1677   4.072054    32.0399       1339     5.5750  0.000e+00
      1.623    16.1884   4.072175    32.0244       1340     5.5792  0.000e+00
      1.585    16.2013   4.072612    32.0178       1341     5.5833  0.000e+00
      1.558    16.2100   4.073124    32.0153       1342     5.5875  0.000e+00
      1.543    16.2171   4.073050    32.0089       1343     5.5917  0.000e+00
      1.523    16.2213   4.073609    32.0105       1344     5.5958  0.000e+00
      1.513    16.2256   4.073441    32.0055       1345     5.6000  0.000e+00
      1.500    16.2282   4.073804    32.0067       1346     5.6042  0.000e+00
      1.495    16.2297   4.074296    32.0098       1347     5.6083  0.000e+00
      1.484    16.2334   4.074222    32.0061       1348     5.6125  0.000e+00
      1.472    16.2363   4.076223    32.0213       1349     5.6167  0.000e+00
      1.457    16.2457   4.081622    32.0610       1350     5.6208  0.000e+00
      1.435    16.2706   4.086201    32.0812       1351     5.6250  0.000e+00
      1.408    16.3109   4.096303    32.1371       1352     5.6292  0.000e+00
      1.376    16.3793   4.117614    32.2684       1353     5.6333  0.000e+00
      1.334    16.5090   4.143141    32.3863       1354     5.6375  0.000e+00
      1.289    16.7020   4.159861    32.3757       1355     5.6417  0.000e+00
      1.226    16.9023   4.177976    32.3713       1356     5.6458  0.000e+00
      1.163    17.0981   4.190806    32.3247       1357     5.6500  0.000e+00
      1.094    17.2713   4.201244    32.2758       1358     5.6542  0.000e+00
      1.031    17.4206   4.216113    32.2841       1359     5.6583  0.000e+00
      0.969    17.5696   4.220355    32.2019       1360     5.6625  0.000e+00
      0.912    17.6841   4.220866    32.1157       1361     5.6667  0.000e+00
      0.858    17.7521   4.225754    32.1036       1362     5.6708  0.000e+00
      0.807    17.8041   4.227012    32.0733       1363     5.6750  0.000e+00
      0.753    17.8418   4.221294    31.9953       1364     5.6792  0.000e+00
      0.715    17.8446   4.224050    32.0164       1365     5.6833  0.000e+00
      0.672    17.8470   4.229501    32.0607       1366     5.6875  0.000e+00
      0.632    17.8719   4.230021    32.0455       1367     5.6917  0.000e+00
      0.610    17.8929   4.226456    31.9990       1368     5.6958  0.000e+00
      0.590    17.8917   4.227674    32.0101       1369     5.7000  0.000e+00
      0.579    17.8908   4.231745    32.0453       1370     5.7042  0.000e+00
      0.570    17.9075   4.232908    32.0420       1371     5.7083  0.000e+00
      0.563    17.9258   4.233366    32.0315       1372     5.7125  0.000e+00
      0.557    17.9387   4.230136    31.9941       1373     5.7167  0.000e+00
      0.554    17.9329   4.226832    31.9708       1374     5.7208  0.000e+00
      0.559    17.9132   4.231156    32.0227       1375     5.7250  0.000e+00
      0.555    17.9160   4.232346    32.0306       1376     5.7292  0.000e+00
      0.557    17.9269   4.232182    32.0206       1377     5.7333  0.000e+00
      0.564    17.9335   4.232374    32.0171       1378     5.7375  0.000e+00
      0.562    17.9372   4.231936    32.0105       1379     5.7417  0.000e+00
      0.559    17.9380   4.232394    32.0138       1380     5.7458  0.000e+00
      0.544    17.9388   4.231039    32.0017       1381     5.7500  0.000e+00
      0.522    17.9360   4.232011    32.0121       1382     5.7542  0.000e+00
      0.489    17.9350   4.233133    32.0224       1383     5.7583  0.000e+00
      0.447    17.9398   4.232373    32.0122       1384     5.7625  0.000e+00
      0.391    17.9418   4.232743    32.0138       1385     5.7667  0.000e+00
      0.312    17.9428   4.233366    32.0183       1386     5.7708  0.000e+00
      0.249    17.9458   4.232230    32.0064       1387     5.7750  0.000e+00
      0.169    17.9443   4.231196    31.9988       1388     5.7792  0.000e+00
      0.122    17.9376   4.231696    32.0083       1389     5.7833  0.000e+00
      0.088    17.9348   4.232394    32.0164       1390     5.7875  0.000e+00
      0.082    17.9368   4.232743    32.0178       1391     5.7917  0.000e+00
      0.088    17.9397   4.232319    32.0119       1392     5.7958  0.000e+00
      0.073    17.9404   4.232353    32.0117       1393     5.8000  0.000e+00
      0.073    17.9406   4.231908    32.0078       1394     5.8042  0.000e+00
      0.085    17.9386   4.231744    32.0079       1395     5.8083  0.000e+00
      0.116    17.9365   4.232319    32.0144       1396     5.8125  0.000e+00
      0.159    17.9368   4.232805    32.0183       1397     5.8167  0.000e+00
      0.208    17.9397   4.232209    32.0110       1398     5.8208  0.000e+00
      0.230    17.9396   4.232230    32.0112       1399     5.8250  0.000e+00
      0.244    17.9388   4.232983    32.0182       1400     5.8292  0.000e+00
      0.261    17.9408   4.232449    32.0121       1401     5.8333  0.000e+00
      0.275    17.9413   4.230327    31.9938       1402     5.8375  0.000e+00
      0.280    17.9326   4.230170    31.9993       1403     5.8417  0.000e+00
      0.291    17.9243   4.229404    31.9994       1404     5.8458  0.000e+00
      0.318    17.9177   4.230430    32.0131       1405     5.8500  0.000e+00
      0.336    17.9162   4.231648    32.0246       1406     5.8542  0.000e+00
      0.365    17.9212   4.229459    32.0022       1407     5.8583  0.000e+00
      0.389    17.9174   4.226941    31.9839       1408     5.8625  0.000e+00
      0.407    17.9036   4.227366    31.9983       1409     5.8667  0.000e+00
      0.411    17.8939   4.229452    32.0235       1410     5.8708  0.000e+00
      0.407    17.8967   4.229076    32.0181       1411     5.8750  0.000e+00
      0.389    17.9002   4.231963    32.0398       1412     5.8792  0.000e+00
      0.351    17.9118   4.233140    32.0407       1413     5.8833  0.000e+00
      0.314    17.9264   4.231525    32.0156       1414     5.8875  0.000e+00
      0.262    17.9297   4.229151    31.9930       1415     5.8917  0.000e+00
      0.217    17.9209   4.229527    32.0031       1416     5.8958  0.000e+00
      0.179    17.9141   4.229178    32.0054       1417     5.9000  0.000e+00
      0.145    17.9100   4.227571    31.9951       1418     5.9042  0.000e+00
      0.127    17.9020   4.227065    31.9971       1419     5.9083  0.000e+00
      0.100    17.8932   4.228057    32.0124       1420     5.9125  0.000e+00
      0.074    17.8918   4.230307    32.0325       1421     5.9167  0.000e+00
      0.058    17.8999   4.230711    32.0296       1422     5.9208  0.000e+00
      0.038    17.9086   4.230088    32.0175       1423     5.9250  0.000e+00
      0.012    17.9127   4.230711    32.0196       1424     5.9292  0.000e+00
     -0.031    17.9166   2.516261    18.0291       1425     5.9333  0.000e+00
     -0.066    17.9224   0.908740     5.9709       1426     5.9375  0.000e+00
     -0.080    17.9306   0.607542     3.8768       1427     5.9417  0.000e+00
     -0.078    17.9372   0.467403     2.9303       1428     5.9458  0.000e+00
     -0.082    17.9448   0.353023     2.1742       1429     5.9500  0.000e+00
     -0.080    17.9481   0.302737     1.8474       1430     5.9542  0.000e+00
     -0.080    17.9447   0.264508     1.6018       1431     5.9583  0.000e+00
     -0.082    17.9384   0.228582     1.3733       1432     5.9625  0.000e+00
     -0.083    17.9317   0.211153     1.2635       1433     5.9667  0.000e+00
     -0.082    17.9252   0.210477     1.2594       1434     5.9708  0.000e+00
     -0.079    17.9194   0.207152     1.2386       1435     5.9750  0.000e+00
     -0.081    17.9138   0.203196     1.2139       1436     5.9792  0.000e+00
     -0.077    17.9084   0.202516     1.2098       1437     5.9833  0.000e+00
     -0.083    17.9025   0.198845     1.1869       1438     5.9875  0.000e+00
     -0.083    17.8976   0.189617     1.1292       1439     5.9917  0.000e+00
     -0.083    17.8932   0.177892     1.0560       1440     5.9958  0.000e+00
     -0.083    17.8887   0.167380     0.9907       1441     6.0000  0.000e+00
     -0.080    17.8842   0.159446     0.9416       1442     6.0042  0.000e+00
     -0.084    17.8797   0.153161     0.9028       1443     6.0083  0.000e+00
     -0.080    17.8751   0.148319     0.8730       1444     6.0125  0.000e+00
     -0.084    17.8704   0.142837     0.8394       1445     6.0167  0.000e+00
