HB2303/sbe157.cnv
* Sea-Bird SBE 19plus V2 Data File:
* FileName = C:\cruise\data\sbe157.hex
* Software Version Seasave V 7.26.7.121
* Temperature SN = 6128
* Conductivity SN = 6128
* System UpLoad Time = Aug 23 2023 07:33:05
* NMEA Latitude = 41 29.42 N
* NMEA Longitude = 068 10.47 W
* NMEA UTC (Time) = Aug 23 2023 07:33:00
** Ship: Henry Bigelow
** Cruise:  HB2303
** Program:  ECOMON
# nquan = 7
# nvalues = 1321                                  
# units = specified
# name 0 = depSM: Depth [salt water, m]
# name 1 = tv290C: Temperature [ITS-90, deg C]
# name 2 = c0S/m: Conductivity [S/m]
# name 3 = sal00: Salinity, Practical [PSU]
# name 4 = scan: Scan Count
# name 5 = timeM: Time, Elapsed [minutes]
# name 6 = flag:  0.000e+00
# span 0 =     -0.072,     39.276                 
# span 1 =    17.3725,    17.8370                 
# span 2 =   0.001453,   4.261606                 
# span 3 =     0.0141,    32.4569                 
# span 4 =         11,       1331                 
# span 5 =     0.0417,     5.5417                 
# span 6 = 0.0000e+00, 0.0000e+00                 
# interval = seconds: 0.25
# start_time = Aug 23 2023 07:33:00 [NMEA time, header]
# bad_flag = -9.990e-29
*END*
[from data line 206]
     23.129    17.7531   4.259344    32.3799        217     0.9000  0.000e+00
     23.270    17.7542   4.258733    32.3738        218     0.9042  0.000e+00
     23.402    17.7549   4.258623    32.3723        219     0.9083  0.000e+00
     23.527    17.7557   4.258342    32.3692        220     0.9125  0.000e+00
     23.655    17.7539   4.237164    32.1908        221     0.9167  0.000e+00
     23.785    17.7067   4.231387    32.1791        222     0.9208  0.000e+00
     23.909    17.6319   4.231053    32.2354        223     0.9250  0.000e+00
     24.026    17.5806   4.230636    32.2726        224     0.9292  0.000e+00
     24.149    17.5506   4.230472    32.2950        225     0.9333  0.000e+00
     24.268    17.5332   4.230391    32.3080        226     0.9375  0.000e+00
     24.400    17.5236   4.230316    32.3150        227     0.9417  0.000e+00
     24.532    17.5181   4.230542    32.3212        228     0.9458  0.000e+00
     24.664    17.5159   4.230494    32.3226        229     0.9500  0.000e+00
     24.792    17.5152   4.230542    32.3235        230     0.9542  0.000e+00
     24.928    17.5148   4.230726    32.3253        231     0.9583  0.000e+00
     25.059    17.5152   4.230569    32.3236        232     0.9625  0.000e+00
     25.193    17.5152   4.230419    32.3223        233     0.9667  0.000e+00
     25.331    17.5144   4.230343    32.3222        234     0.9708  0.000e+00
     25.465    17.5135   4.230029    32.3202        235     0.9750  0.000e+00
     25.603    17.5116   4.228428    32.3080        236     0.9792  0.000e+00
     25.737    17.5045   4.227518    32.3058        237     0.9833  0.000e+00
     25.873    17.4960   4.227252    32.3103        238     0.9875  0.000e+00
     26.008    17.4889   4.226882    32.3127        239     0.9917  0.000e+00
     26.140    17.4837   4.226588    32.3143        240     0.9958  0.000e+00
     26.269    17.4790   4.226445    32.3168        241     1.0000  0.000e+00
     26.399    17.4760   4.226513    32.3197        242     1.0042  0.000e+00
     26.522    17.4743   4.226254    32.3188        243     1.0083  0.000e+00
     26.639    17.4725   4.226233    32.3200        244     1.0125  0.000e+00
     26.762    17.4715   4.226493    32.3230        245     1.0167  0.000e+00
     26.877    17.4718   4.226719    32.3247        246     1.0208  0.000e+00
     27.001    17.4726   4.226425    32.3215        247     1.0250  0.000e+00
     27.122    17.4726   4.226309    32.3204        248     1.0292  0.000e+00
     27.247    17.4718   4.226411    32.3219        249     1.0333  0.000e+00
     27.379    17.4716   4.226548    32.3231        250     1.0375  0.000e+00
     27.514    17.4724   4.226897    32.3255        251     1.0417  0.000e+00
     27.653    17.4738   4.226959    32.3248        252     1.0458  0.000e+00
     27.792    17.4753   4.226644    32.3209        253     1.0500  0.000e+00
     27.935    17.4751   4.226398    32.3189        254     1.0542  0.000e+00
     28.070    17.4737   4.226412    32.3201        255     1.0583  0.000e+00
     28.214    17.4728   4.226446    32.3211        256     1.0625  0.000e+00
     28.350    17.4724   4.226336    32.3204        257     1.0667  0.000e+00
     28.478    17.4716   4.226111    32.3191        258     1.0708  0.000e+00
     28.604    17.4705   4.226186    32.3206        259     1.0750  0.000e+00
     28.725    17.4697   4.226398    32.3230        260     1.0792  0.000e+00
     28.840    17.4699   4.226337    32.3222        261     1.0833  0.000e+00
     28.965    17.4705   4.226159    32.3202        262     1.0875  0.000e+00
     29.080    17.4698   4.225598    32.3159        263     1.0917  0.000e+00
     29.194    17.4674   4.225140    32.3139        264     1.0958  0.000e+00
     29.311    17.4638   4.224819    32.3139        265     1.1000  0.000e+00
     29.426    17.4605   4.224504    32.3138        266     1.1042  0.000e+00
     29.540    17.4566   4.223725    32.3102        267     1.1083  0.000e+00
     29.654    17.4516   4.223581    32.3130        268     1.1125  0.000e+00
     29.766    17.4472   4.223383    32.3147        269     1.1167  0.000e+00
     29.874    17.4440   4.223534    32.3185        270     1.1208  0.000e+00
     29.991    17.4424   4.223698    32.3212        271     1.1250  0.000e+00
     30.109    17.4422   4.223814    32.3223        272     1.1292  0.000e+00
     30.234    17.4430   4.224231    32.3252        273     1.1333  0.000e+00
     30.362    17.4448   4.224170    32.3231        274     1.1375  0.000e+00
     30.486    17.4463   4.223917    32.3197        275     1.1417  0.000e+00
     30.619    17.4462   4.223636    32.3174        276     1.1458  0.000e+00
     30.758    17.4444   4.222720    32.3110        277     1.1500  0.000e+00
     30.893    17.4403   4.222481    32.3121        278     1.1542  0.000e+00
     31.031    17.4359   4.222768    32.3181        279     1.1583  0.000e+00
     31.163    17.4346   4.223021    32.3212        280     1.1625  0.000e+00
     31.298    17.4345   4.223329    32.3238        281     1.1667  0.000e+00
     31.428    17.4357   4.222823    32.3185        282     1.1708  0.000e+00
     31.556    17.4353   4.222769    32.3183        283     1.1750  0.000e+00
     31.680    17.4344   4.223042    32.3213        284     1.1792  0.000e+00
     31.813    17.4343   4.223152    32.3223        285     1.1833  0.000e+00
     31.940    17.4355   4.223678    32.3258        286     1.1875  0.000e+00
     32.071    17.4381   4.223965    32.3261        287     1.1917  0.000e+00
     32.201    17.4411   4.224020    32.3242        288     1.1958  0.000e+00
     32.339    17.4430   4.223651    32.3194        289     1.2000  0.000e+00
     32.476    17.4429   4.223507    32.3182        290     1.2042  0.000e+00
     32.610    17.4418   4.223261    32.3170        291     1.2083  0.000e+00
     32.749    17.4402   4.223357    32.3190        292     1.2125  0.000e+00
     32.889    17.4394   4.223528    32.3210        293     1.2167  0.000e+00
     33.023    17.4397   4.223685    32.3221        294     1.2208  0.000e+00
     33.158    17.4405   4.223679    32.3213        295     1.2250  0.000e+00
     33.292    17.4412   4.223638    32.3204        296     1.2292  0.000e+00
     33.415    17.4412   4.223460    32.3189        297     1.2333  0.000e+00
     33.534    17.4405   4.223330    32.3182        298     1.2375  0.000e+00
     33.660    17.4397   4.223118    32.3171        299     1.2417  0.000e+00
     33.781    17.4382   4.223152    32.3185        300     1.2458  0.000e+00
     33.895    17.4372   4.223125    32.3190        301     1.2500  0.000e+00
     34.016    17.4366   4.223187    32.3200        302     1.2542  0.000e+00
     34.126    17.4363   4.223002    32.3186        303     1.2583  0.000e+00
     34.240    17.4359   4.223023    32.3191        304     1.2625  0.000e+00
     34.363    17.4354   4.223508    32.3236        305     1.2667  0.000e+00
     34.480    17.4367   4.223577    32.3231        306     1.2708  0.000e+00
     34.603    17.4382   4.223919    32.3248        307     1.2750  0.000e+00
     34.725    17.4403   4.223289    32.3176        308     1.2792  0.000e+00
     34.856    17.4398   4.222360    32.3101        309     1.2833  0.000e+00
     34.984    17.4354   4.221874    32.3094        310     1.2875  0.000e+00
     35.110    17.4300   4.221471    32.3102        311     1.2917  0.000e+00
     35.233    17.4249   4.221246    32.3123        312     1.2958  0.000e+00
     35.363    17.4211   4.221089    32.3140        313     1.3000  0.000e+00
     35.490    17.4180   4.221061    32.3161        314     1.3042  0.000e+00
     35.619    17.4163   4.221123    32.3180        315     1.3083  0.000e+00
     35.741    17.4151   4.220959    32.3175        316     1.3125  0.000e+00
     35.857    17.4144   4.221027    32.3186        317     1.3167  0.000e+00
     35.983    17.4138   4.221089    32.3195        318     1.3208  0.000e+00
     36.110    17.4138   4.221027    32.3190        319     1.3250  0.000e+00
     36.234    17.4136   4.220959    32.3185        320     1.3292  0.000e+00
     36.370    17.4130   4.221171    32.3207        321     1.3333  0.000e+00
     36.500    17.4134   4.221322    32.3216        322     1.3375  0.000e+00
     36.639    17.4142   4.221513    32.3226        323     1.3417  0.000e+00
     36.784    17.4159   4.221472    32.3208        324     1.3458  0.000e+00
     36.926    17.4169   4.221472    32.3200        325     1.3500  0.000e+00
     37.064    17.4172   4.221513    32.3200        326     1.3542  0.000e+00
     37.201    17.4176   4.221445    32.3191        327     1.3583  0.000e+00
     37.330    17.4173   4.221199    32.3172        328     1.3625  0.000e+00
     37.453    17.4164   4.221165    32.3176        329     1.3667  0.000e+00
     37.572    17.4156   4.221315    32.3195        330     1.3708  0.000e+00
     37.674    17.4154   4.221343    32.3198        331     1.3750  0.000e+00
     37.781    17.4154   4.221295    32.3193        332     1.3792  0.000e+00
     37.878    17.4153   4.221343    32.3198        333     1.3833  0.000e+00
     37.980    17.4156   4.220905    32.3158        334     1.3875  0.000e+00
     38.075    17.4142   4.220427    32.3128        335     1.3917  0.000e+00
     38.173    17.4114   4.220734    32.3176        336     1.3958  0.000e+00
     38.270    17.4099   4.220591    32.3176        337     1.4000  0.000e+00
     38.375    17.4090   4.219258    32.3068        338     1.4042  0.000e+00
     38.480    17.4039   4.218452    32.3039        339     1.4083  0.000e+00
     38.586    17.3961   4.218493    32.3105        340     1.4125  0.000e+00
     38.702    17.3911   4.219231    32.3207        341     1.4167  0.000e+00
     38.817    17.3910   4.219334    32.3216        342     1.4208  0.000e+00
     38.935    17.3923   4.217871    32.3081        343     1.4250  0.000e+00
     39.064    17.3885   4.217680    32.3094        344     1.4292  0.000e+00
     39.191    17.3834   4.217530    32.3122        345     1.4333  0.000e+00
     39.257    17.3799   4.217427    32.3141        346     1.4375  0.000e+00
     39.276    17.3775   4.217707    32.3184        347     1.4417  0.000e+00
     39.210    17.3770   4.217502    32.3171        348     1.4458  0.000e+00
     39.113    17.3761   4.217017    32.3137        349     1.4500  0.000e+00
     39.048    17.3744   4.217844    32.3221        350     1.4542  0.000e+00
     38.995    17.3755   4.217885    32.3216        351     1.4583  0.000e+00
     38.939    17.3773   4.217263    32.3149        352     1.4625  0.000e+00
     38.885    17.3762   4.217092    32.3143        353     1.4667  0.000e+00
     38.842    17.3741   4.217188    32.3168        354     1.4708  0.000e+00
     38.797    17.3731   4.217530    32.3206        355     1.4750  0.000e+00
     38.761    17.3739   4.217427    32.3191        356     1.4792  0.000e+00
     38.738    17.3743   4.217502    32.3193        357     1.4833  0.000e+00
     38.713    17.3750   4.217577    32.3195        358     1.4875  0.000e+00
     38.689    17.3755   4.217598    32.3193        359     1.4917  0.000e+00
     38.674    17.3760   4.217427    32.3174        360     1.4958  0.000e+00
     38.664    17.3756   4.217236    32.3161        361     1.5000  0.000e+00
     38.651    17.3747   4.217325    32.3175        362     1.5042  0.000e+00
     38.631    17.3742   4.217434    32.3189        363     1.5083  0.000e+00
     38.611    17.3743   4.217400    32.3186        364     1.5125  0.000e+00
     38.572    17.3747   4.217400    32.3183        365     1.5167  0.000e+00
     38.537    17.3745   4.217263    32.3172        366     1.5208  0.000e+00
     38.498    17.3742   4.217249    32.3174        367     1.5250  0.000e+00
     38.449    17.3736   4.217215    32.3175        368     1.5292  0.000e+00
     38.392    17.3736   4.217447    32.3196        369     1.5333  0.000e+00
     38.338    17.3740   4.217331    32.3183        370     1.5375  0.000e+00
     38.277    17.3742   4.217680    32.3211        371     1.5417  0.000e+00
     38.215    17.3753   4.217816    32.3214        372     1.5458  0.000e+00
     38.150    17.3767   4.217707    32.3194        373     1.5500  0.000e+00
     38.089    17.3778   4.217475    32.3165        374     1.5542  0.000e+00
     38.022    17.3770   4.217331    32.3160        375     1.5583  0.000e+00
     37.963    17.3762   4.217502    32.3182        376     1.5625  0.000e+00
     37.903    17.3758   4.217481    32.3183        377     1.5667  0.000e+00
     37.847    17.3760   4.217604    32.3192        378     1.5708  0.000e+00
     37.784    17.3766   4.217919    32.3215        379     1.5750  0.000e+00
     37.725    17.3778   4.217372    32.3158        380     1.5792  0.000e+00
     37.669    17.3777   4.217597    32.3179        381     1.5833  0.000e+00
     37.607    17.3770   4.217912    32.3212        382     1.5875  0.000e+00
     37.543    17.3785   4.217351    32.3152        383     1.5917  0.000e+00
     37.484    17.3775   4.217167    32.3144        384     1.5958  0.000e+00
     37.421    17.3755   4.216989    32.3145        385     1.6000  0.000e+00
     37.354    17.3735   4.217092    32.3170        386     1.6042  0.000e+00
     37.289    17.3728   4.217119    32.3178        387     1.6083  0.000e+00
     37.222    17.3725   4.217187    32.3186        388     1.6125  0.000e+00
     37.161    17.3728   4.217119    32.3179        389     1.6167  0.000e+00
     37.101    17.3727   4.217235    32.3190        390     1.6208  0.000e+00
     37.043    17.3732   4.217249    32.3187        391     1.6250  0.000e+00
     36.996    17.3734   4.217092    32.3172        392     1.6292  0.000e+00
     36.958    17.3733   4.217174    32.3180        393     1.6333  0.000e+00
     36.920    17.3732   4.217959    32.3248        394     1.6375  0.000e+00
     36.895    17.3761   4.218014    32.3230        395     1.6417  0.000e+00
     36.866    17.3788   4.218725    32.3269        396     1.6458  0.000e+00
     36.828    17.3824   4.219032    32.3267        397     1.6500  0.000e+00
     36.801    17.3868   4.218848    32.3216        398     1.6542  0.000e+00
     36.760    17.3893   4.219012    32.3210        399     1.6583  0.000e+00
     36.724    17.3900   4.217986    32.3117        400     1.6625  0.000e+00
     36.682    17.3876   4.217091    32.3060        401     1.6667  0.000e+00
     36.633    17.3816   4.217194    32.3116        402     1.6708  0.000e+00
     36.588    17.3779   4.217248    32.3151        403     1.6750  0.000e+00
     36.541    17.3760   4.217549    32.3192        404     1.6792  0.000e+00
     36.491    17.3762   4.217706    32.3204        405     1.6833  0.000e+00
     36.424    17.3774   4.217187    32.3151        406     1.6875  0.000e+00
     36.361    17.3763   4.216989    32.3142        407     1.6917  0.000e+00
     36.296    17.3744   4.216948    32.3154        408     1.6958  0.000e+00
     36.224    17.3728   4.217071    32.3177        409     1.7000  0.000e+00
     36.155    17.3727   4.217139    32.3185        410     1.7042  0.000e+00
     36.083    17.3728   4.217194    32.3189        411     1.7083  0.000e+00
     36.006    17.3732   4.217296    32.3195        412     1.7125  0.000e+00
     35.932    17.3741   4.218765    32.3313        413     1.7167  0.000e+00
     35.854    17.3797   4.218875    32.3278        414     1.7208  0.000e+00
     35.790    17.3854   4.218984    32.3242        415     1.7250  0.000e+00
     35.724    17.3884   4.219305    32.3247        416     1.7292  0.000e+00
     35.657    17.3918   4.218888    32.3184        417     1.7333  0.000e+00
     35.590    17.3928   4.219387    32.3219        418     1.7375  0.000e+00
     35.523    17.3937   4.218546    32.3140        419     1.7417  0.000e+00
     35.459    17.3931   4.218977    32.3182        420     1.7458  0.000e+00
