HB2303/sbe103.cnv
* Sea-Bird SBE 19plus V2 Data File:
* FileName = C:\cruise\data\sbe103.hex
* Software Version Seasave V 7.26.7.121
* Temperature SN = 6128
* Conductivity SN = 6128
* System UpLoad Time = Aug 18 2023 11:35:48
* NMEA Latitude = 41 42.76 N
* NMEA Longitude = 065 47.08 W
* NMEA UTC (Time) = Aug 18 2023 11:35:44
** Ship: Henry Bigelow
** Cruise:  HB2303
** Program:  ECOMON
# nquan = 7
# nvalues = 7240                                  
# units = specified
# name 0 = depSM: Depth [salt water, m]
# name 1 = tv290C: Temperature [ITS-90, deg C]
# name 2 = c0S/m: Conductivity [S/m]
# name 3 = sal00: Salinity, Practical [PSU]
# name 4 = scan: Scan Count
# name 5 = timeM: Time, Elapsed [minutes]
# name 6 = flag:  0.000e+00
# span 0 =     -0.261,    200.121                 
# span 1 =     7.1621,    20.7184                 
# span 2 =  -0.015754,   4.321397                 
# span 3 =     0.0000,    35.3572                 
# span 4 =         11,       7250                 
# span 5 =     0.0417,    30.2042                 
# span 6 = 0.0000e+00, 0.0000e+00                 
# interval = seconds: 0.25
# start_time = Aug 18 2023 11:35:44 [NMEA time, header]
# bad_flag = -9.990e-29
*END*
[from data line 1026]
    103.789     8.4676   3.572125    33.9673       1037     4.3167  0.000e+00
    103.899     8.4681   3.573000    33.9760       1038     4.3208  0.000e+00
    103.998     8.4696   3.573722    33.9821       1039     4.3250  0.000e+00
    104.095     8.4718   3.574227    33.9853       1040     4.3292  0.000e+00
    104.194     8.4747   3.576068    34.0019       1041     4.3333  0.000e+00
    104.292     8.4802   3.577627    34.0131       1042     4.3375  0.000e+00
    104.382     8.4875   3.578573    34.0160       1043     4.3417  0.000e+00
    104.465     8.4947   3.579341    34.0171       1044     4.3458  0.000e+00
    104.555     8.5011   3.580089    34.0189       1045     4.3500  0.000e+00
    104.643     8.5059   3.580460    34.0181       1046     4.3542  0.000e+00
    104.730     8.5096   3.580747    34.0175       1047     4.3583  0.000e+00
    104.813     8.5124   3.580901    34.0164       1048     4.3625  0.000e+00
    104.898     8.5138   3.580901    34.0150       1049     4.3667  0.000e+00
    104.989     8.5147   3.580830    34.0134       1050     4.3708  0.000e+00
    105.078     8.5150   3.580811    34.0128       1051     4.3750  0.000e+00
    105.179     8.5150   3.580786    34.0125       1052     4.3792  0.000e+00
    105.290     8.5150   3.581361    34.0186       1053     4.3833  0.000e+00
    105.406     8.5162   3.583076    34.0354       1054     4.3875  0.000e+00
    105.532     8.5210   3.583977    34.0403       1055     4.3917  0.000e+00
    105.671     8.5266   3.584502    34.0403       1056     4.3958  0.000e+00
    105.823     8.5316   3.584681    34.0373       1057     4.4000  0.000e+00
    105.973     8.5353   3.584521    34.0320       1058     4.4042  0.000e+00
    106.133     8.5374   3.585980    34.0454       1059     4.4083  0.000e+00
    106.301     8.5417   3.587669    34.0589       1060     4.4125  0.000e+00
    106.465     8.5491   3.588399    34.0594       1061     4.4167  0.000e+00
    106.623     8.5559   3.589481    34.0642       1062     4.4208  0.000e+00
    106.771     8.5629   3.590031    34.0632       1063     4.4250  0.000e+00
    106.913     8.5687   3.590230    34.0597       1064     4.4292  0.000e+00
    107.038     8.5726   3.590204    34.0555       1065     4.4333  0.000e+00
    107.145     8.5754   3.590889    34.0601       1066     4.4375  0.000e+00
    107.240     8.5779   3.591043    34.0592       1067     4.4417  0.000e+00
    107.314     8.5802   3.590979    34.0563       1068     4.4458  0.000e+00
    107.381     8.5815   3.590863    34.0538       1069     4.4500  0.000e+00
    107.440     8.5819   3.590646    34.0511       1070     4.4542  0.000e+00
    107.505     8.5815   3.590735    34.0523       1071     4.4583  0.000e+00
    107.573     8.5811   3.590889    34.0543       1072     4.4625  0.000e+00
    107.646     8.5814   3.590780    34.0529       1073     4.4667  0.000e+00
    107.723     8.5813   3.590646    34.0515       1074     4.4708  0.000e+00
    107.795     8.5809   3.590428    34.0495       1075     4.4750  0.000e+00
    107.891     8.5802   3.590204    34.0478       1076     4.4792  0.000e+00
    107.988     8.5790   3.590006    34.0469       1077     4.4833  0.000e+00
    108.106     8.5774   3.590006    34.0483       1078     4.4875  0.000e+00
    108.219     8.5765   3.589916    34.0482       1079     4.4917  0.000e+00
    108.340     8.5757   3.589763    34.0473       1080     4.4958  0.000e+00
    108.464     8.5748   3.589852    34.0491       1081     4.5000  0.000e+00
    108.580     8.5744   3.589852    34.0494       1082     4.5042  0.000e+00
    108.701     8.5745   3.590646    34.0576       1083     4.5083  0.000e+00
    108.822     8.5762   3.590909    34.0587       1084     4.5125  0.000e+00
    108.943     8.5785   3.591395    34.0616       1085     4.5167  0.000e+00
    109.062     8.5810   3.592055    34.0660       1086     4.5208  0.000e+00
    109.177     8.5843   3.592394    34.0664       1087     4.5250  0.000e+00
    109.296     8.5875   3.592804    34.0676       1088     4.5292  0.000e+00
    109.423     8.5904   3.593336    34.0703       1089     4.5333  0.000e+00
    109.547     8.5935   3.593246    34.0663       1090     4.5375  0.000e+00
    109.677     8.5954   3.593047    34.0624       1091     4.5417  0.000e+00
    109.805     8.5961   3.593118    34.0623       1092     4.5458  0.000e+00
    109.933     8.5964   3.593400    34.0650       1093     4.5500  0.000e+00
    110.072     8.5974   3.594111    34.0714       1094     4.5542  0.000e+00
    110.198     8.5995   3.594725    34.0759       1095     4.5583  0.000e+00
    110.321     8.6028   3.596096    34.0871       1096     4.5625  0.000e+00
    110.438     8.6076   3.597179    34.0937       1097     4.5667  0.000e+00
    110.548     8.6138   3.598172    34.0982       1098     4.5708  0.000e+00
    110.646     8.6202   3.599671    34.1078       1099     4.5750  0.000e+00
    110.734     8.6273   3.600979    34.1147       1100     4.5792  0.000e+00
    110.813     8.6354   3.602280    34.1205       1101     4.5833  0.000e+00
    110.891     8.6441   3.604055    34.1309       1102     4.5875  0.000e+00
    110.961     8.6538   3.605030    34.1318       1103     4.5917  0.000e+00
    111.023     8.6628   3.605870    34.1318       1104     4.5958  0.000e+00
    111.084     8.6708   3.606485    34.1306       1105     4.6000  0.000e+00
    111.154     8.6776   3.606376    34.1228       1106     4.6042  0.000e+00
    111.215     8.6814   3.606466    34.1201       1107     4.6083  0.000e+00
    111.295     8.6838   3.607152    34.1250       1108     4.6125  0.000e+00
    111.378     8.6863   3.607595    34.1272       1109     4.6167  0.000e+00
    111.477     8.6897   3.608217    34.1304       1110     4.6208  0.000e+00
    111.582     8.6930   3.608570    34.1308       1111     4.6250  0.000e+00
    111.692     8.6963   3.608724    34.1292       1112     4.6292  0.000e+00
    111.815     8.6987   3.608551    34.1251       1113     4.6333  0.000e+00
    111.943     8.6999   3.608551    34.1239       1114     4.6375  0.000e+00
    112.071     8.7003   3.609211    34.1304       1115     4.6417  0.000e+00
    112.205     8.7020   3.608948    34.1259       1116     4.6458  0.000e+00
    112.336     8.7031   3.609590    34.1315       1117     4.6500  0.000e+00
    112.466     8.7049   3.609859    34.1325       1118     4.6542  0.000e+00
    112.595     8.7075   3.610212    34.1337       1119     4.6583  0.000e+00
    112.719     8.7096   3.610488    34.1346       1120     4.6625  0.000e+00
    112.844     8.7118   3.610565    34.1331       1121     4.6667  0.000e+00
    112.957     8.7135   3.610655    34.1324       1122     4.6708  0.000e+00
    113.062     8.7147   3.610944    34.1342       1123     4.6750  0.000e+00
    113.161     8.7161   3.611143    34.1349       1124     4.6792  0.000e+00
    113.255     8.7175   3.611188    34.1340       1125     4.6833  0.000e+00
    113.334     8.7186   3.611098    34.1320       1126     4.6875  0.000e+00
    113.406     8.7193   3.611322    34.1337       1127     4.6917  0.000e+00
    113.475     8.7199   3.611342    34.1332       1128     4.6958  0.000e+00
    113.545     8.7206   3.611566    34.1349       1129     4.7000  0.000e+00
    113.613     8.7215   3.611720    34.1356       1130     4.7042  0.000e+00
    113.680     8.7225   3.611675    34.1341       1131     4.7083  0.000e+00
    113.755     8.7232   3.611586    34.1325       1132     4.7125  0.000e+00
    113.824     8.7233   3.612009    34.1368       1133     4.7167  0.000e+00
    113.896     8.7243   3.612696    34.1430       1134     4.7208  0.000e+00
    113.981     8.7272   3.613100    34.1445       1135     4.7250  0.000e+00
    114.062     8.7302   3.613273    34.1434       1136     4.7292  0.000e+00
    114.158     8.7326   3.613453    34.1428       1137     4.7333  0.000e+00
    114.255     8.7347   3.613877    34.1452       1138     4.7375  0.000e+00
    114.354     8.7369   3.614384    34.1484       1139     4.7417  0.000e+00
    114.461     8.7398   3.614634    34.1482       1140     4.7458  0.000e+00
    114.569     8.7425   3.614474    34.1438       1141     4.7500  0.000e+00
    114.683     8.7439   3.614807    34.1459       1142     4.7542  0.000e+00
    114.796     8.7454   3.614763    34.1439       1143     4.7583  0.000e+00
    114.912     8.7463   3.614788    34.1433       1144     4.7625  0.000e+00
    115.033     8.7467   3.614827    34.1433       1145     4.7667  0.000e+00
    115.152     8.7472   3.614897    34.1435       1146     4.7708  0.000e+00
    115.263     8.7475   3.614872    34.1429       1147     4.7750  0.000e+00
    115.379     8.7477   3.614917    34.1431       1148     4.7792  0.000e+00
    115.496     8.7479   3.614853    34.1422       1149     4.7833  0.000e+00
    115.601     8.7479   3.615052    34.1442       1150     4.7875  0.000e+00
    115.702     8.7485   3.616188    34.1556       1151     4.7917  0.000e+00
    115.792     8.7520   3.616939    34.1601       1152     4.7958  0.000e+00
    115.879     8.7566   3.617254    34.1589       1153     4.8000  0.000e+00
    115.971     8.7610   3.617408    34.1562       1154     4.8042  0.000e+00
    116.052     8.7639   3.617472    34.1540       1155     4.8083  0.000e+00
    116.139     8.7660   3.617832    34.1557       1156     4.8125  0.000e+00
    116.227     8.7682   3.619122    34.1671       1157     4.8167  0.000e+00
    116.308     8.7728   3.619944    34.1713       1158     4.8208  0.000e+00
    116.398     8.7783   3.619745    34.1639       1159     4.8250  0.000e+00
    116.485     8.7821   3.619675    34.1595       1160     4.8292  0.000e+00
    116.568     8.7838   3.619745    34.1585       1161     4.8333  0.000e+00
    116.660     8.7847   3.619765    34.1578       1162     4.8375  0.000e+00
    116.747     8.7853   3.620188    34.1616       1163     4.8417  0.000e+00
    116.833     8.7868   3.620522    34.1637       1164     4.8458  0.000e+00
    116.920     8.7887   3.620876    34.1654       1165     4.8500  0.000e+00
    117.003     8.7910   3.621190    34.1665       1166     4.8542  0.000e+00
    117.097     8.7933   3.621634    34.1689       1167     4.8583  0.000e+00
    117.197     8.7958   3.622283    34.1733       1168     4.8625  0.000e+00
    117.295     8.7988   3.622861    34.1764       1169     4.8667  0.000e+00
    117.407     8.8021   3.623195    34.1767       1170     4.8708  0.000e+00
    117.515     8.8048   3.623349    34.1757       1171     4.8750  0.000e+00
    117.632     8.8070   3.623503    34.1750       1172     4.8792  0.000e+00
    117.757     8.8087   3.623683    34.1753       1173     4.8833  0.000e+00
    117.879     8.8100   3.623908    34.1763       1174     4.8875  0.000e+00
    118.013     8.8112   3.624197    34.1781       1175     4.8917  0.000e+00
    118.143     8.8125   3.624197    34.1768       1176     4.8958  0.000e+00
    118.264     8.8134   3.624262    34.1766       1177     4.9000  0.000e+00
    118.383     8.8139   3.624307    34.1765       1178     4.9042  0.000e+00
    118.494     8.8143   3.624377    34.1768       1179     4.9083  0.000e+00
    118.597     8.8147   3.624352    34.1761       1180     4.9125  0.000e+00
    118.684     8.8148   3.624377    34.1762       1181     4.9167  0.000e+00
    118.756     8.8150   3.624403    34.1763       1182     4.9208  0.000e+00
    118.826     8.8151   3.624442    34.1766       1183     4.9250  0.000e+00
    118.889     8.8151   3.624487    34.1770       1184     4.9292  0.000e+00
    118.944     8.8153   3.624551    34.1775       1185     4.9333  0.000e+00
    118.998     8.8156   3.624596    34.1776       1186     4.9375  0.000e+00
    119.059     8.8159   3.624577    34.1771       1187     4.9417  0.000e+00
    119.110     8.8160   3.624667    34.1779       1188     4.9458  0.000e+00
    119.178     8.8163   3.624840    34.1794       1189     4.9500  0.000e+00
    119.250     8.8169   3.625020    34.1807       1190     4.9542  0.000e+00
    119.331     8.8178   3.625200    34.1817       1191     4.9583  0.000e+00
    119.423     8.8188   3.625335    34.1821       1192     4.9625  0.000e+00
    119.524     8.8200   3.625354    34.1811       1193     4.9667  0.000e+00
    119.640     8.8208   3.625888    34.1859       1194     4.9708  0.000e+00
    119.760     8.8226   3.626312    34.1885       1195     4.9750  0.000e+00
    119.885     8.8254   3.627521    34.1985       1196     4.9792  0.000e+00
    120.026     8.8299   3.628678    34.2062       1197     4.9833  0.000e+00
    120.167     8.8360   3.629256    34.2063       1198     4.9875  0.000e+00
    120.311     8.8415   3.629796    34.2066       1199     4.9917  0.000e+00
    120.454     8.8467   3.631532    34.2197       1200     4.9958  0.000e+00
    120.604     8.8538   3.632317    34.2210       1201     5.0000  0.000e+00
    120.748     8.8613   3.632426    34.2149       1202     5.0042  0.000e+00
    120.892     8.8664   3.633031    34.2163       1203     5.0083  0.000e+00
    121.029     8.8709   3.634350    34.2256       1204     5.0125  0.000e+00
    121.150     8.8768   3.635179    34.2286       1205     5.0167  0.000e+00
    121.260     8.8833   3.635623    34.2269       1206     5.0208  0.000e+00
    121.365     8.8887   3.636074    34.2264       1207     5.0250  0.000e+00
    121.461     8.8929   3.636273    34.2244       1208     5.0292  0.000e+00
    121.549     8.8962   3.636427    34.2228       1209     5.0333  0.000e+00
    121.639     8.8985   3.636743    34.2239       1210     5.0375  0.000e+00
    121.724     8.9006   3.636897    34.2234       1211     5.0417  0.000e+00
    121.810     8.9021   3.637032    34.2233       1212     5.0458  0.000e+00
    121.891     8.9035   3.637258    34.2243       1213     5.0500  0.000e+00
    121.968     8.9050   3.637335    34.2236       1214     5.0542  0.000e+00
    122.048     8.9063   3.637258    34.2215       1215     5.0583  0.000e+00
    122.124     8.9069   3.637328    34.2217       1216     5.0625  0.000e+00
    122.199     8.9072   3.637438    34.2225       1217     5.0667  0.000e+00
    122.271     8.9077   3.637573    34.2234       1218     5.0708  0.000e+00
    122.340     8.9083   3.637483    34.2218       1219     5.0750  0.000e+00
    122.409     8.9084   3.637438    34.2212       1220     5.0792  0.000e+00
    122.477     8.9084   3.637882    34.2258       1221     5.0833  0.000e+00
    122.547     8.9094   3.638242    34.2286       1222     5.0875  0.000e+00
    122.627     8.9112   3.638635    34.2310       1223     5.0917  0.000e+00
    122.706     8.9134   3.638937    34.2319       1224     5.0958  0.000e+00
    122.798     8.9155   3.639407    34.2349       1225     5.1000  0.000e+00
    122.899     8.9179   3.639967    34.2383       1226     5.1042  0.000e+00
    123.015     8.9209   3.641493    34.2514       1227     5.1083  0.000e+00
    123.132     8.9258   3.642027    34.2521       1228     5.1125  0.000e+00
    123.264     8.9308   3.642227    34.2494       1229     5.1167  0.000e+00
    123.394     8.9344   3.642658    34.2504       1230     5.1208  0.000e+00
    123.530     8.9378   3.644204    34.2632       1231     5.1250  0.000e+00
    123.669     8.9433   3.643734    34.2530       1232     5.1292  0.000e+00
    123.808     8.9469   3.645170    34.2644       1233     5.1333  0.000e+00
    123.940     8.9518   3.646110    34.2694       1234     5.1375  0.000e+00
    124.062     8.9583   3.647076    34.2732       1235     5.1417  0.000e+00
    124.174     8.9648   3.646915    34.2652       1236     5.1458  0.000e+00
    124.275     8.9690   3.646335    34.2551       1237     5.1500  0.000e+00
    124.373     8.9692   3.645653    34.2477       1238     5.1542  0.000e+00
    124.456     8.9670   3.645260    34.2457       1239     5.1583  0.000e+00
    124.524     8.9641   3.645279    34.2486       1240     5.1625  0.000e+00
