HB2303/sbe144.cnv
* Sea-Bird SBE 19plus V2 Data File:
* FileName = C:\cruise\data\sbe144.hex
* Software Version Seasave V 7.26.7.121
* Temperature SN = 6128
* Conductivity SN = 6128
* System UpLoad Time = Aug 22 2023 06:31:54
* NMEA Latitude = 42 21.44 N
* NMEA Longitude = 070 27.70 W
* NMEA UTC (Time) = Aug 22 2023 06:31:50
** Ship: Henry Bigelow
** Cruise:  HB2303
** Program:  ECOMON
# nquan = 7
# nvalues = 1274                                  
# units = specified
# name 0 = depSM: Depth [salt water, m]
# name 1 = tv290C: Temperature [ITS-90, deg C]
# name 2 = c0S/m: Conductivity [S/m]
# name 3 = sal00: Salinity, Practical [PSU]
# name 4 = scan: Scan Count
# name 5 = timeM: Time, Elapsed [minutes]
# name 6 = flag:  0.000e+00
# span 0 =     -0.126,     65.617                 
# span 1 =     6.8819,    18.5322                 
# span 2 =   0.002038,   4.061237                 
# span 3 =     0.0169,    35.3245                 
# span 4 =         11,       1284                 
# span 5 =     0.0417,     5.3458                 
# span 6 = 0.0000e+00, 0.0000e+00                 
# interval = seconds: 0.25
# start_time = Aug 22 2023 06:31:50 [NMEA time, header]
# bad_flag = -9.990e-29
*END*
[from data line 821]
     35.021     7.7874   3.315903    31.9162        832     3.4625  0.000e+00
     34.971     7.7877   3.315884    31.9157        833     3.4667  0.000e+00
     34.920     7.7879   3.315829    31.9150        834     3.4708  0.000e+00
     34.873     7.7878   3.315735    31.9141        835     3.4750  0.000e+00
     34.810     7.7879   3.315754    31.9142        836     3.4792  0.000e+00
     34.745     7.7878   3.315890    31.9159        837     3.4833  0.000e+00
     34.673     7.7878   3.315884    31.9158        838     3.4875  0.000e+00
     34.597     7.7881   3.315735    31.9140        839     3.4917  0.000e+00
     34.526     7.7878   3.315568    31.9125        840     3.4958  0.000e+00
     34.443     7.7870   3.315500    31.9125        841     3.5000  0.000e+00
     34.367     7.7862   3.315419    31.9124        842     3.5042  0.000e+00
     34.288     7.7858   3.315307    31.9116        843     3.5083  0.000e+00
     34.210     7.7851   3.315146    31.9106        844     3.5125  0.000e+00
     34.130     7.7853   3.315208    31.9111        845     3.5167  0.000e+00
     34.060     7.7855   3.315164    31.9105        846     3.5208  0.000e+00
     33.991     7.7857   3.315164    31.9104        847     3.5250  0.000e+00
     33.920     7.7858   3.315251    31.9112        848     3.5292  0.000e+00
     33.850     7.7862   3.315288    31.9112        849     3.5333  0.000e+00
     33.779     7.7868   3.315946    31.9178        850     3.5375  0.000e+00
     33.701     7.7900   3.316728    31.9232        851     3.5417  0.000e+00
     33.625     7.7963   3.318298    31.9343        852     3.5458  0.000e+00
     33.540     7.8071   3.320855    31.9517        853     3.5500  0.000e+00
     33.455     7.8273   3.322382    31.9495        854     3.5542  0.000e+00
     33.364     7.8491   3.323387    31.9403        855     3.5583  0.000e+00
     33.274     7.8683   3.324418    31.9337        856     3.5625  0.000e+00
     33.187     7.8848   3.324902    31.9239        857     3.5667  0.000e+00
     33.102     7.8971   3.325380    31.9178        858     3.5708  0.000e+00
     33.015     7.9064   3.326237    31.9184        859     3.5750  0.000e+00
     32.933     7.9156   3.327175    31.9200        860     3.5792  0.000e+00
     32.859     7.9256   3.328126    31.9210        861     3.5833  0.000e+00
     32.780     7.9355   3.328212    31.9130        862     3.5875  0.000e+00
     32.709     7.9430   3.328287    31.9070        863     3.5917  0.000e+00
     32.633     7.9475   3.329082    31.9113        864     3.5958  0.000e+00
     32.562     7.9531   3.330232    31.9185        865     3.6000  0.000e+00
     32.488     7.9619   3.331593    31.9249        866     3.6042  0.000e+00
     32.414     7.9732   3.331909    31.9180        867     3.6083  0.000e+00
     32.336     7.9824   3.331996    31.9106        868     3.6125  0.000e+00
     32.258     7.9888   3.332139    31.9063        869     3.6167  0.000e+00
     32.188     7.9929   3.332145    31.9026        870     3.6208  0.000e+00
     32.116     7.9954   3.332239    31.9014        871     3.6250  0.000e+00
     32.045     7.9975   3.332313    31.9004        872     3.6292  0.000e+00
     31.978     7.9990   3.332462    31.9005        873     3.6333  0.000e+00
     31.917     8.0007   3.332400    31.8984        874     3.6375  0.000e+00
     31.863     8.0017   3.332419    31.8977        875     3.6417  0.000e+00
     31.814     8.0023   3.332437    31.8974        876     3.6458  0.000e+00
     31.765     8.0025   3.332462    31.8975        877     3.6500  0.000e+00
     31.712     8.0027   3.332313    31.8957        878     3.6542  0.000e+00
     31.665     8.0024   3.332220    31.8951        879     3.6583  0.000e+00
     31.602     8.0017   3.332182    31.8953        880     3.6625  0.000e+00
     31.544     8.0012   3.332288    31.8969        881     3.6667  0.000e+00
     31.472     8.0011   3.332282    31.8970        882     3.6708  0.000e+00
     31.401     8.0013   3.332226    31.8963        883     3.6750  0.000e+00
     31.318     8.0011   3.332164    31.8957        884     3.6792  0.000e+00
     31.242     8.0009   3.332201    31.8964        885     3.6833  0.000e+00
     31.156     8.0008   3.332164    31.8961        886     3.6875  0.000e+00
     31.070     8.0006   3.332201    31.8967        887     3.6917  0.000e+00
     30.991     8.0005   3.332182    31.8967        888     3.6958  0.000e+00
     30.909     8.0006   3.332182    31.8967        889     3.7000  0.000e+00
     30.830     8.0005   3.332157    31.8965        890     3.7042  0.000e+00
     30.752     8.0003   3.332207    31.8972        891     3.7083  0.000e+00
     30.671     8.0004   3.332250    31.8976        892     3.7125  0.000e+00
     30.584     8.0011   3.332319    31.8978        893     3.7167  0.000e+00
     30.502     8.0019   3.332356    31.8975        894     3.7208  0.000e+00
     30.425     8.0026   3.332723    31.9008        895     3.7250  0.000e+00
     30.340     8.0046   3.332909    31.9010        896     3.7292  0.000e+00
     30.249     8.0070   3.333015    31.8999        897     3.7333  0.000e+00
     30.168     8.0090   3.333108    31.8991        898     3.7375  0.000e+00
     30.082     8.0106   3.333245    31.8992        899     3.7417  0.000e+00
     29.998     8.0123   3.333394    31.8993        900     3.7458  0.000e+00
     29.914     8.0138   3.333450    31.8985        901     3.7500  0.000e+00
     29.836     8.0150   3.333568    31.8987        902     3.7542  0.000e+00
     29.760     8.0166   3.333773    31.8995        903     3.7583  0.000e+00
     29.689     8.0181   3.334183    31.9025        904     3.7625  0.000e+00
     29.628     8.0210   3.334842    31.9069        905     3.7667  0.000e+00
     29.563     8.0259   3.336142    31.9162        906     3.7708  0.000e+00
     29.503     8.0344   3.337485    31.9227        907     3.7750  0.000e+00
     29.445     8.0464   3.337777    31.9150        908     3.7792  0.000e+00
     29.393     8.0563   3.337864    31.9068        909     3.7833  0.000e+00
     29.338     8.0627   3.337951    31.9019        910     3.7875  0.000e+00
     29.279     8.0666   3.338287    31.9020        911     3.7917  0.000e+00
     29.213     8.0700   3.338312    31.8992        912     3.7958  0.000e+00
     29.159     8.0724   3.338443    31.8984        913     3.8000  0.000e+00
     29.096     8.0742   3.338592    31.8983        914     3.8042  0.000e+00
     29.029     8.0761   3.338673    31.8976        915     3.8083  0.000e+00
     28.956     8.0775   3.338691    31.8965        916     3.8125  0.000e+00
     28.880     8.0784   3.338716    31.8960        917     3.8167  0.000e+00
     28.799     8.0793   3.339786    31.9065        918     3.8208  0.000e+00
     28.722     8.0844   3.342561    31.9313        919     3.8250  0.000e+00
     28.633     8.1005   3.345182    31.9444        920     3.8292  0.000e+00
     28.548     8.1256   3.347591    31.9472        921     3.8333  0.000e+00
     28.461     8.1530   3.350163    31.9494        922     3.8375  0.000e+00
     28.383     8.1820   3.351352    31.9356        923     3.8417  0.000e+00
     28.304     8.2066   3.353221    31.9330        924     3.8458  0.000e+00
     28.228     8.2292   3.354960    31.9309        925     3.8500  0.000e+00
     28.152     8.2519   3.357253    31.9345        926     3.8542  0.000e+00
     28.087     8.2762   3.359697    31.9382        927     3.8583  0.000e+00
     28.022     8.3025   3.361880    31.9374        928     3.8625  0.000e+00
     27.958     8.3286   3.364637    31.9427        929     3.8667  0.000e+00
     27.898     8.3585   3.366172    31.9318        930     3.8708  0.000e+00
     27.837     8.3876   3.366552    31.9094        931     3.8750  0.000e+00
     27.776     8.4085   3.366758    31.8927        932     3.8792  0.000e+00
     27.712     8.4217   3.367194    31.8854        933     3.8833  0.000e+00
     27.640     8.4309   3.367544    31.8807        934     3.8875  0.000e+00
     27.567     8.4382   3.367862    31.8775        935     3.8917  0.000e+00
     27.484     8.4440   3.368274    31.8766        936     3.8958  0.000e+00
     27.399     8.4496   3.369273    31.8820        937     3.9000  0.000e+00
     27.314     8.4587   3.370278    31.8844        938     3.9042  0.000e+00
     27.224     8.4698   3.370852    31.8805        939     3.9083  0.000e+00
     27.131     8.4805   3.371202    31.8745        940     3.9125  0.000e+00
     27.046     8.4886   3.371345    31.8687        941     3.9167  0.000e+00
     26.965     8.4942   3.371464    31.8650        942     3.9208  0.000e+00
     26.883     8.4979   3.371545    31.8625        943     3.9250  0.000e+00
     26.807     8.5006   3.371632    31.8610        944     3.9292  0.000e+00
     26.731     8.5028   3.371832    31.8611        945     3.9333  0.000e+00
     26.657     8.5047   3.372063    31.8618        946     3.9375  0.000e+00
     26.585     8.5070   3.372163    31.8609        947     3.9417  0.000e+00
     26.509     8.5090   3.372256    31.8601        948     3.9458  0.000e+00
     26.435     8.5105   3.372406    31.8603        949     3.9500  0.000e+00
     26.364     8.5120   3.372581    31.8608        950     3.9542  0.000e+00
     26.290     8.5143   3.372793    31.8610        951     3.9583  0.000e+00
     26.219     8.5163   3.373012    31.8615        952     3.9625  0.000e+00
     26.153     8.5190   3.373143    31.8605        953     3.9667  0.000e+00
     26.085     8.5210   3.373474    31.8621        954     3.9708  0.000e+00
     26.022     8.5241   3.373917    31.8641        955     3.9750  0.000e+00
     25.960     8.5283   3.374580    31.8672        956     3.9792  0.000e+00
     25.906     8.5343   3.375798    31.8746        957     3.9833  0.000e+00
     25.850     8.5436   3.377222    31.8811        958     3.9875  0.000e+00
     25.781     8.5563   3.378947    31.8878        959     3.9917  0.000e+00
     25.716     8.5726   3.380140    31.8856        960     3.9958  0.000e+00
     25.649     8.5894   3.382172    31.8916        961     4.0000  0.000e+00
     25.575     8.6085   3.384185    31.8956        962     4.0042  0.000e+00
     25.497     8.6298   3.384054    31.8750        963     4.0083  0.000e+00
     25.414     8.6445   3.384022    31.8615        964     4.0125  0.000e+00
     25.323     8.6524   3.385179    31.8664        965     4.0167  0.000e+00
     25.230     8.6603   3.386962    31.8780        966     4.0208  0.000e+00
     25.128     8.6728   3.389032    31.8884        967     4.0250  0.000e+00
     25.034     8.6907   3.392237    31.9057        968     4.0292  0.000e+00
     24.937     8.7157   3.396156    31.9241        969     4.0333  0.000e+00
     24.837     8.7489   3.400101    31.9354        970     4.0375  0.000e+00
     24.747     8.7878   3.403391    31.9346        971     4.0417  0.000e+00
     24.653     8.8269   3.405603    31.9224        972     4.0458  0.000e+00
     24.562     8.8620   3.409171    31.9280        973     4.0500  0.000e+00
     24.481     8.8983   3.412282    31.9277        974     4.0542  0.000e+00
     24.405     8.9359   3.414879    31.9209        975     4.0583  0.000e+00
     24.323     8.9717   3.417572    31.9167        976     4.0625  0.000e+00
     24.257     9.0064   3.421037    31.9214        977     4.0667  0.000e+00
     24.186     9.0423   3.424266    31.9227        978     4.0708  0.000e+00
     24.123     9.0786   3.426961    31.9181        979     4.0750  0.000e+00
     24.063     9.1121   3.429506    31.9143        980     4.0792  0.000e+00
     24.005     9.1451   3.433687    31.9280        981     4.0833  0.000e+00
     23.948     9.1843   3.436889    31.9260        982     4.0875  0.000e+00
     23.890     9.2251   3.438499    31.9061        983     4.0917  0.000e+00
     23.832     9.2589   3.439965    31.8910        984     4.0958  0.000e+00
     23.773     9.2914   3.446028    31.9244        985     4.1000  0.000e+00
     23.711     9.3360   3.449789    31.9232        986     4.1042  0.000e+00
     23.643     9.3835   3.453898    31.9230        987     4.1083  0.000e+00
     23.566     9.4319   3.458595    31.9281        988     4.1125  0.000e+00
     23.485     9.4838   3.461080    31.9073        989     4.1167  0.000e+00
     23.402     9.5294   3.462732    31.8837        990     4.1208  0.000e+00
     23.305     9.5659   3.467037    31.8953        991     4.1250  0.000e+00
     23.214     9.6065   3.475595    31.9465        992     4.1292  0.000e+00
     23.113     9.6690   3.479033    31.9261        993     4.1333  0.000e+00
     23.022     9.7303   3.480031    31.8820        994     4.1375  0.000e+00
     22.921     9.7730   3.480455    31.8485        995     4.1417  0.000e+00
     22.825     9.7999   3.480815    31.8285        996     4.1458  0.000e+00
     22.737     9.8158   3.481643    31.8228        997     4.1500  0.000e+00
     22.641     9.8288   3.484622    31.8416        998     4.1542  0.000e+00
     22.550     9.8483   3.485836    31.8367        999     4.1583  0.000e+00
     22.462     9.8683   3.487348    31.8344       1000     4.1625  0.000e+00
     22.373     9.8878   3.489816    31.8423       1001     4.1667  0.000e+00
     22.282     9.9099   3.491411    31.8390       1002     4.1708  0.000e+00
     22.198     9.9324   3.492462    31.8298       1003     4.1750  0.000e+00
     22.103     9.9512   3.492785    31.8166       1004     4.1792  0.000e+00
     22.016     9.9647   3.494298    31.8200       1005     4.1833  0.000e+00
     21.933     9.9785   3.496623    31.8314       1006     4.1875  0.000e+00
     21.857     9.9972   3.497566    31.8245       1007     4.1917  0.000e+00
     21.779    10.0153   3.498783    31.8209       1008     4.1958  0.000e+00
     21.707    10.0310   3.499340    31.8127       1009     4.2000  0.000e+00
     21.640    10.0437   3.499593    31.8042       1010     4.2042  0.000e+00
     21.566    10.0526   3.499872    31.7992       1011     4.2083  0.000e+00
     21.493    10.0584   3.500556    31.8009       1012     4.2125  0.000e+00
     21.421    10.0649   3.500683    31.7966       1013     4.2167  0.000e+00
     21.348    10.0722   3.502248    31.8060       1014     4.2208  0.000e+00
     21.271    10.0808   3.503288    31.8090       1015     4.2250  0.000e+00
     21.196    10.0914   3.504492    31.8118       1016     4.2292  0.000e+00
     21.120    10.1036   3.505735    31.8137       1017     4.2333  0.000e+00
     21.044    10.1173   3.508075    31.8252       1018     4.2375  0.000e+00
     20.968    10.1358   3.508671    31.8150       1019     4.2417  0.000e+00
     20.902    10.1527   3.514756    31.8614       1020     4.2458  0.000e+00
     20.834    10.1892   3.528796    31.9706       1021     4.2500  0.000e+00
     20.764    10.2764   3.538616    31.9925       1022     4.2542  0.000e+00
     20.692    10.3848   3.544231    31.9534       1023     4.2583  0.000e+00
     20.619    10.4815   3.546096    31.8873       1024     4.2625  0.000e+00
     20.537    10.5505   3.547809    31.8441       1025     4.2667  0.000e+00
     20.450    10.5976   3.549701    31.8219       1026     4.2708  0.000e+00
     20.358    10.6334   3.551829    31.8119       1027     4.2750  0.000e+00
     20.264    10.6637   3.554207    31.8092       1028     4.2792  0.000e+00
     20.157    10.6935   3.557931    31.8203       1029     4.2833  0.000e+00
     20.052    10.7279   3.560686    31.8177       1030     4.2875  0.000e+00
     19.942    10.7651   3.562645    31.8049       1031     4.2917  0.000e+00
     19.832    10.8006   3.565485    31.8023       1032     4.2958  0.000e+00
     19.725    10.8358   3.567317    31.7898       1033     4.3000  0.000e+00
     19.619    10.8675   3.567686    31.7660       1034     4.3042  0.000e+00
     19.512    10.8892   3.568082    31.7512       1035     4.3083  0.000e+00
