HB2303/sbe139.cnv
* Sea-Bird SBE 19plus V2 Data File:
* FileName = C:\cruise\data\sbe139.hex
* Software Version Seasave V 7.26.7.121
* Temperature SN = 6128
* Conductivity SN = 6128
* System UpLoad Time = Aug 21 2023 17:45:02
* NMEA Latitude = 43 16.89 N
* NMEA Longitude = 069 28.72 W
* NMEA UTC (Time) = Aug 21 2023 17:44:58
** Ship: Henry Bigelow
** Cruise:  HB2303
** Program:  ECOMON
# nquan = 7
# nvalues = 1739                                  
# units = specified
# name 0 = depSM: Depth [salt water, m]
# name 1 = tv290C: Temperature [ITS-90, deg C]
# name 2 = c0S/m: Conductivity [S/m]
# name 3 = sal00: Salinity, Practical [PSU]
# name 4 = scan: Scan Count
# name 5 = timeM: Time, Elapsed [minutes]
# name 6 = flag:  0.000e+00
# span 0 =     -0.162,    158.119                 
# span 1 =     6.9403,    20.4513                 
# span 2 =   0.013844,   4.332916                 
# span 3 =     0.0747,    33.5407                 
# span 4 =         11,       1749                 
# span 5 =     0.0417,     7.2833                 
# span 6 = 0.0000e+00, 0.0000e+00                 
# interval = seconds: 0.25
# start_time = Aug 21 2023 17:44:58 [NMEA time, header]
# bad_flag = -9.990e-29
*END*
     -0.038    20.3427   0.014063     0.0758         11     0.0417  0.000e+00
     -0.037    20.3431   0.013862     0.0748         12     0.0458  0.000e+00
     -0.041    20.3434   0.013991     0.0755         13     0.0500  0.000e+00
     -0.035    20.3444   0.014223     0.0767         14     0.0542  0.000e+00
     -0.041    20.3446   0.014361     0.0774         15     0.0583  0.000e+00
     -0.037    20.3440   0.014364     0.0774         16     0.0625  0.000e+00
     -0.037    20.3428   0.014283     0.0770         17     0.0667  0.000e+00
     -0.039    20.3427   0.014202     0.0765         18     0.0708  0.000e+00
     -0.042    20.3433   0.014292     0.0770         19     0.0750  0.000e+00
     -0.040    20.3442   0.014391     0.0775         20     0.0792  0.000e+00
     -0.040    20.3456   0.014394     0.0775         21     0.0833  0.000e+00
     -0.038    20.3465   0.014292     0.0770         22     0.0875  0.000e+00
     -0.041    20.3481   0.014114     0.0761         23     0.0917  0.000e+00
     -0.040    20.3494   0.014051     0.0758         24     0.0958  0.000e+00
     -0.045    20.3513   0.014027     0.0756         25     0.1000  0.000e+00
     -0.041    20.3526   0.014042     0.0757         26     0.1042  0.000e+00
     -0.043    20.3538   0.014126     0.0761         27     0.1083  0.000e+00
     -0.041    20.3544   0.014235     0.0767         28     0.1125  0.000e+00
     -0.036    20.3537   0.014057     0.0758         29     0.1167  0.000e+00
     -0.038    20.3528   0.013844     0.0747         30     0.1208  0.000e+00
     -0.039    20.3524   0.013847     0.0747         31     0.1250  0.000e+00
     -0.045    20.3527   0.014241     0.0767         32     0.1292  0.000e+00
     -0.043    20.3520   0.014448     0.0778         33     0.1333  0.000e+00
     -0.043    20.3525   0.014502     0.0781         34     0.1375  0.000e+00
     -0.039    20.3508   0.014283     0.0769         35     0.1417  0.000e+00
     -0.039    20.3509   0.014114     0.0761         36     0.1458  0.000e+00
     -0.044    20.3497   0.014283     0.0770         37     0.1500  0.000e+00
     -0.041    20.3480   0.014568     0.0784         38     0.1542  0.000e+00
     -0.042    20.3468   0.014677     0.0790         39     0.1583  0.000e+00
     -0.044    20.3478   0.014379     0.0774         40     0.1625  0.000e+00
     -0.040    20.3477   0.014075     0.0759         41     0.1667  0.000e+00
     -0.042    20.3462   0.013955     0.0753         42     0.1708  0.000e+00
     -0.043    20.3460   0.014015     0.0756         43     0.1750  0.000e+00
     -0.041    20.3468   0.013994     0.0755         44     0.1792  0.000e+00
     -0.045    20.3476   0.014232     0.0767         45     0.1833  0.000e+00
     -0.045    20.3475   0.014385     0.0775         46     0.1875  0.000e+00
     -0.045    20.3470   0.014108     0.0761         47     0.1917  0.000e+00
     -0.043    20.3465   0.014051     0.0758         48     0.1958  0.000e+00
     -0.043    20.3451   0.014361     0.0774         49     0.2000  0.000e+00
     -0.046    20.3422   0.014502     0.0781         50     0.2042  0.000e+00
     -0.041    20.3383   0.014373     0.0774         51     0.2083  0.000e+00
     -0.041    20.3351   0.014385     0.0775         52     0.2125  0.000e+00
     -0.041    20.3332   0.014415     0.0776         53     0.2167  0.000e+00
     -0.042    20.3322   0.014247     0.0768         54     0.2208  0.000e+00
     -0.044    20.3329   0.014072     0.0759         55     0.2250  0.000e+00
     -0.044    20.3335   0.014265     0.0769         56     0.2292  0.000e+00
     -0.040    20.3346   0.014208     0.0766         57     0.2333  0.000e+00
     -0.044    20.3355   0.014202     0.0766         58     0.2375  0.000e+00
     -0.042    20.3358   0.014208     0.0766         59     0.2417  0.000e+00
     -0.045    20.3356   0.014253     0.0768         60     0.2458  0.000e+00
     -0.042    20.3360   0.014355     0.0773         61     0.2500  0.000e+00
     -0.043    20.3360   0.014328     0.0772         62     0.2542  0.000e+00
     -0.040    20.3362   0.014292     0.0770         63     0.2583  0.000e+00
     -0.042    20.3357   0.014253     0.0768         64     0.2625  0.000e+00
     -0.045    20.3346   0.014208     0.0766         65     0.2667  0.000e+00
     -0.047    20.3341   0.013961     0.0753         66     0.2708  0.000e+00
     -0.045    20.3346   0.013919     0.0751         67     0.2750  0.000e+00
     -0.043    20.3355   0.014123     0.0762         68     0.2792  0.000e+00
     -0.047    20.3363   0.014223     0.0767         69     0.2833  0.000e+00
     -0.047    20.3363   0.014259     0.0768         70     0.2875  0.000e+00
     -0.043    20.3358   0.014292     0.0770         71     0.2917  0.000e+00
     -0.047    20.3353   1.962654    12.9711         72     0.2958  0.000e+00
     -0.039    20.3346   1.722017    11.2503         73     0.3000  0.000e+00
     -0.047    20.3342   1.420515     9.1302         74     0.3042  0.000e+00
     -0.042    20.3334   2.931791    20.1274         75     0.3083  0.000e+00
      0.036    20.3292   3.220902    22.3273         76     0.3125  0.000e+00
      0.135    20.3135   3.270805    22.7179         77     0.3167  0.000e+00
      0.220    20.3046   3.971092    28.1712         78     0.3208  0.000e+00
      0.309    20.3044   2.432569    16.4099         79     0.3250  0.000e+00
      0.417    20.3066   2.867542    19.6550         80     0.3292  0.000e+00
      0.522    20.3119   3.462029    24.1909         81     0.3333  0.000e+00
      0.620    20.3164   2.863641    19.6211         82     0.3375  0.000e+00
      0.696    20.3195   1.636508    10.6485         83     0.3417  0.000e+00
      0.725    20.3237   1.173408     7.4275         84     0.3458  0.000e+00
      0.721    20.3271   3.189083    22.0851         85     0.3500  0.000e+00
      0.716    20.3292   3.402572    23.7222         86     0.3542  0.000e+00
      0.719    20.3294   4.327432    30.9834         87     0.3583  0.000e+00
      0.747    20.3297   4.326016    30.9719         88     0.3625  0.000e+00
      0.790    20.3312   4.324283    30.9569         89     0.3667  0.000e+00
      0.868    20.3333   4.323599    30.9499         90     0.3708  0.000e+00
      0.976    20.3357   4.323261    30.9454         91     0.3750  0.000e+00
      1.120    20.3384   4.323185    30.9427         92     0.3792  0.000e+00
      1.280    20.3412   4.322481    30.9351         93     0.3833  0.000e+00
      1.420    20.3435   4.321660    30.9267         94     0.3875  0.000e+00
      1.572    20.3461   4.321356    30.9223         95     0.3917  0.000e+00
      1.718    20.3497   4.321204    30.9185         96     0.3958  0.000e+00
      1.859    20.3545   4.321791    30.9197         97     0.4000  0.000e+00
      1.969    20.3685   4.324262    30.9291         98     0.4042  0.000e+00
      2.054    20.3931   4.327266    30.9351         99     0.4083  0.000e+00
      2.150    20.4155   4.327825    30.9232        100     0.4125  0.000e+00
      2.261    20.4308   4.327970    30.9131        101     0.4167  0.000e+00
      2.361    20.4410   4.329801    30.9203        102     0.4208  0.000e+00
      2.429    20.4467   4.331238    30.9275        103     0.4250  0.000e+00
      2.494    20.4503   4.331251    30.9250        104     0.4292  0.000e+00
      2.568    20.4513   4.330277    30.9165        105     0.4333  0.000e+00
      2.673    20.4510   4.327141    30.8917        106     0.4375  0.000e+00
      2.793    20.4505   4.326416    30.8862        107     0.4417  0.000e+00
      2.914    20.4499   4.326140    30.8844        108     0.4458  0.000e+00
      3.038    20.4492   4.325815    30.8823        109     0.4500  0.000e+00
      3.159    20.4480   4.325933    30.8841        110     0.4542  0.000e+00
      3.284    20.4443   4.326016    30.8874        111     0.4583  0.000e+00
      3.422    20.4389   4.326016    30.8913        112     0.4625  0.000e+00
      3.569    20.4318   4.325774    30.8945        113     0.4667  0.000e+00
      3.706    20.4244   4.325284    30.8959        114     0.4708  0.000e+00
      3.833    20.4183   4.324539    30.8944        115     0.4750  0.000e+00
      3.954    20.4136   4.323938    30.8930        116     0.4792  0.000e+00
      4.068    20.4103   4.323786    30.8941        117     0.4833  0.000e+00
      4.189    20.4069   4.323710    30.8960        118     0.4875  0.000e+00
      4.326    20.4046   4.323676    30.8973        119     0.4917  0.000e+00
      4.450    20.4025   4.324063    30.9019        120     0.4958  0.000e+00
      4.579    20.4008   4.325161    30.9119        121     0.5000  0.000e+00
      4.692    20.3983   4.326038    30.9207        122     0.5042  0.000e+00
      4.797    20.3935   4.326466    30.9275        123     0.5083  0.000e+00
      4.904    20.3851   4.326618    30.9348        124     0.5125  0.000e+00
      4.994    20.3722   4.326763    30.9454        125     0.5167  0.000e+00
      5.086    20.3547   4.326777    30.9582        126     0.5208  0.000e+00
      5.171    20.3364   4.326743    30.9713        127     0.5250  0.000e+00
      5.258    20.3207   4.326667    30.9822        128     0.5292  0.000e+00
      5.347    20.3054   4.326461    30.9917        129     0.5333  0.000e+00
      5.437    20.2928   4.325839    30.9959        130     0.5375  0.000e+00
      5.547    20.2841   4.324665    30.9929        131     0.5417  0.000e+00
      5.659    20.2782   4.324465    30.9956        132     0.5458  0.000e+00
      5.784    20.2745   4.325011    31.0026        133     0.5500  0.000e+00
      5.915    20.2731   4.325142    31.0046        134     0.5542  0.000e+00
      6.055    20.2741   4.325253    31.0048        135     0.5583  0.000e+00
      6.192    20.2758   4.325239    31.0033        136     0.5625  0.000e+00
      6.337    20.2778   4.325066    31.0004        137     0.5667  0.000e+00
      6.475    20.2804   4.324832    30.9966        138     0.5708  0.000e+00
      6.617    20.2827   4.324514    30.9923        139     0.5750  0.000e+00
      6.752    20.2847   4.324189    30.9882        140     0.5792  0.000e+00
      6.881    20.2863   4.324038    30.9858        141     0.5833  0.000e+00
      6.996    20.2876   4.324231    30.9864        142     0.5875  0.000e+00
      7.115    20.2889   4.324466    30.9872        143     0.5917  0.000e+00
      7.220    20.2901   4.325267    30.9928        144     0.5958  0.000e+00
      7.320    20.2895   4.325730    30.9969        145     0.6000  0.000e+00
      7.423    20.2797   4.326517    31.0103        146     0.6042  0.000e+00
      7.515    20.2592   4.327595    31.0339        147     0.6083  0.000e+00
      7.610    20.2367   4.328908    31.0610        148     0.6125  0.000e+00
      7.702    20.2170   4.329875    31.0831        149     0.6167  0.000e+00
      7.794    20.2017   4.330608    31.1002        150     0.6208  0.000e+00
      7.890    20.1879   4.331057    31.1140        151     0.6250  0.000e+00
      7.990    20.1761   4.331285    31.1245        152     0.6292  0.000e+00
      8.092    20.1661   4.331410    31.1328        153     0.6333  0.000e+00
      8.207    20.1590   4.330132    31.1277        154     0.6375  0.000e+00
      8.346    20.1545   4.327355    31.1087        155     0.6417  0.000e+00
      8.507    20.1511   4.326920    31.1077        156     0.6458  0.000e+00
      8.697    20.1502   4.326492    31.1049        157     0.6500  0.000e+00
      8.909    20.1535   4.326699    31.1040        158     0.6542  0.000e+00
      9.127    20.1617   4.326796    31.0986        159     0.6583  0.000e+00
      9.353    20.1749   4.326823    31.0891        160     0.6625  0.000e+00
      9.579    20.1887   4.326754    31.0783        161     0.6667  0.000e+00
      9.801    20.2004   4.326823    31.0702        162     0.6708  0.000e+00
     10.015    20.2101   4.327244    31.0664        163     0.6750  0.000e+00
     10.224    20.2182   4.327224    31.0602        164     0.6792  0.000e+00
     10.437    20.2241   4.327224    31.0558        165     0.6833  0.000e+00
     10.641    20.2312   4.327472    31.0525        166     0.6875  0.000e+00
     10.841    20.2327   4.327673    31.0529        167     0.6917  0.000e+00
     11.031    20.2242   4.327825    31.0604        168     0.6958  0.000e+00
     11.217    20.2068   4.327825    31.0730        169     0.7000  0.000e+00
     11.406    20.1852   4.327673    31.0877        170     0.7042  0.000e+00
     11.585    20.1630   4.327777    31.1048        171     0.7083  0.000e+00
     11.769    20.1399   4.327702    31.1211        172     0.7125  0.000e+00
     11.957    20.1222   4.327246    31.1305        173     0.7167  0.000e+00
     12.147    20.1119   4.326832    31.1347        174     0.7208  0.000e+00
     12.335    20.1069   4.326770    31.1378        175     0.7250  0.000e+00
     12.532    20.1045   4.327102    31.1422        176     0.7292  0.000e+00
     12.732    20.1024   4.327178    31.1443        177     0.7333  0.000e+00
     12.945    20.1026   4.327074    31.1433        178     0.7375  0.000e+00
     13.153    20.1047   4.327047    31.1414        179     0.7417  0.000e+00
     13.366    20.1081   4.327199    31.1400        180     0.7458  0.000e+00
     13.585    20.1122   4.327323    31.1379        181     0.7500  0.000e+00
     13.798    20.1158   4.327447    31.1362        182     0.7542  0.000e+00
     14.017    20.1170   4.327751    31.1377        183     0.7583  0.000e+00
     14.226    20.1140   4.328014    31.1419        184     0.7625  0.000e+00
     14.436    20.0894   4.328325    31.1626        185     0.7667  0.000e+00
     14.639    19.9690   4.327277    31.2432        186     0.7708  0.000e+00
     14.841    19.8007   4.320175    31.3108        187     0.7750  0.000e+00
     15.045    19.5981   4.310630    31.3847        188     0.7792  0.000e+00
     15.242    19.3779   4.297863    31.4461        189     0.7833  0.000e+00
     15.437    19.1411   4.285869    31.5267        190     0.7875  0.000e+00
     15.634    18.9236   4.278706    31.6330        191     0.7917  0.000e+00
     15.832    18.7118   4.275279    31.7668        192     0.7958  0.000e+00
     16.038    18.5237   4.275399    31.9129        193     0.8000  0.000e+00
     16.246    18.3907   4.277724    32.0355        194     0.8042  0.000e+00
     16.456    18.3038   4.277670    32.1027        195     0.8083  0.000e+00
     16.660    18.2393   4.275431    32.1344        196     0.8125  0.000e+00
     16.868    18.1738   4.270945    32.1480        197     0.8167  0.000e+00
     17.077    18.0875   4.259590    32.1200        198     0.8208  0.000e+00
     17.282    17.9670   4.247310    32.1110        199     0.8250  0.000e+00
     17.481    17.8322   4.237222    32.1317        200     0.8292  0.000e+00
     17.679    17.7096   4.222199    32.1010        201     0.8333  0.000e+00
     17.872    17.5545   4.204741    32.0748        202     0.8375  0.000e+00
     18.062    17.3449   4.186285    32.0831        203     0.8417  0.000e+00
     18.250    17.0896   4.165673    32.1090        204     0.8458  0.000e+00
     18.433    16.8167   4.142472    32.1265        205     0.8500  0.000e+00
     18.614    16.5363   4.122566    32.1785        206     0.8542  0.000e+00
     18.796    16.2573   4.102058    32.2244        207     0.8583  0.000e+00
     18.976    15.9903   4.090010    32.3353        208     0.8625  0.000e+00
     19.160    15.7464   4.078555    32.4334        209     0.8667  0.000e+00
     19.349    15.5558   4.070237    32.5162        210     0.8708  0.000e+00
     19.545    15.4000   4.067976    32.6249        211     0.8750  0.000e+00
     19.750    15.2557   4.074633    32.8048        212     0.8792  0.000e+00
     19.956    15.1442   4.079419    32.9413        213     0.8833  0.000e+00
     20.165    15.0528   4.084363    33.0629        214     0.8875  0.000e+00
     20.381    14.9620   4.088377    33.1762        215     0.8917  0.000e+00
