HB2303/sbe109.cnv
* Sea-Bird SBE 19plus V2 Data File:
* FileName = C:\cruise\data\sbe109.hex
* Software Version Seasave V 7.26.7.121
* Temperature SN = 6128
* Conductivity SN = 6128
* System UpLoad Time = Aug 19 2023 05:00:53
* NMEA Latitude = 42 10.09 N
* NMEA Longitude = 066 33.73 W
* NMEA UTC (Time) = Aug 19 2023 05:00:48
** Ship: Henry Bigelow
** Cruise:  HB2303
** Program:  ECOMON
# nquan = 7
# nvalues = 2632                                  
# units = specified
# name 0 = depSM: Depth [salt water, m]
# name 1 = tv290C: Temperature [ITS-90, deg C]
# name 2 = c0S/m: Conductivity [S/m]
# name 3 = sal00: Salinity, Practical [PSU]
# name 4 = scan: Scan Count
# name 5 = timeM: Time, Elapsed [minutes]
# name 6 = flag:  0.000e+00
# span 0 =     -0.304,    155.509                 
# span 1 =     7.8377,    20.0620                 
# span 2 =   0.001668,   4.370229                 
# span 3 =     0.0154,    34.3343                 
# span 4 =         11,       2642                 
# span 5 =     0.0417,    11.0042                 
# span 6 = 0.0000e+00, 0.0000e+00                 
# interval = seconds: 0.25
# start_time = Aug 19 2023 05:00:48 [NMEA time, header]
# bad_flag = -9.990e-29
*END*
[from data line 821]
    103.355     7.9225   3.424518    32.9182        832     3.4625  0.000e+00
    103.513     7.9202   3.424600    32.9212        833     3.4667  0.000e+00
    103.666     7.9183   3.424644    32.9234        834     3.4708  0.000e+00
    103.814     7.9172   3.424650    32.9244        835     3.4750  0.000e+00
    103.964     7.9165   3.424682    32.9253        836     3.4792  0.000e+00
    104.114     7.9158   3.424713    32.9263        837     3.4833  0.000e+00
    104.266     7.9150   3.424763    32.9275        838     3.4875  0.000e+00
    104.411     7.9145   3.424763    32.9279        839     3.4917  0.000e+00
    104.564     7.9131   3.424782    32.9293        840     3.4958  0.000e+00
    104.718     7.9118   3.424789    32.9306        841     3.5000  0.000e+00
    104.873     7.9110   3.424889    32.9323        842     3.5042  0.000e+00
    105.034     7.9103   3.424808    32.9320        843     3.5083  0.000e+00
    105.198     7.9090   3.424889    32.9341        844     3.5125  0.000e+00
    105.359     7.9079   3.424889    32.9351        845     3.5167  0.000e+00
    105.529     7.9080   3.424915    32.9351        846     3.5208  0.000e+00
    105.697     7.9078   3.424959    32.9357        847     3.5250  0.000e+00
    105.870     7.9071   3.425103    32.9378        848     3.5292  0.000e+00
    106.050     7.9066   3.425059    32.9377        849     3.5333  0.000e+00
    106.229     7.9067   3.425179    32.9388        850     3.5375  0.000e+00
    106.415     7.9065   3.425248    32.9397        851     3.5417  0.000e+00
    106.596     7.9059   3.425242    32.9401        852     3.5458  0.000e+00
    106.773     7.9049   3.425223    32.9407        853     3.5500  0.000e+00
    106.946     7.9037   3.425267    32.9423        854     3.5542  0.000e+00
    107.112     7.9026   3.425330    32.9439        855     3.5583  0.000e+00
    107.268     7.9021   3.425330    32.9443        856     3.5625  0.000e+00
    107.414     7.9013   3.425223    32.9439        857     3.5667  0.000e+00
    107.553     7.8997   3.425142    32.9444        858     3.5708  0.000e+00
    107.674     7.8974   3.425204    32.9472        859     3.5750  0.000e+00
    107.790     7.8950   3.425267    32.9501        860     3.5792  0.000e+00
    107.901     7.8929   3.425374    32.9532        861     3.5833  0.000e+00
    108.015     7.8901   3.425462    32.9567        862     3.5875  0.000e+00
    108.131     7.8862   3.425519    32.9609        863     3.5917  0.000e+00
    108.254     7.8827   3.425519    32.9642        864     3.5958  0.000e+00
    108.390     7.8805   3.425576    32.9667        865     3.6000  0.000e+00
    108.534     7.8798   3.425664    32.9683        866     3.6042  0.000e+00
    108.690     7.8799   3.425683    32.9683        867     3.6083  0.000e+00
    108.859     7.8803   3.425664    32.9677        868     3.6125  0.000e+00
    109.029     7.8809   3.425771    32.9681        869     3.6167  0.000e+00
    109.212     7.8817   3.425815    32.9678        870     3.6208  0.000e+00
    109.400     7.8822   3.425852    32.9676        871     3.6250  0.000e+00
    109.600     7.8824   3.425947    32.9684        872     3.6292  0.000e+00
    109.797     7.8825   3.426041    32.9692        873     3.6333  0.000e+00
    109.990     7.8823   3.426104    32.9700        874     3.6375  0.000e+00
    110.176     7.8816   3.426167    32.9712        875     3.6417  0.000e+00
    110.353     7.8806   3.426249    32.9729        876     3.6458  0.000e+00
    110.516     7.8799   3.426362    32.9747        877     3.6500  0.000e+00
    110.669     7.8792   3.426418    32.9759        878     3.6542  0.000e+00
    110.817     7.8789   3.426563    32.9777        879     3.6583  0.000e+00
    110.964     7.8786   3.426538    32.9776        880     3.6625  0.000e+00
    111.108     7.8774   3.426626    32.9797        881     3.6667  0.000e+00
    111.251     7.8756   3.426752    32.9826        882     3.6708  0.000e+00
    111.388     7.8737   3.426846    32.9854        883     3.6750  0.000e+00
    111.523     7.8722   3.426878    32.9871        884     3.6792  0.000e+00
    111.653     7.8711   3.426934    32.9886        885     3.6833  0.000e+00
    111.778     7.8698   3.426878    32.9891        886     3.6875  0.000e+00
    111.905     7.8683   3.426978    32.9916        887     3.6917  0.000e+00
    112.026     7.8662   3.427180    32.9957        888     3.6958  0.000e+00
    112.158     7.8640   3.427255    32.9986        889     3.7000  0.000e+00
    112.290     7.8626   3.427286    33.0002        890     3.7042  0.000e+00
    112.429     7.8618   3.427274    33.0007        891     3.7083  0.000e+00
    112.568     7.8615   3.427211    33.0002        892     3.7125  0.000e+00
    112.718     7.8607   3.427180    33.0006        893     3.7167  0.000e+00
    112.872     7.8598   3.427230    33.0019        894     3.7208  0.000e+00
    113.034     7.8593   3.427287    33.0029        895     3.7250  0.000e+00
    113.203     7.8596   3.427375    33.0034        896     3.7292  0.000e+00
    113.377     7.8600   3.427438    33.0037        897     3.7333  0.000e+00
    113.554     7.8600   3.427419    33.0034        898     3.7375  0.000e+00
    113.736     7.8600   3.427463    33.0038        899     3.7417  0.000e+00
    113.917     7.8600   3.427444    33.0035        900     3.7458  0.000e+00
    114.098     7.8598   3.427526    33.0045        901     3.7500  0.000e+00
    114.272     7.8595   3.427777    33.0073        902     3.7542  0.000e+00
    114.449     7.8593   3.427884    33.0086        903     3.7583  0.000e+00
    114.615     7.8592   3.427897    33.0087        904     3.7625  0.000e+00
    114.783     7.8587   3.428023    33.0105        905     3.7667  0.000e+00
    114.935     7.8581   3.428149    33.0124        906     3.7708  0.000e+00
    115.083     7.8570   3.428274    33.0147        907     3.7750  0.000e+00
    115.229     7.8555   3.428369    33.0170        908     3.7792  0.000e+00
    115.359     7.8539   3.428419    33.0190        909     3.7833  0.000e+00
    115.490     7.8527   3.428526    33.0212        910     3.7875  0.000e+00
    115.612     7.8515   3.428589    33.0229        911     3.7917  0.000e+00
    115.742     7.8505   3.428652    33.0245        912     3.7958  0.000e+00
    115.863     7.8494   3.428784    33.0269        913     3.8000  0.000e+00
    115.984     7.8485   3.429004    33.0300        914     3.8042  0.000e+00
    116.107     7.8480   3.429130    33.0319        915     3.8083  0.000e+00
    116.239     7.8473   3.429243    33.0336        916     3.8125  0.000e+00
    116.376     7.8476   3.429362    33.0346        917     3.8167  0.000e+00
    116.522     7.8483   3.429375    33.0340        918     3.8208  0.000e+00
    116.674     7.8487   3.429344    33.0332        919     3.8250  0.000e+00
    116.836     7.8490   3.429318    33.0325        920     3.8292  0.000e+00
    117.004     7.8489   3.429268    33.0320        921     3.8333  0.000e+00
    117.179     7.8489   3.429237    33.0316        922     3.8375  0.000e+00
    117.361     7.8490   3.429281    33.0320        923     3.8417  0.000e+00
    117.549     7.8489   3.429243    33.0315        924     3.8458  0.000e+00
    117.737     7.8490   3.429218    33.0311        925     3.8500  0.000e+00
    117.913     7.8486   3.429489    33.0342        926     3.8542  0.000e+00
    118.088     7.8483   3.429614    33.0358        927     3.8583  0.000e+00
    118.262     7.8479   3.429803    33.0381        928     3.8625  0.000e+00
    118.415     7.8477   3.429904    33.0393        929     3.8667  0.000e+00
    118.563     7.8476   3.430092    33.0414        930     3.8708  0.000e+00
    118.702     7.8471   3.430124    33.0421        931     3.8750  0.000e+00
    118.830     7.8466   3.430363    33.0451        932     3.8792  0.000e+00
    118.944     7.8454   3.430470    33.0473        933     3.8833  0.000e+00
    119.053     7.8441   3.430545    33.0493        934     3.8875  0.000e+00
    119.156     7.8432   3.430552    33.0501        935     3.8917  0.000e+00
    119.274     7.8429   3.430721    33.0522        936     3.8958  0.000e+00
    119.377     7.8430   3.430853    33.0535        937     3.9000  0.000e+00
    119.480     7.8427   3.430866    33.0538        938     3.9042  0.000e+00
    119.601     7.8421   3.430853    33.0542        939     3.9083  0.000e+00
    119.724     7.8414   3.430866    33.0550        940     3.9125  0.000e+00
    119.855     7.8411   3.430948    33.0560        941     3.9167  0.000e+00
    119.993     7.8413   3.431005    33.0564        942     3.9208  0.000e+00
    120.137     7.8418   3.431055    33.0564        943     3.9250  0.000e+00
    120.290     7.8428   3.431049    33.0553        944     3.9292  0.000e+00
    120.449     7.8434   3.431011    33.0543        945     3.9333  0.000e+00
    120.616     7.8436   3.431036    33.0543        946     3.9375  0.000e+00
    120.788     7.8436   3.431005    33.0539        947     3.9417  0.000e+00
    120.958     7.8434   3.431055    33.0545        948     3.9458  0.000e+00
    121.138     7.8432   3.431162    33.0558        949     3.9500  0.000e+00
    121.311     7.8434   3.431250    33.0565        950     3.9542  0.000e+00
    121.487     7.8435   3.431263    33.0564        951     3.9583  0.000e+00
    121.649     7.8435   3.431294    33.0567        952     3.9625  0.000e+00
    121.806     7.8431   3.431389    33.0579        953     3.9667  0.000e+00
    121.960     7.8427   3.431452    33.0589        954     3.9708  0.000e+00
    122.117     7.8424   3.431603    33.0608        955     3.9750  0.000e+00
    122.268     7.8424   3.431722    33.0620        956     3.9792  0.000e+00
    122.420     7.8427   3.431892    33.0635        957     3.9833  0.000e+00
    122.571     7.8427   3.431974    33.0643        958     3.9875  0.000e+00
    122.723     7.8425   3.432081    33.0655        959     3.9917  0.000e+00
    122.879     7.8421   3.432106    33.0660        960     3.9958  0.000e+00
    123.041     7.8420   3.432163    33.0667        961     4.0000  0.000e+00
    123.200     7.8420   3.432314    33.0682        962     4.0042  0.000e+00
    123.360     7.8421   3.432307    33.0680        963     4.0083  0.000e+00
    123.519     7.8418   3.432414    33.0693        964     4.0125  0.000e+00
    123.678     7.8417   3.432546    33.0708        965     4.0167  0.000e+00
    123.840     7.8415   3.432685    33.0724        966     4.0208  0.000e+00
    123.994     7.8415   3.432899    33.0746        967     4.0250  0.000e+00
    124.139     7.8413   3.433031    33.0762        968     4.0292  0.000e+00
    124.281     7.8411   3.433188    33.0779        969     4.0333  0.000e+00
    124.408     7.8407   3.433459    33.0811        970     4.0375  0.000e+00
    124.538     7.8404   3.433628    33.0832        971     4.0417  0.000e+00
    124.661     7.8402   3.433798    33.0851        972     4.0458  0.000e+00
    124.779     7.8397   3.434000    33.0877        973     4.0500  0.000e+00
    124.892     7.8392   3.434213    33.0904        974     4.0542  0.000e+00
    125.019     7.8390   3.434446    33.0931        975     4.0583  0.000e+00
    125.151     7.8386   3.434597    33.0949        976     4.0625  0.000e+00
    125.295     7.8389   3.434654    33.0953        977     4.0667  0.000e+00
    125.432     7.8394   3.434673    33.0949        978     4.0708  0.000e+00
    125.584     7.8397   3.434660    33.0944        979     4.0750  0.000e+00
    125.737     7.8399   3.434673    33.0943        980     4.0792  0.000e+00
    125.900     7.8401   3.434704    33.0943        981     4.0833  0.000e+00
    126.064     7.8405   3.434761    33.0945        982     4.0875  0.000e+00
    126.227     7.8407   3.435013    33.0969        983     4.0917  0.000e+00
    126.395     7.8407   3.435170    33.0986        984     4.0958  0.000e+00
    126.558     7.8407   3.435384    33.1008        985     4.1000  0.000e+00
    126.707     7.8406   3.435491    33.1020        986     4.1042  0.000e+00
    126.862     7.8406   3.435806    33.1052        987     4.1083  0.000e+00
    127.007     7.8410   3.436473    33.1119        988     4.1125  0.000e+00
    127.149     7.8413   3.436598    33.1129        989     4.1167  0.000e+00
    127.296     7.8415   3.437335    33.1205        990     4.1208  0.000e+00
    127.436     7.8417   3.438128    33.1288        991     4.1250  0.000e+00
    127.588     7.8418   3.438323    33.1307        992     4.1292  0.000e+00
    127.732     7.8427   3.438379    33.1303        993     4.1333  0.000e+00
    127.893     7.8431   3.438279    33.1288        994     4.1375  0.000e+00
    128.052     7.8432   3.438298    33.1289        995     4.1417  0.000e+00
    128.217     7.8431   3.438298    33.1288        996     4.1458  0.000e+00
    128.389     7.8431   3.438317    33.1290        997     4.1500  0.000e+00
    128.553     7.8431   3.438323    33.1290        998     4.1542  0.000e+00
    128.717     7.8432   3.438468    33.1304        999     4.1583  0.000e+00
    128.887     7.8433   3.438606    33.1317       1000     4.1625  0.000e+00
    129.042     7.8437   3.438946    33.1348       1001     4.1667  0.000e+00
    129.189     7.8438   3.439116    33.1365       1002     4.1708  0.000e+00
    129.328     7.8439   3.439292    33.1382       1003     4.1750  0.000e+00
    129.460     7.8436   3.439620    33.1419       1004     4.1792  0.000e+00
    129.590     7.8438   3.439846    33.1441       1005     4.1833  0.000e+00
    129.712     7.8438   3.439953    33.1452       1006     4.1875  0.000e+00
    129.837     7.8438   3.440060    33.1463       1007     4.1917  0.000e+00
    129.960     7.8439   3.440375    33.1495       1008     4.1958  0.000e+00
    130.093     7.8439   3.440703    33.1529       1009     4.2000  0.000e+00
    130.218     7.8445   3.440961    33.1551       1010     4.2042  0.000e+00
    130.348     7.8448   3.441294    33.1584       1011     4.2083  0.000e+00
    130.487     7.8450   3.441804    33.1635       1012     4.2125  0.000e+00
    130.620     7.8452   3.442302    33.1686       1013     4.2167  0.000e+00
    130.759     7.8458   3.442340    33.1684       1014     4.2208  0.000e+00
    130.900     7.8466   3.442617    33.1705       1015     4.2250  0.000e+00
    131.046     7.8474   3.442680    33.1704       1016     4.2292  0.000e+00
    131.198     7.8480   3.443001    33.1732       1017     4.2333  0.000e+00
    131.361     7.8485   3.443435    33.1772       1018     4.2375  0.000e+00
    131.527     7.8495   3.443372    33.1755       1019     4.2417  0.000e+00
    131.701     7.8504   3.443416    33.1751       1020     4.2458  0.000e+00
    131.879     7.8509   3.444172    33.1826       1021     4.2500  0.000e+00
    132.063     7.8520   3.444802    33.1882       1022     4.2542  0.000e+00
    132.255     7.8534   3.445054    33.1895       1023     4.2583  0.000e+00
    132.441     7.8546   3.445533    33.1934       1024     4.2625  0.000e+00
    132.627     7.8555   3.446099    33.1985       1025     4.2667  0.000e+00
    132.813     7.8567   3.446534    33.2019       1026     4.2708  0.000e+00
    132.987     7.8581   3.446774    33.2031       1027     4.2750  0.000e+00
    133.151     7.8593   3.448141    33.2165       1028     4.2792  0.000e+00
    133.304     7.8614   3.449697    33.2311       1029     4.2833  0.000e+00
    133.446     7.8645   3.450434    33.2360       1030     4.2875  0.000e+00
    133.584     7.8676   3.452117    33.2510       1031     4.2917  0.000e+00
    133.708     7.8711   3.453396    33.2612       1032     4.2958  0.000e+00
    133.833     7.8750   3.455988    33.2852       1033     4.3000  0.000e+00
    133.947     7.8806   3.458542    33.3071       1034     4.3042  0.000e+00
    134.055     7.8877   3.459210    33.3075       1035     4.3083  0.000e+00
