HB2303/sbe153.cnv
* Sea-Bird SBE 19plus V2 Data File:
* FileName = C:\cruise\data\sbe153.hex
* Software Version Seasave V 7.26.7.121
* Temperature SN = 6128
* Conductivity SN = 6128
* System UpLoad Time = Aug 22 2023 21:56:15
* NMEA Latitude = 42 29.10 N
* NMEA Longitude = 069 18.97 W
* NMEA UTC (Time) = Aug 22 2023 21:56:10
** Ship: Henry Bigelow
** Cruise:  HB2303
** Program:  ECOMON
# nquan = 7
# nvalues = 2363                                  
# units = specified
# name 0 = depSM: Depth [salt water, m]
# name 1 = tv290C: Temperature [ITS-90, deg C]
# name 2 = c0S/m: Conductivity [S/m]
# name 3 = sal00: Salinity, Practical [PSU]
# name 4 = scan: Scan Count
# name 5 = timeM: Time, Elapsed [minutes]
# name 6 = flag:  0.000e+00
# span 0 =     -0.170,    221.013                 
# span 1 =     6.7547,    20.6416                 
# span 2 =   0.012573,   4.366400                 
# span 3 =     0.0713,    34.2357                 
# span 4 =         11,       2373                 
# span 5 =     0.0417,     9.8833                 
# span 6 = 0.0000e+00, 0.0000e+00                 
# interval = seconds: 0.25
# start_time = Aug 22 2023 21:56:10 [NMEA time, header]
# bad_flag = -9.990e-29
*END*
[from data line 616]
    100.092     7.0829   3.356130    32.9786        627     2.6083  0.000e+00
    100.296     7.0834   3.356211    32.9789        628     2.6125  0.000e+00
    100.515     7.0824   3.356280    32.9805        629     2.6167  0.000e+00
    100.734     7.0805   3.356386    32.9833        630     2.6208  0.000e+00
    100.962     7.0791   3.356616    32.9871        631     2.6250  0.000e+00
    101.198     7.0784   3.356841    32.9900        632     2.6292  0.000e+00
    101.443     7.0782   3.356878    32.9906        633     2.6333  0.000e+00
    101.692     7.0774   3.356841    32.9908        634     2.6375  0.000e+00
    101.952     7.0752   3.356985    32.9943        635     2.6417  0.000e+00
    102.211     7.0734   3.357184    32.9982        636     2.6458  0.000e+00
    102.470     7.0719   3.357415    33.0020        637     2.6500  0.000e+00
    102.720     7.0714   3.357658    33.0049        638     2.6542  0.000e+00
    102.962     7.0721   3.357721    33.0049        639     2.6583  0.000e+00
    103.191     7.0719   3.357777    33.0056        640     2.6625  0.000e+00
    103.410     7.0705   3.357802    33.0071        641     2.6667  0.000e+00
    103.614     7.0692   3.357939    33.0097        642     2.6708  0.000e+00
    103.806     7.0680   3.358301    33.0147        643     2.6750  0.000e+00
    103.989     7.0671   3.358207    33.0145        644     2.6792  0.000e+00
    104.162     7.0665   3.358575    33.0190        645     2.6833  0.000e+00
    104.334     7.0661   3.358451    33.0179        646     2.6875  0.000e+00
    104.500     7.0659   3.359105    33.0252        647     2.6917  0.000e+00
    104.666     7.0669   3.361001    33.0448        648     2.6958  0.000e+00
    104.832     7.0709   3.361962    33.0514        649     2.7000  0.000e+00
    105.002     7.0762   3.362186    33.0487        650     2.7042  0.000e+00
    105.175     7.0808   3.362717    33.0499        651     2.7083  0.000e+00
    105.352     7.0844   3.362810    33.0475        652     2.7125  0.000e+00
    105.540     7.0878   3.362916    33.0453        653     2.7167  0.000e+00
    105.731     7.0909   3.363428    33.0477        654     2.7208  0.000e+00
    105.925     7.0942   3.363815    33.0488        655     2.7250  0.000e+00
    106.132     7.0972   3.364451    33.0527        656     2.7292  0.000e+00
    106.340     7.0998   3.365325    33.0596        657     2.7333  0.000e+00
    106.556     7.1028   3.365780    33.0616        658     2.7375  0.000e+00
    106.771     7.1058   3.366205    33.0633        659     2.7417  0.000e+00
    106.988     7.1087   3.366635    33.0651        660     2.7458  0.000e+00
    107.203     7.1108   3.366891    33.0657        661     2.7500  0.000e+00
    107.416     7.1124   3.366966    33.0649        662     2.7542  0.000e+00
    107.638     7.1136   3.366935    33.0634        663     2.7583  0.000e+00
    107.866     7.1137   3.366941    33.0632        664     2.7625  0.000e+00
    108.093     7.1128   3.367023    33.0649        665     2.7667  0.000e+00
    108.330     7.1124   3.367085    33.0658        666     2.7708  0.000e+00
    108.576     7.1118   3.367004    33.0654        667     2.7750  0.000e+00
    108.827     7.1106   3.367004    33.0664        668     2.7792  0.000e+00
    109.088     7.1088   3.366861    33.0664        669     2.7833  0.000e+00
    109.350     7.1075   3.367129    33.0705        670     2.7875  0.000e+00
    109.617     7.1064   3.367516    33.0756        671     2.7917  0.000e+00
    109.879     7.1066   3.367841    33.0789        672     2.7958  0.000e+00
    110.130     7.1074   3.368028    33.0800        673     2.8000  0.000e+00
    110.369     7.1078   3.368528    33.0849        674     2.8042  0.000e+00
    110.600     7.1084   3.368765    33.0869        675     2.8083  0.000e+00
    110.809     7.1090   3.369152    33.0904        676     2.8125  0.000e+00
    111.005     7.1097   3.369315    33.0914        677     2.8167  0.000e+00
    111.192     7.1102   3.369308    33.0907        678     2.8208  0.000e+00
    111.359     7.1106   3.369377    33.0911        679     2.8250  0.000e+00
    111.527     7.1105   3.369696    33.0945        680     2.8292  0.000e+00
    111.688     7.1102   3.369889    33.0969        681     2.8333  0.000e+00
    111.841     7.1101   3.370014    33.0982        682     2.8375  0.000e+00
    111.995     7.1102   3.370251    33.1006        683     2.8417  0.000e+00
    112.156     7.1105   3.370464    33.1026        684     2.8458  0.000e+00
    112.319     7.1114   3.370682    33.1041        685     2.8500  0.000e+00
    112.498     7.1129   3.370932    33.1052        686     2.8542  0.000e+00
    112.673     7.1151   3.371157    33.1055        687     2.8583  0.000e+00
    112.865     7.1174   3.371488    33.1068        688     2.8625  0.000e+00
    113.055     7.1196   3.371675    33.1067        689     2.8667  0.000e+00
    113.249     7.1212   3.372081    33.1094        690     2.8708  0.000e+00
    113.459     7.1224   3.372537    33.1131        691     2.8750  0.000e+00
    113.658     7.1241   3.373062    33.1172        692     2.8792  0.000e+00
    113.862     7.1263   3.373593    33.1207        693     2.8833  0.000e+00
    114.063     7.1287   3.373843    33.1211        694     2.8875  0.000e+00
    114.259     7.1306   3.374136    33.1223        695     2.8917  0.000e+00
    114.449     7.1328   3.374318    33.1221        696     2.8958  0.000e+00
    114.635     7.1345   3.374499    33.1224        697     2.9000  0.000e+00
    114.821     7.1356   3.374724    33.1237        698     2.9042  0.000e+00
    115.012     7.1366   3.374867    33.1242        699     2.9083  0.000e+00
    115.213     7.1380   3.374974    33.1239        700     2.9125  0.000e+00
    115.415     7.1389   3.375017    33.1234        701     2.9167  0.000e+00
    115.631     7.1396   3.375061    33.1232        702     2.9208  0.000e+00
    115.869     7.1397   3.375155    33.1239        703     2.9250  0.000e+00
    116.124     7.1402   3.375411    33.1261        704     2.9292  0.000e+00
    116.393     7.1412   3.375586    33.1270        705     2.9333  0.000e+00
    116.676     7.1424   3.375886    33.1289        706     2.9375  0.000e+00
    116.966     7.1437   3.376674    33.1361        707     2.9417  0.000e+00
    117.252     7.1466   3.378148    33.1492        708     2.9458  0.000e+00
    117.541     7.1517   3.379298    33.1567        709     2.9500  0.000e+00
    117.810     7.1581   3.379942    33.1575        710     2.9542  0.000e+00
    118.067     7.1642   3.381230    33.1655        711     2.9583  0.000e+00
    118.295     7.1706   3.382518    33.1732        712     2.9625  0.000e+00
    118.501     7.1777   3.382981    33.1714        713     2.9667  0.000e+00
    118.684     7.1835   3.383925    33.1761        714     2.9708  0.000e+00
    118.843     7.1888   3.384994    33.1825        715     2.9750  0.000e+00
    118.993     7.1946   3.386370    33.1919        716     2.9792  0.000e+00
    119.125     7.2013   3.387259    33.1950        717     2.9833  0.000e+00
    119.250     7.2078   3.387734    33.1938        718     2.9875  0.000e+00
    119.381     7.2133   3.388804    33.2001        719     2.9917  0.000e+00
    119.510     7.2189   3.388560    33.1920        720     2.9958  0.000e+00
    119.655     7.2227   3.388429    33.1870        721     3.0000  0.000e+00
    119.816     7.2243   3.389036    33.1919        722     3.0042  0.000e+00
    119.988     7.2264   3.389317    33.1929        723     3.0083  0.000e+00
    120.185     7.2294   3.389755    33.1946        724     3.0125  0.000e+00
    120.400     7.2324   3.390325    33.1979        725     3.0167  0.000e+00
    120.632     7.2354   3.390926    33.2014        726     3.0208  0.000e+00
    120.886     7.2386   3.391639    33.2060        727     3.0250  0.000e+00
    121.145     7.2421   3.392303    33.2097        728     3.0292  0.000e+00
    121.416     7.2452   3.392685    33.2107        729     3.0333  0.000e+00
    121.692     7.2481   3.393092    33.2122        730     3.0375  0.000e+00
    121.965     7.2510   3.393593    33.2148        731     3.0417  0.000e+00
    122.234     7.2537   3.393937    33.2158        732     3.0458  0.000e+00
    122.484     7.2564   3.394356    33.2176        733     3.0500  0.000e+00
    122.715     7.2589   3.394513    33.2168        734     3.0542  0.000e+00
    122.923     7.2606   3.394789    33.2181        735     3.0583  0.000e+00
    123.102     7.2624   3.394970    33.2183        736     3.0625  0.000e+00
    123.267     7.2634   3.395227    33.2200        737     3.0667  0.000e+00
    123.411     7.2640   3.395753    33.2251        738     3.0708  0.000e+00
    123.543     7.2644   3.395766    33.2247        739     3.0750  0.000e+00
    123.667     7.2653   3.396292    33.2296        740     3.0792  0.000e+00
    123.788     7.2662   3.396423    33.2301        741     3.0833  0.000e+00
    123.924     7.2668   3.396248    33.2275        742     3.0875  0.000e+00
    124.066     7.2674   3.396492    33.2295        743     3.0917  0.000e+00
    124.221     7.2680   3.396292    33.2267        744     3.0958  0.000e+00
    124.398     7.2684   3.397263    33.2368        745     3.1000  0.000e+00
    124.589     7.2699   3.397833    33.2415        746     3.1042  0.000e+00
    124.805     7.2724   3.398854    33.2500        747     3.1083  0.000e+00
    125.039     7.2754   3.399142    33.2502        748     3.1125  0.000e+00
    125.290     7.2780   3.399556    33.2520        749     3.1167  0.000e+00
    125.550     7.2803   3.399969    33.2542        750     3.1208  0.000e+00
    125.825     7.2820   3.400257    33.2555        751     3.1250  0.000e+00
    126.116     7.2836   3.400552    33.2571        752     3.1292  0.000e+00
    126.402     7.2848   3.400771    33.2582        753     3.1333  0.000e+00
    126.689     7.2859   3.400903    33.2584        754     3.1375  0.000e+00
    126.970     7.2866   3.401003    33.2587        755     3.1417  0.000e+00
    127.234     7.2871   3.401166    33.2599        756     3.1458  0.000e+00
    127.488     7.2876   3.401292    33.2606        757     3.1500  0.000e+00
    127.714     7.2879   3.401392    33.2613        758     3.1542  0.000e+00
    127.929     7.2884   3.401423    33.2610        759     3.1583  0.000e+00
    128.125     7.2886   3.401543    33.2621        760     3.1625  0.000e+00
    128.298     7.2887   3.401687    33.2635        761     3.1667  0.000e+00
    128.453     7.2889   3.401831    33.2648        762     3.1708  0.000e+00
    128.593     7.2890   3.402364    33.2703        763     3.1750  0.000e+00
    128.730     7.2906   3.402884    33.2744        764     3.1792  0.000e+00
    128.868     7.2928   3.402646    33.2697        765     3.1833  0.000e+00
    129.005     7.2940   3.402489    33.2668        766     3.1875  0.000e+00
    129.155     7.2941   3.402947    33.2715        767     3.1917  0.000e+00
    129.325     7.2949   3.403410    33.2757        768     3.1958  0.000e+00
    129.509     7.2972   3.403649    33.2760        769     3.2000  0.000e+00
    129.710     7.2995   3.404062    33.2781        770     3.2042  0.000e+00
    129.942     7.3018   3.404834    33.2842        771     3.2083  0.000e+00
    130.192     7.3052   3.406087    33.2944        772     3.2125  0.000e+00
    130.457     7.3102   3.407047    33.2999        773     3.2167  0.000e+00
    130.736     7.3162   3.407943    33.3038        774     3.2208  0.000e+00
    131.019     7.3219   3.408709    33.3064        775     3.2250  0.000e+00
    131.298     7.3273   3.409618    33.3110        776     3.2292  0.000e+00
    131.572     7.3325   3.410628    33.3168        777     3.2333  0.000e+00
    131.823     7.3383   3.411425    33.3197        778     3.2375  0.000e+00
    132.055     7.3440   3.412027    33.3207        779     3.2417  0.000e+00
    132.246     7.3486   3.412755    33.3240        780     3.2458  0.000e+00
    132.413     7.3530   3.413602    33.3289        781     3.2500  0.000e+00
    132.548     7.3576   3.414393    33.3330        782     3.2542  0.000e+00
    132.668     7.3621   3.415227    33.3377        783     3.2583  0.000e+00
    132.769     7.3670   3.415397    33.3348        784     3.2625  0.000e+00
    132.863     7.3709   3.415911    33.3365        785     3.2667  0.000e+00
    132.955     7.3739   3.416006    33.3346        786     3.2708  0.000e+00
    133.060     7.3764   3.416389    33.3363        787     3.2750  0.000e+00
    133.182     7.3785   3.416514    33.3356        788     3.2792  0.000e+00
    133.334     7.3805   3.416294    33.3312        789     3.2833  0.000e+00
    133.514     7.3815   3.416558    33.3331        790     3.2875  0.000e+00
    133.729     7.3826   3.416797    33.3344        791     3.2917  0.000e+00
    133.970     7.3841   3.417745    33.3432        792     3.2958  0.000e+00
    134.240     7.3872   3.418611    33.3495        793     3.3000  0.000e+00
    134.540     7.3911   3.419716    33.3576        794     3.3042  0.000e+00
    134.861     7.3964   3.420784    33.3639        795     3.3083  0.000e+00
    135.195     7.4022   3.422141    33.3728        796     3.3125  0.000e+00
    135.539     7.4093   3.423008    33.3752        797     3.3167  0.000e+00
    135.870     7.4159   3.423303    33.3718        798     3.3208  0.000e+00
    136.186     7.4214   3.424220    33.3764        799     3.3250  0.000e+00
    136.478     7.4267   3.425263    33.3825        800     3.3292  0.000e+00
    136.744     7.4321   3.425917    33.3842        801     3.3333  0.000e+00
    136.977     7.4375   3.428959    33.4117        802     3.3375  0.000e+00
    137.172     7.4466   3.430952    33.4245        803     3.3417  0.000e+00
    137.320     7.4582   3.432568    33.4307        804     3.3458  0.000e+00
    137.443     7.4702   3.434077    33.4355        805     3.3500  0.000e+00
    137.553     7.4812   3.437027    33.4567        806     3.3542  0.000e+00
    137.660     7.4943   3.438097    33.4556        807     3.3583  0.000e+00
    137.750     7.5065   3.438556    33.4487        808     3.3625  0.000e+00
    137.839     7.5152   3.438305    33.4376        809     3.3667  0.000e+00
    137.947     7.5199   3.438053    33.4304        810     3.3708  0.000e+00
    138.079     7.5218   3.438065    33.4286        811     3.3750  0.000e+00
    138.234     7.5229   3.438953    33.4370        812     3.3792  0.000e+00
    138.404     7.5252   3.439563    33.4413        813     3.3833  0.000e+00
    138.608     7.5283   3.440205    33.4452        814     3.3875  0.000e+00
    138.841     7.5320   3.440967    33.4498        815     3.3917  0.000e+00
    139.103     7.5363   3.441508    33.4513        816     3.3958  0.000e+00
    139.385     7.5406   3.442232    33.4548        817     3.4000  0.000e+00
    139.680     7.5448   3.442730    33.4560        818     3.4042  0.000e+00
    139.985     7.5487   3.443171    33.4569        819     3.4083  0.000e+00
    140.287     7.5523   3.443517    33.4570        820     3.4125  0.000e+00
    140.587     7.5558   3.443712    33.4557        821     3.4167  0.000e+00
    140.867     7.5583   3.444134    33.4577        822     3.4208  0.000e+00
    141.125     7.5606   3.444487    33.4591        823     3.4250  0.000e+00
    141.358     7.5627   3.444531    33.4575        824     3.4292  0.000e+00
    141.568     7.5642   3.444764    33.4584        825     3.4333  0.000e+00
    141.747     7.5657   3.444909    33.4585        826     3.4375  0.000e+00
    141.902     7.5669   3.445161    33.4599        827     3.4417  0.000e+00
    142.042     7.5682   3.445457    33.4618        828     3.4458  0.000e+00
    142.172     7.5699   3.446068    33.4667        829     3.4500  0.000e+00
    142.291     7.5725   3.446043    33.4639        830     3.4542  0.000e+00
