HB2303/sbe128.cnv
* Sea-Bird SBE 19plus V2 Data File:
* FileName = C:\cruise\data\sbe128.hex
* Software Version Seasave V 7.26.7.121
* Temperature SN = 6128
* Conductivity SN = 6128
* System UpLoad Time = Aug 20 2023 22:36:18
* NMEA Latitude = 43 51.75 N
* NMEA Longitude = 067 40.03 W
* NMEA UTC (Time) = Aug 20 2023 22:36:14
** Ship: Henry Bigelow
** Cruise:  HB2303
** Program:  ECOMON
# nquan = 7
# nvalues = 4823                                  
# units = specified
# name 0 = depSM: Depth [salt water, m]
# name 1 = tv290C: Temperature [ITS-90, deg C]
# name 2 = c0S/m: Conductivity [S/m]
# name 3 = sal00: Salinity, Practical [PSU]
# name 4 = scan: Scan Count
# name 5 = timeM: Time, Elapsed [minutes]
# name 6 = flag:  0.000e+00
# span 0 =     -0.275,    200.663                 
# span 1 =     7.8345,    20.6076                 
# span 2 =   0.000530,   4.388893                 
# span 3 =     0.0112,    34.5130                 
# span 4 =         11,       4833                 
# span 5 =     0.0417,    20.1333                 
# span 6 = 0.0000e+00, 0.0000e+00                 
# interval = seconds: 0.25
# start_time = Aug 20 2023 22:36:14 [NMEA time, header]
# bad_flag = -9.990e-29
*END*
[from data line 1642]
    199.877     9.0829   3.684813    34.5114       1653     6.8833  0.000e+00
    199.865     9.0828   3.684793    34.5114       1654     6.8875  0.000e+00
    199.852     9.0826   3.684748    34.5111       1655     6.8917  0.000e+00
    199.828     9.0825   3.684793    34.5117       1656     6.8958  0.000e+00
    199.806     9.0825   3.684793    34.5117       1657     6.9000  0.000e+00
    199.779     9.0826   3.684813    34.5118       1658     6.9042  0.000e+00
    199.750     9.0826   3.684819    34.5119       1659     6.9083  0.000e+00
    199.701     9.0826   3.684813    34.5119       1660     6.9125  0.000e+00
    199.652     9.0825   3.684767    34.5115       1661     6.9167  0.000e+00
    199.597     9.0826   3.684767    34.5114       1662     6.9208  0.000e+00
    199.530     9.0825   3.684748    34.5113       1663     6.9250  0.000e+00
    199.456     9.0826   3.684677    34.5106       1664     6.9292  0.000e+00
    199.372     9.0823   3.684631    34.5104       1665     6.9333  0.000e+00
    199.283     9.0822   3.684657    34.5108       1666     6.9375  0.000e+00
    199.198     9.0822   3.684702    34.5114       1667     6.9417  0.000e+00
    199.115     9.0822   3.684728    34.5116       1668     6.9458  0.000e+00
    199.028     9.0823   3.684748    34.5118       1669     6.9500  0.000e+00
    198.952     9.0823   3.684722    34.5116       1670     6.9542  0.000e+00
    198.873     9.0825   3.684657    34.5107       1671     6.9583  0.000e+00
    198.803     9.0823   3.684644    34.5108       1672     6.9625  0.000e+00
    198.728     9.0822   3.684631    34.5108       1673     6.9667  0.000e+00
    198.659     9.0820   3.684586    34.5105       1674     6.9708  0.000e+00
    198.592     9.0819   3.684612    34.5109       1675     6.9750  0.000e+00
    198.525     9.0820   3.684566    34.5104       1676     6.9792  0.000e+00
    198.458     9.0819   3.684515    34.5100       1677     6.9833  0.000e+00
    198.392     9.0817   3.684540    34.5105       1678     6.9875  0.000e+00
    198.322     9.0817   3.684495    34.5100       1679     6.9917  0.000e+00
    198.253     9.0816   3.684476    34.5100       1680     6.9958  0.000e+00
    198.179     9.0816   3.684553    34.5108       1681     7.0000  0.000e+00
    198.104     9.0815   3.684540    34.5108       1682     7.0042  0.000e+00
    198.019     9.0816   3.684495    34.5103       1683     7.0083  0.000e+00
    197.927     9.0815   3.684495    34.5104       1684     7.0125  0.000e+00
    197.834     9.0815   3.684476    34.5103       1685     7.0167  0.000e+00
    197.731     9.0815   3.684404    34.5096       1686     7.0208  0.000e+00
    197.626     9.0814   3.684294    34.5086       1687     7.0250  0.000e+00
    197.518     9.0812   3.684178    34.5076       1688     7.0292  0.000e+00
    197.402     9.0809   3.683770    34.5037       1689     7.0333  0.000e+00
    197.288     9.0802   3.683887    34.5056       1690     7.0375  0.000e+00
    197.167     9.0799   3.683971    34.5069       1691     7.0417  0.000e+00
    197.051     9.0797   3.683725    34.5045       1692     7.0458  0.000e+00
    196.933     9.0794   3.683337    34.5009       1693     7.0500  0.000e+00
    196.824     9.0786   3.683473    34.5030       1694     7.0542  0.000e+00
    196.717     9.0782   3.683731    34.5063       1695     7.0583  0.000e+00
    196.613     9.0784   3.683925    34.5081       1696     7.0625  0.000e+00
    196.515     9.0787   3.683815    34.5067       1697     7.0667  0.000e+00
    196.426     9.0789   3.683725    34.5056       1698     7.0708  0.000e+00
    196.337     9.0791   3.683473    34.5029       1699     7.0750  0.000e+00
    196.248     9.0786   3.683246    34.5010       1700     7.0792  0.000e+00
    196.158     9.0780   3.683220    34.5013       1701     7.0833  0.000e+00
    196.067     9.0776   3.683337    34.5030       1702     7.0875  0.000e+00
    195.971     9.0774   3.683246    34.5023       1703     7.0917  0.000e+00
    195.875     9.0774   3.682936    34.4991       1704     7.0958  0.000e+00
    195.775     9.0769   3.682949    34.4997       1705     7.1000  0.000e+00
    195.679     9.0765   3.682949    34.5002       1706     7.1042  0.000e+00
    195.580     9.0763   3.682929    34.5002       1707     7.1083  0.000e+00
    195.484     9.0763   3.682936    34.5003       1708     7.1125  0.000e+00
    195.389     9.0762   3.682858    34.4997       1709     7.1167  0.000e+00
    195.295     9.0760   3.682793    34.4993       1710     7.1208  0.000e+00
    195.200     9.0760   3.682722    34.4985       1711     7.1250  0.000e+00
    195.103     9.0758   3.682657    34.4981       1712     7.1292  0.000e+00
    195.006     9.0755   3.682670    34.4986       1713     7.1333  0.000e+00
    194.903     9.0756   3.682612    34.4980       1714     7.1375  0.000e+00
    194.793     9.0753   3.682612    34.4982       1715     7.1417  0.000e+00
    194.682     9.0753   3.682495    34.4971       1716     7.1458  0.000e+00
    194.563     9.0751   3.682476    34.4971       1717     7.1500  0.000e+00
    194.439     9.0751   3.682476    34.4972       1718     7.1542  0.000e+00
    194.314     9.0748   3.682450    34.4972       1719     7.1583  0.000e+00
    194.188     9.0748   3.682250    34.4952       1720     7.1625  0.000e+00
    194.058     9.0746   3.682178    34.4948       1721     7.1667  0.000e+00
    193.934     9.0742   3.682172    34.4951       1722     7.1708  0.000e+00
    193.813     9.0742   3.682133    34.4948       1723     7.1750  0.000e+00
    193.710     9.0741   3.682152    34.4951       1724     7.1792  0.000e+00
    193.601     9.0739   3.681997    34.4937       1725     7.1833  0.000e+00
    193.507     9.0738   3.681939    34.4933       1726     7.1875  0.000e+00
    193.422     9.0737   3.681971    34.4938       1727     7.1917  0.000e+00
    193.339     9.0737   3.682016    34.4943       1728     7.1958  0.000e+00
    193.262     9.0735   3.682016    34.4945       1729     7.2000  0.000e+00
    193.190     9.0737   3.681997    34.4942       1730     7.2042  0.000e+00
    193.116     9.0737   3.681978    34.4940       1731     7.2083  0.000e+00
    193.047     9.0737   3.681997    34.4942       1732     7.2125  0.000e+00
    192.969     9.0738   3.681926    34.4934       1733     7.2167  0.000e+00
    192.889     9.0735   3.681952    34.4940       1734     7.2208  0.000e+00
    192.805     9.0735   3.681906    34.4936       1735     7.2250  0.000e+00
    192.715     9.0735   3.681913    34.4937       1736     7.2292  0.000e+00
    192.615     9.0736   3.681926    34.4938       1737     7.2333  0.000e+00
    192.503     9.0735   3.681880    34.4934       1738     7.2375  0.000e+00
    192.382     9.0734   3.681906    34.4939       1739     7.2417  0.000e+00
    192.249     9.0736   3.681874    34.4934       1740     7.2458  0.000e+00
    192.117     9.0734   3.681835    34.4932       1741     7.2500  0.000e+00
    191.976     9.0734   3.681861    34.4935       1742     7.2542  0.000e+00
    191.831     9.0733   3.681925    34.4944       1743     7.2583  0.000e+00
    191.697     9.0734   3.681880    34.4939       1744     7.2625  0.000e+00
    191.561     9.0734   3.681744    34.4926       1745     7.2667  0.000e+00
    191.434     9.0734   3.681544    34.4905       1746     7.2708  0.000e+00
    191.322     9.0732   3.681498    34.4903       1747     7.2750  0.000e+00
    191.219     9.0730   3.681453    34.4901       1748     7.2792  0.000e+00
    191.123     9.0728   3.681414    34.4899       1749     7.2833  0.000e+00
    191.036     9.0727   3.681408    34.4900       1750     7.2875  0.000e+00
    190.960     9.0728   3.681408    34.4899       1751     7.2917  0.000e+00
    190.889     9.0727   3.681427    34.4902       1752     7.2958  0.000e+00
    190.822     9.0727   3.681427    34.4903       1753     7.3000  0.000e+00
    190.760     9.0727   3.681505    34.4912       1754     7.3042  0.000e+00
    190.702     9.0728   3.681563    34.4916       1755     7.3083  0.000e+00
    190.642     9.0728   3.681634    34.4924       1756     7.3125  0.000e+00
    190.584     9.0729   3.681679    34.4928       1757     7.3167  0.000e+00
    190.521     9.0730   3.681608    34.4921       1758     7.3208  0.000e+00
    190.454     9.0730   3.681589    34.4919       1759     7.3250  0.000e+00
    190.376     9.0728   3.681589    34.4920       1760     7.3292  0.000e+00
    190.292     9.0729   3.681498    34.4911       1761     7.3333  0.000e+00
    190.206     9.0727   3.681427    34.4905       1762     7.3375  0.000e+00
    190.106     9.0728   3.681440    34.4907       1763     7.3417  0.000e+00
    189.994     9.0728   3.681427    34.4906       1764     7.3458  0.000e+00
    189.876     9.0728   3.681382    34.4902       1765     7.3500  0.000e+00
    189.749     9.0728   3.681407    34.4905       1766     7.3542  0.000e+00
    189.615     9.0728   3.681498    34.4915       1767     7.3583  0.000e+00
    189.480     9.0728   3.681524    34.4918       1768     7.3625  0.000e+00
    189.339     9.0727   3.681362    34.4903       1769     7.3667  0.000e+00
    189.210     9.0728   3.681452    34.4912       1770     7.3708  0.000e+00
    189.081     9.0727   3.681608    34.4930       1771     7.3750  0.000e+00
    188.965     9.0728   3.681439    34.4912       1772     7.3792  0.000e+00
    188.855     9.0728   3.681472    34.4916       1773     7.3833  0.000e+00
    188.755     9.0728   3.681381    34.4906       1774     7.3875  0.000e+00
    188.665     9.0728   3.681200    34.4888       1775     7.3917  0.000e+00
    188.590     9.0725   3.681200    34.4891       1776     7.3958  0.000e+00
    188.522     9.0724   3.681071    34.4879       1777     7.4000  0.000e+00
    188.455     9.0725   3.681064    34.4878       1778     7.4042  0.000e+00
    188.395     9.0723   3.681019    34.4875       1779     7.4083  0.000e+00
    188.340     9.0722   3.680993    34.4874       1780     7.4125  0.000e+00
    188.278     9.0721   3.680974    34.4873       1781     7.4167  0.000e+00
    188.222     9.0722   3.680961    34.4871       1782     7.4208  0.000e+00
    188.162     9.0722   3.680948    34.4870       1783     7.4250  0.000e+00
    188.093     9.0722   3.680928    34.4869       1784     7.4292  0.000e+00
    188.030     9.0722   3.680948    34.4871       1785     7.4333  0.000e+00
    187.955     9.0722   3.680922    34.4868       1786     7.4375  0.000e+00
    187.880     9.0721   3.680928    34.4870       1787     7.4417  0.000e+00
    187.796     9.0723   3.680902    34.4866       1788     7.4458  0.000e+00
    187.702     9.0720   3.680928    34.4872       1789     7.4500  0.000e+00
    187.615     9.0720   3.680902    34.4869       1790     7.4542  0.000e+00
    187.513     9.0722   3.680896    34.4868       1791     7.4583  0.000e+00
    187.401     9.0722   3.680883    34.4867       1792     7.4625  0.000e+00
    187.283     9.0723   3.680883    34.4866       1793     7.4667  0.000e+00
    187.169     9.0722   3.680883    34.4868       1794     7.4708  0.000e+00
    187.048     9.0721   3.680883    34.4869       1795     7.4750  0.000e+00
    186.923     9.0722   3.680876    34.4869       1796     7.4792  0.000e+00
    186.803     9.0720   3.680857    34.4868       1797     7.4833  0.000e+00
    186.682     9.0721   3.680837    34.4866       1798     7.4875  0.000e+00
    186.568     9.0722   3.680837    34.4866       1799     7.4917  0.000e+00
    186.448     9.0721   3.680811    34.4865       1800     7.4958  0.000e+00
    186.338     9.0722   3.680792    34.4863       1801     7.5000  0.000e+00
    186.237     9.0723   3.680811    34.4864       1802     7.5042  0.000e+00
    186.148     9.0722   3.680792    34.4863       1803     7.5083  0.000e+00
    186.055     9.0722   3.680792    34.4864       1804     7.5125  0.000e+00
    185.978     9.0721   3.680792    34.4865       1805     7.5167  0.000e+00
    185.909     9.0722   3.680792    34.4865       1806     7.5208  0.000e+00
    185.842     9.0723   3.680766    34.4861       1807     7.5250  0.000e+00
    185.780     9.0721   3.680766    34.4863       1808     7.5292  0.000e+00
    185.722     9.0722   3.680766    34.4863       1809     7.5333  0.000e+00
    185.668     9.0722   3.680746    34.4861       1810     7.5375  0.000e+00
    185.606     9.0722   3.680746    34.4861       1811     7.5417  0.000e+00
    185.555     9.0722   3.680746    34.4862       1812     7.5458  0.000e+00
    185.484     9.0721   3.680721    34.4860       1813     7.5500  0.000e+00
    185.417     9.0721   3.680720    34.4860       1814     7.5542  0.000e+00
    185.343     9.0722   3.680720    34.4860       1815     7.5583  0.000e+00
    185.259     9.0722   3.680675    34.4855       1816     7.5625  0.000e+00
    185.171     9.0721   3.680675    34.4856       1817     7.5667  0.000e+00
    185.080     9.0722   3.680675    34.4856       1818     7.5708  0.000e+00
    184.982     9.0721   3.680636    34.4853       1819     7.5750  0.000e+00
    184.879     9.0721   3.680630    34.4853       1820     7.5792  0.000e+00
    184.779     9.0722   3.680610    34.4850       1821     7.5833  0.000e+00
    184.685     9.0722   3.680584    34.4849       1822     7.5875  0.000e+00
    184.580     9.0720   3.680552    34.4847       1823     7.5917  0.000e+00
    184.479     9.0721   3.680520    34.4844       1824     7.5958  0.000e+00
    184.381     9.0720   3.680520    34.4845       1825     7.6000  0.000e+00
    184.279     9.0721   3.680520    34.4844       1826     7.6042  0.000e+00
    184.180     9.0721   3.680520    34.4845       1827     7.6083  0.000e+00
    184.082     9.0721   3.680507    34.4844       1828     7.6125  0.000e+00
    183.986     9.0720   3.680494    34.4844       1829     7.6167  0.000e+00
    183.899     9.0720   3.680520    34.4847       1830     7.6208  0.000e+00
    183.815     9.0721   3.680494    34.4844       1831     7.6250  0.000e+00
    183.734     9.0720   3.680474    34.4843       1832     7.6292  0.000e+00
    183.658     9.0720   3.680461    34.4842       1833     7.6333  0.000e+00
    183.589     9.0719   3.680474    34.4845       1834     7.6375  0.000e+00
    183.515     9.0719   3.680448    34.4842       1835     7.6417  0.000e+00
    183.444     9.0720   3.680448    34.4842       1836     7.6458  0.000e+00
    183.366     9.0720   3.680442    34.4842       1837     7.6500  0.000e+00
    183.291     9.0720   3.680429    34.4841       1838     7.6542  0.000e+00
    183.208     9.0720   3.680448    34.4843       1839     7.6583  0.000e+00
    183.123     9.0721   3.680448    34.4842       1840     7.6625  0.000e+00
    183.027     9.0722   3.680429    34.4840       1841     7.6667  0.000e+00
    182.938     9.0723   3.680422    34.4839       1842     7.6708  0.000e+00
    182.842     9.0722   3.680429    34.4841       1843     7.6750  0.000e+00
    182.755     9.0722   3.680429    34.4842       1844     7.6792  0.000e+00
    182.650     9.0723   3.680403    34.4838       1845     7.6833  0.000e+00
    182.560     9.0723   3.680403    34.4838       1846     7.6875  0.000e+00
    182.463     9.0723   3.680332    34.4832       1847     7.6917  0.000e+00
    182.366     9.0721   3.680247    34.4825       1848     7.6958  0.000e+00
    182.279     9.0721   3.680267    34.4827       1849     7.7000  0.000e+00
    182.181     9.0722   3.680131    34.4813       1850     7.7042  0.000e+00
    182.090     9.0719   3.679232    34.4723       1851     7.7083  0.000e+00
    181.996     9.0705   3.678612    34.4671       1852     7.7125  0.000e+00
    181.902     9.0685   3.679135    34.4746       1853     7.7167  0.000e+00
    181.805     9.0677   3.678405    34.4678       1854     7.7208  0.000e+00
    181.710     9.0668   3.678340    34.4681       1855     7.7250  0.000e+00
    181.608     9.0659   3.678198    34.4674       1856     7.7292  0.000e+00
