HB2303/sbe163.cnv
* Sea-Bird SBE 19plus V2 Data File:
* FileName = C:\cruise\data\sbe163.hex
* Software Version Seasave V 7.26.7.121
* Temperature SN = 6128
* Conductivity SN = 6128
* System UpLoad Time = Aug 23 2023 21:27:34
* NMEA Latitude = 41 01.21 N
* NMEA Longitude = 069 23.70 W
* NMEA UTC (Time) = Aug 23 2023 21:27:30
** Ship: Henry Bigelow
** Cruise:  HB2303
** Program:  ECOMON
# nquan = 7
# nvalues = 1465                                  
# units = specified
# name 0 = depSM: Depth [salt water, m]
# name 1 = tv290C: Temperature [ITS-90, deg C]
# name 2 = c0S/m: Conductivity [S/m]
# name 3 = sal00: Salinity, Practical [PSU]
# name 4 = scan: Scan Count
# name 5 = timeM: Time, Elapsed [minutes]
# name 6 = flag:  0.000e+00
# span 0 =     -0.159,     37.996                 
# span 1 =    12.4966,    22.4682                 
# span 2 =   0.000664,   4.019359                 
# span 3 =     0.0123,    33.2051                 
# span 4 =         11,       1475                 
# span 5 =     0.0417,     6.1417                 
# span 6 = 0.0000e+00, 0.0000e+00                 
# interval = seconds: 0.25
# start_time = Aug 23 2023 21:27:30 [NMEA time, header]
# bad_flag = -9.990e-29
*END*
[from data line 411]
     21.053    12.6380   3.714178    31.6731        422     1.7542  0.000e+00
     21.138    12.6481   3.714963    31.6721        423     1.7583  0.000e+00
     21.233    12.6585   3.715871    31.6719        424     1.7625  0.000e+00
     21.342    12.6689   3.715190    31.6566        425     1.7667  0.000e+00
     21.461    12.6728   3.715054    31.6520        426     1.7708  0.000e+00
     21.600    12.6738   3.714930    31.6500        427     1.7750  0.000e+00
     21.763    12.6734   3.715099    31.6519        428     1.7792  0.000e+00
     21.932    12.6734   3.714820    31.6491        429     1.7833  0.000e+00
     22.122    12.6728   3.713516    31.6372        430     1.7875  0.000e+00
     22.310    12.6663   3.712556    31.6335        431     1.7917  0.000e+00
     22.500    12.6574   3.712186    31.6374        432     1.7958  0.000e+00
     22.711    12.6491   3.710993    31.6329        433     1.8000  0.000e+00
     22.911    12.6389   3.710740    31.6390        434     1.8042  0.000e+00
     23.117    12.6312   3.710766    31.6457        435     1.8083  0.000e+00
     23.303    12.6266   3.710513    31.6470        436     1.8125  0.000e+00
     23.480    12.6232   3.710085    31.6458        437     1.8167  0.000e+00
     23.636    12.6194   3.709852    31.6467        438     1.8208  0.000e+00
     23.778    12.6160   3.709391    31.6451        439     1.8250  0.000e+00
     23.903    12.6118   3.708840    31.6434        440     1.8292  0.000e+00
     24.020    12.6064   3.708516    31.6448        441     1.8333  0.000e+00
     24.132    12.6016   3.708497    31.6486        442     1.8375  0.000e+00
     24.242    12.5982   3.708341    31.6499        443     1.8417  0.000e+00
     24.349    12.5956   3.707972    31.6485        444     1.8458  0.000e+00
     24.472    12.5925   3.707583    31.6474        445     1.8500  0.000e+00
     24.593    12.5886   3.707032    31.6454        446     1.8542  0.000e+00
     24.719    12.5841   3.706986    31.6487        447     1.8583  0.000e+00
     24.860    12.5807   3.706708    31.6489        448     1.8625  0.000e+00
     25.006    12.5777   3.706533    31.6496        449     1.8667  0.000e+00
     25.176    12.5753   3.707855    31.6642        450     1.8708  0.000e+00
     25.344    12.5783   3.707745    31.6606        451     1.8750  0.000e+00
     25.522    12.5820   3.708102    31.6608        452     1.8792  0.000e+00
     25.697    12.5854   3.708044    31.6573        453     1.8833  0.000e+00
     25.878    12.5878   3.707998    31.6548        454     1.8875  0.000e+00
     26.060    12.5883   3.707363    31.6483        455     1.8917  0.000e+00
     26.246    12.5860   3.707285    31.6493        456     1.8958  0.000e+00
     26.427    12.5836   3.707311    31.6515        457     1.9000  0.000e+00
     26.590    12.5824   3.707149    31.6510        458     1.9042  0.000e+00
     26.740    12.5810   3.706754    31.6483        459     1.9083  0.000e+00
     26.872    12.5785   3.706598    31.6489        460     1.9125  0.000e+00
     27.000    12.5760   3.706326    31.6483        461     1.9167  0.000e+00
     27.126    12.5732   3.706326    31.6506        462     1.9208  0.000e+00
     27.244    12.5715   3.706209    31.6509        463     1.9250  0.000e+00
     27.362    12.5701   3.705846    31.6486        464     1.9292  0.000e+00
     27.486    12.5674   3.705710    31.6495        465     1.9333  0.000e+00
     27.614    12.5650   3.706099    31.6552        466     1.9375  0.000e+00
     27.755    12.5652   3.706190    31.6559        467     1.9417  0.000e+00
     27.898    12.5664   3.706073    31.6536        468     1.9458  0.000e+00
     28.044    12.5667   3.705665    31.6495        469     1.9500  0.000e+00
     28.197    12.5652   3.705710    31.6511        470     1.9542  0.000e+00
     28.364    12.5637   3.705711    31.6522        471     1.9583  0.000e+00
     28.521    12.5627   3.705477    31.6508        472     1.9625  0.000e+00
     28.689    12.5615   3.705665    31.6536        473     1.9667  0.000e+00
     28.851    12.5613   3.705685    31.6539        474     1.9708  0.000e+00
     29.019    12.5613   3.705432    31.6514        475     1.9750  0.000e+00
     29.191    12.5605   3.705458    31.6522        476     1.9792  0.000e+00
     29.361    12.5598   3.705361    31.6518        477     1.9833  0.000e+00
     29.519    12.5590   3.705296    31.6518        478     1.9875  0.000e+00
     29.669    12.5580   3.704998    31.6498        479     1.9917  0.000e+00
     29.806    12.5561   3.704907    31.6505        480     1.9958  0.000e+00
     29.950    12.5540   3.704661    31.6498        481     2.0000  0.000e+00
     30.088    12.5517   3.704544    31.6506        482     2.0042  0.000e+00
     30.221    12.5497   3.704084    31.6479        483     2.0083  0.000e+00
     30.355    12.5469   3.703650    31.6460        484     2.0125  0.000e+00
     30.496    12.5431   3.703728    31.6499        485     2.0167  0.000e+00
     30.642    12.5400   3.703287    31.6483        486     2.0208  0.000e+00
     30.793    12.5368   3.703605    31.6540        487     2.0250  0.000e+00
     30.949    12.5359   3.704227    31.6605        488     2.0292  0.000e+00
     31.115    12.5384   3.704176    31.6579        489     2.0333  0.000e+00
     31.280    12.5407   3.704201    31.6561        490     2.0375  0.000e+00
     31.452    12.5417   3.704039    31.6536        491     2.0417  0.000e+00
     31.624    12.5415   3.703813    31.6516        492     2.0458  0.000e+00
     31.788    12.5403   3.703541    31.6500        493     2.0500  0.000e+00
     31.954    12.5382   3.703152    31.6479        494     2.0542  0.000e+00
     32.108    12.5350   3.703035    31.6495        495     2.0583  0.000e+00
     32.252    12.5319   3.702944    31.6512        496     2.0625  0.000e+00
     32.395    12.5295   3.702420    31.6482        497     2.0667  0.000e+00
     32.534    12.5262   3.702193    31.6487        498     2.0708  0.000e+00
     32.673    12.5225   3.701837    31.6484        499     2.0750  0.000e+00
     32.818    12.5187   3.701733    31.6506        500     2.0792  0.000e+00
     32.966    12.5156   3.701986    31.6555        501     2.0833  0.000e+00
     33.109    12.5147   3.701778    31.6542        502     2.0875  0.000e+00
     33.257    12.5138   3.701727    31.6544        503     2.0917  0.000e+00
     33.403    12.5130   3.701688    31.6547        504     2.0958  0.000e+00
     33.557    12.5120   3.701617    31.6548        505     2.1000  0.000e+00
     33.701    12.5113   3.701805    31.6571        506     2.1042  0.000e+00
     33.864    12.5116   3.702012    31.6588        507     2.1083  0.000e+00
     34.031    12.5127   3.702168    31.6593        508     2.1125  0.000e+00
     34.199    12.5145   3.702330    31.6592        509     2.1167  0.000e+00
     34.363    12.5164   3.702168    31.6560        510     2.1208  0.000e+00
     34.539    12.5170   3.702032    31.6541        511     2.1250  0.000e+00
     34.708    12.5165   3.701986    31.6541        512     2.1292  0.000e+00
     34.885    12.5157   3.702097    31.6557        513     2.1333  0.000e+00
     35.055    12.5156   3.701987    31.6546        514     2.1375  0.000e+00
     35.228    12.5154   3.702013    31.6550        515     2.1417  0.000e+00
     35.402    12.5150   3.701987    31.6551        516     2.1458  0.000e+00
     35.575    12.5146   3.701825    31.6537        517     2.1500  0.000e+00
     35.743    12.5139   3.701948    31.6555        518     2.1542  0.000e+00
     35.918    12.5136   3.701851    31.6548        519     2.1583  0.000e+00
     36.083    12.5134   3.701780    31.6542        520     2.1625  0.000e+00
     36.249    12.5126   3.701715    31.6541        521     2.1667  0.000e+00
     36.404    12.5119   3.701728    31.6548        522     2.1708  0.000e+00
     36.561    12.5113   3.701896    31.6568        523     2.1750  0.000e+00
     36.708    12.5119   3.701871    31.6560        524     2.1792  0.000e+00
     36.858    12.5120   3.701618    31.6535        525     2.1833  0.000e+00
     36.995    12.5112   3.701508    31.6530        526     2.1875  0.000e+00
     37.136    12.5098   3.701599    31.6550        527     2.1917  0.000e+00
     37.277    12.5092   3.701618    31.6556        528     2.1958  0.000e+00
     37.420    12.5091   3.701229    31.6520        529     2.2000  0.000e+00
     37.492    12.5076   3.701035    31.6514        530     2.2042  0.000e+00
     37.530    12.5055   3.701028    31.6531        531     2.2083  0.000e+00
     37.524    12.5042   3.701029    31.6542        532     2.2125  0.000e+00
     37.494    12.5034   3.700970    31.6543        533     2.2167  0.000e+00
     37.477    12.5026   3.700847    31.6538        534     2.2208  0.000e+00
     37.473    12.5018   3.700776    31.6538        535     2.2250  0.000e+00
     37.464    12.5010   3.700685    31.6536        536     2.2292  0.000e+00
     37.444    12.5002   3.700640    31.6539        537     2.2333  0.000e+00
     37.406    12.4995   3.700640    31.6544        538     2.2375  0.000e+00
     37.365    12.4991   3.700659    31.6550        539     2.2417  0.000e+00
     37.328    12.4987   3.700659    31.6553        540     2.2458  0.000e+00
     37.302    12.4987   3.700685    31.6556        541     2.2500  0.000e+00
     37.269    12.4988   3.700640    31.6551        542     2.2542  0.000e+00
     37.238    12.4987   3.700640    31.6552        543     2.2583  0.000e+00
     37.225    12.4985   3.700614    31.6551        544     2.2625  0.000e+00
     37.218    12.4985   3.700575    31.6548        545     2.2667  0.000e+00
     37.221    12.4983   3.700614    31.6553        546     2.2708  0.000e+00
     37.243    12.4982   3.700659    31.6558        547     2.2750  0.000e+00
     37.282    12.4983   3.700614    31.6553        548     2.2792  0.000e+00
     37.337    12.4982   3.700640    31.6556        549     2.2833  0.000e+00
     37.407    12.4983   3.700659    31.6557        550     2.2875  0.000e+00
     37.483    12.4984   3.700569    31.6547        551     2.2917  0.000e+00
     37.571    12.4981   3.700575    31.6549        552     2.2958  0.000e+00
     37.663    12.4980   3.700614    31.6554        553     2.3000  0.000e+00
     37.759    12.4980   3.700705    31.6562        554     2.3042  0.000e+00
     37.844    12.4984   3.700750    31.6563        555     2.3083  0.000e+00
     37.909    12.4990   3.700795    31.6562        556     2.3125  0.000e+00
     37.960    12.4994   3.700802    31.6559        557     2.3167  0.000e+00
     37.989    12.5000   3.700776    31.6551        558     2.3208  0.000e+00
     37.996    12.4999   3.700750    31.6550        559     2.3250  0.000e+00
     37.975    12.5000   3.700750    31.6549        560     2.3292  0.000e+00
     37.933    12.5001   3.700659    31.6539        561     2.3333  0.000e+00
     37.871    12.4998   3.700685    31.6545        562     2.3375  0.000e+00
     37.792    12.4999   3.700685    31.6544        563     2.3417  0.000e+00
     37.696    12.4999   3.700666    31.6542        564     2.3458  0.000e+00
     37.589    12.4999   3.700594    31.6536        565     2.3500  0.000e+00
     37.486    12.4994   3.700549    31.6537        566     2.3542  0.000e+00
     37.389    12.4991   3.700568    31.6541        567     2.3583  0.000e+00
     37.282    12.4989   3.700555    31.6543        568     2.3625  0.000e+00
     37.199    12.4989   3.700549    31.6542        569     2.3667  0.000e+00
     37.125    12.4987   3.700504    31.6539        570     2.3708  0.000e+00
     37.065    12.4987   3.700504    31.6540        571     2.3750  0.000e+00
     37.020    12.4986   3.700529    31.6543        572     2.3792  0.000e+00
     37.002    12.4987   3.700614    31.6551        573     2.3833  0.000e+00
     37.002    12.4989   3.700659    31.6553        574     2.3875  0.000e+00
     37.021    12.4993   3.700640    31.6548        575     2.3917  0.000e+00
     37.047    12.4996   3.700685    31.6550        576     2.3958  0.000e+00
     37.096    12.4999   3.700704    31.6548        577     2.4000  0.000e+00
     37.143    12.5002   3.700659    31.6542        578     2.4042  0.000e+00
     37.195    12.5003   3.700620    31.6537        579     2.4083  0.000e+00
     37.248    12.4999   3.700640    31.6542        580     2.4125  0.000e+00
     37.308    12.4997   3.700640    31.6543        581     2.4167  0.000e+00
     37.354    12.4998   3.700640    31.6542        582     2.4208  0.000e+00
     37.398    12.4997   3.700666    31.6546        583     2.4250  0.000e+00
     37.438    12.4998   3.700659    31.6544        584     2.4292  0.000e+00
     37.469    12.4998   3.700640    31.6542        585     2.4333  0.000e+00
     37.486    12.4999   3.700594    31.6537        586     2.4375  0.000e+00
     37.501    12.4997   3.700594    31.6539        587     2.4417  0.000e+00
     37.501    12.4993   3.700594    31.6542        588     2.4458  0.000e+00
     37.499    12.4993   3.700568    31.6539        589     2.4500  0.000e+00
     37.495    12.4990   3.700569    31.6542        590     2.4542  0.000e+00
     37.493    12.4989   3.700556    31.6542        591     2.4583  0.000e+00
     37.494    12.4987   3.700549    31.6542        592     2.4625  0.000e+00
     37.480    12.4987   3.700523    31.6540        593     2.4667  0.000e+00
     37.460    12.4985   3.700491    31.6539        594     2.4708  0.000e+00
     37.437    12.4984   3.700504    31.6541        595     2.4750  0.000e+00
     37.403    12.4983   3.700478    31.6540        596     2.4792  0.000e+00
     37.350    12.4983   3.700549    31.6547        597     2.4833  0.000e+00
     37.289    12.4985   3.700555    31.6546        598     2.4875  0.000e+00
     37.215    12.4987   3.700523    31.6541        599     2.4917  0.000e+00
     37.153    12.4991   3.700504    31.6536        600     2.4958  0.000e+00
     37.088    12.4991   3.700523    31.6538        601     2.5000  0.000e+00
     37.027    12.4991   3.700465    31.6533        602     2.5042  0.000e+00
     36.967    12.4988   3.700432    31.6533        603     2.5083  0.000e+00
     36.909    12.4985   3.700432    31.6535        604     2.5125  0.000e+00
     36.860    12.4982   3.700432    31.6538        605     2.5167  0.000e+00
     36.817    12.4983   3.700465    31.6541        606     2.5208  0.000e+00
     36.775    12.4980   3.700478    31.6545        607     2.5250  0.000e+00
     36.745    12.4985   3.700503    31.6543        608     2.5292  0.000e+00
     36.723    12.4987   3.700458    31.6537        609     2.5333  0.000e+00
     36.707    12.4986   3.700445    31.6537        610     2.5375  0.000e+00
     36.689    12.4984   3.700458    31.6540        611     2.5417  0.000e+00
     36.661    12.4983   3.700432    31.6538        612     2.5458  0.000e+00
     36.638    12.4982   3.700387    31.6535        613     2.5500  0.000e+00
     36.605    12.4979   3.700465    31.6545        614     2.5542  0.000e+00
     36.574    12.4979   3.700413    31.6540        615     2.5583  0.000e+00
     36.526    12.4981   3.700477    31.6545        616     2.5625  0.000e+00
     36.470    12.4983   3.700860    31.6579        617     2.5667  0.000e+00
     36.396    12.5003   3.700801    31.6558        618     2.5708  0.000e+00
     36.316    12.5017   3.700730    31.6539        619     2.5750  0.000e+00
     36.218    12.5024   3.701093    31.6568        620     2.5792  0.000e+00
     36.124    12.5041   3.700879    31.6534        621     2.5833  0.000e+00
     36.021    12.5045   3.700801    31.6523        622     2.5875  0.000e+00
     35.920    12.5039   3.700477    31.6498        623     2.5917  0.000e+00
     35.822    12.5024   3.700250    31.6490        624     2.5958  0.000e+00
     35.743    12.4999   3.700250    31.6511        625     2.6000  0.000e+00
