HB2303/sbe167.cnv
* Sea-Bird SBE 19plus V2 Data File:
* FileName = C:\cruise\data\sbe167.hex
* Software Version Seasave V 7.26.7.121
* Temperature SN = 6128
* Conductivity SN = 6128
* System UpLoad Time = Aug 24 2023 05:47:58
* NMEA Latitude = 41 02.92 N
* NMEA Longitude = 070 15.05 W
* NMEA UTC (Time) = Aug 24 2023 05:47:54
** Ship: Henry Bigelow
** Cruise:  HB2303
** Program:  ECOMON
# nquan = 7
# nvalues = 1985                                  
# units = specified
# name 0 = depSM: Depth [salt water, m]
# name 1 = tv290C: Temperature [ITS-90, deg C]
# name 2 = c0S/m: Conductivity [S/m]
# name 3 = sal00: Salinity, Practical [PSU]
# name 4 = scan: Scan Count
# name 5 = timeM: Time, Elapsed [minutes]
# name 6 = flag:  0.000e+00
# span 0 =     -0.059,     26.482                 
# span 1 =    16.0432,    18.3835                 
# span 2 =   0.001871,   4.198113                 
# span 3 =     0.0159,    31.6844                 
# span 4 =         11,       1995                 
# span 5 =     0.0417,     8.3083                 
# span 6 = 0.0000e+00, 0.0000e+00                 
# interval = seconds: 0.25
# start_time = Aug 24 2023 05:47:54 [NMEA time, header]
# bad_flag = -9.990e-29
*END*
[from data line 821]
     15.482    17.4467   4.122946    31.4637        832     3.4625  0.000e+00
     15.448    17.4502   4.123365    31.4646        833     3.4667  0.000e+00
     15.401    17.4539   4.123494    31.4628        834     3.4708  0.000e+00
     15.370    17.4579   4.123927    31.4634        835     3.4750  0.000e+00
     15.336    17.4621   4.124604    31.4660        836     3.4792  0.000e+00
     15.307    17.4680   4.125098    31.4656        837     3.4833  0.000e+00
     15.280    17.4744   4.125322    31.4625        838     3.4875  0.000e+00
     15.253    17.4797   4.125559    31.4604        839     3.4917  0.000e+00
     15.235    17.4839   4.125674    31.4582        840     3.4958  0.000e+00
     15.213    17.4867   4.125599    31.4554        841     3.5000  0.000e+00
     15.196    17.4885   4.125721    31.4550        842     3.5042  0.000e+00
     15.178    17.4894   4.125768    31.4547        843     3.5083  0.000e+00
     15.161    17.4905   4.125795    31.4541        844     3.5125  0.000e+00
     15.136    17.4916   4.126093    31.4559        845     3.5167  0.000e+00
     15.122    17.4936   4.126710    31.4596        846     3.5208  0.000e+00
     15.095    17.4976   4.126791    31.4571        847     3.5250  0.000e+00
     15.076    17.5010   4.126811    31.4547        848     3.5292  0.000e+00
     15.044    17.5032   4.127305    31.4572        849     3.5333  0.000e+00
     15.006    17.5069   4.127705    31.4577        850     3.5375  0.000e+00
     14.984    17.5113   4.128044    31.4572        851     3.5417  0.000e+00
     14.946    17.5159   4.128145    31.4545        852     3.5458  0.000e+00
     14.908    17.5195   4.128646    31.4560        853     3.5500  0.000e+00
     14.877    17.5239   4.128870    31.4545        854     3.5542  0.000e+00
     14.845    17.5277   4.129012    31.4528        855     3.5583  0.000e+00
     14.816    17.5310   4.129263    31.4524        856     3.5625  0.000e+00
     14.787    17.5342   4.130258    31.4584        857     3.5667  0.000e+00
     14.758    17.5404   4.130855    31.4586        858     3.5708  0.000e+00
     14.740    17.5482   4.130882    31.4528        859     3.5750  0.000e+00
     14.716    17.5537   4.131024    31.4498        860     3.5792  0.000e+00
     14.698    17.5571   4.131796    31.4537        861     3.5833  0.000e+00
     14.691    17.5623   4.132094    31.4522        862     3.5875  0.000e+00
     14.670    17.5677   4.131898    31.4463        863     3.5917  0.000e+00
     14.659    17.5707   4.131992    31.4449        864     3.5958  0.000e+00
     14.657    17.5723   4.132094    31.4445        865     3.6000  0.000e+00
     14.642    17.5736   4.131992    31.4426        866     3.6042  0.000e+00
     14.637    17.5740   4.132114    31.4433        867     3.6083  0.000e+00
     14.619    17.5746   4.132365    31.4450        868     3.6125  0.000e+00
     14.605    17.5766   4.133036    31.4492        869     3.6167  0.000e+00
     14.583    17.5803   4.133083    31.4467        870     3.6208  0.000e+00
     14.576    17.5841   4.133205    31.4448        871     3.6250  0.000e+00
     14.551    17.5872   4.133381    31.4439        872     3.6292  0.000e+00
     14.531    17.5896   4.133951    31.4469        873     3.6333  0.000e+00
     14.509    17.5928   4.134249    31.4469        874     3.6375  0.000e+00
     14.482    17.5973   4.134696    31.4473        875     3.6417  0.000e+00
     14.459    17.6022   4.134676    31.4434        876     3.6458  0.000e+00
     14.433    17.6055   4.134377    31.4383        877     3.6500  0.000e+00
     14.419    17.6062   4.134276    31.4368        878     3.6542  0.000e+00
     14.403    17.6051   4.134696    31.4413        879     3.6583  0.000e+00
     14.376    17.6065   4.135021    31.4430        880     3.6625  0.000e+00
     14.360    17.6090   4.135645    31.4463        881     3.6667  0.000e+00
     14.338    17.6136   4.136092    31.4466        882     3.6708  0.000e+00
     14.317    17.6191   4.135963    31.4413        883     3.6750  0.000e+00
     14.295    17.6222   4.136167    31.4406        884     3.6792  0.000e+00
     14.258    17.6244   4.136289    31.4399        885     3.6833  0.000e+00
     14.235    17.6266   4.136234    31.4378        886     3.6875  0.000e+00
     14.204    17.6280   4.136336    31.4376        887     3.6917  0.000e+00
     14.179    17.6286   4.136811    31.4411        888     3.6958  0.000e+00
     14.154    17.6315   4.136912    31.4397        889     3.7000  0.000e+00
     14.124    17.6343   4.136926    31.4377        890     3.7042  0.000e+00
     14.095    17.6359   4.136838    31.4357        891     3.7083  0.000e+00
     14.072    17.6360   4.137109    31.4380        892     3.7125  0.000e+00
     14.049    17.6373   4.137183    31.4376        893     3.7167  0.000e+00
     14.018    17.6384   4.137400    31.4386        894     3.7208  0.000e+00
     14.000    17.6405   4.137305    31.4362        895     3.7250  0.000e+00
     13.980    17.6416   4.137231    31.4347        896     3.7292  0.000e+00
     13.966    17.6418   4.137685    31.4384        897     3.7333  0.000e+00
     13.942    17.6443   4.137929    31.4386        898     3.7375  0.000e+00
     13.932    17.6468   4.137956    31.4369        899     3.7417  0.000e+00
     13.912    17.6484   4.137956    31.4356        900     3.7458  0.000e+00
     13.907    17.6494   4.138085    31.4360        901     3.7500  0.000e+00
     13.894    17.6503   4.138105    31.4354        902     3.7542  0.000e+00
     13.887    17.6514   4.138376    31.4369        903     3.7583  0.000e+00
     13.869    17.6530   4.138722    31.4386        904     3.7625  0.000e+00
     13.863    17.6555   4.138417    31.4340        905     3.7667  0.000e+00
     13.863    17.6561   4.138424    31.4337        906     3.7708  0.000e+00
     13.836    17.6561   4.138525    31.4345        907     3.7750  0.000e+00
     13.838    17.6564   4.138634    31.4352        908     3.7792  0.000e+00
     13.838    17.6574   4.138573    31.4339        909     3.7833  0.000e+00
     13.814    17.6578   4.138776    31.4353        910     3.7875  0.000e+00
     13.796    17.6588   4.138824    31.4350        911     3.7917  0.000e+00
     13.788    17.6600   4.139136    31.4367        912     3.7958  0.000e+00
     13.767    17.6618   4.139224    31.4361        913     3.8000  0.000e+00
     13.754    17.6638   4.139617    31.4378        914     3.8042  0.000e+00
     13.734    17.6662   4.139149    31.4320        915     3.8083  0.000e+00
     13.707    17.6667   4.139373    31.4336        916     3.8125  0.000e+00
     13.691    17.6669   4.139542    31.4349        917     3.8167  0.000e+00
     13.660    17.6681   4.139373    31.4325        918     3.8208  0.000e+00
     13.633    17.6682   4.139393    31.4326        919     3.8250  0.000e+00
     13.602    17.6681   4.139393    31.4327        920     3.8292  0.000e+00
     13.577    17.6682   4.139393    31.4327        921     3.8333  0.000e+00
     13.546    17.6681   4.139569    31.4342        922     3.8375  0.000e+00
     13.519    17.6688   4.139488    31.4330        923     3.8417  0.000e+00
     13.496    17.6690   4.139617    31.4339        924     3.8458  0.000e+00
     13.474    17.6698   4.139596    31.4332        925     3.8500  0.000e+00
     13.458    17.6702   4.139495    31.4320        926     3.8542  0.000e+00
     13.449    17.6698   4.139488    31.4322        927     3.8583  0.000e+00
     13.446    17.6696   4.139617    31.4335        928     3.8625  0.000e+00
     13.441    17.6698   4.139569    31.4329        929     3.8667  0.000e+00
     13.435    17.6702   4.139671    31.4335        930     3.8708  0.000e+00
     13.431    17.6706   4.140010    31.4360        931     3.8750  0.000e+00
     13.426    17.6721   4.140064    31.4354        932     3.8792  0.000e+00
     13.426    17.6733   4.139766    31.4319        933     3.8833  0.000e+00
     13.424    17.6730   4.139752    31.4320        934     3.8875  0.000e+00
     13.430    17.6726   4.139969    31.4341        935     3.8917  0.000e+00
     13.426    17.6730   4.140044    31.4345        936     3.8958  0.000e+00
     13.435    17.6740   4.140166    31.4347        937     3.9000  0.000e+00
     13.437    17.6747   4.139657    31.4299        938     3.9042  0.000e+00
     13.442    17.6735   4.139373    31.4284        939     3.9083  0.000e+00
     13.440    17.6715   4.139895    31.4344        940     3.9125  0.000e+00
     13.437    17.6715   4.140085    31.4360        941     3.9167  0.000e+00
     13.437    17.6730   4.140064    31.4346        942     3.9208  0.000e+00
     13.436    17.6739   4.140241    31.4354        943     3.9250  0.000e+00
     13.425    17.6751   4.140315    31.4352        944     3.9292  0.000e+00
     13.416    17.6762   4.140437    31.4353        945     3.9333  0.000e+00
     13.409    17.6777   4.140464    31.4344        946     3.9375  0.000e+00
     13.402    17.6785   4.140315    31.4325        947     3.9417  0.000e+00
     13.400    17.6785   4.140539    31.4344        948     3.9458  0.000e+00
     13.391    17.6790   4.140817    31.4364        949     3.9500  0.000e+00
     13.386    17.6804   4.140614    31.4336        950     3.9542  0.000e+00
     13.378    17.6813   4.140614    31.4329        951     3.9583  0.000e+00
     13.369    17.6813   4.140675    31.4335        952     3.9625  0.000e+00
     13.348    17.6814   4.140939    31.4356        953     3.9667  0.000e+00
     13.347    17.6826   4.140987    31.4351        954     3.9708  0.000e+00
     13.328    17.6845   4.141088    31.4345        955     3.9750  0.000e+00
     13.317    17.6857   4.141176    31.4343        956     3.9792  0.000e+00
     13.301    17.6869   4.141461    31.4358        957     3.9833  0.000e+00
     13.290    17.6882   4.141264    31.4331        958     3.9875  0.000e+00
     13.272    17.6889   4.140939    31.4299        959     3.9917  0.000e+00
     13.261    17.6879   4.140959    31.4308        960     3.9958  0.000e+00
     13.247    17.6866   4.141509    31.4364        961     4.0000  0.000e+00
     13.235    17.6884   4.142180    31.4408        962     4.0042  0.000e+00
     13.231    17.6924   4.142126    31.4372        963     4.0083  0.000e+00
     13.220    17.6959   4.142628    31.4388        964     4.0125  0.000e+00
     13.211    17.6994   4.142478    31.4348        965     4.0167  0.000e+00
     13.200    17.7016   4.141413    31.4240        966     4.0208  0.000e+00
     13.193    17.6983   4.141414    31.4266        967     4.0250  0.000e+00
     13.184    17.6950   4.141712    31.4317        968     4.0292  0.000e+00
     13.179    17.6940   4.141759    31.4328        969     4.0333  0.000e+00
     13.175    17.6940   4.141814    31.4333        970     4.0375  0.000e+00
     13.164    17.6944   4.141135    31.4273        971     4.0417  0.000e+00
     13.166    17.6924   4.141461    31.4315        972     4.0458  0.000e+00
     13.157    17.6911   4.140762    31.4267        973     4.0500  0.000e+00
     13.155    17.6885   4.141054    31.4311        974     4.0542  0.000e+00
     13.150    17.6868   4.140939    31.4315        975     4.0583  0.000e+00
     13.157    17.6868   4.141882    31.4395        976     4.0625  0.000e+00
     13.146    17.6894   4.140959    31.4297        977     4.0667  0.000e+00
     13.157    17.6889   4.140532    31.4264        978     4.0708  0.000e+00
     13.146    17.6856   4.140342    31.4274        979     4.0750  0.000e+00
     13.139    17.6825   4.140166    31.4283        980     4.0792  0.000e+00
     13.147    17.6794   4.140369    31.4324        981     4.0833  0.000e+00
     13.147    17.6787   4.141658    31.4438        982     4.0875  0.000e+00
     13.150    17.6832   4.142777    31.4499        983     4.0917  0.000e+00
     13.149    17.6928   4.142160    31.4372        984     4.0958  0.000e+00
     13.151    17.6976   4.143598    31.4456        985     4.1000  0.000e+00
     13.144    17.7049   4.144670    31.4491        986     4.1042  0.000e+00
     13.144    17.7150   4.144669    31.4413        987     4.1083  0.000e+00
     13.144    17.7221   4.143055    31.4221        988     4.1125  0.000e+00
     13.147    17.7193   4.143075    31.4245        989     4.1167  0.000e+00
     13.154    17.7155   4.142702    31.4243        990     4.1208  0.000e+00
     13.151    17.7120   4.142010    31.4211        991     4.1250  0.000e+00
     13.154    17.7064   4.141746    31.4232        992     4.1292  0.000e+00
     13.160    17.7012   4.141386    31.4242        993     4.1333  0.000e+00
     13.156    17.6969   4.141190    31.4258        994     4.1375  0.000e+00
     13.165    17.6930   4.140986    31.4271        995     4.1417  0.000e+00
     13.161    17.6893   4.140627    31.4269        996     4.1458  0.000e+00
     13.166    17.6859   4.141312    31.4353        997     4.1500  0.000e+00
     13.170    17.6859   4.141210    31.4345        998     4.1542  0.000e+00
     13.169    17.6869   4.141387    31.4352        999     4.1583  0.000e+00
     13.171    17.6879   4.141536    31.4357       1000     4.1625  0.000e+00
     13.176    17.6894   4.141563    31.4348       1001     4.1667  0.000e+00
     13.172    17.6904   4.140986    31.4291       1002     4.1708  0.000e+00
     13.178    17.6889   4.141319    31.4331       1003     4.1750  0.000e+00
     13.160    17.6882   4.141509    31.4352       1004     4.1792  0.000e+00
     13.147    17.6892   4.141264    31.4324       1005     4.1833  0.000e+00
     13.138    17.6891   4.141190    31.4319       1006     4.1875  0.000e+00
     13.122    17.6884   4.141434    31.4345       1007     4.1917  0.000e+00
     13.109    17.6889   4.141461    31.4343       1008     4.1958  0.000e+00
     13.100    17.6897   4.141536    31.4344       1009     4.2000  0.000e+00
     13.086    17.6905   4.141698    31.4351       1010     4.2042  0.000e+00
     13.084    17.6920   4.142404    31.4399       1011     4.2083  0.000e+00
     13.068    17.6956   4.143028    31.4424       1012     4.2125  0.000e+00
     13.057    17.7017   4.143353    31.4404       1013     4.2167  0.000e+00
     13.061    17.7071   4.143672    31.4390       1014     4.2208  0.000e+00
     13.055    17.7124   4.143754    31.4356       1015     4.2250  0.000e+00
     13.053    17.7160   4.144669    31.4406       1016     4.2292  0.000e+00
     13.055    17.7214   4.144547    31.4354       1017     4.2333  0.000e+00
     13.054    17.7256   4.144174    31.4290       1018     4.2375  0.000e+00
     13.059    17.7263   4.144249    31.4291       1019     4.2417  0.000e+00
     13.070    17.7255   4.143652    31.4246       1020     4.2458  0.000e+00
     13.065    17.7231   4.144120    31.4304       1021     4.2500  0.000e+00
     13.072    17.7230   4.144249    31.4316       1022     4.2542  0.000e+00
     13.067    17.7240   4.143530    31.4248       1023     4.2583  0.000e+00
     13.069    17.7217   4.143095    31.4228       1024     4.2625  0.000e+00
     13.072    17.7177   4.142926    31.4245       1025     4.2667  0.000e+00
     13.074    17.7138   4.143252    31.4303       1026     4.2708  0.000e+00
     13.066    17.7129   4.141732    31.4181       1027     4.2750  0.000e+00
     13.068    17.7127   4.143218    31.4308       1028     4.2792  0.000e+00
     13.059    17.7123   4.142851    31.4280       1029     4.2833  0.000e+00
     13.062    17.7105   4.142756    31.4286       1030     4.2875  0.000e+00
     13.057    17.7093   4.143923    31.4394       1031     4.2917  0.000e+00
     13.052    17.7128   4.143048    31.4293       1032     4.2958  0.000e+00
     13.050    17.7128   4.143055    31.4293       1033     4.3000  0.000e+00
     13.044    17.7116   4.143754    31.4362       1034     4.3042  0.000e+00
     13.048    17.7138   4.143910    31.4358       1035     4.3083  0.000e+00
