HB2303/sbe138.cnv
* Sea-Bird SBE 19plus V2 Data File:
* FileName = C:\cruise\data\sbe138.hex
* Software Version Seasave V 7.26.7.121
* Temperature SN = 6128
* Conductivity SN = 6128
* System UpLoad Time = Aug 21 2023 17:26:10
* NMEA Latitude = 43 17.20 N
* NMEA Longitude = 069 28.38 W
* NMEA UTC (Time) = Aug 21 2023 17:26:06
** Ship: Henry Bigelow
** Cruise:  HB2303
** Program:  ECOMON
# nquan = 7
# nvalues = 3234                                  
# units = specified
# name 0 = depSM: Depth [salt water, m]
# name 1 = tv290C: Temperature [ITS-90, deg C]
# name 2 = c0S/m: Conductivity [S/m]
# name 3 = sal00: Salinity, Practical [PSU]
# name 4 = scan: Scan Count
# name 5 = timeM: Time, Elapsed [minutes]
# name 6 = flag:  0.000e+00
# span 0 =     -0.225,    153.055                 
# span 1 =     6.9445,    20.7303                 
# span 2 =   0.005954,   4.356401                 
# span 3 =     0.0353,    33.0404                 
# span 4 =         11,       3244                 
# span 5 =     0.0417,    13.5125                 
# span 6 = 0.0000e+00, 0.0000e+00                 
# interval = seconds: 0.25
# start_time = Aug 21 2023 17:26:06 [NMEA time, header]
# bad_flag = -9.990e-29
*END*
[from data line 1642]
     93.918     7.8959   3.397753    32.6619       1653     6.8833  0.000e+00
     93.796     7.8972   3.397778    32.6611       1654     6.8875  0.000e+00
     93.692     7.8982   3.397966    32.6622       1655     6.8917  0.000e+00
     93.585     7.8996   3.398173    32.6632       1656     6.8958  0.000e+00
     93.491     7.9024   3.398993    32.6694       1657     6.9000  0.000e+00
     93.402     7.9088   3.400033    32.6745       1658     6.9042  0.000e+00
     93.310     7.9200   3.400490    32.6689       1659     6.9083  0.000e+00
     93.228     7.9305   3.400634    32.6607       1660     6.9125  0.000e+00
     93.138     7.9379   3.400691    32.6544       1661     6.9167  0.000e+00
     93.058     7.9424   3.400715    32.6506       1662     6.9208  0.000e+00
     92.973     7.9448   3.400715    32.6483       1663     6.9250  0.000e+00
     92.886     7.9462   3.400734    32.6472       1664     6.9292  0.000e+00
     92.799     7.9468   3.400734    32.6468       1665     6.9333  0.000e+00
     92.705     7.9472   3.400797    32.6471       1666     6.9375  0.000e+00
     92.610     7.9479   3.400878    32.6473       1667     6.9417  0.000e+00
     92.514     7.9490   3.400928    32.6469       1668     6.9458  0.000e+00
     92.403     7.9502   3.401085    32.6475       1669     6.9500  0.000e+00
     92.293     7.9519   3.401147    32.6466       1670     6.9542  0.000e+00
     92.170     7.9535   3.401542    32.6494       1671     6.9583  0.000e+00
     92.051     7.9574   3.402344    32.6544       1672     6.9625  0.000e+00
     91.924     7.9650   3.402676    32.6509       1673     6.9667  0.000e+00
     91.794     7.9727   3.402845    32.6455       1674     6.9708  0.000e+00
     91.666     7.9786   3.403347    32.6454       1675     6.9750  0.000e+00
     91.537     7.9843   3.403591    32.6428       1676     6.9792  0.000e+00
     91.416     7.9893   3.403779    32.6402       1677     6.9833  0.000e+00
     91.294     7.9935   3.403942    32.6381       1678     6.9875  0.000e+00
     91.177     7.9971   3.403998    32.6353       1679     6.9917  0.000e+00
     91.061     7.9996   3.403986    32.6329       1680     6.9958  0.000e+00
     90.954     8.0010   3.403998    32.6318       1681     7.0000  0.000e+00
     90.851     8.0018   3.404067    32.6319       1682     7.0042  0.000e+00
     90.747     8.0026   3.404086    32.6313       1683     7.0083  0.000e+00
     90.648     8.0030   3.404305    32.6333       1684     7.0125  0.000e+00
     90.543     8.0044   3.404499    32.6341       1685     7.0167  0.000e+00
     90.436     8.0068   3.404606    32.6331       1686     7.0208  0.000e+00
     90.336     8.0090   3.404769    32.6328       1687     7.0250  0.000e+00
     90.231     8.0113   3.404869    32.6318       1688     7.0292  0.000e+00
     90.130     8.0136   3.405164    32.6328       1689     7.0333  0.000e+00
     90.030     8.0163   3.405308    32.6319       1690     7.0375  0.000e+00
     89.930     8.0193   3.405326    32.6294       1691     7.0417  0.000e+00
     89.830     8.0214   3.405652    32.6310       1692     7.0458  0.000e+00
     89.734     8.0246   3.406424    32.6362       1693     7.0500  0.000e+00
     89.639     8.0310   3.407213    32.6387       1694     7.0542  0.000e+00
     89.544     8.0401   3.408336    32.6421       1695     7.0583  0.000e+00
     89.454     8.0523   3.409408    32.6422       1696     7.0625  0.000e+00
     89.366     8.0670   3.409778    32.6326       1697     7.0667  0.000e+00
     89.274     8.0786   3.409991    32.6240       1698     7.0708  0.000e+00
     89.177     8.0871   3.410173    32.6181       1699     7.0750  0.000e+00
     89.077     8.0929   3.410304    32.6142       1700     7.0792  0.000e+00
     88.976     8.0973   3.410405    32.6111       1701     7.0833  0.000e+00
     88.869     8.1005   3.410605    32.6104       1702     7.0875  0.000e+00
     88.765     8.1035   3.410863    32.6104       1703     7.0917  0.000e+00
     88.656     8.1068   3.411063    32.6095       1704     7.0958  0.000e+00
     88.549     8.1104   3.411421    32.6100       1705     7.1000  0.000e+00
     88.439     8.1145   3.411678    32.6089       1706     7.1042  0.000e+00
     88.322     8.1188   3.411922    32.6075       1707     7.1083  0.000e+00
     88.216     8.1232   3.412129    32.6057       1708     7.1125  0.000e+00
     88.102     8.1271   3.412286    32.6038       1709     7.1167  0.000e+00
     88.000     8.1307   3.412499    32.6028       1710     7.1208  0.000e+00
     87.888     8.1341   3.412681    32.6016       1711     7.1250  0.000e+00
     87.787     8.1374   3.412957    32.6015       1712     7.1292  0.000e+00
     87.682     8.1409   3.413472    32.6038       1713     7.1333  0.000e+00
     87.588     8.1461   3.413873    32.6033       1714     7.1375  0.000e+00
     87.492     8.1517   3.414080    32.6002       1715     7.1417  0.000e+00
     87.396     8.1567   3.414325    32.5982       1716     7.1458  0.000e+00
     87.303     8.1614   3.414519    32.5960       1717     7.1500  0.000e+00
     87.211     8.1658   3.414607    32.5929       1718     7.1542  0.000e+00
     87.113     8.1694   3.414701    32.5906       1719     7.1583  0.000e+00
     87.019     8.1721   3.414739    32.5885       1720     7.1625  0.000e+00
     86.925     8.1741   3.414852    32.5880       1721     7.1667  0.000e+00
     86.829     8.1756   3.414871    32.5868       1722     7.1708  0.000e+00
     86.732     8.1771   3.414914    32.5859       1723     7.1750  0.000e+00
     86.634     8.1777   3.414933    32.5856       1724     7.1792  0.000e+00
     86.534     8.1786   3.414977    32.5853       1725     7.1833  0.000e+00
     86.434     8.1790   3.414952    32.5847       1726     7.1875  0.000e+00
     86.332     8.1795   3.415002    32.5848       1727     7.1917  0.000e+00
     86.232     8.1801   3.415015    32.5844       1728     7.1958  0.000e+00
     86.126     8.1804   3.415059    32.5846       1729     7.2000  0.000e+00
     86.023     8.1809   3.415090    32.5845       1730     7.2042  0.000e+00
     85.922     8.1814   3.415140    32.5847       1731     7.2083  0.000e+00
     85.817     8.1820   3.415197    32.5848       1732     7.2125  0.000e+00
     85.727     8.1830   3.415203    32.5840       1733     7.2167  0.000e+00
     85.629     8.1835   3.415222    32.5837       1734     7.2208  0.000e+00
     85.542     8.1841   3.415259    32.5836       1735     7.2250  0.000e+00
     85.446     8.1847   3.415347    32.5840       1736     7.2292  0.000e+00
     85.353     8.1856   3.415592    32.5858       1737     7.2333  0.000e+00
     85.262     8.1877   3.415698    32.5851       1738     7.2375  0.000e+00
     85.172     8.1900   3.415786    32.5839       1739     7.2417  0.000e+00
     85.082     8.1920   3.415905    32.5834       1740     7.2458  0.000e+00
     84.984     8.1939   3.416075    32.5834       1741     7.2500  0.000e+00
     84.890     8.1962   3.416225    32.5829       1742     7.2542  0.000e+00
     84.792     8.1989   3.416389    32.5822       1743     7.2583  0.000e+00
     84.696     8.2016   3.416508    32.5810       1744     7.2625  0.000e+00
     84.602     8.2041   3.416759    32.5813       1745     7.2667  0.000e+00
     84.492     8.2070   3.417343    32.5849       1746     7.2708  0.000e+00
     84.402     8.2121   3.417757    32.5846       1747     7.2750  0.000e+00
     84.298     8.2184   3.418089    32.5823       1748     7.2792  0.000e+00
     84.196     8.2250   3.418416    32.5797       1749     7.2833  0.000e+00
     84.102     8.2315   3.418780    32.5776       1750     7.2875  0.000e+00
     84.006     8.2370   3.419025    32.5751       1751     7.2917  0.000e+00
     83.903     8.2419   3.419276    32.5732       1752     7.2958  0.000e+00
     83.801     8.2463   3.419652    32.5732       1753     7.3000  0.000e+00
     83.698     8.2510   3.420387    32.5767       1754     7.3042  0.000e+00
     83.598     8.2583   3.421172    32.5782       1755     7.3083  0.000e+00
     83.508     8.2676   3.421699    32.5753       1756     7.3125  0.000e+00
     83.410     8.2768   3.422170    32.5718       1757     7.3167  0.000e+00
     83.316     8.2850   3.422403    32.5666       1758     7.3208  0.000e+00
     83.231     8.2918   3.423628    32.5733       1759     7.3250  0.000e+00
     83.144     8.3024   3.425757    32.5861       1760     7.3292  0.000e+00
     83.059     8.3205   3.426920    32.5816       1761     7.3333  0.000e+00
     82.972     8.3407   3.427447    32.5685       1762     7.3375  0.000e+00
     82.886     8.3562   3.427762    32.5575       1763     7.3417  0.000e+00
     82.810     8.3671   3.428220    32.5523       1764     7.3458  0.000e+00
     82.717     8.3758   3.429389    32.5567       1765     7.3500  0.000e+00
     82.639     8.3863   3.429754    32.5508       1766     7.3542  0.000e+00
     82.547     8.3960   3.429848    32.5429       1767     7.3583  0.000e+00
     82.456     8.4019   3.429911    32.5381       1768     7.3625  0.000e+00
     82.356     8.4055   3.429974    32.5355       1769     7.3667  0.000e+00
     82.257     8.4079   3.430181    32.5355       1770     7.3708  0.000e+00
     82.163     8.4101   3.430307    32.5349       1771     7.3750  0.000e+00
     82.056     8.4121   3.430501    32.5351       1772     7.3792  0.000e+00
     81.953     8.4145   3.430973    32.5379       1773     7.3833  0.000e+00
     81.854     8.4181   3.431470    32.5399       1774     7.3875  0.000e+00
     81.756     8.4232   3.431935    32.5402       1775     7.3917  0.000e+00
     81.653     8.4290   3.432564    32.5415       1776     7.3958  0.000e+00
     81.557     8.4360   3.432815    32.5376       1777     7.4000  0.000e+00
     81.453     8.4421   3.433085    32.5349       1778     7.4042  0.000e+00
     81.359     8.4471   3.433733    32.5372       1779     7.4083  0.000e+00
     81.265     8.4533   3.434066    32.5350       1780     7.4125  0.000e+00
     81.169     8.4594   3.434129    32.5300       1781     7.4167  0.000e+00
     81.078     8.4638   3.434179    32.5266       1782     7.4208  0.000e+00
     80.988     8.4664   3.434381    32.5263       1783     7.4250  0.000e+00
     80.897     8.4689   3.434714    32.5276       1784     7.4292  0.000e+00
     80.810     8.4724   3.435475    32.5324       1785     7.4333  0.000e+00
     80.720     8.4779   3.435802    32.5308       1786     7.4375  0.000e+00
     80.629     8.4839   3.436117    32.5287       1787     7.4417  0.000e+00
     80.543     8.4890   3.436733    32.5305       1788     7.4458  0.000e+00
     80.459     8.4950   3.437312    32.5311       1789     7.4500  0.000e+00
     80.365     8.5019   3.437570    32.5274       1790     7.4542  0.000e+00
     80.280     8.5073   3.437853    32.5255       1791     7.4583  0.000e+00
     80.191     8.5119   3.438067    32.5235       1792     7.4625  0.000e+00
     80.101     8.5157   3.438142    32.5208       1793     7.4667  0.000e+00
     80.012     8.5187   3.438167    32.5184       1794     7.4708  0.000e+00
     79.922     8.5201   3.438148    32.5169       1795     7.4750  0.000e+00
     79.833     8.5212   3.438211    32.5167       1796     7.4792  0.000e+00
     79.743     8.5218   3.438192    32.5160       1797     7.4833  0.000e+00
     79.652     8.5222   3.438142    32.5150       1798     7.4875  0.000e+00
     79.567     8.5222   3.438066    32.5143       1799     7.4917  0.000e+00
     79.477     8.5222   3.438167    32.5154       1800     7.4958  0.000e+00
     79.377     8.5225   3.438142    32.5149       1801     7.5000  0.000e+00
     79.289     8.5226   3.438192    32.5154       1802     7.5042  0.000e+00
     79.197     8.5227   3.438293    32.5164       1803     7.5083  0.000e+00
     79.107     8.5231   3.438343    32.5166       1804     7.5125  0.000e+00
     79.019     8.5238   3.438356    32.5161       1805     7.5167  0.000e+00
     78.930     8.5241   3.438041    32.5125       1806     7.5208  0.000e+00
     78.841     8.5235   3.438079    32.5136       1807     7.5250  0.000e+00
     78.758     8.5232   3.438985    32.5234       1808     7.5292  0.000e+00
     78.675     8.5266   3.439841    32.5293       1809     7.5333  0.000e+00
     78.581     8.5334   3.440287    32.5277       1810     7.5375  0.000e+00
     78.494     8.5409   3.440703    32.5253       1811     7.5417  0.000e+00
     78.403     8.5473   3.440967    32.5222       1812     7.5458  0.000e+00
     78.319     8.5527   3.441124    32.5189       1813     7.5500  0.000e+00
     78.226     8.5566   3.441313    32.5173       1814     7.5542  0.000e+00
     78.137     8.5597   3.441936    32.5211       1815     7.5583  0.000e+00
     78.043     8.5645   3.442654    32.5242       1816     7.5625  0.000e+00
     77.953     8.5711   3.442887    32.5206       1817     7.5667  0.000e+00
     77.857     8.5770   3.442931    32.5157       1818     7.5708  0.000e+00
     77.761     8.5804   3.443013    32.5134       1819     7.5750  0.000e+00
     77.665     8.5831   3.443050    32.5114       1820     7.5792  0.000e+00
     77.574     8.5845   3.443170    32.5114       1821     7.5833  0.000e+00
     77.473     8.5859   3.443283    32.5113       1822     7.5875  0.000e+00
     77.378     8.5872   3.443554    32.5131       1823     7.5917  0.000e+00
     77.284     8.5892   3.443925    32.5151       1824     7.5958  0.000e+00
     77.190     8.5925   3.444309    32.5162       1825     7.6000  0.000e+00
     77.098     8.5965   3.444832    32.5180       1826     7.6042  0.000e+00
     77.009     8.6014   3.445172    32.5171       1827     7.6083  0.000e+00
     76.921     8.6062   3.445487    32.5160       1828     7.6125  0.000e+00
     76.833     8.6106   3.446356    32.5211       1829     7.6167  0.000e+00
     76.751     8.6171   3.447672    32.5290       1830     7.6208  0.000e+00
     76.672     8.6273   3.448447    32.5277       1831     7.6250  0.000e+00
     76.586     8.6377   3.448856    32.5225       1832     7.6292  0.000e+00
     76.508     8.6461   3.449310    32.5196       1833     7.6333  0.000e+00
     76.420     8.6533   3.449877    32.5189       1834     7.6375  0.000e+00
     76.333     8.6602   3.450847    32.5228       1835     7.6417  0.000e+00
     76.241     8.6698   3.455058    32.5580       1836     7.6458  0.000e+00
     76.155     8.6929   3.456571    32.5527       1837     7.6500  0.000e+00
     76.056     8.7176   3.457094    32.5355       1838     7.6542  0.000e+00
     75.960     8.7357   3.457542    32.5236       1839     7.6583  0.000e+00
     75.867     8.7483   3.458721    32.5244       1840     7.6625  0.000e+00
     75.767     8.7601   3.459585    32.5226       1841     7.6667  0.000e+00
     75.663     8.7722   3.461780    32.5345       1842     7.6708  0.000e+00
     75.566     8.7880   3.462966    32.5324       1843     7.6750  0.000e+00
     75.467     8.8043   3.465226    32.5411       1844     7.6792  0.000e+00
     75.372     8.8226   3.466766    32.5404       1845     7.6833  0.000e+00
     75.283     8.8413   3.468079    32.5369       1846     7.6875  0.000e+00
     75.184     8.8582   3.469518    32.5365       1847     7.6917  0.000e+00
     75.097     8.8742   3.471129    32.5386       1848     7.6958  0.000e+00
     75.008     8.8906   3.472739    32.5404       1849     7.7000  0.000e+00
     74.918     8.9075   3.473965    32.5377       1850     7.7042  0.000e+00
     74.832     8.9231   3.475323    32.5376       1851     7.7083  0.000e+00
     74.738     8.9380   3.476303    32.5342       1852     7.7125  0.000e+00
     74.654     8.9514   3.477699    32.5365       1853     7.7167  0.000e+00
     74.565     8.9648   3.478104    32.5285       1854     7.7208  0.000e+00
     74.472     8.9756   3.479122    32.5292       1855     7.7250  0.000e+00
     74.374     8.9845   3.479950    32.5297       1856     7.7292  0.000e+00
