HB2303/sbe129.cnv
* Sea-Bird SBE 19plus V2 Data File:
* FileName = C:\cruise\data\sbe129.hex
* Software Version Seasave V 7.26.7.121
* Temperature SN = 6128
* Conductivity SN = 6128
* System UpLoad Time = Aug 21 2023 01:35:06
* NMEA Latitude = 43 24.20 N
* NMEA Longitude = 067 41.87 W
* NMEA UTC (Time) = Aug 21 2023 01:35:02
** Ship: Henry Bigelow
** Cruise:  HB2303
** Program:  ECOMON
# nquan = 7
# nvalues = 4300                                  
# units = specified
# name 0 = depSM: Depth [salt water, m]
# name 1 = tv290C: Temperature [ITS-90, deg C]
# name 2 = c0S/m: Conductivity [S/m]
# name 3 = sal00: Salinity, Practical [PSU]
# name 4 = scan: Scan Count
# name 5 = timeM: Time, Elapsed [minutes]
# name 6 = flag:  0.000e+00
# span 0 =     -0.252,    200.228                 
# span 1 =     7.6402,    19.0969                 
# span 2 =   0.000300,   4.295381                 
# span 3 =     0.0100,    35.0275                 
# span 4 =         11,       4310                 
# span 5 =     0.0417,    17.9542                 
# span 6 = 0.0000e+00, 0.0000e+00                 
# interval = seconds: 0.25
# start_time = Aug 21 2023 01:35:02 [NMEA time, header]
# bad_flag = -9.990e-29
*END*
[from data line 3283]
     54.221     7.6914   3.407456    32.9769       3294    13.7208  0.000e+00
     54.174     7.6910   3.407431    32.9770       3295    13.7250  0.000e+00
     54.114     7.6905   3.407237    32.9755       3296    13.7292  0.000e+00
     54.040     7.6898   3.407124    32.9749       3297    13.7333  0.000e+00
     53.961     7.6890   3.407061    32.9750       3298    13.7375  0.000e+00
     53.874     7.6885   3.406873    32.9735       3299    13.7417  0.000e+00
     53.783     7.6877   3.406823    32.9738       3300    13.7458  0.000e+00
     53.688     7.6869   3.406685    32.9731       3301    13.7500  0.000e+00
     53.599     7.6862   3.406058    32.9671       3302    13.7542  0.000e+00
     53.511     7.6849   3.405444    32.9618       3303    13.7583  0.000e+00
     53.429     7.6825   3.405074    32.9601       3304    13.7625  0.000e+00
     53.357     7.6802   3.405011    32.9616       3305    13.7667  0.000e+00
     53.301     7.6788   3.405093    32.9639       3306    13.7708  0.000e+00
     53.252     7.6787   3.405212    32.9653       3307    13.7750  0.000e+00
     53.215     7.6794   3.405136    32.9638       3308    13.7792  0.000e+00
     53.192     7.6810   3.405168    32.9626       3309    13.7833  0.000e+00
     53.170     7.6831   3.405193    32.9609       3310    13.7875  0.000e+00
     53.152     7.6852   3.405143    32.9584       3311    13.7917  0.000e+00
     53.132     7.6872   3.405174    32.9569       3312    13.7958  0.000e+00
     53.106     7.6886   3.405092    32.9547       3313    13.8000  0.000e+00
     53.076     7.6898   3.404773    32.9501       3314    13.8042  0.000e+00
     53.039     7.6910   3.404428    32.9454       3315    13.8083  0.000e+00
     53.005     7.6920   3.404340    32.9434       3316    13.8125  0.000e+00
     52.956     7.6926   3.404096    32.9403       3317    13.8167  0.000e+00
     52.906     7.6928   3.403964    32.9387       3318    13.8208  0.000e+00
     52.857     7.6926   3.403870    32.9379       3319    13.8250  0.000e+00
     52.795     7.6924   3.403638    32.9356       3320    13.8292  0.000e+00
     52.730     7.6921   3.403143    32.9306       3321    13.8333  0.000e+00
     52.663     7.6914   3.402836    32.9280       3322    13.8375  0.000e+00
     52.594     7.6901   3.402767    32.9285       3323    13.8417  0.000e+00
     52.522     7.6891   3.402090    32.9222       3324    13.8458  0.000e+00
     52.446     7.6875   3.401025    32.9123       3325    13.8500  0.000e+00
     52.369     7.6839   3.400248    32.9075       3326    13.8542  0.000e+00
     52.289     7.6789   3.400066    32.9103       3327    13.8583  0.000e+00
     52.210     7.6750   3.399753    32.9106       3328    13.8625  0.000e+00
     52.130     7.6721   3.399458    32.9102       3329    13.8667  0.000e+00
     52.049     7.6698   3.399339    32.9112       3330    13.8708  0.000e+00
     51.976     7.6680   3.399220    32.9116       3331    13.8750  0.000e+00
     51.898     7.6669   3.399176    32.9123       3332    13.8792  0.000e+00
     51.826     7.6663   3.399151    32.9126       3333    13.8833  0.000e+00
     51.755     7.6661   3.399195    32.9132       3334    13.8875  0.000e+00
     51.690     7.6666   3.399295    32.9138       3335    13.8917  0.000e+00
     51.614     7.6676   3.399565    32.9158       3336    13.8958  0.000e+00
     51.550     7.6698   3.399897    32.9174       3337    13.9000  0.000e+00
     51.491     7.6726   3.399959    32.9154       3338    13.9042  0.000e+00
     51.448     7.6757   3.400003    32.9130       3339    13.9083  0.000e+00
     51.407     7.6784   3.400091    32.9114       3340    13.9125  0.000e+00
     51.375     7.6802   3.400185    32.9107       3341    13.9167  0.000e+00
     51.346     7.6818   3.400178    32.9092       3342    13.9208  0.000e+00
     51.326     7.6831   3.400228    32.9085       3343    13.9250  0.000e+00
     51.307     7.6838   3.400197    32.9075       3344    13.9292  0.000e+00
     51.291     7.6844   3.400210    32.9071       3345    13.9333  0.000e+00
     51.267     7.6847   3.400247    32.9072       3346    13.9375  0.000e+00
     51.249     7.6850   3.400266    32.9071       3347    13.9417  0.000e+00
     51.221     7.6854   3.400228    32.9063       3348    13.9458  0.000e+00
     51.185     7.6856   3.400222    32.9061       3349    13.9500  0.000e+00
     51.147     7.6857   3.400166    32.9055       3350    13.9542  0.000e+00
     51.093     7.6856   3.399978    32.9035       3351    13.9583  0.000e+00
     51.037     7.6853   3.399878    32.9028       3352    13.9625  0.000e+00
     50.975     7.6850   3.400047    32.9049       3353    13.9667  0.000e+00
     50.906     7.6853   3.400103    32.9052       3354    13.9708  0.000e+00
     50.841     7.6862   3.399765    32.9008       3355    13.9750  0.000e+00
     50.763     7.6863   3.399464    32.8975       3356    13.9792  0.000e+00
     50.700     7.6858   3.399320    32.8965       3357    13.9833  0.000e+00
     50.622     7.6855   3.399113    32.8946       3358    13.9875  0.000e+00
     50.550     7.6849   3.399007    32.8941       3359    13.9917  0.000e+00
     50.476     7.6846   3.399000    32.8943       3360    13.9958  0.000e+00
     50.398     7.6847   3.399132    32.8956       3361    14.0000  0.000e+00
     50.324     7.6861   3.399589    32.8992       3362    14.0042  0.000e+00
     50.245     7.6901   3.399608    32.8957       3363    14.0083  0.000e+00
     50.165     7.6958   3.399194    32.8859       3364    14.0125  0.000e+00
     50.093     7.7013   3.399088    32.8796       3365    14.0167  0.000e+00
     50.026     7.7060   3.399131    32.8757       3366    14.0208  0.000e+00
     49.961     7.7096   3.399131    32.8723       3367    14.0250  0.000e+00
     49.901     7.7119   3.399044    32.8692       3368    14.0292  0.000e+00
     49.851     7.7137   3.399006    32.8671       3369    14.0333  0.000e+00
     49.807     7.7150   3.398943    32.8653       3370    14.0375  0.000e+00
     49.778     7.7158   3.398893    32.8640       3371    14.0417  0.000e+00
     49.747     7.7163   3.398881    32.8634       3372    14.0458  0.000e+00
     49.727     7.7166   3.398868    32.8630       3373    14.0500  0.000e+00
     49.709     7.7168   3.398881    32.8629       3374    14.0542  0.000e+00
     49.696     7.7170   3.398849    32.8624       3375    14.0583  0.000e+00
     49.676     7.7171   3.398862    32.8625       3376    14.0625  0.000e+00
     49.653     7.7171   3.398824    32.8620       3377    14.0667  0.000e+00
     49.627     7.7171   3.398699    32.8608       3378    14.0708  0.000e+00
     49.587     7.7172   3.398367    32.8571       3379    14.0750  0.000e+00
     49.542     7.7170   3.397872    32.8520       3380    14.0792  0.000e+00
     49.482     7.7164   3.397565    32.8493       3381    14.0833  0.000e+00
     49.412     7.7158   3.397189    32.8459       3382    14.0875  0.000e+00
     49.330     7.7148   3.396901    32.8437       3383    14.0917  0.000e+00
     49.249     7.7140   3.396607    32.8414       3384    14.0958  0.000e+00
     49.153     7.7134   3.396569    32.8416       3385    14.1000  0.000e+00
     49.050     7.7128   3.396563    32.8422       3386    14.1042  0.000e+00
     48.952     7.7126   3.396488    32.8416       3387    14.1083  0.000e+00
     48.851     7.7124   3.396350    32.8403       3388    14.1125  0.000e+00
     48.759     7.7122   3.396156    32.8385       3389    14.1167  0.000e+00
     48.669     7.7120   3.396024    32.8373       3390    14.1208  0.000e+00
     48.593     7.7117   3.395930    32.8366       3391    14.1250  0.000e+00
     48.528     7.7114   3.395936    32.8370       3392    14.1292  0.000e+00
     48.479     7.7112   3.395949    32.8373       3393    14.1333  0.000e+00
     48.437     7.7113   3.395980    32.8376       3394    14.1375  0.000e+00
     48.414     7.7116   3.395993    32.8374       3395    14.1417  0.000e+00
     48.397     7.7120   3.395999    32.8371       3396    14.1458  0.000e+00
     48.392     7.7122   3.395993    32.8370       3397    14.1500  0.000e+00
     48.386     7.7123   3.396030    32.8372       3398    14.1542  0.000e+00
     48.375     7.7127   3.395999    32.8365       3399    14.1583  0.000e+00
     48.368     7.7127   3.396030    32.8369       3400    14.1625  0.000e+00
     48.349     7.7128   3.396062    32.8371       3401    14.1667  0.000e+00
     48.321     7.7128   3.396012    32.8366       3402    14.1708  0.000e+00
     48.279     7.7130   3.396062    32.8370       3403    14.1750  0.000e+00
     48.225     7.7130   3.395993    32.8363       3404    14.1792  0.000e+00
     48.157     7.7133   3.395824    32.8342       3405    14.1833  0.000e+00
     48.079     7.7138   3.395041    32.8253       3406    14.1875  0.000e+00
     47.992     7.7156   3.394502    32.8179       3407    14.1917  0.000e+00
     47.906     7.7188   3.394565    32.8156       3408    14.1958  0.000e+00
     47.810     7.7232   3.395022    32.8164       3409    14.2000  0.000e+00
     47.716     7.7294   3.395185    32.8123       3410    14.2042  0.000e+00
     47.625     7.7345   3.395066    32.8063       3411    14.2083  0.000e+00
     47.538     7.7378   3.394295    32.7950       3412    14.2125  0.000e+00
     47.457     7.7397   3.393882    32.7888       3413    14.2167  0.000e+00
     47.378     7.7409   3.394045    32.7894       3414    14.2208  0.000e+00
     47.311     7.7434   3.394564    32.7927       3415    14.2250  0.000e+00
     47.247     7.7483   3.394458    32.7870       3416    14.2292  0.000e+00
     47.198     7.7529   3.394733    32.7856       3417    14.2333  0.000e+00
     47.151     7.7573   3.394952    32.7838       3418    14.2375  0.000e+00
     47.123     7.7611   3.395140    32.7823       3419    14.2417  0.000e+00
     47.089     7.7644   3.395284    32.7808       3420    14.2458  0.000e+00
     47.063     7.7668   3.395328    32.7790       3421    14.2500  0.000e+00
     47.043     7.7685   3.395453    32.7788       3422    14.2542  0.000e+00
     47.020     7.7701   3.395472    32.7775       3423    14.2583  0.000e+00
     46.994     7.7713   3.395541    32.7771       3424    14.2625  0.000e+00
     46.963     7.7725   3.395472    32.7753       3425    14.2667  0.000e+00
     46.929     7.7731   3.395434    32.7743       3426    14.2708  0.000e+00
     46.888     7.7734   3.395309    32.7727       3427    14.2750  0.000e+00
     46.844     7.7732   3.395084    32.7705       3428    14.2792  0.000e+00
     46.788     7.7725   3.394608    32.7660       3429    14.2833  0.000e+00
     46.727     7.7708   3.393781    32.7588       3430    14.2875  0.000e+00
     46.658     7.7680   3.393193    32.7552       3431    14.2917  0.000e+00
     46.582     7.7645   3.392855    32.7549       3432    14.2958  0.000e+00
     46.510     7.7616   3.392805    32.7571       3433    14.3000  0.000e+00
     46.426     7.7603   3.393324    32.7639       3434    14.3042  0.000e+00
     46.339     7.7617   3.394370    32.7738       3435    14.3083  0.000e+00
     46.252     7.7673   3.394996    32.7754       3436    14.3125  0.000e+00
     46.171     7.7744   3.395541    32.7745       3437    14.3167  0.000e+00
     46.088     7.7823   3.396317    32.7755       3438    14.3208  0.000e+00
     46.004     7.7908   3.396674    32.7714       3439    14.3250  0.000e+00
     45.925     7.7978   3.397413    32.7727       3440    14.3292  0.000e+00
     45.847     7.8052   3.398258    32.7749       3441    14.3333  0.000e+00
     45.773     7.8132   3.398571    32.7707       3442    14.3375  0.000e+00
     45.698     7.8202   3.398847    32.7671       3443    14.3417  0.000e+00
     45.626     7.8256   3.399085    32.7647       3444    14.3458  0.000e+00
     45.546     7.8297   3.399436    32.7646       3445    14.3500  0.000e+00
     45.481     7.8334   3.399761    32.7646       3446    14.3542  0.000e+00
     45.414     7.8372   3.400018    32.7639       3447    14.3583  0.000e+00
     45.349     7.8406   3.400150    32.7621       3448    14.3625  0.000e+00
     45.291     7.8434   3.400206    32.7601       3449    14.3667  0.000e+00
     45.232     7.8456   3.400281    32.7589       3450    14.3708  0.000e+00
     45.175     7.8471   3.400576    32.7606       3451    14.3750  0.000e+00
     45.126     7.8489   3.400914    32.7626       3452    14.3792  0.000e+00
     45.074     7.8517   3.401152    32.7625       3453    14.3833  0.000e+00
     45.023     7.8543   3.401302    32.7617       3454    14.3875  0.000e+00
     44.983     7.8567   3.401446    32.7610       3455    14.3917  0.000e+00
     44.940     7.8588   3.401415    32.7587       3456    14.3958  0.000e+00
     44.902     7.8600   3.401446    32.7580       3457    14.4000  0.000e+00
     44.867     7.8610   3.401609    32.7588       3458    14.4042  0.000e+00
     44.833     7.8627   3.401697    32.7582       3459    14.4083  0.000e+00
     44.797     7.8640   3.401897    32.7591       3460    14.4125  0.000e+00
     44.771     7.8655   3.402374    32.7627       3461    14.4167  0.000e+00
     44.746     7.8684   3.402768    32.7642       3462    14.4208  0.000e+00
     44.717     7.8719   3.403157    32.7651       3463    14.4250  0.000e+00
     44.689     7.8759   3.403784    32.7681       3464    14.4292  0.000e+00
     44.655     7.8809   3.404310    32.7691       3465    14.4333  0.000e+00
     44.621     7.8863   3.404755    32.7688       3466    14.4375  0.000e+00
     44.568     7.8914   3.405275    32.7696       3467    14.4417  0.000e+00
     44.516     7.8965   3.405902    32.7715       3468    14.4458  0.000e+00
     44.445     7.9024   3.407783    32.7861       3469    14.4500  0.000e+00
     44.364     7.9126   3.409439    32.7942       3470    14.4542  0.000e+00
     44.280     7.9265   3.409978    32.7870       3471    14.4583  0.000e+00
     44.185     7.9387   3.410593    32.7822       3472    14.4625  0.000e+00
     44.085     7.9487   3.411615    32.7837       3473    14.4667  0.000e+00
     43.987     7.9585   3.412700    32.7862       3474    14.4708  0.000e+00
     43.886     7.9688   3.412976    32.7795       3475    14.4750  0.000e+00
     43.798     7.9770   3.413152    32.7737       3476    14.4792  0.000e+00
     43.713     7.9826   3.413547    32.7727       3477    14.4833  0.000e+00
     43.630     7.9875   3.413779    32.7706       3478    14.4875  0.000e+00
     43.559     7.9926   3.413848    32.7666       3479    14.4917  0.000e+00
     43.498     7.9965   3.413923    32.7638       3480    14.4958  0.000e+00
     43.436     7.9994   3.413961    32.7615       3481    14.5000  0.000e+00
     43.384     8.0019   3.413892    32.7585       3482    14.5042  0.000e+00
     43.339     8.0037   3.413942    32.7574       3483    14.5083  0.000e+00
     43.295     8.0050   3.413936    32.7561       3484    14.5125  0.000e+00
     43.252     8.0061   3.413923    32.7550       3485    14.5167  0.000e+00
     43.217     8.0068   3.413892    32.7540       3486    14.5208  0.000e+00
     43.183     8.0068   3.413339    32.7481       3487    14.5250  0.000e+00
     43.154     8.0062   3.412549    32.7402       3488    14.5292  0.000e+00
     43.125     8.0048   3.412342    32.7393       3489    14.5333  0.000e+00
     43.083     8.0038   3.412323    32.7401       3490    14.5375  0.000e+00
     43.040     8.0044   3.412492    32.7414       3491    14.5417  0.000e+00
     43.004     8.0061   3.412511    32.7400       3492    14.5458  0.000e+00
     42.959     8.0077   3.412561    32.7391       3493    14.5500  0.000e+00
     42.915     8.0089   3.412637    32.7387       3494    14.5542  0.000e+00
     42.870     8.0102   3.412699    32.7383       3495    14.5583  0.000e+00
     42.830     8.0114   3.412737    32.7375       3496    14.5625  0.000e+00
     42.776     8.0131   3.412655    32.7351       3497    14.5667  0.000e+00
