HB2303/sbe164.cnv
* Sea-Bird SBE 19plus V2 Data File:
* FileName = C:\cruise\data\sbe164.hex
* Software Version Seasave V 7.26.7.121
* Temperature SN = 6128
* Conductivity SN = 6128
* System UpLoad Time = Aug 24 2023 01:01:52
* NMEA Latitude = 40 44.74 N
* NMEA Longitude = 069 34.38 W
* NMEA UTC (Time) = Aug 24 2023 01:01:48
** Ship: Henry Bigelow
** Cruise:  HB2303
** Program:  ECOMON
# nquan = 7
# nvalues = 1484                                  
# units = specified
# name 0 = depSM: Depth [salt water, m]
# name 1 = tv290C: Temperature [ITS-90, deg C]
# name 2 = c0S/m: Conductivity [S/m]
# name 3 = sal00: Salinity, Practical [PSU]
# name 4 = scan: Scan Count
# name 5 = timeM: Time, Elapsed [minutes]
# name 6 = flag:  0.000e+00
# span 0 =     -0.075,     40.651                 
# span 1 =    13.9541,    15.3514                 
# span 2 =   0.001345,   3.973147                 
# span 3 =     0.0131,    32.4991                 
# span 4 =         11,       1494                 
# span 5 =     0.0417,     6.2208                 
# span 6 = 0.0000e+00, 0.0000e+00                 
# interval = seconds: 0.25
# start_time = Aug 24 2023 01:01:48 [NMEA time, header]
# bad_flag = -9.990e-29
*END*
[from data line 1436]
      0.608    14.3365   3.895720    31.9556       1447     6.0250  0.000e+00
      0.647    14.3344   3.895872    31.9587       1448     6.0292  0.000e+00
      0.669    14.3335   3.896639    31.9664       1449     6.0333  0.000e+00
      0.665    14.3363   3.896738    31.9650       1450     6.0375  0.000e+00
      0.633    14.3397   3.896844    31.9632       1451     6.0417  0.000e+00
      0.619    14.3417   3.896659    31.9598       1452     6.0458  0.000e+00
      0.406    14.3425   3.896639    31.9591       1453     6.0500  0.000e+00
      0.109    14.3422   3.894840    31.9430       1454     6.0542  0.000e+00
     -0.055    14.3360   1.398758    10.4000       1455     6.0583  0.000e+00
     -0.062    14.3257   0.628011     4.3933       1456     6.0625  0.000e+00
     -0.062    14.3088   0.378758     2.5637       1457     6.0667  0.000e+00
     -0.066    14.2865   0.338729     2.2783       1458     6.0708  0.000e+00
     -0.067    14.2709   0.299156     1.9981       1459     6.0750  0.000e+00
     -0.065    14.2652   0.273699     1.8189       1460     6.0792  0.000e+00
     -0.064    14.2640   0.260319     1.7251       1461     6.0833  0.000e+00
     -0.064    14.2644   0.236521     1.5590       1462     6.0875  0.000e+00
     -0.067    14.2649   0.213940     1.4024       1463     6.0917  0.000e+00
     -0.075    14.2657   0.188829     1.2296       1464     6.0958  0.000e+00
     -0.069    14.2664   0.177039     1.1489       1465     6.1000  0.000e+00
     -0.066    14.2675   0.172845     1.1203       1466     6.1042  0.000e+00
     -0.070    14.2671   0.171279     1.1097       1467     6.1083  0.000e+00
     -0.066    14.2673   0.164573     1.0641       1468     6.1125  0.000e+00
     -0.067    14.2679   0.153913     0.9918       1469     6.1167  0.000e+00
     -0.069    14.2687   0.140237     0.8996       1470     6.1208  0.000e+00
     -0.068    14.2693   0.129019     0.8243       1471     6.1250  0.000e+00
     -0.064    14.2699   0.126123     0.8050       1472     6.1292  0.000e+00
     -0.062    14.2707   0.128039     0.8178       1473     6.1333  0.000e+00
     -0.064    14.2707   0.120636     0.7683       1474     6.1375  0.000e+00
     -0.063    14.2698   0.109175     0.6922       1475     6.1417  0.000e+00
     -0.063    14.2700   0.099977     0.6315       1476     6.1458  0.000e+00
     -0.061    14.2704   0.092856     0.5847       1477     6.1500  0.000e+00
     -0.064    14.2712   0.089361     0.5617       1478     6.1542  0.000e+00
     -0.056    14.2716   0.085043     0.5335       1479     6.1583  0.000e+00
     -0.063    14.2722   0.080726     0.5054       1480     6.1625  0.000e+00
     -0.063    14.2721   0.076514     0.4780       1481     6.1667  0.000e+00
     -0.059    14.2728   0.074861     0.4673       1482     6.1708  0.000e+00
     -0.059    14.2732   0.072199     0.4500       1483     6.1750  0.000e+00
     -0.061    14.2735   0.068660     0.4272       1484     6.1792  0.000e+00
     -0.056    14.2740   0.067118     0.4172       1485     6.1833  0.000e+00
     -0.055    14.2742   0.066964     0.4162       1486     6.1875  0.000e+00
     -0.057    14.2747   0.066727     0.4147       1487     6.1917  0.000e+00
     -0.063    14.2749   0.064931     0.4031       1488     6.1958  0.000e+00
     -0.067    14.2751   0.062336     0.3864       1489     6.2000  0.000e+00
     -0.067    14.2749   0.061063     0.3783       1490     6.2042  0.000e+00
     -0.059    14.2753   0.063677     0.3950       1491     6.2083  0.000e+00
     -0.049    14.2756   0.065688     0.4080       1492     6.2125  0.000e+00
     -0.052    14.2762   0.067075     0.4169       1493     6.2167  0.000e+00
     -0.053    14.2759   0.068997     0.4293       1494     6.2208  0.000e+00
