HB2303/sbe105.cnv
* Sea-Bird SBE 19plus V2 Data File:
* FileName = C:\cruise\data\sbe105.hex
* Software Version Seasave V 7.26.7.121
* Temperature SN = 6128
* Conductivity SN = 6128
* System UpLoad Time = Aug 18 2023 17:54:51
* NMEA Latitude = 42 21.34 N
* NMEA Longitude = 065 23.20 W
* NMEA UTC (Time) = Aug 18 2023 17:54:46
** Ship: Henry Bigelow
** Cruise:  HB2303
** Program:  ECOMON
# nquan = 7
# nvalues = 2409                                  
# units = specified
# name 0 = depSM: Depth [salt water, m]
# name 1 = tv290C: Temperature [ITS-90, deg C]
# name 2 = c0S/m: Conductivity [S/m]
# name 3 = sal00: Salinity, Practical [PSU]
# name 4 = scan: Scan Count
# name 5 = timeM: Time, Elapsed [minutes]
# name 6 = flag:  0.000e+00
# span 0 =     -0.299,    107.970                 
# span 1 =     5.5292,    21.7734                 
# span 2 =   0.000255,   4.235077                 
# span 3 =     0.0108,    34.2062                 
# span 4 =         11,       2419                 
# span 5 =     0.0417,    10.0750                 
# span 6 = 0.0000e+00, 0.0000e+00                 
# interval = seconds: 0.25
# start_time = Aug 18 2023 17:54:46 [NMEA time, header]
# bad_flag = -9.990e-29
*END*
[from data line 206]
     10.597    17.4176   4.141511    31.6463        217     0.9000  0.000e+00
     10.759    17.4719   4.142107    31.6089        218     0.9042  0.000e+00
     10.911    17.5187   4.142744    31.5779        219     0.9083  0.000e+00
     11.054    17.5592   4.143504    31.5528        220     0.9125  0.000e+00
     11.198    17.5947   4.144745    31.5357        221     0.9167  0.000e+00
     11.337    17.6282   4.146590    31.5253        222     0.9208  0.000e+00
     11.478    17.6619   4.149210    31.5214        223     0.9250  0.000e+00
     11.621    17.6959   4.151857    31.5174        224     0.9292  0.000e+00
     11.754    17.7267   4.153927    31.5111        225     0.9333  0.000e+00
     11.886    17.7529   4.155625    31.5052        226     0.9375  0.000e+00
     12.014    17.7756   4.156902    31.4983        227     0.9417  0.000e+00
     12.142    17.7982   4.157873    31.4891        228     0.9458  0.000e+00
     12.261    17.8208   4.158844    31.4797        229     0.9500  0.000e+00
     12.386    17.8422   4.159951    31.4726        230     0.9542  0.000e+00
     12.514    17.8631   4.160903    31.4644        231     0.9583  0.000e+00
     12.637    17.8828   4.161779    31.4566        232     0.9625  0.000e+00
     12.765    17.9017   4.162764    31.4503        233     0.9667  0.000e+00
     12.899    17.9208   4.163580    31.4424        234     0.9708  0.000e+00
     13.043    17.9405   4.164429    31.4344        235     0.9750  0.000e+00
     13.189    17.9611   4.166108    31.4326        236     0.9792  0.000e+00
     13.354    17.9856   4.168719    31.4357        237     0.9833  0.000e+00
     13.516    18.0114   4.170726    31.4326        238     0.9875  0.000e+00
     13.690    18.0351   4.172120    31.4261        239     0.9917  0.000e+00
     13.868    18.0569   4.172834    31.4153        240     0.9958  0.000e+00
     14.043    18.0757   4.173392    31.4055        241     1.0000  0.000e+00
     14.226    18.0919   4.173868    31.3971        242     1.0042  0.000e+00
     14.403    18.1044   4.174317    31.3912        243     1.0083  0.000e+00
     14.576    18.1138   4.173249    31.3749        244     1.0125  0.000e+00
     14.746    18.1200   4.170677    31.3486        245     1.0167  0.000e+00
     14.901    18.1163   4.169596    31.3423        246     1.0208  0.000e+00
     15.053    18.1014   4.169603    31.3537        247     1.0250  0.000e+00
     15.188    18.0023   4.169448    31.4283        248     1.0292  0.000e+00
     15.322    17.7889   4.170151    31.5989        249     1.0333  0.000e+00
     15.447    17.5975   4.171195    31.7566        250     1.0375  0.000e+00
     15.568    17.5125   4.171665    31.8271        251     1.0417  0.000e+00
     15.687    17.4628   4.172040    31.8692        252     1.0458  0.000e+00
     15.804    17.4253   4.172564    31.9032        253     1.0500  0.000e+00
     15.925    17.4192   4.173020    31.9118        254     1.0542  0.000e+00
     16.048    17.4412   4.173394    31.8977        255     1.0583  0.000e+00
     16.169    17.4858   4.173523    31.8637        256     1.0625  0.000e+00
     16.302    17.5509   4.173794    31.8149        257     1.0667  0.000e+00
     16.436    17.6310   4.173875    31.7529        258     1.0708  0.000e+00
     16.588    17.7143   4.173323    31.6832        259     1.0750  0.000e+00
     16.752    17.7933   4.172390    31.6139        260     1.0792  0.000e+00
     16.914    17.8653   4.172164    31.5562        261     1.0833  0.000e+00
     17.093    17.9252   4.172266    31.5107        262     1.0875  0.000e+00
     17.277    17.9727   4.172564    31.4766        263     1.0917  0.000e+00
     17.467    18.0090   4.172809    31.4507        264     1.0958  0.000e+00
     17.656    18.0371   4.172604    31.4273        265     1.1000  0.000e+00
     17.857    18.0602   4.171155    31.3973        266     1.1042  0.000e+00
     18.055    18.0750   4.169944    31.3757        267     1.1083  0.000e+00
     18.238    18.0749   4.169822    31.3747        268     1.1125  0.000e+00
     18.409    17.9447   4.168443    31.4630        269     1.1167  0.000e+00
     18.557    17.6224   4.163749    31.6729        270     1.1208  0.000e+00
     18.693    17.1398   4.150991    31.9428        271     1.1250  0.000e+00
     18.810    16.7055   4.128307    32.0926        272     1.1292  0.000e+00
     18.902    16.2463   4.106741    32.2743        273     1.1333  0.000e+00
     18.996    15.6830   4.095555    32.6366        274     1.1375  0.000e+00
     19.077    15.2327   4.090607    32.9679        275     1.1417  0.000e+00
     19.152    14.9559   4.111464    33.3911        276     1.1458  0.000e+00
     19.222    14.7455   4.145085    33.8786        277     1.1500  0.000e+00
     19.303    14.5894   4.159271    34.1451        278     1.1542  0.000e+00
     19.406    14.5818   4.165198    34.2062        279     1.1583  0.000e+00
     19.531    14.7264   4.165910    34.0854        280     1.1625  0.000e+00
     19.666    15.0257   4.165552    33.8212        281     1.1667  0.000e+00
     19.827    15.4038   4.164949    33.4909        282     1.1708  0.000e+00
     20.006    15.7720   4.164693    33.1770        283     1.1750  0.000e+00
     20.195    16.0984   4.164709    32.9049        284     1.1792  0.000e+00
     20.396    16.3621   4.151138    32.5686        285     1.1833  0.000e+00
     20.594    16.5266   3.741034    28.8874        286     1.1875  0.000e+00
     20.808    15.4560   3.519699    27.7339        287     1.1917  0.000e+00
     21.017    13.3304   3.502401    29.1367        288     1.1958  0.000e+00
     21.223    11.7796   3.489510    30.2373        289     1.2000  0.000e+00
     21.414    10.8225   3.479658    30.9342        290     1.2042  0.000e+00
     21.577    10.2403   3.468999    31.3252        291     1.2083  0.000e+00
     21.716     9.8650   3.461245    31.5733        292     1.2125  0.000e+00
     21.838     9.6192   3.458863    31.7653        293     1.2167  0.000e+00
     21.941     9.4700   3.453789    31.8457        294     1.2208  0.000e+00
     22.044     9.3647   3.451218    31.9130        295     1.2250  0.000e+00
     22.129     9.2908   3.450110    31.9676        296     1.2292  0.000e+00
     22.225     9.2445   3.448718    31.9947        297     1.2333  0.000e+00
     22.304     9.2134   3.446199    31.9965        298     1.2375  0.000e+00
     22.372     9.1859   3.442748    31.9857        299     1.2417  0.000e+00
     22.443     9.1548   3.440237    31.9876        300     1.2458  0.000e+00
     22.515     9.1234   3.439337    32.0064        301     1.2500  0.000e+00
     22.595     9.0996   3.435669    31.9899        302     1.2542  0.000e+00
     22.679     9.0710   3.430487    31.9620        303     1.2583  0.000e+00
     22.786     9.0292   3.427420    31.9678        304     1.2625  0.000e+00
     22.907     8.9847   3.425623    31.9891        305     1.2667  0.000e+00
     23.053     8.9495   3.426126    32.0260        306     1.2708  0.000e+00
     23.212     8.9318   3.423582    32.0154        307     1.2750  0.000e+00
     23.378     8.9131   3.416963    31.9635        308     1.2792  0.000e+00
     23.562     8.8763   3.416085    31.9874        309     1.2833  0.000e+00
     23.750     8.8433   3.411272    31.9670        310     1.2875  0.000e+00
     23.950     8.8081   3.405440    31.9380        311     1.2917  0.000e+00
     24.145     8.7630   3.398698    31.9083        312     1.2958  0.000e+00
     24.342     8.7042   3.391742    31.8887        313     1.3000  0.000e+00
     24.538     8.6353   3.385654    31.8872        314     1.3042  0.000e+00
     24.716     8.5564   3.376034    31.8577        315     1.3083  0.000e+00
     24.888     8.4609   3.374005    31.9227        316     1.3125  0.000e+00
     25.027     8.3807   3.363562    31.8855        317     1.3167  0.000e+00
     25.144     8.2897   3.350659    31.8320        318     1.3208  0.000e+00
     25.252     8.1739   3.343748    31.8640        319     1.3250  0.000e+00
     25.346     8.0646   3.337558    31.8979        320     1.3292  0.000e+00
     25.429     7.9714   3.333567    31.9405        321     1.3333  0.000e+00
     25.507     7.8951   3.329633    31.9684        322     1.3375  0.000e+00
     25.570     7.8330   3.327944    32.0072        323     1.3417  0.000e+00
     25.626     7.7882   3.326745    32.0356        324     1.3458  0.000e+00
     25.682     7.7571   3.326268    32.0590        325     1.3500  0.000e+00
     25.745     7.7375   3.326175    32.0760        326     1.3542  0.000e+00
     25.814     7.7261   3.325858    32.0831        327     1.3583  0.000e+00
     25.892     7.7185   3.325442    32.0856        328     1.3625  0.000e+00
     25.982     7.7120   3.324479    32.0813        329     1.3667  0.000e+00
     26.094     7.7029   3.323945    32.0839        330     1.3708  0.000e+00
     26.224     7.6928   3.322964    32.0826        331     1.3750  0.000e+00
     26.370     7.6831   3.323039    32.0923        332     1.3792  0.000e+00
     26.533     7.6765   3.323039    32.0983        333     1.3833  0.000e+00
     26.715     7.6731   3.322884    32.0997        334     1.3875  0.000e+00
     26.899     7.6695   3.319668    32.0685        335     1.3917  0.000e+00
     27.100     7.6540   3.316857    32.0525        336     1.3958  0.000e+00
     27.305     7.6287   3.315710    32.0634        337     1.4000  0.000e+00
     27.507     7.6048   3.311951    32.0450        338     1.4042  0.000e+00
     27.711     7.5745   3.308536    32.0363        339     1.4083  0.000e+00
     27.917     7.5375   3.306206    32.0453        340     1.4125  0.000e+00
     28.112     7.5031   3.305246    32.0666        341     1.4167  0.000e+00
     28.293     7.4765   3.303753    32.0750        342     1.4208  0.000e+00
     28.457     7.4524   3.302167    32.0802        343     1.4250  0.000e+00
     28.605     7.4294   3.298724    32.0643        344     1.4292  0.000e+00
     28.739     7.3999   3.297846    32.0821        345     1.4333  0.000e+00
     28.847     7.3744   3.297530    32.1022        346     1.4375  0.000e+00
     28.938     7.3571   3.297277    32.1155        347     1.4417  0.000e+00
     29.021     7.3438   3.297196    32.1269        348     1.4458  0.000e+00
     29.106     7.3344   3.297258    32.1363        349     1.4500  0.000e+00
     29.189     7.3283   3.297271    32.1420        350     1.4542  0.000e+00
     29.277     7.3249   3.297320    32.1457        351     1.4583  0.000e+00
     29.369     7.3226   3.297364    32.1483        352     1.4625  0.000e+00
     29.472     7.3201   3.297351    32.1504        353     1.4667  0.000e+00
     29.586     7.3172   3.296986    32.1491        354     1.4708  0.000e+00
     29.707     7.3132   3.296918    32.1520        355     1.4750  0.000e+00
     29.839     7.3100   3.296646    32.1520        356     1.4792  0.000e+00
     29.983     7.3070   3.295798    32.1455        357     1.4833  0.000e+00
     30.138     7.3012   3.294696    32.1389        358     1.4875  0.000e+00
     30.306     7.2926   3.293985    32.1391        359     1.4917  0.000e+00
     30.476     7.2828   3.292172    32.1286        360     1.4958  0.000e+00
     30.647     7.2670   3.289519    32.1145        361     1.5000  0.000e+00
     30.819     7.2430   3.286081    32.0994        362     1.5042  0.000e+00
     30.996     7.2118   3.284851    32.1151        363     1.5083  0.000e+00
     31.169     7.1831   3.285902    32.1531        364     1.5125  0.000e+00
     31.339     7.1662   3.287819    32.1895        365     1.5167  0.000e+00
     31.503     7.1620   3.288283    32.1984        366     1.5208  0.000e+00
     31.664     7.1618   3.287615    32.1913        367     1.5250  0.000e+00
     31.823     7.1573   3.286657    32.1850        368     1.5292  0.000e+00
     31.975     7.1494   3.286818    32.1940        369     1.5333  0.000e+00
     32.119     7.1422   3.286064    32.1924        370     1.5375  0.000e+00
     32.275     7.1331   3.285520    32.1950        371     1.5417  0.000e+00
     32.432     7.1229   3.285885    32.2084        372     1.5458  0.000e+00
     32.583     7.1168   3.285625    32.2112        373     1.5500  0.000e+00
     32.742     7.1119   3.286528    32.2255        374     1.5542  0.000e+00
     32.909     7.1121   3.286837    32.2286        375     1.5583  0.000e+00
     33.086     7.1151   3.286460    32.2216        376     1.5625  0.000e+00
     33.264     7.1143   3.286442    32.2221        377     1.5667  0.000e+00
     33.447     7.1116   3.286627    32.2265        378     1.5708  0.000e+00
     33.633     7.1077   3.285885    32.2220        379     1.5750  0.000e+00
     33.822     7.1000   3.285125    32.2209        380     1.5792  0.000e+00
     34.012     7.0897   3.284390    32.2224        381     1.5833  0.000e+00
     34.205     7.0785   3.283284    32.2208        382     1.5875  0.000e+00
     34.384     7.0664   3.280367    32.2003        383     1.5917  0.000e+00
     34.568     7.0466   3.275309    32.1636        384     1.5958  0.000e+00
     34.738     7.0106   3.267570    32.1129        385     1.6000  0.000e+00
     34.891     6.9537   3.257276    32.0536        386     1.6042  0.000e+00
     35.045     6.8655   3.237627    31.9212        387     1.6083  0.000e+00
     35.184     6.7275   3.231337    31.9808        388     1.6125  0.000e+00
     35.318     6.5961   3.223799    32.0208        389     1.6167  0.000e+00
     35.448     6.4859   3.219303    32.0745        390     1.6208  0.000e+00
     35.579     6.3960   3.215711    32.1193        391     1.6250  0.000e+00
     35.709     6.3248   3.213119    32.1577        392     1.6292  0.000e+00
     35.848     6.2694   3.211588    32.1930        393     1.6333  0.000e+00
     35.986     6.2300   3.210736    32.2209        394     1.6375  0.000e+00
     36.134     6.2012   3.208231    32.2202        395     1.6417  0.000e+00
     36.285     6.1739   3.207013    32.2325        396     1.6458  0.000e+00
     36.453     6.1482   3.203780    32.2208        397     1.6500  0.000e+00
     36.625     6.1167   3.199490    32.2028        398     1.6542  0.000e+00
     36.811     6.0730   3.195680    32.2017        399     1.6583  0.000e+00
     37.003     6.0207   3.190844    32.1973        400     1.6625  0.000e+00
     37.201     5.9629   3.189127    32.2330        401     1.6667  0.000e+00
     37.413     5.9122   3.186238    32.2488        402     1.6708  0.000e+00
     37.633     5.8725   3.183814    32.2595        403     1.6750  0.000e+00
     37.851     5.8334   3.184523    32.3047        404     1.6792  0.000e+00
     38.072     5.8062   3.189068    32.3817        405     1.6833  0.000e+00
     38.288     5.7965   3.190908    32.4116        406     1.6875  0.000e+00
     38.500     5.7893   3.192510    32.4364        407     1.6917  0.000e+00
     38.697     5.7769   3.196558    32.4939        408     1.6958  0.000e+00
     38.886     5.7748   3.200896    32.5446        409     1.7000  0.000e+00
     39.062     5.7836   3.205854    32.5919        410     1.7042  0.000e+00
     39.235     5.8043   3.215412    32.6794        411     1.7083  0.000e+00
     39.399     5.8441   3.221888    32.7137        412     1.7125  0.000e+00
     39.556     5.8952   3.226717    32.7184        413     1.7167  0.000e+00
     39.710     5.9457   3.232581    32.7353        414     1.7208  0.000e+00
     39.859     5.9938   3.234737    32.7128        415     1.7250  0.000e+00
     40.006     6.0334   3.236402    32.6932        416     1.7292  0.000e+00
     40.150     6.0628   3.238965    32.6935        417     1.7333  0.000e+00
     40.300     6.0872   3.240846    32.6909        418     1.7375  0.000e+00
     40.444     6.1074   3.243011    32.6955        419     1.7417  0.000e+00
     40.600     6.1271   3.244351    32.6915        420     1.7458  0.000e+00
