HB2303/sbe107.cnv
* Sea-Bird SBE 19plus V2 Data File:
* FileName = C:\cruise\data\sbe107.hex
* Software Version Seasave V 7.26.7.121
* Temperature SN = 6128
* Conductivity SN = 6128
* System UpLoad Time = Aug 18 2023 22:56:27
* NMEA Latitude = 42 14.09 N
* NMEA Longitude = 065 45.64 W
* NMEA UTC (Time) = Aug 18 2023 22:56:22
** Ship: Henry Bigelow
** Cruise:  HB2303
** Program:  ECOMON
# nquan = 7
# nvalues = 4693                                  
# units = specified
# name 0 = depSM: Depth [salt water, m]
# name 1 = tv290C: Temperature [ITS-90, deg C]
# name 2 = c0S/m: Conductivity [S/m]
# name 3 = sal00: Salinity, Practical [PSU]
# name 4 = scan: Scan Count
# name 5 = timeM: Time, Elapsed [minutes]
# name 6 = flag:  0.000e+00
# span 0 =     -0.120,    200.671                 
# span 1 =     7.0174,    19.8018                 
# span 2 =   0.000840,   4.229832                 
# span 3 =     0.0121,    35.1618                 
# span 4 =         11,       4703                 
# span 5 =     0.0417,    19.5917                 
# span 6 = 0.0000e+00, 0.0000e+00                 
# interval = seconds: 0.25
# start_time = Aug 18 2023 22:56:22 [NMEA time, header]
# bad_flag = -9.990e-29
*END*
[from data line 3077]
     81.060     7.7328   3.421592    33.0767       3088    12.8625  0.000e+00
     81.016     7.7334   3.421573    33.0760       3089    12.8667  0.000e+00
     80.976     7.7340   3.421573    33.0754       3090    12.8708  0.000e+00
     80.933     7.7344   3.421554    33.0749       3091    12.8750  0.000e+00
     80.897     7.7349   3.421529    33.0742       3092    12.8792  0.000e+00
     80.869     7.7351   3.421510    33.0738       3093    12.8833  0.000e+00
     80.847     7.7355   3.421529    33.0736       3094    12.8875  0.000e+00
     80.835     7.7359   3.421510    33.0731       3095    12.8917  0.000e+00
     80.835     7.7358   3.421491    33.0729       3096    12.8958  0.000e+00
     80.835     7.7360   3.421466    33.0724       3097    12.9000  0.000e+00
     80.833     7.7360   3.421491    33.0727       3098    12.9042  0.000e+00
     80.831     7.7361   3.421510    33.0728       3099    12.9083  0.000e+00
     80.813     7.7361   3.421529    33.0730       3100    12.9125  0.000e+00
     80.794     7.7359   3.421510    33.0731       3101    12.9167  0.000e+00
     80.752     7.7361   3.421510    33.0729       3102    12.9208  0.000e+00
     80.703     7.7362   3.421466    33.0723       3103    12.9250  0.000e+00
     80.638     7.7364   3.421466    33.0721       3104    12.9292  0.000e+00
     80.571     7.7365   3.421447    33.0719       3105    12.9333  0.000e+00
     80.499     7.7369   3.421422    33.0713       3106    12.9375  0.000e+00
     80.436     7.7377   3.421321    33.0695       3107    12.9417  0.000e+00
     80.371     7.7390   3.421365    33.0687       3108    12.9458  0.000e+00
     80.321     7.7427   3.421334    33.0649       3109    12.9500  0.000e+00
     80.274     7.7463   3.420844    33.0563       3110    12.9542  0.000e+00
     80.240     7.7499   3.420806    33.0524       3111    12.9583  0.000e+00
     80.209     7.7537   3.420800    33.0488       3112    12.9625  0.000e+00
     80.200     7.7574   3.420636    33.0436       3113    12.9667  0.000e+00
     80.182     7.7603   3.420630    33.0407       3114    12.9708  0.000e+00
     80.164     7.7626   3.420674    33.0390       3115    12.9750  0.000e+00
     80.153     7.7644   3.420567    33.0362       3116    12.9792  0.000e+00
     80.146     7.7657   3.420611    33.0354       3117    12.9833  0.000e+00
     80.129     7.7675   3.420485    33.0324       3118    12.9875  0.000e+00
     80.115     7.7694   3.420479    33.0306       3119    12.9917  0.000e+00
     80.103     7.7709   3.420404    33.0283       3120    12.9958  0.000e+00
     80.090     7.7724   3.420366    33.0265       3121    13.0000  0.000e+00
     80.075     7.7734   3.420429    33.0263       3122    13.0042  0.000e+00
     80.061     7.7747   3.420448    33.0252       3123    13.0083  0.000e+00
     80.036     7.7763   3.420410    33.0233       3124    13.0125  0.000e+00
     80.016     7.7787   3.420448    33.0215       3125    13.0167  0.000e+00
     79.989     7.7822   3.420215    33.0156       3126    13.0208  0.000e+00
     79.966     7.7884   3.420303    33.0107       3127    13.0250  0.000e+00
     79.938     7.7955   3.420391    33.0050       3128    13.0292  0.000e+00
     79.913     7.8002   3.420403    33.0007       3129    13.0333  0.000e+00
     79.884     7.8035   3.420428    32.9978       3130    13.0375  0.000e+00
     79.864     7.8059   3.420454    32.9959       3131    13.0417  0.000e+00
     79.844     7.8074   3.420485    32.9947       3132    13.0458  0.000e+00
     79.827     7.8086   3.420541    32.9943       3133    13.0500  0.000e+00
     79.810     7.8096   3.420510    32.9930       3134    13.0542  0.000e+00
     79.784     7.8102   3.420510    32.9924       3135    13.0583  0.000e+00
     79.760     7.8109   3.420523    32.9919       3136    13.0625  0.000e+00
     79.733     7.8114   3.420529    32.9916       3137    13.0667  0.000e+00
     79.695     7.8120   3.420523    32.9909       3138    13.0708  0.000e+00
     79.655     7.8131   3.420510    32.9897       3139    13.0750  0.000e+00
     79.608     7.8146   3.420548    32.9887       3140    13.0792  0.000e+00
     79.554     7.8157   3.420541    32.9877       3141    13.0833  0.000e+00
     79.499     7.8164   3.420548    32.9871       3142    13.0875  0.000e+00
     79.448     7.8168   3.420585    32.9871       3143    13.0917  0.000e+00
     79.388     7.8175   3.420591    32.9866       3144    13.0958  0.000e+00
     79.339     7.8182   3.420610    32.9861       3145    13.1000  0.000e+00
     79.284     7.8191   3.420604    32.9852       3146    13.1042  0.000e+00
     79.237     7.8204   3.420654    32.9845       3147    13.1083  0.000e+00
     79.190     7.8220   3.420648    32.9831       3148    13.1125  0.000e+00
     79.158     7.8231   3.420654    32.9821       3149    13.1167  0.000e+00
     79.125     7.8242   3.420654    32.9810       3150    13.1208  0.000e+00
     79.103     7.8256   3.420648    32.9797       3151    13.1250  0.000e+00
     79.103     7.8266   3.420673    32.9790       3152    13.1292  0.000e+00
     79.099     7.8277   3.420673    32.9780       3153    13.1333  0.000e+00
     79.101     7.8286   3.420654    32.9769       3154    13.1375  0.000e+00
     79.107     7.8291   3.420629    32.9762       3155    13.1417  0.000e+00
     79.119     7.8294   3.420698    32.9766       3156    13.1458  0.000e+00
     79.136     7.8305   3.420698    32.9756       3157    13.1500  0.000e+00
     79.143     7.8311   3.420692    32.9749       3158    13.1542  0.000e+00
     79.155     7.8315   3.420698    32.9746       3159    13.1583  0.000e+00
     79.152     7.8317   3.420692    32.9744       3160    13.1625  0.000e+00
     79.144     7.8315   3.420736    32.9750       3161    13.1667  0.000e+00
     79.126     7.8316   3.420761    32.9752       3162    13.1708  0.000e+00
     79.104     7.8311   3.420717    32.9752       3163    13.1750  0.000e+00
     79.068     7.8310   3.420673    32.9748       3164    13.1792  0.000e+00
     79.025     7.8314   3.420824    32.9761       3165    13.1833  0.000e+00
     78.977     7.8332   3.420861    32.9748       3166    13.1875  0.000e+00
     78.919     7.8350   3.420880    32.9733       3167    13.1917  0.000e+00
     78.861     7.8363   3.420849    32.9718       3168    13.1958  0.000e+00
     78.796     7.8376   3.420842    32.9706       3169    13.2000  0.000e+00
     78.740     7.8388   3.420848    32.9695       3170    13.2042  0.000e+00
     78.684     7.8395   3.420823    32.9686       3171    13.2083  0.000e+00
     78.630     7.8399   3.420842    32.9684       3172    13.2125  0.000e+00
     78.588     7.8408   3.420346    32.9623       3173    13.2167  0.000e+00
     78.550     7.8425   3.420151    32.9587       3174    13.2208  0.000e+00
     78.519     7.8449   3.419994    32.9547       3175    13.2250  0.000e+00
     78.483     7.8477   3.419881    32.9509       3176    13.2292  0.000e+00
     78.455     7.8504   3.420007    32.9497       3177    13.2333  0.000e+00
     78.429     7.8529   3.420038    32.9477       3178    13.2375  0.000e+00
     78.397     7.8548   3.420195    32.9476       3179    13.2417  0.000e+00
     78.372     7.8565   3.420214    32.9461       3180    13.2458  0.000e+00
     78.349     7.8589   3.420195    32.9438       3181    13.2500  0.000e+00
     78.321     7.8610   3.420057    32.9403       3182    13.2542  0.000e+00
     78.292     7.8631   3.420032    32.9380       3183    13.2583  0.000e+00
     78.276     7.8649   3.419925    32.9352       3184    13.2625  0.000e+00
     78.261     7.8663   3.419818    32.9328       3185    13.2667  0.000e+00
     78.252     7.8673   3.419718    32.9308       3186    13.2708  0.000e+00
     78.246     7.8683   3.419705    32.9297       3187    13.2750  0.000e+00
     78.234     7.8688   3.419736    32.9296       3188    13.2792  0.000e+00
     78.221     7.8697   3.419799    32.9293       3189    13.2833  0.000e+00
     78.208     7.8710   3.419862    32.9289       3190    13.2875  0.000e+00
     78.195     7.8722   3.419969    32.9288       3191    13.2917  0.000e+00
     78.175     7.8738   3.419994    32.9277       3192    13.2958  0.000e+00
     78.149     7.8752   3.419988    32.9262       3193    13.3000  0.000e+00
     78.116     7.8765   3.420031    32.9255       3194    13.3042  0.000e+00
     78.091     7.8776   3.419969    32.9238       3195    13.3083  0.000e+00
     78.051     7.8785   3.419881    32.9220       3196    13.3125  0.000e+00
     78.017     7.8794   3.419837    32.9207       3197    13.3167  0.000e+00
     77.973     7.8804   3.419799    32.9194       3198    13.3208  0.000e+00
     77.932     7.8811   3.419818    32.9190       3199    13.3250  0.000e+00
     77.882     7.8820   3.419862    32.9186       3200    13.3292  0.000e+00
     77.833     7.8835   3.419799    32.9166       3201    13.3333  0.000e+00
     77.775     7.8850   3.419686    32.9140       3202    13.3375  0.000e+00
     77.717     7.8865   3.419636    32.9120       3203    13.3417  0.000e+00
     77.653     7.8877   3.419554    32.9100       3204    13.3458  0.000e+00
     77.589     7.8888   3.419548    32.9090       3205    13.3500  0.000e+00
     77.523     7.8900   3.419548    32.9079       3206    13.3542  0.000e+00
     77.461     7.8912   3.419554    32.9068       3207    13.3583  0.000e+00
     77.398     7.8926   3.419548    32.9055       3208    13.3625  0.000e+00
     77.346     7.8937   3.419529    32.9043       3209    13.3667  0.000e+00
     77.308     7.8944   3.419529    32.9037       3210    13.3708  0.000e+00
     77.278     7.8951   3.419485    32.9025       3211    13.3750  0.000e+00
     77.264     7.8955   3.419510    32.9024       3212    13.3792  0.000e+00
     77.259     7.8959   3.419510    32.9020       3213    13.3833  0.000e+00
     77.255     7.8964   3.419529    32.9018       3214    13.3875  0.000e+00
     77.260     7.8967   3.419547    32.9017       3215    13.3917  0.000e+00
     77.273     7.8971   3.419573    32.9016       3216    13.3958  0.000e+00
     77.273     7.8973   3.419598    32.9017       3217    13.4000  0.000e+00
     77.279     7.8974   3.419591    32.9015       3218    13.4042  0.000e+00
     77.268     7.8976   3.419642    32.9019       3219    13.4083  0.000e+00
     77.249     7.8982   3.419635    32.9013       3220    13.4125  0.000e+00
     77.221     7.8983   3.419642    32.9012       3221    13.4167  0.000e+00
     77.186     7.8985   3.419673    32.9014       3222    13.4208  0.000e+00
     77.135     7.8989   3.419635    32.9007       3223    13.4250  0.000e+00
     77.079     7.8990   3.419642    32.9006       3224    13.4292  0.000e+00
     77.017     7.8991   3.419635    32.9005       3225    13.4333  0.000e+00
     76.954     7.8992   3.419641    32.9005       3226    13.4375  0.000e+00
     76.884     7.8993   3.419673    32.9008       3227    13.4417  0.000e+00
     76.816     7.8995   3.419692    32.9009       3228    13.4458  0.000e+00
     76.747     7.8999   3.419704    32.9006       3229    13.4500  0.000e+00
     76.682     7.9003   3.419673    32.8999       3230    13.4542  0.000e+00
     76.615     7.9006   3.419704    32.9000       3231    13.4583  0.000e+00
     76.552     7.9008   3.419692    32.8997       3232    13.4625  0.000e+00
     76.482     7.9010   3.419736    32.9000       3233    13.4667  0.000e+00
     76.424     7.9013   3.419704    32.8995       3234    13.4708  0.000e+00
     76.369     7.9014   3.419717    32.8995       3235    13.4750  0.000e+00
     76.323     7.9014   3.419704    32.8994       3236    13.4792  0.000e+00
     76.289     7.9014   3.419691    32.8992       3237    13.4833  0.000e+00
     76.258     7.9016   3.419717    32.8994       3238    13.4875  0.000e+00
     76.236     7.9015   3.419729    32.8996       3239    13.4917  0.000e+00
     76.233     7.9016   3.419691    32.8991       3240    13.4958  0.000e+00
     76.227     7.9016   3.419685    32.8990       3241    13.5000  0.000e+00
     76.233     7.9015   3.419717    32.8995       3242    13.5042  0.000e+00
     76.240     7.9013   3.419685    32.8994       3243    13.5083  0.000e+00
     76.244     7.9013   3.419717    32.8997       3244    13.5125  0.000e+00
     76.249     7.9010   3.419691    32.8996       3245    13.5167  0.000e+00
     76.246     7.9010   3.419748    32.9002       3246    13.5208  0.000e+00
     76.233     7.9012   3.419735    32.8999       3247    13.5250  0.000e+00
     76.199     7.9011   3.419729    32.8999       3248    13.5292  0.000e+00
     76.156     7.9011   3.419735    32.9000       3249    13.5333  0.000e+00
     76.096     7.9013   3.419735    32.8999       3250    13.5375  0.000e+00
     76.018     7.9015   3.419729    32.8997       3251    13.5417  0.000e+00
     75.926     7.9015   3.419716    32.8996       3252    13.5458  0.000e+00
     75.825     7.9014   3.419729    32.8998       3253    13.5500  0.000e+00
     75.717     7.9014   3.419716    32.8998       3254    13.5542  0.000e+00
     75.600     7.9014   3.419716    32.8999       3255    13.5583  0.000e+00
     75.487     7.9014   3.419704    32.8998       3256    13.5625  0.000e+00
     75.388     7.9014   3.419735    32.9001       3257    13.5667  0.000e+00
     75.294     7.9016   3.419773    32.9005       3258    13.5708  0.000e+00
     75.219     7.9021   3.419817    32.9005       3259    13.5750  0.000e+00
     75.156     7.9031   3.419967    32.9011       3260    13.5792  0.000e+00
     75.107     7.9054   3.420087    32.9003       3261    13.5833  0.000e+00
     75.077     7.9081   3.420068    32.8975       3262    13.5875  0.000e+00
     75.062     7.9100   3.420080    32.8959       3263    13.5917  0.000e+00
     75.055     7.9114   3.420049    32.8943       3264    13.5958  0.000e+00
     75.062     7.9120   3.420055    32.8937       3265    13.6000  0.000e+00
     75.076     7.9121   3.420068    32.8938       3266    13.6042  0.000e+00
     75.085     7.9124   3.420068    32.8935       3267    13.6083  0.000e+00
     75.095     7.9127   3.420080    32.8934       3268    13.6125  0.000e+00
     75.100     7.9128   3.420068    32.8931       3269    13.6167  0.000e+00
     75.093     7.9125   3.420080    32.8935       3270    13.6208  0.000e+00
     75.069     7.9124   3.420112    32.8939       3271    13.6250  0.000e+00
     75.037     7.9127   3.420087    32.8934       3272    13.6292  0.000e+00
     74.998     7.9131   3.420124    32.8935       3273    13.6333  0.000e+00
     74.946     7.9138   3.420068    32.8923       3274    13.6375  0.000e+00
     74.881     7.9141   3.420011    32.8914       3275    13.6417  0.000e+00
     74.807     7.9145   3.419986    32.8907       3276    13.6458  0.000e+00
     74.729     7.9148   3.419942    32.8900       3277    13.6500  0.000e+00
     74.655     7.9150   3.419923    32.8897       3278    13.6542  0.000e+00
     74.576     7.9149   3.419860    32.8892       3279    13.6583  0.000e+00
     74.496     7.9149   3.419728    32.8878       3280    13.6625  0.000e+00
     74.416     7.9156   3.419609    32.8859       3281    13.6667  0.000e+00
     74.348     7.9161   3.419465    32.8840       3282    13.6708  0.000e+00
     74.283     7.9162   3.419446    32.8836       3283    13.6750  0.000e+00
     74.218     7.9166   3.419402    32.8829       3284    13.6792  0.000e+00
     74.163     7.9175   3.419446    32.8825       3285    13.6833  0.000e+00
     74.102     7.9189   3.419465    32.8814       3286    13.6875  0.000e+00
     74.049     7.9214   3.419446    32.8788       3287    13.6917  0.000e+00
     74.006     7.9242   3.419464    32.8764       3288    13.6958  0.000e+00
     73.961     7.9265   3.419446    32.8741       3289    13.7000  0.000e+00
     73.926     7.9285   3.419420    32.8720       3290    13.7042  0.000e+00
     73.877     7.9318   3.419358    32.8683       3291    13.7083  0.000e+00
     73.830     7.9355   3.419420    32.8654       3292    13.7125  0.000e+00
