HB2303/sbe158.cnv
* Sea-Bird SBE 19plus V2 Data File:
* FileName = C:\cruise\data\sbe158.hex
* Software Version Seasave V 7.26.7.121
* Temperature SN = 6128
* Conductivity SN = 6128
* System UpLoad Time = Aug 23 2023 09:43:09
* NMEA Latitude = 41 16.94 N
* NMEA Longitude = 068 28.55 W
* NMEA UTC (Time) = Aug 23 2023 09:43:04
** Ship: Henry Bigelow
** Cruise:  HB2303
** Program:  ECOMON
# nquan = 7
# nvalues = 1456                                  
# units = specified
# name 0 = depSM: Depth [salt water, m]
# name 1 = tv290C: Temperature [ITS-90, deg C]
# name 2 = c0S/m: Conductivity [S/m]
# name 3 = sal00: Salinity, Practical [PSU]
# name 4 = scan: Scan Count
# name 5 = timeM: Time, Elapsed [minutes]
# name 6 = flag:  0.000e+00
# span 0 =      0.022,     52.763                 
# span 1 =    14.6437,    16.9295                 
# span 2 =   0.001978,   4.180040                 
# span 3 =     0.0164,    32.4498                 
# span 4 =         11,       1466                 
# span 5 =     0.0417,     6.1042                 
# span 6 = 0.0000e+00, 0.0000e+00                 
# interval = seconds: 0.25
# start_time = Aug 23 2023 09:43:04 [NMEA time, header]
# bad_flag = -9.990e-29
*END*
[from data line 1231]
     10.900    16.4976   4.135211    32.3228       1242     5.1708  0.000e+00
     10.868    16.5037   4.135231    32.3180       1243     5.1750  0.000e+00
     10.850    16.5097   4.135069    32.3118       1244     5.1792  0.000e+00
     10.823    16.5150   4.136228    32.3177       1245     5.1833  0.000e+00
     10.794    16.5198   4.135658    32.3088       1246     5.1875  0.000e+00
     10.767    16.5215   4.135258    32.3039       1247     5.1917  0.000e+00
     10.729    16.5197   4.135400    32.3067       1248     5.1958  0.000e+00
     10.686    16.5180   4.137197    32.3237       1249     5.2000  0.000e+00
     10.633    16.5238   4.138587    32.3311       1250     5.2042  0.000e+00
     10.563    16.5348   4.138858    32.3246       1251     5.2083  0.000e+00
     10.493    16.5432   4.139461    32.3231       1252     5.2125  0.000e+00
     10.412    16.5510   4.140180    32.3232       1253     5.2167  0.000e+00
     10.325    16.5580   4.140329    32.3188       1254     5.2208  0.000e+00
     10.236    16.5630   4.140831    32.3192       1255     5.2250  0.000e+00
     10.151    16.5682   4.141597    32.3217       1256     5.2292  0.000e+00
     10.073    16.5744   4.142397    32.3236       1257     5.2333  0.000e+00
     10.019    16.5814   4.144086    32.3328       1258     5.2375  0.000e+00
      9.974    16.5917   4.145274    32.3348       1259     5.2417  0.000e+00
      9.945    16.6045   4.145606    32.3273       1260     5.2458  0.000e+00
      9.938    16.6137   4.145680    32.3205       1261     5.2500  0.000e+00
      9.939    16.6194   4.145870    32.3176       1262     5.2542  0.000e+00
      9.948    16.6230   4.145558    32.3120       1263     5.2583  0.000e+00
      9.956    16.6241   4.145158    32.3076       1264     5.2625  0.000e+00
      9.959    16.6227   4.144907    32.3066       1265     5.2667  0.000e+00
      9.952    16.6208   4.145158    32.3102       1266     5.2708  0.000e+00
      9.945    16.6207   4.145558    32.3139       1267     5.2750  0.000e+00
      9.907    16.6221   4.145585    32.3130       1268     5.2792  0.000e+00
      9.871    16.6231   4.146108    32.3167       1269     5.2833  0.000e+00
      9.824    16.6256   4.146881    32.3214       1270     5.2875  0.000e+00
      9.764    16.6306   4.147899    32.3263       1271     5.2917  0.000e+00
      9.679    16.6374   4.149033    32.3307       1272     5.2958  0.000e+00
      9.589    16.6464   4.149623    32.3286       1273     5.3000  0.000e+00
      9.486    16.6549   4.151870    32.3413       1274     5.3042  0.000e+00
      9.381    16.6678   4.153914    32.3486       1275     5.3083  0.000e+00
      9.280    16.6845   4.154660    32.3417       1276     5.3125  0.000e+00
      9.197    16.6990   4.155061    32.3336       1277     5.3167  0.000e+00
      9.120    16.7093   4.156385    32.3367       1278     5.3208  0.000e+00
      9.060    16.7195   4.157852    32.3413       1279     5.3250  0.000e+00
      9.002    16.7319   4.158762    32.3392       1280     5.3292  0.000e+00
      8.956    16.7442   4.160114    32.3411       1281     5.3333  0.000e+00
      8.921    16.7562   4.160508    32.3348       1282     5.3375  0.000e+00
      8.892    16.7655   4.160787    32.3297       1283     5.3417  0.000e+00
      8.882    16.7720   4.161038    32.3267       1284     5.3458  0.000e+00
      8.875    16.7769   4.160766    32.3204       1285     5.3500  0.000e+00
      8.882    16.7787   4.160943    32.3204       1286     5.3542  0.000e+00
      8.869    16.7797   4.160814    32.3185       1287     5.3583  0.000e+00
      8.851    16.7800   4.161391    32.3233       1288     5.3625  0.000e+00
      8.833    16.7826   4.161589    32.3229       1289     5.3667  0.000e+00
      8.804    16.7847   4.161690    32.3221       1290     5.3708  0.000e+00
      8.766    16.7869   4.161813    32.3215       1291     5.3750  0.000e+00
      8.723    16.7884   4.162153    32.3232       1292     5.3792  0.000e+00
      8.670    16.7905   4.162288    32.3227       1293     5.3833  0.000e+00
      8.591    16.7925   4.162567    32.3235       1294     5.3875  0.000e+00
      8.498    16.7946   4.163301    32.3282       1295     5.3917  0.000e+00
      8.399    16.7987   4.163722    32.3286       1296     5.3958  0.000e+00
      8.302    16.8035   4.163797    32.3255       1297     5.4000  0.000e+00
      8.210    16.8068   4.163777    32.3226       1298     5.4042  0.000e+00
      8.128    16.8087   4.163817    32.3215       1299     5.4083  0.000e+00
      8.072    16.8097   4.163967    32.3220       1300     5.4125  0.000e+00
      8.023    16.8118   4.165911    32.3371       1301     5.4167  0.000e+00
      7.985    16.8184   4.164198    32.3171       1302     5.4208  0.000e+00
      7.960    16.8184   4.164116    32.3163       1303     5.4250  0.000e+00
      7.949    16.8168   4.164069    32.3172       1304     5.4292  0.000e+00
      7.949    16.8153   4.164116    32.3188       1305     5.4333  0.000e+00
      7.953    16.8148   4.164245    32.3204       1306     5.4375  0.000e+00
      7.951    16.8151   4.164279    32.3204       1307     5.4417  0.000e+00
      7.944    16.8153   4.164096    32.3187       1308     5.4458  0.000e+00
      7.924    16.8147   4.164293    32.3208       1309     5.4500  0.000e+00
      7.888    16.8151   4.165068    32.3273       1310     5.4542  0.000e+00
      7.838    16.8182   4.165646    32.3298       1311     5.4583  0.000e+00
      7.780    16.8227   4.165394    32.3240       1312     5.4625  0.000e+00
      7.706    16.8253   4.165666    32.3243       1313     5.4667  0.000e+00
      7.628    16.8271   4.165877    32.3247       1314     5.4708  0.000e+00
      7.545    16.8290   4.166373    32.3275       1315     5.4750  0.000e+00
      7.454    16.8325   4.168420    32.3424       1316     5.4792  0.000e+00
      7.366    16.8416   4.168834    32.3387       1317     5.4833  0.000e+00
      7.280    16.8508   4.169032    32.3331       1318     5.4875  0.000e+00
      7.209    16.8571   4.169256    32.3299       1319     5.4917  0.000e+00
      7.150    16.8616   4.169283    32.3266       1320     5.4958  0.000e+00
      7.106    16.8642   4.169433    32.3258       1321     5.5000  0.000e+00
      7.070    16.8661   4.169331    32.3234       1322     5.5042  0.000e+00
      7.043    16.8672   4.169133    32.3208       1323     5.5083  0.000e+00
      7.019    16.8670   4.169011    32.3199       1324     5.5125  0.000e+00
      7.005    16.8658   4.168950    32.3204       1325     5.5167  0.000e+00
      6.989    16.8651   4.168956    32.3211       1326     5.5208  0.000e+00
      6.974    16.8647   4.168929    32.3211       1327     5.5250  0.000e+00
      6.954    16.8640   4.168875    32.3212       1328     5.5292  0.000e+00
      6.927    16.8637   4.168854    32.3213       1329     5.5333  0.000e+00
      6.890    16.8634   4.168956    32.3225       1330     5.5375  0.000e+00
      6.834    16.8634   4.169113    32.3238       1331     5.5417  0.000e+00
      6.765    16.8640   4.169235    32.3244       1332     5.5458  0.000e+00
      6.695    16.8653   4.169358    32.3244       1333     5.5500  0.000e+00
      6.631    16.8665   4.169405    32.3239       1334     5.5542  0.000e+00
      6.566    16.8674   4.169582    32.3247       1335     5.5583  0.000e+00
      6.503    16.8689   4.169657    32.3242       1336     5.5625  0.000e+00
      6.442    16.8700   4.169786    32.3245       1337     5.5667  0.000e+00
      6.384    16.8709   4.170010    32.3257       1338     5.5708  0.000e+00
      6.325    16.8723   4.170867    32.3320       1339     5.5750  0.000e+00
      6.277    16.8773   4.174385    32.3584       1340     5.5792  0.000e+00
      6.236    16.8921   4.174378    32.3465       1341     5.5833  0.000e+00
      6.196    16.9045   4.174650    32.3389       1342     5.5875  0.000e+00
      6.157    16.9122   4.174786    32.3339       1343     5.5917  0.000e+00
      6.115    16.9167   4.174786    32.3302       1344     5.5958  0.000e+00
      6.070    16.9193   4.174173    32.3229       1345     5.6000  0.000e+00
      6.017    16.9190   4.174330    32.3245       1346     5.6042  0.000e+00
      5.974    16.9179   4.173146    32.3152       1347     5.6083  0.000e+00
      5.929    16.9143   4.172615    32.3135       1348     5.6125  0.000e+00
      5.884    16.9082   4.172016    32.3132       1349     5.6167  0.000e+00
      5.846    16.9031   4.172397    32.3206       1350     5.6208  0.000e+00
      5.801    16.9003   4.173214    32.3300       1351     5.6250  0.000e+00
      5.749    16.9025   4.174051    32.3355       1352     5.6292  0.000e+00
      5.702    16.9076   4.174105    32.3318       1353     5.6333  0.000e+00
      5.635    16.9116   4.173860    32.3265       1354     5.6375  0.000e+00
      5.568    16.9126   4.174377    32.3302       1355     5.6417  0.000e+00
      5.485    16.9148   4.174534    32.3298       1356     5.6458  0.000e+00
      5.402    16.9171   4.174193    32.3251       1357     5.6500  0.000e+00
      5.307    16.9175   4.174479    32.3273       1358     5.6542  0.000e+00
      5.211    16.9182   4.174629    32.3280       1359     5.6583  0.000e+00
      5.126    16.9189   4.173785    32.3202       1360     5.6625  0.000e+00
      5.065    16.9171   4.173826    32.3220       1361     5.6667  0.000e+00
      5.025    16.9154   4.173309    32.3189       1362     5.6708  0.000e+00
      5.005    16.9129   4.173275    32.3206       1363     5.6750  0.000e+00
      5.016    16.9103   4.173227    32.3223       1364     5.6792  0.000e+00
      5.016    16.9089   4.173424    32.3251       1365     5.6833  0.000e+00
      5.027    16.9088   4.174030    32.3305       1366     5.6875  0.000e+00
      5.021    16.9109   4.174180    32.3301       1367     5.6917  0.000e+00
      4.998    16.9128   4.172968    32.3181       1368     5.6958  0.000e+00
      4.979    16.9107   4.173452    32.3240       1369     5.7000  0.000e+00
      4.936    16.9090   4.173526    32.3260       1370     5.7042  0.000e+00
      4.871    16.9096   4.175391    32.3416       1371     5.7083  0.000e+00
      4.743    16.9165   4.175411    32.3363       1372     5.7125  0.000e+00
      4.590    16.9221   4.175159    32.3297       1373     5.7167  0.000e+00
      4.415    16.9245   4.175200    32.3282       1374     5.7208  0.000e+00
      4.254    16.9259   4.175207    32.3272       1375     5.7250  0.000e+00
      4.122    16.9266   4.175084    32.3256       1376     5.7292  0.000e+00
      4.036    16.9263   4.174431    32.3202       1377     5.7333  0.000e+00
      3.990    16.9240   4.174730    32.3247       1378     5.7375  0.000e+00
      3.983    16.9229   4.174907    32.3271       1379     5.7417  0.000e+00
      3.996    16.9230   4.174941    32.3273       1380     5.7458  0.000e+00
      4.023    16.9235   4.174934    32.3268       1381     5.7500  0.000e+00
      4.057    16.9241   4.174839    32.3255       1382     5.7542  0.000e+00
      4.095    16.9237   4.174785    32.3253       1383     5.7583  0.000e+00
      4.125    16.9236   4.174832    32.3259       1384     5.7625  0.000e+00
      4.141    16.9234   4.174941    32.3269       1385     5.7667  0.000e+00
      4.118    16.9239   4.175111    32.3280       1386     5.7708  0.000e+00
      4.059    16.9245   4.175234    32.3286       1387     5.7750  0.000e+00
      3.979    16.9255   4.175179    32.3273       1388     5.7792  0.000e+00
      3.861    16.9263   4.175336    32.3281       1389     5.7833  0.000e+00
      3.720    16.9271   4.175336    32.3275       1390     5.7875  0.000e+00
      3.572    16.9276   4.175179    32.3259       1391     5.7917  0.000e+00
      3.426    16.9276   4.175356    32.3274       1392     5.7958  0.000e+00
      3.297    16.9280   4.175383    32.3273       1393     5.8000  0.000e+00
      3.204    16.9288   4.175465    32.3275       1394     5.8042  0.000e+00
      3.146    16.9295   4.175308    32.3256       1395     5.8083  0.000e+00
      3.126    16.9293   4.175281    32.3255       1396     5.8125  0.000e+00
      3.121    16.9290   4.175295    32.3258       1397     5.8167  0.000e+00
      3.126    16.9288   4.175383    32.3268       1398     5.8208  0.000e+00
      3.131    16.9288   4.175322    32.3262       1399     5.8250  0.000e+00
      3.144    16.9289   4.175356    32.3265       1400     5.8292  0.000e+00
      3.146    16.9289   4.175356    32.3265       1401     5.8333  0.000e+00
      3.140    16.9289   4.175342    32.3264       1402     5.8375  0.000e+00
      3.121    16.9289   4.175383    32.3267       1403     5.8417  0.000e+00
      3.084    16.9290   4.175281    32.3257       1404     5.8458  0.000e+00
      3.020    16.9289   4.175342    32.3264       1405     5.8500  0.000e+00
      2.940    16.9287   4.175308    32.3263       1406     5.8542  0.000e+00
      2.841    16.9288   4.175308    32.3262       1407     5.8583  0.000e+00
      2.736    16.9288   4.175322    32.3264       1408     5.8625  0.000e+00
      2.632    16.9287   4.175308    32.3264       1409     5.8667  0.000e+00
      2.527    16.9290   4.175383    32.3269       1410     5.8708  0.000e+00
      2.435    16.9290   4.175294    32.3261       1411     5.8750  0.000e+00
      2.343    16.9290   4.175308    32.3263       1412     5.8792  0.000e+00
      2.256    16.9289   4.175260    32.3260       1413     5.8833  0.000e+00
      2.186    16.9286   4.175321    32.3268       1414     5.8875  0.000e+00
      2.121    16.9287   4.175260    32.3262       1415     5.8917  0.000e+00
      2.085    16.9286   4.175179    32.3256       1416     5.8958  0.000e+00
      2.063    16.9280   4.175185    32.3261       1417     5.9000  0.000e+00
      2.059    16.9280   4.175185    32.3261       1418     5.9042  0.000e+00
      2.070    16.9276   4.175199    32.3265       1419     5.9083  0.000e+00
      2.073    16.9277   4.175206    32.3265       1420     5.9125  0.000e+00
      2.073    16.9278   4.175185    32.3263       1421     5.9167  0.000e+00
      2.071    16.9277   4.175104    32.3256       1422     5.9208  0.000e+00
      2.057    16.9273   4.174981    32.3249       1423     5.9250  0.000e+00
      2.006    16.9265   4.175029    32.3260       1424     5.9292  0.000e+00
      1.925    16.9262   4.175036    32.3263       1425     5.9333  0.000e+00
      1.815    16.9262   4.175056    32.3266       1426     5.9375  0.000e+00
      1.707    16.9259   4.174906    32.3256       1427     5.9417  0.000e+00
      1.590    16.9252   4.174961    32.3266       1428     5.9458  0.000e+00
      1.528    16.9253   4.175131    32.3280       1429     5.9500  0.000e+00
      1.490    16.9259   4.175131    32.3275       1430     5.9542  0.000e+00
      1.503    16.9265   4.175083    32.3267       1431     5.9583  0.000e+00
      1.528    16.9267   4.175056    32.3262       1432     5.9625  0.000e+00
      1.550    16.9266   4.175199    32.3275       1433     5.9667  0.000e+00
      1.554    16.9269   4.175233    32.3276       1434     5.9708  0.000e+00
      1.554    16.9274   4.175206    32.3269       1435     5.9750  0.000e+00
      1.545    16.9276   4.175199    32.3267       1436     5.9792  0.000e+00
      1.541    16.9279   4.175158    32.3262       1437     5.9833  0.000e+00
      1.539    16.9276   4.175008    32.3251       1438     5.9875  0.000e+00
      1.558    16.9272   4.175056    32.3258       1439     5.9917  0.000e+00
      1.592    16.9266   4.174954    32.3254       1440     5.9958  0.000e+00
      1.651    16.9261   4.174933    32.3256       1441     6.0000  0.000e+00
      1.704    16.9259   4.175008    32.3264       1442     6.0042  0.000e+00
      1.762    16.9255   4.175029    32.3268       1443     6.0083  0.000e+00
      1.830    16.9258   4.175029    32.3266       1444     6.0125  0.000e+00
      1.888    16.9259   4.174940    32.3257       1445     6.0167  0.000e+00
