HB2303/sbe161.cnv
* Sea-Bird SBE 19plus V2 Data File:
* FileName = C:\cruise\data\sbe161.hex
* Software Version Seasave V 7.26.7.121
* Temperature SN = 6128
* Conductivity SN = 6128
* System UpLoad Time = Aug 23 2023 14:56:28
* NMEA Latitude = 40 48.76 N
* NMEA Longitude = 068 49.10 W
* NMEA UTC (Time) = Aug 23 2023 14:56:24
** Ship: Henry Bigelow
** Cruise:  HB2303
** Program:  ECOMON
# nquan = 7
# nvalues = 1232                                  
# units = specified
# name 0 = depSM: Depth [salt water, m]
# name 1 = tv290C: Temperature [ITS-90, deg C]
# name 2 = c0S/m: Conductivity [S/m]
# name 3 = sal00: Salinity, Practical [PSU]
# name 4 = scan: Scan Count
# name 5 = timeM: Time, Elapsed [minutes]
# name 6 = flag:  0.000e+00
# span 0 =      0.058,     60.970                 
# span 1 =    14.4959,    18.7249                 
# span 2 =   0.003138,   4.153516                 
# span 3 =     0.0222,    32.6665                 
# span 4 =         11,       1242                 
# span 5 =     0.0417,     5.1708                 
# span 6 = 0.0000e+00, 0.0000e+00                 
# interval = seconds: 0.25
# start_time = Aug 23 2023 14:56:24 [NMEA time, header]
# bad_flag = -9.990e-29
*END*
[from data line 411]
     60.745    14.5042   3.950530    32.2934        422     1.7542  0.000e+00
     60.711    14.5043   3.950338    32.2916        423     1.7583  0.000e+00
     60.666    14.5034   3.950737    32.2959        424     1.7625  0.000e+00
     60.637    14.5039   3.950597    32.2942        425     1.7667  0.000e+00
     60.604    14.5040   3.950617    32.2944        426     1.7708  0.000e+00
     60.570    14.5041   3.950663    32.2947        427     1.7750  0.000e+00
     60.548    14.5046   3.950624    32.2940        428     1.7792  0.000e+00
     60.534    14.5046   3.950570    32.2935        429     1.7833  0.000e+00
     60.534    14.5046   3.950810    32.2957        430     1.7875  0.000e+00
     60.548    14.5053   3.950903    32.2959        431     1.7917  0.000e+00
     60.568    14.5064   3.950923    32.2952        432     1.7958  0.000e+00
     60.594    14.5072   3.950969    32.2950        433     1.8000  0.000e+00
     60.630    14.5078   3.951049    32.2951        434     1.8042  0.000e+00
     60.670    14.5085   3.951116    32.2952        435     1.8083  0.000e+00
     60.707    14.5092   3.951089    32.2943        436     1.8125  0.000e+00
     60.749    14.5096   3.951116    32.2942        437     1.8167  0.000e+00
     60.778    14.5099   3.951136    32.2941        438     1.8208  0.000e+00
     60.794    14.5102   3.951182    32.2943        439     1.8250  0.000e+00
     60.807    14.5105   3.951256    32.2947        440     1.8292  0.000e+00
     60.808    14.5108   3.951389    32.2957        441     1.8333  0.000e+00
     60.799    14.5118   3.951608    32.2968        442     1.8375  0.000e+00
     60.789    14.5137   3.951748    32.2965        443     1.8417  0.000e+00
     60.765    14.5153   3.951535    32.2933        444     1.8458  0.000e+00
     60.747    14.5155   3.951229    32.2903        445     1.8500  0.000e+00
     60.727    14.5143   3.950923    32.2886        446     1.8542  0.000e+00
     60.705    14.5119   3.950850    32.2899        447     1.8583  0.000e+00
     60.692    14.5100   3.950903    32.2920        448     1.8625  0.000e+00
     60.680    14.5090   3.950903    32.2928        449     1.8667  0.000e+00
     60.676    14.5084   3.950903    32.2933        450     1.8708  0.000e+00
     60.670    14.5080   3.950903    32.2936        451     1.8750  0.000e+00
     60.670    14.5080   3.950903    32.2936        452     1.8792  0.000e+00
     60.672    14.5079   3.950783    32.2926        453     1.8833  0.000e+00
     60.685    14.5075   3.950357    32.2891        454     1.8875  0.000e+00
     60.689    14.5054   3.949938    32.2870        455     1.8917  0.000e+00
     60.699    14.5021   3.949652    32.2872        456     1.8958  0.000e+00
     60.705    14.4987   3.949559    32.2891        457     1.9000  0.000e+00
     60.709    14.4962   3.949938    32.2947        458     1.9042  0.000e+00
     60.705    14.4959   3.950198    32.2973        459     1.9083  0.000e+00
     60.689    14.4972   3.950304    32.2971        460     1.9125  0.000e+00
     60.656    14.4993   3.950763    32.2996        461     1.9167  0.000e+00
     60.620    14.5024   3.950950    32.2988        462     1.9208  0.000e+00
     60.577    14.5049   3.950783    32.2952        463     1.9250  0.000e+00
     60.528    14.5060   3.950384    32.2906        464     1.9292  0.000e+00
     60.478    14.5048   3.950058    32.2887        465     1.9333  0.000e+00
     60.427    14.5025   3.949985    32.2899        466     1.9375  0.000e+00
     60.370    14.5003   3.949958    32.2916        467     1.9417  0.000e+00
     60.324    14.4990   3.950031    32.2933        468     1.9458  0.000e+00
     60.281    14.4987   3.949326    32.2872        469     1.9500  0.000e+00
     60.238    14.4990   3.950151    32.2945        470     1.9542  0.000e+00
     60.196    14.4993   3.950264    32.2952        471     1.9583  0.000e+00
     60.156    14.5002   3.950357    32.2954        472     1.9625  0.000e+00
     60.117    14.5013   3.950450    32.2953        473     1.9667  0.000e+00
     60.088    14.5021   3.950570    32.2957        474     1.9708  0.000e+00
     60.054    14.5035   3.950597    32.2948        475     1.9750  0.000e+00
     60.012    14.5041   3.950597    32.2943        476     1.9792  0.000e+00
     59.970    14.5047   3.950477    32.2928        477     1.9833  0.000e+00
     59.920    14.5045   3.950410    32.2923        478     1.9875  0.000e+00
     59.880    14.5043   3.950623    32.2945        479     1.9917  0.000e+00
     59.840    14.5047   3.950996    32.2975        480     1.9958  0.000e+00
     59.813    14.5067   3.951089    32.2967        481     2.0000  0.000e+00
     59.787    14.5085   3.951255    32.2967        482     2.0042  0.000e+00
     59.762    14.5104   3.951229    32.2949        483     2.0083  0.000e+00
     59.738    14.5115   3.951115    32.2930        484     2.0125  0.000e+00
     59.709    14.5118   3.951096    32.2926        485     2.0167  0.000e+00
     59.679    14.5114   3.951042    32.2924        486     2.0208  0.000e+00
     59.643    14.5113   3.951042    32.2925        487     2.0250  0.000e+00
     59.585    14.5110   3.950829    32.2909        488     2.0292  0.000e+00
     59.509    14.5100   3.950809    32.2915        489     2.0333  0.000e+00
     59.419    14.5092   3.951162    32.2955        490     2.0375  0.000e+00
     59.323    14.5100   3.951348    32.2965        491     2.0417  0.000e+00
     59.222    14.5119   3.951541    32.2967        492     2.0458  0.000e+00
     59.106    14.5141   3.952406    32.3028        493     2.0500  0.000e+00
     58.985    14.5193   3.952592    32.3003        494     2.0542  0.000e+00
     58.864    14.5236   3.952406    32.2950        495     2.0583  0.000e+00
     58.756    14.5254   3.952173    32.2915        496     2.0625  0.000e+00
     58.640    14.5252   3.952266    32.2925        497     2.0667  0.000e+00
     58.543    14.5252   3.952426    32.2940        498     2.0708  0.000e+00
     58.456    14.5261   3.952452    32.2935        499     2.0750  0.000e+00
     58.384    14.5268   3.952432    32.2928        500     2.0792  0.000e+00
     58.323    14.5270   3.952332    32.2917        501     2.0833  0.000e+00
     58.278    14.5268   3.952286    32.2915        502     2.0875  0.000e+00
     58.236    14.5264   3.952312    32.2921        503     2.0917  0.000e+00
     58.195    14.5262   3.952479    32.2938        504     2.0958  0.000e+00
     58.130    14.5270   3.952652    32.2947        505     2.1000  0.000e+00
     58.061    14.5281   3.952758    32.2948        506     2.1042  0.000e+00
     58.000    14.5296   3.952831    32.2942        507     2.1083  0.000e+00
     57.937    14.5308   3.952878    32.2937        508     2.1125  0.000e+00
     57.868    14.5315   3.953417    32.2981        509     2.1167  0.000e+00
     57.792    14.5342   3.953936    32.3005        510     2.1208  0.000e+00
     57.718    14.5388   3.954076    32.2980        511     2.1250  0.000e+00
     57.647    14.5423   3.953217    32.2873        512     2.1292  0.000e+00
     57.577    14.5410   3.952924    32.2858        513     2.1333  0.000e+00
     57.507    14.5379   3.953017    32.2892        514     2.1375  0.000e+00
     57.434    14.5361   3.953017    32.2908        515     2.1417  0.000e+00
     57.362    14.5355   3.953037    32.2915        516     2.1458  0.000e+00
     57.293    14.5351   3.953696    32.2978        517     2.1500  0.000e+00
     57.213    14.5377   3.954555    32.3035        518     2.1542  0.000e+00
     57.129    14.5436   3.954781    32.3006        519     2.1583  0.000e+00
     57.033    14.5486   3.954734    32.2961        520     2.1625  0.000e+00
     56.931    14.5516   3.954687    32.2932        521     2.1667  0.000e+00
     56.816    14.5527   3.954614    32.2917        522     2.1708  0.000e+00
     56.689    14.5531   3.954594    32.2913        523     2.1750  0.000e+00
     56.543    14.5533   3.954641    32.2916        524     2.1792  0.000e+00
     56.406    14.5534   3.954654    32.2916        525     2.1833  0.000e+00
     56.256    14.5539   3.954827    32.2929        526     2.1875  0.000e+00
     56.106    14.5546   3.954920    32.2932        527     2.1917  0.000e+00
     55.951    14.5557   3.954734    32.2907        528     2.1958  0.000e+00
     55.790    14.5558   3.954807    32.2913        529     2.2000  0.000e+00
     55.649    14.5557   3.955206    32.2950        530     2.2042  0.000e+00
     55.510    14.5575   3.955465    32.2959        531     2.2083  0.000e+00
     55.387    14.5604   3.955958    32.2981        532     2.2125  0.000e+00
     55.277    14.5638   3.956264    32.2981        533     2.2167  0.000e+00
     55.185    14.5679   3.956663    32.2983        534     2.2208  0.000e+00
     55.104    14.5720   3.956597    32.2943        535     2.2250  0.000e+00
     55.039    14.5744   3.956337    32.2900        536     2.2292  0.000e+00
     54.974    14.5749   3.956384    32.2901        537     2.2333  0.000e+00
     54.921    14.5748   3.956384    32.2901        538     2.2375  0.000e+00
     54.874    14.5748   3.956430    32.2906        539     2.2417  0.000e+00
     54.827    14.5750   3.956404    32.2902        540     2.2458  0.000e+00
     54.775    14.5750   3.956357    32.2898        541     2.2500  0.000e+00
     54.726    14.5748   3.956337    32.2898        542     2.2542  0.000e+00
     54.670    14.5743   3.956264    32.2896        543     2.2583  0.000e+00
     54.605    14.5740   3.956217    32.2895        544     2.2625  0.000e+00
     54.531    14.5738   3.956357    32.2909        545     2.2667  0.000e+00
     54.453    14.5738   3.956011    32.2878        546     2.2708  0.000e+00
     54.363    14.5728   3.956170    32.2901        547     2.2750  0.000e+00
     54.267    14.5722   3.956190    32.2908        548     2.2792  0.000e+00
     54.170    14.5726   3.956430    32.2927        549     2.2833  0.000e+00
     54.056    14.5736   3.956337    32.2911        550     2.2875  0.000e+00
     53.940    14.5740   3.955984    32.2876        551     2.2917  0.000e+00
     53.815    14.5732   3.956144    32.2898        552     2.2958  0.000e+00
     53.695    14.5728   3.956283    32.2914        553     2.3000  0.000e+00
     53.559    14.5733   3.956357    32.2917        554     2.3042  0.000e+00
     53.422    14.5738   3.956356    32.2914        555     2.3083  0.000e+00
     53.273    14.5741   3.956217    32.2899        556     2.3125  0.000e+00
     53.126    14.5743   3.956217    32.2897        557     2.3167  0.000e+00
     52.988    14.5739   3.956216    32.2901        558     2.3208  0.000e+00
     52.848    14.5738   3.956596    32.2937        559     2.3250  0.000e+00
     52.714    14.5751   3.958160    32.3069        560     2.3292  0.000e+00
     52.591    14.5841   3.963835    32.3511        561     2.3333  0.000e+00
     52.481    14.6109   3.958666    32.2819        562     2.3375  0.000e+00
     52.380    14.6190   3.967092    32.3517        563     2.3417  0.000e+00
     52.291    14.6445   3.963787    32.3006        564     2.3458  0.000e+00
     52.208    14.6597   3.967538    32.3220        565     2.3500  0.000e+00
     52.138    14.6758   3.968818    32.3203        566     2.3542  0.000e+00
     52.062    14.6930   3.970211    32.3187        567     2.3583  0.000e+00
     51.995    14.7117   3.969584    32.2975        568     2.3625  0.000e+00
     51.944    14.7208   3.969597    32.2901        569     2.3667  0.000e+00
     51.880    14.7238   3.968057    32.2736        570     2.3708  0.000e+00
     51.827    14.7199   3.969030    32.2857        571     2.3750  0.000e+00
     51.762    14.7194   3.968577    32.2821        572     2.3792  0.000e+00
     51.693    14.7197   3.968790    32.2837        573     2.3833  0.000e+00
     51.616    14.7181   3.966851    32.2675        574     2.3875  0.000e+00
     51.536    14.7113   3.969810    32.3001        575     2.3917  0.000e+00
     51.453    14.7150   3.970850    32.3065        576     2.3958  0.000e+00
     51.352    14.7287   3.972650    32.3114        577     2.4000  0.000e+00
     51.262    14.7441   3.976178    32.3306        578     2.4042  0.000e+00
     51.154    14.7667   3.977525    32.3241        579     2.4083  0.000e+00
     51.053    14.7849   3.966616    32.2103        580     2.4125  0.000e+00
     50.946    14.7592   3.966803    32.2333        581     2.4167  0.000e+00
     50.836    14.7302   3.968983    32.2771        582     2.4208  0.000e+00
     50.735    14.7233   3.967730    32.2715        583     2.4250  0.000e+00
     50.626    14.7174   3.966690    32.2670        584     2.4292  0.000e+00
     50.520    14.7082   3.964598    32.2558        585     2.4333  0.000e+00
     50.425    14.6951   3.968883    32.3055        586     2.4375  0.000e+00
     50.326    14.7001   3.974564    32.3529        587     2.4417  0.000e+00
     50.221    14.7324   3.974944    32.3296        588     2.4458  0.000e+00
     50.128    14.7594   3.976958    32.3255        589     2.4500  0.000e+00
     50.026    14.7821   3.978665    32.3221        590     2.4542  0.000e+00
     49.928    14.8036   3.978925    32.3066        591     2.4583  0.000e+00
     49.831    14.8187   3.978591    32.2912        592     2.4625  0.000e+00
     49.728    14.8250   3.977097    32.2725        593     2.4667  0.000e+00
     49.627    14.8231   3.977857    32.2810        594     2.4708  0.000e+00
     49.518    14.8223   3.978925    32.2913        595     2.4750  0.000e+00
     49.408    14.8272   3.979211    32.2899        596     2.4792  0.000e+00
     49.288    14.8320   3.977810    32.2733        597     2.4833  0.000e+00
     49.154    14.8301   3.977717    32.2740        598     2.4875  0.000e+00
     49.020    14.8262   3.977290    32.2735        599     2.4917  0.000e+00
     48.881    14.8227   3.976956    32.2735        600     2.4958  0.000e+00
     48.744    14.8187   3.976643    32.2739        601     2.5000  0.000e+00
     48.613    14.8148   3.976176    32.2730        602     2.5042  0.000e+00
     48.480    14.8106   3.976910    32.2832        603     2.5083  0.000e+00
     48.359    14.8099   3.977030    32.2849        604     2.5125  0.000e+00
     48.251    14.8115   3.976716    32.2808        605     2.5167  0.000e+00
     48.142    14.8115   3.977263    32.2857        606     2.5208  0.000e+00
     48.049    14.8138   3.977997    32.2905        607     2.5250  0.000e+00
     47.964    14.8182   3.977643    32.2838        608     2.5292  0.000e+00
     47.883    14.8197   3.976836    32.2752        609     2.5333  0.000e+00
     47.812    14.8179   3.977736    32.2848        610     2.5375  0.000e+00
     47.747    14.8183   3.977570    32.2831        611     2.5417  0.000e+00
     47.680    14.8196   3.977389    32.2804        612     2.5458  0.000e+00
     47.612    14.8190   3.977123    32.2785        613     2.5500  0.000e+00
     47.539    14.8177   3.977429    32.2823        614     2.5542  0.000e+00
     47.471    14.8178   3.977643    32.2842        615     2.5583  0.000e+00
     47.399    14.8195   3.977976    32.2858        616     2.5625  0.000e+00
     47.315    14.8218   3.977976    32.2840        617     2.5667  0.000e+00
     47.230    14.8231   3.977903    32.2823        618     2.5708  0.000e+00
     47.145    14.8237   3.978190    32.2844        619     2.5750  0.000e+00
     47.050    14.8248   3.977876    32.2807        620     2.5792  0.000e+00
     46.952    14.8251   3.978043    32.2820        621     2.5833  0.000e+00
     46.845    14.8248   3.977616    32.2784        622     2.5875  0.000e+00
     46.748    14.8232   3.977563    32.2793        623     2.5917  0.000e+00
     46.639    14.8223   3.977856    32.2828        624     2.5958  0.000e+00
     46.540    14.8238   3.984884    32.3451        625     2.6000  0.000e+00
