HB2303/sbe178.cnv
* Sea-Bird SBE 19plus V2 Data File:
* FileName = C:\cruise\data\sbe178.hex
* Software Version Seasave V 7.26.7.121
* Temperature SN = 6128
* Conductivity SN = 6128
* System UpLoad Time = Aug 24 2023 23:32:30
* NMEA Latitude = 40 48.66 N
* NMEA Longitude = 069 50.92 W
* NMEA UTC (Time) = Aug 24 2023 23:32:26
** Ship: Henry Bigelow
** Cruise:  HB2303
** Program:  ECOMON
# nquan = 7
# nvalues = 1383                                  
# units = specified
# name 0 = depSM: Depth [salt water, m]
# name 1 = tv290C: Temperature [ITS-90, deg C]
# name 2 = c0S/m: Conductivity [S/m]
# name 3 = sal00: Salinity, Practical [PSU]
# name 4 = scan: Scan Count
# name 5 = timeM: Time, Elapsed [minutes]
# name 6 = flag:  0.000e+00
# span 0 =     -0.058,     30.602                 
# span 1 =    14.1309,    16.8491                 
# span 2 =   0.002322,   4.096615                 
# span 3 =     0.0181,    32.9358                 
# span 4 =         11,       1393                 
# span 5 =     0.0417,     5.8000                 
# span 6 = 0.0000e+00, 0.0000e+00                 
# interval = seconds: 0.25
# start_time = Aug 24 2023 23:32:26 [NMEA time, header]
# bad_flag = -9.990e-29
*END*
[from data line 1231]
      2.602    14.7106   3.913070    31.8051       1242     5.1708  0.000e+00
      2.635    14.6997   3.913607    31.8189       1243     5.1750  0.000e+00
      2.664    14.6957   3.913958    31.8253       1244     5.1792  0.000e+00
      2.685    14.6971   3.914979    31.8334       1245     5.1833  0.000e+00
      2.702    14.7016   3.913534    31.8166       1246     5.1875  0.000e+00
      2.694    14.6998   3.914468    31.8266       1247     5.1917  0.000e+00
      2.669    14.7027   3.917842    31.8548       1248     5.1958  0.000e+00
      2.631    14.7197   3.916887    31.8322       1249     5.2000  0.000e+00
      2.575    14.7315   3.916171    31.8162       1250     5.2042  0.000e+00
      2.519    14.7310   3.914865    31.8047       1251     5.2083  0.000e+00
      2.447    14.7251   3.914329    31.8047       1252     5.2125  0.000e+00
      2.391    14.7180   3.915979    31.8255       1253     5.2167  0.000e+00
      2.324    14.7182   3.916509    31.8301       1254     5.2208  0.000e+00
      2.268    14.7218   3.916284    31.8252       1255     5.2250  0.000e+00
      2.212    14.7274   3.922080    31.8731       1256     5.2292  0.000e+00
      2.162    14.7582   3.924249    31.8675       1257     5.2333  0.000e+00
      2.127    14.7935   3.927068    31.8641       1258     5.2375  0.000e+00
      2.111    14.8303   3.927599    31.8389       1259     5.2417  0.000e+00
      2.109    14.8586   3.927983    31.8193       1260     5.2458  0.000e+00
      2.116    14.8767   3.928773    31.8116       1261     5.2500  0.000e+00
      2.134    14.8907   3.929404    31.8059       1262     5.2542  0.000e+00
      2.181    14.9016   3.929291    31.7959       1263     5.2583  0.000e+00
      2.219    14.9078   3.929078    31.7890       1264     5.2625  0.000e+00
      2.260    14.9100   3.928912    31.7857       1265     5.2667  0.000e+00
      2.316    14.9102   3.928819    31.7846       1266     5.2708  0.000e+00
      2.350    14.9094   3.927890    31.7769       1267     5.2750  0.000e+00
      2.374    14.9054   3.927817    31.7794       1268     5.2792  0.000e+00
      2.368    14.9014   3.927724    31.7819       1269     5.2833  0.000e+00
      2.323    14.8987   3.927585    31.7828       1270     5.2875  0.000e+00
      2.267    14.8967   3.928355    31.7914       1271     5.2917  0.000e+00
      2.199    14.8986   3.930525    31.8095       1272     5.2958  0.000e+00
      2.112    14.9102   3.932623    31.8190       1273     5.3000  0.000e+00
      2.016    14.9315   3.932324    31.7989       1274     5.3042  0.000e+00
      1.895    14.9489   3.933752    31.7977       1275     5.3083  0.000e+00
      1.785    14.9657   3.936608    31.8098       1276     5.3125  0.000e+00
      1.689    14.9885   3.936866    31.7936       1277     5.3167  0.000e+00
      1.626    15.0056   3.935943    31.7713       1278     5.3208  0.000e+00
      1.602    15.0125   3.934687    31.7545       1279     5.3250  0.000e+00
      1.622    15.0110   3.934076    31.7502       1280     5.3292  0.000e+00
      1.647    15.0060   3.933472    31.7488       1281     5.3333  0.000e+00
      1.691    14.9997   3.933147    31.7510       1282     5.3375  0.000e+00
      1.743    14.9934   3.932894    31.7539       1283     5.3417  0.000e+00
      1.790    14.9875   3.932563    31.7556       1284     5.3458  0.000e+00
      1.830    14.9802   3.931925    31.7558       1285     5.3500  0.000e+00
      1.862    14.9690   3.931182    31.7582       1286     5.3542  0.000e+00
      1.882    14.9558   3.929781    31.7564       1287     5.3583  0.000e+00
      1.885    14.9402   3.928726    31.7595       1288     5.3625  0.000e+00
      1.891    14.9242   3.928122    31.7671       1289     5.3667  0.000e+00
      1.882    14.9111   3.927465    31.7719       1290     5.3708  0.000e+00
      1.860    14.9001   3.926835    31.7751       1291     5.3750  0.000e+00
      1.827    14.8910   3.926510    31.7796       1292     5.3792  0.000e+00
      1.798    14.8838   3.925879    31.7798       1293     5.3833  0.000e+00
      1.761    14.8764   3.925461    31.7821       1294     5.3875  0.000e+00
      1.710    14.8713   3.928282    31.8117       1295     5.3917  0.000e+00
      1.652    14.8782   3.929125    31.8137       1296     5.3958  0.000e+00
      1.584    14.8897   3.929921    31.8115       1297     5.4000  0.000e+00
      1.518    14.9005   3.931302    31.8152       1298     5.4042  0.000e+00
      1.470    14.9142   3.931952    31.8099       1299     5.4083  0.000e+00
      1.424    14.9330   3.931926    31.7944       1300     5.4125  0.000e+00
      1.405    14.9458   3.931859    31.7833       1301     5.4167  0.000e+00
      1.401    14.9518   3.931786    31.7778       1302     5.4208  0.000e+00
      1.424    14.9533   3.930956    31.7691       1303     5.4250  0.000e+00
      1.441    14.9470   3.930757    31.7724       1304     5.4292  0.000e+00
      1.461    14.9393   3.930478    31.7762       1305     5.4333  0.000e+00
      1.479    14.9327   3.930126    31.7784       1306     5.4375  0.000e+00
      1.489    14.9267   3.929755    31.7799       1307     5.4417  0.000e+00
      1.491    14.9218   3.930100    31.7870       1308     5.4458  0.000e+00
      1.468    14.9199   3.931859    31.8045       1309     5.4500  0.000e+00
      1.422    14.9280   3.931786    31.7972       1310     5.4542  0.000e+00
      1.357    14.9378   3.931786    31.7892       1311     5.4583  0.000e+00
      1.289    14.9478   3.931952    31.7826       1312     5.4625  0.000e+00
      1.215    14.9556   3.932012    31.7768       1313     5.4667  0.000e+00
      1.161    14.9602   3.932164    31.7745       1314     5.4708  0.000e+00
      1.119    14.9638   3.931998    31.7701       1315     5.4750  0.000e+00
      1.119    14.9657   3.931972    31.7683       1316     5.4792  0.000e+00
      1.146    14.9660   3.931952    31.7679       1317     5.4833  0.000e+00
      1.187    14.9660   3.931912    31.7674       1318     5.4875  0.000e+00
      1.252    14.9660   3.931766    31.7662       1319     5.4917  0.000e+00
      1.321    14.9647   3.930199    31.7530       1320     5.4958  0.000e+00
      1.380    14.9537   3.923921    31.7055       1321     5.5000  0.000e+00
      1.442    14.9156   3.923059    31.7287       1322     5.5042  0.000e+00
      1.493    14.8787   3.925634    31.7819       1323     5.5083  0.000e+00
      1.536    14.8671   3.927001    31.8037       1324     5.5125  0.000e+00
      1.570    14.8717   3.928421    31.8127       1325     5.5167  0.000e+00
      1.599    14.8828   3.929171    31.8104       1326     5.5208  0.000e+00
      1.619    14.8935   3.929018    31.8003       1327     5.5250  0.000e+00
      1.633    14.9003   3.928846    31.7932       1328     5.5292  0.000e+00
      1.642    14.9038   3.929967    31.8004       1329     5.5333  0.000e+00
      1.640    14.9116   3.930200    31.7961       1330     5.5375  0.000e+00
      1.627    14.9202   3.930385    31.7908       1331     5.5417  0.000e+00
      1.604    14.9259   3.930983    31.7916       1332     5.5458  0.000e+00
      1.559    14.9346   3.931461    31.7888       1333     5.5500  0.000e+00
      1.505    14.9444   3.931786    31.7838       1334     5.5542  0.000e+00
      1.445    14.9528   3.932955    31.7875       1335     5.5583  0.000e+00
      1.377    14.9626   3.932397    31.7745       1336     5.5625  0.000e+00
      1.304    14.9682   3.932775    31.7734       1337     5.5667  0.000e+00
      1.254    14.9723   3.933731    31.7787       1338     5.5708  0.000e+00
      1.205    14.9782   3.934289    31.7790       1339     5.5750  0.000e+00
      1.169    14.9852   3.934568    31.7758       1340     5.5792  0.000e+00
      1.159    14.9901   3.934873    31.7745       1341     5.5833  0.000e+00
      1.147    14.9948   3.936487    31.7852       1342     5.5875  0.000e+00
      1.142    15.0037   3.937364    31.7859       1343     5.5917  0.000e+00
      1.156    15.0138   3.937683    31.7806       1344     5.5958  0.000e+00
      1.180    15.0219   3.937730    31.7744       1345     5.6000  0.000e+00
      1.203    15.0265   3.936793    31.7622       1346     5.6042  0.000e+00
      1.228    15.0257   3.934993    31.7466       1347     5.6083  0.000e+00
      1.248    15.0177   3.934342    31.7473       1348     5.6125  0.000e+00
      1.249    15.0083   3.936255    31.7721       1349     5.6167  0.000e+00
      1.222    15.0099   3.939790    31.8026       1350     5.6208  0.000e+00
      1.168    15.0285   3.943498    31.8208       1351     5.6250  0.000e+00
      1.114    15.0579   3.947088    31.8292       1352     5.6292  0.000e+00
      1.054    15.0940   3.950274    31.8285       1353     5.6333  0.000e+00
      1.002    15.1336   3.950939    31.8023       1354     5.6375  0.000e+00
      0.975    15.1611   3.953813    31.8057       1355     5.6417  0.000e+00
      0.979    15.1905   3.957274    31.8128       1356     5.6458  0.000e+00
      0.977    15.2221   3.955316    31.7697       1357     5.6500  0.000e+00
      0.973    15.2373   3.960030    31.7996       1358     5.6542  0.000e+00
      0.953    15.2613   3.968337    31.8544       1359     5.6583  0.000e+00
      0.919    15.3118   3.975864    31.8808       1360     5.6625  0.000e+00
      0.881    15.3770   3.975943    31.8286       1361     5.6667  0.000e+00
      0.825    15.4251   3.986848    31.8869       1362     5.6708  0.000e+00
      0.721    15.4994   4.036186    32.2661       1363     5.6750  0.000e+00
      0.558    15.7195   4.072686    32.4104       1364     5.6792  0.000e+00
      0.370    16.0294   4.077081    32.1964       1365     5.6833  0.000e+00
      0.143    16.2610   4.077152    32.0101       1366     5.6875  0.000e+00
     -0.028    16.3954   2.677430    20.0368       1367     5.6917  0.000e+00
     -0.050    16.4635   0.667340     4.4429       1368     5.6958  0.000e+00
     -0.049    16.4844   0.409108     2.6347       1369     5.7000  0.000e+00
     -0.049    16.4824   0.347046     2.2125       1370     5.7042  0.000e+00
     -0.051    16.4749   0.259912     1.6296       1371     5.7083  0.000e+00
     -0.051    16.4663   0.228256     1.4211       1372     5.7125  0.000e+00
     -0.051    16.4578   0.213706     1.3261       1373     5.7167  0.000e+00
     -0.056    16.4481   0.203145     1.2575       1374     5.7208  0.000e+00
     -0.056    16.4382   0.181644     1.1181       1375     5.7250  0.000e+00
     -0.058    16.4226   0.161310     0.9874       1376     5.7292  0.000e+00
     -0.053    16.4004   0.155242     0.9490       1377     5.7333  0.000e+00
     -0.047    16.3785   0.138166     0.8404       1378     5.7375  0.000e+00
     -0.040    16.3583   0.174945     1.0769       1379     5.7417  0.000e+00
     -0.046    16.3374   0.206822     1.2849       1380     5.7458  0.000e+00
     -0.048    16.3173   0.578929     3.8302       1381     5.7500  0.000e+00
     -0.048    16.3003   0.280967     1.7770       1382     5.7542  0.000e+00
     -0.045    16.2870   0.222762     1.3912       1383     5.7583  0.000e+00
     -0.046    16.2736   0.190920     1.1830       1384     5.7625  0.000e+00
     -0.046    16.2615   0.161146     0.9903       1385     5.7667  0.000e+00
     -0.046    16.2498   0.142860     0.8730       1386     5.7708  0.000e+00
     -0.048    16.2381   0.130591     0.7949       1387     5.7750  0.000e+00
     -0.047    16.2267   0.119814     0.7267       1388     5.7792  0.000e+00
     -0.041    16.2143   0.105086     0.6339       1389     5.7833  0.000e+00
     -0.045    16.2015   0.090199     0.5408       1390     5.7875  0.000e+00
     -0.047    16.1904   0.082203     0.4912       1391     5.7917  0.000e+00
     -0.047    16.1798   0.077455     0.4619       1392     5.7958  0.000e+00
     -0.047    16.1694   0.073586     0.4381       1393     5.8000  0.000e+00
