HB2303/sbe112.cnv
* Sea-Bird SBE 19plus V2 Data File:
* FileName = C:\cruise\data\sbe112.hex
* Software Version Seasave V 7.26.7.121
* Temperature SN = 6128
* Conductivity SN = 6128
* System UpLoad Time = Aug 19 2023 08:44:41
* NMEA Latitude = 42 20.70 N
* NMEA Longitude = 066 51.13 W
* NMEA UTC (Time) = Aug 19 2023 08:44:36
** Ship: Henry Bigelow
** Cruise:  HB2303
** Program:  ECOMON
# nquan = 7
# nvalues = 3979                                  
# units = specified
# name 0 = depSM: Depth [salt water, m]
# name 1 = tv290C: Temperature [ITS-90, deg C]
# name 2 = c0S/m: Conductivity [S/m]
# name 3 = sal00: Salinity, Practical [PSU]
# name 4 = scan: Scan Count
# name 5 = timeM: Time, Elapsed [minutes]
# name 6 = flag:  0.000e+00
# span 0 =     -0.274,    202.409                 
# span 1 =     7.7070,    18.2244                 
# span 2 =   0.001536,   4.204580                 
# span 3 =     0.0147,    35.0431                 
# span 4 =         11,       3989                 
# span 5 =     0.0417,    16.6167                 
# span 6 = 0.0000e+00, 0.0000e+00                 
# interval = seconds: 0.25
# start_time = Aug 19 2023 08:44:36 [NMEA time, header]
# bad_flag = -9.990e-29
*END*
[from data line 821]
    116.152     8.9762   3.647924    34.2686        832     3.4625  0.000e+00
    116.308     9.0040   3.649495    34.2581        833     3.4667  0.000e+00
    116.459     9.0257   3.650707    34.2499        834     3.4708  0.000e+00
    116.606     9.0425   3.652821    34.2557        835     3.4750  0.000e+00
    116.768     9.0586   3.653903    34.2514        836     3.4792  0.000e+00
    116.935     9.0718   3.654374    34.2435        837     3.4833  0.000e+00
    117.106     9.0808   3.654529    34.2364        838     3.4875  0.000e+00
    117.283     9.0866   3.654129    34.2266        839     3.4917  0.000e+00
    117.458     9.0892   3.655638    34.2397        840     3.4958  0.000e+00
    117.644     9.0934   3.656605    34.2457        841     3.5000  0.000e+00
    117.825     9.0997   3.658069    34.2548        842     3.5042  0.000e+00
    118.012     9.1072   3.659191    34.2592        843     3.5083  0.000e+00
    118.195     9.1152   3.659933    34.2592        844     3.5125  0.000e+00
    118.368     9.1223   3.660610    34.2593        845     3.5167  0.000e+00
    118.545     9.1287   3.661088    34.2581        846     3.5208  0.000e+00
    118.709     9.1337   3.661404    34.2565        847     3.5250  0.000e+00
    118.872     9.1375   3.661720    34.2560        848     3.5292  0.000e+00
    119.029     9.1406   3.661946    34.2554        849     3.5333  0.000e+00
    119.182     9.1428   3.662126    34.2551        850     3.5375  0.000e+00
    119.327     9.1444   3.662307    34.2553        851     3.5417  0.000e+00
    119.465     9.1456   3.662443    34.2555        852     3.5458  0.000e+00
    119.600     9.1467   3.662533    34.2553        853     3.5500  0.000e+00
    119.735     9.1471   3.662598    34.2556        854     3.5542  0.000e+00
    119.869     9.1472   3.662643    34.2558        855     3.5583  0.000e+00
    120.003     9.1471   3.662624    34.2557        856     3.5625  0.000e+00
    120.140     9.1466   3.662533    34.2552        857     3.5667  0.000e+00
    120.288     9.1457   3.662462    34.2553        858     3.5708  0.000e+00
    120.425     9.1448   3.662488    34.2563        859     3.5750  0.000e+00
    120.575     9.1441   3.662462    34.2566        860     3.5792  0.000e+00
    120.729     9.1437   3.662443    34.2568        861     3.5833  0.000e+00
    120.888     9.1434   3.662450    34.2571        862     3.5875  0.000e+00
    121.049     9.1428   3.662398    34.2570        863     3.5917  0.000e+00
    121.217     9.1422   3.662353    34.2571        864     3.5958  0.000e+00
    121.390     9.1413   3.662308    34.2573        865     3.6000  0.000e+00
    121.561     9.1406   3.662308    34.2580        866     3.6042  0.000e+00
    121.738     9.1399   3.662353    34.2590        867     3.6083  0.000e+00
    121.931     9.1397   3.662386    34.2594        868     3.6125  0.000e+00
    122.117     9.1392   3.662444    34.2604        869     3.6167  0.000e+00
    122.316     9.1388   3.662463    34.2610        870     3.6208  0.000e+00
    122.513     9.1383   3.662508    34.2618        871     3.6250  0.000e+00
    122.722     9.1378   3.662579    34.2629        872     3.6292  0.000e+00
    122.928     9.1374   3.662689    34.2644        873     3.6333  0.000e+00
    123.139     9.1370   3.662838    34.2662        874     3.6375  0.000e+00
    123.351     9.1368   3.663096    34.2689        875     3.6417  0.000e+00
    123.562     9.1369   3.663322    34.2711        876     3.6458  0.000e+00
    123.773     9.1369   3.663683    34.2747        877     3.6500  0.000e+00
    123.984     9.1373   3.664019    34.2778        878     3.6542  0.000e+00
    124.190     9.1381   3.664213    34.2790        879     3.6583  0.000e+00
    124.383     9.1388   3.664587    34.2821        880     3.6625  0.000e+00
    124.576     9.1397   3.664813    34.2835        881     3.6667  0.000e+00
    124.757     9.1409   3.665310    34.2874        882     3.6708  0.000e+00
    124.936     9.1424   3.665691    34.2899        883     3.6750  0.000e+00
    125.097     9.1443   3.666214    34.2934        884     3.6792  0.000e+00
    125.248     9.1466   3.667156    34.3009        885     3.6833  0.000e+00
    125.395     9.1499   3.668067    34.3072        886     3.6875  0.000e+00
    125.523     9.1538   3.668700    34.3099        887     3.6917  0.000e+00
    125.650     9.1580   3.669965    34.3190        888     3.6958  0.000e+00
    125.774     9.1633   3.671141    34.3261        889     3.7000  0.000e+00
    125.894     9.1692   3.672045    34.3298        890     3.7042  0.000e+00
    126.009     9.1756   3.673311    34.3368        891     3.7083  0.000e+00
    126.121     9.1824   3.674577    34.3433        892     3.7125  0.000e+00
    126.236     9.1898   3.675488    34.3456        893     3.7167  0.000e+00
    126.359     9.1970   3.676141    34.3455        894     3.7208  0.000e+00
    126.489     9.2029   3.676380    34.3422        895     3.7250  0.000e+00
    126.627     9.2067   3.676458    34.3393        896     3.7292  0.000e+00
    126.778     9.2089   3.676231    34.3347        897     3.7333  0.000e+00
    126.938     9.2097   3.676684    34.3386        898     3.7375  0.000e+00
    127.105     9.2103   3.677298    34.3443        899     3.7417  0.000e+00
    127.284     9.2122   3.677505    34.3446        900     3.7458  0.000e+00
    127.481     9.2137   3.677841    34.3465        901     3.7500  0.000e+00
    127.683     9.2153   3.678093    34.3475        902     3.7542  0.000e+00
    127.887     9.2168   3.678184    34.3469        903     3.7583  0.000e+00
    128.106     9.2181   3.678772    34.3517        904     3.7625  0.000e+00
    128.323     9.2199   3.679192    34.3542        905     3.7667  0.000e+00
    128.541     9.2220   3.679431    34.3546        906     3.7708  0.000e+00
    128.756     9.2238   3.679722    34.3557        907     3.7750  0.000e+00
    128.971     9.2256   3.679929    34.3561        908     3.7792  0.000e+00
    129.188     9.2269   3.680181    34.3573        909     3.7833  0.000e+00
    129.403     9.2280   3.680531    34.3598        910     3.7875  0.000e+00
    129.623     9.2294   3.680815    34.3614        911     3.7917  0.000e+00
    129.845     9.2306   3.681061    34.3626        912     3.7958  0.000e+00
    130.067     9.2319   3.681520    34.3660        913     3.8000  0.000e+00
    130.291     9.2333   3.682128    34.3710        914     3.8042  0.000e+00
    130.515     9.2348   3.682380    34.3720        915     3.8083  0.000e+00
    130.741     9.2367   3.683221    34.3788        916     3.8125  0.000e+00
    130.965     9.2392   3.684036    34.3848        917     3.8167  0.000e+00
    131.193     9.2418   3.684741    34.3894        918     3.8208  0.000e+00
    131.415     9.2446   3.685310    34.3926        919     3.8250  0.000e+00
    131.628     9.2473   3.685808    34.3951        920     3.8292  0.000e+00
    131.837     9.2496   3.686132    34.3961        921     3.8333  0.000e+00
    132.038     9.2516   3.686404    34.3969        922     3.8375  0.000e+00
    132.218     9.2531   3.686585    34.3973        923     3.8417  0.000e+00
    132.386     9.2543   3.686973    34.4001        924     3.8458  0.000e+00
    132.543     9.2555   3.687219    34.4014        925     3.8500  0.000e+00
    132.686     9.2564   3.687381    34.4021        926     3.8542  0.000e+00
    132.818     9.2572   3.687497    34.4025        927     3.8583  0.000e+00
    132.941     9.2581   3.687607    34.4028        928     3.8625  0.000e+00
    133.049     9.2586   3.687789    34.4041        929     3.8667  0.000e+00
    133.155     9.2593   3.687925    34.4048        930     3.8708  0.000e+00
    133.256     9.2602   3.687970    34.4044        931     3.8750  0.000e+00
    133.352     9.2606   3.688106    34.4053        932     3.8792  0.000e+00
    133.451     9.2611   3.688268    34.4064        933     3.8833  0.000e+00
    133.561     9.2617   3.688449    34.4078        934     3.8875  0.000e+00
    133.675     9.2624   3.688656    34.4091        935     3.8917  0.000e+00
    133.794     9.2634   3.688947    34.4112        936     3.8958  0.000e+00
    133.922     9.2642   3.689180    34.4127        937     3.9000  0.000e+00
    134.055     9.2651   3.689290    34.4130        938     3.9042  0.000e+00
    134.202     9.2658   3.689543    34.4148        939     3.9083  0.000e+00
    134.359     9.2667   3.689685    34.4154        940     3.9125  0.000e+00
    134.524     9.2673   3.689860    34.4165        941     3.9167  0.000e+00
    134.710     9.2676   3.689996    34.4175        942     3.9208  0.000e+00
    134.906     9.2680   3.690177    34.4190        943     3.9250  0.000e+00
    135.118     9.2681   3.690184    34.4188        944     3.9292  0.000e+00
    135.349     9.2681   3.690501    34.4221        945     3.9333  0.000e+00
    135.596     9.2684   3.690999    34.4268        946     3.9375  0.000e+00
    135.845     9.2689   3.692113    34.4378        947     3.9417  0.000e+00
    136.118     9.2709   3.692799    34.4429        948     3.9458  0.000e+00
    136.396     9.2730   3.694198    34.4552        949     3.9500  0.000e+00
    136.682     9.2761   3.694897    34.4594        950     3.9542  0.000e+00
    136.965     9.2794   3.695804    34.4655        951     3.9583  0.000e+00
    137.246     9.2826   3.696328    34.4677        952     3.9625  0.000e+00
    137.522     9.2855   3.696931    34.4711        953     3.9667  0.000e+00
    137.782     9.2883   3.697449    34.4736        954     3.9708  0.000e+00
    138.028     9.2904   3.697767    34.4747        955     3.9750  0.000e+00
    138.252     9.2925   3.698110    34.4762        956     3.9792  0.000e+00
    138.439     9.2938   3.699282    34.4870        957     3.9833  0.000e+00
    138.620     9.2951   3.699069    34.4835        958     3.9875  0.000e+00
    138.817     9.2957   3.700300    34.4956        959     3.9917  0.000e+00
    138.999     9.2957   3.700261    34.4951        960     3.9958  0.000e+00
    139.146     9.2948   3.700643    34.4999        961     4.0000  0.000e+00
    139.247     9.2915   3.700805    34.5047        962     4.0042  0.000e+00
    139.332     9.2877   3.700780    34.5080        963     4.0083  0.000e+00
    139.429     9.2851   3.700780    34.5105        964     4.0125  0.000e+00
    139.537     9.2839   3.700896    34.5128        965     4.0167  0.000e+00
    139.640     9.2823   3.700987    34.5153        966     4.0208  0.000e+00
    139.743     9.2805   3.700987    34.5170        967     4.0250  0.000e+00
    139.842     9.2799   3.701065    34.5183        968     4.0292  0.000e+00
    139.947     9.2801   3.701033    34.5178        969     4.0333  0.000e+00
    140.062     9.2798   3.700987    34.5175        970     4.0375  0.000e+00
    140.167     9.2787   3.701059    34.5192        971     4.0417  0.000e+00
    140.288     9.2779   3.701065    34.5200        972     4.0458  0.000e+00
    140.411     9.2775   3.701078    34.5205        973     4.0500  0.000e+00
    140.539     9.2772   3.701195    34.5219        974     4.0542  0.000e+00
    140.670     9.2770   3.701357    34.5237        975     4.0583  0.000e+00
    140.822     9.2768   3.701435    34.5246        976     4.0625  0.000e+00
    140.986     9.2768   3.701603    34.5264        977     4.0667  0.000e+00
    141.162     9.2771   3.701882    34.5289        978     4.0708  0.000e+00
    141.353     9.2768   3.701999    34.5303        979     4.0750  0.000e+00
    141.559     9.2761   3.702038    34.5313        980     4.0792  0.000e+00
    141.776     9.2749   3.702109    34.5331        981     4.0833  0.000e+00
    142.004     9.2734   3.702154    34.5349        982     4.0875  0.000e+00
    142.248     9.2715   3.702193    34.5370        983     4.0917  0.000e+00
    142.499     9.2697   3.702291    34.5397        984     4.0958  0.000e+00
    142.753     9.2680   3.702336    34.5417        985     4.1000  0.000e+00
    143.023     9.2664   3.702382    34.5436        986     4.1042  0.000e+00
    143.294     9.2649   3.702479    34.5459        987     4.1083  0.000e+00
    143.557     9.2637   3.702544    34.5475        988     4.1125  0.000e+00
    143.819     9.2626   3.702589    34.5490        989     4.1167  0.000e+00
    144.058     9.2617   3.702564    34.5495        990     4.1208  0.000e+00
    144.285     9.2604   3.702609    34.5511        991     4.1250  0.000e+00
    144.513     9.2591   3.702752    34.5537        992     4.1292  0.000e+00
    144.728     9.2577   3.702998    34.5576        993     4.1333  0.000e+00
    144.938     9.2561   3.703199    34.5611        994     4.1375  0.000e+00
    145.131     9.2545   3.703413    34.5648        995     4.1417  0.000e+00
    145.303     9.2530   3.703504    34.5671        996     4.1458  0.000e+00
    145.460     9.2516   3.703478    34.5681        997     4.1500  0.000e+00
    145.602     9.2508   3.703653    34.5706        998     4.1542  0.000e+00
    145.740     9.2501   3.703666    34.5714        999     4.1583  0.000e+00
    145.870     9.2494   3.703848    34.5739       1000     4.1625  0.000e+00
    145.982     9.2487   3.703958    34.5757       1001     4.1667  0.000e+00
    146.093     9.2481   3.704068    34.5773       1002     4.1708  0.000e+00
    146.213     9.2475   3.704055    34.5777       1003     4.1750  0.000e+00
    146.328     9.2472   3.704075    34.5782       1004     4.1792  0.000e+00
    146.444     9.2470   3.704373    34.5815       1005     4.1833  0.000e+00
    146.561     9.2465   3.704723    34.5855       1006     4.1875  0.000e+00
    146.686     9.2459   3.705495    34.5940       1007     4.1917  0.000e+00
    146.808     9.2449   3.705631    34.5964       1008     4.1958  0.000e+00
    146.937     9.2438   3.705728    34.5983       1009     4.2000  0.000e+00
    147.068     9.2434   3.705884    34.6004       1010     4.2042  0.000e+00
    147.200     9.2431   3.706409    34.6060       1011     4.2083  0.000e+00
    147.332     9.2430   3.706662    34.6087       1012     4.2125  0.000e+00
    147.473     9.2427   3.707012    34.6126       1013     4.2167  0.000e+00
    147.616     9.2416   3.707414    34.6177       1014     4.2208  0.000e+00
    147.774     9.2406   3.708218    34.6270       1015     4.2250  0.000e+00
    147.932     9.2386   3.708776    34.6347       1016     4.2292  0.000e+00
    148.103     9.2356   3.709224    34.6421       1017     4.2333  0.000e+00
    148.282     9.2329   3.709386    34.6464       1018     4.2375  0.000e+00
    148.481     9.2309   3.709451    34.6489       1019     4.2417  0.000e+00
    148.685     9.2299   3.709672    34.6520       1020     4.2458  0.000e+00
    148.902     9.2289   3.709685    34.6530       1021     4.2500  0.000e+00
    149.135     9.2289   3.709704    34.6532       1022     4.2542  0.000e+00
    149.384     9.2292   3.709847    34.6543       1023     4.2583  0.000e+00
    149.660     9.2288   3.710139    34.6575       1024     4.2625  0.000e+00
    149.963     9.2276   3.710372    34.6610       1025     4.2667  0.000e+00
    150.270     9.2262   3.710437    34.6629       1026     4.2708  0.000e+00
    150.571     9.2244   3.710697    34.6672       1027     4.2750  0.000e+00
    150.858     9.2221   3.710872    34.6711       1028     4.2792  0.000e+00
    151.124     9.2197   3.711035    34.6750       1029     4.2833  0.000e+00
    151.381     9.2177   3.711417    34.6808       1030     4.2875  0.000e+00
    151.633     9.2147   3.711839    34.6880       1031     4.2917  0.000e+00
    151.870     9.2111   3.712183    34.6950       1032     4.2958  0.000e+00
    152.087     9.2071   3.712274    34.6997       1033     4.3000  0.000e+00
    152.278     9.2034   3.712534    34.7059       1034     4.3042  0.000e+00
    152.446     9.2001   3.712755    34.7114       1035     4.3083  0.000e+00
