HB2303/sbe112.cnv
* Sea-Bird SBE 19plus V2 Data File:
* FileName = C:\cruise\data\sbe112.hex
* Software Version Seasave V 7.26.7.121
* Temperature SN = 6128
* Conductivity SN = 6128
* System UpLoad Time = Aug 19 2023 08:44:41
* NMEA Latitude = 42 20.70 N
* NMEA Longitude = 066 51.13 W
* NMEA UTC (Time) = Aug 19 2023 08:44:36
** Ship: Henry Bigelow
** Cruise:  HB2303
** Program:  ECOMON
# nquan = 7
# nvalues = 3979                                  
# units = specified
# name 0 = depSM: Depth [salt water, m]
# name 1 = tv290C: Temperature [ITS-90, deg C]
# name 2 = c0S/m: Conductivity [S/m]
# name 3 = sal00: Salinity, Practical [PSU]
# name 4 = scan: Scan Count
# name 5 = timeM: Time, Elapsed [minutes]
# name 6 = flag:  0.000e+00
# span 0 =     -0.274,    202.409                 
# span 1 =     7.7070,    18.2244                 
# span 2 =   0.001536,   4.204580                 
# span 3 =     0.0147,    35.0431                 
# span 4 =         11,       3989                 
# span 5 =     0.0417,    16.6167                 
# span 6 = 0.0000e+00, 0.0000e+00                 
# interval = seconds: 0.25
# start_time = Aug 19 2023 08:44:36 [NMEA time, header]
# bad_flag = -9.990e-29
*END*
[from data line 1026]
    152.825     9.1930   3.712923    34.7198       1037     4.3167  0.000e+00
    153.011     9.1891   3.713423    34.7288       1038     4.3208  0.000e+00
    153.165     9.1817   3.713397    34.7356       1039     4.3250  0.000e+00
    153.307     9.1753   3.713378    34.7416       1040     4.3292  0.000e+00
    153.443     9.1699   3.713579    34.7489       1041     4.3333  0.000e+00
    153.576     9.1602   3.713625    34.7588       1042     4.3375  0.000e+00
    153.710     9.1520   3.713625    34.7666       1043     4.3417  0.000e+00
    153.836     9.1486   3.713645    34.7701       1044     4.3458  0.000e+00
    153.966     9.1453   3.713697    34.7738       1045     4.3500  0.000e+00
    154.087     9.1427   3.713723    34.7766       1046     4.3542  0.000e+00
    154.211     9.1402   3.713768    34.7794       1047     4.3583  0.000e+00
    154.342     9.1376   3.713781    34.7820       1048     4.3625  0.000e+00
    154.473     9.1351   3.713814    34.7848       1049     4.3667  0.000e+00
    154.614     9.1326   3.713859    34.7876       1050     4.3708  0.000e+00
    154.757     9.1307   3.713866    34.7895       1051     4.3750  0.000e+00
    154.907     9.1294   3.713879    34.7908       1052     4.3792  0.000e+00
    155.068     9.1286   3.713859    34.7913       1053     4.3833  0.000e+00
    155.240     9.1267   3.713846    34.7929       1054     4.3875  0.000e+00
    155.427     9.1241   3.713879    34.7957       1055     4.3917  0.000e+00
    155.624     9.1220   3.713905    34.7979       1056     4.3958  0.000e+00
    155.834     9.1206   3.713925    34.7994       1057     4.4000  0.000e+00
    156.051     9.1188   3.713977    34.8016       1058     4.4042  0.000e+00
    156.268     9.1169   3.714016    34.8038       1059     4.4083  0.000e+00
    156.499     9.1150   3.713996    34.8053       1060     4.4125  0.000e+00
    156.725     9.1123   3.714042    34.8083       1061     4.4167  0.000e+00
    156.951     9.1097   3.714042    34.8107       1062     4.4208  0.000e+00
    157.185     9.1062   3.714088    34.8145       1063     4.4250  0.000e+00
    157.422     9.1018   3.714068    34.8185       1064     4.4292  0.000e+00
    157.657     9.0971   3.713997    34.8223       1065     4.4333  0.000e+00
    157.903     9.0920   3.713971    34.8268       1066     4.4375  0.000e+00
    158.148     9.0869   3.713926    34.8313       1067     4.4417  0.000e+00
    158.396     9.0812   3.713958    34.8370       1068     4.4458  0.000e+00
    158.652     9.0764   3.713926    34.8413       1069     4.4500  0.000e+00
    158.911     9.0720   3.713881    34.8450       1070     4.4542  0.000e+00
    159.169     9.0672   3.713816    34.8489       1071     4.4583  0.000e+00
    159.424     9.0620   3.713803    34.8537       1072     4.4625  0.000e+00
    159.671     9.0578   3.713771    34.8574       1073     4.4667  0.000e+00
    159.919     9.0535   3.713791    34.8617       1074     4.4708  0.000e+00
    160.156     9.0493   3.713784    34.8656       1075     4.4750  0.000e+00
    160.384     9.0457   3.713817    34.8694       1076     4.4792  0.000e+00
    160.609     9.0427   3.713817    34.8722       1077     4.4833  0.000e+00
    160.833     9.0409   3.713850    34.8742       1078     4.4875  0.000e+00
    161.044     9.0386   3.713927    34.8772       1079     4.4917  0.000e+00
    161.249     9.0356   3.714018    34.8810       1080     4.4958  0.000e+00
    161.426     9.0336   3.713973    34.8824       1081     4.5000  0.000e+00
    161.601     9.0320   3.713960    34.8837       1082     4.5042  0.000e+00
    161.769     9.0292   3.713973    34.8866       1083     4.5083  0.000e+00
    161.928     9.0258   3.714071    34.8908       1084     4.5125  0.000e+00
    162.078     9.0235   3.714064    34.8929       1085     4.5167  0.000e+00
    162.220     9.0221   3.714071    34.8943       1086     4.5208  0.000e+00
    162.358     9.0211   3.714071    34.8952       1087     4.5250  0.000e+00
    162.484     9.0202   3.714090    34.8963       1088     4.5292  0.000e+00
    162.616     9.0192   3.714000    34.8961       1089     4.5333  0.000e+00
    162.756     9.0181   3.714000    34.8972       1090     4.5375  0.000e+00
    162.897     9.0171   3.714045    34.8986       1091     4.5417  0.000e+00
    163.056     9.0161   3.714110    34.9002       1092     4.5458  0.000e+00
    163.222     9.0151   3.714162    34.9017       1093     4.5500  0.000e+00
    163.398     9.0143   3.714208    34.9028       1094     4.5542  0.000e+00
    163.584     9.0137   3.714266    34.9039       1095     4.5583  0.000e+00
    163.788     9.0128   3.714318    34.9052       1096     4.5625  0.000e+00
    164.003     9.0119   3.714435    34.9072       1097     4.5667  0.000e+00
    164.232     9.0108   3.714597    34.9099       1098     4.5708  0.000e+00
    164.470     9.0095   3.714831    34.9135       1099     4.5750  0.000e+00
    164.716     9.0078   3.715032    34.9172       1100     4.5792  0.000e+00
    164.980     9.0058   3.715169    34.9205       1101     4.5833  0.000e+00
    165.240     9.0042   3.715338    34.9237       1102     4.5875  0.000e+00
    165.500     9.0028   3.715403    34.9256       1103     4.5917  0.000e+00
    165.744     9.0011   3.715513    34.9284       1104     4.5958  0.000e+00
    165.985     8.9990   3.715559    34.9307       1105     4.6000  0.000e+00
    166.223     8.9965   3.715487    34.9324       1106     4.6042  0.000e+00
    166.451     8.9933   3.715403    34.9345       1107     4.6083  0.000e+00
    166.670     8.9897   3.715351    34.9374       1108     4.6125  0.000e+00
    166.883     8.9861   3.715312    34.9404       1109     4.6167  0.000e+00
    167.076     8.9826   3.715306    34.9437       1110     4.6208  0.000e+00
    167.259     8.9790   3.715332    34.9474       1111     4.6250  0.000e+00
    167.439     8.9764   3.715248    34.9490       1112     4.6292  0.000e+00
    167.609     8.9741   3.715034    34.9489       1113     4.6333  0.000e+00
    167.783     8.9706   3.715008    34.9520       1114     4.6375  0.000e+00
    167.965     8.9680   3.714963    34.9540       1115     4.6417  0.000e+00
    168.144     8.9661   3.714859    34.9547       1116     4.6458  0.000e+00
    168.324     8.9642   3.714917    34.9571       1117     4.6500  0.000e+00
    168.518     8.9627   3.714898    34.9582       1118     4.6542  0.000e+00
    168.709     8.9619   3.714788    34.9578       1119     4.6583  0.000e+00
    168.922     8.9607   3.714619    34.9571       1120     4.6625  0.000e+00
    169.137     8.9587   3.714509    34.9578       1121     4.6667  0.000e+00
    169.356     8.9565   3.714373    34.9585       1122     4.6708  0.000e+00
    169.591     8.9537   3.714256    34.9598       1123     4.6750  0.000e+00
    169.811     8.9512   3.714094    34.9606       1124     4.6792  0.000e+00
    170.037     8.9484   3.714075    34.9630       1125     4.6833  0.000e+00
    170.265     8.9461   3.713984    34.9641       1126     4.6875  0.000e+00
    170.487     8.9439   3.713776    34.9641       1127     4.6917  0.000e+00
    170.705     8.9413   3.713569    34.9643       1128     4.6958  0.000e+00
    170.917     8.9380   3.713439    34.9661       1129     4.7000  0.000e+00
    171.124     8.9351   3.713361    34.9680       1130     4.7042  0.000e+00
    171.325     8.9325   3.713245    34.9693       1131     4.7083  0.000e+00
    171.518     8.9301   3.713154    34.9707       1132     4.7125  0.000e+00
    171.708     8.9280   3.713044    34.9714       1133     4.7167  0.000e+00
    171.901     8.9258   3.713018    34.9733       1134     4.7208  0.000e+00
    172.084     8.9241   3.712992    34.9746       1135     4.7250  0.000e+00
    172.270     8.9229   3.712914    34.9748       1136     4.7292  0.000e+00
    172.446     8.9217   3.712810    34.9749       1137     4.7333  0.000e+00
    172.629     8.9200   3.712648    34.9747       1138     4.7375  0.000e+00
    172.815     8.9183   3.712467    34.9744       1139     4.7417  0.000e+00
    172.999     8.9160   3.712084    34.9726       1140     4.7458  0.000e+00
    173.189     8.9121   3.711714    34.9724       1141     4.7500  0.000e+00
    173.373     8.9072   3.711416    34.9741       1142     4.7542  0.000e+00
    173.565     8.9020   3.711215    34.9769       1143     4.7583  0.000e+00
    173.749     8.8977   3.710930    34.9781       1144     4.7625  0.000e+00
    173.933     8.8932   3.710359    34.9764       1145     4.7667  0.000e+00
    174.110     8.8878   3.709743    34.9752       1146     4.7708  0.000e+00
    174.289     8.8810   3.709380    34.9780       1147     4.7750  0.000e+00
    174.471     8.8741   3.708874    34.9794       1148     4.7792  0.000e+00
    174.637     8.8674   3.708622    34.9833       1149     4.7833  0.000e+00
    174.820     8.8615   3.708161    34.9842       1150     4.7875  0.000e+00
    174.995     8.8561   3.707889    34.9866       1151     4.7917  0.000e+00
    175.189     8.8513   3.707066    34.9825       1152     4.7958  0.000e+00
    175.380     8.8447   3.706541    34.9834       1153     4.8000  0.000e+00
    175.575     8.8376   3.705847    34.9830       1154     4.8042  0.000e+00
    175.783     8.8301   3.705484    34.9865       1155     4.8083  0.000e+00
    176.002     8.8237   3.705257    34.9903       1156     4.8125  0.000e+00
    176.229     8.8186   3.704804    34.9905       1157     4.8167  0.000e+00
    176.471     8.8135   3.704389    34.9910       1158     4.8208  0.000e+00
    176.711     8.8087   3.704136    34.9930       1159     4.8250  0.000e+00
    176.955     8.8042   3.703929    34.9951       1160     4.8292  0.000e+00
    177.212     8.8006   3.703761    34.9968       1161     4.8333  0.000e+00
    177.461     8.7977   3.703540    34.9972       1162     4.8375  0.000e+00
    177.709     8.7950   3.703430    34.9986       1163     4.8417  0.000e+00
    177.962     8.7923   3.703158    34.9982       1164     4.8458  0.000e+00
    178.193     8.7899   3.702996    34.9988       1165     4.8500  0.000e+00
    178.430     8.7873   3.702770    34.9989       1166     4.8542  0.000e+00
    178.654     8.7849   3.702789    35.0013       1167     4.8583  0.000e+00
    178.873     8.7833   3.702724    35.0021       1168     4.8625  0.000e+00
    179.066     8.7820   3.702588    35.0019       1169     4.8667  0.000e+00
    179.250     8.7806   3.702491    35.0021       1170     4.8708  0.000e+00
    179.422     8.7797   3.702491    35.0030       1171     4.8750  0.000e+00
    179.588     8.7788   3.702174    35.0004       1172     4.8792  0.000e+00
    179.749     8.7770   3.702012    35.0004       1173     4.8833  0.000e+00
    179.906     8.7749   3.701967    35.0020       1174     4.8875  0.000e+00
    180.057     8.7731   3.701008    34.9936       1175     4.8917  0.000e+00
    180.207     8.7689   3.701086    34.9984       1176     4.8958  0.000e+00
    180.359     8.7649   3.700664    34.9979       1177     4.9000  0.000e+00
    180.515     8.7613   3.700509    34.9997       1178     4.9042  0.000e+00
    180.673     8.7583   3.700321    35.0006       1179     4.9083  0.000e+00
    180.832     8.7559   3.699388    34.9931       1180     4.9125  0.000e+00
    180.997     8.7508   3.698954    34.9935       1181     4.9167  0.000e+00
    181.174     8.7448   3.698929    34.9990       1182     4.9208  0.000e+00
    181.356     8.7409   3.698521    34.9985       1183     4.9250  0.000e+00
    181.540     8.7371   3.697977    34.9964       1184     4.9292  0.000e+00
    181.741     8.7324   3.697219    34.9930       1185     4.9333  0.000e+00
    181.952     8.7264   3.697018    34.9967       1186     4.9375  0.000e+00
    182.173     8.7211   3.696422    34.9955       1187     4.9417  0.000e+00
    182.390     8.7159   3.696280    34.9991       1188     4.9458  0.000e+00
    182.614     8.7115   3.695872    34.9990       1189     4.9500  0.000e+00
    182.849     8.7076   3.695536    34.9992       1190     4.9542  0.000e+00
    183.076     8.7035   3.694921    34.9966       1191     4.9583  0.000e+00
    183.307     8.6987   3.694286    34.9946       1192     4.9625  0.000e+00
    183.546     8.6929   3.693827    34.9953       1193     4.9667  0.000e+00
    183.788     8.6875   3.693322    34.9952       1194     4.9708  0.000e+00
    184.025     8.6824   3.692959    34.9963       1195     4.9750  0.000e+00
    184.271     8.6775   3.692293    34.9940       1196     4.9792  0.000e+00
    184.511     8.6725   3.691386    34.9893       1197     4.9833  0.000e+00
    184.759     8.6658   3.690001    34.9812       1198     4.9875  0.000e+00
    185.001     8.6566   3.688772    34.9771       1199     4.9917  0.000e+00
    185.243     8.6460   3.687478    34.9739       1200     4.9958  0.000e+00
    185.478     8.6345   3.686676    34.9767       1201     5.0000  0.000e+00
    185.709     8.6238   3.686612    34.9864       1202     5.0042  0.000e+00
    185.931     8.6167   3.685454    34.9811       1203     5.0083  0.000e+00
    186.148     8.6090   3.684619    34.9797       1204     5.0125  0.000e+00
    186.363     8.6005   3.684542    34.9872       1205     5.0167  0.000e+00
    186.578     8.5945   3.684342    34.9910       1206     5.0208  0.000e+00
    186.789     8.5900   3.683954    34.9912       1207     5.0250  0.000e+00
    186.996     8.5858   3.683592    34.9914       1208     5.0292  0.000e+00
    187.200     8.5810   3.683132    34.9912       1209     5.0333  0.000e+00
    187.396     8.5761   3.682796    34.9924       1210     5.0375  0.000e+00
    187.590     8.5715   3.682816    34.9971       1211     5.0417  0.000e+00
    187.782     8.5685   3.682590    34.9976       1212     5.0458  0.000e+00
    187.969     8.5658   3.682350    34.9977       1213     5.0500  0.000e+00
    188.146     8.5632   3.682202    34.9986       1214     5.0542  0.000e+00
    188.327     8.5605   3.682157    35.0006       1215     5.0583  0.000e+00
    188.504     8.5586   3.682137    35.0022       1216     5.0625  0.000e+00
    188.683     8.5574   3.682092    35.0029       1217     5.0667  0.000e+00
    188.856     8.5564   3.681982    35.0027       1218     5.0708  0.000e+00
    189.023     8.5554   3.681840    35.0020       1219     5.0750  0.000e+00
    189.201     8.5542   3.681795    35.0027       1220     5.0792  0.000e+00
    189.371     8.5530   3.681704    35.0028       1221     5.0833  0.000e+00
    189.548     8.5518   3.681705    35.0039       1222     5.0875  0.000e+00
    189.732     8.5511   3.681705    35.0045       1223     5.0917  0.000e+00
    189.925     8.5507   3.681795    35.0058       1224     5.0958  0.000e+00
    190.124     8.5508   3.681685    35.0044       1225     5.1000  0.000e+00
    190.334     8.5506   3.681731    35.0049       1226     5.1042  0.000e+00
    190.559     8.5505   3.681789    35.0056       1227     5.1083  0.000e+00
    190.796     8.5505   3.681776    35.0054       1228     5.1125  0.000e+00
    191.051     8.5506   3.681750    35.0048       1229     5.1167  0.000e+00
    191.315     8.5503   3.681796    35.0055       1230     5.1208  0.000e+00
    191.599     8.5503   3.681705    35.0044       1231     5.1250  0.000e+00
    191.880     8.5502   3.681660    35.0039       1232     5.1292  0.000e+00
    192.157     8.5498   3.681615    35.0037       1233     5.1333  0.000e+00
    192.415     8.5493   3.681615    35.0040       1234     5.1375  0.000e+00
    192.663     8.5486   3.681570    35.0041       1235     5.1417  0.000e+00
    192.900     8.5481   3.681576    35.0046       1236     5.1458  0.000e+00
    193.129     8.5477   3.681596    35.0051       1237     5.1500  0.000e+00
    193.346     8.5475   3.681596    35.0052       1238     5.1542  0.000e+00
    193.561     8.5473   3.681615    35.0055       1239     5.1583  0.000e+00
    193.802     8.5471   3.681661    35.0060       1240     5.1625  0.000e+00
