HB2303/sbe123.cnv
* Sea-Bird SBE 19plus V2 Data File:
* FileName = C:\cruise\data\sbe123.hex
* Software Version Seasave V 7.26.7.121
* Temperature SN = 6128
* Conductivity SN = 6128
* System UpLoad Time = Aug 20 2023 06:58:14
* NMEA Latitude = 43 20.69 N
* NMEA Longitude = 066 31.87 W
* NMEA UTC (Time) = Aug 20 2023 06:58:10
** Ship: Henry Bigelow
** Cruise:  HB2303
** Program:  ECOMON
# nquan = 7
# nvalues = 2243                                  
# units = specified
# name 0 = depSM: Depth [salt water, m]
# name 1 = tv290C: Temperature [ITS-90, deg C]
# name 2 = c0S/m: Conductivity [S/m]
# name 3 = sal00: Salinity, Practical [PSU]
# name 4 = scan: Scan Count
# name 5 = timeM: Time, Elapsed [minutes]
# name 6 = flag:  0.000e+00
# span 0 =     -0.197,     85.849                 
# span 1 =     8.9945,    14.1164                 
# span 2 =   0.007275,   3.646783                 
# span 3 =     0.0456,    32.8841                 
# span 4 =         11,       2253                 
# span 5 =     0.0417,     9.3833                 
# span 6 = 0.0000e+00, 0.0000e+00                 
# interval = seconds: 0.25
# start_time = Aug 20 2023 06:58:10 [NMEA time, header]
# bad_flag = -9.990e-29
*END*
[from data line 1026]
     70.852     9.1474   3.498182    32.5714       1037     4.3167  0.000e+00
     70.718     9.1565   3.498105    32.5623       1038     4.3208  0.000e+00
     70.591     9.1629   3.498143    32.5569       1039     4.3250  0.000e+00
     70.459     9.1663   3.498105    32.5535       1040     4.3292  0.000e+00
     70.336     9.1682   3.497643    32.5470       1041     4.3333  0.000e+00
     70.216     9.1707   3.497655    32.5449       1042     4.3375  0.000e+00
     70.105     9.1732   3.497503    32.5411       1043     4.3417  0.000e+00
     70.012     9.1750   3.497440    32.5388       1044     4.3458  0.000e+00
     69.925     9.1764   3.497313    32.5363       1045     4.3500  0.000e+00
     69.860     9.1780   3.497484    32.5366       1046     4.3542  0.000e+00
     69.810     9.1782   3.497528    32.5369       1047     4.3583  0.000e+00
     69.775     9.1783   3.497566    32.5372       1048     4.3625  0.000e+00
     69.735     9.1781   3.497528    32.5371       1049     4.3667  0.000e+00
     69.703     9.1781   3.497661    32.5384       1050     4.3708  0.000e+00
     69.676     9.1774   3.497889    32.5415       1051     4.3750  0.000e+00
     69.652     9.1761   3.497845    32.5422       1052     4.3792  0.000e+00
     69.630     9.1752   3.497332    32.5378       1053     4.3833  0.000e+00
     69.603     9.1763   3.497161    32.5350       1054     4.3875  0.000e+00
     69.567     9.1783   3.497053    32.5320       1055     4.3917  0.000e+00
     69.518     9.1800   3.497053    32.5305       1056     4.3958  0.000e+00
     69.464     9.1814   3.497078    32.5295       1057     4.4000  0.000e+00
     69.392     9.1823   3.496819    32.5261       1058     4.4042  0.000e+00
     69.319     9.1834   3.496787    32.5248       1059     4.4083  0.000e+00
     69.240     9.1847   3.496781    32.5235       1060     4.4125  0.000e+00
     69.152     9.1855   3.496926    32.5244       1061     4.4167  0.000e+00
     69.062     9.1854   3.497142    32.5267       1062     4.4208  0.000e+00
     68.967     9.1842   3.497161    32.5280       1063     4.4250  0.000e+00
     68.872     9.1830   3.497123    32.5288       1064     4.4292  0.000e+00
     68.769     9.1823   3.496711    32.5253       1065     4.4333  0.000e+00
     68.672     9.1833   3.496350    32.5206       1066     4.4375  0.000e+00
     68.578     9.1861   3.496267    32.5173       1067     4.4417  0.000e+00
     68.483     9.1882   3.496400    32.5167       1068     4.4458  0.000e+00
     68.389     9.1893   3.496349    32.5153       1069     4.4500  0.000e+00
     68.289     9.1902   3.496286    32.5139       1070     4.4542  0.000e+00
     68.192     9.1911   3.496438    32.5147       1071     4.4583  0.000e+00
     68.094     9.1914   3.496394    32.5139       1072     4.4625  0.000e+00
     67.997     9.1917   3.496134    32.5111       1073     4.4667  0.000e+00
     67.906     9.1930   3.495792    32.5063       1074     4.4708  0.000e+00
     67.822     9.1958   3.495475    32.5006       1075     4.4750  0.000e+00
     67.735     9.1997   3.494962    32.4918       1076     4.4792  0.000e+00
     67.661     9.2049   3.494987    32.4874       1077     4.4833  0.000e+00
     67.581     9.2085   3.495285    32.4872       1078     4.4875  0.000e+00
     67.500     9.2090   3.495323    32.4871       1079     4.4917  0.000e+00
     67.423     9.2090   3.494620    32.4799       1080     4.4958  0.000e+00
     67.338     9.2119   3.494651    32.4776       1081     4.5000  0.000e+00
     67.253     9.2148   3.494835    32.4769       1082     4.5042  0.000e+00
     67.177     9.2158   3.494854    32.4762       1083     4.5083  0.000e+00
     67.099     9.2156   3.494835    32.4762       1084     4.5125  0.000e+00
     67.021     9.2156   3.494556    32.4734       1085     4.5167  0.000e+00
     66.943     9.2171   3.494404    32.4705       1086     4.5208  0.000e+00
     66.862     9.2190   3.494062    32.4653       1087     4.5250  0.000e+00
     66.785     9.2221   3.493745    32.4593       1088     4.5292  0.000e+00
     66.714     9.2257   3.493790    32.4565       1089     4.5333  0.000e+00
     66.645     9.2278   3.493682    32.4534       1090     4.5375  0.000e+00
     66.582     9.2293   3.494024    32.4557       1091     4.5417  0.000e+00
     66.525     9.2294   3.493809    32.4534       1092     4.5458  0.000e+00
     66.472     9.2290   3.493764    32.4533       1093     4.5500  0.000e+00
     66.417     9.2295   3.493486    32.4500       1094     4.5542  0.000e+00
     66.372     9.2307   3.493479    32.4489       1095     4.5583  0.000e+00
     66.310     9.2318   3.493485    32.4480       1096     4.5625  0.000e+00
     66.261     9.2325   3.493593    32.4485       1097     4.5667  0.000e+00
     66.205     9.2325   3.493618    32.4488       1098     4.5708  0.000e+00
     66.142     9.2323   3.493390    32.4466       1099     4.5750  0.000e+00
     66.070     9.2324   3.493314    32.4458       1100     4.5792  0.000e+00
     65.994     9.2327   3.493276    32.4451       1101     4.5833  0.000e+00
     65.922     9.2328   3.493232    32.4446       1102     4.5875  0.000e+00
     65.840     9.2330   3.493232    32.4445       1103     4.5917  0.000e+00
     65.773     9.2333   3.493213    32.4441       1104     4.5958  0.000e+00
     65.698     9.2336   3.493188    32.4435       1105     4.6000  0.000e+00
     65.626     9.2341   3.493276    32.4440       1106     4.6042  0.000e+00
     65.550     9.2341   3.493118    32.4425       1107     4.6083  0.000e+00
     65.474     9.2347   3.493124    32.4420       1108     4.6125  0.000e+00
     65.398     9.2353   3.493169    32.4419       1109     4.6167  0.000e+00
     65.314     9.2358   3.492890    32.4387       1110     4.6208  0.000e+00
     65.228     9.2375   3.492934    32.4376       1111     4.6250  0.000e+00
     65.140     9.2389   3.493073    32.4378       1112     4.6292  0.000e+00
     65.046     9.2387   3.493061    32.4379       1113     4.6333  0.000e+00
     64.936     9.2379   3.493232    32.4404       1114     4.6375  0.000e+00
     64.827     9.2369   3.493232    32.4414       1115     4.6417  0.000e+00
     64.710     9.2356   3.493257    32.4429       1116     4.6458  0.000e+00
     64.583     9.2345   3.493384    32.4453       1117     4.6500  0.000e+00
     64.461     9.2329   3.493384    32.4467       1118     4.6542  0.000e+00
     64.344     9.2319   3.493276    32.4466       1119     4.6583  0.000e+00
     64.240     9.2316   3.493301    32.4472       1120     4.6625  0.000e+00
     64.142     9.2318   3.493250    32.4465       1121     4.6667  0.000e+00
     64.066     9.2318   3.493250    32.4465       1122     4.6708  0.000e+00
     64.006     9.2319   3.493250    32.4465       1123     4.6750  0.000e+00
     63.957     9.2320   3.493250    32.4464       1124     4.6792  0.000e+00
     63.931     9.2320   3.493257    32.4465       1125     4.6833  0.000e+00
     63.918     9.2322   3.493250    32.4462       1126     4.6875  0.000e+00
     63.914     9.2322   3.493250    32.4462       1127     4.6917  0.000e+00
     63.927     9.2323   3.493212    32.4458       1128     4.6958  0.000e+00
     63.939     9.2327   3.493187    32.4452       1129     4.7000  0.000e+00
     63.951     9.2331   3.493168    32.4446       1130     4.7042  0.000e+00
     63.965     9.2333   3.493168    32.4444       1131     4.7083  0.000e+00
     63.967     9.2339   3.493231    32.4445       1132     4.7125  0.000e+00
     63.956     9.2337   3.493301    32.4454       1133     4.7167  0.000e+00
     63.932     9.2331   3.493276    32.4457       1134     4.7208  0.000e+00
     63.886     9.2330   3.493079    32.4438       1135     4.7250  0.000e+00
     63.819     9.2336   3.492934    32.4417       1136     4.7292  0.000e+00
     63.742     9.2358   3.492953    32.4400       1137     4.7333  0.000e+00
     63.653     9.2374   3.492940    32.4384       1138     4.7375  0.000e+00
     63.554     9.2385   3.492953    32.4376       1139     4.7417  0.000e+00
     63.442     9.2392   3.492889    32.4364       1140     4.7458  0.000e+00
     63.331     9.2401   3.492908    32.4358       1141     4.7500  0.000e+00
     63.210     9.2404   3.492895    32.4355       1142     4.7542  0.000e+00
     63.087     9.2404   3.492762    32.4342       1143     4.7583  0.000e+00
     62.955     9.2412   3.492699    32.4328       1144     4.7625  0.000e+00
     62.832     9.2426   3.492845    32.4331       1145     4.7667  0.000e+00
     62.709     9.2425   3.492914    32.4340       1146     4.7708  0.000e+00
     62.591     9.2414   3.492997    32.4359       1147     4.7750  0.000e+00
     62.477     9.2401   3.492997    32.4371       1148     4.7792  0.000e+00
     62.377     9.2389   3.492977    32.4381       1149     4.7833  0.000e+00
     62.288     9.2384   3.493041    32.4392       1150     4.7875  0.000e+00
     62.213     9.2381   3.493009    32.4391       1151     4.7917  0.000e+00
     62.151     9.2377   3.492977    32.4392       1152     4.7958  0.000e+00
     62.102     9.2376   3.492908    32.4386       1153     4.8000  0.000e+00
     62.073     9.2379   3.492825    32.4375       1154     4.8042  0.000e+00
     62.055     9.2384   3.492806    32.4368       1155     4.8083  0.000e+00
     62.048     9.2395   3.492806    32.4359       1156     4.8125  0.000e+00
     62.056     9.2400   3.492806    32.4354       1157     4.8167  0.000e+00
     62.065     9.2404   3.492825    32.4353       1158     4.8208  0.000e+00
     62.076     9.2402   3.492895    32.4361       1159     4.8250  0.000e+00
     62.094     9.2396   3.492933    32.4371       1160     4.8292  0.000e+00
     62.112     9.2387   3.492952    32.4380       1161     4.8333  0.000e+00
     62.123     9.2384   3.492781    32.4366       1162     4.8375  0.000e+00
     62.126     9.2395   3.492648    32.4342       1163     4.8417  0.000e+00
     62.118     9.2418   3.492483    32.4304       1164     4.8458  0.000e+00
     62.083     9.2451   3.492420    32.4268       1165     4.8500  0.000e+00
     62.041     9.2488   3.492376    32.4230       1166     4.8542  0.000e+00
     61.984     9.2516   3.492357    32.4202       1167     4.8583  0.000e+00
     61.906     9.2535   3.492420    32.4192       1168     4.8625  0.000e+00
     61.816     9.2541   3.492357    32.4181       1169     4.8667  0.000e+00
     61.712     9.2542   3.492268    32.4171       1170     4.8708  0.000e+00
     61.594     9.2557   3.492230    32.4155       1171     4.8750  0.000e+00
     61.470     9.2569   3.492154    32.4136       1172     4.8792  0.000e+00
     61.334     9.2580   3.492160    32.4128       1173     4.8833  0.000e+00
     61.193     9.2586   3.492160    32.4122       1174     4.8875  0.000e+00
     61.054     9.2594   3.492293    32.4129       1175     4.8917  0.000e+00
     60.920     9.2591   3.492331    32.4137       1176     4.8958  0.000e+00
     60.799     9.2581   3.492375    32.4151       1177     4.9000  0.000e+00
     60.685     9.2574   3.492400    32.4161       1178     4.9042  0.000e+00
     60.582     9.2562   3.492375    32.4169       1179     4.9083  0.000e+00
     60.496     9.2553   3.492356    32.4176       1180     4.9125  0.000e+00
     60.431     9.2547   3.492248    32.4171       1181     4.9167  0.000e+00
     60.379     9.2555   3.492122    32.4151       1182     4.9208  0.000e+00
     60.344     9.2570   3.492077    32.4132       1183     4.9250  0.000e+00
     60.319     9.2584   3.492160    32.4128       1184     4.9292  0.000e+00
     60.314     9.2589   3.492172    32.4125       1185     4.9333  0.000e+00
     60.314     9.2588   3.492185    32.4128       1186     4.9375  0.000e+00
     60.327     9.2587   3.492185    32.4128       1187     4.9417  0.000e+00
     60.334     9.2587   3.492160    32.4125       1188     4.9458  0.000e+00
     60.345     9.2588   3.492109    32.4119       1189     4.9500  0.000e+00
     60.352     9.2591   3.492122    32.4118       1190     4.9542  0.000e+00
     60.356     9.2595   3.492160    32.4118       1191     4.9583  0.000e+00
     60.354     9.2595   3.492185    32.4121       1192     4.9625  0.000e+00
     60.332     9.2590   3.492128    32.4119       1193     4.9667  0.000e+00
     60.298     9.2591   3.491951    32.4100       1194     4.9708  0.000e+00
     60.253     9.2606   3.491843    32.4076       1195     4.9750  0.000e+00
     60.204     9.2628   3.491799    32.4052       1196     4.9792  0.000e+00
     60.139     9.2645   3.491780    32.4035       1197     4.9833  0.000e+00
     60.072     9.2655   3.491818    32.4030       1198     4.9875  0.000e+00
     59.989     9.2658   3.491799    32.4026       1199     4.9917  0.000e+00
     59.902     9.2659   3.491780    32.4022       1200     4.9958  0.000e+00
     59.815     9.2662   3.491754    32.4018       1201     5.0000  0.000e+00
     59.720     9.2660   3.491792    32.4024       1202     5.0042  0.000e+00
     59.620     9.2657   3.491780    32.4026       1203     5.0083  0.000e+00
     59.512     9.2656   3.491754    32.4025       1204     5.0125  0.000e+00
     59.413     9.2655   3.491754    32.4026       1205     5.0167  0.000e+00
     59.312     9.2654   3.491748    32.4027       1206     5.0208  0.000e+00
     59.210     9.2656   3.491716    32.4022       1207     5.0250  0.000e+00
     59.114     9.2659   3.491735    32.4021       1208     5.0292  0.000e+00
     59.024     9.2659   3.491735    32.4022       1209     5.0333  0.000e+00
     58.947     9.2655   3.491773    32.4030       1210     5.0375  0.000e+00
     58.858     9.2653   3.491798    32.4035       1211     5.0417  0.000e+00
     58.780     9.2650   3.491779    32.4036       1212     5.0458  0.000e+00
     58.706     9.2646   3.491691    32.4031       1213     5.0500  0.000e+00
     58.625     9.2651   3.491456    32.4003       1214     5.0542  0.000e+00
     58.553     9.2677   3.491368    32.3970       1215     5.0583  0.000e+00
     58.468     9.2709   3.491393    32.3944       1216     5.0625  0.000e+00
     58.388     9.2728   3.491393    32.3927       1217     5.0667  0.000e+00
     58.314     9.2735   3.491418    32.3924       1218     5.0708  0.000e+00
     58.238     9.2737   3.491412    32.3922       1219     5.0750  0.000e+00
     58.173     9.2740   3.491348    32.3912       1220     5.0792  0.000e+00
     58.111     9.2746   3.491374    32.3910       1221     5.0833  0.000e+00
     58.055     9.2754   3.491285    32.3894       1222     5.0875  0.000e+00
     58.010     9.2756   3.491367    32.3901       1223     5.0917  0.000e+00
     57.979     9.2759   3.491266    32.3888       1224     5.0958  0.000e+00
     57.950     9.2767   3.491266    32.3881       1225     5.1000  0.000e+00
     57.941     9.2775   3.491310    32.3878       1226     5.1042  0.000e+00
     57.936     9.2785   3.491298    32.3867       1227     5.1083  0.000e+00
     57.946     9.2794   3.491329    32.3863       1228     5.1125  0.000e+00
     57.961     9.2805   3.491285    32.3848       1229     5.1167  0.000e+00
     57.977     9.2812   3.491329    32.3847       1230     5.1208  0.000e+00
     57.993     9.2818   3.491298    32.3838       1231     5.1250  0.000e+00
     58.002     9.2820   3.491329    32.3839       1232     5.1292  0.000e+00
     58.001     9.2824   3.491348    32.3837       1233     5.1333  0.000e+00
     57.977     9.2831   3.491348    32.3831       1234     5.1375  0.000e+00
     57.937     9.2840   3.491348    32.3823       1235     5.1417  0.000e+00
     57.872     9.2846   3.491367    32.3820       1236     5.1458  0.000e+00
     57.785     9.2853   3.491418    32.3819       1237     5.1500  0.000e+00
     57.684     9.2859   3.491184    32.3790       1238     5.1542  0.000e+00
     57.558     9.2858   3.491158    32.3789       1239     5.1583  0.000e+00
     57.417     9.2861   3.491164    32.3787       1240     5.1625  0.000e+00
