HB2303/sbe116.cnv
* Sea-Bird SBE 19plus V2 Data File:
* FileName = C:\cruise\data\sbe116.hex
* Software Version Seasave V 7.26.7.121
* Temperature SN = 6128
* Conductivity SN = 6128
* System UpLoad Time = Aug 19 2023 16:44:28
* NMEA Latitude = 42 44.87 N
* NMEA Longitude = 066 09.07 W
* NMEA UTC (Time) = Aug 19 2023 16:44:24
** Ship: Henry Bigelow
** Cruise:  HB2303
** Program:  ECOMON
# nquan = 7
# nvalues = 1359                                  
# units = specified
# name 0 = depSM: Depth [salt water, m]
# name 1 = tv290C: Temperature [ITS-90, deg C]
# name 2 = c0S/m: Conductivity [S/m]
# name 3 = sal00: Salinity, Practical [PSU]
# name 4 = scan: Scan Count
# name 5 = timeM: Time, Elapsed [minutes]
# name 6 = flag:  0.000e+00
# span 0 =     -0.059,     58.790                 
# span 1 =     7.4125,    21.4730                 
# span 2 =   0.005253,   4.070262                 
# span 3 =     0.0318,    36.9901                 
# span 4 =         11,       1369                 
# span 5 =     0.0417,     5.7000                 
# span 6 = 0.0000e+00, 0.0000e+00                 
# interval = seconds: 0.25
# start_time = Aug 19 2023 16:44:24 [NMEA time, header]
# bad_flag = -9.990e-29
*END*
[from data line 616]
     52.883     8.3476   3.418140    32.4778        627     2.6083  0.000e+00
     52.783     8.3482   3.418448    32.4806        628     2.6125  0.000e+00
     52.695     8.3491   3.418435    32.4796        629     2.6167  0.000e+00
     52.624     8.3501   3.418404    32.4784        630     2.6208  0.000e+00
     52.564     8.3504   3.418517    32.4793        631     2.6250  0.000e+00
     52.514     8.3511   3.418806    32.4818        632     2.6292  0.000e+00
     52.467     8.3525   3.419038    32.4829        633     2.6333  0.000e+00
     52.427     8.3542   3.419183    32.4829        634     2.6375  0.000e+00
     52.383     8.3558   3.419233    32.4820        635     2.6417  0.000e+00
     52.346     8.3571   3.419289    32.4814        636     2.6458  0.000e+00
     52.313     8.3578   3.419264    32.4805        637     2.6500  0.000e+00
     52.273     8.3581   3.419277    32.4804        638     2.6542  0.000e+00
     52.227     8.3583   3.419182    32.4792        639     2.6583  0.000e+00
     52.174     8.3583   3.419189    32.4793        640     2.6625  0.000e+00
     52.116     8.3580   3.419013    32.4778        641     2.6667  0.000e+00
     52.050     8.3573   3.418994    32.4782        642     2.6708  0.000e+00
     51.979     8.3564   3.419013    32.4793        643     2.6750  0.000e+00
     51.897     8.3559   3.419057    32.4802        644     2.6792  0.000e+00
     51.816     8.3558   3.419057    32.4804        645     2.6833  0.000e+00
     51.726     8.3560   3.419076    32.4804        646     2.6875  0.000e+00
     51.626     8.3560   3.418881    32.4784        647     2.6917  0.000e+00
     51.520     8.3554   3.418787    32.4780        648     2.6958  0.000e+00
     51.410     8.3544   3.418831    32.4794        649     2.7000  0.000e+00
     51.283     8.3543   3.418818    32.4795        650     2.7042  0.000e+00
     51.155     8.3543   3.418787    32.4792        651     2.7083  0.000e+00
     51.023     8.3540   3.418818    32.4799        652     2.7125  0.000e+00
     50.874     8.3538   3.418786    32.4798        653     2.7167  0.000e+00
     50.729     8.3537   3.418705    32.4791        654     2.7208  0.000e+00
     50.580     8.3534   3.418598    32.4783        655     2.7250  0.000e+00
     50.426     8.3530   3.418579    32.4785        656     2.7292  0.000e+00
     50.268     8.3524   3.418573    32.4791        657     2.7333  0.000e+00
     50.111     8.3521   3.418679    32.4806        658     2.7375  0.000e+00
     49.956     8.3521   3.418391    32.4776        659     2.7417  0.000e+00
     49.811     8.3518   3.418422    32.4783        660     2.7458  0.000e+00
     49.663     8.3514   3.418472    32.4793        661     2.7500  0.000e+00
     49.519     8.3512   3.418529    32.4801        662     2.7542  0.000e+00
     49.389     8.3515   3.418453    32.4791        663     2.7583  0.000e+00
     49.254     8.3514   3.418403    32.4787        664     2.7625  0.000e+00
     49.125     8.3513   3.418120    32.4759        665     2.7667  0.000e+00
     48.999     8.3504   3.418101    32.4766        666     2.7708  0.000e+00
     48.883     8.3494   3.418359    32.4803        667     2.7750  0.000e+00
     48.768     8.3496   3.418246    32.4790        668     2.7792  0.000e+00
     48.656     8.3496   3.418139    32.4779        669     2.7833  0.000e+00
     48.556     8.3493   3.418283    32.4797        670     2.7875  0.000e+00
     48.461     8.3496   3.418742    32.4843        671     2.7917  0.000e+00
     48.376     8.3513   3.418447    32.4797        672     2.7958  0.000e+00
     48.294     8.3519   3.417743    32.4717        673     2.8000  0.000e+00
     48.224     8.3492   3.416212    32.4581        674     2.8042  0.000e+00
     48.162     8.3422   3.415954    32.4618        675     2.8083  0.000e+00
     48.104     8.3356   3.416061    32.4692        676     2.8125  0.000e+00
     48.054     8.3331   3.414266    32.4525        677     2.8167  0.000e+00
     48.000     8.3253   3.411945    32.4353        678     2.8208  0.000e+00
     47.938     8.3115   3.413783    32.4674        679     2.8250  0.000e+00
     47.875     8.3073   3.414047    32.4741        680     2.8292  0.000e+00
     47.810     8.3082   3.414812    32.4814        681     2.8333  0.000e+00
     47.736     8.3116   3.415459    32.4850        682     2.8375  0.000e+00
     47.649     8.3158   3.413670    32.4623        683     2.8417  0.000e+00
     47.563     8.3140   3.414109    32.4688        684     2.8458  0.000e+00
     47.474     8.3119   3.413858    32.4681        685     2.8500  0.000e+00
     47.374     8.3103   3.413168    32.4622        686     2.8542  0.000e+00
     47.275     8.3075   3.412942    32.4625        687     2.8583  0.000e+00
     47.167     8.3041   3.412145    32.4573        688     2.8625  0.000e+00
     47.058     8.2996   3.411449    32.4542        689     2.8667  0.000e+00
     46.951     8.2940   3.412114    32.4664        690     2.8708  0.000e+00
     46.847     8.2919   3.412446    32.4719        691     2.8750  0.000e+00
     46.747     8.2927   3.412384    32.4705        692     2.8792  0.000e+00
     46.647     8.2934   3.411179    32.4572        693     2.8833  0.000e+00
     46.552     8.2902   3.410326    32.4512        694     2.8875  0.000e+00
     46.454     8.2844   3.410395    32.4573        695     2.8917  0.000e+00
     46.364     8.2805   3.410495    32.4620        696     2.8958  0.000e+00
     46.260     8.2788   3.411016    32.4692        697     2.9000  0.000e+00
     46.162     8.2795   3.411072    32.4692        698     2.9042  0.000e+00
     46.056     8.2807   3.410972    32.4670        699     2.9083  0.000e+00
     45.938     8.2811   3.411135    32.4684        700     2.9125  0.000e+00
     45.817     8.2819   3.410909    32.4653        701     2.9167  0.000e+00
     45.680     8.2820   3.411311    32.4696        702     2.9208  0.000e+00
     45.541     8.2825   3.411574    32.4720        703     2.9250  0.000e+00
     45.392     8.2838   3.411405    32.4690        704     2.9292  0.000e+00
     45.226     8.2845   3.411160    32.4659        705     2.9333  0.000e+00
     45.066     8.2840   3.411800    32.4732        706     2.9375  0.000e+00
     44.890     8.2853   3.411749    32.4715        707     2.9417  0.000e+00
     44.708     8.2868   3.411053    32.4628        708     2.9458  0.000e+00
     44.542     8.2857   3.411574    32.4695        709     2.9500  0.000e+00
     44.358     8.2860   3.411799    32.4716        710     2.9542  0.000e+00
     44.186     8.2876   3.411160    32.4634        711     2.9583  0.000e+00
     44.031     8.2871   3.410658    32.4588        712     2.9625  0.000e+00
     43.887     8.2847   3.410620    32.4606        713     2.9667  0.000e+00
     43.773     8.2827   3.410789    32.4643        714     2.9708  0.000e+00
     43.670     8.2816   3.410802    32.4655        715     2.9750  0.000e+00
     43.588     8.2814   3.410570    32.4633        716     2.9792  0.000e+00
     43.528     8.2809   3.410620    32.4643        717     2.9833  0.000e+00
     43.485     8.2804   3.410482    32.4633        718     2.9875  0.000e+00
     43.456     8.2790   3.410451    32.4643        719     2.9917  0.000e+00
     43.434     8.2779   3.410469    32.4655        720     2.9958  0.000e+00
     43.412     8.2772   3.410482    32.4663        721     3.0000  0.000e+00
     43.392     8.2769   3.410557    32.4674        722     3.0042  0.000e+00
     43.366     8.2770   3.410526    32.4670        723     3.0083  0.000e+00
     43.336     8.2772   3.410557    32.4671        724     3.0125  0.000e+00
     43.297     8.2772   3.410545    32.4670        725     3.0167  0.000e+00
     43.255     8.2773   3.410557    32.4671        726     3.0208  0.000e+00
     43.206     8.2773   3.410595    32.4675        727     3.0250  0.000e+00
     43.150     8.2775   3.410545    32.4668        728     3.0292  0.000e+00
     43.093     8.2775   3.410413    32.4654        729     3.0333  0.000e+00
     43.030     8.2769   3.409698    32.4585        730     3.0375  0.000e+00
     42.974     8.2743   3.409478    32.4586        731     3.0417  0.000e+00
     42.907     8.2715   3.409848    32.4651        732     3.0458  0.000e+00
     42.842     8.2710   3.409516    32.4620        733     3.0500  0.000e+00
     42.764     8.2700   3.409641    32.4644        734     3.0542  0.000e+00
     42.690     8.2694   3.409848    32.4671        735     3.0583  0.000e+00
     42.596     8.2701   3.409334    32.4611        736     3.0625  0.000e+00
     42.490     8.2693   3.409409    32.4627        737     3.0667  0.000e+00
     42.367     8.2680   3.408957    32.4592        738     3.0708  0.000e+00
     42.228     8.2665   3.408732    32.4582        739     3.0750  0.000e+00
     42.074     8.2644   3.408437    32.4571        740     3.0792  0.000e+00
     41.917     8.2618   3.407835    32.4532        741     3.0833  0.000e+00
     41.735     8.2588   3.408142    32.4593        742     3.0875  0.000e+00
     41.541     8.2572   3.408129    32.4607        743     3.0917  0.000e+00
     41.350     8.2568   3.408079    32.4607        744     3.0958  0.000e+00
     41.146     8.2567   3.408318    32.4634        745     3.1000  0.000e+00
     40.949     8.2574   3.408474    32.4645        746     3.1042  0.000e+00
     40.759     8.2585   3.408524    32.4641        747     3.1083  0.000e+00
     40.580     8.2592   3.408186    32.4599        748     3.1125  0.000e+00
     40.405     8.2588   3.408048    32.4590        749     3.1167  0.000e+00
     40.249     8.2575   3.408085    32.4606        750     3.1208  0.000e+00
     40.108     8.2575   3.407665    32.4563        751     3.1250  0.000e+00
     39.983     8.2559   3.407113    32.4520        752     3.1292  0.000e+00
     39.867     8.2534   3.408273    32.4666        753     3.1333  0.000e+00
     39.768     8.2551   3.409496    32.4780        754     3.1375  0.000e+00
     39.679     8.2616   3.409126    32.4681        755     3.1417  0.000e+00
     39.592     8.2650   3.406906    32.4416        756     3.1458  0.000e+00
     39.520     8.2603   3.407176    32.4487        757     3.1500  0.000e+00
     39.457     8.2554   3.407596    32.4577        758     3.1542  0.000e+00
     39.393     8.2546   3.408085    32.4637        759     3.1583  0.000e+00
     39.336     8.2557   3.407840    32.4601        760     3.1625  0.000e+00
     39.283     8.2566   3.408355    32.4648        761     3.1667  0.000e+00
     39.241     8.2580   3.408643    32.4665        762     3.1708  0.000e+00
     39.202     8.2603   3.408750    32.4655        763     3.1750  0.000e+00
     39.164     8.2620   3.408862    32.4652        764     3.1792  0.000e+00
     39.135     8.2639   3.409145    32.4664        765     3.1833  0.000e+00
     39.111     8.2654   3.408793    32.4613        766     3.1875  0.000e+00
     39.082     8.2644   3.406135    32.4341        767     3.1917  0.000e+00
     39.048     8.2560   3.405038    32.4304        768     3.1958  0.000e+00
     39.020     8.2452   3.406749    32.4584        769     3.2000  0.000e+00
     38.979     8.2433   3.407734    32.4706        770     3.2042  0.000e+00
     38.937     8.2477   3.408386    32.4734        771     3.2083  0.000e+00
     38.888     8.2525   3.407671    32.4615        772     3.2125  0.000e+00
     38.829     8.2540   3.407771    32.4612        773     3.2167  0.000e+00
     38.760     8.2546   3.407652    32.4594        774     3.2208  0.000e+00
     38.689     8.2543   3.407276    32.4558        775     3.2250  0.000e+00
     38.598     8.2529   3.406793    32.4520        776     3.2292  0.000e+00
     38.504     8.2501   3.403652    32.4214        777     3.2333  0.000e+00
     38.390     8.2381   3.403414    32.4300        778     3.2375  0.000e+00
     38.262     8.2274   3.403013    32.4357        779     3.2417  0.000e+00
     38.125     8.2202   3.403627    32.4489        780     3.2458  0.000e+00
     37.973     8.2200   3.404066    32.4538        781     3.2500  0.000e+00
     37.816     8.2193   3.400600    32.4179        782     3.2542  0.000e+00
     37.637     8.2108   3.400939    32.4293        783     3.2583  0.000e+00
     37.474     8.2036   3.401296    32.4399        784     3.2625  0.000e+00
     37.292     8.2012   3.401603    32.4454        785     3.2667  0.000e+00
     37.115     8.2019   3.401647    32.4453        786     3.2708  0.000e+00
     36.934     8.2028   3.401603    32.4441        787     3.2750  0.000e+00
     36.759     8.2035   3.403032    32.4587        788     3.2792  0.000e+00
     36.585     8.2081   3.403301    32.4574        789     3.2833  0.000e+00
     36.435     8.2137   3.402843    32.4474        790     3.2875  0.000e+00
     36.298     8.2161   3.403476    32.4519        791     3.2917  0.000e+00
     36.177     8.2179   3.402636    32.4414        792     3.2958  0.000e+00
     36.078     8.2168   3.402148    32.4373        793     3.3000  0.000e+00
     35.991     8.2134   3.402392    32.4431        794     3.3042  0.000e+00
     35.922     8.2112   3.402718    32.4486        795     3.3083  0.000e+00
     35.863     8.2115   3.402887    32.4501        796     3.3125  0.000e+00
     35.814     8.2130   3.403714    32.4576        797     3.3167  0.000e+00
     35.770     8.2158   3.403996    32.4580        798     3.3208  0.000e+00
     35.725     8.2196   3.402906    32.4429        799     3.3250  0.000e+00
     35.685     8.2191   3.402342    32.4374        800     3.3292  0.000e+00
     35.640     8.2157   3.402241    32.4395        801     3.3333  0.000e+00
     35.587     8.2133   3.402298    32.4424        802     3.3375  0.000e+00
     35.527     8.2121   3.401872    32.4390        803     3.3417  0.000e+00
     35.460     8.2099   3.401972    32.4421        804     3.3458  0.000e+00
     35.375     8.2088   3.403652    32.4609        805     3.3500  0.000e+00
     35.289     8.2127   3.404228    32.4635        806     3.3542  0.000e+00
     35.188     8.2180   3.401997    32.4351        807     3.3583  0.000e+00
     35.080     8.2157   3.402034    32.4376        808     3.3625  0.000e+00
     34.981     8.2121   3.403739    32.4591        809     3.3667  0.000e+00
     34.878     8.2145   3.404416    32.4640        810     3.3708  0.000e+00
     34.776     8.2200   3.404197    32.4567        811     3.3750  0.000e+00
     34.682     8.2236   3.404397    32.4555        812     3.3792  0.000e+00
     34.588     8.2257   3.403933    32.4487        813     3.3833  0.000e+00
     34.505     8.2256   3.404353    32.4533        814     3.3875  0.000e+00
     34.437     8.2262   3.404146    32.4505        815     3.3917  0.000e+00
     34.368     8.2265   3.404497    32.4540        816     3.3958  0.000e+00
     34.308     8.2272   3.405080    32.4595        817     3.4000  0.000e+00
     34.254     8.2304   3.406115    32.4676        818     3.4042  0.000e+00
     34.196     8.2370   3.406403    32.4646        819     3.4083  0.000e+00
     34.142     8.2439   3.405939    32.4533        820     3.4125  0.000e+00
     34.081     8.2479   3.405907    32.4493        821     3.4167  0.000e+00
     34.014     8.2501   3.406202    32.4504        822     3.4208  0.000e+00
     33.934     8.2521   3.406258    32.4492        823     3.4250  0.000e+00
     33.851     8.2537   3.406591    32.4513        824     3.4292  0.000e+00
     33.748     8.2557   3.406572    32.4493        825     3.4333  0.000e+00
     33.639     8.2573   3.406177    32.4436        826     3.4375  0.000e+00
     33.520     8.2583   3.406114    32.4422        827     3.4417  0.000e+00
     33.394     8.2587   3.406114    32.4418        828     3.4458  0.000e+00
     33.255     8.2589   3.406289    32.4435        829     3.4500  0.000e+00
     33.115     8.2591   3.406402    32.4446        830     3.4542  0.000e+00
