HB2303/sbe164.cnv
* Sea-Bird SBE 19plus V2 Data File:
* FileName = C:\cruise\data\sbe164.hex
* Software Version Seasave V 7.26.7.121
* Temperature SN = 6128
* Conductivity SN = 6128
* System UpLoad Time = Aug 24 2023 01:01:52
* NMEA Latitude = 40 44.74 N
* NMEA Longitude = 069 34.38 W
* NMEA UTC (Time) = Aug 24 2023 01:01:48
** Ship: Henry Bigelow
** Cruise:  HB2303
** Program:  ECOMON
# nquan = 7
# nvalues = 1484                                  
# units = specified
# name 0 = depSM: Depth [salt water, m]
# name 1 = tv290C: Temperature [ITS-90, deg C]
# name 2 = c0S/m: Conductivity [S/m]
# name 3 = sal00: Salinity, Practical [PSU]
# name 4 = scan: Scan Count
# name 5 = timeM: Time, Elapsed [minutes]
# name 6 = flag:  0.000e+00
# span 0 =     -0.075,     40.651                 
# span 1 =    13.9541,    15.3514                 
# span 2 =   0.001345,   3.973147                 
# span 3 =     0.0131,    32.4991                 
# span 4 =         11,       1494                 
# span 5 =     0.0417,     6.2208                 
# span 6 = 0.0000e+00, 0.0000e+00                 
# interval = seconds: 0.25
# start_time = Aug 24 2023 01:01:48 [NMEA time, header]
# bad_flag = -9.990e-29
*END*
[from data line 411]
     37.336    13.9573   3.866728    31.9897        422     1.7542  0.000e+00
     37.457    13.9573   3.866709    31.9894        423     1.7583  0.000e+00
     37.591    13.9573   3.866728    31.9896        424     1.7625  0.000e+00
     37.730    13.9573   3.866728    31.9896        425     1.7667  0.000e+00
     37.876    13.9574   3.866755    31.9896        426     1.7708  0.000e+00
     38.032    13.9572   3.866748    31.9897        427     1.7750  0.000e+00
     38.187    13.9573   3.866729    31.9893        428     1.7792  0.000e+00
     38.346    13.9574   3.866755    31.9894        429     1.7833  0.000e+00
     38.503    13.9573   3.866775    31.9896        430     1.7875  0.000e+00
     38.657    13.9576   3.866821    31.9898        431     1.7917  0.000e+00
     38.796    13.9578   3.866828    31.9896        432     1.7958  0.000e+00
     38.937    13.9580   3.866821    31.9893        433     1.8000  0.000e+00
     39.069    13.9583   3.866821    31.9890        434     1.8042  0.000e+00
     39.187    13.9580   3.866828    31.9893        435     1.8083  0.000e+00
     39.297    13.9580   3.866868    31.9896        436     1.8125  0.000e+00
     39.398    13.9582   3.866868    31.9894        437     1.8167  0.000e+00
     39.494    13.9583   3.866854    31.9892        438     1.8208  0.000e+00
     39.586    13.9582   3.866868    31.9894        439     1.8250  0.000e+00
     39.676    13.9581   3.866881    31.9895        440     1.8292  0.000e+00
     39.753    13.9582   3.866868    31.9893        441     1.8333  0.000e+00
     39.838    13.9582   3.866841    31.9890        442     1.8375  0.000e+00
     39.925    13.9581   3.866663    31.9874        443     1.8417  0.000e+00
     40.006    13.9579   3.866841    31.9892        444     1.8458  0.000e+00
     40.103    13.9580   3.866868    31.9893        445     1.8500  0.000e+00
     40.205    13.9581   3.866881    31.9893        446     1.8542  0.000e+00
     40.315    13.9582   3.866842    31.9888        447     1.8583  0.000e+00
     40.430    13.9578   3.866868    31.9893        448     1.8625  0.000e+00
     40.510    13.9575   3.866855    31.9894        449     1.8667  0.000e+00
     40.578    13.9574   3.866842    31.9894        450     1.8708  0.000e+00
     40.618    13.9573   3.866868    31.9897        451     1.8750  0.000e+00
     40.624    13.9573   3.866855    31.9896        452     1.8792  0.000e+00
     40.629    13.9573   3.866868    31.9897        453     1.8833  0.000e+00
     40.628    13.9572   3.866822    31.9894        454     1.8875  0.000e+00
     40.636    13.9570   3.866828    31.9896        455     1.8917  0.000e+00
     40.645    13.9568   3.866795    31.9895        456     1.8958  0.000e+00
     40.651    13.9567   3.866822    31.9898        457     1.9000  0.000e+00
     40.651    13.9566   3.866828    31.9899        458     1.9042  0.000e+00
     40.641    13.9567   3.866842    31.9899        459     1.9083  0.000e+00
     40.639    13.9570   3.866828    31.9896        460     1.9125  0.000e+00
     40.619    13.9572   3.866842    31.9895        461     1.9167  0.000e+00
     40.586    13.9573   3.866842    31.9894        462     1.9208  0.000e+00
     40.552    13.9573   3.866828    31.9893        463     1.9250  0.000e+00
     40.509    13.9575   3.866795    31.9889        464     1.9292  0.000e+00
     40.451    13.9578   3.866842    31.9891        465     1.9333  0.000e+00
     40.386    13.9578   3.866809    31.9889        466     1.9375  0.000e+00
     40.316    13.9578   3.866822    31.9890        467     1.9417  0.000e+00
     40.245    13.9578   3.866822    31.9890        468     1.9458  0.000e+00
     40.176    13.9578   3.866809    31.9889        469     1.9500  0.000e+00
     40.108    13.9579   3.866822    31.9890        470     1.9542  0.000e+00
     40.036    13.9579   3.866822    31.9890        471     1.9583  0.000e+00
     39.971    13.9580   3.866881    31.9894        472     1.9625  0.000e+00
     39.915    13.9583   3.866822    31.9887        473     1.9667  0.000e+00
     39.868    13.9587   3.866888    31.9890        474     1.9708  0.000e+00
     39.832    13.9592   3.866881    31.9886        475     1.9750  0.000e+00
     39.809    13.9595   3.866887    31.9884        476     1.9792  0.000e+00
     39.796    13.9596   3.866887    31.9883        477     1.9833  0.000e+00
     39.779    13.9596   3.866927    31.9887        478     1.9875  0.000e+00
     39.779    13.9599   3.866914    31.9882        479     1.9917  0.000e+00
     39.768    13.9601   3.866901    31.9880        480     1.9958  0.000e+00
     39.759    13.9604   3.866868    31.9874        481     2.0000  0.000e+00
     39.749    13.9599   3.866868    31.9878        482     2.0042  0.000e+00
     39.736    13.9595   3.866854    31.9881        483     2.0083  0.000e+00
     39.714    13.9592   3.866822    31.9881        484     2.0125  0.000e+00
     39.682    13.9589   3.866841    31.9885        485     2.0167  0.000e+00
     39.658    13.9587   3.866828    31.9885        486     2.0208  0.000e+00
     39.617    13.9585   3.866887    31.9892        487     2.0250  0.000e+00
     39.577    13.9589   3.866795    31.9881        488     2.0292  0.000e+00
     39.537    13.9592   3.866828    31.9882        489     2.0333  0.000e+00
     39.494    13.9592   3.866841    31.9883        490     2.0375  0.000e+00
     39.461    13.9587   3.866841    31.9888        491     2.0417  0.000e+00
     39.425    13.9587   3.866808    31.9884        492     2.0458  0.000e+00
     39.400    13.9587   3.866821    31.9886        493     2.0500  0.000e+00
     39.378    13.9586   3.866841    31.9888        494     2.0542  0.000e+00
     39.355    13.9589   3.866828    31.9885        495     2.0583  0.000e+00
     39.337    13.9589   3.866841    31.9886        496     2.0625  0.000e+00
     39.326    13.9590   3.866841    31.9886        497     2.0667  0.000e+00
     39.311    13.9592   3.866828    31.9882        498     2.0708  0.000e+00
     39.300    13.9592   3.866841    31.9883        499     2.0750  0.000e+00
     39.286    13.9593   3.866828    31.9882        500     2.0792  0.000e+00
     39.258    13.9590   3.866795    31.9881        501     2.0833  0.000e+00
     39.225    13.9588   3.866729    31.9877        502     2.0875  0.000e+00
     39.195    13.9580   3.866755    31.9886        503     2.0917  0.000e+00
     39.150    13.9576   3.866729    31.9887        504     2.0958  0.000e+00
     39.101    13.9573   3.866703    31.9887        505     2.1000  0.000e+00
     39.039    13.9568   3.866755    31.9897        506     2.1042  0.000e+00
     38.975    13.9568   3.866749    31.9896        507     2.1083  0.000e+00
     38.911    13.9568   3.866749    31.9896        508     2.1125  0.000e+00
     38.822    13.9572   3.866735    31.9893        509     2.1167  0.000e+00
     38.739    13.9573   3.866729    31.9892        510     2.1208  0.000e+00
     38.656    13.9572   3.866729    31.9893        511     2.1250  0.000e+00
     38.573    13.9570   3.866709    31.9893        512     2.1292  0.000e+00
     38.493    13.9569   3.866729    31.9896        513     2.1333  0.000e+00
     38.426    13.9570   3.866702    31.9893        514     2.1375  0.000e+00
     38.368    13.9571   3.866683    31.9890        515     2.1417  0.000e+00
     38.325    13.9572   3.866702    31.9891        516     2.1458  0.000e+00
     38.299    13.9571   3.866702    31.9892        517     2.1500  0.000e+00
     38.286    13.9571   3.866682    31.9890        518     2.1542  0.000e+00
     38.284    13.9570   3.866682    31.9892        519     2.1583  0.000e+00
     38.291    13.9571   3.866682    31.9890        520     2.1625  0.000e+00
     38.298    13.9571   3.866683    31.9891        521     2.1667  0.000e+00
     38.307    13.9571   3.866702    31.9893        522     2.1708  0.000e+00
     38.312    13.9568   3.866663    31.9891        523     2.1750  0.000e+00
     38.299    13.9568   3.866683    31.9893        524     2.1792  0.000e+00
     38.284    13.9568   3.866682    31.9893        525     2.1833  0.000e+00
     38.252    13.9566   3.866709    31.9897        526     2.1875  0.000e+00
     38.206    13.9570   3.866682    31.9892        527     2.1917  0.000e+00
     38.140    13.9571   3.866702    31.9893        528     2.1958  0.000e+00
     38.061    13.9571   3.866682    31.9891        529     2.2000  0.000e+00
     37.970    13.9572   3.866702    31.9893        530     2.2042  0.000e+00
     37.868    13.9573   3.866682    31.9891        531     2.2083  0.000e+00
     37.759    13.9574   3.866709    31.9892        532     2.2125  0.000e+00
     37.636    13.9576   3.866682    31.9889        533     2.2167  0.000e+00
     37.517    13.9576   3.866682    31.9889        534     2.2208  0.000e+00
     37.401    13.9575   3.866662    31.9889        535     2.2250  0.000e+00
     37.295    13.9575   3.866636    31.9887        536     2.2292  0.000e+00
     37.195    13.9572   3.866636    31.9890        537     2.2333  0.000e+00
     37.105    13.9571   3.866708    31.9898        538     2.2375  0.000e+00
     37.041    13.9578   3.866656    31.9887        539     2.2417  0.000e+00
     36.974    13.9582   3.866662    31.9885        540     2.2458  0.000e+00
     36.918    13.9581   3.866636    31.9883        541     2.2500  0.000e+00
     36.870    13.9580   3.866590    31.9880        542     2.2542  0.000e+00
     36.834    13.9572   3.866609    31.9889        543     2.2583  0.000e+00
     36.794    13.9571   3.866616    31.9891        544     2.2625  0.000e+00
     36.765    13.9569   3.866590    31.9889        545     2.2667  0.000e+00
     36.722    13.9568   3.866609    31.9893        546     2.2708  0.000e+00
     36.684    13.9565   3.866616    31.9896        547     2.2750  0.000e+00
     36.630    13.9566   3.866590    31.9893        548     2.2792  0.000e+00
     36.567    13.9563   3.866590    31.9896        549     2.2833  0.000e+00
     36.495    13.9561   3.866590    31.9897        550     2.2875  0.000e+00
     36.415    13.9561   3.866570    31.9896        551     2.2917  0.000e+00
     36.331    13.9561   3.866609    31.9899        552     2.2958  0.000e+00
     36.244    13.9563   3.866589    31.9897        553     2.3000  0.000e+00
     36.155    13.9563   3.866589    31.9897        554     2.3042  0.000e+00
     36.060    13.9565   3.866563    31.9893        555     2.3083  0.000e+00
     35.946    13.9566   3.866570    31.9893        556     2.3125  0.000e+00
     35.835    13.9563   3.866563    31.9895        557     2.3167  0.000e+00
     35.728    13.9561   3.866543    31.9896        558     2.3208  0.000e+00
     35.609    13.9562   3.866523    31.9894        559     2.3250  0.000e+00
     35.505    13.9561   3.866569    31.9900        560     2.3292  0.000e+00
     35.401    13.9560   3.866536    31.9898        561     2.3333  0.000e+00
     35.293    13.9560   3.866477    31.9892        562     2.3375  0.000e+00
     35.192    13.9557   3.866444    31.9892        563     2.3417  0.000e+00
     35.092    13.9557   3.866477    31.9896        564     2.3458  0.000e+00
     34.995    13.9554   3.866497    31.9900        565     2.3500  0.000e+00
     34.892    13.9557   3.866536    31.9902        566     2.3542  0.000e+00
     34.784    13.9566   3.866523    31.9894        567     2.3583  0.000e+00
     34.691    13.9571   3.866747    31.9910        568     2.3625  0.000e+00
     34.595    13.9595   3.866681    31.9885        569     2.3667  0.000e+00
     34.503    13.9616   3.866727    31.9872        570     2.3708  0.000e+00
     34.417    13.9626   3.866589    31.9851        571     2.3750  0.000e+00
     34.339    13.9623   3.866661    31.9861        572     2.3792  0.000e+00
     34.270    13.9621   3.866615    31.9859        573     2.3833  0.000e+00
     34.201    13.9618   3.866542    31.9855        574     2.3875  0.000e+00
     34.139    13.9605   3.866516    31.9863        575     2.3917  0.000e+00
     34.083    13.9597   3.866476    31.9867        576     2.3958  0.000e+00
     34.040    13.9588   3.866443    31.9871        577     2.4000  0.000e+00
     33.995    13.9579   3.866476    31.9882        578     2.4042  0.000e+00
     33.941    13.9576   3.866589    31.9895        579     2.4083  0.000e+00
     33.893    13.9584   3.866635    31.9892        580     2.4125  0.000e+00
     33.836    13.9599   3.866654    31.9882        581     2.4167  0.000e+00
     33.769    13.9612   3.866701    31.9876        582     2.4208  0.000e+00
     33.708    13.9626   3.866733    31.9867        583     2.4250  0.000e+00
     33.639    13.9635   3.866700    31.9857        584     2.4292  0.000e+00
     33.563    13.9642   3.866727    31.9854        585     2.4333  0.000e+00
     33.482    13.9650   3.866634    31.9839        586     2.4375  0.000e+00
     33.393    13.9648   3.866727    31.9849        587     2.4417  0.000e+00
     33.292    13.9650   3.866746    31.9851        588     2.4458  0.000e+00
     33.194    13.9656   3.866733    31.9844        589     2.4500  0.000e+00
     33.090    13.9659   3.866700    31.9839        590     2.4542  0.000e+00
     32.989    13.9657   3.866727    31.9844        591     2.4583  0.000e+00
     32.897    13.9658   3.866707    31.9841        592     2.4625  0.000e+00
     32.810    13.9660   3.866680    31.9837        593     2.4667  0.000e+00
     32.723    13.9662   3.866700    31.9838        594     2.4708  0.000e+00
     32.650    13.9662   3.866680    31.9836        595     2.4750  0.000e+00
     32.576    13.9658   3.866614    31.9834        596     2.4792  0.000e+00
     32.514    13.9651   3.866614    31.9840        597     2.4833  0.000e+00
     32.449    13.9646   3.866634    31.9846        598     2.4875  0.000e+00
     32.408    13.9644   3.866634    31.9848        599     2.4917  0.000e+00
     32.357    13.9644   3.866608    31.9846        600     2.4958  0.000e+00
     32.304    13.9643   3.866614    31.9848        601     2.5000  0.000e+00
     32.258    13.9637   3.866542    31.9846        602     2.5042  0.000e+00
     32.209    13.9630   3.866463    31.9845        603     2.5083  0.000e+00
     32.153    13.9614   3.866430    31.9856        604     2.5125  0.000e+00
     32.100    13.9601   3.866449    31.9868        605     2.5167  0.000e+00
     32.037    13.9595   3.866344    31.9864        606     2.5208  0.000e+00
     31.965    13.9598   3.866495    31.9875        607     2.5250  0.000e+00
     31.882    13.9604   3.866522    31.9873        608     2.5292  0.000e+00
     31.795    13.9609   3.866489    31.9867        609     2.5333  0.000e+00
     31.698    13.9609   3.866449    31.9863        610     2.5375  0.000e+00
     31.589    13.9602   3.866403    31.9865        611     2.5417  0.000e+00
     31.472    13.9595   3.866396    31.9871        612     2.5458  0.000e+00
     31.353    13.9589   3.866403    31.9877        613     2.5500  0.000e+00
     31.239    13.9580   3.866383    31.9883        614     2.5542  0.000e+00
     31.132    13.9573   3.866343    31.9885        615     2.5583  0.000e+00
     31.024    13.9569   3.866357    31.9890        616     2.5625  0.000e+00
     30.930    13.9567   3.866396    31.9896        617     2.5667  0.000e+00
     30.834    13.9569   3.866383    31.9894        618     2.5708  0.000e+00
     30.755    13.9571   3.866475    31.9901        619     2.5750  0.000e+00
     30.680    13.9577   3.866488    31.9897        620     2.5792  0.000e+00
     30.614    13.9585   3.866475    31.9889        621     2.5833  0.000e+00
     30.559    13.9589   3.866475    31.9887        622     2.5875  0.000e+00
     30.503    13.9592   3.866488    31.9886        623     2.5917  0.000e+00
     30.458    13.9592   3.866475    31.9884        624     2.5958  0.000e+00
     30.412    13.9594   3.866495    31.9885        625     2.6000  0.000e+00
