HB2303/sbe168.cnv
* Sea-Bird SBE 19plus V2 Data File:
* FileName = C:\cruise\data\sbe168.hex
* Software Version Seasave V 7.26.7.121
* Temperature SN = 6128
* Conductivity SN = 6128
* System UpLoad Time = Aug 24 2023 06:14:20
* NMEA Latitude = 41 03.83 N
* NMEA Longitude = 070 14.40 W
* NMEA UTC (Time) = Aug 24 2023 06:14:16
** Ship: Henry Bigelow
** Cruise:  HB2303
** Program:  ECOMON
# nquan = 7
# nvalues = 1272                                  
# units = specified
# name 0 = depSM: Depth [salt water, m]
# name 1 = tv290C: Temperature [ITS-90, deg C]
# name 2 = c0S/m: Conductivity [S/m]
# name 3 = sal00: Salinity, Practical [PSU]
# name 4 = scan: Scan Count
# name 5 = timeM: Time, Elapsed [minutes]
# name 6 = flag:  0.000e+00
# span 0 =     -0.060,     26.862                 
# span 1 =    15.8979,    18.6064                 
# span 2 =  -0.014711,   4.217882                 
# span 3 =     0.0000,    31.7132                 
# span 4 =         11,       1282                 
# span 5 =     0.0417,     5.3375                 
# span 6 = 0.0000e+00, 0.0000e+00                 
# interval = seconds: 0.25
# start_time = Aug 24 2023 06:14:16 [NMEA time, header]
# bad_flag = -9.990e-29
*END*
[from data line 1026]
      7.169    18.3654   4.198148    31.3934       1037     4.3167  0.000e+00
      7.112    18.3780   4.198189    31.3841       1038     4.3208  0.000e+00
      7.052    18.3853   4.197964    31.3768       1039     4.3250  0.000e+00
      6.989    18.3883   4.198148    31.3760       1040     4.3292  0.000e+00
      6.938    18.3898   4.196545    31.3615       1041     4.3333  0.000e+00
      6.886    18.3852   4.197520    31.3732       1042     4.3375  0.000e+00
      6.828    18.3837   4.197991    31.3782       1043     4.3417  0.000e+00
      6.781    18.3868   4.198420    31.3795       1044     4.3458  0.000e+00
      6.731    18.3896   4.197786    31.3721       1045     4.3500  0.000e+00
      6.689    18.3902   4.198645    31.3788       1046     4.3542  0.000e+00
      6.644    18.3930   4.198973    31.3794       1047     4.3583  0.000e+00
      6.617    18.3971   4.199327    31.3792       1048     4.3625  0.000e+00
      6.585    18.4009   4.199580    31.3785       1049     4.3667  0.000e+00
      6.561    18.4047   4.199819    31.3776       1050     4.3708  0.000e+00
      6.538    18.4078   4.199737    31.3745       1051     4.3750  0.000e+00
      6.516    18.4098   4.200180    31.3767       1052     4.3792  0.000e+00
      6.496    18.4124   4.200569    31.3780       1053     4.3833  0.000e+00
      6.476    18.4160   4.200644    31.3759       1054     4.3875  0.000e+00
      6.465    18.4185   4.200978    31.3767       1055     4.3917  0.000e+00
      6.442    18.4210   4.200466    31.3705       1056     4.3958  0.000e+00
      6.424    18.4210   4.199866    31.3655       1057     4.4000  0.000e+00
      6.399    18.4183   4.200064    31.3693       1058     4.4042  0.000e+00
      6.381    18.4162   4.200344    31.3732       1059     4.4083  0.000e+00
      6.354    18.4169   4.200923    31.3776       1060     4.4125  0.000e+00
      6.323    18.4208   4.204294    31.4027       1061     4.4167  0.000e+00
      6.289    18.4326   4.201872    31.3735       1062     4.4208  0.000e+00
      6.251    18.4391   4.200875    31.3603       1063     4.4250  0.000e+00
      6.211    18.4338   4.201312    31.3679       1064     4.4292  0.000e+00
      6.171    18.4306   4.200493    31.3636       1065     4.4333  0.000e+00
      6.128    18.4266   4.200391    31.3658       1066     4.4375  0.000e+00
      6.088    18.4229   4.200855    31.3725       1067     4.4417  0.000e+00
      6.046    18.4241   4.205332    31.4089       1068     4.4458  0.000e+00
      6.005    18.4419   4.208280    31.4199       1069     4.4500  0.000e+00
      5.958    18.4684   4.210281    31.4164       1070     4.4542  0.000e+00
      5.913    18.4928   4.208232    31.3807       1071     4.4583  0.000e+00
      5.864    18.5016   4.205788    31.3537       1072     4.4625  0.000e+00
      5.815    18.4969   4.208983    31.3839       1073     4.4667  0.000e+00
      5.761    18.5007   4.210587    31.3943       1074     4.4708  0.000e+00
      5.712    18.5121   4.210942    31.3886       1075     4.4750  0.000e+00
      5.660    18.5216   4.211386    31.3851       1076     4.4792  0.000e+00
      5.617    18.5290   4.210382    31.3711       1077     4.4833  0.000e+00
      5.570    18.5306   4.210047    31.3672       1078     4.4875  0.000e+00
      5.534    18.5293   4.210560    31.3724       1079     4.4917  0.000e+00
      5.492    18.5296   4.209569    31.3640       1080     4.4958  0.000e+00
      5.462    18.5263   4.210368    31.3731       1081     4.5000  0.000e+00
      5.437    18.5260   4.208934    31.3615       1082     4.5042  0.000e+00
      5.417    18.5215   4.208914    31.3647       1083     4.5083  0.000e+00
      5.404    18.5177   4.209262    31.3705       1084     4.5125  0.000e+00
      5.395    18.5181   4.212424    31.3965       1085     4.5167  0.000e+00
      5.391    18.5298   4.211700    31.3816       1086     4.5208  0.000e+00
      5.382    18.5377   4.212588    31.3830       1087     4.5250  0.000e+00
      5.376    18.5434   4.212157    31.3750       1088     4.5292  0.000e+00
      5.371    18.5462   4.213401    31.3832       1089     4.5333  0.000e+00
      5.355    18.5515   4.214343    31.3870       1090     4.5375  0.000e+00
      5.335    18.5587   4.213455    31.3742       1091     4.5417  0.000e+00
      5.312    18.5620   4.214268    31.3784       1092     4.5458  0.000e+00
      5.271    18.5648   4.213940    31.3736       1093     4.5500  0.000e+00
      5.229    18.5663   4.214343    31.3758       1094     4.5542  0.000e+00
      5.184    18.5689   4.216625    31.3928       1095     4.5583  0.000e+00
      5.126    18.5785   4.217397    31.3919       1096     4.5625  0.000e+00
      5.070    18.5892   4.216549    31.3768       1097     4.5667  0.000e+00
      5.010    18.5933   4.215716    31.3667       1098     4.5708  0.000e+00
      4.961    18.5918   4.217205    31.3803       1099     4.5750  0.000e+00
      4.903    18.5951   4.217882    31.3834       1100     4.5792  0.000e+00
      4.848    18.6007   4.216699    31.3694       1101     4.5833  0.000e+00
      4.810    18.6012   4.217041    31.3718       1102     4.5875  0.000e+00
      4.763    18.6001   4.216672    31.3696       1103     4.5917  0.000e+00
      4.725    18.5993   4.216863    31.3718       1104     4.5958  0.000e+00
      4.692    18.5988   4.216453    31.3688       1105     4.6000  0.000e+00
      4.667    18.5972   4.216672    31.3718       1106     4.6042  0.000e+00
      4.636    18.5961   4.216481    31.3711       1107     4.6083  0.000e+00
      4.620    18.5955   4.216768    31.3740       1108     4.6125  0.000e+00
      4.594    18.5962   4.217144    31.3765       1109     4.6167  0.000e+00
      4.575    18.5979   4.216699    31.3716       1110     4.6208  0.000e+00
      4.571    18.5980   4.217444    31.3777       1111     4.6250  0.000e+00
      4.562    18.6000   4.217253    31.3746       1112     4.6292  0.000e+00
      4.551    18.6015   4.217677    31.3770       1113     4.6333  0.000e+00
      4.535    18.6033   4.217752    31.3762       1114     4.6375  0.000e+00
      4.530    18.6053   4.217690    31.3742       1115     4.6417  0.000e+00
      4.516    18.6064   4.217164    31.3690       1116     4.6458  0.000e+00
      4.494    18.6055   4.217451    31.3720       1117     4.6500  0.000e+00
      4.476    18.6044   4.217622    31.3743       1118     4.6542  0.000e+00
      4.451    18.6054   4.217451    31.3722       1119     4.6583  0.000e+00
      4.420    18.6052   4.217752    31.3748       1120     4.6625  0.000e+00
      4.389    18.6059   4.217670    31.3736       1121     4.6667  0.000e+00
      4.353    18.6062   4.217143    31.3690       1122     4.6708  0.000e+00
      4.308    18.6047   4.217724    31.3750       1123     4.6750  0.000e+00
      4.266    18.6053   4.217670    31.3741       1124     4.6792  0.000e+00
      4.222    18.6059   4.217519    31.3724       1125     4.6833  0.000e+00
      4.178    18.6059   4.217519    31.3725       1126     4.6875  0.000e+00
      4.133    18.6056   4.217519    31.3727       1127     4.6917  0.000e+00
      4.084    18.6052   4.217622    31.3738       1128     4.6958  0.000e+00
      4.037    18.6053   4.217519    31.3729       1129     4.7000  0.000e+00
      3.996    18.6054   4.217567    31.3733       1130     4.7042  0.000e+00
      3.952    18.6051   4.217676    31.3744       1131     4.7083  0.000e+00
      3.909    18.6058   4.217622    31.3735       1132     4.7125  0.000e+00
      3.873    18.6059   4.217546    31.3728       1133     4.7167  0.000e+00
      3.846    18.6057   4.217601    31.3734       1134     4.7208  0.000e+00
      3.818    18.6058   4.217348    31.3712       1135     4.7250  0.000e+00
      3.790    18.6050   4.217396    31.3723       1136     4.7292  0.000e+00
      3.764    18.6043   4.217546    31.3740       1137     4.7333  0.000e+00
      3.748    18.6045   4.217471    31.3733       1138     4.7375  0.000e+00
      3.730    18.6046   4.217205    31.3709       1139     4.7417  0.000e+00
      3.714    18.6036   4.217218    31.3719       1140     4.7458  0.000e+00
      3.696    18.6031   4.217191    31.3720       1141     4.7500  0.000e+00
      3.683    18.6020   4.216863    31.3701       1142     4.7542  0.000e+00
      3.658    18.6003   4.216501    31.3684       1143     4.7583  0.000e+00
      3.651    18.5979   4.216453    31.3698       1144     4.7625  0.000e+00
      3.622    18.5958   4.216248    31.3697       1145     4.7667  0.000e+00
      3.592    18.5939   4.216843    31.3761       1146     4.7708  0.000e+00
      3.561    18.5938   4.215845    31.3679       1147     4.7750  0.000e+00
      3.537    18.5920   4.216111    31.3715       1148     4.7792  0.000e+00
      3.499    18.5908   4.216146    31.3728       1149     4.7833  0.000e+00
      3.460    18.5891   4.215947    31.3724       1150     4.7875  0.000e+00
      3.431    18.5879   4.215654    31.3709       1151     4.7917  0.000e+00
      3.399    18.5862   4.216098    31.3759       1152     4.7958  0.000e+00
      3.366    18.5866   4.216234    31.3767       1153     4.8000  0.000e+00
      3.341    18.5881   4.216125    31.3746       1154     4.8042  0.000e+00
      3.310    18.5887   4.216405    31.3765       1155     4.8083  0.000e+00
      3.279    18.5903   4.216658    31.3775       1156     4.8125  0.000e+00
      3.257    18.5923   4.216672    31.3760       1157     4.8167  0.000e+00
      3.232    18.5936   4.216781    31.3760       1158     4.8208  0.000e+00
      3.205    18.5950   4.215845    31.3672       1159     4.8250  0.000e+00
      3.176    18.5918   4.215503    31.3668       1160     4.8292  0.000e+00
      3.147    18.5875   4.216405    31.3775       1161     4.8333  0.000e+00
      3.120    18.5889   4.216405    31.3765       1162     4.8375  0.000e+00
      3.081    18.5905   4.216555    31.3765       1163     4.8417  0.000e+00
      3.043    18.5921   4.216528    31.3751       1164     4.8458  0.000e+00
      3.000    18.5929   4.216323    31.3728       1165     4.8500  0.000e+00
      2.954    18.5927   4.216111    31.3712       1166     4.8542  0.000e+00
      2.909    18.5915   4.216173    31.3726       1167     4.8583  0.000e+00
      2.864    18.5909   4.216221    31.3735       1168     4.8625  0.000e+00
      2.817    18.5909   4.216719    31.3776       1169     4.8667  0.000e+00
      2.765    18.5927   4.216630    31.3755       1170     4.8708  0.000e+00
      2.711    18.5941   4.216261    31.3715       1171     4.8750  0.000e+00
      2.660    18.5936   4.216501    31.3739       1172     4.8792  0.000e+00
      2.613    18.5937   4.216644    31.3749       1173     4.8833  0.000e+00
      2.566    18.5944   4.216630    31.3743       1174     4.8875  0.000e+00
      2.525    18.5947   4.216719    31.3748       1175     4.8917  0.000e+00
      2.503    18.5952   4.216500    31.3727       1176     4.8958  0.000e+00
      2.476    18.5949   4.216528    31.3731       1177     4.9000  0.000e+00
      2.465    18.5944   4.216671    31.3747       1178     4.9042  0.000e+00
      2.456    18.5947   4.216630    31.3741       1179     4.9083  0.000e+00
      2.451    18.5949   4.216623    31.3739       1180     4.9125  0.000e+00
      2.454    18.5951   4.216685    31.3743       1181     4.9167  0.000e+00
      2.456    18.5955   4.216699    31.3741       1182     4.9208  0.000e+00
      2.458    18.5955   4.216555    31.3729       1183     4.9250  0.000e+00
      2.460    18.5954   4.216719    31.3744       1184     4.9292  0.000e+00
      2.456    18.5954   4.216705    31.3742       1185     4.9333  0.000e+00
      2.444    18.5955   4.216685    31.3740       1186     4.9375  0.000e+00
      2.420    18.5954   4.216719    31.3744       1187     4.9417  0.000e+00
      2.395    18.5956   4.216685    31.3739       1188     4.9458  0.000e+00
      2.350    18.5958   4.216842    31.3751       1189     4.9500  0.000e+00
      2.299    18.5962   4.216582    31.3726       1190     4.9542  0.000e+00
      2.247    18.5959   4.216377    31.3712       1191     4.9583  0.000e+00
      2.193    18.5948   4.216630    31.3741       1192     4.9625  0.000e+00
      2.135    18.5943   4.216261    31.3715       1193     4.9667  0.000e+00
      2.077    18.5931   4.216097    31.3711       1194     4.9708  0.000e+00
      2.016    18.5918   4.216623    31.3764       1195     4.9750  0.000e+00
      1.956    18.5924   4.216425    31.3743       1196     4.9792  0.000e+00
      1.913    18.5925   4.216582    31.3756       1197     4.9833  0.000e+00
      1.868    18.5932   4.216794    31.3769       1198     4.9875  0.000e+00
      1.828    18.5946   4.216042    31.3696       1199     4.9917  0.000e+00
      1.799    18.5930   4.216644    31.3758       1200     4.9958  0.000e+00
      1.785    18.5929   4.216377    31.3736       1201     5.0000  0.000e+00
      1.767    18.5932   4.216575    31.3750       1202     5.0042  0.000e+00
      1.752    18.5932   4.215106    31.3628       1203     5.0083  0.000e+00
      1.754    18.5882   4.214464    31.3613       1204     5.0125  0.000e+00
      1.745    18.5815   4.215667    31.3765       1205     5.0167  0.000e+00
      1.740    18.5810   4.215387    31.3744       1206     5.0208  0.000e+00
      1.729    18.5815   4.215557    31.3756       1207     5.0250  0.000e+00
      1.714    18.5819   4.216043    31.3793       1208     5.0292  0.000e+00
      1.696    18.5842   4.215359    31.3718       1209     5.0333  0.000e+00
      1.669    18.5838   4.215537    31.3736       1210     5.0375  0.000e+00
      1.638    18.5832   4.215626    31.3748       1211     5.0417  0.000e+00
      1.611    18.5835   4.215844    31.3764       1212     5.0458  0.000e+00
      1.582    18.5841   4.215229    31.3709       1213     5.0500  0.000e+00
      1.541    18.5831   4.216329    31.3808       1214     5.0542  0.000e+00
      1.508    18.5854   4.216500    31.3804       1215     5.0583  0.000e+00
      1.465    18.5889   4.216111    31.3746       1216     5.0625  0.000e+00
      1.429    18.5897   4.215509    31.3690       1217     5.0667  0.000e+00
      1.388    18.5872   4.214416    31.3618       1218     5.0708  0.000e+00
      1.357    18.5808   4.214239    31.3652       1219     5.0750  0.000e+00
      1.333    18.5749   4.214341    31.3705       1220     5.0792  0.000e+00
      1.317    18.5727   4.215182    31.3792       1221     5.0833  0.000e+00
      1.319    18.5749   4.214977    31.3758       1222     5.0875  0.000e+00
      1.320    18.5762   4.215530    31.3795       1223     5.0917  0.000e+00
      1.335    18.5784   4.214847    31.3721       1224     5.0958  0.000e+00
      1.360    18.5783   4.215120    31.3744       1225     5.1000  0.000e+00
      1.386    18.5780   4.214574    31.3701       1226     5.1042  0.000e+00
      1.420    18.5765   4.214314    31.3691       1227     5.1083  0.000e+00
      1.449    18.5739   4.214212    31.3702       1228     5.1125  0.000e+00
      1.486    18.5717   4.214266    31.3724       1229     5.1167  0.000e+00
      1.521    18.5703   4.214116    31.3722       1230     5.1208  0.000e+00
      1.545    18.5690   4.213938    31.3716       1231     5.1250  0.000e+00
      1.547    18.5677   4.213610    31.3699       1232     5.1292  0.000e+00
      1.494    18.5651   4.214314    31.3777       1233     5.1333  0.000e+00
      1.399    18.5663   4.214123    31.3753       1234     5.1375  0.000e+00
      1.281    18.5670   4.214444    31.3774       1235     5.1417  0.000e+00
      1.144    18.5679   4.214362    31.3762       1236     5.1458  0.000e+00
      0.994    18.5694   4.214136    31.3731       1237     5.1500  0.000e+00
      0.850    18.5695   4.213371    31.3668       1238     5.1542  0.000e+00
      0.692    18.5665   4.213098    31.3669       1239     5.1583  0.000e+00
      0.539    18.5620   4.213200    31.3712       1240     5.1625  0.000e+00
