HB2303/sbe136.cnv
* Sea-Bird SBE 19plus V2 Data File:
* FileName = C:\cruise\data\sbe136.hex
* Software Version Seasave V 7.26.7.121
* Temperature SN = 6128
* Conductivity SN = 6128
* System UpLoad Time = Aug 21 2023 15:30:12
* NMEA Latitude = 43 11.06 N
* NMEA Longitude = 069 11.07 W
* NMEA UTC (Time) = Aug 21 2023 15:30:08
** Ship: Henry Bigelow
** Cruise:  HB2303
** Program:  ECOMON
# nquan = 7
# nvalues = 6096                                  
# units = specified
# name 0 = depSM: Depth [salt water, m]
# name 1 = tv290C: Temperature [ITS-90, deg C]
# name 2 = c0S/m: Conductivity [S/m]
# name 3 = sal00: Salinity, Practical [PSU]
# name 4 = scan: Scan Count
# name 5 = timeM: Time, Elapsed [minutes]
# name 6 = flag:  0.000e+00
# span 0 =     -0.265,    194.227                 
# span 1 =     7.1096,    21.5978                 
# span 2 =   0.000939,   4.313133                 
# span 3 =     0.0130,    33.5302                 
# span 4 =         11,       6106                 
# span 5 =     0.0417,    25.4375                 
# span 6 = 0.0000e+00, 0.0000e+00                 
# interval = seconds: 0.25
# start_time = Aug 21 2023 15:30:08 [NMEA time, header]
# bad_flag = -9.990e-29
*END*
[from data line 2667]
    143.072     7.2730   3.396166    33.2115       2678    11.1542  0.000e+00
    143.023     7.2731   3.396004    33.2097       2679    11.1583  0.000e+00
    142.976     7.2733   3.396110    33.2106       2680    11.1625  0.000e+00
    142.923     7.2735   3.396166    33.2110       2681    11.1667  0.000e+00
    142.871     7.2736   3.396442    33.2140       2682    11.1708  0.000e+00
    142.818     7.2739   3.396229    33.2114       2683    11.1750  0.000e+00
    142.771     7.2741   3.396354    33.2127       2684    11.1792  0.000e+00
    142.720     7.2742   3.396273    33.2116       2685    11.1833  0.000e+00
    142.657     7.2743   3.395509    33.2033       2686    11.1875  0.000e+00
    142.604     7.2732   3.393580    33.1834       2687    11.1917  0.000e+00
    142.553     7.2705   3.394519    33.1962       2688    11.1958  0.000e+00
    142.504     7.2690   3.394012    33.1922       2689    11.2000  0.000e+00
    142.456     7.2679   3.392685    33.1789       2690    11.2042  0.000e+00
    142.413     7.2652   3.392103    33.1752       2691    11.2083  0.000e+00
    142.366     7.2622   3.391076    33.1669       2692    11.2125  0.000e+00
    142.331     7.2596   3.390607    33.1644       2693    11.2167  0.000e+00
    142.295     7.2573   3.390663    33.1672       2694    11.2208  0.000e+00
    142.259     7.2559   3.391346    33.1759       2695    11.2250  0.000e+00
    142.219     7.2560   3.392191    33.1850       2696    11.2292  0.000e+00
    142.182     7.2570   3.390213    33.1626       2697    11.2333  0.000e+00
    142.148     7.2563   3.389818    33.1590       2698    11.2375  0.000e+00
    142.101     7.2549   3.389387    33.1557       2699    11.2417  0.000e+00
    142.056     7.2535   3.389437    33.1576       2700    11.2458  0.000e+00
    142.018     7.2524   3.389568    33.1600       2701    11.2500  0.000e+00
    141.969     7.2523   3.389280    33.1571       2702    11.2542  0.000e+00
    141.922     7.2519   3.389261    33.1573       2703    11.2583  0.000e+00
    141.874     7.2516   3.389261    33.1576       2704    11.2625  0.000e+00
    141.822     7.2514   3.389261    33.1579       2705    11.2667  0.000e+00
    141.769     7.2513   3.389199    33.1573       2706    11.2708  0.000e+00
    141.725     7.2510   3.389055    33.1560       2707    11.2750  0.000e+00
    141.668     7.2507   3.388805    33.1536       2708    11.2792  0.000e+00
    141.613     7.2497   3.388479    33.1510       2709    11.2833  0.000e+00
    141.557     7.2486   3.388241    33.1495       2710    11.2875  0.000e+00
    141.506     7.2470   3.388023    33.1487       2711    11.2917  0.000e+00
    141.451     7.2453   3.387741    33.1473       2712    11.2958  0.000e+00
    141.390     7.2436   3.387735    33.1489       2713    11.3000  0.000e+00
    141.334     7.2425   3.387766    33.1504       2714    11.3042  0.000e+00
    141.272     7.2420   3.387735    33.1505       2715    11.3083  0.000e+00
    141.211     7.2417   3.387785    33.1514       2716    11.3125  0.000e+00
    141.153     7.2416   3.387797    33.1516       2717    11.3167  0.000e+00
    141.093     7.2415   3.387591    33.1495       2718    11.3208  0.000e+00
    141.035     7.2412   3.387366    33.1474       2719    11.3250  0.000e+00
    140.990     7.2404   3.387309    33.1476       2720    11.3292  0.000e+00
    140.948     7.2396   3.387347    33.1487       2721    11.3333  0.000e+00
    140.912     7.2391   3.387203    33.1476       2722    11.3375  0.000e+00
    140.879     7.2386   3.387078    33.1468       2723    11.3417  0.000e+00
    140.843     7.2380   3.387071    33.1473       2724    11.3458  0.000e+00
    140.821     7.2375   3.387059    33.1476       2725    11.3500  0.000e+00
    140.792     7.2372   3.387028    33.1476       2726    11.3542  0.000e+00
    140.775     7.2371   3.387015    33.1476       2727    11.3583  0.000e+00
    140.746     7.2369   3.387071    33.1485       2728    11.3625  0.000e+00
    140.730     7.2371   3.387078    33.1483       2729    11.3667  0.000e+00
    140.706     7.2370   3.387096    33.1486       2730    11.3708  0.000e+00
    140.664     7.2371   3.387121    33.1488       2731    11.3750  0.000e+00
    140.618     7.2372   3.387134    33.1489       2732    11.3792  0.000e+00
    140.571     7.2374   3.386890    33.1461       2733    11.3833  0.000e+00
    140.511     7.2370   3.386727    33.1447       2734    11.3875  0.000e+00
    140.449     7.2362   3.386665    33.1448       2735    11.3917  0.000e+00
    140.388     7.2354   3.386615    33.1450       2736    11.3958  0.000e+00
    140.319     7.2349   3.386565    33.1451       2737    11.4000  0.000e+00
    140.254     7.2345   3.386508    33.1449       2738    11.4042  0.000e+00
    140.194     7.2341   3.386458    33.1448       2739    11.4083  0.000e+00
    140.139     7.2337   3.386439    33.1450       2740    11.4125  0.000e+00
    140.082     7.2334   3.386446    33.1453       2741    11.4167  0.000e+00
    140.036     7.2333   3.386421    33.1451       2742    11.4208  0.000e+00
    139.989     7.2334   3.386402    33.1448       2743    11.4250  0.000e+00
    139.945     7.2331   3.386377    33.1449       2744    11.4292  0.000e+00
    139.900     7.2332   3.386402    33.1451       2745    11.4333  0.000e+00
    139.860     7.2330   3.386377    33.1450       2746    11.4375  0.000e+00
    139.820     7.2329   3.386333    33.1447       2747    11.4417  0.000e+00
    139.773     7.2330   3.386314    33.1444       2748    11.4458  0.000e+00
    139.742     7.2329   3.386314    33.1445       2749    11.4500  0.000e+00
    139.695     7.2328   3.386277    33.1442       2750    11.4542  0.000e+00
    139.660     7.2326   3.386245    33.1441       2751    11.4583  0.000e+00
    139.627     7.2325   3.386233    33.1441       2752    11.4625  0.000e+00
    139.582     7.2324   3.386183    33.1437       2753    11.4667  0.000e+00
    139.540     7.2322   3.386070    33.1426       2754    11.4708  0.000e+00
    139.498     7.2319   3.385920    33.1413       2755    11.4750  0.000e+00
    139.465     7.2308   3.385701    33.1400       2756    11.4792  0.000e+00
    139.430     7.2299   3.386008    33.1442       2757    11.4833  0.000e+00
    139.395     7.2298   3.386151    33.1459       2758    11.4875  0.000e+00
    139.357     7.2303   3.386120    33.1451       2759    11.4917  0.000e+00
    139.317     7.2306   3.385432    33.1374       2760    11.4958  0.000e+00
    139.272     7.2291   3.385232    33.1366       2761    11.5000  0.000e+00
    139.232     7.2274   3.384813    33.1338       2762    11.5042  0.000e+00
    139.194     7.2252   3.384494    33.1323       2763    11.5083  0.000e+00
    139.152     7.2229   3.383131    33.1197       2764    11.5125  0.000e+00
    139.114     7.2181   3.382155    33.1138       2765    11.5167  0.000e+00
    139.065     7.2121   3.381999    33.1179       2766    11.5208  0.000e+00
    139.027     7.2074   3.381874    33.1210       2767    11.5250  0.000e+00
    138.987     7.2044   3.381668    33.1217       2768    11.5292  0.000e+00
    138.947     7.2023   3.381705    33.1241       2769    11.5333  0.000e+00
    138.907     7.2010   3.381605    33.1243       2770    11.5375  0.000e+00
    138.878     7.2000   3.381743    33.1268       2771    11.5417  0.000e+00
    138.839     7.1997   3.381730    33.1269       2772    11.5458  0.000e+00
    138.799     7.1995   3.381618    33.1259       2773    11.5500  0.000e+00
    138.753     7.1994   3.381649    33.1264       2774    11.5542  0.000e+00
    138.708     7.1991   3.381574    33.1258       2775    11.5583  0.000e+00
    138.657     7.1990   3.381568    33.1259       2776    11.5625  0.000e+00
    138.609     7.1989   3.381680    33.1273       2777    11.5667  0.000e+00
    138.550     7.1989   3.381586    33.1263       2778    11.5708  0.000e+00
    138.491     7.1990   3.381424    33.1245       2779    11.5750  0.000e+00
    138.436     7.1988   3.381255    33.1228       2780    11.5792  0.000e+00
    138.375     7.1984   3.381268    33.1234       2781    11.5833  0.000e+00
    138.320     7.1980   3.381136    33.1223       2782    11.5875  0.000e+00
    138.266     7.1977   3.380905    33.1201       2783    11.5917  0.000e+00
    138.221     7.1972   3.380805    33.1195       2784    11.5958  0.000e+00
    138.177     7.1967   3.380642    33.1183       2785    11.6000  0.000e+00
    138.128     7.1963   3.380536    33.1176       2786    11.6042  0.000e+00
    138.088     7.1960   3.380511    33.1175       2787    11.6083  0.000e+00
    138.043     7.1958   3.380455    33.1172       2788    11.6125  0.000e+00
    138.001     7.1959   3.380298    33.1154       2789    11.6167  0.000e+00
    137.957     7.1960   3.380311    33.1155       2790    11.6208  0.000e+00
    137.910     7.1960   3.380342    33.1158       2791    11.6250  0.000e+00
    137.868     7.1960   3.380392    33.1164       2792    11.6292  0.000e+00
    137.817     7.1961   3.380386    33.1163       2793    11.6333  0.000e+00
    137.768     7.1961   3.380273    33.1151       2794    11.6375  0.000e+00
    137.723     7.1960   3.380230    33.1147       2795    11.6417  0.000e+00
    137.679     7.1959   3.380211    33.1146       2796    11.6458  0.000e+00
    137.634     7.1956   3.380186    33.1147       2797    11.6500  0.000e+00
    137.581     7.1955   3.380273    33.1157       2798    11.6542  0.000e+00
    137.541     7.1956   3.380255    33.1154       2799    11.6583  0.000e+00
    137.496     7.1957   3.380192    33.1147       2800    11.6625  0.000e+00
    137.465     7.1957   3.380230    33.1151       2801    11.6667  0.000e+00
    137.427     7.1956   3.380230    33.1152       2802    11.6708  0.000e+00
    137.390     7.1955   3.380186    33.1148       2803    11.6750  0.000e+00
    137.358     7.1955   3.380148    33.1144       2804    11.6792  0.000e+00
    137.320     7.1954   3.380167    33.1148       2805    11.6833  0.000e+00
    137.283     7.1951   3.380167    33.1151       2806    11.6875  0.000e+00
    137.239     7.1952   3.380104    33.1143       2807    11.6917  0.000e+00
    137.196     7.1950   3.380104    33.1145       2808    11.6958  0.000e+00
    137.147     7.1950   3.380086    33.1144       2809    11.7000  0.000e+00
    137.095     7.1948   3.379948    33.1130       2810    11.7042  0.000e+00
    137.037     7.1946   3.379879    33.1125       2811    11.7083  0.000e+00
    136.979     7.1944   3.379867    33.1127       2812    11.7125  0.000e+00
    136.911     7.1944   3.379779    33.1117       2813    11.7167  0.000e+00
    136.855     7.1942   3.379604    33.1100       2814    11.7208  0.000e+00
    136.790     7.1939   3.379592    33.1102       2815    11.7250  0.000e+00
    136.726     7.1934   3.379517    33.1100       2816    11.7292  0.000e+00
    136.670     7.1931   3.379429    33.1092       2817    11.7333  0.000e+00
    136.616     7.1929   3.379235    33.1074       2818    11.7375  0.000e+00
    136.562     7.1923   3.379142    33.1069       2819    11.7417  0.000e+00
    136.518     7.1916   3.379085    33.1070       2820    11.7458  0.000e+00
    136.471     7.1909   3.379123    33.1081       2821    11.7500  0.000e+00
    136.434     7.1906   3.379085    33.1080       2822    11.7542  0.000e+00
    136.392     7.1904   3.378898    33.1062       2823    11.7583  0.000e+00
    136.345     7.1899   3.378910    33.1068       2824    11.7625  0.000e+00
    136.298     7.1893   3.378935    33.1077       2825    11.7667  0.000e+00
    136.254     7.1891   3.378954    33.1082       2826    11.7708  0.000e+00
    136.214     7.1891   3.378917    33.1077       2827    11.7750  0.000e+00
    136.178     7.1891   3.378892    33.1075       2828    11.7792  0.000e+00
    136.127     7.1889   3.378835    33.1070       2829    11.7833  0.000e+00
    136.080     7.1888   3.378760    33.1064       2830    11.7875  0.000e+00
    136.035     7.1885   3.378629    33.1052       2831    11.7917  0.000e+00
    135.986     7.1881   3.378592    33.1052       2832    11.7958  0.000e+00
    135.935     7.1879   3.378691    33.1066       2833    11.8000  0.000e+00
    135.882     7.1888   3.378673    33.1056       2834    11.8042  0.000e+00
    135.835     7.1901   3.378198    33.0992       2835    11.8083  0.000e+00
    135.785     7.1920   3.377616    33.0911       2836    11.8125  0.000e+00
    135.732     7.1931   3.377154    33.0850       2837    11.8167  0.000e+00
    135.680     7.1927   3.377035    33.0841       2838    11.8208  0.000e+00
    135.625     7.1921   3.376967    33.0839       2839    11.8250  0.000e+00
    135.571     7.1918   3.376948    33.0840       2840    11.8292  0.000e+00
    135.513     7.1913   3.376867    33.0836       2841    11.8333  0.000e+00
    135.458     7.1912   3.376773    33.0828       2842    11.8375  0.000e+00
    135.404     7.1912   3.376742    33.0824       2843    11.8417  0.000e+00
    135.355     7.1913   3.376754    33.0825       2844    11.8458  0.000e+00
    135.302     7.1911   3.376635    33.0814       2845    11.8500  0.000e+00
    135.246     7.1911   3.376560    33.0807       2846    11.8542  0.000e+00
    135.193     7.1909   3.376392    33.0791       2847    11.8583  0.000e+00
    135.148     7.1904   3.376254    33.0781       2848    11.8625  0.000e+00
    135.095     7.1897   3.376085    33.0769       2849    11.8667  0.000e+00
    135.049     7.1891   3.375954    33.0761       2850    11.8708  0.000e+00
    135.002     7.1880   3.375835    33.0758       2851    11.8750  0.000e+00
    134.953     7.1877   3.375760    33.0754       2852    11.8792  0.000e+00
    134.913     7.1873   3.375735    33.0755       2853    11.8833  0.000e+00
    134.879     7.1874   3.375717    33.0752       2854    11.8875  0.000e+00
    134.830     7.1879   3.375692    33.0745       2855    11.8917  0.000e+00
    134.790     7.1884   3.375529    33.0722       2856    11.8958  0.000e+00
    134.746     7.1891   3.375542    33.0718       2857    11.9000  0.000e+00
    134.704     7.1898   3.375529    33.0710       2858    11.9042  0.000e+00
    134.650     7.1901   3.375498    33.0703       2859    11.9083  0.000e+00
    134.601     7.1905   3.375510    33.0701       2860    11.9125  0.000e+00
    134.548     7.1907   3.375479    33.0696       2861    11.9167  0.000e+00
    134.497     7.1908   3.375410    33.0688       2862    11.9208  0.000e+00
    134.441     7.1906   3.375023    33.0648       2863    11.9250  0.000e+00
    134.387     7.1900   3.374954    33.0646       2864    11.9292  0.000e+00
    134.338     7.1895   3.374942    33.0651       2865    11.9333  0.000e+00
    134.293     7.1892   3.374936    33.0653       2866    11.9375  0.000e+00
    134.246     7.1888   3.374873    33.0650       2867    11.9417  0.000e+00
    134.204     7.1887   3.374873    33.0651       2868    11.9458  0.000e+00
    134.165     7.1885   3.374917    33.0658       2869    11.9500  0.000e+00
    134.124     7.1885   3.374873    33.0654       2870    11.9542  0.000e+00
    134.082     7.1883   3.374854    33.0653       2871    11.9583  0.000e+00
    134.037     7.1883   3.374873    33.0656       2872    11.9625  0.000e+00
    133.986     7.1883   3.374873    33.0656       2873    11.9667  0.000e+00
    133.936     7.1884   3.374873    33.0656       2874    11.9708  0.000e+00
    133.878     7.1882   3.374811    33.0651       2875    11.9750  0.000e+00
    133.809     7.1881   3.374792    33.0650       2876    11.9792  0.000e+00
    133.742     7.1881   3.374786    33.0650       2877    11.9833  0.000e+00
    133.673     7.1880   3.374792    33.0651       2878    11.9875  0.000e+00
    133.611     7.1881   3.374767    33.0648       2879    11.9917  0.000e+00
    133.555     7.1880   3.374723    33.0644       2880    11.9958  0.000e+00
    133.506     7.1879   3.374692    33.0642       2881    12.0000  0.000e+00
