HB2303/sbe119.cnv
* Sea-Bird SBE 19plus V2 Data File:
* FileName = C:\cruise\data\sbe119.hex
* Software Version Seasave V 7.26.7.121
* Temperature SN = 6128
* Conductivity SN = 6128
* System UpLoad Time = Aug 19 2023 20:36:26
* NMEA Latitude = 42 48.52 N
* NMEA Longitude = 066 51.50 W
* NMEA UTC (Time) = Aug 19 2023 20:36:22
** Ship: Henry Bigelow
** Cruise:  HB2303
** Program:  ECOMON
# nquan = 7
# nvalues = 4496                                  
# units = specified
# name 0 = depSM: Depth [salt water, m]
# name 1 = tv290C: Temperature [ITS-90, deg C]
# name 2 = c0S/m: Conductivity [S/m]
# name 3 = sal00: Salinity, Practical [PSU]
# name 4 = scan: Scan Count
# name 5 = timeM: Time, Elapsed [minutes]
# name 6 = flag:  0.000e+00
# span 0 =     -0.176,    201.171                 
# span 1 =     7.5991,    17.6948                 
# span 2 =   0.001300,   4.175503                 
# span 3 =     0.0133,    34.9564                 
# span 4 =         11,       4506                 
# span 5 =     0.0417,    18.7708                 
# span 6 = 0.0000e+00, 0.0000e+00                 
# interval = seconds: 0.25
# start_time = Aug 19 2023 20:36:22 [NMEA time, header]
# bad_flag = -9.990e-29
*END*
[from data line 3693]
     41.984     7.7904   3.387058    32.6707       3704    15.4292  0.000e+00
     41.968     7.7913   3.387021    32.6695       3705    15.4333  0.000e+00
     41.964     7.7924   3.387271    32.6711       3706    15.4375  0.000e+00
     41.965     7.7931   3.387058    32.6681       3707    15.4417  0.000e+00
     41.976     7.7937   3.387552    32.6729       3708    15.4458  0.000e+00
     41.979     7.7947   3.387433    32.6706       3709    15.4500  0.000e+00
     41.991     7.7954   3.387315    32.6687       3710    15.4542  0.000e+00
     41.998     7.7956   3.386939    32.6646       3711    15.4583  0.000e+00
     42.005     7.7947   3.386852    32.6644       3712    15.4625  0.000e+00
     42.007     7.7938   3.386927    32.6661       3713    15.4667  0.000e+00
     42.007     7.7932   3.386526    32.6624       3714    15.4708  0.000e+00
     42.003     7.7920   3.386451    32.6627       3715    15.4750  0.000e+00
     41.990     7.7906   3.386651    32.6662       3716    15.4792  0.000e+00
     41.964     7.7905   3.386664    32.6664       3717    15.4833  0.000e+00
     41.942     7.7907   3.386651    32.6660       3718    15.4875  0.000e+00
     41.910     7.7910   3.386689    32.6662       3719    15.4917  0.000e+00
     41.875     7.7911   3.387227    32.6719       3720    15.4958  0.000e+00
     41.839     7.7921   3.387577    32.6747       3721    15.5000  0.000e+00
     41.801     7.7939   3.387452    32.6717       3722    15.5042  0.000e+00
     41.763     7.7950   3.387446    32.6706       3723    15.5083  0.000e+00
     41.725     7.7955   3.387577    32.6716       3724    15.5125  0.000e+00
     41.677     7.7964   3.387921    32.6744       3725    15.5167  0.000e+00
     41.636     7.7980   3.387802    32.6717       3726    15.5208  0.000e+00
     41.595     7.7991   3.387746    32.6701       3727    15.5250  0.000e+00
     41.554     7.7999   3.387615    32.6679       3728    15.5292  0.000e+00
     41.521     7.8001   3.387533    32.6669       3729    15.5333  0.000e+00
     41.492     7.7998   3.387471    32.6665       3730    15.5375  0.000e+00
     41.473     7.7994   3.387552    32.6678       3731    15.5417  0.000e+00
     41.467     7.7995   3.387640    32.6686       3732    15.5458  0.000e+00
     41.473     7.7995   3.387508    32.6672       3733    15.5500  0.000e+00
     41.492     7.7993   3.387658    32.6690       3734    15.5542  0.000e+00
     41.523     7.7993   3.387640    32.6688       3735    15.5583  0.000e+00
     41.566     7.7995   3.387533    32.6675       3736    15.5625  0.000e+00
     41.608     7.7992   3.387446    32.6668       3737    15.5667  0.000e+00
     41.658     7.7986   3.387202    32.6647       3738    15.5708  0.000e+00
     41.701     7.7975   3.386945    32.6629       3739    15.5750  0.000e+00
     41.734     7.7960   3.387346    32.6686       3740    15.5792  0.000e+00
     41.748     7.7957   3.387508    32.6707       3741    15.5833  0.000e+00
     41.745     7.7967   3.387596    32.6707       3742    15.5875  0.000e+00
     41.712     7.7974   3.387552    32.6696       3743    15.5917  0.000e+00
     41.650     7.7980   3.387164    32.6649       3744    15.5958  0.000e+00
     41.580     7.7971   3.386470    32.6583       3745    15.6000  0.000e+00
     41.491     7.7943   3.386507    32.6613       3746    15.6042  0.000e+00
     41.399     7.7923   3.386489    32.6631       3747    15.6083  0.000e+00
     41.288     7.7910   3.386564    32.6651       3748    15.6125  0.000e+00
     41.172     7.7907   3.386601    32.6658       3749    15.6167  0.000e+00
     41.061     7.7906   3.386607    32.6661       3750    15.6208  0.000e+00
     40.954     7.7912   3.386689    32.6664       3751    15.6250  0.000e+00
     40.854     7.7918   3.386689    32.6660       3752    15.6292  0.000e+00
     40.769     7.7922   3.386689    32.6656       3753    15.6333  0.000e+00
     40.699     7.7922   3.386689    32.6656       3754    15.6375  0.000e+00
     40.638     7.7921   3.386663    32.6655       3755    15.6417  0.000e+00
     40.602     7.7920   3.386689    32.6659       3756    15.6458  0.000e+00
     40.580     7.7921   3.386707    32.6660       3757    15.6500  0.000e+00
     40.574     7.7920   3.386707    32.6661       3758    15.6542  0.000e+00
     40.581     7.7922   3.386707    32.6658       3759    15.6583  0.000e+00
     40.597     7.7921   3.386857    32.6676       3760    15.6625  0.000e+00
     40.623     7.7931   3.386895    32.6670       3761    15.6667  0.000e+00
     40.664     7.7947   3.386882    32.6653       3762    15.6708  0.000e+00
     40.706     7.7959   3.386939    32.6649       3763    15.6750  0.000e+00
     40.760     7.7964   3.386857    32.6634       3764    15.6792  0.000e+00
     40.809     7.7964   3.386939    32.6643       3765    15.6833  0.000e+00
     40.852     7.7965   3.386989    32.6647       3766    15.6875  0.000e+00
     40.899     7.7968   3.387020    32.6647       3767    15.6917  0.000e+00
     40.938     7.7970   3.386970    32.6640       3768    15.6958  0.000e+00
     40.958     7.7972   3.387039    32.6646       3769    15.7000  0.000e+00
     40.976     7.7970   3.387058    32.6649       3770    15.7042  0.000e+00
     40.972     7.7969   3.387145    32.6660       3771    15.7083  0.000e+00
     40.956     7.7968   3.387164    32.6662       3772    15.7125  0.000e+00
     40.930     7.7969   3.387164    32.6662       3773    15.7167  0.000e+00
     40.887     7.7968   3.387139    32.6661       3774    15.7208  0.000e+00
     40.847     7.7966   3.387202    32.6670       3775    15.7250  0.000e+00
     40.795     7.7966   3.387252    32.6675       3776    15.7292  0.000e+00
     40.741     7.7964   3.387183    32.6669       3777    15.7333  0.000e+00
     40.668     7.7967   3.387139    32.6663       3778    15.7375  0.000e+00
     40.597     7.7968   3.387201    32.6669       3779    15.7417  0.000e+00
     40.512     7.7974   3.387314    32.6675       3780    15.7458  0.000e+00
     40.429     7.7988   3.386939    32.6622       3781    15.7500  0.000e+00
     40.331     7.7992   3.386838    32.6609       3782    15.7542  0.000e+00
     40.228     7.7991   3.386957    32.6623       3783    15.7583  0.000e+00
     40.134     7.7995   3.387727    32.6702       3784    15.7625  0.000e+00
     40.031     7.8018   3.387864    32.6695       3785    15.7667  0.000e+00
     39.938     7.8048   3.387745    32.6655       3786    15.7708  0.000e+00
     39.860     7.8059   3.386769    32.6541       3787    15.7750  0.000e+00
     39.793     7.8038   3.386707    32.6554       3788    15.7792  0.000e+00
     39.739     7.8014   3.386707    32.6577       3789    15.7833  0.000e+00
     39.702     7.7997   3.386688    32.6591       3790    15.7875  0.000e+00
     39.692     7.7989   3.386544    32.6583       3791    15.7917  0.000e+00
     39.699     7.7984   3.386469    32.6580       3792    15.7958  0.000e+00
     39.717     7.7982   3.386626    32.6598       3793    15.8000  0.000e+00
     39.749     7.7983   3.386795    32.6615       3794    15.8042  0.000e+00
     39.790     7.7988   3.386751    32.6606       3795    15.8083  0.000e+00
     39.844     7.7989   3.386688    32.6597       3796    15.8125  0.000e+00
     39.899     7.7989   3.387020    32.6632       3797    15.8167  0.000e+00
     39.943     7.7995   3.387251    32.6651       3798    15.8208  0.000e+00
     39.985     7.8010   3.387326    32.6645       3799    15.8250  0.000e+00
     40.018     7.8024   3.386945    32.6591       3800    15.8292  0.000e+00
     40.025     7.8019   3.387164    32.6619       3801    15.8333  0.000e+00
     40.021     7.8019   3.387226    32.6627       3802    15.8375  0.000e+00
     39.989     7.8020   3.387695    32.6675       3803    15.8417  0.000e+00
     39.936     7.8035   3.387639    32.6656       3804    15.8458  0.000e+00
     39.869     7.8049   3.387470    32.6625       3805    15.8500  0.000e+00
     39.788     7.8051   3.388027    32.6683       3806    15.8542  0.000e+00
     39.690     7.8063   3.387445    32.6610       3807    15.8583  0.000e+00
     39.593     7.8060   3.386707    32.6534       3808    15.8625  0.000e+00
     39.491     7.8040   3.386575    32.6539       3809    15.8667  0.000e+00
     39.389     7.8017   3.386669    32.6572       3810    15.8708  0.000e+00
     39.289     7.8001   3.386813    32.6603       3811    15.8750  0.000e+00
     39.203     7.7995   3.386769    32.6603       3812    15.8792  0.000e+00
     39.129     7.7992   3.386969    32.6628       3813    15.8833  0.000e+00
     39.063     7.7994   3.387082    32.6639       3814    15.8875  0.000e+00
     39.022     7.8002   3.387576    32.6684       3815    15.8917  0.000e+00
     38.993     7.8017   3.387614    32.6675       3816    15.8958  0.000e+00
     38.991     7.8036   3.387057    32.6597       3817    15.9000  0.000e+00
     39.001     7.8033   3.386650    32.6557       3818    15.9042  0.000e+00
     39.023     7.8011   3.386575    32.6569       3819    15.9083  0.000e+00
     39.047     7.7994   3.386607    32.6588       3820    15.9125  0.000e+00
     39.076     7.7983   3.386644    32.6602       3821    15.9167  0.000e+00
     39.115     7.7977   3.386650    32.6608       3822    15.9208  0.000e+00
     39.146     7.7974   3.386644    32.6610       3823    15.9250  0.000e+00
     39.183     7.7971   3.386563    32.6604       3824    15.9292  0.000e+00
     39.201     7.7968   3.386644    32.6616       3825    15.9333  0.000e+00
     39.212     7.7968   3.386625    32.6613       3826    15.9375  0.000e+00
     39.218     7.7968   3.386751    32.6626       3827    15.9417  0.000e+00
     39.209     7.7972   3.386669    32.6614       3828    15.9458  0.000e+00
     39.188     7.7973   3.386619    32.6608       3829    15.9500  0.000e+00
     39.158     7.7971   3.386813    32.6631       3830    15.9542  0.000e+00
     39.114     7.7975   3.386944    32.6641       3831    15.9583  0.000e+00
     39.068     7.7984   3.387182    32.6659       3832    15.9625  0.000e+00
     39.001     7.7998   3.387251    32.6654       3833    15.9667  0.000e+00
     38.936     7.8011   3.387432    32.6661       3834    15.9708  0.000e+00
     38.856     7.8022   3.386969    32.6601       3835    15.9750  0.000e+00
     38.776     7.8020   3.387057    32.6613       3836    15.9792  0.000e+00
     38.689     7.8013   3.386513    32.6562       3837    15.9833  0.000e+00
     38.599     7.7992   3.386463    32.6576       3838    15.9875  0.000e+00
     38.516     7.7974   3.386469    32.6594       3839    15.9917  0.000e+00
     38.430     7.7964   3.386506    32.6608       3840    15.9958  0.000e+00
     38.341     7.7960   3.386513    32.6613       3841    16.0000  0.000e+00
     38.254     7.7963   3.386525    32.6612       3842    16.0042  0.000e+00
     38.172     7.7967   3.386619    32.6619       3843    16.0083  0.000e+00
     38.097     7.7968   3.386588    32.6614       3844    16.0125  0.000e+00
     38.021     7.7969   3.386575    32.6613       3845    16.0167  0.000e+00
     37.960     7.7970   3.386544    32.6609       3846    16.0208  0.000e+00
     37.900     7.7979   3.386575    32.6604       3847    16.0250  0.000e+00
     37.852     7.7986   3.386506    32.6590       3848    16.0292  0.000e+00
     37.814     7.7995   3.386512    32.6582       3849    16.0333  0.000e+00
     37.789     7.8001   3.386525    32.6578       3850    16.0375  0.000e+00
     37.771     7.8005   3.386556    32.6578       3851    16.0417  0.000e+00
     37.769     7.8006   3.386318    32.6551       3852    16.0458  0.000e+00
     37.768     7.8010   3.386337    32.6550       3853    16.0500  0.000e+00
     37.773     7.8012   3.386400    32.6555       3854    16.0542  0.000e+00
     37.783     7.8014   3.386469    32.6560       3855    16.0583  0.000e+00
     37.802     7.8014   3.386444    32.6558       3856    16.0625  0.000e+00
     37.816     7.8017   3.386419    32.6552       3857    16.0667  0.000e+00
     37.818     7.8017   3.386381    32.6548       3858    16.0708  0.000e+00
     37.823     7.8018   3.386256    32.6534       3859    16.0750  0.000e+00
     37.814     7.8021   3.386275    32.6533       3860    16.0792  0.000e+00
     37.807     7.8024   3.386131    32.6515       3861    16.0833  0.000e+00
     37.785     7.8022   3.385924    32.6494       3862    16.0875  0.000e+00
     37.758     7.8020   3.385762    32.6479       3863    16.0917  0.000e+00
     37.729     7.8014   3.385881    32.6497       3864    16.0958  0.000e+00
     37.693     7.8013   3.386237    32.6537       3865    16.1000  0.000e+00
     37.643     7.8014   3.386250    32.6537       3866    16.1042  0.000e+00
     37.598     7.8017   3.386381    32.6549       3867    16.1083  0.000e+00
     37.541     7.8017   3.386099    32.6519       3868    16.1125  0.000e+00
     37.479     7.8018   3.386275    32.6537       3869    16.1167  0.000e+00
     37.409     7.8019   3.386187    32.6528       3870    16.1208  0.000e+00
     37.335     7.8019   3.385887    32.6495       3871    16.1250  0.000e+00
     37.262     7.8015   3.385474    32.6455       3872    16.1292  0.000e+00
     37.179     7.8009   3.385374    32.6451       3873    16.1333  0.000e+00
     37.095     7.8002   3.385449    32.6465       3874    16.1375  0.000e+00
     37.010     7.8000   3.385286    32.6451       3875    16.1417  0.000e+00
     36.932     7.7995   3.385299    32.6457       3876    16.1458  0.000e+00
     36.838     7.7991   3.385411    32.6473       3877    16.1500  0.000e+00
     36.757     7.7989   3.385211    32.6454       3878    16.1542  0.000e+00
     36.679     7.7989   3.385042    32.6436       3879    16.1583  0.000e+00
     36.596     7.7987   3.385105    32.6446       3880    16.1625  0.000e+00
     36.521     7.7985   3.384961    32.6432       3881    16.1667  0.000e+00
     36.454     7.7983   3.385123    32.6452       3882    16.1708  0.000e+00
     36.394     7.7982   3.384979    32.6437       3883    16.1750  0.000e+00
     36.339     7.7983   3.385017    32.6441       3884    16.1792  0.000e+00
     36.288     7.7982   3.384942    32.6433       3885    16.1833  0.000e+00
     36.248     7.7983   3.384929    32.6432       3886    16.1875  0.000e+00
     36.214     7.7981   3.384836    32.6424       3887    16.1917  0.000e+00
     36.185     7.7982   3.384929    32.6433       3888    16.1958  0.000e+00
     36.160     7.7984   3.384817    32.6419       3889    16.2000  0.000e+00
     36.146     7.7984   3.384648    32.6401       3890    16.2042  0.000e+00
     36.129     7.7988   3.384629    32.6395       3891    16.2083  0.000e+00
     36.120     7.7992   3.384673    32.6397       3892    16.2125  0.000e+00
     36.111     7.7992   3.384817    32.6412       3893    16.2167  0.000e+00
     36.102     7.7994   3.384754    32.6404       3894    16.2208  0.000e+00
     36.096     7.7998   3.384754    32.6400       3895    16.2250  0.000e+00
     36.077     7.7996   3.384735    32.6400       3896    16.2292  0.000e+00
     36.056     7.7997   3.384673    32.6392       3897    16.2333  0.000e+00
     36.036     7.7999   3.384648    32.6388       3898    16.2375  0.000e+00
     36.005     7.8004   3.384879    32.6408       3899    16.2417  0.000e+00
     35.958     7.8017   3.384929    32.6401       3900    16.2458  0.000e+00
     35.904     7.8024   3.384979    32.6400       3901    16.2500  0.000e+00
     35.847     7.8031   3.385079    32.6405       3902    16.2542  0.000e+00
     35.778     7.8027   3.385123    32.6413       3903    16.2583  0.000e+00
     35.700     7.8035   3.384823    32.6374       3904    16.2625  0.000e+00
     35.620     7.8062   3.385042    32.6373       3905    16.2667  0.000e+00
     35.526     7.8065   3.384779    32.6343       3906    16.2708  0.000e+00
     35.458     7.8091   3.384691    32.6309       3907    16.2750  0.000e+00
