HB2303/sbe135.cnv
* Sea-Bird SBE 19plus V2 Data File:
* FileName = C:\cruise\data\sbe135.hex
* Software Version Seasave V 7.26.7.121
* Temperature SN = 6128
* Conductivity SN = 6128
* System UpLoad Time = Aug 21 2023 12:43:06
* NMEA Latitude = 43 36.90 N
* NMEA Longitude = 069 12.78 W
* NMEA UTC (Time) = Aug 21 2023 12:43:02
** Ship: Henry Bigelow
** Cruise:  HB2303
** Program:  ECOMON
# nquan = 7
# nvalues = 1368                                  
# units = specified
# name 0 = depSM: Depth [salt water, m]
# name 1 = tv290C: Temperature [ITS-90, deg C]
# name 2 = c0S/m: Conductivity [S/m]
# name 3 = sal00: Salinity, Practical [PSU]
# name 4 = scan: Scan Count
# name 5 = timeM: Time, Elapsed [minutes]
# name 6 = flag:  0.000e+00
# span 0 =      3.346,    131.996                 
# span 1 =     6.9311,    17.0859                 
# span 2 =   3.327957,   4.008106                 
# span 3 =    30.7388,    32.8205                 
# span 4 =         11,       1378                 
# span 5 =     0.0417,     5.7375                 
# span 6 = 0.0000e+00, 0.0000e+00                 
# interval = seconds: 0.25
# start_time = Aug 21 2023 12:43:02 [NMEA time, header]
# bad_flag = -9.990e-29
*END*
[from data line 206]
     36.828    10.6872   3.601147    32.2485        217     0.9000  0.000e+00
     37.057    10.6850   3.600705    32.2459        218     0.9042  0.000e+00
     37.279    10.6783   3.600551    32.2502        219     0.9083  0.000e+00
     37.498    10.6715   3.599955    32.2503        220     0.9125  0.000e+00
     37.703    10.6621   3.599071    32.2497        221     0.9167  0.000e+00
     37.902    10.6483   3.598981    32.2609        222     0.9208  0.000e+00
     38.094    10.6369   3.598738    32.2684        223     0.9250  0.000e+00
     38.282    10.6297   3.598174    32.2691        224     0.9292  0.000e+00
     38.459    10.6217   3.597105    32.2654        225     0.9333  0.000e+00
     38.641    10.6080   3.596554    32.2719        226     0.9375  0.000e+00
     38.812    10.5939   3.595452    32.2734        227     0.9417  0.000e+00
     38.987    10.5761   3.595408    32.2886        228     0.9458  0.000e+00
     39.164    10.5630   3.596004    32.3061        229     0.9500  0.000e+00
     39.339    10.5585   3.595671    32.3067        230     0.9542  0.000e+00
     39.529    10.5556   3.595696    32.3094        231     0.9583  0.000e+00
     39.716    10.5525   3.595101    32.3061        232     0.9625  0.000e+00
     39.922    10.5462   3.594723    32.3078        233     0.9667  0.000e+00
     40.127    10.5379   3.595165    32.3195        234     0.9708  0.000e+00
     40.340    10.5342   3.595056    32.3217        235     0.9750  0.000e+00
     40.564    10.5321   3.594173    32.3145        236     0.9792  0.000e+00
     40.785    10.5255   3.593731    32.3159        237     0.9833  0.000e+00
     41.011    10.5174   3.593597    32.3216        238     0.9875  0.000e+00
     41.235    10.5100   3.594282    32.3349        239     0.9917  0.000e+00
     41.457    10.5076   3.593731    32.3314        240     0.9958  0.000e+00
     41.668    10.5051   3.593181    32.3281        241     1.0000  0.000e+00
     41.871    10.4990   3.592605    32.3277        242     1.0042  0.000e+00
     42.062    10.4917   3.592323    32.3312        243     1.0083  0.000e+00
     42.246    10.4849   3.591132    32.3253        244     1.0125  0.000e+00
     42.428    10.4747   3.590115    32.3241        245     1.0167  0.000e+00
     42.603    10.4621   3.589718    32.3313        246     1.0208  0.000e+00
     42.770    10.4509   3.588969    32.3336        247     1.0250  0.000e+00
     42.945    10.4391   3.588598    32.3403        248     1.0292  0.000e+00
     43.121    10.4283   3.588688    32.3507        249     1.0333  0.000e+00
     43.300    10.4220   3.588554    32.3549        250     1.0375  0.000e+00
     43.492    10.4181   3.588573    32.3585        251     1.0417  0.000e+00
     43.688    10.4141   3.587869    32.3548        252     1.0458  0.000e+00
     43.887    10.4082   3.587741    32.3588        253     1.0500  0.000e+00
     44.098    10.4009   3.587761    32.3654        254     1.0542  0.000e+00
     44.317    10.3954   3.588375    32.3763        255     1.0583  0.000e+00
     44.539    10.3950   3.588906    32.3819        256     1.0625  0.000e+00
     44.768    10.3980   3.588094    32.3710        257     1.0667  0.000e+00
     45.001    10.3965   3.587543    32.3667        258     1.0708  0.000e+00
     45.236    10.3899   3.586462    32.3617        259     1.0750  0.000e+00
     45.463    10.3797   3.586021    32.3662        260     1.0792  0.000e+00
     45.694    10.3696   3.586066    32.3755        261     1.0833  0.000e+00
     45.924    10.3632   3.586002    32.3805        262     1.0875  0.000e+00
     46.139    10.3590   3.585036    32.3744        263     1.0917  0.000e+00
     46.351    10.3522   3.584179    32.3718        264     1.0958  0.000e+00
     46.546    10.3425   3.583360    32.3721        265     1.1000  0.000e+00
     46.743    10.3319   3.581167    32.3594        266     1.1042  0.000e+00
     46.934    10.3156   3.578948    32.3516        267     1.1083  0.000e+00
     47.124    10.2942   3.578769    32.3688        268     1.1125  0.000e+00
     47.306    10.2775   3.578117    32.3770        269     1.1167  0.000e+00
     47.480    10.2662   3.574954    32.3553        270     1.1208  0.000e+00
     47.660    10.2472   3.569172    32.3139        271     1.1250  0.000e+00
     47.842    10.2110   3.565150    32.3056        272     1.1292  0.000e+00
     48.031    10.1679   3.562897    32.3212        273     1.1333  0.000e+00
     48.211    10.1300   3.558272    32.3083        274     1.1375  0.000e+00
     48.401    10.0897   3.555396    32.3151        275     1.1417  0.000e+00
     48.586    10.0521   3.554440    32.3390        276     1.1458  0.000e+00
     48.781    10.0245   3.556615    32.3856        277     1.1500  0.000e+00
     48.974    10.0150   3.552809    32.3555        278     1.1542  0.000e+00
     49.177    10.0008   3.552936    32.3694        279     1.1583  0.000e+00
     49.381     9.9866   3.550259    32.3550        280     1.1625  0.000e+00
     49.590     9.9717   3.548934    32.3548        281     1.1667  0.000e+00
     49.805     9.9540   3.545768    32.3384        282     1.1708  0.000e+00
     50.026     9.9322   3.542571    32.3255        283     1.1750  0.000e+00
     50.246     9.9020   3.540776    32.3342        284     1.1792  0.000e+00
     50.470     9.8736   3.540382    32.3556        285     1.1833  0.000e+00
     50.694     9.8540   3.538479    32.3538        286     1.1875  0.000e+00
     50.922     9.8375   3.538110    32.3647        287     1.1917  0.000e+00
     51.137     9.8237   3.536424    32.3599        288     1.1958  0.000e+00
     51.355     9.8080   3.531856    32.3274        289     1.2000  0.000e+00
     51.565     9.7808   3.534134    32.3749        290     1.2042  0.000e+00
     51.761     9.7662   3.532722    32.3735        291     1.2083  0.000e+00
     51.958     9.7568   3.531208    32.3665        292     1.2125  0.000e+00
     52.139     9.7447   3.530973    32.3750        293     1.2167  0.000e+00
     52.317     9.7354   3.529912    32.3724        294     1.2208  0.000e+00
     52.489     9.7264   3.528939    32.3705        295     1.2250  0.000e+00
     52.659     9.7152   3.525036    32.3407        296     1.2292  0.000e+00
     52.825     9.6921   3.521796    32.3283        297     1.2333  0.000e+00
     52.989     9.6618   3.520729    32.3446        298     1.2375  0.000e+00
     53.155     9.6356   3.518316    32.3435        299     1.2417  0.000e+00
     53.328     9.6124   3.520145    32.3830        300     1.2458  0.000e+00
     53.512     9.6031   3.517453    32.3638        301     1.2500  0.000e+00
     53.720     9.5901   3.515199    32.3524        302     1.2542  0.000e+00
     53.926     9.5703   3.515841    32.3767        303     1.2583  0.000e+00
     54.140     9.5581   3.515047    32.3795        304     1.2625  0.000e+00
     54.369     9.5482   3.513245    32.3699        305     1.2667  0.000e+00
     54.604     9.5336   3.512687    32.3772        306     1.2708  0.000e+00
     54.846     9.5205   3.512687    32.3890        307     1.2750  0.000e+00
     55.093     9.5124   3.511228    32.3812        308     1.2792  0.000e+00
     55.341     9.5016   3.509534    32.3735        309     1.2833  0.000e+00
     55.582     9.4872   3.508690    32.3778        310     1.2875  0.000e+00
     55.823     9.4731   3.509211    32.3957        311     1.2917  0.000e+00
     56.051     9.4644   3.506357    32.3742        312     1.2958  0.000e+00
     56.272     9.4511   3.504771    32.3698        313     1.3000  0.000e+00
     56.476     9.4349   3.504797    32.3847        314     1.3042  0.000e+00
     56.673     9.4221   3.502629    32.3739        315     1.3083  0.000e+00
     56.857     9.4074   3.497775    32.3373        316     1.3125  0.000e+00
     57.033     9.3793   3.491157    32.2945        317     1.3167  0.000e+00
     57.196     9.3340   3.488784    32.3110        318     1.3208  0.000e+00
     57.354     9.2889   3.487664    32.3402        319     1.3250  0.000e+00
     57.508     9.2560   3.484298    32.3353        320     1.3292  0.000e+00
     57.659     9.2250   3.480390    32.3229        321     1.3333  0.000e+00
     57.810     9.1913   3.480587    32.3554        322     1.3375  0.000e+00
     57.957     9.1676   3.479708    32.3677        323     1.3417  0.000e+00
     58.124     9.1526   3.482472    32.4099        324     1.3458  0.000e+00
     58.297     9.1525   3.483895    32.4246        325     1.3500  0.000e+00
     58.480     9.1607   3.478488    32.3612        326     1.3542  0.000e+00
     58.675     9.1485   3.476782    32.3545        327     1.3583  0.000e+00
     58.872     9.1280   3.477673    32.3823        328     1.3625  0.000e+00
     59.089     9.1173   3.477882    32.3941        329     1.3667  0.000e+00
     59.316     9.1133   3.478287    32.4018        330     1.3708  0.000e+00
     59.554     9.1126   3.478097    32.4003        331     1.3750  0.000e+00
     59.797     9.1127   3.478034    32.3995        332     1.3792  0.000e+00
     60.037     9.1124   3.477547    32.3946        333     1.3833  0.000e+00
     60.293     9.1097   3.476675    32.3879        334     1.3875  0.000e+00
     60.539     9.1046   3.476100    32.3865        335     1.3917  0.000e+00
     60.788     9.0978   3.475955    32.3911        336     1.3958  0.000e+00
     61.037     9.0928   3.475342    32.3892        337     1.4000  0.000e+00
     61.274     9.0874   3.474426    32.3845        338     1.4042  0.000e+00
     61.507     9.0796   3.473687    32.3838        339     1.4083  0.000e+00
     61.727     9.0706   3.473283    32.3877        340     1.4125  0.000e+00
     61.935     9.0628   3.472998    32.3918        341     1.4167  0.000e+00
     62.131     9.0563   3.472500    32.3925        342     1.4208  0.000e+00
     62.306     9.0488   3.471843    32.3924        343     1.4250  0.000e+00
     62.477     9.0396   3.471192    32.3939        344     1.4292  0.000e+00
     62.643     9.0292   3.470719    32.3985        345     1.4333  0.000e+00
     62.791     9.0196   3.470340    32.4032        346     1.4375  0.000e+00
     62.939     9.0113   3.470340    32.4107        347     1.4417  0.000e+00
     63.087     9.0052   3.469986    32.4125        348     1.4458  0.000e+00
     63.237     8.9986   3.470024    32.4188        349     1.4500  0.000e+00
     63.394     8.9941   3.470277    32.4255        350     1.4542  0.000e+00
     63.566     8.9938   3.470770    32.4308        351     1.4583  0.000e+00
     63.743     8.9963   3.470808    32.4288        352     1.4625  0.000e+00
     63.931     8.9962   3.470233    32.4229        353     1.4667  0.000e+00
     64.128     8.9904   3.470530    32.4312        354     1.4708  0.000e+00
     64.345     8.9857   3.470303    32.4330        355     1.4750  0.000e+00
     64.567     8.9826   3.470935    32.4422        356     1.4792  0.000e+00
     64.793     8.9811   3.471358    32.4479        357     1.4833  0.000e+00
     65.028     8.9825   3.471371    32.4467        358     1.4875  0.000e+00
     65.262     8.9822   3.470808    32.4410        359     1.4917  0.000e+00
     65.504     8.9781   3.470783    32.4444        360     1.4958  0.000e+00
     65.746     8.9731   3.470278    32.4436        361     1.5000  0.000e+00
     65.973     8.9665   3.469786    32.4444        362     1.5042  0.000e+00
     66.197     8.9586   3.470001    32.4538        363     1.5083  0.000e+00
     66.413     8.9531   3.469110    32.4494        364     1.5125  0.000e+00
     66.622     8.9458   3.468940    32.4542        365     1.5167  0.000e+00
     66.815     8.9390   3.468037    32.4509        366     1.5208  0.000e+00
     67.010     8.9301   3.467418    32.4526        367     1.5250  0.000e+00
     67.195     8.9196   3.467248    32.4603        368     1.5292  0.000e+00
     67.375     8.9114   3.466996    32.4651        369     1.5333  0.000e+00
     67.555     8.9051   3.466724    32.4680        370     1.5375  0.000e+00
     67.733     8.8989   3.466365    32.4698        371     1.5417  0.000e+00
     67.912     8.8926   3.466295    32.4748        372     1.5458  0.000e+00
     68.097     8.8877   3.466239    32.4786        373     1.5500  0.000e+00
     68.290     8.8849   3.466807    32.4870        374     1.5542  0.000e+00
     68.489     8.8854   3.466763    32.4860        375     1.5583  0.000e+00
     68.698     8.8858   3.466618    32.4840        376     1.5625  0.000e+00
     68.911     8.8843   3.466681    32.4859        377     1.5667  0.000e+00
     69.128     8.8836   3.467022    32.4900        378     1.5708  0.000e+00
     69.351     8.8841   3.466984    32.4890        379     1.5750  0.000e+00
     69.576     8.8849   3.467294    32.4914        380     1.5792  0.000e+00
     69.807     8.8862   3.466896    32.4860        381     1.5833  0.000e+00
     70.020     8.8856   3.467338    32.4910        382     1.5875  0.000e+00
     70.230     8.8854   3.466410    32.4815        383     1.5917  0.000e+00
     70.436     8.8818   3.466385    32.4844        384     1.5958  0.000e+00
     70.622     8.8783   3.466139    32.4850        385     1.6000  0.000e+00
     70.812     8.8753   3.465728    32.4833        386     1.6042  0.000e+00
     70.991     8.8710   3.464883    32.4784        387     1.6083  0.000e+00
     71.161     8.8641   3.464296    32.4786        388     1.6125  0.000e+00
     71.323     8.8558   3.462491    32.4673        389     1.6167  0.000e+00
     71.495     8.8419   3.462056    32.4753        390     1.6208  0.000e+00
     71.663     8.8293   3.462308    32.4895        391     1.6250  0.000e+00
     71.840     8.8222   3.462069    32.4934        392     1.6292  0.000e+00
     72.023     8.8180   3.462750    32.5043        393     1.6333  0.000e+00
     72.212     8.8168   3.461021    32.4872        394     1.6375  0.000e+00
     72.414     8.8101   3.460801    32.4910        395     1.6417  0.000e+00
     72.627     8.8022   3.460662    32.4967        396     1.6458  0.000e+00
     72.847     8.7966   3.460871    32.5039        397     1.6500  0.000e+00
     73.073     8.7941   3.460404    32.5012        398     1.6542  0.000e+00
     73.308     8.7908   3.460473    32.5049        399     1.6583  0.000e+00
     73.542     8.7885   3.460221    32.5042        400     1.6625  0.000e+00
     73.781     8.7866   3.460070    32.5043        401     1.6667  0.000e+00
     74.014     8.7836   3.459868    32.5049        402     1.6708  0.000e+00
     74.238     8.7805   3.459395    32.5026        403     1.6750  0.000e+00
     74.460     8.7762   3.458045    32.4924        404     1.6792  0.000e+00
     74.680     8.7664   3.456652    32.4868        405     1.6833  0.000e+00
     74.884     8.7537   3.456128    32.4928        406     1.6875  0.000e+00
     75.077     8.7420   3.455202    32.4938        407     1.6917  0.000e+00
     75.271     8.7300   3.454010    32.4922        408     1.6958  0.000e+00
     75.451     8.7178   3.452970    32.4925        409     1.7000  0.000e+00
     75.629     8.7035   3.452441    32.5000        410     1.7042  0.000e+00
     75.799     8.6901   3.451420    32.5016        411     1.7083  0.000e+00
     75.961     8.6764   3.451055    32.5102        412     1.7125  0.000e+00
     76.122     8.6649   3.450570    32.5157        413     1.7167  0.000e+00
     76.288     8.6550   3.450627    32.5253        414     1.7208  0.000e+00
     76.458     8.6483   3.450929    32.5345        415     1.7250  0.000e+00
     76.630     8.6469   3.451478    32.5415        416     1.7292  0.000e+00
     76.806     8.6480   3.450822    32.5335        417     1.7333  0.000e+00
     76.999     8.6443   3.450533    32.5338        418     1.7375  0.000e+00
     77.201     8.6389   3.450445    32.5378        419     1.7417  0.000e+00
     77.413     8.6344   3.450867    32.5462        420     1.7458  0.000e+00
