HB2303/sbe104.cnv
* Sea-Bird SBE 19plus V2 Data File:
* FileName = C:\cruise\data\sbe104.hex
* Software Version Seasave V 7.26.7.121
* Temperature SN = 6128
* Conductivity SN = 6128
* System UpLoad Time = Aug 18 2023 12:29:04
* NMEA Latitude = 41 43.79 N
* NMEA Longitude = 065 47.32 W
* NMEA UTC (Time) = Aug 18 2023 12:29:00
** Ship: Henry Bigelow
** Cruise:  HB2303
** Program:  ECOMON
# nquan = 7
# nvalues = 1724                                  
# units = specified
# name 0 = depSM: Depth [salt water, m]
# name 1 = tv290C: Temperature [ITS-90, deg C]
# name 2 = c0S/m: Conductivity [S/m]
# name 3 = sal00: Salinity, Practical [PSU]
# name 4 = scan: Scan Count
# name 5 = timeM: Time, Elapsed [minutes]
# name 6 = flag:  0.000e+00
# span 0 =     -0.141,    151.644                 
# span 1 =     7.8509,    20.4406                 
# span 2 =   0.002815,   4.286939                 
# span 3 =     0.0207,    35.4261                 
# span 4 =         11,       1734                 
# span 5 =     0.0417,     7.2208                 
# span 6 = 0.0000e+00, 0.0000e+00                 
# interval = seconds: 0.25
# start_time = Aug 18 2023 12:29:00 [NMEA time, header]
# bad_flag = -9.990e-29
*END*
[from data line 821]
    145.687    10.2857   3.821665    34.7864        832     3.4625  0.000e+00
    145.704    10.2845   3.821705    34.7879        833     3.4667  0.000e+00
    145.718    10.2835   3.821258    34.7844        834     3.4708  0.000e+00
    145.756    10.2819   3.821449    34.7878        835     3.4750  0.000e+00
    145.805    10.2810   3.821527    34.7895        836     3.4792  0.000e+00
    145.888    10.2808   3.821114    34.7855        837     3.4833  0.000e+00
    145.992    10.2796   3.820832    34.7836        838     3.4875  0.000e+00
    146.135    10.2774   3.820235    34.7796        839     3.4917  0.000e+00
    146.306    10.2741   3.820084    34.7812        840     3.4958  0.000e+00
    146.510    10.2710   3.820018    34.7834        841     3.5000  0.000e+00
    146.745    10.2689   3.819926    34.7843        842     3.5042  0.000e+00
    147.009    10.2673   3.820176    34.7883        843     3.5083  0.000e+00
    147.289    10.2669   3.820924    34.7961        844     3.5125  0.000e+00
    147.589    10.2693   3.822185    34.8065        845     3.5167  0.000e+00
    147.901    10.2743   3.823301    34.8129        846     3.5208  0.000e+00
    148.212    10.2813   3.823747    34.8106        847     3.5250  0.000e+00
    148.527    10.2875   3.823419    34.8012        848     3.5292  0.000e+00
    148.834    10.2904   3.822868    34.7927        849     3.5333  0.000e+00
    149.123    10.2901   3.822776    34.7919        850     3.5375  0.000e+00
    149.401    10.2889   3.822638    34.7916        851     3.5417  0.000e+00
    149.655    10.2878   3.822592    34.7919        852     3.5458  0.000e+00
    149.881    10.2866   3.822441    34.7915        853     3.5500  0.000e+00
    150.088    10.2857   3.822277    34.7907        854     3.5542  0.000e+00
    150.273    10.2843   3.821732    34.7864        855     3.5583  0.000e+00
    150.367    10.2808   3.817966    34.7515        856     3.5625  0.000e+00
    150.458    10.2669   3.814738    34.7319        857     3.5667  0.000e+00
    150.515    10.2450   3.813046    34.7357        858     3.5708  0.000e+00
    150.582    10.2249   3.812679    34.7512        859     3.5750  0.000e+00
    150.648    10.2086   3.809624    34.7357        860     3.5792  0.000e+00
    150.704    10.1904   3.808661    34.7433        861     3.5833  0.000e+00
    150.740    10.1747   3.807782    34.7494        862     3.5875  0.000e+00
    150.773    10.1615   3.806918    34.7532        863     3.5917  0.000e+00
    150.811    10.1508   3.808773    34.7824        864     3.5958  0.000e+00
    150.894    10.1485   3.805850    34.7547        865     3.6000  0.000e+00
    151.024    10.1422   3.806518    34.7676        866     3.6042  0.000e+00
    151.179    10.1378   3.807101    34.7776        867     3.6083  0.000e+00
    151.295    10.1377   3.807488    34.7816        868     3.6125  0.000e+00
    151.338    10.1379   3.804061    34.7465        869     3.6167  0.000e+00
    151.376    10.1287   3.802364    34.7380        870     3.6208  0.000e+00
    151.417    10.1136   3.799817    34.7265        871     3.6250  0.000e+00
    151.441    10.0961   3.797898    34.7238        872     3.6292  0.000e+00
    151.475    10.0775   3.798095    34.7436        873     3.6333  0.000e+00
    151.524    10.0650   3.797761    34.7522        874     3.6375  0.000e+00
    151.581    10.0573   3.796589    34.7476        875     3.6417  0.000e+00
    151.618    10.0494   3.796504    34.7543        876     3.6458  0.000e+00
    151.635    10.0440   3.797061    34.7651        877     3.6500  0.000e+00
    151.643    10.0427   3.798547    34.7816        878     3.6542  0.000e+00
    151.644    10.0470   3.799602    34.7882        879     3.6583  0.000e+00
    151.631    10.0542   3.798482    34.7699        880     3.6625  0.000e+00
    151.611    10.0560   3.797696    34.7601        881     3.6667  0.000e+00
    151.573    10.0536   3.796891    34.7542        882     3.6708  0.000e+00
    151.528    10.0487   3.796256    34.7525        883     3.6750  0.000e+00
    151.470    10.0435   3.796171    34.7566        884     3.6792  0.000e+00
    151.412    10.0394   3.795673    34.7555        885     3.6833  0.000e+00
    151.349    10.0353   3.795477    34.7575        886     3.6875  0.000e+00
    151.277    10.0318   3.794776    34.7538        887     3.6917  0.000e+00
    151.194    10.0275   3.794155    34.7516        888     3.6958  0.000e+00
    151.098    10.0224   3.794259    34.7576        889     3.7000  0.000e+00
    151.013    10.0193   3.794200    34.7600        890     3.7042  0.000e+00
    150.928    10.0176   3.794233    34.7620        891     3.7083  0.000e+00
    150.854    10.0167   3.793971    34.7602        892     3.7125  0.000e+00
    150.790    10.0158   3.797316    34.7953        893     3.7167  0.000e+00
    150.738    10.0260   3.801756    34.8309        894     3.7208  0.000e+00
    150.694    10.0487   3.799464    34.7856        895     3.7250  0.000e+00
    150.669    10.0598   3.799221    34.7725        896     3.7292  0.000e+00
    150.669    10.0629   3.798756    34.7648        897     3.7333  0.000e+00
    150.679    10.0623   3.798121    34.7588        898     3.7375  0.000e+00
    150.711    10.0594   3.797296    34.7531        899     3.7417  0.000e+00
    150.758    10.0547   3.797198    34.7567        900     3.7458  0.000e+00
    150.803    10.0507   3.797061    34.7591        901     3.7500  0.000e+00
    150.857    10.0478   3.797381    34.7652        902     3.7542  0.000e+00
    150.908    10.0466   3.797224    34.7647        903     3.7583  0.000e+00
    150.929    10.0461   3.797336    34.7663        904     3.7625  0.000e+00
    150.941    10.0459   3.796681    34.7598        905     3.7667  0.000e+00
    150.934    10.0441   3.795856    34.7531        906     3.7708  0.000e+00
    150.901    10.0396   3.795856    34.7574        907     3.7750  0.000e+00
    150.850    10.0367   3.798796    34.7902        908     3.7792  0.000e+00
    150.785    10.0430   3.798449    34.7807        909     3.7833  0.000e+00
    150.709    10.0490   3.797460    34.7648        910     3.7875  0.000e+00
    150.626    10.0494   3.798769    34.7779        911     3.7917  0.000e+00
    150.530    10.0533   3.798566    34.7721        912     3.7958  0.000e+00
    150.445    10.0581   3.801192    34.7944        913     3.8000  0.000e+00
    150.362    10.0652   3.801179    34.7874        914     3.8042  0.000e+00
    150.307    10.0739   3.808931    34.8582        915     3.8083  0.000e+00
    150.300    10.1053   3.811448    34.8536        916     3.8125  0.000e+00
    150.296    10.1380   3.811382    34.8214        917     3.8167  0.000e+00
    150.279    10.1577   3.808726    34.7755        918     3.8208  0.000e+00
    150.261    10.1622   3.808097    34.7648        919     3.8250  0.000e+00
    150.245    10.1576   3.806118    34.7491        920     3.8292  0.000e+00
    150.237    10.1489   3.809867    34.7956        921     3.8333  0.000e+00
    150.230    10.1531   3.810365    34.7966        922     3.8375  0.000e+00
    150.203    10.1612   3.811545    34.8009        923     3.8417  0.000e+00
    150.172    10.1699   3.811021    34.7872        924     3.8458  0.000e+00
    150.134    10.1741   3.811663    34.7898        925     3.8500  0.000e+00
    150.090    10.1769   3.811853    34.7890        926     3.8542  0.000e+00
    150.036    10.1806   3.809631    34.7629        927     3.8583  0.000e+00
    149.956    10.1766   3.808700    34.7573        928     3.8625  0.000e+00
    149.855    10.1680   3.805475    34.7327        929     3.8667  0.000e+00
    149.732    10.1529   3.802946    34.7216        930     3.8708  0.000e+00
    149.603    10.1329   3.805993    34.7718        931     3.8750  0.000e+00
    149.464    10.1271   3.806721    34.7849        932     3.8792  0.000e+00
    149.308    10.1303   3.808523    34.8002        933     3.8833  0.000e+00
    149.135    10.1397   3.811290    34.8194        934     3.8875  0.000e+00
    148.970    10.1562   3.810267    34.7932        935     3.8917  0.000e+00
    148.816    10.1647   3.809086    34.7731        936     3.8958  0.000e+00
    148.679    10.1658   3.811571    34.7974        937     3.9000  0.000e+00
    148.531    10.1713   3.811446    34.7909        938     3.9042  0.000e+00
    148.402    10.1770   3.809348    34.7642        939     3.9083  0.000e+00
    148.290    10.1761   3.814876    34.8214        940     3.9125  0.000e+00
    148.181    10.1879   3.816306    34.8246        941     3.9167  0.000e+00
    148.071    10.2035   3.811964    34.7655        942     3.9208  0.000e+00
    147.946    10.2017   3.810010    34.7475        943     3.9250  0.000e+00
    147.816    10.1909   3.810207    34.7598        944     3.9292  0.000e+00
    147.671    10.1831   3.811898    34.7846        945     3.9333  0.000e+00
    147.510    10.1838   3.813367    34.7989        946     3.9375  0.000e+00
    147.335    10.1917   3.817447    34.8330        947     3.9417  0.000e+00
    147.141    10.2091   3.817913    34.8211        948     3.9458  0.000e+00
    146.925    10.2251   3.820833    34.8355        949     3.9500  0.000e+00
    146.703    10.2426   3.823202    34.8429        950     3.9542  0.000e+00
    146.481    10.2626   3.823274    34.8245        951     3.9583  0.000e+00
    146.246    10.2772   3.823773    34.8157        952     3.9625  0.000e+00
    146.007    10.2860   3.823182    34.8014        953     3.9667  0.000e+00
    145.775    10.2909   3.824889    34.8141        954     3.9708  0.000e+00
    145.547    10.2968   3.823792    34.7975        955     3.9750  0.000e+00
    145.339    10.2994   3.825079    34.8081        956     3.9792  0.000e+00
    145.136    10.3032   3.825197    34.8057        957     3.9833  0.000e+00
    144.950    10.3070   3.825328    34.8035        958     3.9875  0.000e+00
    144.778    10.3095   3.825032    34.7982        959     3.9917  0.000e+00
    144.612    10.3104   3.825144    34.7986        960     3.9958  0.000e+00
    144.458    10.3108   3.825006    34.7968        961     4.0000  0.000e+00
    144.286    10.3106   3.825170    34.7988        962     4.0042  0.000e+00
    144.132    10.3109   3.825032    34.7971        963     4.0083  0.000e+00
    143.984    10.3110   3.825012    34.7969        964     4.0125  0.000e+00
    143.833    10.3108   3.825124    34.7983        965     4.0167  0.000e+00
    143.700    10.3110   3.824625    34.7931        966     4.0208  0.000e+00
    143.553    10.3101   3.823180    34.7794        967     4.0250  0.000e+00
    143.392    10.3059   3.822990    34.7816        968     4.0292  0.000e+00
    143.220    10.3017   3.823358    34.7894        969     4.0333  0.000e+00
    143.054    10.2997   3.818409    34.7412        970     4.0375  0.000e+00
    142.873    10.2889   3.817871    34.7461        971     4.0417  0.000e+00
    142.683    10.2776   3.818265    34.7610        972     4.0458  0.000e+00
    142.462    10.2709   3.818619    34.7712        973     4.0500  0.000e+00
    142.224    10.2685   3.818671    34.7741        974     4.0542  0.000e+00
    141.972    10.2679   3.818323    34.7713        975     4.0583  0.000e+00
    141.712    10.2671   3.820043    34.7896        976     4.0625  0.000e+00
    141.441    10.2698   3.820285    34.7896        977     4.0667  0.000e+00
    141.155    10.2737   3.819990    34.7830        978     4.0708  0.000e+00
    140.878    10.2755   3.819996    34.7814        979     4.0750  0.000e+00
    140.594    10.2762   3.818979    34.7706        980     4.0792  0.000e+00
    140.327    10.2745   3.816630    34.7485        981     4.0833  0.000e+00
    140.079    10.2669   3.814826    34.7375        982     4.0875  0.000e+00
    139.829    10.2571   3.813600    34.7346        983     4.0917  0.000e+00
    139.599    10.2471   3.813114    34.7393        984     4.0958  0.000e+00
    139.397    10.2389   3.809534    34.7109        985     4.1000  0.000e+00
    139.207    10.2277   3.809803    34.7244        986     4.1042  0.000e+00
    139.030    10.2189   3.810832    34.7434        987     4.1083  0.000e+00
    138.854    10.2162   3.810183    34.7395        988     4.1125  0.000e+00
    138.693    10.2139   3.809108    34.7309        989     4.1167  0.000e+00
    138.532    10.2101   3.810046    34.7441        990     4.1208  0.000e+00
    138.380    10.2092   3.810904    34.7537        991     4.1250  0.000e+00
    138.238    10.2115   3.809259    34.7348        992     4.1292  0.000e+00
    138.089    10.2090   3.806198    34.7062        993     4.1333  0.000e+00
    137.928    10.1989   3.802647    34.6798        994     4.1375  0.000e+00
    137.772    10.1845   3.803721    34.7046        995     4.1417  0.000e+00
    137.608    10.1748   3.804875    34.7257        996     4.1458  0.000e+00
    137.436    10.1737   3.806860    34.7471        997     4.1500  0.000e+00
    137.257    10.1763   3.801435    34.6895        998     4.1542  0.000e+00
    137.063    10.1700   3.801435    34.6956        999     4.1583  0.000e+00
    136.857    10.1611   3.801658    34.7065       1000     4.1625  0.000e+00
    136.644    10.1576   3.805117    34.7451       1001     4.1667  0.000e+00
    136.432    10.1623   3.800872    34.6975       1002     4.1708  0.000e+00
    136.206    10.1582   3.797499    34.6672       1003     4.1750  0.000e+00
    135.978    10.1448   3.795601    34.6608       1004     4.1792  0.000e+00
    135.733    10.1285   3.785885    34.5776       1005     4.1833  0.000e+00
    135.496    10.0967   3.783878    34.5876       1006     4.1875  0.000e+00
    135.255    10.0674   3.784460    34.6217       1007     4.1917  0.000e+00
    135.018    10.0501   3.785199    34.6459       1008     4.1958  0.000e+00
    134.781    10.0426   3.785068    34.6519       1009     4.2000  0.000e+00
    134.541    10.0392   3.788822    34.6935       1010     4.2042  0.000e+00
    134.306    10.0438   3.784480    34.6449       1011     4.2083  0.000e+00
    134.074    10.0420   3.781623    34.6176       1012     4.2125  0.000e+00
    133.844    10.0314   3.781270    34.6243       1013     4.2167  0.000e+00
    133.618    10.0217   3.781035    34.6313       1014     4.2208  0.000e+00
    133.383    10.0146   3.778774    34.6151       1015     4.2250  0.000e+00
    133.164    10.0058   3.780447    34.6407       1016     4.2292  0.000e+00
    132.944    10.0032   3.780401    34.6429       1017     4.2333  0.000e+00
    132.730    10.0024   3.778369    34.6229       1018     4.2375  0.000e+00
    132.519     9.9974   3.778506    34.6292       1019     4.2417  0.000e+00
    132.305     9.9930   3.777852    34.6268       1020     4.2458  0.000e+00
    132.097     9.9895   3.776160    34.6130       1021     4.2500  0.000e+00
    131.892     9.9834   3.775723    34.6145       1022     4.2542  0.000e+00
    131.695     9.9772   3.777408    34.6377       1023     4.2583  0.000e+00
    131.496     9.9773   3.778728    34.6512       1024     4.2625  0.000e+00
    131.310     9.9822   3.778270    34.6419       1025     4.2667  0.000e+00
    131.129     9.9843   3.774625    34.6028       1026     4.2708  0.000e+00
    130.955     9.9771   3.773404    34.5972       1027     4.2750  0.000e+00
    130.776     9.9669   3.770067    34.5730       1028     4.2792  0.000e+00
    130.614     9.9527   3.770041    34.5864       1029     4.2833  0.000e+00
    130.446     9.9425   3.772451    34.6208       1030     4.2875  0.000e+00
    130.283     9.9414   3.771177    34.6090       1031     4.2917  0.000e+00
    130.118     9.9406   3.769904    34.5968       1032     4.2958  0.000e+00
    129.950     9.9362   3.770218    34.6043       1033     4.3000  0.000e+00
    129.789     9.9336   3.770511    34.6099       1034     4.3042  0.000e+00
    129.624     9.9325   3.770309    34.6090       1035     4.3083  0.000e+00
