HB2303/sbe122.cnv
* Sea-Bird SBE 19plus V2 Data File:
* FileName = C:\cruise\data\sbe122.hex
* Software Version Seasave V 7.26.7.121
* Temperature SN = 6128
* Conductivity SN = 6128
* System UpLoad Time = Aug 20 2023 04:09:14
* NMEA Latitude = 43 13.34 N
* NMEA Longitude = 067 07.02 W
* NMEA UTC (Time) = Aug 20 2023 04:09:10
** Ship: Henry Bigelow
** Cruise:  HB2303
** Program:  ECOMON
# nquan = 7
# nvalues = 4473                                  
# units = specified
# name 0 = depSM: Depth [salt water, m]
# name 1 = tv290C: Temperature [ITS-90, deg C]
# name 2 = c0S/m: Conductivity [S/m]
# name 3 = sal00: Salinity, Practical [PSU]
# name 4 = scan: Scan Count
# name 5 = timeM: Time, Elapsed [minutes]
# name 6 = flag:  0.000e+00
# span 0 =      0.029,    193.647                 
# span 1 =     8.2196,    17.4554                 
# span 2 =   0.000559,   4.170430                 
# span 3 =     0.0103,    34.4051                 
# span 4 =         11,       4483                 
# span 5 =     0.0417,    18.6750                 
# span 6 = 0.0000e+00, 0.0000e+00                 
# interval = seconds: 0.25
# start_time = Aug 20 2023 04:09:10 [NMEA time, header]
# bad_flag = -9.990e-29
*END*
[from data line 2052]
    124.396     8.5270   3.577372    33.9558       2063     8.5917  0.000e+00
    124.364     8.5268   3.577372    33.9560       2064     8.5958  0.000e+00
    124.353     8.5270   3.577372    33.9558       2065     8.6000  0.000e+00
    124.341     8.5267   3.577346    33.9558       2066     8.6042  0.000e+00
    124.350     8.5267   3.577416    33.9566       2067     8.6083  0.000e+00
    124.359     8.5266   3.577391    33.9564       2068     8.6125  0.000e+00
    124.366     8.5268   3.577372    33.9560       2069     8.6167  0.000e+00
    124.362     8.5268   3.577391    33.9562       2070     8.6208  0.000e+00
    124.359     8.5267   3.577372    33.9561       2071     8.6250  0.000e+00
    124.330     8.5267   3.577416    33.9566       2072     8.6292  0.000e+00
    124.275     8.5267   3.577391    33.9563       2073     8.6333  0.000e+00
    124.190     8.5269   3.577435    33.9566       2074     8.6375  0.000e+00
    124.078     8.5268   3.577372    33.9561       2075     8.6417  0.000e+00
    123.953     8.5266   3.577327    33.9559       2076     8.6458  0.000e+00
    123.810     8.5265   3.577327    33.9561       2077     8.6500  0.000e+00
    123.657     8.5266   3.577301    33.9557       2078     8.6542  0.000e+00
    123.487     8.5265   3.577263    33.9555       2079     8.6583  0.000e+00
    123.329     8.5265   3.577263    33.9556       2080     8.6625  0.000e+00
    123.160     8.5266   3.577282    33.9558       2081     8.6667  0.000e+00
    123.010     8.5268   3.577288    33.9557       2082     8.6708  0.000e+00
    122.867     8.5271   3.577237    33.9550       2083     8.6750  0.000e+00
    122.736     8.5271   3.577237    33.9550       2084     8.6792  0.000e+00
    122.628     8.5274   3.577218    33.9547       2085     8.6833  0.000e+00
    122.519     8.5272   3.577237    33.9551       2086     8.6875  0.000e+00
    122.427     8.5273   3.577237    33.9550       2087     8.6917  0.000e+00
    122.354     8.5273   3.577218    33.9548       2088     8.6958  0.000e+00
    122.298     8.5272   3.577147    33.9542       2089     8.7000  0.000e+00
    122.245     8.5271   3.577147    33.9544       2090     8.7042  0.000e+00
    122.206     8.5271   3.577192    33.9549       2091     8.7083  0.000e+00
    122.166     8.5269   3.577173    33.9548       2092     8.7125  0.000e+00
    122.130     8.5269   3.577147    33.9546       2093     8.7167  0.000e+00
    122.097     8.5268   3.577064    33.9538       2094     8.7208  0.000e+00
    122.057     8.5265   3.577019    33.9536       2095     8.7250  0.000e+00
    122.014     8.5264   3.576955    33.9531       2096     8.7292  0.000e+00
    121.963     8.5261   3.576930    33.9531       2097     8.7333  0.000e+00
    121.905     8.5260   3.576930    33.9533       2098     8.7375  0.000e+00
    121.840     8.5258   3.576866    33.9528       2099     8.7417  0.000e+00
    121.764     8.5257   3.576712    33.9513       2100     8.7458  0.000e+00
    121.690     8.5254   3.576687    33.9513       2101     8.7500  0.000e+00
    121.608     8.5250   3.576604    33.9509       2102     8.7542  0.000e+00
    121.523     8.5248   3.576668    33.9518       2103     8.7583  0.000e+00
    121.442     8.5246   3.576361    33.9489       2104     8.7625  0.000e+00
    121.357     8.5243   3.576361    33.9492       2105     8.7667  0.000e+00
    121.270     8.5237   3.576207    33.9481       2106     8.7708  0.000e+00
    121.194     8.5233   3.576226    33.9488       2107     8.7750  0.000e+00
    121.124     8.5231   3.575856    33.9451       2108     8.7792  0.000e+00
    121.058     8.5224   3.575792    33.9452       2109     8.7833  0.000e+00
    120.995     8.5216   3.575856    33.9465       2110     8.7875  0.000e+00
    120.930     8.5213   3.575702    33.9452       2111     8.7917  0.000e+00
    120.874     8.5210   3.575351    33.9419       2112     8.7958  0.000e+00
    120.803     8.5202   3.575440    33.9436       2113     8.8000  0.000e+00
    120.736     8.5198   3.575568    33.9454       2114     8.8042  0.000e+00
    120.664     8.5196   3.575306    33.9428       2115     8.8083  0.000e+00
    120.577     8.5194   3.575261    33.9426       2116     8.8125  0.000e+00
    120.487     8.5190   3.575306    33.9436       2117     8.8167  0.000e+00
    120.382     8.5188   3.575287    33.9436       2118     8.8208  0.000e+00
    120.275     8.5187   3.575197    33.9427       2119     8.8250  0.000e+00
    120.167     8.5184   3.575216    33.9433       2120     8.8292  0.000e+00
    120.057     8.5184   3.575133    33.9424       2121     8.8333  0.000e+00
    119.939     8.5184   3.575108    33.9422       2122     8.8375  0.000e+00
    119.818     8.5185   3.575088    33.9420       2123     8.8417  0.000e+00
    119.700     8.5184   3.574999    33.9413       2124     8.8458  0.000e+00
    119.586     8.5184   3.575044    33.9418       2125     8.8500  0.000e+00
    119.485     8.5182   3.574999    33.9415       2126     8.8542  0.000e+00
    119.384     8.5182   3.574909    33.9406       2127     8.8583  0.000e+00
    119.279     8.5183   3.574871    33.9402       2128     8.8625  0.000e+00
    119.194     8.5181   3.574826    33.9400       2129     8.8667  0.000e+00
    119.118     8.5179   3.574781    33.9396       2130     8.8708  0.000e+00
    119.040     8.5179   3.574692    33.9388       2131     8.8750  0.000e+00
    118.973     8.5177   3.574602    33.9381       2132     8.8792  0.000e+00
    118.919     8.5176   3.574756    33.9398       2133     8.8833  0.000e+00
    118.861     8.5174   3.574692    33.9393       2134     8.8875  0.000e+00
    118.817     8.5174   3.574647    33.9389       2135     8.8917  0.000e+00
    118.783     8.5171   3.574673    33.9394       2136     8.8958  0.000e+00
    118.732     8.5172   3.574519    33.9377       2137     8.9000  0.000e+00
    118.692     8.5170   3.574385    33.9366       2138     8.9042  0.000e+00
    118.654     8.5168   3.574385    33.9368       2139     8.9083  0.000e+00
    118.619     8.5165   3.574321    33.9364       2140     8.9125  0.000e+00
    118.581     8.5162   3.574327    33.9368       2141     8.9167  0.000e+00
    118.546     8.5161   3.574366    33.9373       2142     8.9208  0.000e+00
    118.510     8.5159   3.574366    33.9375       2143     8.9250  0.000e+00
    118.481     8.5160   3.574295    33.9367       2144     8.9292  0.000e+00
    118.445     8.5158   3.574251    33.9364       2145     8.9333  0.000e+00
    118.405     8.5159   3.574276    33.9366       2146     8.9375  0.000e+00
    118.367     8.5159   3.574212    33.9360       2147     8.9417  0.000e+00
    118.311     8.5157   3.574142    33.9354       2148     8.9458  0.000e+00
    118.235     8.5156   3.574078    33.9349       2149     8.9500  0.000e+00
    118.139     8.5154   3.574033    33.9346       2150     8.9542  0.000e+00
    118.026     8.5153   3.574059    33.9350       2151     8.9583  0.000e+00
    117.905     8.5154   3.574033    33.9348       2152     8.9625  0.000e+00
    117.757     8.5152   3.573835    33.9329       2153     8.9667  0.000e+00
    117.602     8.5150   3.573509    33.9297       2154     8.9708  0.000e+00
    117.442     8.5144   3.573266    33.9278       2155     8.9750  0.000e+00
    117.284     8.5137   3.572653    33.9221       2156     8.9792  0.000e+00
    117.121     8.5124   3.572410    33.9209       2157     8.9833  0.000e+00
    116.960     8.5109   3.571976    33.9178       2158     8.9875  0.000e+00
    116.820     8.5095   3.571797    33.9173       2159     8.9917  0.000e+00
    116.694     8.5080   3.571605    33.9168       2160     8.9958  0.000e+00
    116.584     8.5066   3.571318    33.9151       2161     9.0000  0.000e+00
    116.497     8.5056   3.571209    33.9150       2162     9.0042  0.000e+00
    116.412     8.5043   3.571209    33.9163       2163     9.0083  0.000e+00
    116.352     8.5036   3.571164    33.9165       2164     9.0125  0.000e+00
    116.310     8.5033   3.571145    33.9167       2165     9.0167  0.000e+00
    116.287     8.5030   3.570966    33.9151       2166     9.0208  0.000e+00
    116.285     8.5023   3.570551    33.9113       2167     9.0250  0.000e+00
    116.276     8.5014   3.570570    33.9124       2168     9.0292  0.000e+00
    116.280     8.5008   3.570615    33.9134       2169     9.0333  0.000e+00
    116.288     8.5003   3.570660    33.9144       2170     9.0375  0.000e+00
    116.294     8.5002   3.570704    33.9149       2171     9.0417  0.000e+00
    116.299     8.5005   3.570966    33.9175       2172     9.0458  0.000e+00
    116.297     8.5010   3.570921    33.9165       2173     9.0500  0.000e+00
    116.286     8.5012   3.570723    33.9142       2174     9.0542  0.000e+00
    116.248     8.5010   3.570487    33.9119       2175     9.0583  0.000e+00
    116.197     8.5005   3.570398    33.9115       2176     9.0625  0.000e+00
    116.108     8.4997   3.570417    33.9125       2177     9.0667  0.000e+00
    116.018     8.4995   3.570200    33.9104       2178     9.0708  0.000e+00
    115.904     8.4989   3.570002    33.9090       2179     9.0750  0.000e+00
    115.779     8.4983   3.569784    33.9074       2180     9.0792  0.000e+00
    115.649     8.4976   3.569720    33.9074       2181     9.0833  0.000e+00
    115.502     8.4969   3.569369    33.9044       2182     9.0875  0.000e+00
    115.365     8.4961   3.568469    33.8958       2183     9.0917  0.000e+00
    115.221     8.4943   3.568034    33.8929       2184     9.0958  0.000e+00
    115.096     8.4924   3.568079    33.8953       2185     9.1000  0.000e+00
    114.962     8.4912   3.568200    33.8977       2186     9.1042  0.000e+00
    114.852     8.4906   3.568187    33.8982       2187     9.1083  0.000e+00
    114.747     8.4906   3.568494    33.9015       2188     9.1125  0.000e+00
    114.654     8.4908   3.568539    33.9019       2189     9.1167  0.000e+00
    114.573     8.4911   3.568539    33.9017       2190     9.1208  0.000e+00
    114.492     8.4912   3.568468    33.9009       2191     9.1250  0.000e+00
    114.426     8.4913   3.568539    33.9015       2192     9.1292  0.000e+00
    114.359     8.4914   3.568143    33.8973       2193     9.1333  0.000e+00
    114.299     8.4909   3.567376    33.8897       2194     9.1375  0.000e+00
    114.243     8.4896   3.567249    33.8896       2195     9.1417  0.000e+00
    114.180     8.4883   3.567312    33.8916       2196     9.1458  0.000e+00
    114.111     8.4875   3.567293    33.8922       2197     9.1500  0.000e+00
    114.035     8.4873   3.567249    33.8920       2198     9.1542  0.000e+00
    113.939     8.4870   3.567204    33.8918       2199     9.1583  0.000e+00
    113.845     8.4869   3.567223    33.8921       2200     9.1625  0.000e+00
    113.729     8.4866   3.567050    33.8906       2201     9.1667  0.000e+00
    113.601     8.4864   3.566942    33.8897       2202     9.1708  0.000e+00
    113.486     8.4861   3.566833    33.8889       2203     9.1750  0.000e+00
    113.366     8.4858   3.566284    33.8835       2204     9.1792  0.000e+00
    113.252     8.4848   3.565001    33.8710       2205     9.1833  0.000e+00
    113.149     8.4828   3.564733    33.8701       2206     9.1875  0.000e+00
    113.056     8.4808   3.564733    33.8721       2207     9.1917  0.000e+00
    112.986     8.4797   3.564535    33.8710       2208     9.1958  0.000e+00
    112.925     8.4788   3.564471    33.8713       2209     9.2000  0.000e+00
    112.867     8.4782   3.564165    33.8687       2210     9.2042  0.000e+00
    112.834     8.4774   3.564011    33.8677       2211     9.2083  0.000e+00
    112.809     8.4766   3.564011    33.8685       2212     9.2125  0.000e+00
    112.793     8.4763   3.563992    33.8687       2213     9.2167  0.000e+00
    112.774     8.4759   3.563967    33.8688       2214     9.2208  0.000e+00
    112.754     8.4757   3.563967    33.8690       2215     9.2250  0.000e+00
    112.729     8.4757   3.563922    33.8686       2216     9.2292  0.000e+00
    112.686     8.4755   3.563903    33.8685       2217     9.2333  0.000e+00
    112.639     8.4753   3.563922    33.8689       2218     9.2375  0.000e+00
    112.572     8.4752   3.563858    33.8684       2219     9.2417  0.000e+00
    112.493     8.4754   3.563839    33.8681       2220     9.2458  0.000e+00
    112.403     8.4752   3.563782    33.8676       2221     9.2500  0.000e+00
    112.307     8.4751   3.563750    33.8675       2222     9.2542  0.000e+00
    112.200     8.4749   3.563705    33.8672       2223     9.2583  0.000e+00
    112.090     8.4747   3.563596    33.8663       2224     9.2625  0.000e+00
    111.961     8.4745   3.563156    33.8620       2225     9.2667  0.000e+00
    111.840     8.4737   3.562045    33.8510       2226     9.2708  0.000e+00
    111.690     8.4717   3.561197    33.8441       2227     9.2750  0.000e+00
    111.545     8.4689   3.560584    33.8403       2228     9.2792  0.000e+00
    111.395     8.4661   3.560297    33.8400       2229     9.2833  0.000e+00
    111.249     8.4641   3.560035    33.8393       2230     9.2875  0.000e+00
    111.101     8.4623   3.559576    33.8362       2231     9.2917  0.000e+00
    110.969     8.4608   3.559231    33.8341       2232     9.2958  0.000e+00
    110.824     8.4594   3.558861    33.8316       2233     9.3000  0.000e+00
    110.710     8.4579   3.558421    33.8284       2234     9.3042  0.000e+00
    110.602     8.4563   3.558096    33.8265       2235     9.3083  0.000e+00
    110.505     8.4549   3.557987    33.8268       2236     9.3125  0.000e+00
    110.433     8.4536   3.557987    33.8281       2237     9.3167  0.000e+00
    110.375     8.4530   3.557700    33.8256       2238     9.3208  0.000e+00
    110.339     8.4522   3.557330    33.8225       2239     9.3250  0.000e+00
    110.323     8.4512   3.557267    33.8228       2240     9.3292  0.000e+00
    110.328     8.4504   3.557375    33.8247       2241     9.3333  0.000e+00
    110.337     8.4500   3.557222    33.8235       2242     9.3375  0.000e+00
    110.344     8.4495   3.557094    33.8226       2243     9.3417  0.000e+00
    110.366     8.4492   3.556769    33.8195       2244     9.3458  0.000e+00
    110.375     8.4486   3.556986    33.8223       2245     9.3500  0.000e+00
    110.378     8.4483   3.557222    33.8251       2246     9.3542  0.000e+00
    110.369     8.4486   3.557177    33.8243       2247     9.3583  0.000e+00
    110.342     8.4486   3.557094    33.8234       2248     9.3625  0.000e+00
    110.296     8.4487   3.556508    33.8172       2249     9.3667  0.000e+00
    110.231     8.4478   3.556310    33.8160       2250     9.3708  0.000e+00
    110.153     8.4468   3.556068    33.8144       2251     9.3750  0.000e+00
    110.055     8.4458   3.555742    33.8120       2252     9.3792  0.000e+00
    109.951     8.4447   3.555085    33.8061       2253     9.3833  0.000e+00
    109.833     8.4432   3.554308    33.7994       2254     9.3875  0.000e+00
    109.705     8.4411   3.554001    33.7983       2255     9.3917  0.000e+00
    109.573     8.4391   3.553217    33.7919       2256     9.3958  0.000e+00
    109.441     8.4369   3.552261    33.7840       2257     9.4000  0.000e+00
    109.297     8.4340   3.551930    33.7834       2258     9.4042  0.000e+00
    109.163     8.4312   3.551585    33.7824       2259     9.4083  0.000e+00
    109.032     8.4289   3.551343    33.7821       2260     9.4125  0.000e+00
    108.912     8.4268   3.551235    33.7830       2261     9.4167  0.000e+00
    108.795     8.4253   3.551190    33.7840       2262     9.4208  0.000e+00
    108.701     8.4244   3.550737    33.7802       2263     9.4250  0.000e+00
    108.617     8.4229   3.550667    33.7809       2264     9.4292  0.000e+00
    108.547     8.4216   3.550604    33.7816       2265     9.4333  0.000e+00
    108.491     8.4207   3.550540    33.7818       2266     9.4375  0.000e+00
