HB2303/sbe134.cnv
* Sea-Bird SBE 19plus V2 Data File:
* FileName = C:\cruise\data\sbe134.hex
* Software Version Seasave V 7.26.7.121
* Temperature SN = 6128
* Conductivity SN = 6128
* System UpLoad Time = Aug 21 2023 12:20:38
* NMEA Latitude = 43 37.33 N
* NMEA Longitude = 069 12.26 W
* NMEA UTC (Time) = Aug 21 2023 12:20:34
** Ship: Henry Bigelow
** Cruise:  HB2303
** Program:  ECOMON
# nquan = 7
# nvalues = 3715                                  
# units = specified
# name 0 = depSM: Depth [salt water, m]
# name 1 = tv290C: Temperature [ITS-90, deg C]
# name 2 = c0S/m: Conductivity [S/m]
# name 3 = sal00: Salinity, Practical [PSU]
# name 4 = scan: Scan Count
# name 5 = timeM: Time, Elapsed [minutes]
# name 6 = flag:  0.000e+00
# span 0 =     -0.218,    146.916                 
# span 1 =     6.9147,    18.4979                 
# span 2 =   0.001757,   4.051636                 
# span 3 =     0.0157,    32.8198                 
# span 4 =         11,       3725                 
# span 5 =     0.0417,    15.5167                 
# span 6 = 0.0000e+00, 0.0000e+00                 
# interval = seconds: 0.25
# start_time = Aug 21 2023 12:20:34 [NMEA time, header]
# bad_flag = -9.990e-29
*END*
[from data line 3488]
      9.326    15.2203   3.918515    31.4389       3499    14.5750  0.000e+00
      9.265    15.2945   3.918978    31.3837       3500    14.5792  0.000e+00
      9.211    15.3462   3.919720    31.3491       3501    14.5833  0.000e+00
      9.160    15.3831   3.922399    31.3435       3502    14.5875  0.000e+00
      9.097    15.4257   3.923287    31.3174       3503    14.5917  0.000e+00
      9.043    15.4635   3.923731    31.2914       3504    14.5958  0.000e+00
      8.981    15.4881   3.923963    31.2739       3505    14.6000  0.000e+00
      8.921    15.5035   3.924686    31.2681       3506    14.6042  0.000e+00
      8.862    15.5158   3.926013    31.2702       3507    14.6083  0.000e+00
      8.802    15.5335   3.926716    31.2624       3508    14.6125  0.000e+00
      8.750    15.5588   3.927393    31.2483       3509    14.6167  0.000e+00
      8.692    15.5875   3.928116    31.2320       3510    14.6208  0.000e+00
      8.645    15.6189   3.928580    31.2113       3511    14.6250  0.000e+00
      8.601    15.6449   3.928653    31.1914       3512    14.6292  0.000e+00
      8.553    15.6629   3.928653    31.1772       3513    14.6333  0.000e+00
      8.511    15.6748   3.928666    31.1679       3514    14.6375  0.000e+00
      8.467    15.6831   3.928393    31.1590       3515    14.6417  0.000e+00
      8.426    15.6906   3.927690    31.1469       3516    14.6458  0.000e+00
      8.382    15.7025   3.927411    31.1351       3517    14.6500  0.000e+00
      8.342    15.7150   3.926920    31.1209       3518    14.6542  0.000e+00
      8.299    15.7258   3.926488    31.1086       3519    14.6583  0.000e+00
      8.258    15.7340   3.925824    31.0963       3520    14.6625  0.000e+00
      8.215    15.7398   3.925473    31.0887       3521    14.6667  0.000e+00
      8.162    15.7437   3.925101    31.0824       3522    14.6708  0.000e+00
      8.115    15.7463   3.925008    31.0794       3523    14.6750  0.000e+00
      8.061    15.7475   3.924669    31.0755       3524    14.6792  0.000e+00
      8.014    15.7482   3.924258    31.0714       3525    14.6833  0.000e+00
      7.962    15.7504   3.924377    31.0708       3526    14.6875  0.000e+00
      7.904    15.7530   3.924285    31.0679       3527    14.6917  0.000e+00
      7.861    15.7556   3.924185    31.0650       3528    14.6958  0.000e+00
      7.816    15.7601   3.923236    31.0532       3529    14.7000  0.000e+00
      7.767    15.7700   3.922699    31.0407       3530    14.7042  0.000e+00
      7.720    15.7790   3.922513    31.0319       3531    14.7083  0.000e+00
      7.680    15.7853   3.922300    31.0252       3532    14.7125  0.000e+00
      7.634    15.7915   3.922201    31.0195       3533    14.7167  0.000e+00
      7.596    15.8000   3.922207    31.0128       3534    14.7208  0.000e+00
      7.551    15.8105   3.922327    31.0057       3535    14.7250  0.000e+00
      7.511    15.8224   3.922930    31.0017       3536    14.7292  0.000e+00
      7.469    15.8395   3.923912    30.9969       3537    14.7333  0.000e+00
      7.420    15.8609   3.924655    30.9868       3538    14.7375  0.000e+00
      7.369    15.8813   3.925331    30.9767       3539    14.7417  0.000e+00
      7.328    15.8993   3.926240    30.9707       3540    14.7458  0.000e+00
      7.277    15.9167   3.927056    30.9643       3541    14.7500  0.000e+00
      7.228    15.9323   3.927607    30.9570       3542    14.7542  0.000e+00
      7.186    15.9457   3.928111    30.9510       3543    14.7583  0.000e+00
      7.147    15.9564   3.928555    30.9465       3544    14.7625  0.000e+00
      7.114    15.9648   3.929113    30.9448       3545    14.7667  0.000e+00
      7.090    15.9725   3.929577    30.9429       3546    14.7708  0.000e+00
      7.060    15.9796   3.929916    30.9404       3547    14.7750  0.000e+00
      7.036    15.9856   3.930161    30.9379       3548    14.7792  0.000e+00
      7.012    15.9908   3.930513    30.9369       3549    14.7833  0.000e+00
      6.984    15.9953   3.931031    30.9379       3550    14.7875  0.000e+00
      6.953    16.0001   3.931569    30.9389       3551    14.7917  0.000e+00
      6.920    16.0060   3.932346    30.9411       3552    14.7958  0.000e+00
      6.881    16.0134   3.933136    30.9423       3553    14.8000  0.000e+00
      6.847    16.0216   3.934258    30.9458       3554    14.8042  0.000e+00
      6.800    16.0314   3.934982    30.9445       3555    14.8083  0.000e+00
      6.745    16.0413   3.935633    30.9425       3556    14.8125  0.000e+00
      6.695    16.0502   3.936496    30.9431       3557    14.8167  0.000e+00
      6.626    16.0596   3.937180    30.9418       3558    14.8208  0.000e+00
      6.567    16.0687   3.937997    30.9419       3559    14.8250  0.000e+00
      6.512    16.0781   3.938841    30.9420       3560    14.8292  0.000e+00
      6.454    16.0878   3.939731    30.9422       3561    14.8333  0.000e+00
      6.397    16.0980   3.940821    30.9439       3562    14.8375  0.000e+00
      6.357    16.1090   3.941632    30.9424       3563    14.8417  0.000e+00
      6.318    16.1202   3.942356    30.9400       3564    14.8458  0.000e+00
      6.281    16.1305   3.942967    30.9374       3565    14.8500  0.000e+00
      6.261    16.1398   3.943652    30.9362       3566    14.8542  0.000e+00
      6.239    16.1485   3.944117    30.9334       3567    14.8583  0.000e+00
      6.225    16.1562   3.944416    30.9300       3568    14.8625  0.000e+00
      6.203    16.1624   3.944895    30.9294       3569    14.8667  0.000e+00
      6.188    16.1683   3.945527    30.9304       3570    14.8708  0.000e+00
      6.172    16.1750   3.945999    30.9293       3571    14.8750  0.000e+00
      6.149    16.1813   3.946557    30.9293       3572    14.8792  0.000e+00
      6.125    16.1878   3.947049    30.9285       3573    14.8833  0.000e+00
      6.096    16.1943   3.947648    30.9287       3574    14.8875  0.000e+00
      6.057    16.2010   3.948552    30.9314       3575    14.8917  0.000e+00
      5.999    16.2097   3.949729    30.9350       3576    14.8958  0.000e+00
      5.952    16.2210   3.950787    30.9354       3577    14.9000  0.000e+00
      5.898    16.2339   3.951565    30.9322       3578    14.9042  0.000e+00
      5.837    16.2457   3.952177    30.9284       3579    14.9083  0.000e+00
      5.782    16.2561   3.952610    30.9241       3580    14.9125  0.000e+00
      5.726    16.2643   3.953281    30.9236       3581    14.9167  0.000e+00
      5.672    16.2723   3.953754    30.9216       3582    14.9208  0.000e+00
      5.620    16.2799   3.954785    30.9247       3583    14.9250  0.000e+00
      5.575    16.2889   3.955704    30.9257       3584    14.9292  0.000e+00
      5.524    16.2995   3.956456    30.9240       3585    14.9333  0.000e+00
      5.482    16.3093   3.956908    30.9204       3586    14.9375  0.000e+00
      5.441    16.3179   3.957401    30.9180       3587    14.9417  0.000e+00
      5.398    16.3250   3.957780    30.9158       3588    14.9458  0.000e+00
      5.361    16.3311   3.958246    30.9152       3589    14.9500  0.000e+00
      5.322    16.3367   3.958839    30.9160       3590    14.9542  0.000e+00
      5.293    16.3435   3.959471    30.9163       3591    14.9583  0.000e+00
      5.270    16.3498   3.960017    30.9161       3592    14.9625  0.000e+00
      5.240    16.3565   3.960490    30.9151       3593    14.9667  0.000e+00
      5.212    16.3627   3.961316    30.9175       3594    14.9708  0.000e+00
      5.170    16.3703   3.962941    30.9257       3595    14.9750  0.000e+00
      5.121    16.3827   3.964992    30.9339       3596    14.9792  0.000e+00
      5.069    16.4008   3.967218    30.9393       3597    14.9833  0.000e+00
      5.012    16.4240   3.970097    30.9463       3598    14.9875  0.000e+00
      4.955    16.4538   3.973910    30.9564       3599    14.9917  0.000e+00
      4.899    16.4924   3.976277    30.9470       3600    14.9958  0.000e+00
      4.848    16.5300   3.978478    30.9370       3601    15.0000  0.000e+00
      4.801    16.5647   3.980019    30.9235       3602    15.0042  0.000e+00
      4.751    16.5950   3.980566    30.9049       3603    15.0083  0.000e+00
      4.713    16.6167   3.980986    30.8919       3604    15.0125  0.000e+00
      4.677    16.6317   3.981567    30.8853       3605    15.0167  0.000e+00
      4.648    16.6429   3.982014    30.8806       3606    15.0208  0.000e+00
      4.617    16.6528   3.982961    30.8811       3607    15.0250  0.000e+00
      4.573    16.6640   3.983936    30.8809       3608    15.0292  0.000e+00
      4.538    16.6769   3.985291    30.8827       3609    15.0333  0.000e+00
      4.486    16.6929   3.987120    30.8861       3610    15.0375  0.000e+00
      4.432    16.7141   3.988950    30.8856       3611    15.0417  0.000e+00
      4.365    16.7374   3.990426    30.8805       3612    15.0458  0.000e+00
      4.297    16.7614   3.991902    30.8747       3613    15.0500  0.000e+00
      4.220    16.7855   3.993331    30.8686       3614    15.0542  0.000e+00
      4.136    16.8100   3.994139    30.8568       3615    15.0583  0.000e+00
      4.054    16.8312   3.994881    30.8469       3616    15.0625  0.000e+00
      3.971    16.8490   3.995382    30.8376       3617    15.0667  0.000e+00
      3.894    16.8630   3.995515    30.8280       3618    15.0708  0.000e+00
      3.811    16.8738   3.996979    30.8323       3619    15.0750  0.000e+00
      3.732    16.8896   3.997714    30.8266       3620    15.0792  0.000e+00
      3.659    16.9065   3.998623    30.8215       3621    15.0833  0.000e+00
      3.591    16.9234   3.999719    30.8180       3622    15.0875  0.000e+00
      3.533    16.9414   3.999980    30.8064       3623    15.0917  0.000e+00
      3.482    16.9548   3.999960    30.7961       3624    15.0958  0.000e+00
      3.437    16.9630   3.999933    30.7895       3625    15.1000  0.000e+00
      3.404    16.9670   3.999050    30.7789       3626    15.1042  0.000e+00
      3.384    16.9634   4.000100    30.7907       3627    15.1083  0.000e+00
      3.360    16.9651   3.999692    30.7859       3628    15.1125  0.000e+00
      3.339    16.9659   3.999598    30.7845       3629    15.1167  0.000e+00
      3.322    16.9644   4.000956    30.7973       3630    15.1208  0.000e+00
      3.293    16.9719   4.001056    30.7924       3631    15.1250  0.000e+00
      3.258    16.9798   4.001437    30.7897       3632    15.1292  0.000e+00
      3.209    16.9848   4.001176    30.7836       3633    15.1333  0.000e+00
      3.167    16.9886   4.002293    30.7903       3634    15.1375  0.000e+00
      3.125    16.9957   4.003296    30.7935       3635    15.1417  0.000e+00
      3.068    17.0068   4.004520    30.7955       3636    15.1458  0.000e+00
      2.999    17.0217   4.004828    30.7868       3637    15.1500  0.000e+00
      2.932    17.0332   4.004613    30.7762       3638    15.1542  0.000e+00
      2.865    17.0389   4.004801    30.7735       3639    15.1583  0.000e+00
      2.779    17.0421   4.004854    30.7715       3640    15.1625  0.000e+00
      2.699    17.0444   4.005235    30.7730       3641    15.1667  0.000e+00
      2.607    17.0471   4.005188    30.7706       3642    15.1708  0.000e+00
      2.502    17.0499   4.005068    30.7675       3643    15.1750  0.000e+00
      2.390    17.0504   4.004921    30.7659       3644    15.1792  0.000e+00
      2.278    17.0504   4.006025    30.7754       3645    15.1833  0.000e+00
      2.170    17.0545   4.005998    30.7721       3646    15.1875  0.000e+00
      2.083    17.0586   4.005857    30.7678       3647    15.1917  0.000e+00
      2.002    17.0600   4.005783    30.7661       3648    15.1958  0.000e+00
      1.944    17.0603   4.005589    30.7642       3649    15.2000  0.000e+00
      1.900    17.0596   4.005783    30.7664       3650    15.2042  0.000e+00
      1.868    17.0596   4.005783    30.7664       3651    15.2083  0.000e+00
      1.832    17.0599   4.005569    30.7644       3652    15.2125  0.000e+00
      1.799    17.0592   4.005783    30.7668       3653    15.2167  0.000e+00
      1.776    17.0592   4.005737    30.7664       3654    15.2208  0.000e+00
      1.740    17.0595   4.006165    30.7698       3655    15.2250  0.000e+00
      1.703    17.0610   4.006071    30.7679       3656    15.2292  0.000e+00
      1.671    17.0620   4.006258    30.7687       3657    15.2333  0.000e+00
      1.623    17.0633   4.006499    30.7698       3658    15.2375  0.000e+00
      1.575    17.0655   4.006546    30.7686       3659    15.2417  0.000e+00
      1.512    17.0670   4.006620    30.7681       3660    15.2458  0.000e+00
      1.440    17.0682   4.006713    30.7680       3661    15.2500  0.000e+00
      1.376    17.0692   4.006740    30.7675       3662    15.2542  0.000e+00
      1.313    17.0698   4.006573    30.7656       3663    15.2583  0.000e+00
      1.256    17.0696   4.006760    30.7674       3664    15.2625  0.000e+00
      1.198    17.0699   4.006526    30.7652       3665    15.2667  0.000e+00
      1.154    17.0692   4.006666    30.7670       3666    15.2708  0.000e+00
      1.077    17.0690   4.006927    30.7693       3667    15.2750  0.000e+00
      1.028    17.0707   4.006981    30.7685       3668    15.2792  0.000e+00
      0.972    17.0718   4.007195    30.7695       3669    15.2833  0.000e+00
      0.954    17.0735   4.007268    30.7689       3670    15.2875  0.000e+00
      0.939    17.0750   4.007168    30.7669       3671    15.2917  0.000e+00
      0.932    17.0752   4.006954    30.7649       3672    15.2958  0.000e+00
      0.937    17.0747   4.007001    30.7657       3673    15.3000  0.000e+00
      0.941    17.0740   4.007027    30.7664       3674    15.3042  0.000e+00
      0.963    17.0741   4.007121    30.7672       3675    15.3083  0.000e+00
      1.002    17.0747   4.007094    30.7665       3676    15.3125  0.000e+00
      1.051    17.0748   4.007168    30.7670       3677    15.3167  0.000e+00
      1.093    17.0752   4.007242    30.7673       3678    15.3208  0.000e+00
      1.127    17.0755   4.007268    30.7673       3679    15.3250  0.000e+00
      1.141    17.0763   4.007242    30.7665       3680    15.3292  0.000e+00
      1.144    17.0765   4.007242    30.7663       3681    15.3333  0.000e+00
      1.139    17.0765   4.007362    30.7674       3682    15.3375  0.000e+00
      1.126    17.0765   4.007335    30.7671       3683    15.3417  0.000e+00
      1.125    17.0768   4.007168    30.7654       3684    15.3458  0.000e+00
      1.112    17.0762   4.007215    30.7663       3685    15.3500  0.000e+00
      1.084    17.0759   4.007168    30.7661       3686    15.3542  0.000e+00
      0.981    17.0755   4.006981    30.7649       3687    15.3583  0.000e+00
      0.835    17.0743   4.006907    30.7652       3688    15.3625  0.000e+00
      0.672    17.0735   4.007074    30.7673       3689    15.3667  0.000e+00
      0.479    17.0733   4.006927    30.7663       3690    15.3708  0.000e+00
      0.313    17.0731   4.006954    30.7667       3691    15.3750  0.000e+00
      0.199    17.0728   4.007047    30.7677       3692    15.3792  0.000e+00
      0.087    17.0730   4.007101    30.7681       3693    15.3833  0.000e+00
     -0.065    17.0736   4.007147    30.7681       3694    15.3875  0.000e+00
     -0.180    17.0742   3.883012    29.7086       3695    15.3917  0.000e+00
     -0.216    17.0758   1.012837     6.8501       3696    15.3958  0.000e+00
     -0.218    17.0781   0.550237     3.5605       3697    15.4000  0.000e+00
     -0.212    17.0828   0.374914     2.3664       3698    15.4042  0.000e+00
     -0.218    17.0905   0.265615     1.6424       3699    15.4083  0.000e+00
     -0.213    17.0942   0.223649     1.3697       3700    15.4125  0.000e+00
     -0.218    17.0945   0.210865     1.2874       3701    15.4167  0.000e+00
     -0.214    17.0934   0.188414     1.1436       3702    15.4208  0.000e+00
