HB2303/sbe131.cnv
* Sea-Bird SBE 19plus V2 Data File:
* FileName = C:\cruise\data\sbe131.hex
* Software Version Seasave V 7.26.7.121
* Temperature SN = 6128
* Conductivity SN = 6128
* System UpLoad Time = Aug 21 2023 05:07:50
* NMEA Latitude = 43 32.16 N
* NMEA Longitude = 068 15.77 W
* NMEA UTC (Time) = Aug 21 2023 05:07:46
** Ship: Henry Bigelow
** Cruise:  HB2303
** Program:  ECOMON
# nquan = 7
# nvalues = 3875                                  
# units = specified
# name 0 = depSM: Depth [salt water, m]
# name 1 = tv290C: Temperature [ITS-90, deg C]
# name 2 = c0S/m: Conductivity [S/m]
# name 3 = sal00: Salinity, Practical [PSU]
# name 4 = scan: Scan Count
# name 5 = timeM: Time, Elapsed [minutes]
# name 6 = flag:  0.000e+00
# span 0 =     -0.237,    174.308                 
# span 1 =     7.5289,    18.4663                 
# span 2 =   0.001453,   4.267400                 
# span 3 =     0.0143,    34.7317                 
# span 4 =         11,       3885                 
# span 5 =     0.0417,    16.1833                 
# span 6 = 0.0000e+00, 0.0000e+00                 
# interval = seconds: 0.25
# start_time = Aug 21 2023 05:07:46 [NMEA time, header]
# bad_flag = -9.990e-29
*END*
      0.027    18.3982   0.001461     0.0144         11     0.0417  0.000e+00
      0.038    18.4006   0.001461     0.0144         12     0.0458  0.000e+00
      0.029    18.4030   0.001461     0.0144         13     0.0500  0.000e+00
      0.022    18.4047   0.001453     0.0143         14     0.0542  0.000e+00
      0.018    18.4064   0.001453     0.0143         15     0.0583  0.000e+00
      0.022    18.4045   0.001458     0.0144         16     0.0625  0.000e+00
      0.019    18.4015   0.001458     0.0144         17     0.0667  0.000e+00
      0.023    18.4015   0.001461     0.0144         18     0.0708  0.000e+00
      0.022    18.4070   0.001467     0.0144         19     0.0750  0.000e+00
      0.026    18.4142   0.001467     0.0144         20     0.0792  0.000e+00
      0.025    18.4205   0.001467     0.0144         21     0.0833  0.000e+00
      0.019    18.4275   0.001461     0.0144         22     0.0875  0.000e+00
      0.021    18.4324   0.001467     0.0144         23     0.0917  0.000e+00
      0.021    18.4381   0.001473     0.0144         24     0.0958  0.000e+00
      0.026    18.4440   0.001476     0.0144         25     0.1000  0.000e+00
      0.021    18.4487   0.001467     0.0144         26     0.1042  0.000e+00
      0.017    18.4541   0.001467     0.0144         27     0.1083  0.000e+00
      0.019    18.4564   0.001482     0.0145         28     0.1125  0.000e+00
      0.134    18.4616   0.001473     0.0144         29     0.1167  0.000e+00
      0.291    18.4662   0.001695     0.0154         30     0.1208  0.000e+00
      0.430    18.4663   1.415290     9.5056         31     0.1250  0.000e+00
      0.535    18.4526   1.794000    12.2999         32     0.1292  0.000e+00
      0.611    18.4327   0.894131     5.7959         33     0.1333  0.000e+00
      0.681    18.4191   1.561230    10.5847         34     0.1375  0.000e+00
      0.777    18.4137   2.401056    16.9216         35     0.1417  0.000e+00
      0.916    18.4135   2.873354    20.6075         36     0.1458  0.000e+00
      1.091    18.4160   2.768891    19.7840         37     0.1500  0.000e+00
      1.270    18.4186   3.327834    24.2264         38     0.1542  0.000e+00
      1.435    18.4178   2.863248    20.5256         39     0.1583  0.000e+00
      1.598    18.4142   1.951208    13.4903         40     0.1625  0.000e+00
      1.769    18.4108   1.811905    12.4459         41     0.1667  0.000e+00
      1.939    18.4098   3.521749    25.7983         42     0.1708  0.000e+00
      2.091    18.4131   4.260719    31.8809         43     0.1750  0.000e+00
      2.235    18.4192   4.247873    31.7688         44     0.1792  0.000e+00
      2.365    18.4229   4.232593    31.6384         45     0.1833  0.000e+00
      2.484    18.4243   4.255724    31.8303         46     0.1875  0.000e+00
      2.587    18.4245   4.264508    31.9035         47     0.1917  0.000e+00
      2.697    18.4220   4.260609    31.8728         48     0.1958  0.000e+00
      2.815    18.4155   4.250273    31.7915         49     0.2000  0.000e+00
      2.953    18.4079   4.251473    31.8073         50     0.2042  0.000e+00
      3.105    18.4013   4.244605    31.7550         51     0.2083  0.000e+00
      3.271    18.3955   4.239331    31.7154         52     0.2125  0.000e+00
      3.441    18.3909   4.223818    31.5894         53     0.2167  0.000e+00
      3.621    18.3866   4.215363    31.5220         54     0.2208  0.000e+00
      3.802    18.3842   4.238886    31.7202         55     0.2250  0.000e+00
      3.977    18.3826   4.266960    31.9560         56     0.2292  0.000e+00
      4.151    18.3838   4.267400    31.9587         57     0.2333  0.000e+00
      4.317    18.3862   4.266644    31.9505         58     0.2375  0.000e+00
      4.477    18.3872   4.264626    31.9328         59     0.2417  0.000e+00
      4.624    18.3874   4.262834    31.9176         60     0.2458  0.000e+00
      4.763    18.3849   4.261324    31.9068         61     0.2500  0.000e+00
      4.871    18.3816   4.260460    31.9021         62     0.2542  0.000e+00
      4.961    18.3785   4.260295    31.9032         63     0.2583  0.000e+00
      5.046    18.3762   4.260460    31.9063         64     0.2625  0.000e+00
      5.140    18.3742   4.261867    31.9196         65     0.2667  0.000e+00
      5.243    18.3731   4.263425    31.9334         66     0.2708  0.000e+00
      5.368    18.3727   4.263095    31.9309         67     0.2750  0.000e+00
      5.517    18.3758   4.263761    31.9340         68     0.2792  0.000e+00
      5.633    18.3821   4.264674    31.9367         69     0.2833  0.000e+00
      5.714    18.3872   4.265189    31.9370         70     0.2875  0.000e+00
      5.727    18.3910   4.265539    31.9370         71     0.2917  0.000e+00
      5.696    18.3947   4.265580    31.9345         72     0.2958  0.000e+00
      5.665    18.3978   4.265615    31.9324         73     0.3000  0.000e+00
      5.660    18.4011   4.255060    31.8416         74     0.3042  0.000e+00
      5.674    18.4051   4.262217    31.8983         75     0.3083  0.000e+00
      5.680    18.4089   4.265999    31.9270         76     0.3125  0.000e+00
      5.669    18.4122   4.265951    31.9240         77     0.3167  0.000e+00
      5.640    18.4150   4.265704    31.9198         78     0.3208  0.000e+00
      5.597    18.4169   4.265388    31.9157         79     0.3250  0.000e+00
      5.557    18.4183   4.265189    31.9130         80     0.3292  0.000e+00
      5.532    18.4189   4.265093    31.9117         81     0.3333  0.000e+00
      5.503    18.4191   4.264818    31.9093         82     0.3375  0.000e+00
      5.483    18.4189   4.264646    31.9080         83     0.3417  0.000e+00
      5.472    18.4187   4.264433    31.9064         84     0.3458  0.000e+00
      5.480    18.4181   4.264207    31.9049         85     0.3500  0.000e+00
      5.494    18.4174   4.264097    31.9045         86     0.3542  0.000e+00
      5.514    18.4169   4.263932    31.9036         87     0.3583  0.000e+00
      5.546    18.4161   4.263809    31.9031         88     0.3625  0.000e+00
      5.590    18.4150   4.263713    31.9032         89     0.3667  0.000e+00
      5.633    18.4137   4.263617    31.9033         90     0.3708  0.000e+00
      5.680    18.4128   4.263528    31.9033         91     0.3750  0.000e+00
      5.727    18.4116   4.263493    31.9039         92     0.3792  0.000e+00
      5.772    18.4106   4.263425    31.9041         93     0.3833  0.000e+00
      5.806    18.4101   4.263390    31.9042         94     0.3875  0.000e+00
      5.828    18.4096   4.263274    31.9036         95     0.3917  0.000e+00
      5.846    18.4089   4.263171    31.9033         96     0.3958  0.000e+00
      5.869    18.4081   4.263013    31.9026         97     0.4000  0.000e+00
      5.898    18.4074   4.262903    31.9022         98     0.4042  0.000e+00
      5.949    18.4064   4.262780    31.9019         99     0.4083  0.000e+00
      6.008    18.4053   4.262677    31.9019        100     0.4125  0.000e+00
      6.088    18.4053   4.262553    31.9008        101     0.4167  0.000e+00
      6.192    18.4051   4.262395    31.8997        102     0.4208  0.000e+00
      6.319    18.4046   4.262313    31.8993        103     0.4250  0.000e+00
      6.465    18.4042   4.262217    31.8987        104     0.4292  0.000e+00
      6.625    18.4031   4.262190    31.8993        105     0.4333  0.000e+00
      6.781    18.4017   4.262293    31.9012        106     0.4375  0.000e+00
      6.936    18.4003   4.262801    31.9065        107     0.4417  0.000e+00
      7.095    18.3995   4.263322    31.9114        108     0.4458  0.000e+00
      7.241    18.3986   4.263048    31.9098        109     0.4500  0.000e+00
      7.385    18.3820   4.261202    31.9072        110     0.4542  0.000e+00
      7.515    18.3367   4.254081    31.8827        111     0.4583  0.000e+00
      7.640    18.2728   4.246013    31.8647        112     0.4625  0.000e+00
      7.756    18.2065   4.240712    31.8717        113     0.4667  0.000e+00
      7.875    18.1448   4.238459    31.9008        114     0.4708  0.000e+00
      7.990    18.0917   4.238180    31.9397        115     0.4750  0.000e+00
      8.108    18.0405   4.244160    32.0301        116     0.4792  0.000e+00
      8.225    18.0042   4.252262    32.1268        117     0.4833  0.000e+00
      8.353    17.9839   4.256563    32.1790        118     0.4875  0.000e+00
      8.489    17.9987   4.255499    32.1584        119     0.4917  0.000e+00
      8.631    18.0600   4.255629    32.1112        120     0.4958  0.000e+00
      8.790    18.1175   4.256582    32.0741        121     0.5000  0.000e+00
      8.958    18.1570   4.255875    32.0372        122     0.5042  0.000e+00
      9.137    18.1779   4.253131    31.9978        123     0.5083  0.000e+00
      9.326    18.1808   4.249792    31.9674        124     0.5125  0.000e+00
      9.514    18.1105   4.232731    31.8787        125     0.5167  0.000e+00
      9.707    17.9443   4.201463    31.7447        126     0.5208  0.000e+00
      9.902    17.7016   4.171606    31.6809        127     0.5250  0.000e+00
     10.101    17.4509   4.151011    31.7013        128     0.5292  0.000e+00
     10.296    17.2288   4.139493    31.7770        129     0.5333  0.000e+00
     10.484    17.0329   4.128848    31.8399        130     0.5375  0.000e+00
     10.662    16.8672   4.119269    31.8885        131     0.5417  0.000e+00
     10.830    16.7246   4.111660    31.9360        132     0.5458  0.000e+00
     10.991    16.5801   4.100085    31.9506        133     0.5500  0.000e+00
     11.153    16.4466   4.090776    31.9763        134     0.5542  0.000e+00
     11.308    16.3282   4.083897    32.0111        135     0.5583  0.000e+00
     11.467    16.2225   4.080015    32.0620        136     0.5625  0.000e+00
     11.629    16.1187   4.079012    32.1369        137     0.5667  0.000e+00
     11.797    16.0197   4.078548    32.2130        138     0.5708  0.000e+00
     11.965    15.9285   4.078940    32.2906        139     0.5750  0.000e+00
     12.138    15.8488   4.075282    32.3232        140     0.5792  0.000e+00
     12.317    15.7736   4.064347    32.2877        141     0.5833  0.000e+00
     12.490    15.6810   4.052927    32.2620        142     0.5875  0.000e+00
     12.669    15.5660   4.036189    32.2072        143     0.5917  0.000e+00
     12.846    15.4197   4.015770    32.1447        144     0.5958  0.000e+00
     13.019    15.2626   3.999002    32.1233        145     0.6000  0.000e+00
     13.194    15.1145   3.987785    32.1440        146     0.6042  0.000e+00
     13.370    14.9882   3.981431    32.1907        147     0.6083  0.000e+00
     13.543    14.8821   3.979411    32.2600        148     0.6125  0.000e+00
     13.716    14.7977   3.978224    32.3191        149     0.6167  0.000e+00
     13.893    14.7265   3.974483    32.3443        150     0.6208  0.000e+00
     14.063    14.6515   3.965778    32.3276        151     0.6250  0.000e+00
     14.243    14.5349   3.951989    32.2991        152     0.6292  0.000e+00
     14.420    14.3960   3.933837    32.2491        153     0.6333  0.000e+00
     14.605    14.2481   3.918357    32.2307        154     0.6375  0.000e+00
     14.785    14.1072   3.905537    32.2306        155     0.6417  0.000e+00
     14.966    13.9838   3.895928    32.2455        156     0.6458  0.000e+00
     15.148    13.8728   3.889581    32.2799        157     0.6500  0.000e+00
     15.330    13.7776   3.886568    32.3322        158     0.6542  0.000e+00
     15.511    13.6865   3.886259    32.4062        159     0.6583  0.000e+00
     15.687    13.5975   3.889122    32.5082        160     0.6625  0.000e+00
     15.861    13.5269   3.893282    32.6071        161     0.6667  0.000e+00
     16.032    13.4570   3.888476    32.6218        162     0.6708  0.000e+00
     16.195    13.3836   3.876111    32.5689        163     0.6750  0.000e+00
     16.363    13.3005   3.870271    32.5852        164     0.6792  0.000e+00
     16.525    13.1764   3.851343    32.5136        165     0.6833  0.000e+00
     16.688    13.0054   3.826199    32.4231        166     0.6875  0.000e+00
     16.846    12.8203   3.808579    32.4150        167     0.6917  0.000e+00
     17.007    12.6376   3.794158    32.4351        168     0.6958  0.000e+00
     17.162    12.4790   3.784080    32.4757        169     0.7000  0.000e+00
     17.319    12.3592   3.782670    32.5659        170     0.7042  0.000e+00
     17.476    12.2742   3.790093    32.7111        171     0.7083  0.000e+00
     17.630    12.2201   3.832168    33.1636        172     0.7125  0.000e+00
     17.780    12.2006   3.918311    34.0134        173     0.7167  0.000e+00
     17.931    12.1935   3.966611    34.4879        174     0.7208  0.000e+00
     18.087    12.2030   3.992634    34.7317        175     0.7250  0.000e+00
     18.251    12.3582   3.994443    34.6054        176     0.7292  0.000e+00
     18.412    12.6395   3.973038    34.1417        177     0.7333  0.000e+00
     18.581    12.8163   3.930186    33.5732        178     0.7375  0.000e+00
     18.758    12.8814   3.885768    33.0933        179     0.7417  0.000e+00
     18.942    12.8400   3.845944    32.7515        180     0.7458  0.000e+00
     19.123    12.6916   3.805363    32.4942        181     0.7500  0.000e+00
     19.303    12.5056   3.775670    32.3715        182     0.7542  0.000e+00
     19.491    12.3121   3.758927    32.3782        183     0.7583  0.000e+00
     19.677    12.1378   3.750671    32.4498        184     0.7625  0.000e+00
     19.858    11.9947   3.747690    32.5455        185     0.7667  0.000e+00
     20.038    11.8778   3.746233    32.6336        186     0.7708  0.000e+00
     20.210    11.7873   3.745980    32.7106        187     0.7750  0.000e+00
     20.380    11.7169   3.743663    32.7499        188     0.7792  0.000e+00
     20.542    11.6553   3.736610    32.7355        189     0.7833  0.000e+00
     20.706    11.5928   3.726417    32.6911        190     0.7875  0.000e+00
     20.860    11.5258   3.711395    32.6034        191     0.7917  0.000e+00
     21.017    11.4415   3.636028    31.9405        192     0.7958  0.000e+00
     21.168    11.2572   3.605122    31.7971        193     0.8000  0.000e+00
     21.316    11.0029   3.600721    31.9741        194     0.8042  0.000e+00
     21.467    10.8135   3.594893    32.0818        195     0.8083  0.000e+00
     21.614    10.6784   3.588940    32.1413        196     0.8125  0.000e+00
     21.756    10.5715   3.581481    32.1611        197     0.8167  0.000e+00
     21.893    10.4750   3.573626    32.1677        198     0.8208  0.000e+00
     22.029    10.3814   3.570145    32.2156        199     0.8250  0.000e+00
     22.159    10.3038   3.568441    32.2673        200     0.8292  0.000e+00
     22.283    10.2518   3.566954    32.2985        201     0.8333  0.000e+00
     22.421    10.2154   3.564573    32.3069        202     0.8375  0.000e+00
     22.542    10.1839   3.562129    32.3103        203     0.8417  0.000e+00
     22.673    10.1526   3.560426    32.3210        204     0.8458  0.000e+00
     22.803    10.1256   3.558480    32.3254        205     0.8500  0.000e+00
     22.931    10.1011   3.555910    32.3213        206     0.8542  0.000e+00
     23.074    10.0765   3.554603    32.3300        207     0.8583  0.000e+00
     23.220    10.0536   3.554648    32.3508        208     0.8625  0.000e+00
     23.383    10.0394   3.555190    32.3689        209     0.8667  0.000e+00
     23.551    10.0356   3.558985    32.4107        210     0.8708  0.000e+00
     23.730    10.0486   3.557965    32.3886        211     0.8750  0.000e+00
     23.912    10.0601   3.556434    32.3628        212     0.8792  0.000e+00
     24.105    10.0593   3.558290    32.3822        213     0.8833  0.000e+00
     24.309    10.0622   3.554126    32.3374        214     0.8875  0.000e+00
     24.520    10.0521   3.551467    32.3194        215     0.8917  0.000e+00
