HB2303/sbe145.cnv
* Sea-Bird SBE 19plus V2 Data File:
* FileName = C:\cruise\data\sbe145.hex
* Software Version Seasave V 7.26.7.121
* Temperature SN = 6128
* Conductivity SN = 6128
* System UpLoad Time = Aug 22 2023 07:57:37
* NMEA Latitude = 42 18.78 N
* NMEA Longitude = 070 16.42 W
* NMEA UTC (Time) = Aug 22 2023 07:57:32
** Ship: Henry Bigelow
** Cruise:  HB2303
** Program:  ECOMON
# nquan = 7
# nvalues = 1104                                  
# units = specified
# name 0 = depSM: Depth [salt water, m]
# name 1 = tv290C: Temperature [ITS-90, deg C]
# name 2 = c0S/m: Conductivity [S/m]
# name 3 = sal00: Salinity, Practical [PSU]
# name 4 = scan: Scan Count
# name 5 = timeM: Time, Elapsed [minutes]
# name 6 = flag:  0.000e+00
# span 0 =     -0.089,     30.024                 
# span 1 =     8.5389,    18.8993                 
# span 2 =   0.002322,   4.163033                 
# span 3 =     0.0183,    32.1917                 
# span 4 =         11,       1114                 
# span 5 =     0.0417,     4.6375                 
# span 6 = 0.0000e+00, 0.0000e+00                 
# interval = seconds: 0.25
# start_time = Aug 22 2023 07:57:32 [NMEA time, header]
# bad_flag = -9.990e-29
*END*
[from data line 411]
     24.244    10.8707   3.565370    31.7385        422     1.7542  0.000e+00
     24.159    10.9255   3.566378    31.7010        423     1.7583  0.000e+00
     24.085    10.9601   3.568498    31.6921        424     1.7625  0.000e+00
     24.015    10.9886   3.571212    31.6943        425     1.7667  0.000e+00
     23.955    11.0181   3.574611    31.7023        426     1.7708  0.000e+00
     23.886    11.0519   3.578599    31.7125        427     1.7750  0.000e+00
     23.825    11.0918   3.584489    31.7361        428     1.7792  0.000e+00
     23.766    11.1430   3.589287    31.7391        429     1.7833  0.000e+00
     23.713    11.2007   3.591643    31.7126        430     1.7875  0.000e+00
     23.654    11.2496   3.594267    31.6962        431     1.7917  0.000e+00
     23.591    11.2918   3.600936    31.7253        432     1.7958  0.000e+00
     23.533    11.3473   3.608508    31.7517        433     1.8000  0.000e+00
     23.472    11.4200   3.612344    31.7267        434     1.8042  0.000e+00
     23.412    11.4908   3.618345    31.7246        435     1.8083  0.000e+00
     23.349    11.5601   3.619166    31.6733        436     1.8125  0.000e+00
     23.293    11.6103   3.620386    31.6423        437     1.8167  0.000e+00
     23.240    11.6444   3.621972    31.6286        438     1.8208  0.000e+00
     23.189    11.6712   3.623379    31.6195        439     1.8250  0.000e+00
     23.150    11.6937   3.625178    31.6177        440     1.8292  0.000e+00
     23.115    11.7162   3.631111    31.6561        441     1.8333  0.000e+00
     23.086    11.7578   3.635355    31.6618        442     1.8375  0.000e+00
     23.056    11.8066   3.640052    31.6657        443     1.8417  0.000e+00
     23.025    11.8603   3.643503    31.6534        444     1.8458  0.000e+00
     22.992    11.9113   3.641532    31.5910        445     1.8500  0.000e+00
     22.956    11.9406   3.648667    31.6350        446     1.8542  0.000e+00
     22.918    11.9796   3.658272    31.6945        447     1.8583  0.000e+00
     22.866    12.0586   3.666918    31.7106        448     1.8625  0.000e+00
     22.802    12.1589   3.678835    31.7399        449     1.8667  0.000e+00
     22.732    12.2773   3.685442    31.7029        450     1.8708  0.000e+00
     22.649    12.3897   3.695000    31.6992        451     1.8750  0.000e+00
     22.562    12.5008   3.701399    31.6665        452     1.8792  0.000e+00
     22.474    12.6064   3.707238    31.6332        453     1.8833  0.000e+00
     22.384    12.6953   3.715398    31.6360        454     1.8875  0.000e+00
     22.305    12.7867   3.725896    31.6588        455     1.8917  0.000e+00
     22.219    12.8989   3.728936    31.5936        456     1.8958  0.000e+00
     22.134    12.9929   3.734981    31.5722        457     1.9000  0.000e+00
     22.049    13.0738   3.743595    31.5857        458     1.9042  0.000e+00
     21.975    13.1681   3.762550    31.6850        459     1.9083  0.000e+00
     21.909    13.3118   3.770946    31.6439        460     1.9125  0.000e+00
     21.847    13.4583   3.776391    31.5732        461     1.9167  0.000e+00
     21.786    13.5774   3.783578    31.5416        462     1.9208  0.000e+00
     21.725    13.6845   3.791131    31.5234        463     1.9250  0.000e+00
     21.676    13.7858   3.795128    31.4771        464     1.9292  0.000e+00
     21.620    13.8682   3.796927    31.4262        465     1.9333  0.000e+00
     21.570    13.9268   3.797600    31.3845        466     1.9375  0.000e+00
     21.528    13.9639   3.797129    31.3500        467     1.9417  0.000e+00
     21.485    13.9821   3.798235    31.3453        468     1.9458  0.000e+00
     21.450    13.9941   3.799348    31.3458        469     1.9500  0.000e+00
     21.407    14.0072   3.800120    31.3423        470     1.9542  0.000e+00
     21.369    14.0190   3.800245    31.3338        471     1.9583  0.000e+00
     21.332    14.0262   3.800683    31.3320        472     1.9625  0.000e+00
     21.290    14.0322   3.801030    31.3303        473     1.9667  0.000e+00
     21.245    14.0373   3.801436    31.3299        474     1.9708  0.000e+00
     21.192    14.0413   3.801345    31.3258        475     1.9750  0.000e+00
     21.140    14.0436   3.802078    31.3307        476     1.9792  0.000e+00
     21.075    14.0472   3.802491    31.3316        477     1.9833  0.000e+00
     21.012    14.0510   3.802524    31.3288        478     1.9875  0.000e+00
     20.934    14.0538   3.802065    31.3223        479     1.9917  0.000e+00
     20.858    14.0542   3.802360    31.3248        480     1.9958  0.000e+00
     20.793    14.0540   3.802157    31.3231        481     2.0000  0.000e+00
     20.724    14.0537   3.802242    31.3242        482     2.0042  0.000e+00
     20.665    14.0532   3.802353    31.3255        483     2.0083  0.000e+00
     20.618    14.0533   3.802569    31.3275        484     2.0125  0.000e+00
     20.578    14.0546   3.802740    31.3280        485     2.0167  0.000e+00
     20.544    14.0559   3.802877    31.3282        486     2.0208  0.000e+00
     20.511    14.0574   3.802943    31.3277        487     2.0250  0.000e+00
     20.477    14.0586   3.802995    31.3272        488     2.0292  0.000e+00
     20.443    14.0593   3.803073    31.3273        489     2.0333  0.000e+00
     20.405    14.0601   3.803257    31.3283        490     2.0375  0.000e+00
     20.358    14.0610   3.803342    31.3284        491     2.0417  0.000e+00
     20.311    14.0622   3.803558    31.3294        492     2.0458  0.000e+00
     20.259    14.0638   3.803683    31.3293        493     2.0500  0.000e+00
     20.201    14.0657   3.803846    31.3293        494     2.0542  0.000e+00
     20.143    14.0673   3.803768    31.3272        495     2.0583  0.000e+00
     20.094    14.0678   3.803820    31.3273        496     2.0625  0.000e+00
     20.037    14.0682   3.803794    31.3268        497     2.0667  0.000e+00
     19.988    14.0683   3.803820    31.3270        498     2.0708  0.000e+00
     19.936    14.0685   3.803859    31.3272        499     2.0750  0.000e+00
     19.890    14.0684   3.803866    31.3274        500     2.0792  0.000e+00
     19.844    14.0685   3.804331    31.3316        501     2.0833  0.000e+00
     19.799    14.0705   3.804436    31.3309        502     2.0875  0.000e+00
     19.760    14.0727   3.804894    31.3333        503     2.0917  0.000e+00
     19.717    14.0764   3.805615    31.3370        504     2.0958  0.000e+00
     19.686    14.0825   3.806421    31.3394        505     2.1000  0.000e+00
     19.659    14.0895   3.806677    31.3360        506     2.1042  0.000e+00
     19.634    14.0959   3.807011    31.3340        507     2.1083  0.000e+00
     19.607    14.1010   3.807476    31.3340        508     2.1125  0.000e+00
     19.581    14.1060   3.807437    31.3297        509     2.1167  0.000e+00
     19.558    14.1099   3.807574    31.3277        510     2.1208  0.000e+00
     19.527    14.1118   3.807863    31.3288        511     2.1250  0.000e+00
     19.489    14.1135   3.807240    31.3218        512     2.1292  0.000e+00
     19.449    14.1121   3.807050    31.3212        513     2.1333  0.000e+00
     19.404    14.1100   3.806584    31.3186        514     2.1375  0.000e+00
     19.359    14.1054   3.806060    31.3176        515     2.1417  0.000e+00
     19.301    14.0998   3.806132    31.3228        516     2.1458  0.000e+00
     19.241    14.0968   3.806624    31.3298        517     2.1500  0.000e+00
     19.183    14.0976   3.808138    31.3430        518     2.1542  0.000e+00
     19.120    14.1050   3.807325    31.3296        519     2.1583  0.000e+00
     19.062    14.1091   3.808446    31.3366        520     2.1625  0.000e+00
     19.010    14.1142   3.809462    31.3418        521     2.1667  0.000e+00
     18.972    14.1240   3.809934    31.3382        522     2.1708  0.000e+00
     18.940    14.1321   3.810065    31.3328        523     2.1750  0.000e+00
     18.911    14.1386   3.810550    31.3319        524     2.1792  0.000e+00
     18.886    14.1442   3.811533    31.3364        525     2.1833  0.000e+00
     18.862    14.1524   3.811848    31.3326        526     2.1875  0.000e+00
     18.830    14.1590   3.811612    31.3251        527     2.1917  0.000e+00
     18.802    14.1618   3.811238    31.3195        528     2.1958  0.000e+00
     18.775    14.1609   3.810812    31.3163        529     2.2000  0.000e+00
     18.737    14.1579   3.810943    31.3199        530     2.2042  0.000e+00
     18.700    14.1564   3.810903    31.3208        531     2.2083  0.000e+00
     18.656    14.1558   3.811821    31.3297        532     2.2125  0.000e+00
     18.608    14.1595   3.812962    31.3371        533     2.2167  0.000e+00
     18.559    14.1674   3.813402    31.3347        534     2.2208  0.000e+00
     18.507    14.1753   3.813080    31.3254        535     2.2250  0.000e+00
     18.445    14.1801   3.813900    31.3290        536     2.2292  0.000e+00
     18.396    14.1843   3.812254    31.3106        537     2.2333  0.000e+00
     18.349    14.1820   3.813198    31.3211        538     2.2375  0.000e+00
     18.305    14.1824   3.815021    31.3375        539     2.2417  0.000e+00
     18.271    14.1915   3.815047    31.3304        540     2.2458  0.000e+00
     18.240    14.1997   3.816038    31.3328        541     2.2500  0.000e+00
     18.217    14.2088   3.817212    31.3361        542     2.2542  0.000e+00
     18.203    14.2198   3.818668    31.3405        543     2.2583  0.000e+00
     18.192    14.2337   3.819718    31.3389        544     2.2625  0.000e+00
     18.186    14.2478   3.819784    31.3280        545     2.2667  0.000e+00
     18.181    14.2576   3.819501    31.3175        546     2.2708  0.000e+00
     18.170    14.2615   3.819088    31.3106        547     2.2750  0.000e+00
     18.158    14.2617   3.819193    31.3113        548     2.2792  0.000e+00
     18.139    14.2610   3.818884    31.3091        549     2.2833  0.000e+00
     18.119    14.2593   3.819403    31.3152        550     2.2875  0.000e+00
     18.095    14.2600   3.820125    31.3212        551     2.2917  0.000e+00
     18.072    14.2647   3.821090    31.3263        552     2.2958  0.000e+00
     18.048    14.2729   3.822632    31.3337        553     2.3000  0.000e+00
     18.021    14.2847   3.822986    31.3273        554     2.3042  0.000e+00
     17.996    14.2956   3.823354    31.3218        555     2.3083  0.000e+00
     17.962    14.3036   3.823669    31.3183        556     2.3125  0.000e+00
     17.924    14.3095   3.823695    31.3138        557     2.3167  0.000e+00
     17.882    14.3137   3.824010    31.3132        558     2.3208  0.000e+00
     17.830    14.3169   3.823649    31.3074        559     2.3250  0.000e+00
     17.781    14.3182   3.824397    31.3132        560     2.3292  0.000e+00
     17.720    14.3213   3.825671    31.3223        561     2.3333  0.000e+00
     17.655    14.3290   3.825934    31.3185        562     2.3375  0.000e+00
     17.590    14.3369   3.826498    31.3173        563     2.3417  0.000e+00
     17.525    14.3442   3.826722    31.3134        564     2.3458  0.000e+00
     17.467    14.3500   3.827404    31.3149        565     2.3500  0.000e+00
     17.420    14.3565   3.827831    31.3136        566     2.3542  0.000e+00
     17.378    14.3626   3.828357    31.3135        567     2.3583  0.000e+00
     17.341    14.3685   3.828547    31.3104        568     2.3625  0.000e+00
     17.315    14.3737   3.828672    31.3074        569     2.3667  0.000e+00
     17.295    14.3773   3.829020    31.3076        570     2.3708  0.000e+00
     17.288    14.3807   3.829237    31.3069        571     2.3750  0.000e+00
     17.292    14.3838   3.829519    31.3069        572     2.3792  0.000e+00
     17.302    14.3870   3.829670    31.3057        573     2.3833  0.000e+00
     17.311    14.3900   3.829552    31.3022        574     2.3875  0.000e+00
     17.309    14.3915   3.829473    31.3003        575     2.3917  0.000e+00
     17.308    14.3916   3.829532    31.3008        576     2.3958  0.000e+00
     17.304    14.3916   3.829591    31.3013        577     2.4000  0.000e+00
     17.284    14.3918   3.829709    31.3022        578     2.4042  0.000e+00
     17.250    14.3925   3.829736    31.3019        579     2.4083  0.000e+00
     17.221    14.3934   3.830163    31.3050        580     2.4125  0.000e+00
     17.186    14.3952   3.829920    31.3014        581     2.4167  0.000e+00
     17.141    14.3963   3.830445    31.3053        582     2.4208  0.000e+00
     17.100    14.3987   3.831096    31.3093        583     2.4250  0.000e+00
     17.049    14.4040   3.831707    31.3106        584     2.4292  0.000e+00
     16.999    14.4108   3.832797    31.3150        585     2.4333  0.000e+00
     16.957    14.4202   3.833376    31.3127        586     2.4375  0.000e+00
     16.914    14.4301   3.833816    31.3087        587     2.4417  0.000e+00
     16.881    14.4382   3.834065    31.3045        588     2.4458  0.000e+00
     16.847    14.4440   3.834276    31.3017        589     2.4500  0.000e+00
     16.818    14.4488   3.834381    31.2988        590     2.4542  0.000e+00
     16.802    14.4516   3.834446    31.2971        591     2.4583  0.000e+00
     16.780    14.4536   3.834565    31.2966        592     2.4625  0.000e+00
     16.754    14.4552   3.834782    31.2973        593     2.4667  0.000e+00
     16.730    14.4567   3.834814    31.2964        594     2.4708  0.000e+00
     16.710    14.4580   3.834834    31.2955        595     2.4750  0.000e+00
     16.683    14.4589   3.835038    31.2967        596     2.4792  0.000e+00
     16.659    14.4605   3.835196    31.2968        597     2.4833  0.000e+00
     16.630    14.4622   3.835281    31.2962        598     2.4875  0.000e+00
     16.599    14.4635   3.835242    31.2948        599     2.4917  0.000e+00
     16.585    14.4643   3.835353    31.2952        600     2.4958  0.000e+00
     16.565    14.4652   3.835537    31.2962        601     2.5000  0.000e+00
     16.555    14.4664   3.835629    31.2960        602     2.5042  0.000e+00
     16.554    14.4679   3.835899    31.2972        603     2.5083  0.000e+00
     16.550    14.4700   3.836109    31.2975        604     2.5125  0.000e+00
     16.537    14.4722   3.835991    31.2947        605     2.5167  0.000e+00
     16.518    14.4735   3.836175    31.2953        606     2.5208  0.000e+00
     16.489    14.4744   3.836471    31.2972        607     2.5250  0.000e+00
     16.458    14.4768   3.836990    31.3001        608     2.5292  0.000e+00
     16.411    14.4806   3.837490    31.3015        609     2.5333  0.000e+00
     16.369    14.4854   3.838259    31.3046        610     2.5375  0.000e+00
     16.315    14.4924   3.838877    31.3046        611     2.5417  0.000e+00
     16.277    14.4999   3.839521    31.3044        612     2.5458  0.000e+00
     16.237    14.5073   3.840218    31.3048        613     2.5500  0.000e+00
     16.203    14.5154   3.840514    31.3010        614     2.5542  0.000e+00
     16.176    14.5223   3.840665    31.2967        615     2.5583  0.000e+00
     16.162    14.5268   3.840691    31.2934        616     2.5625  0.000e+00
     16.149    14.5293   3.840737    31.2918        617     2.5667  0.000e+00
     16.136    14.5307   3.840672    31.2901        618     2.5708  0.000e+00
     16.134    14.5316   3.840783    31.2904        619     2.5750  0.000e+00
     16.120    14.5320   3.840954    31.2916        620     2.5792  0.000e+00
     16.111    14.5330   3.840987    31.2911        621     2.5833  0.000e+00
     16.094    14.5338   3.841244    31.2928        622     2.5875  0.000e+00
     16.074    14.5357   3.841375    31.2925        623     2.5917  0.000e+00
     16.051    14.5377   3.841717    31.2940        624     2.5958  0.000e+00
     16.016    14.5398   3.841980    31.2946        625     2.6000  0.000e+00
