HB2303/sbe165.cnv
* Sea-Bird SBE 19plus V2 Data File:
* FileName = C:\cruise\data\sbe165.hex
* Software Version Seasave V 7.26.7.121
* Temperature SN = 6128
* Conductivity SN = 6128
* System UpLoad Time = Aug 24 2023 03:03:08
* NMEA Latitude = 40 41.99 N
* NMEA Longitude = 070 02.95 W
* NMEA UTC (Time) = Aug 24 2023 03:03:04
** Ship: Henry Bigelow
** Cruise:  HB2303
** Program:  ECOMON
# nquan = 7
# nvalues = 1422                                  
# units = specified
# name 0 = depSM: Depth [salt water, m]
# name 1 = tv290C: Temperature [ITS-90, deg C]
# name 2 = c0S/m: Conductivity [S/m]
# name 3 = sal00: Salinity, Practical [PSU]
# name 4 = scan: Scan Count
# name 5 = timeM: Time, Elapsed [minutes]
# name 6 = flag:  0.000e+00
# span 0 =     -0.051,     40.223                 
# span 1 =    12.9032,    17.1648                 
# span 2 =   0.001491,   4.155832                 
# span 3 =     0.0138,    32.9541                 
# span 4 =         11,       1432                 
# span 5 =     0.0417,     5.9625                 
# span 6 = 0.0000e+00, 0.0000e+00                 
# interval = seconds: 0.25
# start_time = Aug 24 2023 03:03:04 [NMEA time, header]
# bad_flag = -9.990e-29
*END*
[from data line 616]
     30.713    13.1239   3.821542    32.2725        627     2.6083  0.000e+00
     30.648    13.1255   3.821581    32.2715        628     2.6125  0.000e+00
     30.574    13.1276   3.822513    32.2785        629     2.6167  0.000e+00
     30.504    13.1322   3.821988    32.2696        630     2.6208  0.000e+00
     30.431    13.1344   3.821568    32.2639        631     2.6250  0.000e+00
     30.357    13.1330   3.822007    32.2692        632     2.6292  0.000e+00
     30.290    13.1335   3.822539    32.2738        633     2.6333  0.000e+00
     30.216    13.1371   3.823786    32.2826        634     2.6375  0.000e+00
     30.151    13.1457   3.826249    32.2984        635     2.6417  0.000e+00
     30.084    13.1632   3.825677    32.2782        636     2.6458  0.000e+00
     30.016    13.1738   3.825999    32.2722        637     2.6500  0.000e+00
     29.942    13.1814   3.827831    32.2830        638     2.6542  0.000e+00
     29.875    13.1936   3.828067    32.2749        639     2.6583  0.000e+00
     29.802    13.2043   3.828126    32.2664        640     2.6625  0.000e+00
     29.725    13.2113   3.828113    32.2604        641     2.6667  0.000e+00
     29.641    13.2151   3.828211    32.2581        642     2.6708  0.000e+00
     29.560    13.2175   3.828277    32.2567        643     2.6750  0.000e+00
     29.484    13.2190   3.827988    32.2527        644     2.6792  0.000e+00
     29.405    13.2198   3.827988    32.2521        645     2.6833  0.000e+00
     29.344    13.2207   3.828375    32.2550        646     2.6875  0.000e+00
     29.277    13.2229   3.828599    32.2553        647     2.6917  0.000e+00
     29.219    13.2264   3.829682    32.2625        648     2.6958  0.000e+00
     29.163    13.2334   3.831384    32.2725        649     2.7000  0.000e+00
     29.116    13.2464   3.832133    32.2685        650     2.7042  0.000e+00
     29.065    13.2589   3.832382    32.2603        651     2.7083  0.000e+00
     29.015    13.2678   3.832678    32.2555        652     2.7125  0.000e+00
     28.963    13.2739   3.833059    32.2540        653     2.7167  0.000e+00
     28.897    13.2788   3.833381    32.2528        654     2.7208  0.000e+00
     28.833    13.2832   3.833558    32.2508        655     2.7250  0.000e+00
     28.764    13.2868   3.833696    32.2490        656     2.7292  0.000e+00
     28.683    13.2900   3.833966    32.2489        657     2.7333  0.000e+00
     28.600    13.2931   3.834038    32.2469        658     2.7375  0.000e+00
     28.520    13.2955   3.834261    32.2471        659     2.7417  0.000e+00
     28.433    13.2976   3.834347    32.2461        660     2.7458  0.000e+00
     28.349    13.2994   3.834472    32.2458        661     2.7500  0.000e+00
     28.276    13.3012   3.835083    32.2500        662     2.7542  0.000e+00
     28.211    13.3049   3.835241    32.2484        663     2.7583  0.000e+00
     28.157    13.3084   3.835227    32.2453        664     2.7625  0.000e+00
     28.107    13.3109   3.834991    32.2410        665     2.7667  0.000e+00
     28.064    13.3119   3.834853    32.2389        666     2.7708  0.000e+00
     28.027    13.3125   3.834938    32.2392        667     2.7750  0.000e+00
     27.988    13.3140   3.835214    32.2405        668     2.7792  0.000e+00
     27.948    13.3157   3.835871    32.2453        669     2.7833  0.000e+00
     27.904    13.3208   3.837443    32.2557        670     2.7875  0.000e+00
     27.852    13.3315   3.838041    32.2523        671     2.7917  0.000e+00
     27.787    13.3434   3.840487    32.2650        672     2.7958  0.000e+00
     27.713    13.3621   3.841079    32.2548        673     2.8000  0.000e+00
     27.643    13.3790   3.841164    32.2413        674     2.8042  0.000e+00
     27.563    13.3895   3.841920    32.2395        675     2.8083  0.000e+00
     27.489    13.3989   3.842762    32.2395        676     2.8125  0.000e+00
     27.411    13.4089   3.842874    32.2321        677     2.8167  0.000e+00
     27.350    13.4164   3.843939    32.2357        678     2.8208  0.000e+00
     27.292    13.4254   3.843623    32.2252        679     2.8250  0.000e+00
     27.254    13.4314   3.843965    32.2233        680     2.8292  0.000e+00
     27.220    13.4354   3.844623    32.2262        681     2.8333  0.000e+00
     27.207    13.4412   3.844827    32.2231        682     2.8375  0.000e+00
     27.202    13.4464   3.844781    32.2183        683     2.8417  0.000e+00
     27.200    13.4494   3.845584    32.2233        684     2.8458  0.000e+00
     27.188    13.4549   3.845761    32.2203        685     2.8500  0.000e+00
     27.175    13.4599   3.845676    32.2153        686     2.8542  0.000e+00
     27.157    13.4622   3.845419    32.2110        687     2.8583  0.000e+00
     27.121    13.4622   3.846334    32.2195        688     2.8625  0.000e+00
     27.070    13.4654   3.847545    32.2281        689     2.8667  0.000e+00
     26.996    13.4759   3.849842    32.2407        690     2.8708  0.000e+00
     26.920    13.4957   3.851159    32.2363        691     2.8750  0.000e+00
     26.813    13.5164   3.851573    32.2227        692     2.8792  0.000e+00
     26.705    13.5322   3.852416    32.2173        693     2.8833  0.000e+00
     26.583    13.5460   3.854484    32.2249        694     2.8875  0.000e+00
     26.449    13.5642   3.854878    32.2133        695     2.8917  0.000e+00
     26.315    13.5810   3.856294    32.2124        696     2.8958  0.000e+00
     26.191    13.5982   3.858060    32.2144        697     2.9000  0.000e+00
     26.082    13.6177   3.858191    32.1992        698     2.9042  0.000e+00
     25.990    13.6326   3.857816    32.1832        699     2.9083  0.000e+00
     25.925    13.6398   3.857987    32.1788        700     2.9125  0.000e+00
     25.869    13.6433   3.857848    32.1746        701     2.9167  0.000e+00
     25.838    13.6447   3.857170    32.1672        702     2.9208  0.000e+00
     25.822    13.6421   3.857987    32.1769        703     2.9250  0.000e+00
     25.817    13.6437   3.858830    32.1834        704     2.9292  0.000e+00
     25.818    13.6500   3.858969    32.1794        705     2.9333  0.000e+00
     25.813    13.6554   3.859127    32.1763        706     2.9375  0.000e+00
     25.810    13.6593   3.859265    32.1743        707     2.9417  0.000e+00
     25.795    13.6626   3.859568    32.1743        708     2.9458  0.000e+00
     25.776    13.6657   3.859746    32.1734        709     2.9500  0.000e+00
     25.740    13.6693   3.859884    32.1717        710     2.9542  0.000e+00
     25.687    13.6723   3.860201    32.1721        711     2.9583  0.000e+00
     25.622    13.6754   3.860108    32.1687        712     2.9625  0.000e+00
     25.550    13.6773   3.859976    32.1659        713     2.9667  0.000e+00
     25.469    13.6779   3.860273    32.1682        714     2.9708  0.000e+00
     25.384    13.6789   3.860181    32.1665        715     2.9750  0.000e+00
     25.303    13.6800   3.860167    32.1655        716     2.9792  0.000e+00
     25.216    13.6801   3.860774    32.1711        717     2.9833  0.000e+00
     25.137    13.6832   3.860985    32.1705        718     2.9875  0.000e+00
     25.065    13.6874   3.861710    32.1737        719     2.9917  0.000e+00
     25.001    13.6936   3.861920    32.1705        720     2.9958  0.000e+00
     24.964    13.6993   3.862237    32.1686        721     3.0000  0.000e+00
     24.929    13.7048   3.862283    32.1644        722     3.0042  0.000e+00
     24.898    13.7083   3.862124    32.1600        723     3.0083  0.000e+00
     24.871    13.7101   3.862981    32.1665        724     3.0125  0.000e+00
     24.851    13.7146   3.862533    32.1586        725     3.0167  0.000e+00
     24.827    13.7168   3.862441    32.1559        726     3.0208  0.000e+00
     24.805    13.7164   3.863291    32.1641        727     3.0250  0.000e+00
     24.759    13.7203   3.863614    32.1639        728     3.0292  0.000e+00
     24.710    13.7260   3.864023    32.1629        729     3.0333  0.000e+00
     24.652    13.7315   3.863871    32.1568        730     3.0375  0.000e+00
     24.576    13.7347   3.864412    32.1592        731     3.0417  0.000e+00
     24.495    13.7393   3.865361    32.1642        732     3.0458  0.000e+00
     24.403    13.7473   3.865717    32.1608        733     3.0500  0.000e+00
     24.311    13.7552   3.865605    32.1532        734     3.0542  0.000e+00
     24.217    13.7597   3.865961    32.1528        735     3.0583  0.000e+00
     24.123    13.7637   3.866403    32.1535        736     3.0625  0.000e+00
     24.030    13.7692   3.866429    32.1492        737     3.0667  0.000e+00
     23.938    13.7734   3.866706    32.1483        738     3.0708  0.000e+00
     23.872    13.7773   3.866772    32.1456        739     3.0750  0.000e+00
     23.800    13.7815   3.866910    32.1434        740     3.0792  0.000e+00
     23.751    13.7861   3.867068    32.1411        741     3.0833  0.000e+00
     23.700    13.7902   3.867299    32.1398        742     3.0875  0.000e+00
     23.649    13.7941   3.868011    32.1431        743     3.0917  0.000e+00
     23.612    13.7995   3.869548    32.1529        744     3.0958  0.000e+00
     23.569    13.8091   3.869845    32.1476        745     3.1000  0.000e+00
     23.520    13.8180   3.869383    32.1359        746     3.1042  0.000e+00
     23.475    13.8229   3.868723    32.1256        747     3.1083  0.000e+00
     23.435    13.8241   3.868328    32.1210        748     3.1125  0.000e+00
     23.374    13.8243   3.868624    32.1236        749     3.1167  0.000e+00
     23.327    13.8263   3.869112    32.1265        750     3.1208  0.000e+00
     23.267    13.8294   3.869429    32.1268        751     3.1250  0.000e+00
     23.209    13.8334   3.869640    32.1255        752     3.1292  0.000e+00
     23.148    13.8367   3.869383    32.1204        753     3.1333  0.000e+00
     23.090    13.8376   3.869059    32.1166        754     3.1375  0.000e+00
     23.029    13.8367   3.869666    32.1230        755     3.1417  0.000e+00
     22.974    13.8374   3.869409    32.1201        756     3.1458  0.000e+00
     22.922    13.8381   3.869317    32.1186        757     3.1500  0.000e+00
     22.859    13.8381   3.869594    32.1212        758     3.1542  0.000e+00
     22.796    13.8390   3.869587    32.1204        759     3.1583  0.000e+00
     22.734    13.8398   3.869521    32.1192        760     3.1625  0.000e+00
     22.664    13.8398   3.870003    32.1236        761     3.1667  0.000e+00
     22.593    13.8413   3.869937    32.1218        762     3.1708  0.000e+00
     22.528    13.8433   3.870920    32.1293        763     3.1750  0.000e+00
     22.459    13.8483   3.871276    32.1284        764     3.1792  0.000e+00
     22.380    13.8555   3.871817    32.1274        765     3.1833  0.000e+00
     22.313    13.8638   3.872919    32.1306        766     3.1875  0.000e+00
     22.242    13.8744   3.873374    32.1260        767     3.1917  0.000e+00
     22.167    13.8843   3.874159    32.1251        768     3.1958  0.000e+00
     22.105    13.8936   3.874548    32.1209        769     3.2000  0.000e+00
     22.042    13.9012   3.875255    32.1211        770     3.2042  0.000e+00
     21.982    13.9079   3.875717    32.1197        771     3.2083  0.000e+00
     21.925    13.9140   3.875809    32.1155        772     3.2125  0.000e+00
     21.867    13.9187   3.875981    32.1132        773     3.2167  0.000e+00
     21.820    13.9219   3.876152    32.1121        774     3.2208  0.000e+00
     21.773    13.9246   3.876178    32.1102        775     3.2250  0.000e+00
     21.731    13.9261   3.876654    32.1133        776     3.2292  0.000e+00
     21.696    13.9286   3.877050    32.1149        777     3.2333  0.000e+00
     21.653    13.9320   3.877188    32.1133        778     3.2375  0.000e+00
     21.618    13.9347   3.877261    32.1117        779     3.2417  0.000e+00
     21.579    13.9371   3.877122    32.1085        780     3.2458  0.000e+00
     21.532    13.9381   3.876937    32.1060        781     3.2500  0.000e+00
     21.477    13.9383   3.876970    32.1061        782     3.2542  0.000e+00
     21.418    13.9385   3.877300    32.1090        783     3.2583  0.000e+00
     21.353    13.9400   3.877994    32.1142        784     3.2625  0.000e+00
     21.275    13.9441   3.878878    32.1190        785     3.2667  0.000e+00
     21.194    13.9504   3.879347    32.1180        786     3.2708  0.000e+00
     21.095    13.9579   3.879393    32.1122        787     3.2750  0.000e+00
     21.001    13.9643   3.879334    32.1064        788     3.2792  0.000e+00
     20.907    13.9684   3.879327    32.1030        789     3.2833  0.000e+00
     20.811    13.9710   3.879486    32.1022        790     3.2875  0.000e+00
     20.725    13.9734   3.879558    32.1009        791     3.2917  0.000e+00
     20.640    13.9752   3.879842    32.1021        792     3.2958  0.000e+00
     20.573    13.9775   3.880384    32.1052        793     3.3000  0.000e+00
     20.504    13.9806   3.880727    32.1058        794     3.3042  0.000e+00
     20.452    13.9846   3.881097    32.1059        795     3.3083  0.000e+00
     20.403    13.9886   3.881420    32.1056        796     3.3125  0.000e+00
     20.363    13.9925   3.881836    32.1062        797     3.3167  0.000e+00
     20.324    13.9962   3.882305    32.1074        798     3.3208  0.000e+00
     20.291    14.0004   3.882708    32.1076        799     3.3250  0.000e+00
     20.259    14.0050   3.882754    32.1042        800     3.3292  0.000e+00
     20.220    14.0081   3.882913    32.1031        801     3.3333  0.000e+00
     20.175    14.0108   3.883124    32.1029        802     3.3375  0.000e+00
     20.134    14.0136   3.883237    32.1015        803     3.3417  0.000e+00
     20.083    14.0161   3.883421    32.1012        804     3.3458  0.000e+00
     20.028    14.0182   3.883468    32.0999        805     3.3500  0.000e+00
     19.964    14.0203   3.883818    32.1014        806     3.3542  0.000e+00
     19.904    14.0227   3.884439    32.1052        807     3.3583  0.000e+00
     19.831    14.0266   3.884703    32.1044        808     3.3625  0.000e+00
     19.760    14.0312   3.884941    32.1027        809     3.3667  0.000e+00
     19.688    14.0355   3.885311    32.1026        810     3.3708  0.000e+00
     19.609    14.0401   3.886130    32.1063        811     3.3750  0.000e+00
     19.531    14.0475   3.887782    32.1153        812     3.3792  0.000e+00
     19.466    14.0593   3.888033    32.1079        813     3.3833  0.000e+00
     19.394    14.0695   3.888522    32.1039        814     3.3875  0.000e+00
     19.338    14.0781   3.888820    32.0994        815     3.3917  0.000e+00
     19.291    14.0851   3.888998    32.0953        816     3.3958  0.000e+00
     19.251    14.0893   3.888330    32.0857        817     3.4000  0.000e+00
     19.221    14.0890   3.887663    32.0798        818     3.4042  0.000e+00
     19.202    14.0847   3.887663    32.0834        819     3.4083  0.000e+00
     19.181    14.0817   3.888310    32.0919        820     3.4125  0.000e+00
     19.168    14.0831   3.888449    32.0920        821     3.4167  0.000e+00
     19.152    14.0852   3.888191    32.0878        822     3.4208  0.000e+00
     19.132    14.0854   3.887960    32.0855        823     3.4250  0.000e+00
     19.096    14.0839   3.888013    32.0873        824     3.4292  0.000e+00
     19.054    14.0830   3.887960    32.0876        825     3.4333  0.000e+00
     19.005    14.0824   3.887801    32.0867        826     3.4375  0.000e+00
     18.947    14.0812   3.888284    32.0921        827     3.4417  0.000e+00
     18.872    14.0823   3.888634    32.0944        828     3.4458  0.000e+00
     18.790    14.0859   3.889626    32.1006        829     3.4500  0.000e+00
     18.706    14.0925   3.890155    32.1000        830     3.4542  0.000e+00
