HB2303/sbe169.cnv
* Sea-Bird SBE 19plus V2 Data File:
* FileName = C:\cruise\data\sbe169.hex
* Software Version Seasave V 7.26.7.121
* Temperature SN = 6128
* Conductivity SN = 6128
* System UpLoad Time = Aug 24 2023 07:51:50
* NMEA Latitude = 40 58.32 N
* NMEA Longitude = 070 30.21 W
* NMEA UTC (Time) = Aug 24 2023 07:51:46
** Ship: Henry Bigelow
** Cruise:  HB2303
** Program:  ECOMON
# nquan = 7
# nvalues = 1373                                  
# units = specified
# name 0 = depSM: Depth [salt water, m]
# name 1 = tv290C: Temperature [ITS-90, deg C]
# name 2 = c0S/m: Conductivity [S/m]
# name 3 = sal00: Salinity, Practical [PSU]
# name 4 = scan: Scan Count
# name 5 = timeM: Time, Elapsed [minutes]
# name 6 = flag:  0.000e+00
# span 0 =     -0.080,     40.464                 
# span 1 =    11.3015,    21.3753                 
# span 2 =   0.001593,   4.741812                 
# span 3 =     0.0148,    33.8996                 
# span 4 =         11,       1383                 
# span 5 =     0.0417,     5.7583                 
# span 6 = 0.0000e+00, 0.0000e+00                 
# interval = seconds: 0.25
# start_time = Aug 24 2023 07:51:46 [NMEA time, header]
# bad_flag = -9.990e-29
*END*
[from data line 206]
     23.769    13.1963   3.865038    32.6224        217     0.9000  0.000e+00
     23.906    13.1945   3.861742    32.5929        218     0.9042  0.000e+00
     24.043    13.1841   3.858638    32.5726        219     0.9083  0.000e+00
     24.175    13.1653   3.856595    32.5694        220     0.9125  0.000e+00
     24.311    13.1455   3.854224    32.5640        221     0.9167  0.000e+00
     24.440    13.1254   3.852934    32.5691        222     0.9208  0.000e+00
     24.569    13.1076   3.850866    32.5649        223     0.9250  0.000e+00
     24.700    13.0898   3.847977    32.5529        224     0.9292  0.000e+00
     24.826    13.0695   3.844963    32.5418        225     0.9333  0.000e+00
     24.959    13.0459   3.842601    32.5398        226     0.9375  0.000e+00
     25.086    13.0223   3.840858    32.5435        227     0.9417  0.000e+00
     25.216    13.0017   3.839037    32.5440        228     0.9458  0.000e+00
     25.343    12.9826   3.836348    32.5349        229     0.9500  0.000e+00
     25.474    12.9620   3.834764    32.5376        230     0.9542  0.000e+00
     25.612    12.9427   3.833542    32.5426        231     0.9583  0.000e+00
     25.746    12.9264   3.831038    32.5328        232     0.9625  0.000e+00
     25.890    12.9088   3.827425    32.5138        233     0.9667  0.000e+00
     26.031    12.8844   3.820394    32.4681        234     0.9708  0.000e+00
     26.179    12.8447   3.810627    32.4097        235     0.9750  0.000e+00
     26.323    12.7806   3.802305    32.3857        236     0.9792  0.000e+00
     26.467    12.7023   3.796315    32.3961        237     0.9833  0.000e+00
     26.608    12.6252   3.792866    32.4294        238     0.9875  0.000e+00
     26.754    12.5627   3.793070    32.4853        239     0.9917  0.000e+00
     26.895    12.5223   3.791618    32.5063        240     0.9958  0.000e+00
     27.038    12.4949   3.789355    32.5083        241     1.0000  0.000e+00
     27.182    12.4716   3.786477    32.5009        242     1.0042  0.000e+00
     27.312    12.4470   3.785909    32.5167        243     1.0083  0.000e+00
     27.442    12.4278   3.784575    32.5205        244     1.0125  0.000e+00
     27.572    12.4120   3.783634    32.5251        245     1.0167  0.000e+00
     27.701    12.3992   3.783150    32.5315        246     1.0208  0.000e+00
     27.821    12.3894   3.782680    32.5354        247     1.0250  0.000e+00
     27.941    12.3825   3.782294    32.5377        248     1.0292  0.000e+00
     28.060    12.3767   3.782301    32.5428        249     1.0333  0.000e+00
     28.177    12.3735   3.782517    32.5475        250     1.0375  0.000e+00
     28.295    12.3725   3.782772    32.5508        251     1.0417  0.000e+00
     28.416    12.3733   3.783098    32.5532        252     1.0458  0.000e+00
     28.535    12.3754   3.783125    32.5516        253     1.0500  0.000e+00
     28.656    12.3774   3.782608    32.5449        254     1.0542  0.000e+00
     28.781    12.3766   3.782236    32.5420        255     1.0583  0.000e+00
     28.907    12.3739   3.782072    32.5427        256     1.0625  0.000e+00
     29.039    12.3716   3.781674    32.5408        257     1.0667  0.000e+00
     29.169    12.3690   3.781602    32.5423        258     1.0708  0.000e+00
     29.296    12.3666   3.781399    32.5423        259     1.0750  0.000e+00
     29.428    12.3647   3.781060    32.5407        260     1.0792  0.000e+00
     29.561    12.3626   3.781203    32.5438        261     1.0833  0.000e+00
     29.695    12.3617   3.781177    32.5443        262     1.0875  0.000e+00
     29.832    12.3614   3.781001    32.5428        263     1.0917  0.000e+00
     29.967    12.3607   3.779962    32.5335        264     1.0958  0.000e+00
     30.104    12.3563   3.780178    32.5393        265     1.1000  0.000e+00
     30.244    12.3531   3.780054    32.5408        266     1.1042  0.000e+00
     30.377    12.3516   3.779753    32.5392        267     1.1083  0.000e+00
     30.517    12.3495   3.779420    32.5378        268     1.1125  0.000e+00
     30.656    12.3470   3.778930    32.5352        269     1.1167  0.000e+00
     30.793    12.3434   3.778747    32.5364        270     1.1208  0.000e+00
     30.932    12.3400   3.778159    32.5337        271     1.1250  0.000e+00
     31.073    12.3360   3.777878    32.5344        272     1.1292  0.000e+00
     31.213    12.3328   3.777859    32.5369        273     1.1333  0.000e+00
     31.350    12.3303   3.777721    32.5378        274     1.1375  0.000e+00
     31.491    12.3283   3.777480    32.5371        275     1.1417  0.000e+00
     31.627    12.3263   3.777225    32.5363        276     1.1458  0.000e+00
     31.770    12.3238   3.777147    32.5377        277     1.1500  0.000e+00
     31.899    12.3218   3.776990    32.5379        278     1.1542  0.000e+00
     32.038    12.3201   3.776500    32.5346        279     1.1583  0.000e+00
     32.171    12.3172   3.776383    32.5360        280     1.1625  0.000e+00
     32.302    12.3144   3.776233    32.5369        281     1.1667  0.000e+00
     32.432    12.3126   3.776011    32.5363        282     1.1708  0.000e+00
     32.555    12.3105   3.775697    32.5351        283     1.1750  0.000e+00
     32.684    12.3082   3.775514    32.5352        284     1.1792  0.000e+00
     32.811    12.3059   3.775305    32.5352        285     1.1833  0.000e+00
     32.938    12.3040   3.775273    32.5364        286     1.1875  0.000e+00
     33.063    12.3024   3.775234    32.5375        287     1.1917  0.000e+00
     33.188    12.3009   3.774672    32.5333        288     1.1958  0.000e+00
     33.316    12.2987   3.774280    32.5314        289     1.2000  0.000e+00
     33.442    12.2951   3.773627    32.5282        290     1.2042  0.000e+00
     33.574    12.2904   3.772876    32.5250        291     1.2083  0.000e+00
     33.698    12.2845   3.772106    32.5226        292     1.2125  0.000e+00
     33.827    12.2780   3.771114    32.5187        293     1.2167  0.000e+00
     33.965    12.2700   3.769534    32.5105        294     1.2208  0.000e+00
     34.103    12.2587   3.766401    32.4901        295     1.2250  0.000e+00
     34.240    12.2405   3.764803    32.4905        296     1.2292  0.000e+00
     34.381    12.2212   3.762429    32.4844        297     1.2333  0.000e+00
     34.520    12.2012   3.761705    32.4948        298     1.2375  0.000e+00
     34.665    12.1842   3.760655    32.4993        299     1.2417  0.000e+00
     34.809    12.1703   3.758308    32.4888        300     1.2458  0.000e+00
     34.952    12.1535   3.756398    32.4849        301     1.2500  0.000e+00
     35.096    12.1340   3.754234    32.4810        302     1.2542  0.000e+00
     35.241    12.1125   3.750736    32.4660        303     1.2583  0.000e+00
     35.382    12.0829   3.746353    32.4493        304     1.2625  0.000e+00
     35.527    12.0445   3.741321    32.4341        305     1.2667  0.000e+00
     35.664    11.9971   3.738205    32.4451        306     1.2708  0.000e+00
     35.799    11.9516   3.736495    32.4682        307     1.2750  0.000e+00
     35.938    11.9148   3.734408    32.4800        308     1.2792  0.000e+00
     36.068    11.8827   3.731281    32.4777        309     1.2833  0.000e+00
     36.204    11.8500   3.729922    32.4930        310     1.2875  0.000e+00
     36.330    11.8217   3.727908    32.4982        311     1.2917  0.000e+00
     36.462    11.7961   3.726329    32.5051        312     1.2958  0.000e+00
     36.594    11.7733   3.724764    32.5098        313     1.3000  0.000e+00
     36.724    11.7520   3.721906    32.5006        314     1.3042  0.000e+00
     36.860    11.7262   3.718692    32.4919        315     1.3083  0.000e+00
     36.995    11.6955   3.717661    32.5087        316     1.3125  0.000e+00
     37.134    11.6693   3.715324    32.5089        317     1.3167  0.000e+00
     37.279    11.6439   3.713073    32.5091        318     1.3208  0.000e+00
     37.423    11.6174   3.711471    32.5167        319     1.3250  0.000e+00
     37.569    11.5929   3.710096    32.5247        320     1.3292  0.000e+00
     37.723    11.5713   3.709318    32.5360        321     1.3333  0.000e+00
     37.875    11.5537   3.709066    32.5490        322     1.3375  0.000e+00
     38.026    11.5412   3.702706    32.4977        323     1.3417  0.000e+00
     38.182    11.5315   3.707095    32.5491        324     1.3458  0.000e+00
     38.334    11.5196   3.705772    32.5465        325     1.3500  0.000e+00
     38.485    11.5061   3.705059    32.5514        326     1.3542  0.000e+00
     38.634    11.4948   3.704787    32.5586        327     1.3583  0.000e+00
     38.776    11.4860   3.704463    32.5631        328     1.3625  0.000e+00
     38.908    11.4794   3.702798    32.5526        329     1.3667  0.000e+00
     39.044    11.4689   3.700996    32.5441        330     1.3708  0.000e+00
     39.174    11.4536   3.699668    32.5445        331     1.3750  0.000e+00
     39.298    11.4368   3.698023    32.5431        332     1.3792  0.000e+00
     39.419    11.4187   3.697045    32.5494        333     1.3833  0.000e+00
     39.542    11.4018   3.696177    32.5558        334     1.3875  0.000e+00
     39.663    11.3867   3.695271    32.5602        335     1.3917  0.000e+00
     39.785    11.3728   3.694766    32.5674        336     1.3958  0.000e+00
     39.911    11.3613   3.694585    32.5757        337     1.4000  0.000e+00
     40.036    11.3538   3.694333    32.5798        338     1.4042  0.000e+00
     40.171    11.3483   3.693925    32.5807        339     1.4083  0.000e+00
     40.306    11.3428   3.693614    32.5824        340     1.4125  0.000e+00
     40.389    11.3385   3.693083    32.5810        341     1.4167  0.000e+00
     40.449    11.3328   3.692604    32.5812        342     1.4208  0.000e+00
     40.451    11.3269   3.692307    32.5835        343     1.4250  0.000e+00
     40.415    11.3212   3.692035    32.5858        344     1.4292  0.000e+00
     40.395    11.3166   3.692080    32.5904        345     1.4333  0.000e+00
     40.395    11.3144   3.692100    32.5925        346     1.4375  0.000e+00
     40.403    11.3134   3.692054    32.5930        347     1.4417  0.000e+00
     40.415    11.3127   3.692145    32.5945        348     1.4458  0.000e+00
     40.423    11.3132   3.692216    32.5947        349     1.4500  0.000e+00
     40.430    11.3139   3.692236    32.5943        350     1.4542  0.000e+00
     40.436    11.3145   3.692261    32.5940        351     1.4583  0.000e+00
     40.448    11.3155   3.692294    32.5935        352     1.4625  0.000e+00
     40.459    11.3163   3.692145    32.5913        353     1.4667  0.000e+00
     40.464    11.3161   3.691944    32.5895        354     1.4708  0.000e+00
     40.464    11.3148   3.691899    32.5902        355     1.4750  0.000e+00
     40.459    11.3139   3.692035    32.5923        356     1.4792  0.000e+00
     40.443    11.3137   3.691964    32.5918        357     1.4833  0.000e+00
     40.427    11.3140   3.691854    32.5904        358     1.4875  0.000e+00
     40.396    11.3138   3.691737    32.5895        359     1.4917  0.000e+00
     40.371    11.3126   3.691575    32.5890        360     1.4958  0.000e+00
     40.347    11.3113   3.691536    32.5898        361     1.5000  0.000e+00
     40.324    11.3103   3.691465    32.5899        362     1.5042  0.000e+00
     40.297    11.3091   3.691349    32.5899        363     1.5083  0.000e+00
     40.279    11.3079   3.691148    32.5889        364     1.5125  0.000e+00
     40.264    11.3063   3.690883    32.5878        365     1.5167  0.000e+00
     40.259    11.3033   3.690941    32.5910        366     1.5208  0.000e+00
     40.250    11.3018   3.691006    32.5929        367     1.5250  0.000e+00
     40.248    11.3015   3.691058    32.5937        368     1.5292  0.000e+00
     40.244    11.3020   3.691232    32.5951        369     1.5333  0.000e+00
     40.250    11.3030   3.691375    32.5956        370     1.5375  0.000e+00
     40.255    11.3045   3.691465    32.5951        371     1.5417  0.000e+00
     40.257    11.3061   3.691439    32.5934        372     1.5458  0.000e+00
     40.262    11.3072   3.691278    32.5909        373     1.5500  0.000e+00
     40.262    11.3068   3.691239    32.5908        374     1.5542  0.000e+00
     40.260    11.3065   3.691303    32.5917        375     1.5583  0.000e+00
     40.259    11.3065   3.691439    32.5931        376     1.5625  0.000e+00
     40.257    11.3074   3.691446    32.5923        377     1.5667  0.000e+00
     40.246    11.3082   3.691375    32.5910        378     1.5708  0.000e+00
     40.230    11.3088   3.691485    32.5915        379     1.5750  0.000e+00
     40.216    11.3094   3.691530    32.5914        380     1.5792  0.000e+00
     40.195    11.3103   3.691510    32.5905        381     1.5833  0.000e+00
     40.176    11.3110   3.691556    32.5903        382     1.5875  0.000e+00
     40.153    11.3116   3.691510    32.5893        383     1.5917  0.000e+00
     40.128    11.3124   3.691620    32.5897        384     1.5958  0.000e+00
     40.106    11.3129   3.691620    32.5892        385     1.6000  0.000e+00
     40.089    11.3135   3.691815    32.5906        386     1.6042  0.000e+00
     40.068    11.3145   3.691646    32.5881        387     1.6083  0.000e+00
     40.055    11.3150   3.691646    32.5877        388     1.6125  0.000e+00
     40.036    11.3151   3.691530    32.5864        389     1.6167  0.000e+00
     40.026    11.3145   3.691472    32.5864        390     1.6208  0.000e+00
     40.014    11.3135   3.691374    32.5864        391     1.6250  0.000e+00
     40.006    11.3127   3.691284    32.5862        392     1.6292  0.000e+00
     39.994    11.3115   3.691193    32.5864        393     1.6333  0.000e+00
     39.981    11.3103   3.691141    32.5869        394     1.6375  0.000e+00
     39.974    11.3092   3.691057    32.5870        395     1.6417  0.000e+00
     39.969    11.3081   3.691213    32.5895        396     1.6458  0.000e+00
     39.965    11.3082   3.691284    32.5902        397     1.6500  0.000e+00
     39.958    11.3089   3.691297    32.5897        398     1.6542  0.000e+00
     39.954    11.3093   3.691510    32.5914        399     1.6583  0.000e+00
     39.949    11.3107   3.691620    32.5913        400     1.6625  0.000e+00
     39.947    11.3124   3.691394    32.5875        401     1.6667  0.000e+00
     39.944    11.3128   3.691297    32.5862        402     1.6708  0.000e+00
     39.940    11.3122   3.691718    32.5909        403     1.6750  0.000e+00
     39.929    11.3133   3.691666    32.5894        404     1.6792  0.000e+00
     39.924    11.3150   3.691782    32.5891        405     1.6833  0.000e+00
     39.915    11.3163   3.691989    32.5900        406     1.6875  0.000e+00
     39.906    11.3179   3.691873    32.5874        407     1.6917  0.000e+00
     39.889    11.3192   3.691963    32.5871        408     1.6958  0.000e+00
     39.873    11.3199   3.691873    32.5857        409     1.7000  0.000e+00
     39.851    11.3199   3.691711    32.5841        410     1.7042  0.000e+00
     39.831    11.3192   3.691620    32.5839        411     1.7083  0.000e+00
     39.808    11.3185   3.691963    32.5878        412     1.7125  0.000e+00
     39.774    11.3188   3.692171    32.5896        413     1.7167  0.000e+00
     39.741    11.3208   3.691918    32.5854        414     1.7208  0.000e+00
     39.704    11.3217   3.692099    32.5864        415     1.7250  0.000e+00
     39.678    11.3222   3.692876    32.5936        416     1.7292  0.000e+00
     39.635    11.3264   3.692895    32.5901        417     1.7333  0.000e+00
     39.592    11.3303   3.693465    32.5922        418     1.7375  0.000e+00
     39.548    11.3350   3.693854    32.5919        419     1.7417  0.000e+00
     39.501    11.3409   3.694223    32.5903        420     1.7458  0.000e+00
