HB2303/sbe126.cnv
* Sea-Bird SBE 19plus V2 Data File:
* FileName = C:\cruise\data\sbe126.hex
* Software Version Seasave V 7.26.7.121
* Temperature SN = 6128
* Conductivity SN = 6128
* System UpLoad Time = Aug 20 2023 12:38:54
* NMEA Latitude = 43 46.58 N
* NMEA Longitude = 067 09.80 W
* NMEA UTC (Time) = Aug 20 2023 12:38:50
** Ship: Henry Bigelow
** Cruise:  HB2303
** Program:  ECOMON
# nquan = 7
# nvalues = 4603                                  
# units = specified
# name 0 = depSM: Depth [salt water, m]
# name 1 = tv290C: Temperature [ITS-90, deg C]
# name 2 = c0S/m: Conductivity [S/m]
# name 3 = sal00: Salinity, Practical [PSU]
# name 4 = scan: Scan Count
# name 5 = timeM: Time, Elapsed [minutes]
# name 6 = flag:  0.000e+00
# span 0 =     -0.254,    179.007                 
# span 1 =     8.0474,    20.9124                 
# span 2 =   0.001904,   4.246322                 
# span 3 =     0.0167,    34.1759                 
# span 4 =         11,       4613                 
# span 5 =     0.0417,    19.2167                 
# span 6 = 0.0000e+00, 0.0000e+00                 
# interval = seconds: 0.25
# start_time = Aug 20 2023 12:38:50 [NMEA time, header]
# bad_flag = -9.990e-29
*END*
[from data line 1436]
    178.421     8.9910   3.642922    34.1728       1447     6.0250  0.000e+00
    178.552     8.9908   3.642941    34.1732       1448     6.0292  0.000e+00
    178.671     8.9907   3.642922    34.1730       1449     6.0333  0.000e+00
    178.801     8.9906   3.642915    34.1730       1450     6.0375  0.000e+00
    178.920     8.9905   3.642941    34.1733       1451     6.0417  0.000e+00
    179.007     8.9906   3.642922    34.1730       1452     6.0458  0.000e+00
    179.007     8.9904   3.642922    34.1732       1453     6.0500  0.000e+00
    178.941     8.9902   3.642896    34.1731       1454     6.0542  0.000e+00
    178.818     8.9900   3.642851    34.1729       1455     6.0583  0.000e+00
    178.704     8.9898   3.642832    34.1729       1456     6.0625  0.000e+00
    178.618     8.9898   3.642832    34.1730       1457     6.0667  0.000e+00
    178.532     8.9897   3.642812    34.1730       1458     6.0708  0.000e+00
    178.448     8.9895   3.642806    34.1731       1459     6.0750  0.000e+00
    178.367     8.9895   3.642767    34.1727       1460     6.0792  0.000e+00
    178.290     8.9893   3.642786    34.1732       1461     6.0833  0.000e+00
    178.218     8.9893   3.642786    34.1731       1462     6.0875  0.000e+00
    178.155     8.9895   3.642786    34.1730       1463     6.0917  0.000e+00
    178.106     8.9893   3.642767    34.1730       1464     6.0958  0.000e+00
    178.062     8.9892   3.642767    34.1731       1465     6.1000  0.000e+00
    178.031     8.9892   3.642728    34.1728       1466     6.1042  0.000e+00
    178.005     8.9890   3.642767    34.1733       1467     6.1083  0.000e+00
    177.991     8.9891   3.642806    34.1737       1468     6.1125  0.000e+00
    177.974     8.9891   3.642806    34.1737       1469     6.1167  0.000e+00
    177.968     8.9893   3.642741    34.1728       1470     6.1208  0.000e+00
    177.956     8.9893   3.642786    34.1733       1471     6.1250  0.000e+00
    177.950     8.9892   3.642786    34.1734       1472     6.1292  0.000e+00
    177.941     8.9892   3.642831    34.1739       1473     6.1333  0.000e+00
    177.926     8.9893   3.642876    34.1742       1474     6.1375  0.000e+00
    177.908     8.9897   3.642921    34.1744       1475     6.1417  0.000e+00
    177.877     8.9901   3.642966    34.1744       1476     6.1458  0.000e+00
    177.841     8.9906   3.642941    34.1737       1477     6.1500  0.000e+00
    177.790     8.9908   3.642941    34.1735       1478     6.1542  0.000e+00
    177.724     8.9910   3.642896    34.1729       1479     6.1583  0.000e+00
    177.646     8.9910   3.642896    34.1729       1480     6.1625  0.000e+00
    177.565     8.9911   3.642941    34.1734       1481     6.1667  0.000e+00
    177.466     8.9911   3.642941    34.1734       1482     6.1708  0.000e+00
    177.368     8.9911   3.642921    34.1733       1483     6.1750  0.000e+00
    177.261     8.9910   3.643011    34.1743       1484     6.1792  0.000e+00
    177.157     8.9913   3.642986    34.1738       1485     6.1833  0.000e+00
    177.049     8.9915   3.642985    34.1737       1486     6.1875  0.000e+00
    176.947     8.9918   3.643011    34.1738       1487     6.1917  0.000e+00
    176.848     8.9919   3.643011    34.1737       1488     6.1958  0.000e+00
    176.759     8.9919   3.643030    34.1739       1489     6.2000  0.000e+00
    176.681     8.9919   3.642895    34.1725       1490     6.2042  0.000e+00
    176.618     8.9916   3.642895    34.1728       1491     6.2083  0.000e+00
    176.564     8.9915   3.642805    34.1721       1492     6.2125  0.000e+00
    176.527     8.9910   3.642721    34.1716       1493     6.2167  0.000e+00
    176.502     8.9904   3.642650    34.1715       1494     6.2208  0.000e+00
    176.482     8.9899   3.642631    34.1718       1495     6.2250  0.000e+00
    176.469     8.9893   3.642631    34.1724       1496     6.2292  0.000e+00
    176.452     8.9889   3.642605    34.1725       1497     6.2333  0.000e+00
    176.437     8.9886   3.642573    34.1724       1498     6.2375  0.000e+00
    176.416     8.9886   3.642586    34.1726       1499     6.2417  0.000e+00
    176.385     8.9886   3.642605    34.1728       1500     6.2458  0.000e+00
    176.338     8.9886   3.642560    34.1724       1501     6.2500  0.000e+00
    176.294     8.9886   3.642696    34.1738       1502     6.2542  0.000e+00
    176.225     8.9887   3.642766    34.1744       1503     6.2583  0.000e+00
    176.150     8.9895   3.642805    34.1742       1504     6.2625  0.000e+00
    176.074     8.9900   3.642850    34.1742       1505     6.2667  0.000e+00
    175.991     8.9903   3.642895    34.1744       1506     6.2708  0.000e+00
    175.896     8.9910   3.642940    34.1743       1507     6.2750  0.000e+00
    175.804     8.9914   3.642895    34.1734       1508     6.2792  0.000e+00
    175.710     8.9914   3.642876    34.1733       1509     6.2833  0.000e+00
    175.627     8.9915   3.642895    34.1734       1510     6.2875  0.000e+00
    175.538     8.9917   3.642921    34.1735       1511     6.2917  0.000e+00
    175.453     8.9918   3.642921    34.1735       1512     6.2958  0.000e+00
    175.374     8.9918   3.642895    34.1732       1513     6.3000  0.000e+00
    175.292     8.9918   3.642895    34.1733       1514     6.3042  0.000e+00
    175.216     8.9920   3.642920    34.1734       1515     6.3083  0.000e+00
    175.129     8.9919   3.642920    34.1735       1516     6.3125  0.000e+00
    175.036     8.9920   3.642875    34.1730       1517     6.3167  0.000e+00
    174.938     8.9921   3.642850    34.1727       1518     6.3208  0.000e+00
    174.833     8.9920   3.642875    34.1731       1519     6.3250  0.000e+00
    174.721     8.9919   3.642830    34.1728       1520     6.3292  0.000e+00
    174.609     8.9916   3.642830    34.1731       1521     6.3333  0.000e+00
    174.495     8.9918   3.642766    34.1723       1522     6.3375  0.000e+00
    174.374     8.9915   3.642721    34.1722       1523     6.3417  0.000e+00
    174.254     8.9912   3.642804    34.1734       1524     6.3458  0.000e+00
    174.142     8.9912   3.642785    34.1733       1525     6.3500  0.000e+00
    174.031     8.9913   3.642766    34.1730       1526     6.3542  0.000e+00
    173.930     8.9912   3.642785    34.1733       1527     6.3583  0.000e+00
    173.831     8.9913   3.642785    34.1732       1528     6.3625  0.000e+00
    173.735     8.9914   3.642765    34.1730       1529     6.3667  0.000e+00
    173.639     8.9914   3.642701    34.1724       1530     6.3708  0.000e+00
    173.550     8.9912   3.642740    34.1730       1531     6.3750  0.000e+00
    173.458     8.9913   3.642740    34.1730       1532     6.3792  0.000e+00
    173.371     8.9913   3.642720    34.1728       1533     6.3833  0.000e+00
    173.275     8.9912   3.642675    34.1725       1534     6.3875  0.000e+00
    173.172     8.9912   3.642649    34.1723       1535     6.3917  0.000e+00
    173.076     8.9909   3.642604    34.1722       1536     6.3958  0.000e+00
    172.967     8.9907   3.642598    34.1723       1537     6.4000  0.000e+00
    172.852     8.9904   3.642604    34.1727       1538     6.4042  0.000e+00
    172.734     8.9904   3.642604    34.1727       1539     6.4083  0.000e+00
    172.604     8.9904   3.642630    34.1731       1540     6.4125  0.000e+00
    172.475     8.9904   3.642604    34.1729       1541     6.4167  0.000e+00
    172.337     8.9904   3.642585    34.1728       1542     6.4208  0.000e+00
    172.201     8.9904   3.642424    34.1712       1543     6.4250  0.000e+00
    172.060     8.9899   3.642404    34.1715       1544     6.4292  0.000e+00
    171.915     8.9895   3.642449    34.1724       1545     6.4333  0.000e+00
    171.777     8.9894   3.642443    34.1725       1546     6.4375  0.000e+00
    171.647     8.9892   3.642494    34.1733       1547     6.4417  0.000e+00
    171.519     8.9893   3.642539    34.1737       1548     6.4458  0.000e+00
    171.393     8.9896   3.642423    34.1723       1549     6.4500  0.000e+00
    171.281     8.9895   3.642423    34.1724       1550     6.4542  0.000e+00
    171.170     8.9896   3.642378    34.1719       1551     6.4583  0.000e+00
    171.060     8.9891   3.642333    34.1720       1552     6.4625  0.000e+00
    170.955     8.9890   3.642288    34.1717       1553     6.4667  0.000e+00
    170.850     8.9885   3.642359    34.1729       1554     6.4708  0.000e+00
    170.736     8.9887   3.642558    34.1749       1555     6.4750  0.000e+00
    170.616     8.9894   3.642558    34.1742       1556     6.4792  0.000e+00
    170.489     8.9900   3.642494    34.1730       1557     6.4833  0.000e+00
    170.357     8.9903   3.642449    34.1724       1558     6.4875  0.000e+00
    170.226     8.9902   3.642468    34.1727       1559     6.4917  0.000e+00
    170.089     8.9900   3.642423    34.1725       1560     6.4958  0.000e+00
    169.950     8.9901   3.642423    34.1725       1561     6.5000  0.000e+00
    169.807     8.9900   3.642403    34.1725       1562     6.5042  0.000e+00
    169.662     8.9898   3.642448    34.1731       1563     6.5083  0.000e+00
    169.521     8.9900   3.642423    34.1728       1564     6.5125  0.000e+00
    169.379     8.9898   3.642378    34.1725       1565     6.5167  0.000e+00
    169.236     8.9900   3.642358    34.1723       1566     6.5208  0.000e+00
    169.101     8.9898   3.642358    34.1725       1567     6.5250  0.000e+00
    168.972     8.9897   3.642313    34.1722       1568     6.5292  0.000e+00
    168.843     8.9895   3.642313    34.1724       1569     6.5333  0.000e+00
    168.711     8.9894   3.642294    34.1724       1570     6.5375  0.000e+00
    168.586     8.9894   3.642242    34.1719       1571     6.5417  0.000e+00
    168.459     8.9892   3.642242    34.1722       1572     6.5458  0.000e+00
    168.338     8.9890   3.642223    34.1722       1573     6.5500  0.000e+00
    168.211     8.9889   3.642242    34.1726       1574     6.5542  0.000e+00
    168.085     8.9889   3.642223    34.1724       1575     6.5583  0.000e+00
    167.956     8.9887   3.642223    34.1726       1576     6.5625  0.000e+00
    167.820     8.9889   3.642197    34.1723       1577     6.5667  0.000e+00
    167.689     8.9889   3.642190    34.1723       1578     6.5708  0.000e+00
    167.552     8.9887   3.642158    34.1721       1579     6.5750  0.000e+00
    167.407     8.9887   3.642158    34.1723       1580     6.5792  0.000e+00
    167.259     8.9886   3.642177    34.1726       1581     6.5833  0.000e+00
    167.111     8.9887   3.642177    34.1726       1582     6.5875  0.000e+00
    166.960     8.9886   3.642222    34.1732       1583     6.5917  0.000e+00
    166.812     8.9887   3.642177    34.1727       1584     6.5958  0.000e+00
    166.678     8.9889   3.642241    34.1733       1585     6.6000  0.000e+00
    166.542     8.9890   3.642125    34.1720       1586     6.6042  0.000e+00
    166.415     8.9889   3.642087    34.1718       1587     6.6083  0.000e+00
    166.305     8.9886   3.642042    34.1717       1588     6.6125  0.000e+00
    166.198     8.9882   3.641977    34.1714       1589     6.6167  0.000e+00
    166.097     8.9881   3.641977    34.1716       1590     6.6208  0.000e+00
    166.005     8.9878   3.642022    34.1724       1591     6.6250  0.000e+00
    165.909     8.9878   3.642042    34.1726       1592     6.6292  0.000e+00
    165.805     8.9880   3.642042    34.1724       1593     6.6333  0.000e+00
    165.702     8.9880   3.642035    34.1725       1594     6.6375  0.000e+00
    165.590     8.9881   3.642067    34.1727       1595     6.6417  0.000e+00
    165.471     8.9883   3.642041    34.1723       1596     6.6458  0.000e+00
    165.336     8.9883   3.642067    34.1727       1597     6.6500  0.000e+00
    165.201     8.9884   3.642022    34.1722       1598     6.6542  0.000e+00
    165.061     8.9885   3.642022    34.1721       1599     6.6583  0.000e+00
    164.909     8.9883   3.642022    34.1724       1600     6.6625  0.000e+00
    164.764     8.9883   3.642086    34.1731       1601     6.6667  0.000e+00
    164.625     8.9885   3.642125    34.1734       1602     6.6708  0.000e+00
    164.477     8.9889   3.642157    34.1734       1603     6.6750  0.000e+00
    164.341     8.9890   3.642086    34.1726       1604     6.6792  0.000e+00
    164.196     8.9890   3.642131    34.1732       1605     6.6833  0.000e+00
    164.067     8.9890   3.642086    34.1728       1606     6.6875  0.000e+00
    163.935     8.9891   3.641841    34.1702       1607     6.6917  0.000e+00
    163.801     8.9885   3.641416    34.1664       1608     6.6958  0.000e+00
    163.671     8.9866   3.641326    34.1673       1609     6.7000  0.000e+00
    163.535     8.9850   3.641378    34.1695       1610     6.7042  0.000e+00
    163.404     8.9840   3.641326    34.1699       1611     6.7083  0.000e+00
    163.274     8.9836   3.641506    34.1723       1612     6.7125  0.000e+00
    163.140     8.9837   3.641571    34.1729       1613     6.7167  0.000e+00
    163.004     8.9841   3.641616    34.1731       1614     6.7208  0.000e+00
    162.874     8.9845   3.641680    34.1734       1615     6.7250  0.000e+00
    162.743     8.9852   3.641661    34.1725       1616     6.7292  0.000e+00
    162.615     8.9855   3.641390    34.1695       1617     6.7333  0.000e+00
    162.483     8.9849   3.641184    34.1680       1618     6.7375  0.000e+00
    162.358     8.9837   3.641371    34.1712       1619     6.7417  0.000e+00
    162.235     8.9834   3.640766    34.1652       1620     6.7458  0.000e+00
    162.113     8.9818   3.640991    34.1691       1621     6.7500  0.000e+00
    161.996     8.9810   3.640856    34.1686       1622     6.7542  0.000e+00
    161.880     8.9804   3.641055    34.1713       1623     6.7583  0.000e+00
    161.770     8.9802   3.640785    34.1687       1624     6.7625  0.000e+00
    161.652     8.9799   3.640965    34.1709       1625     6.7667  0.000e+00
    161.537     8.9799   3.641332    34.1748       1626     6.7708  0.000e+00
    161.418     8.9810   3.641280    34.1733       1627     6.7750  0.000e+00
    161.302     8.9820   3.641119    34.1706       1628     6.7792  0.000e+00
    161.177     8.9822   3.641036    34.1697       1629     6.7833  0.000e+00
    161.060     8.9817   3.640991    34.1698       1630     6.7875  0.000e+00
    160.945     8.9811   3.641145    34.1719       1631     6.7917  0.000e+00
    160.830     8.9816   3.641145    34.1715       1632     6.7958  0.000e+00
    160.712     8.9817   3.640965    34.1696       1633     6.8000  0.000e+00
    160.591     8.9813   3.640945    34.1698       1634     6.8042  0.000e+00
    160.488     8.9811   3.640945    34.1701       1635     6.8083  0.000e+00
    160.367     8.9808   3.641035    34.1714       1636     6.8125  0.000e+00
    160.250     8.9810   3.640765    34.1685       1637     6.8167  0.000e+00
    160.128     8.9805   3.640585    34.1671       1638     6.8208  0.000e+00
    160.003     8.9794   3.640540    34.1677       1639     6.8250  0.000e+00
    159.871     8.9784   3.640430    34.1676       1640     6.8292  0.000e+00
    159.738     8.9776   3.640404    34.1682       1641     6.8333  0.000e+00
    159.606     8.9770   3.640475    34.1695       1642     6.8375  0.000e+00
    159.474     8.9769   3.640990    34.1751       1643     6.8417  0.000e+00
    159.336     8.9782   3.641190    34.1759       1644     6.8458  0.000e+00
    159.202     8.9801   3.641235    34.1747       1645     6.8500  0.000e+00
    159.061     8.9817   3.641164    34.1725       1646     6.8542  0.000e+00
    158.931     8.9823   3.641073    34.1710       1647     6.8583  0.000e+00
    158.802     8.9823   3.640739    34.1676       1648     6.8625  0.000e+00
    158.688     8.9811   3.640694    34.1683       1649     6.8667  0.000e+00
    158.565     8.9803   3.640739    34.1696       1650     6.8708  0.000e+00
    158.457     8.9799   3.640758    34.1703       1651     6.8750  0.000e+00
