HB2303/sbe154.cnv
* Sea-Bird SBE 19plus V2 Data File:
* FileName = C:\cruise\data\sbe154.hex
* Software Version Seasave V 7.26.7.121
* Temperature SN = 6128
* Conductivity SN = 6128
* System UpLoad Time = Aug 23 2023 00:24:37
* NMEA Latitude = 42 11.95 N
* NMEA Longitude = 068 54.73 W
* NMEA UTC (Time) = Aug 23 2023 00:24:32
** Ship: Henry Bigelow
** Cruise:  HB2303
** Program:  ECOMON
# nquan = 7
# nvalues = 4489                                  
# units = specified
# name 0 = depSM: Depth [salt water, m]
# name 1 = tv290C: Temperature [ITS-90, deg C]
# name 2 = c0S/m: Conductivity [S/m]
# name 3 = sal00: Salinity, Practical [PSU]
# name 4 = scan: Scan Count
# name 5 = timeM: Time, Elapsed [minutes]
# name 6 = flag:  0.000e+00
# span 0 =     -0.241,    168.579                 
# span 1 =     6.4069,    19.7594                 
# span 2 =  -0.100868,   4.276345                 
# span 3 =     0.0000,    34.1034                 
# span 4 =         11,       4499                 
# span 5 =     0.0417,    18.7417                 
# span 6 = 0.0000e+00, 0.0000e+00                 
# interval = seconds: 0.25
# start_time = Aug 23 2023 00:24:32 [NMEA time, header]
# bad_flag = -9.990e-29
*END*
[from data line 1847]
    126.668     7.0513   3.362393    33.0644       1858     7.7375  0.000e+00
    126.570     7.0481   3.362150    33.0648       1859     7.7417  0.000e+00
    126.484     7.0454   3.362025    33.0661       1860     7.7458  0.000e+00
    126.390     7.0435   3.362044    33.0682       1861     7.7500  0.000e+00
    126.309     7.0428   3.362081    33.0693       1862     7.7542  0.000e+00
    126.238     7.0428   3.362250    33.0711       1863     7.7583  0.000e+00
    126.164     7.0436   3.362343    33.0714       1864     7.7625  0.000e+00
    126.093     7.0448   3.362312    33.0700       1865     7.7667  0.000e+00
    126.028     7.0457   3.362512    33.0713       1866     7.7708  0.000e+00
    125.952     7.0468   3.362455    33.0698       1867     7.7750  0.000e+00
    125.881     7.0474   3.362430    33.0689       1868     7.7792  0.000e+00
    125.803     7.0479   3.362499    33.0692       1869     7.7833  0.000e+00
    125.712     7.0479   3.362661    33.0710       1870     7.7875  0.000e+00
    125.609     7.0491   3.362642    33.0697       1871     7.7917  0.000e+00
    125.511     7.0499   3.362680    33.0694       1872     7.7958  0.000e+00
    125.386     7.0507   3.362942    33.0715       1873     7.8000  0.000e+00
    125.275     7.0519   3.363191    33.0731       1874     7.8042  0.000e+00
    125.156     7.0538   3.363672    33.0766       1875     7.8083  0.000e+00
    125.038     7.0570   3.363846    33.0755       1876     7.8125  0.000e+00
    124.926     7.0599   3.363865    33.0730       1877     7.8167  0.000e+00
    124.814     7.0617   3.363946    33.0722       1878     7.8208  0.000e+00
    124.719     7.0630   3.363933    33.0709       1879     7.8250  0.000e+00
    124.638     7.0639   3.363147    33.0615       1880     7.8292  0.000e+00
    124.562     7.0621   3.363047    33.0622       1881     7.8333  0.000e+00
    124.482     7.0595   3.363696    33.0718       1882     7.8375  0.000e+00
    124.420     7.0603   3.364133    33.0758       1883     7.8417  0.000e+00
    124.362     7.0629   3.363890    33.0707       1884     7.8458  0.000e+00
    124.312     7.0641   3.363846    33.0690       1885     7.8500  0.000e+00
    124.259     7.0642   3.363977    33.0704       1886     7.8542  0.000e+00
    124.204     7.0644   3.363147    33.0612       1887     7.8583  0.000e+00
    124.141     7.0629   3.364083    33.0729       1888     7.8625  0.000e+00
    124.078     7.0635   3.363964    33.0711       1889     7.8667  0.000e+00
    124.005     7.0646   3.364208    33.0727       1890     7.8708  0.000e+00
    123.934     7.0663   3.364270    33.0718       1891     7.8750  0.000e+00
    123.851     7.0680   3.364208    33.0695       1892     7.8792  0.000e+00
    123.764     7.0694   3.364170    33.0678       1893     7.8833  0.000e+00
    123.670     7.0701   3.364089    33.0663       1894     7.8875  0.000e+00
    123.576     7.0707   3.364039    33.0652       1895     7.8917  0.000e+00
    123.485     7.0710   3.364045    33.0651       1896     7.8958  0.000e+00
    123.387     7.0712   3.363995    33.0643       1897     7.9000  0.000e+00
    123.298     7.0715   3.364008    33.0643       1898     7.9042  0.000e+00
    123.213     7.0717   3.363821    33.0620       1899     7.9083  0.000e+00
    123.130     7.0713   3.363496    33.0590       1900     7.9125  0.000e+00
    123.061     7.0704   3.362922    33.0536       1901     7.9167  0.000e+00
    122.985     7.0677   3.362273    33.0491       1902     7.9208  0.000e+00
    122.927     7.0637   3.362211    33.0523       1903     7.9250  0.000e+00
    122.864     7.0608   3.362167    33.0547       1904     7.9292  0.000e+00
    122.804     7.0590   3.362149    33.0562       1905     7.9333  0.000e+00
    122.742     7.0580   3.362124    33.0569       1906     7.9375  0.000e+00
    122.676     7.0575   3.362130    33.0575       1907     7.9417  0.000e+00
    122.608     7.0574   3.362167    33.0580       1908     7.9458  0.000e+00
    122.542     7.0575   3.362167    33.0579       1909     7.9500  0.000e+00
    122.470     7.0579   3.362149    33.0574       1910     7.9542  0.000e+00
    122.388     7.0578   3.362192    33.0580       1911     7.9583  0.000e+00
    122.303     7.0581   3.362255    33.0584       1912     7.9625  0.000e+00
    122.221     7.0585   3.362255    33.0580       1913     7.9667  0.000e+00
    122.131     7.0587   3.362230    33.0577       1914     7.9708  0.000e+00
    122.042     7.0590   3.362429    33.0596       1915     7.9750  0.000e+00
    121.954     7.0601   3.363028    33.0651       1916     7.9792  0.000e+00
    121.863     7.0630   3.363564    33.0682       1917     7.9833  0.000e+00
    121.785     7.0681   3.363639    33.0642       1918     7.9875  0.000e+00
    121.702     7.0727   3.363695    33.0604       1919     7.9917  0.000e+00
    121.613     7.0764   3.363783    33.0579       1920     7.9958  0.000e+00
    121.524     7.0795   3.363951    33.0568       1921     8.0000  0.000e+00
    121.430     7.0822   3.364250    33.0575       1922     8.0042  0.000e+00
    121.329     7.0859   3.364250    33.0540       1923     8.0083  0.000e+00
    121.226     7.0906   3.363239    33.0386       1924     8.0125  0.000e+00
    121.126     7.0925   3.362722    33.0312       1925     8.0167  0.000e+00
    121.027     7.0925   3.362622    33.0301       1926     8.0208  0.000e+00
    120.924     7.0924   3.362616    33.0302       1927     8.0250  0.000e+00
    120.824     7.0925   3.362597    33.0300       1928     8.0292  0.000e+00
    120.714     7.0927   3.362578    33.0296       1929     8.0333  0.000e+00
    120.607     7.0930   3.362385    33.0273       1930     8.0375  0.000e+00
    120.497     7.0931   3.362391    33.0273       1931     8.0417  0.000e+00
    120.384     7.0933   3.362466    33.0280       1932     8.0458  0.000e+00
    120.261     7.0938   3.362472    33.0276       1933     8.0500  0.000e+00
    120.137     7.0948   3.362597    33.0280       1934     8.0542  0.000e+00
    120.019     7.0967   3.362640    33.0267       1935     8.0583  0.000e+00
    119.894     7.0989   3.362515    33.0233       1936     8.0625  0.000e+00
    119.769     7.1006   3.362297    33.0194       1937     8.0667  0.000e+00
    119.644     7.1016   3.362210    33.0176       1938     8.0708  0.000e+00
    119.521     7.1022   3.362191    33.0168       1939     8.0750  0.000e+00
    119.416     7.1027   3.362128    33.0158       1940     8.0792  0.000e+00
    119.310     7.1030   3.361804    33.0120       1941     8.0833  0.000e+00
    119.204     7.1028   3.361698    33.0111       1942     8.0875  0.000e+00
    119.112     7.1026   3.361498    33.0091       1943     8.0917  0.000e+00
    119.021     7.1020   3.361436    33.0090       1944     8.0958  0.000e+00
    118.925     7.1014   3.361330    33.0085       1945     8.1000  0.000e+00
    118.840     7.1010   3.361180    33.0073       1946     8.1042  0.000e+00
    118.751     7.1005   3.361087    33.0068       1947     8.1083  0.000e+00
    118.666     7.0999   3.360899    33.0054       1948     8.1125  0.000e+00
    118.567     7.0994   3.360762    33.0044       1949     8.1167  0.000e+00
    118.467     7.0987   3.360276    32.9998       1950     8.1208  0.000e+00
    118.362     7.0973   3.359558    32.9934       1951     8.1250  0.000e+00
    118.244     7.0951   3.358922    32.9886       1952     8.1292  0.000e+00
    118.117     7.0927   3.359035    32.9922       1953     8.1333  0.000e+00
    117.987     7.0910   3.358723    32.9905       1954     8.1375  0.000e+00
    117.844     7.0896   3.358112    32.9853       1955     8.1417  0.000e+00
    117.706     7.0873   3.357682    32.9828       1956     8.1458  0.000e+00
    117.578     7.0848   3.357576    32.9841       1957     8.1500  0.000e+00
    117.435     7.0827   3.357494    32.9853       1958     8.1542  0.000e+00
    117.307     7.0813   3.357488    32.9866       1959     8.1583  0.000e+00
    117.184     7.0805   3.357457    32.9871       1960     8.1625  0.000e+00
    117.074     7.0801   3.357295    32.9858       1961     8.1667  0.000e+00
    116.972     7.0796   3.357226    32.9855       1962     8.1708  0.000e+00
    116.869     7.0792   3.356989    32.9834       1963     8.1750  0.000e+00
    116.776     7.0785   3.356653    32.9805       1964     8.1792  0.000e+00
    116.688     7.0775   3.356540    32.9802       1965     8.1833  0.000e+00
    116.612     7.0764   3.356434    32.9801       1966     8.1875  0.000e+00
    116.529     7.0758   3.356378    32.9801       1967     8.1917  0.000e+00
    116.447     7.0752   3.356179    32.9786       1968     8.1958  0.000e+00
    116.366     7.0747   3.356154    32.9789       1969     8.2000  0.000e+00
    116.281     7.0743   3.356092    32.9786       1970     8.2042  0.000e+00
    116.192     7.0739   3.356048    32.9785       1971     8.2083  0.000e+00
    116.096     7.0739   3.356048    32.9786       1972     8.2125  0.000e+00
    115.991     7.0739   3.356004    32.9781       1973     8.2167  0.000e+00
    115.873     7.0738   3.355992    32.9782       1974     8.2208  0.000e+00
    115.764     7.0738   3.355985    32.9782       1975     8.2250  0.000e+00
    115.642     7.0735   3.355967    32.9783       1976     8.2292  0.000e+00
    115.520     7.0738   3.355942    32.9778       1977     8.2333  0.000e+00
    115.390     7.0737   3.355942    32.9779       1978     8.2375  0.000e+00
    115.270     7.0736   3.355848    32.9770       1979     8.2417  0.000e+00
    115.144     7.0736   3.355705    32.9755       1980     8.2458  0.000e+00
    115.022     7.0731   3.355661    32.9756       1981     8.2500  0.000e+00
    114.903     7.0730   3.355642    32.9756       1982     8.2542  0.000e+00
    114.803     7.0727   3.355786    32.9775       1983     8.2583  0.000e+00
    114.700     7.0728   3.355811    32.9777       1984     8.2625  0.000e+00
    114.601     7.0731   3.355642    32.9757       1985     8.2667  0.000e+00
    114.505     7.0731   3.355561    32.9748       1986     8.2708  0.000e+00
    114.419     7.0726   3.354957    32.9687       1987     8.2750  0.000e+00
    114.335     7.0717   3.354545    32.9652       1988     8.2792  0.000e+00
    114.248     7.0700   3.354508    32.9664       1989     8.2833  0.000e+00
    114.159     7.0689   3.354439    32.9667       1990     8.2875  0.000e+00
    114.074     7.0683   3.354227    32.9650       1991     8.2917  0.000e+00
    113.979     7.0677   3.353947    32.9626       1992     8.2958  0.000e+00
    113.882     7.0668   3.353243    32.9559       1993     8.3000  0.000e+00
    113.779     7.0654   3.352364    32.9477       1994     8.3042  0.000e+00
    113.676     7.0626   3.351716    32.9433       1995     8.3083  0.000e+00
    113.569     7.0594   3.351591    32.9451       1996     8.3125  0.000e+00
    113.469     7.0568   3.351510    32.9467       1997     8.3167  0.000e+00
    113.373     7.0551   3.351467    32.9479       1998     8.3208  0.000e+00
    113.280     7.0539   3.351355    32.9478       1999     8.3250  0.000e+00
    113.197     7.0531   3.351224    32.9472       2000     8.3292  0.000e+00
    113.112     7.0521   3.350483    32.9401       2001     8.3333  0.000e+00
    113.038     7.0503   3.350352    32.9405       2002     8.3375  0.000e+00
    112.974     7.0484   3.349816    32.9365       2003     8.3417  0.000e+00
    112.916     7.0462   3.349093    32.9307       2004     8.3458  0.000e+00
    112.858     7.0428   3.348147    32.9236       2005     8.3500  0.000e+00
    112.802     7.0388   3.348172    32.9278       2006     8.3542  0.000e+00
    112.756     7.0356   3.348141    32.9305       2007     8.3583  0.000e+00
    112.702     7.0339   3.348172    32.9325       2008     8.3625  0.000e+00
    112.655     7.0331   3.348222    32.9338       2009     8.3667  0.000e+00
    112.601     7.0327   3.348085    32.9328       2010     8.3708  0.000e+00
    112.546     7.0324   3.348085    32.9331       2011     8.3750  0.000e+00
    112.495     7.0319   3.348116    32.9339       2012     8.3792  0.000e+00
    112.432     7.0317   3.348128    32.9343       2013     8.3833  0.000e+00
    112.376     7.0319   3.347954    32.9322       2014     8.3875  0.000e+00
    112.309     7.0315   3.347935    32.9324       2015     8.3917  0.000e+00
    112.245     7.0310   3.347935    32.9329       2016     8.3958  0.000e+00
    112.180     7.0310   3.347873    32.9323       2017     8.4000  0.000e+00
    112.110     7.0305   3.347761    32.9316       2018     8.4042  0.000e+00
    112.048     7.0302   3.347810    32.9324       2019     8.4083  0.000e+00
    111.983     7.0300   3.347785    32.9324       2020     8.4125  0.000e+00
    111.920     7.0300   3.347611    32.9305       2021     8.4167  0.000e+00
    111.856     7.0294   3.346609    32.9202       2022     8.4208  0.000e+00
    111.800     7.0270   3.347082    32.9276       2023     8.4250  0.000e+00
    111.740     7.0253   3.347038    32.9288       2024     8.4292  0.000e+00
    111.676     7.0248   3.345245    32.9098       2025     8.4333  0.000e+00
    111.626     7.0210   3.346391    32.9259       2026     8.4375  0.000e+00
    111.571     7.0191   3.345756    32.9208       2027     8.4417  0.000e+00
    111.515     7.0182   3.345905    32.9233       2028     8.4458  0.000e+00
    111.461     7.0174   3.345581    32.9206       2029     8.4500  0.000e+00
    111.408     7.0166   3.344859    32.9135       2030     8.4542  0.000e+00
    111.346     7.0140   3.344405    32.9110       2031     8.4583  0.000e+00
    111.290     7.0112   3.344112    32.9105       2032     8.4625  0.000e+00
    111.230     7.0085   3.343857    32.9104       2033     8.4667  0.000e+00
    111.176     7.0063   3.343533    32.9090       2034     8.4708  0.000e+00
    111.125     7.0041   3.343322    32.9088       2035     8.4750  0.000e+00
    111.065     7.0020   3.343266    32.9102       2036     8.4792  0.000e+00
    111.020     7.0006   3.342979    32.9085       2037     8.4833  0.000e+00
    110.971     6.9992   3.342799    32.9078       2038     8.4875  0.000e+00
    110.927     6.9976   3.342637    32.9076       2039     8.4917  0.000e+00
    110.894     6.9961   3.342550    32.9081       2040     8.4958  0.000e+00
    110.847     6.9950   3.342152    32.9049       2041     8.5000  0.000e+00
    110.815     6.9932   3.342189    32.9069       2042     8.5042  0.000e+00
    110.780     6.9920   3.342214    32.9084       2043     8.5083  0.000e+00
    110.737     6.9914   3.342276    32.9097       2044     8.5125  0.000e+00
    110.696     6.9912   3.342145    32.9085       2045     8.5167  0.000e+00
    110.653     6.9909   3.342170    32.9091       2046     8.5208  0.000e+00
    110.607     6.9907   3.342363    32.9114       2047     8.5250  0.000e+00
    110.559     6.9910   3.342052    32.9077       2048     8.5292  0.000e+00
    110.503     6.9905   3.340888    32.8955       2049     8.5333  0.000e+00
    110.451     6.9873   3.339333    32.8816       2050     8.5375  0.000e+00
    110.393     6.9809   3.338792    32.8818       2051     8.5417  0.000e+00
    110.341     6.9743   3.338674    32.8868       2052     8.5458  0.000e+00
    110.292     6.9696   3.338350    32.8878       2053     8.5500  0.000e+00
    110.239     6.9662   3.337193    32.8784       2054     8.5542  0.000e+00
    110.192     6.9611   3.335601    32.8660       2055     8.5583  0.000e+00
    110.143     6.9533   3.334986    32.8666       2056     8.5625  0.000e+00
    110.094     6.9460   3.334731    32.8709       2057     8.5667  0.000e+00
    110.040     6.9406   3.334563    32.8742       2058     8.5708  0.000e+00
    109.998     6.9371   3.334177    32.8734       2059     8.5750  0.000e+00
    109.955     6.9340   3.334010    32.8745       2060     8.5792  0.000e+00
    109.910     6.9315   3.333972    32.8765       2061     8.5833  0.000e+00
