HB2303/sbe121.cnv
* Sea-Bird SBE 19plus V2 Data File:
* FileName = C:\cruise\data\sbe121.hex
* Software Version Seasave V 7.26.7.121
* Temperature SN = 6128
* Conductivity SN = 6128
* System UpLoad Time = Aug 20 2023 03:33:12
* NMEA Latitude = 43 14.69 N
* NMEA Longitude = 067 06.83 W
* NMEA UTC (Time) = Aug 20 2023 03:33:08
** Ship: Henry Bigelow
** Cruise:  HB2303
** Program:  ECOMON
# nquan = 7
# nvalues = 2905                                  
# units = specified
# name 0 = depSM: Depth [salt water, m]
# name 1 = tv290C: Temperature [ITS-90, deg C]
# name 2 = c0S/m: Conductivity [S/m]
# name 3 = sal00: Salinity, Practical [PSU]
# name 4 = scan: Scan Count
# name 5 = timeM: Time, Elapsed [minutes]
# name 6 = flag:  0.000e+00
# span 0 =     -0.008,    205.459                 
# span 1 =     8.2142,    17.3055                 
# span 2 =   0.001575,   4.153053                 
# span 3 =     0.0146,    34.4120                 
# span 4 =         11,       2915                 
# span 5 =     0.0417,    12.1417                 
# span 6 = 0.0000e+00, 0.0000e+00                 
# interval = seconds: 0.25
# start_time = Aug 20 2023 03:33:08 [NMEA time, header]
# bad_flag = -9.990e-29
*END*
[from data line 2667]
     33.141    10.2764   3.571945    32.3221       2678    11.1542  0.000e+00
     32.994    10.2797   3.572341    32.3232       2679    11.1583  0.000e+00
     32.871    10.2842   3.572629    32.3222       2680    11.1625  0.000e+00
     32.754    10.2887   3.572737    32.3193       2681    11.1667  0.000e+00
     32.673    10.2922   3.572782    32.3167       2682    11.1708  0.000e+00
     32.597    10.2946   3.572820    32.3150       2683    11.1750  0.000e+00
     32.531    10.2961   3.572865    32.3140       2684    11.1792  0.000e+00
     32.465    10.2973   3.572910    32.3135       2685    11.1833  0.000e+00
     32.409    10.2980   3.572974    32.3135       2686    11.1875  0.000e+00
     32.355    10.2988   3.573280    32.3159       2687    11.1917  0.000e+00
     32.288    10.3006   3.573414    32.3157       2688    11.1958  0.000e+00
     32.226    10.3027   3.573433    32.3141       2689    11.2000  0.000e+00
     32.165    10.3043   3.573504    32.3134       2690    11.2042  0.000e+00
     32.098    10.3054   3.574213    32.3195       2691    11.2083  0.000e+00
     31.998    10.3105   3.576878    32.3418       2692    11.2125  0.000e+00
     31.886    10.3265   3.578060    32.3395       2693    11.2167  0.000e+00
     31.767    10.3456   3.578942    32.3314       2694    11.2208  0.000e+00
     31.608    10.3630   3.581839    32.3451       2695    11.2250  0.000e+00
     31.438    10.3872   3.584058    32.3459       2696    11.2292  0.000e+00
     31.244    10.4160   3.585267    32.3325       2697    11.2333  0.000e+00
     31.017    10.4415   3.587096    32.3283       2698    11.2375  0.000e+00
     30.777    10.4649   3.588171    32.3184       2699    11.2417  0.000e+00
     30.505    10.4863   3.588702    32.3048       2700    11.2458  0.000e+00
     30.221    10.5021   3.589649    32.3004       2701    11.2500  0.000e+00
     29.921    10.5161   3.590244    32.2940       2702    11.2542  0.000e+00
     29.627    10.5286   3.591326    32.2939       2703    11.2583  0.000e+00
     29.329    10.5409   3.591876    32.2887       2704    11.2625  0.000e+00
     29.032    10.5523   3.594412    32.3040       2705    11.2667  0.000e+00
     28.752    10.5707   3.597147    32.3152       2706    11.2708  0.000e+00
     28.494    10.5984   3.600773    32.3269       2707    11.2750  0.000e+00
     28.274    10.6344   3.605683    32.3441       2708    11.2792  0.000e+00
     28.104    10.6818   3.608787    32.3331       2709    11.2833  0.000e+00
     27.967    10.7298   3.611282    32.3156       2710    11.2875  0.000e+00
     27.866    10.7727   3.611865    32.2835       2711    11.2917  0.000e+00
     27.821    10.8018   3.612487    32.2641       2712    11.2958  0.000e+00
     27.795    10.8213   3.613001    32.2520       2713    11.3000  0.000e+00
     27.786    10.8348   3.613308    32.2431       2714    11.3042  0.000e+00
     27.790    10.8440   3.613398    32.2359       2715    11.3083  0.000e+00
     27.786    10.8496   3.613398    32.2310       2716    11.3125  0.000e+00
     27.773    10.8530   3.613129    32.2254       2717    11.3167  0.000e+00
     27.760    10.8534   3.613109    32.2248       2718    11.3208  0.000e+00
     27.708    10.8528   3.613289    32.2272       2719    11.3250  0.000e+00
     27.634    10.8530   3.613353    32.2277       2720    11.3292  0.000e+00
     27.515    10.8533   3.613777    32.2316       2721    11.3333  0.000e+00
     27.368    10.8553   3.614418    32.2362       2722    11.3375  0.000e+00
     27.191    10.8603   3.615375    32.2415       2723    11.3417  0.000e+00
     26.991    10.8678   3.616954    32.2506       2724    11.3458  0.000e+00
     26.760    10.8802   3.619978    32.2698       2725    11.3500  0.000e+00
     26.522    10.9028   3.622515    32.2750       2726    11.3542  0.000e+00
     26.278    10.9308   3.626190    32.2869       2727    11.3583  0.000e+00
     26.030    10.9655   3.627392    32.2684       2728    11.3625  0.000e+00
     25.785    10.9956   3.629423    32.2621       2729    11.3667  0.000e+00
     25.560    11.0216   3.628998    32.2352       2730    11.3708  0.000e+00
     25.342    11.0379   3.629866    32.2295       2731    11.3750  0.000e+00
     25.134    11.0494   3.630226    32.2230       2732    11.3792  0.000e+00
     24.941    11.0585   3.630225    32.2152       2733    11.3833  0.000e+00
     24.768    11.0641   3.630335    32.2115       2734    11.3875  0.000e+00
     24.596    11.0675   3.630540    32.2106       2735    11.3917  0.000e+00
     24.446    11.0704   3.630514    32.2078       2736    11.3958  0.000e+00
     24.296    11.0722   3.631074    32.2118       2737    11.4000  0.000e+00
     24.157    11.0749   3.631440    32.2131       2738    11.4042  0.000e+00
     24.023    11.0792   3.631434    32.2094       2739    11.4083  0.000e+00
     23.907    11.0827   3.633061    32.2224       2740    11.4125  0.000e+00
     23.793    11.0901   3.633730    32.2225       2741    11.4167  0.000e+00
     23.697    11.1000   3.634000    32.2166       2742    11.4208  0.000e+00
     23.594    11.1077   3.634668    32.2164       2743    11.4250  0.000e+00
     23.513    11.1152   3.635408    32.2172       2744    11.4292  0.000e+00
     23.425    11.1228   3.636013    32.2166       2745    11.4333  0.000e+00
     23.349    11.1305   3.637576    32.2252       2746    11.4375  0.000e+00
     23.271    11.1419   3.638953    32.2288       2747    11.4417  0.000e+00
     23.186    11.1569   3.641740    32.2432       2748    11.4458  0.000e+00
     23.086    11.1777   3.642886    32.2363       2749    11.4500  0.000e+00
     22.980    11.1986   3.643292    32.2221       2750    11.4542  0.000e+00
     22.862    11.2142   3.643806    32.2135       2751    11.4583  0.000e+00
     22.721    11.2261   3.644585    32.2108       2752    11.4625  0.000e+00
     22.564    11.2361   3.646112    32.2171       2753    11.4667  0.000e+00
     22.396    11.2491   3.647799    32.2224       2754    11.4708  0.000e+00
     22.199    11.2658   3.651195    32.2412       2755    11.4750  0.000e+00
     21.979    11.2925   3.660079    32.3052       2756    11.4792  0.000e+00
     21.740    11.3463   3.661859    32.2757       2757    11.4833  0.000e+00
     21.480    11.3982   3.662897    32.2406       2758    11.4875  0.000e+00
     21.211    11.4350   3.665537    32.2345       2759    11.4917  0.000e+00
     20.939    11.4665   3.666556    32.2171       2760    11.4958  0.000e+00
     20.679    11.4925   3.669939    32.2276       2761    11.5000  0.000e+00
     20.424    11.5228   3.681635    32.3155       2762    11.5042  0.000e+00
     20.193    11.5916   3.690361    32.3407       2763    11.5083  0.000e+00
     19.969    11.6820   3.696880    32.3254       2764    11.5125  0.000e+00
     19.788    11.7738   3.703319    32.3082       2765    11.5167  0.000e+00
     19.635    11.8618   3.710203    32.2986       2766    11.5208  0.000e+00
     19.512    11.9468   3.713245    32.2544       2767    11.5250  0.000e+00
     19.405    12.0160   3.714529    32.2070       2768    11.5292  0.000e+00
     19.326    12.0632   3.715261    32.1733       2769    11.5333  0.000e+00
     19.254    12.0966   3.717098    32.1624       2770    11.5375  0.000e+00
     19.210    12.1208   3.718065    32.1508       2771    11.5417  0.000e+00
     19.156    12.1397   3.718701    32.1407       2772    11.5458  0.000e+00
     19.107    12.1541   3.719785    32.1388       2773    11.5500  0.000e+00
     19.049    12.1671   3.720914    32.1385       2774    11.5542  0.000e+00
     18.980    12.1800   3.721525    32.1333       2775    11.5583  0.000e+00
     18.908    12.1912   3.722109    32.1293       2776    11.5625  0.000e+00
     18.794    12.2003   3.722823    32.1284       2777    11.5667  0.000e+00
     18.672    12.2088   3.723973    32.1322       2778    11.5708  0.000e+00
     18.516    12.2190   3.725259    32.1358       2779    11.5750  0.000e+00
     18.330    12.2317   3.727884    32.1502       2780    11.5792  0.000e+00
     18.124    12.2508   3.730555    32.1595       2781    11.5833  0.000e+00
     17.895    12.2759   3.731984    32.1518       2782    11.5875  0.000e+00
     17.651    12.2995   3.734917    32.1597       2783    11.5917  0.000e+00
     17.369    12.3259   3.740999    32.1954       2784    11.5958  0.000e+00
     17.077    12.3717   3.760790    32.3456       2785    11.6000  0.000e+00
     16.764    12.4819   3.782792    32.4610       2786    11.6042  0.000e+00
     16.455    12.6582   3.790016    32.3781       2787    11.6083  0.000e+00
     16.146    12.8188   3.795989    32.2972       2788    11.6125  0.000e+00
     15.834    12.9454   3.817246    32.3902       2789    11.6167  0.000e+00
     15.554    13.1061   3.842373    32.4898       2790    11.6208  0.000e+00
     15.327    13.3244   3.851321    32.3876       2791    11.6250  0.000e+00
     15.121    13.5141   3.857207    32.2818       2792    11.6292  0.000e+00
     14.965    13.6570   3.861845    32.2045       2793    11.6333  0.000e+00
     14.857    13.7618   3.864296    32.1393       2794    11.6375  0.000e+00
     14.792    13.8363   3.865963    32.0923       2795    11.6417  0.000e+00
     14.763    13.8860   3.867209    32.0623       2796    11.6458  0.000e+00
     14.766    13.9202   3.867360    32.0352       2797    11.6500  0.000e+00
     14.780    13.9405   3.867960    32.0238       2798    11.6542  0.000e+00
     14.805    13.9532   3.867808    32.0118       2799    11.6583  0.000e+00
     14.801    13.9599   3.867360    32.0021       2800    11.6625  0.000e+00
     14.781    13.9633   3.868573    32.0104       2801    11.6667  0.000e+00
     14.732    13.9673   3.869253    32.0134       2802    11.6708  0.000e+00
     14.658    13.9729   3.870546    32.0207       2803    11.6750  0.000e+00
     14.536    13.9814   3.872037    32.0274       2804    11.6792  0.000e+00
     14.367    13.9936   3.873997    32.0354       2805    11.6833  0.000e+00
     14.145    14.0084   3.876241    32.0438       2806    11.6875  0.000e+00
     13.896    14.0274   3.878861    32.0522       2807    11.6917  0.000e+00
     13.632    14.0518   3.886075    32.0984       2808    11.6958  0.000e+00
     13.316    14.0970   3.896296    32.1548       2809    11.7000  0.000e+00
     12.976    14.1714   3.906045    32.1824       2810    11.7042  0.000e+00
     12.619    14.2712   3.926827    32.2898       2811    11.7083  0.000e+00
     12.272    14.4183   3.935144    32.2433       2812    11.7125  0.000e+00
     11.942    14.5627   3.940883    32.1757       2813    11.7167  0.000e+00
     11.621    14.6797   3.945874    32.1244       2814    11.7208  0.000e+00
     11.323    14.7705   3.952005    32.1051       2815    11.7250  0.000e+00
     11.064    14.8533   3.963695    32.1427       2816    11.7292  0.000e+00
     10.855    14.9520   3.969318    32.1122       2817    11.7333  0.000e+00
     10.672    15.0471   3.973004    32.0674       2818    11.7375  0.000e+00
     10.542    15.1230   3.975257    32.0255       2819    11.7417  0.000e+00
     10.457    15.1785   3.976770    31.9938       2820    11.7458  0.000e+00
     10.408    15.2168   3.978664    31.9795       2821    11.7500  0.000e+00
     10.395    15.2471   3.978711    31.9552       2822    11.7542  0.000e+00
     10.411    15.2665   3.978383    31.9366       2823    11.7583  0.000e+00
     10.427    15.2760   3.978497    31.9298       2824    11.7625  0.000e+00
     10.440    15.2805   3.978690    31.9279       2825    11.7667  0.000e+00
     10.434    15.2834   3.979117    31.9293       2826    11.7708  0.000e+00
     10.402    15.2865   3.980252    31.9369       2827    11.7750  0.000e+00
     10.345    15.2929   3.982274    31.9499       2828    11.7792  0.000e+00
     10.260    15.3056   3.984530    31.9597       2829    11.7833  0.000e+00
     10.127    15.3238   3.987267    31.9694       2830    11.7875  0.000e+00
      9.942    15.3686   4.046317    32.4608       2831    11.7917  0.000e+00
      9.736    15.5967   4.057735    32.3748       2832    11.7958  0.000e+00
      9.487    15.8570   4.063288    32.2114       2833    11.8000  0.000e+00
      9.209    16.0397   4.064968    32.0782       2834    11.8042  0.000e+00
      8.922    16.1647   4.073788    32.0549       2835    11.8083  0.000e+00
      8.626    16.2629   4.081989    32.0478       2836    11.8125  0.000e+00
      8.330    16.3606   4.099546    32.1229       2837    11.8167  0.000e+00
      8.034    16.4924   4.093063    31.9607       2838    11.8208  0.000e+00
      7.767    16.5695   4.095552    31.9209       2839    11.8250  0.000e+00
      7.517    16.6099   4.113811    32.0473       2840    11.8292  0.000e+00
      7.286    16.7021   4.137193    32.1766       2841    11.8333  0.000e+00
      7.089    16.8661   4.138954    32.0607       2842    11.8375  0.000e+00
      6.923    16.9997   4.138850    31.9536       2843    11.8417  0.000e+00
      6.784    17.0765   4.144133    31.9383       2844    11.8458  0.000e+00
      6.681    17.1369   4.146995    31.9151       2845    11.8500  0.000e+00
      6.591    17.1866   4.147320    31.8786       2846    11.8542  0.000e+00
      6.527    17.2174   4.148100    31.8610       2847    11.8583  0.000e+00
      6.482    17.2381   4.148215    31.8457       2848    11.8625  0.000e+00
      6.450    17.2505   4.147591    31.8306       2849    11.8667  0.000e+00
      6.420    17.2548   4.148548    31.8355       2850    11.8708  0.000e+00
      6.402    17.2596   4.149064    31.8361       2851    11.8750  0.000e+00
      6.373    17.2643   4.147665    31.8205       2852    11.8792  0.000e+00
      6.350    17.2625   4.147367    31.8193       2853    11.8833  0.000e+00
      6.319    17.2577   4.147740    31.8263       2854    11.8875  0.000e+00
      6.272    17.2562   4.148018    31.8298       2855    11.8917  0.000e+00
      6.223    17.2563   4.148962    31.8379       2856    11.8958  0.000e+00
      6.154    17.2601   4.148717    31.8328       2857    11.9000  0.000e+00
      6.046    17.2624   4.146993    31.8163       2858    11.9042  0.000e+00
      5.922    17.2567   4.147692    31.8268       2859    11.9083  0.000e+00
      5.771    17.2529   4.147930    31.8319       2860    11.9125  0.000e+00
      5.605    17.2526   4.147916    31.8321       2861    11.9167  0.000e+00
      5.429    17.2525   4.148113    31.8339       2862    11.9208  0.000e+00
      5.239    17.2529   4.147814    31.8311       2863    11.9250  0.000e+00
      5.033    17.2522   4.147835    31.8319       2864    11.9292  0.000e+00
      4.840    17.2512   4.148690    31.8401       2865    11.9333  0.000e+00
      4.647    17.2543   4.150312    31.8516       2866    11.9375  0.000e+00
      4.466    17.2626   4.150570    31.8474       2867    11.9417  0.000e+00
      4.298    17.2704   4.150135    31.8376       2868    11.9458  0.000e+00
      4.134    17.2739   4.150237    31.8357       2869    11.9500  0.000e+00
      3.982    17.2755   4.150556    31.8372       2870    11.9542  0.000e+00
      3.848    17.2774   4.150617    31.8363       2871    11.9583  0.000e+00
      3.704    17.2793   4.151506    31.8425       2872    11.9625  0.000e+00
      3.579    17.2832   4.150807    31.8334       2873    11.9667  0.000e+00
      3.470    17.2846   4.150834    31.8326       2874    11.9708  0.000e+00
      3.387    17.2846   4.150684    31.8313       2875    11.9750  0.000e+00
      3.313    17.2835   4.150807    31.8333       2876    11.9792  0.000e+00
      3.254    17.2834   4.150569    31.8313       2877    11.9833  0.000e+00
      3.212    17.2824   4.150481    31.8314       2878    11.9875  0.000e+00
      3.181    17.2807   4.150359    31.8317       2879    11.9917  0.000e+00
      3.159    17.2798   4.150460    31.8333       2880    11.9958  0.000e+00
      3.161    17.2792   4.150406    31.8333       2881    12.0000  0.000e+00
