HB2303/sbe171.cnv
* Sea-Bird SBE 19plus V2 Data File:
* FileName = C:\cruise\data\sbe171.hex
* Software Version Seasave V 7.26.7.121
* Temperature SN = 6128
* Conductivity SN = 6128
* System UpLoad Time = Aug 24 2023 11:48:18
* NMEA Latitude = 41 03.05 N
* NMEA Longitude = 071 09.81 W
* NMEA UTC (Time) = Aug 24 2023 11:48:14
** Ship: Henry Bigelow
** Cruise:  HB2303
** Program:  ECOMON
# nquan = 7
# nvalues = 1321                                  
# units = specified
# name 0 = depSM: Depth [salt water, m]
# name 1 = tv290C: Temperature [ITS-90, deg C]
# name 2 = c0S/m: Conductivity [S/m]
# name 3 = sal00: Salinity, Practical [PSU]
# name 4 = scan: Scan Count
# name 5 = timeM: Time, Elapsed [minutes]
# name 6 = flag:  0.000e+00
# span 0 =      0.043,     31.507                 
# span 1 =    12.6755,    20.0337                 
# span 2 =   0.002283,   4.396150                 
# span 3 =     0.0181,    32.5426                 
# span 4 =         11,       1331                 
# span 5 =     0.0417,     5.5417                 
# span 6 = 0.0000e+00, 0.0000e+00                 
# interval = seconds: 0.25
# start_time = Aug 24 2023 11:48:14 [NMEA time, header]
# bad_flag = -9.990e-29
*END*
[from data line 411]
     31.139    12.7057   3.810021    32.5214        422     1.7542  0.000e+00
     31.153    12.7078   3.809772    32.5172        423     1.7583  0.000e+00
     31.168    12.7084   3.809457    32.5138        424     1.7625  0.000e+00
     31.186    12.7071   3.809280    32.5132        425     1.7667  0.000e+00
     31.201    12.7050   3.809248    32.5146        426     1.7708  0.000e+00
     31.215    12.7033   3.809772    32.5211        427     1.7750  0.000e+00
     31.228    12.7049   3.810690    32.5285        428     1.7792  0.000e+00
     31.238    12.7111   3.810991    32.5260        429     1.7833  0.000e+00
     31.245    12.7173   3.810434    32.5153        430     1.7875  0.000e+00
     31.251    12.7185   3.810251    32.5126        431     1.7917  0.000e+00
     31.245    12.7174   3.810100    32.5120        432     1.7958  0.000e+00
     31.242    12.7159   3.809641    32.5090        433     1.8000  0.000e+00
     31.232    12.7128   3.809346    32.5088        434     1.8042  0.000e+00
     31.225    12.7092   3.808854    32.5073        435     1.8083  0.000e+00
     31.211    12.7047   3.808278    32.5057        436     1.8125  0.000e+00
     31.196    12.6987   3.807707    32.5054        437     1.8167  0.000e+00
     31.174    12.6919   3.807196    32.5065        438     1.8208  0.000e+00
     31.162    12.6854   3.807032    32.5105        439     1.8250  0.000e+00
     31.142    12.6803   3.807432    32.5187        440     1.8292  0.000e+00
     31.127    12.6793   3.807865    32.5237        441     1.8333  0.000e+00
     31.106    12.6811   3.807740    32.5210        442     1.8375  0.000e+00
     31.084    12.6825   3.807884    32.5212        443     1.8417  0.000e+00
     31.068    12.6835   3.807714    32.5186        444     1.8458  0.000e+00
     31.055    12.6842   3.807773    32.5187        445     1.8500  0.000e+00
     31.037    12.6840   3.807976    32.5208        446     1.8542  0.000e+00
     31.020    12.6858   3.808894    32.5280        447     1.8583  0.000e+00
     31.001    12.6911   3.808730    32.5218        448     1.8625  0.000e+00
     30.985    12.6937   3.807773    32.5105        449     1.8667  0.000e+00
     30.967    12.6913   3.807360    32.5086        450     1.8708  0.000e+00
     30.940    12.6865   3.807209    32.5113        451     1.8750  0.000e+00
     30.918    12.6827   3.807216    32.5147        452     1.8792  0.000e+00
     30.891    12.6802   3.806737    32.5124        453     1.8833  0.000e+00
     30.867    12.6770   3.806934    32.5169        454     1.8875  0.000e+00
     30.855    12.6756   3.806987    32.5187        455     1.8917  0.000e+00
     30.835    12.6755   3.807026    32.5192        456     1.8958  0.000e+00
     30.817    12.6758   3.807275    32.5213        457     1.9000  0.000e+00
     30.801    12.6770   3.807216    32.5197        458     1.9042  0.000e+00
     30.779    12.6781   3.807275    32.5193        459     1.9083  0.000e+00
     30.768    12.6785   3.807032    32.5166        460     1.9125  0.000e+00
     30.748    12.6778   3.807262    32.5194        461     1.9167  0.000e+00
     30.739    12.6785   3.807681    32.5229        462     1.9208  0.000e+00
     30.734    12.6811   3.808756    32.5308        463     1.9250  0.000e+00
     30.726    12.6876   3.808061    32.5186        464     1.9292  0.000e+00
     30.721    12.6907   3.809274    32.5275        465     1.9333  0.000e+00
     30.711    12.6956   3.808422    32.5151        466     1.9375  0.000e+00
     30.701    12.6976   3.808684    32.5159        467     1.9417  0.000e+00
     30.694    12.6980   3.809215    32.5206        468     1.9458  0.000e+00
     30.690    12.7013   3.809510    32.5206        469     1.9500  0.000e+00
     30.688    12.7052   3.809890    32.5208        470     1.9542  0.000e+00
     30.684    12.7094   3.810309    32.5212        471     1.9583  0.000e+00
     30.677    12.7142   3.810316    32.5171        472     1.9625  0.000e+00
     30.674    12.7181   3.810499    32.5155        473     1.9667  0.000e+00
     30.659    12.7208   3.811352    32.5212        474     1.9708  0.000e+00
     30.643    12.7267   3.811778    32.5202        475     1.9750  0.000e+00
     30.623    12.7331   3.811778    32.5147        476     1.9792  0.000e+00
     30.596    12.7376   3.811096    32.5044        477     1.9833  0.000e+00
     30.560    12.7366   3.811168    32.5059        478     1.9875  0.000e+00
     30.520    12.7356   3.811450    32.5095        479     1.9917  0.000e+00
     30.475    12.7365   3.811732    32.5114        480     1.9958  0.000e+00
     30.427    12.7391   3.811968    32.5114        481     2.0000  0.000e+00
     30.377    12.7419   3.811483    32.5044        482     2.0042  0.000e+00
     30.320    12.7417   3.812394    32.5132        483     2.0083  0.000e+00
     30.270    12.7445   3.812204    32.5091        484     2.0125  0.000e+00
     30.208    12.7472   3.813010    32.5144        485     2.0167  0.000e+00
     30.144    12.7519   3.813692    32.5169        486     2.0208  0.000e+00
     30.073    12.7589   3.813377    32.5079        487     2.0250  0.000e+00
     30.008    12.7636   3.814597    32.5155        488     2.0292  0.000e+00
     29.940    12.7682   3.813646    32.5025        489     2.0333  0.000e+00
     29.880    12.7708   3.816178    32.5243        490     2.0375  0.000e+00
     29.820    12.7814   3.816420    32.5175        491     2.0417  0.000e+00
     29.762    12.7930   3.815423    32.4981        492     2.0458  0.000e+00
     29.707    12.7950   3.815495    32.4971        493     2.0500  0.000e+00
     29.661    12.7945   3.816059    32.5029        494     2.0542  0.000e+00
     29.602    12.7978   3.814977    32.4898        495     2.0583  0.000e+00
     29.556    12.7948   3.814806    32.4908        496     2.0625  0.000e+00
     29.513    12.7896   3.813600    32.4838        497     2.0667  0.000e+00
     29.470    12.7829   3.815895    32.5114        498     2.0708  0.000e+00
     29.431    12.7868   3.818297    32.5308        499     2.0750  0.000e+00
     29.391    12.8051   3.820541    32.5364        500     2.0792  0.000e+00
     29.353    12.8316   3.823606    32.5426        501     2.0833  0.000e+00
     29.310    12.8647   3.824709    32.5246        502     2.0875  0.000e+00
     29.266    12.8938   3.826074    32.5125        503     2.0917  0.000e+00
     29.221    12.9183   3.827604    32.5059        504     2.0958  0.000e+00
     29.177    12.9432   3.831039    32.5171        505     2.1000  0.000e+00
     29.131    12.9761   3.834699    32.5234        506     2.1042  0.000e+00
     29.080    13.0187   3.836638    32.5051        507     2.1083  0.000e+00
     29.035    13.0584   3.840195    32.5047        508     2.1125  0.000e+00
     28.981    13.1008   3.842556    32.4906        509     2.1167  0.000e+00
     28.921    13.1416   3.843746    32.4669        510     2.1208  0.000e+00
     28.870    13.1729   3.844561    32.4479        511     2.1250  0.000e+00
     28.809    13.1949   3.845272    32.4358        512     2.1292  0.000e+00
     28.743    13.2101   3.845653    32.4264        513     2.1333  0.000e+00
     28.674    13.2202   3.845331    32.4148        514     2.1375  0.000e+00
     28.607    13.2252   3.845923    32.4161        515     2.1417  0.000e+00
     28.531    13.2292   3.846245    32.4158        516     2.1458  0.000e+00
     28.459    13.2334   3.846541    32.4150        517     2.1500  0.000e+00
     28.374    13.2372   3.847061    32.4167        518     2.1542  0.000e+00
     28.292    13.2418   3.848384    32.4252        519     2.1583  0.000e+00
     28.216    13.2497   3.850418    32.4376        520     2.1625  0.000e+00
     28.137    13.2632   3.851254    32.4339        521     2.1667  0.000e+00
     28.063    13.2772   3.851827    32.4274        522     2.1708  0.000e+00
     27.996    13.2888   3.852854    32.4272        523     2.1750  0.000e+00
     27.936    13.2990   3.853835    32.4277        524     2.1792  0.000e+00
     27.879    13.3098   3.854322    32.4231        525     2.1833  0.000e+00
     27.832    13.3189   3.854658    32.4186        526     2.1875  0.000e+00
     27.785    13.3262   3.855020    32.4157        527     2.1917  0.000e+00
     27.741    13.3324   3.855475    32.4148        528     2.1958  0.000e+00
     27.709    13.3380   3.855843    32.4134        529     2.2000  0.000e+00
     27.676    13.3432   3.856094    32.4114        530     2.2042  0.000e+00
     27.642    13.3479   3.856436    32.4106        531     2.2083  0.000e+00
     27.613    13.3526   3.856891    32.4108        532     2.2125  0.000e+00
     27.584    13.3578   3.857273    32.4100        533     2.2167  0.000e+00
     27.548    13.3626   3.857668    32.4096        534     2.2208  0.000e+00
     27.512    13.3675   3.858083    32.4094        535     2.2250  0.000e+00
     27.474    13.3727   3.858709    32.4108        536     2.2292  0.000e+00
     27.426    13.3792   3.859566    32.4133        537     2.2333  0.000e+00
     27.376    13.3869   3.859981    32.4107        538     2.2375  0.000e+00
     27.323    13.3944   3.860205    32.4064        539     2.2417  0.000e+00
     27.260    13.4002   3.860277    32.4022        540     2.2458  0.000e+00
     27.202    13.4039   3.860290    32.3992        541     2.2500  0.000e+00
     27.137    13.4061   3.860343    32.3978        542     2.2542  0.000e+00
     27.076    13.4076   3.860639    32.3993        543     2.2583  0.000e+00
     27.018    13.4102   3.861516    32.4054        544     2.2625  0.000e+00
     26.957    13.4172   3.863823    32.4210        545     2.2667  0.000e+00
     26.893    13.4335   3.867806    32.4444        546     2.2708  0.000e+00
     26.839    13.4629   3.870609    32.4455        547     2.2750  0.000e+00
     26.785    13.4981   3.874740    32.4542        548     2.2792  0.000e+00
     26.732    13.5419   3.878991    32.4567        549     2.2833  0.000e+00
     26.683    13.5936   3.880794    32.4296        550     2.2875  0.000e+00
     26.636    13.6409   3.883178    32.4117        551     2.2917  0.000e+00
     26.598    13.6799   3.883732    32.3839        552     2.2958  0.000e+00
     26.564    13.7064   3.884293    32.3667        553     2.3000  0.000e+00
     26.531    13.7233   3.884855    32.3576        554     2.3042  0.000e+00
     26.497    13.7347   3.885363    32.3528        555     2.3083  0.000e+00
     26.472    13.7449   3.886229    32.3522        556     2.3125  0.000e+00
     26.442    13.7559   3.887670    32.3563        557     2.3167  0.000e+00
     26.414    13.7693   3.889143    32.3586        558     2.3208  0.000e+00
     26.390    13.7847   3.890922    32.3622        559     2.3250  0.000e+00
     26.361    13.8027   3.892555    32.3621        560     2.3292  0.000e+00
     26.329    13.8240   3.893487    32.3527        561     2.3333  0.000e+00
     26.297    13.8447   3.895822    32.3569        562     2.3375  0.000e+00
     26.259    13.8677   3.896946    32.3480        563     2.3417  0.000e+00
     26.210    13.8904   3.899870    32.3559        564     2.3458  0.000e+00
     26.162    13.9198   3.902140    32.3521        565     2.3500  0.000e+00
     26.109    13.9573   3.906079    32.3570        566     2.3542  0.000e+00
     26.051    13.9973   3.908576    32.3463        567     2.3583  0.000e+00
     25.994    14.0395   3.906330    32.2903        568     2.3625  0.000e+00
     25.930    14.0582   3.909277    32.3017        569     2.3667  0.000e+00
     25.869    14.0766   3.908117    32.2757        570     2.3708  0.000e+00
     25.813    14.0866   3.909303    32.2783        571     2.3750  0.000e+00
     25.750    14.0945   3.910164    32.2795        572     2.3792  0.000e+00
     25.698    14.1047   3.910091    32.2703        573     2.3833  0.000e+00
     25.635    14.1124   3.910230    32.2652        574     2.3875  0.000e+00
     25.586    14.1176   3.911867    32.2759        575     2.3917  0.000e+00
     25.541    14.1277   3.912390    32.2723        576     2.3958  0.000e+00
     25.499    14.1386   3.910395    32.2449        577     2.4000  0.000e+00
     25.459    14.1353   3.911482    32.2577        578     2.4042  0.000e+00
     25.420    14.1356   3.911648    32.2589        579     2.4083  0.000e+00
     25.387    14.1382   3.911369    32.2542        580     2.4125  0.000e+00
     25.356    14.1392   3.912741    32.2659        581     2.4167  0.000e+00
     25.326    14.1450   3.913390    32.2671        582     2.4208  0.000e+00
     25.297    14.1542   3.916479    32.2878        583     2.4250  0.000e+00
     25.266    14.1745   3.914689    32.2544        584     2.4292  0.000e+00
     25.239    14.1822   3.914205    32.2435        585     2.4333  0.000e+00
     25.207    14.1814   3.916764    32.2677        586     2.4375  0.000e+00
     25.179    14.1925   3.920318    32.2910        587     2.4417  0.000e+00
     25.150    14.2184   3.919349    32.2605        588     2.4458  0.000e+00
     25.119    14.2344   3.919256    32.2463        589     2.4500  0.000e+00
     25.081    14.2413   3.921816    32.2640        590     2.4542  0.000e+00
     25.047    14.2553   3.922227    32.2561        591     2.4583  0.000e+00
     25.009    14.2699   3.922419    32.2456        592     2.4625  0.000e+00
     24.967    14.2787   3.922605    32.2400        593     2.4667  0.000e+00
     24.923    14.2848   3.923421    32.2425        594     2.4708  0.000e+00
     24.877    14.2924   3.923845    32.2400        595     2.4750  0.000e+00
     24.821    14.3002   3.923911    32.2341        596     2.4792  0.000e+00
     24.782    14.3056   3.923984    32.2303        597     2.4833  0.000e+00
     24.728    14.3089   3.924382    32.2313        598     2.4875  0.000e+00
     24.692    14.3126   3.924376    32.2281        599     2.4917  0.000e+00
     24.652    14.3151   3.924216    32.2245        600     2.4958  0.000e+00
     24.607    14.3156   3.924707    32.2286        601     2.5000  0.000e+00
     24.569    14.3184   3.925358    32.2323        602     2.5042  0.000e+00
     24.533    14.3258   3.927315    32.2441        603     2.5083  0.000e+00
     24.495    14.3434   3.927321    32.2295        604     2.5125  0.000e+00
     24.463    14.3583   3.927062    32.2147        605     2.5167  0.000e+00
     24.426    14.3658   3.927859    32.2158        606     2.5208  0.000e+00
     24.390    14.3744   3.930189    32.2299        607     2.5250  0.000e+00
     24.356    14.3956   3.931536    32.2245        608     2.5292  0.000e+00
     24.321    14.4204   3.931874    32.2070        609     2.5333  0.000e+00
     24.296    14.4399   3.932087    32.1927        610     2.5375  0.000e+00
     24.262    14.4540   3.933999    32.1985        611     2.5417  0.000e+00
     24.233    14.4704   3.935101    32.1949        612     2.5458  0.000e+00
     24.208    14.4881   3.935194    32.1811        613     2.5500  0.000e+00
     24.181    14.4989   3.935074    32.1711        614     2.5542  0.000e+00
     24.151    14.5075   3.936130    32.1735        615     2.5583  0.000e+00
     24.121    14.5170   3.937439    32.1776        616     2.5625  0.000e+00
     24.091    14.5323   3.940695    32.1946        617     2.5667  0.000e+00
     24.057    14.5558   3.939618    32.1653        618     2.5708  0.000e+00
     24.025    14.5709   3.939425    32.1510        619     2.5750  0.000e+00
     23.985    14.5753   3.939804    32.1509        620     2.5792  0.000e+00
     23.938    14.5794   3.941379    32.1618        621     2.5833  0.000e+00
     23.888    14.5887   3.942289    32.1624        622     2.5875  0.000e+00
     23.837    14.6017   3.943698    32.1644        623     2.5917  0.000e+00
     23.792    14.6180   3.944396    32.1573        624     2.5958  0.000e+00
     23.736    14.6351   3.944728    32.1462        625     2.6000  0.000e+00
