HB2303/sbe127.cnv
* Sea-Bird SBE 19plus V2 Data File:
* FileName = C:\cruise\data\sbe127.hex
* Software Version Seasave V 7.26.7.121
* Temperature SN = 6128
* Conductivity SN = 6128
* System UpLoad Time = Aug 20 2023 15:58:34
* NMEA Latitude = 44 18.63 N
* NMEA Longitude = 066 58.74 W
* NMEA UTC (Time) = Aug 20 2023 15:58:30
** Ship: Henry Bigelow
** Cruise:  HB2303
** Program:  ECOMON
# nquan = 7
# nvalues = 3237                                  
# units = specified
# name 0 = depSM: Depth [salt water, m]
# name 1 = tv290C: Temperature [ITS-90, deg C]
# name 2 = c0S/m: Conductivity [S/m]
# name 3 = sal00: Salinity, Practical [PSU]
# name 4 = scan: Scan Count
# name 5 = timeM: Time, Elapsed [minutes]
# name 6 = flag:  0.000e+00
# span 0 =     -0.232,    134.052                 
# span 1 =     8.8009,    19.2824                 
# span 2 =  -0.129736,   4.021284                 
# span 3 =     0.0000,    33.3496                 
# span 4 =         11,       3247                 
# span 5 =     0.0417,    13.5250                 
# span 6 = 0.0000e+00, 0.0000e+00                 
# interval = seconds: 0.25
# start_time = Aug 20 2023 15:58:30 [NMEA time, header]
# bad_flag = -9.990e-29
*END*
[from data line 2872]
     13.311    13.2983   3.827606    32.1884       2883    12.0083  0.000e+00
     13.264    13.3037   3.830063    32.2069       2884    12.0125  0.000e+00
     13.228    13.3170   3.830819    32.2027       2885    12.0167  0.000e+00
     13.200    13.3318   3.831830    32.1997       2886    12.0208  0.000e+00
     13.180    13.3451   3.833887    32.2077       2887    12.0250  0.000e+00
     13.164    13.3629   3.834800    32.2012       2888    12.0292  0.000e+00
     13.151    13.3784   3.831876    32.1608       2889    12.0333  0.000e+00
     13.133    13.3769   3.829648    32.1412       2890    12.0375  0.000e+00
     13.120    13.3617   3.829044    32.1484       2891    12.0417  0.000e+00
     13.109    13.3497   3.828460    32.1531       2892    12.0458  0.000e+00
     13.089    13.3392   3.828657    32.1638       2893    12.0500  0.000e+00
     13.064    13.3312   3.829268    32.1762       2894    12.0542  0.000e+00
     13.029    13.3303   3.829452    32.1788       2895    12.0583  0.000e+00
     12.991    13.3316   3.829984    32.1827       2896    12.0625  0.000e+00
     12.959    13.3338   3.829682    32.1780       2897    12.0667  0.000e+00
     12.913    13.3366   3.831042    32.1883       2898    12.0708  0.000e+00
     12.863    13.3420   3.832527    32.1977       2899    12.0750  0.000e+00
     12.816    13.3527   3.831422    32.1784       2900    12.0792  0.000e+00
     12.765    13.3564   3.831528    32.1763       2901    12.0833  0.000e+00
     12.714    13.3578   3.831876    32.1784       2902    12.0875  0.000e+00
     12.658    13.3605   3.832454    32.1815       2903    12.0917  0.000e+00
     12.602    13.3652   3.833985    32.1918       2904    12.0958  0.000e+00
     12.548    13.3749   3.835457    32.1974       2905    12.1000  0.000e+00
     12.490    13.3888   3.836437    32.1949       2906    12.1042  0.000e+00
     12.443    13.4021   3.836732    32.1865       2907    12.1083  0.000e+00
     12.394    13.4127   3.838126    32.1905       2908    12.1125  0.000e+00
     12.345    13.4243   3.839934    32.1977       2909    12.1167  0.000e+00
     12.302    13.4403   3.841618    32.1999       2910    12.1208  0.000e+00
     12.251    13.4588   3.843091    32.1980       2911    12.1250  0.000e+00
     12.211    13.4781   3.844959    32.1992       2912    12.1292  0.000e+00
     12.169    13.4983   3.846124    32.1930       2913    12.1333  0.000e+00
     12.128    13.5185   3.848236    32.1957       2914    12.1375  0.000e+00
     12.090    13.5385   3.847170    32.1689       2915    12.1417  0.000e+00
     12.058    13.5504   3.847347    32.1605       2916    12.1458  0.000e+00
     12.025    13.5557   3.852502    32.2041       2917    12.1500  0.000e+00
     11.994    13.5787   3.855057    32.2085       2918    12.1542  0.000e+00
     11.966    13.6099   3.856585    32.1964       2919    12.1583  0.000e+00
     11.939    13.6379   3.857520    32.1815       2920    12.1625  0.000e+00
     11.916    13.6579   3.855992    32.1506       2921    12.1667  0.000e+00
     11.894    13.6660   3.860103    32.1820       2922    12.1708  0.000e+00
     11.867    13.6843   3.864546    32.2078       2923    12.1750  0.000e+00
     11.841    13.7165   3.865838    32.1927       2924    12.1792  0.000e+00
     11.811    13.7455   3.866787    32.1772       2925    12.1833  0.000e+00
     11.772    13.7672   3.864585    32.1386       2926    12.1875  0.000e+00
     11.740    13.7705   3.863101    32.1221       2927    12.1917  0.000e+00
     11.702    13.7604   3.863213    32.1317       2928    12.1958  0.000e+00
     11.667    13.7596   3.862303    32.1239       2929    12.2000  0.000e+00
     11.625    13.7530   3.868047    32.1827       2930    12.2042  0.000e+00
     11.591    13.7717   3.867110    32.1583       2931    12.2083  0.000e+00
     11.553    13.7880   3.871471    32.1851       2932    12.2125  0.000e+00
     11.518    13.8116   3.872341    32.1733       2933    12.2167  0.000e+00
     11.487    13.8343   3.872268    32.1536       2934    12.2208  0.000e+00
     11.458    13.8445   3.866892    32.0954       2935    12.2250  0.000e+00
     11.435    13.8305   3.866562    32.1040       2936    12.2292  0.000e+00
     11.396    13.8166   3.868462    32.1333       2937    12.2333  0.000e+00
     11.373    13.8121   3.869999    32.1512       2938    12.2375  0.000e+00
     11.340    13.8199   3.872684    32.1696       2939    12.2417  0.000e+00
     11.304    13.8371   3.872592    32.1543       2940    12.2458  0.000e+00
     11.255    13.8502   3.871489    32.1332       2941    12.2500  0.000e+00
     11.219    13.8516   3.871740    32.1343       2942    12.2542  0.000e+00
     11.173    13.8522   3.873139    32.1468       2943    12.2583  0.000e+00
     11.130    13.8594   3.874941    32.1574       2944    12.2625  0.000e+00
     11.088    13.8716   3.876010    32.1571       2945    12.2667  0.000e+00
     11.034    13.8856   3.875832    32.1438       2946    12.2708  0.000e+00
     10.998    13.8939   3.875878    32.1372       2947    12.2750  0.000e+00
     10.957    13.8986   3.875851    32.1331       2948    12.2792  0.000e+00
     10.910    13.9009   3.876082    32.1333       2949    12.2833  0.000e+00
     10.861    13.9029   3.876122    32.1321       2950    12.2875  0.000e+00
     10.821    13.9043   3.876102    32.1307       2951    12.2917  0.000e+00
     10.785    13.9050   3.874980    32.1198       2952    12.2958  0.000e+00
     10.756    13.9005   3.873614    32.1109       2953    12.3000  0.000e+00
     10.732    13.8907   3.873442    32.1175       2954    12.3042  0.000e+00
     10.717    13.8843   3.873416    32.1226       2955    12.3083  0.000e+00
     10.706    13.8809   3.874261    32.1333       2956    12.3125  0.000e+00
     10.699    13.8808   3.874155    32.1324       2957    12.3167  0.000e+00
     10.688    13.8812   3.873805    32.1289       2958    12.3208  0.000e+00
     10.681    13.8800   3.873541    32.1275       2959    12.3250  0.000e+00
     10.667    13.8774   3.873277    32.1272       2960    12.3292  0.000e+00
     10.650    13.8745   3.873508    32.1318       2961    12.3333  0.000e+00
     10.628    13.8738   3.874096    32.1377       2962    12.3375  0.000e+00
     10.603    13.8747   3.871997    32.1176       2963    12.3417  0.000e+00
     10.567    13.8683   3.873535    32.1372       2964    12.3458  0.000e+00
     10.532    13.8682   3.875977    32.1599       2965    12.3500  0.000e+00
     10.492    13.8813   3.876036    32.1495       2966    12.3542  0.000e+00
     10.445    13.8916   3.876287    32.1432       2967    12.3583  0.000e+00
     10.394    13.8983   3.874696    32.1229       2968    12.3625  0.000e+00
     10.337    13.8966   3.875092    32.1280       2969    12.3667  0.000e+00
     10.275    13.8931   3.875739    32.1369       2970    12.3708  0.000e+00
     10.214    13.8957   3.875587    32.1334       2971    12.3750  0.000e+00
     10.147    13.8978   3.876082    32.1362       2972    12.3792  0.000e+00
     10.075    13.9001   3.875831    32.1320       2973    12.3833  0.000e+00
     10.015    13.9010   3.875686    32.1300       2974    12.3875  0.000e+00
      9.957    13.9007   3.875600    32.1294       2975    12.3917  0.000e+00
      9.913    13.8998   3.875692    32.1311       2976    12.3958  0.000e+00
      9.877    13.9000   3.876194    32.1355       2977    12.4000  0.000e+00
      9.846    13.9016   3.876333    32.1355       2978    12.4042  0.000e+00
      9.821    13.9041   3.876518    32.1351       2979    12.4083  0.000e+00
      9.808    13.9066   3.876630    32.1340       2980    12.4125  0.000e+00
      9.792    13.9081   3.876517    32.1318       2981    12.4167  0.000e+00
      9.791    13.9089   3.876359    32.1297       2982    12.4208  0.000e+00
      9.789    13.9081   3.875904    32.1261       2983    12.4250  0.000e+00
      9.793    13.9051   3.874108    32.1120       2984    12.4292  0.000e+00
      9.795    13.8966   3.875877    32.1355       2985    12.4333  0.000e+00
      9.795    13.8964   3.876504    32.1414       2986    12.4375  0.000e+00
      9.800    13.9005   3.874498    32.1194       2987    12.4417  0.000e+00
      9.803    13.8962   3.874062    32.1191       2988    12.4458  0.000e+00
      9.798    13.8887   3.874313    32.1276       2989    12.4500  0.000e+00
      9.794    13.8852   3.874656    32.1337       2990    12.4542  0.000e+00
      9.778    13.8850   3.875574    32.1423       2991    12.4583  0.000e+00
      9.744    13.8899   3.877402    32.1552       2992    12.4625  0.000e+00
      9.700    13.9003   3.877343    32.1460       2993    12.4667  0.000e+00
      9.638    13.9086   3.877389    32.1395       2994    12.4708  0.000e+00
      9.564    13.9133   3.876722    32.1294       2995    12.4750  0.000e+00
      9.479    13.9133   3.876676    32.1290       2996    12.4792  0.000e+00
      9.391    13.9124   3.877389    32.1364       2997    12.4833  0.000e+00
      9.302    13.9144   3.877375    32.1346       2998    12.4875  0.000e+00
      9.221    13.9165   3.877389    32.1330       2999    12.4917  0.000e+00
      9.139    13.9175   3.876887    32.1276       3000    12.4958  0.000e+00
      9.071    13.9165   3.877507    32.1342       3001    12.5000  0.000e+00
      9.013    13.9171   3.877012    32.1291       3002    12.5042  0.000e+00
      8.967    13.9165   3.876860    32.1282       3003    12.5083  0.000e+00
      8.932    13.9149   3.876676    32.1278       3004    12.5125  0.000e+00
      8.908    13.9130   3.876484    32.1277       3005    12.5167  0.000e+00
      8.884    13.9113   3.876629    32.1304       3006    12.5208  0.000e+00
      8.875    13.9106   3.876702    32.1317       3007    12.5250  0.000e+00
      8.879    13.9105   3.876603    32.1309       3008    12.5292  0.000e+00
      8.889    13.9098   3.875969    32.1256       3009    12.5333  0.000e+00
      8.887    13.9075   3.875784    32.1258       3010    12.5375  0.000e+00
      8.894    13.9040   3.875831    32.1292       3011    12.5417  0.000e+00
      8.895    13.9021   3.875923    32.1316       3012    12.5458  0.000e+00
      8.891    13.9014   3.876055    32.1335       3013    12.5500  0.000e+00
      8.880    13.9019   3.876412    32.1363       3014    12.5542  0.000e+00
      8.865    13.9038   3.876220    32.1330       3015    12.5583  0.000e+00
      8.841    13.9044   3.875600    32.1267       3016    12.5625  0.000e+00
      8.816    13.9019   3.874576    32.1194       3017    12.5667  0.000e+00
      8.783    13.8954   3.875969    32.1377       3018    12.5708  0.000e+00
      8.750    13.8963   3.877600    32.1520       3019    12.5750  0.000e+00
      8.712    13.9053   3.877884    32.1471       3020    12.5792  0.000e+00
      8.664    13.9134   3.877758    32.1392       3021    12.5833  0.000e+00
      8.607    13.9180   3.877481    32.1328       3022    12.5875  0.000e+00
      8.544    13.9194   3.877131    32.1285       3023    12.5917  0.000e+00
      8.477    13.9182   3.877184    32.1299       3024    12.5958  0.000e+00
      8.417    13.9171   3.877210    32.1312       3025    12.6000  0.000e+00
      8.358    13.9166   3.877593    32.1351       3026    12.6042  0.000e+00
      8.300    13.9181   3.877527    32.1333       3027    12.6083  0.000e+00
      8.244    13.9192   3.877388    32.1311       3028    12.6125  0.000e+00
      8.184    13.9191   3.877203    32.1295       3029    12.6167  0.000e+00
      8.142    13.9181   3.877342    32.1317       3030    12.6208  0.000e+00
      8.095    13.9175   3.877758    32.1360       3031    12.6250  0.000e+00
      8.063    13.9194   3.877474    32.1318       3032    12.6292  0.000e+00
      8.026    13.9201   3.877553    32.1319       3033    12.6333  0.000e+00
      7.999    13.9201   3.877434    32.1309       3034    12.6375  0.000e+00
      7.970    13.9197   3.877349    32.1304       3035    12.6417  0.000e+00
      7.952    13.9188   3.877342    32.1311       3036    12.6458  0.000e+00
      7.936    13.9185   3.877388    32.1318       3037    12.6500  0.000e+00
      7.921    13.9182   3.877131    32.1297       3038    12.6542  0.000e+00
      7.896    13.9168   3.876517    32.1253       3039    12.6583  0.000e+00
      7.883    13.9137   3.876814    32.1305       3040    12.6625  0.000e+00
      7.861    13.9120   3.876239    32.1267       3041    12.6667  0.000e+00
      7.832    13.9091   3.875989    32.1268       3042    12.6708  0.000e+00
      7.800    13.9055   3.876405    32.1336       3043    12.6750  0.000e+00
      7.764    13.9053   3.876913    32.1386       3044    12.6792  0.000e+00
      7.731    13.9079   3.876999    32.1371       3045    12.6833  0.000e+00
      7.682    13.9105   3.877025    32.1353       3046    12.6875  0.000e+00
      7.637    13.9120   3.876966    32.1335       3047    12.6917  0.000e+00
      7.586    13.9125   3.876886    32.1323       3048    12.6958  0.000e+00
      7.532    13.9125   3.876840    32.1319       3049    12.7000  0.000e+00
      7.474    13.9123   3.876794    32.1317       3050    12.7042  0.000e+00
      7.422    13.9120   3.876748    32.1315       3051    12.7083  0.000e+00
      7.375    13.9115   3.876701    32.1316       3052    12.7125  0.000e+00
      7.328    13.9109   3.876655    32.1316       3053    12.7167  0.000e+00
      7.277    13.9103   3.876602    32.1317       3054    12.7208  0.000e+00
      7.226    13.9096   3.876609    32.1323       3055    12.7250  0.000e+00
      7.183    13.9093   3.876516    32.1318       3056    12.7292  0.000e+00
      7.132    13.9087   3.876503    32.1321       3057    12.7333  0.000e+00
      7.085    13.9083   3.876563    32.1331       3058    12.7375  0.000e+00
      7.029    13.9084   3.877276    32.1396       3059    12.7417  0.000e+00
      6.969    13.9111   3.877520    32.1396       3060    12.7458  0.000e+00
      6.906    13.9143   3.876886    32.1311       3061    12.7500  0.000e+00
      6.843    13.9145   3.877573    32.1373       3062    12.7542  0.000e+00
      6.770    13.9160   3.877546    32.1358       3063    12.7583  0.000e+00
      6.713    13.9177   3.878147    32.1399       3064    12.7625  0.000e+00
      6.660    13.9207   3.878266    32.1386       3065    12.7667  0.000e+00
      6.617    13.9239   3.878338    32.1366       3066    12.7708  0.000e+00
      6.591    13.9260   3.878543    32.1367       3067    12.7750  0.000e+00
      6.573    13.9280   3.878173    32.1317       3068    12.7792  0.000e+00
      6.566    13.9279   3.878074    32.1308       3069    12.7833  0.000e+00
      6.566    13.9271   3.878312    32.1337       3070    12.7875  0.000e+00
      6.582    13.9275   3.878517    32.1353       3071    12.7917  0.000e+00
      6.602    13.9285   3.878319    32.1325       3072    12.7958  0.000e+00
      6.610    13.9290   3.878035    32.1296       3073    12.8000  0.000e+00
      6.621    13.9277   3.877784    32.1283       3074    12.8042  0.000e+00
      6.621    13.9257   3.877638    32.1286       3075    12.8083  0.000e+00
      6.604    13.9237   3.877599    32.1300       3076    12.8125  0.000e+00
      6.561    13.9220   3.877526    32.1307       3077    12.8167  0.000e+00
      6.494    13.9210   3.877520    32.1315       3078    12.8208  0.000e+00
      6.406    13.9204   3.877368    32.1306       3079    12.8250  0.000e+00
      6.304    13.9193   3.877183    32.1299       3080    12.8292  0.000e+00
      6.201    13.9182   3.877328    32.1322       3081    12.8333  0.000e+00
      6.102    13.9175   3.877665    32.1359       3082    12.8375  0.000e+00
      5.997    13.9189   3.878378    32.1413       3083    12.8417  0.000e+00
      5.894    13.9230   3.878219    32.1366       3084    12.8458  0.000e+00
      5.807    13.9253   3.877599    32.1289       3085    12.8500  0.000e+00
      5.719    13.9242   3.877645    32.1303       3086    12.8542  0.000e+00
