HB2303/sbe120.cnv
* Sea-Bird SBE 19plus V2 Data File:
* FileName = C:\cruise\data\sbe120.hex
* Software Version Seasave V 7.26.7.121
* Temperature SN = 6128
* Conductivity SN = 6128
* System UpLoad Time = Aug 20 2023 01:07:30
* NMEA Latitude = 43 09.26 N
* NMEA Longitude = 066 37.49 W
* NMEA UTC (Time) = Aug 20 2023 01:07:26
** Ship: Henry Bigelow
** Cruise:  HB2303
** Program:  ECOMON
# nquan = 7
# nvalues = 2732                                  
# units = specified
# name 0 = depSM: Depth [salt water, m]
# name 1 = tv290C: Temperature [ITS-90, deg C]
# name 2 = c0S/m: Conductivity [S/m]
# name 3 = sal00: Salinity, Practical [PSU]
# name 4 = scan: Scan Count
# name 5 = timeM: Time, Elapsed [minutes]
# name 6 = flag:  0.000e+00
# span 0 =      0.004,    112.849                 
# span 1 =     8.6448,    13.9539                 
# span 2 =   0.000786,   3.688594                 
# span 3 =     0.0100,    33.5832                 
# span 4 =         11,       2742                 
# span 5 =     0.0417,    11.4208                 
# span 6 = 0.0000e+00, 0.0000e+00                 
# interval = seconds: 0.25
# start_time = Aug 20 2023 01:07:26 [NMEA time, header]
# bad_flag = -9.990e-29
*END*
[from data line 1231]
     94.937     8.8452   3.566140    33.5481       1242     5.1708  0.000e+00
     94.883     8.8453   3.566057    33.5472       1243     5.1750  0.000e+00
     94.823     8.8454   3.566012    33.5467       1244     5.1792  0.000e+00
     94.749     8.8451   3.566012    33.5470       1245     5.1833  0.000e+00
     94.664     8.8448   3.566101    33.5482       1246     5.1875  0.000e+00
     94.578     8.8449   3.565986    33.5470       1247     5.1917  0.000e+00
     94.478     8.8449   3.565954    33.5467       1248     5.1958  0.000e+00
     94.368     8.8449   3.566254    33.5498       1249     5.2000  0.000e+00
     94.252     8.8449   3.566733    33.5549       1250     5.2042  0.000e+00
     94.121     8.8458   3.566886    33.5557       1251     5.2083  0.000e+00
     93.989     8.8465   3.566976    33.5561       1252     5.2125  0.000e+00
     93.844     8.8469   3.566842    33.5543       1253     5.2167  0.000e+00
     93.703     8.8472   3.566688    33.5525       1254     5.2208  0.000e+00
     93.548     8.8469   3.566624    33.5522       1255     5.2250  0.000e+00
     93.404     8.8469   3.566599    33.5520       1256     5.2292  0.000e+00
     93.250     8.8469   3.566860    33.5548       1257     5.2333  0.000e+00
     93.106     8.8472   3.566995    33.5560       1258     5.2375  0.000e+00
     92.952     8.8473   3.566797    33.5539       1259     5.2417  0.000e+00
     92.810     8.8474   3.566579    33.5517       1260     5.2458  0.000e+00
     92.654     8.8471   3.566318    33.5492       1261     5.2500  0.000e+00
     92.494     8.8466   3.566056    33.5470       1262     5.2542  0.000e+00
     92.343     8.8460   3.565181    33.5386       1263     5.2583  0.000e+00
     92.188     8.8445   3.565117    33.5393       1264     5.2625  0.000e+00
     92.029     8.8433   3.564326    33.5323       1265     5.2667  0.000e+00
     91.881     8.8420   3.564409    33.5344       1266     5.2708  0.000e+00
     91.747     8.8411   3.564262    33.5338       1267     5.2750  0.000e+00
     91.601     8.8404   3.564849    33.5407       1268     5.2792  0.000e+00
     91.474     8.8405   3.565155    33.5439       1269     5.2833  0.000e+00
     91.354     8.8412   3.563604    33.5270       1270     5.2875  0.000e+00
     91.254     8.8400   3.563413    33.5262       1271     5.2917  0.000e+00
     91.165     8.8388   3.563649    33.5299       1272     5.2958  0.000e+00
     91.108     8.8381   3.563847    33.5326       1273     5.3000  0.000e+00
     91.060     8.8379   3.563062    33.5246       1274     5.3042  0.000e+00
     91.026     8.8373   3.562845    33.5230       1275     5.3083  0.000e+00
     91.008     8.8364   3.563125    33.5267       1276     5.3125  0.000e+00
     91.009     8.8360   3.563713    33.5332       1277     5.3167  0.000e+00
     91.013     8.8366   3.563649    33.5320       1278     5.3208  0.000e+00
     91.023     8.8368   3.563170    33.5268       1279     5.3250  0.000e+00
     91.037     8.8366   3.564064    33.5363       1280     5.3292  0.000e+00
     91.037     8.8373   3.565506    33.5508       1281     5.3333  0.000e+00
     91.022     8.8394   3.565813    33.5520       1282     5.3375  0.000e+00
     90.992     8.8414   3.565985    33.5519       1283     5.3417  0.000e+00
     90.937     8.8428   3.565768    33.5483       1284     5.3458  0.000e+00
     90.852     8.8436   3.565532    33.5451       1285     5.3500  0.000e+00
     90.734     8.8436   3.565136    33.5410       1286     5.3542  0.000e+00
     90.573     8.8431   3.564280    33.5327       1287     5.3583  0.000e+00
     90.387     8.8421   3.564217    33.5331       1288     5.3625  0.000e+00
     90.188     8.8409   3.563891    33.5308       1289     5.3667  0.000e+00
     89.987     8.8400   3.563891    33.5318       1290     5.3708  0.000e+00
     89.754     8.8395   3.563801    33.5314       1291     5.3750  0.000e+00
     89.528     8.8394   3.563827    33.5319       1292     5.3792  0.000e+00
     89.319     8.8392   3.563648    33.5303       1293     5.3833  0.000e+00
     89.093     8.8390   3.563080    33.5247       1294     5.3875  0.000e+00
     88.930     8.8382   3.563105    33.5258       1295     5.3917  0.000e+00
     88.758     8.8376   3.562844    33.5237       1296     5.3958  0.000e+00
     88.592     8.8368   3.562927    33.5254       1297     5.4000  0.000e+00
     88.473     8.8365   3.562729    33.5236       1298     5.4042  0.000e+00
     88.363     8.8358   3.561421    33.5107       1299     5.4083  0.000e+00
     88.247     8.8340   3.559526    33.4926       1300     5.4125  0.000e+00
     88.148     8.8308   3.559545    33.4959       1301     5.4167  0.000e+00
     88.061     8.8281   3.560680    33.5104       1302     5.4208  0.000e+00
     87.970     8.8280   3.563035    33.5351       1303     5.4250  0.000e+00
     87.891     8.8306   3.563539    33.5379       1304     5.4292  0.000e+00
     87.794     8.8336   3.562690    33.5262       1305     5.4333  0.000e+00
     87.698     8.8349   3.562907    33.5274       1306     5.4375  0.000e+00
     87.587     8.8353   3.562843    33.5264       1307     5.4417  0.000e+00
     87.470     8.8356   3.562467    33.5222       1308     5.4458  0.000e+00
     87.336     8.8354   3.562709    33.5250       1309     5.4500  0.000e+00
     87.206     8.8350   3.561880    33.5168       1310     5.4542  0.000e+00
     87.060     8.8342   3.560699    33.5052       1311     5.4583  0.000e+00
     86.909     8.8323   3.561248    33.5128       1312     5.4625  0.000e+00
     86.779     8.8311   3.561005    33.5115       1313     5.4667  0.000e+00
     86.643     8.8307   3.560878    33.5106       1314     5.4708  0.000e+00
     86.527     8.8302   3.561528    33.5180       1315     5.4750  0.000e+00
     86.433     8.8303   3.561509    33.5176       1316     5.4792  0.000e+00
     86.350     8.8309   3.561752    33.5197       1317     5.4833  0.000e+00
     86.289     8.8312   3.562403    33.5262       1318     5.4875  0.000e+00
     86.230     8.8324   3.562773    33.5290       1319     5.4917  0.000e+00
     86.186     8.8336   3.562581    33.5259       1320     5.4958  0.000e+00
     86.155     8.8342   3.562537    33.5249       1321     5.5000  0.000e+00
     86.112     8.8344   3.562166    33.5209       1322     5.5042  0.000e+00
     86.074     8.8341   3.562428    33.5238       1323     5.5083  0.000e+00
     86.033     8.8341   3.562447    33.5241       1324     5.5125  0.000e+00
     85.982     8.8341   3.562166    33.5212       1325     5.5167  0.000e+00
     85.928     8.8339   3.562096    33.5207       1326     5.5208  0.000e+00
     85.868     8.8336   3.562166    33.5217       1327     5.5250  0.000e+00
     85.787     8.8336   3.562109    33.5211       1328     5.5292  0.000e+00
     85.681     8.8335   3.562862    33.5291       1329     5.5333  0.000e+00
     85.565     8.8342   3.563060    33.5306       1330     5.5375  0.000e+00
     85.413     8.8351   3.562077    33.5196       1331     5.5417  0.000e+00
     85.262     8.8348   3.562121    33.5204       1332     5.5458  0.000e+00
     85.083     8.8341   3.562970    33.5300       1333     5.5500  0.000e+00
     84.904     8.8347   3.563059    33.5305       1334     5.5542  0.000e+00
     84.697     8.8355   3.563142    33.5307       1335     5.5583  0.000e+00
     84.495     8.8361   3.563232    33.5311       1336     5.5625  0.000e+00
     84.284     8.8365   3.563493    33.5336       1337     5.5667  0.000e+00
     84.075     8.8371   3.563672    33.5350       1338     5.5708  0.000e+00
     83.871     8.8378   3.563691    33.5346       1339     5.5750  0.000e+00
     83.668     8.8385   3.563519    33.5322       1340     5.5792  0.000e+00
     83.518     8.8385   3.563340    33.5305       1341     5.5833  0.000e+00
     83.356     8.8383   3.562995    33.5271       1342     5.5875  0.000e+00
     83.197     8.8377   3.563238    33.5303       1343     5.5917  0.000e+00
     83.090     8.8373   3.563276    33.5311       1344     5.5958  0.000e+00
     82.986     8.8374   3.563078    33.5290       1345     5.6000  0.000e+00
     82.900     8.8372   3.563123    33.5297       1346     5.6042  0.000e+00
     82.818     8.8370   3.563627    33.5352       1347     5.6083  0.000e+00
     82.756     8.8374   3.564457    33.5435       1348     5.6125  0.000e+00
     82.698     8.8390   3.564654    33.5441       1349     5.6167  0.000e+00
     82.644     8.8400   3.564303    33.5396       1350     5.6208  0.000e+00
     82.593     8.8406   3.564125    33.5371       1351     5.6250  0.000e+00
     82.539     8.8406   3.563863    33.5344       1352     5.6292  0.000e+00
     82.474     8.8400   3.561750    33.5129       1353     5.6333  0.000e+00
     82.404     8.8377   3.561597    33.5135       1354     5.6375  0.000e+00
     82.331     8.8352   3.562095    33.5211       1355     5.6417  0.000e+00
     82.253     8.8342   3.562771    33.5291       1356     5.6458  0.000e+00
     82.159     8.8346   3.561597    33.5166       1357     5.6500  0.000e+00
     82.058     8.8339   3.562248    33.5241       1358     5.6542  0.000e+00
     81.948     8.8337   3.563071    33.5329       1359     5.6583  0.000e+00
     81.840     8.8348   3.561246    33.5128       1360     5.6625  0.000e+00
     81.723     8.8336   3.560767    33.5089       1361     5.6667  0.000e+00
     81.613     8.8321   3.560091    33.5034       1362     5.6708  0.000e+00
     81.476     8.8302   3.560021    33.5045       1363     5.6750  0.000e+00
     81.356     8.8286   3.560416    33.5102       1364     5.6792  0.000e+00
     81.228     8.8284   3.560544    33.5118       1365     5.6833  0.000e+00
     81.096     8.8284   3.561814    33.5252       1366     5.6875  0.000e+00
     80.977     8.8300   3.562337    33.5292       1367     5.6917  0.000e+00
     80.852     8.8316   3.562311    33.5274       1368     5.6958  0.000e+00
     80.750     8.8333   3.562273    33.5255       1369     5.7000  0.000e+00
     80.649     8.8337   3.562490    33.5274       1370     5.7042  0.000e+00
     80.549     8.8342   3.562618    33.5283       1371     5.7083  0.000e+00
     80.460     8.8349   3.562796    33.5296       1372     5.7125  0.000e+00
     80.373     8.8354   3.562401    33.5250       1373     5.7167  0.000e+00
     80.297     8.8353   3.562037    33.5213       1374     5.7208  0.000e+00
     80.214     8.8347   3.561571    33.5170       1375     5.7250  0.000e+00
     80.126     8.8338   3.561137    33.5134       1376     5.7292  0.000e+00
     80.039     8.8327   3.560786    33.5108       1377     5.7333  0.000e+00
     79.942     8.8315   3.560435    33.5083       1378     5.7375  0.000e+00
     79.833     8.8300   3.559153    33.4963       1379     5.7417  0.000e+00
     79.730     8.8282   3.559976    33.5068       1380     5.7458  0.000e+00
     79.600     8.8272   3.560614    33.5144       1381     5.7500  0.000e+00
     79.467     8.8276   3.561181    33.5200       1382     5.7542  0.000e+00
     79.308     8.8288   3.561552    33.5228       1383     5.7583  0.000e+00
     79.169     8.8303   3.561220    33.5180       1384     5.7625  0.000e+00
     79.005     8.8306   3.561028    33.5158       1385     5.7667  0.000e+00
     78.846     8.8306   3.560875    33.5143       1386     5.7708  0.000e+00
     78.679     8.8303   3.560830    33.5141       1387     5.7750  0.000e+00
     78.548     8.8302   3.560613    33.5121       1388     5.7792  0.000e+00
     78.400     8.8294   3.558297    33.4886       1389     5.7833  0.000e+00
     78.277     8.8268   3.558036    33.4884       1390     5.7875  0.000e+00
     78.144     8.8239   3.558820    33.4994       1391     5.7917  0.000e+00
     78.049     8.8232   3.560090    33.5134       1392     5.7958  0.000e+00
     77.979     8.8242   3.555485    33.4644       1393     5.8000  0.000e+00
     77.894     8.8206   3.550327    33.4138       1394     5.8042  0.000e+00
     77.825     8.8111   3.551545    33.4355       1395     5.8083  0.000e+00
     77.775     8.8047   3.551130    33.4372       1396     5.8125  0.000e+00
     77.721     8.8012   3.551895    33.4486       1397     5.8167  0.000e+00
     77.672     8.7997   3.551264    33.4434       1398     5.8208  0.000e+00
     77.622     8.7991   3.554114    33.4738       1399     5.8250  0.000e+00
     77.561     8.8012   3.554879    33.4799       1400     5.8292  0.000e+00
     77.493     8.8044   3.553463    33.4621       1401     5.8333  0.000e+00
     77.421     8.8046   3.549155    33.4168       1402     5.8375  0.000e+00
     77.332     8.7999   3.546676    33.3953       1403     5.8417  0.000e+00
     77.233     8.7928   3.546262    33.3978       1404     5.8458  0.000e+00
     77.126     8.7875   3.544746    33.3869       1405     5.8500  0.000e+00
     77.010     8.7827   3.544702    33.3910       1406     5.8542  0.000e+00
     76.907     8.7794   3.544874    33.3959       1407     5.8583  0.000e+00
     76.791     8.7781   3.547919    33.4292       1408     5.8625  0.000e+00
     76.675     8.7803   3.549588    33.4446       1409     5.8667  0.000e+00
     76.572     8.7845   3.551831    33.4642       1410     5.8708  0.000e+00
     76.480     8.7896   3.551761    33.4587       1411     5.8750  0.000e+00
     76.395     8.7938   3.553246    33.4703       1412     5.8792  0.000e+00
     76.316     8.7976   3.553916    33.4738       1413     5.8833  0.000e+00
     76.249     8.8010   3.553635    33.4676       1414     5.8875  0.000e+00
     76.174     8.8030   3.554834    33.4783       1415     5.8917  0.000e+00
     76.102     8.8055   3.555943    33.4877       1416     5.8958  0.000e+00
     76.040     8.8084   3.555529    33.4806       1417     5.9000  0.000e+00
     75.974     8.8101   3.553877    33.4617       1418     5.9042  0.000e+00
     75.900     8.8093   3.553437    33.4580       1419     5.9083  0.000e+00
     75.822     8.8073   3.552940    33.4547       1420     5.9125  0.000e+00
     75.726     8.8055   3.551895    33.4454       1421     5.9167  0.000e+00
     75.621     8.8030   3.549543    33.4233       1422     5.9208  0.000e+00
     75.510     8.7988   3.547676    33.4077       1423     5.9250  0.000e+00
     75.377     8.7933   3.546656    33.4023       1424     5.9292  0.000e+00
     75.240     8.7885   3.547829    33.4191       1425     5.9333  0.000e+00
     75.083     8.7866   3.548326    33.4262       1426     5.9375  0.000e+00
     74.946     8.7864   3.547567    33.4185       1427     5.9417  0.000e+00
     74.785     8.7860   3.547567    33.4189       1428     5.9458  0.000e+00
     74.646     8.7854   3.547676    33.4207       1429     5.9500  0.000e+00
     74.503     8.7851   3.547261    33.4168       1430     5.9542  0.000e+00
     74.365     8.7845   3.545879    33.4028       1431     5.9583  0.000e+00
     74.232     8.7824   3.545503    33.4010       1432     5.9625  0.000e+00
     74.071     8.7805   3.545242    33.4002       1433     5.9667  0.000e+00
     73.970     8.7786   3.545197    33.4015       1434     5.9708  0.000e+00
     73.822     8.7776   3.545745    33.4082       1435     5.9750  0.000e+00
     73.695     8.7775   3.545395    33.4047       1436     5.9792  0.000e+00
     73.596     8.7772   3.544764    33.3985       1437     5.9833  0.000e+00
     73.489     8.7763   3.544159    33.3930       1438     5.9875  0.000e+00
     73.391     8.7749   3.544070    33.3935       1439     5.9917  0.000e+00
     73.285     8.7738   3.545872    33.4134       1440     5.9958  0.000e+00
     73.190     8.7747   3.547134    33.4258       1441     6.0000  0.000e+00
     73.110     8.7781   3.549504    33.4475       1442     6.0042  0.000e+00
     73.036     8.7823   3.547656    33.4242       1443     6.0083  0.000e+00
     72.973     8.7838   3.547261    33.4186       1444     6.0125  0.000e+00
     72.923     8.7837   3.548064    33.4272       1445     6.0167  0.000e+00
