HB2303/sbe124.cnv
* Sea-Bird SBE 19plus V2 Data File:
* FileName = C:\cruise\data\sbe124.hex
* Software Version Seasave V 7.26.7.121
* Temperature SN = 6128
* Conductivity SN = 6128
* System UpLoad Time = Aug 20 2023 09:20:28
* NMEA Latitude = 43 28.41 N
* NMEA Longitude = 066 58.14 W
* NMEA UTC (Time) = Aug 20 2023 09:20:24
** Ship: Henry Bigelow
** Cruise:  HB2303
** Program:  ECOMON
# nquan = 7
# nvalues = 7086                                  
# units = specified
# name 0 = depSM: Depth [salt water, m]
# name 1 = tv290C: Temperature [ITS-90, deg C]
# name 2 = c0S/m: Conductivity [S/m]
# name 3 = sal00: Salinity, Practical [PSU]
# name 4 = scan: Scan Count
# name 5 = timeM: Time, Elapsed [minutes]
# name 6 = flag:  0.000e+00
# span 0 =     -0.211,    200.705                 
# span 1 =     8.2024,    18.0155                 
# span 2 =   0.001587,   4.224358                 
# span 3 =     0.0147,    34.6022                 
# span 4 =         11,       7096                 
# span 5 =     0.0417,    29.5625                 
# span 6 = 0.0000e+00, 0.0000e+00                 
# interval = seconds: 0.25
# start_time = Aug 20 2023 09:20:24 [NMEA time, header]
# bad_flag = -9.990e-29
*END*
[from data line 3488]
    135.666     8.9351   3.655420    34.3775       3499    14.5750  0.000e+00
    135.599     8.9339   3.655259    34.3770       3500    14.5792  0.000e+00
    135.518     8.9327   3.655014    34.3756       3501    14.5833  0.000e+00
    135.431     8.9312   3.654698    34.3738       3502    14.5875  0.000e+00
    135.348     8.9291   3.654434    34.3731       3503    14.5917  0.000e+00
    135.249     8.9276   3.654408    34.3744       3504    14.5958  0.000e+00
    135.155     8.9264   3.654272    34.3742       3505    14.6000  0.000e+00
    135.049     8.9254   3.653460    34.3667       3506    14.6042  0.000e+00
    134.950     8.9226   3.653260    34.3673       3507    14.6083  0.000e+00
    134.856     8.9201   3.653170    34.3689       3508    14.6125  0.000e+00
    134.771     8.9182   3.652996    34.3689       3509    14.6167  0.000e+00
    134.677     8.9168   3.652964    34.3699       3510    14.6208  0.000e+00
    134.588     8.9157   3.652828    34.3696       3511    14.6250  0.000e+00
    134.504     8.9149   3.652809    34.3703       3512    14.6292  0.000e+00
    134.441     8.9140   3.652873    34.3718       3513    14.6333  0.000e+00
    134.378     8.9138   3.652583    34.3690       3514    14.6375  0.000e+00
    134.318     8.9132   3.652177    34.3653       3515    14.6417  0.000e+00
    134.262     8.9117   3.652396    34.3692       3516    14.6458  0.000e+00
    134.208     8.9109   3.652403    34.3700       3517    14.6500  0.000e+00
    134.153     8.9109   3.652132    34.3672       3518    14.6542  0.000e+00
    134.101     8.9103   3.652222    34.3687       3519    14.6583  0.000e+00
    134.050     8.9099   3.652222    34.3691       3520    14.6625  0.000e+00
    134.012     8.9097   3.652068    34.3678       3521    14.6667  0.000e+00
    133.964     8.9093   3.651797    34.3653       3522    14.6708  0.000e+00
    133.924     8.9087   3.651907    34.3671       3523    14.6750  0.000e+00
    133.883     8.9081   3.651771    34.3662       3524    14.6792  0.000e+00
    133.843     8.9079   3.651481    34.3634       3525    14.6833  0.000e+00
    133.807     8.9073   3.651236    34.3614       3526    14.6875  0.000e+00
    133.762     8.9069   3.650850    34.3578       3527    14.6917  0.000e+00
    133.715     8.9063   3.651236    34.3624       3528    14.6958  0.000e+00
    133.662     8.9062   3.650450    34.3543       3529    14.7000  0.000e+00
    133.596     8.9058   3.650237    34.3525       3530    14.7042  0.000e+00
    133.531     8.9055   3.648311    34.3327       3531    14.7083  0.000e+00
    133.456     8.9032   3.648092    34.3326       3532    14.7125  0.000e+00
    133.379     8.8998   3.642707    34.2796       3533    14.7167  0.000e+00
    133.294     8.8884   3.637957    34.2408       3534    14.7208  0.000e+00
    133.194     8.8685   3.632681    34.2047       3535    14.7250  0.000e+00
    133.099     8.8442   3.630000    34.2001       3536    14.7292  0.000e+00
    133.007     8.8215   3.628772    34.2092       3537    14.7333  0.000e+00
    132.916     8.8045   3.628400    34.2217       3538    14.7375  0.000e+00
    132.822     8.7935   3.628033    34.2285       3539    14.7417  0.000e+00
    132.745     8.7868   3.627860    34.2332       3540    14.7458  0.000e+00
    132.668     8.7825   3.627789    34.2366       3541    14.7500  0.000e+00
    132.601     8.7799   3.627680    34.2380       3542    14.7542  0.000e+00
    132.527     8.7782   3.627346    34.2362       3543    14.7583  0.000e+00
    132.469     8.7766   3.626388    34.2277       3544    14.7625  0.000e+00
    132.408     8.7736   3.626651    34.2334       3545    14.7667  0.000e+00
    132.357     8.7716   3.626317    34.2318       3546    14.7708  0.000e+00
    132.308     8.7704   3.626163    34.2314       3547    14.7750  0.000e+00
    132.257     8.7691   3.626651    34.2378       3548    14.7792  0.000e+00
    132.214     8.7692   3.626921    34.2406       3549    14.7833  0.000e+00
    132.154     8.7700   3.626336    34.2337       3550    14.7875  0.000e+00
    132.109     8.7699   3.626272    34.2331       3551    14.7917  0.000e+00
    132.053     8.7691   3.626497    34.2363       3552    14.7958  0.000e+00
    131.998     8.7691   3.626208    34.2333       3553    14.8000  0.000e+00
    131.933     8.7687   3.625829    34.2297       3554    14.8042  0.000e+00
    131.872     8.7675   3.625514    34.2276       3555    14.8083  0.000e+00
    131.816     8.7662   3.625295    34.2266       3556    14.8125  0.000e+00
    131.750     8.7646   3.624627    34.2211       3557    14.8167  0.000e+00
    131.675     8.7627   3.624132    34.2178       3558    14.8208  0.000e+00
    131.600     8.7600   3.624248    34.2216       3559    14.8250  0.000e+00
    131.535     8.7587   3.624267    34.2232       3560    14.8292  0.000e+00
    131.463     8.7579   3.624537    34.2268       3561    14.8333  0.000e+00
    131.400     8.7580   3.624473    34.2260       3562    14.8375  0.000e+00
    131.336     8.7582   3.624267    34.2237       3563    14.8417  0.000e+00
    131.291     8.7580   3.624222    34.2235       3564    14.8458  0.000e+00
    131.234     8.7577   3.623714    34.2184       3565    14.8500  0.000e+00
    131.189     8.7566   3.623489    34.2171       3566    14.8542  0.000e+00
    131.130     8.7552   3.623489    34.2185       3567    14.8583  0.000e+00
    131.081     8.7543   3.623554    34.2201       3568    14.8625  0.000e+00
    131.028     8.7541   3.623554    34.2204       3569    14.8667  0.000e+00
    130.975     8.7539   3.623489    34.2198       3570    14.8708  0.000e+00
    130.908     8.7538   3.623509    34.2202       3571    14.8750  0.000e+00
    130.832     8.7535   3.623643    34.2219       3572    14.8792  0.000e+00
    130.756     8.7536   3.623714    34.2226       3573    14.8833  0.000e+00
    130.666     8.7539   3.623624    34.2214       3574    14.8875  0.000e+00
    130.577     8.7541   3.623553    34.2205       3575    14.8917  0.000e+00
    130.499     8.7541   3.623553    34.2206       3576    14.8958  0.000e+00
    130.414     8.7539   3.623489    34.2201       3577    14.9000  0.000e+00
    130.333     8.7538   3.623598    34.2214       3578    14.9042  0.000e+00
    130.257     8.7539   3.623598    34.2214       3579    14.9083  0.000e+00
    130.186     8.7539   3.623579    34.2212       3580    14.9125  0.000e+00
    130.121     8.7539   3.623373    34.2190       3581    14.9167  0.000e+00
    130.058     8.7534   3.622975    34.2154       3582    14.9208  0.000e+00
    129.991     8.7526   3.622641    34.2126       3583    14.9250  0.000e+00
    129.929     8.7513   3.622956    34.2173       3584    14.9292  0.000e+00
    129.877     8.7506   3.622641    34.2147       3585    14.9333  0.000e+00
    129.797     8.7503   3.622596    34.2145       3586    14.9375  0.000e+00
    129.740     8.7497   3.622602    34.2151       3587    14.9417  0.000e+00
    129.673     8.7492   3.622641    34.2161       3588    14.9458  0.000e+00
    129.599     8.7492   3.622487    34.2145       3589    14.9500  0.000e+00
    129.540     8.7490   3.622307    34.2128       3590    14.9542  0.000e+00
    129.481     8.7484   3.622082    34.2111       3591    14.9583  0.000e+00
    129.411     8.7474   3.622082    34.2121       3592    14.9625  0.000e+00
    129.358     8.7469   3.621639    34.2080       3593    14.9667  0.000e+00
    129.313     8.7459   3.621484    34.2073       3594    14.9708  0.000e+00
    129.268     8.7450   3.621793    34.2114       3595    14.9750  0.000e+00
    129.226     8.7448   3.621728    34.2110       3596    14.9792  0.000e+00
    129.192     8.7447   3.621549    34.2092       3597    14.9833  0.000e+00
    129.152     8.7444   3.621664    34.2107       3598    14.9875  0.000e+00
    129.105     8.7442   3.621709    34.2114       3599    14.9917  0.000e+00
    129.074     8.7443   3.621671    34.2109       3600    14.9958  0.000e+00
    129.025     8.7445   3.621709    34.2112       3601    15.0000  0.000e+00
    128.971     8.7444   3.621793    34.2121       3602    15.0042  0.000e+00
    128.915     8.7447   3.621883    34.2128       3603    15.0083  0.000e+00
    128.859     8.7450   3.621972    34.2136       3604    15.0125  0.000e+00
    128.797     8.7454   3.621863    34.2120       3605    15.0167  0.000e+00
    128.722     8.7454   3.621683    34.2101       3606    15.0208  0.000e+00
    128.638     8.7451   3.621638    34.2100       3607    15.0250  0.000e+00
    128.566     8.7448   3.621683    34.2108       3608    15.0292  0.000e+00
    128.472     8.7447   3.621863    34.2129       3609    15.0333  0.000e+00
    128.397     8.7449   3.621593    34.2098       3610    15.0375  0.000e+00
    128.311     8.7448   3.621529    34.2093       3611    15.0417  0.000e+00
    128.240     8.7442   3.621105    34.2055       3612    15.0458  0.000e+00
    128.164     8.7435   3.621054    34.2057       3613    15.0500  0.000e+00
    128.085     8.7426   3.621015    34.2062       3614    15.0542  0.000e+00
    128.016     8.7420   3.621041    34.2070       3615    15.0583  0.000e+00
    127.949     8.7417   3.621240    34.2095       3616    15.0625  0.000e+00
    127.882     8.7418   3.621330    34.2103       3617    15.0667  0.000e+00
    127.819     8.7421   3.621105    34.2076       3618    15.0708  0.000e+00
    127.761     8.7422   3.621285    34.2095       3619    15.0750  0.000e+00
    127.694     8.7423   3.621394    34.2106       3620    15.0792  0.000e+00
    127.645     8.7427   3.621330    34.2096       3621    15.0833  0.000e+00
    127.587     8.7427   3.621349    34.2098       3622    15.0875  0.000e+00
    127.535     8.7429   3.621330    34.2094       3623    15.0917  0.000e+00
    127.473     8.7428   3.621240    34.2086       3624    15.0958  0.000e+00
    127.421     8.7427   3.620970    34.2059       3625    15.1000  0.000e+00
    127.376     8.7421   3.620726    34.2039       3626    15.1042  0.000e+00
    127.316     8.7414   3.620462    34.2019       3627    15.1083  0.000e+00
    127.276     8.7403   3.620347    34.2017       3628    15.1125  0.000e+00
    127.231     8.7396   3.620347    34.2024       3629    15.1167  0.000e+00
    127.195     8.7389   3.620238    34.2019       3630    15.1208  0.000e+00
    127.149     8.7383   3.620212    34.2023       3631    15.1250  0.000e+00
    127.101     8.7378   3.620128    34.2019       3632    15.1292  0.000e+00
    127.052     8.7373   3.619904    34.2001       3633    15.1333  0.000e+00
    126.983     8.7366   3.619833    34.2000       3634    15.1375  0.000e+00
    126.920     8.7363   3.619794    34.1999       3635    15.1417  0.000e+00
    126.854     8.7358   3.619794    34.2004       3636    15.1458  0.000e+00
    126.783     8.7354   3.619769    34.2006       3637    15.1500  0.000e+00
    126.716     8.7352   3.619679    34.1999       3638    15.1542  0.000e+00
    126.637     8.7349   3.619794    34.2014       3639    15.1583  0.000e+00
    126.577     8.7351   3.619769    34.2009       3640    15.1625  0.000e+00
    126.518     8.7351   3.619910    34.2025       3641    15.1667  0.000e+00
    126.452     8.7352   3.619923    34.2025       3642    15.1708  0.000e+00
    126.410     8.7354   3.619769    34.2008       3643    15.1750  0.000e+00
    126.360     8.7354   3.619813    34.2012       3644    15.1792  0.000e+00
    126.322     8.7354   3.619544    34.1985       3645    15.1833  0.000e+00
    126.284     8.7348   3.619544    34.1990       3646    15.1875  0.000e+00
    126.235     8.7343   3.619390    34.1979       3647    15.1917  0.000e+00
    126.190     8.7339   3.619325    34.1977       3648    15.1958  0.000e+00
    126.135     8.7333   3.619300    34.1980       3649    15.2000  0.000e+00
    126.081     8.7330   3.618812    34.1931       3650    15.2042  0.000e+00
    126.030     8.7322   3.618593    34.1917       3651    15.2083  0.000e+00
    125.967     8.7309   3.618882    34.1960       3652    15.2125  0.000e+00
    125.902     8.7305   3.619145    34.1992       3653    15.2167  0.000e+00
    125.843     8.7309   3.618921    34.1965       3654    15.2208  0.000e+00
    125.784     8.7310   3.618869    34.1959       3655    15.2250  0.000e+00
    125.728     8.7308   3.619100    34.1985       3656    15.2292  0.000e+00
    125.668     8.7312   3.619210    34.1993       3657    15.2333  0.000e+00
    125.614     8.7316   3.619100    34.1978       3658    15.2375  0.000e+00
    125.562     8.7317   3.619081    34.1975       3659    15.2417  0.000e+00
    125.514     8.7317   3.618946    34.1962       3660    15.2458  0.000e+00
    125.469     8.7315   3.619171    34.1987       3661    15.2500  0.000e+00
    125.433     8.7316   3.619235    34.1993       3662    15.2542  0.000e+00
    125.391     8.7320   3.619299    34.1996       3663    15.2583  0.000e+00
    125.338     8.7323   3.619633    34.2028       3664    15.2625  0.000e+00
    125.297     8.7331   3.619723    34.2030       3665    15.2667  0.000e+00
    125.265     8.7338   3.619723    34.2024       3666    15.2708  0.000e+00
    125.212     8.7344   3.619704    34.2016       3667    15.2750  0.000e+00
    125.169     8.7348   3.619704    34.2012       3668    15.2792  0.000e+00
    125.126     8.7349   3.619659    34.2007       3669    15.2833  0.000e+00
    125.070     8.7348   3.619678    34.2010       3670    15.2875  0.000e+00
    125.013     8.7348   3.619543    34.1996       3671    15.2917  0.000e+00
    124.963     8.7345   3.619678    34.2014       3672    15.2958  0.000e+00
    124.901     8.7347   3.619524    34.1996       3673    15.3000  0.000e+00
    124.836     8.7346   3.619171    34.1960       3674    15.3042  0.000e+00
    124.773     8.7337   3.619126    34.1964       3675    15.3083  0.000e+00
    124.719     8.7329   3.619055    34.1965       3676    15.3125  0.000e+00
    124.672     8.7324   3.619010    34.1965       3677    15.3167  0.000e+00
    124.618     8.7320   3.618747    34.1942       3678    15.3208  0.000e+00
    124.558     8.7311   3.618323    34.1906       3679    15.3250  0.000e+00
    124.504     8.7300   3.618432    34.1928       3680    15.3292  0.000e+00
    124.453     8.7290   3.618503    34.1945       3681    15.3333  0.000e+00
    124.392     8.7288   3.618297    34.1926       3682    15.3375  0.000e+00
    124.339     8.7286   3.618124    34.1910       3683    15.3417  0.000e+00
    124.283     8.7278   3.616840    34.1783       3684    15.3458  0.000e+00
    124.229     8.7254   3.615543    34.1670       3685    15.3500  0.000e+00
    124.174     8.7209   3.615408    34.1700       3686    15.3542  0.000e+00
    124.114     8.7174   3.614298    34.1617       3687    15.3583  0.000e+00
    124.058     8.7136   3.613566    34.1577       3688    15.3625  0.000e+00
    124.013     8.7093   3.612744    34.1532       3689    15.3667  0.000e+00
    123.953     8.7054   3.611814    34.1472       3690    15.3708  0.000e+00
    123.906     8.7007   3.611750    34.1511       3691    15.3750  0.000e+00
    123.850     8.6977   3.612193    34.1587       3692    15.3792  0.000e+00
    123.805     8.6964   3.612013    34.1580       3693    15.3833  0.000e+00
    123.747     8.6959   3.612058    34.1590       3694    15.3875  0.000e+00
    123.700     8.6957   3.611968    34.1583       3695    15.3917  0.000e+00
    123.640     8.6954   3.612148    34.1605       3696    15.3958  0.000e+00
    123.578     8.6955   3.612347    34.1625       3697    15.4000  0.000e+00
    123.519     8.6959   3.612237    34.1610       3698    15.4042  0.000e+00
    123.455     8.6962   3.612501    34.1635       3699    15.4083  0.000e+00
    123.394     8.6967   3.612148    34.1593       3700    15.4125  0.000e+00
    123.339     8.6965   3.610993    34.1474       3701    15.4167  0.000e+00
    123.279     8.6943   3.610749    34.1470       3702    15.4208  0.000e+00
