HB2303/sbe159.cnv
* Sea-Bird SBE 19plus V2 Data File:
* FileName = C:\cruise\data\sbe159.hex
* Software Version Seasave V 7.26.7.121
* Temperature SN = 6128
* Conductivity SN = 6128
* System UpLoad Time = Aug 23 2023 11:33:27
* NMEA Latitude = 40 57.91 N
* NMEA Longitude = 068 26.01 W
* NMEA UTC (Time) = Aug 23 2023 11:33:22
** Ship: Henry Bigelow
** Cruise:  HB2303
** Program:  ECOMON
# nquan = 7
# nvalues = 1237                                  
# units = specified
# name 0 = depSM: Depth [salt water, m]
# name 1 = tv290C: Temperature [ITS-90, deg C]
# name 2 = c0S/m: Conductivity [S/m]
# name 3 = sal00: Salinity, Practical [PSU]
# name 4 = scan: Scan Count
# name 5 = timeM: Time, Elapsed [minutes]
# name 6 = flag:  0.000e+00
# span 0 =     -0.051,     46.235                 
# span 1 =    16.6694,    17.4482                 
# span 2 =   0.002385,   4.175179                 
# span 3 =     0.0185,    32.4234                 
# span 4 =         11,       1247                 
# span 5 =     0.0417,     5.1917                 
# span 6 = 0.0000e+00, 0.0000e+00                 
# interval = seconds: 0.25
# start_time = Aug 23 2023 11:33:22 [NMEA time, header]
# bad_flag = -9.990e-29
*END*
[from data line 411]
     46.180    16.7012   4.150132    32.2754        422     1.7542  0.000e+00
     46.171    16.7032   4.150431    32.2764        423     1.7583  0.000e+00
     46.170    16.7059   4.150682    32.2765        424     1.7625  0.000e+00
     46.166    16.7084   4.150859    32.2760        425     1.7667  0.000e+00
     46.168    16.7109   4.150981    32.2750        426     1.7708  0.000e+00
     46.167    16.7126   4.151035    32.2741        427     1.7750  0.000e+00
     46.169    16.7142   4.151171    32.2740        428     1.7792  0.000e+00
     46.168    16.7151   4.151259    32.2740        429     1.7833  0.000e+00
     46.161    16.7161   4.151334    32.2739        430     1.7875  0.000e+00
     46.146    16.7173   4.151191    32.2717        431     1.7917  0.000e+00
     46.117    16.7174   4.151083    32.2707        432     1.7958  0.000e+00
     46.083    16.7170   4.151130    32.2714        433     1.8000  0.000e+00
     46.045    16.7167   4.151259    32.2728        434     1.8042  0.000e+00
     45.998    16.7169   4.151361    32.2735        435     1.8083  0.000e+00
     45.948    16.7179   4.151205    32.2714        436     1.8125  0.000e+00
     45.895    16.7178   4.150906    32.2689        437     1.8167  0.000e+00
     45.836    16.7165   4.151096    32.2716        438     1.8208  0.000e+00
     45.787    16.7164   4.151605    32.2762        439     1.8250  0.000e+00
     45.718    16.7179   4.151632    32.2752        440     1.8292  0.000e+00
     45.668    16.7196   4.151693    32.2744        441     1.8333  0.000e+00
     45.614    16.7205   4.151456    32.2716        442     1.8375  0.000e+00
     45.552    16.7206   4.151157    32.2690        443     1.8417  0.000e+00
     45.502    16.7194   4.151680    32.2745        444     1.8458  0.000e+00
     45.442    16.7202   4.151809    32.2749        445     1.8500  0.000e+00
     45.380    16.7214   4.151381    32.2703        446     1.8542  0.000e+00
     45.321    16.7208   4.151530    32.2721        447     1.8583  0.000e+00
     45.271    16.7206   4.151333    32.2706        448     1.8625  0.000e+00
     45.215    16.7200   4.151259    32.2704        449     1.8667  0.000e+00
     45.162    16.7191   4.151232    32.2710        450     1.8708  0.000e+00
     45.108    16.7185   4.151428    32.2731        451     1.8750  0.000e+00
     45.050    16.7190   4.151618    32.2744        452     1.8792  0.000e+00
     44.996    16.7199   4.151279    32.2708        453     1.8833  0.000e+00
     44.942    16.7195   4.151109    32.2697        454     1.8875  0.000e+00
     44.877    16.7182   4.151170    32.2713        455     1.8917  0.000e+00
     44.812    16.7174   4.150682    32.2677        456     1.8958  0.000e+00
     44.742    16.7158   4.150634    32.2686        457     1.9000  0.000e+00
     44.675    16.7139   4.150641    32.2702        458     1.9042  0.000e+00
     44.608    16.7129   4.150281    32.2679        459     1.9083  0.000e+00
     44.543    16.7115   4.150233    32.2686        460     1.9125  0.000e+00
     44.476    16.7099   4.150308    32.2706        461     1.9167  0.000e+00
     44.416    16.7092   4.150261    32.2708        462     1.9208  0.000e+00
     44.349    16.7088   4.150186    32.2705        463     1.9250  0.000e+00
     44.291    16.7084   4.150132    32.2703        464     1.9292  0.000e+00
     44.229    16.7077   4.150098    32.2706        465     1.9333  0.000e+00
     44.164    16.7075   4.150159    32.2714        466     1.9375  0.000e+00
     44.101    16.7074   4.150084    32.2708        467     1.9417  0.000e+00
     44.028    16.7072   4.150260    32.2725        468     1.9458  0.000e+00
     43.953    16.7076   4.150383    32.2733        469     1.9500  0.000e+00
     43.877    16.7086   4.150260    32.2715        470     1.9542  0.000e+00
     43.791    16.7085   4.150206    32.2711        471     1.9583  0.000e+00
     43.708    16.7085   4.150525    32.2739        472     1.9625  0.000e+00
     43.618    16.7094   4.150559    32.2735        473     1.9667  0.000e+00
     43.522    16.7103   4.150505    32.2724        474     1.9708  0.000e+00
     43.440    16.7110   4.150545    32.2721        475     1.9750  0.000e+00
     43.358    16.7113   4.150532    32.2718        476     1.9792  0.000e+00
     43.279    16.7113   4.150579    32.2722        477     1.9833  0.000e+00
     43.189    16.7117   4.150572    32.2719        478     1.9875  0.000e+00
     43.109    16.7121   4.150708    32.2728        479     1.9917  0.000e+00
     43.016    16.7125   4.150532    32.2710        480     1.9958  0.000e+00
     42.929    16.7124   4.150260    32.2688        481     2.0000  0.000e+00
     42.833    16.7113   4.150287    32.2699        482     2.0042  0.000e+00
     42.733    16.7104   4.150559    32.2730        483     2.0083  0.000e+00
     42.653    16.7106   4.150633    32.2735        484     2.0125  0.000e+00
     42.567    16.7115   4.150545    32.2721        485     2.0167  0.000e+00
     42.480    16.7122   4.150504    32.2712        486     2.0208  0.000e+00
     42.407    16.7120   4.150429    32.2707        487     2.0250  0.000e+00
     42.342    16.7117   4.150409    32.2708        488     2.0292  0.000e+00
     42.284    16.7114   4.149880    32.2665        489     2.0333  0.000e+00
     42.230    16.7112   4.150457    32.2717        490     2.0375  0.000e+00
     42.177    16.7110   4.150457    32.2718        491     2.0417  0.000e+00
     42.126    16.7111   4.150497    32.2721        492     2.0458  0.000e+00
     42.080    16.7116   4.150484    32.2716        493     2.0500  0.000e+00
     42.013    16.7117   4.150579    32.2724        494     2.0542  0.000e+00
     41.951    16.7120   4.150545    32.2718        495     2.0583  0.000e+00
     41.881    16.7120   4.150484    32.2713        496     2.0625  0.000e+00
     41.801    16.7120   4.150483    32.2714        497     2.0667  0.000e+00
     41.706    16.7121   4.150504    32.2715        498     2.0708  0.000e+00
     41.604    16.7120   4.150449    32.2711        499     2.0750  0.000e+00
     41.489    16.7120   4.150483    32.2715        500     2.0792  0.000e+00
     41.367    16.7118   4.150483    32.2717        501     2.0833  0.000e+00
     41.248    16.7117   4.150476    32.2718        502     2.0875  0.000e+00
     41.125    16.7120   4.150456    32.2714        503     2.0917  0.000e+00
     41.010    16.7119   4.150483    32.2718        504     2.0958  0.000e+00
     40.907    16.7120   4.150429    32.2713        505     2.1000  0.000e+00
     40.810    16.7120   4.150456    32.2716        506     2.1042  0.000e+00
     40.714    16.7120   4.150354    32.2707        507     2.1083  0.000e+00
     40.620    16.7118   4.150307    32.2705        508     2.1125  0.000e+00
     40.541    16.7113   4.150239    32.2703        509     2.1167  0.000e+00
     40.469    16.7106   4.150130    32.2699        510     2.1208  0.000e+00
     40.391    16.7100   4.150110    32.2703        511     2.1250  0.000e+00
     40.308    16.7093   4.149858    32.2687        512     2.1292  0.000e+00
     40.231    16.7082   4.149933    32.2703        513     2.1333  0.000e+00
     40.156    16.7072   4.150035    32.2719        514     2.1375  0.000e+00
     40.069    16.7079   4.150082    32.2719        515     2.1417  0.000e+00
     39.986    16.7083   4.150429    32.2745        516     2.1458  0.000e+00
     39.893    16.7096   4.150578    32.2748        517     2.1500  0.000e+00
     39.799    16.7113   4.150530    32.2731        518     2.1542  0.000e+00
     39.707    16.7124   4.150686    32.2736        519     2.1583  0.000e+00
     39.611    16.7130   4.150652    32.2729        520     2.1625  0.000e+00
     39.516    16.7137   4.150652    32.2723        521     2.1667  0.000e+00
     39.424    16.7141   4.150591    32.2715        522     2.1708  0.000e+00
     39.334    16.7141   4.150578    32.2715        523     2.1750  0.000e+00
     39.238    16.7141   4.150605    32.2717        524     2.1792  0.000e+00
     39.159    16.7140   4.150605    32.2718        525     2.1833  0.000e+00
     39.085    16.7141   4.150713    32.2727        526     2.1875  0.000e+00
     39.020    16.7142   4.150530    32.2710        527     2.1917  0.000e+00
     38.949    16.7141   4.150482    32.2707        528     2.1958  0.000e+00
     38.893    16.7138   4.150428    32.2705        529     2.2000  0.000e+00
     38.842    16.7133   4.150482    32.2714        530     2.2042  0.000e+00
     38.786    16.7132   4.150333    32.2702        531     2.2083  0.000e+00
     38.732    16.7125   4.150163    32.2693        532     2.2125  0.000e+00
     38.672    16.7115   4.150156    32.2701        533     2.2167  0.000e+00
     38.600    16.7109   4.150353    32.2723        534     2.2208  0.000e+00
     38.530    16.7110   4.150258    32.2714        535     2.2250  0.000e+00
     38.443    16.7112   4.150543    32.2738        536     2.2292  0.000e+00
     38.339    16.7122   4.150455    32.2723        537     2.2333  0.000e+00
     38.233    16.7127   4.150502    32.2723        538     2.2375  0.000e+00
     38.107    16.7130   4.150428    32.2715        539     2.2417  0.000e+00
     37.976    16.7130   4.150380    32.2711        540     2.2458  0.000e+00
     37.845    16.7130   4.150482    32.2721        541     2.2500  0.000e+00
     37.711    16.7129   4.150353    32.2710        542     2.2542  0.000e+00
     37.582    16.7130   4.150407    32.2715        543     2.2583  0.000e+00
     37.462    16.7129   4.150278    32.2705        544     2.2625  0.000e+00
     37.355    16.7123   4.150380    32.2719        545     2.2667  0.000e+00
     37.257    16.7123   4.150400    32.2721        546     2.2708  0.000e+00
     37.167    16.7123   4.150230    32.2707        547     2.2750  0.000e+00
     37.093    16.7121   4.150054    32.2693        548     2.2792  0.000e+00
     37.028    16.7110   4.150285    32.2722        549     2.2833  0.000e+00
     36.965    16.7110   4.150482    32.2739        550     2.2875  0.000e+00
     36.913    16.7121   4.150427    32.2726        551     2.2917  0.000e+00
     36.867    16.7127   4.150278    32.2708        552     2.2958  0.000e+00
     36.813    16.7127   4.150162    32.2698        553     2.3000  0.000e+00
     36.768    16.7120   4.150353    32.2721        554     2.3042  0.000e+00
     36.701    16.7119   4.150257    32.2714        555     2.3083  0.000e+00
     36.630    16.7119   4.150162    32.2706        556     2.3125  0.000e+00
     36.552    16.7113   4.150332    32.2725        557     2.3167  0.000e+00
     36.454    16.7113   4.150332    32.2726        558     2.3208  0.000e+00
     36.357    16.7119   4.150475    32.2734        559     2.3250  0.000e+00
     36.256    16.7126   4.150332    32.2716        560     2.3292  0.000e+00
     36.142    16.7127   4.150257    32.2709        561     2.3333  0.000e+00
     36.026    16.7122   4.150108    32.2701        562     2.3375  0.000e+00
     35.914    16.7115   4.150115    32.2708        563     2.3417  0.000e+00
     35.808    16.7108   4.150006    32.2704        564     2.3458  0.000e+00
     35.719    16.7102   4.150006    32.2709        565     2.3500  0.000e+00
     35.630    16.7100   4.150332    32.2740        566     2.3542  0.000e+00
     35.549    16.7108   4.150257    32.2727        567     2.3583  0.000e+00
     35.478    16.7116   4.150427    32.2736        568     2.3625  0.000e+00
     35.422    16.7123   4.150189    32.2710        569     2.3667  0.000e+00
     35.357    16.7122   4.149755    32.2673        570     2.3708  0.000e+00
     35.307    16.7106   4.149829    32.2692        571     2.3750  0.000e+00
     35.251    16.7093   4.150006    32.2719        572     2.3792  0.000e+00
     35.175    16.7093   4.150046    32.2722        573     2.3833  0.000e+00
     35.106    16.7096   4.150053    32.2720        574     2.3875  0.000e+00
     35.026    16.7099   4.149883    32.2704        575     2.3917  0.000e+00
     34.938    16.7099   4.149972    32.2712        576     2.3958  0.000e+00
     34.841    16.7098   4.149958    32.2712        577     2.4000  0.000e+00
     34.742    16.7096   4.149978    32.2716        578     2.4042  0.000e+00
     34.637    16.7096   4.150005    32.2718        579     2.4083  0.000e+00
     34.525    16.7097   4.149971    32.2715        580     2.4125  0.000e+00
     34.420    16.7097   4.150005    32.2718        581     2.4167  0.000e+00
     34.324    16.7096   4.150019    32.2720        582     2.4208  0.000e+00
     34.225    16.7097   4.150005    32.2719        583     2.4250  0.000e+00
     34.142    16.7100   4.150053    32.2720        584     2.4292  0.000e+00
     34.058    16.7100   4.150032    32.2719        585     2.4333  0.000e+00
     33.983    16.7106   4.150093    32.2720        586     2.4375  0.000e+00
     33.922    16.7107   4.150182    32.2727        587     2.4417  0.000e+00
     33.858    16.7112   4.150154    32.2721        588     2.4458  0.000e+00
     33.797    16.7116   4.150154    32.2718        589     2.4500  0.000e+00
     33.741    16.7117   4.149951    32.2700        590     2.4542  0.000e+00
     33.686    16.7110   4.150053    32.2715        591     2.4583  0.000e+00
     33.630    16.7108   4.149754    32.2690        592     2.4625  0.000e+00
     33.559    16.7100   4.149618    32.2685        593     2.4667  0.000e+00
     33.487    16.7083   4.149781    32.2713        594     2.4708  0.000e+00
     33.406    16.7079   4.149957    32.2732        595     2.4750  0.000e+00
     33.326    16.7086   4.150093    32.2738        596     2.4792  0.000e+00
     33.234    16.7099   4.150052    32.2725        597     2.4833  0.000e+00
     33.145    16.7106   4.149930    32.2709        598     2.4875  0.000e+00
     33.063    16.7103   4.149978    32.2715        599     2.4917  0.000e+00
     32.978    16.7103   4.149876    32.2707        600     2.4958  0.000e+00
     32.890    16.7099   4.149903    32.2713        601     2.5000  0.000e+00
     32.807    16.7098   4.149530    32.2682        602     2.5042  0.000e+00
     32.727    16.7086   4.149638    32.2701        603     2.5083  0.000e+00
     32.656    16.7079   4.149781    32.2719        604     2.5125  0.000e+00
     32.598    16.7082   4.149808    32.2720        605     2.5167  0.000e+00
     32.530    16.7082   4.149679    32.2709        606     2.5208  0.000e+00
     32.463    16.7080   4.149686    32.2711        607     2.5250  0.000e+00
     32.403    16.7076   4.149706    32.2717        608     2.5292  0.000e+00
     32.351    16.7079   4.149482    32.2695        609     2.5333  0.000e+00
     32.295    16.7069   4.149305    32.2687        610     2.5375  0.000e+00
     32.242    16.7057   4.149305    32.2697        611     2.5417  0.000e+00
     32.192    16.7048   4.149258    32.2700        612     2.5458  0.000e+00
     32.132    16.7042   4.149475    32.2725        613     2.5500  0.000e+00
     32.082    16.7044   4.149380    32.2715        614     2.5542  0.000e+00
     32.040    16.7047   4.149529    32.2726        615     2.5583  0.000e+00
     31.984    16.7053   4.149482    32.2717        616     2.5625  0.000e+00
     31.922    16.7055   4.149380    32.2706        617     2.5667  0.000e+00
     31.870    16.7055   4.149577    32.2724        618     2.5708  0.000e+00
     31.810    16.7059   4.149903    32.2750        619     2.5750  0.000e+00
     31.745    16.7075   4.150113    32.2755        620     2.5792  0.000e+00
     31.669    16.7096   4.150405    32.2763        621     2.5833  0.000e+00
     31.586    16.7114   4.150826    32.2786        622     2.5875  0.000e+00
     31.516    16.7147   4.150805    32.2757        623     2.5917  0.000e+00
     31.429    16.7169   4.150778    32.2738        624     2.5958  0.000e+00
     31.338    16.7181   4.150527    32.2707        625     2.6000  0.000e+00
