HB2303/sbe179.cnv
* Sea-Bird SBE 19plus V2 Data File:
* FileName = C:\cruise\data\sbe179.hex
* Software Version Seasave V 7.26.7.121
* Temperature SN = 6128
* Conductivity SN = 6128
* System UpLoad Time = Aug 25 2023 00:50:12
* NMEA Latitude = 40 41.89 N
* NMEA Longitude = 070 03.53 W
* NMEA UTC (Time) = Aug 25 2023 00:50:08
** Ship: Henry Bigelow
** Cruise:  HB2303
** Program:  ECOMON
# nquan = 7
# nvalues = 1363                                  
# units = specified
# name 0 = depSM: Depth [salt water, m]
# name 1 = tv290C: Temperature [ITS-90, deg C]
# name 2 = c0S/m: Conductivity [S/m]
# name 3 = sal00: Salinity, Practical [PSU]
# name 4 = scan: Scan Count
# name 5 = timeM: Time, Elapsed [minutes]
# name 6 = flag:  0.000e+00
# span 0 =      0.018,     40.393                 
# span 1 =    12.9737,    17.4878                 
# span 2 =   0.009715,   4.188367                 
# span 3 =     0.0568,    33.3639                 
# span 4 =         11,       1373                 
# span 5 =     0.0417,     5.7167                 
# span 6 = 0.0000e+00, 0.0000e+00                 
# interval = seconds: 0.25
# start_time = Aug 25 2023 00:50:08 [NMEA time, header]
# bad_flag = -9.990e-29
*END*
[from data line 1026]
     13.266    14.0384   3.898520    32.2242       1037     4.3167  0.000e+00
     13.235    14.0329   3.899956    32.2421       1038     4.3208  0.000e+00
     13.193    14.0376   3.901968    32.2567       1039     4.3250  0.000e+00
     13.145    14.0506   3.904610    32.2702       1040     4.3292  0.000e+00
     13.105    14.0703   3.908205    32.2867       1041     4.3333  0.000e+00
     13.047    14.0987   3.913340    32.3102       1042     4.3375  0.000e+00
     12.998    14.1386   3.918132    32.3209       1043     4.3417  0.000e+00
     12.944    14.1842   3.921348    32.3122       1044     4.3458  0.000e+00
     12.884    14.2280   3.927511    32.3321       1045     4.3500  0.000e+00
     12.819    14.2792   3.933598    32.3451       1046     4.3542  0.000e+00
     12.754    14.3372   3.932595    32.2875       1047     4.3583  0.000e+00
     12.693    14.3782   3.929228    32.2225       1048     4.3625  0.000e+00
     12.621    14.3977   3.929228    32.2063       1049     4.3667  0.000e+00
     12.541    14.4081   3.929619    32.2012       1050     4.3708  0.000e+00
     12.454    14.4159   3.929812    32.1965       1051     4.3750  0.000e+00
     12.362    14.4220   3.928763    32.1819       1052     4.3792  0.000e+00
     12.277    14.4250   3.927502    32.1679       1053     4.3833  0.000e+00
     12.198    14.4257   3.928013    32.1720       1054     4.3875  0.000e+00
     12.114    14.4283   3.928218    32.1718       1055     4.3917  0.000e+00
     12.044    14.4321   3.927150    32.1589       1056     4.3958  0.000e+00
     11.973    14.4329   3.923089    32.1212       1057     4.4000  0.000e+00
     11.912    14.4249   3.921921    32.1173       1058     4.4042  0.000e+00
     11.868    14.4149   3.921948    32.1258       1059     4.4083  0.000e+00
     11.850    14.4082   3.920801    32.1209       1060     4.4125  0.000e+00
     11.845    14.4014   3.921689    32.1347       1061     4.4167  0.000e+00
     11.859    14.3993   3.921643    32.1360       1062     4.4208  0.000e+00
     11.895    14.3991   3.922207    32.1413       1063     4.4250  0.000e+00
     11.942    14.4003   3.924277    32.1592       1064     4.4292  0.000e+00
     11.993    14.4058   3.926148    32.1717       1065     4.4333  0.000e+00
     12.042    14.4143   3.927077    32.1731       1066     4.4375  0.000e+00
     12.080    14.4217   3.927502    32.1708       1067     4.4417  0.000e+00
     12.118    14.4264   3.927594    32.1677       1068     4.4458  0.000e+00
     12.148    14.4273   3.928364    32.1740       1069     4.4500  0.000e+00
     12.161    14.4273   3.929440    32.1838       1070     4.4542  0.000e+00
     12.157    14.4280   3.930090    32.1891       1071     4.4583  0.000e+00
     12.128    14.4296   3.930044    32.1874       1072     4.4625  0.000e+00
     12.076    14.4308   3.928530    32.1726       1073     4.4667  0.000e+00
     12.003    14.4297   3.927727    32.1662       1074     4.4708  0.000e+00
     11.924    14.4283   3.927734    32.1675       1075     4.4750  0.000e+00
     11.830    14.4305   3.924562    32.1367       1076     4.4792  0.000e+00
     11.725    14.4267   3.921855    32.1152       1077     4.4833  0.000e+00
     11.622    14.4156   3.921901    32.1249       1078     4.4875  0.000e+00
     11.508    14.4172   3.928922    32.1877       1079     4.4917  0.000e+00
     11.394    14.4491   3.930933    32.1796       1080     4.4958  0.000e+00
     11.293    14.4812   3.931351    32.1568       1081     4.5000  0.000e+00
     11.195    14.5029   3.931450    32.1397       1082     4.5042  0.000e+00
     11.110    14.5157   3.932220    32.1362       1083     4.5083  0.000e+00
     11.035    14.5257   3.933269    32.1375       1084     4.5125  0.000e+00
     10.963    14.5357   3.933501    32.1313       1085     4.5167  0.000e+00
     10.907    14.5437   3.933740    32.1269       1086     4.5208  0.000e+00
     10.854    14.5495   3.933740    32.1221       1087     4.5250  0.000e+00
     10.818    14.5539   3.933740    32.1185       1088     4.5292  0.000e+00
     10.789    14.5570   3.933760    32.1161       1089     4.5333  0.000e+00
     10.757    14.5591   3.933833    32.1150       1090     4.5375  0.000e+00
     10.726    14.5606   3.933667    32.1123       1091     4.5417  0.000e+00
     10.708    14.5613   3.933315    32.1086       1092     4.5458  0.000e+00
     10.685    14.5618   3.933368    32.1086       1093     4.5500  0.000e+00
     10.661    14.5618   3.933269    32.1077       1094     4.5542  0.000e+00
     10.636    14.5624   3.933176    32.1064       1095     4.5583  0.000e+00
     10.612    14.5624   3.932757    32.1026       1096     4.5625  0.000e+00
     10.588    14.5617   3.932286    32.0989       1097     4.5667  0.000e+00
     10.563    14.5606   3.932292    32.0999       1098     4.5708  0.000e+00
     10.545    14.5596   3.932080    32.0988       1099     4.5750  0.000e+00
     10.519    14.5586   3.931449    32.0939       1100     4.5792  0.000e+00
     10.492    14.5565   3.931004    32.0915       1101     4.5833  0.000e+00
     10.460    14.5540   3.930931    32.0930       1102     4.5875  0.000e+00
     10.420    14.5520   3.930818    32.0936       1103     4.5917  0.000e+00
     10.379    14.5509   3.930719    32.0936       1104     4.5958  0.000e+00
     10.330    14.5508   3.930672    32.0934       1105     4.6000  0.000e+00
     10.288    14.5516   3.930672    32.0927       1106     4.6042  0.000e+00
     10.230    14.5531   3.931144    32.0957       1107     4.6083  0.000e+00
     10.177    14.5556   3.930991    32.0923       1108     4.6125  0.000e+00
     10.127    14.5576   3.931210    32.0927       1109     4.6167  0.000e+00
     10.078    14.5592   3.931635    32.0952       1110     4.6208  0.000e+00
     10.017    14.5613   3.931608    32.0933       1111     4.6250  0.000e+00
      9.964    14.5629   3.931960    32.0952       1112     4.6292  0.000e+00
      9.912    14.5652   3.932949    32.1023       1113     4.6333  0.000e+00
      9.847    14.5704   3.933009    32.0986       1114     4.6375  0.000e+00
      9.785    14.5745   3.933667    32.1011       1115     4.6417  0.000e+00
      9.724    14.5794   3.935772    32.1163       1116     4.6458  0.000e+00
      9.661    14.5893   3.936263    32.1126       1117     4.6500  0.000e+00
      9.603    14.5998   3.939705    32.1352       1118     4.6542  0.000e+00
      9.547    14.6173   3.942835    32.1492       1119     4.6583  0.000e+00
      9.493    14.6429   3.943719    32.1360       1120     4.6625  0.000e+00
      9.446    14.6650   3.943293    32.1140       1121     4.6667  0.000e+00
      9.391    14.6786   3.942987    32.0999       1122     4.6708  0.000e+00
      9.335    14.6857   3.942475    32.0895       1123     4.6750  0.000e+00
      9.279    14.6888   3.942169    32.0842       1124     4.6792  0.000e+00
      9.216    14.6891   3.941977    32.0822       1125     4.6833  0.000e+00
      9.162    14.6883   3.941511    32.0786       1126     4.6875  0.000e+00
      9.097    14.6867   3.941511    32.0800       1127     4.6917  0.000e+00
      9.028    14.6857   3.941697    32.0825       1128     4.6958  0.000e+00
      8.947    14.6870   3.941744    32.0819       1129     4.7000  0.000e+00
      8.862    14.6894   3.942050    32.0827       1130     4.7042  0.000e+00
      8.781    14.6919   3.942282    32.0828       1131     4.7083  0.000e+00
      8.701    14.6948   3.942661    32.0839       1132     4.7125  0.000e+00
      8.631    14.6993   3.943997    32.0924       1133     4.7167  0.000e+00
      8.549    14.7065   3.945101    32.0964       1134     4.7208  0.000e+00
      8.488    14.7160   3.946650    32.1026       1135     4.7250  0.000e+00
      8.428    14.7307   3.947541    32.0986       1136     4.7292  0.000e+00
      8.392    14.7455   3.948831    32.0981       1137     4.7333  0.000e+00
      8.358    14.7604   3.949656    32.0933       1138     4.7375  0.000e+00
      8.334    14.7744   3.949888    32.0839       1139     4.7417  0.000e+00
      8.322    14.7842   3.950174    32.0784       1140     4.7458  0.000e+00
      8.307    14.7911   3.950693    32.0774       1141     4.7500  0.000e+00
      8.292    14.7977   3.951192    32.0765       1142     4.7542  0.000e+00
      8.278    14.8038   3.951631    32.0754       1143     4.7583  0.000e+00
      8.256    14.8097   3.953015    32.0832       1144     4.7625  0.000e+00
      8.225    14.8194   3.955278    32.0956       1145     4.7667  0.000e+00
      8.185    14.8370   3.957041    32.0971       1146     4.7708  0.000e+00
      8.139    14.8581   3.959378    32.1008       1147     4.7750  0.000e+00
      8.084    14.8814   3.960343    32.0904       1148     4.7792  0.000e+00
      8.021    14.9019   3.960816    32.0779       1149     4.7833  0.000e+00
      7.953    14.9162   3.962348    32.0800       1150     4.7875  0.000e+00
      7.886    14.9310   3.965698    32.0980       1151     4.7917  0.000e+00
      7.811    14.9554   3.967351    32.0929       1152     4.7958  0.000e+00
      7.741    14.9790   3.967944    32.0789       1153     4.8000  0.000e+00
      7.670    14.9962   3.969150    32.0756       1154     4.8042  0.000e+00
      7.611    15.0115   3.969169    32.0633       1155     4.8083  0.000e+00
      7.540    15.0215   3.969549    32.0585       1156     4.8125  0.000e+00
      7.474    15.0286   3.969989    32.0567       1157     4.8167  0.000e+00
      7.401    15.0347   3.970522    32.0565       1158     4.8208  0.000e+00
      7.331    15.0404   3.970896    32.0552       1159     4.8250  0.000e+00
      7.264    15.0457   3.970895    32.0509       1160     4.8292  0.000e+00
      7.190    15.0491   3.970895    32.0481       1161     4.8333  0.000e+00
      7.112    15.0508   3.970995    32.0477       1162     4.8375  0.000e+00
      7.036    15.0521   3.971469    32.0509       1163     4.8417  0.000e+00
      6.964    15.0572   3.971895    32.0506       1164     4.8458  0.000e+00
      6.901    15.0672   3.972175    32.0449       1165     4.8500  0.000e+00
      6.843    15.0749   3.972435    32.0409       1166     4.8542  0.000e+00
      6.785    15.0806   3.972595    32.0377       1167     4.8583  0.000e+00
      6.732    15.0846   3.972675    32.0352       1168     4.8625  0.000e+00
      6.686    15.0871   3.972862    32.0349       1169     4.8667  0.000e+00
      6.649    15.0894   3.972648    32.0311       1170     4.8708  0.000e+00
      6.622    15.0909   3.972695    32.0303       1171     4.8750  0.000e+00
      6.597    15.0919   3.972721    32.0297       1172     4.8792  0.000e+00
      6.566    15.0925   3.972841    32.0303       1173     4.8833  0.000e+00
      6.544    15.0936   3.973215    32.0328       1174     4.8875  0.000e+00
      6.510    15.0958   3.974475    32.0423       1175     4.8917  0.000e+00
      6.477    15.1015   3.975456    32.0464       1176     4.8958  0.000e+00
      6.439    15.1100   3.977383    32.0569       1177     4.9000  0.000e+00
      6.403    15.1220   3.978404    32.0562       1178     4.9042  0.000e+00
      6.360    15.1348   3.979191    32.0528       1179     4.9083  0.000e+00
      6.309    15.1454   3.979878    32.0503       1180     4.9125  0.000e+00
      6.251    15.1545   3.980445    32.0479       1181     4.9167  0.000e+00
      6.184    15.1628   3.981346    32.0493       1182     4.9208  0.000e+00
      6.112    15.1714   3.982127    32.0493       1183     4.9250  0.000e+00
      6.033    15.1805   3.983936    32.0581       1184     4.9292  0.000e+00
      5.959    15.1946   3.986072    32.0657       1185     4.9333  0.000e+00
      5.881    15.2128   3.987260    32.0615       1186     4.9375  0.000e+00
      5.798    15.2307   3.988829    32.0610       1187     4.9417  0.000e+00
      5.718    15.2493   3.991207    32.0671       1188     4.9458  0.000e+00
      5.646    15.2715   3.993325    32.0679       1189     4.9500  0.000e+00
      5.571    15.2976   3.995423    32.0654       1190     4.9542  0.000e+00
      5.505    15.3230   3.997167    32.0603       1191     4.9583  0.000e+00
      5.440    15.3476   3.999239    32.0588       1192     4.9625  0.000e+00
      5.379    15.3732   4.002796    32.0697       1193     4.9667  0.000e+00
      5.309    15.4063   4.008055    32.0897       1194     4.9708  0.000e+00
      5.258    15.4502   4.011186    32.0818       1195     4.9750  0.000e+00
      5.190    15.4921   4.012264    32.0572       1196     4.9792  0.000e+00
      5.132    15.5234   4.013053    32.0388       1197     4.9833  0.000e+00
      5.067    15.5456   4.013629    32.0259       1198     4.9875  0.000e+00
      5.004    15.5622   4.013749    32.0135       1199     4.9917  0.000e+00
      4.940    15.5732   4.014111    32.0078       1200     4.9958  0.000e+00
      4.888    15.5813   4.014613    32.0057       1201     5.0000  0.000e+00
      4.837    15.5881   4.015188    32.0053       1202     5.0042  0.000e+00
      4.796    15.5949   4.015503    32.0026       1203     5.0083  0.000e+00
      4.766    15.6009   4.015838    32.0008       1204     5.0125  0.000e+00
      4.740    15.6055   4.016072    31.9991       1205     5.0167  0.000e+00
      4.720    15.6091   4.016173    31.9971       1206     5.0208  0.000e+00
      4.709    15.6123   4.016193    31.9946       1207     5.0250  0.000e+00
      4.698    15.6142   4.016193    31.9931       1208     5.0292  0.000e+00
      4.698    15.6153   4.016219    31.9925       1209     5.0333  0.000e+00
      4.693    15.6155   4.015978    31.9901       1210     5.0375  0.000e+00
      4.686    15.6150   4.016146    31.9921       1211     5.0417  0.000e+00
      4.673    15.6153   4.016266    31.9929       1212     5.0458  0.000e+00
      4.654    15.6158   4.016193    31.9918       1213     5.0500  0.000e+00
      4.627    15.6163   4.016173    31.9913       1214     5.0542  0.000e+00
      4.596    15.6165   4.016193    31.9913       1215     5.0583  0.000e+00
      4.553    15.6169   4.016313    31.9921       1216     5.0625  0.000e+00
      4.506    15.6173   4.016414    31.9926       1217     5.0667  0.000e+00
      4.446    15.6181   4.016507    31.9929       1218     5.0708  0.000e+00
      4.377    15.6191   4.016748    31.9943       1219     5.0750  0.000e+00
      4.296    15.6206   4.018738    32.0107       1220     5.0792  0.000e+00
      4.204    15.6293   4.020875    32.0227       1221     5.0833  0.000e+00
      4.101    15.6445   4.021766    32.0183       1222     5.0875  0.000e+00
      3.998    15.6591   4.022436    32.0124       1223     5.0917  0.000e+00
      3.888    15.6709   4.024239    32.0189       1224     5.0958  0.000e+00
      3.776    15.6863   4.033581    32.0892       1225     5.1000  0.000e+00
      3.680    15.7307   4.040795    32.1172       1226     5.1042  0.000e+00
      3.590    15.7983   4.049769    32.1417       1227     5.1083  0.000e+00
      3.512    15.8766   4.052625    32.1035       1228     5.1125  0.000e+00
      3.458    15.9426   4.053478    32.0575       1229     5.1167  0.000e+00
      3.416    15.9851   4.054008    32.0279       1230     5.1208  0.000e+00
      3.398    16.0112   4.054250    32.0090       1231     5.1250  0.000e+00
      3.389    16.0266   4.054270    31.9967       1232     5.1292  0.000e+00
      3.367    16.0351   4.054202    31.9893       1233     5.1333  0.000e+00
      3.367    16.0388   4.054081    31.9853       1234     5.1375  0.000e+00
      3.365    16.0401   4.054054    31.9839       1235     5.1417  0.000e+00
      3.347    16.0404   4.054323    31.9861       1236     5.1458  0.000e+00
      3.325    16.0416   4.054760    31.9890       1237     5.1500  0.000e+00
      3.311    16.0443   4.055271    31.9913       1238     5.1542  0.000e+00
      3.287    16.0484   4.055924    31.9938       1239     5.1583  0.000e+00
      3.266    16.0540   4.056845    31.9974       1240     5.1625  0.000e+00
