HB2303/sbe152.cnv
* Sea-Bird SBE 19plus V2 Data File:
* FileName = C:\cruise\data\sbe152.hex
* Software Version Seasave V 7.26.7.121
* Temperature SN = 6128
* Conductivity SN = 6128
* System UpLoad Time = Aug 22 2023 21:33:13
* NMEA Latitude = 42 28.85 N
* NMEA Longitude = 069 18.53 W
* NMEA UTC (Time) = Aug 22 2023 21:33:08
** Ship: Henry Bigelow
** Cruise:  HB2303
** Program:  ECOMON
# nquan = 7
# nvalues = 4264                                  
# units = specified
# name 0 = depSM: Depth [salt water, m]
# name 1 = tv290C: Temperature [ITS-90, deg C]
# name 2 = c0S/m: Conductivity [S/m]
# name 3 = sal00: Salinity, Practical [PSU]
# name 4 = scan: Scan Count
# name 5 = timeM: Time, Elapsed [minutes]
# name 6 = flag:  0.000e+00
# span 0 =     -0.258,    200.917                 
# span 1 =     6.7165,    20.7704                 
# span 2 =   0.001333,   4.378385                 
# span 3 =     0.0140,    34.8984                 
# span 4 =         11,       4274                 
# span 5 =     0.0417,    17.8042                 
# span 6 = 0.0000e+00, 0.0000e+00                 
# interval = seconds: 0.25
# start_time = Aug 22 2023 21:33:08 [NMEA time, header]
# bad_flag = -9.990e-29
*END*
[from data line 2052]
    133.598     7.4182   3.422008    33.3567       2063     8.5917  0.000e+00
    133.527     7.4178   3.421989    33.3569       2064     8.5958  0.000e+00
    133.450     7.4178   3.421926    33.3563       2065     8.6000  0.000e+00
    133.384     7.4174   3.421901    33.3564       2066     8.6042  0.000e+00
    133.314     7.4171   3.421801    33.3557       2067     8.6083  0.000e+00
    133.254     7.4167   3.421744    33.3555       2068     8.6125  0.000e+00
    133.189     7.4164   3.421801    33.3564       2069     8.6167  0.000e+00
    133.116     7.4163   3.421782    33.3564       2070     8.6208  0.000e+00
    133.046     7.4162   3.421769    33.3563       2071     8.6250  0.000e+00
    132.971     7.4161   3.421757    33.3564       2072     8.6292  0.000e+00
    132.893     7.4160   3.421813    33.3571       2073     8.6333  0.000e+00
    132.810     7.4159   3.421845    33.3575       2074     8.6375  0.000e+00
    132.722     7.4161   3.421845    33.3574       2075     8.6417  0.000e+00
    132.636     7.4163   3.421725    33.3560       2076     8.6458  0.000e+00
    132.539     7.4162   3.421637    33.3552       2077     8.6500  0.000e+00
    132.441     7.4159   3.421593    33.3550       2078     8.6542  0.000e+00
    132.345     7.4156   3.421549    33.3549       2079     8.6583  0.000e+00
    132.246     7.4152   3.421323    33.3529       2080     8.6625  0.000e+00
    132.148     7.4144   3.421442    33.3549       2081     8.6667  0.000e+00
    132.050     7.4141   3.421298    33.3537       2082     8.6708  0.000e+00
    131.956     7.4136   3.420959    33.3505       2083     8.6750  0.000e+00
    131.858     7.4125   3.420450    33.3462       2084     8.6792  0.000e+00
    131.773     7.4106   3.420475    33.3483       2085     8.6833  0.000e+00
    131.681     7.4091   3.420299    33.3479       2086     8.6875  0.000e+00
    131.587     7.4079   3.420299    33.3491       2087     8.6917  0.000e+00
    131.496     7.4071   3.419841    33.3449       2088     8.6958  0.000e+00
    131.409     7.4058   3.419634    33.3440       2089     8.7000  0.000e+00
    131.319     7.4039   3.418899    33.3380       2090     8.7042  0.000e+00
    131.230     7.4015   3.418491    33.3358       2091     8.7083  0.000e+00
    131.136     7.3988   3.417844    33.3315       2092     8.7125  0.000e+00
    131.045     7.3956   3.417800    33.3341       2093     8.7167  0.000e+00
    130.954     7.3933   3.417430    33.3324       2094     8.7208  0.000e+00
    130.866     7.3912   3.416902    33.3287       2095     8.7250  0.000e+00
    130.773     7.3887   3.416745    33.3295       2096     8.7292  0.000e+00
    130.692     7.3863   3.416639    33.3306       2097     8.7333  0.000e+00
    130.612     7.3846   3.416425    33.3300       2098     8.7375  0.000e+00
    130.524     7.3832   3.416262    33.3296       2099     8.7417  0.000e+00
    130.440     7.3819   3.416180    33.3300       2100     8.7458  0.000e+00
    130.369     7.3807   3.416099    33.3304       2101     8.7500  0.000e+00
    130.293     7.3797   3.416118    33.3315       2102     8.7542  0.000e+00
    130.222     7.3794   3.416055    33.3312       2103     8.7583  0.000e+00
    130.147     7.3790   3.415973    33.3307       2104     8.7625  0.000e+00
    130.085     7.3786   3.415879    33.3301       2105     8.7667  0.000e+00
    130.014     7.3782   3.415829    33.3300       2106     8.7708  0.000e+00
    129.951     7.3777   3.415703    33.3291       2107     8.7750  0.000e+00
    129.878     7.3773   3.415515    33.3275       2108     8.7792  0.000e+00
    129.810     7.3765   3.415283    33.3258       2109     8.7833  0.000e+00
    129.735     7.3755   3.415038    33.3241       2110     8.7875  0.000e+00
    129.654     7.3743   3.414724    33.3219       2111     8.7917  0.000e+00
    129.563     7.3728   3.414517    33.3212       2112     8.7958  0.000e+00
    129.469     7.3712   3.414417    33.3216       2113     8.8000  0.000e+00
    129.377     7.3699   3.414103    33.3196       2114     8.8042  0.000e+00
    129.279     7.3685   3.413852    33.3182       2115     8.8083  0.000e+00
    129.178     7.3667   3.413814    33.3196       2116     8.8125  0.000e+00
    129.076     7.3654   3.413733    33.3200       2117     8.8167  0.000e+00
    128.972     7.3646   3.413607    33.3195       2118     8.8208  0.000e+00
    128.876     7.3636   3.413362    33.3179       2119     8.8250  0.000e+00
    128.787     7.3626   3.413168    33.3167       2120     8.8292  0.000e+00
    128.696     7.3613   3.413099    33.3172       2121     8.8333  0.000e+00
    128.615     7.3605   3.412879    33.3157       2122     8.8375  0.000e+00
    128.539     7.3594   3.412791    33.3158       2123     8.8417  0.000e+00
    128.457     7.3586   3.412728    33.3159       2124     8.8458  0.000e+00
    128.383     7.3580   3.412710    33.3164       2125     8.8500  0.000e+00
    128.297     7.3576   3.412659    33.3163       2126     8.8542  0.000e+00
    128.211     7.3572   3.412584    33.3159       2127     8.8583  0.000e+00
    128.124     7.3567   3.412333    33.3136       2128     8.8625  0.000e+00
    128.022     7.3560   3.412214    33.3131       2129     8.8667  0.000e+00
    127.921     7.3552   3.412189    33.3137       2130     8.8708  0.000e+00
    127.814     7.3548   3.412157    33.3138       2131     8.8750  0.000e+00
    127.704     7.3543   3.412132    33.3140       2132     8.8792  0.000e+00
    127.591     7.3540   3.412025    33.3132       2133     8.8833  0.000e+00
    127.483     7.3540   3.412007    33.3131       2134     8.8875  0.000e+00
    127.381     7.3538   3.411762    33.3106       2135     8.8917  0.000e+00
    127.276     7.3533   3.411379    33.3070       2136     8.8958  0.000e+00
    127.179     7.3521   3.410570    33.2994       2137     8.9000  0.000e+00
    127.085     7.3497   3.410325    33.2991       2138     8.9042  0.000e+00
    126.996     7.3474   3.410156    33.2995       2139     8.9083  0.000e+00
    126.909     7.3454   3.410037    33.3003       2140     8.9125  0.000e+00
    126.815     7.3440   3.409930    33.3004       2141     8.9167  0.000e+00
    126.726     7.3429   3.409779    33.2999       2142     8.9208  0.000e+00
    126.629     7.3420   3.409660    33.2996       2143     8.9250  0.000e+00
    126.529     7.3410   3.409453    33.2983       2144     8.9292  0.000e+00
    126.437     7.3408   3.409121    33.2950       2145     8.9333  0.000e+00
    126.352     7.3406   3.409014    33.2940       2146     8.9375  0.000e+00
    126.254     7.3402   3.408970    33.2940       2147     8.9417  0.000e+00
    126.170     7.3398   3.408682    33.2912       2148     8.9458  0.000e+00
    126.091     7.3396   3.408443    33.2889       2149     8.9500  0.000e+00
    126.022     7.3390   3.408330    33.2883       2150     8.9542  0.000e+00
    125.942     7.3385   3.408312    33.2886       2151     8.9583  0.000e+00
    125.873     7.3382   3.408268    33.2885       2152     8.9625  0.000e+00
    125.803     7.3378   3.408230    33.2885       2153     8.9667  0.000e+00
    125.725     7.3376   3.408180    33.2881       2154     8.9708  0.000e+00
    125.647     7.3373   3.408061    33.2872       2155     8.9750  0.000e+00
    125.561     7.3370   3.407854    33.2853       2156     8.9792  0.000e+00
    125.471     7.3360   3.407396    33.2813       2157     8.9833  0.000e+00
    125.384     7.3344   3.407158    33.2803       2158     8.9875  0.000e+00
    125.268     7.3326   3.406919    33.2795       2159     8.9917  0.000e+00
    125.163     7.3306   3.406612    33.2781       2160     8.9958  0.000e+00
    125.049     7.3285   3.406349    33.2773       2161     9.0000  0.000e+00
    124.943     7.3267   3.406136    33.2768       2162     9.0042  0.000e+00
    124.832     7.3246   3.405697    33.2742       2163     9.0083  0.000e+00
    124.725     7.3222   3.404995    33.2689       2164     9.0125  0.000e+00
    124.624     7.3185   3.404148    33.2633       2165     9.0167  0.000e+00
    124.530     7.3136   3.403710    33.2633       2166     9.0208  0.000e+00
    124.445     7.3089   3.403428    33.2648       2167     9.0250  0.000e+00
    124.362     7.3051   3.403359    33.2677       2168     9.0292  0.000e+00
    124.291     7.3025   3.403321    33.2698       2169     9.0333  0.000e+00
    124.217     7.3008   3.403233    33.2705       2170     9.0375  0.000e+00
    124.149     7.2997   3.403089    33.2701       2171     9.0417  0.000e+00
    124.086     7.2988   3.402663    33.2664       2172     9.0458  0.000e+00
    124.019     7.2971   3.402531    33.2666       2173     9.0500  0.000e+00
    123.952     7.2954   3.402381    33.2666       2174     9.0542  0.000e+00
    123.878     7.2939   3.402450    33.2688       2175     9.0583  0.000e+00
    123.791     7.2932   3.402143    33.2662       2176     9.0625  0.000e+00
    123.710     7.2920   3.401641    33.2620       2177     9.0667  0.000e+00
    123.613     7.2895   3.400921    33.2566       2178     9.0708  0.000e+00
    123.514     7.2860   3.400545    33.2559       2179     9.0750  0.000e+00
    123.407     7.2825   3.400589    33.2598       2180     9.0792  0.000e+00
    123.289     7.2801   3.400250    33.2585       2181     9.0833  0.000e+00
    123.172     7.2781   3.399799    33.2556       2182     9.0875  0.000e+00
    123.052     7.2753   3.399680    33.2570       2183     9.0917  0.000e+00
    122.924     7.2733   3.399824    33.2606       2184     9.0958  0.000e+00
    122.806     7.2726   3.399442    33.2572       2185     9.1000  0.000e+00
    122.694     7.2734   3.399511    33.2572       2186     9.1042  0.000e+00
    122.587     7.2748   3.399555    33.2564       2187     9.1083  0.000e+00
    122.479     7.2763   3.399555    33.2550       2188     9.1125  0.000e+00
    122.381     7.2773   3.399530    33.2538       2189     9.1167  0.000e+00
    122.287     7.2779   3.399655    33.2546       2190     9.1208  0.000e+00
    122.196     7.2788   3.399636    33.2536       2191     9.1250  0.000e+00
    122.107     7.2794   3.399736    33.2542       2192     9.1292  0.000e+00
    122.020     7.2803   3.399736    33.2533       2193     9.1333  0.000e+00
    121.932     7.2814   3.399767    33.2527       2194     9.1375  0.000e+00
    121.836     7.2829   3.399799    33.2516       2195     9.1417  0.000e+00
    121.743     7.2840   3.399792    33.2506       2196     9.1458  0.000e+00
    121.649     7.2849   3.399824    33.2501       2197     9.1500  0.000e+00
    121.553     7.2858   3.399811    33.2491       2198     9.1542  0.000e+00
    121.459     7.2866   3.399592    33.2460       2199     9.1583  0.000e+00
    121.361     7.2870   3.399178    33.2412       2200     9.1625  0.000e+00
    121.273     7.2863   3.398809    33.2378       2201     9.1667  0.000e+00
    121.193     7.2856   3.398790    33.2384       2202     9.1708  0.000e+00
    121.105     7.2850   3.398809    33.2392       2203     9.1750  0.000e+00
    121.027     7.2853   3.398834    33.2392       2204     9.1792  0.000e+00
    120.949     7.2856   3.398809    33.2387       2205     9.1833  0.000e+00
    120.878     7.2859   3.398702    33.2373       2206     9.1875  0.000e+00
    120.791     7.2859   3.398552    33.2357       2207     9.1917  0.000e+00
    120.717     7.2854   3.398458    33.2352       2208     9.1958  0.000e+00
    120.650     7.2848   3.398314    33.2342       2209     9.2000  0.000e+00
    120.580     7.2841   3.398144    33.2331       2210     9.2042  0.000e+00
    120.505     7.2833   3.398094    33.2334       2211     9.2083  0.000e+00
    120.440     7.2827   3.398025    33.2332       2212     9.2125  0.000e+00
    120.369     7.2823   3.397981    33.2332       2213     9.2167  0.000e+00
    120.296     7.2817   3.397819    33.2320       2214     9.2208  0.000e+00
    120.211     7.2811   3.397700    33.2314       2215     9.2250  0.000e+00
    120.139     7.2805   3.397712    33.2321       2216     9.2292  0.000e+00
    120.055     7.2800   3.397549    33.2308       2217     9.2333  0.000e+00
    119.973     7.2794   3.397487    33.2307       2218     9.2375  0.000e+00
    119.875     7.2788   3.397461    33.2311       2219     9.2417  0.000e+00
    119.780     7.2783   3.397461    33.2316       2220     9.2458  0.000e+00
    119.682     7.2781   3.397380    33.2310       2221     9.2500  0.000e+00
    119.581     7.2778   3.397374    33.2312       2222     9.2542  0.000e+00
    119.476     7.2774   3.397361    33.2315       2223     9.2583  0.000e+00
    119.364     7.2773   3.396810    33.2258       2224     9.2625  0.000e+00
    119.253     7.2773   3.397342    33.2316       2225     9.2667  0.000e+00
    119.139     7.2773   3.397355    33.2318       2226     9.2708  0.000e+00
    119.022     7.2773   3.397342    33.2316       2227     9.2750  0.000e+00
    118.915     7.2773   3.397092    33.2290       2228     9.2792  0.000e+00
    118.803     7.2772   3.397029    33.2285       2229     9.2833  0.000e+00
    118.700     7.2766   3.396985    33.2286       2230     9.2875  0.000e+00
    118.602     7.2765   3.396847    33.2272       2231     9.2917  0.000e+00
    118.507     7.2764   3.396515    33.2238       2232     9.2958  0.000e+00
    118.406     7.2757   3.396202    33.2211       2233     9.3000  0.000e+00
    118.312     7.2747   3.395995    33.2198       2234     9.3042  0.000e+00
    118.222     7.2736   3.395764    33.2185       2235     9.3083  0.000e+00
    118.122     7.2724   3.395563    33.2175       2236     9.3125  0.000e+00
    118.032     7.2710   3.395269    33.2157       2237     9.3167  0.000e+00
    117.939     7.2695   3.395069    33.2150       2238     9.3208  0.000e+00
    117.845     7.2680   3.395006    33.2158       2239     9.3250  0.000e+00
    117.756     7.2669   3.394987    33.2167       2240     9.3292  0.000e+00
    117.673     7.2661   3.394962    33.2172       2241     9.3333  0.000e+00
    117.592     7.2657   3.394906    33.2170       2242     9.3375  0.000e+00
    117.514     7.2651   3.394724    33.2157       2243     9.3417  0.000e+00
    117.436     7.2647   3.394611    33.2149       2244     9.3458  0.000e+00
    117.356     7.2640   3.394311    33.2123       2245     9.3500  0.000e+00
    117.280     7.2629   3.393910    33.2090       2246     9.3542  0.000e+00
    117.206     7.2613   3.393747    33.2088       2247     9.3583  0.000e+00
    117.132     7.2598   3.393647    33.2093       2248     9.3625  0.000e+00
    117.052     7.2587   3.393585    33.2097       2249     9.3667  0.000e+00
    116.975     7.2578   3.393484    33.2095       2250     9.3708  0.000e+00
    116.900     7.2571   3.393459    33.2099       2251     9.3750  0.000e+00
    116.821     7.2563   3.393378    33.2098       2252     9.3792  0.000e+00
    116.743     7.2559   3.392821    33.2042       2253     9.3833  0.000e+00
    116.668     7.2542   3.391725    33.1939       2254     9.3875  0.000e+00
    116.587     7.2507   3.391394    33.1938       2255     9.3917  0.000e+00
    116.502     7.2468   3.391181    33.1952       2256     9.3958  0.000e+00
    116.422     7.2439   3.390962    33.1957       2257     9.4000  0.000e+00
    116.341     7.2418   3.390899    33.1971       2258     9.4042  0.000e+00
    116.259     7.2402   3.390611    33.1955       2259     9.4083  0.000e+00
    116.174     7.2388   3.390292    33.1934       2260     9.4125  0.000e+00
    116.080     7.2370   3.389998    33.1920       2261     9.4167  0.000e+00
    115.992     7.2349   3.389579    33.1895       2262     9.4208  0.000e+00
    115.896     7.2327   3.389234    33.1879       2263     9.4250  0.000e+00
    115.795     7.2305   3.388302    33.1799       2264     9.4292  0.000e+00
    115.684     7.2283   3.388696    33.1863       2265     9.4333  0.000e+00
    115.572     7.2265   3.388365    33.1845       2266     9.4375  0.000e+00
