HB2303/sbe150.cnv
* Sea-Bird SBE 19plus V2 Data File:
* FileName = C:\cruise\data\sbe150.hex
* Software Version Seasave V 7.26.7.121
* Temperature SN = 6128
* Conductivity SN = 6128
* System UpLoad Time = Aug 22 2023 19:41:29
* NMEA Latitude = 42 30.96 N
* NMEA Longitude = 069 30.35 W
* NMEA UTC (Time) = Aug 22 2023 19:41:24
** Ship: Henry Bigelow
** Cruise:  HB2303
** Program:  ECOMON
# nquan = 7
# nvalues = 4507                                  
# units = specified
# name 0 = depSM: Depth [salt water, m]
# name 1 = tv290C: Temperature [ITS-90, deg C]
# name 2 = c0S/m: Conductivity [S/m]
# name 3 = sal00: Salinity, Practical [PSU]
# name 4 = scan: Scan Count
# name 5 = timeM: Time, Elapsed [minutes]
# name 6 = flag:  0.000e+00
# span 0 =     -0.268,    200.846                 
# span 1 =     6.6732,    20.6541                 
# span 2 =   0.001689,   4.343416                 
# span 3 =     0.0155,    34.0408                 
# span 4 =         11,       4517                 
# span 5 =     0.0417,    18.8167                 
# span 6 = 0.0000e+00, 0.0000e+00                 
# interval = seconds: 0.25
# start_time = Aug 22 2023 19:41:24 [NMEA time, header]
# bad_flag = -9.990e-29
*END*
[from data line 2667]
     95.755     6.8343   3.326611    32.8957       2678    11.1542  0.000e+00
     95.683     6.8344   3.326548    32.8950       2679    11.1583  0.000e+00
     95.615     6.8345   3.326524    32.8946       2680    11.1625  0.000e+00
     95.553     6.8347   3.326505    32.8943       2681    11.1667  0.000e+00
     95.499     6.8347   3.326505    32.8943       2682    11.1708  0.000e+00
     95.437     6.8349   3.326505    32.8941       2683    11.1750  0.000e+00
     95.385     6.8349   3.326480    32.8938       2684    11.1792  0.000e+00
     95.336     6.8350   3.326480    32.8938       2685    11.1833  0.000e+00
     95.287     6.8352   3.326461    32.8934       2686    11.1875  0.000e+00
     95.237     6.8353   3.326480    32.8936       2687    11.1917  0.000e+00
     95.185     6.8353   3.326461    32.8934       2688    11.1958  0.000e+00
     95.136     6.8356   3.326443    32.8929       2689    11.2000  0.000e+00
     95.082     6.8359   3.326418    32.8924       2690    11.2042  0.000e+00
     95.037     6.8361   3.326318    32.8911       2691    11.2083  0.000e+00
     94.988     6.8364   3.326269    32.8903       2692    11.2125  0.000e+00
     94.934     6.8367   3.326163    32.8889       2693    11.2167  0.000e+00
     94.888     6.8368   3.326101    32.8881       2694    11.2208  0.000e+00
     94.844     6.8367   3.325995    32.8870       2695    11.2250  0.000e+00
     94.800     6.8369   3.325908    32.8859       2696    11.2292  0.000e+00
     94.751     6.8369   3.325859    32.8855       2697    11.2333  0.000e+00
     94.706     6.8373   3.325759    32.8840       2698    11.2375  0.000e+00
     94.653     6.8378   3.325473    32.8804       2699    11.2417  0.000e+00
     94.601     6.8376   3.324784    32.8730       2700    11.2458  0.000e+00
     94.541     6.8364   3.324300    32.8690       2701    11.2500  0.000e+00
     94.482     6.8340   3.323821    32.8660       2702    11.2542  0.000e+00
     94.411     6.8317   3.323405    32.8636       2703    11.2583  0.000e+00
     94.340     6.8294   3.322983    32.8613       2704    11.2625  0.000e+00
     94.260     6.8272   3.322698    32.8603       2705    11.2667  0.000e+00
     94.182     6.8253   3.322493    32.8599       2706    11.2708  0.000e+00
     94.110     6.8239   3.322325    32.8594       2707    11.2750  0.000e+00
     94.041     6.8228   3.322213    32.8593       2708    11.2792  0.000e+00
     93.981     6.8220   3.322114    32.8589       2709    11.2833  0.000e+00
     93.927     6.8216   3.321946    32.8576       2710    11.2875  0.000e+00
     93.869     6.8214   3.321847    32.8567       2711    11.2917  0.000e+00
     93.820     6.8211   3.321797    32.8564       2712    11.2958  0.000e+00
     93.772     6.8212   3.321710    32.8554       2713    11.3000  0.000e+00
     93.732     6.8211   3.321605    32.8543       2714    11.3042  0.000e+00
     93.690     6.8210   3.321561    32.8541       2715    11.3083  0.000e+00
     93.641     6.8209   3.321586    32.8544       2716    11.3125  0.000e+00
     93.597     6.8208   3.321561    32.8542       2717    11.3167  0.000e+00
     93.537     6.8211   3.321586    32.8542       2718    11.3208  0.000e+00
     93.481     6.8214   3.321648    32.8547       2719    11.3250  0.000e+00
     93.422     6.8218   3.321648    32.8543       2720    11.3292  0.000e+00
     93.364     6.8223   3.321561    32.8529       2721    11.3333  0.000e+00
     93.315     6.8225   3.321449    32.8515       2722    11.3375  0.000e+00
     93.260     6.8227   3.321412    32.8510       2723    11.3417  0.000e+00
     93.204     6.8231   3.321375    32.8502       2724    11.3458  0.000e+00
     93.155     6.8228   3.321244    32.8490       2725    11.3500  0.000e+00
     93.112     6.8225   3.321201    32.8489       2726    11.3542  0.000e+00
     93.070     6.8221   3.321226    32.8495       2727    11.3583  0.000e+00
     93.041     6.8221   3.321288    32.8503       2728    11.3625  0.000e+00
     92.997     6.8225   3.321455    32.8518       2729    11.3667  0.000e+00
     92.957     6.8236   3.321735    32.8538       2730    11.3708  0.000e+00
     92.906     6.8253   3.322089    32.8560       2731    11.3750  0.000e+00
     92.845     6.8282   3.322517    32.8580       2732    11.3792  0.000e+00
     92.780     6.8317   3.322877    32.8587       2733    11.3833  0.000e+00
     92.697     6.8354   3.323299    32.8597       2734    11.3875  0.000e+00
     92.610     6.8396   3.323852    32.8619       2735    11.3917  0.000e+00
     92.520     6.8443   3.324367    32.8631       2736    11.3958  0.000e+00
     92.433     6.8493   3.324616    32.8611       2737    11.4000  0.000e+00
     92.350     6.8535   3.323721    32.8473       2738    11.4042  0.000e+00
     92.261     6.8538   3.322411    32.8326       2739    11.4083  0.000e+00
     92.193     6.8498   3.321921    32.8312       2740    11.4125  0.000e+00
     92.127     6.8445   3.320989    32.8260       2741    11.4167  0.000e+00
     92.080     6.8381   3.319537    32.8162       2742    11.4208  0.000e+00
     92.052     6.8297   3.319127    32.8198       2743    11.4250  0.000e+00
     92.025     6.8222   3.319040    32.8260       2744    11.4292  0.000e+00
     92.019     6.8176   3.319034    32.8304       2745    11.4333  0.000e+00
     92.025     6.8146   3.318538    32.8277       2746    11.4375  0.000e+00
     92.021     6.8118   3.318873    32.8341       2747    11.4417  0.000e+00
     92.025     6.8105   3.318873    32.8353       2748    11.4458  0.000e+00
     92.018     6.8105   3.318916    32.8359       2749    11.4500  0.000e+00
     91.992     6.8106   3.319022    32.8369       2750    11.4542  0.000e+00
     91.959     6.8108   3.318668    32.8328       2751    11.4583  0.000e+00
     91.912     6.8101   3.318451    32.8311       2752    11.4625  0.000e+00
     91.852     6.8087   3.318389    32.8319       2753    11.4667  0.000e+00
     91.769     6.8074   3.318426    32.8336       2754    11.4708  0.000e+00
     91.678     6.8070   3.318556    32.8354       2755    11.4750  0.000e+00
     91.580     6.8073   3.318662    32.8363       2756    11.4792  0.000e+00
     91.471     6.8079   3.319009    32.8396       2757    11.4833  0.000e+00
     91.367     6.8105   3.319866    32.8466       2758    11.4875  0.000e+00
     91.276     6.8163   3.321225    32.8560       2759    11.4917  0.000e+00
     91.195     6.8257   3.322367    32.8596       2760    11.4958  0.000e+00
     91.126     6.8369   3.323404    32.8603       2761    11.5000  0.000e+00
     91.068     6.8487   3.324106    32.8567       2762    11.5042  0.000e+00
     91.028     6.8590   3.324193    32.8478       2763    11.5083  0.000e+00
     91.004     6.8666   3.324255    32.8412       2764    11.5125  0.000e+00
     90.988     6.8712   3.324224    32.8365       2765    11.5167  0.000e+00
     90.981     6.8737   3.324317    32.8351       2766    11.5208  0.000e+00
     90.982     6.8753   3.324273    32.8332       2767    11.5250  0.000e+00
     90.984     6.8762   3.324267    32.8322       2768    11.5292  0.000e+00
     90.989     6.8765   3.324317    32.8325       2769    11.5333  0.000e+00
     90.984     6.8765   3.324317    32.8325       2770    11.5375  0.000e+00
     90.969     6.8767   3.324242    32.8315       2771    11.5417  0.000e+00
     90.949     6.8766   3.323360    32.8219       2772    11.5458  0.000e+00
     90.916     6.8742   3.323013    32.8204       2773    11.5500  0.000e+00
     90.869     6.8714   3.323236    32.8255       2774    11.5542  0.000e+00
     90.808     6.8701   3.322770    32.8217       2775    11.5583  0.000e+00
     90.746     6.8684   3.322733    32.8230       2776    11.5625  0.000e+00
     90.666     6.8668   3.322727    32.8245       2777    11.5667  0.000e+00
     90.587     6.8659   3.322708    32.8252       2778    11.5708  0.000e+00
     90.497     6.8655   3.322696    32.8255       2779    11.5750  0.000e+00
     90.410     6.8651   3.322683    32.8258       2780    11.5792  0.000e+00
     90.318     6.8649   3.322746    32.8267       2781    11.5833  0.000e+00
     90.233     6.8651   3.322733    32.8264       2782    11.5875  0.000e+00
     90.161     6.8652   3.322789    32.8269       2783    11.5917  0.000e+00
     90.097     6.8656   3.322770    32.8263       2784    11.5958  0.000e+00
     90.048     6.8658   3.322776    32.8263       2785    11.6000  0.000e+00
     90.010     6.8657   3.322745    32.8260       2786    11.6042  0.000e+00
     89.988     6.8658   3.322770    32.8262       2787    11.6083  0.000e+00
     89.972     6.8660   3.322733    32.8257       2788    11.6125  0.000e+00
     89.965     6.8660   3.322770    32.8260       2789    11.6167  0.000e+00
     89.961     6.8661   3.322776    32.8260       2790    11.6208  0.000e+00
     89.953     6.8661   3.322745    32.8257       2791    11.6250  0.000e+00
     89.943     6.8661   3.322770    32.8259       2792    11.6292  0.000e+00
     89.928     6.8661   3.322795    32.8263       2793    11.6333  0.000e+00
     89.899     6.8661   3.322789    32.8261       2794    11.6375  0.000e+00
     89.868     6.8662   3.322770    32.8259       2795    11.6417  0.000e+00
     89.819     6.8661   3.322733    32.8256       2796    11.6458  0.000e+00
     89.748     6.8660   3.322708    32.8254       2797    11.6500  0.000e+00
     89.665     6.8660   3.322174    32.8196       2798    11.6542  0.000e+00
     89.576     6.8647   3.321342    32.8118       2799    11.6583  0.000e+00
     89.477     6.8618   3.321243    32.8136       2800    11.6625  0.000e+00
     89.370     6.8597   3.321156    32.8147       2801    11.6667  0.000e+00
     89.271     6.8583   3.321019    32.8145       2802    11.6708  0.000e+00
     89.175     6.8571   3.320908    32.8145       2803    11.6750  0.000e+00
     89.088     6.8563   3.320864    32.8148       2804    11.6792  0.000e+00
     89.019     6.8554   3.320783    32.8148       2805    11.6833  0.000e+00
     88.976     6.8548   3.320734    32.8149       2806    11.6875  0.000e+00
     88.943     6.8543   3.320759    32.8157       2807    11.6917  0.000e+00
     88.923     6.8538   3.320659    32.8151       2808    11.6958  0.000e+00
     88.932     6.8535   3.320610    32.8148       2809    11.7000  0.000e+00
     88.943     6.8528   3.320579    32.8151       2810    11.7042  0.000e+00
     88.965     6.8526   3.320585    32.8154       2811    11.7083  0.000e+00
     88.979     6.8522   3.320628    32.8163       2812    11.7125  0.000e+00
     88.999     6.8523   3.320597    32.8158       2813    11.7167  0.000e+00
     89.003     6.8523   3.320436    32.8140       2814    11.7208  0.000e+00
     88.990     6.8519   3.320548    32.8157       2815    11.7250  0.000e+00
     88.965     6.8514   3.320436    32.8149       2816    11.7292  0.000e+00
     88.926     6.8511   3.320312    32.8138       2817    11.7333  0.000e+00
     88.875     6.8504   3.320250    32.8139       2818    11.7375  0.000e+00
     88.795     6.8498   3.320256    32.8146       2819    11.7417  0.000e+00
     88.709     6.8491   3.320374    32.8165       2820    11.7458  0.000e+00
     88.607     6.8492   3.320330    32.8160       2821    11.7500  0.000e+00
     88.497     6.8493   3.320361    32.8163       2822    11.7542  0.000e+00
     88.389     6.8499   3.320119    32.8131       2823    11.7583  0.000e+00
     88.282     6.8489   3.319188    32.8039       2824    11.7625  0.000e+00
     88.182     6.8456   3.319033    32.8054       2825    11.7667  0.000e+00
     88.097     6.8417   3.318046    32.7983       2826    11.7708  0.000e+00
     88.032     6.8366   3.315508    32.7755       2827    11.7750  0.000e+00
     87.983     6.8253   3.314553    32.7758       2828    11.7792  0.000e+00
     87.949     6.8141   3.313164    32.7713       2829    11.7833  0.000e+00
     87.929     6.8029   3.313480    32.7854       2830    11.7875  0.000e+00
     87.915     6.7967   3.314950    32.8074       2831    11.7917  0.000e+00
     87.918     6.7977   3.314919    32.8062       2832    11.7958  0.000e+00
     87.913     6.7991   3.313542    32.7898       2833    11.8000  0.000e+00
     87.909     6.7962   3.312786    32.7842       2834    11.8042  0.000e+00
     87.901     6.7911   3.312928    32.7907       2835    11.8083  0.000e+00
     87.876     6.7882   3.313059    32.7949       2836    11.8125  0.000e+00
     87.841     6.7878   3.314392    32.8099       2837    11.8167  0.000e+00
     87.789     6.7911   3.313288    32.7946       2838    11.8208  0.000e+00
     87.725     6.7917   3.313226    32.7935       2839    11.8250  0.000e+00
     87.654     6.7896   3.312525    32.7878       2840    11.8292  0.000e+00
     87.564     6.7865   3.310987    32.7739       2841    11.8333  0.000e+00
     87.481     6.7807   3.310591    32.7751       2842    11.8375  0.000e+00
     87.390     6.7745   3.310299    32.7779       2843    11.8417  0.000e+00
     87.296     6.7693   3.309809    32.7775       2844    11.8458  0.000e+00
     87.220     6.7649   3.309406    32.7774       2845    11.8500  0.000e+00
     87.155     6.7607   3.309456    32.7819       2846    11.8542  0.000e+00
     87.099     6.7585   3.309450    32.7840       2847    11.8583  0.000e+00
     87.056     6.7570   3.309493    32.7859       2848    11.8625  0.000e+00
     87.019     6.7565   3.309475    32.7862       2849    11.8667  0.000e+00
     87.006     6.7562   3.309661    32.7885       2850    11.8708  0.000e+00
     86.997     6.7567   3.309636    32.7878       2851    11.8750  0.000e+00
     86.992     6.7570   3.309654    32.7877       2852    11.8792  0.000e+00
     86.984     6.7574   3.309952    32.7906       2853    11.8833  0.000e+00
     86.970     6.7580   3.309617    32.7863       2854    11.8875  0.000e+00
     86.958     6.7581   3.309437    32.7843       2855    11.8917  0.000e+00
     86.939     6.7572   3.309425    32.7850       2856    11.8958  0.000e+00
     86.915     6.7563   3.309363    32.7852       2857    11.9000  0.000e+00
     86.892     6.7557   3.309301    32.7851       2858    11.9042  0.000e+00
     86.845     6.7551   3.309437    32.7872       2859    11.9083  0.000e+00
     86.796     6.7550   3.309555    32.7886       2860    11.9125  0.000e+00
     86.740     6.7555   3.309555    32.7882       2861    11.9167  0.000e+00
     86.671     6.7561   3.309437    32.7864       2862    11.9208  0.000e+00
     86.595     6.7561   3.309152    32.7833       2863    11.9250  0.000e+00
     86.512     6.7550   3.308501    32.7772       2864    11.9292  0.000e+00
     86.425     6.7521   3.308972    32.7852       2865    11.9333  0.000e+00
     86.343     6.7512   3.308644    32.7825       2866    11.9375  0.000e+00
     86.255     6.7503   3.308396    32.7806       2867    11.9417  0.000e+00
     86.174     6.7489   3.308476    32.7829       2868    11.9458  0.000e+00
     86.104     6.7482   3.308607    32.7850       2869    11.9500  0.000e+00
     86.031     6.7483   3.308687    32.7859       2870    11.9542  0.000e+00
     85.975     6.7485   3.308916    32.7882       2871    11.9583  0.000e+00
     85.930     6.7494   3.308836    32.7864       2872    11.9625  0.000e+00
     85.895     6.7500   3.308774    32.7853       2873    11.9667  0.000e+00
     85.862     6.7502   3.308817    32.7856       2874    11.9708  0.000e+00
     85.833     6.7500   3.308142    32.7783       2875    11.9750  0.000e+00
     85.811     6.7483   3.307590    32.7739       2876    11.9792  0.000e+00
     85.784     6.7449   3.306933    32.7699       2877    11.9833  0.000e+00
     85.757     6.7406   3.308036    32.7862       2878    11.9875  0.000e+00
     85.731     6.7404   3.308222    32.7884       2879    11.9917  0.000e+00
     85.691     6.7422   3.308055    32.7849       2880    11.9958  0.000e+00
     85.657     6.7430   3.307509    32.7782       2881    12.0000  0.000e+00
