HB2303/sbe151.cnv
* Sea-Bird SBE 19plus V2 Data File:
* FileName = C:\cruise\data\sbe151.hex
* Software Version Seasave V 7.26.7.121
* Temperature SN = 6128
* Conductivity SN = 6128
* System UpLoad Time = Aug 22 2023 20:06:19
* NMEA Latitude = 42 31.29 N
* NMEA Longitude = 069 31.02 W
* NMEA UTC (Time) = Aug 22 2023 20:06:14
** Ship: Henry Bigelow
** Cruise:  HB2303
** Program:  ECOMON
# nquan = 7
# nvalues = 3089                                  
# units = specified
# name 0 = depSM: Depth [salt water, m]
# name 1 = tv290C: Temperature [ITS-90, deg C]
# name 2 = c0S/m: Conductivity [S/m]
# name 3 = sal00: Salinity, Practical [PSU]
# name 4 = scan: Scan Count
# name 5 = timeM: Time, Elapsed [minutes]
# name 6 = flag:  0.000e+00
# span 0 =     -0.013,    273.907                 
# span 1 =     6.7633,    20.6700                 
# span 2 =   0.004311,   4.344848                 
# span 3 =     0.0282,    34.3396                 
# span 4 =         11,       3099                 
# span 5 =     0.0417,    12.9083                 
# span 6 = 0.0000e+00, 0.0000e+00                 
# interval = seconds: 0.25
# start_time = Aug 22 2023 20:06:14 [NMEA time, header]
# bad_flag = -9.990e-29
*END*
[from data line 1436]
    225.373     8.5090   3.598629    34.1500       1447     6.0250  0.000e+00
    225.526     8.5085   3.598655    34.1506       1448     6.0292  0.000e+00
    225.706     8.5085   3.598674    34.1508       1449     6.0333  0.000e+00
    225.907     8.5084   3.598719    34.1513       1450     6.0375  0.000e+00
    226.136     8.5085   3.598764    34.1516       1451     6.0417  0.000e+00
    226.387     8.5087   3.598809    34.1517       1452     6.0458  0.000e+00
    226.659     8.5088   3.598829    34.1517       1453     6.0500  0.000e+00
    226.944     8.5087   3.598873    34.1522       1454     6.0542  0.000e+00
    227.228     8.5085   3.598874    34.1522       1455     6.0583  0.000e+00
    227.515     8.5083   3.598919    34.1527       1456     6.0625  0.000e+00
    227.786     8.5080   3.598963    34.1534       1457     6.0667  0.000e+00
    228.046     8.5080   3.599008    34.1538       1458     6.0708  0.000e+00
    228.285     8.5078   3.599028    34.1540       1459     6.0750  0.000e+00
    228.503     8.5073   3.599098    34.1551       1460     6.0792  0.000e+00
    228.706     8.5069   3.599207    34.1566       1461     6.0833  0.000e+00
    228.892     8.5065   3.599252    34.1574       1462     6.0875  0.000e+00
    229.051     8.5059   3.599432    34.1598       1463     6.0917  0.000e+00
    229.202     8.5056   3.599483    34.1605       1464     6.0958  0.000e+00
    229.344     8.5053   3.599515    34.1610       1465     6.1000  0.000e+00
    229.481     8.5052   3.599605    34.1621       1466     6.1042  0.000e+00
    229.609     8.5049   3.599650    34.1628       1467     6.1083  0.000e+00
    229.743     8.5050   3.599784    34.1640       1468     6.1125  0.000e+00
    229.882     8.5049   3.599868    34.1649       1469     6.1167  0.000e+00
    230.030     8.5049   3.599893    34.1651       1470     6.1208  0.000e+00
    230.189     8.5049   3.599938    34.1655       1471     6.1250  0.000e+00
    230.368     8.5049   3.600028    34.1664       1472     6.1292  0.000e+00
    230.568     8.5049   3.600156    34.1676       1473     6.1333  0.000e+00
    230.786     8.5055   3.600272    34.1682       1474     6.1375  0.000e+00
    231.020     8.5060   3.600381    34.1687       1475     6.1417  0.000e+00
    231.277     8.5068   3.600535    34.1694       1476     6.1458  0.000e+00
    231.544     8.5076   3.600842    34.1718       1477     6.1500  0.000e+00
    231.822     8.5088   3.601086    34.1731       1478     6.1542  0.000e+00
    232.106     8.5104   3.601375    34.1745       1479     6.1583  0.000e+00
    232.381     8.5122   3.601823    34.1773       1480     6.1625  0.000e+00
    232.643     8.5141   3.602163    34.1789       1481     6.1667  0.000e+00
    232.893     8.5162   3.602477    34.1801       1482     6.1708  0.000e+00
    233.113     8.5187   3.602836    34.1814       1483     6.1750  0.000e+00
    233.299     8.5208   3.603189    34.1830       1484     6.1792  0.000e+00
    233.460     8.5229   3.603612    34.1853       1485     6.1833  0.000e+00
    233.578     8.5254   3.603875    34.1857       1486     6.1875  0.000e+00
    233.683     8.5277   3.604074    34.1855       1487     6.1917  0.000e+00
    233.767     8.5297   3.604471    34.1877       1488     6.1958  0.000e+00
    233.839     8.5318   3.605113    34.1924       1489     6.2000  0.000e+00
    233.917     8.5349   3.605382    34.1923       1490     6.2042  0.000e+00
    234.009     8.5377   3.605670    34.1926       1491     6.2083  0.000e+00
    234.116     8.5405   3.605536    34.1884       1492     6.2125  0.000e+00
    234.249     8.5420   3.605472    34.1862       1493     6.2167  0.000e+00
    234.409     8.5425   3.605401    34.1848       1494     6.2208  0.000e+00
    234.602     8.5426   3.605517    34.1859       1495     6.2250  0.000e+00
    234.826     8.5428   3.605600    34.1865       1496     6.2292  0.000e+00
    235.083     8.5433   3.605870    34.1887       1497     6.2333  0.000e+00
    235.363     8.5442   3.606113    34.1903       1498     6.2375  0.000e+00
    235.661     8.5454   3.606267    34.1906       1499     6.2417  0.000e+00
    235.978     8.5469   3.606421    34.1906       1500     6.2458  0.000e+00
    236.296     8.5480   3.606601    34.1913       1501     6.2500  0.000e+00
    236.605     8.5493   3.606845    34.1924       1502     6.2542  0.000e+00
    236.903     8.5505   3.607223    34.1951       1503     6.2583  0.000e+00
    237.176     8.5523   3.607441    34.1956       1504     6.2625  0.000e+00
    237.417     8.5539   3.607730    34.1970       1505     6.2667  0.000e+00
    237.641     8.5554   3.607910    34.1973       1506     6.2708  0.000e+00
    237.829     8.5568   3.608218    34.1991       1507     6.2750  0.000e+00
    237.985     8.5583   3.608468    34.2002       1508     6.2792  0.000e+00
    238.118     8.5600   3.608641    34.2004       1509     6.2833  0.000e+00
    238.234     8.5614   3.608859    34.2012       1510     6.2875  0.000e+00
    238.344     8.5626   3.609193    34.2036       1511     6.2917  0.000e+00
    238.458     8.5642   3.609283    34.2029       1512     6.2958  0.000e+00
    238.568     8.5654   3.609328    34.2022       1513     6.3000  0.000e+00
    238.689     8.5663   3.609417    34.2022       1514     6.3042  0.000e+00
    238.827     8.5671   3.609373    34.2009       1515     6.3083  0.000e+00
    238.989     8.5673   3.609482    34.2017       1516     6.3125  0.000e+00
    239.170     8.5675   3.609527    34.2020       1517     6.3167  0.000e+00
    239.367     8.5679   3.609527    34.2015       1518     6.3208  0.000e+00
    239.578     8.5683   3.609591    34.2017       1519     6.3250  0.000e+00
    239.808     8.5685   3.609681    34.2023       1520     6.3292  0.000e+00
    240.044     8.5689   3.609726    34.2023       1521     6.3333  0.000e+00
    240.292     8.5694   3.609835    34.2028       1522     6.3375  0.000e+00
    240.547     8.5697   3.609925    34.2034       1523     6.3417  0.000e+00
    240.784     8.5702   3.610015    34.2037       1524     6.3458  0.000e+00
    241.021     8.5708   3.610079    34.2037       1525     6.3500  0.000e+00
    241.245     8.5711   3.610150    34.2040       1526     6.3542  0.000e+00
    241.460     8.5715   3.610259    34.2047       1527     6.3583  0.000e+00
    241.662     8.5719   3.610304    34.2048       1528     6.3625  0.000e+00
    241.859     8.5722   3.610323    34.2045       1529     6.3667  0.000e+00
    242.053     8.5725   3.610471    34.2058       1530     6.3708  0.000e+00
    242.237     8.5729   3.610529    34.2058       1531     6.3750  0.000e+00
    242.423     8.5733   3.610567    34.2058       1532     6.3792  0.000e+00
    242.608     8.5736   3.610747    34.2073       1533     6.3833  0.000e+00
    242.788     8.5743   3.611080    34.2101       1534     6.3875  0.000e+00
    242.975     8.5753   3.611235    34.2107       1535     6.3917  0.000e+00
    243.159     8.5764   3.611324    34.2105       1536     6.3958  0.000e+00
    243.343     8.5773   3.611414    34.2104       1537     6.4000  0.000e+00
    243.526     8.5781   3.611504    34.2105       1538     6.4042  0.000e+00
    243.710     8.5786   3.611588    34.2108       1539     6.4083  0.000e+00
    243.897     8.5791   3.611703    34.2114       1540     6.4125  0.000e+00
    244.088     8.5798   3.611748    34.2112       1541     6.4167  0.000e+00
    244.280     8.5802   3.611838    34.2117       1542     6.4208  0.000e+00
    244.477     8.5807   3.611947    34.2122       1543     6.4250  0.000e+00
    244.678     8.5811   3.612121    34.2136       1544     6.4292  0.000e+00
    244.893     8.5818   3.612191    34.2136       1545     6.4333  0.000e+00
    245.113     8.5826   3.612326    34.2141       1546     6.4375  0.000e+00
    245.336     8.5832   3.612435    34.2145       1547     6.4417  0.000e+00
    245.563     8.5838   3.612525    34.2148       1548     6.4458  0.000e+00
    245.782     8.5845   3.612589    34.2147       1549     6.4500  0.000e+00
    246.010     8.5850   3.612679    34.2151       1550     6.4542  0.000e+00
    246.223     8.5855   3.612814    34.2159       1551     6.4583  0.000e+00
    246.435     8.5859   3.612904    34.2163       1552     6.4625  0.000e+00
    246.627     8.5866   3.612968    34.2163       1553     6.4667  0.000e+00
    246.806     8.5870   3.613058    34.2168       1554     6.4708  0.000e+00
    246.980     8.5876   3.613148    34.2170       1555     6.4750  0.000e+00
    247.146     8.5879   3.613277    34.2180       1556     6.4792  0.000e+00
    247.310     8.5885   3.613322    34.2179       1557     6.4833  0.000e+00
    247.471     8.5890   3.613501    34.2192       1558     6.4875  0.000e+00
    247.630     8.5896   3.613764    34.2213       1559     6.4917  0.000e+00
    247.800     8.5903   3.613854    34.2214       1560     6.4958  0.000e+00
    247.973     8.5914   3.614015    34.2220       1561     6.5000  0.000e+00
    248.156     8.5922   3.614124    34.2223       1562     6.5042  0.000e+00
    248.349     8.5930   3.614297    34.2233       1563     6.5083  0.000e+00
    248.555     8.5937   3.614522    34.2248       1564     6.5125  0.000e+00
    248.771     8.5949   3.614548    34.2239       1565     6.5167  0.000e+00
    249.000     8.5955   3.614612    34.2239       1566     6.5208  0.000e+00
    249.234     8.5962   3.614830    34.2254       1567     6.5250  0.000e+00
    249.467     8.5970   3.614991    34.2262       1568     6.5292  0.000e+00
    249.700     8.5977   3.615081    34.2264       1569     6.5333  0.000e+00
    249.937     8.5985   3.615235    34.2272       1570     6.5375  0.000e+00
    250.165     8.5991   3.615389    34.2281       1571     6.5417  0.000e+00
    250.378     8.5997   3.615479    34.2283       1572     6.5458  0.000e+00
    250.586     8.6002   3.615569    34.2286       1573     6.5500  0.000e+00
    250.789     8.6007   3.615678    34.2293       1574     6.5542  0.000e+00
    250.977     8.6010   3.615698    34.2291       1575     6.5583  0.000e+00
    251.158     8.6008   3.615743    34.2297       1576     6.5625  0.000e+00
    251.328     8.6005   3.615833    34.2308       1577     6.5667  0.000e+00
    251.492     8.5997   3.615858    34.2318       1578     6.5708  0.000e+00
    251.662     8.5988   3.615903    34.2331       1579     6.5750  0.000e+00
    251.829     8.5980   3.616013    34.2349       1580     6.5792  0.000e+00
    251.999     8.5970   3.616147    34.2372       1581     6.5833  0.000e+00
    252.180     8.5960   3.616276    34.2394       1582     6.5875  0.000e+00
    252.375     8.5954   3.616501    34.2423       1583     6.5917  0.000e+00
    252.583     8.5952   3.616745    34.2450       1584     6.5958  0.000e+00
    252.796     8.5954   3.616970    34.2470       1585     6.6000  0.000e+00
    253.024     8.5961   3.617348    34.2503       1586     6.6042  0.000e+00
    253.257     8.5970   3.617593    34.2519       1587     6.6083  0.000e+00
    253.490     8.5981   3.617747    34.2523       1588     6.6125  0.000e+00
    253.725     8.5991   3.618260    34.2567       1589     6.6167  0.000e+00
    253.949     8.6007   3.619391    34.2669       1590     6.6208  0.000e+00
    254.171     8.6038   3.619995    34.2702       1591     6.6250  0.000e+00
    254.372     8.6076   3.620618    34.2729       1592     6.6292  0.000e+00
    254.573     8.6114   3.620682    34.2698       1593     6.6333  0.000e+00
    254.754     8.6141   3.621196    34.2726       1594     6.6375  0.000e+00
    254.932     8.6168   3.622018    34.2785       1595     6.6417  0.000e+00
    255.106     8.6204   3.622288    34.2778       1596     6.6458  0.000e+00
    255.274     8.6236   3.623624    34.2887       1597     6.6500  0.000e+00
    255.437     8.6284   3.624325    34.2913       1598     6.6542  0.000e+00
    255.613     8.6339   3.624402    34.2868       1599     6.6583  0.000e+00
    255.800     8.6377   3.625250    34.2920       1600     6.6625  0.000e+00
    255.988     8.6416   3.625784    34.2937       1601     6.6667  0.000e+00
    256.193     8.6458   3.626272    34.2947       1602     6.6708  0.000e+00
    256.398     8.6500   3.627075    34.2989       1603     6.6750  0.000e+00
    256.619     8.6545   3.627615    34.3002       1604     6.6792  0.000e+00
    256.844     8.6590   3.628104    34.3009       1605     6.6833  0.000e+00
    257.068     8.6632   3.628863    34.3047       1606     6.6875  0.000e+00
    257.292     8.6675   3.629576    34.3079       1607     6.6917  0.000e+00
    257.507     8.6725   3.629956    34.3070       1608     6.6958  0.000e+00
    257.715     8.6768   3.630547    34.3090       1609     6.7000  0.000e+00
    257.919     8.6808   3.631248    34.3123       1610     6.7042  0.000e+00
    258.109     8.6851   3.631788    34.3138       1611     6.7083  0.000e+00
    258.296     8.6893   3.632303    34.3151       1612     6.7125  0.000e+00
    258.473     8.6934   3.632991    34.3182       1613     6.7167  0.000e+00
    258.644     8.6976   3.633242    34.3167       1614     6.7208  0.000e+00
    258.823     8.7012   3.633461    34.3155       1615     6.7250  0.000e+00
    259.000     8.7039   3.633705    34.3153       1616     6.7292  0.000e+00
    259.178     8.7063   3.634046    34.3165       1617     6.7333  0.000e+00
    259.371     8.7085   3.634265    34.3165       1618     6.7375  0.000e+00
    259.576     8.7105   3.634741    34.3196       1619     6.7417  0.000e+00
    259.795     8.7130   3.634895    34.3186       1620     6.7458  0.000e+00
    260.020     8.7150   3.635069    34.3184       1621     6.7500  0.000e+00
    260.252     8.7165   3.635204    34.3183       1622     6.7542  0.000e+00
    260.495     8.7178   3.635410    34.3191       1623     6.7583  0.000e+00
    260.738     8.7191   3.635565    34.3194       1624     6.7625  0.000e+00
    260.980     8.7203   3.635655    34.3190       1625     6.7667  0.000e+00
    261.210     8.7215   3.635854    34.3199       1626     6.7708  0.000e+00
    261.432     8.7223   3.636009    34.3206       1627     6.7750  0.000e+00
    261.639     8.7233   3.636125    34.3207       1628     6.7792  0.000e+00
    261.836     8.7241   3.636260    34.3213       1629     6.7833  0.000e+00
    262.015     8.7249   3.636395    34.3218       1630     6.7875  0.000e+00
    262.183     8.7258   3.636479    34.3218       1631     6.7917  0.000e+00
    262.346     8.7264   3.636730    34.3237       1632     6.7958  0.000e+00
    262.510     8.7274   3.636884    34.3244       1633     6.8000  0.000e+00
    262.676     8.7284   3.636949    34.3240       1634     6.8042  0.000e+00
    262.841     8.7293   3.637065    34.3243       1635     6.8083  0.000e+00
    263.013     8.7299   3.637200    34.3250       1636     6.8125  0.000e+00
    263.185     8.7308   3.637444    34.3267       1637     6.8167  0.000e+00
    263.373     8.7318   3.637715    34.3284       1638     6.8208  0.000e+00
    263.555     8.7330   3.637805    34.3281       1639     6.8250  0.000e+00
    263.745     8.7339   3.638004    34.3292       1640     6.8292  0.000e+00
    263.940     8.7348   3.638140    34.3297       1641     6.8333  0.000e+00
    264.138     8.7358   3.638275    34.3300       1642     6.8375  0.000e+00
    264.342     8.7369   3.638519    34.3315       1643     6.8417  0.000e+00
    264.550     8.7381   3.638674    34.3318       1644     6.8458  0.000e+00
    264.760     8.7390   3.638790    34.3321       1645     6.8500  0.000e+00
    264.975     8.7400   3.638854    34.3317       1646     6.8542  0.000e+00
    265.201     8.7406   3.639099    34.3336       1647     6.8583  0.000e+00
    265.431     8.7416   3.639215    34.3337       1648     6.8625  0.000e+00
    265.666     8.7426   3.639305    34.3336       1649     6.8667  0.000e+00
    265.904     8.7431   3.639395    34.3340       1650     6.8708  0.000e+00
    266.139     8.7439   3.639460    34.3338       1651     6.8750  0.000e+00
