HB2303/sbe158.cnv
* Sea-Bird SBE 19plus V2 Data File:
* FileName = C:\cruise\data\sbe158.hex
* Software Version Seasave V 7.26.7.121
* Temperature SN = 6128
* Conductivity SN = 6128
* System UpLoad Time = Aug 23 2023 09:43:09
* NMEA Latitude = 41 16.94 N
* NMEA Longitude = 068 28.55 W
* NMEA UTC (Time) = Aug 23 2023 09:43:04
** Ship: Henry Bigelow
** Cruise:  HB2303
** Program:  ECOMON
# nquan = 7
# nvalues = 1456                                  
# units = specified
# name 0 = depSM: Depth [salt water, m]
# name 1 = tv290C: Temperature [ITS-90, deg C]
# name 2 = c0S/m: Conductivity [S/m]
# name 3 = sal00: Salinity, Practical [PSU]
# name 4 = scan: Scan Count
# name 5 = timeM: Time, Elapsed [minutes]
# name 6 = flag:  0.000e+00
# span 0 =      0.022,     52.763                 
# span 1 =    14.6437,    16.9295                 
# span 2 =   0.001978,   4.180040                 
# span 3 =     0.0164,    32.4498                 
# span 4 =         11,       1466                 
# span 5 =     0.0417,     6.1042                 
# span 6 = 0.0000e+00, 0.0000e+00                 
# interval = seconds: 0.25
# start_time = Aug 23 2023 09:43:04 [NMEA time, header]
# bad_flag = -9.990e-29
*END*
[from data line 411]
     47.030    15.0647   4.003773    32.3160        422     1.7542  0.000e+00
     47.174    15.0621   4.003338    32.3141        423     1.7583  0.000e+00
     47.324    15.0585   4.003058    32.3145        424     1.7625  0.000e+00
     47.480    15.0548   4.002074    32.3087        425     1.7667  0.000e+00
     47.644    15.0488   4.000951    32.3035        426     1.7708  0.000e+00
     47.799    15.0391   3.997448    32.2799        427     1.7750  0.000e+00
     47.960    15.0189   3.995135    32.2756        428     1.7792  0.000e+00
     48.115    14.9942   3.994942    32.2943        429     1.7833  0.000e+00
     48.263    14.9763   3.994274    32.3029        430     1.7875  0.000e+00
     48.409    14.9639   3.991488    32.2881        431     1.7917  0.000e+00
     48.548    14.9442   3.982173    32.2202        432     1.7958  0.000e+00
     48.682    14.8962   3.978189    32.2239        433     1.8000  0.000e+00
     48.815    14.8411   3.974008    32.2315        434     1.8042  0.000e+00
     48.942    14.7916   3.971555    32.2502        435     1.8083  0.000e+00
     49.074    14.7490   3.970635    32.2772        436     1.8125  0.000e+00
     49.206    14.7192   3.969876    32.2950        437     1.8167  0.000e+00
     49.340    14.6992   3.969736    32.3103        438     1.8208  0.000e+00
     49.488    14.6871   3.969716    32.3201        439     1.8250  0.000e+00
     49.635    14.6809   3.969810    32.3260        440     1.8292  0.000e+00
     49.786    14.6775   3.969830    32.3290        441     1.8333  0.000e+00
     49.940    14.6758   3.969690    32.3290        442     1.8375  0.000e+00
     50.090    14.6748   3.969637    32.3293        443     1.8417  0.000e+00
     50.247    14.6739   3.969643    32.3301        444     1.8458  0.000e+00
     50.401    14.6733   3.969477    32.3290        445     1.8500  0.000e+00
     50.551    14.6725   3.969357    32.3285        446     1.8542  0.000e+00
     50.701    14.6717   3.969244    32.3281        447     1.8583  0.000e+00
     50.842    14.6703   3.969290    32.3296        448     1.8625  0.000e+00
     50.975    14.6696   3.969457    32.3317        449     1.8667  0.000e+00
     51.106    14.6701   3.969690    32.3333        450     1.8708  0.000e+00
     51.237    14.6713   3.969810    32.3334        451     1.8750  0.000e+00
     51.364    14.6729   3.969484    32.3291        452     1.8792  0.000e+00
     51.483    14.6728   3.969264    32.3271        453     1.8833  0.000e+00
     51.608    14.6713   3.969097    32.3268        454     1.8875  0.000e+00
     51.727    14.6696   3.969031    32.3275        455     1.8917  0.000e+00
     51.840    14.6682   3.969124    32.3295        456     1.8958  0.000e+00
     51.953    14.6678   3.969191    32.3304        457     1.9000  0.000e+00
     52.066    14.6678   3.969191    32.3303        458     1.9042  0.000e+00
     52.186    14.6682   3.969078    32.3290        459     1.9083  0.000e+00
     52.304    14.6679   3.969098    32.3293        460     1.9125  0.000e+00
     52.427    14.6676   3.969064    32.3292        461     1.9167  0.000e+00
     52.559    14.6671   3.969098    32.3299        462     1.9208  0.000e+00
     52.660    14.6671   3.969098    32.3299        463     1.9250  0.000e+00
     52.733    14.6674   3.969098    32.3295        464     1.9292  0.000e+00
     52.763    14.6672   3.969078    32.3295        465     1.9333  0.000e+00
     52.752    14.6671   3.968958    32.3285        466     1.9375  0.000e+00
     52.723    14.6667   3.968911    32.3285        467     1.9417  0.000e+00
     52.703    14.6663   3.968885    32.3286        468     1.9458  0.000e+00
     52.692    14.6659   3.968818    32.3283        469     1.9500  0.000e+00
     52.690    14.6653   3.968791    32.3286        470     1.9542  0.000e+00
     52.676    14.6648   3.968745    32.3286        471     1.9583  0.000e+00
     52.665    14.6643   3.968671    32.3283        472     1.9625  0.000e+00
     52.649    14.6640   3.968651    32.3284        473     1.9667  0.000e+00
     52.636    14.6635   3.968698    32.3292        474     1.9708  0.000e+00
     52.627    14.6634   3.968771    32.3300        475     1.9750  0.000e+00
     52.621    14.6640   3.968771    32.3295        476     1.9792  0.000e+00
     52.609    14.6642   3.968671    32.3284        477     1.9833  0.000e+00
     52.598    14.6638   3.969438    32.3357        478     1.9875  0.000e+00
     52.594    14.6664   3.969458    32.3337        479     1.9917  0.000e+00
     52.588    14.6692   3.969858    32.3351        480     1.9958  0.000e+00
     52.587    14.6721   3.969951    32.3334        481     2.0000  0.000e+00
     52.585    14.6751   3.971678    32.3467        482     2.0042  0.000e+00
     52.584    14.6841   3.974018    32.3604        483     2.0083  0.000e+00
     52.580    14.6990   3.974471    32.3521        484     2.0125  0.000e+00
     52.569    14.7123   3.976105    32.3559        485     2.0167  0.000e+00
     52.560    14.7261   3.976319    32.3464        486     2.0208  0.000e+00
     52.542    14.7360   3.974498    32.3217        487     2.0250  0.000e+00
     52.518    14.7355   3.974157    32.3190        488     2.0292  0.000e+00
     52.497    14.7312   3.972244    32.3052        489     2.0333  0.000e+00
     52.459    14.7214   3.971250    32.3043        490     2.0375  0.000e+00
     52.424    14.7096   3.970164    32.3043        491     2.0417  0.000e+00
     52.388    14.6976   3.970117    32.3139        492     2.0458  0.000e+00
     52.341    14.6898   3.972011    32.3375        493     2.0500  0.000e+00
     52.301    14.6922   3.972577    32.3407        494     2.0542  0.000e+00
     52.249    14.6984   3.972411    32.3341        495     2.0583  0.000e+00
     52.214    14.7017   3.971250    32.3208        496     2.0625  0.000e+00
     52.180    14.6991   3.971477    32.3250        497     2.0667  0.000e+00
     52.147    14.6972   3.971417    32.3261        498     2.0708  0.000e+00
     52.127    14.6957   3.971130    32.3247        499     2.0750  0.000e+00
     52.113    14.6943   3.970897    32.3238        500     2.0792  0.000e+00
     52.111    14.6922   3.971084    32.3273        501     2.0833  0.000e+00
     52.111    14.6917   3.971937    32.3354        502     2.0875  0.000e+00
     52.116    14.6947   3.972104    32.3344        503     2.0917  0.000e+00
     52.122    14.6977   3.972177    32.3326        504     2.0958  0.000e+00
     52.124    14.7001   3.972244    32.3312        505     2.1000  0.000e+00
     52.126    14.7016   3.971377    32.3221        506     2.1042  0.000e+00
     52.119    14.6996   3.970990    32.3202        507     2.1083  0.000e+00
     52.106    14.6954   3.969951    32.3143        508     2.1125  0.000e+00
     52.083    14.6885   3.968671    32.3084        509     2.1167  0.000e+00
     52.049    14.6790   3.968251    32.3125        510     2.1208  0.000e+00
     52.003    14.6707   3.968438    32.3211        511     2.1250  0.000e+00
     51.951    14.6656   3.968931    32.3299        512     2.1292  0.000e+00
     51.894    14.6656   3.969338    32.3336        513     2.1333  0.000e+00
     51.836    14.6682   3.969811    32.3357        514     2.1375  0.000e+00
     51.768    14.6715   3.967798    32.3147        515     2.1417  0.000e+00
     51.699    14.6665   3.970451    32.3430        516     2.1458  0.000e+00
     51.640    14.6702   3.969264    32.3292        517     2.1500  0.000e+00
     51.586    14.6747   3.974591    32.3738        518     2.1542  0.000e+00
     51.534    14.6901   3.972410    32.3412        519     2.1583  0.000e+00
     51.492    14.7016   3.972577    32.3332        520     2.1625  0.000e+00
     51.456    14.7045   3.972504    32.3302        521     2.1667  0.000e+00
     51.419    14.7051   3.970137    32.3082        522     2.1708  0.000e+00
     51.389    14.6981   3.969097    32.3046        523     2.1750  0.000e+00
     51.353    14.6861   3.967951    32.3042        524     2.1792  0.000e+00
     51.323    14.6739   3.967398    32.3092        525     2.1833  0.000e+00
     51.285    14.6637   3.967751    32.3210        526     2.1875  0.000e+00
     51.244    14.6585   3.967611    32.3241        527     2.1917  0.000e+00
     51.190    14.6558   3.966925    32.3201        528     2.1958  0.000e+00
     51.132    14.6520   3.966998    32.3239        529     2.2000  0.000e+00
     51.067    14.6493   3.967778    32.3333        530     2.2042  0.000e+00
     50.985    14.6506   3.968391    32.3378        531     2.2083  0.000e+00
     50.900    14.6544   3.967578    32.3273        532     2.2125  0.000e+00
     50.811    14.6553   3.967491    32.3258        533     2.2167  0.000e+00
     50.727    14.6544   3.970184    32.3510        534     2.2208  0.000e+00
     50.636    14.6637   3.972364    32.3631        535     2.2250  0.000e+00
     50.542    14.6817   3.970803    32.3340        536     2.2292  0.000e+00
     50.457    14.6852   3.966924    32.2959        537     2.2333  0.000e+00
     50.385    14.6723   3.966451    32.3023        538     2.2375  0.000e+00
     50.311    14.6587   3.966311    32.3124        539     2.2417  0.000e+00
     50.242    14.6498   3.966265    32.3194        540     2.2458  0.000e+00
     50.177    14.6449   3.966458    32.3253        541     2.2500  0.000e+00
     50.118    14.6437   3.970610    32.3640        542     2.2542  0.000e+00
     50.063    14.6571   3.971370    32.3598        543     2.2583  0.000e+00
     49.999    14.6728   3.966924    32.3064        544     2.2625  0.000e+00
     49.943    14.6656   3.966478    32.3083        545     2.2667  0.000e+00
     49.881    14.6555   3.967491    32.3260        546     2.2708  0.000e+00
     49.810    14.6531   3.971017    32.3600        547     2.2750  0.000e+00
     49.738    14.6681   3.977386    32.4054        548     2.2792  0.000e+00
     49.655    14.7006   3.985260    32.4498        549     2.2833  0.000e+00
     49.556    14.7565   3.986214    32.4120        550     2.2875  0.000e+00
     49.462    14.8054   3.988070    32.3881        551     2.2917  0.000e+00
     49.352    14.8388   3.991162    32.3884        552     2.2958  0.000e+00
     49.241    14.8722   3.993447    32.3814        553     2.3000  0.000e+00
     49.135    14.9015   3.993587    32.3584        554     2.3042  0.000e+00
     49.023    14.9233   3.994803    32.3513        555     2.3083  0.000e+00
     48.918    14.9388   3.991989    32.3132        556     2.3125  0.000e+00
     48.815    14.9393   3.992417    32.3166        557     2.3167  0.000e+00
     48.721    14.9358   3.990419    32.3015        558     2.3208  0.000e+00
     48.633    14.9269   3.984997    32.2599        559     2.3250  0.000e+00
     48.550    14.8982   3.986259    32.2951        560     2.3292  0.000e+00
     48.472    14.8798   3.985758    32.3059        561     2.3333  0.000e+00
     48.399    14.8700   3.981273    32.2735        562     2.3375  0.000e+00
     48.328    14.8481   3.982908    32.3064        563     2.3417  0.000e+00
     48.249    14.8353   3.986947    32.3536        564     2.3458  0.000e+00
     48.186    14.8424   3.988283    32.3598        565     2.3500  0.000e+00
     48.121    14.8628   3.996615    32.4183        566     2.3542  0.000e+00
     48.045    14.9060   3.999783    32.4110        567     2.3583  0.000e+00
     47.962    14.9540   4.000451    32.3773        568     2.3625  0.000e+00
     47.881    14.9874   4.000116    32.3466        569     2.3667  0.000e+00
     47.793    15.0045   4.000477    32.3358        570     2.3708  0.000e+00
     47.695    15.0138   3.999066    32.3154        571     2.3750  0.000e+00
     47.594    15.0146   3.998711    32.3115        572     2.3792  0.000e+00
     47.496    15.0119   3.996231    32.2915        573     2.3833  0.000e+00
     47.394    15.0021   4.000336    32.3366        574     2.3875  0.000e+00
     47.287    15.0064   4.001119    32.3402        575     2.3917  0.000e+00
     47.186    15.0178   4.001480    32.3340        576     2.3958  0.000e+00
     47.083    15.0276   4.001526    32.3264        577     2.4000  0.000e+00
     46.991    15.0339   4.001646    32.3222        578     2.4042  0.000e+00
     46.897    15.0380   4.001666    32.3191        579     2.4083  0.000e+00
     46.803    15.0407   4.001620    32.3165        580     2.4125  0.000e+00
     46.712    15.0418   4.001479    32.3143        581     2.4167  0.000e+00
     46.622    15.0413   4.001499    32.3150        582     2.4208  0.000e+00
     46.537    15.0407   4.001646    32.3169        583     2.4250  0.000e+00
     46.443    15.0409   4.001907    32.3191        584     2.4292  0.000e+00
     46.358    15.0426   4.001118    32.3105        585     2.4333  0.000e+00
     46.266    15.0407   4.000830    32.3096        586     2.4375  0.000e+00
     46.167    15.0366   4.000817    32.3129        587     2.4417  0.000e+00
     46.060    15.0341   4.000977    32.3165        588     2.4458  0.000e+00
     45.960    15.0337   4.000830    32.3155        589     2.4500  0.000e+00
     45.854    15.0330   4.000870    32.3165        590     2.4542  0.000e+00
     45.744    15.0325   4.000991    32.3180        591     2.4583  0.000e+00
     45.638    15.0336   4.001051    32.3177        592     2.4625  0.000e+00
     45.534    15.0350   4.001071    32.3167        593     2.4667  0.000e+00
     45.431    15.0360   4.001311    32.3181        594     2.4708  0.000e+00
     45.330    15.0376   4.001331    32.3170        595     2.4750  0.000e+00
     45.240    15.0385   4.001265    32.3157        596     2.4792  0.000e+00
     45.156    15.0385   4.001164    32.3148        597     2.4833  0.000e+00
     45.067    15.0380   4.001331    32.3168        598     2.4875  0.000e+00
     44.983    15.0376   4.001097    32.3150        599     2.4917  0.000e+00
     44.905    15.0368   4.001144    32.3162        600     2.4958  0.000e+00
     44.825    15.0365   4.001666    32.3211        601     2.5000  0.000e+00
     44.742    15.0395   4.001719    32.3192        602     2.5042  0.000e+00
     44.658    15.0424   4.001666    32.3163        603     2.5083  0.000e+00
     44.575    15.0432   4.001619    32.3152        604     2.5125  0.000e+00
     44.485    15.0434   4.001619    32.3152        605     2.5167  0.000e+00
     44.388    15.0430   4.001552    32.3149        606     2.5208  0.000e+00
     44.281    15.0428   4.001451    32.3142        607     2.5250  0.000e+00
     44.177    15.0429   4.001572    32.3152        608     2.5292  0.000e+00
     44.068    15.0430   4.001498    32.3145        609     2.5333  0.000e+00
     43.956    15.0427   4.001358    32.3135        610     2.5375  0.000e+00
     43.857    15.0434   4.001933    32.3182        611     2.5417  0.000e+00
     43.752    15.0463   4.002642    32.3222        612     2.5458  0.000e+00
     43.654    15.0518   4.002889    32.3199        613     2.5500  0.000e+00
     43.564    15.0570   4.002481    32.3120        614     2.5542  0.000e+00
     43.479    15.0580   4.001618    32.3034        615     2.5583  0.000e+00
     43.392    15.0540   4.001451    32.3053        616     2.5625  0.000e+00
     43.313    15.0496   4.001478    32.3092        617     2.5667  0.000e+00
     43.232    15.0472   4.001431    32.3108        618     2.5708  0.000e+00
     43.156    15.0457   4.001498    32.3126        619     2.5750  0.000e+00
     43.082    15.0451   4.001551    32.3137        620     2.5792  0.000e+00
     43.009    15.0451   4.001618    32.3143        621     2.5833  0.000e+00
     42.933    15.0454   4.001785    32.3156        622     2.5875  0.000e+00
     42.848    15.0464   4.001738    32.3144        623     2.5917  0.000e+00
     42.765    15.0472   4.002220    32.3181        624     2.5958  0.000e+00
     42.664    15.0492   4.002119    32.3156        625     2.6000  0.000e+00
