HB2303/sbe133.cnv
* Sea-Bird SBE 19plus V2 Data File:
* FileName = C:\cruise\data\sbe133.hex
* Software Version Seasave V 7.26.7.121
* Temperature SN = 6128
* Conductivity SN = 6128
* System UpLoad Time = Aug 21 2023 08:13:02
* NMEA Latitude = 43 54.34 N
* NMEA Longitude = 068 36.00 W
* NMEA UTC (Time) = Aug 21 2023 08:12:58
** Ship: Henry Bigelow
** Cruise:  HB2303
** Program:  ECOMON
# nquan = 7
# nvalues = 2109                                  
# units = specified
# name 0 = depSM: Depth [salt water, m]
# name 1 = tv290C: Temperature [ITS-90, deg C]
# name 2 = c0S/m: Conductivity [S/m]
# name 3 = sal00: Salinity, Practical [PSU]
# name 4 = scan: Scan Count
# name 5 = timeM: Time, Elapsed [minutes]
# name 6 = flag:  0.000e+00
# span 0 =     -0.170,     88.119                 
# span 1 =    10.0973,    16.4976                 
# span 2 =   0.001309,   3.949435                 
# span 3 =     0.0132,    33.3771                 
# span 4 =         11,       2119                 
# span 5 =     0.0417,     8.8250                 
# span 6 = 0.0000e+00, 0.0000e+00                 
# interval = seconds: 0.25
# start_time = Aug 21 2023 08:12:58 [NMEA time, header]
# bad_flag = -9.990e-29
*END*
[from data line 411]
     52.056    10.6647   3.596539    32.2160        422     1.7542  0.000e+00
     52.233    10.6649   3.596712    32.2175        423     1.7583  0.000e+00
     52.403    10.6656   3.596712    32.2168        424     1.7625  0.000e+00
     52.572    10.6658   3.596584    32.2152        425     1.7667  0.000e+00
     52.733    10.6656   3.596622    32.2157        426     1.7708  0.000e+00
     52.889    10.6652   3.596539    32.2152        427     1.7750  0.000e+00
     53.041    10.6647   3.596315    32.2134        428     1.7792  0.000e+00
     53.186    10.6629   3.596161    32.2133        429     1.7833  0.000e+00
     53.330    10.6603   3.596097    32.2149        430     1.7875  0.000e+00
     53.473    10.6580   3.596097    32.2169        431     1.7917  0.000e+00
     53.616    10.6562   3.596117    32.2186        432     1.7958  0.000e+00
     53.759    10.6553   3.596097    32.2191        433     1.8000  0.000e+00
     53.903    10.6549   3.596053    32.2190        434     1.8042  0.000e+00
     54.040    10.6541   3.596142    32.2205        435     1.8083  0.000e+00
     54.185    10.6538   3.596053    32.2198        436     1.8125  0.000e+00
     54.327    10.6535   3.596072    32.2202        437     1.8167  0.000e+00
     54.471    10.6532   3.596053    32.2202        438     1.8208  0.000e+00
     54.623    10.6534   3.596117    32.2207        439     1.8250  0.000e+00
     54.771    10.6531   3.596143    32.2211        440     1.8292  0.000e+00
     54.921    10.6534   3.596143    32.2208        441     1.8333  0.000e+00
     55.080    10.6535   3.596226    32.2214        442     1.8375  0.000e+00
     55.232    10.6538   3.596181    32.2207        443     1.8417  0.000e+00
     55.385    10.6538   3.596207    32.2209        444     1.8458  0.000e+00
     55.542    10.6537   3.596143    32.2202        445     1.8500  0.000e+00
     55.696    10.6530   3.596162    32.2210        446     1.8542  0.000e+00
     55.854    10.6529   3.596053    32.2199        447     1.8583  0.000e+00
     56.010    10.6521   3.596053    32.2205        448     1.8625  0.000e+00
     56.161    10.6509   3.596073    32.2217        449     1.8667  0.000e+00
     56.322    10.6504   3.596162    32.2230        450     1.8708  0.000e+00
     56.483    10.6503   3.596118    32.2226        451     1.8750  0.000e+00
     56.643    10.6499   3.596182    32.2235        452     1.8792  0.000e+00
     56.804    10.6499   3.596163    32.2232        453     1.8833  0.000e+00
     56.967    10.6494   3.596009    32.2221        454     1.8875  0.000e+00
     57.124    10.6483   3.595964    32.2226        455     1.8917  0.000e+00
     57.277    10.6464   3.595983    32.2243        456     1.8958  0.000e+00
     57.438    10.6447   3.595855    32.2245        457     1.9000  0.000e+00
     57.595    10.6424   3.595855    32.2265        458     1.9042  0.000e+00
     57.750    10.6402   3.595766    32.2275        459     1.9083  0.000e+00
     57.893    10.6380   3.595766    32.2294        460     1.9125  0.000e+00
     58.041    10.6362   3.595702    32.2302        461     1.9167  0.000e+00
     58.181    10.6347   3.595785    32.2323        462     1.9208  0.000e+00
     58.317    10.6340   3.595657    32.2316        463     1.9250  0.000e+00
     58.454    10.6330   3.595612    32.2320        464     1.9292  0.000e+00
     58.582    10.6321   3.595568    32.2323        465     1.9333  0.000e+00
     58.706    10.6309   3.595504    32.2326        466     1.9375  0.000e+00
     58.838    10.6295   3.595549    32.2342        467     1.9417  0.000e+00
     58.965    10.6290   3.595549    32.2347        468     1.9458  0.000e+00
     59.093    10.6286   3.595568    32.2351        469     1.9500  0.000e+00
     59.228    10.6285   3.595568    32.2352        470     1.9542  0.000e+00
     59.363    10.6283   3.595568    32.2353        471     1.9583  0.000e+00
     59.508    10.6281   3.595587    32.2356        472     1.9625  0.000e+00
     59.656    10.6281   3.595613    32.2358        473     1.9667  0.000e+00
     59.813    10.6283   3.595632    32.2358        474     1.9708  0.000e+00
     59.974    10.6283   3.595677    32.2362        475     1.9750  0.000e+00
     60.141    10.6285   3.595722    32.2364        476     1.9792  0.000e+00
     60.311    10.6289   3.595876    32.2374        477     1.9833  0.000e+00
     60.481    10.6298   3.595985    32.2377        478     1.9875  0.000e+00
     60.660    10.6310   3.595966    32.2363        479     1.9917  0.000e+00
     60.831    10.6313   3.595902    32.2353        480     1.9958  0.000e+00
     60.999    10.6309   3.595902    32.2356        481     2.0000  0.000e+00
     61.167    10.6305   3.595857    32.2354        482     2.0042  0.000e+00
     61.329    10.6297   3.595876    32.2363        483     2.0083  0.000e+00
     61.484    10.6290   3.595767    32.2358        484     2.0125  0.000e+00
     61.631    10.6281   3.595588    32.2347        485     2.0167  0.000e+00
     61.772    10.6260   3.595479    32.2354        486     2.0208  0.000e+00
     61.907    10.6239   3.595460    32.2370        487     2.0250  0.000e+00
     62.032    10.6221   3.595479    32.2387        488     2.0292  0.000e+00
     62.159    10.6211   3.595415    32.2390        489     2.0333  0.000e+00
     62.283    10.6199   3.595351    32.2393        490     2.0375  0.000e+00
     62.408    10.6185   3.595307    32.2401        491     2.0417  0.000e+00
     62.534    10.6171   3.595281    32.2410        492     2.0458  0.000e+00
     62.664    10.6158   3.595262    32.2419        493     2.0500  0.000e+00
     62.801    10.6149   3.595236    32.2424        494     2.0542  0.000e+00
     62.938    10.6138   3.595236    32.2432        495     2.0583  0.000e+00
     63.081    10.6131   3.595236    32.2438        496     2.0625  0.000e+00
     63.228    10.6119   3.595217    32.2446        497     2.0667  0.000e+00
     63.381    10.6105   3.595237    32.2460        498     2.0708  0.000e+00
     63.544    10.6095   3.595147    32.2459        499     2.0750  0.000e+00
     63.703    10.6077   3.595109    32.2471        500     2.0792  0.000e+00
     63.867    10.6056   3.595237    32.2501        501     2.0833  0.000e+00
     64.034    10.6044   3.595218    32.2509        502     2.0875  0.000e+00
     64.208    10.6039   3.595237    32.2514        503     2.0917  0.000e+00
     64.369    10.6037   3.595109    32.2503        504     2.0958  0.000e+00
     64.530    10.6027   3.595019    32.2502        505     2.1000  0.000e+00
     64.682    10.6016   3.594949    32.2504        506     2.1042  0.000e+00
     64.827    10.5998   3.594622    32.2487        507     2.1083  0.000e+00
     64.969    10.5962   3.594353    32.2491        508     2.1125  0.000e+00
     65.106    10.5921   3.594270    32.2518        509     2.1167  0.000e+00
     65.234    10.5884   3.594200    32.2544        510     2.1208  0.000e+00
     65.373    10.5858   3.594181    32.2564        511     2.1250  0.000e+00
     65.507    10.5838   3.594072    32.2570        512     2.1292  0.000e+00
     65.635    10.5819   3.594027    32.2582        513     2.1333  0.000e+00
     65.769    10.5805   3.594002    32.2591        514     2.1375  0.000e+00
     65.895    10.5797   3.593938    32.2592        515     2.1417  0.000e+00
     66.028    10.5785   3.593829    32.2591        516     2.1458  0.000e+00
     66.157    10.5773   3.593848    32.2603        517     2.1500  0.000e+00
     66.292    10.5762   3.593829    32.2610        518     2.1542  0.000e+00
     66.426    10.5755   3.593803    32.2614        519     2.1583  0.000e+00
     66.561    10.5748   3.593759    32.2614        520     2.1625  0.000e+00
     66.695    10.5741   3.593784    32.2622        521     2.1667  0.000e+00
     66.837    10.5733   3.593784    32.2629        522     2.1708  0.000e+00
     66.979    10.5727   3.593720    32.2627        523     2.1750  0.000e+00
     67.126    10.5719   3.593676    32.2630        524     2.1792  0.000e+00
     67.272    10.5708   3.593676    32.2638        525     2.1833  0.000e+00
     67.420    10.5700   3.593605    32.2638        526     2.1875  0.000e+00
     67.568    10.5689   3.593676    32.2654        527     2.1917  0.000e+00
     67.725    10.5686   3.593605    32.2649        528     2.1958  0.000e+00
     67.877    10.5678   3.593452    32.2640        529     2.2000  0.000e+00
     68.030    10.5656   3.593433    32.2657        530     2.2042  0.000e+00
     68.180    10.5637   3.593298    32.2659        531     2.2083  0.000e+00
     68.330    10.5615   3.593209    32.2669        532     2.2125  0.000e+00
     68.469    10.5596   3.593125    32.2677        533     2.2167  0.000e+00
     68.613    10.5572   3.592991    32.2685        534     2.2208  0.000e+00
     68.748    10.5546   3.592991    32.2707        535     2.2250  0.000e+00
     68.884    10.5524   3.592838    32.2711        536     2.2292  0.000e+00
     69.018    10.5501   3.592613    32.2708        537     2.2333  0.000e+00
     69.151    10.5467   3.592614    32.2738        538     2.2375  0.000e+00
     69.283    10.5440   3.592569    32.2757        539     2.2417  0.000e+00
     69.413    10.5416   3.592089    32.2729        540     2.2458  0.000e+00
     69.543    10.5373   3.591909    32.2749        541     2.2500  0.000e+00
     69.675    10.5323   3.591756    32.2777        542     2.2542  0.000e+00
     69.808    10.5285   3.591622    32.2797        543     2.2583  0.000e+00
     69.939    10.5254   3.591647    32.2826        544     2.2625  0.000e+00
     70.077    10.5236   3.591667    32.2844        545     2.2667  0.000e+00
     70.212    10.5227   3.591558    32.2840        546     2.2708  0.000e+00
     70.354    10.5219   3.591513    32.2842        547     2.2750  0.000e+00
     70.496    10.5211   3.591468    32.2844        548     2.2792  0.000e+00
     70.644    10.5202   3.591513    32.2856        549     2.2833  0.000e+00
     70.791    10.5200   3.591622    32.2868        550     2.2875  0.000e+00
     70.940    10.5202   3.591603    32.2864        551     2.2917  0.000e+00
     71.094    10.5205   3.591539    32.2854        552     2.2958  0.000e+00
     71.240    10.5203   3.591622    32.2863        553     2.3000  0.000e+00
     71.383    10.5204   3.591577    32.2857        554     2.3042  0.000e+00
     71.527    10.5205   3.591539    32.2852        555     2.3083  0.000e+00
     71.666    10.5201   3.591494    32.2850        556     2.3125  0.000e+00
     71.800    10.5198   3.591469    32.2850        557     2.3167  0.000e+00
     71.930    10.5191   3.591450    32.2854        558     2.3208  0.000e+00
     72.061    10.5183   3.591450    32.2860        559     2.3250  0.000e+00
     72.191    10.5180   3.591379    32.2856        560     2.3292  0.000e+00
     72.317    10.5174   3.591450    32.2867        561     2.3333  0.000e+00
     72.449    10.5170   3.591379    32.2863        562     2.3375  0.000e+00
     72.582    10.5165   3.591341    32.2863        563     2.3417  0.000e+00
     72.720    10.5162   3.591315    32.2863        564     2.3458  0.000e+00
     72.859    10.5158   3.591251    32.2859        565     2.3500  0.000e+00
     72.999    10.5152   3.591251    32.2864        566     2.3542  0.000e+00
     73.146    10.5146   3.591117    32.2855        567     2.3583  0.000e+00
     73.288    10.5133   3.590829    32.2837        568     2.3625  0.000e+00
     73.435    10.5101   3.590611    32.2843        569     2.3667  0.000e+00
     73.584    10.5062   3.590432    32.2859        570     2.3708  0.000e+00
     73.729    10.5024   3.589485    32.2798        571     2.3750  0.000e+00
     73.871    10.4954   3.588979    32.2808        572     2.3792  0.000e+00
     74.012    10.4873   3.588231    32.2805        573     2.3833  0.000e+00
     74.155    10.4786   3.588186    32.2877        574     2.3875  0.000e+00
     74.285    10.4719   3.587770    32.2894        575     2.3917  0.000e+00
     74.410    10.4659   3.587482    32.2918        576     2.3958  0.000e+00
     74.531    10.4608   3.587329    32.2947        577     2.4000  0.000e+00
     74.647    10.4567   3.587310    32.2981        578     2.4042  0.000e+00
     74.763    10.4544   3.587239    32.2994        579     2.4083  0.000e+00
     74.877    10.4527   3.587265    32.3011        580     2.4125  0.000e+00
     74.994    10.4514   3.587201    32.3015        581     2.4167  0.000e+00
     75.117    10.4506   3.587112    32.3014        582     2.4208  0.000e+00
     75.241    10.4496   3.587067    32.3018        583     2.4250  0.000e+00
     75.370    10.4486   3.586933    32.3012        584     2.4292  0.000e+00
     75.509    10.4470   3.586075    32.2940        585     2.4333  0.000e+00
     75.650    10.4409   3.585243    32.2910        586     2.4375  0.000e+00
     75.794    10.4311   3.584930    32.2965        587     2.4417  0.000e+00
     75.944    10.4223   3.584470    32.2996        588     2.4458  0.000e+00
     76.096    10.4141   3.583964    32.3018        589     2.4500  0.000e+00
     76.243    10.4058   3.583811    32.3075        590     2.4542  0.000e+00
     76.391    10.3993   3.583856    32.3137        591     2.4583  0.000e+00
     76.539    10.3955   3.583722    32.3156        592     2.4625  0.000e+00
     76.686    10.3929   3.583504    32.3157        593     2.4667  0.000e+00
     76.827    10.3903   3.583524    32.3182        594     2.4708  0.000e+00
     76.960    10.3885   3.583370    32.3182        595     2.4750  0.000e+00
     77.093    10.3867   3.583325    32.3193        596     2.4792  0.000e+00
     77.225    10.3850   3.583287    32.3203        597     2.4833  0.000e+00
     77.355    10.3836   3.583370    32.3224        598     2.4875  0.000e+00
     77.488    10.3829   3.583370    32.3229        599     2.4917  0.000e+00
     77.623    10.3827   3.583306    32.3224        600     2.4958  0.000e+00
     77.752    10.3822   3.583370    32.3234        601     2.5000  0.000e+00
     77.888    10.3813   3.583351    32.3240        602     2.5042  0.000e+00
     78.019    10.3807   3.583371    32.3246        603     2.5083  0.000e+00
     78.153    10.3797   3.583262    32.3244        604     2.5125  0.000e+00
     78.282    10.3785   3.583396    32.3267        605     2.5167  0.000e+00
     78.405    10.3779   3.583326    32.3265        606     2.5208  0.000e+00
     78.531    10.3768   3.583172    32.3259        607     2.5250  0.000e+00
     78.649    10.3751   3.582738    32.3230        608     2.5292  0.000e+00
     78.760    10.3715   3.582495    32.3237        609     2.5333  0.000e+00
     78.873    10.3676   3.582098    32.3231        610     2.5375  0.000e+00
     78.985    10.3630   3.581305    32.3193        611     2.5417  0.000e+00
     79.097    10.3558   3.581043    32.3229        612     2.5458  0.000e+00
     79.213    10.3489   3.580449    32.3231        613     2.5500  0.000e+00
     79.334    10.3416   3.579573    32.3208        614     2.5542  0.000e+00
     79.464    10.3324   3.579330    32.3264        615     2.5583  0.000e+00
     79.592    10.3243   3.579113    32.3314        616     2.5625  0.000e+00
     79.727    10.3180   3.578582    32.3316        617     2.5667  0.000e+00
     79.867    10.3115   3.578103    32.3325        618     2.5708  0.000e+00
     80.017    10.3041   3.577617    32.3342        619     2.5750  0.000e+00
     80.161    10.2961   3.577489    32.3399        620     2.5792  0.000e+00
     80.313    10.2899   3.577489    32.3454        621     2.5833  0.000e+00
     80.469    10.2863   3.577534    32.3490        622     2.5875  0.000e+00
     80.619    10.2843   3.577490    32.3502        623     2.5917  0.000e+00
     80.772    10.2826   3.577387    32.3506        624     2.5958  0.000e+00
     80.924    10.2819   3.577311    32.3505        625     2.6000  0.000e+00
