HB2303/sbe135.cnv
* Sea-Bird SBE 19plus V2 Data File:
* FileName = C:\cruise\data\sbe135.hex
* Software Version Seasave V 7.26.7.121
* Temperature SN = 6128
* Conductivity SN = 6128
* System UpLoad Time = Aug 21 2023 12:43:06
* NMEA Latitude = 43 36.90 N
* NMEA Longitude = 069 12.78 W
* NMEA UTC (Time) = Aug 21 2023 12:43:02
** Ship: Henry Bigelow
** Cruise:  HB2303
** Program:  ECOMON
# nquan = 7
# nvalues = 1368                                  
# units = specified
# name 0 = depSM: Depth [salt water, m]
# name 1 = tv290C: Temperature [ITS-90, deg C]
# name 2 = c0S/m: Conductivity [S/m]
# name 3 = sal00: Salinity, Practical [PSU]
# name 4 = scan: Scan Count
# name 5 = timeM: Time, Elapsed [minutes]
# name 6 = flag:  0.000e+00
# span 0 =      3.346,    131.996                 
# span 1 =     6.9311,    17.0859                 
# span 2 =   3.327957,   4.008106                 
# span 3 =    30.7388,    32.8205                 
# span 4 =         11,       1378                 
# span 5 =     0.0417,     5.7375                 
# span 6 = 0.0000e+00, 0.0000e+00                 
# interval = seconds: 0.25
# start_time = Aug 21 2023 12:43:02 [NMEA time, header]
# bad_flag = -9.990e-29
*END*
[from data line 411]
     77.875     8.6338   3.451226    32.5503        422     1.7542  0.000e+00
     78.117     8.6356   3.451554    32.5520        423     1.7583  0.000e+00
     78.359     8.6376   3.451308    32.5475        424     1.7625  0.000e+00
     78.605     8.6374   3.451056    32.5449        425     1.7667  0.000e+00
     78.849     8.6356   3.451245    32.5485        426     1.7708  0.000e+00
     79.084     8.6346   3.451164    32.5484        427     1.7750  0.000e+00
     79.306     8.6333   3.451328    32.5512        428     1.7792  0.000e+00
     79.522     8.6334   3.451176    32.5494        429     1.7833  0.000e+00
     79.727     8.6328   3.450849    32.5465        430     1.7875  0.000e+00
     79.919     8.6305   3.450364    32.5435        431     1.7917  0.000e+00
     80.095     8.6265   3.450269    32.5461        432     1.7958  0.000e+00
     80.264     8.6232   3.449860    32.5447        433     1.8000  0.000e+00
     80.429     8.6194   3.449520    32.5445        434     1.8042  0.000e+00
     80.593     8.6151   3.449343    32.5466        435     1.8083  0.000e+00
     80.766     8.6113   3.449142    32.5479        436     1.8125  0.000e+00
     80.930     8.6081   3.448852    32.5478        437     1.8167  0.000e+00
     81.105     8.6047   3.448991    32.5523        438     1.8208  0.000e+00
     81.289     8.6033   3.449482    32.5586        439     1.8250  0.000e+00
     81.477     8.6041   3.449419    32.5571        440     1.8292  0.000e+00
     81.674     8.6049   3.449079    32.5527        441     1.8333  0.000e+00
     81.878     8.6035   3.448953    32.5526        442     1.8375  0.000e+00
     82.093     8.6016   3.448827    32.5530        443     1.8417  0.000e+00
     82.305     8.5997   3.449098    32.5574        444     1.8458  0.000e+00
     82.521     8.5994   3.449565    32.5625        445     1.8500  0.000e+00
     82.731     8.6017   3.449628    32.5610        446     1.8542  0.000e+00
     82.939     8.6035   3.449124    32.5539        447     1.8583  0.000e+00
     83.161     8.6021   3.448349    32.5470        448     1.8625  0.000e+00
     83.367     8.5974   3.448450    32.5522        449     1.8667  0.000e+00
     83.578     8.5936   3.447310    32.5437        450     1.8708  0.000e+00
     83.790     8.5864   3.447108    32.5481        451     1.8750  0.000e+00
     83.998     8.5797   3.447971    32.5632        452     1.8792  0.000e+00
     84.200     8.5788   3.447593    32.5600        453     1.8833  0.000e+00
     84.404     8.5780   3.446919    32.5536        454     1.8875  0.000e+00
     84.603     8.5728   3.446025    32.5490        455     1.8917  0.000e+00
     84.804     8.5629   3.445490    32.5523        456     1.8958  0.000e+00
     85.003     8.5496   3.445345    32.5630        457     1.9000  0.000e+00
     85.207     8.5370   3.445427    32.5754        458     1.9042  0.000e+00
     85.406     8.5285   3.445868    32.5877        459     1.9083  0.000e+00
     85.605     8.5221   3.446228    32.5973        460     1.9125  0.000e+00
     85.804     8.5178   3.446202    32.6010        461     1.9167  0.000e+00
     86.000     8.5149   3.446184    32.6034        462     1.9208  0.000e+00
     86.192     8.5133   3.446606    32.6092        463     1.9250  0.000e+00
     86.387     8.5121   3.446096    32.6049        464     1.9292  0.000e+00
     86.580     8.5064   3.446310    32.6123        465     1.9333  0.000e+00
     86.773     8.5019   3.446625    32.6196        466     1.9375  0.000e+00
     86.958     8.5007   3.446361    32.6179        467     1.9417  0.000e+00
     87.140     8.4971   3.445573    32.6128        468     1.9458  0.000e+00
     87.324     8.4878   3.445473    32.6203        469     1.9500  0.000e+00
     87.514     8.4798   3.445498    32.6279        470     1.9542  0.000e+00
     87.698     8.4737   3.445744    32.6360        471     1.9583  0.000e+00
     87.879     8.4691   3.445618    32.6389        472     1.9625  0.000e+00
     88.068     8.4648   3.445498    32.6415        473     1.9667  0.000e+00
     88.257     8.4610   3.445618    32.6462        474     1.9708  0.000e+00
     88.459     8.4581   3.445385    32.6463        475     1.9750  0.000e+00
     88.661     8.4549   3.445209    32.6473        476     1.9792  0.000e+00
     88.869     8.4511   3.445304    32.6518        477     1.9833  0.000e+00
     89.086     8.4479   3.444737    32.6487        478     1.9875  0.000e+00
     89.312     8.4421   3.444416    32.6506        479     1.9917  0.000e+00
     89.536     8.4360   3.444567    32.6577        480     1.9958  0.000e+00
     89.764     8.4319   3.443931    32.6547        481     2.0000  0.000e+00
     89.988     8.4260   3.443018    32.6504        482     2.0042  0.000e+00
     90.216     8.4166   3.442786    32.6566        483     2.0083  0.000e+00
     90.447     8.4078   3.441986    32.6562        484     2.0125  0.000e+00
     90.673     8.3980   3.440457    32.6491        485     2.0167  0.000e+00
     90.890     8.3832   3.438972    32.6470        486     2.0208  0.000e+00
     91.103     8.3663   3.439249    32.6655        487     2.0250  0.000e+00
     91.318     8.3548   3.439136    32.6749        488     2.0292  0.000e+00
     91.522     8.3480   3.438865    32.6783        489     2.0333  0.000e+00
     91.726     8.3439   3.438525    32.6784        490     2.0375  0.000e+00
     91.918     8.3381   3.437380    32.6716        491     2.0417  0.000e+00
     92.104     8.3296   3.436959    32.6750        492     2.0458  0.000e+00
     92.283     8.3203   3.436166    32.6751        493     2.0500  0.000e+00
     92.460     8.3112   3.435286    32.6742        494     2.0542  0.000e+00
     92.637     8.3011   3.434600    32.6763        495     2.0583  0.000e+00
     92.806     8.2914   3.434468    32.6839        496     2.0625  0.000e+00
     92.983     8.2835   3.434531    32.6917        497     2.0667  0.000e+00
     93.156     8.2790   3.434626    32.6969        498     2.0708  0.000e+00
     93.332     8.2765   3.433928    32.6917        499     2.0750  0.000e+00
     93.520     8.2720   3.433280    32.6889        500     2.0792  0.000e+00
     93.706     8.2652   3.433192    32.6943        501     2.0833  0.000e+00
     93.897     8.2593   3.433110    32.6988        502     2.0875  0.000e+00
     94.096     8.2556   3.433236    32.7035        503     2.0917  0.000e+00
     94.307     8.2543   3.433507    32.7074        504     2.0958  0.000e+00
     94.523     8.2549   3.433029    32.7018        505     2.1000  0.000e+00
     94.742     8.2526   3.432910    32.7026        506     2.1042  0.000e+00
     94.962     8.2500   3.432111    32.6964        507     2.1083  0.000e+00
     95.189     8.2451   3.431036    32.6895        508     2.1125  0.000e+00
     95.421     8.2361   3.429892    32.6856        509     2.1167  0.000e+00
     95.652     8.2245   3.427993    32.6763        510     2.1208  0.000e+00
     95.883     8.2099   3.428182    32.6917        511     2.1250  0.000e+00
     96.113     8.1998   3.427975    32.6988        512     2.1292  0.000e+00
     96.330     8.1924   3.425530    32.6797        513     2.1333  0.000e+00
     96.545     8.1791   3.426530    32.7025        514     2.1375  0.000e+00
     96.747     8.1715   3.423885    32.6815        515     2.1417  0.000e+00
     96.941     8.1614   3.425041    32.7031        516     2.1458  0.000e+00
     97.125     8.1538   3.422258    32.6806        517     2.1500  0.000e+00
     97.296     8.1414   3.418848    32.6558        518     2.1542  0.000e+00
     97.472     8.1188   3.416645    32.6535        519     2.1583  0.000e+00
     97.633     8.0926   3.415496    32.6656        520     2.1625  0.000e+00
     97.795     8.0698   3.414612    32.6773        521     2.1667  0.000e+00
     97.947     8.0525   3.413646    32.6831        522     2.1708  0.000e+00
     98.106     8.0384   3.413081    32.6903        523     2.1750  0.000e+00
     98.271     8.0274   3.412755    32.6969        524     2.1792  0.000e+00
     98.441     8.0201   3.412341    32.6992        525     2.1833  0.000e+00
     98.612     8.0141   3.409474    32.6743        526     2.1875  0.000e+00
     98.798     7.9993   3.407737    32.6696        527     2.1917  0.000e+00
     98.995     7.9816   3.406509    32.6729        528     2.1958  0.000e+00
     99.215     7.9656   3.407380    32.6970        529     2.2000  0.000e+00
     99.443     7.9575   3.407362    32.7043        530     2.2042  0.000e+00
     99.681     7.9545   3.407650    32.7101        531     2.2083  0.000e+00
     99.931     7.9541   3.407751    32.7114        532     2.2125  0.000e+00
    100.194     7.9544   3.406679    32.6996        533     2.2167  0.000e+00
    100.453     7.9514   3.405744    32.6923        534     2.2208  0.000e+00
    100.714     7.9446   3.406008    32.7013        535     2.2250  0.000e+00
    100.973     7.9400   3.406246    32.7081        536     2.2292  0.000e+00
    101.213     7.9386   3.406660    32.7136        537     2.2333  0.000e+00
    101.441     7.9392   3.406284    32.7090        538     2.2375  0.000e+00
    101.656     7.9376   3.405964    32.7070        539     2.2417  0.000e+00
    101.849     7.9344   3.404523    32.6945        540     2.2458  0.000e+00
    102.024     7.9251   3.400299    32.6581        541     2.2500  0.000e+00
    102.194     7.9028   3.393654    32.6080        542     2.2542  0.000e+00
    102.353     7.8629   3.392640    32.6343        543     2.2583  0.000e+00
    102.512     7.8225   3.384694    32.5871        544     2.2625  0.000e+00
    102.666     7.7711   3.379187    32.5761        545     2.2667  0.000e+00
    102.820     7.7171   3.384758    32.6862        546     2.2708  0.000e+00
    102.983     7.6985   3.385847    32.7153        547     2.2750  0.000e+00
    103.151     7.6966   3.379394    32.6478        548     2.2792  0.000e+00
    103.331     7.6758   3.372934    32.5979        549     2.2833  0.000e+00
    103.519     7.6323   3.371773    32.6261        550     2.2875  0.000e+00
    103.714     7.5945   3.370119    32.6437        551     2.2917  0.000e+00
    103.916     7.5651   3.369719    32.6669        552     2.2958  0.000e+00
    104.130     7.5443   3.370244    32.6920        553     2.3000  0.000e+00
    104.343     7.5338   3.370007    32.6992        554     2.3042  0.000e+00
    104.563     7.5280   3.369127    32.6951        555     2.3083  0.000e+00
    104.787     7.5210   3.367105    32.6798        556     2.3125  0.000e+00
    105.002     7.5067   3.366200    32.6834        557     2.3167  0.000e+00
    105.220     7.4918   3.364484    32.6788        558     2.3208  0.000e+00
    105.433     7.4748   3.361876    32.6666        559     2.3250  0.000e+00
    105.641     7.4525   3.359893    32.6661        560     2.3292  0.000e+00
    105.843     7.4273   3.359301    32.6833        561     2.3333  0.000e+00
    106.038     7.4062   3.357219    32.6807        562     2.3375  0.000e+00
    106.240     7.3841   3.355680    32.6848        563     2.3417  0.000e+00
    106.426     7.3624   3.355100    32.6989        564     2.3458  0.000e+00
    106.621     7.3455   3.355493    32.7190        565     2.3500  0.000e+00
    106.816     7.3367   3.355830    32.7309        566     2.3542  0.000e+00
    107.014     7.3335   3.353194    32.7052        567     2.3583  0.000e+00
    107.218     7.3220   3.351630    32.6991        568     2.3625  0.000e+00
    107.427     7.3034   3.350733    32.7068        569     2.3667  0.000e+00
    107.642     7.2867   3.350858    32.7239        570     2.3708  0.000e+00
    107.857     7.2760   3.351245    32.7381        571     2.3750  0.000e+00
    108.078     7.2714   3.351020    32.7399        572     2.3792  0.000e+00
    108.303     7.2686   3.350778    32.7399        573     2.3833  0.000e+00
    108.534     7.2663   3.351058    32.7449        574     2.3875  0.000e+00
    108.762     7.2645   3.349576    32.7304        575     2.3917  0.000e+00
    108.980     7.2589   3.349750    32.7375        576     2.3958  0.000e+00
    109.192     7.2538   3.349800    32.7428        577     2.4000  0.000e+00
    109.396     7.2515   3.349919    32.7462        578     2.4042  0.000e+00
    109.591     7.2514   3.349595    32.7427        579     2.4083  0.000e+00
    109.773     7.2504   3.348511    32.7318        580     2.4125  0.000e+00
    109.943     7.2441   3.347060    32.7219        581     2.4167  0.000e+00
    110.107     7.2328   3.346544    32.7269        582     2.4208  0.000e+00
    110.270     7.2220   3.346264    32.7340        583     2.4250  0.000e+00
    110.429     7.2138   3.346083    32.7397        584     2.4292  0.000e+00
    110.588     7.2079   3.345840    32.7426        585     2.4333  0.000e+00
    110.741     7.2036   3.345417    32.7420        586     2.4375  0.000e+00
    110.907     7.1987   3.345243    32.7447        587     2.4417  0.000e+00
    111.083     7.1944   3.345218    32.7484        588     2.4458  0.000e+00
    111.261     7.1913   3.345069    32.7496        589     2.4500  0.000e+00
    111.451     7.1885   3.345025    32.7517        590     2.4542  0.000e+00
    111.646     7.1884   3.345723    32.7593        591     2.4583  0.000e+00
    111.854     7.1899   3.345667    32.7572        592     2.4625  0.000e+00
    112.065     7.1905   3.345580    32.7555        593     2.4667  0.000e+00
    112.282     7.1905   3.345617    32.7558        594     2.4708  0.000e+00
    112.504     7.1903   3.345947    32.7595        595     2.4750  0.000e+00
    112.727     7.1913   3.345455    32.7531        596     2.4792  0.000e+00
    112.949     7.1907   3.345051    32.7492        597     2.4833  0.000e+00
    113.163     7.1875   3.344727    32.7486        598     2.4875  0.000e+00
    113.381     7.1839   3.344547    32.7500        599     2.4917  0.000e+00
    113.594     7.1808   3.344279    32.7499        600     2.4958  0.000e+00
    113.804     7.1775   3.344198    32.7521        601     2.5000  0.000e+00
    114.001     7.1748   3.343831    32.7505        602     2.5042  0.000e+00
    114.203     7.1719   3.343122    32.7455        603     2.5083  0.000e+00
    114.400     7.1666   3.342574    32.7445        604     2.5125  0.000e+00
    114.595     7.1605   3.342101    32.7450        605     2.5167  0.000e+00
    114.798     7.1544   3.342213    32.7520        606     2.5208  0.000e+00
    114.996     7.1506   3.342444    32.7579        607     2.5250  0.000e+00
    115.191     7.1496   3.341865    32.7525        608     2.5292  0.000e+00
    115.388     7.1470   3.341467    32.7505        609     2.5333  0.000e+00
    115.589     7.1432   3.341336    32.7527        610     2.5375  0.000e+00
    115.780     7.1396   3.341324    32.7558        611     2.5417  0.000e+00
    115.973     7.1369   3.341318    32.7582        612     2.5458  0.000e+00
    116.161     7.1357   3.341648    32.7628        613     2.5500  0.000e+00
    116.344     7.1361   3.341592    32.7617        614     2.5542  0.000e+00
    116.521     7.1369   3.341530    32.7603        615     2.5583  0.000e+00
    116.701     7.1366   3.341057    32.7553        616     2.5625  0.000e+00
    116.877     7.1345   3.340335    32.7494        617     2.5667  0.000e+00
    117.056     7.1301   3.340043    32.7503        618     2.5708  0.000e+00
    117.234     7.1253   3.340099    32.7553        619     2.5750  0.000e+00
    117.417     7.1225   3.339950    32.7563        620     2.5792  0.000e+00
    117.596     7.1204   3.339943    32.7581        621     2.5833  0.000e+00
    117.789     7.1189   3.340311    32.7634        622     2.5875  0.000e+00
    117.983     7.1194   3.340379    32.7636        623     2.5917  0.000e+00
    118.177     7.1204   3.340329    32.7621        624     2.5958  0.000e+00
    118.378     7.1208   3.340081    32.7589        625     2.6000  0.000e+00
