HB2303/sbe173.cnv
* Sea-Bird SBE 19plus V2 Data File:
* FileName = C:\cruise\data\sbe173.hex
* Software Version Seasave V 7.26.7.121
* Temperature SN = 6128
* Conductivity SN = 6128
* System UpLoad Time = Aug 24 2023 15:03:04
* NMEA Latitude = 40 58.69 N
* NMEA Longitude = 070 30.81 W
* NMEA UTC (Time) = Aug 24 2023 15:03:00
** Ship: Henry Bigelow
** Cruise:  HB2303
** Program:  ECOMON
# nquan = 7
# nvalues = 1555                                  
# units = specified
# name 0 = depSM: Depth [salt water, m]
# name 1 = tv290C: Temperature [ITS-90, deg C]
# name 2 = c0S/m: Conductivity [S/m]
# name 3 = sal00: Salinity, Practical [PSU]
# name 4 = scan: Scan Count
# name 5 = timeM: Time, Elapsed [minutes]
# name 6 = flag:  0.000e+00
# span 0 =      0.004,     40.867                 
# span 1 =    11.4884,    25.4694                 
# span 2 =   0.013014,   4.757673                 
# span 3 =     0.0648,    33.7953                 
# span 4 =         11,       1565                 
# span 5 =     0.0417,     6.5167                 
# span 6 = 0.0000e+00, 0.0000e+00                 
# interval = seconds: 0.25
# start_time = Aug 24 2023 15:03:00 [NMEA time, header]
# bad_flag = -9.990e-29
*END*
[from data line 1231]
     10.066    21.1887   4.625990    32.7125       1242     5.1708  0.000e+00
     10.052    21.1875   4.625770    32.7117       1243     5.1750  0.000e+00
     10.043    21.1862   4.625258    32.7087       1244     5.1792  0.000e+00
     10.026    21.1844   4.625606    32.7128       1245     5.1833  0.000e+00
     10.010    21.1836   4.625663    32.7138       1246     5.1875  0.000e+00
      9.997    21.1839   4.625933    32.7157       1247     5.1917  0.000e+00
      9.984    21.1845   4.625500    32.7118       1248     5.1958  0.000e+00
      9.968    21.1841   4.625933    32.7156       1249     5.2000  0.000e+00
      9.948    21.1844   4.625720    32.7137       1250     5.2042  0.000e+00
      9.934    21.1846   4.625578    32.7124       1251     5.2083  0.000e+00
      9.916    21.1842   4.625578    32.7128       1252     5.2125  0.000e+00
      9.897    21.1839   4.625436    32.7118       1253     5.2167  0.000e+00
      9.881    21.1835   4.625500    32.7127       1254     5.2208  0.000e+00
      9.867    21.1834   4.625336    32.7115       1255     5.2250  0.000e+00
      9.856    21.1827   4.625045    32.7097       1256     5.2292  0.000e+00
      9.837    21.1818   4.624598    32.7068       1257     5.2333  0.000e+00
      9.814    21.1798   4.624434    32.7070       1258     5.2375  0.000e+00
      9.795    21.1785   4.623511    32.7008       1259     5.2417  0.000e+00
      9.774    21.1758   4.623270    32.7009       1260     5.2458  0.000e+00
      9.745    21.1731   4.623185    32.7023       1261     5.2500  0.000e+00
      9.727    21.1714   4.623227    32.7040       1262     5.2542  0.000e+00
      9.699    21.1704   4.622915    32.7023       1263     5.2583  0.000e+00
      9.679    21.1694   4.622915    32.7030       1264     5.2625  0.000e+00
      9.667    21.1687   4.622858    32.7031       1265     5.2667  0.000e+00
      9.645    21.1682   4.622617    32.7016       1266     5.2708  0.000e+00
      9.629    21.1674   4.622453    32.7009       1267     5.2750  0.000e+00
      9.614    21.1663   4.622340    32.7008       1268     5.2792  0.000e+00
      9.601    21.1653   4.621963    32.6986       1269     5.2833  0.000e+00
      9.598    21.1640   4.621963    32.6997       1270     5.2875  0.000e+00
      9.585    21.1629   4.622105    32.7016       1271     5.2917  0.000e+00
      9.574    21.1624   4.622098    32.7020       1272     5.2958  0.000e+00
      9.563    21.1626   4.622127    32.7021       1273     5.3000  0.000e+00
      9.552    21.1626   4.622056    32.7014       1274     5.3042  0.000e+00
      9.543    21.1625   4.621694    32.6987       1275     5.3083  0.000e+00
      9.534    21.1616   4.621608    32.6987       1276     5.3125  0.000e+00
      9.518    21.1608   4.621694    32.6999       1277     5.3167  0.000e+00
      9.499    21.1603   4.621580    32.6995       1278     5.3208  0.000e+00
      9.487    21.1601   4.621772    32.7011       1279     5.3250  0.000e+00
      9.467    21.1602   4.621559    32.6994       1280     5.3292  0.000e+00
      9.445    21.1602   4.621637    32.7000       1281     5.3333  0.000e+00
      9.425    21.1599   4.621580    32.6998       1282     5.3375  0.000e+00
      9.401    21.1599   4.621353    32.6980       1283     5.3417  0.000e+00
      9.378    21.1592   4.620771    32.6939       1284     5.3458  0.000e+00
      9.358    21.1575   4.620331    32.6917       1285     5.3500  0.000e+00
      9.332    21.1550   4.618961    32.6828       1286     5.3542  0.000e+00
      9.314    21.1507   4.618677    32.6839       1287     5.3583  0.000e+00
      9.294    21.1463   4.616342    32.6687       1288     5.3625  0.000e+00
      9.274    21.1391   4.617378    32.6825       1289     5.3667  0.000e+00
      9.254    21.1350   4.617293    32.6849       1290     5.3708  0.000e+00
      9.239    21.1336   4.616420    32.6791       1291     5.3750  0.000e+00
      9.221    21.1308   4.616441    32.6814       1292     5.3792  0.000e+00
      9.208    21.1289   4.617130    32.6883       1293     5.3833  0.000e+00
      9.196    21.1293   4.616264    32.6811       1294     5.3875  0.000e+00
      9.178    21.1281   4.615072    32.6726       1295     5.3917  0.000e+00
      9.156    21.1241   4.616207    32.6846       1296     5.3958  0.000e+00
      9.145    21.1231   4.616264    32.6859       1297     5.4000  0.000e+00
      9.131    21.1238   4.614916    32.6747       1298     5.4042  0.000e+00
      9.116    21.1216   4.614604    32.6739       1299     5.4083  0.000e+00
      9.098    21.1191   4.615498    32.6829       1300     5.4125  0.000e+00
      9.083    21.1186   4.615249    32.6813       1301     5.4167  0.000e+00
      9.065    21.1187   4.614121    32.6723       1302     5.4208  0.000e+00
      9.043    21.1160   4.613958    32.6730       1303     5.4250  0.000e+00
      9.025    21.1132   4.613256    32.6697       1304     5.4292  0.000e+00
      9.003    21.1104   4.612653    32.6670       1305     5.4333  0.000e+00
      8.980    21.1069   4.612440    32.6680       1306     5.4375  0.000e+00
      8.949    21.1038   4.612057    32.6673       1307     5.4417  0.000e+00
      8.929    21.1017   4.612242    32.6704       1308     5.4458  0.000e+00
      8.900    21.1003   4.610922    32.6610       1309     5.4500  0.000e+00
      8.871    21.0971   4.610376    32.6592       1310     5.4542  0.000e+00
      8.846    21.0928   4.610064    32.6600       1311     5.4583  0.000e+00
      8.806    21.0893   4.609780    32.6604       1312     5.4625  0.000e+00
      8.777    21.0865   4.609674    32.6617       1313     5.4667  0.000e+00
      8.746    21.0844   4.609887    32.6650       1314     5.4708  0.000e+00
      8.717    21.0838   4.610270    32.6685       1315     5.4750  0.000e+00
      8.694    21.0842   4.609539    32.6624       1316     5.4792  0.000e+00
      8.668    21.0836   4.609419    32.6619       1317     5.4833  0.000e+00
      8.652    21.0823   4.609348    32.6623       1318     5.4875  0.000e+00
      8.639    21.0813   4.608696    32.6580       1319     5.4917  0.000e+00
      8.628    21.0792   4.608185    32.6555       1320     5.4958  0.000e+00
      8.617    21.0766   4.607944    32.6556       1321     5.5000  0.000e+00
      8.612    21.0741   4.607696    32.6556       1322     5.5042  0.000e+00
      8.610    21.0719   4.607753    32.6577       1323     5.5083  0.000e+00
      8.597    21.0708   4.607270    32.6547       1324     5.5125  0.000e+00
      8.586    21.0690   4.607157    32.6551       1325     5.5167  0.000e+00
      8.579    21.0673   4.607100    32.6560       1326     5.5208  0.000e+00
      8.559    21.0664   4.607164    32.6572       1327     5.5250  0.000e+00
      8.533    21.0655   4.606859    32.6555       1328     5.5292  0.000e+00
      8.504    21.0649   4.606611    32.6540       1329     5.5333  0.000e+00
      8.473    21.0637   4.606264    32.6522       1330     5.5375  0.000e+00
      8.441    21.0618   4.606101    32.6524       1331     5.5417  0.000e+00
      8.405    21.0604   4.606044    32.6529       1332     5.5458  0.000e+00
      8.365    21.0594   4.605852    32.6523       1333     5.5500  0.000e+00
      8.323    21.0584   4.605945    32.6538       1334     5.5542  0.000e+00
      8.291    21.0578   4.605420    32.6500       1335     5.5583  0.000e+00
      8.256    21.0565   4.605122    32.6487       1336     5.5625  0.000e+00
      8.215    21.0550   4.604810    32.6474       1337     5.5667  0.000e+00
      8.180    21.0532   4.604449    32.6459       1338     5.5708  0.000e+00
      8.144    21.0511   4.603747    32.6419       1339     5.5750  0.000e+00
      8.103    21.0485   4.603343    32.6407       1340     5.5792  0.000e+00
      8.070    21.0452   4.603180    32.6420       1341     5.5833  0.000e+00
      8.034    21.0428   4.603017    32.6425       1342     5.5875  0.000e+00
      8.000    21.0412   4.603230    32.6454       1343     5.5917  0.000e+00
      7.962    21.0406   4.602946    32.6436       1344     5.5958  0.000e+00
      7.929    21.0396   4.602989    32.6447       1345     5.6000  0.000e+00
      7.889    21.0390   4.601933    32.6369       1346     5.6042  0.000e+00
      7.862    21.0367   4.601805    32.6376       1347     5.6083  0.000e+00
      7.826    21.0344   4.601855    32.6398       1348     5.6125  0.000e+00
      7.809    21.0328   4.601933    32.6416       1349     5.6167  0.000e+00
      7.775    21.0323   4.601692    32.6401       1350     5.6208  0.000e+00
      7.753    21.0315   4.601579    32.6398       1351     5.6250  0.000e+00
      7.737    21.0307   4.601394    32.6390       1352     5.6292  0.000e+00
      7.721    21.0298   4.601175    32.6379       1353     5.6333  0.000e+00
      7.711    21.0287   4.601160    32.6387       1354     5.6375  0.000e+00
      7.702    21.0281   4.601338    32.6405       1355     5.6417  0.000e+00
      7.704    21.0279   4.601394    32.6411       1356     5.6458  0.000e+00
      7.694    21.0283   4.601068    32.6382       1357     5.6500  0.000e+00
      7.681    21.0275   4.600905    32.6375       1358     5.6542  0.000e+00
      7.676    21.0266   4.600827    32.6376       1359     5.6583  0.000e+00
      7.669    21.0258   4.600799    32.6380       1360     5.6625  0.000e+00
      7.651    21.0251   4.600643    32.6373       1361     5.6667  0.000e+00
      7.622    21.0246   4.600424    32.6359       1362     5.6708  0.000e+00
      7.589    21.0236   4.600126    32.6344       1363     5.6750  0.000e+00
      7.548    21.0224   4.600098    32.6351       1364     5.6792  0.000e+00
      7.495    21.0215   4.600126    32.6360       1365     5.6833  0.000e+00
      7.437    21.0213   4.600147    32.6363       1366     5.6875  0.000e+00
      7.379    21.0212   4.600175    32.6367       1367     5.6917  0.000e+00
      7.317    21.0211   4.600204    32.6370       1368     5.6958  0.000e+00
      7.254    21.0213   4.600147    32.6364       1369     5.7000  0.000e+00
      7.186    21.0214   4.600147    32.6363       1370     5.7042  0.000e+00
      7.117    21.0214   4.600126    32.6362       1371     5.7083  0.000e+00
      7.045    21.0212   4.599587    32.6321       1372     5.7125  0.000e+00
      6.980    21.0198   4.598369    32.6235       1373     5.7167  0.000e+00
      6.918    21.0164   4.597504    32.6193       1374     5.7208  0.000e+00
      6.868    21.0118   4.596668    32.6161       1375     5.7250  0.000e+00
      6.812    21.0068   4.596612    32.6195       1376     5.7292  0.000e+00
      6.774    21.0031   4.596208    32.6191       1377     5.7333  0.000e+00
      6.741    21.0005   4.595854    32.6183       1378     5.7375  0.000e+00
      6.714    20.9977   4.595245    32.6157       1379     5.7417  0.000e+00
      6.681    20.9951   4.595266    32.6178       1380     5.7458  0.000e+00
      6.658    20.9933   4.594969    32.6169       1381     5.7500  0.000e+00
      6.640    20.9912   4.594969    32.6184       1382     5.7542  0.000e+00
      6.623    20.9900   4.594785    32.6179       1383     5.7583  0.000e+00
      6.605    20.9890   4.594586    32.6171       1384     5.7625  0.000e+00
      6.590    20.9876   4.594423    32.6169       1385     5.7667  0.000e+00
      6.576    20.9865   4.594268    32.6165       1386     5.7708  0.000e+00
      6.560    20.9855   4.594268    32.6173       1387     5.7750  0.000e+00
      6.547    20.9848   4.594239    32.6176       1388     5.7792  0.000e+00
      6.534    20.9844   4.594239    32.6179       1389     5.7833  0.000e+00
      6.520    20.9841   4.594140    32.6174       1390     5.7875  0.000e+00
      6.492    20.9836   4.594076    32.6172       1391     5.7917  0.000e+00
      6.462    20.9835   4.593999    32.6167       1392     5.7958  0.000e+00
      6.422    20.9831   4.593942    32.6166       1393     5.8000  0.000e+00
      6.377    20.9827   4.593878    32.6164       1394     5.8042  0.000e+00
      6.314    20.9823   4.593567    32.6142       1395     5.8083  0.000e+00
      6.263    20.9812   4.593588    32.6152       1396     5.8125  0.000e+00
      6.205    20.9809   4.593751    32.6168       1397     5.8167  0.000e+00
      6.138    20.9812   4.593913    32.6179       1398     5.8208  0.000e+00
      6.077    20.9820   4.594239    32.6199       1399     5.8250  0.000e+00
      6.017    20.9837   4.594374    32.6197       1400     5.8292  0.000e+00
      5.954    20.9849   4.593927    32.6152       1401     5.8333  0.000e+00
      5.903    20.9849   4.593212    32.6096       1402     5.8375  0.000e+00
      5.853    20.9835   4.592646    32.6061       1403     5.8417  0.000e+00
      5.816    20.9807   4.591810    32.6017       1404     5.8458  0.000e+00
      5.773    20.9769   4.591506    32.6021       1405     5.8500  0.000e+00
      5.729    20.9732   4.591435    32.6045       1406     5.8542  0.000e+00
      5.689    20.9710   4.591407    32.6059       1407     5.8583  0.000e+00
      5.644    20.9695   4.591194    32.6054       1408     5.8625  0.000e+00
      5.604    20.9688   4.591053    32.6048       1409     5.8667  0.000e+00
      5.559    20.9675   4.591003    32.6054       1410     5.8708  0.000e+00
      5.527    20.9672   4.591053    32.6061       1411     5.8750  0.000e+00
      5.490    20.9668   4.591223    32.6077       1412     5.8792  0.000e+00
      5.459    20.9672   4.591301    32.6081       1413     5.8833  0.000e+00
      5.438    20.9676   4.591301    32.6077       1414     5.8875  0.000e+00
      5.414    20.9681   4.591350    32.6077       1415     5.8917  0.000e+00
      5.396    20.9685   4.591300    32.6071       1416     5.8958  0.000e+00
      5.381    20.9686   4.591378    32.6076       1417     5.9000  0.000e+00
      5.365    20.9689   4.591003    32.6044       1418     5.9042  0.000e+00
      5.342    20.9682   4.590515    32.6010       1419     5.9083  0.000e+00
      5.316    20.9664   4.590394    32.6015       1420     5.9125  0.000e+00
      5.293    20.9648   4.589793    32.5979       1421     5.9167  0.000e+00
      5.264    20.9628   4.588766    32.5913       1422     5.9208  0.000e+00
      5.221    20.9586   4.587924    32.5879       1423     5.9250  0.000e+00
      5.186    20.9538   4.586586    32.5809       1424     5.9292  0.000e+00
      5.137    20.9475   4.586501    32.5850       1425     5.9333  0.000e+00
      5.094    20.9428   4.586502    32.5886       1426     5.9375  0.000e+00
      5.052    20.9403   4.586402    32.5897       1427     5.9417  0.000e+00
      5.009    20.9387   4.586395    32.5909       1428     5.9458  0.000e+00
      4.962    20.9378   4.586367    32.5914       1429     5.9500  0.000e+00
      4.929    20.9373   4.586558    32.5933       1430     5.9542  0.000e+00
      4.893    20.9376   4.586742    32.5946       1431     5.9583  0.000e+00
      4.857    20.9383   4.586905    32.5954       1432     5.9625  0.000e+00
      4.830    20.9395   4.587202    32.5968       1433     5.9667  0.000e+00
      4.804    20.9413   4.587528    32.5980       1434     5.9708  0.000e+00
      4.777    20.9434   4.587641    32.5974       1435     5.9750  0.000e+00
      4.752    20.9453   4.587825    32.5974       1436     5.9792  0.000e+00
      4.728    20.9470   4.587988    32.5973       1437     5.9833  0.000e+00
      4.697    20.9484   4.588143    32.5976       1438     5.9875  0.000e+00
      4.670    20.9500   4.588179    32.5966       1439     5.9917  0.000e+00
      4.650    20.9510   4.588334    32.5971       1440     5.9958  0.000e+00
      4.621    20.9519   4.588497    32.5977       1441     6.0000  0.000e+00
      4.590    20.9533   4.588547    32.5970       1442     6.0042  0.000e+00
      4.557    20.9543   4.588900    32.5991       1443     6.0083  0.000e+00
      4.532    20.9555   4.589092    32.5997       1444     6.0125  0.000e+00
      4.491    20.9574   4.589169    32.5989       1445     6.0167  0.000e+00
