HB2303/sbe101.cnv
* Sea-Bird SBE 19plus V2 Data File:
* FileName = C:\cruise\data\sbe101.hex
* Software Version Seasave V 7.26.7.121
* Temperature SN = 6128
* Conductivity SN = 6128
* System UpLoad Time = Aug 18 2023 09:16:34
* NMEA Latitude = 41 48.81 N
* NMEA Longitude = 066 06.50 W
* NMEA UTC (Time) = Aug 18 2023 09:16:30
** Ship: Henry Bigelow
** Cruise:  HB2303
** Program:  ECOMON
# nquan = 7
# nvalues = 1847                                  
# units = specified
# name 0 = depSM: Depth [salt water, m]
# name 1 = tv290C: Temperature [ITS-90, deg C]
# name 2 = c0S/m: Conductivity [S/m]
# name 3 = sal00: Salinity, Practical [PSU]
# name 4 = scan: Scan Count
# name 5 = timeM: Time, Elapsed [minutes]
# name 6 = flag:  0.000e+00
# span 0 =     -0.200,     87.547                 
# span 1 =     8.0330,    19.6854                 
# span 2 =  -0.048184,   4.178746                 
# span 3 =     0.0000,    33.8236                 
# span 4 =         11,       1857                 
# span 5 =     0.0417,     7.7333                 
# span 6 = 0.0000e+00, 0.0000e+00                 
# interval = seconds: 0.25
# start_time = Aug 18 2023 09:16:30 [NMEA time, header]
# bad_flag = -9.990e-29
*END*
[from data line 206]
     23.196    10.6493   3.595401    32.2306        217     0.9000  0.000e+00
     23.377    10.6507   3.592949    32.2048        218     0.9042  0.000e+00
     23.558    10.6432   3.588365    32.1657        219     0.9083  0.000e+00
     23.738    10.6189   3.587508    32.1785        220     0.9125  0.000e+00
     23.928    10.5947   3.587201    32.1967        221     0.9167  0.000e+00
     24.112    10.5788   3.585506    32.1937        222     0.9208  0.000e+00
     24.294    10.5632   3.584079    32.1932        223     0.9250  0.000e+00
     24.465    10.5463   3.580977    32.1771        224     0.9292  0.000e+00
     24.633    10.5224   3.577512    32.1635        225     0.9333  0.000e+00
     24.795    10.4903   3.575819    32.1748        226     0.9375  0.000e+00
     24.954    10.4597   3.575295    32.1966        227     0.9417  0.000e+00
     25.107    10.4388   3.575251    32.2146        228     0.9458  0.000e+00
     25.257    10.4258   3.574132    32.2148        229     0.9500  0.000e+00
     25.410    10.4154   3.573673    32.2193        230     0.9542  0.000e+00
     25.562    10.4060   3.573500    32.2259        231     0.9583  0.000e+00
     25.710    10.4001   3.572076    32.2168        232     0.9625  0.000e+00
     25.865    10.3914   3.571201    32.2156        233     0.9667  0.000e+00
     26.018    10.3807   3.570172    32.2147        234     0.9708  0.000e+00
     26.191    10.3694   3.568946    32.2124        235     0.9750  0.000e+00
     26.372    10.3557   3.567752    32.2125        236     0.9792  0.000e+00
     26.562    10.3395   3.566756    32.2168        237     0.9833  0.000e+00
     26.762    10.3232   3.565269    32.2162        238     0.9875  0.000e+00
     26.977    10.3060   3.565052    32.2292        239     0.9917  0.000e+00
     27.201    10.2922   3.564727    32.2381        240     0.9958  0.000e+00
     27.434    10.2827   3.563872    32.2378        241     1.0000  0.000e+00
     27.676    10.2723   3.561185    32.2200        242     1.0042  0.000e+00
     27.918    10.2540   3.557830    32.2023        243     1.0083  0.000e+00
     28.153    10.2251   3.554342    32.1928        244     1.0125  0.000e+00
     28.382    10.1879   3.552755    32.2097        245     1.0167  0.000e+00
     28.603    10.1537   3.547950    32.1916        246     1.0208  0.000e+00
     28.834    10.1108   3.545581    32.2057        247     1.0250  0.000e+00
     29.051    10.0664   3.535306    32.1414        248     1.0292  0.000e+00
     29.230     9.9959   3.531802    32.1686        249     1.0333  0.000e+00
     29.382     9.9219   3.529558    32.2118        250     1.0375  0.000e+00
     29.508     9.8642   3.527639    32.2438        251     1.0417  0.000e+00
     29.602     9.8199   3.526730    32.2742        252     1.0458  0.000e+00
     29.693     9.7874   3.524875    32.2843        253     1.0500  0.000e+00
     29.779     9.7612   3.523604    32.2949        254     1.0542  0.000e+00
     29.870     9.7392   3.523058    32.3090        255     1.0583  0.000e+00
     29.974     9.7227   3.522334    32.3164        256     1.0625  0.000e+00
     30.075     9.7099   3.522461    32.3292        257     1.0667  0.000e+00
     30.198     9.7019   3.522633    32.3381        258     1.0708  0.000e+00
     30.342     9.6977   3.521858    32.3338        259     1.0750  0.000e+00
     30.492     9.6927   3.520740    32.3269        260     1.0792  0.000e+00
     30.667     9.6841   3.518454    32.3112        261     1.0833  0.000e+00
     30.859     9.6682   3.516543    32.3059        262     1.0875  0.000e+00
     31.071     9.6481   3.516391    32.3224        263     1.0917  0.000e+00
     31.306     9.6325   3.516048    32.3328        264     1.0958  0.000e+00
     31.555     9.6221   3.515813    32.3397        265     1.1000  0.000e+00
     31.812     9.6145   3.515039    32.3385        266     1.1042  0.000e+00
     32.070     9.6086   3.513979    32.3328        267     1.1083  0.000e+00
     32.327     9.5993   3.512742    32.3285        268     1.1125  0.000e+00
     32.569     9.5876   3.511257    32.3237        269     1.1167  0.000e+00
     32.811     9.5730   3.508789    32.3115        270     1.1208  0.000e+00
     33.052     9.5529   3.506754    32.3087        271     1.1250  0.000e+00
     33.275     9.5297   3.505961    32.3214        272     1.1292  0.000e+00
     33.493     9.5105   3.504250    32.3210        273     1.1333  0.000e+00
     33.699     9.4913   3.502665    32.3220        274     1.1375  0.000e+00
     33.882     9.4723   3.502215    32.3345        275     1.1417  0.000e+00
     34.062     9.4579   3.499927    32.3239        276     1.1458  0.000e+00
     34.221     9.4397   3.497583    32.3161        277     1.1500  0.000e+00
     34.367     9.4163   3.493112    32.2914        278     1.1542  0.000e+00
     34.512     9.3798   3.489871    32.2909        279     1.1583  0.000e+00
     34.650     9.3361   3.488403    32.3152        280     1.1625  0.000e+00
     34.783     9.2975   3.487296    32.3387        281     1.1667  0.000e+00
     34.910     9.2675   3.485929    32.3517        282     1.1708  0.000e+00
     35.033     9.2425   3.484930    32.3640        283     1.1750  0.000e+00
     35.154     9.2212   3.483912    32.3728        284     1.1792  0.000e+00
     35.283     9.1996   3.483514    32.3881        285     1.1833  0.000e+00
     35.417     9.1804   3.485102    32.4219        286     1.1875  0.000e+00
     35.555     9.1689   3.487468    32.4569        287     1.1917  0.000e+00
     35.700     9.1647   3.491773    32.5051        288     1.1958  0.000e+00
     35.850     9.1681   3.492526    32.5097        289     1.2000  0.000e+00
     36.013     9.1736   3.492558    32.5049        290     1.2042  0.000e+00
     36.185     9.1775   3.491583    32.4913        291     1.2083  0.000e+00
     36.373     9.1797   3.492798    32.5017        292     1.2125  0.000e+00
     36.564     9.1820   3.492729    32.4988        293     1.2167  0.000e+00
     36.769     9.1818   3.492279    32.4942        294     1.2208  0.000e+00
     36.980     9.1774   3.491963    32.4949        295     1.2250  0.000e+00
     37.204     9.1666   3.491558    32.5004        296     1.2292  0.000e+00
     37.428     9.1531   3.490064    32.4972        297     1.2333  0.000e+00
     37.655     9.1343   3.488938    32.5026        298     1.2375  0.000e+00
     37.883     9.1130   3.488659    32.5190        299     1.2417  0.000e+00
     38.103     9.0923   3.488362    32.5348        300     1.2458  0.000e+00
     38.327     9.0733   3.487875    32.5470        301     1.2500  0.000e+00
     38.535     9.0559   3.487838    32.5624        302     1.2542  0.000e+00
     38.732     9.0408   3.487661    32.5743        303     1.2583  0.000e+00
     38.907     9.0261   3.487427    32.5852        304     1.2625  0.000e+00
     39.074     9.0129   3.487129    32.5942        305     1.2667  0.000e+00
     39.221     9.0012   3.486206    32.5952        306     1.2708  0.000e+00
     39.355     8.9881   3.485681    32.6017        307     1.2750  0.000e+00
     39.493     8.9754   3.485447    32.6109        308     1.2792  0.000e+00
     39.623     8.9664   3.484998    32.6144        309     1.2833  0.000e+00
     39.759     8.9597   3.484524    32.6156        310     1.2875  0.000e+00
     39.895     8.9530   3.484062    32.6169        311     1.2917  0.000e+00
     40.034     8.9472   3.483828    32.6197        312     1.2958  0.000e+00
     40.172     8.9423   3.482531    32.6107        313     1.3000  0.000e+00
     40.314     8.9348   3.481640    32.6083        314     1.3042  0.000e+00
     40.456     8.9258   3.481469    32.6146        315     1.3083  0.000e+00
     40.603     8.9188   3.481703    32.6234        316     1.3125  0.000e+00
     40.751     8.9151   3.481450    32.6241        317     1.3167  0.000e+00
     40.904     8.9122   3.481210    32.6242        318     1.3208  0.000e+00
     41.059     8.9096   3.481533    32.6299        319     1.3250  0.000e+00
     41.215     8.9090   3.481236    32.6273        320     1.3292  0.000e+00
     41.380     8.9079   3.479642    32.6116        321     1.3333  0.000e+00
     41.544     8.9019   3.478890    32.6092        322     1.3375  0.000e+00
     41.716     8.8938   3.478075    32.6081        323     1.3417  0.000e+00
     41.895     8.8857   3.477519    32.6097        324     1.3458  0.000e+00
     42.074     8.8784   3.476495    32.6057        325     1.3500  0.000e+00
     42.258     8.8704   3.473639    32.5832        326     1.3542  0.000e+00
     42.438     8.8550   3.471244    32.5723        327     1.3583  0.000e+00
     42.628     8.8341   3.467860    32.5561        328     1.3625  0.000e+00
     42.808     8.8088   3.464748    32.5468        329     1.3667  0.000e+00
     42.993     8.7784   3.461795    32.5438        330     1.3708  0.000e+00
     43.175     8.7475   3.458943    32.5423        331     1.3750  0.000e+00
     43.359     8.7161   3.457859    32.5597        332     1.3792  0.000e+00
     43.545     8.6920   3.457512    32.5783        333     1.3833  0.000e+00
     43.722     8.6752   3.455526    32.5729        334     1.3875  0.000e+00
     43.903     8.6582   3.453717    32.5694        335     1.3917  0.000e+00
     44.079     8.6399   3.453068    32.5794        336     1.3958  0.000e+00
     44.251     8.6248   3.452413    32.5864        337     1.4000  0.000e+00
     44.432     8.6139   3.451014    32.5818        338     1.4042  0.000e+00
     44.591     8.6016   3.449552    32.5777        339     1.4083  0.000e+00
     44.742     8.5877   3.448355    32.5778        340     1.4125  0.000e+00
     44.907     8.5728   3.446522    32.5723        341     1.4167  0.000e+00
     45.060     8.5550   3.443065    32.5523        342     1.4208  0.000e+00
     45.217     8.5269   3.438659    32.5319        343     1.4250  0.000e+00
     45.367     8.4862   3.436281    32.5444        344     1.4292  0.000e+00
     45.522     8.4439   3.435250    32.5725        345     1.4333  0.000e+00
     45.676     8.4108   3.436250    32.6136        346     1.4375  0.000e+00
     45.831     8.3938   3.435949    32.6261        347     1.4417  0.000e+00
     45.970     8.3861   3.436169    32.6355        348     1.4458  0.000e+00
     46.123     8.3829   3.434785    32.6238        349     1.4500  0.000e+00
     46.267     8.3761   3.434955    32.6318        350     1.4542  0.000e+00
     46.409     8.3716   3.432779    32.6130        351     1.4583  0.000e+00
     46.553     8.3594   3.429962    32.5945        352     1.4625  0.000e+00
     46.694     8.3358   3.428938    32.6054        353     1.4667  0.000e+00
     46.839     8.3122   3.427706    32.6142        354     1.4708  0.000e+00
     46.996     8.2922   3.426255    32.6174        355     1.4750  0.000e+00
     47.161     8.2709   3.424703    32.6207        356     1.4792  0.000e+00
     47.325     8.2495   3.424603    32.6394        357     1.4833  0.000e+00
     47.508     8.2340   3.425099    32.6590        358     1.4875  0.000e+00
     47.701     8.2271   3.424930    32.6636        359     1.4917  0.000e+00
     47.908     8.2237   3.425131    32.6688        360     1.4958  0.000e+00
     48.124     8.2219   3.424867    32.6675        361     1.5000  0.000e+00
     48.344     8.2209   3.424452    32.6640        362     1.5042  0.000e+00
     48.578     8.2184   3.423598    32.6571        363     1.5083  0.000e+00
     48.812     8.2131   3.422907    32.6547        364     1.5125  0.000e+00
     49.042     8.2061   3.422059    32.6520        365     1.5167  0.000e+00
     49.264     8.1969   3.422141    32.6614        366     1.5208  0.000e+00
     49.483     8.1902   3.422411    32.6704        367     1.5250  0.000e+00
     49.692     8.1876   3.421538    32.6634        368     1.5292  0.000e+00
     49.876     8.1826   3.420483    32.6568        369     1.5333  0.000e+00
     50.033     8.1732   3.419724    32.6574        370     1.5375  0.000e+00
     50.163     8.1629   3.419014    32.6594        371     1.5417  0.000e+00
     50.270     8.1526   3.418117    32.6595        372     1.5458  0.000e+00
     50.367     8.1413   3.417502    32.6635        373     1.5500  0.000e+00
     50.463     8.1305   3.416824    32.6663        374     1.5542  0.000e+00
     50.552     8.1194   3.416711    32.6753        375     1.5583  0.000e+00
     50.638     8.1111   3.416730    32.6833        376     1.5625  0.000e+00
     50.743     8.1061   3.416824    32.6889        377     1.5667  0.000e+00
     50.851     8.1034   3.416918    32.6923        378     1.5708  0.000e+00
     50.974     8.1022   3.417590    32.7006        379     1.5750  0.000e+00
     51.108     8.1037   3.417835    32.7016        380     1.5792  0.000e+00
     51.262     8.1073   3.417622    32.6960        381     1.5833  0.000e+00
     51.424     8.1087   3.417509    32.6934        382     1.5875  0.000e+00
     51.599     8.1089   3.417502    32.6931        383     1.5917  0.000e+00
     51.790     8.1084   3.417289    32.6912        384     1.5958  0.000e+00
     51.994     8.1071   3.417226    32.6916        385     1.6000  0.000e+00
     52.211     8.1056   3.417088    32.6915        386     1.6042  0.000e+00
     52.438     8.1042   3.417019    32.6920        387     1.6083  0.000e+00
     52.670     8.1027   3.416749    32.6903        388     1.6125  0.000e+00
     52.903     8.1009   3.416304    32.6872        389     1.6167  0.000e+00
     53.141     8.0978   3.416291    32.6898        390     1.6208  0.000e+00
     53.363     8.0950   3.416323    32.6926        391     1.6250  0.000e+00
     53.579     8.0930   3.416128    32.6923        392     1.6292  0.000e+00
     53.786     8.0907   3.416003    32.6931        393     1.6333  0.000e+00
     53.984     8.0871   3.415865    32.6949        394     1.6375  0.000e+00
     54.185     8.0815   3.415878    32.7002        395     1.6417  0.000e+00
     54.376     8.0754   3.415953    32.7066        396     1.6458  0.000e+00
     54.564     8.0704   3.415985    32.7115        397     1.6500  0.000e+00
     54.734     8.0661   3.416041    32.7160        398     1.6542  0.000e+00
     54.900     8.0634   3.416129    32.7194        399     1.6583  0.000e+00
     55.057     8.0622   3.416355    32.7228        400     1.6625  0.000e+00
     55.205     8.0616   3.416324    32.7230        401     1.6667  0.000e+00
     55.340     8.0591   3.416418    32.7263        402     1.6708  0.000e+00
     55.476     8.0555   3.416525    32.7308        403     1.6750  0.000e+00
     55.597     8.0525   3.416607    32.7344        404     1.6792  0.000e+00
     55.727     8.0507   3.416588    32.7358        405     1.6833  0.000e+00
     55.844     8.0492   3.416732    32.7386        406     1.6875  0.000e+00
     55.974     8.0481   3.416814    32.7405        407     1.6917  0.000e+00
     56.104     8.0473   3.416870    32.7418        408     1.6958  0.000e+00
     56.236     8.0469   3.416983    32.7433        409     1.7000  0.000e+00
     56.378     8.0470   3.416827    32.7414        410     1.7042  0.000e+00
     56.528     8.0478   3.416795    32.7403        411     1.7083  0.000e+00
     56.689     8.0484   3.416940    32.7412        412     1.7125  0.000e+00
     56.860     8.0494   3.417159    32.7426        413     1.7167  0.000e+00
     57.032     8.0505   3.417335    32.7433        414     1.7208  0.000e+00
     57.217     8.0518   3.417335    32.7420        415     1.7250  0.000e+00
     57.413     8.0526   3.417442    32.7423        416     1.7292  0.000e+00
     57.616     8.0530   3.417461    32.7420        417     1.7333  0.000e+00
     57.819     8.0529   3.417398    32.7413        418     1.7375  0.000e+00
     58.038     8.0529   3.417398    32.7413        419     1.7417  0.000e+00
     58.245     8.0526   3.417135    32.7386        420     1.7458  0.000e+00
