HB2303/sbe115.cnv
* Sea-Bird SBE 19plus V2 Data File:
* FileName = C:\cruise\data\sbe115.hex
* Software Version Seasave V 7.26.7.121
* Temperature SN = 6128
* Conductivity SN = 6128
* System UpLoad Time = Aug 19 2023 14:46:36
* NMEA Latitude = 42 33.19 N
* NMEA Longitude = 066 25.81 W
* NMEA UTC (Time) = Aug 19 2023 14:46:32
** Ship: Henry Bigelow
** Cruise:  HB2303
** Program:  ECOMON
# nquan = 7
# nvalues = 4696                                  
# units = specified
# name 0 = depSM: Depth [salt water, m]
# name 1 = tv290C: Temperature [ITS-90, deg C]
# name 2 = c0S/m: Conductivity [S/m]
# name 3 = sal00: Salinity, Practical [PSU]
# name 4 = scan: Scan Count
# name 5 = timeM: Time, Elapsed [minutes]
# name 6 = flag:  0.000e+00
# span 0 =     -0.128,    201.962                 
# span 1 =     7.5378,    23.5061                 
# span 2 =   0.000356,   4.370316                 
# span 3 =     0.0117,    35.1381                 
# span 4 =         11,       4706                 
# span 5 =     0.0417,    19.6042                 
# span 6 = 0.0000e+00, 0.0000e+00                 
# interval = seconds: 0.25
# start_time = Aug 19 2023 14:46:32 [NMEA time, header]
# bad_flag = -9.990e-29
*END*
[from data line 2052]
    178.174     9.1124   3.740042    35.0696       2063     8.5917  0.000e+00
    178.142     9.1127   3.739983    35.0687       2064     8.5958  0.000e+00
    178.098     9.1127   3.740003    35.0690       2065     8.6000  0.000e+00
    178.049     9.1126   3.740016    35.0693       2066     8.6042  0.000e+00
    177.996     9.1127   3.740029    35.0693       2067     8.6083  0.000e+00
    177.933     9.1126   3.740003    35.0692       2068     8.6125  0.000e+00
    177.846     9.1126   3.739977    35.0689       2069     8.6167  0.000e+00
    177.753     9.1123   3.739957    35.0691       2070     8.6208  0.000e+00
    177.635     9.1122   3.739957    35.0692       2071     8.6250  0.000e+00
    177.509     9.1121   3.740016    35.0700       2072     8.6292  0.000e+00
    177.371     9.1124   3.740029    35.0699       2073     8.6333  0.000e+00
    177.221     9.1128   3.740042    35.0697       2074     8.6375  0.000e+00
    177.067     9.1130   3.740002    35.0692       2075     8.6417  0.000e+00
    176.913     9.1131   3.740028    35.0694       2076     8.6458  0.000e+00
    176.755     9.1134   3.739911    35.0681       2077     8.6500  0.000e+00
    176.605     9.1132   3.739820    35.0673       2078     8.6542  0.000e+00
    176.465     9.1127   3.739749    35.0671       2079     8.6583  0.000e+00
    176.339     9.1124   3.739709    35.0670       2080     8.6625  0.000e+00
    176.221     9.1120   3.739703    35.0675       2081     8.6667  0.000e+00
    176.125     9.1120   3.739866    35.0692       2082     8.6708  0.000e+00
    176.047     9.1128   3.739931    35.0691       2083     8.6750  0.000e+00
    175.972     9.1134   3.740002    35.0694       2084     8.6792  0.000e+00
    175.922     9.1144   3.740048    35.0688       2085     8.6833  0.000e+00
    175.878     9.1152   3.740087    35.0685       2086     8.6875  0.000e+00
    175.847     9.1159   3.740119    35.0682       2087     8.6917  0.000e+00
    175.825     9.1164   3.740152    35.0680       2088     8.6958  0.000e+00
    175.809     9.1169   3.740191    35.0679       2089     8.7000  0.000e+00
    175.789     9.1172   3.740145    35.0672       2090     8.7042  0.000e+00
    175.776     9.1174   3.740126    35.0668       2091     8.7083  0.000e+00
    175.763     9.1173   3.740145    35.0671       2092     8.7125  0.000e+00
    175.743     9.1173   3.740145    35.0671       2093     8.7167  0.000e+00
    175.717     9.1173   3.740171    35.0674       2094     8.7208  0.000e+00
    175.686     9.1174   3.740256    35.0682       2095     8.7250  0.000e+00
    175.636     9.1177   3.740301    35.0684       2096     8.7292  0.000e+00
    175.584     9.1183   3.740347    35.0683       2097     8.7333  0.000e+00
    175.526     9.1189   3.740444    35.0688       2098     8.7375  0.000e+00
    175.461     9.1194   3.740509    35.0690       2099     8.7417  0.000e+00
    175.374     9.1203   3.740659    35.0697       2100     8.7458  0.000e+00
    175.291     9.1214   3.740835    35.0705       2101     8.7500  0.000e+00
    175.195     9.1229   3.741114    35.0720       2102     8.7542  0.000e+00
    175.084     9.1247   3.741251    35.0717       2103     8.7583  0.000e+00
    174.963     9.1267   3.741368    35.0710       2104     8.7625  0.000e+00
    174.831     9.1283   3.741472    35.0705       2105     8.7667  0.000e+00
    174.690     9.1297   3.741596    35.0706       2106     8.7708  0.000e+00
    174.534     9.1311   3.741739    35.0707       2107     8.7750  0.000e+00
    174.389     9.1326   3.741823    35.0702       2108     8.7792  0.000e+00
    174.217     9.1341   3.741901    35.0697       2109     8.7833  0.000e+00
    174.047     9.1354   3.742038    35.0699       2110     8.7875  0.000e+00
    173.876     9.1366   3.742064    35.0691       2111     8.7917  0.000e+00
    173.704     9.1377   3.742110    35.0686       2112     8.7958  0.000e+00
    173.540     9.1386   3.742201    35.0686       2113     8.8000  0.000e+00
    173.380     9.1397   3.742487    35.0707       2114     8.8042  0.000e+00
    173.227     9.1414   3.743053    35.0749       2115     8.8083  0.000e+00
    173.092     9.1450   3.743808    35.0794       2116     8.8125  0.000e+00
    172.977     9.1502   3.744446    35.0810       2117     8.8167  0.000e+00
    172.886     9.1566   3.744726    35.0777       2118     8.8208  0.000e+00
    172.817     9.1621   3.745305    35.0784       2119     8.8250  0.000e+00
    172.764     9.1675   3.745513    35.0752       2120     8.8292  0.000e+00
    172.744     9.1719   3.745605    35.0718       2121     8.8333  0.000e+00
    172.737     9.1750   3.745618    35.0690       2122     8.8375  0.000e+00
    172.751     9.1768   3.745605    35.0670       2123     8.8417  0.000e+00
    172.787     9.1776   3.745578    35.0660       2124     8.8458  0.000e+00
    172.836     9.1781   3.745618    35.0658       2125     8.8500  0.000e+00
    172.892     9.1781   3.745416    35.0637       2126     8.8542  0.000e+00
    172.944     9.1777   3.745149    35.0613       2127     8.8583  0.000e+00
    172.998     9.1760   3.744582    35.0570       2128     8.8625  0.000e+00
    173.044     9.1727   3.744003    35.0542       2129     8.8667  0.000e+00
    173.079     9.1681   3.743853    35.0572       2130     8.8708  0.000e+00
    173.102     9.1642   3.743749    35.0598       2131     8.8750  0.000e+00
    173.109     9.1614   3.743522    35.0602       2132     8.8792  0.000e+00
    173.098     9.1590   3.743411    35.0614       2133     8.8833  0.000e+00
    173.069     9.1569   3.743378    35.0632       2134     8.8875  0.000e+00
    173.018     9.1557   3.743567    35.0664       2135     8.8917  0.000e+00
    172.937     9.1557   3.743782    35.0687       2136     8.8958  0.000e+00
    172.842     9.1568   3.744212    35.0721       2137     8.9000  0.000e+00
    172.728     9.1594   3.745064    35.0785       2138     8.9042  0.000e+00
    172.598     9.1642   3.745624    35.0797       2139     8.9083  0.000e+00
    172.449     9.1703   3.746041    35.0781       2140     8.9125  0.000e+00
    172.293     9.1758   3.746366    35.0762       2141     8.9167  0.000e+00
    172.123     9.1804   3.747017    35.0785       2142     8.9208  0.000e+00
    171.951     9.1857   3.748014    35.0838       2143     8.9250  0.000e+00
    171.763     9.1931   3.748658    35.0833       2144     8.9292  0.000e+00
    171.574     9.2009   3.748775    35.0770       2145     8.9333  0.000e+00
    171.383     9.2066   3.748879    35.0725       2146     8.9375  0.000e+00
    171.185     9.2104   3.749055    35.0707       2147     8.9417  0.000e+00
    170.995     9.2134   3.749309    35.0705       2148     8.9458  0.000e+00
    170.811     9.2164   3.749524    35.0699       2149     8.9500  0.000e+00
    170.640     9.2194   3.749543    35.0673       2150     8.9542  0.000e+00
    170.481     9.2216   3.749615    35.0659       2151     8.9583  0.000e+00
    170.344     9.2232   3.749719    35.0655       2152     8.9625  0.000e+00
    170.211     9.2246   3.749680    35.0638       2153     8.9667  0.000e+00
    170.108     9.2254   3.749699    35.0633       2154     8.9708  0.000e+00
    170.012     9.2257   3.749751    35.0636       2155     8.9750  0.000e+00
    169.934     9.2263   3.749843    35.0639       2156     8.9792  0.000e+00
    169.876     9.2272   3.750031    35.0651       2157     8.9833  0.000e+00
    169.842     9.2289   3.750031    35.0634       2158     8.9875  0.000e+00
    169.816     9.2297   3.750077    35.0631       2159     8.9917  0.000e+00
    169.810     9.2306   3.750097    35.0624       2160     8.9958  0.000e+00
    169.814     9.2312   3.750168    35.0626       2161     9.0000  0.000e+00
    169.828     9.2316   3.749986    35.0603       2162     9.0042  0.000e+00
    169.855     9.2314   3.750051    35.0611       2163     9.0083  0.000e+00
    169.881     9.2313   3.750097    35.0617       2164     9.0125  0.000e+00
    169.907     9.2314   3.749960    35.0602       2165     9.0167  0.000e+00
    169.937     9.2309   3.749934    35.0604       2166     9.0208  0.000e+00
    169.962     9.2303   3.750097    35.0627       2167     9.0250  0.000e+00
    169.984     9.2308   3.750097    35.0622       2168     9.0292  0.000e+00
    169.998     9.2313   3.750214    35.0629       2169     9.0333  0.000e+00
    169.998     9.2319   3.750253    35.0627       2170     9.0375  0.000e+00
    169.981     9.2328   3.750259    35.0618       2171     9.0417  0.000e+00
    169.940     9.2333   3.750214    35.0610       2172     9.0458  0.000e+00
    169.889     9.2333   3.750227    35.0611       2173     9.0500  0.000e+00
    169.809     9.2336   3.750448    35.0632       2174     9.0542  0.000e+00
    169.718     9.2345   3.750611    35.0640       2175     9.0583  0.000e+00
    169.606     9.2359   3.751021    35.0669       2176     9.0625  0.000e+00
    169.481     9.2392   3.752070    35.0747       2177     9.0667  0.000e+00
    169.340     9.2455   3.752969    35.0780       2178     9.0708  0.000e+00
    169.186     9.2542   3.753256    35.0725       2179     9.0750  0.000e+00
    169.021     9.2611   3.753438    35.0676       2180     9.0792  0.000e+00
    168.854     9.2659   3.753699    35.0657       2181     9.0833  0.000e+00
    168.689     9.2699   3.753972    35.0647       2182     9.0875  0.000e+00
    168.527     9.2733   3.754096    35.0628       2183     9.0917  0.000e+00
    168.371     9.2762   3.754161    35.0607       2184     9.0958  0.000e+00
    168.224     9.2780   3.754181    35.0592       2185     9.1000  0.000e+00
    168.096     9.2793   3.754252    35.0587       2186     9.1042  0.000e+00
    167.985     9.2803   3.754370    35.0591       2187     9.1083  0.000e+00
    167.891     9.2813   3.754474    35.0591       2188     9.1125  0.000e+00
    167.811     9.2823   3.754487    35.0583       2189     9.1167  0.000e+00
    167.751     9.2831   3.754441    35.0571       2190     9.1208  0.000e+00
    167.700     9.2834   3.754448    35.0570       2191     9.1250  0.000e+00
    167.658     9.2836   3.754389    35.0561       2192     9.1292  0.000e+00
    167.611     9.2835   3.754278    35.0551       2193     9.1333  0.000e+00
    167.574     9.2829   3.754408    35.0570       2194     9.1375  0.000e+00
    167.531     9.2830   3.754578    35.0587       2195     9.1417  0.000e+00
    167.484     9.2837   3.754448    35.0568       2196     9.1458  0.000e+00
    167.426     9.2838   3.754415    35.0563       2197     9.1500  0.000e+00
    167.360     9.2838   3.754532    35.0576       2198     9.1542  0.000e+00
    167.284     9.2840   3.754604    35.0581       2199     9.1583  0.000e+00
    167.195     9.2845   3.754623    35.0579       2200     9.1625  0.000e+00
    167.103     9.2852   3.754715    35.0582       2201     9.1667  0.000e+00
    167.001     9.2858   3.754741    35.0579       2202     9.1708  0.000e+00
    166.887     9.2862   3.754858    35.0588       2203     9.1750  0.000e+00
    166.784     9.2871   3.754871    35.0581       2204     9.1792  0.000e+00
    166.664     9.2877   3.754975    35.0586       2205     9.1833  0.000e+00
    166.545     9.2884   3.755066    35.0590       2206     9.1875  0.000e+00
    166.427     9.2893   3.755138    35.0589       2207     9.1917  0.000e+00
    166.311     9.2902   3.755138    35.0580       2208     9.1958  0.000e+00
    166.197     9.2910   3.755314    35.0592       2209     9.2000  0.000e+00
    166.092     9.2920   3.755646    35.0617       2210     9.2042  0.000e+00
    166.000     9.2939   3.755809    35.0616       2211     9.2083  0.000e+00
    165.913     9.2962   3.756063    35.0620       2212     9.2125  0.000e+00
    165.845     9.2987   3.756252    35.0616       2213     9.2167  0.000e+00
    165.785     9.3010   3.756285    35.0597       2214     9.2208  0.000e+00
    165.731     9.3026   3.756343    35.0587       2215     9.2250  0.000e+00
    165.690     9.3038   3.756415    35.0583       2216     9.2292  0.000e+00
    165.646     9.3046   3.756396    35.0574       2217     9.2333  0.000e+00
    165.617     9.3052   3.756369    35.0565       2218     9.2375  0.000e+00
    165.590     9.3055   3.756376    35.0563       2219     9.2417  0.000e+00
    165.563     9.3055   3.756343    35.0559       2220     9.2458  0.000e+00
    165.539     9.3054   3.756415    35.0569       2221     9.2500  0.000e+00
    165.506     9.3057   3.756422    35.0566       2222     9.2542  0.000e+00
    165.477     9.3059   3.756461    35.0568       2223     9.2583  0.000e+00
    165.444     9.3062   3.756441    35.0564       2224     9.2625  0.000e+00
    165.404     9.3063   3.756435    35.0562       2225     9.2667  0.000e+00
    165.357     9.3065   3.756526    35.0570       2226     9.2708  0.000e+00
    165.301     9.3066   3.756506    35.0567       2227     9.2750  0.000e+00
    165.239     9.3069   3.756623    35.0576       2228     9.2792  0.000e+00
    165.158     9.3074   3.756682    35.0578       2229     9.2833  0.000e+00
    165.069     9.3082   3.756760    35.0579       2230     9.2875  0.000e+00
    164.968     9.3090   3.756949    35.0592       2231     9.2917  0.000e+00
    164.845     9.3101   3.757262    35.0614       2232     9.2958  0.000e+00
    164.718     9.3121   3.757529    35.0622       2233     9.3000  0.000e+00
    164.579     9.3147   3.757692    35.0615       2234     9.3042  0.000e+00
    164.437     9.3171   3.757810    35.0604       2235     9.3083  0.000e+00
    164.285     9.3191   3.757875    35.0592       2236     9.3125  0.000e+00
    164.129     9.3206   3.758214    35.0613       2237     9.3167  0.000e+00
    163.977     9.3226   3.758670    35.0642       2238     9.3208  0.000e+00
    163.836     9.3259   3.758781    35.0621       2239     9.3250  0.000e+00
    163.700     9.3285   3.758787    35.0597       2240     9.3292  0.000e+00
    163.577     9.3303   3.758761    35.0577       2241     9.3333  0.000e+00
    163.461     9.3311   3.758787    35.0573       2242     9.3375  0.000e+00
    163.361     9.3316   3.758761    35.0565       2243     9.3417  0.000e+00
    163.265     9.3319   3.758807    35.0568       2244     9.3458  0.000e+00
    163.183     9.3321   3.758722    35.0557       2245     9.3500  0.000e+00
    163.107     9.3320   3.758735    35.0560       2246     9.3542  0.000e+00
    163.038     9.3321   3.758546    35.0540       2247     9.3583  0.000e+00
    162.966     9.3313   3.758246    35.0517       2248     9.3625  0.000e+00
    162.906     9.3301   3.758180    35.0522       2249     9.3667  0.000e+00
    162.843     9.3290   3.758252    35.0541       2250     9.3708  0.000e+00
    162.784     9.3285   3.758246    35.0546       2251     9.3750  0.000e+00
    162.728     9.3282   3.758343    35.0558       2252     9.3792  0.000e+00
    162.677     9.3285   3.758272    35.0548       2253     9.3833  0.000e+00
    162.634     9.3285   3.758363    35.0558       2254     9.3875  0.000e+00
    162.604     9.3285   3.758233    35.0544       2255     9.3917  0.000e+00
    162.581     9.3284   3.758272    35.0550       2256     9.3958  0.000e+00
    162.568     9.3284   3.758435    35.0567       2257     9.4000  0.000e+00
    162.566     9.3288   3.758272    35.0546       2258     9.4042  0.000e+00
    162.569     9.3287   3.758154    35.0535       2259     9.4083  0.000e+00
    162.578     9.3282   3.758141    35.0538       2260     9.4125  0.000e+00
    162.589     9.3277   3.758154    35.0544       2261     9.4167  0.000e+00
    162.599     9.3276   3.758213    35.0551       2262     9.4208  0.000e+00
    162.610     9.3276   3.758317    35.0563       2263     9.4250  0.000e+00
    162.610     9.3277   3.758200    35.0549       2264     9.4292  0.000e+00
    162.608     9.3279   3.758122    35.0540       2265     9.4333  0.000e+00
    162.591     9.3276   3.758226    35.0553       2266     9.4375  0.000e+00
