HB2303/sbe174.cnv
* Sea-Bird SBE 19plus V2 Data File:
* FileName = C:\cruise\data\sbe174.hex
* Software Version Seasave V 7.26.7.121
* Temperature SN = 6128
* Conductivity SN = 6128
* System UpLoad Time = Aug 24 2023 16:27:04
* NMEA Latitude = 40 49.70 N
* NMEA Longitude = 070 18.49 W
* NMEA UTC (Time) = Aug 24 2023 16:27:00
** Ship: Henry Bigelow
** Cruise:  HB2303
** Program:  ECOMON
# nquan = 7
# nvalues = 1453                                  
# units = specified
# name 0 = depSM: Depth [salt water, m]
# name 1 = tv290C: Temperature [ITS-90, deg C]
# name 2 = c0S/m: Conductivity [S/m]
# name 3 = sal00: Salinity, Practical [PSU]
# name 4 = scan: Scan Count
# name 5 = timeM: Time, Elapsed [minutes]
# name 6 = flag:  0.000e+00
# span 0 =     -0.093,     44.028                 
# span 1 =    12.2400,    22.0581                 
# span 2 =   0.002714,   4.697179                 
# span 3 =     0.0203,    34.6824                 
# span 4 =         11,       1463                 
# span 5 =     0.0417,     6.0917                 
# span 6 = 0.0000e+00, 0.0000e+00                 
# interval = seconds: 0.25
# start_time = Aug 24 2023 16:27:00 [NMEA time, header]
# bad_flag = -9.990e-29
*END*
[from data line 1026]
     13.721    18.1402   4.333375    32.7013       1037     4.3167  0.000e+00
     13.708    18.1435   4.334723    32.7101       1038     4.3208  0.000e+00
     13.688    18.1504   4.336534    32.7198       1039     4.3250  0.000e+00
     13.662    18.1593   4.335227    32.7017       1040     4.3292  0.000e+00
     13.631    18.1629   4.332249    32.6737       1041     4.3333  0.000e+00
     13.604    18.1565   4.333748    32.6914       1042     4.3375  0.000e+00
     13.557    18.1534   4.334882    32.7035       1043     4.3417  0.000e+00
     13.512    18.1563   4.337419    32.7226       1044     4.3458  0.000e+00
     13.463    18.1647   4.337142    32.7136       1045     4.3500  0.000e+00
     13.420    18.1718   4.337820    32.7136       1046     4.3542  0.000e+00
     13.363    18.1768   4.337895    32.7103       1047     4.3583  0.000e+00
     13.305    18.1815   4.341671    32.7384       1048     4.3625  0.000e+00
     13.249    18.1931   4.344791    32.7554       1049     4.3667  0.000e+00
     13.191    18.2113   4.345870    32.7500       1050     4.3708  0.000e+00
     13.135    18.2284   4.347558    32.7506       1051     4.3750  0.000e+00
     13.079    18.2432   4.348824    32.7494       1052     4.3792  0.000e+00
     13.026    18.2554   4.349018    32.7414       1053     4.3833  0.000e+00
     12.981    18.2645   4.348139    32.7267       1054     4.3875  0.000e+00
     12.938    18.2677   4.347758    32.7210       1055     4.3917  0.000e+00
     12.902    18.2676   4.349433    32.7351       1056     4.3958  0.000e+00
     12.876    18.2708   4.349017    32.7291       1057     4.4000  0.000e+00
     12.854    18.2735   4.348644    32.7238       1058     4.4042  0.000e+00
     12.842    18.2736   4.349273    32.7291       1059     4.4083  0.000e+00
     12.835    18.2750   4.352049    32.7513       1060     4.4125  0.000e+00
     12.829    18.2837   4.353261    32.7546       1061     4.4167  0.000e+00
     12.834    18.2941   4.354521    32.7568       1062     4.4208  0.000e+00
     12.839    18.3046   4.355227    32.7544       1063     4.4250  0.000e+00
     12.845    18.3133   4.355539    32.7501       1064     4.4292  0.000e+00
     12.857    18.3198   4.355178    32.7419       1065     4.4333  0.000e+00
     12.860    18.3227   4.351495    32.7086       1066     4.4375  0.000e+00
     12.864    18.3132   4.342949    32.6443       1067     4.4417  0.000e+00
     12.855    18.2826   4.341407    32.6557       1068     4.4458  0.000e+00
     12.844    18.2523   4.339982    32.6679       1069     4.4500  0.000e+00
     12.824    18.2305   4.347129    32.7454       1070     4.4542  0.000e+00
     12.790    18.2331   4.349641    32.7645       1071     4.4583  0.000e+00
     12.750    18.2520   4.356267    32.8052       1072     4.4625  0.000e+00
     12.705    18.2820   4.356869    32.7862       1073     4.4667  0.000e+00
     12.648    18.3064   4.353662    32.7398       1074     4.4708  0.000e+00
     12.581    18.3135   4.351834    32.7189       1075     4.4750  0.000e+00
     12.516    18.3075   4.352249    32.7272       1076     4.4792  0.000e+00
     12.440    18.3037   4.352146    32.7294       1077     4.4833  0.000e+00
     12.372    18.3015   4.353433    32.7420       1078     4.4875  0.000e+00
     12.308    18.3037   4.356065    32.7624       1079     4.4917  0.000e+00
     12.252    18.3124   4.355379    32.7496       1080     4.4958  0.000e+00
     12.195    18.3183   4.354368    32.7365       1081     4.5000  0.000e+00
     12.142    18.3185   4.356085    32.7508       1082     4.5042  0.000e+00
     12.091    18.3215   4.357547    32.7607       1083     4.5083  0.000e+00
     12.055    18.3307   4.362889    32.7982       1084     4.5125  0.000e+00
     12.017    18.3502   4.364559    32.7967       1085     4.5167  0.000e+00
     11.972    18.3700   4.360310    32.7452       1086     4.5208  0.000e+00
     11.929    18.3723   4.360005    32.7409       1087     4.5250  0.000e+00
     11.882    18.3686   4.362659    32.7662       1088     4.5292  0.000e+00
     11.844    18.3723   4.364787    32.7810       1089     4.5333  0.000e+00
     11.800    18.3822   4.362056    32.7502       1090     4.5375  0.000e+00
     11.770    18.3824   4.362562    32.7544       1091     4.5417  0.000e+00
     11.730    18.3824   4.366617    32.7884       1092     4.5458  0.000e+00
     11.702    18.3933   4.367698    32.7888       1093     4.5500  0.000e+00
     11.679    18.4059   4.366915    32.7722       1094     4.5542  0.000e+00
     11.664    18.4120   4.364863    32.7501       1095     4.5583  0.000e+00
     11.657    18.4101   4.366644    32.7666       1096     4.5625  0.000e+00
     11.655    18.4101   4.365646    32.7582       1097     4.5667  0.000e+00
     11.653    18.4094   4.363975    32.7447       1098     4.5708  0.000e+00
     11.653    18.4049   4.365119    32.7579       1099     4.5750  0.000e+00
     11.658    18.4024   4.365424    32.7625       1100     4.5792  0.000e+00
     11.666    18.4031   4.365126    32.7594       1101     4.5833  0.000e+00
     11.665    18.4031   4.364308    32.7525       1102     4.5875  0.000e+00
     11.656    18.4010   4.365015    32.7602       1103     4.5917  0.000e+00
     11.640    18.4006   4.367268    32.7794       1104     4.5958  0.000e+00
     11.614    18.4072   4.365847    32.7622       1105     4.6000  0.000e+00
     11.587    18.4101   4.364253    32.7466       1106     4.6042  0.000e+00
     11.545    18.4064   4.368794    32.7876       1107     4.6083  0.000e+00
     11.494    18.4127   4.369224    32.7862       1108     4.6125  0.000e+00
     11.444    18.4223   4.371706    32.7994       1109     4.6167  0.000e+00
     11.395    18.4350   4.371852    32.7905       1110     4.6208  0.000e+00
     11.343    18.4451   4.370874    32.7743       1111     4.6250  0.000e+00
     11.281    18.4476   4.372594    32.7867       1112     4.6292  0.000e+00
     11.229    18.4532   4.372954    32.7853       1113     4.6333  0.000e+00
     11.173    18.4593   4.374168    32.7906       1114     4.6375  0.000e+00
     11.116    18.4666   4.375202    32.7935       1115     4.6417  0.000e+00
     11.060    18.4755   4.380192    32.8282       1116     4.6458  0.000e+00
     11.008    18.4947   4.382330    32.8308       1117     4.6500  0.000e+00
     10.950    18.5172   4.385975    32.8434       1118     4.6542  0.000e+00
     10.902    18.5422   4.389136    32.8500       1119     4.6583  0.000e+00
     10.852    18.5693   4.389601    32.8322       1120     4.6625  0.000e+00
     10.803    18.5887   4.389948    32.8197       1121     4.6667  0.000e+00
     10.763    18.6013   4.390128    32.8112       1122     4.6708  0.000e+00
     10.727    18.6094   4.390302    32.8062       1123     4.6750  0.000e+00
     10.699    18.6145   4.390378    32.8028       1124     4.6792  0.000e+00
     10.671    18.6180   4.390559    32.8016       1125     4.6833  0.000e+00
     10.642    18.6205   4.390691    32.8007       1126     4.6875  0.000e+00
     10.617    18.6227   4.390865    32.8004       1127     4.6917  0.000e+00
     10.591    18.6245   4.391275    32.8024       1128     4.6958  0.000e+00
     10.573    18.6267   4.391351    32.8013       1129     4.7000  0.000e+00
     10.546    18.6286   4.391045    32.7972       1130     4.7042  0.000e+00
     10.517    18.6290   4.390864    32.7954       1131     4.7083  0.000e+00
     10.486    18.6285   4.392240    32.8074       1132     4.7125  0.000e+00
     10.450    18.6316   4.393491    32.8153       1133     4.7167  0.000e+00
     10.419    18.6386   4.394492    32.8181       1134     4.7208  0.000e+00
     10.376    18.6476   4.396077    32.8242       1135     4.7250  0.000e+00
     10.337    18.6587   4.397864    32.8303       1136     4.7292  0.000e+00
     10.298    18.6706   4.399630    32.8356       1137     4.7333  0.000e+00
     10.258    18.6858   4.401369    32.8380       1138     4.7375  0.000e+00
     10.218    18.7008   4.402593    32.8363       1139     4.7417  0.000e+00
     10.185    18.7139   4.402822    32.8278       1140     4.7458  0.000e+00
     10.146    18.7239   4.408361    32.8661       1141     4.7500  0.000e+00
     10.108    18.7450   4.412231    32.8816       1142     4.7542  0.000e+00
     10.077    18.7735   4.414257    32.8758       1143     4.7583  0.000e+00
     10.051    18.7987   4.415134    32.8630       1144     4.7625  0.000e+00
     10.015    18.8181   4.414465    32.8421       1145     4.7667  0.000e+00
      9.982    18.8285   4.415984    32.8465       1146     4.7708  0.000e+00
      9.944    18.8373   4.418498    32.8604       1147     4.7750  0.000e+00
      9.912    18.8499   4.419780    32.8611       1148     4.7792  0.000e+00
      9.874    18.8633   4.420142    32.8534       1149     4.7833  0.000e+00
      9.836    18.8734   4.424310    32.8801       1150     4.7875  0.000e+00
      9.800    18.8902   4.431583    32.9272       1151     4.7917  0.000e+00
      9.766    18.9237   4.437367    32.9486       1152     4.7958  0.000e+00
      9.733    18.9667   4.440675    32.9419       1153     4.8000  0.000e+00
      9.693    19.0053   4.441868    32.9212       1154     4.8042  0.000e+00
      9.651    19.0327   4.442538    32.9050       1155     4.8083  0.000e+00
      9.613    19.0509   4.443907    32.9019       1156     4.8125  0.000e+00
      9.575    19.0643   4.444144    32.8933       1157     4.8167  0.000e+00
      9.539    19.0739   4.444088    32.8852       1158     4.8208  0.000e+00
      9.504    19.0794   4.444346    32.8830       1159     4.8250  0.000e+00
      9.463    19.0831   4.445031    32.8857       1160     4.8292  0.000e+00
      9.419    19.0869   4.446162    32.8921       1161     4.8333  0.000e+00
      9.383    19.0930   4.447664    32.8997       1162     4.8375  0.000e+00
      9.339    19.1013   4.448782    32.9024       1163     4.8417  0.000e+00
      9.303    19.1090   4.448418    32.8933       1164     4.8458  0.000e+00
      9.260    19.1157   4.458799    32.9738       1165     4.8500  0.000e+00
      9.218    19.1458   4.467285    33.0202       1166     4.8542  0.000e+00
      9.181    19.1973   4.471771    33.0163       1167     4.8583  0.000e+00
      9.143    19.2470   4.477983    33.0282       1168     4.8625  0.000e+00
      9.111    19.2966   4.487957    33.0711       1169     4.8667  0.000e+00
      9.077    19.3571   4.495827    33.0880       1170     4.8708  0.000e+00
      9.049    19.4249   4.501765    33.0830       1171     4.8750  0.000e+00
      9.022    19.4887   4.507832    33.0823       1172     4.8792  0.000e+00
      8.997    19.5467   4.511858    33.0695       1173     4.8833  0.000e+00
      8.968    19.5967   4.516926    33.0715       1174     4.8875  0.000e+00
      8.946    19.6440   4.523213    33.0856       1175     4.8917  0.000e+00
      8.923    19.6920   4.528695    33.0926       1176     4.8958  0.000e+00
      8.896    19.7404   4.532278    33.0836       1177     4.9000  0.000e+00
      8.870    19.7835   4.536306    33.0826       1178     4.9042  0.000e+00
      8.839    19.8218   4.539363    33.0773       1179     4.9083  0.000e+00
      8.803    19.8549   4.543132    33.0820       1180     4.9125  0.000e+00
      8.767    19.8856   4.547560    33.0938       1181     4.9167  0.000e+00
      8.720    19.9189   4.553315    33.1145       1182     4.9208  0.000e+00
      8.667    19.9567   4.557852    33.1216       1183     4.9250  0.000e+00
      8.618    19.9964   4.565900    33.1559       1184     4.9292  0.000e+00
      8.561    20.0457   4.579753    33.2296       1185     4.9333  0.000e+00
      8.495    20.1208   4.592285    33.2721       1186     4.9375  0.000e+00
      8.434    20.2111   4.609169    33.3376       1187     4.9417  0.000e+00
      8.376    20.3231   4.629170    33.4110       1188     4.9458  0.000e+00
      8.315    20.4607   4.643642    33.4192       1189     4.9500  0.000e+00
      8.252    20.5961   4.651689    33.3773       1190     4.9542  0.000e+00
      8.188    20.7115   4.659664    33.3508       1191     4.9583  0.000e+00
      8.134    20.8070   4.669035    33.3510       1192     4.9625  0.000e+00
      8.091    20.8961   4.673334    33.3156       1193     4.9667  0.000e+00
      8.049    20.9691   4.678705    33.3015       1194     4.9708  0.000e+00
      8.018    21.0318   4.682594    33.2836       1195     4.9750  0.000e+00
      7.996    21.0840   4.684642    33.2593       1196     4.9792  0.000e+00
      7.975    21.1224   4.685335    33.2349       1197     4.9833  0.000e+00
      7.961    21.1472   4.685820    33.2196       1198     4.9875  0.000e+00
      7.952    21.1626   4.686162    33.2103       1199     4.9917  0.000e+00
      7.952    21.1723   4.686348    33.2043       1200     4.9958  0.000e+00
      7.950    21.1781   4.686633    33.2020       1201     5.0000  0.000e+00
      7.952    21.1823   4.686933    33.2012       1202     5.0042  0.000e+00
      7.953    21.1855   4.687240    33.2011       1203     5.0083  0.000e+00
      7.951    21.1884   4.687669    33.2022       1204     5.0125  0.000e+00
      7.947    21.1911   4.688619    33.2077       1205     5.0167  0.000e+00
      7.932    21.1956   4.690447    33.2187       1206     5.0208  0.000e+00
      7.914    21.2043   4.693077    33.2329       1207     5.0250  0.000e+00
      7.883    21.2183   4.695006    33.2373       1208     5.0292  0.000e+00
      7.850    21.2368   4.697179    33.2402       1209     5.0333  0.000e+00
      7.807    21.2640   4.696306    33.2121       1210     5.0375  0.000e+00
      7.748    21.2913   4.692997    33.1649       1211     5.0417  0.000e+00
      7.686    21.3079   4.691424    33.1396       1212     5.0458  0.000e+00
      7.633    21.3178   4.689810    33.1192       1213     5.0500  0.000e+00
      7.567    21.3224   4.687138    33.0946       1214     5.0542  0.000e+00
      7.498    21.3228   4.681519    33.0498       1215     5.0583  0.000e+00
      7.428    21.3172   4.677600    33.0232       1216     5.0625  0.000e+00
      7.363    21.3073   4.674590    33.0070       1217     5.0667  0.000e+00
      7.294    21.2963   4.671202    32.9887       1218     5.0708  0.000e+00
      7.227    21.2847   4.666824    32.9631       1219     5.0750  0.000e+00
      7.160    21.2726   4.665726    32.9636       1220     5.0792  0.000e+00
      7.093    21.2635   4.664144    32.9582       1221     5.0833  0.000e+00
      7.028    21.2560   4.662320    32.9495       1222     5.0875  0.000e+00
      6.969    21.2500   4.660310    32.9382       1223     5.0917  0.000e+00
      6.911    21.2441   4.659491    32.9363       1224     5.0958  0.000e+00
      6.867    21.2393   4.657297    32.9226       1225     5.1000  0.000e+00
      6.820    21.2343   4.655061    32.9088       1226     5.1042  0.000e+00
      6.793    21.2286   4.654470    32.9085       1227     5.1083  0.000e+00
      6.766    21.2239   4.654192    32.9099       1228     5.1125  0.000e+00
      6.749    21.2214   4.653680    32.9078       1229     5.1167  0.000e+00
      6.740    21.2187   4.653181    32.9059       1230     5.1208  0.000e+00
      6.737    21.2161   4.652776    32.9047       1231     5.1250  0.000e+00
      6.731    21.2138   4.652526    32.9045       1232     5.1292  0.000e+00
      6.727    21.2121   4.652256    32.9036       1233     5.1333  0.000e+00
      6.715    21.2105   4.651978    32.9027       1234     5.1375  0.000e+00
      6.695    21.2091   4.651679    32.9014       1235     5.1417  0.000e+00
      6.664    21.2074   4.650917    32.8967       1236     5.1458  0.000e+00
      6.622    21.2054   4.650063    32.8915       1237     5.1500  0.000e+00
      6.578    21.2027   4.648875    32.8842       1238     5.1542  0.000e+00
      6.535    21.1992   4.647843    32.8787       1239     5.1583  0.000e+00
      6.477    21.1954   4.645900    32.8663       1240     5.1625  0.000e+00
