HB2303/sbe125.cnv
* Sea-Bird SBE 19plus V2 Data File:
* FileName = C:\cruise\data\sbe125.hex
* Software Version Seasave V 7.26.7.121
* Temperature SN = 6128
* Conductivity SN = 6128
* System UpLoad Time = Aug 20 2023 10:18:46
* NMEA Latitude = 43 27.94 N
* NMEA Longitude = 066 58.60 W
* NMEA UTC (Time) = Aug 20 2023 10:18:42
** Ship: Henry Bigelow
** Cruise:  HB2303
** Program:  ECOMON
# nquan = 7
# nvalues = 2271                                  
# units = specified
# name 0 = depSM: Depth [salt water, m]
# name 1 = tv290C: Temperature [ITS-90, deg C]
# name 2 = c0S/m: Conductivity [S/m]
# name 3 = sal00: Salinity, Practical [PSU]
# name 4 = scan: Scan Count
# name 5 = timeM: Time, Elapsed [minutes]
# name 6 = flag:  0.000e+00
# span 0 =      1.889,    203.685                 
# span 1 =     8.2164,    17.7417                 
# span 2 =   3.504052,   4.205094                 
# span 3 =    31.5616,    34.6176                 
# span 4 =         11,       2281                 
# span 5 =     0.0417,     9.5000                 
# span 6 = 0.0000e+00, 0.0000e+00                 
# interval = seconds: 0.25
# start_time = Aug 20 2023 10:18:42 [NMEA time, header]
# bad_flag = -9.990e-29
*END*
[from data line 2052]
     23.984    12.6636   3.772352    32.2025       2063     8.5917  0.000e+00
     23.855    12.7296   3.775329    32.1745       2064     8.5958  0.000e+00
     23.734    12.7876   3.780026    32.1696       2065     8.6000  0.000e+00
     23.601    12.8421   3.782914    32.1506       2066     8.6042  0.000e+00
     23.456    12.8900   3.786516    32.1440       2067     8.6083  0.000e+00
     23.302    12.9372   3.797319    32.2059       2068     8.6125  0.000e+00
     23.141    13.0132   3.802491    32.1902       2069     8.6167  0.000e+00
     22.981    13.0953   3.805314    32.1472       2070     8.6208  0.000e+00
     22.804    13.1641   3.814963    32.1797       2071     8.6250  0.000e+00
     22.622    13.2361   3.818059    32.1479       2072     8.6292  0.000e+00
     22.446    13.3016   3.820558    32.1161       2073     8.6333  0.000e+00
     22.255    13.3497   3.823459    32.1027       2074     8.6375  0.000e+00
     22.071    13.3889   3.827510    32.1076       2075     8.6417  0.000e+00
     21.895    13.4289   3.831175    32.1082       2076     8.6458  0.000e+00
     21.718    13.4705   3.834033    32.0999       2077     8.6500  0.000e+00
     21.554    13.5111   3.838365    32.1062       2078     8.6542  0.000e+00
     21.391    13.5538   3.843666    32.1198       2079     8.6583  0.000e+00
     21.236    13.6047   3.848160    32.1188       2080     8.6625  0.000e+00
     21.084    13.6567   3.849377    32.0866       2081     8.6667  0.000e+00
     20.930    13.6961   3.851608    32.0743       2082     8.6708  0.000e+00
     20.787    13.7278   3.853438    32.0648       2083     8.6750  0.000e+00
     20.650    13.7548   3.854920    32.0560       2084     8.6792  0.000e+00
     20.506    13.7784   3.857047    32.0560       2085     8.6833  0.000e+00
     20.367    13.8026   3.869798    32.1538       2086     8.6875  0.000e+00
     20.229    13.8677   3.893504    32.3185       2087     8.6917  0.000e+00
     20.102    14.0070   3.901389    32.2743       2088     8.6958  0.000e+00
     19.980    14.1468   3.908836    32.2259       2089     8.7000  0.000e+00
     19.869    14.2603   3.912061    32.1608       2090     8.7042  0.000e+00
     19.765    14.3452   3.921905    32.1803       2091     8.7083  0.000e+00
     19.665    14.4296   3.929960    32.1837       2092     8.7125  0.000e+00
     19.567    14.5221   3.953402    32.3206       2093     8.7167  0.000e+00
     19.478    14.6742   3.972045    32.3635       2094     8.7208  0.000e+00
     19.376    14.8551   3.955162    32.0609       2095     8.7250  0.000e+00
     19.280    14.9113   3.960347    32.0616       2096     8.7292  0.000e+00
     19.178    14.9428   3.963511    32.0642       2097     8.7333  0.000e+00
     19.073    14.9777   3.975755    32.1460       2098     8.7375  0.000e+00
     18.970    15.0425   3.989458    32.2161       2099     8.7417  0.000e+00
     18.847    15.1478   3.993498    32.1658       2100     8.7458  0.000e+00
     18.727    15.2395   3.987291    32.0351       2101     8.7500  0.000e+00
     18.602    15.2740   3.989368    32.0256       2102     8.7542  0.000e+00
     18.472    15.2906   3.998623    32.0949       2103     8.7583  0.000e+00
     18.328    15.3362   4.002541    32.0927       2104     8.7625  0.000e+00
     18.187    15.3884   4.012893    32.1426       2105     8.7667  0.000e+00
     18.046    15.4583   4.024006    32.1847       2106     8.7708  0.000e+00
     17.899    15.5519   4.027229    32.1370       2107     8.7750  0.000e+00
     17.755    15.6332   4.027657    32.0746       2108     8.7792  0.000e+00
     17.608    15.6844   4.030715    32.0602       2109     8.7833  0.000e+00
     17.455    15.7210   4.030835    32.0316       2110     8.7875  0.000e+00
     17.306    15.7462   4.035102    32.0491       2111     8.7917  0.000e+00
     17.148    15.7748   4.037188    32.0444       2112     8.7958  0.000e+00
     16.994    15.8034   4.038188    32.0301       2113     8.8000  0.000e+00
     16.842    15.8256   4.035852    31.9916       2114     8.8042  0.000e+00
     16.692    15.8298   4.037295    32.0010       2115     8.8083  0.000e+00
     16.541    15.8335   4.039201    32.0149       2116     8.8125  0.000e+00
     16.402    15.8438   4.041887    32.0304       2117     8.8167  0.000e+00
     16.266    15.8631   4.043357    32.0278       2118     8.8208  0.000e+00
     16.140    15.8826   4.044378    32.0211       2119     8.8250  0.000e+00
     16.026    15.8995   4.045922    32.0211       2120     8.8292  0.000e+00
     15.922    15.9145   4.048489    32.0316       2121     8.8333  0.000e+00
     15.826    15.9362   4.055735    32.0780       2122     8.8375  0.000e+00
     15.739    15.9760   4.056515    32.0528       2123     8.8417  0.000e+00
     15.658    16.0129   4.057240    32.0294       2124     8.8458  0.000e+00
     15.575    16.0392   4.064991    32.0764       2125     8.8500  0.000e+00
     15.495    16.0811   4.067353    32.0634       2126     8.8542  0.000e+00
     15.408    16.1237   4.067985    32.0346       2127     8.8583  0.000e+00
     15.321    16.1531   4.068012    32.0112       2128     8.8625  0.000e+00
     15.232    16.1701   4.068860    32.0050       2129     8.8667  0.000e+00
     15.142    16.1816   4.070543    32.0105       2130     8.8708  0.000e+00
     15.041    16.1949   4.069883    31.9941       2131     8.8750  0.000e+00
     14.941    16.2012   4.065211    31.9481       2132     8.8792  0.000e+00
     14.838    16.1892   4.071156    32.0099       2133     8.8833  0.000e+00
     14.725    16.1954   4.071762    32.0102       2134     8.8875  0.000e+00
     14.598    16.2077   4.067816    31.9658       2135     8.8917  0.000e+00
     14.462    16.2046   4.074248    32.0247       2136     8.8958  0.000e+00
     14.314    16.2209   4.075864    32.0259       2137     8.9000  0.000e+00
     14.166    16.2419   4.074833    32.0000       2138     8.9042  0.000e+00
     14.004    16.2538   4.076639    32.0063       2139     8.9083  0.000e+00
     13.830    16.2644   4.078526    32.0144       2140     8.9125  0.000e+00
     13.652    16.2805   4.080305    32.0171       2141     8.9167  0.000e+00
     13.462    16.2983   4.081309    32.0116       2142     8.9208  0.000e+00
     13.292    16.3144   4.079772    31.9854       2143     8.9250  0.000e+00
     13.128    16.3194   4.082138    32.0021       2144     8.9292  0.000e+00
     12.956    16.3274   4.085935    32.0289       2145     8.9333  0.000e+00
     12.803    16.3495   4.087668    32.0264       2146     8.9375  0.000e+00
     12.658    16.3731   4.086716    31.9991       2147     8.9417  0.000e+00
     12.532    16.3848   4.086473    31.9877       2148     8.9458  0.000e+00
     12.427    16.3857   4.082063    31.9485       2149     8.9500  0.000e+00
     12.337    16.3724   4.085610    31.9902       2150     8.9542  0.000e+00
     12.261    16.3760   4.100534    32.1176       2151     8.9583  0.000e+00
     12.200    16.4338   4.103708    32.0990       2152     8.9625  0.000e+00
     12.158    16.4991   4.107722    32.0815       2153     8.9667  0.000e+00
     12.112    16.5560   4.107350    32.0327       2154     8.9708  0.000e+00
     12.072    16.5905   4.107761    32.0086       2155     8.9750  0.000e+00
     12.023    16.6129   4.122461    32.1185       2156     8.9792  0.000e+00
     11.965    16.6790   4.124220    32.0808       2157     8.9833  0.000e+00
     11.891    16.7404   4.125852    32.0459       2158     8.9875  0.000e+00
     11.797    16.7838   4.126271    32.0149       2159     8.9917  0.000e+00
     11.669    16.8109   4.125966    31.9907       2160     8.9958  0.000e+00
     11.537    16.8249   4.126175    31.9815       2161     9.0000  0.000e+00
     11.380    16.8320   4.124164    31.9585       2162     9.0042  0.000e+00
     11.212    16.8278   4.118031    31.9088       2163     9.0083  0.000e+00
     11.009    16.8015   4.120441    31.9507       2164     9.0125  0.000e+00
     10.815    16.7839   4.123278    31.9893       2165     9.0167  0.000e+00
     10.618    16.7898   4.123298    31.9849       2166     9.0208  0.000e+00
     10.414    16.7972   4.122783    31.9746       2167     9.0250  0.000e+00
     10.201    16.7993   4.124408    31.9871       2168     9.0292  0.000e+00
     10.009    16.8080   4.127462    32.0066       2169     9.0333  0.000e+00
      9.825    16.8246   4.126567    31.9857       2170     9.0375  0.000e+00
      9.661    16.8341   4.125877    31.9722       2171     9.0417  0.000e+00
      9.506    16.8354   4.127739    31.9874       2172     9.0458  0.000e+00
      9.363    16.8430   4.129073    31.9929       2173     9.0500  0.000e+00
      9.229    16.8539   4.128877    31.9826       2174     9.0542  0.000e+00
      9.119    16.8622   4.130489    31.9900       2175     9.0583  0.000e+00
      9.016    16.8735   4.131837    31.9927       2176     9.0625  0.000e+00
      8.931    16.8862   4.134554    32.0060       2177     9.0667  0.000e+00
      8.855    16.9035   4.134134    31.9887       2178     9.0708  0.000e+00
      8.788    16.9159   4.131748    31.9582       2179     9.0750  0.000e+00
      8.732    16.9134   4.129655    31.9422       2180     9.0792  0.000e+00
      8.667    16.9001   4.129120    31.9481       2181     9.0833  0.000e+00
      8.605    16.8893   4.132047    31.9820       2182     9.0875  0.000e+00
      8.536    16.8913   4.131057    31.9719       2183     9.0917  0.000e+00
      8.457    16.8944   4.138547    32.0342       2184     9.0958  0.000e+00
      8.379    16.9226   4.143084    32.0509       2185     9.1000  0.000e+00
      8.281    16.9694   4.152313    32.0932       2186     9.1042  0.000e+00
      8.164    17.0336   4.159261    32.1020       2187     9.1083  0.000e+00
      8.023    17.1104   4.162189    32.0662       2188     9.1125  0.000e+00
      7.868    17.1674   4.151435    31.9287       2189     9.1167  0.000e+00
      7.699    17.1687   4.163438    32.0307       2190     9.1208  0.000e+00
      7.521    17.1954   4.163078    32.0065       2191     9.1250  0.000e+00
      7.333    17.2308   4.178423    32.1101       2192     9.1292  0.000e+00
      7.129    17.3004   4.192639    32.1767       2193     9.1333  0.000e+00
      6.924    17.4192   4.191806    32.0755       2194     9.1375  0.000e+00
      6.709    17.5063   4.197266    32.0532       2195     9.1417  0.000e+00
      6.509    17.5684   4.194878    31.9840       2196     9.1458  0.000e+00
      6.323    17.6036   4.192989    31.9403       2197     9.1500  0.000e+00
      6.143    17.6120   4.195791    31.9576       2198     9.1542  0.000e+00
      6.002    17.6230   4.185295    31.8598       2199     9.1583  0.000e+00
      5.882    17.5957   4.188368    31.9074       2200     9.1625  0.000e+00
      5.792    17.5763   4.193787    31.9688       2201     9.1667  0.000e+00
      5.722    17.5873   4.194435    31.9656       2202     9.1708  0.000e+00
      5.680    17.6037   4.194659    31.9547       2203     9.1750  0.000e+00
      5.669    17.6172   4.196712    31.9615       2204     9.1792  0.000e+00
      5.658    17.6313   4.197489    31.9570       2205     9.1833  0.000e+00
      5.651    17.6444   4.196855    31.9413       2206     9.1875  0.000e+00
      5.633    17.6514   4.197796    31.9438       2207     9.1917  0.000e+00
      5.582    17.6564   4.197168    31.9346       2208     9.1958  0.000e+00
      5.513    17.6590   4.197721    31.9373       2209     9.2000  0.000e+00
      5.421    17.6602   4.197134    31.9314       2210     9.2042  0.000e+00
      5.320    17.6601   4.198546    31.9435       2211     9.2083  0.000e+00
      5.217    17.6646   4.199971    31.9521       2212     9.2125  0.000e+00
      5.100    17.6743   4.201056    31.9537       2213     9.2167  0.000e+00
      4.975    17.6860   4.201772    31.9507       2214     9.2208  0.000e+00
      4.820    17.6968   4.202352    31.9471       2215     9.2250  0.000e+00
      4.656    17.7055   4.203164    31.9473       2216     9.2292  0.000e+00
      4.479    17.7145   4.203266    31.9411       2217     9.2333  0.000e+00
      4.324    17.7212   4.203450    31.9375       2218     9.2375  0.000e+00
      4.143    17.7256   4.203771    31.9368       2219     9.2417  0.000e+00
      3.964    17.7291   4.203996    31.9361       2220     9.2458  0.000e+00
      3.791    17.7325   4.204105    31.9344       2221     9.2500  0.000e+00
      3.613    17.7346   4.204098    31.9327       2222     9.2542  0.000e+00
      3.440    17.7360   4.204391    31.9342       2223     9.2583  0.000e+00
      3.287    17.7379   4.204302    31.9320       2224     9.2625  0.000e+00
      3.155    17.7391   4.204295    31.9310       2225     9.2667  0.000e+00
      3.050    17.7396   4.204173    31.9297       2226     9.2708  0.000e+00
      2.971    17.7394   4.204200    31.9300       2227     9.2750  0.000e+00
      2.897    17.7389   4.204200    31.9305       2228     9.2792  0.000e+00
      2.824    17.7383   4.204227    31.9312       2229     9.2833  0.000e+00
      2.746    17.7380   4.203906    31.9288       2230     9.2875  0.000e+00
      2.645    17.7366   4.203538    31.9267       2231     9.2917  0.000e+00
      2.515    17.7339   4.202910    31.9236       2232     9.2958  0.000e+00
      2.363    17.7295   4.202364    31.9225       2233     9.3000  0.000e+00
      2.222    17.7239   4.201818    31.9223       2234     9.3042  0.000e+00
      2.123    17.7183   4.202071    31.9289       2235     9.3083  0.000e+00
      2.058    17.7158   4.202780    31.9368       2236     9.3125  0.000e+00
      2.007    17.7176   4.203210    31.9391       2237     9.3167  0.000e+00
      1.971    17.7209   4.203667    31.9404       2238     9.3208  0.000e+00
      1.936    17.7248   4.203640    31.9371       2239     9.3250  0.000e+00
      1.889    17.7273   4.203620    31.9350       2240     9.3292  0.000e+00
      1.929    17.7289   4.203565    31.9333       2241     9.3333  0.000e+00
      1.972    17.7293   4.203497    31.9323       2242     9.3375  0.000e+00
      2.012    17.7292   4.203442    31.9320       2243     9.3417  0.000e+00
      2.010    17.7286   4.203415    31.9322       2244     9.3458  0.000e+00
      1.983    17.7282   4.203544    31.9336       2245     9.3500  0.000e+00
      1.941    17.7283   4.203517    31.9333       2246     9.3542  0.000e+00
      1.921    17.7286   4.203544    31.9333       2247     9.3583  0.000e+00
      1.962    17.7288   4.203667    31.9342       2248     9.3625  0.000e+00
      2.041    17.7292   4.203524    31.9327       2249     9.3667  0.000e+00
      2.126    17.7292   4.203360    31.9313       2250     9.3708  0.000e+00
      2.184    17.7281   4.203360    31.9320       2251     9.3750  0.000e+00
      2.229    17.7273   4.203306    31.9322       2252     9.3792  0.000e+00
      2.254    17.7262   4.203265    31.9327       2253     9.3833  0.000e+00
      2.279    17.7259   4.203497    31.9349       2254     9.3875  0.000e+00
      2.292    17.7264   4.203565    31.9351       2255     9.3917  0.000e+00
      2.310    17.7272   4.203490    31.9339       2256     9.3958  0.000e+00
      2.308    17.7268   4.203135    31.9311       2257     9.4000  0.000e+00
      2.312    17.7252   4.203087    31.9319       2258     9.4042  0.000e+00
      2.310    17.7240   4.203108    31.9331       2259     9.4083  0.000e+00
      2.303    17.7231   4.203340    31.9358       2260     9.4125  0.000e+00
      2.306    17.7241   4.203695    31.9380       2261     9.4167  0.000e+00
      2.332    17.7260   4.203743    31.9369       2262     9.4208  0.000e+00
      2.362    17.7278   4.203087    31.9299       2263     9.4250  0.000e+00
      2.416    17.7268   4.203258    31.9321       2264     9.4292  0.000e+00
      2.450    17.7255   4.203135    31.9321       2265     9.4333  0.000e+00
      2.477    17.7249   4.203258    31.9336       2266     9.4375  0.000e+00
