HB2303/sbe141.cnv
* Sea-Bird SBE 19plus V2 Data File:
* FileName = C:\cruise\data\sbe141.hex
* Software Version Seasave V 7.26.7.121
* Temperature SN = 6128
* Conductivity SN = 6128
* System UpLoad Time = Aug 22 2023 01:48:10
* NMEA Latitude = 42 36.26 N
* NMEA Longitude = 069 56.71 W
* NMEA UTC (Time) = Aug 22 2023 01:48:06
** Ship: Henry Bigelow
** Cruise:  HB2303
** Program:  ECOMON
# nquan = 7
# nvalues = 3957                                  
# units = specified
# name 0 = depSM: Depth [salt water, m]
# name 1 = tv290C: Temperature [ITS-90, deg C]
# name 2 = c0S/m: Conductivity [S/m]
# name 3 = sal00: Salinity, Practical [PSU]
# name 4 = scan: Scan Count
# name 5 = timeM: Time, Elapsed [minutes]
# name 6 = flag:  0.000e+00
# span 0 =     -0.260,    162.421                 
# span 1 =     6.8250,    21.6075                 
# span 2 =   0.000739,   4.418356                 
# span 3 =     0.0123,    34.3551                 
# span 4 =         11,       3967                 
# span 5 =     0.0417,    16.5250                 
# span 6 = 0.0000e+00, 0.0000e+00                 
# interval = seconds: 0.25
# start_time = Aug 22 2023 01:48:06 [NMEA time, header]
# bad_flag = -9.990e-29
*END*
[from data line 1847]
    108.034     7.0783   3.356170    32.9796       1858     7.7375  0.000e+00
    107.960     7.0778   3.355964    32.9779       1859     7.7417  0.000e+00
    107.888     7.0771   3.356026    32.9793       1860     7.7458  0.000e+00
    107.819     7.0764   3.356026    32.9799       1861     7.7500  0.000e+00
    107.737     7.0764   3.356008    32.9798       1862     7.7542  0.000e+00
    107.663     7.0760   3.355964    32.9797       1863     7.7583  0.000e+00
    107.574     7.0759   3.355945    32.9796       1864     7.7625  0.000e+00
    107.494     7.0756   3.355790    32.9782       1865     7.7667  0.000e+00
    107.407     7.0754   3.355808    32.9787       1866     7.7708  0.000e+00
    107.313     7.0749   3.355721    32.9783       1867     7.7750  0.000e+00
    107.213     7.0744   3.355640    32.9779       1868     7.7792  0.000e+00
    107.116     7.0739   3.355459    32.9764       1869     7.7833  0.000e+00
    107.016     7.0732   3.355235    32.9747       1870     7.7875  0.000e+00
    106.913     7.0721   3.355172    32.9752       1871     7.7917  0.000e+00
    106.815     7.0712   3.355253    32.9770       1872     7.7958  0.000e+00
    106.714     7.0707   3.355191    32.9768       1873     7.8000  0.000e+00
    106.620     7.0703   3.355048    32.9756       1874     7.8042  0.000e+00
    106.526     7.0697   3.354505    32.9704       1875     7.8083  0.000e+00
    106.426     7.0679   3.354131    32.9681       1876     7.8125  0.000e+00
    106.341     7.0657   3.353926    32.9680       1877     7.8167  0.000e+00
    106.250     7.0635   3.353826    32.9690       1878     7.8208  0.000e+00
    106.167     7.0618   3.353670    32.9690       1879     7.8250  0.000e+00
    106.086     7.0605   3.352897    32.9619       1880     7.8292  0.000e+00
    106.002     7.0592   3.353402    32.9686       1881     7.8333  0.000e+00
    105.922     7.0582   3.353558    32.9713       1882     7.8375  0.000e+00
    105.839     7.0580   3.353645    32.9725       1883     7.8417  0.000e+00
    105.761     7.0580   3.353558    32.9716       1884     7.8458  0.000e+00
    105.680     7.0581   3.353483    32.9707       1885     7.8500  0.000e+00
    105.609     7.0579   3.353477    32.9709       1886     7.8542  0.000e+00
    105.525     7.0577   3.353284    32.9690       1887     7.8583  0.000e+00
    105.449     7.0572   3.353053    32.9670       1888     7.8625  0.000e+00
    105.366     7.0563   3.353090    32.9683       1889     7.8667  0.000e+00
    105.282     7.0562   3.353296    32.9707       1890     7.8708  0.000e+00
    105.199     7.0576   3.353284    32.9693       1891     7.8750  0.000e+00
    105.110     7.0588   3.353178    32.9670       1892     7.8792  0.000e+00
    105.022     7.0591   3.353259    32.9676       1893     7.8833  0.000e+00
    104.922     7.0598   3.353283    32.9673       1894     7.8875  0.000e+00
    104.833     7.0609   3.353177    32.9651       1895     7.8917  0.000e+00
    104.732     7.0615   3.352573    32.9580       1896     7.8958  0.000e+00
    104.639     7.0605   3.352243    32.9554       1897     7.9000  0.000e+00
    104.542     7.0588   3.352187    32.9565       1898     7.9042  0.000e+00
    104.447     7.0573   3.351613    32.9517       1899     7.9083  0.000e+00
    104.349     7.0554   3.351420    32.9514       1900     7.9125  0.000e+00
    104.261     7.0532   3.351227    32.9514       1901     7.9167  0.000e+00
    104.176     7.0515   3.350978    32.9504       1902     7.9208  0.000e+00
    104.094     7.0498   3.350947    32.9518       1903     7.9250  0.000e+00
    104.009     7.0485   3.350779    32.9512       1904     7.9292  0.000e+00
    103.933     7.0474   3.350498    32.9492       1905     7.9333  0.000e+00
    103.866     7.0458   3.350517    32.9509       1906     7.9375  0.000e+00
    103.784     7.0446   3.350311    32.9499       1907     7.9417  0.000e+00
    103.710     7.0434   3.350181    32.9496       1908     7.9458  0.000e+00
    103.632     7.0423   3.349801    32.9466       1909     7.9500  0.000e+00
    103.563     7.0411   3.349533    32.9449       1910     7.9542  0.000e+00
    103.487     7.0393   3.349234    32.9433       1911     7.9583  0.000e+00
    103.411     7.0376   3.349109    32.9437       1912     7.9625  0.000e+00
    103.329     7.0362   3.348916    32.9429       1913     7.9667  0.000e+00
    103.246     7.0358   3.350617    32.9619       1914     7.9708  0.000e+00
    103.163     7.0413   3.350585    32.9564       1915     7.9750  0.000e+00
    103.076     7.0471   3.350124    32.9458       1916     7.9792  0.000e+00
    102.985     7.0497   3.351632    32.9598       1917     7.9833  0.000e+00
    102.895     7.0550   3.351426    32.9526       1918     7.9875  0.000e+00
    102.796     7.0596   3.350367    32.9367       1919     7.9917  0.000e+00
    102.703     7.0577   3.350112    32.9357       1920     7.9958  0.000e+00
    102.606     7.0548   3.350573    32.9436       1921     8.0000  0.000e+00
    102.508     7.0549   3.353601    32.9766       1922     8.0042  0.000e+00
    102.418     7.0648   3.356044    32.9938       1923     8.0083  0.000e+00
    102.325     7.0819   3.356305    32.9803       1924     8.0125  0.000e+00
    102.238     7.0955   3.356492    32.9694       1925     8.0167  0.000e+00
    102.153     7.1044   3.357888    32.9761       1926     8.0208  0.000e+00
    102.070     7.1133   3.358187    32.9710       1927     8.0250  0.000e+00
    101.994     7.1210   3.357982    32.9614       1928     8.0292  0.000e+00
    101.909     7.1249   3.357009    32.9472       1929     8.0333  0.000e+00
    101.833     7.1243   3.357127    32.9491       1930     8.0375  0.000e+00
    101.755     7.1229   3.357009    32.9491       1931     8.0417  0.000e+00
    101.679     7.1224   3.356105    32.9398       1932     8.0458  0.000e+00
    101.603     7.1195   3.356130    32.9429       1933     8.0500  0.000e+00
    101.525     7.1162   3.355806    32.9425       1934     8.0542  0.000e+00
    101.454     7.1132   3.356410    32.9520       1935     8.0583  0.000e+00
    101.383     7.1135   3.357607    32.9648       1936     8.0625  0.000e+00
    101.307     7.1183   3.357857    32.9629       1937     8.0667  0.000e+00
    101.231     7.1226   3.356604    32.9452       1938     8.0708  0.000e+00
    101.157     7.1217   3.354765    32.9261       1939     8.0750  0.000e+00
    101.071     7.1139   3.356385    32.9512       1940     8.0792  0.000e+00
    100.986     7.1127   3.356572    32.9545       1941     8.0833  0.000e+00
    100.903     7.1150   3.357352    32.9608       1942     8.0875  0.000e+00
    100.816     7.1192   3.358449    32.9688       1943     8.0917  0.000e+00
    100.727     7.1262   3.359571    32.9744       1944     8.0958  0.000e+00
    100.637     7.1356   3.359646    32.9662       1945     8.1000  0.000e+00
    100.545     7.1423   3.359346    32.9566       1946     8.1042  0.000e+00
    100.454     7.1458   3.361130    32.9728       1947     8.1083  0.000e+00
    100.358     7.1549   3.361467    32.9678       1948     8.1125  0.000e+00
    100.262     7.1634   3.361067    32.9553       1949     8.1167  0.000e+00
    100.167     7.1681   3.360469    32.9444       1950     8.1208  0.000e+00
    100.074     7.1677   3.359346    32.9326       1951     8.1250  0.000e+00
     99.980     7.1629   3.358186    32.9247       1952     8.1292  0.000e+00
     99.899     7.1535   3.360363    32.9573       1953     8.1333  0.000e+00
     99.808     7.1534   3.361560    32.9705       1954     8.1375  0.000e+00
     99.723     7.1613   3.360531    32.9518       1955     8.1417  0.000e+00
     99.638     7.1640   3.359284    32.9357       1956     8.1458  0.000e+00
     99.560     7.1598   3.358548    32.9317       1957     8.1500  0.000e+00
     99.482     7.1521   3.359496    32.9494       1958     8.1542  0.000e+00
     99.407     7.1502   3.359608    32.9524       1959     8.1583  0.000e+00
     99.340     7.1512   3.361878    32.9763       1960     8.1625  0.000e+00
     99.271     7.1592   3.362545    32.9759       1961     8.1667  0.000e+00
     99.201     7.1688   3.360693    32.9467       1962     8.1708  0.000e+00
     99.134     7.1700   3.360612    32.9447       1963     8.1750  0.000e+00
     99.063     7.1690   3.360531    32.9447       1964     8.1792  0.000e+00
     98.998     7.1681   3.359433    32.9337       1965     8.1833  0.000e+00
     98.925     7.1650   3.359551    32.9380       1966     8.1875  0.000e+00
     98.850     7.1624   3.359452    32.9394       1967     8.1917  0.000e+00
     98.775     7.1608   3.358878    32.9347       1968     8.1958  0.000e+00
     98.691     7.1580   3.357912    32.9269       1969     8.2000  0.000e+00
     98.614     7.1530   3.356621    32.9177       1970     8.2042  0.000e+00
     98.528     7.1454   3.356085    32.9191       1971     8.2083  0.000e+00
     98.445     7.1382   3.356303    32.9284       1972     8.2125  0.000e+00
     98.355     7.1341   3.355088    32.9191       1973     8.2167  0.000e+00
     98.270     7.1293   3.356964    32.9442       1974     8.2208  0.000e+00
     98.172     7.1280   3.356066    32.9357       1975     8.2250  0.000e+00
     98.081     7.1283   3.355873    32.9334       1976     8.2292  0.000e+00
     97.989     7.1268   3.354757    32.9227       1977     8.2333  0.000e+00
     97.901     7.1227   3.352645    32.9036       1978     8.2375  0.000e+00
     97.810     7.1141   3.352078    32.9057       1979     8.2417  0.000e+00
     97.715     7.1053   3.351548    32.9084       1980     8.2458  0.000e+00
     97.626     7.0988   3.351374    32.9127       1981     8.2500  0.000e+00
     97.538     7.0929   3.347724    32.8786       1982     8.2542  0.000e+00
     97.456     7.0802   3.346024    32.8722       1983     8.2583  0.000e+00
     97.369     7.0646   3.345620    32.8827       1984     8.2625  0.000e+00
     97.293     7.0530   3.345800    32.8958       1985     8.2667  0.000e+00
     97.215     7.0461   3.346286    32.9078       1986     8.2708  0.000e+00
     97.145     7.0437   3.345881    32.9056       1987     8.2750  0.000e+00
     97.068     7.0424   3.346050    32.9087       1988     8.2792  0.000e+00
     96.990     7.0417   3.346112    32.9101       1989     8.2833  0.000e+00
     96.929     7.0412   3.344456    32.8925       1990     8.2875  0.000e+00
     96.855     7.0368   3.344680    32.8993       1991     8.2917  0.000e+00
     96.784     7.0325   3.344562    32.9021       1992     8.2958  0.000e+00
     96.717     7.0301   3.345620    32.9160       1993     8.3000  0.000e+00
     96.648     7.0321   3.345558    32.9135       1994     8.3042  0.000e+00
     96.574     7.0345   3.345919    32.9151       1995     8.3083  0.000e+00
     96.507     7.0369   3.346411    32.9182       1996     8.3125  0.000e+00
     96.427     7.0397   3.346448    32.9159       1997     8.3167  0.000e+00
     96.355     7.0423   3.346392    32.9130       1998     8.3208  0.000e+00
     96.282     7.0429   3.343198    32.8776       1999     8.3250  0.000e+00
     96.206     7.0348   3.342993    32.8830       2000     8.3292  0.000e+00
     96.128     7.0254   3.343105    32.8933       2001     8.3333  0.000e+00
     96.049     7.0205   3.342676    32.8933       2002     8.3375  0.000e+00
     95.971     7.0166   3.342140    32.8913       2003     8.3417  0.000e+00
     95.886     7.0123   3.341599    32.8895       2004     8.3458  0.000e+00
     95.806     7.0079   3.341481    32.8924       2005     8.3500  0.000e+00
     95.728     7.0044   3.341568    32.8967       2006     8.3542  0.000e+00
     95.647     7.0027   3.341699    32.8998       2007     8.3583  0.000e+00
     95.578     7.0023   3.341885    32.9023       2008     8.3625  0.000e+00
     95.498     7.0029   3.342066    32.9038       2009     8.3667  0.000e+00
     95.427     7.0038   3.342246    32.9049       2010     8.3708  0.000e+00
     95.348     7.0051   3.342439    32.9057       2011     8.3750  0.000e+00
     95.279     7.0066   3.341804    32.8975       2012     8.3792  0.000e+00
     95.204     7.0060   3.341841    32.8984       2013     8.3833  0.000e+00
     95.130     7.0048   3.341860    32.8998       2014     8.3875  0.000e+00
     95.059     7.0046   3.341929    32.9008       2015     8.3917  0.000e+00
     94.987     7.0044   3.341611    32.8976       2016     8.3958  0.000e+00
     94.912     7.0034   3.341561    32.8980       2017     8.4000  0.000e+00
     94.840     7.0029   3.341437    32.8972       2018     8.4042  0.000e+00
     94.764     7.0018   3.341400    32.8979       2019     8.4083  0.000e+00
     94.686     7.0013   3.341393    32.8983       2020     8.4125  0.000e+00
     94.612     7.0004   3.341288    32.8980       2021     8.4167  0.000e+00
     94.538     7.0000   3.341337    32.8990       2022     8.4208  0.000e+00
     94.462     6.9998   3.341225    32.8980       2023     8.4250  0.000e+00
     94.392     6.9993   3.341175    32.8980       2024     8.4292  0.000e+00
     94.314     6.9988   3.341225    32.8990       2025     8.4333  0.000e+00
     94.245     6.9986   3.341163    32.8986       2026     8.4375  0.000e+00
     94.167     6.9982   3.340366    32.8903       2027     8.4417  0.000e+00
     94.102     6.9961   3.340093    32.8893       2028     8.4458  0.000e+00
     94.037     6.9933   3.340118    32.8923       2029     8.4500  0.000e+00
     93.975     6.9915   3.340198    32.8950       2030     8.4542  0.000e+00
     93.902     6.9907   3.340267    32.8965       2031     8.4583  0.000e+00
     93.846     6.9906   3.340099    32.8948       2032     8.4625  0.000e+00
     93.787     6.9904   3.340198    32.8961       2033     8.4667  0.000e+00
     93.728     6.9902   3.340373    32.8982       2034     8.4708  0.000e+00
     93.672     6.9908   3.340447    32.8985       2035     8.4750  0.000e+00
     93.616     6.9915   3.340478    32.8981       2036     8.4792  0.000e+00
     93.555     6.9921   3.340385    32.8966       2037     8.4833  0.000e+00
     93.501     6.9923   3.340242    32.8949       2038     8.4875  0.000e+00
     93.441     6.9921   3.340223    32.8949       2039     8.4917  0.000e+00
     93.387     6.9915   3.340366    32.8970       2040     8.4958  0.000e+00
     93.326     6.9915   3.340267    32.8960       2041     8.5000  0.000e+00
     93.266     6.9916   3.340180    32.8950       2042     8.5042  0.000e+00
     93.194     6.9910   3.339750    32.8909       2043     8.5083  0.000e+00
     93.130     6.9896   3.339819    32.8931       2044     8.5125  0.000e+00
     93.063     6.9886   3.339980    32.8958       2045     8.5167  0.000e+00
     92.994     6.9887   3.340005    32.8960       2046     8.5208  0.000e+00
     92.931     6.9888   3.340142    32.8975       2047     8.5250  0.000e+00
     92.862     6.9892   3.340030    32.8958       2048     8.5292  0.000e+00
     92.793     6.9893   3.339987    32.8953       2049     8.5333  0.000e+00
     92.721     6.9893   3.339980    32.8952       2050     8.5375  0.000e+00
     92.658     6.9893   3.340030    32.8958       2051     8.5417  0.000e+00
     92.585     6.9892   3.340142    32.8972       2052     8.5458  0.000e+00
     92.522     6.9899   3.340074    32.8958       2053     8.5500  0.000e+00
     92.451     6.9899   3.340092    32.8961       2054     8.5542  0.000e+00
     92.386     6.9898   3.339918    32.8942       2055     8.5583  0.000e+00
     92.321     6.9895   3.340030    32.8958       2056     8.5625  0.000e+00
     92.251     6.9896   3.339937    32.8948       2057     8.5667  0.000e+00
     92.184     6.9893   3.339899    32.8946       2058     8.5708  0.000e+00
     92.125     6.9891   3.339794    32.8937       2059     8.5750  0.000e+00
     92.066     6.9888   3.339675    32.8928       2060     8.5792  0.000e+00
     92.005     6.9882   3.339818    32.8949       2061     8.5833  0.000e+00
