HB2303/sbe117.cnv
* Sea-Bird SBE 19plus V2 Data File:
* FileName = C:\cruise\data\sbe117.hex
* Software Version Seasave V 7.26.7.121
* Temperature SN = 6128
* Conductivity SN = 6128
* System UpLoad Time = Aug 19 2023 16:57:10
* NMEA Latitude = 42 44.75 N
* NMEA Longitude = 066 08.74 W
* NMEA UTC (Time) = Aug 19 2023 16:57:06
** Ship: Henry Bigelow
** Cruise:  HB2303
** Program:  ECOMON
# nquan = 7
# nvalues = 625                                   
# units = specified
# name 0 = depSM: Depth [salt water, m]
# name 1 = tv290C: Temperature [ITS-90, deg C]
# name 2 = c0S/m: Conductivity [S/m]
# name 3 = sal00: Salinity, Practical [PSU]
# name 4 = scan: Scan Count
# name 5 = timeM: Time, Elapsed [minutes]
# name 6 = flag:  0.000e+00
# span 0 =      1.153,     60.740                 
# span 1 =     7.2960,    14.8966                 
# span 2 =   3.231226,   3.916374                 
# span 3 =    30.6003,    33.4695                 
# span 4 =         11,        635                 
# span 5 =     0.0417,     2.6417                 
# span 6 = 0.0000e+00, 0.0000e+00                 
# interval = seconds: 0.25
# start_time = Aug 19 2023 16:57:06 [NMEA time, header]
# bad_flag = -9.990e-29
*END*
[from data line 411]
     42.518     8.1900   3.403040    32.4686        422     1.7542  0.000e+00
     42.232     8.1947   3.402037    32.4538        423     1.7583  0.000e+00
     41.923     8.1941   3.401561    32.4494        424     1.7625  0.000e+00
     41.593     8.1911   3.401561    32.4523        425     1.7667  0.000e+00
     41.246     8.1887   3.401517    32.4543        426     1.7708  0.000e+00
     40.892     8.1876   3.402538    32.4662        427     1.7750  0.000e+00
     40.516     8.1898   3.402162    32.4604        428     1.7792  0.000e+00
     40.133     8.1911   3.401172    32.4488        429     1.7833  0.000e+00
     39.752     8.1886   3.401128    32.4509        430     1.7875  0.000e+00
     39.362     8.1860   3.401040    32.4526        431     1.7917  0.000e+00
     38.992     8.1843   3.400858    32.4524        432     1.7958  0.000e+00
     38.627     8.1830   3.400382    32.4487        433     1.8000  0.000e+00
     38.278     8.1807   3.400920    32.4567        434     1.8042  0.000e+00
     37.944     8.1805   3.401409    32.4622        435     1.8083  0.000e+00
     37.641     8.1823   3.401729    32.4641        436     1.8125  0.000e+00
     37.366     8.1850   3.401340    32.4576        437     1.8167  0.000e+00
     37.113     8.1863   3.401603    32.4593        438     1.8208  0.000e+00
     36.875     8.1866   3.401459    32.4576        439     1.8250  0.000e+00
     36.660     8.1870   3.401277    32.4554        440     1.8292  0.000e+00
     36.464     8.1870   3.401647    32.4594        441     1.8333  0.000e+00
     36.280     8.1872   3.401252    32.4551        442     1.8375  0.000e+00
     36.109     8.1870   3.402681    32.4705        443     1.8417  0.000e+00
     35.946     8.1908   3.402931    32.4697        444     1.8458  0.000e+00
     35.789     8.1951   3.402781    32.4642        445     1.8500  0.000e+00
     35.652     8.1974   3.402430    32.4584        446     1.8542  0.000e+00
     35.513     8.1980   3.402987    32.4638        447     1.8583  0.000e+00
     35.389     8.1993   3.403063    32.4635        448     1.8625  0.000e+00
     35.270     8.2006   3.402718    32.4587        449     1.8667  0.000e+00
     35.164     8.2003   3.402887    32.4608        450     1.8708  0.000e+00
     35.057     8.2006   3.403000    32.4618        451     1.8750  0.000e+00
     34.952     8.2009   3.402862    32.4601        452     1.8792  0.000e+00
     34.856     8.2009   3.402824    32.4597        453     1.8833  0.000e+00
     34.761     8.2009   3.402887    32.4605        454     1.8875  0.000e+00
     34.656     8.2009   3.402868    32.4603        455     1.8917  0.000e+00
     34.540     8.2008   3.402059    32.4519        456     1.8958  0.000e+00
     34.410     8.1984   3.401865    32.4521        457     1.9000  0.000e+00
     34.259     8.1957   3.401828    32.4542        458     1.9042  0.000e+00
     34.096     8.1939   3.401865    32.4564        459     1.9083  0.000e+00
     33.910     8.1928   3.401853    32.4574        460     1.9125  0.000e+00
     33.715     8.1923   3.401953    32.4590        461     1.9167  0.000e+00
     33.496     8.1924   3.402410    32.4639        462     1.9208  0.000e+00
     33.266     8.1941   3.402448    32.4628        463     1.9250  0.000e+00
     33.020     8.1958   3.402648    32.4635        464     1.9292  0.000e+00
     32.771     8.1972   3.402598    32.4618        465     1.9333  0.000e+00
     32.505     8.1980   3.402385    32.4588        466     1.9375  0.000e+00
     32.249     8.1984   3.402924    32.4643        467     1.9417  0.000e+00
     31.987     8.1999   3.403149    32.4654        468     1.9458  0.000e+00
     31.712     8.2020   3.403487    32.4672        469     1.9500  0.000e+00
     31.425     8.2047   3.403794    32.4681        470     1.9542  0.000e+00
     31.131     8.2071   3.403193    32.4597        471     1.9583  0.000e+00
     30.831     8.2074   3.402597    32.4532        472     1.9625  0.000e+00
     30.529     8.2054   3.403280    32.4624        473     1.9667  0.000e+00
     30.204     8.2055   3.403487    32.4646        474     1.9708  0.000e+00
     29.879     8.2068   3.403412    32.4628        475     1.9750  0.000e+00
     29.556     8.2076   3.402923    32.4571        476     1.9792  0.000e+00
     29.230     8.2069   3.401794    32.4459        477     1.9833  0.000e+00
     28.918     8.2035   3.401851    32.4498        478     1.9875  0.000e+00
     28.604     8.2003   3.400836    32.4422        479     1.9917  0.000e+00
     28.320     8.1950   3.397277    32.4095        480     1.9958  0.000e+00
     28.056     8.1822   3.396845    32.4168        481     2.0000  0.000e+00
     27.803     8.1709   3.396877    32.4278        482     2.0042  0.000e+00
     27.579     8.1639   3.396657    32.4320        483     2.0083  0.000e+00
     27.382     8.1593   3.396138    32.4309        484     2.0125  0.000e+00
     27.205     8.1546   3.393564    32.4080        485     2.0167  0.000e+00
     27.053     8.1461   3.393965    32.4201        486     2.0208  0.000e+00
     26.912     8.1399   3.393107    32.4169        487     2.0250  0.000e+00
     26.781     8.1353   3.393207    32.4222        488     2.0292  0.000e+00
     26.654     8.1321   3.391235    32.4044        489     2.0333  0.000e+00
     26.537     8.1258   3.390384    32.4012        490     2.0375  0.000e+00
     26.409     8.1197   3.390122    32.4041        491     2.0417  0.000e+00
     26.277     8.1145   3.389258    32.3998        492     2.0458  0.000e+00
     26.127     8.1101   3.389296    32.4044        493     2.0500  0.000e+00
     25.959     8.1080   3.389214    32.4055        494     2.0542  0.000e+00
     25.773     8.1092   3.389114    32.4034        495     2.0583  0.000e+00
     25.571     8.1113   3.389083    32.4013        496     2.0625  0.000e+00
     25.358     8.1143   3.389608    32.4042        497     2.0667  0.000e+00
     25.141     8.1212   3.390253    32.4047        498     2.0708  0.000e+00
     24.903     8.1320   3.389627    32.3882        499     2.0750  0.000e+00
     24.661     8.1430   3.390452    32.3869        500     2.0792  0.000e+00
     24.430     8.1570   3.393213    32.4034        501     2.0833  0.000e+00
     24.199     8.1798   3.396186    32.4139        502     2.0875  0.000e+00
     23.982     8.2103   3.400164    32.4279        503     2.0917  0.000e+00
     23.774     8.2508   3.407773    32.4711        504     2.0958  0.000e+00
     23.584     8.3102   3.412351    32.4647        505     2.1000  0.000e+00
     23.403     8.3756   3.414703    32.4292        506     2.1042  0.000e+00
     23.235     8.4283   3.417709    32.4125        507     2.1083  0.000e+00
     23.091     8.4735   3.421671    32.4127        508     2.1125  0.000e+00
     22.941     8.5184   3.425421    32.4109        509     2.1167  0.000e+00
     22.790     8.5652   3.430373    32.4199        510     2.1208  0.000e+00
     22.632     8.6186   3.437228    32.4428        511     2.1250  0.000e+00
     22.469     8.6798   3.441230    32.4287        512     2.1292  0.000e+00
     22.281     8.7394   3.443011    32.3928        513     2.1333  0.000e+00
     22.072     8.7864   3.444837    32.3690        514     2.1375  0.000e+00
     21.846     8.8223   3.450141    32.3916        515     2.1417  0.000e+00
     21.588     8.8643   3.455750    32.4118        516     2.1458  0.000e+00
     21.295     8.9179   3.464089    32.4497        517     2.1500  0.000e+00
     20.987     8.9905   3.466342    32.4070        518     2.1542  0.000e+00
     20.643     9.0590   3.468336    32.3655        519     2.1583  0.000e+00
     20.291     9.1229   3.463619    32.2589        520     2.1625  0.000e+00
     19.934     9.1737   3.446740    32.0388        521     2.1667  0.000e+00
     19.564     9.1662   3.435252    31.9272        522     2.1708  0.000e+00
     19.204     9.1130   3.419785    31.8153        523     2.1750  0.000e+00
     18.833     9.0293   3.404095    31.7281        524     2.1792  0.000e+00
     18.481     8.9226   3.388665    31.6636        525     2.1833  0.000e+00
     18.135     8.8039   3.376155    31.6398        526     2.1875  0.000e+00
     17.813     8.6865   3.356142    31.5363        527     2.1917  0.000e+00
     17.516     8.5542   3.336686    31.4513        528     2.1958  0.000e+00
     17.242     8.4042   3.316207    31.3707        529     2.2000  0.000e+00
     17.005     8.2343   3.287296    31.2183        530     2.2042  0.000e+00
     16.801     8.0370   3.273126    31.2445        531     2.2083  0.000e+00
     16.632     7.8572   3.263399    31.3022        532     2.2125  0.000e+00
     16.507     7.7260   3.259147    31.3749        533     2.2167  0.000e+00
     16.406     7.6340   3.250162    31.3619        534     2.2208  0.000e+00
     16.326     7.5583   3.246599    31.3922        535     2.2250  0.000e+00
     16.270     7.4982   3.245960    31.4397        536     2.2292  0.000e+00
     16.223     7.4600   3.243382    31.4467        537     2.2333  0.000e+00
     16.182     7.4315   3.240763    31.4444        538     2.2375  0.000e+00
     16.133     7.4056   3.238009    31.4383        539     2.2417  0.000e+00
     16.082     7.3805   3.235520    31.4343        540     2.2458  0.000e+00
     16.017     7.3567   3.233394    31.4331        541     2.2500  0.000e+00
     15.945     7.3344   3.231988    31.4382        542     2.2542  0.000e+00
     15.843     7.3163   3.231349    31.4478        543     2.2583  0.000e+00
     15.731     7.3025   3.231226    31.4591        544     2.2625  0.000e+00
     15.601     7.2960   3.231392    31.4668        545     2.2667  0.000e+00
     15.455     7.2961   3.231779    31.4710        546     2.2708  0.000e+00
     15.296     7.3016   3.240186    31.5567        547     2.2750  0.000e+00
     15.110     7.3406   3.260587    31.7412        548     2.2792  0.000e+00
     14.901     7.4528   3.285177    31.9032        549     2.2833  0.000e+00
     14.673     7.6275   3.298216    31.8829        550     2.2875  0.000e+00
     14.418     7.8059   3.310575    31.8519        551     2.2917  0.000e+00
     14.148     7.9685   3.323926    31.8459        552     2.2958  0.000e+00
     13.860     8.1190   3.340036    31.8799        553     2.3000  0.000e+00
     13.562     8.2771   3.355721    31.9020        554     2.3042  0.000e+00
     13.263     8.4482   3.373827    31.9375        555     2.3083  0.000e+00
     12.950     8.6311   3.385826    31.8980        556     2.3125  0.000e+00
     12.640     8.8034   3.400868    31.8997        557     2.3167  0.000e+00
     12.342     8.9784   3.430717    32.0523        558     2.3208  0.000e+00
     12.050     9.2129   3.487542    32.4281        559     2.3250  0.000e+00
     11.773     9.5800   3.521034    32.4397        560     2.3292  0.000e+00
     11.520     9.9949   3.545665    32.3175        561     2.3333  0.000e+00
     11.285    10.3679   3.567977    32.2104        562     2.3375  0.000e+00
     11.081    10.6939   3.590236    32.1451        563     2.3417  0.000e+00
     10.899    10.9803   3.600231    31.9934        564     2.3458  0.000e+00
     10.733    11.2080   3.618100    31.9714        565     2.3500  0.000e+00
     10.579    11.4077   3.629323    31.9086        566     2.3542  0.000e+00
     10.433    11.5835   3.645008    31.9099        567     2.3583  0.000e+00
     10.297    11.7474   3.656671    31.8825        568     2.3625  0.000e+00
     10.152    11.8997   3.662191    31.8055        569     2.3667  0.000e+00
     10.001    12.0186   3.668263    31.7628        570     2.3708  0.000e+00
      9.851    12.1115   3.671064    31.7108        571     2.3750  0.000e+00
      9.678    12.1806   3.673777    31.6783        572     2.3792  0.000e+00
      9.493    12.2325   3.677666    31.6718        573     2.3833  0.000e+00
      9.293    12.2779   3.682417    31.6789        574     2.3875  0.000e+00
      9.076    12.3260   3.687229    31.6843        575     2.3917  0.000e+00
      8.840    12.3762   3.690464    31.6730        576     2.3958  0.000e+00
      8.614    12.4239   3.696005    31.6856        577     2.4000  0.000e+00
      8.392    12.4724   3.703280    31.7141        578     2.4042  0.000e+00
      8.182    12.5285   3.715349    31.7817        579     2.4083  0.000e+00
      7.965    12.6020   3.719892    31.7629        580     2.4125  0.000e+00
      7.765    12.6724   3.720878    31.7131        581     2.4167  0.000e+00
      7.579    12.7196   3.722072    31.6847        582     2.4208  0.000e+00
      7.405    12.7526   3.732833    31.7590        583     2.4250  0.000e+00
      7.232    12.8067   3.747500    31.8522        584     2.4292  0.000e+00
      7.060    12.8999   3.752964    31.8254        585     2.4333  0.000e+00
      6.894    12.9946   3.757023    31.7841        586     2.4375  0.000e+00
      6.733    13.0695   3.763171    31.7793        587     2.4417  0.000e+00
      6.569    13.1382   3.767516    31.7626        588     2.4458  0.000e+00
      6.395    13.1990   3.771967    31.7536        589     2.4500  0.000e+00
      6.215    13.2527   3.775101    31.7381        590     2.4542  0.000e+00
      6.030    13.2987   3.777968    31.7266        591     2.4583  0.000e+00
      5.845    13.3372   3.780013    31.7138        592     2.4625  0.000e+00
      5.662    13.3686   3.783594    31.7211        593     2.4667  0.000e+00
      5.478    13.4000   3.789813    31.7531        594     2.4708  0.000e+00
      5.306    13.4429   3.795290    31.7684        595     2.4750  0.000e+00
      5.144    13.4911   3.798235    31.7558        596     2.4792  0.000e+00
      4.988    13.5339   3.800742    31.7436        597     2.4833  0.000e+00
      4.824    13.5695   3.805190    31.7554        598     2.4875  0.000e+00
      4.647    13.6061   3.808224    31.7533        599     2.4917  0.000e+00
      4.475    13.6422   3.809325    31.7336        600     2.4958  0.000e+00
      4.300    13.6691   3.809527    31.7133        601     2.5000  0.000e+00
      4.111    13.6858   3.811684    31.7195        602     2.5042  0.000e+00
      3.908    13.7021   3.816426    31.7499        603     2.5083  0.000e+00
      3.710    13.7282   3.819522    31.7570        604     2.5125  0.000e+00
      3.500    13.7578   3.820080    31.7378        605     2.5167  0.000e+00
      3.292    13.7801   3.824602    31.7612        606     2.5208  0.000e+00
      3.068    13.8081   3.830053    31.7885        607     2.5250  0.000e+00
      2.828    13.8517   3.861765    32.0454        608     2.5292  0.000e+00
      2.573    13.9977   3.894190    32.2226        609     2.5333  0.000e+00
      2.295    14.2481   3.900618    32.0730        610     2.5375  0.000e+00
      2.106    14.4560   3.902098    31.9146        611     2.5417  0.000e+00
      1.923    14.5877   3.906612    31.8475        612     2.5458  0.000e+00
      1.777    14.6768   3.909147    31.7976        613     2.5500  0.000e+00
      1.627    14.7400   3.908915    31.7439        614     2.5542  0.000e+00
      1.558    14.7784   3.910146    31.7237        615     2.5583  0.000e+00
      1.502    14.8018   3.910676    31.7095        616     2.5625  0.000e+00
      1.433    14.8171   3.909960    31.6906        617     2.5667  0.000e+00
      1.366    14.8235   3.909609    31.6822        618     2.5708  0.000e+00
      1.264    14.8248   3.911464    31.6980        619     2.5750  0.000e+00
      1.180    14.8317   3.913750    31.7130        620     2.5792  0.000e+00
      1.153    14.8465   3.915579    31.7175        621     2.5833  0.000e+00
      1.212    14.8648   3.916282    31.7089        622     2.5875  0.000e+00
      1.308    14.8805   3.916348    31.6967        623     2.5917  0.000e+00
      1.397    14.8894   3.916341    31.6894        624     2.5958  0.000e+00
      1.449    14.8936   3.916096    31.6837        625     2.6000  0.000e+00
