HB2303/sbe155.cnv
* Sea-Bird SBE 19plus V2 Data File:
* FileName = C:\cruise\data\sbe155.hex
* Software Version Seasave V 7.26.7.121
* Temperature SN = 6128
* Conductivity SN = 6128
* System UpLoad Time = Aug 23 2023 03:57:13
* NMEA Latitude = 41 38.33 N
* NMEA Longitude = 068 52.44 W
* NMEA UTC (Time) = Aug 23 2023 03:57:08
** Ship: Henry Bigelow
** Cruise:  HB2303
** Program:  ECOMON
# nquan = 7
# nvalues = 2335                                  
# units = specified
# name 0 = depSM: Depth [salt water, m]
# name 1 = tv290C: Temperature [ITS-90, deg C]
# name 2 = c0S/m: Conductivity [S/m]
# name 3 = sal00: Salinity, Practical [PSU]
# name 4 = scan: Scan Count
# name 5 = timeM: Time, Elapsed [minutes]
# name 6 = flag:  0.000e+00
# span 0 =      0.047,    110.337                 
# span 1 =     6.7025,    20.2895                 
# span 2 =   0.001438,   4.368991                 
# span 3 =     0.0144,    33.3551                 
# span 4 =         11,       2345                 
# span 5 =     0.0417,     9.7667                 
# span 6 = 0.0000e+00, 0.0000e+00                 
# interval = seconds: 0.25
# start_time = Aug 23 2023 03:57:08 [NMEA time, header]
# bad_flag = -9.990e-29
*END*
[from data line 2257]
      5.017    20.2848   4.368459    31.3431       2268     9.4458  0.000e+00
      4.947    20.2858   4.368480    31.3426       2269     9.4500  0.000e+00
      4.885    20.2859   4.368390    31.3419       2270     9.4542  0.000e+00
      4.827    20.2860   4.368660    31.3440       2271     9.4583  0.000e+00
      4.778    20.2868   4.368584    31.3428       2272     9.4625  0.000e+00
      4.728    20.2873   4.368632    31.3428       2273     9.4667  0.000e+00
      4.660    20.2874   4.368660    31.3430       2274     9.4708  0.000e+00
      4.579    20.2874   4.368410    31.3410       2275     9.4750  0.000e+00
      4.490    20.2868   4.368507    31.3423       2276     9.4792  0.000e+00
      4.388    20.2863   4.368535    31.3429       2277     9.4833  0.000e+00
      4.273    20.2861   4.368535    31.3430       2278     9.4875  0.000e+00
      4.145    20.2865   4.368521    31.3427       2279     9.4917  0.000e+00
      4.021    20.2864   4.368507    31.3427       2280     9.4958  0.000e+00
      3.913    20.2867   4.368410    31.3418       2281     9.5000  0.000e+00
      3.806    20.2860   4.368382    31.3421       2282     9.5042  0.000e+00
      3.711    20.2854   4.368313    31.3420       2283     9.5083  0.000e+00
      3.637    20.2849   4.368258    31.3419       2284     9.5125  0.000e+00
      3.582    20.2847   4.368278    31.3423       2285     9.5167  0.000e+00
      3.539    20.2843   4.368306    31.3428       2286     9.5208  0.000e+00
      3.515    20.2844   4.368278    31.3425       2287     9.5250  0.000e+00
      3.490    20.2841   4.368341    31.3432       2288     9.5292  0.000e+00
      3.459    20.2847   4.368459    31.3437       2289     9.5333  0.000e+00
      3.425    20.2852   4.368382    31.3428       2290     9.5375  0.000e+00
      3.396    20.2852   4.368479    31.3436       2291     9.5417  0.000e+00
      3.343    20.2855   4.368632    31.3446       2292     9.5458  0.000e+00
      3.265    20.2861   4.368576    31.3437       2293     9.5500  0.000e+00
      3.158    20.2865   4.368611    31.3437       2294     9.5542  0.000e+00
      3.032    20.2866   4.368632    31.3439       2295     9.5583  0.000e+00
      2.880    20.2868   4.368687    31.3442       2296     9.5625  0.000e+00
      2.726    20.2874   4.368736    31.3442       2297     9.5667  0.000e+00
      2.589    20.2882   4.368708    31.3435       2298     9.5708  0.000e+00
      2.485    20.2882   4.368583    31.3424       2299     9.5750  0.000e+00
      2.409    20.2880   4.368611    31.3429       2300     9.5792  0.000e+00
      2.364    20.2880   4.368631    31.3431       2301     9.5833  0.000e+00
      2.334    20.2878   4.368631    31.3432       2302     9.5875  0.000e+00
      2.313    20.2879   4.368708    31.3438       2303     9.5917  0.000e+00
      2.288    20.2883   4.368687    31.3433       2304     9.5958  0.000e+00
      2.264    20.2885   4.368735    31.3435       2305     9.6000  0.000e+00
      2.241    20.2887   4.368735    31.3434       2306     9.6042  0.000e+00
      2.210    20.2889   4.368735    31.3432       2307     9.6083  0.000e+00
      2.156    20.2886   4.368735    31.3435       2308     9.6125  0.000e+00
      2.098    20.2883   4.368583    31.3425       2309     9.6167  0.000e+00
      2.037    20.2880   4.368763    31.3442       2310     9.6208  0.000e+00
      1.960    20.2882   4.368763    31.3441       2311     9.6250  0.000e+00
      1.849    20.2883   4.368784    31.3442       2312     9.6292  0.000e+00
      1.698    20.2885   4.368784    31.3441       2313     9.6333  0.000e+00
      1.501    20.2889   4.368784    31.3439       2314     9.6375  0.000e+00
      1.295    20.2892   4.368783    31.3437       2315     9.6417  0.000e+00
      1.125    20.2894   4.368735    31.3433       2316     9.6458  0.000e+00
      1.029    20.2892   4.368686    31.3430       2317     9.6500  0.000e+00
      1.023    20.2891   4.368735    31.3435       2318     9.6542  0.000e+00
      1.088    20.2891   4.368707    31.3432       2319     9.6583  0.000e+00
      1.203    20.2895   4.368659    31.3426       2320     9.6625  0.000e+00
      1.330    20.2889   4.368631    31.3427       2321     9.6667  0.000e+00
      1.432    20.2883   4.368506    31.3421       2322     9.6708  0.000e+00
      1.526    20.2877   4.368506    31.3425       2323     9.6750  0.000e+00
      1.611    20.2872   4.368555    31.3433       2324     9.6792  0.000e+00
      1.661    20.2866   4.368444    31.3428       2325     9.6833  0.000e+00
      1.691    20.2861   4.368381    31.3427       2326     9.6875  0.000e+00
      1.669    20.2854   4.368458    31.3438       2327     9.6917  0.000e+00
      1.613    20.2850   4.368458    31.3441       2328     9.6958  0.000e+00
      1.529    20.2849   4.368340    31.3433       2329     9.7000  0.000e+00
      1.429    20.2844   4.368333    31.3436       2330     9.7042  0.000e+00
      1.301    20.2840   4.368478    31.3452       2331     9.7083  0.000e+00
      1.137    20.2843   4.368201    31.3427       2332     9.7125  0.000e+00
      0.978    20.2836   4.367466    31.3374       2333     9.7167  0.000e+00
      0.908    20.2800   4.367487    31.3403       2334     9.7208  0.000e+00
      0.972    20.2775   4.367418    31.3416       2335     9.7250  0.000e+00
      1.094    20.2758   4.367494    31.3434       2336     9.7292  0.000e+00
      1.238    20.2751   4.367619    31.3449       2337     9.7333  0.000e+00
      1.368    20.2751   4.367328    31.3424       2338     9.7375  0.000e+00
      1.469    20.2741   4.367820    31.3471       2339     9.7417  0.000e+00
      1.491    20.2751   4.368333    31.3505       2340     9.7458  0.000e+00
      1.409    20.2779   4.368458    31.3494       2341     9.7500  0.000e+00
      1.280    20.2808   4.368659    31.3489       2342     9.7542  0.000e+00
      1.092    20.2833   4.368950    31.3495       2343     9.7583  0.000e+00
      0.868    20.2861   4.368991    31.3478       2344     9.7625  0.000e+00
      0.640    20.2881   4.368783    31.3448       2345     9.7667  0.000e+00
