HB2303/sbe100.cnv
* Sea-Bird SBE 19plus V2 Data File:
* FileName = C:\cruise\data\sbe100.hex
* Software Version Seasave V 7.26.7.121
* Temperature SN = 6128
* Conductivity SN = 6128
* System UpLoad Time = Aug 18 2023 07:57:17
* NMEA Latitude = 41 39.12 N
* NMEA Longitude = 066 10.10 W
* NMEA UTC (Time) = Aug 18 2023 07:57:12
** Ship: Henry Bigelow
** Cruise:  HB2303
** Program:  ECOMON
# nquan = 7
# nvalues = 1881                                  
# units = specified
# name 0 = depSM: Depth [salt water, m]
# name 1 = tv290C: Temperature [ITS-90, deg C]
# name 2 = c0S/m: Conductivity [S/m]
# name 3 = sal00: Salinity, Practical [PSU]
# name 4 = scan: Scan Count
# name 5 = timeM: Time, Elapsed [minutes]
# name 6 = flag:  0.000e+00
# span 0 =     -0.211,     92.086                 
# span 1 =     8.3311,    20.6301                 
# span 2 =   0.002122,   4.323251                 
# span 3 =     0.0176,    32.9719                 
# span 4 =         11,       1891                 
# span 5 =     0.0417,     7.8750                 
# span 6 = 0.0000e+00, 0.0000e+00                 
# interval = seconds: 0.25
# start_time = Aug 18 2023 07:57:12 [NMEA time, header]
# bad_flag = -9.990e-29
*END*
[from data line 1231]
     31.350    11.1847   3.654996    32.3458       1242     5.1708  0.000e+00
     31.247    11.2057   3.656956    32.3467       1243     5.1750  0.000e+00
     31.155    11.2277   3.659974    32.3571       1244     5.1792  0.000e+00
     31.063    11.2551   3.661573    32.3489       1245     5.1833  0.000e+00
     30.970    11.2819   3.661844    32.3280       1246     5.1875  0.000e+00
     30.885    11.3007   3.661857    32.3117       1247     5.1917  0.000e+00
     30.809    11.3118   3.661863    32.3021       1248     5.1958  0.000e+00
     30.733    11.3176   3.661863    32.2970       1249     5.2000  0.000e+00
     30.665    11.3205   3.661908    32.2949       1250     5.2042  0.000e+00
     30.590    11.3226   3.662114    32.2952       1251     5.2083  0.000e+00
     30.534    11.3246   3.662224    32.2945       1252     5.2125  0.000e+00
     30.474    11.3266   3.662760    32.2981       1253     5.2167  0.000e+00
     30.415    11.3297   3.663960    32.3072       1254     5.2208  0.000e+00
     30.360    11.3373   3.665902    32.3196       1255     5.2250  0.000e+00
     30.310    11.3516   3.668052    32.3281       1256     5.2292  0.000e+00
     30.266    11.3716   3.670964    32.3391       1257     5.2333  0.000e+00
     30.217    11.3984   3.673283    32.3385       1258     5.2375  0.000e+00
     30.175    11.4270   3.674904    32.3293       1259     5.2417  0.000e+00
     30.128    11.4531   3.675447    32.3118       1260     5.2458  0.000e+00
     30.081    11.4720   3.676332    32.3040       1261     5.2500  0.000e+00
     30.029    11.4870   3.677191    32.2993       1262     5.2542  0.000e+00
     29.971    11.5004   3.678244    32.2980       1263     5.2583  0.000e+00
     29.913    11.5131   3.679253    32.2967       1264     5.2625  0.000e+00
     29.841    11.5249   3.679369    32.2876       1265     5.2667  0.000e+00
     29.770    11.5335   3.679685    32.2832       1266     5.2708  0.000e+00
     29.696    11.5399   3.681683    32.2971       1267     5.2750  0.000e+00
     29.618    11.5512   3.683060    32.3007       1268     5.2792  0.000e+00
     29.540    11.5660   3.685046    32.3072       1269     5.2833  0.000e+00
     29.460    11.5840   3.686475    32.3055       1270     5.2875  0.000e+00
     29.381    11.6031   3.688862    32.3122       1271     5.2917  0.000e+00
     29.309    11.6247   3.690635    32.3107       1272     5.2958  0.000e+00
     29.241    11.6466   3.693781    32.3223       1273     5.3000  0.000e+00
     29.171    11.6718   3.694739    32.3097       1274     5.3042  0.000e+00
     29.113    11.6930   3.695076    32.2945       1275     5.3083  0.000e+00
     29.062    11.7074   3.695283    32.2840       1276     5.3125  0.000e+00
     29.011    11.7163   3.695373    32.2772       1277     5.3167  0.000e+00
     28.961    11.7218   3.695535    32.2740       1278     5.3208  0.000e+00
     28.921    11.7252   3.695762    32.2732       1279     5.3250  0.000e+00
     28.879    11.7286   3.696539    32.2779       1280     5.3292  0.000e+00
     28.835    11.7330   3.696973    32.2782       1281     5.3333  0.000e+00
     28.794    11.7380   3.697154    32.2757       1282     5.3375  0.000e+00
     28.745    11.7422   3.697562    32.2760       1283     5.3417  0.000e+00
     28.698    11.7466   3.698780    32.2841       1284     5.3458  0.000e+00
     28.642    11.7540   3.699434    32.2840       1285     5.3500  0.000e+00
     28.586    11.7620   3.699797    32.2805       1286     5.3542  0.000e+00
     28.518    11.7692   3.702103    32.2967       1287     5.3583  0.000e+00
     28.452    11.7824   3.709338    32.3555       1288     5.3625  0.000e+00
     28.372    11.8203   3.717267    32.3995       1289     5.3667  0.000e+00
     28.294    11.8826   3.723311    32.4038       1290     5.3708  0.000e+00
     28.218    11.9552   3.728345    32.3894       1291     5.3750  0.000e+00
     28.149    12.0256   3.732778    32.3711       1292     5.3792  0.000e+00
     28.086    12.0887   3.735684    32.3445       1293     5.3833  0.000e+00
     28.028    12.1434   3.740393    32.3425       1294     5.3875  0.000e+00
     27.975    12.1989   3.747065    32.3587       1295     5.3917  0.000e+00
     27.934    12.2654   3.753142    32.3596       1296     5.3958  0.000e+00
     27.889    12.3369   3.758277    32.3471       1297     5.4000  0.000e+00
     27.850    12.4074   3.761139    32.3138       1298     5.4042  0.000e+00
     27.807    12.4663   3.762978    32.2807       1299     5.4083  0.000e+00
     27.767    12.5094   3.763447    32.2482       1300     5.4125  0.000e+00
     27.723    12.5372   3.763864    32.2284       1301     5.4167  0.000e+00
     27.674    12.5544   3.764151    32.2164       1302     5.4208  0.000e+00
     27.629    12.5668   3.765005    32.2139       1303     5.4250  0.000e+00
     27.573    12.5782   3.766193    32.2155       1304     5.4292  0.000e+00
     27.522    12.5913   3.767197    32.2139       1305     5.4333  0.000e+00
     27.473    12.6052   3.769547    32.2244       1306     5.4375  0.000e+00
     27.429    12.6244   3.772282    32.2339       1307     5.4417  0.000e+00
     27.377    12.6508   3.775162    32.2388       1308     5.4458  0.000e+00
     27.326    12.6810   3.780349    32.2623       1309     5.4500  0.000e+00
     27.281    12.7230   3.786945    32.2889       1310     5.4542  0.000e+00
     27.230    12.7803   3.792374    32.2915       1311     5.4583  0.000e+00
     27.172    12.8426   3.798107    32.2925       1312     5.4625  0.000e+00
     27.105    12.9066   3.800012    32.2559       1313     5.4667  0.000e+00
     27.047    12.9586   3.800679    32.2180       1314     5.4708  0.000e+00
     26.974    12.9927   3.801425    32.1961       1315     5.4750  0.000e+00
     26.897    13.0151   3.802584    32.1880       1316     5.4792  0.000e+00
     26.820    13.0336   3.807675    32.2203       1317     5.4833  0.000e+00
     26.750    13.0653   3.813025    32.2437       1318     5.4875  0.000e+00
     26.676    13.1123   3.815084    32.2232       1319     5.4917  0.000e+00
     26.610    13.1548   3.817812    32.2128       1320     5.4958  0.000e+00
     26.551    13.1929   3.822425    32.2238       1321     5.5000  0.000e+00
     26.493    13.2365   3.831344    32.2705       1322     5.5042  0.000e+00
     26.440    13.3045   3.842098    32.3137       1323     5.5083  0.000e+00
     26.397    13.3994   3.850409    32.3109       1324     5.5125  0.000e+00
     26.348    13.5042   3.853720    32.2532       1325     5.5167  0.000e+00
     26.301    13.5879   3.855385    32.1982       1326     5.5208  0.000e+00
     26.248    13.6459   3.857394    32.1680       1327     5.5250  0.000e+00
     26.201    13.6886   3.866536    32.2170       1328     5.5292  0.000e+00
     26.152    13.7493   3.875978    32.2536       1329     5.5333  0.000e+00
     26.096    13.8358   3.882230    32.2387       1330     5.5375  0.000e+00
     26.045    13.9211   3.887661    32.2174       1331     5.5417  0.000e+00
     25.987    13.9983   3.888565    32.1611       1332     5.5458  0.000e+00
     25.929    14.0528   3.889140    32.1210       1333     5.5500  0.000e+00
     25.871    14.0868   3.889423    32.0952       1334     5.5542  0.000e+00
     25.817    14.1074   3.890712    32.0900       1335     5.5583  0.000e+00
     25.759    14.1238   3.892233    32.0903       1336     5.5625  0.000e+00
     25.701    14.1401   3.894058    32.0935       1337     5.5667  0.000e+00
     25.650    14.1581   3.896552    32.1014       1338     5.5708  0.000e+00
     25.600    14.1805   3.899701    32.1117       1339     5.5750  0.000e+00
     25.558    14.2096   3.904288    32.1295       1340     5.5792  0.000e+00
     25.511    14.2476   3.908062    32.1326       1341     5.5833  0.000e+00
     25.469    14.2904   3.909532    32.1105       1342     5.5875  0.000e+00
     25.427    14.3266   3.909975    32.0844       1343     5.5917  0.000e+00
     25.382    14.3507   3.910830    32.0723       1344     5.5958  0.000e+00
     25.333    14.3674   3.911790    32.0672       1345     5.6000  0.000e+00
     25.290    14.3807   3.912201    32.0600       1346     5.6042  0.000e+00
     25.237    14.3916   3.915110    32.0776       1347     5.6083  0.000e+00
     25.172    14.4084   3.918531    32.0949       1348     5.6125  0.000e+00
     25.107    14.4365   3.925987    32.1396       1349     5.6167  0.000e+00
     25.044    14.4855   3.931562    32.1498       1350     5.6208  0.000e+00
     24.977    14.5439   3.933792    32.1218       1351     5.6250  0.000e+00
     24.910    14.5935   3.934396    32.0863       1352     5.6292  0.000e+00
     24.850    14.6265   3.934914    32.0637       1353     5.6333  0.000e+00
     24.785    14.6471   3.935192    32.0494       1354     5.6375  0.000e+00
     24.723    14.6594   3.935637    32.0432       1355     5.6417  0.000e+00
     24.669    14.6684   3.936408    32.0428       1356     5.6458  0.000e+00
     24.614    14.6769   3.937630    32.0469       1357     5.6500  0.000e+00
     24.558    14.6870   3.938706    32.0484       1358     5.6542  0.000e+00
     24.498    14.6990   3.939198    32.0430       1359     5.6583  0.000e+00
     24.437    14.7084   3.939570    32.0387       1360     5.6625  0.000e+00
     24.370    14.7165   3.941776    32.0520       1361     5.6667  0.000e+00
     24.290    14.7294   3.943298    32.0552       1362     5.6708  0.000e+00
     24.209    14.7450   3.943650    32.0455       1363     5.6750  0.000e+00
     24.122    14.7573   3.943371    32.0330       1364     5.6792  0.000e+00
     24.026    14.7639   3.943298    32.0269       1365     5.6833  0.000e+00
     23.935    14.7669   3.944341    32.0339       1366     5.6875  0.000e+00
     23.845    14.7720   3.945152    32.0371       1367     5.6917  0.000e+00
     23.765    14.7793   3.945997    32.0387       1368     5.6958  0.000e+00
     23.684    14.7878   3.946721    32.0383       1369     5.7000  0.000e+00
     23.597    14.7967   3.947712    32.0400       1370     5.7042  0.000e+00
     23.521    14.8066   3.949282    32.0461       1371     5.7083  0.000e+00
     23.452    14.8191   3.949401    32.0369       1372     5.7125  0.000e+00
     23.385    14.8288   3.949095    32.0262       1373     5.7167  0.000e+00
     23.322    14.8336   3.950013    32.0306       1374     5.7208  0.000e+00
     23.266    14.8384   3.950292    32.0292       1375     5.7250  0.000e+00
     23.208    14.8442   3.953000    32.0489       1376     5.7292  0.000e+00
     23.159    14.8585   3.960090    32.1012       1377     5.7333  0.000e+00
     23.108    14.8985   3.971663    32.1728       1378     5.7375  0.000e+00
     23.050    14.9734   3.977998    32.1682       1379     5.7417  0.000e+00
     22.994    15.0574   3.981354    32.1294       1380     5.7458  0.000e+00
     22.940    15.1268   3.983823    32.0946       1381     5.7500  0.000e+00
     22.891    15.1788   3.985791    32.0697       1382     5.7542  0.000e+00
     22.826    15.2192   3.991047    32.0839       1383     5.7583  0.000e+00
     22.762    15.2639   3.993692    32.0710       1384     5.7625  0.000e+00
     22.693    15.3067   3.996840    32.0642       1385     5.7667  0.000e+00
     22.627    15.3455   3.997387    32.0374       1386     5.7708  0.000e+00
     22.547    15.3740   4.000248    32.0398       1387     5.7750  0.000e+00
     22.475    15.4008   4.000984    32.0246       1388     5.7792  0.000e+00
     22.390    15.4217   4.002180    32.0183       1389     5.7833  0.000e+00
     22.305    15.4391   4.003277    32.0139       1390     5.7875  0.000e+00
     22.220    15.4547   4.004474    32.0119       1391     5.7917  0.000e+00
     22.129    15.4681   4.006120    32.0157       1392     5.7958  0.000e+00
     22.043    15.4835   4.006675    32.0081       1393     5.8000  0.000e+00
     21.950    15.4963   4.007893    32.0086       1394     5.8042  0.000e+00
     21.860    15.5086   4.009880    32.0164       1395     5.8083  0.000e+00
     21.779    15.5242   4.014118    32.0414       1396     5.8125  0.000e+00
     21.694    15.5518   4.017426    32.0484       1397     5.8167  0.000e+00
     21.614    15.5862   4.019127    32.0356       1398     5.8208  0.000e+00
     21.540    15.6180   4.021096    32.0273       1399     5.8250  0.000e+00
     21.463    15.6462   4.023763    32.0281       1400     5.8292  0.000e+00
     21.381    15.6754   4.029274    32.0533       1401     5.8333  0.000e+00
     21.301    15.7166   4.041575    32.1290       1402     5.8375  0.000e+00
     21.209    15.7931   4.052270    32.1616       1403     5.8417  0.000e+00
     21.127    15.8955   4.056343    32.1144       1404     5.8458  0.000e+00
     21.042    15.9850   4.058164    32.0581       1405     5.8500  0.000e+00
     20.952    16.0472   4.059475    32.0194       1406     5.8542  0.000e+00
     20.870    16.0893   4.060376    31.9934       1407     5.8583  0.000e+00
     20.787    16.1186   4.066917    32.0274       1408     5.8625  0.000e+00
     20.714    16.1592   4.071085    32.0313       1409     5.8667  0.000e+00
     20.642    16.2082   4.071852    31.9986       1410     5.8708  0.000e+00
     20.579    16.2440   4.075226    31.9994       1411     5.8750  0.000e+00
     20.515    16.2779   4.080921    32.0220       1412     5.8792  0.000e+00
     20.459    16.3236   4.080941    31.9855       1413     5.8833  0.000e+00
     20.401    16.3751   4.091226    32.0341       1414     5.8875  0.000e+00
     20.341    16.4335   4.101029    32.0728       1415     5.8917  0.000e+00
     20.285    16.5127   4.118283    32.1596       1416     5.8958  0.000e+00
     20.221    16.6376   4.138318    32.2335       1417     5.9000  0.000e+00
     20.165    16.8077   4.149102    32.1904       1418     5.9042  0.000e+00
     20.095    16.9732   4.152617    32.0886       1419     5.9083  0.000e+00
     20.020    17.0929   4.155827    32.0210       1420     5.9125  0.000e+00
     19.952    17.1762   4.157912    31.9730       1421     5.9167  0.000e+00
     19.880    17.2336   4.163395    31.9746       1422     5.9208  0.000e+00
     19.798    17.2887   4.171364    31.9992       1423     5.9250  0.000e+00
     19.710    17.3551   4.174003    31.9694       1424     5.9292  0.000e+00
     19.623    17.4133   4.174430    31.9272       1425     5.9333  0.000e+00
     19.532    17.4520   4.181182    31.9544       1426     5.9375  0.000e+00
     19.443    17.4963   4.186338    31.9634       1427     5.9417  0.000e+00
     19.353    17.5506   4.188279    31.9373       1428     5.9458  0.000e+00
     19.261    17.5946   4.188203    31.9021       1429     5.9500  0.000e+00
     19.174    17.6227   4.188251    31.8805       1430     5.9542  0.000e+00
     19.087    17.6375   4.188564    31.8716       1431     5.9583  0.000e+00
     19.005    17.6467   4.191303    31.8877       1432     5.9625  0.000e+00
     18.944    17.6617   4.195400    31.9107       1433     5.9667  0.000e+00
     18.877    17.6885   4.195939    31.8943       1434     5.9708  0.000e+00
     18.822    17.7116   4.196007    31.8767       1435     5.9750  0.000e+00
     18.768    17.7256   4.196252    31.8679       1436     5.9792  0.000e+00
     18.712    17.7338   4.196586    31.8643       1437     5.9833  0.000e+00
     18.657    17.7393   4.196559    31.8598       1438     5.9875  0.000e+00
     18.606    17.7424   4.196688    31.8585       1439     5.9917  0.000e+00
     18.541    17.7446   4.197472    31.8635       1440     5.9958  0.000e+00
     18.471    17.7485   4.197752    31.8628       1441     6.0000  0.000e+00
     18.391    17.7523   4.198454    31.8658       1442     6.0042  0.000e+00
     18.306    17.7578   4.200685    31.8804       1443     6.0083  0.000e+00
     18.218    17.7703   4.202199    31.8835       1444     6.0125  0.000e+00
     18.125    17.7856   4.203093    31.8792       1445     6.0167  0.000e+00
