HB2303/sbe170.cnv
* Sea-Bird SBE 19plus V2 Data File:
* FileName = C:\cruise\data\sbe170.hex
* Software Version Seasave V 7.26.7.121
* Temperature SN = 6128
* Conductivity SN = 6128
* System UpLoad Time = Aug 24 2023 09:02:26
* NMEA Latitude = 41 06.61 N
* NMEA Longitude = 070 37.46 W
* NMEA UTC (Time) = Aug 24 2023 09:02:22
** Ship: Henry Bigelow
** Cruise:  HB2303
** Program:  ECOMON
# nquan = 7
# nvalues = 1375                                  
# units = specified
# name 0 = depSM: Depth [salt water, m]
# name 1 = tv290C: Temperature [ITS-90, deg C]
# name 2 = c0S/m: Conductivity [S/m]
# name 3 = sal00: Salinity, Practical [PSU]
# name 4 = scan: Scan Count
# name 5 = timeM: Time, Elapsed [minutes]
# name 6 = flag:  0.000e+00
# span 0 =     -0.066,     37.088                 
# span 1 =    12.5751,    18.3596                 
# span 2 =   0.005020,   4.227325                 
# span 3 =     0.0317,    32.6838                 
# span 4 =         11,       1385                 
# span 5 =     0.0417,     5.7667                 
# span 6 = 0.0000e+00, 0.0000e+00                 
# interval = seconds: 0.25
# start_time = Aug 24 2023 09:02:22 [NMEA time, header]
# bad_flag = -9.990e-29
*END*
      0.094    17.3490   0.005391     0.0336         11     0.0417  0.000e+00
      0.096    17.3523   0.005403     0.0337         12     0.0458  0.000e+00
      0.091    17.3543   0.005424     0.0338         13     0.0500  0.000e+00
      0.091    17.3573   0.005424     0.0338         14     0.0542  0.000e+00
      0.094    17.3596   0.005436     0.0339         15     0.0583  0.000e+00
      0.087    17.3619   0.005442     0.0339         16     0.0625  0.000e+00
      0.088    17.3643   0.005448     0.0339         17     0.0667  0.000e+00
      0.089    17.3664   0.005460     0.0340         18     0.0708  0.000e+00
      0.092    17.3702   0.005454     0.0340         19     0.0750  0.000e+00
      0.093    17.3720   0.005442     0.0339         20     0.0792  0.000e+00
      0.093    17.3748   0.005448     0.0339         21     0.0833  0.000e+00
      0.089    17.3773   0.005454     0.0340         22     0.0875  0.000e+00
      0.092    17.3800   0.005448     0.0339         23     0.0917  0.000e+00
      0.092    17.3826   0.005436     0.0339         24     0.0958  0.000e+00
      0.089    17.3849   0.005442     0.0339         25     0.1000  0.000e+00
      0.089    17.3876   0.005418     0.0338         26     0.1042  0.000e+00
      0.094    17.3901   0.005418     0.0338         27     0.1083  0.000e+00
      0.091    17.3922   0.005433     0.0339         28     0.1125  0.000e+00
      0.091    17.3948   0.005430     0.0338         29     0.1167  0.000e+00
      0.098    17.3980   0.005418     0.0338         30     0.1208  0.000e+00
      0.089    17.3996   0.005424     0.0338         31     0.1250  0.000e+00
      0.091    17.4024   0.005412     0.0337         32     0.1292  0.000e+00
      0.086    17.4043   0.005412     0.0337         33     0.1333  0.000e+00
      0.085    17.4066   0.005424     0.0338         34     0.1375  0.000e+00
      0.086    17.4090   0.005403     0.0337         35     0.1417  0.000e+00
      0.087    17.4115   0.005412     0.0337         36     0.1458  0.000e+00
      0.087    17.4141   0.005424     0.0338         37     0.1500  0.000e+00
      0.087    17.4161   0.005412     0.0337         38     0.1542  0.000e+00
      0.086    17.4180   0.005403     0.0337         39     0.1583  0.000e+00
      0.084    17.4195   0.005403     0.0337         40     0.1625  0.000e+00
      0.084    17.4213   0.005397     0.0337         41     0.1667  0.000e+00
      0.083    17.4241   0.005403     0.0337         42     0.1708  0.000e+00
      0.086    17.4254   0.005418     0.0338         43     0.1750  0.000e+00
      0.088    17.4271   0.005403     0.0337         44     0.1792  0.000e+00
      0.090    17.4284   0.005403     0.0337         45     0.1833  0.000e+00
      0.086    17.4306   0.005397     0.0337         46     0.1875  0.000e+00
      0.086    17.4320   0.005379     0.0336         47     0.1917  0.000e+00
      0.086    17.4338   0.005379     0.0336         48     0.1958  0.000e+00
      0.079    17.4356   0.005382     0.0336         49     0.2000  0.000e+00
      0.079    17.4375   0.005367     0.0335         50     0.2042  0.000e+00
      0.080    17.4392   0.005367     0.0335         51     0.2083  0.000e+00
      0.084    17.4400   0.005391     0.0336         52     0.2125  0.000e+00
      0.086    17.4423   0.005391     0.0336         53     0.2167  0.000e+00
      0.084    17.4435   0.005367     0.0335         54     0.2208  0.000e+00
      0.082    17.4451   0.005358     0.0334         55     0.2250  0.000e+00
      0.080    17.4463   0.005322     0.0333         56     0.2292  0.000e+00
      0.080    17.4476   0.005277     0.0330         57     0.2333  0.000e+00
      0.082    17.4491   0.005182     0.0325         58     0.2375  0.000e+00
      0.086    17.4499   0.005253     0.0329         59     0.2417  0.000e+00
      0.090    17.4510   0.005328     0.0333         60     0.2458  0.000e+00
      0.086    17.4518   0.005322     0.0333         61     0.2500  0.000e+00
      0.086    17.4528   0.005208     0.0327         62     0.2542  0.000e+00
      0.084    17.4541   0.005113     0.0322         63     0.2583  0.000e+00
      0.083    17.4547   0.005065     0.0319         64     0.2625  0.000e+00
      0.079    17.4557   0.005020     0.0317         65     0.2667  0.000e+00
      0.080    17.4568   0.005038     0.0318         66     0.2708  0.000e+00
      0.080    17.4577   0.005044     0.0318         67     0.2750  0.000e+00
      0.084    17.4586   0.005107     0.0321         68     0.2792  0.000e+00
      0.084    17.4615   0.005056     0.0319         69     0.2833  0.000e+00
      0.137    17.4655   0.005080     0.0320         70     0.2875  0.000e+00
      0.303    17.4708   1.617998    11.2592         71     0.2917  0.000e+00
      0.427    17.4950   1.464801    10.1015         72     0.2958  0.000e+00
      0.530    17.6265   2.580731    18.6678         73     0.3000  0.000e+00
      0.635    17.7820   2.387404    17.0759         74     0.3042  0.000e+00
      0.731    17.8987   2.127017    15.0077         75     0.3083  0.000e+00
      0.822    17.9690   2.586900    18.5610         76     0.3125  0.000e+00
      0.911    18.0120   3.476365    25.6777         77     0.3167  0.000e+00
      0.994    18.0482   4.219309    31.8172         78     0.3208  0.000e+00
      1.075    18.0873   4.097454    30.7646         79     0.3250  0.000e+00
      1.160    18.1185   2.430222    17.2696         80     0.3292  0.000e+00
      1.239    18.1422   2.424839    17.2178         81     0.3333  0.000e+00
      1.309    18.1470   4.191610    31.5081         82     0.3375  0.000e+00
      1.391    18.1302   4.218010    31.7426         83     0.3417  0.000e+00
      1.477    18.1141   4.213548    31.7175         84     0.3458  0.000e+00
      1.583    18.1080   4.201233    31.6187         85     0.3500  0.000e+00
      1.677    18.1086   4.216329    31.7451         86     0.3542  0.000e+00
      1.770    18.1116   4.215632    31.7369         87     0.3583  0.000e+00
      1.864    18.1167   4.215058    31.7281         88     0.3625  0.000e+00
      1.955    18.1237   4.214587    31.7187         89     0.3667  0.000e+00
      2.041    18.1312   4.214375    31.7110         90     0.3708  0.000e+00
      2.142    18.1417   4.214252    31.7018         91     0.3750  0.000e+00
      2.234    18.1608   4.213944    31.6844         92     0.3792  0.000e+00
      2.329    18.1744   4.213234    31.6679         93     0.3833  0.000e+00
      2.415    18.1798   4.213534    31.6663         94     0.3875  0.000e+00
      2.511    18.1843   4.214067    31.6672         95     0.3917  0.000e+00
      2.607    18.1813   4.214299    31.6714         96     0.3958  0.000e+00
      2.703    18.1719   4.214600    31.6812         97     0.4000  0.000e+00
      2.807    18.1605   4.214833    31.6919         98     0.4042  0.000e+00
      2.902    18.1508   4.214881    31.6998         99     0.4083  0.000e+00
      2.994    18.1448   4.214689    31.7028        100     0.4125  0.000e+00
      3.079    18.1412   4.214245    31.7018        101     0.4167  0.000e+00
      3.167    18.1401   4.213815    31.6991        102     0.4208  0.000e+00
      3.256    18.1414   4.213638    31.6966        103     0.4250  0.000e+00
      3.337    18.1428   4.213685    31.6958        104     0.4292  0.000e+00
      3.429    18.1434   4.213788    31.6962        105     0.4333  0.000e+00
      3.512    18.1458   4.213842    31.6947        106     0.4375  0.000e+00
      3.595    18.1496   4.213665    31.6903        107     0.4417  0.000e+00
      3.676    18.1525   4.213330    31.6852        108     0.4458  0.000e+00
      3.757    18.1521   4.213235    31.6847        109     0.4500  0.000e+00
      3.835    18.1496   4.213207    31.6863        110     0.4542  0.000e+00
      3.920    18.1481   4.213207    31.6875        111     0.4583  0.000e+00
      4.003    18.1482   4.213160    31.6870        112     0.4625  0.000e+00
      4.086    18.1476   4.213078    31.6867        113     0.4667  0.000e+00
      4.173    18.1479   4.213016    31.6859        114     0.4708  0.000e+00
      4.265    18.1525   4.212927    31.6816        115     0.4750  0.000e+00
      4.369    18.1546   4.212893    31.6797        116     0.4792  0.000e+00
      4.485    18.1543   4.213030    31.6810        117     0.4833  0.000e+00
      4.610    18.1549   4.213016    31.6804        118     0.4875  0.000e+00
      4.751    18.1550   4.212873    31.6791        119     0.4917  0.000e+00
      4.890    18.1545   4.212695    31.6779        120     0.4958  0.000e+00
      5.037    18.1560   4.212477    31.6749        121     0.5000  0.000e+00
      5.181    18.1581   4.212313    31.6718        122     0.5042  0.000e+00
      5.322    18.1592   4.211971    31.6680        123     0.5083  0.000e+00
      5.468    18.1599   4.211172    31.6607        124     0.5125  0.000e+00
      5.619    18.1595   4.210592    31.6561        125     0.5167  0.000e+00
      5.769    18.1595   4.210182    31.6527        126     0.5208  0.000e+00
      5.915    18.1438   4.208455    31.6502        127     0.5250  0.000e+00
      6.063    18.0881   4.202333    31.6418        128     0.5292  0.000e+00
      6.206    18.0003   4.193543    31.6357        129     0.5333  0.000e+00
      6.343    17.9066   4.186824    31.6516        130     0.5375  0.000e+00
      6.480    17.8121   4.183604    31.6977        131     0.5417  0.000e+00
      6.607    17.7343   4.181814    31.7431        132     0.5458  0.000e+00
      6.739    17.6757   4.180262    31.7756        133     0.5500  0.000e+00
      6.861    17.6353   4.178697    31.7938        134     0.5542  0.000e+00
      6.981    17.6085   4.178370    31.8119        135     0.5583  0.000e+00
      7.100    17.5888   4.184663    31.8809        136     0.5625  0.000e+00
      7.219    17.5779   4.192213    31.9536        137     0.5667  0.000e+00
      7.344    17.5689   4.196952    32.0010        138     0.5708  0.000e+00
      7.472    17.5623   4.202860    32.0564        139     0.5750  0.000e+00
      7.596    17.5630   4.205753    32.0804        140     0.5792  0.000e+00
      7.735    17.5786   4.205924    32.0695        141     0.5833  0.000e+00
      7.874    17.6060   4.205521    32.0444        142     0.5875  0.000e+00
      8.016    17.6345   4.205077    32.0181        143     0.5917  0.000e+00
      8.161    17.6572   4.204708    31.9971        144     0.5958  0.000e+00
      8.305    17.6709   4.204230    31.9822        145     0.6000  0.000e+00
      8.455    17.6808   4.203111    31.9649        146     0.6042  0.000e+00
      8.600    17.6891   4.200934    31.9398        147     0.6083  0.000e+00
      8.750    17.6909   4.197530    31.9095        148     0.6125  0.000e+00
      8.896    17.6886   4.193071    31.8734        149     0.6167  0.000e+00
      9.042    17.6646   4.185745    31.8299        150     0.6208  0.000e+00
      9.185    17.5861   4.177990    31.8255        151     0.6250  0.000e+00
      9.325    17.4441   4.170480    31.8729        152     0.6292  0.000e+00
      9.456    17.2569   4.163057    31.9570        153     0.6333  0.000e+00
      9.588    17.0929   4.160660    32.0664        154     0.6375  0.000e+00
      9.711    16.9490   4.171643    32.2759        155     0.6417  0.000e+00
      9.832    16.8608   4.186840    32.4783        156     0.6458  0.000e+00
      9.939    16.8070   4.197986    32.6185        157     0.6500  0.000e+00
     10.042    16.7836   4.203329    32.6838        158     0.6542  0.000e+00
     10.132    16.8564   4.204024    32.6306        159     0.6583  0.000e+00
     10.220    17.0018   4.203046    32.5044        160     0.6625  0.000e+00
     10.307    17.1703   4.204258    32.3792        161     0.6667  0.000e+00
     10.387    17.3657   4.205703    32.2354        162     0.6708  0.000e+00
     10.466    17.5390   4.207325    32.1117        163     0.6750  0.000e+00
     10.547    17.6760   4.208054    32.0099        164     0.6792  0.000e+00
     10.630    17.7821   4.208107    31.9270        165     0.6833  0.000e+00
     10.706    17.8588   4.207928    31.8654        166     0.6875  0.000e+00
     10.790    17.9115   4.208283    31.8273        167     0.6917  0.000e+00
     10.875    17.9397   4.208583    31.8078        168     0.6958  0.000e+00
     10.965    17.9588   4.208460    31.7919        169     0.7000  0.000e+00
     11.059    17.9817   4.208384    31.7734        170     0.7042  0.000e+00
     11.155    18.0031   4.208172    31.7550        171     0.7083  0.000e+00
     11.256    18.0192   4.207954    31.7406        172     0.7125  0.000e+00
     11.360    18.0329   4.207858    31.7292        173     0.7167  0.000e+00
     11.470    18.0418   4.207721    31.7210        174     0.7208  0.000e+00
     11.592    18.0476   4.207639    31.7159        175     0.7250  0.000e+00
     11.707    18.0539   4.207544    31.7101        176     0.7292  0.000e+00
     11.827    18.0589   4.207448    31.7054        177     0.7333  0.000e+00
     11.947    18.0598   4.207373    31.7040        178     0.7375  0.000e+00
     12.072    18.0599   4.207271    31.7031        179     0.7417  0.000e+00
     12.196    18.0616   4.207107    31.7003        180     0.7458  0.000e+00
     12.310    18.0645   4.206936    31.6966        181     0.7500  0.000e+00
     12.429    18.0678   4.206718    31.6921        182     0.7542  0.000e+00
     12.537    18.0712   4.206179    31.6849        183     0.7583  0.000e+00
     12.642    18.0753   4.204957    31.6715        184     0.7625  0.000e+00
     12.738    18.0784   4.203762    31.6590        185     0.7667  0.000e+00
     12.833    18.0804   4.202575    31.6474        186     0.7708  0.000e+00
     12.919    18.0798   4.200617    31.6314        187     0.7750  0.000e+00
     13.001    18.0755   4.195188    31.5891        188     0.7792  0.000e+00
     13.080    18.0678   4.190334    31.5542        189     0.7833  0.000e+00
     13.162    18.0563   4.180858    31.4834        190     0.7875  0.000e+00
     13.240    18.0396   4.174317    31.4413        191     0.7917  0.000e+00
     13.314    18.0136   4.173249    31.4523        192     0.7958  0.000e+00
     13.391    17.9739   4.162301    31.3907        193     0.8000  0.000e+00
     13.472    17.9273   4.152554    31.3443        194     0.8042  0.000e+00
     13.561    17.8636   4.144722    31.3272        195     0.8083  0.000e+00
     13.651    17.7987   4.139107    31.3297        196     0.8125  0.000e+00
     13.748    17.7398   4.135812    31.3471        197     0.8167  0.000e+00
     13.855    17.6755   4.131916    31.3636        198     0.8208  0.000e+00
     13.963    17.5965   4.125543    31.3705        199     0.8250  0.000e+00
     14.076    17.5229   4.117976    31.3630        200     0.8292  0.000e+00
     14.195    17.4686   4.112267    31.3564        201     0.8333  0.000e+00
     14.315    17.4043   4.109110    31.3792        202     0.8375  0.000e+00
     14.432    17.3212   4.106184    31.4187        203     0.8417  0.000e+00
     14.553    17.2493   4.102807    31.4456        204     0.8458  0.000e+00
     14.667    17.2056   4.099767    31.4535        205     0.8500  0.000e+00
     14.784    17.1768   4.097721    31.4585        206     0.8542  0.000e+00
     14.901    17.1359   4.095386    31.4703        207     0.8583  0.000e+00
     15.014    17.0841   4.091681    31.4788        208     0.8625  0.000e+00
     15.133    17.0358   4.086756    31.4742        209     0.8667  0.000e+00
     15.247    16.9796   4.081914    31.4765        210     0.8708  0.000e+00
     15.363    16.9216   4.076011    31.4710        211     0.8750  0.000e+00
     15.476    16.8672   4.068999    31.4531        212     0.8792  0.000e+00
     15.593    16.8000   4.062646    31.4509        213     0.8833  0.000e+00
     15.709    16.7263   4.061166    31.4958        214     0.8875  0.000e+00
     15.824    16.6544   4.055947    31.5071        215     0.8917  0.000e+00
