HB2303/sbe140.cnv
* Sea-Bird SBE 19plus V2 Data File:
* FileName = C:\cruise\data\sbe140.hex
* Software Version Seasave V 7.26.7.121
* Temperature SN = 6128
* Conductivity SN = 6128
* System UpLoad Time = Aug 21 2023 20:49:56
* NMEA Latitude = 43 13.76 N
* NMEA Longitude = 070 13.48 W
* NMEA UTC (Time) = Aug 21 2023 20:49:52
** Ship: Henry Bigelow
** Cruise:  HB2303
** Program:  ECOMON
# nquan = 7
# nvalues = 2547                                  
# units = specified
# name 0 = depSM: Depth [salt water, m]
# name 1 = tv290C: Temperature [ITS-90, deg C]
# name 2 = c0S/m: Conductivity [S/m]
# name 3 = sal00: Salinity, Practical [PSU]
# name 4 = scan: Scan Count
# name 5 = timeM: Time, Elapsed [minutes]
# name 6 = flag:  0.000e+00
# span 0 =     -0.249,    103.780                 
# span 1 =     6.6368,    22.9431                 
# span 2 =   0.001049,   4.312689                 
# span 3 =     0.0137,    32.6429                 
# span 4 =         11,       2557                 
# span 5 =     0.0417,    10.6500                 
# span 6 = 0.0000e+00, 0.0000e+00                 
# interval = seconds: 0.25
# start_time = Aug 21 2023 20:49:52 [NMEA time, header]
# bad_flag = -9.990e-29
*END*
[from data line 821]
    103.746     6.8938   3.308859    32.6406        832     3.4625  0.000e+00
    103.699     6.8957   3.308673    32.6368        833     3.4667  0.000e+00
    103.646     6.8965   3.308375    32.6329        834     3.4708  0.000e+00
    103.594     6.8965   3.308276    32.6317        835     3.4750  0.000e+00
    103.551     6.8960   3.308226    32.6317        836     3.4792  0.000e+00
    103.509     6.8955   3.308208    32.6320        837     3.4833  0.000e+00
    103.470     6.8952   3.308220    32.6325        838     3.4875  0.000e+00
    103.434     6.8949   3.308226    32.6328        839     3.4917  0.000e+00
    103.391     6.8949   3.308251    32.6331        840     3.4958  0.000e+00
    103.349     6.8949   3.308251    32.6331        841     3.5000  0.000e+00
    103.315     6.8949   3.308301    32.6337        842     3.5042  0.000e+00
    103.281     6.8951   3.308313    32.6336        843     3.5083  0.000e+00
    103.248     6.8953   3.308270    32.6330        844     3.5125  0.000e+00
    103.212     6.8954   3.308319    32.6335        845     3.5167  0.000e+00
    103.176     6.8956   3.308375    32.6339        846     3.5208  0.000e+00
    103.138     6.8956   3.308294    32.6331        847     3.5250  0.000e+00
    103.113     6.8955   3.308238    32.6325        848     3.5292  0.000e+00
    103.080     6.8954   3.308146    32.6316        849     3.5333  0.000e+00
    103.050     6.8951   3.308084    32.6313        850     3.5375  0.000e+00
    103.015     6.8947   3.308034    32.6311        851     3.5417  0.000e+00
    102.984     6.8945   3.308015    32.6311        852     3.5458  0.000e+00
    102.955     6.8941   3.308084    32.6323        853     3.5500  0.000e+00
    102.926     6.8942   3.308139    32.6328        854     3.5542  0.000e+00
    102.897     6.8944   3.308145    32.6327        855     3.5583  0.000e+00
    102.867     6.8945   3.308015    32.6311        856     3.5625  0.000e+00
    102.842     6.8944   3.308034    32.6314        857     3.5667  0.000e+00
    102.814     6.8943   3.308083    32.6322        858     3.5708  0.000e+00
    102.795     6.8943   3.308083    32.6322        859     3.5750  0.000e+00
    102.773     6.8943   3.307997    32.6312        860     3.5792  0.000e+00
    102.744     6.8940   3.307935    32.6308        861     3.5833  0.000e+00
    102.720     6.8940   3.307873    32.6302        862     3.5875  0.000e+00
    102.689     6.8935   3.307873    32.6306        863     3.5917  0.000e+00
    102.656     6.8932   3.307897    32.6312        864     3.5958  0.000e+00
    102.621     6.8933   3.307910    32.6313        865     3.6000  0.000e+00
    102.583     6.8932   3.307662    32.6286        866     3.6042  0.000e+00
    102.542     6.8928   3.307216    32.6241        867     3.6083  0.000e+00
    102.497     6.8910   3.306398    32.6170        868     3.6125  0.000e+00
    102.446     6.8881   3.305784    32.6130        869     3.6167  0.000e+00
    102.392     6.8844   3.305332    32.6116        870     3.6208  0.000e+00
    102.347     6.8810   3.304923    32.6104        871     3.6250  0.000e+00
    102.303     6.8777   3.304502    32.6089        872     3.6292  0.000e+00
    102.254     6.8742   3.303355    32.5997        873     3.6333  0.000e+00
    102.202     6.8697   3.302922    32.5993        874     3.6375  0.000e+00
    102.149     6.8650   3.302265    32.5966        875     3.6417  0.000e+00
    102.097     6.8603   3.301869    32.5967        876     3.6458  0.000e+00
    102.050     6.8559   3.301733    32.5994        877     3.6500  0.000e+00
    102.003     6.8527   3.301634    32.6014        878     3.6542  0.000e+00
    101.950     6.8508   3.301534    32.6021        879     3.6583  0.000e+00
    101.914     6.8491   3.301497    32.6033        880     3.6625  0.000e+00
    101.869     6.8480   3.301386    32.6032        881     3.6667  0.000e+00
    101.834     6.8470   3.301219    32.6023        882     3.6708  0.000e+00
    101.803     6.8460   3.301058    32.6016        883     3.6750  0.000e+00
    101.767     6.8449   3.301008    32.6020        884     3.6792  0.000e+00
    101.733     6.8439   3.300271    32.5949        885     3.6833  0.000e+00
    101.700     6.8416   3.299553    32.5893        886     3.6875  0.000e+00
    101.665     6.8382   3.298636    32.5825        887     3.6917  0.000e+00
    101.625     6.8336   3.298061    32.5805        888     3.6958  0.000e+00
    101.580     6.8292   3.297683    32.5806        889     3.7000  0.000e+00
    101.538     6.8253   3.297138    32.5783        890     3.7042  0.000e+00
    101.482     6.8219   3.296674    32.5765        891     3.7083  0.000e+00
    101.425     6.8189   3.296383    32.5762        892     3.7125  0.000e+00
    101.367     6.8165   3.296123    32.5756        893     3.7167  0.000e+00
    101.302     6.8146   3.296005    32.5762        894     3.7208  0.000e+00
    101.232     6.8134   3.295981    32.5771        895     3.7250  0.000e+00
    101.161     6.8129   3.296154    32.5795        896     3.7292  0.000e+00
    101.082     6.8135   3.296364    32.5812        897     3.7333  0.000e+00
    101.002     6.8154   3.296445    32.5804        898     3.7375  0.000e+00
    100.917     6.8171   3.296383    32.5782        899     3.7417  0.000e+00
    100.835     6.8181   3.296302    32.5763        900     3.7458  0.000e+00
    100.752     6.8192   3.295919    32.5712        901     3.7500  0.000e+00
    100.669     6.8191   3.295479    32.5664        902     3.7542  0.000e+00
    100.585     6.8186   3.296005    32.5728        903     3.7583  0.000e+00
    100.495     6.8207   3.296661    32.5780        904     3.7625  0.000e+00
    100.405     6.8253   3.297225    32.5799        905     3.7667  0.000e+00
    100.310     6.8305   3.297534    32.5784        906     3.7708  0.000e+00
    100.222     6.8356   3.298481    32.5840        907     3.7750  0.000e+00
    100.127     6.8418   3.299113    32.5850        908     3.7792  0.000e+00
    100.037     6.8494   3.299577    32.5830        909     3.7833  0.000e+00
     99.945     6.8563   3.299026    32.5704        910     3.7875  0.000e+00
     99.847     6.8597   3.298481    32.5612        911     3.7917  0.000e+00
     99.748     6.8596   3.297954    32.5557        912     3.7958  0.000e+00
     99.651     6.8577   3.297682    32.5545        913     3.8000  0.000e+00
     99.550     6.8550   3.297577    32.5560        914     3.8042  0.000e+00
     99.449     6.8531   3.298165    32.5642        915     3.8083  0.000e+00
     99.353     6.8540   3.298122    32.5630        916     3.8125  0.000e+00
     99.246     6.8549   3.296716    32.5468        917     3.8167  0.000e+00
     99.150     6.8510   3.296704    32.5504        918     3.8208  0.000e+00
     99.053     6.8470   3.296778    32.5550        919     3.8250  0.000e+00
     98.952     6.8453   3.296401    32.5526        920     3.8292  0.000e+00
     98.858     6.8434   3.296345    32.5538        921     3.8333  0.000e+00
     98.757     6.8419   3.296382    32.5557        922     3.8375  0.000e+00
     98.657     6.8412   3.296506    32.5578        923     3.8417  0.000e+00
     98.560     6.8414   3.296462    32.5571        924     3.8458  0.000e+00
     98.460     6.8412   3.295286    32.5445        925     3.8500  0.000e+00
     98.350     6.8375   3.294222    32.5363        926     3.8542  0.000e+00
     98.245     6.8315   3.293356    32.5326        927     3.8583  0.000e+00
     98.138     6.8239   3.293071    32.5368        928     3.8625  0.000e+00
     98.026     6.8178   3.292124    32.5322        929     3.8667  0.000e+00
     97.911     6.8116   3.291642    32.5329        930     3.8708  0.000e+00
     97.795     6.8060   3.291283    32.5343        931     3.8750  0.000e+00
     97.675     6.8012   3.290961    32.5354        932     3.8792  0.000e+00
     97.556     6.7973   3.290652    32.5358        933     3.8833  0.000e+00
     97.424     6.7940   3.290318    32.5352        934     3.8875  0.000e+00
     97.297     6.7911   3.289650    32.5307        935     3.8917  0.000e+00
     97.167     6.7875   3.289335    32.5307        936     3.8958  0.000e+00
     97.038     6.7841   3.288766    32.5278        937     3.9000  0.000e+00
     96.907     6.7803   3.288351    32.5269        938     3.9042  0.000e+00
     96.776     6.7765   3.287795    32.5245        939     3.9083  0.000e+00
     96.653     6.7726   3.286824    32.5176        940     3.9125  0.000e+00
     96.529     6.7675   3.285649    32.5096        941     3.9167  0.000e+00
     96.409     6.7610   3.284141    32.4993        942     3.9208  0.000e+00
     96.295     6.7531   3.283523    32.5000        943     3.9250  0.000e+00
     96.181     6.7458   3.282825    32.4993        944     3.9292  0.000e+00
     96.074     6.7394   3.282473    32.5016        945     3.9333  0.000e+00
     95.964     6.7343   3.282324    32.5049        946     3.9375  0.000e+00
     95.854     6.7309   3.282411    32.5091        947     3.9417  0.000e+00
     95.749     6.7292   3.282182    32.5082        948     3.9458  0.000e+00
     95.642     6.7277   3.282139    32.5092        949     3.9500  0.000e+00
     95.537     6.7264   3.282077    32.5098        950     3.9542  0.000e+00
     95.434     6.7260   3.282213    32.5118        951     3.9583  0.000e+00
     95.325     6.7256   3.281471    32.5040        952     3.9625  0.000e+00
     95.222     6.7237   3.281113    32.5020        953     3.9667  0.000e+00
     95.107     6.7210   3.280718    32.5002        954     3.9708  0.000e+00
     94.992     6.7180   3.280390    32.4995        955     3.9750  0.000e+00
     94.880     6.7150   3.280174    32.5000        956     3.9792  0.000e+00
     94.760     6.7125   3.279964    32.5001        957     3.9833  0.000e+00
     94.642     6.7108   3.279550    32.4973        958     3.9875  0.000e+00
     94.520     6.7083   3.279118    32.4949        959     3.9917  0.000e+00
     94.391     6.7062   3.279173    32.4976        960     3.9958  0.000e+00
     94.263     6.7049   3.279216    32.4993        961     4.0000  0.000e+00
     94.132     6.7049   3.279340    32.5008        962     4.0042  0.000e+00
     94.007     6.7054   3.279358    32.5006        963     4.0083  0.000e+00
     93.882     6.7061   3.279130    32.4975        964     4.0125  0.000e+00
     93.761     6.7060   3.278778    32.4937        965     4.0167  0.000e+00
     93.640     6.7049   3.278734    32.4943        966     4.0208  0.000e+00
     93.524     6.7037   3.278685    32.4950        967     4.0250  0.000e+00
     93.414     6.7028   3.278629    32.4953        968     4.0292  0.000e+00
     93.291     6.7023   3.278543    32.4949        969     4.0333  0.000e+00
     93.172     6.7018   3.278339    32.4932        970     4.0375  0.000e+00
     93.058     6.7009   3.278030    32.4907        971     4.0417  0.000e+00
     92.944     6.6997   3.277937    32.4909        972     4.0458  0.000e+00
     92.830     6.6991   3.276603    32.4769        973     4.0500  0.000e+00
     92.714     6.6959   3.274961    32.4619        974     4.0542  0.000e+00
     92.600     6.6890   3.274245    32.4606        975     4.0583  0.000e+00
     92.488     6.6818   3.274022    32.4651        976     4.0625  0.000e+00
     92.369     6.6766   3.273856    32.4682        977     4.0667  0.000e+00
     92.246     6.6734   3.273751    32.4702        978     4.0708  0.000e+00
     92.132     6.6712   3.273232    32.4665        979     4.0750  0.000e+00
     92.011     6.6686   3.271566    32.4507        980     4.0792  0.000e+00
     91.883     6.6628   3.269585    32.4346        981     4.0833  0.000e+00
     91.761     6.6543   3.269147    32.4378        982     4.0875  0.000e+00
     91.635     6.6471   3.269067    32.4438        983     4.0917  0.000e+00
     91.508     6.6426   3.269024    32.4477        984     4.0958  0.000e+00
     91.380     6.6400   3.268919    32.4491        985     4.1000  0.000e+00
     91.249     6.6384   3.268980    32.4513        986     4.1042  0.000e+00
     91.126     6.6378   3.268900    32.4511        987     4.1083  0.000e+00
     91.001     6.6371   3.268906    32.4518        988     4.1125  0.000e+00
     90.880     6.6368   3.268919    32.4523        989     4.1167  0.000e+00
     90.759     6.6368   3.269023    32.4536        990     4.1208  0.000e+00
     90.636     6.6372   3.269276    32.4560        991     4.1250  0.000e+00
     90.520     6.6384   3.269252    32.4546        992     4.1292  0.000e+00
     90.399     6.6395   3.269301    32.4542        993     4.1333  0.000e+00
     90.281     6.6402   3.269338    32.4539        994     4.1375  0.000e+00
     90.162     6.6407   3.269375    32.4540        995     4.1417  0.000e+00
     90.041     6.6414   3.269418    32.4538        996     4.1458  0.000e+00
     89.923     6.6422   3.269375    32.4527        997     4.1500  0.000e+00
     89.809     6.6425   3.269319    32.4518        998     4.1542  0.000e+00
     89.686     6.6424   3.269566    32.4547        999     4.1583  0.000e+00
     89.572     6.6439   3.270541    32.4641       1000     4.1625  0.000e+00
     89.462     6.6490   3.273188    32.4884       1001     4.1667  0.000e+00
     89.341     6.6649   3.281297    32.5626       1002     4.1708  0.000e+00
     89.227     6.7054   3.282804    32.5407       1003     4.1750  0.000e+00
     89.111     6.7420   3.281154    32.4880       1004     4.1792  0.000e+00
     88.999     6.7602   3.279609    32.4539       1005     4.1833  0.000e+00
     88.887     6.7622   3.274755    32.3987       1006     4.1875  0.000e+00
     88.771     6.7461   3.273934    32.4050       1007     4.1917  0.000e+00
     88.660     6.7297   3.272959    32.4099       1008     4.1958  0.000e+00
     88.550     6.7163   3.270854    32.3994       1009     4.2000  0.000e+00
     88.438     6.7010   3.268491    32.3880       1010     4.2042  0.000e+00
     88.320     6.6834   3.266881    32.3870       1011     4.2083  0.000e+00
     88.203     6.6672   3.266962    32.4033       1012     4.2125  0.000e+00
     88.083     6.6579   3.267653    32.4198       1013     4.2167  0.000e+00
     87.962     6.6545   3.267128    32.4172       1014     4.2208  0.000e+00
     87.841     6.6522   3.266832    32.4162       1015     4.2250  0.000e+00
     87.713     6.6495   3.266592    32.4162       1016     4.2292  0.000e+00
     87.593     6.6469   3.266549    32.4182       1017     4.2333  0.000e+00
     87.468     6.6451   3.266505    32.4195       1018     4.2375  0.000e+00
     87.338     6.6441   3.266302    32.4183       1019     4.2417  0.000e+00
     87.215     6.6434   3.266314    32.4192       1020     4.2458  0.000e+00
     87.087     6.6429   3.266302    32.4196       1021     4.2500  0.000e+00
     86.967     6.6425   3.266240    32.4193       1022     4.2542  0.000e+00
     86.837     6.6428   3.267609    32.4342       1023     4.2583  0.000e+00
     86.714     6.6470   3.266394    32.4169       1024     4.2625  0.000e+00
     86.589     6.6491   3.265056    32.4002       1025     4.2667  0.000e+00
     86.465     6.6474   3.266863    32.4217       1026     4.2708  0.000e+00
     86.338     6.6520   3.267652    32.4261       1027     4.2750  0.000e+00
     86.220     6.6605   3.268004    32.4220       1028     4.2792  0.000e+00
     86.103     6.6680   3.269379    32.4301       1029     4.2833  0.000e+00
     85.987     6.6779   3.270583    32.4340       1030     4.2875  0.000e+00
     85.868     6.6892   3.271459    32.4330       1031     4.2917  0.000e+00
     85.753     6.7002   3.271206    32.4199       1032     4.2958  0.000e+00
     85.636     6.7065   3.270681    32.4082       1033     4.3000  0.000e+00
     85.518     6.7090   3.270292    32.4016       1034     4.3042  0.000e+00
     85.408     6.7083   3.269897    32.3980       1035     4.3083  0.000e+00
