HB2303/sbe162.cnv
* Sea-Bird SBE 19plus V2 Data File:
* FileName = C:\cruise\data\sbe162.hex
* Software Version Seasave V 7.26.7.121
* Temperature SN = 6128
* Conductivity SN = 6128
* System UpLoad Time = Aug 23 2023 19:08:48
* NMEA Latitude = 41 22.04 N
* NMEA Longitude = 069 27.11 W
* NMEA UTC (Time) = Aug 23 2023 19:08:44
** Ship: Henry Bigelow
** Cruise:  HB2303
** Program:  ECOMON
# nquan = 7
# nvalues = 1351                                  
# units = specified
# name 0 = depSM: Depth [salt water, m]
# name 1 = tv290C: Temperature [ITS-90, deg C]
# name 2 = c0S/m: Conductivity [S/m]
# name 3 = sal00: Salinity, Practical [PSU]
# name 4 = scan: Scan Count
# name 5 = timeM: Time, Elapsed [minutes]
# name 6 = flag:  0.000e+00
# span 0 =     -0.074,     27.312                 
# span 1 =    12.0854,    19.4725                 
# span 2 =   0.006142,   4.182965                 
# span 3 =     0.0367,    32.5853                 
# span 4 =         11,       1361                 
# span 5 =     0.0417,     5.6667                 
# span 6 = 0.0000e+00, 0.0000e+00                 
# interval = seconds: 0.25
# start_time = Aug 23 2023 19:08:44 [NMEA time, header]
# bad_flag = -9.990e-29
*END*
[from data line 616]
     20.680    12.4147   3.689089    31.6226        627     2.6083  0.000e+00
     20.630    12.4183   3.689193    31.6206        628     2.6125  0.000e+00
     20.591    12.4212   3.688552    31.6120        629     2.6167  0.000e+00
     20.544    12.4205   3.688623    31.6133        630     2.6208  0.000e+00
     20.500    12.4195   3.689762    31.6250        631     2.6250  0.000e+00
     20.461    12.4230   3.689561    31.6202        632     2.6292  0.000e+00
     20.430    12.4279   3.691309    31.6327        633     2.6333  0.000e+00
     20.410    12.4354   3.689898    31.6130        634     2.6375  0.000e+00
     20.385    12.4382   3.691309    31.6241        635     2.6417  0.000e+00
     20.366    12.4426   3.690428    31.6120        636     2.6458  0.000e+00
     20.353    12.4433   3.691399    31.6207        637     2.6500  0.000e+00
     20.337    12.4464   3.692538    31.6289        638     2.6542  0.000e+00
     20.328    12.4547   3.692739    31.6238        639     2.6583  0.000e+00
     20.313    12.4624   3.693878    31.6282        640     2.6625  0.000e+00
     20.297    12.4717   3.695840    31.6390        641     2.6667  0.000e+00
     20.264    12.4861   3.694972    31.6187        642     2.6708  0.000e+00
     20.221    12.4940   3.695659    31.6186        643     2.6750  0.000e+00
     20.158    12.5008   3.700614    31.6600        644     2.6792  0.000e+00
     20.091    12.5258   3.702461    31.6566        645     2.6833  0.000e+00
     20.007    12.5545   3.701203    31.6205        646     2.6875  0.000e+00
     19.907    12.5663   3.700063    31.5998        647     2.6917  0.000e+00
     19.804    12.5675   3.700678    31.6048        648     2.6958  0.000e+00
     19.693    12.5712   3.707672    31.6681        649     2.7000  0.000e+00
     19.585    12.6012   3.707192    31.6383        650     2.7042  0.000e+00
     19.482    12.6293   3.708099    31.6234        651     2.7083  0.000e+00
     19.381    12.6461   3.711199    31.6388        652     2.7125  0.000e+00
     19.291    12.6690   3.708429    31.5933        653     2.7167  0.000e+00
     19.222    12.6755   3.707969    31.5836        654     2.7208  0.000e+00
     19.168    12.6723   3.709195    31.5979        655     2.7250  0.000e+00
     19.128    12.6747   3.709162    31.5956        656     2.7292  0.000e+00
     19.118    12.6778   3.709344    31.5947        657     2.7333  0.000e+00
     19.122    12.6803   3.709888    31.5977        658     2.7375  0.000e+00
     19.137    12.6837   3.708131    31.5782        659     2.7417  0.000e+00
     19.168    12.6783   3.707995    31.5814        660     2.7458  0.000e+00
     19.195    12.6724   3.705019    31.5582        661     2.7500  0.000e+00
     19.227    12.6571   3.703917    31.5606        662     2.7542  0.000e+00
     19.256    12.6384   3.705039    31.5869        663     2.7583  0.000e+00
     19.275    12.6320   3.706802    31.6089        664     2.7625  0.000e+00
     19.280    12.6379   3.708540    31.6205        665     2.7667  0.000e+00
     19.275    12.6495   3.706595    31.5923        666     2.7708  0.000e+00
     19.253    12.6513   3.704721    31.5730        667     2.7750  0.000e+00
     19.221    12.6422   3.703327    31.5674        668     2.7792  0.000e+00
     19.176    12.6277   3.702893    31.5755        669     2.7833  0.000e+00
     19.131    12.6160   3.703555    31.5916        670     2.7875  0.000e+00
     19.086    12.6105   3.705272    31.6125        671     2.7917  0.000e+00
     19.034    12.6184   3.710051    31.6512        672     2.7958  0.000e+00
     18.994    12.6451   3.710894    31.6368        673     2.8000  0.000e+00
     18.958    12.6685   3.712392    31.6314        674     2.8042  0.000e+00
     18.932    12.6913   3.710420    31.5936        675     2.8083  0.000e+00
     18.917    12.6981   3.712833    31.6108        676     2.8125  0.000e+00
     18.901    12.7078   3.712846    31.6028        677     2.8167  0.000e+00
     18.897    12.7172   3.712528    31.5919        678     2.8208  0.000e+00
     18.893    12.7197   3.712249    31.5872        679     2.8250  0.000e+00
     18.889    12.7196   3.712989    31.5942        680     2.8292  0.000e+00
     18.879    12.7237   3.713676    31.5974        681     2.8333  0.000e+00
     18.864    12.7291   3.714864    31.6040        682     2.8375  0.000e+00
     18.835    12.7382   3.715610    31.6035        683     2.8417  0.000e+00
     18.794    12.7483   3.716402    31.6026        684     2.8458  0.000e+00
     18.749    12.7583   3.715947    31.5900        685     2.8500  0.000e+00
     18.691    12.7631   3.715993    31.5863        686     2.8542  0.000e+00
     18.620    12.7658   3.717492    31.5983        687     2.8583  0.000e+00
     18.559    12.7731   3.717940    31.5964        688     2.8625  0.000e+00
     18.483    12.7810   3.717849    31.5890        689     2.8667  0.000e+00
     18.417    12.7854   3.717381    31.5809        690     2.8708  0.000e+00
     18.352    12.7856   3.717297    31.5800        691     2.8750  0.000e+00
     18.294    12.7848   3.717595    31.5835        692     2.8792  0.000e+00
     18.247    12.7853   3.717530    31.5825        693     2.8833  0.000e+00
     18.209    12.7858   3.717485    31.5816        694     2.8875  0.000e+00
     18.185    12.7859   3.717939    31.5859        695     2.8917  0.000e+00
     18.182    12.7886   3.719653    31.5998        696     2.8958  0.000e+00
     18.182    12.7973   3.720445    31.6000        697     2.9000  0.000e+00
     18.187    12.8078   3.718971    31.5773        698     2.9042  0.000e+00
     18.194    12.8090   3.718355    31.5705        699     2.9083  0.000e+00
     18.198    12.8043   3.718536    31.5761        700     2.9125  0.000e+00
     18.201    12.8011   3.717894    31.5728        701     2.9167  0.000e+00
     18.196    12.7974   3.718011    31.5769        702     2.9208  0.000e+00
     18.183    12.7942   3.718011    31.5796        703     2.9250  0.000e+00
     18.169    12.7931   3.717920    31.5797        704     2.9292  0.000e+00
     18.138    12.7924   3.718102    31.5820        705     2.9333  0.000e+00
     18.103    12.7934   3.721536    31.6136        706     2.9375  0.000e+00
     18.056    12.8073   3.721341    31.6002        707     2.9417  0.000e+00
     18.002    12.8195   3.721133    31.5881        708     2.9458  0.000e+00
     17.943    12.8263   3.722445    31.5948        709     2.9500  0.000e+00
     17.887    12.8356   3.724666    31.6080        710     2.9542  0.000e+00
     17.834    12.8515   3.723939    31.5878        711     2.9583  0.000e+00
     17.793    12.8592   3.722951    31.5721        712     2.9625  0.000e+00
     17.757    12.8579   3.719652    31.5421        713     2.9667  0.000e+00
     17.740    12.8412   3.718789    31.5478        714     2.9708  0.000e+00
     17.735    12.8252   3.721295    31.5849        715     2.9750  0.000e+00
     17.740    12.8253   3.724251    31.6127        716     2.9792  0.000e+00
     17.755    12.8417   3.727805    31.6326        717     2.9833  0.000e+00
     17.778    12.8709   3.727115    31.6016        718     2.9875  0.000e+00
     17.800    12.8878   3.725764    31.5747        719     2.9917  0.000e+00
     17.821    12.8916   3.723919    31.5542        720     2.9958  0.000e+00
     17.830    12.8834   3.722815    31.5506        721     3.0000  0.000e+00
     17.839    12.8706   3.720178    31.5364        722     3.0042  0.000e+00
     17.823    12.8483   3.714174    31.4984        723     3.0083  0.000e+00
     17.799    12.8084   3.713675    31.5270        724     3.0125  0.000e+00
     17.761    12.7767   3.715505    31.5708        725     3.0167  0.000e+00
     17.703    12.7654   3.717641    31.6004        726     3.0208  0.000e+00
     17.631    12.7698   3.716998    31.5907        727     3.0250  0.000e+00
     17.553    12.7739   3.718192    31.5986        728     3.0292  0.000e+00
     17.471    12.7811   3.720179    31.6114        729     3.0333  0.000e+00
     17.392    12.7954   3.722926    31.6253        730     3.0375  0.000e+00
     17.312    12.8186   3.722490    31.6019        731     3.0417  0.000e+00
     17.242    12.8333   3.723263    31.5969        732     3.0458  0.000e+00
     17.190    12.8427   3.721685    31.5742        733     3.0500  0.000e+00
     17.152    12.8435   3.724770    31.6026        734     3.0542  0.000e+00
     17.125    12.8531   3.722672    31.5748        735     3.0583  0.000e+00
     17.102    12.8580   3.721730    31.5619        736     3.0625  0.000e+00
     17.098    12.8534   3.729442    31.6385        737     3.0667  0.000e+00
     17.102    12.8791   3.731821    31.6394        738     3.0708  0.000e+00
     17.114    12.9164   3.732438    31.6140        739     3.0750  0.000e+00
     17.130    12.9432   3.732418    31.5914        740     3.0792  0.000e+00
     17.150    12.9586   3.731553    31.5705        741     3.0833  0.000e+00
     17.168    12.9617   3.730084    31.5541        742     3.0875  0.000e+00
     17.168    12.9573   3.731469    31.5708        743     3.0917  0.000e+00
     17.166    12.9583   3.727887    31.5362        744     3.0958  0.000e+00
     17.150    12.9440   3.724372    31.5151        745     3.1000  0.000e+00
     17.135    12.9147   3.724925    31.5447        746     3.1042  0.000e+00
     17.110    12.8983   3.726699    31.5751        747     3.1083  0.000e+00
     17.070    12.8958   3.723438    31.5465        748     3.1125  0.000e+00
     17.030    12.8856   3.729188    31.6092        749     3.1167  0.000e+00
     16.983    12.8992   3.734792    31.6507        750     3.1208  0.000e+00
     16.934    12.9383   3.738525    31.6531        751     3.1250  0.000e+00
     16.878    12.9864   3.738512    31.6129        752     3.1292  0.000e+00
     16.817    13.0178   3.737978    31.5817        753     3.1333  0.000e+00
     16.751    13.0321   3.735298    31.5447        754     3.1375  0.000e+00
     16.692    13.0284   3.735603    31.5506        755     3.1417  0.000e+00
     16.640    13.0208   3.734563    31.5472        756     3.1458  0.000e+00
     16.596    13.0135   3.734101    31.5489        757     3.1500  0.000e+00
     16.569    13.0065   3.732924    31.5437        758     3.1542  0.000e+00
     16.550    12.9957   3.731598    31.5402        759     3.1583  0.000e+00
     16.542    12.9828   3.731722    31.5521        760     3.1625  0.000e+00
     16.548    12.9741   3.731767    31.5598        761     3.1667  0.000e+00
     16.563    12.9701   3.732041    31.5657        762     3.1708  0.000e+00
     16.577    12.9692   3.731839    31.5646        763     3.1750  0.000e+00
     16.600    12.9680   3.731377    31.5612        764     3.1792  0.000e+00
     16.611    12.9653   3.730766    31.5577        765     3.1833  0.000e+00
     16.624    12.9604   3.732229    31.5755        766     3.1875  0.000e+00
     16.632    12.9635   3.733224    31.5823        767     3.1917  0.000e+00
     16.618    12.9715   3.733445    31.5778        768     3.1958  0.000e+00
     16.595    12.9788   3.732066    31.5587        769     3.2000  0.000e+00
     16.561    12.9776   3.729603    31.5366        770     3.2042  0.000e+00
     16.510    12.9622   3.728394    31.5380        771     3.2083  0.000e+00
     16.459    12.9449   3.729974    31.5673        772     3.2125  0.000e+00
     16.396    12.9409   3.728914    31.5607        773     3.2167  0.000e+00
     16.331    12.9383   3.729753    31.5708        774     3.2208  0.000e+00
     16.266    12.9374   3.727367    31.5491        775     3.2250  0.000e+00
     16.193    12.9284   3.725711    31.5411        776     3.2292  0.000e+00
     16.134    12.9122   3.725016    31.5480        777     3.2333  0.000e+00
     16.083    12.8987   3.725224    31.5612        778     3.2375  0.000e+00
     16.052    12.8907   3.726653    31.5814        779     3.2417  0.000e+00
     16.022    12.8916   3.725191    31.5669        780     3.2458  0.000e+00
     16.009    12.8903   3.725828    31.5740        781     3.2500  0.000e+00
     16.009    12.8907   3.727459    31.5890        782     3.2542  0.000e+00
     16.013    12.8957   3.725893    31.5701        783     3.2583  0.000e+00
     16.018    12.8964   3.726309    31.5734        784     3.2625  0.000e+00
     16.023    12.8962   3.726997    31.5801        785     3.2667  0.000e+00
     16.026    12.8999   3.728661    31.5926        786     3.2708  0.000e+00
     16.021    12.9091   3.729603    31.5939        787     3.2750  0.000e+00
     16.008    12.9224   3.734746    31.6312        788     3.2792  0.000e+00
     15.979    12.9526   3.737451    31.6315        789     3.2833  0.000e+00
     15.937    12.9875   3.736196    31.5905        790     3.2875  0.000e+00
     15.885    13.0056   3.733243    31.5477        791     3.2917  0.000e+00
     15.824    13.0009   3.729050    31.5122        792     3.2958  0.000e+00
     15.755    12.9753   3.726048    31.5053        793     3.3000  0.000e+00
     15.690    12.9432   3.729973    31.5690        794     3.3042  0.000e+00
     15.630    12.9389   3.742735    31.6928        795     3.3083  0.000e+00
     15.568    12.9963   3.744388    31.6604        796     3.3125  0.000e+00
     15.516    13.0522   3.744179    31.6118        797     3.3167  0.000e+00
     15.471    13.0870   3.745025    31.5908        798     3.3208  0.000e+00
     15.426    13.1083   3.744504    31.5682        799     3.3250  0.000e+00
     15.390    13.1181   3.745129    31.5659        800     3.3292  0.000e+00
     15.358    13.1260   3.745376    31.5617        801     3.3333  0.000e+00
     15.327    13.1316   3.745382    31.5571        802     3.3375  0.000e+00
     15.300    13.1353   3.746007    31.5599        803     3.3417  0.000e+00
     15.276    13.1398   3.746235    31.5583        804     3.3458  0.000e+00
     15.260    13.1439   3.746261    31.5552        805     3.3500  0.000e+00
     15.249    13.1468   3.746437    31.5544        806     3.3542  0.000e+00
     15.231    13.1487   3.746450    31.5529        807     3.3583  0.000e+00
     15.210    13.1503   3.746587    31.5529        808     3.3625  0.000e+00
     15.192    13.1514   3.746704    31.5531        809     3.3667  0.000e+00
     15.174    13.1529   3.746841    31.5531        810     3.3708  0.000e+00
     15.151    13.1543   3.746840    31.5520        811     3.3750  0.000e+00
     15.127    13.1554   3.746899    31.5516        812     3.3792  0.000e+00
     15.096    13.1561   3.746886    31.5509        813     3.3833  0.000e+00
     15.063    13.1563   3.746879    31.5507        814     3.3875  0.000e+00
     15.024    13.1564   3.746912    31.5510        815     3.3917  0.000e+00
     14.986    13.1566   3.746958    31.5512        816     3.3958  0.000e+00
     14.942    13.1571   3.747055    31.5518        817     3.4000  0.000e+00
     14.902    13.1577   3.747003    31.5508        818     3.4042  0.000e+00
     14.855    13.1580   3.747192    31.5523        819     3.4083  0.000e+00
     14.803    13.1587   3.747426    31.5539        820     3.4125  0.000e+00
     14.760    13.1606   3.747771    31.5556        821     3.4167  0.000e+00
     14.713    13.1637   3.748559    31.5605        822     3.4208  0.000e+00
     14.663    13.1688   3.748625    31.5568        823     3.4250  0.000e+00
     14.618    13.1730   3.748950    31.5564        824     3.4292  0.000e+00
     14.567    13.1770   3.748950    31.5531        825     3.4333  0.000e+00
     14.524    13.1797   3.748930    31.5507        826     3.4375  0.000e+00
     14.480    13.1810   3.749022    31.5505        827     3.4417  0.000e+00
     14.439    13.1819   3.749217    31.5516        828     3.4458  0.000e+00
     14.394    13.1834   3.749276    31.5509        829     3.4500  0.000e+00
     14.365    13.1847   3.749347    31.5505        830     3.4542  0.000e+00
