HB2303/sbe132.cnv
* Sea-Bird SBE 19plus V2 Data File:
* FileName = C:\cruise\data\sbe132.hex
* Software Version Seasave V 7.26.7.121
* Temperature SN = 6128
* Conductivity SN = 6128
* System UpLoad Time = Aug 21 2023 05:29:36
* NMEA Latitude = 43 31.73 N
* NMEA Longitude = 068 15.51 W
* NMEA UTC (Time) = Aug 21 2023 05:29:32
** Ship: Henry Bigelow
** Cruise:  HB2303
** Program:  ECOMON
# nquan = 7
# nvalues = 1825                                  
# units = specified
# name 0 = depSM: Depth [salt water, m]
# name 1 = tv290C: Temperature [ITS-90, deg C]
# name 2 = c0S/m: Conductivity [S/m]
# name 3 = sal00: Salinity, Practical [PSU]
# name 4 = scan: Scan Count
# name 5 = timeM: Time, Elapsed [minutes]
# name 6 = flag:  0.000e+00
# span 0 =      2.983,    175.025                 
# span 1 =     7.3593,    18.1135                 
# span 2 =   3.385015,   4.236062                 
# span 3 =    31.5846,    35.2975                 
# span 4 =         11,       1835                 
# span 5 =     0.0417,     7.6417                 
# span 6 = 0.0000e+00, 0.0000e+00                 
# interval = seconds: 0.25
# start_time = Aug 21 2023 05:29:32 [NMEA time, header]
# bad_flag = -9.990e-29
*END*
[from data line 1026]
    161.311     8.7728   3.606681    34.0109       1037     4.3167  0.000e+00
    161.167     8.7668   3.605508    34.0043       1038     4.3208  0.000e+00
    161.019     8.7592   3.605418    34.0108       1039     4.3250  0.000e+00
    160.869     8.7537   3.605354    34.0155       1040     4.3292  0.000e+00
    160.708     8.7502   3.605200    34.0173       1041     4.3333  0.000e+00
    160.547     8.7480   3.605020    34.0176       1042     4.3375  0.000e+00
    160.372     8.7461   3.604225    34.0112       1043     4.3417  0.000e+00
    160.180     8.7443   3.604642    34.0173       1044     4.3458  0.000e+00
    159.987     8.7430   3.604155    34.0136       1045     4.3500  0.000e+00
    159.771     8.7409   3.603539    34.0092       1046     4.3542  0.000e+00
    159.558     8.7378   3.601988    33.9960       1047     4.3583  0.000e+00
    159.336     8.7320   3.601328    33.9947       1048     4.3625  0.000e+00
    159.097     8.7261   3.600904    33.9960       1049     4.3667  0.000e+00
    158.867     8.7209   3.600283    33.9946       1050     4.3708  0.000e+00
    158.625     8.7160   3.597124    33.9663       1051     4.3750  0.000e+00
    158.386     8.7033   3.587666    33.8791       1052     4.3792  0.000e+00
    158.142     8.6716   3.585709    33.8891       1053     4.3833  0.000e+00
    157.898     8.6412   3.585446    33.9155       1054     4.3875  0.000e+00
    157.661     8.6217   3.585402    33.9338       1055     4.3917  0.000e+00
    157.422     8.6107   3.585447    33.9449       1056     4.3958  0.000e+00
    157.178     8.6052   3.585882    33.9550       1057     4.4000  0.000e+00
    156.941     8.6041   3.586323    33.9608       1058     4.4042  0.000e+00
    156.706     8.6062   3.586656    33.9624       1059     4.4083  0.000e+00
    156.474     8.6094   3.586432    33.9570       1060     4.4125  0.000e+00
    156.241     8.6111   3.585862    33.9495       1061     4.4167  0.000e+00
    156.017     8.6105   3.583949    33.9300       1062     4.4208  0.000e+00
    155.802     8.6054   3.581352    33.9077       1063     4.4250  0.000e+00
    155.598     8.5939   3.579862    33.9032       1064     4.4292  0.000e+00
    155.399     8.5806   3.579402    33.9111       1065     4.4333  0.000e+00
    155.215     8.5707   3.579287    33.9195       1066     4.4375  0.000e+00
    155.043     8.5642   3.578718    33.9198       1067     4.4417  0.000e+00
    154.870     8.5591   3.578283    33.9202       1068     4.4458  0.000e+00
    154.712     8.5545   3.577932    33.9210       1069     4.4500  0.000e+00
    154.555     8.5508   3.577554    33.9207       1070     4.4542  0.000e+00
    154.392     8.5473   3.577228    33.9206       1071     4.4583  0.000e+00
    154.229     8.5438   3.576743    33.9190       1072     4.4625  0.000e+00
    154.058     8.5406   3.576544    33.9200       1073     4.4667  0.000e+00
    153.882     8.5377   3.576218    33.9194       1074     4.4708  0.000e+00
    153.698     8.5350   3.575560    33.9152       1075     4.4750  0.000e+00
    153.510     8.5316   3.574883    33.9114       1076     4.4792  0.000e+00
    153.308     8.5271   3.574576    33.9126       1077     4.4833  0.000e+00
    153.094     8.5230   3.574397    33.9147       1078     4.4875  0.000e+00
    152.876     8.5203   3.574224    33.9156       1079     4.4917  0.000e+00
    152.655     8.5182   3.574333    33.9188       1080     4.4958  0.000e+00
    152.416     8.5176   3.574135    33.9174       1081     4.5000  0.000e+00
    152.175     8.5169   3.574020    33.9170       1082     4.5042  0.000e+00
    151.927     8.5165   3.573783    33.9150       1083     4.5083  0.000e+00
    151.678     8.5157   3.572665    33.9041       1084     4.5125  0.000e+00
    151.421     8.5127   3.572051    33.9007       1085     4.5167  0.000e+00
    151.163     8.5080   3.571176    33.8961       1086     4.5208  0.000e+00
    150.915     8.5032   3.570780    33.8966       1087     4.5250  0.000e+00
    150.664     8.4991   3.570365    33.8962       1088     4.5292  0.000e+00
    150.425     8.4958   3.569292    33.8882       1089     4.5333  0.000e+00
    150.188     8.4918   3.569930    33.8988       1090     4.5375  0.000e+00
    149.970     8.4912   3.570716    33.9078       1091     4.5417  0.000e+00
    149.767     8.4946   3.570850    33.9061       1092     4.5458  0.000e+00
    149.567     8.4982   3.570582    33.8999       1093     4.5500  0.000e+00
    149.389     8.5005   3.570211    33.8939       1094     4.5542  0.000e+00
    149.214     8.5008   3.569994    33.8913       1095     4.5583  0.000e+00
    149.054     8.5000   3.569246    33.8843       1096     4.5625  0.000e+00
    148.899     8.4978   3.568704    33.8808       1097     4.5667  0.000e+00
    148.749     8.4946   3.568525    33.8820       1098     4.5708  0.000e+00
    148.598     8.4921   3.568506    33.8842       1099     4.5750  0.000e+00
    148.442     8.4902   3.568288    33.8839       1100     4.5792  0.000e+00
    148.270     8.4887   3.567675    33.8789       1101     4.5833  0.000e+00
    148.106     8.4865   3.567062    33.8747       1102     4.5875  0.000e+00
    147.916     8.4831   3.566181    33.8687       1103     4.5917  0.000e+00
    147.717     8.4787   3.565709    33.8680       1104     4.5958  0.000e+00
    147.502     8.4742   3.565026    33.8652       1105     4.6000  0.000e+00
    147.275     8.4700   3.563698    33.8554       1106     4.6042  0.000e+00
    147.041     8.4635   3.561624    33.8397       1107     4.6083  0.000e+00
    146.791     8.4541   3.559550    33.8270       1108     4.6125  0.000e+00
    146.538     8.4428   3.556845    33.8093       1109     4.6167  0.000e+00
    146.269     8.4287   3.555321    33.8069       1110     4.6208  0.000e+00
    146.001     8.4147   3.554665    33.8135       1111     4.6250  0.000e+00
    145.743     8.4039   3.553836    33.8151       1112     4.6292  0.000e+00
    145.482     8.3953   3.552293    33.8072       1113     4.6333  0.000e+00
    145.220     8.3859   3.551203    33.8048       1114     4.6375  0.000e+00
    144.974     8.3771   3.550381    33.8046       1115     4.6417  0.000e+00
    144.730     8.3694   3.549979    33.8079       1116     4.6458  0.000e+00
    144.506     8.3632   3.549533    33.8092       1117     4.6500  0.000e+00
    144.293     8.3585   3.549336    33.8118       1118     4.6542  0.000e+00
    144.077     8.3552   3.549272    33.8144       1119     4.6583  0.000e+00
    143.888     8.3530   3.549093    33.8147       1120     4.6625  0.000e+00
    143.695     8.3514   3.549093    33.8163       1121     4.6667  0.000e+00
    143.515     8.3505   3.549093    33.8173       1122     4.6708  0.000e+00
    143.333     8.3500   3.548660    33.8132       1123     4.6750  0.000e+00
    143.154     8.3485   3.546793    33.7950       1124     4.6792  0.000e+00
    142.973     8.3436   3.545118    33.7820       1125     4.6833  0.000e+00
    142.803     8.3355   3.544353    33.7818       1126     4.6875  0.000e+00
    142.627     8.3277   3.544118    33.7868       1127     4.6917  0.000e+00
    142.461     8.3221   3.543990    33.7910       1128     4.6958  0.000e+00
    142.291     8.3184   3.543927    33.7939       1129     4.7000  0.000e+00
    142.125     8.3161   3.543621    33.7929       1130     4.7042  0.000e+00
    141.964     8.3144   3.542755    33.7855       1131     4.7083  0.000e+00
    141.792     8.3115   3.542188    33.7823       1132     4.7125  0.000e+00
    141.622     8.3082   3.541672    33.7801       1133     4.7167  0.000e+00
    141.438     8.3047   3.541259    33.7791       1134     4.7208  0.000e+00
    141.246     8.3016   3.540539    33.7746       1135     4.7250  0.000e+00
    141.042     8.2982   3.539979    33.7720       1136     4.7292  0.000e+00
    140.827     8.2946   3.539718    33.7728       1137     4.7333  0.000e+00
    140.592     8.2918   3.539412    33.7723       1138     4.7375  0.000e+00
    140.344     8.2895   3.539438    33.7750       1139     4.7417  0.000e+00
    140.090     8.2878   3.539087    33.7730       1140     4.7458  0.000e+00
    139.833     8.2862   3.538916    33.7728       1141     4.7500  0.000e+00
    139.572     8.2847   3.538788    33.7730       1142     4.7542  0.000e+00
    139.304     8.2835   3.538578    33.7721       1143     4.7583  0.000e+00
    139.045     8.2823   3.538393    33.7714       1144     4.7625  0.000e+00
    138.781     8.2814   3.538285    33.7712       1145     4.7667  0.000e+00
    138.533     8.2805   3.538050    33.7697       1146     4.7708  0.000e+00
    138.291     8.2795   3.537617    33.7662       1147     4.7750  0.000e+00
    138.064     8.2778   3.536688    33.7580       1148     4.7792  0.000e+00
    137.861     8.2752   3.536229    33.7558       1149     4.7833  0.000e+00
    137.666     8.2723   3.535688    33.7529       1150     4.7875  0.000e+00
    137.489     8.2693   3.535478    33.7536       1151     4.7917  0.000e+00
    137.321     8.2670   3.535453    33.7556       1152     4.7958  0.000e+00
    137.168     8.2656   3.535383    33.7563       1153     4.8000  0.000e+00
    137.018     8.2645   3.535256    33.7561       1154     4.8042  0.000e+00
    136.864     8.2637   3.535020    33.7545       1155     4.8083  0.000e+00
    136.705     8.2628   3.534562    33.7506       1156     4.8125  0.000e+00
    136.529     8.2612   3.534047    33.7467       1157     4.8167  0.000e+00
    136.345     8.2590   3.533805    33.7463       1158     4.8208  0.000e+00
    136.148     8.2572   3.533703    33.7470       1159     4.8250  0.000e+00
    135.931     8.2554   3.531534    33.7258       1160     4.8292  0.000e+00
    135.707     8.2507   3.530497    33.7194       1161     4.8333  0.000e+00
    135.470     8.2441   3.530237    33.7231       1162     4.8375  0.000e+00
    135.228     8.2394   3.530090    33.7262       1163     4.8417  0.000e+00
    134.982     8.2361   3.529957    33.7280       1164     4.8458  0.000e+00
    134.741     8.2340   3.529658    33.7270       1165     4.8500  0.000e+00
    134.506     8.2323   3.529448    33.7265       1166     4.8542  0.000e+00
    134.284     8.2308   3.529308    33.7266       1167     4.8583  0.000e+00
    134.069     8.2295   3.529181    33.7265       1168     4.8625  0.000e+00
    133.868     8.2285   3.529092    33.7267       1169     4.8667  0.000e+00
    133.680     8.2279   3.529073    33.7272       1170     4.8708  0.000e+00
    133.503     8.2274   3.529028    33.7272       1171     4.8750  0.000e+00
    133.323     8.2270   3.528984    33.7272       1172     4.8792  0.000e+00
    133.151     8.2267   3.528742    33.7250       1173     4.8833  0.000e+00
    132.976     8.2263   3.528621    33.7242       1174     4.8875  0.000e+00
    132.800     8.2258   3.528748    33.7261       1175     4.8917  0.000e+00
    132.609     8.2255   3.528596    33.7249       1176     4.8958  0.000e+00
    132.417     8.2253   3.528576    33.7250       1177     4.9000  0.000e+00
    132.218     8.2251   3.528557    33.7250       1178     4.9042  0.000e+00
    132.005     8.2250   3.528538    33.7251       1179     4.9083  0.000e+00
    131.795     8.2248   3.528405    33.7240       1180     4.9125  0.000e+00
    131.565     8.2248   3.528315    33.7231       1181     4.9167  0.000e+00
    131.339     8.2246   3.528080    33.7208       1182     4.9208  0.000e+00
    131.106     8.2241   3.527883    33.7194       1183     4.9250  0.000e+00
    130.880     8.2235   3.527603    33.7171       1184     4.9292  0.000e+00
    130.640     8.2226   3.527304    33.7149       1185     4.9333  0.000e+00
    130.412     8.2216   3.526675    33.7092       1186     4.9375  0.000e+00
    130.186     8.2197   3.526395    33.7082       1187     4.9417  0.000e+00
    129.961     8.2179   3.526071    33.7067       1188     4.9458  0.000e+00
    129.738     8.2162   3.525728    33.7047       1189     4.9500  0.000e+00
    129.515     8.2148   3.525531    33.7041       1190     4.9542  0.000e+00
    129.302     8.2135   3.525467    33.7047       1191     4.9583  0.000e+00
    129.090     8.2127   3.525423    33.7052       1192     4.9625  0.000e+00
    128.893     8.2122   3.525403    33.7055       1193     4.9667  0.000e+00
    128.702     8.2118   3.525232    33.7042       1194     4.9708  0.000e+00
    128.510     8.2114   3.525016    33.7023       1195     4.9750  0.000e+00
    128.333     8.2111   3.524908    33.7016       1196     4.9792  0.000e+00
    128.161     8.2107   3.524799    33.7008       1197     4.9833  0.000e+00
    127.989     8.2104   3.524666    33.6998       1198     4.9875  0.000e+00
    127.818     8.2102   3.524583    33.6992       1199     4.9917  0.000e+00
    127.652     8.2099   3.524494    33.6986       1200     4.9958  0.000e+00
    127.489     8.2094   3.524386    33.6980       1201     5.0000  0.000e+00
    127.314     8.2091   3.524214    33.6965       1202     5.0042  0.000e+00
    127.133     8.2087   3.524062    33.6955       1203     5.0083  0.000e+00
    126.947     8.2082   3.523935    33.6946       1204     5.0125  0.000e+00
    126.752     8.2075   3.523833    33.6943       1205     5.0167  0.000e+00
    126.544     8.2069   3.523763    33.6942       1206     5.0208  0.000e+00
    126.329     8.2066   3.523528    33.6921       1207     5.0250  0.000e+00
    126.101     8.2062   3.523439    33.6917       1208     5.0292  0.000e+00
    125.871     8.2059   3.523420    33.6919       1209     5.0333  0.000e+00
    125.629     8.2056   3.523375    33.6918       1210     5.0375  0.000e+00
    125.387     8.2055   3.523267    33.6908       1211     5.0417  0.000e+00
    125.155     8.2053   3.523064    33.6890       1212     5.0458  0.000e+00
    124.920     8.2048   3.522962    33.6885       1213     5.0500  0.000e+00
    124.696     8.2045   3.522962    33.6889       1214     5.0542  0.000e+00
    124.475     8.2042   3.522879    33.6884       1215     5.0583  0.000e+00
    124.271     8.2038   3.522771    33.6877       1216     5.0625  0.000e+00
    124.076     8.2035   3.522771    33.6881       1217     5.0667  0.000e+00
    123.889     8.2033   3.522657    33.6872       1218     5.0708  0.000e+00
    123.705     8.2031   3.522644    33.6873       1219     5.0750  0.000e+00
    123.526     8.2028   3.522186    33.6829       1220     5.0792  0.000e+00
    123.358     8.2020   3.521951    33.6811       1221     5.0833  0.000e+00
    123.194     8.2013   3.521862    33.6810       1222     5.0875  0.000e+00
    123.022     8.2008   3.521824    33.6812       1223     5.0917  0.000e+00
    122.852     8.2002   3.521811    33.6816       1224     5.0958  0.000e+00
    122.680     8.2000   3.521799    33.6818       1225     5.1000  0.000e+00
    122.503     8.1998   3.521760    33.6817       1226     5.1042  0.000e+00
    122.317     8.1996   3.521735    33.6817       1227     5.1083  0.000e+00
    122.121     8.1996   3.521690    33.6813       1228     5.1125  0.000e+00
    121.918     8.1995   3.521652    33.6811       1229     5.1167  0.000e+00
    121.697     8.1994   3.521157    33.6760       1230     5.1208  0.000e+00
    121.475     8.1990   3.520960    33.6744       1231     5.1250  0.000e+00
    121.247     8.1980   3.520572    33.6714       1232     5.1292  0.000e+00
    121.019     8.1974   3.520420    33.6704       1233     5.1333  0.000e+00
    120.795     8.1966   3.520312    33.6702       1234     5.1375  0.000e+00
    120.569     8.1961   3.520203    33.6696       1235     5.1417  0.000e+00
    120.359     8.1956   3.520203    33.6701       1236     5.1458  0.000e+00
    120.157     8.1952   3.520140    33.6700       1237     5.1500  0.000e+00
    119.972     8.1949   3.520076    33.6696       1238     5.1542  0.000e+00
    119.797     8.1947   3.520076    33.6699       1239     5.1583  0.000e+00
    119.640     8.1946   3.520076    33.6701       1240     5.1625  0.000e+00
