HB2303/sbe118.cnv
* Sea-Bird SBE 19plus V2 Data File:
* FileName = C:\cruise\data\sbe118.hex
* Software Version Seasave V 7.26.7.121
* Temperature SN = 6128
* Conductivity SN = 6128
* System UpLoad Time = Aug 19 2023 20:21:16
* NMEA Latitude = 42 48.73 N
* NMEA Longitude = 066 51.80 W
* NMEA UTC (Time) = Aug 19 2023 20:21:12
** Ship: Henry Bigelow
** Cruise:  HB2303
** Program:  ECOMON
# nquan = 7
# nvalues = 2508                                  
# units = specified
# name 0 = depSM: Depth [salt water, m]
# name 1 = tv290C: Temperature [ITS-90, deg C]
# name 2 = c0S/m: Conductivity [S/m]
# name 3 = sal00: Salinity, Practical [PSU]
# name 4 = scan: Scan Count
# name 5 = timeM: Time, Elapsed [minutes]
# name 6 = flag:  0.000e+00
# span 0 =     -0.205,    202.878                 
# span 1 =     7.5681,    19.3027                 
# span 2 =   0.001061,   4.243166                 
# span 3 =     0.0128,    34.9600                 
# span 4 =         11,       2518                 
# span 5 =     0.0417,    10.4875                 
# span 6 = 0.0000e+00, 0.0000e+00                 
# interval = seconds: 0.25
# start_time = Aug 19 2023 20:21:12 [NMEA time, header]
# bad_flag = -9.990e-29
*END*
[from data line 2462]
      7.180    17.0456   4.126929    31.8146       2473    10.3000  0.000e+00
      6.999    17.1137   4.128649    31.7758       2474    10.3042  0.000e+00
      6.784    17.1558   4.127185    31.7301       2475    10.3083  0.000e+00
      6.556    17.1729   4.117484    31.6337       2476    10.3125  0.000e+00
      6.305    17.1427   4.110104    31.5941       2477    10.3167  0.000e+00
      6.033    17.0749   4.092905    31.4997       2478    10.3208  0.000e+00
      5.759    16.9747   4.097133    31.6146       2479    10.3250  0.000e+00
      5.475    16.9103   4.123098    31.8893       2480    10.3292  0.000e+00
      5.197    16.9711   4.128548    31.8882       2481    10.3333  0.000e+00
      4.924    17.0599   4.116984    31.7186       2482    10.3375  0.000e+00
      4.662    17.0801   4.118100    31.7124       2483    10.3417  0.000e+00
      4.422    17.0801   4.130233    31.8168       2484    10.3458  0.000e+00
      4.204    17.1246   4.133580    31.8105       2485    10.3500  0.000e+00
      3.992    17.1769   4.127922    31.7209       2486    10.3542  0.000e+00
      3.801    17.1935   4.131770    31.7409       2487    10.3583  0.000e+00
      3.619    17.2077   4.133409    31.7439       2488    10.3625  0.000e+00
      3.449    17.2257   4.134453    31.7387       2489    10.3667  0.000e+00
      3.250    17.2399   4.128727    31.6786       2490    10.3708  0.000e+00
      3.073    17.2321   4.133707    31.7274       2491    10.3750  0.000e+00
      2.892    17.2319   4.134649    31.7357       2492    10.3792  0.000e+00
      2.706    17.2480   4.136316    31.7374       2493    10.3833  0.000e+00
      2.520    17.2603   4.136662    31.7308       2494    10.3875  0.000e+00
      2.333    17.2717   4.134004    31.6992       2495    10.3917  0.000e+00
      2.156    17.2689   4.132317    31.6870       2496    10.3958  0.000e+00
      2.026    17.2542   4.127602    31.6582       2497    10.4000  0.000e+00
      1.925    17.2301   4.129011    31.6892       2498    10.4042  0.000e+00
      1.856    17.2146   4.125916    31.6749       2499    10.4083  0.000e+00
      1.778    17.1978   4.130217    31.7249       2500    10.4125  0.000e+00
      1.698    17.1970   4.130217    31.7256       2501    10.4167  0.000e+00
      1.615    17.2047   4.133063    31.7440       2502    10.4208  0.000e+00
      1.528    17.2182   4.137753    31.7735       2503    10.4250  0.000e+00
      1.434    17.2456   4.142134    31.7895       2504    10.4292  0.000e+00
      1.315    17.2863   4.143958    31.7732       2505    10.4333  0.000e+00
      1.160    17.3208   4.144249    31.7487       2506    10.4375  0.000e+00
      0.948    17.3432   4.144296    31.7316       2507    10.4417  0.000e+00
      0.717    17.3547   4.141935    31.7025       2508    10.4458  0.000e+00
      0.459    17.3536   4.141745    31.7018       2509    10.4500  0.000e+00
      0.223    17.3492   4.143753    31.7225       2510    10.4542  0.000e+00
     -0.028    17.3534   4.143550    31.7176       2511    10.4583  0.000e+00
     -0.178    17.3565   2.148309    15.3742       2512    10.4625  0.000e+00
     -0.205    17.3505   0.667123     4.3456       2513    10.4667  0.000e+00
     -0.198    17.3434   0.452989     2.8752       2514    10.4708  0.000e+00
     -0.200    17.3362   0.384989     2.4190       2515    10.4750  0.000e+00
     -0.200    17.3287   0.369075     2.3134       2516    10.4792  0.000e+00
     -0.196    17.3201   0.320762     1.9941       2517    10.4833  0.000e+00
     -0.200    17.3110   0.301788     1.8698       2518    10.4875  0.000e+00
