HB2303/sbe148.cnv
* Sea-Bird SBE 19plus V2 Data File:
* FileName = C:\cruise\data\sbe148.hex
* Software Version Seasave V 7.26.7.121
* Temperature SN = 6128
* Conductivity SN = 6128
* System UpLoad Time = Aug 22 2023 14:24:15
* NMEA Latitude = 42 02.24 N
* NMEA Longitude = 069 42.83 W
* NMEA UTC (Time) = Aug 22 2023 14:24:10
** Ship: Henry Bigelow
** Cruise:  HB2303
** Program:  ECOMON
# nquan = 7
# nvalues = 1901                                  
# units = specified
# name 0 = depSM: Depth [salt water, m]
# name 1 = tv290C: Temperature [ITS-90, deg C]
# name 2 = c0S/m: Conductivity [S/m]
# name 3 = sal00: Salinity, Practical [PSU]
# name 4 = scan: Scan Count
# name 5 = timeM: Time, Elapsed [minutes]
# name 6 = flag:  0.000e+00
# span 0 =      0.934,    184.648                 
# span 1 =     6.8990,    19.4405                 
# span 2 =   3.295756,   4.232354                 
# span 3 =    30.3969,    33.7803                 
# span 4 =         11,       1911                 
# span 5 =     0.0417,     7.9583                 
# span 6 = 0.0000e+00, 0.0000e+00                 
# interval = seconds: 0.25
# start_time = Aug 22 2023 14:24:10 [NMEA time, header]
# bad_flag = -9.990e-29
*END*
      2.227    19.3320   4.217413    30.8281         11     0.0417  0.000e+00
      2.358    19.3218   4.216900    30.8314         12     0.0458  0.000e+00
      2.501    19.3147   4.216586    30.8340         13     0.0500  0.000e+00
      2.584    19.3091   4.216826    30.8401         14     0.0542  0.000e+00
      2.676    19.3040   4.216771    30.8434         15     0.0583  0.000e+00
      2.793    19.3011   4.216614    30.8442         16     0.0625  0.000e+00
      2.888    19.3001   4.217666    30.8535         17     0.0667  0.000e+00
      2.920    19.3035   4.220161    30.8713         18     0.0708  0.000e+00
      2.902    19.3167   4.223319    30.8874         19     0.0750  0.000e+00
      2.906    19.3367   4.222129    30.8628         20     0.0792  0.000e+00
      2.969    19.3539   4.218226    30.8183         21     0.0833  0.000e+00
      3.061    19.3638   4.217631    30.8061         22     0.0875  0.000e+00
      3.157    19.3684   4.218069    30.8062         23     0.0917  0.000e+00
      3.251    19.3702   4.218021    30.8045         24     0.0958  0.000e+00
      3.360    19.3706   4.216736    30.7937         25     0.1000  0.000e+00
      3.500    19.3699   4.216012    30.7883         26     0.1042  0.000e+00
      3.635    19.3688   4.215595    30.7857         27     0.1083  0.000e+00
      3.783    19.3671   4.215377    30.7851         28     0.1125  0.000e+00
      3.942    19.3633   4.215329    30.7875         29     0.1167  0.000e+00
      4.131    19.3557   4.215527    30.7946         30     0.1208  0.000e+00
      4.327    19.3430   4.215596    30.8045         31     0.1250  0.000e+00
      4.527    19.3276   4.215275    30.8132         32     0.1292  0.000e+00
      4.734    19.3115   4.214968    30.8224         33     0.1333  0.000e+00
      4.933    19.2994   4.214695    30.8291         34     0.1375  0.000e+00
      5.146    19.2917   4.214285    30.8314         35     0.1417  0.000e+00
      5.363    19.2867   4.214019    30.8328         36     0.1458  0.000e+00
      5.588    19.2834   4.214538    30.8394         37     0.1500  0.000e+00
      5.796    19.2826   4.215474    30.8476         38     0.1542  0.000e+00
      6.010    19.2878   4.216752    30.8541         39     0.1583  0.000e+00
      6.227    19.2981   4.218214    30.8584         40     0.1625  0.000e+00
      6.441    19.3102   4.220108    30.8648         41     0.1667  0.000e+00
      6.643    19.3252   4.221741    30.8669         42     0.1708  0.000e+00
      6.835    19.3392   4.223252    30.8689         43     0.1750  0.000e+00
      7.002    19.3508   4.224469    30.8701         44     0.1792  0.000e+00
      7.169    19.3605   4.225050    30.8677         45     0.1833  0.000e+00
      7.340    19.3692   4.224975    30.8606         46     0.1875  0.000e+00
      7.516    19.3761   4.224907    30.8548         47     0.1917  0.000e+00
      7.686    19.3815   4.225078    30.8522         48     0.1958  0.000e+00
      7.838    19.3853   4.226295    30.8593         49     0.2000  0.000e+00
      7.876    19.3884   4.227300    30.8651         50     0.2042  0.000e+00
      7.858    19.3898   4.228046    30.8702         51     0.2083  0.000e+00
      7.809    19.3905   4.228244    30.8713         52     0.2125  0.000e+00
      7.762    19.3911   4.227533    30.8650         53     0.2167  0.000e+00
      7.769    19.3907   4.224770    30.8429         54     0.2208  0.000e+00
      7.814    19.3900   4.223881    30.8361         55     0.2250  0.000e+00
      7.854    19.3902   4.223218    30.8306         56     0.2292  0.000e+00
      7.884    19.3891   4.222807    30.8280         57     0.2333  0.000e+00
      7.898    19.3866   4.222691    30.8289         58     0.2375  0.000e+00
      7.930    19.3836   4.222787    30.8319         59     0.2417  0.000e+00
      7.972    19.3780   4.222302    30.8321         60     0.2458  0.000e+00
      8.002    19.3704   4.221714    30.8329         61     0.2500  0.000e+00
      8.000    19.3622   4.221181    30.8346         62     0.2542  0.000e+00
      7.976    19.3551   4.220771    30.8365         63     0.2583  0.000e+00
      7.946    19.3501   4.220402    30.8372         64     0.2625  0.000e+00
      7.913    19.3459   4.220087    30.8377         65     0.2667  0.000e+00
      7.863    19.3403   4.219821    30.8397         66     0.2708  0.000e+00
      7.805    19.3333   4.219677    30.8437         67     0.2750  0.000e+00
      7.742    19.3256   4.219370    30.8469         68     0.2792  0.000e+00
      7.690    19.3175   4.218898    30.8491         69     0.2833  0.000e+00
      7.653    19.3099   4.218789    30.8538         70     0.2875  0.000e+00
      7.638    19.3010   4.218557    30.8586         71     0.2917  0.000e+00
      7.662    19.2919   4.218557    30.8653         72     0.2958  0.000e+00
      7.724    19.2842   4.218509    30.8706         73     0.3000  0.000e+00
      7.823    19.2771   4.218407    30.8750         74     0.3042  0.000e+00
      7.953    19.2716   4.218147    30.8769         75     0.3083  0.000e+00
      8.088    19.2680   4.217689    30.8758         76     0.3125  0.000e+00
      8.233    19.2659   4.217949    30.8794         77     0.3167  0.000e+00
      8.368    19.2664   4.218605    30.8843         78     0.3208  0.000e+00
      8.507    19.2748   4.220546    30.8939         79     0.3250  0.000e+00
      8.659    19.2924   4.222693    30.8983         80     0.3292  0.000e+00
      8.808    19.3114   4.224443    30.8985         81     0.3333  0.000e+00
      8.937    19.3281   4.225346    30.8935         82     0.3375  0.000e+00
      9.053    19.3421   4.225947    30.8879         83     0.3417  0.000e+00
      9.143    19.3529   4.226269    30.8825         84     0.3458  0.000e+00
      9.211    19.3606   4.226453    30.8783         85     0.3500  0.000e+00
      9.257    19.3661   4.226535    30.8750         86     0.3542  0.000e+00
      9.293    19.3698   4.226453    30.8715         87     0.3583  0.000e+00
      9.329    19.3721   4.226268    30.8683         88     0.3625  0.000e+00
      9.368    19.3737   4.226077    30.8656         89     0.3667  0.000e+00
      9.391    19.3748   4.225489    30.8599         90     0.3708  0.000e+00
      9.437    19.3752   4.223068    30.8399         91     0.3750  0.000e+00
      9.513    19.3757   4.221817    30.8293         92     0.3792  0.000e+00
      9.631    19.3749   4.220867    30.8221         93     0.3833  0.000e+00
      9.797    19.3727   4.220901    30.8240         94     0.3875  0.000e+00
      9.987    19.3667   4.221011    30.8293         95     0.3917  0.000e+00
     10.213    19.3595   4.220977    30.8342         96     0.3958  0.000e+00
     10.464    19.3543   4.220963    30.8378         97     0.4000  0.000e+00
     10.730    19.3510   4.221257    30.8426         98     0.4042  0.000e+00
     11.007    19.3483   4.222057    30.8510         99     0.4083  0.000e+00
     11.279    19.3458   4.223090    30.8612        100     0.4125  0.000e+00
     11.552    19.3443   4.223644    30.8667        101     0.4167  0.000e+00
     11.825    19.3458   4.224772    30.8747        102     0.4208  0.000e+00
     12.092    19.3491   4.225388    30.8773        103     0.4250  0.000e+00
     12.339    19.3508   4.225347    30.8755        104     0.4292  0.000e+00
     12.545    19.3457   4.223070    30.8607        105     0.4333  0.000e+00
     12.700    19.3273   4.219700    30.8467        106     0.4375  0.000e+00
     12.816    19.2976   4.217670    30.8521        107     0.4417  0.000e+00
     12.905    19.2636   4.215887    30.8627        108     0.4458  0.000e+00
     12.975    19.2213   4.215048    30.8871        109     0.4500  0.000e+00
     13.054    19.1786   4.215649    30.9237        110     0.4542  0.000e+00
     13.145    19.1461   4.216654    30.9561        111     0.4583  0.000e+00
     13.219    19.1197   4.216764    30.9766        112     0.4625  0.000e+00
     13.326    19.0962   4.218179    31.0057        113     0.4667  0.000e+00
     13.450    19.0810   4.219047    31.0241        114     0.4708  0.000e+00
     13.601    19.0868   4.219416    31.0227        115     0.4750  0.000e+00
     13.785    19.1074   4.219990    31.0121        116     0.4792  0.000e+00
     14.022    19.1296   4.220263    30.9976        117     0.4833  0.000e+00
     14.278    19.1471   4.218254    30.9681        118     0.4875  0.000e+00
     14.547    19.1608   4.216306    30.9419        119     0.4917  0.000e+00
     14.827    19.1658   4.211647    30.8999        120     0.4958  0.000e+00
     15.101    19.0248   4.163341    30.6084        121     0.5000  0.000e+00
     15.372    18.6312   4.102424    30.3969        122     0.5042  0.000e+00
     15.635    18.1739   4.067056    30.4411        123     0.5083  0.000e+00
     15.882    17.7413   4.043164    30.5635        124     0.5125  0.000e+00
     16.111    17.3667   4.025643    30.6975        125     0.5167  0.000e+00
     16.317    17.0214   4.005120    30.7849        126     0.5208  0.000e+00
     16.494    16.7005   3.988313    30.8864        127     0.5250  0.000e+00
     16.646    16.4224   3.981594    31.0432        128     0.5292  0.000e+00
     16.776    16.1773   3.978895    31.2110        129     0.5333  0.000e+00
     16.907    15.9731   3.976069    31.3469        130     0.5375  0.000e+00
     17.041    15.8072   3.975817    31.4762        131     0.5417  0.000e+00
     17.177    15.6767   3.979468    31.6125        132     0.5458  0.000e+00
     17.327    15.5910   3.980751    31.6926        133     0.5500  0.000e+00
     17.477    15.5135   3.859331    30.6781        134     0.5542  0.000e+00
     17.637    15.1852   3.808294    30.4805        135     0.5583  0.000e+00
     17.811    14.6717   3.798015    30.7911        136     0.5625  0.000e+00
     18.007    14.2630   3.795618    31.0954        137     0.5667  0.000e+00
     18.220    14.0011   3.789267    31.2488        138     0.5708  0.000e+00
     18.450    13.8284   3.781273    31.3157        139     0.5750  0.000e+00
     18.686    13.6934   3.774140    31.3602        140     0.5792  0.000e+00
     18.930    13.5784   3.769493    31.4113        141     0.5833  0.000e+00
     19.177    13.4844   3.762499    31.4236        142     0.5875  0.000e+00
     19.427    13.3954   3.753086    31.4092        143     0.5917  0.000e+00
     19.674    13.2962   3.746632    31.4307        144     0.5958  0.000e+00
     19.911    13.1972   3.737599    31.4280        145     0.6000  0.000e+00
     20.142    13.0967   3.724833    31.3915        146     0.6042  0.000e+00
     20.365    12.9768   3.717892    31.4256        147     0.6083  0.000e+00
     20.593    12.8530   3.703598    31.3936        148     0.6125  0.000e+00
     20.802    12.7148   3.691662    31.3958        149     0.6167  0.000e+00
     21.004    12.5640   3.678493    31.3966        150     0.6208  0.000e+00
     21.205    12.4052   3.667784    31.4274        151     0.6250  0.000e+00
     21.385    12.2500   3.657475    31.4590        152     0.6292  0.000e+00
     21.562    12.1027   3.643435    31.4482        153     0.6333  0.000e+00
     21.731    11.9469   3.633609    31.4851        154     0.6375  0.000e+00
     21.907    11.7940   3.625819    31.5393        155     0.6417  0.000e+00
     22.078    11.6564   3.620276    31.6024        156     0.6458  0.000e+00
     22.253    11.5434   3.620277    31.6988        157     0.6500  0.000e+00
     22.436    11.4748   3.612567    31.6824        158     0.6542  0.000e+00
     22.619    11.4068   3.608885    31.7047        159     0.6583  0.000e+00
     22.811    11.3419   3.604923    31.7216        160     0.6625  0.000e+00
     23.017    11.2832   3.603590    31.7590        161     0.6667  0.000e+00
     23.231    11.2369   3.598284    31.7467        162     0.6708  0.000e+00
     23.448    11.1885   3.593717    31.7435        163     0.6750  0.000e+00
     23.680    11.1347   3.587963    31.7333        164     0.6792  0.000e+00
     23.917    11.0747   3.586159    31.7672        165     0.6833  0.000e+00
     24.168    11.0255   3.582929    31.7778        166     0.6875  0.000e+00
     24.423    10.9814   3.576957    31.7570        167     0.6917  0.000e+00
     24.680    10.9277   3.571980    31.7542        168     0.6958  0.000e+00
     24.933    10.8665   3.566839    31.7564        169     0.7000  0.000e+00
     25.189    10.8025   3.561331    31.7572        170     0.7042  0.000e+00
     25.425    10.7351   3.557498    31.7776        171     0.7083  0.000e+00
     25.652    10.6738   3.552053    31.7768        172     0.7125  0.000e+00
     25.861    10.6105   3.544103    31.7526        173     0.7167  0.000e+00
     26.046    10.5316   3.530911    31.6898        174     0.7208  0.000e+00
     26.216    10.4234   3.525210    31.7270        175     0.7250  0.000e+00
     26.370    10.3151   3.520039    31.7697        176     0.7292  0.000e+00
     26.512    10.2227   3.520129    31.8516        177     0.7333  0.000e+00
     26.655    10.1604   3.511617    31.8206        178     0.7375  0.000e+00
     26.790    10.0928   3.507532    31.8388        179     0.7417  0.000e+00
     26.937    10.0248   3.506664    31.8898        180     0.7458  0.000e+00
     27.092     9.9767   3.507394    31.9397        181     0.7500  0.000e+00
     27.267     9.9523   3.507502    31.9622        182     0.7542  0.000e+00
     27.458     9.9401   3.506234    31.9601        183     0.7583  0.000e+00
     27.666     9.9290   3.505004    31.9574        184     0.7625  0.000e+00
     27.896     9.9171   3.504199    31.9597        185     0.7667  0.000e+00
     28.131     9.9055   3.503495    31.9628        186     0.7708  0.000e+00
     28.380     9.8950   3.502595    31.9628        187     0.7750  0.000e+00
     28.632     9.8847   3.500580    31.9514        188     0.7792  0.000e+00
     28.895     9.8703   3.499217    31.9503        189     0.7833  0.000e+00
     29.160     9.8540   3.497228    31.9444        190     0.7875  0.000e+00
     29.416     9.8352   3.497184    31.9605        191     0.7917  0.000e+00
     29.665     9.8215   3.496348    31.9640        192     0.7958  0.000e+00
     29.909     9.8105   3.493866    31.9485        193     0.8000  0.000e+00
     30.142     9.7926   3.491017    31.9353        194     0.8042  0.000e+00
     30.365     9.7675   3.489270    31.9398        195     0.8083  0.000e+00
     30.567     9.7396   3.485264    31.9237        196     0.8125  0.000e+00
     30.766     9.7053   3.482747    31.9284        197     0.8167  0.000e+00
     30.950     9.6690   3.481717    31.9501        198     0.8208  0.000e+00
     31.134     9.6405   3.480313    31.9610        199     0.8250  0.000e+00
     31.306     9.6171   3.480883    31.9876        200     0.8292  0.000e+00
     31.479     9.6037   3.481692    32.0077        201     0.8333  0.000e+00
     31.655     9.5998   3.480017    31.9940        202     0.8375  0.000e+00
     31.835     9.5934   3.478892    31.9881        203     0.8417  0.000e+00
     32.021     9.5840   3.478190    31.9893        204     0.8458  0.000e+00
     32.216     9.5733   3.476730    31.9838        205     0.8500  0.000e+00
     32.418     9.5601   3.475877    31.9868        206     0.8542  0.000e+00
     32.635     9.5471   3.476111    32.0006        207     0.8583  0.000e+00
     32.864     9.5392   3.475707    32.0035        208     0.8625  0.000e+00
     33.085     9.5337   3.474879    31.9998        209     0.8667  0.000e+00
     33.313     9.5265   3.473736    31.9944        210     0.8708  0.000e+00
     33.529     9.5163   3.472592    31.9917        211     0.8750  0.000e+00
     33.746     9.5051   3.472112    31.9968        212     0.8792  0.000e+00
     33.955     9.4955   3.471279    31.9967        213     0.8833  0.000e+00
     34.162     9.4860   3.470578    31.9979        214     0.8875  0.000e+00
     34.360     9.4768   3.470262    32.0028        215     0.8917  0.000e+00
