HB2303/sbe110.cnv
* Sea-Bird SBE 19plus V2 Data File:
* FileName = C:\cruise\data\sbe110.hex
* Software Version Seasave V 7.26.7.121
* Temperature SN = 6128
* Conductivity SN = 6128
* System UpLoad Time = Aug 19 2023 05:29:21
* NMEA Latitude = 42 10.00 N
* NMEA Longitude = 066 34.44 W
* NMEA UTC (Time) = Aug 19 2023 05:29:16
** Ship: Henry Bigelow
** Cruise:  HB2303
** Program:  ECOMON
# nquan = 7
# nvalues = 2981                                  
# units = specified
# name 0 = depSM: Depth [salt water, m]
# name 1 = tv290C: Temperature [ITS-90, deg C]
# name 2 = c0S/m: Conductivity [S/m]
# name 3 = sal00: Salinity, Practical [PSU]
# name 4 = scan: Scan Count
# name 5 = timeM: Time, Elapsed [minutes]
# name 6 = flag:  0.000e+00
# span 0 =     -0.050,    144.518                 
# span 1 =     7.8196,    20.0458                 
# span 2 =   0.003943,   4.370696                 
# span 3 =     0.0261,    33.9611                 
# span 4 =         11,       2991                 
# span 5 =     0.0417,    12.4583                 
# span 6 = 0.0000e+00, 0.0000e+00                 
# interval = seconds: 0.25
# start_time = Aug 19 2023 05:29:16 [NMEA time, header]
# bad_flag = -9.990e-29
*END*
[from data line 2462]
     31.645     9.5742   3.521835    32.4444       2473    10.3000  0.000e+00
     31.685     9.5602   3.520869    32.4471       2474    10.3042  0.000e+00
     31.728     9.5414   3.509798    32.3508       2475    10.3083  0.000e+00
     31.771     9.4892   3.513708    32.4379       2476    10.3125  0.000e+00
     31.812     9.4554   3.504827    32.3774       2477    10.3167  0.000e+00
     31.852     9.4074   3.500345    32.3747       2478    10.3208  0.000e+00
     31.881     9.3480   3.500010    32.4251       2479    10.3250  0.000e+00
     31.903     9.3062   3.502945    32.4933       2480    10.3292  0.000e+00
     31.899     9.2918   3.497426    32.4495       2481    10.3333  0.000e+00
     31.882     9.2733   3.497343    32.4654       2482    10.3375  0.000e+00
     31.841     9.2491   3.490504    32.4169       2483    10.3417  0.000e+00
     31.785     9.2106   3.503929    32.5906       2484    10.3458  0.000e+00
     31.707     9.2396   3.526846    32.8009       2485    10.3500  0.000e+00
     31.622     9.3680   3.520014    32.6129       2486    10.3542  0.000e+00
     31.515     9.4464   3.522249    32.5646       2487    10.3583  0.000e+00
     31.401     9.4911   3.526112    32.5636       2488    10.3625  0.000e+00
     31.271     9.5340   3.527853    32.5426       2489    10.3667  0.000e+00
     31.135     9.5704   3.528959    32.5209       2490    10.3708  0.000e+00
     31.000     9.5982   3.528265    32.4888       2491    10.3750  0.000e+00
     30.884     9.6132   3.531832    32.5117       2492    10.3792  0.000e+00
     30.781     9.6343   3.537303    32.5486       2493    10.3833  0.000e+00
     30.698     9.6718   3.536158    32.5030       2494    10.3875  0.000e+00
     30.630     9.7019   3.541287    32.5282       2495    10.3917  0.000e+00
     30.586     9.7349   3.545051    32.5368       2496    10.3958  0.000e+00
     30.549     9.7804   3.548108    32.5268       2497    10.4000  0.000e+00
     30.536     9.8290   3.560170    32.6057       2498    10.4042  0.000e+00
     30.543     9.9046   3.556833    32.5035       2499    10.4083  0.000e+00
     30.558     9.9518   3.551190    32.4038       2500    10.4125  0.000e+00
     30.583     9.9454   3.535849    32.2540       2501    10.4167  0.000e+00
     30.615     9.8706   3.536633    32.3289       2502    10.4208  0.000e+00
     30.650     9.8077   3.541070    32.4305       2503    10.4250  0.000e+00
     30.682     9.7907   3.547082    32.5070       2504    10.4292  0.000e+00
     30.707     9.8143   3.562021    32.6378       2505    10.4333  0.000e+00
     30.729     9.9022   3.560406    32.5419       2506    10.4375  0.000e+00
     30.731     9.9707   3.561502    32.4913       2507    10.4417  0.000e+00
     30.722    10.0094   3.567681    32.5191       2508    10.4458  0.000e+00
     30.703    10.0576   3.570044    32.4997       2509    10.4500  0.000e+00
     30.654    10.1066   3.580198    32.5584       2510    10.4542  0.000e+00
     30.591    10.1790   3.585448    32.5464       2511    10.4583  0.000e+00
     30.519    10.2579   3.587694    32.4983       2512    10.4625  0.000e+00
     30.419    10.3210   3.584634    32.4111       2513    10.4667  0.000e+00
     30.313    10.3484   3.593396    32.4748       2514    10.4708  0.000e+00
     30.202    10.3906   3.593793    32.4410       2515    10.4750  0.000e+00
     30.076    10.4315   3.601545    32.4824       2516    10.4792  0.000e+00
     29.946    10.4882   3.607084    32.4873       2517    10.4833  0.000e+00
     29.823    10.5542   3.607743    32.4352       2518    10.4875  0.000e+00
     29.705    10.6002   3.602786    32.3449       2519    10.4917  0.000e+00
     29.593    10.6152   3.620047    32.5038       2520    10.4958  0.000e+00
     29.490    10.6891   3.623566    32.4733       2521    10.5000  0.000e+00
     29.403    10.7682   3.623584    32.4033       2522    10.5042  0.000e+00
     29.320    10.8187   3.623140    32.3542       2523    10.5083  0.000e+00
     29.248    10.8446   3.623005    32.3300       2524    10.5125  0.000e+00
     29.186    10.8565   3.622870    32.3183       2525    10.5167  0.000e+00
     29.143    10.8615   3.621688    32.3021       2526    10.5208  0.000e+00
     29.105    10.8579   3.619241    32.2811       2527    10.5250  0.000e+00
     29.089    10.8438   3.620024    32.3013       2528    10.5292  0.000e+00
     29.072    10.8342   3.620866    32.3181       2529    10.5333  0.000e+00
     29.065    10.8342   3.621984    32.3292       2530    10.5375  0.000e+00
     29.067    10.8410   3.622003    32.3234       2531    10.5417  0.000e+00
     29.075    10.8457   3.621649    32.3157       2532    10.5458  0.000e+00
     29.073    10.8463   3.619048    32.2894       2533    10.5500  0.000e+00
     29.073    10.8358   3.618374    32.2919       2534    10.5542  0.000e+00
     29.073    10.8218   3.616750    32.2882       2535    10.5583  0.000e+00
     29.062    10.8059   3.616666    32.3014       2536    10.5625  0.000e+00
     29.046    10.7921   3.615196    32.2990       2537    10.5667  0.000e+00
     29.017    10.7785   3.614998    32.3090       2538    10.5708  0.000e+00
     28.973    10.7688   3.615556    32.3232       2539    10.5750  0.000e+00
     28.918    10.7646   3.614529    32.3167       2540    10.5792  0.000e+00
     28.855    10.7590   3.616551    32.3417       2541    10.5833  0.000e+00
     28.770    10.7642   3.617643    32.3481       2542    10.5875  0.000e+00
     28.676    10.7749   3.619402    32.3561       2543    10.5917  0.000e+00
     28.562    10.7893   3.622626    32.3755       2544    10.5958  0.000e+00
     28.443    10.8161   3.624946    32.3749       2545    10.6000  0.000e+00
     28.311    10.8456   3.628287    32.3820       2546    10.6042  0.000e+00
     28.179    10.8814   3.629155    32.3591       2547    10.6083  0.000e+00
     28.051    10.9097   3.629759    32.3401       2548    10.6125  0.000e+00
     27.933    10.9295   3.632575    32.3505       2549    10.6167  0.000e+00
     27.820    10.9549   3.641030    32.4119       2550    10.6208  0.000e+00
     27.722    11.0091   3.643360    32.3872       2551    10.6250  0.000e+00
     27.628    11.0647   3.649485    32.3987       2552    10.6292  0.000e+00
     27.554    11.1247   3.654518    32.3955       2553    10.6333  0.000e+00
     27.489    11.1911   3.657425    32.3658       2554    10.6375  0.000e+00
     27.433    11.2453   3.658508    32.3288       2555    10.6417  0.000e+00
     27.393    11.2849   3.658888    32.2979       2556    10.6458  0.000e+00
     27.357    11.3100   3.659204    32.2790       2557    10.6500  0.000e+00
     27.335    11.3257   3.659068    32.2639       2558    10.6542  0.000e+00
     27.313    11.3336   3.658707    32.2535       2559    10.6583  0.000e+00
     27.300    11.3357   3.659068    32.2553       2560    10.6625  0.000e+00
     27.288    11.3381   3.659810    32.2604       2561    10.6667  0.000e+00
     27.282    11.3425   3.659881    32.2573       2562    10.6708  0.000e+00
     27.284    11.3462   3.659610    32.2513       2563    10.6750  0.000e+00
     27.275    11.3470   3.659448    32.2491       2564    10.6792  0.000e+00
     27.271    11.3461   3.658978    32.2453       2565    10.6833  0.000e+00
     27.258    11.3427   3.657604    32.2348       2566    10.6875  0.000e+00
     27.244    11.3352   3.657797    32.2432       2567    10.6917  0.000e+00
     27.220    11.3294   3.657965    32.2499       2568    10.6958  0.000e+00
     27.182    11.3274   3.658010    32.2522       2569    10.7000  0.000e+00
     27.135    11.3250   3.656656    32.2410       2570    10.7042  0.000e+00
     27.066    11.3190   3.656521    32.2449       2571    10.7083  0.000e+00
     26.976    11.3136   3.658978    32.2738       2572    10.7125  0.000e+00
     26.862    11.3197   3.659384    32.2725       2573    10.7167  0.000e+00
     26.730    11.3288   3.659771    32.2684       2574    10.7208  0.000e+00
     26.578    11.3364   3.659881    32.2629       2575    10.7250  0.000e+00
     26.421    11.3417   3.660151    32.2610       2576    10.7292  0.000e+00
     26.266    11.3464   3.663532    32.2901       2577    10.7333  0.000e+00
     26.106    11.3639   3.668954    32.3280       2578    10.7375  0.000e+00
     25.953    11.4016   3.672306    32.3279       2579    10.7417  0.000e+00
     25.810    11.4468   3.676712    32.3316       2580    10.7458  0.000e+00
     25.676    11.4971   3.681230    32.3318       2581    10.7500  0.000e+00
     25.566    11.5508   3.687678    32.3479       2582    10.7542  0.000e+00
     25.468    11.6176   3.700031    32.4100       2583    10.7583  0.000e+00
     25.394    11.7174   3.702887    32.3507       2584    10.7625  0.000e+00
     25.340    11.8039   3.705557    32.3015       2585    10.7667  0.000e+00
     25.304    11.8665   3.708759    32.2782       2586    10.7708  0.000e+00
     25.284    11.9173   3.708830    32.2348       2587    10.7750  0.000e+00
     25.278    11.9509   3.708985    32.2073       2588    10.7792  0.000e+00
     25.287    11.9695   3.707817    32.1799       2589    10.7833  0.000e+00
     25.308    11.9740   3.706696    32.1652       2590    10.7875  0.000e+00
     25.339    11.9694   3.705866    32.1612       2591    10.7917  0.000e+00
     25.373    11.9606   3.704116    32.1518       2592    10.7958  0.000e+00
     25.407    11.9476   3.703221    32.1544       2593    10.8000  0.000e+00
     25.432    11.9345   3.702787    32.1615       2594    10.8042  0.000e+00
     25.452    11.9242   3.703014    32.1725       2595    10.8083  0.000e+00
     25.459    11.9189   3.704505    32.1915       2596    10.8125  0.000e+00
     25.450    11.9212   3.703935    32.1841       2597    10.8167  0.000e+00
     25.419    11.9233   3.703818    32.1811       2598    10.8208  0.000e+00
     25.363    11.9226   3.705555    32.1985       2599    10.8250  0.000e+00
     25.296    11.9306   3.717056    32.3028       2600    10.8292  0.000e+00
     25.197    11.9849   3.733213    32.4119       2601    10.8333  0.000e+00
     25.079    12.1003   3.737107    32.3494       2602    10.8375  0.000e+00
     24.944    12.2037   3.739956    32.2875       2603    10.8417  0.000e+00
     24.792    12.2787   3.741139    32.2343       2604    10.8458  0.000e+00
     24.637    12.3280   3.741991    32.2001       2605    10.8500  0.000e+00
     24.481    12.3598   3.742850    32.1811       2606    10.8542  0.000e+00
     24.331    12.3817   3.743559    32.1692       2607    10.8583  0.000e+00
     24.189    12.3976   3.744515    32.1647       2608    10.8625  0.000e+00
     24.062    12.4114   3.745577    32.1631       2609    10.8667  0.000e+00
     23.955    12.4241   3.746162    32.1579       2610    10.8708  0.000e+00
     23.860    12.4353   3.746833    32.1548       2611    10.8750  0.000e+00
     23.780    12.4447   3.747249    32.1507       2612    10.8792  0.000e+00
     23.709    12.4533   3.748278    32.1532       2613    10.8833  0.000e+00
     23.650    12.4619   3.748200    32.1451       2614    10.8875  0.000e+00
     23.604    12.4678   3.748259    32.1406       2615    10.8917  0.000e+00
     23.570    12.4715   3.748780    32.1425       2616    10.8958  0.000e+00
     23.541    12.4752   3.749151    32.1428       2617    10.9000  0.000e+00
     23.516    12.4793   3.749626    32.1439       2618    10.9042  0.000e+00
     23.496    12.4843   3.750004    32.1433       2619    10.9083  0.000e+00
     23.480    12.4889   3.750310    32.1422       2620    10.9125  0.000e+00
     23.458    12.4931   3.750512    32.1405       2621    10.9167  0.000e+00
     23.434    12.4972   3.751326    32.1448       2622    10.9208  0.000e+00
     23.413    12.5031   3.751880    32.1451       2623    10.9250  0.000e+00
     23.380    12.5099   3.752746    32.1476       2624    10.9292  0.000e+00
     23.340    12.5180   3.753417    32.1470       2625    10.9333  0.000e+00
     23.299    12.5260   3.753496    32.1409       2626    10.9375  0.000e+00
     23.246    12.5318   3.753997    32.1408       2627    10.9417  0.000e+00
     23.185    12.5376   3.755001    32.1454       2628    10.9458  0.000e+00
     23.118    12.5459   3.755418    32.1423       2629    10.9500  0.000e+00
     23.038    12.5533   3.756089    32.1424       2630    10.9542  0.000e+00
     22.947    12.5611   3.757367    32.1480       2631    10.9583  0.000e+00
     22.857    12.5721   3.759068    32.1548       2632    10.9625  0.000e+00
     22.754    12.5863   3.759277    32.1447       2633    10.9667  0.000e+00
     22.646    12.5981   3.760183    32.1433       2634    10.9708  0.000e+00
     22.538    12.6089   3.760717    32.1392       2635    10.9750  0.000e+00
     22.418    12.6180   3.761024    32.1344       2636    10.9792  0.000e+00
     22.297    12.6254   3.762139    32.1388       2637    10.9833  0.000e+00
     22.187    12.6348   3.764728    32.1554       2638    10.9875  0.000e+00
     22.080    12.6517   3.765727    32.1505       2639    10.9917  0.000e+00
     21.982    12.6686   3.767051    32.1487       2640    10.9958  0.000e+00
     21.883    12.6851   3.767769    32.1415       2641    11.0000  0.000e+00
     21.791    12.6991   3.768245    32.1341       2642    11.0042  0.000e+00
     21.709    12.7097   3.769126    32.1335       2643    11.0083  0.000e+00
     21.635    12.7198   3.769341    32.1269       2644    11.0125  0.000e+00
     21.565    12.7274   3.769132    32.1185       2645    11.0167  0.000e+00
     21.505    12.7311   3.769145    32.1155       2646    11.0208  0.000e+00
     21.455    12.7325   3.769413    32.1169       2647    11.0250  0.000e+00
     21.409    12.7346   3.769680    32.1177       2648    11.0292  0.000e+00
     21.377    12.7371   3.769759    32.1163       2649    11.0333  0.000e+00
     21.342    12.7389   3.769902    32.1161       2650    11.0375  0.000e+00
     21.304    12.7408   3.770457    32.1198       2651    11.0417  0.000e+00
     21.255    12.7440   3.771116    32.1233       2652    11.0458  0.000e+00
     21.201    12.7492   3.772638    32.1333       2653    11.0500  0.000e+00
     21.121    12.7593   3.775720    32.1540       2654    11.0542  0.000e+00
     21.034    12.7807   3.781104    32.1868       2655    11.0583  0.000e+00
     20.928    12.8216   3.795473    32.2881       2656    11.0625  0.000e+00
     20.807    12.9109   3.811661    32.3649       2657    11.0667  0.000e+00
     20.680    13.0510   3.820843    32.3320       2658    11.0708  0.000e+00
     20.555    13.1874   3.832111    32.3218       2659    11.0750  0.000e+00
     20.433    13.3209   3.843385    32.3142       2660    11.0792  0.000e+00
     20.317    13.4565   3.853534    32.2942       2661    11.0833  0.000e+00
     20.210    13.5893   3.860272    32.2449       2662    11.0875  0.000e+00
     20.124    13.7033   3.873184    32.2687       2663    11.0917  0.000e+00
     20.049    13.8270   3.891659    32.3358       2664    11.0958  0.000e+00
     19.988    13.9854   3.900562    32.2849       2665    11.1000  0.000e+00
     19.940    14.1356   3.906909    32.2175       2666    11.1042  0.000e+00
     19.907    14.2565   3.915793    32.1982       2667    11.1083  0.000e+00
     19.882    14.3653   3.923351    32.1767       2668    11.1125  0.000e+00
     19.857    14.4694   3.927710    32.1301       2669    11.1167  0.000e+00
     19.833    14.5543   3.930278    32.0832       2670    11.1208  0.000e+00
     19.815    14.6169   3.930695    32.0353       2671    11.1250  0.000e+00
     19.793    14.6562   3.931684    32.0119       2672    11.1292  0.000e+00
     19.766    14.6815   3.932195    31.9957       2673    11.1333  0.000e+00
     19.722    14.6979   3.933204    31.9914       2674    11.1375  0.000e+00
     19.669    14.7118   3.936757    32.0122       2675    11.1417  0.000e+00
     19.587    14.7341   3.941395    32.0359       2676    11.1458  0.000e+00
