HB2303/sbe149.cnv
* Sea-Bird SBE 19plus V2 Data File:
* FileName = C:\cruise\data\sbe149.hex
* Software Version Seasave V 7.26.7.121
* Temperature SN = 6128
* Conductivity SN = 6128
* System UpLoad Time = Aug 22 2023 18:08:50
* NMEA Latitude = 42 29.70 N
* NMEA Longitude = 069 40.00 W
* NMEA UTC (Time) = Aug 22 2023 18:08:46
** Ship: Henry Bigelow
** Cruise:  HB2303
** Program:  ECOMON
# nquan = 7
# nvalues = 4110                                  
# units = specified
# name 0 = depSM: Depth [salt water, m]
# name 1 = tv290C: Temperature [ITS-90, deg C]
# name 2 = c0S/m: Conductivity [S/m]
# name 3 = sal00: Salinity, Practical [PSU]
# name 4 = scan: Scan Count
# name 5 = timeM: Time, Elapsed [minutes]
# name 6 = flag:  0.000e+00
# span 0 =     -0.254,    201.173                 
# span 1 =     6.8339,    20.6625                 
# span 2 =   0.000530,   4.359081                 
# span 3 =     0.0110,    34.7516                 
# span 4 =         11,       4120                 
# span 5 =     0.0417,    17.1625                 
# span 6 = 0.0000e+00, 0.0000e+00                 
# interval = seconds: 0.25
# start_time = Aug 22 2023 18:08:46 [NMEA time, header]
# bad_flag = -9.990e-29
*END*
[from data line 3488]
     38.446     8.3544   3.401620    32.3040       3499    14.5750  0.000e+00
     38.393     8.3590   3.402140    32.3053       3500    14.5792  0.000e+00
     38.332     8.3639   3.403826    32.3185       3501    14.5833  0.000e+00
     38.263     8.3742   3.405619    32.3280       3502    14.5875  0.000e+00
     38.187     8.3898   3.407161    32.3300       3503    14.5917  0.000e+00
     38.098     8.4074   3.408396    32.3268       3504    14.5958  0.000e+00
     38.003     8.4242   3.409168    32.3196       3505    14.6000  0.000e+00
     37.909     8.4380   3.409907    32.3148       3506    14.6042  0.000e+00
     37.809     8.4495   3.411174    32.3176       3507    14.6083  0.000e+00
     37.708     8.4622   3.412460    32.3196       3508    14.6125  0.000e+00
     37.610     8.4760   3.412667    32.3091       3509    14.6167  0.000e+00
     37.507     8.4868   3.413514    32.3081       3510    14.6208  0.000e+00
     37.404     8.4974   3.415372    32.3180       3511    14.6250  0.000e+00
     37.308     8.5141   3.416664    32.3163       3512    14.6292  0.000e+00
     37.217     8.5331   3.416928    32.3017       3513    14.6333  0.000e+00
     37.127     8.5477   3.417072    32.2900       3514    14.6375  0.000e+00
     37.053     8.5571   3.417210    32.2828       3515    14.6417  0.000e+00
     36.977     8.5632   3.417241    32.2776       3516    14.6458  0.000e+00
     36.901     8.5674   3.417298    32.2743       3517    14.6500  0.000e+00
     36.827     8.5708   3.417574    32.2742       3518    14.6542  0.000e+00
     36.756     8.5741   3.418020    32.2759       3519    14.6583  0.000e+00
     36.686     8.5780   3.418384    32.2762       3520    14.6625  0.000e+00
     36.612     8.5825   3.418861    32.2771       3521    14.6667  0.000e+00
     36.539     8.5877   3.419181    32.2758       3522    14.6708  0.000e+00
     36.472     8.5928   3.419526    32.2747       3523    14.6750  0.000e+00
     36.393     8.5983   3.419859    32.2732       3524    14.6792  0.000e+00
     36.322     8.6036   3.420361    32.2736       3525    14.6833  0.000e+00
     36.239     8.6093   3.420650    32.2715       3526    14.6875  0.000e+00
     36.172     8.6151   3.420933    32.2692       3527    14.6917  0.000e+00
     36.091     8.6204   3.421215    32.2674       3528    14.6958  0.000e+00
     36.011     8.6256   3.421485    32.2655       3529    14.7000  0.000e+00
     35.933     8.6300   3.421648    32.2633       3530    14.7042  0.000e+00
     35.853     8.6339   3.421899    32.2624       3531    14.7083  0.000e+00
     35.775     8.6372   3.422138    32.2619       3532    14.7125  0.000e+00
     35.692     8.6406   3.422402    32.2615       3533    14.7167  0.000e+00
     35.618     8.6437   3.422691    32.2618       3534    14.7208  0.000e+00
     35.531     8.6469   3.422986    32.2620       3535    14.7250  0.000e+00
     35.452     8.6502   3.423112    32.2603       3536    14.7292  0.000e+00
     35.374     8.6532   3.423300    32.2596       3537    14.7333  0.000e+00
     35.292     8.6557   3.423338    32.2578       3538    14.7375  0.000e+00
     35.215     8.6575   3.423520    32.2580       3539    14.7417  0.000e+00
     35.142     8.6594   3.423589    32.2571       3540    14.7458  0.000e+00
     35.067     8.6609   3.423733    32.2573       3541    14.7500  0.000e+00
     35.001     8.6623   3.423853    32.2572       3542    14.7542  0.000e+00
     34.945     8.6639   3.424217    32.2596       3543    14.7583  0.000e+00
     34.888     8.6664   3.424468    32.2600       3544    14.7625  0.000e+00
     34.840     8.6694   3.424631    32.2590       3545    14.7667  0.000e+00
     34.784     8.6718   3.424839    32.2590       3546    14.7708  0.000e+00
     34.744     8.6745   3.425147    32.2598       3547    14.7750  0.000e+00
     34.687     8.6776   3.425467    32.2603       3548    14.7792  0.000e+00
     34.631     8.6810   3.425649    32.2592       3549    14.7833  0.000e+00
     34.560     8.6841   3.425944    32.2594       3550    14.7875  0.000e+00
     34.482     8.6874   3.426862    32.2660       3551    14.7917  0.000e+00
     34.393     8.6936   3.428439    32.2769       3552    14.7958  0.000e+00
     34.287     8.7057   3.431539    32.2983       3553    14.8000  0.000e+00
     34.167     8.7290   3.434997    32.3132       3554    14.8042  0.000e+00
     34.050     8.7616   3.436809    32.3024       3555    14.8083  0.000e+00
     33.925     8.7925   3.438048    32.2873       3556    14.8125  0.000e+00
     33.805     8.8178   3.441831    32.3037       3557    14.8167  0.000e+00
     33.689     8.8484   3.444525    32.3039       3558    14.8208  0.000e+00
     33.585     8.8820   3.446332    32.2922       3559    14.8250  0.000e+00
     33.489     8.9122   3.448436    32.2867       3560    14.8292  0.000e+00
     33.398     8.9400   3.452046    32.2990       3561    14.8333  0.000e+00
     33.329     8.9746   3.454889    32.2971       3562    14.8375  0.000e+00
     33.263     9.0112   3.456168    32.2771       3563    14.8417  0.000e+00
     33.206     9.0406   3.456660    32.2556       3564    14.8458  0.000e+00
     33.159     9.0610   3.457732    32.2483       3565    14.8500  0.000e+00
     33.114     9.0768   3.457877    32.2355       3566    14.8542  0.000e+00
     33.070     9.0870   3.457902    32.2265       3567    14.8583  0.000e+00
     33.027     9.0929   3.458009    32.2223       3568    14.8625  0.000e+00
     32.992     9.0963   3.458097    32.2201       3569    14.8667  0.000e+00
     32.945     9.0987   3.458368    32.2208       3570    14.8708  0.000e+00
     32.894     9.1012   3.458640    32.2213       3571    14.8750  0.000e+00
     32.838     9.1035   3.458652    32.2194       3572    14.8792  0.000e+00
     32.764     9.1055   3.458936    32.2206       3573    14.8833  0.000e+00
     32.696     9.1079   3.459144    32.2206       3574    14.8875  0.000e+00
     32.614     9.1104   3.459567    32.2228       3575    14.8917  0.000e+00
     32.527     9.1138   3.460286    32.2272       3576    14.8958  0.000e+00
     32.442     9.1192   3.460475    32.2242       3577    14.9000  0.000e+00
     32.357     9.1242   3.460626    32.2213       3578    14.9042  0.000e+00
     32.270     9.1280   3.460784    32.2196       3579    14.9083  0.000e+00
     32.199     9.1308   3.460727    32.2165       3580    14.9125  0.000e+00
     32.122     9.1326   3.461194    32.2197       3581    14.9167  0.000e+00
     32.050     9.1355   3.463005    32.2359       3582    14.9208  0.000e+00
     31.983     9.1454   3.464974    32.2472       3583    14.9250  0.000e+00
     31.927     9.1621   3.465674    32.2395       3584    14.9292  0.000e+00
     31.865     9.1778   3.466141    32.2301       3585    14.9333  0.000e+00
     31.810     9.1896   3.466583    32.2240       3586    14.9375  0.000e+00
     31.754     9.1990   3.467467    32.2247       3587    14.9417  0.000e+00
     31.704     9.2083   3.468313    32.2250       3588    14.9458  0.000e+00
     31.655     9.2178   3.468906    32.2226       3589    14.9500  0.000e+00
     31.604     9.2269   3.469733    32.2229       3590    14.9542  0.000e+00
     31.552     9.2362   3.470390    32.2213       3591    14.9583  0.000e+00
     31.500     9.2449   3.470819    32.2179       3592    14.9625  0.000e+00
     31.449     9.2524   3.471344    32.2166       3593    14.9667  0.000e+00
     31.399     9.2594   3.472954    32.2269       3594    14.9708  0.000e+00
     31.350     9.2705   3.475558    32.2437       3595    14.9750  0.000e+00
     31.298     9.2888   3.476910    32.2412       3596    14.9792  0.000e+00
     31.249     9.3078   3.477447    32.2295       3597    14.9833  0.000e+00
     31.200     9.3224   3.477788    32.2199       3598    14.9875  0.000e+00
     31.142     9.3325   3.478256    32.2157       3599    14.9917  0.000e+00
     31.094     9.3402   3.478976    32.2162       3600    14.9958  0.000e+00
     31.044     9.3481   3.480020    32.2198       3601    15.0000  0.000e+00
     30.999     9.3576   3.480955    32.2208       3602    15.0042  0.000e+00
     30.945     9.3685   3.481720    32.2189       3603    15.0083  0.000e+00
     30.894     9.3793   3.482397    32.2162       3604    15.0125  0.000e+00
     30.836     9.3895   3.483036    32.2136       3605    15.0167  0.000e+00
     30.778     9.3990   3.483693    32.2118       3606    15.0208  0.000e+00
     30.715     9.4079   3.484383    32.2109       3607    15.0250  0.000e+00
     30.641     9.4169   3.485078    32.2100       3608    15.0292  0.000e+00
     30.560     9.4262   3.486230    32.2134       3609    15.0333  0.000e+00
     30.473     9.4370   3.487672    32.2186       3610    15.0375  0.000e+00
     30.382     9.4510   3.490255    32.2326       3611    15.0417  0.000e+00
     30.290     9.4717   3.493173    32.2439       3612    15.0458  0.000e+00
     30.188     9.4994   3.495864    32.2465       3613    15.0500  0.000e+00
     30.099     9.5311   3.499260    32.2528       3614    15.0542  0.000e+00
     30.005     9.5652   3.501420    32.2444       3615    15.0583  0.000e+00
     29.927     9.5969   3.503949    32.2418       3616    15.0625  0.000e+00
     29.866     9.6273   3.505984    32.2353       3617    15.0667  0.000e+00
     29.808     9.6558   3.507227    32.2225       3618    15.0708  0.000e+00
     29.760     9.6784   3.508020    32.2103       3619    15.0750  0.000e+00
     29.721     9.6954   3.508660    32.2016       3620    15.0792  0.000e+00
     29.688     9.7083   3.509231    32.1959       3621    15.0833  0.000e+00
     29.663     9.7184   3.509795    32.1926       3622    15.0875  0.000e+00
     29.637     9.7272   3.510741    32.1944       3623    15.0917  0.000e+00
     29.603     9.7368   3.511775    32.1964       3624    15.0958  0.000e+00
     29.572     9.7475   3.512542    32.1946       3625    15.1000  0.000e+00
     29.526     9.7579   3.513069    32.1907       3626    15.1042  0.000e+00
     29.476     9.7670   3.514091    32.1930       3627    15.1083  0.000e+00
     29.422     9.7764   3.514954    32.1934       3628    15.1125  0.000e+00
     29.358     9.7863   3.515595    32.1911       3629    15.1167  0.000e+00
     29.290     9.7958   3.517081    32.1977       3630    15.1208  0.000e+00
     29.203     9.8078   3.519595    32.2126       3631    15.1250  0.000e+00
     29.122     9.8263   3.521602    32.2166       3632    15.1292  0.000e+00
     29.030     9.8487   3.523235    32.2131       3633    15.1333  0.000e+00
     28.936     9.8707   3.524639    32.2078       3634    15.1375  0.000e+00
     28.839     9.8902   3.526081    32.2050       3635    15.1417  0.000e+00
     28.748     9.9092   3.528306    32.2106       3636    15.1458  0.000e+00
     28.672     9.9301   3.528973    32.1989       3637    15.1500  0.000e+00
     28.598     9.9472   3.529437    32.1883       3638    15.1542  0.000e+00
     28.549     9.9598   3.529837    32.1812       3639    15.1583  0.000e+00
     28.507     9.9687   3.529964    32.1745       3640    15.1625  0.000e+00
     28.485     9.9747   3.530397    32.1736       3641    15.1667  0.000e+00
     28.474     9.9799   3.531007    32.1752       3642    15.1708  0.000e+00
     28.471     9.9857   3.531198    32.1719       3643    15.1750  0.000e+00
     28.465     9.9903   3.531026    32.1661       3644    15.1792  0.000e+00
     28.462     9.9925   3.531051    32.1644       3645    15.1833  0.000e+00
     28.452     9.9934   3.531070    32.1638       3646    15.1875  0.000e+00
     28.430     9.9939   3.531090    32.1635       3647    15.1917  0.000e+00
     28.392     9.9944   3.531503    32.1672       3648    15.1958  0.000e+00
     28.338     9.9965   3.532622    32.1768       3649    15.2000  0.000e+00
     28.262    10.0024   3.534938    32.1950       3650    15.2042  0.000e+00
     28.164    10.0168   3.537839    32.2115       3651    15.2083  0.000e+00
     28.050    10.0405   3.540442    32.2168       3652    15.2125  0.000e+00
     27.927    10.0692   3.541397    32.2009       3653    15.2167  0.000e+00
     27.794    10.0931   3.542084    32.1866       3654    15.2208  0.000e+00
     27.662    10.1112   3.542326    32.1731       3655    15.2250  0.000e+00
     27.526    10.1233   3.542326    32.1624       3656    15.2292  0.000e+00
     27.396    10.1300   3.542714    32.1604       3657    15.2333  0.000e+00
     27.288    10.1353   3.543433    32.1630       3658    15.2375  0.000e+00
     27.192    10.1422   3.543994    32.1625       3659    15.2417  0.000e+00
     27.109    10.1494   3.544210    32.1584       3660    15.2458  0.000e+00
     27.042    10.1562   3.545516    32.1656       3661    15.2500  0.000e+00
     26.992    10.1674   3.546579    32.1663       3662    15.2542  0.000e+00
     26.948    10.1833   3.547516    32.1617       3663    15.2583  0.000e+00
     26.919    10.2002   3.548229    32.1539       3664    15.2625  0.000e+00
     26.901    10.2164   3.549382    32.1512       3665    15.2667  0.000e+00
     26.880    10.2324   3.549554    32.1387       3666    15.2708  0.000e+00
     26.863    10.2440   3.549752    32.1304       3667    15.2750  0.000e+00
     26.841    10.2507   3.549771    32.1247       3668    15.2792  0.000e+00
     26.816    10.2542   3.549924    32.1231       3669    15.2833  0.000e+00
     26.795    10.2568   3.549987    32.1215       3670    15.2875  0.000e+00
     26.765    10.2588   3.550057    32.1204       3671    15.2917  0.000e+00
     26.726    10.2602   3.550580    32.1244       3672    15.2958  0.000e+00
     26.680    10.2636   3.550879    32.1245       3673    15.3000  0.000e+00
     26.619    10.2677   3.551383    32.1259       3674    15.3042  0.000e+00
     26.547    10.2731   3.551294    32.1202       3675    15.3083  0.000e+00
     26.461    10.2779   3.551950    32.1227       3676    15.3125  0.000e+00
     26.365    10.2841   3.555125    32.1491       3677    15.3167  0.000e+00
     26.257    10.2997   3.557019    32.1544       3678    15.3208  0.000e+00
     26.140    10.3210   3.560138    32.1669       3679    15.3250  0.000e+00
     26.018    10.3492   3.562996    32.1706       3680    15.3292  0.000e+00
     25.910    10.3802   3.566124    32.1746       3681    15.3333  0.000e+00
     25.797    10.4153   3.568045    32.1629       3682    15.3375  0.000e+00
     25.703    10.4487   3.568811    32.1411       3683    15.3417  0.000e+00
     25.618    10.4736   3.570082    32.1318       3684    15.3458  0.000e+00
     25.537    10.4932   3.571091    32.1247       3685    15.3500  0.000e+00
     25.459    10.5095   3.573422    32.1337       3686    15.3542  0.000e+00
     25.394    10.5297   3.576873    32.1503       3687    15.3583  0.000e+00
     25.348    10.5593   3.578938    32.1449       3688    15.3625  0.000e+00
     25.292    10.5905   3.580120    32.1292       3689    15.3667  0.000e+00
     25.238    10.6165   3.582799    32.1331       3690    15.3708  0.000e+00
     25.196    10.6438   3.583023    32.1112       3691    15.3750  0.000e+00
     25.151    10.6642   3.583151    32.0947       3692    15.3792  0.000e+00
     25.104    10.6762   3.584711    32.0997       3693    15.3833  0.000e+00
     25.053    10.6897   3.586740    32.1080       3694    15.3875  0.000e+00
     24.992    10.7069   3.586387    32.0894       3695    15.3917  0.000e+00
     24.917    10.7189   3.588128    32.0962       3696    15.3958  0.000e+00
     24.845    10.7330   3.589248    32.0950       3697    15.4000  0.000e+00
     24.764    10.7479   3.591341    32.1027       3698    15.4042  0.000e+00
     24.684    10.7668   3.592621    32.0989       3699    15.4083  0.000e+00
     24.603    10.7861   3.594228    32.0979       3700    15.4125  0.000e+00
     24.520    10.8055   3.594363    32.0823       3701    15.4167  0.000e+00
     24.442    10.8194   3.595310    32.0796       3702    15.4208  0.000e+00
