HB2303/sbe156.cnv
* Sea-Bird SBE 19plus V2 Data File:
* FileName = C:\cruise\data\sbe156.hex
* Software Version Seasave V 7.26.7.121
* Temperature SN = 6128
* Conductivity SN = 6128
* System UpLoad Time = Aug 23 2023 04:12:35
* NMEA Latitude = 41 38.69 N
* NMEA Longitude = 068 52.73 W
* NMEA UTC (Time) = Aug 23 2023 04:12:30
** Ship: Henry Bigelow
** Cruise:  HB2303
** Program:  ECOMON
# nquan = 7
# nvalues = 1158                                  
# units = specified
# name 0 = depSM: Depth [salt water, m]
# name 1 = tv290C: Temperature [ITS-90, deg C]
# name 2 = c0S/m: Conductivity [S/m]
# name 3 = sal00: Salinity, Practical [PSU]
# name 4 = scan: Scan Count
# name 5 = timeM: Time, Elapsed [minutes]
# name 6 = flag:  0.000e+00
# span 0 =      0.013,    111.660                 
# span 1 =     6.6783,    20.2785                 
# span 2 =   3.286059,   4.366055                 
# span 3 =    30.4662,    33.4016                 
# span 4 =         11,       1168                 
# span 5 =     0.0417,     4.8625                 
# span 6 = 0.0000e+00, 0.0000e+00                 
# interval = seconds: 0.25
# start_time = Aug 23 2023 04:12:30 [NMEA time, header]
# bad_flag = -9.990e-29
*END*
[from data line 1026]
     27.190    10.0359   3.535198    32.1683       1037     4.3167  0.000e+00
     27.011    10.0837   3.540460    32.1790       1038     4.3208  0.000e+00
     26.828    10.1359   3.545121    32.1797       1039     4.3250  0.000e+00
     26.635    10.1919   3.547516    32.1542       1040     4.3292  0.000e+00
     26.431    10.2406   3.549254    32.1286       1041     4.3333  0.000e+00
     26.209    10.2780   3.551357    32.1167       1042     4.3375  0.000e+00
     25.972    10.3092   3.555061    32.1265       1043     4.3417  0.000e+00
     25.715    10.3432   3.563456    32.1807       1044     4.3458  0.000e+00
     25.453    10.4025   3.571092    32.2049       1045     4.3500  0.000e+00
     25.175    10.4807   3.573454    32.1595       1046     4.3542  0.000e+00
     24.895    10.5464   3.572968    32.0969       1047     4.3583  0.000e+00
     24.622    10.5896   3.572507    32.0544       1048     4.3625  0.000e+00
     24.348    10.6133   3.571127    32.0199       1049     4.3667  0.000e+00
     24.086    10.6225   3.564084    31.9418       1050     4.3708  0.000e+00
     23.839    10.6125   3.564505    31.9549       1051     4.3750  0.000e+00
     23.601    10.6137   3.581219    32.1205       1052     4.3792  0.000e+00
     23.379    10.6796   3.599463    32.2442       1053     4.3833  0.000e+00
     23.179    10.8172   3.619573    32.3228       1054     4.3875  0.000e+00
     22.993    11.0117   3.635390    32.3081       1055     4.3917  0.000e+00
     22.819    11.2181   3.644611    32.2180       1056     4.3958  0.000e+00
     22.646    11.3965   3.656228    32.1763       1057     4.4000  0.000e+00
     22.478    11.5546   3.667866    32.1526       1058     4.4042  0.000e+00
     22.315    11.7060   3.680883    32.1481       1059     4.4083  0.000e+00
     22.144    11.8562   3.688605    32.0933       1060     4.4125  0.000e+00
     21.958    11.9855   3.692978    32.0244       1061     4.4167  0.000e+00
     21.768    12.0868   3.695774    31.9645       1062     4.4208  0.000e+00
     21.565    12.1614   3.701053    31.9515       1063     4.4250  0.000e+00
     21.358    12.2258   3.709278    31.9755       1064     4.4292  0.000e+00
     21.130    12.3026   3.717492    31.9888       1065     4.4333  0.000e+00
     20.896    12.3914   3.722393    31.9600       1066     4.4375  0.000e+00
     20.654    12.4730   3.727492    31.9393       1067     4.4417  0.000e+00
     20.401    12.5444   3.730786    31.9102       1068     4.4458  0.000e+00
     20.143    12.6042   3.733672    31.8871       1069     4.4500  0.000e+00
     19.891    12.6549   3.742564    31.9287       1070     4.4542  0.000e+00
     19.646    12.7240   3.769034    32.1212       1071     4.4583  0.000e+00
     19.407    12.8789   3.786325    32.1532       1072     4.4625  0.000e+00
     19.194    13.0781   3.791163    32.0302       1073     4.4667  0.000e+00
     18.984    13.2359   3.795906    31.9419       1074     4.4708  0.000e+00
     18.798    13.3576   3.822834    32.0916       1075     4.4750  0.000e+00
     18.618    13.5286   3.838909    32.0977       1076     4.4792  0.000e+00
     18.455    13.7404   3.859512    32.1115       1077     4.4833  0.000e+00
     18.289    13.9634   3.867090    31.9953       1078     4.4875  0.000e+00
     18.126    14.1480   3.871204    31.8801       1079     4.4917  0.000e+00
     17.953    14.2792   3.872912    31.7877       1080     4.4958  0.000e+00
     17.777    14.3661   3.874257    31.7287       1081     4.5000  0.000e+00
     17.587    14.4196   3.874996    31.6917       1082     4.5042  0.000e+00
     17.378    14.4526   3.875272    31.6673       1083     4.5083  0.000e+00
     17.159    14.4727   3.875926    31.6569       1084     4.5125  0.000e+00
     16.925    14.4855   3.876856    31.6550       1085     4.5167  0.000e+00
     16.681    14.4965   3.877523    31.6522       1086     4.5208  0.000e+00
     16.424    14.5067   3.879398    31.6610       1087     4.5250  0.000e+00
     16.175    14.5198   3.889249    31.7400       1088     4.5292  0.000e+00
     15.917    14.5729   3.931331    32.0789       1089     4.5333  0.000e+00
     15.663    14.7657   3.948062    32.0717       1090     4.5375  0.000e+00
     15.414    15.0217   3.986218    32.2054       1091     4.5417  0.000e+00
     15.178    15.3346   4.019898    32.2505       1092     4.5458  0.000e+00
     14.937    15.7082   4.063218    32.3302       1093     4.5500  0.000e+00
     14.706    16.1273   4.094224    32.2625       1094     4.5542  0.000e+00
     14.478    16.5453   4.131308    32.2490       1095     4.5583  0.000e+00
     14.256    16.9628   4.168632    32.2372       1096     4.5625  0.000e+00
     14.054    17.3891   4.187359    32.0587       1097     4.5667  0.000e+00
     13.854    17.7552   4.193549    31.8236       1098     4.5708  0.000e+00
     13.654    18.0067   4.200141    31.6837       1099     4.5750  0.000e+00
     13.462    18.1750   4.208103    31.6206       1100     4.5792  0.000e+00
     13.270    18.3063   4.214377    31.5721       1101     4.5833  0.000e+00
     13.082    18.4148   4.230374    31.6224       1102     4.5875  0.000e+00
     12.885    18.5411   4.250433    31.6926       1103     4.5917  0.000e+00
     12.676    18.7075   4.259848    31.6432       1104     4.5958  0.000e+00
     12.461    18.8673   4.265947    31.5717       1105     4.6000  0.000e+00
     12.235    18.9977   4.298659    31.7422       1106     4.6042  0.000e+00
     12.002    19.1958   4.330948    31.8565       1107     4.6083  0.000e+00
     11.769    19.4725   4.348647    31.7904       1108     4.6125  0.000e+00
     11.525    19.7352   4.358004    31.6677       1109     4.6167  0.000e+00
     11.277    19.9432   4.360461    31.5313       1110     4.6208  0.000e+00
     11.030    20.0782   4.361373    31.4378       1111     4.6250  0.000e+00
     10.792    20.1577   4.361823    31.3824       1112     4.6292  0.000e+00
     10.554    20.2024   4.362293    31.3530       1113     4.6333  0.000e+00
     10.329    20.2265   4.362480    31.3367       1114     4.6375  0.000e+00
     10.107    20.2410   4.362840    31.3289       1115     4.6417  0.000e+00
      9.897    20.2492   4.362937    31.3237       1116     4.6458  0.000e+00
      9.701    20.2548   4.362743    31.3181       1117     4.6500  0.000e+00
      9.500    20.2563   4.363193    31.3206       1118     4.6542  0.000e+00
      9.312    20.2571   4.363318    31.3211       1119     4.6583  0.000e+00
      9.126    20.2584   4.363699    31.3233       1120     4.6625  0.000e+00
      8.933    20.2602   4.363872    31.3233       1121     4.6667  0.000e+00
      8.744    20.2619   4.363879    31.3222       1122     4.6708  0.000e+00
      8.557    20.2631   4.363823    31.3209       1123     4.6750  0.000e+00
      8.371    20.2636   4.363976    31.3218       1124     4.6792  0.000e+00
      8.180    20.2633   4.364530    31.3266       1125     4.6833  0.000e+00
      7.985    20.2637   4.364440    31.3256       1126     4.6875  0.000e+00
      7.786    20.2647   4.364301    31.3238       1127     4.6917  0.000e+00
      7.584    20.2639   4.364433    31.3256       1128     4.6958  0.000e+00
      7.368    20.2632   4.365015    31.3308       1129     4.7000  0.000e+00
      7.123    20.2647   4.365216    31.3314       1130     4.7042  0.000e+00
      6.904    20.2667   4.365313    31.3308       1131     4.7083  0.000e+00
      6.669    20.2681   4.365063    31.3278       1132     4.7125  0.000e+00
      6.432    20.2685   4.365167    31.3284       1133     4.7167  0.000e+00
      6.212    20.2685   4.365292    31.3295       1134     4.7208  0.000e+00
      5.962    20.2686   4.365208    31.3288       1135     4.7250  0.000e+00
      5.729    20.2685   4.365167    31.3286       1136     4.7292  0.000e+00
      5.519    20.2685   4.365395    31.3305       1137     4.7333  0.000e+00
      5.315    20.2690   4.365395    31.3302       1138     4.7375  0.000e+00
      5.116    20.2696   4.365492    31.3306       1139     4.7417  0.000e+00
      4.928    20.2701   4.365735    31.3323       1140     4.7458  0.000e+00
      4.751    20.2710   4.365769    31.3319       1141     4.7500  0.000e+00
      4.575    20.2722   4.365721    31.3307       1142     4.7542  0.000e+00
      4.384    20.2721   4.365540    31.3294       1143     4.7583  0.000e+00
      4.189    20.2714   4.365630    31.3307       1144     4.7625  0.000e+00
      3.980    20.2712   4.365748    31.3319       1145     4.7667  0.000e+00
      3.770    20.2716   4.365824    31.3323       1146     4.7708  0.000e+00
      3.528    20.2717   4.365644    31.3308       1147     4.7750  0.000e+00
      3.454    20.2723   4.365762    31.3313       1148     4.7792  0.000e+00
      3.438    20.2724   4.365519    31.3293       1149     4.7833  0.000e+00
      3.461    20.2714   4.364632    31.3229       1150     4.7875  0.000e+00
      3.476    20.2671   4.363162    31.3143       1151     4.7917  0.000e+00
      3.456    20.2581   4.363211    31.3214       1152     4.7958  0.000e+00
      3.409    20.2511   4.364383    31.3360       1153     4.8000  0.000e+00
      3.367    20.2507   4.365242    31.3432       1154     4.8042  0.000e+00
      3.366    20.2557   4.365672    31.3430       1155     4.8083  0.000e+00
      3.380    20.2610   4.364833    31.3323       1156     4.8125  0.000e+00
      3.378    20.2613   4.363772    31.3236       1157     4.8167  0.000e+00
      3.349    20.2566   4.363897    31.3280       1158     4.8208  0.000e+00
      3.318    20.2532   4.364882    31.3384       1159     4.8250  0.000e+00
      3.315    20.2543   4.364022    31.3308       1160     4.8292  0.000e+00
      3.325    20.2535   4.363793    31.3295       1161     4.8333  0.000e+00
      3.339    20.2507   4.363135    31.3263       1162     4.8375  0.000e+00
      3.350    20.2461   4.361798    31.3190       1163     4.8417  0.000e+00
      3.356    20.2380   4.363364    31.3376       1164     4.8458  0.000e+00
      3.385    20.2372   4.362581    31.3319       1165     4.8500  0.000e+00
      3.432    20.2367   4.361839    31.3263       1166     4.8542  0.000e+00
      3.478    20.2314   4.362255    31.3335       1167     4.8583  0.000e+00
      3.523    20.2295   4.362858    31.3397       1168     4.8625  0.000e+00
