HB2303/sbe111.cnv
* Sea-Bird SBE 19plus V2 Data File:
* FileName = C:\cruise\data\sbe111.hex
* Software Version Seasave V 7.26.7.121
* Temperature SN = 6128
* Conductivity SN = 6128
* System UpLoad Time = Aug 19 2023 06:56:17
* NMEA Latitude = 42 09.56 N
* NMEA Longitude = 066 44.61 W
* NMEA UTC (Time) = Aug 19 2023 06:56:12
** Ship: Henry Bigelow
** Cruise:  HB2303
** Program:  ECOMON
# nquan = 7
# nvalues = 2977                                  
# units = specified
# name 0 = depSM: Depth [salt water, m]
# name 1 = tv290C: Temperature [ITS-90, deg C]
# name 2 = c0S/m: Conductivity [S/m]
# name 3 = sal00: Salinity, Practical [PSU]
# name 4 = scan: Scan Count
# name 5 = timeM: Time, Elapsed [minutes]
# name 6 = flag:  0.000e+00
# span 0 =     -0.260,    134.627                 
# span 1 =     7.7594,    18.3211                 
# span 2 =   0.002797,   4.234769                 
# span 3 =     0.0205,    34.6855                 
# span 4 =         11,       2987                 
# span 5 =     0.0417,    12.4417                 
# span 6 = 0.0000e+00, 0.0000e+00                 
# interval = seconds: 0.25
# start_time = Aug 19 2023 06:56:12 [NMEA time, header]
# bad_flag = -9.990e-29
*END*
[from data line 1231]
     97.011     7.7813   3.419492    33.0007       1242     5.1708  0.000e+00
     96.910     7.7811   3.419122    32.9970       1243     5.1750  0.000e+00
     96.801     7.7808   3.418412    32.9897       1244     5.1792  0.000e+00
     96.707     7.7801   3.417954    32.9855       1245     5.1833  0.000e+00
     96.618     7.7788   3.417810    32.9853       1246     5.1875  0.000e+00
     96.538     7.7775   3.417640    32.9847       1247     5.1917  0.000e+00
     96.460     7.7765   3.417282    32.9818       1248     5.1958  0.000e+00
     96.381     7.7762   3.416705    32.9760       1249     5.2000  0.000e+00
     96.290     7.7756   3.416460    32.9740       1250     5.2042  0.000e+00
     96.223     7.7752   3.416366    32.9733       1251     5.2083  0.000e+00
     96.157     7.7752   3.416353    32.9732       1252     5.2125  0.000e+00
     96.088     7.7752   3.416278    32.9725       1253     5.2167  0.000e+00
     96.011     7.7752   3.416246    32.9722       1254     5.2208  0.000e+00
     95.943     7.7752   3.416253    32.9722       1255     5.2250  0.000e+00
     95.843     7.7750   3.416184    32.9718       1256     5.2292  0.000e+00
     95.743     7.7751   3.416020    32.9700       1257     5.2333  0.000e+00
     95.621     7.7754   3.415882    32.9683       1258     5.2375  0.000e+00
     95.483     7.7755   3.415644    32.9657       1259     5.2417  0.000e+00
     95.331     7.7757   3.415556    32.9647       1260     5.2458  0.000e+00
     95.163     7.7751   3.415399    32.9636       1261     5.2500  0.000e+00
     94.984     7.7748   3.415336    32.9633       1262     5.2542  0.000e+00
     94.801     7.7744   3.415355    32.9640       1263     5.2583  0.000e+00
     94.619     7.7744   3.415399    32.9645       1264     5.2625  0.000e+00
     94.405     7.7751   3.415424    32.9642       1265     5.2667  0.000e+00
     94.206     7.7761   3.415417    32.9633       1266     5.2708  0.000e+00
     94.040     7.7772   3.415310    32.9612       1267     5.2750  0.000e+00
     93.865     7.7779   3.415084    32.9582       1268     5.2792  0.000e+00
     93.688     7.7789   3.415191    32.9585       1269     5.2833  0.000e+00
     93.526     7.7822   3.415291    32.9565       1270     5.2875  0.000e+00
     93.400     7.7862   3.415731    32.9575       1271     5.2917  0.000e+00
     93.246     7.7907   3.416120    32.9575       1272     5.2958  0.000e+00
     93.118     7.7956   3.416245    32.9543       1273     5.3000  0.000e+00
     92.998     7.7996   3.416584    32.9542       1274     5.3042  0.000e+00
     92.886     7.8029   3.416622    32.9515       1275     5.3083  0.000e+00
     92.801     7.8055   3.416684    32.9497       1276     5.3125  0.000e+00
     92.709     7.8070   3.416778    32.9494       1277     5.3167  0.000e+00
     92.624     7.8083   3.416728    32.9477       1278     5.3208  0.000e+00
     92.556     7.8088   3.416672    32.9466       1279     5.3250  0.000e+00
     92.477     7.8087   3.416665    32.9467       1280     5.3292  0.000e+00
     92.406     7.8086   3.416621    32.9464       1281     5.3333  0.000e+00
     92.323     7.8081   3.416559    32.9461       1282     5.3375  0.000e+00
     92.247     7.8079   3.416496    32.9458       1283     5.3417  0.000e+00
     92.140     7.8073   3.416603    32.9475       1284     5.3458  0.000e+00
     92.028     7.8074   3.416828    32.9498       1285     5.3500  0.000e+00
     91.899     7.8086   3.416973    32.9503       1286     5.3542  0.000e+00
     91.763     7.8106   3.416910    32.9479       1287     5.3583  0.000e+00
     91.613     7.8123   3.416891    32.9461       1288     5.3625  0.000e+00
     91.451     7.8136   3.416558    32.9414       1289     5.3667  0.000e+00
     91.306     7.8148   3.416182    32.9363       1290     5.3708  0.000e+00
     91.118     7.8158   3.416100    32.9346       1291     5.3750  0.000e+00
     90.959     7.8157   3.416081    32.9346       1292     5.3792  0.000e+00
     90.740     7.8160   3.416100    32.9346       1293     5.3833  0.000e+00
     90.558     7.8165   3.416119    32.9344       1294     5.3875  0.000e+00
     90.393     7.8175   3.415667    32.9287       1295     5.3917  0.000e+00
     90.205     7.8188   3.415221    32.9228       1296     5.3958  0.000e+00
     90.020     7.8196   3.414894    32.9186       1297     5.4000  0.000e+00
     89.870     7.8196   3.414411    32.9135       1298     5.4042  0.000e+00
     89.707     7.8187   3.414148    32.9116       1299     5.4083  0.000e+00
     89.570     7.8179   3.414292    32.9140       1300     5.4125  0.000e+00
     89.445     7.8175   3.414173    32.9132       1301     5.4167  0.000e+00
     89.333     7.8173   3.413921    32.9107       1302     5.4208  0.000e+00
     89.214     7.8168   3.413733    32.9092       1303     5.4250  0.000e+00
     89.101     7.8163   3.413733    32.9097       1304     5.4292  0.000e+00
     88.987     7.8162   3.413608    32.9085       1305     5.4333  0.000e+00
     88.878     7.8158   3.413419    32.9069       1306     5.4375  0.000e+00
     88.774     7.8155   3.413294    32.9059       1307     5.4417  0.000e+00
     88.663     7.8153   3.413231    32.9055       1308     5.4458  0.000e+00
     88.554     7.8151   3.413212    32.9055       1309     5.4500  0.000e+00
     88.448     7.8151   3.413168    32.9051       1310     5.4542  0.000e+00
     88.339     7.8148   3.412880    32.9024       1311     5.4583  0.000e+00
     88.231     7.8146   3.412133    32.8946       1312     5.4625  0.000e+00
     88.116     7.8142   3.412359    32.8974       1313     5.4667  0.000e+00
     87.993     7.8138   3.411756    32.8914       1314     5.4708  0.000e+00
     87.872     7.8137   3.411574    32.8897       1315     5.4750  0.000e+00
     87.720     7.8136   3.410972    32.8833       1316     5.4792  0.000e+00
     87.575     7.8137   3.410978    32.8834       1317     5.4833  0.000e+00
     87.411     7.8140   3.410721    32.8805       1318     5.4875  0.000e+00
     87.245     7.8143   3.410633    32.8793       1319     5.4917  0.000e+00
     87.062     7.8151   3.410489    32.8771       1320     5.4958  0.000e+00
     86.887     7.8164   3.410451    32.8756       1321     5.5000  0.000e+00
     86.711     7.8183   3.410457    32.8739       1322     5.5042  0.000e+00
     86.536     7.8216   3.410432    32.8707       1323     5.5083  0.000e+00
     86.357     7.8248   3.410413    32.8675       1324     5.5125  0.000e+00
     86.191     7.8271   3.410407    32.8653       1325     5.5167  0.000e+00
     86.030     7.8288   3.410369    32.8634       1326     5.5208  0.000e+00
     85.876     7.8304   3.410344    32.8617       1327     5.5250  0.000e+00
     85.724     7.8320   3.410344    32.8603       1328     5.5292  0.000e+00
     85.572     7.8333   3.410325    32.8589       1329     5.5333  0.000e+00
     85.429     7.8340   3.410325    32.8583       1330     5.5375  0.000e+00
     85.283     7.8347   3.410369    32.8582       1331     5.5417  0.000e+00
     85.140     7.8355   3.410369    32.8575       1332     5.5458  0.000e+00
     85.005     7.8360   3.410350    32.8569       1333     5.5500  0.000e+00
     84.867     7.8364   3.410450    32.8576       1334     5.5542  0.000e+00
     84.734     7.8376   3.410551    32.8576       1335     5.5583  0.000e+00
     84.600     7.8395   3.410764    32.8582       1336     5.5625  0.000e+00
     84.475     7.8429   3.410801    32.8555       1337     5.5667  0.000e+00
     84.348     7.8460   3.410720    32.8518       1338     5.5708  0.000e+00
     84.225     7.8478   3.410613    32.8489       1339     5.5750  0.000e+00
     84.102     7.8494   3.410544    32.8468       1340     5.5792  0.000e+00
     83.981     7.8505   3.410469    32.8450       1341     5.5833  0.000e+00
     83.867     7.8512   3.410431    32.8440       1342     5.5875  0.000e+00
     83.744     7.8520   3.410368    32.8426       1343     5.5917  0.000e+00
     83.626     7.8528   3.410368    32.8419       1344     5.5958  0.000e+00
     83.507     7.8536   3.410349    32.8411       1345     5.6000  0.000e+00
     83.391     7.8545   3.410368    32.8404       1346     5.6042  0.000e+00
     83.276     7.8559   3.410349    32.8390       1347     5.6083  0.000e+00
     83.155     7.8575   3.410368    32.8377       1348     5.6125  0.000e+00
     83.033     7.8590   3.410431    32.8370       1349     5.6167  0.000e+00
     82.909     7.8613   3.410430    32.8349       1350     5.6208  0.000e+00
     82.775     7.8644   3.410468    32.8325       1351     5.6250  0.000e+00
     82.634     7.8676   3.410499    32.8299       1352     5.6292  0.000e+00
     82.478     7.8701   3.410468    32.8272       1353     5.6333  0.000e+00
     82.321     7.8724   3.410474    32.8253       1354     5.6375  0.000e+00
     82.140     7.8737   3.410487    32.8242       1355     5.6417  0.000e+00
     81.959     7.8746   3.410474    32.8234       1356     5.6458  0.000e+00
     81.777     7.8755   3.410512    32.8230       1357     5.6500  0.000e+00
     81.594     7.8762   3.410637    32.8237       1358     5.6542  0.000e+00
     81.402     7.8774   3.410693    32.8233       1359     5.6583  0.000e+00
     81.213     7.8790   3.410718    32.8222       1360     5.6625  0.000e+00
     81.035     7.8804   3.410737    32.8211       1361     5.6667  0.000e+00
     80.867     7.8820   3.410781    32.8202       1362     5.6708  0.000e+00
     80.700     7.8840   3.410850    32.8191       1363     5.6750  0.000e+00
     80.541     7.8860   3.411007    32.8190       1364     5.6792  0.000e+00
     80.394     7.8896   3.411088    32.8166       1365     5.6833  0.000e+00
     80.257     7.8934   3.411107    32.8132       1366     5.6875  0.000e+00
     80.132     7.8959   3.411113    32.8110       1367     5.6917  0.000e+00
     80.006     7.8977   3.411194    32.8103       1368     5.6958  0.000e+00
     79.884     7.8994   3.411401    32.8109       1369     5.7000  0.000e+00
     79.774     7.9014   3.411571    32.8109       1370     5.7042  0.000e+00
     79.655     7.9045   3.411878    32.8113       1371     5.7083  0.000e+00
     79.533     7.9086   3.412047    32.8094       1372     5.7125  0.000e+00
     79.414     7.9120   3.412135    32.8071       1373     5.7167  0.000e+00
     79.291     7.9152   3.412166    32.8046       1374     5.7208  0.000e+00
     79.164     7.9172   3.412311    32.8042       1375     5.7250  0.000e+00
     79.034     7.9192   3.412355    32.8029       1376     5.7292  0.000e+00
     78.902     7.9209   3.412398    32.8019       1377     5.7333  0.000e+00
     78.770     7.9219   3.412499    32.8021       1378     5.7375  0.000e+00
     78.628     7.9235   3.412649    32.8022       1379     5.7417  0.000e+00
     78.495     7.9256   3.412662    32.8005       1380     5.7458  0.000e+00
     78.365     7.9276   3.412938    32.8015       1381     5.7500  0.000e+00
     78.240     7.9316   3.413772    32.8068       1382     5.7542  0.000e+00
     78.119     7.9400   3.414475    32.8065       1383     5.7583  0.000e+00
     78.002     7.9523   3.414563    32.7960       1384     5.7625  0.000e+00
     77.882     7.9619   3.415203    32.7938       1385     5.7667  0.000e+00
     77.776     7.9718   3.415328    32.7859       1386     5.7708  0.000e+00
     77.654     7.9796   3.415372    32.7791       1387     5.7750  0.000e+00
     77.540     7.9846   3.415428    32.7751       1388     5.7792  0.000e+00
     77.406     7.9880   3.415547    32.7733       1389     5.7833  0.000e+00
     77.271     7.9911   3.415598    32.7709       1390     5.7875  0.000e+00
     77.126     7.9938   3.415597    32.7685       1391     5.7917  0.000e+00
     76.972     7.9956   3.415610    32.7670       1392     5.7958  0.000e+00
     76.817     7.9966   3.415679    32.7669       1393     5.8000  0.000e+00
     76.650     7.9983   3.415786    32.7665       1394     5.8042  0.000e+00
     76.480     8.0009   3.415804    32.7644       1395     5.8083  0.000e+00
     76.310     8.0033   3.416269    32.7671       1396     5.8125  0.000e+00
     76.151     8.0081   3.416281    32.7628       1397     5.8167  0.000e+00
     76.001     8.0137   3.416425    32.7592       1398     5.8208  0.000e+00
     75.851     8.0197   3.416858    32.7583       1399     5.8250  0.000e+00
     75.713     8.0298   3.416927    32.7496       1400     5.8292  0.000e+00
     75.594     8.0395   3.416946    32.7408       1401     5.8333  0.000e+00
     75.482     8.0508   3.416965    32.7305       1402     5.8375  0.000e+00
     75.382     8.0616   3.416946    32.7203       1403     5.8417  0.000e+00
     75.286     8.0707   3.416920    32.7115       1404     5.8458  0.000e+00
     75.197     8.0784   3.416901    32.7042       1405     5.8500  0.000e+00
     75.114     8.0852   3.416964    32.6985       1406     5.8542  0.000e+00
     75.031     8.0905   3.416945    32.6934       1407     5.8583  0.000e+00
     74.931     8.0941   3.416945    32.6901       1408     5.8625  0.000e+00
     74.832     8.0960   3.416989    32.6889       1409     5.8667  0.000e+00
     74.725     8.0973   3.416964    32.6874       1410     5.8708  0.000e+00
     74.599     8.0979   3.417077    32.6882       1411     5.8750  0.000e+00
     74.461     8.0988   3.417610    32.6930       1412     5.8792  0.000e+00
     74.320     8.1024   3.418301    32.6970       1413     5.8833  0.000e+00
     74.165     8.1103   3.418564    32.6926       1414     5.8875  0.000e+00
     73.985     8.1186   3.418734    32.6867       1415     5.8917  0.000e+00
     73.812     8.1257   3.418935    32.6823       1416     5.8958  0.000e+00
     73.631     8.1332   3.419022    32.6763       1417     5.9000  0.000e+00
     73.439     8.1403   3.419047    32.6701       1418     5.9042  0.000e+00
     73.235     8.1459   3.419022    32.6647       1419     5.9083  0.000e+00
     73.015     8.1500   3.419110    32.6619       1420     5.9125  0.000e+00
     72.800     8.1522   3.418984    32.6586       1421     5.9167  0.000e+00
     72.597     8.1532   3.418212    32.6496       1422     5.9208  0.000e+00
     72.415     8.1516   3.417314    32.6417       1423     5.9250  0.000e+00
     72.252     8.1483   3.417295    32.6446       1424     5.9292  0.000e+00
     72.091     8.1454   3.417471    32.6492       1425     5.9333  0.000e+00
     71.973     8.1453   3.417860    32.6535       1426     5.9375  0.000e+00
     71.854     8.1479   3.418048    32.6531       1427     5.9417  0.000e+00
     71.765     8.1522   3.418036    32.6491       1428     5.9458  0.000e+00
     71.684     8.1549   3.418023    32.6465       1429     5.9500  0.000e+00
     71.628     8.1564   3.417948    32.6442       1430     5.9542  0.000e+00
     71.572     8.1570   3.417232    32.6362       1431     5.9583  0.000e+00
     71.528     8.1550   3.417113    32.6368       1432     5.9625  0.000e+00
     71.492     8.1529   3.417050    32.6380       1433     5.9667  0.000e+00
     71.456     8.1514   3.417132    32.6403       1434     5.9708  0.000e+00
     71.414     8.1511   3.417559    32.6452       1435     5.9750  0.000e+00
     71.369     8.1520   3.417402    32.6427       1436     5.9792  0.000e+00
     71.311     8.1531   3.417226    32.6398       1437     5.9833  0.000e+00
     71.245     8.1533   3.417132    32.6386       1438     5.9875  0.000e+00
     71.159     8.1528   3.417050    32.6383       1439     5.9917  0.000e+00
     71.059     8.1518   3.416987    32.6386       1440     5.9958  0.000e+00
     70.949     8.1513   3.417006    32.6394       1441     6.0000  0.000e+00
     70.813     8.1508   3.417138    32.6413       1442     6.0042  0.000e+00
     70.685     8.1510   3.417276    32.6426       1443     6.0083  0.000e+00
     70.534     8.1519   3.417257    32.6417       1444     6.0125  0.000e+00
     70.395     8.1529   3.417339    32.6417       1445     6.0167  0.000e+00
