HB2303/sbe128.cnv
* Sea-Bird SBE 19plus V2 Data File:
* FileName = C:\cruise\data\sbe128.hex
* Software Version Seasave V 7.26.7.121
* Temperature SN = 6128
* Conductivity SN = 6128
* System UpLoad Time = Aug 20 2023 22:36:18
* NMEA Latitude = 43 51.75 N
* NMEA Longitude = 067 40.03 W
* NMEA UTC (Time) = Aug 20 2023 22:36:14
** Ship: Henry Bigelow
** Cruise:  HB2303
** Program:  ECOMON
# nquan = 7
# nvalues = 4823                                  
# units = specified
# name 0 = depSM: Depth [salt water, m]
# name 1 = tv290C: Temperature [ITS-90, deg C]
# name 2 = c0S/m: Conductivity [S/m]
# name 3 = sal00: Salinity, Practical [PSU]
# name 4 = scan: Scan Count
# name 5 = timeM: Time, Elapsed [minutes]
# name 6 = flag:  0.000e+00
# span 0 =     -0.275,    200.663                 
# span 1 =     7.8345,    20.6076                 
# span 2 =   0.000530,   4.388893                 
# span 3 =     0.0112,    34.5130                 
# span 4 =         11,       4833                 
# span 5 =     0.0417,    20.1333                 
# span 6 = 0.0000e+00, 0.0000e+00                 
# interval = seconds: 0.25
# start_time = Aug 20 2023 22:36:14 [NMEA time, header]
# bad_flag = -9.990e-29
*END*
[from data line 2872]
    109.579     8.4978   3.523970    33.4272       2883    12.0083  0.000e+00
    109.456     8.4972   3.524072    33.4288       2884    12.0125  0.000e+00
    109.342     8.4972   3.524014    33.4283       2885    12.0167  0.000e+00
    109.221     8.4968   3.523646    33.4248       2886    12.0208  0.000e+00
    109.112     8.4958   3.523690    33.4263       2887    12.0250  0.000e+00
    109.011     8.4950   3.523519    33.4253       2888    12.0292  0.000e+00
    108.908     8.4941   3.523843    33.4296       2889    12.0333  0.000e+00
    108.801     8.4942   3.523881    33.4300       2890    12.0375  0.000e+00
    108.707     8.4948   3.523754    33.4281       2891    12.0417  0.000e+00
    108.608     8.4950   3.523798    33.4284       2892    12.0458  0.000e+00
    108.524     8.4950   3.523944    33.4300       2893    12.0500  0.000e+00
    108.436     8.4955   3.524078    33.4310       2894    12.0542  0.000e+00
    108.358     8.4962   3.523989    33.4294       2895    12.0583  0.000e+00
    108.278     8.4966   3.523690    33.4259       2896    12.0625  0.000e+00
    108.208     8.4962   3.524167    33.4313       2897    12.0667  0.000e+00
    108.134     8.4965   3.524141    33.4308       2898    12.0708  0.000e+00
    108.077     8.4973   3.524376    33.4326       2899    12.0750  0.000e+00
    108.016     8.4985   3.524033    33.4279       2900    12.0792  0.000e+00
    107.956     8.4985   3.524033    33.4279       2901    12.0833  0.000e+00
    107.900     8.4980   3.524014    33.4282       2902    12.0875  0.000e+00
    107.848     8.4980   3.524097    33.4291       2903    12.0917  0.000e+00
    107.795     8.4979   3.523798    33.4261       2904    12.0958  0.000e+00
    107.746     8.4975   3.524077    33.4294       2905    12.1000  0.000e+00
    107.688     8.4975   3.524141    33.4301       2906    12.1042  0.000e+00
    107.621     8.4978   3.524077    33.4291       2907    12.1083  0.000e+00
    107.547     8.4981   3.523772    33.4257       2908    12.1125  0.000e+00
    107.468     8.4975   3.523880    33.4274       2909    12.1167  0.000e+00
    107.381     8.4972   3.524096    33.4301       2910    12.1208  0.000e+00
    107.291     8.4977   3.524077    33.4295       2911    12.1250  0.000e+00
    107.187     8.4980   3.523944    33.4278       2912    12.1292  0.000e+00
    107.076     8.4980   3.523690    33.4252       2913    12.1333  0.000e+00
    106.966     8.4972   3.523556    33.4245       2914    12.1375  0.000e+00
    106.848     8.4962   3.523346    33.4233       2915    12.1417  0.000e+00
    106.722     8.4952   3.523416    33.4251       2916    12.1458  0.000e+00
    106.608     8.4944   3.523213    33.4238       2917    12.1500  0.000e+00
    106.481     8.4938   3.523194    33.4242       2918    12.1542  0.000e+00
    106.360     8.4932   3.523213    33.4250       2919    12.1583  0.000e+00
    106.251     8.4928   3.523238    33.4257       2920    12.1625  0.000e+00
    106.136     8.4928   3.523302    33.4264       2921    12.1667  0.000e+00
    106.034     8.4930   3.523550    33.4289       2922    12.1708  0.000e+00
    105.942     8.4936   3.523365    33.4264       2923    12.1750  0.000e+00
    105.857     8.4939   3.523626    33.4289       2924    12.1792  0.000e+00
    105.781     8.4944   3.523664    33.4289       2925    12.1833  0.000e+00
    105.717     8.4952   3.523664    33.4282       2926    12.1875  0.000e+00
    105.663     8.4956   3.523664    33.4278       2927    12.1917  0.000e+00
    105.610     8.4956   3.523689    33.4281       2928    12.1958  0.000e+00
    105.562     8.4959   3.523505    33.4259       2929    12.2000  0.000e+00
    105.507     8.4957   3.523365    33.4247       2930    12.2042  0.000e+00
    105.456     8.4949   3.523473    33.4266       2931    12.2083  0.000e+00
    105.398     8.4948   3.523772    33.4298       2932    12.2125  0.000e+00
    105.333     8.4955   3.523645    33.4279       2933    12.2167  0.000e+00
    105.259     8.4956   3.523537    33.4266       2934    12.2208  0.000e+00
    105.175     8.4955   3.523486    33.4262       2935    12.2250  0.000e+00
    105.090     8.4951   3.523428    33.4261       2936    12.2292  0.000e+00
    104.994     8.4949   3.523320    33.4252       2937    12.2333  0.000e+00
    104.900     8.4943   3.523060    33.4231       2938    12.2375  0.000e+00
    104.801     8.4933   3.522869    33.4220       2939    12.2417  0.000e+00
    104.707     8.4924   3.522761    33.4218       2940    12.2458  0.000e+00
    104.611     8.4913   3.522939    33.4247       2941    12.2500  0.000e+00
    104.520     8.4911   3.523041    33.4261       2942    12.2542  0.000e+00
    104.430     8.4912   3.522977    33.4253       2943    12.2583  0.000e+00
    104.347     8.4914   3.522977    33.4252       2944    12.2625  0.000e+00
    104.269     8.4914   3.522914    33.4245       2945    12.2667  0.000e+00
    104.189     8.4912   3.522996    33.4256       2946    12.2708  0.000e+00
    104.115     8.4913   3.523028    33.4259       2947    12.2750  0.000e+00
    104.035     8.4918   3.523085    33.4261       2948    12.2792  0.000e+00
    103.956     8.4920   3.523104    33.4262       2949    12.2833  0.000e+00
    103.865     8.4922   3.523129    33.4263       2950    12.2875  0.000e+00
    103.778     8.4922   3.523129    33.4262       2951    12.2917  0.000e+00
    103.684     8.4925   3.523148    33.4263       2952    12.2958  0.000e+00
    103.586     8.4927   3.523085    33.4255       2953    12.3000  0.000e+00
    103.487     8.4926   3.522983    33.4245       2954    12.3042  0.000e+00
    103.384     8.4922   3.522888    33.4239       2955    12.3083  0.000e+00
    103.286     8.4916   3.522310    33.4184       2956    12.3125  0.000e+00
    103.189     8.4900   3.522481    33.4218       2957    12.3167  0.000e+00
    103.099     8.4892   3.522481    33.4226       2958    12.3208  0.000e+00
    103.016     8.4889   3.522824    33.4265       2959    12.3250  0.000e+00
    102.931     8.4895   3.522939    33.4273       2960    12.3292  0.000e+00
    102.862     8.4902   3.522653    33.4236       2961    12.3333  0.000e+00
    102.791     8.4900   3.522525    33.4225       2962    12.3375  0.000e+00
    102.735     8.4893   3.521941    33.4170       2963    12.3417  0.000e+00
    102.681     8.4875   3.522500    33.4246       2964    12.3458  0.000e+00
    102.627     8.4874   3.522004    33.4195       2965    12.3500  0.000e+00
    102.567     8.4865   3.521553    33.4156       2966    12.3542  0.000e+00
    102.507     8.4845   3.521572    33.4177       2967    12.3583  0.000e+00
    102.440     8.4833   3.521877    33.4222       2968    12.3625  0.000e+00
    102.366     8.4831   3.521490    33.4182       2969    12.3667  0.000e+00
    102.284     8.4819   3.519832    33.4020       2970    12.3708  0.000e+00
    102.190     8.4772   3.520435    33.4128       2971    12.3750  0.000e+00
    102.089     8.4746   3.519540    33.4058       2972    12.3792  0.000e+00
    101.983     8.4713   3.517031    33.3826       2973    12.3833  0.000e+00
    101.874     8.4619   3.512651    33.3453       2974    12.3875  0.000e+00
    101.767     8.4451   3.510716    33.3408       2975    12.3917  0.000e+00
    101.656     8.4290   3.509168    33.3398       2976    12.3958  0.000e+00
    101.552     8.4174   3.508502    33.3438       2977    12.4000  0.000e+00
    101.452     8.4097   3.507970    33.3455       2978    12.4042  0.000e+00
    101.352     8.4036   3.507411    33.3454       2979    12.4083  0.000e+00
    101.260     8.3978   3.502954    33.3038       2980    12.4125  0.000e+00
    101.177     8.3829   3.500602    33.2930       2981    12.4167  0.000e+00
    101.102     8.3643   3.500070    33.3050       2982    12.4208  0.000e+00
    101.037     8.3492   3.498765    33.3056       2983    12.4250  0.000e+00
    100.972     8.3372   3.497415    33.3027       2984    12.4292  0.000e+00
    100.914     8.3261   3.494730    33.2848       2985    12.4333  0.000e+00
    100.867     8.3109   3.489481    33.2436       2986    12.4375  0.000e+00
    100.809     8.2859   3.483166    33.2004       2987    12.4417  0.000e+00
    100.760     8.2474   3.474303    33.1429       2988    12.4458  0.000e+00
    100.704     8.1949   3.467949    33.1251       2989    12.4500  0.000e+00
    100.635     8.1386   3.466889    33.1669       2990    12.4542  0.000e+00
    100.565     8.0989   3.465728    33.1922       2991    12.4583  0.000e+00
    100.480     8.0731   3.465539    33.2147       2992    12.4625  0.000e+00
    100.396     8.0572   3.465792    33.2324       2993    12.4667  0.000e+00
    100.297     8.0490   3.464908    33.2309       2994    12.4708  0.000e+00
    100.199     8.0418   3.463614    33.2239       2995    12.4750  0.000e+00
    100.093     8.0336   3.462579    33.2207       2996    12.4792  0.000e+00
     99.979     8.0247   3.460951    33.2119       2997    12.4833  0.000e+00
     99.872     8.0146   3.462535    33.2384       2998    12.4875  0.000e+00
     99.762     8.0101   3.459015    33.2052       2999    12.4917  0.000e+00
     99.659     7.9997   3.456025    33.1832       3000    12.4958  0.000e+00
     99.563     7.9828   3.455704    33.1959       3001    12.5000  0.000e+00
     99.467     7.9689   3.455326    33.2051       3002    12.5042  0.000e+00
     99.377     7.9595   3.455029    33.2109       3003    12.5083  0.000e+00
     99.302     7.9539   3.454462    33.2102       3004    12.5125  0.000e+00
     99.228     7.9501   3.453996    33.2088       3005    12.5167  0.000e+00
     99.161     7.9473   3.454071    33.2123       3006    12.5208  0.000e+00
     99.102     7.9460   3.453895    33.2117       3007    12.5250  0.000e+00
     99.042     7.9455   3.454166    33.2151       3008    12.5292  0.000e+00
     98.991     7.9462   3.454204    33.2148       3009    12.5333  0.000e+00
     98.941     7.9474   3.454229    33.2140       3010    12.5375  0.000e+00
     98.885     7.9482   3.454185    33.2128       3011    12.5417  0.000e+00
     98.831     7.9486   3.454298    33.2136       3012    12.5458  0.000e+00
     98.761     7.9492   3.454651    33.2169       3013    12.5500  0.000e+00
     98.681     7.9511   3.455048    33.2194       3014    12.5542  0.000e+00
     98.598     7.9539   3.455181    33.2182       3015    12.5583  0.000e+00
     98.506     7.9568   3.454777    33.2112       3016    12.5625  0.000e+00
     98.401     7.9576   3.454228    33.2046       3017    12.5667  0.000e+00
     98.298     7.9562   3.454083    33.2044       3018    12.5708  0.000e+00
     98.187     7.9548   3.453831    33.2031       3019    12.5750  0.000e+00
     98.072     7.9532   3.453743    33.2037       3020    12.5792  0.000e+00
     97.959     7.9518   3.453617    33.2038       3021    12.5833  0.000e+00
     97.860     7.9508   3.453787    33.2065       3022    12.5875  0.000e+00
     97.760     7.9510   3.453932    33.2080       3023    12.5917  0.000e+00
     97.663     7.9519   3.453850    33.2063       3024    12.5958  0.000e+00
     97.581     7.9522   3.453699    33.2044       3025    12.6000  0.000e+00
     97.499     7.9520   3.453787    33.2056       3026    12.6042  0.000e+00
     97.429     7.9521   3.453957    33.2073       3027    12.6083  0.000e+00
     97.360     7.9528   3.454115    33.2084       3028    12.6125  0.000e+00
     97.291     7.9541   3.454083    33.2069       3029    12.6167  0.000e+00
     97.231     7.9549   3.454499    33.2106       3030    12.6208  0.000e+00
     97.170     7.9566   3.454827    33.2125       3031    12.6250  0.000e+00
     97.103     7.9593   3.455136    33.2132       3032    12.6292  0.000e+00
     97.039     7.9629   3.456586    33.2254       3033    12.6333  0.000e+00
     96.965     7.9705   3.457866    33.2319       3034    12.6375  0.000e+00
     96.891     7.9809   3.458232    33.2259       3035    12.6417  0.000e+00
     96.808     7.9900   3.458402    33.2192       3036    12.6458  0.000e+00
     96.712     7.9960   3.459601    33.2262       3037    12.6500  0.000e+00
     96.620     8.0037   3.460660    33.2303       3038    12.6542  0.000e+00
     96.515     8.0133   3.461121    33.2261       3039    12.6583  0.000e+00
     96.419     8.0214   3.462042    33.2283       3040    12.6625  0.000e+00
     96.322     8.0299   3.462452    33.2246       3041    12.6667  0.000e+00
     96.222     8.0373   3.462748    33.2209       3042    12.6708  0.000e+00
     96.122     8.0433   3.462748    33.2152       3043    12.6750  0.000e+00
     96.034     8.0471   3.460994    33.1930       3044    12.6792  0.000e+00
     95.953     8.0444   3.459896    33.1838       3045    12.6833  0.000e+00
     95.871     8.0378   3.459013    33.1808       3046    12.6875  0.000e+00
     95.790     8.0308   3.459284    33.1903       3047    12.6917  0.000e+00
     95.719     8.0272   3.459581    33.1969       3048    12.6958  0.000e+00
     95.647     8.0270   3.459625    33.1976       3049    12.7000  0.000e+00
     95.578     8.0278   3.459575    33.1963       3050    12.7042  0.000e+00
     95.511     8.0282   3.459392    33.1941       3051    12.7083  0.000e+00
     95.435     8.0281   3.459770    33.1982       3052    12.7125  0.000e+00
     95.359     8.0292   3.459688    33.1964       3053    12.7167  0.000e+00
     95.276     8.0304   3.460363    33.2024       3054    12.7208  0.000e+00
     95.189     8.0335   3.461227    33.2088       3055    12.7250  0.000e+00
     95.106     8.0400   3.462571    33.2169       3056    12.7292  0.000e+00
     95.017     8.0484   3.463190    33.2157       3057    12.7333  0.000e+00
     94.923     8.0578   3.463316    33.2081       3058    12.7375  0.000e+00
     94.838     8.0646   3.463404    33.2027       3059    12.7417  0.000e+00
     94.738     8.0688   3.463416    33.1988       3060    12.7458  0.000e+00
     94.641     8.0714   3.463404    33.1963       3061    12.7500  0.000e+00
     94.547     8.0725   3.463486    33.1961       3062    12.7542  0.000e+00
     94.445     8.0740   3.463530    33.1953       3063    12.7583  0.000e+00
     94.353     8.0751   3.463675    33.1958       3064    12.7625  0.000e+00
     94.257     8.0763   3.463530    33.1932       3065    12.7667  0.000e+00
     94.161     8.0769   3.463220    33.1893       3066    12.7708  0.000e+00
     94.070     8.0764   3.463044    33.1880       3067    12.7750  0.000e+00
     93.980     8.0752   3.463277    33.1916       3068    12.7792  0.000e+00
     93.899     8.0754   3.463687    33.1958       3069    12.7833  0.000e+00
     93.817     8.0772   3.463952    33.1970       3070    12.7875  0.000e+00
     93.739     8.0797   3.463889    33.1940       3071    12.7917  0.000e+00
     93.663     8.0812   3.464161    33.1955       3072    12.7958  0.000e+00
     93.584     8.0831   3.464729    33.1998       3073    12.8000  0.000e+00
     93.504     8.0868   3.464924    33.1984       3074    12.8042  0.000e+00
     93.417     8.0906   3.464962    33.1953       3075    12.8083  0.000e+00
     93.331     8.0932   3.465063    33.1939       3076    12.8125  0.000e+00
     93.249     8.0950   3.464880    33.1903       3077    12.8167  0.000e+00
     93.160     8.0962   3.464899    33.1894       3078    12.8208  0.000e+00
     93.073     8.0974   3.465486    33.1946       3079    12.8250  0.000e+00
     92.994     8.1006   3.465618    33.1930       3080    12.8292  0.000e+00
     92.905     8.1040   3.465618    33.1898       3081    12.8333  0.000e+00
     92.824     8.1063   3.465517    33.1865       3082    12.8375  0.000e+00
     92.739     8.1077   3.465467    33.1848       3083    12.8417  0.000e+00
     92.662     8.1083   3.465473    33.1843       3084    12.8458  0.000e+00
     92.575     8.1081   3.464671    33.1759       3085    12.8500  0.000e+00
     92.497     8.1066   3.464128    33.1717       3086    12.8542  0.000e+00
