HB2303/sbe137.cnv
* Sea-Bird SBE 19plus V2 Data File:
* FileName = C:\cruise\data\sbe137.hex
* Software Version Seasave V 7.26.7.121
* Temperature SN = 6128
* Conductivity SN = 6128
* System UpLoad Time = Aug 21 2023 16:02:26
* NMEA Latitude = 43 11.24 N
* NMEA Longitude = 069 12.41 W
* NMEA UTC (Time) = Aug 21 2023 16:02:22
** Ship: Henry Bigelow
** Cruise:  HB2303
** Program:  ECOMON
# nquan = 7
# nvalues = 1982                                  
# units = specified
# name 0 = depSM: Depth [salt water, m]
# name 1 = tv290C: Temperature [ITS-90, deg C]
# name 2 = c0S/m: Conductivity [S/m]
# name 3 = sal00: Salinity, Practical [PSU]
# name 4 = scan: Scan Count
# name 5 = timeM: Time, Elapsed [minutes]
# name 6 = flag:  0.000e+00
# span 0 =     -0.078,    192.904                 
# span 1 =     7.1228,    19.8980                 
# span 2 =   0.008183,   4.264899                 
# span 3 =     0.0468,    33.9323                 
# span 4 =         11,       1992                 
# span 5 =     0.0417,     8.2958                 
# span 6 = 0.0000e+00, 0.0000e+00                 
# interval = seconds: 0.25
# start_time = Aug 21 2023 16:02:22 [NMEA time, header]
# bad_flag = -9.990e-29
*END*
     -0.013    19.5128   0.009253     0.0522         11     0.0417  0.000e+00
     -0.013    19.5122   0.009271     0.0523         12     0.0458  0.000e+00
     -0.012    19.5123   0.009334     0.0527         13     0.0500  0.000e+00
     -0.013    19.5118   0.009400     0.0530         14     0.0542  0.000e+00
     -0.013    19.5118   0.009328     0.0526         15     0.0583  0.000e+00
     -0.017    19.5117   0.009208     0.0520         16     0.0625  0.000e+00
     -0.015    19.5112   0.009097     0.0515         17     0.0667  0.000e+00
     -0.018    19.5108   0.009214     0.0520         18     0.0708  0.000e+00
     -0.016    19.5108   0.009328     0.0526         19     0.0750  0.000e+00
     -0.017    19.5109   0.009232     0.0521         20     0.0792  0.000e+00
     -0.013    19.5104   0.009262     0.0523         21     0.0833  0.000e+00
     -0.013    19.5101   0.009208     0.0520         22     0.0875  0.000e+00
     -0.015    19.5102   0.009076     0.0513         23     0.0917  0.000e+00
     -0.019    19.5097   0.009214     0.0520         24     0.0958  0.000e+00
     -0.016    19.5100   0.009262     0.0523         25     0.1000  0.000e+00
     -0.012    19.5095   0.009334     0.0527         26     0.1042  0.000e+00
     -0.013    19.5096   0.009295     0.0525         27     0.1083  0.000e+00
     -0.020    19.5092   0.009325     0.0526         28     0.1125  0.000e+00
     -0.017    19.5093   0.009049     0.0512         29     0.1167  0.000e+00
     -0.019    19.5090   0.008929     0.0506         30     0.1208  0.000e+00
     -0.016    19.5090   0.008998     0.0510         31     0.1250  0.000e+00
     -0.015    19.5080   0.008803     0.0500         32     0.1292  0.000e+00
     -0.016    19.5081   0.008495     0.0484         33     0.1333  0.000e+00
     -0.011    19.5078   0.008432     0.0481         34     0.1375  0.000e+00
     -0.010    19.5081   0.008405     0.0480         35     0.1417  0.000e+00
     -0.015    19.5074   0.008318     0.0475         36     0.1458  0.000e+00
     -0.018    19.5078   0.008375     0.0478         37     0.1500  0.000e+00
     -0.018    19.5077   0.008192     0.0469         38     0.1542  0.000e+00
     -0.017    19.5072   0.008183     0.0468         39     0.1583  0.000e+00
     -0.021    19.5067   0.008219     0.0470         40     0.1625  0.000e+00
     -0.019    19.5061   0.008375     0.0478         41     0.1667  0.000e+00
     -0.014    19.5062   0.008524     0.0486         42     0.1708  0.000e+00
     -0.020    19.5061   0.008486     0.0484         43     0.1750  0.000e+00
     -0.018    19.5054   0.008432     0.0481         44     0.1792  0.000e+00
     -0.020    19.5043   0.008381     0.0478         45     0.1833  0.000e+00
      0.029    19.5032   1.421632     9.3184         46     0.1875  0.000e+00
      0.153    19.5022   2.607014    18.0423         47     0.1917  0.000e+00
      0.191    19.5219   1.807558    12.0884         48     0.1958  0.000e+00
      0.204    19.5671   1.209371     7.8113         49     0.2000  0.000e+00
      0.228    19.5999   1.770861    11.7999         50     0.2042  0.000e+00
      0.302    19.6199   3.409069    24.1745         51     0.2083  0.000e+00
      0.440    19.6314   4.246636    30.8454         52     0.2125  0.000e+00
      0.636    19.6387   2.688291    18.6001         53     0.2167  0.000e+00
      0.838    19.6442   2.259226    15.3723         54     0.2208  0.000e+00
      1.012    19.6495   0.799394     4.9925         55     0.2250  0.000e+00
      1.170    19.6548   3.409445    24.1572         56     0.2292  0.000e+00
      1.336    19.6583   4.249638    30.8497         57     0.2333  0.000e+00
      1.502    19.6600   4.247705    30.8327         58     0.2375  0.000e+00
      1.659    19.6621   4.245355    30.8121         59     0.2417  0.000e+00
      1.820    19.6740   4.245060    30.8009         60     0.2458  0.000e+00
      2.008    19.6959   4.244868    30.7832         61     0.2500  0.000e+00
      2.201    19.7185   4.246505    30.7798         62     0.2542  0.000e+00
      2.387    19.7454   4.249898    30.7874         63     0.2583  0.000e+00
      2.586    19.7733   4.251947    30.7835         64     0.2625  0.000e+00
      2.806    19.8005   4.252434    30.7674         65     0.2667  0.000e+00
      3.038    19.8240   4.253161    30.7560         66     0.2708  0.000e+00
      3.273    19.8447   4.255602    30.7606         67     0.2750  0.000e+00
      3.503    19.8632   4.257660    30.7635         68     0.2792  0.000e+00
      3.713    19.8795   4.259951    30.7700         69     0.2833  0.000e+00
      3.894    19.8916   4.261159    30.7708         70     0.2875  0.000e+00
      4.055    19.8980   4.261008    30.7649         71     0.2917  0.000e+00
      4.216    19.8957   4.260363    30.7613         72     0.2958  0.000e+00
      4.383    19.8886   4.258819    30.7540         73     0.3000  0.000e+00
      4.569    19.8812   4.255650    30.7338         74     0.3042  0.000e+00
      4.776    19.8761   4.253078    30.7168         75     0.3083  0.000e+00
      4.988    19.8723   4.252386    30.7139         76     0.3125  0.000e+00
      5.201    19.8695   4.251700    30.7103         77     0.3167  0.000e+00
      5.408    19.8672   4.250590    30.7030         78     0.3208  0.000e+00
      5.632    19.8650   4.250035    30.7001         79     0.3250  0.000e+00
      5.867    19.8619   4.249356    30.6968         80     0.3292  0.000e+00
      6.096    19.8577   4.249541    30.7013         81     0.3333  0.000e+00
      6.327    19.8515   4.249596    30.7061         82     0.3375  0.000e+00
      6.562    19.8447   4.249226    30.7080         83     0.3417  0.000e+00
      6.791    19.8370   4.248904    30.7110         84     0.3458  0.000e+00
      7.010    19.8299   4.249302    30.7193         85     0.3500  0.000e+00
      7.219    19.8246   4.250406    30.7320         86     0.3542  0.000e+00
      7.421    19.8215   4.251770    30.7452         87     0.3583  0.000e+00
      7.613    19.8198   4.252559    30.7528         88     0.3625  0.000e+00
      7.802    19.8186   4.253135    30.7583         89     0.3667  0.000e+00
      7.991    19.8150   4.253595    30.7645         90     0.3708  0.000e+00
      8.191    19.8095   4.254006    30.7718         91     0.3750  0.000e+00
      8.387    19.8018   4.254500    30.7814         92     0.3792  0.000e+00
      8.567    19.7908   4.254110    30.7862         93     0.3833  0.000e+00
      8.748    19.7786   4.253349    30.7889         94     0.3875  0.000e+00
      8.930    19.7670   4.252670    30.7919         95     0.3917  0.000e+00
      9.109    19.7553   4.252170    30.7964         96     0.3958  0.000e+00
      9.294    19.7432   4.251724    30.8016         97     0.4000  0.000e+00
      9.476    19.7289   4.251313    30.8087         98     0.4042  0.000e+00
      9.667    19.7149   4.250929    30.8158         99     0.4083  0.000e+00
      9.868    19.7025   4.250628    30.8224        100     0.4125  0.000e+00
     10.070    19.6928   4.250361    30.8273        101     0.4167  0.000e+00
     10.282    19.6858   4.249888    30.8286        102     0.4208  0.000e+00
     10.501    19.6815   4.249278    30.8267        103     0.4250  0.000e+00
     10.726    19.6791   4.249107    30.8270        104     0.4292  0.000e+00
     10.961    19.6770   4.249251    30.8297        105     0.4333  0.000e+00
     11.209    19.6755   4.249231    30.8306        106     0.4375  0.000e+00
     11.453    19.6748   4.248908    30.8284        107     0.4417  0.000e+00
     11.690    19.6744   4.248463    30.8249        108     0.4458  0.000e+00
     11.926    19.6748   4.248621    30.8259        109     0.4500  0.000e+00
     12.163    19.6746   4.248669    30.8263        110     0.4542  0.000e+00
     12.391    19.6727   4.248738    30.8282        111     0.4583  0.000e+00
     12.608    19.6689   4.248772    30.8312        112     0.4625  0.000e+00
     12.808    19.6543   4.248203    30.8372        113     0.4667  0.000e+00
     13.005    19.6244   4.247155    30.8507        114     0.4708  0.000e+00
     13.180    19.5840   4.246148    30.8723        115     0.4750  0.000e+00
     13.342    19.5404   4.245772    30.9013        116     0.4792  0.000e+00
     13.498    19.5014   4.245656    30.9291        117     0.4833  0.000e+00
     13.662    19.4678   4.245897    30.9559        118     0.4875  0.000e+00
     13.816    19.4411   4.246295    30.9789        119     0.4917  0.000e+00
     13.972    19.4182   4.246596    30.9983        120     0.4958  0.000e+00
     14.130    19.3991   4.246782    31.0139        121     0.5000  0.000e+00
     14.300    19.3830   4.247159    31.0288        122     0.5042  0.000e+00
     14.473    19.3679   4.247571    31.0433        123     0.5083  0.000e+00
     14.655    19.3549   4.247852    31.0553        124     0.5125  0.000e+00
     14.848    19.3454   4.247742    31.0614        125     0.5167  0.000e+00
     15.040    19.3391   4.247749    31.0661        126     0.5208  0.000e+00
     15.246    19.3353   4.247763    31.0690        127     0.5250  0.000e+00
     15.465    19.3334   4.248442    31.0758        128     0.5292  0.000e+00
     15.687    19.3326   4.248798    31.0792        129     0.5333  0.000e+00
     15.900    19.3330   4.248984    31.0804        130     0.5375  0.000e+00
     16.133    19.3354   4.249210    31.0803        131     0.5417  0.000e+00
     16.362    19.3403   4.249059    31.0754        132     0.5458  0.000e+00
     16.591    19.3475   4.249038    31.0698        133     0.5500  0.000e+00
     16.819    19.3566   4.248908    31.0619        134     0.5542  0.000e+00
     17.050    19.3672   4.248798    31.0531        135     0.5583  0.000e+00
     17.272    19.3783   4.248915    31.0457        136     0.5625  0.000e+00
     17.488    19.3882   4.249395    31.0421        137     0.5667  0.000e+00
     17.698    19.3966   4.249607    31.0375        138     0.5708  0.000e+00
     17.904    19.4041   4.249881    31.0342        139     0.5750  0.000e+00
     18.108    19.4110   4.249086    31.0225        140     0.5792  0.000e+00
     18.304    19.4154   4.249312    31.0210        141     0.5833  0.000e+00
     18.497    19.4149   4.249333    31.0214        142     0.5875  0.000e+00
     18.685    19.3403   4.248573    31.0707        143     0.5917  0.000e+00
     18.865    19.1293   4.242875    31.1816        144     0.5958  0.000e+00
     19.053    18.8621   4.232519    31.2974        145     0.6000  0.000e+00
     19.236    18.5911   4.218229    31.3845        146     0.6042  0.000e+00
     19.413    18.3650   4.205160    31.4480        147     0.6083  0.000e+00
     19.598    18.1567   4.197215    31.5413        148     0.6125  0.000e+00
     19.779    17.9679   4.190563    31.6310        149     0.6167  0.000e+00
     19.965    17.8099   4.183759    31.6960        150     0.6208  0.000e+00
     20.157    17.6668   4.176108    31.7426        151     0.6250  0.000e+00
     20.341    17.5273   4.168552    31.7873        152     0.6292  0.000e+00
     20.525    17.4000   4.159961    31.8139        153     0.6333  0.000e+00
     20.710    17.2956   4.152287    31.8303        154     0.6375  0.000e+00
     20.897    17.1881   4.146179    31.8626        155     0.6417  0.000e+00
     21.084    17.0718   4.143413    31.9307        156     0.6458  0.000e+00
     21.278    16.9581   4.144907    32.0337        157     0.6500  0.000e+00
     21.475    16.8677   4.156592    32.2067        158     0.6542  0.000e+00
     21.669    16.8114   4.170119    32.3690        159     0.6583  0.000e+00
     21.874    16.7808   4.183998    32.5139        160     0.6625  0.000e+00
     22.088    16.7654   4.194146    32.6144        161     0.6667  0.000e+00
     22.302    16.7613   4.207416    32.7330        162     0.6708  0.000e+00
     22.519    16.7708   4.222610    32.8571        163     0.6750  0.000e+00
     22.743    16.8230   4.227465    32.8565        164     0.6792  0.000e+00
     22.967    16.9100   4.229112    32.7996        165     0.6833  0.000e+00
     23.193    17.0111   4.229405    32.7198        166     0.6875  0.000e+00
     23.415    17.1005   4.228275    32.6374        167     0.6917  0.000e+00
     23.636    17.1777   4.223890    32.5372        168     0.6958  0.000e+00
     23.843    17.2484   4.215769    32.4106        169     0.7000  0.000e+00
     24.058    17.3161   4.208426    32.2934        170     0.7042  0.000e+00
     24.259    17.3641   4.194288    32.1341        171     0.7083  0.000e+00
     24.467    17.3982   4.184114    32.0201        172     0.7125  0.000e+00
     24.660    17.4450   4.176317    31.9166        173     0.7167  0.000e+00
     24.857    17.4025   4.170562    31.9008        174     0.7208  0.000e+00
     25.049    17.1443   4.166294    32.0683        175     0.7250  0.000e+00
     25.244    16.8520   4.161220    32.2580        176     0.7292  0.000e+00
     25.430    16.5938   4.150675    32.3744        177     0.7333  0.000e+00
     25.625    16.4192   4.138059    32.4057        178     0.7375  0.000e+00
     25.820    16.2950   4.126859    32.4086        179     0.7417  0.000e+00
     26.010    16.1401   4.115475    32.4347        180     0.7458  0.000e+00
     26.206    15.9698   4.103666    32.4698        181     0.7500  0.000e+00
     26.399    15.7862   4.095260    32.5461        182     0.7542  0.000e+00
     26.600    15.5966   4.095991    32.7092        183     0.7583  0.000e+00
     26.807    15.4446   4.111515    32.9745        184     0.7625  0.000e+00
     27.021    15.3552   4.128802    33.2048        185     0.7667  0.000e+00
     27.241    15.3084   4.152520    33.4576        186     0.7708  0.000e+00
     27.464    15.2849   4.164525    33.5857        187     0.7750  0.000e+00
     27.695    15.2688   4.176069    33.7034        188     0.7792  0.000e+00
     27.929    15.2604   4.195485    33.8857        189     0.7833  0.000e+00
     28.168    15.2852   4.203036    33.9323        190     0.7875  0.000e+00
     28.408    15.3616   4.203103    33.8669        191     0.7917  0.000e+00
     28.650    15.4768   4.200133    33.7409        192     0.7958  0.000e+00
     28.880    15.5991   4.196946    33.6077        193     0.8000  0.000e+00
     29.111    15.6914   4.197123    33.5305        194     0.8042  0.000e+00
     29.331    15.7644   4.189629    33.4018        195     0.8083  0.000e+00
     29.543    15.8375   4.178955    33.2451        196     0.8125  0.000e+00
     29.742    15.9176   4.165918    33.0623        197     0.8167  0.000e+00
     29.933    15.9976   4.153795    32.8884        198     0.8208  0.000e+00
     30.121    16.0806   4.135916    32.6619        199     0.8250  0.000e+00
     30.308    16.1400   4.124431    32.5120        200     0.8292  0.000e+00
     30.483    16.1194   4.125136    32.5350        201     0.8333  0.000e+00
     30.651    16.0050   4.142881    32.7855        202     0.8375  0.000e+00
     30.820    15.9148   4.160563    33.0167        203     0.8417  0.000e+00
     30.992    15.8765   4.174306    33.1706        204     0.8458  0.000e+00
     31.167    15.8698   4.186930    33.2882        205     0.8500  0.000e+00
     31.344    15.8918   4.189438    33.2919        206     0.8542  0.000e+00
     31.530    15.9414   3.881122    30.5337        207     0.8583  0.000e+00
     31.723    15.3400   3.691731    29.3246        208     0.8625  0.000e+00
     31.935    14.0054   3.676031    30.2038        209     0.8667  0.000e+00
     32.150    12.9775   3.672942    30.9983        210     0.8708  0.000e+00
     32.379    12.3557   3.670772    31.4928        211     0.8750  0.000e+00
     32.616    12.0038   3.668045    31.7641        212     0.8792  0.000e+00
     32.862    11.8035   3.664994    31.9056        213     0.8833  0.000e+00
     33.122    11.6851   3.662717    31.9853        214     0.8875  0.000e+00
     33.380    11.6098   3.659086    32.0148        215     0.8917  0.000e+00
