HB2303/sbe178.cnv
* Sea-Bird SBE 19plus V2 Data File:
* FileName = C:\cruise\data\sbe178.hex
* Software Version Seasave V 7.26.7.121
* Temperature SN = 6128
* Conductivity SN = 6128
* System UpLoad Time = Aug 24 2023 23:32:30
* NMEA Latitude = 40 48.66 N
* NMEA Longitude = 069 50.92 W
* NMEA UTC (Time) = Aug 24 2023 23:32:26
** Ship: Henry Bigelow
** Cruise:  HB2303
** Program:  ECOMON
# nquan = 7
# nvalues = 1383                                  
# units = specified
# name 0 = depSM: Depth [salt water, m]
# name 1 = tv290C: Temperature [ITS-90, deg C]
# name 2 = c0S/m: Conductivity [S/m]
# name 3 = sal00: Salinity, Practical [PSU]
# name 4 = scan: Scan Count
# name 5 = timeM: Time, Elapsed [minutes]
# name 6 = flag:  0.000e+00
# span 0 =     -0.058,     30.602                 
# span 1 =    14.1309,    16.8491                 
# span 2 =   0.002322,   4.096615                 
# span 3 =     0.0181,    32.9358                 
# span 4 =         11,       1393                 
# span 5 =     0.0417,     5.8000                 
# span 6 = 0.0000e+00, 0.0000e+00                 
# interval = seconds: 0.25
# start_time = Aug 24 2023 23:32:26 [NMEA time, header]
# bad_flag = -9.990e-29
*END*
      0.090    16.7591   0.002367     0.0184         11     0.0417  0.000e+00
      0.085    16.7600   0.002379     0.0184         12     0.0458  0.000e+00
      0.088    16.7617   0.002379     0.0184         13     0.0500  0.000e+00
      0.090    16.7624   0.002379     0.0184         14     0.0542  0.000e+00
      0.079    16.7628   0.002385     0.0184         15     0.0583  0.000e+00
      0.088    16.7642   0.002379     0.0184         16     0.0625  0.000e+00
      0.086    16.7650   0.002379     0.0184         17     0.0667  0.000e+00
      0.086    16.7668   0.002373     0.0184         18     0.0708  0.000e+00
      0.081    16.7675   0.002379     0.0184         19     0.0750  0.000e+00
      0.088    16.7687   0.002373     0.0184         20     0.0792  0.000e+00
      0.083    16.7689   0.002379     0.0184         21     0.0833  0.000e+00
      0.085    16.7693   0.002379     0.0184         22     0.0875  0.000e+00
      0.085    16.7694   0.002382     0.0184         23     0.0917  0.000e+00
      0.086    16.7697   0.002379     0.0184         24     0.0958  0.000e+00
      0.087    16.7700   0.002379     0.0184         25     0.1000  0.000e+00
      0.081    16.7703   0.002379     0.0184         26     0.1042  0.000e+00
      0.085    16.7700   0.002379     0.0184         27     0.1083  0.000e+00
      0.081    16.7693   0.002379     0.0184         28     0.1125  0.000e+00
      0.083    16.7689   0.002382     0.0184         29     0.1167  0.000e+00
      0.082    16.7686   0.002379     0.0184         30     0.1208  0.000e+00
      0.082    16.7685   0.002373     0.0184         31     0.1250  0.000e+00
      0.084    16.7692   0.002382     0.0184         32     0.1292  0.000e+00
      0.082    16.7700   0.002373     0.0184         33     0.1333  0.000e+00
      0.082    16.7710   0.002385     0.0184         34     0.1375  0.000e+00
      0.080    16.7724   0.002379     0.0184         35     0.1417  0.000e+00
      0.083    16.7737   0.002382     0.0184         36     0.1458  0.000e+00
      0.082    16.7747   0.002379     0.0184         37     0.1500  0.000e+00
      0.083    16.7759   0.002379     0.0184         38     0.1542  0.000e+00
      0.083    16.7764   0.002382     0.0184         39     0.1583  0.000e+00
      0.083    16.7766   0.002385     0.0184         40     0.1625  0.000e+00
      0.081    16.7762   0.002379     0.0184         41     0.1667  0.000e+00
      0.081    16.7774   0.002373     0.0184         42     0.1708  0.000e+00
      0.085    16.7780   0.002379     0.0184         43     0.1750  0.000e+00
      0.078    16.7787   0.002379     0.0184         44     0.1792  0.000e+00
      0.078    16.7792   0.002379     0.0184         45     0.1833  0.000e+00
      0.081    16.7803   0.002385     0.0184         46     0.1875  0.000e+00
      0.083    16.7815   0.002385     0.0184         47     0.1917  0.000e+00
      0.083    16.7822   0.002382     0.0184         48     0.1958  0.000e+00
      0.087    16.7827   0.002385     0.0184         49     0.2000  0.000e+00
      0.085    16.7830   0.002385     0.0184         50     0.2042  0.000e+00
      0.085    16.7834   0.002382     0.0184         51     0.2083  0.000e+00
      0.080    16.7838   0.002391     0.0185         52     0.2125  0.000e+00
      0.083    16.7842   0.002385     0.0184         53     0.2167  0.000e+00
      0.079    16.7839   0.002382     0.0184         54     0.2208  0.000e+00
      0.081    16.7849   0.002379     0.0184         55     0.2250  0.000e+00
      0.085    16.7851   0.002391     0.0185         56     0.2292  0.000e+00
      0.081    16.7859   0.002382     0.0184         57     0.2333  0.000e+00
      0.083    16.7861   0.002385     0.0184         58     0.2375  0.000e+00
      0.085    16.7856   0.002385     0.0184         59     0.2417  0.000e+00
      0.082    16.7852   0.002391     0.0185         60     0.2458  0.000e+00
      0.078    16.7842   0.002388     0.0185         61     0.2500  0.000e+00
      0.080    16.7805   0.002385     0.0184         62     0.2542  0.000e+00
      0.080    16.7778   0.002391     0.0185         63     0.2583  0.000e+00
      0.081    16.7768   0.002394     0.0185         64     0.2625  0.000e+00
      0.080    16.7776   0.002391     0.0185         65     0.2667  0.000e+00
      0.081    16.7786   0.002391     0.0185         66     0.2708  0.000e+00
      0.078    16.7805   0.002394     0.0185         67     0.2750  0.000e+00
      0.078    16.7824   0.002385     0.0184         68     0.2792  0.000e+00
      0.078    16.7851   0.002391     0.0185         69     0.2833  0.000e+00
      0.078    16.7855   0.002382     0.0184         70     0.2875  0.000e+00
      0.078    16.7869   0.002385     0.0184         71     0.2917  0.000e+00
      0.081    16.7876   0.002391     0.0185         72     0.2958  0.000e+00
      0.081    16.7882   0.002388     0.0185         73     0.3000  0.000e+00
      0.081    16.7886   0.002391     0.0185         74     0.3042  0.000e+00
      0.080    16.7897   0.002385     0.0184         75     0.3083  0.000e+00
      0.076    16.7911   0.002388     0.0185         76     0.3125  0.000e+00
      0.081    16.7916   0.002391     0.0185         77     0.3167  0.000e+00
      0.079    16.7929   0.002391     0.0185         78     0.3208  0.000e+00
      0.081    16.7933   0.002388     0.0185         79     0.3250  0.000e+00
      0.085    16.7938   0.002391     0.0185         80     0.3292  0.000e+00
      0.077    16.7943   0.002391     0.0185         81     0.3333  0.000e+00
      0.077    16.7942   0.002388     0.0185         82     0.3375  0.000e+00
      0.072    16.7948   0.002391     0.0185         83     0.3417  0.000e+00
      0.074    16.7955   0.002385     0.0184         84     0.3458  0.000e+00
      0.081    16.7964   0.002391     0.0185         85     0.3500  0.000e+00
      0.081    16.7974   0.002394     0.0185         86     0.3542  0.000e+00
      0.083    16.7973   0.002391     0.0185         87     0.3583  0.000e+00
      0.083    16.7970   0.002391     0.0185         88     0.3625  0.000e+00
      0.079    16.7952   0.002394     0.0185         89     0.3667  0.000e+00
      0.081    16.7934   0.002391     0.0185         90     0.3708  0.000e+00
      0.079    16.7921   0.002385     0.0184         91     0.3750  0.000e+00
      0.077    16.7917   0.002382     0.0184         92     0.3792  0.000e+00
      0.075    16.7917   0.002397     0.0185         93     0.3833  0.000e+00
      0.075    16.7910   0.002391     0.0185         94     0.3875  0.000e+00
      0.074    16.7911   0.002394     0.0185         95     0.3917  0.000e+00
      0.079    16.7909   0.002385     0.0184         96     0.3958  0.000e+00
      0.074    16.7911   0.002379     0.0184         97     0.4000  0.000e+00
      0.072    16.7918   0.002394     0.0185         98     0.4042  0.000e+00
      0.074    16.7933   0.002385     0.0184         99     0.4083  0.000e+00
      0.072    16.7941   0.002379     0.0184        100     0.4125  0.000e+00
      0.074    16.7949   0.002388     0.0185        101     0.4167  0.000e+00
      0.077    16.7954   0.002391     0.0185        102     0.4208  0.000e+00
      0.076    16.7952   0.002379     0.0184        103     0.4250  0.000e+00
      0.078    16.7954   0.002379     0.0184        104     0.4292  0.000e+00
      0.074    16.7949   0.002379     0.0184        105     0.4333  0.000e+00
      0.072    16.7957   0.002385     0.0184        106     0.4375  0.000e+00
      0.076    16.7959   0.002385     0.0184        107     0.4417  0.000e+00
      0.076    16.7953   0.002379     0.0184        108     0.4458  0.000e+00
      0.075    16.7940   0.002379     0.0184        109     0.4500  0.000e+00
      0.075    16.7932   0.002373     0.0184        110     0.4542  0.000e+00
      0.078    16.7935   0.002382     0.0184        111     0.4583  0.000e+00
      0.073    16.7939   0.002379     0.0184        112     0.4625  0.000e+00
      0.071    16.7938   0.002379     0.0184        113     0.4667  0.000e+00
      0.073    16.7936   0.002373     0.0184        114     0.4708  0.000e+00
      0.073    16.7925   0.002379     0.0184        115     0.4750  0.000e+00
      0.073    16.7922   0.002379     0.0184        116     0.4792  0.000e+00
      0.074    16.7913   0.002373     0.0184        117     0.4833  0.000e+00
      0.067    16.7902   0.002379     0.0184        118     0.4875  0.000e+00
      0.069    16.7894   0.002367     0.0184        119     0.4917  0.000e+00
      0.067    16.7899   0.002373     0.0184        120     0.4958  0.000e+00
      0.069    16.7904   0.002367     0.0184        121     0.5000  0.000e+00
      0.071    16.7898   0.002373     0.0184        122     0.5042  0.000e+00
      0.071    16.7897   0.002367     0.0184        123     0.5083  0.000e+00
      0.071    16.7897   0.002361     0.0183        124     0.5125  0.000e+00
      0.068    16.7891   0.002373     0.0184        125     0.5167  0.000e+00
      0.066    16.7896   0.002364     0.0183        126     0.5208  0.000e+00
      0.067    16.7897   0.002361     0.0183        127     0.5250  0.000e+00
      0.065    16.7906   0.002361     0.0183        128     0.5292  0.000e+00
      0.067    16.7919   0.002352     0.0183        129     0.5333  0.000e+00
      0.071    16.7918   0.002361     0.0183        130     0.5375  0.000e+00
      0.063    16.7917   0.002346     0.0183        131     0.5417  0.000e+00
      0.061    16.7916   0.002334     0.0182        132     0.5458  0.000e+00
      0.059    16.7923   0.002322     0.0181        133     0.5500  0.000e+00
      0.060    16.8014   0.002328     0.0182        134     0.5542  0.000e+00
      0.069    16.8181   0.002346     0.0183        135     0.5583  0.000e+00
      0.098    16.8328   0.002379     0.0184        136     0.5625  0.000e+00
      0.246    16.8450   1.921237    13.7827        137     0.5667  0.000e+00
      0.394    16.8491   1.962933    14.1075        138     0.5708  0.000e+00
      0.539    16.8139   1.216609     8.4021        139     0.5750  0.000e+00
      0.683    16.7688   1.532417    10.7990        140     0.5792  0.000e+00
      0.819    16.7360   1.775776    12.6846        141     0.5833  0.000e+00
      0.947    16.7144   0.787452     5.2724        142     0.5875  0.000e+00
      1.071    16.7009   1.398226     9.7942        143     0.5917  0.000e+00
      1.194    16.6933   2.565421    18.9772        144     0.5958  0.000e+00
      1.302    16.6889   4.036821    31.3197        145     0.6000  0.000e+00
      1.412    16.6867   4.089669    31.7789        146     0.6042  0.000e+00
      1.526    16.6799   4.096615    31.8445        147     0.6083  0.000e+00
      1.638    16.6238   4.091317    31.8431        148     0.6125  0.000e+00
      1.757    16.5458   4.086184    31.8605        149     0.6167  0.000e+00
      1.873    16.4888   4.079906    31.8512        150     0.6208  0.000e+00
      1.983    16.4368   4.073438    31.8363        151     0.6250  0.000e+00
      2.086    16.3310   4.054951    31.7593        152     0.6292  0.000e+00
      2.194    16.1370   4.008640    31.5083        153     0.6333  0.000e+00
      2.308    15.9232   3.993629    31.5462        154     0.6375  0.000e+00
      2.427    15.7514   4.025967    31.9695        155     0.6417  0.000e+00
      2.559    15.6480   4.022389    32.0215        156     0.6458  0.000e+00
      2.705    15.5866   4.073672    32.5277        157     0.6500  0.000e+00
      2.868    15.5523   4.075694    32.5740        158     0.6542  0.000e+00
      3.043    15.5373   4.076401    32.5927        159     0.6583  0.000e+00
      3.229    15.5305   4.072642    32.5647        160     0.6625  0.000e+00
      3.422    15.5290   4.062395    32.4744        161     0.6667  0.000e+00
      3.619    15.5278   4.043921    32.3107        162     0.6708  0.000e+00
      3.819    15.5139   4.016870    32.0810        163     0.6750  0.000e+00
      4.016    15.4265   3.990109    31.9136        164     0.6792  0.000e+00
      4.207    15.2958   3.969758    31.8379        165     0.6833  0.000e+00
      4.389    15.1639   3.958501    31.8442        166     0.6875  0.000e+00
      4.553    15.0505   3.950735    31.8667        167     0.6917  0.000e+00
      4.696    14.9562   3.947304    31.9127        168     0.6958  0.000e+00
      4.817    14.8809   3.946527    31.9673        169     0.7000  0.000e+00
      4.911    14.8246   3.955017    32.0902        170     0.7042  0.000e+00
      4.994    14.7869   3.988715    32.4265        171     0.7083  0.000e+00
      5.069    14.7624   3.994427    32.4987        172     0.7125  0.000e+00
      5.140    14.7620   3.993191    32.4878        173     0.7167  0.000e+00
      5.215    14.8248   4.013183    32.6165        174     0.7208  0.000e+00
      5.293    14.9226   4.035088    32.7329        175     0.7250  0.000e+00
      5.385    15.0267   4.045009    32.7352        176     0.7292  0.000e+00
      5.484    15.1395   4.054074    32.7225        177     0.7333  0.000e+00
      5.594    15.2474   4.059453    32.6807        178     0.7375  0.000e+00
      5.726    15.3476   4.063684    32.6353        179     0.7417  0.000e+00
      5.868    15.4392   4.066166    32.5814        180     0.7458  0.000e+00
      6.020    15.5145   4.067700    32.5327        181     0.7500  0.000e+00
      6.176    15.5784   4.068501    32.4871        182     0.7542  0.000e+00
      6.337    15.6410   4.064797    32.4026        183     0.7583  0.000e+00
      6.500    15.6931   4.049241    32.2217        184     0.7625  0.000e+00
      6.672    15.7419   4.039635    32.0967        185     0.7667  0.000e+00
      6.835    15.7535   4.031099    32.0116        186     0.7708  0.000e+00
      6.987    15.6373   4.006259    31.8854        187     0.7750  0.000e+00
      7.142    15.4533   3.983125    31.8285        188     0.7792  0.000e+00
      7.279    15.2641   3.975014    31.9095        189     0.7833  0.000e+00
      7.404    15.1094   3.995687    32.2215        190     0.7875  0.000e+00
      7.523    15.0097   4.022185    32.5427        191     0.7917  0.000e+00
      7.644    14.9412   4.037041    32.7341        192     0.7958  0.000e+00
      7.769    14.9261   4.048767    32.8528        193     0.8000  0.000e+00
      7.900    14.9756   4.054292    32.8610        194     0.8042  0.000e+00
      8.030    15.0713   4.056133    32.7972        195     0.8083  0.000e+00
      8.168    15.1802   4.056932    32.7132        196     0.8125  0.000e+00
      8.307    15.2811   4.057321    32.6325        197     0.8167  0.000e+00
      8.457    15.3610   4.057529    32.5679        198     0.8208  0.000e+00
      8.603    15.4195   4.056761    32.5126        199     0.8250  0.000e+00
      8.755    15.4617   4.058314    32.4915        200     0.8292  0.000e+00
      8.903    15.4943   4.059404    32.4743        201     0.8333  0.000e+00
      9.056    15.5254   4.051227    32.3757        202     0.8375  0.000e+00
      9.202    15.5530   4.038067    32.2358        203     0.8417  0.000e+00
      9.338    15.6120   4.025274    32.0738        204     0.8458  0.000e+00
      9.462    15.5930   4.016054    32.0073        205     0.8500  0.000e+00
      9.576    15.4437   4.019821    32.1625        206     0.8542  0.000e+00
      9.690    15.2955   4.042543    32.4875        207     0.8583  0.000e+00
      9.793    15.1877   4.058709    32.7223        208     0.8625  0.000e+00
      9.903    15.1622   4.061965    32.7729        209     0.8667  0.000e+00
     10.011    15.2462   4.060598    32.6904        210     0.8708  0.000e+00
     10.120    15.3818   4.060940    32.5806        211     0.8750  0.000e+00
     10.237    15.5190   4.063926    32.4938        212     0.8792  0.000e+00
     10.361    15.6391   4.066691    32.4195        213     0.8833  0.000e+00
     10.487    15.7428   4.069598    32.3601        214     0.8875  0.000e+00
     10.626    15.8288   4.071280    32.3047        215     0.8917  0.000e+00
