HB2303/sbe160.cnv
* Sea-Bird SBE 19plus V2 Data File:
* FileName = C:\cruise\data\sbe160.hex
* Software Version Seasave V 7.26.7.121
* Temperature SN = 6128
* Conductivity SN = 6128
* System UpLoad Time = Aug 23 2023 13:39:30
* NMEA Latitude = 40 38.24 N
* NMEA Longitude = 068 42.38 W
* NMEA UTC (Time) = Aug 23 2023 13:39:26
** Ship: Henry Bigelow
** Cruise:  HB2303
** Program:  ECOMON
# nquan = 7
# nvalues = 1396                                  
# units = specified
# name 0 = depSM: Depth [salt water, m]
# name 1 = tv290C: Temperature [ITS-90, deg C]
# name 2 = c0S/m: Conductivity [S/m]
# name 3 = sal00: Salinity, Practical [PSU]
# name 4 = scan: Scan Count
# name 5 = timeM: Time, Elapsed [minutes]
# name 6 = flag:  0.000e+00
# span 0 =     -0.086,     58.158                 
# span 1 =    13.2881,    17.8317                 
# span 2 =  -0.022390,   4.241735                 
# span 3 =     0.0000,    33.5414                 
# span 4 =         11,       1406                 
# span 5 =     0.0417,     5.8542                 
# span 6 = 0.0000e+00, 0.0000e+00                 
# interval = seconds: 0.25
# start_time = Aug 23 2023 13:39:26 [NMEA time, header]
# bad_flag = -9.990e-29
*END*
      0.076    17.8186   0.001698     0.0153         11     0.0417  0.000e+00
      0.072    17.8198   0.001701     0.0153         12     0.0458  0.000e+00
      0.072    17.8209   0.001706     0.0154         13     0.0500  0.000e+00
      0.065    17.8215   0.001698     0.0153         14     0.0542  0.000e+00
      0.064    17.8230   0.001695     0.0153         15     0.0583  0.000e+00
      0.071    17.8239   0.001701     0.0153         16     0.0625  0.000e+00
      0.073    17.8251   0.001709     0.0154         17     0.0667  0.000e+00
      0.073    17.8262   0.001712     0.0154         18     0.0708  0.000e+00
      0.065    17.8261  -0.022390     0.0000         19     0.0750  0.000e+00
      0.069    17.8252   0.269106     1.6359         20     0.0792  0.000e+00
      0.069    17.8223   0.059292     0.3369         21     0.0833  0.000e+00
      0.078    17.8097   0.108127     0.6284         22     0.0875  0.000e+00
      0.072    17.7938   0.088299     0.5091         23     0.0917  0.000e+00
      0.062    17.7830   0.077879     0.4470         24     0.0958  0.000e+00
      0.066    17.7773   0.071268     0.4078         25     0.1000  0.000e+00
      0.063    17.7728   0.067710     0.3868         26     0.1042  0.000e+00
      0.056    17.7687   0.058208     0.3310         27     0.1083  0.000e+00
      0.047    17.7651   0.051593     0.2923         28     0.1125  0.000e+00
      0.053    17.7639   0.054962     0.3120         29     0.1167  0.000e+00
      0.051    17.7631   0.051556     0.2921         30     0.1208  0.000e+00
      0.054    17.7619   0.049402     0.2796         31     0.1250  0.000e+00
      0.052    17.7594   0.047236     0.2671         32     0.1292  0.000e+00
      0.060    17.7583   0.045126     0.2549         33     0.1333  0.000e+00
      0.058    17.7567   0.043253     0.2441         34     0.1375  0.000e+00
      0.053    17.7550   0.041867     0.2361         35     0.1417  0.000e+00
      0.057    17.7534   0.041169     0.2321         36     0.1458  0.000e+00
      0.057    17.7525   0.040853     0.2303         37     0.1500  0.000e+00
      0.080    17.7533   0.684908     4.4262         38     0.1542  0.000e+00
      0.143    17.7507   2.328434    16.6276         39     0.1583  0.000e+00
      0.125    17.6947   2.183898    15.5237         40     0.1625  0.000e+00
      0.069    17.6005   1.839153    12.9011         41     0.1667  0.000e+00
      0.060    17.5342   2.521606    18.2405         42     0.1708  0.000e+00
      0.102    17.4932   3.788374    28.6072         43     0.1750  0.000e+00
      0.226    17.4674   3.934728    29.8577         44     0.1792  0.000e+00
      0.313    17.4494   3.228143    23.9862         45     0.1833  0.000e+00
      0.437    17.4359   2.843605    20.8639         46     0.1875  0.000e+00
      0.577    17.4268   2.701883    19.7281         47     0.1917  0.000e+00
      0.678    17.4220   1.321932     9.0551         48     0.1958  0.000e+00
      0.739    17.4200   1.213871     8.2579         49     0.2000  0.000e+00
      0.800    17.4192   2.366158    17.0602         50     0.2042  0.000e+00
      0.880    17.4184   4.210518    32.2381         51     0.2083  0.000e+00
      1.012    17.4172   4.210088    32.2353         52     0.2125  0.000e+00
      1.169    17.4162   4.209788    32.2335         53     0.2167  0.000e+00
      1.284    17.4150   4.209726    32.2339         54     0.2208  0.000e+00
      1.425    17.4143   4.209126    32.2292         55     0.2250  0.000e+00
      1.620    17.4134   4.209023    32.2290         56     0.2292  0.000e+00
      1.817    17.4121   4.208668    32.2270         57     0.2333  0.000e+00
      2.010    17.4101   4.208416    32.2263         58     0.2375  0.000e+00
      2.187    17.4085   4.207740    32.2218         59     0.2417  0.000e+00
      2.355    17.4068   4.208286    32.2277         60     0.2458  0.000e+00
      2.526    17.4054   4.210232    32.2454         61     0.2500  0.000e+00
      2.676    17.4039   4.209406    32.2394         62     0.2542  0.000e+00
      2.826    17.3973   4.206866    32.2230         63     0.2583  0.000e+00
      2.969    17.3817   4.204662    32.2165         64     0.2625  0.000e+00
      3.101    17.3656   4.202990    32.2149         65     0.2667  0.000e+00
      3.211    17.3515   4.201885    32.2166         66     0.2708  0.000e+00
      3.315    17.3404   4.201974    32.2262         67     0.2750  0.000e+00
      3.420    17.3321   4.205195    32.2603         68     0.2792  0.000e+00
      3.545    17.3263   4.206970    32.2801         69     0.2833  0.000e+00
      3.684    17.3256   4.192740    32.1588         70     0.2875  0.000e+00
      3.813    17.3326   3.463919    26.0043         71     0.2917  0.000e+00
      3.934    17.3432   4.207496    32.2710         72     0.2958  0.000e+00
      4.053    17.3541   4.207352    32.2611         73     0.3000  0.000e+00
      4.172    17.3637   4.207277    32.2528         74     0.3042  0.000e+00
      4.300    17.3713   4.207571    32.2491         75     0.3083  0.000e+00
      4.428    17.3762   4.208035    32.2491         76     0.3125  0.000e+00
      4.567    17.3801   4.208130    32.2468         77     0.3167  0.000e+00
      4.715    17.3823   4.208240    32.2460         78     0.3208  0.000e+00
      4.869    17.3760   4.208342    32.2518         79     0.3250  0.000e+00
      5.037    17.3648   4.208390    32.2611         80     0.3292  0.000e+00
      5.210    17.3584   4.207653    32.2598         81     0.3333  0.000e+00
      5.394    17.3577   4.207305    32.2573         82     0.3375  0.000e+00
      5.599    17.3614   4.207373    32.2549         83     0.3417  0.000e+00
      5.806    17.3668   4.208056    32.2564         84     0.3458  0.000e+00
      6.014    17.3719   4.208261    32.2540         85     0.3500  0.000e+00
      6.204    17.3740   4.206738    32.2392         86     0.3542  0.000e+00
      6.387    17.3564   4.201525    32.2085         87     0.3583  0.000e+00
      6.556    17.3197   4.196280    32.1927         88     0.3625  0.000e+00
      6.710    17.2777   4.192374    32.1927         89     0.3667  0.000e+00
      6.862    17.2388   4.189791    32.2015         90     0.3708  0.000e+00
      6.999    17.2061   4.189158    32.2220         91     0.3750  0.000e+00
      7.117    17.1818   4.194373    32.2862         92     0.3792  0.000e+00
      7.218    17.1640   4.199652    32.3458         93     0.3833  0.000e+00
      7.321    17.1553   4.200047    32.3561         94     0.3875  0.000e+00
      7.433    17.1622   3.924678    29.9954         95     0.3917  0.000e+00
      7.559    17.1831   3.925129    29.9837         96     0.3958  0.000e+00
      7.697    17.2068   4.205663    32.3630         97     0.4000  0.000e+00
      7.846    17.2271   4.206059    32.3500         98     0.4042  0.000e+00
      7.993    17.2425   4.206024    32.3374         99     0.4083  0.000e+00
      8.141    17.2556   4.205246    32.3202        100     0.4125  0.000e+00
      8.296    17.2669   4.205144    32.3102        101     0.4167  0.000e+00
      8.446    17.2749   4.206290    32.3136        102     0.4208  0.000e+00
      8.598    17.2810   4.206543    32.3108        103     0.4250  0.000e+00
      8.749    17.2882   4.206577    32.3053        104     0.4292  0.000e+00
      8.888    17.2965   4.206468    32.2977        105     0.4333  0.000e+00
      9.027    17.3044   4.205553    32.2835        106     0.4375  0.000e+00
      9.147    17.3124   4.204570    32.2687        107     0.4417  0.000e+00
      9.262    17.3138   4.204106    32.2635        108     0.4458  0.000e+00
      9.373    17.2587   4.204885    32.3142        109     0.4500  0.000e+00
      9.496    17.1590   4.205910    32.4027        110     0.4542  0.000e+00
      9.636    17.0996   4.206314    32.4540        111     0.4583  0.000e+00
      9.794    17.1103   4.206088    32.4433        112     0.4625  0.000e+00
      9.945    17.1582   4.206367    32.4072        113     0.4667  0.000e+00
     10.100    17.2135   4.206462    32.3636        114     0.4708  0.000e+00
     10.265    17.2607   4.206339    32.3247        115     0.4750  0.000e+00
     10.431    17.2934   4.206216    32.2975        116     0.4792  0.000e+00
     10.604    17.3147   4.205731    32.2762        117     0.4833  0.000e+00
     10.777    17.3271   4.205035    32.2603        118     0.4875  0.000e+00
     10.949    17.2245   4.195526    32.2606        119     0.4917  0.000e+00
     11.122    16.9156   4.160065    32.2021        120     0.4958  0.000e+00
     11.291    16.5503   4.123552    32.1785        121     0.5000  0.000e+00
     11.461    16.2210   4.109037    32.3177        122     0.5042  0.000e+00
     11.618    15.9613   4.131640    32.7294        123     0.5083  0.000e+00
     11.766    15.7906   4.169347    33.2060        124     0.5125  0.000e+00
     11.904    15.6872   4.189119    33.4694        125     0.5167  0.000e+00
     12.036    15.6521   4.193857    33.5414        126     0.5208  0.000e+00
     12.160    15.6804   4.185474    33.4425        127     0.5250  0.000e+00
     12.294    15.7413   4.161522    33.1776        128     0.5292  0.000e+00
     12.416    15.8074   4.153003    33.0464        129     0.5333  0.000e+00
     12.535    15.8730   4.157974    33.0356        130     0.5375  0.000e+00
     12.669    15.9239   4.185362    33.2359        131     0.5417  0.000e+00
     12.812    15.9768   4.194255    33.2703        132     0.5458  0.000e+00
     12.949    16.0782   4.195358    33.1950        133     0.5500  0.000e+00
     13.087    16.2621   4.199816    33.0810        134     0.5542  0.000e+00
     13.228    16.4618   4.200926    32.9253        135     0.5583  0.000e+00
     13.370    16.6295   4.198611    32.7673        136     0.5625  0.000e+00
     13.515    16.7520   4.188410    32.5787        137     0.5667  0.000e+00
     13.663    16.8416   4.182939    32.4586        138     0.5708  0.000e+00
     13.815    16.9047   4.182434    32.4033        139     0.5750  0.000e+00
     13.968    16.8445   4.182081    32.4487        140     0.5792  0.000e+00
     14.120    16.6826   4.178740    32.5508        141     0.5833  0.000e+00
     14.267    16.4832   4.186295    32.7794        142     0.5875  0.000e+00
     14.412    16.3161   4.195669    32.9993        143     0.5917  0.000e+00
     14.557    16.2563   4.198616    33.0747        144     0.5958  0.000e+00
     14.689    16.3163   4.196706    33.0081        145     0.6000  0.000e+00
     14.823    16.4676   4.196267    32.8792        146     0.6042  0.000e+00
     14.958    16.6259   4.196975    32.7554        147     0.6083  0.000e+00
     15.098    16.7528   4.195664    32.6405        148     0.6125  0.000e+00
     15.233    16.8424   4.190720    32.5247        149     0.6167  0.000e+00
     15.374    16.9063   4.188034    32.4498        150     0.6208  0.000e+00
     15.522    16.9546   4.186405    32.3967        151     0.6250  0.000e+00
     15.679    16.9844   4.190227    32.4057        152     0.6292  0.000e+00
     15.838    16.9856   4.195811    32.4529        153     0.6333  0.000e+00
     16.008    16.9900   4.198893    32.4759        154     0.6375  0.000e+00
     16.174    17.0080   4.198716    32.4598        155     0.6417  0.000e+00
     16.347    17.0438   4.199207    32.4351        156     0.6458  0.000e+00
     16.524    17.0788   4.195932    32.3787        157     0.6500  0.000e+00
     16.696    17.1011   4.190853    32.3171        158     0.6542  0.000e+00
     16.870    17.1069   4.186642    32.2761        159     0.6583  0.000e+00
     17.039    17.0026   4.162194    32.1488        160     0.6625  0.000e+00
     17.198    16.7020   4.117569    32.0029        161     0.6667  0.000e+00
     17.365    16.2967   4.091989    32.1049        162     0.6708  0.000e+00
     17.524    15.9365   4.127544    32.7115        163     0.6750  0.000e+00
     17.681    15.6958   4.167045    33.2630        164     0.6792  0.000e+00
     17.834    15.5647   4.176844    33.4613        165     0.6833  0.000e+00
     17.983    15.5758   4.185675    33.5309        166     0.6875  0.000e+00
     18.133    15.7273   4.188630    33.4286        167     0.6917  0.000e+00
     18.277    15.9197   4.186734    33.2494        168     0.6958  0.000e+00
     18.420    16.0778   4.172196    32.9887        169     0.7000  0.000e+00
     18.563    16.1937   4.159202    32.7782        170     0.7042  0.000e+00
     18.700    16.2826   4.154826    32.6666        171     0.7083  0.000e+00
     18.834    16.3083   4.159873    32.6898        172     0.7125  0.000e+00
     18.975    16.2989   4.177011    32.8479        173     0.7167  0.000e+00
     19.106    16.3210   4.189495    32.9392        174     0.7208  0.000e+00
     19.233    16.3813   4.190032    32.8941        175     0.7250  0.000e+00
     19.362    16.4829   4.192028    32.8278        176     0.7292  0.000e+00
     19.485    16.6062   4.192388    32.7299        177     0.7333  0.000e+00
     19.616    16.7183   4.192025    32.6352        178     0.7375  0.000e+00
     19.746    16.8030   4.190988    32.5574        179     0.7417  0.000e+00
     19.882    16.8627   4.191151    32.5104        180     0.7458  0.000e+00
     20.026    16.9039   4.190482    32.4712        181     0.7500  0.000e+00
     20.174    16.9329   4.191995    32.4609        182     0.7542  0.000e+00
     20.331    16.9509   4.192397    32.4497        183     0.7583  0.000e+00
     20.494    16.9701   4.191518    32.4267        184     0.7625  0.000e+00
     20.662    17.0024   4.190958    32.3957        185     0.7667  0.000e+00
     20.840    17.0374   4.189547    32.3554        186     0.7708  0.000e+00
     21.014    17.0646   4.184096    32.2866        187     0.7750  0.000e+00
     21.198    17.0812   4.181052    32.2470        188     0.7792  0.000e+00
     21.384    17.0394   4.175090    32.2289        189     0.7833  0.000e+00
     21.570    16.8633   4.144684    32.1073        190     0.7875  0.000e+00
     21.754    16.5822   4.100386    31.9477        191     0.7917  0.000e+00
     21.941    16.1931   4.077795    32.0624        192     0.7958  0.000e+00
     22.125    15.8504   4.104680    32.5783        193     0.8000  0.000e+00
     22.302    15.6046   4.147667    33.1651        194     0.8042  0.000e+00
     22.478    15.4541   4.169091    33.4842        195     0.8083  0.000e+00
     22.645    15.4070   4.169057    33.5240        196     0.8125  0.000e+00
     22.806    15.4720   4.160137    33.3885        197     0.8167  0.000e+00
     22.968    15.5699   4.125208    32.9935        198     0.8208  0.000e+00
     23.122    15.6560   4.004612    31.8497        199     0.8250  0.000e+00
     23.270    15.4965   3.975330    31.7182        200     0.8292  0.000e+00
     23.415    15.1947   3.973267    31.9443        201     0.8333  0.000e+00
     23.557    14.9868   3.971849    32.1016        202     0.8375  0.000e+00
     23.700    14.8655   3.971311    32.1966        203     0.8417  0.000e+00
     23.836    14.7977   3.970978    32.2496        204     0.8458  0.000e+00
     23.978    14.7605   3.970366    32.2748        205     0.8500  0.000e+00
     24.105    14.7386   3.969893    32.2886        206     0.8542  0.000e+00
     24.239    14.7257   3.969300    32.2939        207     0.8583  0.000e+00
     24.367    14.7167   3.968733    32.2962        208     0.8625  0.000e+00
     24.499    14.7095   3.968187    32.2972        209     0.8667  0.000e+00
     24.623    14.7031   3.967860    32.2995        210     0.8708  0.000e+00
     24.750    14.6982   3.967387    32.2992        211     0.8750  0.000e+00
     24.886    14.6934   3.967721    32.3062        212     0.8792  0.000e+00
     25.028    14.6919   3.968194    32.3117        213     0.8833  0.000e+00
     25.172    14.6935   3.967621    32.3051        214     0.8875  0.000e+00
     25.319    14.6931   3.967341    32.3028        215     0.8917  0.000e+00
