HB2303/sbe175.cnv
* Sea-Bird SBE 19plus V2 Data File:
* FileName = C:\cruise\data\sbe175.hex
* Software Version Seasave V 7.26.7.121
* Temperature SN = 6128
* Conductivity SN = 6128
* System UpLoad Time = Aug 24 2023 18:17:52
* NMEA Latitude = 40 41.94 N
* NMEA Longitude = 070 03.51 W
* NMEA UTC (Time) = Aug 24 2023 18:17:48
** Ship: Henry Bigelow
** Cruise:  HB2303
** Program:  ECOMON
# nquan = 7
# nvalues = 1609                                  
# units = specified
# name 0 = depSM: Depth [salt water, m]
# name 1 = tv290C: Temperature [ITS-90, deg C]
# name 2 = c0S/m: Conductivity [S/m]
# name 3 = sal00: Salinity, Practical [PSU]
# name 4 = scan: Scan Count
# name 5 = timeM: Time, Elapsed [minutes]
# name 6 = flag:  0.000e+00
# span 0 =     -0.019,     41.355                 
# span 1 =    12.8547,    23.5855                 
# span 2 =   0.005038,   4.391309                 
# span 3 =     0.0305,    33.4963                 
# span 4 =         11,       1619                 
# span 5 =     0.0417,     6.7417                 
# span 6 = 0.0000e+00, 0.0000e+00                 
# interval = seconds: 0.25
# start_time = Aug 24 2023 18:17:48 [NMEA time, header]
# bad_flag = -9.990e-29
*END*
[from data line 1026]
     16.581    13.1402   3.823637    32.2840       1037     4.3167  0.000e+00
     16.563    13.1408   3.823880    32.2857       1038     4.3208  0.000e+00
     16.542    13.1431   3.824477    32.2894       1039     4.3250  0.000e+00
     16.514    13.1465   3.824471    32.2864       1040     4.3292  0.000e+00
     16.487    13.1490   3.824451    32.2842       1041     4.3333  0.000e+00
     16.458    13.1504   3.824470    32.2832       1042     4.3375  0.000e+00
     16.433    13.1515   3.824044    32.2782       1043     4.3417  0.000e+00
     16.405    13.1504   3.824070    32.2794       1044     4.3458  0.000e+00
     16.382    13.1492   3.823925    32.2791       1045     4.3500  0.000e+00
     16.351    13.1484   3.824182    32.2822       1046     4.3542  0.000e+00
     16.320    13.1485   3.824424    32.2844       1047     4.3583  0.000e+00
     16.289    13.1497   3.824681    32.2858       1048     4.3625  0.000e+00
     16.255    13.1516   3.824707    32.2844       1049     4.3667  0.000e+00
     16.229    13.1529   3.824634    32.2827       1050     4.3708  0.000e+00
     16.191    13.1536   3.824497    32.2808       1051     4.3750  0.000e+00
     16.157    13.1530   3.824569    32.2820       1052     4.3792  0.000e+00
     16.122    13.1531   3.824687    32.2831       1053     4.3833  0.000e+00
     16.092    13.1534   3.824523    32.2812       1054     4.3875  0.000e+00
     16.059    13.1531   3.824654    32.2827       1055     4.3917  0.000e+00
     16.030    13.1533   3.824588    32.2820       1056     4.3958  0.000e+00
     15.996    13.1536   3.824996    32.2856       1057     4.4000  0.000e+00
     15.967    13.1548   3.824759    32.2823       1058     4.4042  0.000e+00
     15.943    13.1553   3.824838    32.2827       1059     4.4083  0.000e+00
     15.916    13.1553   3.824995    32.2841       1060     4.4125  0.000e+00
     15.892    13.1564   3.825087    32.2841       1061     4.4167  0.000e+00
     15.871    13.1573   3.824969    32.2822       1062     4.4208  0.000e+00
     15.845    13.1576   3.825041    32.2827       1063     4.4250  0.000e+00
     15.818    13.1576   3.824976    32.2820       1064     4.4292  0.000e+00
     15.809    13.1576   3.825376    32.2859       1065     4.4333  0.000e+00
     15.765    13.1592   3.825383    32.2845       1066     4.4375  0.000e+00
     15.735    13.1604   3.825350    32.2832       1067     4.4417  0.000e+00
     15.709    13.1612   3.825967    32.2884       1068     4.4458  0.000e+00
     15.671    13.1638   3.826512    32.2913       1069     4.4500  0.000e+00
     15.646    13.1684   3.826624    32.2885       1070     4.4542  0.000e+00
     15.621    13.1720   3.826847    32.2875       1071     4.4583  0.000e+00
     15.591    13.1752   3.827734    32.2931       1072     4.4625  0.000e+00
     15.573    13.1805   3.827983    32.2909       1073     4.4667  0.000e+00
     15.544    13.1861   3.827990    32.2862       1074     4.4708  0.000e+00
     15.520    13.1896   3.828574    32.2888       1075     4.4750  0.000e+00
     15.502    13.1937   3.830151    32.3001       1076     4.4792  0.000e+00
     15.484    13.2030   3.832694    32.3161       1077     4.4833  0.000e+00
     15.468    13.2207   3.835388    32.3264       1078     4.4875  0.000e+00
     15.441    13.2448   3.837347    32.3243       1079     4.4917  0.000e+00
     15.412    13.2698   3.839661    32.3247       1080     4.4958  0.000e+00
     15.383    13.2954   3.841279    32.3181       1081     4.5000  0.000e+00
     15.343    13.3193   3.842140    32.3059       1082     4.5042  0.000e+00
     15.306    13.3387   3.842804    32.2958       1083     4.5083  0.000e+00
     15.259    13.3533   3.843686    32.2916       1084     4.5125  0.000e+00
     15.216    13.3659   3.843889    32.2829       1085     4.5167  0.000e+00
     15.176    13.3749   3.844001    32.2763       1086     4.5208  0.000e+00
     15.127    13.3806   3.844212    32.2734       1087     4.5250  0.000e+00
     15.082    13.3849   3.844291    32.2705       1088     4.5292  0.000e+00
     15.047    13.3878   3.844369    32.2688       1089     4.5333  0.000e+00
     15.000    13.3899   3.845100    32.2739       1090     4.5375  0.000e+00
     14.955    13.3941   3.845198    32.2713       1091     4.5417  0.000e+00
     14.921    13.3980   3.845350    32.2694       1092     4.5458  0.000e+00
     14.884    13.4009   3.845916    32.2722       1093     4.5500  0.000e+00
     14.848    13.4049   3.846119    32.2708       1094     4.5542  0.000e+00
     14.824    13.4089   3.846304    32.2691       1095     4.5583  0.000e+00
     14.808    13.4124   3.847752    32.2797       1096     4.5625  0.000e+00
     14.777    13.4202   3.849996    32.2941       1097     4.5667  0.000e+00
     14.748    13.4343   3.850503    32.2869       1098     4.5708  0.000e+00
     14.730    13.4467   3.850496    32.2764       1099     4.5750  0.000e+00
     14.703    13.4544   3.850516    32.2700       1100     4.5792  0.000e+00
     14.676    13.4585   3.851082    32.2719       1101     4.5833  0.000e+00
     14.647    13.4625   3.851839    32.2756       1102     4.5875  0.000e+00
     14.618    13.4679   3.852491    32.2770       1103     4.5917  0.000e+00
     14.585    13.4741   3.853097    32.2775       1104     4.5958  0.000e+00
     14.554    13.4801   3.853848    32.2794       1105     4.6000  0.000e+00
     14.525    13.4865   3.854552    32.2806       1106     4.6042  0.000e+00
     14.493    13.4934   3.854763    32.2768       1107     4.6083  0.000e+00
     14.440    13.4985   3.854947    32.2742       1108     4.6125  0.000e+00
     14.406    13.5019   3.854960    32.2715       1109     4.6167  0.000e+00
     14.366    13.5045   3.855244    32.2719       1110     4.6208  0.000e+00
     14.333    13.5065   3.855105    32.2690       1111     4.6250  0.000e+00
     14.306    13.5077   3.854736    32.2645       1112     4.6292  0.000e+00
     14.270    13.5067   3.854624    32.2643       1113     4.6333  0.000e+00
     14.241    13.5056   3.854888    32.2677       1114     4.6375  0.000e+00
     14.213    13.5058   3.855217    32.2706       1115     4.6417  0.000e+00
     14.184    13.5070   3.855560    32.2728       1116     4.6458  0.000e+00
     14.152    13.5092   3.855678    32.2721       1117     4.6500  0.000e+00
     14.132    13.5113   3.855810    32.2715       1118     4.6542  0.000e+00
     14.105    13.5130   3.856159    32.2734       1119     4.6583  0.000e+00
     14.081    13.5150   3.856152    32.2716       1120     4.6625  0.000e+00
     14.050    13.5168   3.856291    32.2714       1121     4.6667  0.000e+00
     14.018    13.5182   3.856785    32.2749       1122     4.6708  0.000e+00
     13.994    13.5204   3.856976    32.2748       1123     4.6750  0.000e+00
     13.963    13.5231   3.857707    32.2793       1124     4.6792  0.000e+00
     13.934    13.5269   3.857911    32.2780       1125     4.6833  0.000e+00
     13.896    13.5308   3.859216    32.2869       1126     4.6875  0.000e+00
     13.864    13.5373   3.860501    32.2934       1127     4.6917  0.000e+00
     13.828    13.5467   3.862531    32.3044       1128     4.6958  0.000e+00
     13.806    13.5596   3.863263    32.3003       1129     4.7000  0.000e+00
     13.771    13.5716   3.863889    32.2960       1130     4.7042  0.000e+00
     13.741    13.5814   3.864344    32.2920       1131     4.7083  0.000e+00
     13.708    13.5891   3.865346    32.2948       1132     4.7125  0.000e+00
     13.679    13.5972   3.867014    32.3035       1133     4.7167  0.000e+00
     13.650    13.6084   3.867594    32.2994       1134     4.7208  0.000e+00
     13.624    13.6185   3.867983    32.2946       1135     4.7250  0.000e+00
     13.597    13.6265   3.868439    32.2920       1136     4.7292  0.000e+00
     13.566    13.6326   3.868168    32.2843       1137     4.7333  0.000e+00
     13.542    13.6358   3.869316    32.2924       1138     4.7375  0.000e+00
     13.515    13.6407   3.870747    32.3015       1139     4.7417  0.000e+00
     13.486    13.6500   3.871697    32.3025       1140     4.7458  0.000e+00
     13.454    13.6600   3.872133    32.2981       1141     4.7500  0.000e+00
     13.416    13.6684   3.872337    32.2930       1142     4.7542  0.000e+00
     13.384    13.6745   3.872964    32.2937       1143     4.7583  0.000e+00
     13.345    13.6803   3.873373    32.2925       1144     4.7625  0.000e+00
     13.305    13.6857   3.873663    32.2907       1145     4.7667  0.000e+00
     13.269    13.6899   3.874020    32.2905       1146     4.7708  0.000e+00
     13.236    13.6941   3.874706    32.2934       1147     4.7750  0.000e+00
     13.209    13.6997   3.875934    32.3001       1148     4.7792  0.000e+00
     13.180    13.7085   3.876865    32.3013       1149     4.7833  0.000e+00
     13.153    13.7189   3.877558    32.2989       1150     4.7875  0.000e+00
     13.134    13.7285   3.878079    32.2957       1151     4.7917  0.000e+00
     13.104    13.7369   3.878568    32.2932       1152     4.7958  0.000e+00
     13.094    13.7441   3.878957    32.2907       1153     4.8000  0.000e+00
     13.080    13.7500   3.879334    32.2892       1154     4.8042  0.000e+00
     13.072    13.7551   3.879578    32.2872       1155     4.8083  0.000e+00
     13.050    13.7597   3.879835    32.2857       1156     4.8125  0.000e+00
     13.036    13.7635   3.879987    32.2840       1157     4.8167  0.000e+00
     13.018    13.7665   3.880152    32.2830       1158     4.8208  0.000e+00
     13.000    13.7689   3.880548    32.2846       1159     4.8250  0.000e+00
     12.981    13.7719   3.881149    32.2877       1160     4.8292  0.000e+00
     12.960    13.7768   3.881902    32.2905       1161     4.8333  0.000e+00
     12.929    13.7833   3.882411    32.2897       1162     4.8375  0.000e+00
     12.898    13.7897   3.882715    32.2872       1163     4.8417  0.000e+00
     12.867    13.7954   3.883058    32.2856       1164     4.8458  0.000e+00
     12.840    13.8001   3.883402    32.2848       1165     4.8500  0.000e+00
     12.806    13.8043   3.883904    32.2859       1166     4.8542  0.000e+00
     12.782    13.8088   3.884393    32.2867       1167     4.8583  0.000e+00
     12.746    13.8140   3.884670    32.2849       1168     4.8625  0.000e+00
     12.711    13.8181   3.884941    32.2840       1169     4.8667  0.000e+00
     12.699    13.8218   3.885159    32.2829       1170     4.8708  0.000e+00
     12.682    13.8251   3.885245    32.2809       1171     4.8750  0.000e+00
     12.668    13.8272   3.885265    32.2794       1172     4.8792  0.000e+00
     12.651    13.8287   3.885331    32.2787       1173     4.8833  0.000e+00
     12.638    13.8298   3.885337    32.2779       1174     4.8875  0.000e+00
     12.622    13.8308   3.885430    32.2778       1175     4.8917  0.000e+00
     12.609    13.8314   3.885377    32.2769       1176     4.8958  0.000e+00
     12.593    13.8318   3.885430    32.2770       1177     4.9000  0.000e+00
     12.578    13.8322   3.885430    32.2767       1178     4.9042  0.000e+00
     12.553    13.8324   3.885377    32.2760       1179     4.9083  0.000e+00
     12.526    13.8323   3.885542    32.2777       1180     4.9125  0.000e+00
     12.500    13.8326   3.885707    32.2790       1181     4.9167  0.000e+00
     12.470    13.8336   3.885707    32.2781       1182     4.9208  0.000e+00
     12.433    13.8344   3.885839    32.2787       1183     4.9250  0.000e+00
     12.401    13.8353   3.886606    32.2850       1184     4.9292  0.000e+00
     12.363    13.8389   3.886949    32.2852       1185     4.9333  0.000e+00
     12.321    13.8434   3.887048    32.2823       1186     4.9375  0.000e+00
     12.281    13.8465   3.886487    32.2746       1187     4.9417  0.000e+00
     12.243    13.8464   3.886302    32.2730       1188     4.9458  0.000e+00
     12.204    13.8448   3.886130    32.2728       1189     4.9500  0.000e+00
     12.166    13.8429   3.886440    32.2772       1190     4.9542  0.000e+00
     12.135    13.8430   3.886718    32.2797       1191     4.9583  0.000e+00
     12.108    13.8446   3.887247    32.2832       1192     4.9625  0.000e+00
     12.070    13.8477   3.887775    32.2856       1193     4.9667  0.000e+00
     12.043    13.8523   3.888284    32.2864       1194     4.9708  0.000e+00
     12.012    13.8578   3.889137    32.2896       1195     4.9750  0.000e+00
     11.985    13.8650   3.889930    32.2910       1196     4.9792  0.000e+00
     11.959    13.8729   3.890499    32.2896       1197     4.9833  0.000e+00
     11.932    13.8806   3.891424    32.2917       1198     4.9875  0.000e+00
     11.910    13.8891   3.892284    32.2925       1199     4.9917  0.000e+00
     11.892    13.8987   3.893315    32.2940       1200     4.9958  0.000e+00
     11.870    13.9093   3.894916    32.2998       1201     5.0000  0.000e+00
     11.861    13.9227   3.896020    32.2987       1202     5.0042  0.000e+00
     11.846    13.9368   3.896695    32.2932       1203     5.0083  0.000e+00
     11.835    13.9491   3.896926    32.2850       1204     5.0125  0.000e+00
     11.833    13.9575   3.896900    32.2777       1205     5.0167  0.000e+00
     11.828    13.9621   3.896840    32.2732       1206     5.0208  0.000e+00
     11.826    13.9646   3.896833    32.2711       1207     5.0250  0.000e+00
     11.820    13.9658   3.896761    32.2694       1208     5.0292  0.000e+00
     11.812    13.9659   3.896602    32.2679       1209     5.0333  0.000e+00
     11.809    13.9657   3.896456    32.2667       1210     5.0375  0.000e+00
     11.792    13.9643   3.896251    32.2660       1211     5.0417  0.000e+00
     11.765    13.9626   3.896417    32.2690       1212     5.0458  0.000e+00
     11.733    13.9621   3.896992    32.2747       1213     5.0500  0.000e+00
     11.698    13.9643   3.897865    32.2810       1214     5.0542  0.000e+00
     11.655    13.9696   3.898818    32.2853       1215     5.0583  0.000e+00
     11.604    13.9775   3.899328    32.2834       1216     5.0625  0.000e+00
     11.546    13.9855   3.900830    32.2905       1217     5.0667  0.000e+00
     11.485    13.9964   3.903358    32.3047       1218     5.0708  0.000e+00
     11.423    14.0145   3.905795    32.3121       1219     5.0750  0.000e+00
     11.358    14.0362   3.907649    32.3109       1220     5.0792  0.000e+00
     11.295    14.0584   3.908669    32.3017       1221     5.0833  0.000e+00
     11.242    14.0777   3.909205    32.2905       1222     5.0875  0.000e+00
     11.201    14.0920   3.909364    32.2800       1223     5.0917  0.000e+00
     11.164    14.1015   3.909854    32.2766       1224     5.0958  0.000e+00
     11.146    14.1087   3.910079    32.2726       1225     5.1000  0.000e+00
     11.119    14.1140   3.910529    32.2723       1226     5.1042  0.000e+00
     11.108    14.1188   3.911039    32.2730       1227     5.1083  0.000e+00
     11.097    14.1242   3.910807    32.2663       1228     5.1125  0.000e+00
     11.095    14.1269   3.910542    32.2616       1229     5.1167  0.000e+00
     11.090    14.1269   3.910668    32.2628       1230     5.1208  0.000e+00
     11.091    14.1274   3.911642    32.2713       1231     5.1250  0.000e+00
     11.077    14.1309   3.911874    32.2705       1232     5.1292  0.000e+00
     11.064    14.1352   3.911689    32.2652       1233     5.1333  0.000e+00
     11.041    14.1371   3.911993    32.2664       1234     5.1375  0.000e+00
     11.021    14.1390   3.912523    32.2697       1235     5.1417  0.000e+00
     10.990    14.1425   3.913319    32.2741       1236     5.1458  0.000e+00
     10.952    14.1480   3.914836    32.2835       1237     5.1500  0.000e+00
     10.912    14.1581   3.917037    32.2952       1238     5.1542  0.000e+00
     10.872    14.1741   3.918641    32.2966       1239     5.1583  0.000e+00
     10.825    14.1921   3.918250    32.2780       1240     5.1625  0.000e+00
