HB2303/sbe142.cnv
* Sea-Bird SBE 19plus V2 Data File:
* FileName = C:\cruise\data\sbe142.hex
* Software Version Seasave V 7.26.7.121
* Temperature SN = 6128
* Conductivity SN = 6128
* System UpLoad Time = Aug 22 2023 03:38:04
* NMEA Latitude = 42 32.80 N
* NMEA Longitude = 070 18.68 W
* NMEA UTC (Time) = Aug 22 2023 03:38:00
** Ship: Henry Bigelow
** Cruise:  HB2303
** Program:  ECOMON
# nquan = 7
# nvalues = 2761                                  
# units = specified
# name 0 = depSM: Depth [salt water, m]
# name 1 = tv290C: Temperature [ITS-90, deg C]
# name 2 = c0S/m: Conductivity [S/m]
# name 3 = sal00: Salinity, Practical [PSU]
# name 4 = scan: Scan Count
# name 5 = timeM: Time, Elapsed [minutes]
# name 6 = flag:  0.000e+00
# span 0 =      0.005,    145.165                 
# span 1 =     7.3731,    19.3212                 
# span 2 =   0.001100,   4.173716                 
# span 3 =     0.0128,    32.8425                 
# span 4 =         11,       2771                 
# span 5 =     0.0417,    11.5417                 
# span 6 = 0.0000e+00, 0.0000e+00                 
# interval = seconds: 0.25
# start_time = Aug 22 2023 03:38:00 [NMEA time, header]
# bad_flag = -9.990e-29
*END*
[from data line 2462]
     23.981     9.1966   3.450465    32.0549       2473    10.3000  0.000e+00
     23.921     9.2021   3.451095    32.0564       2474    10.3042  0.000e+00
     23.865     9.2075   3.451347    32.0543       2475    10.3083  0.000e+00
     23.809     9.2119   3.451441    32.0513       2476    10.3125  0.000e+00
     23.753     9.2153   3.452065    32.0547       2477    10.3167  0.000e+00
     23.695     9.2189   3.452128    32.0521       2478    10.3208  0.000e+00
     23.637     9.2222   3.452330    32.0513       2479    10.3250  0.000e+00
     23.572     9.2244   3.452929    32.0555       2480    10.3292  0.000e+00
     23.498     9.2281   3.453956    32.0628       2481    10.3333  0.000e+00
     23.413     9.2337   3.454965    32.0682       2482    10.3375  0.000e+00
     23.327     9.2409   3.455368    32.0660       2483    10.3417  0.000e+00
     23.228     9.2480   3.456043    32.0666       2484    10.3458  0.000e+00
     23.126     9.2537   3.455746    32.0584       2485    10.3500  0.000e+00
     23.026     9.2570   3.455210    32.0500       2486    10.3542  0.000e+00
     22.918     9.2562   3.455160    32.0502       2487    10.3583  0.000e+00
     22.807     9.2558   3.455809    32.0573       2488    10.3625  0.000e+00
     22.698     9.2571   3.456105    32.0593       2489    10.3667  0.000e+00
     22.596     9.2595   3.456358    32.0598       2490    10.3708  0.000e+00
     22.491     9.2617   3.456339    32.0576       2491    10.3750  0.000e+00
     22.394     9.2637   3.456736    32.0600       2492    10.3792  0.000e+00
     22.301     9.2659   3.455916    32.0496       2493    10.3833  0.000e+00
     22.209     9.2655   3.456275    32.0537       2494    10.3875  0.000e+00
     22.122     9.2660   3.458136    32.0724       2495    10.3917  0.000e+00
     22.037     9.2732   3.458533    32.0700       2496    10.3958  0.000e+00
     21.955     9.2817   3.458911    32.0664       2497    10.4000  0.000e+00
     21.871     9.2885   3.458981    32.0610       2498    10.4042  0.000e+00
     21.801     9.2941   3.459208    32.0583       2499    10.4083  0.000e+00
     21.721     9.2998   3.459668    32.0581       2500    10.4125  0.000e+00
     21.643     9.3063   3.460576    32.0616       2501    10.4167  0.000e+00
     21.565     9.3156   3.461611    32.0639       2502    10.4208  0.000e+00
     21.486     9.3268   3.464779    32.0865       2503    10.4250  0.000e+00
     21.398     9.3460   3.468743    32.1100       2504    10.4292  0.000e+00
     21.319     9.3761   3.471844    32.1149       2505    10.4333  0.000e+00
     21.233     9.4103   3.474030    32.1067       2506    10.4375  0.000e+00
     21.137     9.4423   3.474497    32.0829       2507    10.4417  0.000e+00
     21.044     9.4667   3.473915    32.0551       2508    10.4458  0.000e+00
     20.943     9.4829   3.475065    32.0524       2509    10.4500  0.000e+00
     20.845     9.5002   3.476594    32.0526       2510    10.4542  0.000e+00
     20.740     9.5208   3.477757    32.0461       2511    10.4583  0.000e+00
     20.635     9.5404   3.477333    32.0244       2512    10.4625  0.000e+00
     20.532     9.5542   3.476549    32.0041       2513    10.4667  0.000e+00
     20.427     9.5606   3.476018    31.9930       2514    10.4708  0.000e+00
     20.333     9.5625   3.475323    31.9843       2515    10.4750  0.000e+00
     20.234     9.5622   3.475873    31.9902       2516    10.4792  0.000e+00
     20.138     9.5622   3.475190    31.9833       2517    10.4833  0.000e+00
     20.047     9.5617   3.474091    31.9725       2518    10.4875  0.000e+00
     19.960     9.5593   3.471595    31.9492       2519    10.4917  0.000e+00
     19.872     9.5548   3.470528    31.9423       2520    10.4958  0.000e+00
     19.787     9.5509   3.470067    31.9412       2521    10.5000  0.000e+00
     19.699     9.5474   3.469524    31.9387       2522    10.5042  0.000e+00
     19.616     9.5441   3.469258    31.9390       2523    10.5083  0.000e+00
     19.536     9.5416   3.469113    31.9397       2524    10.5125  0.000e+00
     19.462     9.5399   3.468880    31.9389       2525    10.5167  0.000e+00
     19.382     9.5387   3.468873    31.9400       2526    10.5208  0.000e+00
     19.299     9.5378   3.468772    31.9397       2527    10.5250  0.000e+00
     19.225     9.5373   3.468393    31.9364       2528    10.5292  0.000e+00
     19.141     9.5362   3.467781    31.9311       2529    10.5333  0.000e+00
     19.063     9.5341   3.467314    31.9283       2530    10.5375  0.000e+00
     18.979     9.5313   3.466701    31.9245       2531    10.5417  0.000e+00
     18.893     9.5277   3.466108    31.9217       2532    10.5458  0.000e+00
     18.808     9.5238   3.465382    31.9178       2533    10.5500  0.000e+00
     18.723     9.5216   3.465729    31.9233       2534    10.5542  0.000e+00
     18.638     9.5247   3.466385    31.9273       2535    10.5583  0.000e+00
     18.549     9.5318   3.468608    31.9437       2536    10.5625  0.000e+00
     18.464     9.5464   3.470913    31.9544       2537    10.5667  0.000e+00
     18.375     9.5700   3.472245    31.9470       2538    10.5708  0.000e+00
     18.290     9.5945   3.474027    31.9434       2539    10.5750  0.000e+00
     18.203     9.6185   3.478097    31.9636       2540    10.5792  0.000e+00
     18.118     9.6535   3.484920    32.0021       2541    10.5833  0.000e+00
     18.035     9.7059   3.488095    31.9878       2542    10.5875  0.000e+00
     17.958     9.7571   3.490696    31.9689       2543    10.5917  0.000e+00
     17.877     9.7993   3.493957    31.9646       2544    10.5958  0.000e+00
     17.803     9.8364   3.495001    31.9423       2545    10.6000  0.000e+00
     17.723     9.8643   3.495577    31.9235       2546    10.6042  0.000e+00
     17.643     9.8827   3.497135    31.9231       2547    10.6083  0.000e+00
     17.565     9.8989   3.501102    31.9489       2548    10.6125  0.000e+00
     17.481     9.9237   3.505184    31.9683       2549    10.6167  0.000e+00
     17.394     9.9575   3.509230    31.9795       2550    10.6208  0.000e+00
     17.307     9.9965   3.518065    32.0343       2551    10.6250  0.000e+00
     17.206    10.0499   3.522930    32.0362       2552    10.6292  0.000e+00
     17.108    10.1100   3.528115    32.0354       2553    10.6333  0.000e+00
     16.999    10.1697   3.530028    32.0019       2554    10.6375  0.000e+00
     16.892    10.2210   3.531083    31.9673       2555    10.6417  0.000e+00
     16.775    10.2580   3.531884    31.9428       2556    10.6458  0.000e+00
     16.655    10.2848   3.534237    31.9429       2557    10.6500  0.000e+00
     16.530    10.3103   3.539455    31.9729       2558    10.6542  0.000e+00
     16.411    10.3484   3.546249    32.0076       2559    10.6583  0.000e+00
     16.290    10.4042   3.548918    31.9852       2560    10.6625  0.000e+00
     16.174    10.4554   3.551702    31.9682       2561    10.6667  0.000e+00
     16.062    10.4968   3.555476    31.9695       2562    10.6708  0.000e+00
     15.961    10.5362   3.560483    31.9850       2563    10.6750  0.000e+00
     15.871    10.5795   3.564981    31.9919       2564    10.6792  0.000e+00
     15.788    10.6260   3.567407    31.9754       2565    10.6833  0.000e+00
     15.708    10.6663   3.570274    31.9687       2566    10.6875  0.000e+00
     15.645    10.7032   3.572682    31.9604       2567    10.6917  0.000e+00
     15.588    10.7368   3.574586    31.9499       2568    10.6958  0.000e+00
     15.532    10.7668   3.578363    31.9612       2569    10.7000  0.000e+00
     15.479    10.8006   3.580536    31.9533       2570    10.7042  0.000e+00
     15.429    10.8337   3.581898    31.9380       2571    10.7083  0.000e+00
     15.372    10.8604   3.582621    31.9218       2572    10.7125  0.000e+00
     15.325    10.8804   3.583145    31.9096       2573    10.7167  0.000e+00
     15.260    10.8952   3.583432    31.8996       2574    10.7208  0.000e+00
     15.194    10.9052   3.583611    31.8927       2575    10.7250  0.000e+00
     15.124    10.9123   3.583611    31.8866       2576    10.7292  0.000e+00
     15.038    10.9168   3.583739    31.8840       2577    10.7333  0.000e+00
     14.945    10.9207   3.584244    31.8856       2578    10.7375  0.000e+00
     14.846    10.9272   3.584705    31.8846       2579    10.7417  0.000e+00
     14.743    10.9362   3.584794    31.8776       2580    10.7458  0.000e+00
     14.646    10.9430   3.584532    31.8692       2581    10.7500  0.000e+00
     14.530    10.9453   3.584468    31.8666       2582    10.7542  0.000e+00
     14.419    10.9438   3.584353    31.8668       2583    10.7583  0.000e+00
     14.311    10.9418   3.585760    31.8825       2584    10.7625  0.000e+00
     14.199    10.9465   3.586688    31.8877       2585    10.7667  0.000e+00
     14.088    10.9601   3.593653    31.9446       2586    10.7708  0.000e+00
     13.978    11.0011   3.596080    31.9330       2587    10.7750  0.000e+00
     13.866    11.0488   3.599481    31.9251       2588    10.7792  0.000e+00
     13.765    11.0959   3.603903    31.9278       2589    10.7833  0.000e+00
     13.667    11.1498   3.610618    31.9471       2590    10.7875  0.000e+00
     13.579    11.2140   3.613325    31.9181       2591    10.7917  0.000e+00
     13.492    11.2690   3.614030    31.8774       2592    10.7958  0.000e+00
     13.406    11.3074   3.617034    31.8737       2593    10.8000  0.000e+00
     13.328    11.3411   3.620142    31.8751       2594    10.8042  0.000e+00
     13.262    11.3756   3.620745    31.8513       2595    10.8083  0.000e+00
     13.194    11.4018   3.620385    31.8252       2596    10.8125  0.000e+00
     13.132    11.4198   3.621168    31.8174       2597    10.8167  0.000e+00
     13.075    11.4344   3.625119    31.8434       2598    10.8208  0.000e+00
     13.013    11.4593   3.630126    31.8708       2599    10.8250  0.000e+00
     12.941    11.5015   3.634615    31.8783       2600    10.8292  0.000e+00
     12.874    11.5526   3.636699    31.8547       2601    10.8333  0.000e+00
     12.805    11.5986   3.637882    31.8267       2602    10.8375  0.000e+00
     12.735    11.6330   3.637477    31.7933       2603    10.8417  0.000e+00
     12.650    11.6541   3.637167    31.7722       2604    10.8458  0.000e+00
     12.563    11.6651   3.636652    31.7578       2605    10.8500  0.000e+00
     12.474    11.6698   3.636112    31.7486       2606    10.8542  0.000e+00
     12.375    11.6708   3.635707    31.7439       2607    10.8583  0.000e+00
     12.279    11.6706   3.636292    31.7497       2608    10.8625  0.000e+00
     12.178    11.6730   3.636337    31.7482       2609    10.8667  0.000e+00
     12.068    11.6766   3.636717    31.7488       2610    10.8708  0.000e+00
     11.954    11.6825   3.638911    31.7652       2611    10.8750  0.000e+00
     11.838    11.6962   3.642760    31.7908       2612    10.8792  0.000e+00
     11.716    11.7243   3.651405    31.8506       2613    10.8833  0.000e+00
     11.600    11.7780   3.660992    31.8975       2614    10.8875  0.000e+00
     11.477    11.8594   3.671158    31.9261       2615    10.8917  0.000e+00
     11.356    11.9619   3.677024    31.8950       2616    10.8958  0.000e+00
     11.235    12.0617   3.683669    31.8738       2617    10.9000  0.000e+00
     11.125    12.1611   3.698166    31.9283       2618    10.9042  0.000e+00
     11.011    12.2983   3.714302    31.9660       2619    10.9083  0.000e+00
     10.903    12.4890   3.720518    31.8632       2620    10.9125  0.000e+00
     10.802    12.6574   3.744019    31.9440       2621    10.9167  0.000e+00
     10.704    12.8851   3.784269    32.1321       2622    10.9208  0.000e+00
     10.611    13.2551   3.807772    32.0402       2623    10.9250  0.000e+00
     10.530    13.6461   3.829132    31.9117       2624    10.9292  0.000e+00
     10.458    14.0166   3.835994    31.6682       2625    10.9333  0.000e+00
     10.395    14.2900   3.846541    31.5409       2626    10.9375  0.000e+00
     10.340    14.4994   3.864423    31.5332       2627    10.9417  0.000e+00
     10.285    14.7224   3.877894    31.4744       2628    10.9458  0.000e+00
     10.231    14.9448   3.886056    31.3688       2629    10.9500  0.000e+00
     10.186    15.1318   3.892935    31.2807       2630    10.9542  0.000e+00
     10.133    15.2830   3.898404    31.2091       2631    10.9583  0.000e+00
     10.075    15.4037   3.902599    31.1507       2632    10.9625  0.000e+00
     10.020    15.4979   3.907166    31.1168       2633    10.9667  0.000e+00
      9.952    15.5757   3.912690    31.1043       2634    10.9708  0.000e+00
      9.883    15.6511   3.918801    31.0990       2635    10.9750  0.000e+00
      9.800    15.7336   3.923609    31.0765       2636    10.9792  0.000e+00
      9.717    15.8132   3.929488    31.0658       2637    10.9833  0.000e+00
      9.619    15.8951   3.939057    31.0858       2638    10.9875  0.000e+00
      9.515    15.9952   3.945038    31.0599       2639    10.9917  0.000e+00
      9.399    16.0959   3.947524    31.0030       2640    10.9958  0.000e+00
      9.282    16.1731   3.948793    30.9541       2641    11.0000  0.000e+00
      9.157    16.2284   3.953776    30.9546       2642    11.0042  0.000e+00
      9.034    16.2833   3.956484    30.9356       2643    11.0083  0.000e+00
      8.922    16.3374   3.958960    30.9152       2644    11.0125  0.000e+00
      8.805    16.3828   3.959925    30.8885       2645    11.0167  0.000e+00
      8.694    16.4159   3.960111    30.8646       2646    11.0208  0.000e+00
      8.591    16.4365   3.960350    30.8508       2647    11.0250  0.000e+00
      8.494    16.4486   3.960510    30.8429       2648    11.0292  0.000e+00
      8.403    16.4555   3.961549    30.8466       2649    11.0333  0.000e+00
      8.320    16.4651   3.962774    30.8499       2650    11.0375  0.000e+00
      8.235    16.4782   3.963154    30.8431       2651    11.0417  0.000e+00
      8.155    16.4887   3.963293    30.8362       2652    11.0458  0.000e+00
      8.083    16.4954   3.963533    30.8331       2653    11.0500  0.000e+00
      8.010    16.5004   3.963693    30.8307       2654    11.0542  0.000e+00
      7.940    16.5037   3.963793    30.8290       2655    11.0583  0.000e+00
      7.865    16.5057   3.963886    30.8283       2656    11.0625  0.000e+00
      7.800    16.5072   3.963979    30.8280       2657    11.0667  0.000e+00
      7.728    16.5084   3.964192    30.8289       2658    11.0708  0.000e+00
      7.661    16.5104   3.964332    30.8287       2659    11.0750  0.000e+00
      7.589    16.5116   3.964545    30.8296       2660    11.0792  0.000e+00
      7.521    16.5138   3.964592    30.8283       2661    11.0833  0.000e+00
      7.447    16.5154   3.964425    30.8256       2662    11.0875  0.000e+00
      7.366    16.5151   3.964459    30.8262       2663    11.0917  0.000e+00
      7.294    16.5146   3.964712    30.8288       2664    11.0958  0.000e+00
      7.217    16.5153   3.965018    30.8310       2665    11.1000  0.000e+00
      7.135    16.5173   3.964945    30.8288       2666    11.1042  0.000e+00
      7.045    16.5197   3.965018    30.8276       2667    11.1083  0.000e+00
      6.964    16.5203   3.965138    30.8282       2668    11.1125  0.000e+00
      6.876    16.5209   3.965278    30.8290       2669    11.1167  0.000e+00
      6.788    16.5223   3.965251    30.8278       2670    11.1208  0.000e+00
      6.697    16.5229   3.965131    30.8263       2671    11.1250  0.000e+00
      6.608    16.5223   3.965091    30.8264       2672    11.1292  0.000e+00
      6.522    16.5215   3.965491    30.8305       2673    11.1333  0.000e+00
      6.437    16.5227   3.965937    30.8335       2674    11.1375  0.000e+00
      6.346    16.5269   3.966030    30.8311       2675    11.1417  0.000e+00
      6.265    16.5305   3.966130    30.8292       2676    11.1458  0.000e+00
