HB2303/sbe114.cnv
* Sea-Bird SBE 19plus V2 Data File:
* FileName = C:\cruise\data\sbe114.hex
* Software Version Seasave V 7.26.7.121
* Temperature SN = 6128
* Conductivity SN = 6128
* System UpLoad Time = Aug 19 2023 10:42:31
* NMEA Latitude = 42 22.27 N
* NMEA Longitude = 067 02.10 W
* NMEA UTC (Time) = Aug 19 2023 10:42:26
** Ship: Henry Bigelow
** Cruise:  HB2303
** Program:  ECOMON
# nquan = 7
# nvalues = 4916                                  
# units = specified
# name 0 = depSM: Depth [salt water, m]
# name 1 = tv290C: Temperature [ITS-90, deg C]
# name 2 = c0S/m: Conductivity [S/m]
# name 3 = sal00: Salinity, Practical [PSU]
# name 4 = scan: Scan Count
# name 5 = timeM: Time, Elapsed [minutes]
# name 6 = flag:  0.000e+00
# span 0 =     -0.006,    200.610                 
# span 1 =     7.8528,    18.2745                 
# span 2 =   0.001243,   4.171239                 
# span 3 =     0.0134,    35.0063                 
# span 4 =         11,       4926                 
# span 5 =     0.0417,    20.5208                 
# span 6 = 0.0000e+00, 0.0000e+00                 
# interval = seconds: 0.25
# start_time = Aug 19 2023 10:42:26 [NMEA time, header]
# bad_flag = -9.990e-29
*END*
[from data line 2462]
    107.193     8.4182   3.551559    33.7955       2473    10.3000  0.000e+00
    107.039     8.4171   3.551260    33.7935       2474    10.3042  0.000e+00
    106.873     8.4154   3.551342    33.7961       2475    10.3083  0.000e+00
    106.712     8.4143   3.551406    33.7979       2476    10.3125  0.000e+00
    106.550     8.4141   3.551342    33.7975       2477    10.3167  0.000e+00
    106.367     8.4137   3.551279    33.7973       2478    10.3208  0.000e+00
    106.199     8.4135   3.551062    33.7952       2479    10.3250  0.000e+00
    106.018     8.4126   3.550883    33.7943       2480    10.3292  0.000e+00
    105.862     8.4120   3.550737    33.7934       2481    10.3333  0.000e+00
    105.712     8.4109   3.550494    33.7920       2482    10.3375  0.000e+00
    105.580     8.4098   3.550341    33.7915       2483    10.3417  0.000e+00
    105.441     8.4085   3.550169    33.7910       2484    10.3458  0.000e+00
    105.327     8.4073   3.550016    33.7906       2485    10.3500  0.000e+00
    105.219     8.4062   3.549341    33.7845       2486    10.3542  0.000e+00
    105.123     8.4041   3.548525    33.7779       2487    10.3583  0.000e+00
    105.042     8.4004   3.548474    33.7810       2488    10.3625  0.000e+00
    104.965     8.3975   3.547933    33.7781       2489    10.3667  0.000e+00
    104.890     8.3948   3.547735    33.7786       2490    10.3708  0.000e+00
    104.825     8.3920   3.546907    33.7725       2491    10.3750  0.000e+00
    104.762     8.3889   3.545582    33.7615       2492    10.3792  0.000e+00
    104.705     8.3830   3.541156    33.7203       2493    10.3833  0.000e+00
    104.644     8.3704   3.542894    33.7509       2494    10.3875  0.000e+00
    104.586     8.3624   3.541850    33.7475       2495    10.3917  0.000e+00
    104.517     8.3569   3.541048    33.7443       2496    10.3958  0.000e+00
    104.456     8.3524   3.540800    33.7460       2497    10.4000  0.000e+00
    104.387     8.3483   3.539902    33.7405       2498    10.4042  0.000e+00
    104.317     8.3438   3.539794    33.7436       2499    10.4083  0.000e+00
    104.240     8.3404   3.539183    33.7405       2500    10.4125  0.000e+00
    104.160     8.3372   3.539533    33.7473       2501    10.4167  0.000e+00
    104.069     8.3356   3.539552    33.7491       2502    10.4208  0.000e+00
    103.968     8.3352   3.539055    33.7442       2503    10.4250  0.000e+00
    103.870     8.3338   3.538705    33.7419       2504    10.4292  0.000e+00
    103.762     8.3322   3.537903    33.7350       2505    10.4333  0.000e+00
    103.646     8.3292   3.535441    33.7119       2506    10.4375  0.000e+00
    103.525     8.3214   3.531891    33.6817       2507    10.4417  0.000e+00
    103.409     8.3077   3.529799    33.6727       2508    10.4458  0.000e+00
    103.283     8.2929   3.530810    33.6977       2509    10.4500  0.000e+00
    103.165     8.2847   3.529386    33.6905       2510    10.4542  0.000e+00
    103.036     8.2777   3.527682    33.6791       2511    10.4583  0.000e+00
    102.908     8.2697   3.526640    33.6758       2512    10.4625  0.000e+00
    102.781     8.2618   3.525998    33.6766       2513    10.4667  0.000e+00
    102.653     8.2548   3.525006    33.6729       2514    10.4708  0.000e+00
    102.533     8.2486   3.525222    33.6811       2515    10.4750  0.000e+00
    102.398     8.2439   3.521645    33.6477       2516    10.4792  0.000e+00
    102.277     8.2354   3.519403    33.6321       2517    10.4833  0.000e+00
    102.151     8.2224   3.519905    33.6499       2518    10.4875  0.000e+00
    102.021     8.2147   3.521150    33.6706       2519    10.4917  0.000e+00
    101.896     8.2130   3.520972    33.6704       2520    10.4958  0.000e+00
    101.762     8.2131   3.521645    33.6775       2521    10.5000  0.000e+00
    101.633     8.2144   3.522547    33.6860       2522    10.5042  0.000e+00
    101.510     8.2175   3.522935    33.6871       2523    10.5083  0.000e+00
    101.372     8.2210   3.522490    33.6791       2524    10.5125  0.000e+00
    101.249     8.2219   3.521791    33.6709       2525    10.5167  0.000e+00
    101.115     8.2209   3.522331    33.6776       2526    10.5208  0.000e+00
    100.998     8.2207   3.519962    33.6527       2527    10.5250  0.000e+00
    100.875     8.2161   3.519574    33.6530       2528    10.5292  0.000e+00
    100.762     8.2114   3.519835    33.6604       2529    10.5333  0.000e+00
    100.648     8.2086   3.520025    33.6651       2530    10.5375  0.000e+00
    100.540     8.2077   3.520222    33.6681       2531    10.5417  0.000e+00
    100.437     8.2076   3.518539    33.6504       2532    10.5458  0.000e+00
    100.335     8.2045   3.516780    33.6347       2533    10.5500  0.000e+00
    100.246     8.1978   3.515834    33.6311       2534    10.5542  0.000e+00
    100.161     8.1910   3.515402    33.6331       2535    10.5583  0.000e+00
    100.077     8.1855   3.513968    33.6231       2536    10.5625  0.000e+00
    100.005     8.1793   3.513251    33.6215       2537    10.5667  0.000e+00
     99.936     8.1735   3.513384    33.6285       2538    10.5708  0.000e+00
     99.862     8.1699   3.513213    33.6301       2539    10.5750  0.000e+00
     99.792     8.1676   3.512178    33.6214       2540    10.5792  0.000e+00
     99.723     8.1648   3.512134    33.6237       2541    10.5833  0.000e+00
     99.642     8.1620   3.511664    33.6213       2542    10.5875  0.000e+00
     99.560     8.1600   3.512502    33.6322       2543    10.5917  0.000e+00
     99.473     8.1600   3.513384    33.6417       2544    10.5958  0.000e+00
     99.380     8.1620   3.514088    33.6472       2545    10.6000  0.000e+00
     99.288     8.1652   3.514971    33.6537       2546    10.6042  0.000e+00
     99.194     8.1690   3.515307    33.6536       2547    10.6083  0.000e+00
     99.096     8.1728   3.514996    33.6467       2548    10.6125  0.000e+00
     98.998     8.1748   3.514431    33.6389       2549    10.6167  0.000e+00
     98.898     8.1742   3.513104    33.6253       2550    10.6208  0.000e+00
     98.793     8.1707   3.512565    33.6230       2551    10.6250  0.000e+00
     98.681     8.1670   3.512476    33.6257       2552    10.6292  0.000e+00
     98.573     8.1643   3.511594    33.6189       2553    10.6333  0.000e+00
     98.464     8.1611   3.511708    33.6232       2554    10.6375  0.000e+00
     98.334     8.1587   3.511664    33.6251       2555    10.6417  0.000e+00
     98.224     8.1574   3.511296    33.6224       2556    10.6458  0.000e+00
     98.104     8.1562   3.511772    33.6288       2557    10.6500  0.000e+00
     97.976     8.1560   3.511505    33.6262       2558    10.6542  0.000e+00
     97.848     8.1556   3.511683    33.6285       2559    10.6583  0.000e+00
     97.714     8.1556   3.511664    33.6284       2560    10.6625  0.000e+00
     97.590     8.1559   3.512476    33.6368       2561    10.6667  0.000e+00
     97.456     8.1574   3.511727    33.6274       2562    10.6708  0.000e+00
     97.334     8.1576   3.510648    33.6159       2563    10.6750  0.000e+00
     97.203     8.1557   3.509773    33.6084       2564    10.6792  0.000e+00
     97.081     8.1526   3.509665    33.6103       2565    10.6833  0.000e+00
     96.958     8.1504   3.509836    33.6143       2566    10.6875  0.000e+00
     96.837     8.1493   3.509988    33.6170       2567    10.6917  0.000e+00
     96.718     8.1491   3.510014    33.6175       2568    10.6958  0.000e+00
     96.593     8.1490   3.510737    33.6253       2569    10.7000  0.000e+00
     96.466     8.1504   3.510527    33.6219       2570    10.7042  0.000e+00
     96.351     8.1509   3.507907    33.5935       2571    10.7083  0.000e+00
     96.235     8.1472   3.505891    33.5757       2572    10.7125  0.000e+00
     96.128     8.1396   3.505853    33.5826       2573    10.7167  0.000e+00
     96.016     8.1340   3.506785    33.5979       2574    10.7208  0.000e+00
     95.907     8.1323   3.506943    33.6013       2575    10.7250  0.000e+00
     95.808     8.1323   3.506988    33.6018       2576    10.7292  0.000e+00
     95.704     8.1327   3.507413    33.6060       2577    10.7333  0.000e+00
     95.614     8.1337   3.505764    33.5876       2578    10.7375  0.000e+00
     95.521     8.1321   3.504984    33.5808       2579    10.7417  0.000e+00
     95.433     8.1287   3.504521    33.5791       2580    10.7458  0.000e+00
     95.359     8.1255   3.504369    33.5807       2581    10.7500  0.000e+00
     95.272     8.1234   3.504457    33.5837       2582    10.7542  0.000e+00
     95.196     8.1224   3.505364    33.5943       2583    10.7583  0.000e+00
     95.124     8.1228   3.505402    33.5943       2584    10.7625  0.000e+00
     95.055     8.1241   3.506150    33.6011       2585    10.7667  0.000e+00
     94.989     8.1258   3.505504    33.5926       2586    10.7708  0.000e+00
     94.925     8.1266   3.504476    33.5810       2587    10.7750  0.000e+00
     94.865     8.1253   3.504349    33.5809       2588    10.7792  0.000e+00
     94.803     8.1248   3.504476    33.5827       2589    10.7833  0.000e+00
     94.733     8.1246   3.505719    33.5962       2590    10.7875  0.000e+00
     94.671     8.1257   3.506664    33.6052       2591    10.7917  0.000e+00
     94.603     8.1285   3.506899    33.6051       2592    10.7958  0.000e+00
     94.530     8.1307   3.506131    33.5948       2593    10.8000  0.000e+00
     94.449     8.1308   3.505744    33.5907       2594    10.8042  0.000e+00
     94.355     8.1306   3.505059    33.5836       2595    10.8083  0.000e+00
     94.250     8.1308   3.504990    33.5827       2596    10.8125  0.000e+00
     94.138     8.1324   3.505123    33.5826       2597    10.8167  0.000e+00
     94.026     8.1343   3.505186    33.5815       2598    10.8208  0.000e+00
     93.909     8.1360   3.505161    33.5798       2599    10.8250  0.000e+00
     93.780     8.1377   3.506124    33.5884       2600    10.8292  0.000e+00
     93.648     8.1420   3.506644    33.5899       2601    10.8333  0.000e+00
     93.510     8.1477   3.504862    33.5656       2602    10.8375  0.000e+00
     93.383     8.1480   3.504032    33.5564       2603    10.8417  0.000e+00
     93.246     8.1450   3.503708    33.5559       2604    10.8458  0.000e+00
     93.118     8.1415   3.503258    33.5546       2605    10.8500  0.000e+00
     93.001     8.1383   3.503087    33.5559       2606    10.8542  0.000e+00
     92.878     8.1360   3.503087    33.5581       2607    10.8583  0.000e+00
     92.757     8.1347   3.503062    33.5591       2608    10.8625  0.000e+00
     92.647     8.1338   3.503062    33.5600       2609    10.8667  0.000e+00
     92.542     8.1337   3.503125    33.5609       2610    10.8708  0.000e+00
     92.430     8.1338   3.503258    33.5623       2611    10.8750  0.000e+00
     92.332     8.1346   3.503277    33.5617       2612    10.8792  0.000e+00
     92.231     8.1352   3.503087    33.5592       2613    10.8833  0.000e+00
     92.131     8.1353   3.503277    33.5612       2614    10.8875  0.000e+00
     92.050     8.1356   3.503214    33.5602       2615    10.8917  0.000e+00
     91.961     8.1359   3.503194    33.5598       2616    10.8958  0.000e+00
     91.882     8.1360   3.503194    33.5598       2617    10.9000  0.000e+00
     91.798     8.1360   3.503156    33.5594       2618    10.9042  0.000e+00
     91.731     8.1359   3.503169    33.5596       2619    10.9083  0.000e+00
     91.664     8.1359   3.503232    33.5603       2620    10.9125  0.000e+00
     91.599     8.1361   3.503277    33.5606       2621    10.9167  0.000e+00
     91.527     8.1366   3.503334    33.5609       2622    10.9208  0.000e+00
     91.476     8.1371   3.503384    33.5609       2623    10.9250  0.000e+00
     91.400     8.1374   3.503340    33.5602       2624    10.9292  0.000e+00
     91.339     8.1375   3.503061    33.5572       2625    10.9333  0.000e+00
     91.261     8.1368   3.503194    33.5592       2626    10.9375  0.000e+00
     91.182     8.1363   3.503017    33.5579       2627    10.9417  0.000e+00
     91.096     8.1359   3.503169    33.5599       2628    10.9458  0.000e+00
     91.011     8.1360   3.503213    33.5603       2629    10.9500  0.000e+00
     90.926     8.1363   3.503086    33.5588       2630    10.9542  0.000e+00
     90.830     8.1361   3.503105    33.5592       2631    10.9583  0.000e+00
     90.736     8.1361   3.503245    33.5607       2632    10.9625  0.000e+00
     90.649     8.1367   3.503213    33.5598       2633    10.9667  0.000e+00
     90.560     8.1368   3.503023    33.5577       2634    10.9708  0.000e+00
     90.462     8.1367   3.503061    33.5583       2635    10.9750  0.000e+00
     90.377     8.1370   3.503194    33.5595       2636    10.9792  0.000e+00
     90.276     8.1379   3.503289    33.5597       2637    10.9833  0.000e+00
     90.200     8.1387   3.503213    33.5581       2638    10.9875  0.000e+00
     90.102     8.1394   3.503124    33.5566       2639    10.9917  0.000e+00
     90.006     8.1400   3.501907    33.5431       2640    10.9958  0.000e+00
     89.914     8.1389   3.500741    33.5318       2641    11.0000  0.000e+00
     89.825     8.1358   3.500069    33.5276       2642    11.0042  0.000e+00
     89.739     8.1321   3.499575    33.5260       2643    11.0083  0.000e+00
     89.647     8.1284   3.499213    33.5257       2644    11.0125  0.000e+00
     89.570     8.1256   3.498890    33.5249       2645    11.0167  0.000e+00
     89.480     8.1230   3.497819    33.5161       2646    11.0208  0.000e+00
     89.408     8.1189   3.495811    33.4986       2647    11.0250  0.000e+00
     89.340     8.1106   3.493595    33.4830       2648    11.0292  0.000e+00
     89.257     8.0990   3.492740    33.4850       2649    11.0333  0.000e+00
     89.194     8.0878   3.492962    33.4982       2650    11.0375  0.000e+00
     89.116     8.0815   3.493253    33.5073       2651    11.0417  0.000e+00
     89.040     8.0796   3.494254    33.5198       2652    11.0458  0.000e+00
     88.950     8.0818   3.494659    33.5221       2653    11.0500  0.000e+00
     88.859     8.0859   3.496242    33.5350       2654    11.0542  0.000e+00
     88.769     8.0935   3.497097    33.5369       2655    11.0583  0.000e+00
     88.679     8.1026   3.497845    33.5362       2656    11.0625  0.000e+00
     88.588     8.1113   3.498123    33.5310       2657    11.0667  0.000e+00
     88.489     8.1186   3.498465    33.5277       2658    11.0708  0.000e+00
     88.393     8.1244   3.498674    33.5244       2659    11.0750  0.000e+00
     88.303     8.1288   3.498573    33.5191       2660    11.0792  0.000e+00
     88.195     8.1317   3.498592    33.5166       2661    11.0833  0.000e+00
     88.099     8.1339   3.498763    33.5164       2662    11.0875  0.000e+00
     88.003     8.1360   3.498915    33.5161       2663    11.0917  0.000e+00
     87.923     8.1381   3.498985    33.5148       2664    11.0958  0.000e+00
     87.836     8.1401   3.499042    33.5135       2665    11.1000  0.000e+00
     87.757     8.1418   3.499105    33.5126       2666    11.1042  0.000e+00
     87.688     8.1431   3.499232    33.5127       2667    11.1083  0.000e+00
     87.625     8.1447   3.499384    33.5128       2668    11.1125  0.000e+00
     87.556     8.1463   3.499460    33.5122       2669    11.1167  0.000e+00
     87.508     8.1475   3.499447    33.5109       2670    11.1208  0.000e+00
     87.463     8.1487   3.499700    33.5125       2671    11.1250  0.000e+00
     87.409     8.1502   3.499935    33.5136       2672    11.1292  0.000e+00
     87.366     8.1526   3.500068    33.5127       2673    11.1333  0.000e+00
     87.324     8.1546   3.500087    33.5111       2674    11.1375  0.000e+00
     87.279     8.1559   3.500150    33.5105       2675    11.1417  0.000e+00
     87.231     8.1569   3.500131    33.5093       2676    11.1458  0.000e+00
