HB2303/sbe177.cnv
* Sea-Bird SBE 19plus V2 Data File:
* FileName = C:\cruise\data\sbe177.hex
* Software Version Seasave V 7.26.7.121
* Temperature SN = 6128
* Conductivity SN = 6128
* System UpLoad Time = Aug 24 2023 21:32:02
* NMEA Latitude = 40 48.08 N
* NMEA Longitude = 069 25.32 W
* NMEA UTC (Time) = Aug 24 2023 21:31:58
** Ship: Henry Bigelow
** Cruise:  HB2303
** Program:  ECOMON
# nquan = 7
# nvalues = 1341                                  
# units = specified
# name 0 = depSM: Depth [salt water, m]
# name 1 = tv290C: Temperature [ITS-90, deg C]
# name 2 = c0S/m: Conductivity [S/m]
# name 3 = sal00: Salinity, Practical [PSU]
# name 4 = scan: Scan Count
# name 5 = timeM: Time, Elapsed [minutes]
# name 6 = flag:  0.000e+00
# span 0 =     -0.075,     47.687                 
# span 1 =    14.2219,    18.1840                 
# span 2 =   0.002158,   4.218797                 
# span 3 =     0.0175,    33.1445                 
# span 4 =         11,       1351                 
# span 5 =     0.0417,     5.6250                 
# span 6 = 0.0000e+00, 0.0000e+00                 
# interval = seconds: 0.25
# start_time = Aug 24 2023 21:31:58 [NMEA time, header]
# bad_flag = -9.990e-29
*END*
[from data line 1026]
     11.829    14.3220   3.913807    32.1286       1037     4.3167  0.000e+00
     11.766    14.3270   3.914032    32.1265       1038     4.3208  0.000e+00
     11.699    14.3304   3.914079    32.1241       1039     4.3250  0.000e+00
     11.624    14.3331   3.914569    32.1264       1040     4.3292  0.000e+00
     11.551    14.3362   3.914715    32.1252       1041     4.3333  0.000e+00
     11.476    14.3395   3.914874    32.1239       1042     4.3375  0.000e+00
     11.404    14.3423   3.915729    32.1295       1043     4.3417  0.000e+00
     11.334    14.3468   3.915384    32.1226       1044     4.3458  0.000e+00
     11.261    14.3494   3.915053    32.1174       1045     4.3500  0.000e+00
     11.202    14.3489   3.914986    32.1173       1046     4.3542  0.000e+00
     11.146    14.3480   3.914310    32.1118       1047     4.3583  0.000e+00
     11.093    14.3455   3.915543    32.1253       1048     4.3625  0.000e+00
     11.055    14.3472   3.918712    32.1528       1049     4.3667  0.000e+00
     11.023    14.3614   3.918546    32.1395       1050     4.3708  0.000e+00
     11.001    14.3736   3.918990    32.1334       1051     4.3750  0.000e+00
     10.985    14.3818   3.917757    32.1153       1052     4.3792  0.000e+00
     10.978    14.3821   3.916451    32.1032       1053     4.3833  0.000e+00
     10.976    14.3758   3.917054    32.1139       1054     4.3875  0.000e+00
     10.983    14.3715   3.914542    32.0945       1055     4.3917  0.000e+00
     10.987    14.3611   3.912918    32.0884       1056     4.3958  0.000e+00
     10.981    14.3457   3.912408    32.0965       1057     4.4000  0.000e+00
     10.980    14.3333   3.912587    32.1084       1058     4.4042  0.000e+00
     10.974    14.3262   3.912640    32.1147       1059     4.4083  0.000e+00
     10.964    14.3233   3.912687    32.1176       1060     4.4125  0.000e+00
     10.947    14.3221   3.914032    32.1309       1061     4.4167  0.000e+00
     10.924    14.3254   3.914178    32.1295       1062     4.4208  0.000e+00
     10.891    14.3326   3.919435    32.1716       1063     4.4250  0.000e+00
     10.855    14.3560   3.921086    32.1673       1064     4.4292  0.000e+00
     10.815    14.3806   3.920529    32.1417       1065     4.4333  0.000e+00
     10.773    14.3953   3.919965    32.1244       1066     4.4375  0.000e+00
     10.732    14.4003   3.920409    32.1243       1067     4.4417  0.000e+00
     10.681    14.4039   3.920827    32.1251       1068     4.4458  0.000e+00
     10.627    14.4076   3.921178    32.1253       1069     4.4500  0.000e+00
     10.578    14.4115   3.921039    32.1209       1070     4.4542  0.000e+00
     10.529    14.4135   3.921311    32.1216       1071     4.4583  0.000e+00
     10.480    14.4154   3.920807    32.1155       1072     4.4625  0.000e+00
     10.428    14.4151   3.920150    32.1098       1073     4.4667  0.000e+00
     10.377    14.4117   3.919248    32.1044       1074     4.4708  0.000e+00
     10.334    14.4056   3.918181    32.0997       1075     4.4750  0.000e+00
     10.285    14.3966   3.917405    32.1001       1076     4.4792  0.000e+00
     10.242    14.3876   3.917200    32.1057       1077     4.4833  0.000e+00
     10.195    14.3807   3.917127    32.1108       1078     4.4875  0.000e+00
     10.150    14.3766   3.918101    32.1232       1079     4.4917  0.000e+00
     10.104    14.3778   3.919401    32.1340       1080     4.4958  0.000e+00
     10.063    14.3849   3.919686    32.1308       1081     4.5000  0.000e+00
     10.019    14.3916   3.919872    32.1269       1082     4.5042  0.000e+00
      9.983    14.3964   3.919872    32.1229       1083     4.5083  0.000e+00
      9.942    14.3993   3.919792    32.1198       1084     4.5125  0.000e+00
      9.907    14.4004   3.919268    32.1141       1085     4.5167  0.000e+00
      9.877    14.3991   3.918990    32.1127       1086     4.5208  0.000e+00
      9.853    14.3964   3.918452    32.1100       1087     4.5250  0.000e+00
      9.824    14.3926   3.917889    32.1080       1088     4.5292  0.000e+00
      9.801    14.3875   3.917849    32.1120       1089     4.5333  0.000e+00
      9.779    14.3841   3.918293    32.1188       1090     4.5375  0.000e+00
      9.764    14.3835   3.918247    32.1189       1091     4.5417  0.000e+00
      9.733    14.3837   3.918313    32.1193       1092     4.5458  0.000e+00
      9.713    14.3840   3.918227    32.1184       1093     4.5500  0.000e+00
      9.690    14.3840   3.917915    32.1155       1094     4.5542  0.000e+00
      9.657    14.3825   3.918035    32.1178       1095     4.5583  0.000e+00
      9.628    14.3815   3.917478    32.1136       1096     4.5625  0.000e+00
      9.589    14.3793   3.916689    32.1082       1097     4.5667  0.000e+00
      9.551    14.3744   3.917127    32.1163       1098     4.5708  0.000e+00
      9.507    14.3721   3.916914    32.1163       1099     4.5750  0.000e+00
      9.451    14.3716   3.916616    32.1140       1100     4.5792  0.000e+00
      9.393    14.3699   3.916006    32.1098       1101     4.5833  0.000e+00
      9.342    14.3656   3.915913    32.1126       1102     4.5875  0.000e+00
      9.288    14.3621   3.916404    32.1200       1103     4.5917  0.000e+00
      9.230    14.3618   3.916430    32.1205       1104     4.5958  0.000e+00
      9.178    14.3623   3.915821    32.1146       1105     4.6000  0.000e+00
      9.133    14.3608   3.915396    32.1119       1106     4.6042  0.000e+00
      9.086    14.3575   3.915847    32.1188       1107     4.6083  0.000e+00
      9.053    14.3565   3.916311    32.1239       1108     4.6125  0.000e+00
      9.011    14.3586   3.917962    32.1372       1109     4.6167  0.000e+00
      8.974    14.3669   3.919819    32.1473       1110     4.6208  0.000e+00
      8.934    14.3802   3.920223    32.1400       1111     4.6250  0.000e+00
      8.897    14.3917   3.920057    32.1290       1112     4.6292  0.000e+00
      8.856    14.3980   3.920176    32.1248       1113     4.6333  0.000e+00
      8.812    14.4019   3.920746    32.1268       1114     4.6375  0.000e+00
      8.771    14.4061   3.920899    32.1247       1115     4.6417  0.000e+00
      8.722    14.4096   3.920965    32.1225       1116     4.6458  0.000e+00
      8.671    14.4130   3.922643    32.1350       1117     4.6500  0.000e+00
      8.617    14.4195   3.919407    32.1001       1118     4.6542  0.000e+00
      8.558    14.4139   3.919307    32.1038       1119     4.6583  0.000e+00
      8.500    14.4061   3.919148    32.1089       1120     4.6625  0.000e+00
      8.440    14.4008   3.919221    32.1140       1121     4.6667  0.000e+00
      8.377    14.3982   3.919128    32.1153       1122     4.6708  0.000e+00
      8.316    14.3966   3.919771    32.1225       1123     4.6750  0.000e+00
      8.260    14.3986   3.922949    32.1498       1124     4.6792  0.000e+00
      8.196    14.4120   3.925702    32.1639       1125     4.6833  0.000e+00
      8.149    14.4351   3.926684    32.1537       1126     4.6875  0.000e+00
      8.099    14.4546   3.926305    32.1341       1127     4.6917  0.000e+00
      8.050    14.4654   3.926842    32.1300       1128     4.6958  0.000e+00
      8.014    14.4729   3.927473    32.1296       1129     4.7000  0.000e+00
      7.979    14.4796   3.927121    32.1208       1130     4.7042  0.000e+00
      7.949    14.4832   3.927267    32.1192       1131     4.7083  0.000e+00
      7.913    14.4843   3.926132    32.1080       1132     4.7125  0.000e+00
      7.875    14.4817   3.926444    32.1130       1133     4.7167  0.000e+00
      7.846    14.4799   3.927612    32.1251       1134     4.7208  0.000e+00
      7.815    14.4835   3.927008    32.1166       1135     4.7250  0.000e+00
      7.781    14.4847   3.926822    32.1140       1136     4.7292  0.000e+00
      7.739    14.4839   3.926524    32.1119       1137     4.7333  0.000e+00
      7.699    14.4819   3.926749    32.1157       1138     4.7375  0.000e+00
      7.652    14.4814   3.927287    32.1210       1139     4.7417  0.000e+00
      7.611    14.4827   3.925468    32.1033       1140     4.7458  0.000e+00
      7.547    14.4774   3.924606    32.0999       1141     4.7500  0.000e+00
      7.491    14.4701   3.925548    32.1146       1142     4.7542  0.000e+00
      7.432    14.4677   3.926099    32.1216       1143     4.7583  0.000e+00
      7.363    14.4693   3.925396    32.1139       1144     4.7625  0.000e+00
      7.296    14.4687   3.924420    32.1055       1145     4.7667  0.000e+00
      7.231    14.4640   3.924606    32.1112       1146     4.7708  0.000e+00
      7.161    14.4608   3.926915    32.1349       1147     4.7750  0.000e+00
      7.083    14.4676   3.928010    32.1392       1148     4.7792  0.000e+00
      7.002    14.4787   3.928966    32.1388       1149     4.7833  0.000e+00
      6.926    14.4902   3.928315    32.1233       1150     4.7875  0.000e+00
      6.844    14.4957   3.929025    32.1253       1151     4.7917  0.000e+00
      6.763    14.5001   3.930114    32.1316       1152     4.7958  0.000e+00
      6.680    14.5079   3.929762    32.1220       1153     4.8000  0.000e+00
      6.599    14.5116   3.929271    32.1144       1154     4.8042  0.000e+00
      6.512    14.5117   3.929456    32.1161       1155     4.8083  0.000e+00
      6.429    14.5133   3.930963    32.1285       1156     4.8125  0.000e+00
      6.357    14.5194   3.933500    32.1466       1157     4.8167  0.000e+00
      6.288    14.5341   3.933573    32.1351       1158     4.8208  0.000e+00
      6.226    14.5459   3.933692    32.1264       1159     4.8250  0.000e+00
      6.163    14.5529   3.933785    32.1216       1160     4.8292  0.000e+00
      6.113    14.5575   3.934575    32.1249       1161     4.8333  0.000e+00
      6.066    14.5627   3.936123    32.1347       1162     4.8375  0.000e+00
      6.019    14.5717   3.936521    32.1309       1163     4.8417  0.000e+00
      5.975    14.5820   3.937338    32.1299       1164     4.8458  0.000e+00
      5.941    14.5898   3.935890    32.1102       1165     4.8500  0.000e+00
      5.906    14.5910   3.934322    32.0950       1166     4.8542  0.000e+00
      5.874    14.5836   3.936933    32.1249       1167     4.8583  0.000e+00
      5.841    14.5859   3.937571    32.1287       1168     4.8625  0.000e+00
      5.807    14.5931   3.936614    32.1141       1169     4.8667  0.000e+00
      5.771    14.5952   3.935604    32.1033       1170     4.8708  0.000e+00
      5.725    14.5912   3.936335    32.1132       1171     4.8750  0.000e+00
      5.684    14.5899   3.935631    32.1079       1172     4.8792  0.000e+00
      5.639    14.5885   3.936076    32.1131       1173     4.8833  0.000e+00
      5.590    14.5868   3.936873    32.1218       1174     4.8875  0.000e+00
      5.532    14.5907   3.936687    32.1169       1175     4.8917  0.000e+00
      5.473    14.5929   3.938414    32.1308       1176     4.8958  0.000e+00
      5.411    14.6011   3.942714    32.1631       1177     4.9000  0.000e+00
      5.342    14.6247   3.950268    32.2123       1178     4.9042  0.000e+00
      5.281    14.6833   3.978909    32.4237       1179     4.9083  0.000e+00
      5.216    14.8410   4.020450    32.6688       1180     4.9125  0.000e+00
      5.126    15.0963   4.037011    32.6050       1181     4.9167  0.000e+00
      5.048    15.3610   4.023955    32.2688       1182     4.9208  0.000e+00
      4.972    15.4808   3.997593    31.9359       1183     4.9250  0.000e+00
      4.885    15.4329   4.002702    32.0204       1184     4.9292  0.000e+00
      4.804    15.3926   4.023566    32.2395       1185     4.9333  0.000e+00
      4.750    15.4457   4.026481    32.2221       1186     4.9375  0.000e+00
      4.681    15.5184   4.020227    32.1069       1187     4.9417  0.000e+00
      4.609    15.5248   3.964843    31.6092       1188     4.9458  0.000e+00
      4.538    15.3344   3.956967    31.6923       1189     4.9500  0.000e+00
      4.457    15.1136   3.962677    31.9226       1190     4.9542  0.000e+00
      4.367    14.9996   3.964590    32.0331       1191     4.9583  0.000e+00
      4.276    14.9534   3.965417    32.0784       1192     4.9625  0.000e+00
      4.198    14.9351   3.968023    32.1170       1193     4.9667  0.000e+00
      4.114    14.9368   3.973409    32.1642       1194     4.9708  0.000e+00
      4.043    14.9622   3.979880    32.2017       1195     4.9750  0.000e+00
      3.971    15.0066   3.980540    32.1711       1196     4.9792  0.000e+00
      3.910    15.0435   3.982228    32.1559       1197     4.9833  0.000e+00
      3.855    15.0701   3.983082    32.1418       1198     4.9875  0.000e+00
      3.808    15.0911   3.987047    32.1602       1199     4.9917  0.000e+00
      3.769    15.1175   3.989972    32.1648       1200     4.9958  0.000e+00
      3.724    15.1477   3.989043    32.1317       1201     5.0000  0.000e+00
      3.689    15.1661   3.987447    32.1022       1202     5.0042  0.000e+00
      3.653    15.1691   3.992517    32.1453       1203     5.0083  0.000e+00
      3.611    15.1857   3.991995    32.1271       1204     5.0125  0.000e+00
      3.581    15.2010   3.993993    32.1324       1205     5.0167  0.000e+00
      3.536    15.2167   3.998190    32.1572       1206     5.0208  0.000e+00
      3.499    15.2471   4.009133    32.2304       1207     5.0250  0.000e+00
      3.456    15.3036   4.018668    32.2693       1208     5.0292  0.000e+00
      3.422    15.3908   4.030331    32.3020       1209     5.0333  0.000e+00
      3.391    15.4936   4.034798    32.2575       1210     5.0375  0.000e+00
      3.357    15.5828   4.039683    32.2280       1211     5.0417  0.000e+00
      3.314    15.6557   4.043550    32.2028       1212     5.0458  0.000e+00
      3.281    15.7157   4.045920    32.1749       1213     5.0500  0.000e+00
      3.232    15.7625   4.045966    32.1373       1214     5.0542  0.000e+00
      3.176    15.7926   4.059256    32.2305       1215     5.0583  0.000e+00
      3.113    15.8582   4.075568    32.3214       1216     5.0625  0.000e+00
      3.026    15.9729   4.084782    32.3093       1217     5.0667  0.000e+00
      2.939    16.0934   4.093505    32.2881       1218     5.0708  0.000e+00
      2.840    16.2038   4.100607    32.2609       1219     5.0750  0.000e+00
      2.717    16.3038   4.106376    32.2306       1220     5.0792  0.000e+00
      2.601    16.3891   4.114996    32.2370       1221     5.0833  0.000e+00
      2.488    16.4749   4.119988    32.2115       1222     5.0875  0.000e+00
      2.378    16.5542   4.122431    32.1689       1223     5.0917  0.000e+00
      2.289    16.6155   4.129561    32.1817       1224     5.0958  0.000e+00
      2.211    16.6774   4.134209    32.1724       1225     5.1000  0.000e+00
      2.150    16.7376   4.138981    32.1655       1226     5.1042  0.000e+00
      2.103    16.7927   4.141516    32.1434       1227     5.1083  0.000e+00
      2.065    16.8394   4.144127    32.1286       1228     5.1125  0.000e+00
      2.033    16.8779   4.147024    32.1229       1229     5.1167  0.000e+00
      2.000    16.9120   4.149637    32.1182       1230     5.1208  0.000e+00
      1.966    16.9442   4.150363    32.0988       1231     5.1250  0.000e+00
      1.933    16.9679   4.151387    32.0888       1232     5.1292  0.000e+00
      1.901    16.9858   4.152861    32.0872       1233     5.1333  0.000e+00
      1.854    17.0017   4.153655    32.0814       1234     5.1375  0.000e+00
      1.793    17.0153   4.154768    32.0802       1235     5.1417  0.000e+00
      1.738    17.0275   4.154585    32.0689       1236     5.1458  0.000e+00
      1.666    17.0349   4.154809    32.0650       1237     5.1500  0.000e+00
      1.590    17.0394   4.154557    32.0593       1238     5.1542  0.000e+00
      1.518    17.0408   4.154781    32.0601       1239     5.1583  0.000e+00
      1.442    17.0422   4.155379    32.0641       1240     5.1625  0.000e+00
