HB2303/sbe106.cnv
* Sea-Bird SBE 19plus V2 Data File:
* FileName = C:\cruise\data\sbe106.hex
* Software Version Seasave V 7.26.7.121
* Temperature SN = 6128
* Conductivity SN = 6128
* System UpLoad Time = Aug 18 2023 20:10:08
* NMEA Latitude = 42 37.72 N
* NMEA Longitude = 065 38.93 W
* NMEA UTC (Time) = Aug 18 2023 20:10:04
** Ship: Henry Bigelow
** Cruise:  HB2303
** Program:  ECOMON
# nquan = 7
# nvalues = 2587                                  
# units = specified
# name 0 = depSM: Depth [salt water, m]
# name 1 = tv290C: Temperature [ITS-90, deg C]
# name 2 = c0S/m: Conductivity [S/m]
# name 3 = sal00: Salinity, Practical [PSU]
# name 4 = scan: Scan Count
# name 5 = timeM: Time, Elapsed [minutes]
# name 6 = flag:  0.000e+00
# span 0 =     -0.075,     85.995                 
# span 1 =     7.7153,    19.8181                 
# span 2 =   0.000216,   4.106419                 
# span 3 =     0.0101,    33.2327                 
# span 4 =         11,       2597                 
# span 5 =     0.0417,    10.8167                 
# span 6 = 0.0000e+00, 0.0000e+00                 
# interval = seconds: 0.25
# start_time = Aug 18 2023 20:10:04 [NMEA time, header]
# bad_flag = -9.990e-29
*END*
     -0.052    19.8181   0.000231     0.0101         11     0.0417  0.000e+00
     -0.052    19.8176   0.000225     0.0101         12     0.0458  0.000e+00
     -0.054    19.8167   0.000222     0.0101         13     0.0500  0.000e+00
     -0.055    19.8158   0.000225     0.0101         14     0.0542  0.000e+00
     -0.050    19.8146   0.000225     0.0101         15     0.0583  0.000e+00
     -0.053    19.8142   0.000228     0.0101         16     0.0625  0.000e+00
     -0.053    19.8132   0.000225     0.0101         17     0.0667  0.000e+00
     -0.051    19.8127   0.000231     0.0101         18     0.0708  0.000e+00
     -0.055    19.8116   0.000234     0.0101         19     0.0750  0.000e+00
     -0.055    19.8111   0.000237     0.0101         20     0.0792  0.000e+00
     -0.053    19.8106   0.000222     0.0101         21     0.0833  0.000e+00
     -0.055    19.8098   0.000225     0.0101         22     0.0875  0.000e+00
     -0.053    19.8091   0.000234     0.0101         23     0.0917  0.000e+00
     -0.053    19.8082   0.000225     0.0101         24     0.0958  0.000e+00
     -0.057    19.8078   0.000225     0.0101         25     0.1000  0.000e+00
     -0.057    19.8073   0.000228     0.0101         26     0.1042  0.000e+00
     -0.057    19.8070   0.000231     0.0101         27     0.1083  0.000e+00
     -0.055    19.8066   0.000225     0.0101         28     0.1125  0.000e+00
     -0.055    19.8060   0.000222     0.0101         29     0.1167  0.000e+00
     -0.054    19.8051   0.000231     0.0101         30     0.1208  0.000e+00
     -0.057    19.8056   0.000231     0.0101         31     0.1250  0.000e+00
     -0.056    19.8045   0.000228     0.0101         32     0.1292  0.000e+00
     -0.054    19.8039   0.000222     0.0101         33     0.1333  0.000e+00
     -0.052    19.8034   0.000231     0.0101         34     0.1375  0.000e+00
     -0.056    19.8030   0.000225     0.0101         35     0.1417  0.000e+00
     -0.057    19.8018   0.000228     0.0101         36     0.1458  0.000e+00
     -0.058    19.8011   0.000225     0.0101         37     0.1500  0.000e+00
     -0.059    19.8005   0.000225     0.0101         38     0.1542  0.000e+00
     -0.057    19.7995   0.000234     0.0101         39     0.1583  0.000e+00
     -0.061    19.7988   0.000225     0.0101         40     0.1625  0.000e+00
     -0.059    19.7981   0.000225     0.0101         41     0.1667  0.000e+00
     -0.061    19.7969   0.000228     0.0101         42     0.1708  0.000e+00
     -0.057    19.7963   0.000231     0.0101         43     0.1750  0.000e+00
     -0.061    19.7957   0.000231     0.0101         44     0.1792  0.000e+00
     -0.063    19.7947   0.000222     0.0101         45     0.1833  0.000e+00
     -0.061    19.7944   0.000231     0.0101         46     0.1875  0.000e+00
     -0.057    19.7933   0.000231     0.0101         47     0.1917  0.000e+00
     -0.059    19.7928   0.000228     0.0101         48     0.1958  0.000e+00
     -0.057    19.7922   0.000225     0.0101         49     0.2000  0.000e+00
     -0.059    19.7910   0.000225     0.0101         50     0.2042  0.000e+00
     -0.057    19.7903   0.000231     0.0101         51     0.2083  0.000e+00
     -0.056    19.7890   0.000234     0.0101         52     0.2125  0.000e+00
     -0.061    19.7879   0.000222     0.0101         53     0.2167  0.000e+00
     -0.061    19.7877   0.000225     0.0101         54     0.2208  0.000e+00
     -0.060    19.7863   0.000234     0.0101         55     0.2250  0.000e+00
     -0.056    19.7857   0.000231     0.0101         56     0.2292  0.000e+00
     -0.055    19.7851   0.000225     0.0101         57     0.2333  0.000e+00
     -0.062    19.7841   0.000228     0.0101         58     0.2375  0.000e+00
     -0.059    19.7835   0.000231     0.0101         59     0.2417  0.000e+00
     -0.058    19.7829   0.000222     0.0101         60     0.2458  0.000e+00
     -0.058    19.7827   0.000228     0.0101         61     0.2500  0.000e+00
     -0.059    19.7826   0.000225     0.0101         62     0.2542  0.000e+00
     -0.063    19.7823   0.000225     0.0101         63     0.2583  0.000e+00
     -0.058    19.7822   0.000231     0.0101         64     0.2625  0.000e+00
     -0.058    19.7814   0.000228     0.0101         65     0.2667  0.000e+00
     -0.058    19.7816   0.000231     0.0101         66     0.2708  0.000e+00
     -0.060    19.7816   0.000231     0.0101         67     0.2750  0.000e+00
     -0.061    19.7814   0.000222     0.0101         68     0.2792  0.000e+00
     -0.061    19.7811   0.000225     0.0101         69     0.2833  0.000e+00
     -0.065    19.7810   0.000225     0.0101         70     0.2875  0.000e+00
     -0.066    19.7804   0.000228     0.0101         71     0.2917  0.000e+00
     -0.069    19.7798   0.000225     0.0101         72     0.2958  0.000e+00
     -0.065    19.7797   0.000225     0.0101         73     0.3000  0.000e+00
     -0.065    19.7790   0.000228     0.0101         74     0.3042  0.000e+00
     -0.063    19.7788   0.000231     0.0101         75     0.3083  0.000e+00
     -0.063    19.7784   0.000225     0.0101         76     0.3125  0.000e+00
     -0.070    19.7781   0.000222     0.0101         77     0.3167  0.000e+00
     -0.069    19.7775   0.000222     0.0101         78     0.3208  0.000e+00
     -0.072    19.7771   0.000231     0.0101         79     0.3250  0.000e+00
     -0.072    19.7767   0.000231     0.0101         80     0.3292  0.000e+00
     -0.075    19.7761   0.000222     0.0101         81     0.3333  0.000e+00
     -0.059    19.7750   0.000216     0.0101         82     0.3375  0.000e+00
      0.062    19.7734   0.133272     0.7465         83     0.3417  0.000e+00
      0.135    19.7644   1.656266    10.9298         84     0.3458  0.000e+00
      0.151    19.6585   2.605999    17.9679         85     0.3500  0.000e+00
      0.196    19.3112   1.786688    11.9965         86     0.3542  0.000e+00
      0.313    18.8855   1.982225    13.5699         87     0.3583  0.000e+00
      0.458    18.5224   2.267668    15.8542         88     0.3625  0.000e+00
      0.631    18.2599   1.917180    13.2837         89     0.3667  0.000e+00
      0.817    18.0873   2.022298    14.1384         90     0.3708  0.000e+00
      0.995    17.9784   3.749186    27.9442         91     0.3750  0.000e+00
      1.140    17.9046   2.915653    21.2018         92     0.3792  0.000e+00
      1.239    17.8146   2.809015    20.3950         93     0.3833  0.000e+00
      1.328    17.6994   2.151095    15.2672         94     0.3875  0.000e+00
      1.412    17.6188   3.378646    25.1203         95     0.3917  0.000e+00
      1.481    17.6165   4.094294    31.0946         96     0.3958  0.000e+00
      1.551    17.6679   4.087949    31.0017         97     0.4000  0.000e+00
      1.610    17.6876   4.091789    31.0192         98     0.4042  0.000e+00
      1.654    17.6818   4.096528    31.0636         99     0.4083  0.000e+00
      1.686    17.6642   4.101695    31.1207        100     0.4125  0.000e+00
      1.722    17.6459   4.105898    31.1703        101     0.4167  0.000e+00
      1.762    17.6296   4.106419    31.1872        102     0.4208  0.000e+00
      1.832    17.6148   4.098183    31.1288        103     0.4250  0.000e+00
      1.935    17.6089   4.095624    31.1116        104     0.4292  0.000e+00
      2.080    17.6045   4.091594    31.0807        105     0.4333  0.000e+00
      2.258    17.6040   4.082460    31.0037        106     0.4375  0.000e+00
      2.459    17.6083   4.089833    31.0628        107     0.4417  0.000e+00
      2.661    17.6111   4.088605    31.0502        108     0.4458  0.000e+00
      2.859    17.6077   4.084463    31.0177        109     0.4500  0.000e+00
      3.067    17.5890   4.083783    31.0261        110     0.4542  0.000e+00
      3.254    17.5707   4.088019    31.0759        111     0.4583  0.000e+00
      3.426    17.5498   4.103514    31.2232        112     0.4625  0.000e+00
      3.597    17.5247   4.099306    31.2068        113     0.4667  0.000e+00
      3.769    17.4596   4.086503    31.1480        114     0.4708  0.000e+00
      3.932    17.3290   4.074485    31.1460        115     0.4750  0.000e+00
      4.094    17.1809   4.069260    31.2155        116     0.4792  0.000e+00
      4.243    17.0547   4.065922    31.2846        117     0.4833  0.000e+00
      4.385    16.9541   4.064463    31.3501        118     0.4875  0.000e+00
      4.540    16.8816   4.073480    31.4843        119     0.4917  0.000e+00
      4.711    16.8328   4.087071    31.6398        120     0.4958  0.000e+00
      4.880    16.7997   4.092686    31.7144        121     0.5000  0.000e+00
      5.044    16.7760   4.087396    31.6873        122     0.5042  0.000e+00
      5.198    16.7583   4.076406    31.6062        123     0.5083  0.000e+00
      5.366    16.7349   4.070189    31.5707        124     0.5125  0.000e+00
      5.527    16.7046   4.065470    31.5537        125     0.5167  0.000e+00
      5.682    16.6675   4.058808    31.5252        126     0.5208  0.000e+00
      5.825    16.6313   4.049732    31.4750        127     0.5250  0.000e+00
      5.964    16.5941   4.042497    31.4415        128     0.5292  0.000e+00
      6.097    16.5536   4.040322    31.4544        129     0.5333  0.000e+00
      6.221    16.5158   4.038275    31.4662        130     0.5375  0.000e+00
      6.322    16.4818   4.033739    31.4536        131     0.5417  0.000e+00
      6.429    16.4512   4.032049    31.4629        132     0.5458  0.000e+00
      6.533    16.4278   4.034344    31.5013        133     0.5500  0.000e+00
      6.640    16.4095   4.044508    31.6042        134     0.5542  0.000e+00
      6.748    16.3977   4.066201    31.8026        135     0.5583  0.000e+00
      6.870    16.3908   4.077456    31.9063        136     0.5625  0.000e+00
      7.001    16.3894   4.090755    32.0234        137     0.5667  0.000e+00
      7.149    16.4071   4.095122    32.0473        138     0.5708  0.000e+00
      7.302    16.4838   4.088797    31.9307        139     0.5750  0.000e+00
      7.475    16.6265   4.085389    31.7874        140     0.5792  0.000e+00
      7.644    16.7899   4.083916    31.6453        141     0.5833  0.000e+00
      7.812    16.9384   4.087638    31.5606        142     0.5875  0.000e+00
      7.987    17.0488   4.087535    31.4733        143     0.5917  0.000e+00
      8.166    17.1235   4.084499    31.3890        144     0.5958  0.000e+00
      8.342    17.1349   4.076093    31.3081        145     0.6000  0.000e+00
      8.513    17.0457   4.057224    31.2154        146     0.6042  0.000e+00
      8.683    16.8928   4.038291    31.1712        147     0.6083  0.000e+00
      8.831    16.7305   4.023409    31.1688        148     0.6125  0.000e+00
      8.970    16.5728   4.013329    31.2042        149     0.6167  0.000e+00
      9.098    16.4328   4.009381    31.2793        150     0.6208  0.000e+00
      9.216    16.3257   4.007636    31.3480        151     0.6250  0.000e+00
      9.331    16.2491   4.007088    31.4035        152     0.6292  0.000e+00
      9.441    16.1945   4.008240    31.4567        153     0.6333  0.000e+00
      9.542    16.1521   4.027600    31.6597        154     0.6375  0.000e+00
      9.645    16.1237   4.056894    31.9394        155     0.6417  0.000e+00
      9.755    16.1109   4.062969    32.0030        156     0.6458  0.000e+00
      9.861    16.1549   4.057115    31.9162        157     0.6500  0.000e+00
      9.977    16.2730   4.065888    31.8983        158     0.6542  0.000e+00
     10.104    16.4058   4.069198    31.8211        159     0.6583  0.000e+00
     10.232    16.5263   4.070375    31.7355        160     0.6625  0.000e+00
     10.368    16.6232   4.067930    31.6375        161     0.6667  0.000e+00
     10.506    16.6983   4.064374    31.5474        162     0.6708  0.000e+00
     10.648    16.7469   4.062402    31.4921        163     0.6750  0.000e+00
     10.803    16.7591   4.063936    31.4958        164     0.6792  0.000e+00
     10.968    16.7567   4.072609    31.5725        165     0.6833  0.000e+00
     11.132    16.7621   4.078417    31.6185        166     0.6875  0.000e+00
     11.296    16.7874   4.080958    31.6204        167     0.6917  0.000e+00
     11.457    16.8330   4.081281    31.5872        168     0.6958  0.000e+00
     11.616    16.8855   4.077998    31.5177        169     0.7000  0.000e+00
     11.768    16.9299   4.072290    31.4338        170     0.7042  0.000e+00
     11.910    16.9506   4.065758    31.3614        171     0.7083  0.000e+00
     12.050    16.8257   4.049275    31.3167        172     0.7125  0.000e+00
     12.190    16.5707   4.030486    31.3535        173     0.7167  0.000e+00
     12.327    16.3187   4.008454    31.3596        174     0.7208  0.000e+00
     12.452    16.0679   4.002335    31.5041        175     0.7250  0.000e+00
     12.572    15.8064   4.038287    32.0302        176     0.7292  0.000e+00
     12.701    15.6059   4.070819    32.4826        177     0.7333  0.000e+00
     12.822    15.5134   4.076406    32.6088        178     0.7375  0.000e+00
     12.949    15.5915   4.075380    32.5350        179     0.7417  0.000e+00
     13.075    15.7972   4.080116    32.4078        180     0.7458  0.000e+00
     13.210    16.0156   4.079823    32.2270        181     0.7500  0.000e+00
     13.346    16.1989   4.071546    32.0060        182     0.7542  0.000e+00
     13.478    16.3306   4.060706    31.8057        183     0.7583  0.000e+00
     13.619    16.4324   4.054201    31.6680        184     0.7625  0.000e+00
     13.759    16.4984   4.053279    31.6077        185     0.7667  0.000e+00
     13.902    16.4457   4.066742    31.7666        186     0.7708  0.000e+00
     14.045    16.3757   4.078646    31.9261        187     0.7750  0.000e+00
     14.187    16.3575   4.084269    31.9897        188     0.7792  0.000e+00
     14.315    16.4135   4.084720    31.9487        189     0.7833  0.000e+00
     14.440    16.5108   4.083235    31.8581        190     0.7875  0.000e+00
     14.554    16.6099   4.076688    31.7224        191     0.7917  0.000e+00
     14.671    16.7011   4.072052    31.6102        192     0.7958  0.000e+00
     14.779    16.7670   4.069270    31.5342        193     0.8000  0.000e+00
     14.893    16.7281   4.075319    31.6171        194     0.8042  0.000e+00
     15.018    16.6883   4.082208    31.7081        195     0.8083  0.000e+00
     15.153    16.7100   4.085559    31.7199        196     0.8125  0.000e+00
     15.289    16.7921   4.087656    31.6732        197     0.8167  0.000e+00
     15.429    16.9136   4.088592    31.5856        198     0.8208  0.000e+00
     15.565    17.0340   4.088328    31.4890        199     0.8250  0.000e+00
     15.718    17.1287   4.058221    31.1573        200     0.8292  0.000e+00
     15.865    17.1951   4.055819    31.0856        201     0.8333  0.000e+00
     16.011    17.2382   4.066584    31.1443        202     0.8375  0.000e+00
     16.150    17.2651   4.071944    31.1693        203     0.8417  0.000e+00
     16.300    17.1901   4.056304    31.0934        204     0.8458  0.000e+00
     16.443    16.9890   4.063444    31.3100        205     0.8500  0.000e+00
     16.580    16.7932   4.087178    31.6677        206     0.8542  0.000e+00
     16.701    16.7277   4.087934    31.7259        207     0.8583  0.000e+00
     16.811    16.7841   4.087913    31.6812        208     0.8625  0.000e+00
     16.921    16.8879   4.086590    31.5880        209     0.8667  0.000e+00
     17.027    16.9896   4.086002    31.5032        210     0.8708  0.000e+00
     17.137    17.0673   4.086095    31.4433        211     0.8750  0.000e+00
     17.245    17.1237   4.086438    31.4023        212     0.8792  0.000e+00
     17.350    17.1636   4.085264    31.3612        213     0.8833  0.000e+00
     17.467    17.1968   4.083625    31.3213        214     0.8875  0.000e+00
     17.596    17.2296   4.082053    31.2825        215     0.8917  0.000e+00
