HB2303/sbe102.cnv
* Sea-Bird SBE 19plus V2 Data File:
* FileName = C:\cruise\data\sbe102.hex
* Software Version Seasave V 7.26.7.121
* Temperature SN = 6128
* Conductivity SN = 6128
* System UpLoad Time = Aug 18 2023 10:12:51
* NMEA Latitude = 41 48.06 N
* NMEA Longitude = 065 56.04 W
* NMEA UTC (Time) = Aug 18 2023 10:12:46
** Ship: Henry Bigelow
** Cruise:  HB2303
** Program:  ECOMON
# nquan = 7
# nvalues = 2704                                  
# units = specified
# name 0 = depSM: Depth [salt water, m]
# name 1 = tv290C: Temperature [ITS-90, deg C]
# name 2 = c0S/m: Conductivity [S/m]
# name 3 = sal00: Salinity, Practical [PSU]
# name 4 = scan: Scan Count
# name 5 = timeM: Time, Elapsed [minutes]
# name 6 = flag:  0.000e+00
# span 0 =     -0.226,     99.589                 
# span 1 =     8.1375,    19.4400                 
# span 2 =   0.001491,   4.199651                 
# span 3 =     0.0147,    33.2845                 
# span 4 =         11,       2714                 
# span 5 =     0.0417,    11.3042                 
# span 6 = 0.0000e+00, 0.0000e+00                 
# interval = seconds: 0.25
# start_time = Aug 18 2023 10:12:46 [NMEA time, header]
# bad_flag = -9.990e-29
*END*
[from data line 1642]
     53.541     9.0310   3.490115    32.6020       1653     6.8833  0.000e+00
     53.496     9.0420   3.490438    32.5953       1654     6.8875  0.000e+00
     53.463     9.0512   3.490716    32.5898       1655     6.8917  0.000e+00
     53.430     9.0580   3.490754    32.5840       1656     6.8958  0.000e+00
     53.397     9.0627   3.491096    32.5833       1657     6.9000  0.000e+00
     53.354     9.0668   3.491077    32.5794       1658     6.9042  0.000e+00
     53.314     9.0700   3.492356    32.5897       1659     6.9083  0.000e+00
     53.274     9.0774   3.493445    32.5942       1660     6.9125  0.000e+00
     53.225     9.0895   3.494148    32.5905       1661     6.9167  0.000e+00
     53.167     9.1023   3.495813    32.5960       1662     6.9208  0.000e+00
     53.114     9.1186   3.498867    32.6128       1663     6.9250  0.000e+00
     53.047     9.1454   3.501712    32.6177       1664     6.9292  0.000e+00
     52.976     9.1803   3.502009    32.5889       1665     6.9333  0.000e+00
     52.900     9.2049   3.503125    32.5780       1666     6.9375  0.000e+00
     52.830     9.2240   3.503530    32.5648       1667     6.9417  0.000e+00
     52.764     9.2389   3.503467    32.5506       1668     6.9458  0.000e+00
     52.697     9.2470   3.503980    32.5486       1669     6.9500  0.000e+00
     52.632     9.2533   3.504062    32.5436       1670     6.9542  0.000e+00
     52.578     9.2578   3.504925    32.5484       1671     6.9583  0.000e+00
     52.531     9.2653   3.505825    32.5510       1672     6.9625  0.000e+00
     52.487     9.2757   3.505673    32.5399       1673     6.9667  0.000e+00
     52.448     9.2824   3.505692    32.5340       1674     6.9708  0.000e+00
     52.410     9.2852   3.505330    32.5277       1675     6.9750  0.000e+00
     52.382     9.2854   3.506313    32.5378       1676     6.9792  0.000e+00
     52.353     9.2895   3.506808    32.5391       1677     6.9833  0.000e+00
     52.322     9.2965   3.507163    32.5365       1678     6.9875  0.000e+00
     52.294     9.3027   3.507131    32.5304       1679     6.9917  0.000e+00
     52.263     9.3069   3.507537    32.5308       1680     6.9958  0.000e+00
     52.232     9.3109   3.507771    32.5296       1681     7.0000  0.000e+00
     52.192     9.3144   3.507860    32.5273       1682     7.0042  0.000e+00
     52.151     9.3176   3.508539    32.5315       1683     7.0083  0.000e+00
     52.107     9.3227   3.508995    32.5316       1684     7.0125  0.000e+00
     52.058     9.3286   3.510302    32.5397       1685     7.0167  0.000e+00
     52.006     9.3398   3.512599    32.5532       1686     7.0208  0.000e+00
     51.950     9.3579   3.513887    32.5500       1687     7.0250  0.000e+00
     51.888     9.3785   3.514966    32.5424       1688     7.0292  0.000e+00
     51.821     9.3977   3.515340    32.5288       1689     7.0333  0.000e+00
     51.750     9.4125   3.516470    32.5270       1690     7.0375  0.000e+00
     51.689     9.4259   3.517435    32.5247       1691     7.0417  0.000e+00
     51.633     9.4407   3.519588    32.5335       1692     7.0458  0.000e+00
     51.578     9.4606   3.520274    32.5224       1693     7.0500  0.000e+00
     51.527     9.4790   3.522173    32.5252       1694     7.0542  0.000e+00
     51.477     9.4999   3.523297    32.5178       1695     7.0583  0.000e+00
     51.428     9.5183   3.522534    32.4934       1696     7.0625  0.000e+00
     51.372     9.5279   3.522560    32.4849       1697     7.0667  0.000e+00
     51.324     9.5316   3.522687    32.4829       1698     7.0708  0.000e+00
     51.268     9.5343   3.522922    32.4829       1699     7.0750  0.000e+00
     51.211     9.5365   3.523551    32.4873       1700     7.0792  0.000e+00
     51.153     9.5408   3.524313    32.4913       1701     7.0833  0.000e+00
     51.098     9.5480   3.524542    32.4872       1702     7.0875  0.000e+00
     51.022     9.5547   3.524516    32.4809       1703     7.0917  0.000e+00
     50.953     9.5587   3.524669    32.4788       1704     7.0958  0.000e+00
     50.888     9.5613   3.524732    32.4772       1705     7.1000  0.000e+00
     50.821     9.5633   3.524802    32.4761       1706     7.1042  0.000e+00
     50.760     9.5649   3.524999    32.4767       1707     7.1083  0.000e+00
     50.716     9.5672   3.525018    32.4749       1708     7.1125  0.000e+00
     50.676     9.5692   3.525164    32.4745       1709     7.1167  0.000e+00
     50.642     9.5712   3.525253    32.4737       1710     7.1208  0.000e+00
     50.619     9.5729   3.525164    32.4712       1711     7.1250  0.000e+00
     50.603     9.5737   3.525209    32.4710       1712     7.1292  0.000e+00
     50.597     9.5737   3.520393    32.4217       1713     7.1333  0.000e+00
     50.585     9.5741   3.525361    32.4721       1714     7.1375  0.000e+00
     50.579     9.5748   3.525336    32.4713       1715     7.1417  0.000e+00
     50.564     9.5751   3.525336    32.4710       1716     7.1458  0.000e+00
     50.553     9.5749   3.525336    32.4712       1717     7.1500  0.000e+00
     50.532     9.5752   3.525361    32.4712       1718     7.1542  0.000e+00
     50.506     9.5748   3.525444    32.4724       1719     7.1583  0.000e+00
     50.477     9.5749   3.525450    32.4724       1720     7.1625  0.000e+00
     50.424     9.5753   3.525514    32.4727       1721     7.1667  0.000e+00
     50.376     9.5760   3.525552    32.4725       1722     7.1708  0.000e+00
     50.310     9.5768   3.525514    32.4714       1723     7.1750  0.000e+00
     50.245     9.5770   3.525596    32.4721       1724     7.1792  0.000e+00
     50.155     9.5777   3.525660    32.4722       1725     7.1833  0.000e+00
     50.079     9.5784   3.525679    32.4718       1726     7.1875  0.000e+00
     49.992     9.5788   3.525812    32.4728       1727     7.1917  0.000e+00
     49.907     9.5800   3.525812    32.4718       1728     7.1958  0.000e+00
     49.815     9.5808   3.525965    32.4726       1729     7.2000  0.000e+00
     49.722     9.5818   3.525939    32.4715       1730     7.2042  0.000e+00
     49.641     9.5828   3.525876    32.4700       1731     7.2083  0.000e+00
     49.577     9.5831   3.525939    32.4704       1732     7.2125  0.000e+00
     49.520     9.5834   3.526085    32.4717       1733     7.2167  0.000e+00
     49.472     9.5840   3.526136    32.4717       1734     7.2208  0.000e+00
     49.440     9.5847   3.526155    32.4712       1735     7.2250  0.000e+00
     49.416     9.5856   3.526333    32.4722       1736     7.2292  0.000e+00
     49.404     9.5870   3.526676    32.4745       1737     7.2333  0.000e+00
     49.398     9.5897   3.527153    32.4769       1738     7.2375  0.000e+00
     49.401     9.5938   3.527496    32.4767       1739     7.2417  0.000e+00
     49.401     9.5981   3.527019    32.4680       1740     7.2458  0.000e+00
     49.398     9.5989   3.527280    32.4699       1741     7.2500  0.000e+00
     49.398     9.5998   3.527280    32.4691       1742     7.2542  0.000e+00
     49.390     9.6006   3.526892    32.4644       1743     7.2583  0.000e+00
     49.381     9.5994   3.526333    32.4598       1744     7.2625  0.000e+00
     49.348     9.5955   3.526396    32.4640       1745     7.2667  0.000e+00
     49.308     9.5927   3.526377    32.4663       1746     7.2708  0.000e+00
     49.247     9.5911   3.526587    32.4699       1747     7.2750  0.000e+00
     49.181     9.5911   3.526505    32.4691       1748     7.2792  0.000e+00
     49.119     9.5913   3.526613    32.4701       1749     7.2833  0.000e+00
     49.038     9.5915   3.526587    32.4696       1750     7.2875  0.000e+00
     48.957     9.5922   3.526651    32.4698       1751     7.2917  0.000e+00
     48.881     9.5926   3.526848    32.4714       1752     7.2958  0.000e+00
     48.804     9.5938   3.527242    32.4744       1753     7.3000  0.000e+00
     48.734     9.5963   3.527451    32.4743       1754     7.3042  0.000e+00
     48.665     9.5995   3.527648    32.4734       1755     7.3083  0.000e+00
     48.612     9.6028   3.528513    32.4793       1756     7.3125  0.000e+00
     48.551     9.6083   3.528856    32.4779       1757     7.3167  0.000e+00
     48.491     9.6147   3.529072    32.4743       1758     7.3208  0.000e+00
     48.428     9.6201   3.529174    32.4705       1759     7.3250  0.000e+00
     48.375     9.6236   3.529244    32.4681       1760     7.3292  0.000e+00
     48.315     9.6258   3.529225    32.4659       1761     7.3333  0.000e+00
     48.253     9.6273   3.529415    32.4665       1762     7.3375  0.000e+00
     48.199     9.6288   3.529612    32.4672       1763     7.3417  0.000e+00
     48.157     9.6308   3.529568    32.4650       1764     7.3458  0.000e+00
     48.119     9.6321   3.529479    32.4630       1765     7.3500  0.000e+00
     48.096     9.6323   3.529447    32.4624       1766     7.3542  0.000e+00
     48.070     9.6323   3.529307    32.4610       1767     7.3583  0.000e+00
     48.060     9.6316   3.529587    32.4645       1768     7.3625  0.000e+00
     48.054     9.6320   3.529631    32.4646       1769     7.3667  0.000e+00
     48.056     9.6330   3.529720    32.4646       1770     7.3708  0.000e+00
     48.057     9.6340   3.529784    32.4644       1771     7.3750  0.000e+00
     48.055     9.6350   3.529676    32.4623       1772     7.3792  0.000e+00
     48.050     9.6346   3.529561    32.4615       1773     7.3833  0.000e+00
     48.049     9.6342   3.529784    32.4642       1774     7.3875  0.000e+00
     48.031     9.6344   3.529848    32.4646       1775     7.3917  0.000e+00
     48.011     9.6354   3.529892    32.4642       1776     7.3958  0.000e+00
     47.979     9.6360   3.529695    32.4617       1777     7.4000  0.000e+00
     47.933     9.6357   3.529803    32.4631       1778     7.4042  0.000e+00
     47.872     9.6354   3.530000    32.4654       1779     7.4083  0.000e+00
     47.825     9.6360   3.529879    32.4636       1780     7.4125  0.000e+00
     47.761     9.6368   3.530083    32.4651       1781     7.4167  0.000e+00
     47.685     9.6376   3.530324    32.4668       1782     7.4208  0.000e+00
     47.606     9.6394   3.530064    32.4625       1783     7.4250  0.000e+00
     47.519     9.6398   3.530451    32.4661       1784     7.4292  0.000e+00
     47.430     9.6410   3.530432    32.4650       1785     7.4333  0.000e+00
     47.334     9.6421   3.530776    32.4675       1786     7.4375  0.000e+00
     47.242     9.6446   3.530515    32.4626       1787     7.4417  0.000e+00
     47.155     9.6459   3.530515    32.4614       1788     7.4458  0.000e+00
     47.072     9.6456   3.530477    32.4614       1789     7.4500  0.000e+00
     46.994     9.6453   3.530515    32.4621       1790     7.4542  0.000e+00
     46.934     9.6453   3.530585    32.4629       1791     7.4583  0.000e+00
     46.883     9.6458   3.530776    32.4643       1792     7.4625  0.000e+00
     46.842     9.6472   3.531081    32.4663       1793     7.4667  0.000e+00
     46.814     9.6496   3.531310    32.4664       1794     7.4708  0.000e+00
     46.794     9.6519   3.531252    32.4637       1795     7.4750  0.000e+00
     46.785     9.6535   3.530775    32.4574       1796     7.4792  0.000e+00
     46.774     9.6523   3.531189    32.4628       1797     7.4833  0.000e+00
     46.771     9.6525   3.531233    32.4630       1798     7.4875  0.000e+00
     46.772     9.6538   3.531360    32.4632       1799     7.4917  0.000e+00
     46.776     9.6550   3.531488    32.4634       1800     7.4958  0.000e+00
     46.774     9.6567   3.531742    32.4644       1801     7.5000  0.000e+00
     46.766     9.6586   3.531793    32.4633       1802     7.5042  0.000e+00
     46.764     9.6600   3.531558    32.4596       1803     7.5083  0.000e+00
     46.744     9.6603   3.531965    32.4635       1804     7.5125  0.000e+00
     46.732     9.6620   3.532505    32.4675       1805     7.5167  0.000e+00
     46.708     9.6654   3.532569    32.4650       1806     7.5208  0.000e+00
     46.663     9.6685   3.533027    32.4669       1807     7.5250  0.000e+00
     46.617     9.6726   3.532982    32.4628       1808     7.5292  0.000e+00
     46.561     9.6752   3.533516    32.4659       1809     7.5333  0.000e+00
     46.501     9.6790   3.533974    32.4672       1810     7.5375  0.000e+00
     46.420     9.6836   3.533891    32.4622       1811     7.5417  0.000e+00
     46.333     9.6863   3.533739    32.4583       1812     7.5458  0.000e+00
     46.239     9.6877   3.534190    32.4616       1813     7.5500  0.000e+00
     46.139     9.6895   3.534190    32.4601       1814     7.5542  0.000e+00
     46.038     9.6914   3.534279    32.4594       1815     7.5583  0.000e+00
     45.947     9.6926   3.534540    32.4609       1816     7.5625  0.000e+00
     45.853     9.6947   3.535469    32.4686       1817     7.5667  0.000e+00
     45.775     9.7003   3.535882    32.4678       1818     7.5708  0.000e+00
     45.706     9.7064   3.536207    32.4656       1819     7.5750  0.000e+00
     45.647     9.7116   3.536162    32.4605       1820     7.5792  0.000e+00
     45.605     9.7149   3.535920    32.4551       1821     7.5833  0.000e+00
     45.585     9.7158   3.536506    32.4603       1822     7.5875  0.000e+00
     45.570     9.7181   3.536639    32.4595       1823     7.5917  0.000e+00
     45.570     9.7210   3.536614    32.4566       1824     7.5958  0.000e+00
     45.568     9.7227   3.536461    32.4536       1825     7.6000  0.000e+00
     45.582     9.7229   3.535990    32.4486       1826     7.6042  0.000e+00
     45.592     9.7205   3.535335    32.4440       1827     7.6083  0.000e+00
     45.604     9.7156   3.535036    32.4454       1828     7.6125  0.000e+00
     45.620     9.7109   3.534820    32.4474       1829     7.6167  0.000e+00
     45.626     9.7070   3.534775    32.4505       1830     7.6208  0.000e+00
     45.631     9.7044   3.534972    32.4549       1831     7.6250  0.000e+00
     45.627     9.7037   3.535272    32.4585       1832     7.6292  0.000e+00
     45.607     9.7052   3.534864    32.4530       1833     7.6333  0.000e+00
     45.580     9.7044   3.534902    32.4542       1834     7.6375  0.000e+00
     45.545     9.7038   3.534794    32.4536       1835     7.6417  0.000e+00
     45.494     9.7028   3.534623    32.4528       1836     7.6458  0.000e+00
     45.434     9.7015   3.534820    32.4560       1837     7.6500  0.000e+00
     45.373     9.7014   3.535081    32.4588       1838     7.6542  0.000e+00
     45.288     9.7024   3.535500    32.4622       1839     7.6583  0.000e+00
     45.192     9.7052   3.535621    32.4609       1840     7.6625  0.000e+00
     45.083     9.7084   3.536569    32.4678       1841     7.6667  0.000e+00
     44.967     9.7138   3.537307    32.4704       1842     7.6708  0.000e+00
     44.848     9.7213   3.537676    32.4675       1843     7.6750  0.000e+00
     44.730     9.7283   3.538173    32.4663       1844     7.6792  0.000e+00
     44.618     9.7350   3.539605    32.4749       1845     7.6833  0.000e+00
     44.524     9.7457   3.540489    32.4743       1846     7.6875  0.000e+00
     44.437     9.7579   3.541018    32.4688       1847     7.6917  0.000e+00
     44.361     9.7681   3.541209    32.4616       1848     7.6958  0.000e+00
     44.312     9.7755   3.541336    32.4562       1849     7.7000  0.000e+00
     44.288     9.7804   3.541361    32.4520       1850     7.7042  0.000e+00
     44.279     9.7832   3.541317    32.4490       1851     7.7083  0.000e+00
     44.290     9.7845   3.541272    32.4475       1852     7.7125  0.000e+00
     44.313     9.7852   3.541336    32.4475       1853     7.7167  0.000e+00
     44.335     9.7854   3.541399    32.4479       1854     7.7208  0.000e+00
     44.363     9.7859   3.541469    32.4482       1855     7.7250  0.000e+00
     44.388     9.7866   3.541247    32.4452       1856     7.7292  0.000e+00
