HB2303/sbe108.cnv
* Sea-Bird SBE 19plus V2 Data File:
* FileName = C:\cruise\data\sbe108.hex
* Software Version Seasave V 7.26.7.121
* Temperature SN = 6128
* Conductivity SN = 6128
* System UpLoad Time = Aug 19 2023 02:20:01
* NMEA Latitude = 42 02.06 N
* NMEA Longitude = 066 13.46 W
* NMEA UTC (Time) = Aug 19 2023 02:19:56
** Ship: Henry Bigelow
** Cruise:  HB2303
** Program:  ECOMON
# nquan = 7
# nvalues = 1998                                  
# units = specified
# name 0 = depSM: Depth [salt water, m]
# name 1 = tv290C: Temperature [ITS-90, deg C]
# name 2 = c0S/m: Conductivity [S/m]
# name 3 = sal00: Salinity, Practical [PSU]
# name 4 = scan: Scan Count
# name 5 = timeM: Time, Elapsed [minutes]
# name 6 = flag:  0.000e+00
# span 0 =     -0.080,     83.978                 
# span 1 =     7.9456,    20.0296                 
# span 2 =   0.001181,   4.278411                 
# span 3 =     0.0136,    34.1553                 
# span 4 =         11,       2008                 
# span 5 =     0.0417,     8.3625                 
# span 6 = 0.0000e+00, 0.0000e+00                 
# interval = seconds: 0.25
# start_time = Aug 19 2023 02:19:56 [NMEA time, header]
# bad_flag = -9.990e-29
*END*
[from data line 616]
     70.716     7.9535   3.421523    32.8724        627     2.6083  0.000e+00
     70.899     7.9539   3.421680    32.8736        628     2.6125  0.000e+00
     71.079     7.9548   3.421755    32.8735        629     2.6167  0.000e+00
     71.260     7.9554   3.421630    32.8716        630     2.6208  0.000e+00
     71.433     7.9554   3.421479    32.8698        631     2.6250  0.000e+00
     71.603     7.9549   3.421630    32.8718        632     2.6292  0.000e+00
     71.769     7.9548   3.421636    32.8719        633     2.6333  0.000e+00
     71.932     7.9547   3.421793    32.8736        634     2.6375  0.000e+00
     72.100     7.9554   3.421856    32.8736        635     2.6417  0.000e+00
     72.268     7.9562   3.421850    32.8727        636     2.6458  0.000e+00
     72.437     7.9568   3.421982    32.8734        637     2.6500  0.000e+00
     72.605     7.9575   3.422007    32.8730        638     2.6542  0.000e+00
     72.781     7.9580   3.421856    32.8707        639     2.6583  0.000e+00
     72.956     7.9577   3.421775    32.8701        640     2.6625  0.000e+00
     73.138     7.9572   3.421743    32.8702        641     2.6667  0.000e+00
     73.319     7.9566   3.421857    32.8719        642     2.6708  0.000e+00
     73.494     7.9565   3.421982    32.8732        643     2.6750  0.000e+00
     73.676     7.9572   3.422064    32.8733        644     2.6792  0.000e+00
     73.842     7.9578   3.421882    32.8707        645     2.6833  0.000e+00
     74.000     7.9576   3.421851    32.8705        646     2.6875  0.000e+00
     74.143     7.9572   3.421775    32.8700        647     2.6917  0.000e+00
     74.275     7.9564   3.421612    32.8690        648     2.6958  0.000e+00
     74.377     7.9554   3.421587    32.8696        649     2.7000  0.000e+00
     74.473     7.9543   3.421461    32.8693        650     2.7042  0.000e+00
     74.558     7.9532   3.421417    32.8697        651     2.7083  0.000e+00
     74.637     7.9524   3.421461    32.8709        652     2.7125  0.000e+00
     74.708     7.9518   3.421480    32.8717        653     2.7167  0.000e+00
     74.774     7.9515   3.421487    32.8720        654     2.7208  0.000e+00
     74.848     7.9515   3.421461    32.8717        655     2.7250  0.000e+00
     74.933     7.9515   3.421480    32.8718        656     2.7292  0.000e+00
     75.024     7.9516   3.421524    32.8722        657     2.7333  0.000e+00
     75.125     7.9516   3.421568    32.8726        658     2.7375  0.000e+00
     75.242     7.9516   3.421550    32.8724        659     2.7417  0.000e+00
     75.372     7.9513   3.421550    32.8726        660     2.7458  0.000e+00
     75.515     7.9512   3.421832    32.8756        661     2.7500  0.000e+00
     75.675     7.9523   3.422215    32.8787        662     2.7542  0.000e+00
     75.845     7.9546   3.422115    32.8753        663     2.7583  0.000e+00
     76.026     7.9561   3.422090    32.8735        664     2.7625  0.000e+00
     76.212     7.9568   3.422071    32.8726        665     2.7667  0.000e+00
     76.411     7.9569   3.421983    32.8714        666     2.7708  0.000e+00
     76.611     7.9567   3.421946    32.8712        667     2.7750  0.000e+00
     76.825     7.9564   3.421983    32.8717        668     2.7792  0.000e+00
     77.036     7.9562   3.422009    32.8721        669     2.7833  0.000e+00
     77.245     7.9561   3.422009    32.8721        670     2.7875  0.000e+00
     77.449     7.9559   3.421883    32.8708        671     2.7917  0.000e+00
     77.653     7.9556   3.421902    32.8713        672     2.7958  0.000e+00
     77.859     7.9554   3.421940    32.8718        673     2.8000  0.000e+00
     78.061     7.9552   3.422009    32.8726        674     2.8042  0.000e+00
     78.249     7.9555   3.422097    32.8731        675     2.8083  0.000e+00
     78.440     7.9561   3.422066    32.8721        676     2.8125  0.000e+00
     78.612     7.9565   3.422091    32.8720        677     2.8167  0.000e+00
     78.765     7.9566   3.421921    32.8699        678     2.8208  0.000e+00
     78.908     7.9563   3.421695    32.8678        679     2.8250  0.000e+00
     79.034     7.9554   3.421526    32.8668        680     2.8292  0.000e+00
     79.140     7.9542   3.421463    32.8671        681     2.8333  0.000e+00
     79.228     7.9531   3.421507    32.8686        682     2.8375  0.000e+00
     79.308     7.9524   3.421507    32.8693        683     2.8417  0.000e+00
     79.376     7.9518   3.421488    32.8696        684     2.8458  0.000e+00
     79.436     7.9515   3.421507    32.8701        685     2.8500  0.000e+00
     79.503     7.9511   3.421507    32.8704        686     2.8542  0.000e+00
     79.568     7.9511   3.421507    32.8704        687     2.8583  0.000e+00
     79.638     7.9510   3.421482    32.8701        688     2.8625  0.000e+00
     79.718     7.9510   3.421488    32.8702        689     2.8667  0.000e+00
     79.813     7.9510   3.421482    32.8701        690     2.8708  0.000e+00
     79.924     7.9511   3.421526    32.8704        691     2.8750  0.000e+00
     80.048     7.9513   3.421614    32.8711        692     2.8792  0.000e+00
     80.193     7.9515   3.421570    32.8703        693     2.8833  0.000e+00
     80.365     7.9519   3.421633    32.8706        694     2.8875  0.000e+00
     80.543     7.9520   3.421746    32.8716        695     2.8917  0.000e+00
     80.741     7.9524   3.421859    32.8723        696     2.8958  0.000e+00
     80.948     7.9533   3.422029    32.8732        697     2.9000  0.000e+00
     81.167     7.9545   3.422161    32.8734        698     2.9042  0.000e+00
     81.396     7.9556   3.422192    32.8725        699     2.9083  0.000e+00
     81.620     7.9568   3.422186    32.8713        700     2.9125  0.000e+00
     81.852     7.9573   3.422111    32.8699        701     2.9167  0.000e+00
     82.079     7.9572   3.422130    32.8701        702     2.9208  0.000e+00
     82.278     7.9571   3.422117    32.8700        703     2.9250  0.000e+00
     82.469     7.9569   3.422092    32.8698        704     2.9292  0.000e+00
     82.637     7.9566   3.421879    32.8677        705     2.9333  0.000e+00
     82.796     7.9554   3.421860    32.8686        706     2.9375  0.000e+00
     82.934     7.9545   3.421810    32.8688        707     2.9417  0.000e+00
     83.060     7.9535   3.421778    32.8693        708     2.9458  0.000e+00
     83.169     7.9530   3.421841    32.8705        709     2.9500  0.000e+00
     83.268     7.9528   3.421835    32.8705        710     2.9542  0.000e+00
     83.354     7.9525   3.421778    32.8702        711     2.9583  0.000e+00
     83.446     7.9523   3.421747    32.8700        712     2.9625  0.000e+00
     83.533     7.9521   3.421778    32.8705        713     2.9667  0.000e+00
     83.620     7.9518   3.421797    32.8709        714     2.9708  0.000e+00
     83.703     7.9521   3.421766    32.8702        715     2.9750  0.000e+00
     83.768     7.9521   3.421760    32.8702        716     2.9792  0.000e+00
     83.827     7.9521   3.421791    32.8705        717     2.9833  0.000e+00
     83.867     7.9521   3.421841    32.8710        718     2.9875  0.000e+00
     83.888     7.9524   3.421778    32.8700        719     2.9917  0.000e+00
     83.881     7.9525   3.421747    32.8696        720     2.9958  0.000e+00
     83.861     7.9525   3.421697    32.8691        721     3.0000  0.000e+00
     83.837     7.9523   3.421659    32.8689        722     3.0042  0.000e+00
     83.830     7.9519   3.421653    32.8692        723     3.0083  0.000e+00
     83.825     7.9519   3.421653    32.8692        724     3.0125  0.000e+00
     83.841     7.9518   3.421703    32.8698        725     3.0167  0.000e+00
     83.859     7.9517   3.421716    32.8700        726     3.0208  0.000e+00
     83.875     7.9520   3.421747    32.8700        727     3.0250  0.000e+00
     83.896     7.9524   3.421760    32.8698        728     3.0292  0.000e+00
     83.916     7.9525   3.421760    32.8697        729     3.0333  0.000e+00
     83.936     7.9527   3.421684    32.8687        730     3.0375  0.000e+00
     83.950     7.9528   3.421672    32.8685        731     3.0417  0.000e+00
     83.961     7.9524   3.421640    32.8685        732     3.0458  0.000e+00
     83.972     7.9521   3.421615    32.8685        733     3.0500  0.000e+00
     83.978     7.9517   3.421571    32.8685        734     3.0542  0.000e+00
     83.974     7.9513   3.421552    32.8686        735     3.0583  0.000e+00
     83.968     7.9507   3.421508    32.8687        736     3.0625  0.000e+00
     83.954     7.9504   3.421483    32.8687        737     3.0667  0.000e+00
     83.930     7.9500   3.421490    32.8691        738     3.0708  0.000e+00
     83.899     7.9499   3.421490    32.8693        739     3.0750  0.000e+00
     83.868     7.9497   3.421527    32.8699        740     3.0792  0.000e+00
     83.848     7.9496   3.421508    32.8698        741     3.0833  0.000e+00
     83.826     7.9496   3.421508    32.8698        742     3.0875  0.000e+00
     83.811     7.9495   3.421552    32.8704        743     3.0917  0.000e+00
     83.802     7.9496   3.421571    32.8705        744     3.0958  0.000e+00
     83.788     7.9495   3.421615    32.8710        745     3.1000  0.000e+00
     83.772     7.9496   3.421634    32.8712        746     3.1042  0.000e+00
     83.748     7.9497   3.421640    32.8712        747     3.1083  0.000e+00
     83.717     7.9497   3.421634    32.8711        748     3.1125  0.000e+00
     83.682     7.9498   3.421596    32.8706        749     3.1167  0.000e+00
     83.639     7.9498   3.421571    32.8704        750     3.1208  0.000e+00
     83.577     7.9496   3.421571    32.8706        751     3.1250  0.000e+00
     83.512     7.9496   3.421552    32.8704        752     3.1292  0.000e+00
     83.438     7.9494   3.421552    32.8706        753     3.1333  0.000e+00
     83.371     7.9494   3.421552    32.8707        754     3.1375  0.000e+00
     83.306     7.9494   3.421508    32.8702        755     3.1417  0.000e+00
     83.243     7.9492   3.421508    32.8705        756     3.1458  0.000e+00
     83.194     7.9493   3.421508    32.8703        757     3.1500  0.000e+00
     83.158     7.9493   3.421489    32.8702        758     3.1542  0.000e+00
     83.129     7.9494   3.421508    32.8703        759     3.1583  0.000e+00
     83.114     7.9494   3.421527    32.8705        760     3.1625  0.000e+00
     83.112     7.9498   3.421552    32.8704        761     3.1667  0.000e+00
     83.114     7.9500   3.421552    32.8702        762     3.1708  0.000e+00
     83.131     7.9500   3.421552    32.8702        763     3.1750  0.000e+00
     83.149     7.9500   3.421552    32.8702        764     3.1792  0.000e+00
     83.165     7.9501   3.421590    32.8705        765     3.1833  0.000e+00
     83.186     7.9501   3.421615    32.8707        766     3.1875  0.000e+00
     83.199     7.9501   3.421615    32.8707        767     3.1917  0.000e+00
     83.215     7.9501   3.421615    32.8708        768     3.1958  0.000e+00
     83.222     7.9501   3.421615    32.8708        769     3.2000  0.000e+00
     83.206     7.9499   3.421552    32.8703        770     3.2042  0.000e+00
     83.175     7.9499   3.421552    32.8703        771     3.2083  0.000e+00
     83.137     7.9499   3.421527    32.8701        772     3.2125  0.000e+00
     83.077     7.9498   3.421508    32.8700        773     3.2167  0.000e+00
     83.001     7.9495   3.421464    32.8698        774     3.2208  0.000e+00
     82.908     7.9496   3.421401    32.8691        775     3.2250  0.000e+00
     82.802     7.9494   3.421401    32.8693        776     3.2292  0.000e+00
     82.684     7.9496   3.421420    32.8694        777     3.2333  0.000e+00
     82.557     7.9495   3.421382    32.8691        778     3.2375  0.000e+00
     82.417     7.9495   3.421376    32.8691        779     3.2417  0.000e+00
     82.283     7.9496   3.421426    32.8697        780     3.2458  0.000e+00
     82.140     7.9494   3.421420    32.8698        781     3.2500  0.000e+00
     82.012     7.9493   3.421426    32.8700        782     3.2542  0.000e+00
     81.885     7.9493   3.421382    32.8697        783     3.2583  0.000e+00
     81.770     7.9492   3.421395    32.8699        784     3.2625  0.000e+00
     81.675     7.9491   3.421382    32.8699        785     3.2667  0.000e+00
     81.592     7.9491   3.421395    32.8701        786     3.2708  0.000e+00
     81.520     7.9490   3.421363    32.8699        787     3.2750  0.000e+00
     81.463     7.9492   3.421363    32.8698        788     3.2792  0.000e+00
     81.410     7.9492   3.421376    32.8699        789     3.2833  0.000e+00
     81.381     7.9491   3.421363    32.8699        790     3.2875  0.000e+00
     81.352     7.9492   3.421351    32.8697        791     3.2917  0.000e+00
     81.322     7.9492   3.421426    32.8705        792     3.2958  0.000e+00
     81.294     7.9493   3.421426    32.8704        793     3.3000  0.000e+00
     81.269     7.9494   3.421395    32.8700        794     3.3042  0.000e+00
     81.234     7.9496   3.421401    32.8698        795     3.3083  0.000e+00
     81.191     7.9497   3.421464    32.8705        796     3.3125  0.000e+00
     81.143     7.9500   3.421445    32.8700        797     3.3167  0.000e+00
     81.089     7.9500   3.421426    32.8698        798     3.3208  0.000e+00
     81.028     7.9500   3.421394    32.8695        799     3.3250  0.000e+00
     80.966     7.9497   3.421363    32.8695        800     3.3292  0.000e+00
     80.898     7.9497   3.421306    32.8689        801     3.3333  0.000e+00
     80.811     7.9494   3.421300    32.8692        802     3.3375  0.000e+00
     80.722     7.9490   3.421319    32.8698        803     3.3417  0.000e+00
     80.613     7.9491   3.421331    32.8699        804     3.3458  0.000e+00
     80.496     7.9490   3.421275    32.8694        805     3.3500  0.000e+00
     80.366     7.9490   3.421243    32.8691        806     3.3542  0.000e+00
     80.224     7.9487   3.421237    32.8694        807     3.3583  0.000e+00
     80.075     7.9484   3.421237    32.8697        808     3.3625  0.000e+00
     79.917     7.9484   3.421218    32.8696        809     3.3667  0.000e+00
     79.756     7.9484   3.421218    32.8697        810     3.3708  0.000e+00
     79.588     7.9484   3.421218    32.8698        811     3.3750  0.000e+00
     79.413     7.9483   3.421193    32.8697        812     3.3792  0.000e+00
     79.246     7.9483   3.421199    32.8699        813     3.3833  0.000e+00
     79.073     7.9482   3.421174    32.8698        814     3.3875  0.000e+00
     78.896     7.9483   3.421155    32.8695        815     3.3917  0.000e+00
     78.722     7.9483   3.421111    32.8691        816     3.3958  0.000e+00
     78.567     7.9481   3.421130    32.8696        817     3.4000  0.000e+00
     78.413     7.9481   3.421243    32.8709        818     3.4042  0.000e+00
     78.283     7.9476   3.421193    32.8709        819     3.4083  0.000e+00
     78.180     7.9473   3.421155    32.8708        820     3.4125  0.000e+00
     78.104     7.9470   3.421155    32.8712        821     3.4167  0.000e+00
     78.046     7.9469   3.421092    32.8706        822     3.4208  0.000e+00
     77.999     7.9470   3.421086    32.8705        823     3.4250  0.000e+00
     77.975     7.9472   3.421192    32.8714        824     3.4292  0.000e+00
     77.950     7.9472   3.421236    32.8719        825     3.4333  0.000e+00
     77.943     7.9472   3.421262    32.8722        826     3.4375  0.000e+00
     77.925     7.9474   3.421274    32.8721        827     3.4417  0.000e+00
     77.890     7.9475   3.421287    32.8722        828     3.4458  0.000e+00
     77.856     7.9477   3.421274    32.8719        829     3.4500  0.000e+00
     77.811     7.9478   3.421236    32.8714        830     3.4542  0.000e+00
