HB2503/ctd007.cnv
* Sea-Bird SBE 9 Data File:
* FileName = C:\cruise\data\ctd007.hex
* Software Version Seasave V 7.26.7.121
* Temperature SN = 4591
* Conductivity SN = 6006
* Number of Bytes Per Scan = 37
* Number of Voltage Words = 4
* Number of Scans Averaged by the Deck Unit = 1
* NMEA Latitude = 39 42.35 N
* NMEA Longitude = 073 59.24 W
* NMEA UTC (Time) = May 30 2025 19:09:29
* NMEA baud rate = 4800
** Ship: Bigelow HB2502
** Program:  Spring Bottom Trawl
** Chief Scientist:Jon Galbraith
# nquan = 10
# nvalues = 35                          
# units = specified
# name 0 = depSM: Depth [salt water, m]
# name 1 = t090C: Temperature [ITS-90, deg C]
# name 2 = c0S/m: Conductivity [S/m]
# name 3 = sal00: Salinity, Practical [PSU]
# name 4 = scan: Scan Count
# name 5 = timeM: Time, Elapsed [minutes]
# name 6 = sbeox0Mg/L: Oxygen, SBE 43 [mg/l]
# name 7 = sbeox1Mg/L: Oxygen, SBE 43, 2 [mg/l]
# name 8 = par: PAR/Irradiance, Biospherical/Licor
# name 9 = flag: flag
# span 0 =      1.000,     19.000       
# span 1 =    12.9011,    15.4505       
# span 2 =   3.660718,   3.806542       
# span 3 =    29.0978,    31.4757       
# span 4 =        206,       7661       
# span 5 =     0.1423,     5.3194       
# span 6 =     6.1130,     9.1718       
# span 7 =     6.6110,     9.6012       
# span 8 = 4.5945e+00, 4.0057e+03       
# span 9 = 0.0000e+00, 0.0000e+00       
# interval = meters: 1                  
# start_time = May 30 2025 19:09:29 [NMEA time, header]
# bad_flag = -9.990e-29
*END*
      3.000    15.2905   3.660718    29.0978        206     0.1423     6.4177     6.6782 1.5121e+03 0.0000e+00
      4.000    15.2889   3.703678    29.4781        360     0.2495     6.2220     6.7442 9.5972e+02 0.0000e+00
      5.000    15.2620   3.721983    29.6599        411     0.2850     6.2086     6.6110 6.2409e+02 0.0000e+00
      6.000    15.2818   3.754268    29.9305        444     0.3079     6.1130     7.1664 3.5779e+02 0.0000e+00
      7.000    15.1954   3.746310    29.9259        481     0.3335     6.3257     8.7306 2.1236e+02 0.0000e+00
      8.000    14.4696   3.760827    30.6186        521     0.3613     6.2233     9.6012 1.3685e+02 0.0000e+00
      9.000    14.1463   3.763465    30.8990        555     0.3849     6.2354     9.3729 9.3803e+01 0.0000e+00
     10.000    14.0625   3.765551    30.9850        586     0.4063     6.2180     9.1283 6.7713e+01 0.0000e+00
     11.000    14.0672   3.771488    31.0352        619     0.4295     6.2649     8.8748 4.9806e+01 0.0000e+00
     12.000    14.0743   3.779689    31.1042        662     0.4589     6.3300     8.8148 3.6970e+01 0.0000e+00
     13.000    14.0858   3.786016    31.1524        701     0.4864     6.2712     8.9516 2.8087e+01 0.0000e+00
     14.000    14.0372   3.790539    31.2328        734     0.5087     6.4097     8.9398 2.1796e+01 0.0000e+00
     15.000    14.0083   3.795695    31.3031        765     0.5305     6.4530     8.9552 1.7604e+01 0.0000e+00
     16.000    13.9661   3.800252    31.3790        801     0.5557     6.4461     8.9300 1.4064e+01 0.0000e+00
     17.000    13.9542   3.804129    31.4239        841     0.5831     6.5579     8.8339 1.1146e+01 0.0000e+00
     18.000    13.4877   3.768342    31.4757       1496     1.0380     7.0241     8.1234 8.0307e+00 0.0000e+00
     19.000    12.9011   3.715465    31.4666       3232     2.2436     9.1718     9.3403 4.5945e+00 0.0000e+00
     18.000    13.5351   3.762886    31.3858       2351     1.6318     7.3615     7.5363 6.5883e+00 0.0000e+00
     17.000    13.9179   3.796458    31.3830       2379     1.6514     7.0129     7.7539 9.2247e+00 0.0000e+00
     16.000    13.9604   3.800910    31.3897       2436     1.6912     7.7165     8.9484 1.1273e+01 0.0000e+00
     15.000    13.9820   3.802893    31.3907       2483     1.7236     8.1176     8.8112 1.2774e+01 0.0000e+00
     14.000    14.0244   3.806329    31.3880       2511     1.7429     8.0782     8.9149 1.7106e+01 0.0000e+00
     13.000    14.0512   3.806542    31.3686       2538     1.7621     8.0844     8.9690 2.3656e+01 0.0000e+00
     12.000    14.0706   3.803664    31.3268       2581     1.7917     8.1663     9.0393 3.1863e+01 0.0000e+00
     11.000    14.0706   3.795584    31.2531       2634     1.8285     8.1816     9.0066 4.1219e+01 0.0000e+00
     10.000    14.0463   3.788581    31.2090       2669     1.8526     8.1912     9.0246 5.5672e+01 0.0000e+00
      9.000    14.1146   3.776516    31.0437       3933     2.7302     8.2246     9.0723 6.8349e+01 0.0000e+00
      8.000    14.5908   3.761018    30.5257       4442     3.0838     8.3047     9.2254 1.1010e+02 0.0000e+00
      7.000    15.2238   3.779287    30.1971       4717     3.2753     8.3868     9.2485 1.8486e+02 0.0000e+00
      6.000    15.4505   3.795254    30.1643       6289     4.3665     8.3988     9.2149 2.9277e+02 0.0000e+00
      5.000    15.4359   3.793986    30.1646       6570     4.5620     8.3824     9.1873 4.5912e+02 0.0000e+00
      4.000    15.4318   3.793809    30.1666       6623     4.5986     8.3964     9.2098 7.9815e+02 0.0000e+00
      3.000    15.4318   3.794062    30.1692       6698     4.6508     8.3918     9.2071 1.2916e+03 0.0000e+00
      2.000    15.4089   3.792544    30.1737       7542     5.2370     8.3939     9.2161 1.9660e+03 0.0000e+00
      1.000    15.4113   3.792313    30.1701       7661     5.3194     8.3819     9.2069 4.0057e+03 0.0000e+00
