HB2503/ctd003.cnv
* Sea-Bird SBE 9 Data File:
* FileName = C:\cruise\data\ctd003.hex
* Software Version Seasave V 7.26.7.121
* Temperature SN = 4591
* Conductivity SN = 6006
* Number of Bytes Per Scan = 37
* Number of Voltage Words = 4
* Number of Scans Averaged by the Deck Unit = 1
* NMEA Latitude = 39 21.10 N
* NMEA Longitude = 073 23.42 W
* NMEA UTC (Time) = May 29 2025 03:53:03
* NMEA baud rate = 4800
** Ship: Bigelow HB2502
** Program:  Spring Bottom Trawl
** Chief Scientist:Jon Galbraith
# nquan = 10
# nvalues = 80                          
# units = specified
# name 0 = depSM: Depth [salt water, m]
# name 1 = t090C: Temperature [ITS-90, deg C]
# name 2 = c0S/m: Conductivity [S/m]
# name 3 = sal00: Salinity, Practical [PSU]
# name 4 = scan: Scan Count
# name 5 = timeM: Time, Elapsed [minutes]
# name 6 = sbeox0Mg/L: Oxygen, SBE 43 [mg/l]
# name 7 = sbeox1Mg/L: Oxygen, SBE 43, 2 [mg/l]
# name 8 = par: PAR/Irradiance, Biospherical/Licor
# name 9 = flag: flag
# span 0 =      2.000,     42.000       
# span 1 =     7.8909,    14.2042       
# span 2 =   3.426109,   3.941032       
# span 3 =    32.4619,    33.1806       
# span 4 =         -1,      10249       
# span 5 =    -0.0011,     7.1169       
# span 6 =     6.1618,     9.0630       
# span 7 =     8.6226,    10.0874       
# span 8 = -9.177e-04, 1.6084e+01       
# span 9 = 0.0000e+00, 0.0000e+00       
# interval = meters: 1                  
# start_time = May 29 2025 03:53:03 [NMEA time, header]
# bad_flag = -9.990e-29
*END*
      3.000    14.1993   3.941032    32.4842         -1    -0.0011     6.5480     9.0625 1.2447e+01 0.0000e+00
      4.000    14.1966   3.940492    32.4812         52     0.0351     6.4586     9.0636 1.0064e+01 0.0000e+00
      5.000    14.1923   3.940560    32.4850        302     0.2090     6.3337     9.0497 7.2710e+00 0.0000e+00
      6.000    14.1916   3.939902    32.4791        342     0.2365     6.2053     9.0454 6.0635e+00 0.0000e+00
      7.000    14.1925   3.940651    32.4849        371     0.2572     6.1900     9.0476 4.5642e+00 0.0000e+00
      8.000    14.1918   3.939949    32.4787        402     0.2786     6.1618     9.0656 3.5737e+00 0.0000e+00
      9.000    14.1896   3.939531    32.4762        426     0.2954     6.3504     9.0880 2.4890e+00 0.0000e+00
     10.000    14.1898   3.939191    32.4726        446     0.3090     6.5933     9.0834 1.9721e+00 0.0000e+00
     11.000    14.1820   3.939202    32.4788        468     0.3241     6.7174     9.0690 1.4833e+00 0.0000e+00
     12.000    14.1495   3.940117    32.5142        505     0.3497     6.7254     9.0733 1.0976e+00 0.0000e+00
     13.000    14.0290   3.936653    32.5837        548     0.3796     6.7011     9.1200 7.3233e-01 0.0000e+00
     14.000    13.9523   3.928959    32.5772        569     0.3942     6.5980     9.1309 6.1188e-01 0.0000e+00
     15.000    13.8925   3.923449    32.5766        585     0.4059     6.6054     9.1250 4.4499e-01 0.0000e+00
     16.000    13.6984   3.918942    32.6997        604     0.4189     6.9177     9.1513 3.7807e-01 0.0000e+00
     17.000    13.3926   3.892723    32.7163        639     0.4429     7.5855     9.1553 2.6904e-01 0.0000e+00
     18.000    13.2318   3.867816    32.6204        687     0.4761     7.6344     9.2756 1.9079e-01 0.0000e+00
     19.000    13.1116   3.856657    32.6182        714     0.4953     8.1043     9.2702 1.2600e-01 0.0000e+00
     20.000    13.0905   3.853361    32.6049        737     0.5114     8.2436     9.2323 8.3853e-02 0.0000e+00
     21.000    13.0596   3.851537    32.6139        758     0.5259     8.2943     9.2225 5.2489e-02 0.0000e+00
     22.000    12.9707   3.845181    32.6300        778     0.5395     8.2772     9.2378 3.4376e-02 0.0000e+00
     23.000    12.8638   3.834938    32.6248        802     0.5561     8.2729     9.2364 1.3008e-02 0.0000e+00
     24.000    12.7756   3.826509    32.6207        855     0.5934     8.2814     9.2226 -9.177e-04 0.0000e+00
     25.000    11.7528   3.771030    32.9832        896     0.6213     8.4753     9.4168 1.0000e-12 0.0000e+00
     26.000    10.7637   3.684183    33.0122        914     0.6343     8.6337     9.4762 1.0000e-12 0.0000e+00
     27.000    10.0761   3.632440    33.1165        931     0.6460     8.6999     9.4323 1.0000e-12 0.0000e+00
     28.000     9.6655   3.593374    33.0950        951     0.6595     8.6283     9.5310 1.0000e-12 0.0000e+00
     29.000     9.1742   3.550845    33.1108        981     0.6805     8.6844     9.9172 1.0000e-12 0.0000e+00
     30.000     8.7806   3.515385    33.1079       1023     0.7096     8.9824    10.0874 1.0000e-12 0.0000e+00
     31.000     8.1224   3.463658    33.1806       1054     0.7314     9.0630     9.9878 1.0000e-12 0.0000e+00
     32.000     7.8937   3.438664    33.1302       1080     0.7490     8.9772     9.7351 1.0000e-12 0.0000e+00
     33.000     7.8920   3.435649    33.0991       1107     0.7682     8.6853     9.2459 1.0000e-12 0.0000e+00
     34.000     7.8915   3.434022    33.0817       1139     0.7903     8.2443     8.6822 1.0000e-12 0.0000e+00
     35.000     7.8916   3.433174    33.0720       1167     0.8098     7.9532     8.6226 1.0000e-12 0.0000e+00
     36.000     7.8918   3.432354    33.0626       1193     0.8276     7.8946     8.6865 1.0000e-12 0.0000e+00
     37.000     7.8924   3.431701    33.0546       1222     0.8476     7.8830     8.7327 1.0000e-12 0.0000e+00
     38.000     7.8929   3.431045    33.0467       1256     0.8716     7.8800     8.7663 1.0000e-12 0.0000e+00
     39.000     7.8929   3.430588    33.0413       1289     0.8947     7.9261     8.7682 1.0000e-12 0.0000e+00
     40.000     7.8946   3.430591    33.0392       1317     0.9138     7.9333     8.7649 1.0000e-12 0.0000e+00
     41.000     7.8949   3.430427    33.0368       1340     0.9296     7.9313     8.7626 1.0000e-12 0.0000e+00
     42.000     7.9076   3.429959    33.0192       1591     1.1043     7.9053     8.7567 1.0000e-12 0.0000e+00
     41.000     7.8960   3.427569    33.0052       2440     1.6940     7.9217     8.7534 1.0000e-12 0.0000e+00
     40.000     7.8949   3.427242    33.0031       3114     2.1621     7.9940     8.7548 1.0000e-12 0.0000e+00
     39.000     7.8955   3.427143    33.0020       3645     2.5304     7.9996     8.7586 1.0000e-12 0.0000e+00
     38.000     7.8944   3.426938    33.0013       3667     2.5458     8.0085     8.7630 1.0000e-12 0.0000e+00
     37.000     7.8940   3.426832    33.0011       3693     2.5641     8.0096     8.7576 1.0000e-12 0.0000e+00
     36.000     7.8934   3.426734    33.0010       3724     2.5852     7.9985     8.7556 1.0000e-12 0.0000e+00
     35.000     7.8930   3.426630    33.0008       3767     2.6151     7.9856     8.7627 1.0000e-12 0.0000e+00
     34.000     7.8930   3.426589    33.0008       3806     2.6426     8.0048     8.7694 1.0000e-12 0.0000e+00
     33.000     7.8924   3.426475    33.0006       3844     2.6690     8.0022     8.7617 1.0000e-12 0.0000e+00
     32.000     7.8914   3.426257    32.9997       3894     2.7032     7.9922     8.7530 1.0000e-12 0.0000e+00
     31.000     7.8909   3.426109    32.9991       3931     2.7289     8.0079     8.7646 1.0000e-12 0.0000e+00
     30.000     7.9779   3.432268    32.9831       3956     2.7466     7.9938     8.7407 1.0000e-12 0.0000e+00
     29.000     8.4163   3.466882    32.9391       3984     2.7661     7.9212     8.7019 1.0000e-12 0.0000e+00
     28.000     8.9491   3.513714    32.9345       4045     2.8082     8.3562     9.3717 1.0000e-12 0.0000e+00
     27.000     9.3925   3.547633    32.8769       4092     2.8411     8.8254     9.7934 1.0000e-12 0.0000e+00
     26.000     9.7076   3.572810    32.8470       4130     2.8672     8.9499     9.8574 1.0000e-12 0.0000e+00
     25.000    10.1735   3.608226    32.7839       4166     2.8926     8.9475     9.7991 1.0000e-12 0.0000e+00
     24.000    10.9250   3.664028    32.6679       4191     2.9098     8.8353     9.6414 1.0000e-12 0.0000e+00
     23.000    12.6689   3.809724    32.5545       5871     4.0766     8.7064     9.3887 1.0000e-12 0.0000e+00
     22.000    12.8348   3.823447    32.5413       7093     4.9248     8.5431     9.2195 8.1532e-06 0.0000e+00
     21.000    12.9432   3.832999    32.5389       7156     4.9686     8.4586     9.1834 3.1874e-03 0.0000e+00
     20.000    13.0908   3.846674    32.5416       7210     5.0066     8.4027     9.1852 2.4533e-02 0.0000e+00
     19.000    13.1134   3.848979    32.5443       7271     5.0490     8.4233     9.2176 4.5498e-02 0.0000e+00
     18.000    13.1413   3.850662    32.5367       7291     5.0627     8.4218     9.2113 5.7337e-02 0.0000e+00
     17.000    13.2518   3.859358    32.5242       7310     5.0754     8.4091     9.1928 7.9072e-02 0.0000e+00
     16.000    13.3492   3.868068    32.5231       7330     5.0896     8.4022     9.2056 1.1586e-01 0.0000e+00
     15.000    13.4725   3.879880    32.5287       7420     5.1518     8.4466     9.2263 1.8501e-01 0.0000e+00
     14.000    13.7739   3.904324    32.5004       7461     5.1807     8.3876     9.1733 2.5618e-01 0.0000e+00
     13.000    13.9586   3.918948    32.4798       7482     5.1953     8.3861     9.1875 2.9153e-01 0.0000e+00
     12.000    14.0984   3.929748    32.4619       7507     5.2122     8.3889     9.1735 3.7920e-01 0.0000e+00
     11.000    14.1554   3.935972    32.4715       7953     5.5225     8.3183     9.0792 7.1439e-01 0.0000e+00
     10.000    14.1847   3.937892    32.4649       8461     5.8753     8.3041     9.1176 1.0336e+00 0.0000e+00
      9.000    14.1876   3.938217    32.4659       9469     6.5751     8.3142     9.1086 9.5928e-01 0.0000e+00
      8.000    14.1986   3.938905    32.4633       9935     6.8989     8.2970     9.1036 1.5677e+00 0.0000e+00
      7.000    14.2042   3.939229    32.4620       9994     6.9398     8.3079     9.0782 2.5108e+00 0.0000e+00
      6.000    14.2010   3.939011    32.4630      10044     6.9743     8.2970     9.1003 3.5881e+00 0.0000e+00
      5.000    14.1976   3.938751    32.4639      10134     7.0370     8.2997     9.1027 5.8828e+00 0.0000e+00
      4.000    14.1960   3.938632    32.4645      10204     7.0851     8.3181     9.0695 1.0364e+01 0.0000e+00
      3.000    14.1944   3.938461    32.4648      10220     7.0969     8.2903     9.0922 1.1788e+01 0.0000e+00
      2.000    14.1933   3.938321    32.4648      10249     7.1169     8.2805     9.1122 1.6084e+01 0.0000e+00
