HB2503/ctd013.cnv
* Sea-Bird SBE 9 Data File:
* FileName = C:\cruise\data\ctd013.hex
* Software Version Seasave V 7.26.7.121
* Temperature SN = 4591
* Conductivity SN = 6006
* Number of Bytes Per Scan = 37
* Number of Voltage Words = 4
* Number of Scans Averaged by the Deck Unit = 1
* NMEA Latitude = 42 00.68 N
* NMEA Longitude = 067 41.94 W
* NMEA UTC (Time) = Jun 03 2025 21:46:10
* NMEA baud rate = 4800
** Ship: Bigelow HB2502
** Program:  Spring Bottom Trawl
** Chief Scientist:Jon Galbraith
# nquan = 10
# nvalues = 131                         
# units = specified
# name 0 = depSM: Depth [salt water, m]
# name 1 = t090C: Temperature [ITS-90, deg C]
# name 2 = c0S/m: Conductivity [S/m]
# name 3 = sal00: Salinity, Practical [PSU]
# name 4 = scan: Scan Count
# name 5 = timeM: Time, Elapsed [minutes]
# name 6 = sbeox0Mg/L: Oxygen, SBE 43 [mg/l]
# name 7 = sbeox1Mg/L: Oxygen, SBE 43, 2 [mg/l]
# name 8 = par: PAR/Irradiance, Biospherical/Licor
# name 9 = flag: flag
# span 0 =      1.000,     67.000       
# span 1 =     8.7178,    11.5061       
# span 2 =   3.459609,   3.714433       
# span 3 =    32.5319,    33.0941       
# span 4 =        170,      13384       
# span 5 =     0.1174,     9.2936       
# span 6 =     6.1352,     9.2906       
# span 7 =     6.4083,    10.4570       
# span 8 = -6.928e-08, 2.4128e+03       
# span 9 = 0.0000e+00, 0.0000e+00       
# interval = meters: 1                  
# start_time = Jun 03 2025 21:46:10 [NMEA time, header]
# bad_flag = -9.990e-29
*END*
      3.000    11.1936   3.714433    32.9360        170     0.1174     6.1490     6.5796 1.2120e+02 0.0000e+00
      4.000    10.9430   3.707719    33.0941        316     0.2185     6.9688     6.4083 9.9466e+01 0.0000e+00
      5.000    10.8441   3.691014    33.0168        339     0.2351     6.9227     6.6902 7.5022e+01 0.0000e+00
      6.000    10.8187   3.672525    32.8552        361     0.2498     6.8801     6.9350 5.6598e+01 0.0000e+00
      7.000    10.8157   3.667081    32.8033        381     0.2638     6.8726     7.0832 4.1983e+01 0.0000e+00
      8.000    10.8202   3.668285    32.8108        405     0.2804     6.8141     7.0168 3.1387e+01 0.0000e+00
      9.000    10.8021   3.669172    32.8355        436     0.3020     6.5975     7.3986 2.3782e+01 0.0000e+00
     10.000    10.7552   3.667433    32.8598        468     0.3240     6.5607     8.1693 1.8496e+01 0.0000e+00
     11.000    10.7560   3.667363    32.8579        495     0.3432     6.6450     9.0235 1.4706e+01 0.0000e+00
     12.000    10.7494   3.663434    32.8243        520     0.3608     6.5960    10.0865 1.1823e+01 0.0000e+00
     13.000    10.7110   3.662076    32.8448        545     0.3779     6.5125    10.4570 9.5986e+00 0.0000e+00
     14.000    10.6669   3.661670    32.8800        570     0.3954     6.5079    10.4052 7.7655e+00 0.0000e+00
     15.000    10.6625   3.662481    32.8916        596     0.4135     6.4887    10.1861 6.1962e+00 0.0000e+00
     16.000    10.6455   3.661768    32.8994        623     0.4320     6.4491    10.1686 4.9617e+00 0.0000e+00
     17.000    10.6375   3.662688    32.9153        650     0.4507     6.4096    10.1396 4.0449e+00 0.0000e+00
     18.000    10.6393   3.660750    32.8939        678     0.4699     6.4320    10.1011 3.3685e+00 0.0000e+00
     19.000    10.6336   3.660992    32.9011        707     0.4899     6.4278    10.0860 2.8271e+00 0.0000e+00
     20.000    10.6227   3.660132    32.9019        734     0.5090     6.3939    10.0982 2.3592e+00 0.0000e+00
     21.000    10.6152   3.662797    32.9348        759     0.5266     6.3074    10.0524 1.9388e+00 0.0000e+00
     22.000    10.6068   3.659773    32.9117        784     0.5437     6.2275    10.0305 1.5830e+00 0.0000e+00
     23.000    10.6000   3.656343    32.8831        809     0.5614     6.1433    10.0471 1.2927e+00 0.0000e+00
     24.000    10.5760   3.646562    32.8065        837     0.5808     6.1352    10.0652 1.0657e+00 0.0000e+00
     25.000    10.5628   3.637413    32.7263        866     0.6005     6.3285    10.0605 8.8181e-01 0.0000e+00
     26.000    10.5548   3.632759    32.6865        893     0.6193     6.7284    10.0438 7.3993e-01 0.0000e+00
     27.000    10.5899   3.628755    32.6146        919     0.6378     7.2936    10.0299 6.1906e-01 0.0000e+00
     28.000    10.5896   3.627966    32.6066        947     0.6566     7.6950    10.0545 4.9713e-01 0.0000e+00
     29.000    10.5738   3.626471    32.6053        972     0.6745     7.5696    10.1012 4.0395e-01 0.0000e+00
     30.000    10.5452   3.622207    32.5877        998     0.6921     7.7154    10.0968 3.2366e-01 0.0000e+00
     31.000    10.5284   3.620346    32.5838       1024     0.7103     8.4039    10.0896 2.5481e-01 0.0000e+00
     32.000    10.4156   3.611808    32.5988       1052     0.7298     9.0396    10.0992 2.0407e-01 0.0000e+00
     33.000    10.2717   3.601106    32.6198       1081     0.7497     9.2476    10.0915 1.6619e-01 0.0000e+00
     34.000    10.1417   3.587233    32.5964       1107     0.7680     9.2154    10.0648 1.2803e-01 0.0000e+00
     35.000     9.9230   3.571393    32.6328       1133     0.7858     9.1763    10.0623 9.3839e-02 0.0000e+00
     36.000     9.8423   3.559850    32.5880       1159     0.8041     9.1324    10.0117 6.6042e-02 0.0000e+00
     37.000     9.8154   3.556699    32.5798       1187     0.8233     9.0870     9.9675 4.6101e-02 0.0000e+00
     38.000     9.8091   3.555407    32.5719       1215     0.8433     9.0498     9.9413 2.4241e-02 0.0000e+00
     39.000     9.7954   3.554008    32.5696       1242     0.8620     9.0456     9.9522 7.3466e-03 0.0000e+00
     40.000     9.7796   3.552493    32.5681       1266     0.8783     9.0288     9.9652 1.8282e-04 0.0000e+00
     41.000     9.7675   3.551166    32.5650       1289     0.8941     9.0288     9.9639 -6.928e-08 0.0000e+00
     42.000     9.7577   3.550198    32.5635       1314     0.9117     9.0101     9.9480 1.0000e-12 0.0000e+00
     43.000     9.7371   3.548254    32.5620       1344     0.9327     9.0025     9.9224 1.0000e-12 0.0000e+00
     44.000     9.7253   3.547076    32.5602       1376     0.9546     9.0197     9.9155 1.0000e-12 0.0000e+00
     45.000     9.7142   3.546038    32.5592       1404     0.9744     9.0183     9.8830 1.0000e-12 0.0000e+00
     46.000     9.6986   3.544780    32.5601       1430     0.9921     9.0060     9.8804 1.0000e-12 0.0000e+00
     47.000     9.6806   3.543143    32.5591       1454     1.0090     9.0022     9.9003 1.0000e-12 0.0000e+00
     48.000     9.6591   3.541278    32.5591       1479     1.0262     9.0025     9.8938 1.0000e-12 0.0000e+00
     49.000     9.6398   3.539579    32.5588       1506     1.0449     9.0029     9.8726 1.0000e-12 0.0000e+00
     50.000     9.6196   3.537629    32.5568       1535     1.0653     8.9858     9.8552 1.0000e-12 0.0000e+00
     51.000     9.6052   3.536464    32.5574       1564     1.0855     8.9766     9.8501 1.0000e-12 0.0000e+00
     52.000     9.5727   3.533718    32.5583       1590     1.1032     8.9800     9.8548 1.0000e-12 0.0000e+00
     53.000     9.5533   3.532120    32.5591       1613     1.1192     8.9831     9.8460 1.0000e-12 0.0000e+00
     54.000     9.5209   3.529228    32.5585       1636     1.1356     8.9709     9.8585 1.0000e-12 0.0000e+00
     55.000     9.4919   3.526740    32.5589       1664     1.1550     8.9547     9.8436 1.0000e-12 0.0000e+00
     56.000     9.4624   3.524066    32.5578       1699     1.1794     8.9547     9.8349 1.0000e-12 0.0000e+00
     57.000     9.4276   3.521167    32.5592       1730     1.2010     8.9464     9.8184 1.0000e-12 0.0000e+00
     58.000     9.3604   3.516431    32.5711       1754     1.2174     8.9391     9.8176 1.0000e-12 0.0000e+00
     59.000     9.2212   3.505298    32.5828       1778     1.2343     8.9504     9.8346 1.0000e-12 0.0000e+00
     60.000     9.0655   3.491588    32.5829       1810     1.2565     8.9590     9.8064 1.0000e-12 0.0000e+00
     61.000     8.9003   3.478086    32.5935       1850     1.2841     8.9070     9.7530 1.0000e-12 0.0000e+00
     62.000     8.8089   3.469397    32.5865       1886     1.3091     8.8644     9.6961 1.0000e-12 0.0000e+00
     63.000     8.8129   3.469313    32.5815       1924     1.3354     8.7997     9.6372 1.0000e-12 0.0000e+00
     64.000     8.7553   3.464760    32.5864       1958     1.3588     8.7926     9.6415 1.0000e-12 0.0000e+00
     65.000     8.7549   3.464236    32.5809       1988     1.3799     8.8005     9.6257 1.0000e-12 0.0000e+00
     66.000     8.7228   3.461411    32.5804       2091     1.4517     8.7776     9.6199 1.0000e-12 0.0000e+00
     67.000     8.7178   3.459609    32.5657       3263     2.2650     8.7691     9.5957 1.0000e-12 0.0000e+00
     66.000     8.7304   3.461072    32.5698       4567     3.1711     8.7915     9.6262 1.0000e-12 0.0000e+00
     65.000     8.7343   3.461376    32.5700       3897     2.7059     8.7870     9.6292 1.0000e-12 0.0000e+00
     64.000     8.7426   3.461943    32.5687       3924     2.7245     8.7708     9.6207 1.0000e-12 0.0000e+00
     63.000     8.7892   3.465294    32.5613       3959     2.7489     8.7723     9.6206 1.0000e-12 0.0000e+00
     62.000     8.8853   3.473348    32.5575       3999     2.7763     8.7663     9.6261 1.0000e-12 0.0000e+00
     61.000     8.9186   3.476015    32.5552       4039     2.8039     8.8118     9.6480 1.0000e-12 0.0000e+00
     60.000     8.9920   3.482073    32.5514       4076     2.8299     8.8253     9.6831 1.0000e-12 0.0000e+00
     59.000     9.0341   3.485614    32.5500       4106     2.8505     8.8456     9.6815 1.0000e-12 0.0000e+00
     58.000     9.1251   3.493182    32.5458       4132     2.8688     8.8398     9.6754 1.0000e-12 0.0000e+00
     57.000     9.3203   3.509036    32.5319       4158     2.8868     8.8267     9.6810 1.0000e-12 0.0000e+00
     56.000     9.4244   3.518310    32.5331       4190     2.9087     8.8760     9.7497 1.0000e-12 0.0000e+00
     55.000     9.4648   3.522115    32.5360       4234     2.9394     8.9559     9.8254 1.0000e-12 0.0000e+00
     54.000     9.4982   3.525143    32.5372       4271     2.9651     8.9788     9.8358 1.0000e-12 0.0000e+00
     53.000     9.4979   3.525268    32.5392       4293     2.9805     8.9815     9.8502 1.0000e-12 0.0000e+00
     52.000     9.5310   3.527860    32.5362       4313     2.9943     8.9789     9.8457 1.0000e-12 0.0000e+00
     51.000     9.5590   3.530347    32.5367       4333     3.0083     8.9697     9.8383 1.0000e-12 0.0000e+00
     50.000     9.5891   3.532943    32.5365       4356     3.0243     8.9720     9.8359 1.0000e-12 0.0000e+00
     49.000     9.6281   3.536446    32.5374       4387     3.0457     8.9688     9.8450 1.0000e-12 0.0000e+00
     48.000     9.6488   3.538367    32.5387       4425     3.0723     9.0003     9.8792 1.0000e-12 0.0000e+00
     47.000     9.6649   3.539829    32.5395       4458     3.0953     9.0225     9.8772 1.0000e-12 0.0000e+00
     46.000     9.6807   3.541190    32.5396       4486     3.1147     9.0269     9.8930 1.0000e-12 0.0000e+00
     45.000     9.6948   3.542486    32.5405       4515     3.1346     9.0319     9.8899 1.0000e-12 0.0000e+00
     44.000     9.7079   3.543658    32.5410       4553     3.1612     9.0341     9.9211 1.0000e-12 0.0000e+00
     43.000     9.7317   3.545763    32.5414       4601     3.1942     9.0599     9.9255 8.6372e-05 0.0000e+00
     42.000     9.7447   3.546909    32.5418       4636     3.2188     9.0660     9.9369 1.3546e-03 0.0000e+00
     41.000     9.7551   3.547823    32.5422       4666     3.2398     9.0796     9.9562 1.3371e-02 0.0000e+00
     40.000     9.7786   3.549887    32.5424       4705     3.2663     9.0866     9.9628 3.0763e-02 0.0000e+00
     39.000     9.7899   3.550941    32.5434       4757     3.3031     9.0797     9.9724 4.1647e-02 0.0000e+00
     38.000     9.7964   3.551521    32.5438       4790     3.3260     9.1060     9.9757 6.7091e-02 0.0000e+00
     37.000     9.8025   3.552064    32.5443       4817     3.3444     9.1146     9.9898 1.0174e-01 0.0000e+00
     36.000     9.8240   3.554177    32.5468       5606     3.8921     9.1301    10.0058 1.6477e-01 0.0000e+00
     35.000     9.8191   3.553711    32.5469       6312     4.3825     9.1325    10.0158 1.9517e-01 0.0000e+00
     34.000     9.8448   3.555942    32.5468       6447     4.4763     9.1392    10.0311 2.6420e-01 0.0000e+00
     33.000     9.8643   3.557591    32.5465       6496     4.5102     9.1453    10.0452 3.2930e-01 0.0000e+00
     32.000    10.0076   3.569875    32.5424       6558     4.5535     9.1381    10.0406 3.9594e-01 0.0000e+00
     31.000    10.1397   3.581559    32.5422       6634     4.6062     9.1850    10.0607 5.0524e-01 0.0000e+00
     30.000    10.2064   3.587438    32.5421       6686     4.6424     9.1810    10.0878 6.1837e-01 0.0000e+00
     29.000    10.3099   3.596581    32.5418       6751     4.6876     9.1694    10.0757 7.4594e-01 0.0000e+00
     28.000    10.3586   3.601116    32.5441       6814     4.7313     9.1991    10.0982 9.1411e-01 0.0000e+00
     27.000    10.4061   3.605294    32.5440       6892     4.7852     9.1971    10.0698 1.1547e+00 0.0000e+00
     26.000    10.4687   3.610902    32.5447       6952     4.8270     9.1862    10.0799 1.3847e+00 0.0000e+00
     25.000    10.4845   3.612438    32.5464       7026     4.8786     9.2139    10.1239 1.6681e+00 0.0000e+00
     24.000    10.4942   3.613330    32.5471       7104     4.9323     9.1945    10.1099 2.0191e+00 0.0000e+00
     23.000    10.5314   3.616561    32.5466       7144     4.9606     9.2107    10.0966 2.5367e+00 0.0000e+00
     22.000    10.5523   3.618493    32.5477       7207     5.0040     9.2292    10.1496 3.0179e+00 0.0000e+00
     21.000    10.5592   3.619080    32.5479       7267     5.0456     9.2567    10.1705 3.5728e+00 0.0000e+00
     20.000    10.5835   3.621221    32.5480       7308     5.0742     9.2431    10.1506 4.6672e+00 0.0000e+00
     19.000    10.5753   3.620568    32.5493       7361     5.1114     9.2527    10.1652 5.5886e+00 0.0000e+00
     18.000    10.5893   3.621752    32.5490       7427     5.1571     9.2634    10.1454 6.5187e+00 0.0000e+00
     17.000    10.6079   3.623326    32.5486       7465     5.1830     9.2561    10.1398 8.5824e+00 0.0000e+00
     16.000    10.6424   3.626465    32.5496       7513     5.2170     9.2778    10.1884 1.0640e+01 0.0000e+00
     15.000    10.5924   3.622274    32.5528       9232     6.4103     9.2789    10.1937 1.5459e+01 0.0000e+00
     14.000    10.6001   3.622830    32.5519       9703     6.7372     9.2465    10.2027 1.9212e+01 0.0000e+00
     13.000    10.6422   3.626171    32.5481       9709     6.7414     9.2540    10.1633 2.3126e+01 0.0000e+00
     12.000    10.7237   3.633374    32.5477       9736     6.7605     9.2626    10.1724 2.7415e+01 0.0000e+00
     11.000    10.7660   3.637294    32.5496       9770     6.7844     9.2812    10.2039 3.3987e+01 0.0000e+00
     10.000    10.8397   3.643950    32.5506       9822     6.8200     9.2900    10.2367 4.7593e+01 0.0000e+00
      9.000    10.8835   3.648111    32.5534      10678     7.4145     9.2835    10.2053 4.7931e+01 0.0000e+00
      8.000    10.7185   3.633060    32.5510      12122     8.4176     9.2906    10.2217 5.1271e+01 0.0000e+00
      7.000    10.7622   3.636919    32.5509      12184     8.4603     9.2625    10.2080 6.4301e+01 0.0000e+00
      6.000    10.8285   3.642825    32.5511      12213     8.4808     9.2512    10.1875 7.8725e+01 0.0000e+00
      5.000    11.0164   3.658711    32.5422      12245     8.5027     9.2307    10.1632 1.0234e+02 0.0000e+00
      4.000    11.1651   3.672109    32.5433      12274     8.5229     9.2351    10.1651 1.2980e+02 0.0000e+00
      3.000    11.1617   3.672287    32.5485      12316     8.5523     9.2389    10.1432 1.6923e+02 0.0000e+00
      2.000    11.4728   3.700555    32.5521      12964     9.0022     9.1840    10.0955 2.9766e+02 0.0000e+00
      1.000    11.5061   3.702708    32.5441      13384     9.2936     9.1766    10.0691 2.4128e+03 0.0000e+00
