HB2503/ctd010.cnv
* Sea-Bird SBE 9 Data File:
* FileName = C:\cruise\data\ctd010.hex
* Software Version Seasave V 7.26.7.121
* Temperature SN = 4591
* Conductivity SN = 6006
* Number of Bytes Per Scan = 37
* Number of Voltage Words = 4
* Number of Scans Averaged by the Deck Unit = 1
* NMEA Latitude = 40 01.71 N
* NMEA Longitude = 070 36.08 W
* NMEA UTC (Time) = Jun 02 2025 04:46:37
* NMEA baud rate = 4800
** Ship: Bigelow HB2502
** Program:  Spring Bottom Trawl
** Chief Scientist:Jon Galbraith
# nquan = 10
# nvalues = 357                         
# units = specified
# name 0 = depSM: Depth [salt water, m]
# name 1 = t090C: Temperature [ITS-90, deg C]
# name 2 = c0S/m: Conductivity [S/m]
# name 3 = sal00: Salinity, Practical [PSU]
# name 4 = scan: Scan Count
# name 5 = timeM: Time, Elapsed [minutes]
# name 6 = sbeox0Mg/L: Oxygen, SBE 43 [mg/l]
# name 7 = sbeox1Mg/L: Oxygen, SBE 43, 2 [mg/l]
# name 8 = par: PAR/Irradiance, Biospherical/Licor
# name 9 = flag: flag
# span 0 =      3.000,    181.000       
# span 1 =    10.6659,    13.5175       
# span 2 =   3.807657,   4.185197       
# span 3 =    31.9946,    35.4618       
# span 4 =        -83,      23297       
# span 5 =    -0.0582,    16.1777       
# span 6 =     4.3368,     8.5525       
# span 7 =     4.7670,     9.4146       
# span 8 = 1.0000e-12, 1.3188e+01       
# span 9 = 0.0000e+00, 0.0000e+00       
# interval = meters: 1                  
# start_time = Jun 02 2025 04:46:37 [NMEA time, header]
# bad_flag = -9.990e-29
*END*
[from data line 289]
     70.000    13.2525   4.137382    35.1259      13383     9.2933     6.1569     6.7473 1.0000e-12 0.0000e+00
     69.000    13.3120   4.144545    35.1392      13401     9.3055     6.1498     6.7399 1.0000e-12 0.0000e+00
     68.000    13.3335   4.146759    35.1407      13417     9.3164     6.1452     6.7598 1.0000e-12 0.0000e+00
     67.000    13.3513   4.148523    35.1415      13433     9.3274     6.1495     6.7740 1.0000e-12 0.0000e+00
     66.000    13.3868   4.151987    35.1419      13453     9.3413     6.1605     6.7938 1.0000e-12 0.0000e+00
     65.000    13.4758   4.159740    35.1336      13500     9.3746     6.1729     6.8248 1.0000e-12 0.0000e+00
     64.000    13.4944   4.160973    35.1284      13545     9.4054     6.2314     6.8313 1.0000e-12 0.0000e+00
     63.000    13.4899   4.160738    35.1308      13566     9.4199     6.2644     6.8899 1.0000e-12 0.0000e+00
     62.000    13.4915   4.160783    35.1302      13583     9.4320     6.2753     6.9271 1.0000e-12 0.0000e+00
     61.000    13.4974   4.161326    35.1303      13599     9.4431     6.2785     6.9332 1.0000e-12 0.0000e+00
     60.000    13.5030   4.161763    35.1297      13616     9.4547     6.2841     6.9141 1.0000e-12 0.0000e+00
     59.000    13.5113   4.162445    35.1290      13640     9.4717     6.2877     6.9044 1.0000e-12 0.0000e+00
     58.000    13.5076   4.161992    35.1285      13709     9.5196     6.2810     6.9247 1.0000e-12 0.0000e+00
     57.000    13.5175   4.162135    35.1211      13737     9.5386     6.2968     6.9272 1.0000e-12 0.0000e+00
     56.000    13.5146   4.161556    35.1188      13753     9.5498     6.2912     6.9501 1.0000e-12 0.0000e+00
     55.000    13.5064   4.160166    35.1136      13768     9.5602     6.2931     6.9697 1.0000e-12 0.0000e+00
     54.000    13.4678   4.154816    35.0991      13783     9.5708     6.3048     6.9795 1.0000e-12 0.0000e+00
     53.000    13.3881   4.143436    35.0654      13801     9.5833     6.3346     6.9993 1.0000e-12 0.0000e+00
     52.000    13.3211   4.131648    35.0159      13845     9.6136     6.3945     7.0756 1.0000e-12 0.0000e+00
     51.000    13.2947   4.123492    34.9634      13899     9.6512     6.5128     7.1505 1.0000e-12 0.0000e+00
     50.000    13.2347   4.115633    34.9445      13915     9.6628     6.5172     7.1629 1.0000e-12 0.0000e+00
     49.000    12.9261   4.077216    34.8632      13931     9.6738     6.5775     7.2709 1.0000e-12 0.0000e+00
     48.000    12.7266   4.048708    34.7750      13948     9.6852     6.6353     7.3487 1.0000e-12 0.0000e+00
     47.000    12.6798   4.040833    34.7430      13973     9.7031     6.6418     7.3759 1.0000e-12 0.0000e+00
     46.000    12.6109   4.029319    34.6963      14025     9.7388     6.7591     7.4825 1.0000e-12 0.0000e+00
     45.000    12.5335   4.019324    34.6720      14050     9.7566     6.7888     7.4732 1.0000e-12 0.0000e+00
     44.000    12.5274   4.018015    34.6654      14068     9.7689     6.7856     7.4803 1.0000e-12 0.0000e+00
     43.000    12.5230   4.017301    34.6631      14086     9.7814     6.7894     7.5036 1.0000e-12 0.0000e+00
     42.000    12.5038   4.014260    34.6519      14111     9.7990     6.8133     7.5164 1.0000e-12 0.0000e+00
     41.000    12.5134   4.014174    34.6426      14160     9.8326     6.8300     7.5300 1.0000e-12 0.0000e+00
     40.000    12.5946   4.019393    34.6185      14190     9.8536     6.8498     7.5128 1.0000e-12 0.0000e+00
     39.000    12.8193   4.042807    34.6370      14208     9.8658     6.8211     7.4940 1.0000e-12 0.0000e+00
     38.000    12.8309   4.042771    34.6265      14225     9.8775     6.8426     7.5804 1.0000e-12 0.0000e+00
     37.000    12.7870   4.034288    34.5860      14245     9.8917     6.9290     7.7039 1.0000e-12 0.0000e+00
     36.000    12.6192   4.009992    34.5073      14283     9.9179     7.0828     7.8488 1.0000e-12 0.0000e+00
     35.000    12.4591   3.987827    34.4413      14322     9.9452     7.1834     7.9669 1.0000e-12 0.0000e+00
     34.000    12.3723   3.975593    34.4033      14345     9.9611     7.2481     8.0083 1.0000e-12 0.0000e+00
     33.000    12.4605   3.979326    34.3589      14365     9.9753     7.2659     8.0193 1.0000e-12 0.0000e+00
     32.000    12.5787   3.987032    34.3254      14387     9.9904     7.2780     8.0540 1.0000e-12 0.0000e+00
     31.000    12.6484   3.990060    34.2914      14417    10.0111     7.3970     8.2529 1.0000e-12 0.0000e+00
     30.000    12.6710   3.989366    34.2646      14460    10.0412     7.6854     8.5389 1.0000e-12 0.0000e+00
     29.000    12.6523   3.984271    34.2331      14494    10.0649     7.7828     8.6368 1.0000e-12 0.0000e+00
     28.000    12.7449   3.984142    34.1483      14519    10.0822     7.8059     8.6156 1.0000e-12 0.0000e+00
     27.000    12.7136   3.972096    34.0618      14547    10.1017     7.8350     8.6522 4.6694e-04 0.0000e+00
     26.000    12.6108   3.950727    33.9505      14586    10.1287     7.9372     8.7844 7.5141e-03 0.0000e+00
     25.000    12.6145   3.947255    33.9143      15453    10.7307     8.1059     8.9146 3.2437e-02 0.0000e+00
     24.000    12.8869   3.973210    33.9176      17436    12.1079     8.0742     8.8780 5.3293e-02 0.0000e+00
     23.000    13.0211   3.985569    33.9152      17686    12.2816     8.0678     8.8563 8.8678e-02 0.0000e+00
     22.000    13.2280   4.003259    33.8982      17758    12.3309     8.0586     8.8565 1.0873e-01 0.0000e+00
     21.000    13.3662   4.010686    33.8457      17794    12.3559     8.0629     8.8781 1.6199e-01 0.0000e+00
     20.000    13.4782   3.984351    33.4996      17827    12.3792     8.0705     8.8651 1.9306e-01 0.0000e+00
     19.000    13.2989   3.941529    33.2549      17871    12.4096     8.1387     8.9415 2.3526e-01 0.0000e+00
     18.000    13.0227   3.904735    33.1494      17904    12.4323     8.2177     9.0847 3.3609e-01 0.0000e+00
     17.000    12.6003   3.845314    32.9549      17927    12.4488     8.3166     9.1685 4.0412e-01 0.0000e+00
     16.000    12.4555   3.823373    32.8724      17954    12.4672     8.3393     9.1976 4.3399e-01 0.0000e+00
     15.000    12.3821   3.812401    32.8319      17989    12.4920     8.4342     9.3807 5.9151e-01 0.0000e+00
     14.000    12.3656   3.809630    32.8202      18041    12.5279     8.5525     9.4146 7.4255e-01 0.0000e+00
     13.000    12.3653   3.809303    32.8178      18078    12.5534     8.5448     9.3923 9.9700e-01 0.0000e+00
     12.000    12.3631   3.808951    32.8168      18100    12.5691     8.5409     9.3796 1.0924e+00 0.0000e+00
     11.000    12.3583   3.808180    32.8140      18122    12.5842     8.5336     9.3920 1.4719e+00 0.0000e+00
     10.000    12.3564   3.807657    32.8110      18213    12.6473     8.5190     9.3846 1.8521e+00 0.0000e+00
      9.000    12.3637   3.808288    32.8111      20322    14.1116     8.5250     9.3708 2.6428e+00 0.0000e+00
      8.000    12.3673   3.808639    32.8117      21273    14.7720     8.5245     9.3846 3.7599e+00 0.0000e+00
      7.000    12.3692   3.808852    32.8126      21194    14.7171     8.5190     9.3730 4.5696e+00 0.0000e+00
      6.000    12.3687   3.808765    32.8126      21244    14.7524     8.5242     9.3800 5.7931e+00 0.0000e+00
      5.000    12.3679   3.808635    32.8124      21298    14.7897     8.5247     9.3818 7.8461e+00 0.0000e+00
      4.000    12.3647   3.808288    32.8123      21455    14.8983     8.5308     9.3735 1.1056e+01 0.0000e+00
      3.000    12.3659   3.808396    32.8128      23297    16.1777     8.5304     9.3664 1.3188e+01 0.0000e+00
