HB2503/ctd002.cnv
* Sea-Bird SBE 9 Data File:
* FileName = C:\cruise\data\ctd002.hex
* Software Version Seasave V 7.26.7.121
* Temperature SN = 4591
* Conductivity SN = 6006
* Number of Bytes Per Scan = 37
* Number of Voltage Words = 4
* Number of Scans Averaged by the Deck Unit = 1
* NMEA Latitude = 39 03.19 N
* NMEA Longitude = 072 44.17 W
* NMEA UTC (Time) = May 28 2025 23:15:09
* NMEA baud rate = 4800
** Ship: Bigelow HB2502
** Program:  Spring Bottom Trawl
** Chief Scientist:Jon Galbraith
# nquan = 10
# nvalues = 440                         
# units = specified
# name 0 = depSM: Depth [salt water, m]
# name 1 = t090C: Temperature [ITS-90, deg C]
# name 2 = c0S/m: Conductivity [S/m]
# name 3 = sal00: Salinity, Practical [PSU]
# name 4 = scan: Scan Count
# name 5 = timeM: Time, Elapsed [minutes]
# name 6 = sbeox0Mg/L: Oxygen, SBE 43 [mg/l]
# name 7 = sbeox1Mg/L: Oxygen, SBE 43, 2 [mg/l]
# name 8 = par: PAR/Irradiance, Biospherical/Licor
# name 9 = flag: flag
# span 0 =      2.000,    222.000       
# span 1 =    10.4565,    14.2416       
# span 2 =   3.783634,   4.105064       
# span 3 =    32.6889,    35.2961       
# span 4 =        199,      19364       
# span 5 =     0.1378,    13.4466       
# span 6 =     4.5796,     8.8248       
# span 7 =     5.0309,     9.7196       
# span 8 = -2.598e-06, 4.6547e+01       
# span 9 = 0.0000e+00, 0.0000e+00       
# interval = meters: 1                  
# start_time = May 28 2025 23:15:09 [NMEA time, header]
# bad_flag = -9.990e-29
*END*
[from data line 289]
    152.000    11.6954   4.004419    35.2646       9607     6.6706     4.9120     5.4045 1.0000e-12 0.0000e+00
    151.000    11.6941   4.004235    35.2645       9637     6.6919     4.9235     5.4086 1.0000e-12 0.0000e+00
    150.000    11.6867   4.003248    35.2623       9662     6.7090     4.9298     5.4116 1.0000e-12 0.0000e+00
    149.000    11.6894   4.003527    35.2629       9683     6.7234     4.9298     5.4121 1.0000e-12 0.0000e+00
    148.000    11.6880   4.003347    35.2629       9704     6.7380     4.9219     5.4177 1.0000e-12 0.0000e+00
    147.000    11.6632   4.000475    35.2586       9728     6.7545     4.9186     5.4162 1.0000e-12 0.0000e+00
    146.000    11.6487   3.998630    35.2548       9757     6.7747     4.9221     5.4108 1.0000e-12 0.0000e+00
    145.000    11.6470   3.998379    35.2543       9790     6.7981     4.9307     5.4223 1.0000e-12 0.0000e+00
    144.000    11.6397   3.997277    35.2509       9819     6.8184     4.9599     5.4411 1.0000e-12 0.0000e+00
    143.000    11.6649   3.998867    35.2430       9843     6.8347     4.9566     5.4392 1.0000e-12 0.0000e+00
    142.000    11.7340   4.005961    35.2476       9864     6.8496     4.9401     5.4410 1.0000e-12 0.0000e+00
    141.000    11.7417   4.006681    35.2479       9886     6.8649     4.9503     5.4705 1.0000e-12 0.0000e+00
    140.000    11.7413   4.006615    35.2480       9910     6.8810     4.9619     5.4732 1.0000e-12 0.0000e+00
    139.000    11.7641   4.009175    35.2520       9936     6.8990     4.9714     5.4661 1.0000e-12 0.0000e+00
    138.000    11.7869   4.011777    35.2563       9967     6.9207     4.9851     5.4704 1.0000e-12 0.0000e+00
    137.000    11.7930   4.012370    35.2568       9996     6.9411     4.9800     5.4682 1.0000e-12 0.0000e+00
    136.000    11.8083   4.013805    35.2568      10021     6.9583     4.9874     5.4660 1.0000e-12 0.0000e+00
    135.000    11.8165   4.014653    35.2578      10045     6.9752     4.9901     5.4737 1.0000e-12 0.0000e+00
    134.000    11.8216   4.015169    35.2585      10073     6.9943     4.9856     5.4886 1.0000e-12 0.0000e+00
    133.000    11.8328   4.016269    35.2591      10101     7.0140     4.9768     5.4817 1.0000e-12 0.0000e+00
    132.000    11.8281   4.015632    35.2578      10124     7.0298     4.9761     5.4824 1.0000e-12 0.0000e+00
    131.000    11.7505   4.006244    35.2396      10144     7.0436     4.9924     5.4994 1.0000e-12 0.0000e+00
    130.000    11.7260   4.002763    35.2291      10165     7.0585     4.9942     5.4985 1.0000e-12 0.0000e+00
    129.000    11.7443   4.004761    35.2319      10194     7.0785     5.0011     5.5126 1.0000e-12 0.0000e+00
    128.000    11.7485   4.005121    35.2319      10231     7.1041     5.0373     5.5402 1.0000e-12 0.0000e+00
    127.000    11.7443   4.004473    35.2299      10266     7.1286     5.0397     5.5398 1.0000e-12 0.0000e+00
    126.000    11.7588   4.006081    35.2324      10298     7.1504     5.0421     5.5407 1.0000e-12 0.0000e+00
    125.000    11.7794   4.008416    35.2362      10326     7.1701     5.0293     5.5388 1.0000e-12 0.0000e+00
    124.000    11.7362   4.003300    35.2274      10351     7.1874     5.0298     5.5581 1.0000e-12 0.0000e+00
    123.000    11.7577   4.005253    35.2267      10381     7.2086     5.0407     5.5419 1.0000e-12 0.0000e+00
    122.000    11.8306   4.013512    35.2391      10431     7.2428     5.0498     5.5498 1.0000e-12 0.0000e+00
    121.000    11.8368   4.014264    35.2410      10462     7.2647     5.0651     5.5440 1.0000e-12 0.0000e+00
    120.000    11.8307   4.013545    35.2401      10487     7.2821     5.0541     5.5531 1.0000e-12 0.0000e+00
    119.000    11.8215   4.012268    35.2368      10519     7.3044     5.0444     5.5541 1.0000e-12 0.0000e+00
    118.000    11.8380   4.014187    35.2405      10556     7.3299     5.0346     5.5560 1.0000e-12 0.0000e+00
    117.000    11.8355   4.013861    35.2401      10590     7.3534     5.0655     5.5557 1.0000e-12 0.0000e+00
    116.000    11.8319   4.013339    35.2388      10626     7.3784     5.0661     5.5585 1.0000e-12 0.0000e+00
    115.000    11.8556   4.016047    35.2433      10674     7.4120     5.0535     5.5516 1.0000e-12 0.0000e+00
    114.000    11.8586   4.016407    35.2444      10723     7.4458     5.0629     5.5603 1.0000e-12 0.0000e+00
    113.000    11.8951   4.020535    35.2508      10775     7.4819     5.0456     5.5578 1.0000e-12 0.0000e+00
    112.000    11.9097   4.022148    35.2532      10851     7.5348     5.0551     5.5522 1.0000e-12 0.0000e+00
    111.000    11.9352   4.025024    35.2576      10888     7.5606     5.0366     5.5493 1.0000e-12 0.0000e+00
    110.000    11.9860   4.030917    35.2677      11275     7.8288     5.0321     5.5188 1.0000e-12 0.0000e+00
    109.000    12.0550   4.037965    35.2716      12260     8.5129     5.0449     5.5247 1.0000e-12 0.0000e+00
    108.000    12.1745   4.049402    35.2707      12268     8.5186     5.0155     5.5058 1.0000e-12 0.0000e+00
    107.000    12.2103   4.052751    35.2699      12298     8.5397     5.0183     5.5146 1.0000e-12 0.0000e+00
    106.000    12.2170   4.053255    35.2690      12324     8.5575     5.0511     5.5790 1.0000e-12 0.0000e+00
    105.000    12.2462   4.055901    35.2676      12345     8.5725     5.0776     5.6224 1.0000e-12 0.0000e+00
    104.000    12.3115   4.062181    35.2675      12367     8.5872     5.0852     5.6181 1.0000e-12 0.0000e+00
    103.000    12.3502   4.065973    35.2682      12392     8.6048     5.1005     5.6377 1.0000e-12 0.0000e+00
    102.000    12.3687   4.067940    35.2703      12427     8.6289     5.1462     5.6874 1.0000e-12 0.0000e+00
    101.000    12.3825   4.069345    35.2714      12461     8.6530     5.1652     5.6939 1.0000e-12 0.0000e+00
    100.000    12.3875   4.069781    35.2714      12486     8.6701     5.1743     5.6978 1.0000e-12 0.0000e+00
     99.000    12.3928   4.070232    35.2712      12507     8.6847     5.1829     5.6883 1.0000e-12 0.0000e+00
     98.000    12.4052   4.071340    35.2707      12528     8.6990     5.1832     5.6884 1.0000e-12 0.0000e+00
     97.000    12.4311   4.073636    35.2690      12550     8.7143     5.1722     5.6950 1.0000e-12 0.0000e+00
     96.000    12.4507   4.075558    35.2696      12576     8.7329     5.1769     5.7011 1.0000e-12 0.0000e+00
     95.000    12.5017   4.080293    35.2679      12610     8.7565     5.1913     5.7214 1.0000e-12 0.0000e+00
     94.000    12.5838   4.087757    35.2634      12649     8.7831     5.1951     5.7307 1.0000e-12 0.0000e+00
     93.000    12.6855   4.096600    35.2537      12676     8.8018     5.2040     5.7562 1.0000e-12 0.0000e+00
     92.000    12.7511   4.101834    35.2431      12696     8.8158     5.2149     5.7711 1.0000e-12 0.0000e+00
     91.000    12.7720   4.102749    35.2328      12714     8.8287     5.2374     5.7955 1.0000e-12 0.0000e+00
     90.000    12.7791   4.103043    35.2294      12736     8.8434     5.2829     5.8333 1.0000e-12 0.0000e+00
     89.000    12.7920   4.103371    35.2209      12762     8.8618     5.3265     5.8979 1.0000e-12 0.0000e+00
     88.000    12.8053   4.103525    35.2104      12797     8.8861     5.3687     5.9563 1.0000e-12 0.0000e+00
     87.000    12.8103   4.103055    35.2017      12835     8.9123     5.4056     5.9695 1.0000e-12 0.0000e+00
     86.000    12.8111   4.102685    35.1978      12865     8.9337     5.4177     6.0127 1.0000e-12 0.0000e+00
     85.000    12.8101   4.102213    35.1946      12889     8.9503     5.4564     6.0279 1.0000e-12 0.0000e+00
     84.000    12.8037   4.100040    35.1802      12910     8.9648     5.4668     6.0319 1.0000e-12 0.0000e+00
     83.000    12.7483   4.092400    35.1590      12931     8.9793     5.4912     6.0536 1.0000e-12 0.0000e+00
     82.000    12.6210   4.075756    35.1182      12958     8.9980     5.5171     6.1041 1.0000e-12 0.0000e+00
     81.000    12.3084   4.033760    35.0049      12995     9.0234     5.6133     6.2264 1.0000e-12 0.0000e+00
     80.000    12.2750   4.028095    34.9816      13025     9.0446     5.7021     6.3708 1.0000e-12 0.0000e+00
     79.000    12.2205   4.020069    34.9551      13050     9.0620     5.8470     6.5685 1.0000e-12 0.0000e+00
     78.000    12.1430   4.008906    34.9195      13079     9.0820     5.9623     6.6180 1.0000e-12 0.0000e+00
     77.000    12.1229   4.004605    34.8968      13108     9.1023     6.0037     6.6661 1.0000e-12 0.0000e+00
     76.000    12.0509   3.992604    34.8477      13133     9.1195     6.0528     6.7306 1.0000e-12 0.0000e+00
     75.000    12.0221   3.987913    34.8293      13157     9.1361     6.0953     6.7574 1.0000e-12 0.0000e+00
     74.000    11.9843   3.982594    34.8132      13186     9.1562     6.1723     6.8597 1.0000e-12 0.0000e+00
     73.000    11.9842   3.981955    34.8075      13223     9.1820     6.2527     6.9262 1.0000e-12 0.0000e+00
     72.000    11.9868   3.982068    34.8066      13251     9.2014     6.2863     6.9379 1.0000e-12 0.0000e+00
     71.000    11.8195   3.960892    34.7563      13272     9.2157     6.3205     6.9600 1.0000e-12 0.0000e+00
     70.000    11.7161   3.946862    34.7159      13293     9.2307     6.3064     6.9536 1.0000e-12 0.0000e+00
     69.000    11.6139   3.933443    34.6801      13321     9.2502     6.3282     7.0098 1.0000e-12 0.0000e+00
     68.000    11.5046   3.919043    34.6411      13356     9.2745     6.4451     7.1442 1.0000e-12 0.0000e+00
     67.000    11.4097   3.905859    34.6003      13390     9.2977     6.5204     7.2076 1.0000e-12 0.0000e+00
     66.000    11.3562   3.898366    34.5768      13418     9.3171     6.5480     7.2292 1.0000e-12 0.0000e+00
     65.000    11.3056   3.891607    34.5577      13443     9.3347     6.5746     7.2741 1.0000e-12 0.0000e+00
     64.000    11.1492   3.870031    34.4907      13469     9.3531     6.6398     7.3405 1.0000e-12 0.0000e+00
     63.000    10.9603   3.842924    34.3984      13497     9.3722     6.6947     7.3820 1.0000e-12 0.0000e+00
     62.000    10.8472   3.826606    34.3419      13524     9.3911     6.7627     7.5250 1.0000e-12 0.0000e+00
     61.000    10.7379   3.811072    34.2892      13551     9.4100     6.8905     7.7008 1.0000e-12 0.0000e+00
     60.000    10.7080   3.806620    34.2731      13578     9.4286     7.0083     7.7949 1.0000e-12 0.0000e+00
     59.000    10.7036   3.805704    34.2685      13606     9.4479     7.0958     7.8715 1.0000e-12 0.0000e+00
     58.000    10.7056   3.805626    34.2663      13637     9.4696     7.1304     7.8708 1.0000e-12 0.0000e+00
     57.000    10.7053   3.805350    34.2643      13671     9.4930     7.1429     7.8647 1.0000e-12 0.0000e+00
     56.000    10.7079   3.805413    34.2629      13701     9.5139     7.1415     7.8447 1.0000e-12 0.0000e+00
     55.000    10.7063   3.804765    34.2583      13727     9.5318     7.1251     7.8299 1.3841e-03 0.0000e+00
     54.000    10.6904   3.801108    34.2369      13750     9.5482     7.1236     7.8377 2.0910e-03 0.0000e+00
     53.000    10.6915   3.797599    34.2012      13774     9.5647     7.1268     7.8492 3.4170e-03 0.0000e+00
     52.000    10.7296   3.798685    34.1768      13801     9.5834     7.1484     7.9052 8.7221e-03 0.0000e+00
     51.000    10.7984   3.804721    34.1734      13833     9.6052     7.2329     8.0117 1.2699e-02 0.0000e+00
     50.000    10.8185   3.806848    34.1765      13867     9.6291     7.3500     8.1067 1.5998e-02 0.0000e+00
     49.000    10.9212   3.817637    34.1888      13898     9.6505     7.3726     8.1007 2.3848e-02 0.0000e+00
     48.000    10.9687   3.821628    34.1848      13923     9.6680     7.3542     8.1053 3.5865e-02 0.0000e+00
     47.000    10.9352   3.816426    34.1646      13946     9.6839     7.3734     8.1103 3.6719e-02 0.0000e+00
     46.000    10.8791   3.809156    34.1447      13969     9.7000     7.3900     8.1265 4.8702e-02 0.0000e+00
     45.000    10.8541   3.804978    34.1267      13996     9.7191     7.4254     8.1812 6.2466e-02 0.0000e+00
     44.000    10.9532   3.811753    34.1025      14034     9.7450     7.4471     8.2082 7.8425e-02 0.0000e+00
     43.000    11.0333   3.816482    34.0756      14068     9.7686     7.4919     8.2947 9.2001e-02 0.0000e+00
     42.000    11.0562   3.817546    34.0655      14093     9.7858     7.5909     8.4110 1.0620e-01 0.0000e+00
     41.000    11.1118   3.821816    34.0567      14115     9.8015     7.6768     8.5018 1.2716e-01 0.0000e+00
     40.000    11.2125   3.831564    34.0607      14140     9.8187     7.7152     8.5527 1.5164e-01 0.0000e+00
     39.000    11.3159   3.841758    34.0664      14166     9.8371     7.7719     8.5870 1.7396e-01 0.0000e+00
     38.000    11.5484   3.865861    34.0899      14191     9.8545     7.8129     8.6179 1.9967e-01 0.0000e+00
     37.000    11.5756   3.867989    34.0862      14219     9.8735     7.8791     8.6899 2.3716e-01 0.0000e+00
     36.000    11.5934   3.868531    34.0756      14254     9.8978     7.9236     8.7227 2.7769e-01 0.0000e+00
     35.000    11.5906   3.866661    34.0603      14288     9.9214     7.9721     8.7987 3.1635e-01 0.0000e+00
     34.000    11.5670   3.863214    34.0486      14313     9.9389     8.0237     8.8249 3.5414e-01 0.0000e+00
     33.000    11.5531   3.860402    34.0341      14335     9.9545     8.0574     8.8649 3.9937e-01 0.0000e+00
     32.000    11.4989   3.852528    34.0070      14358     9.9702     8.0678     8.8702 4.6110e-01 0.0000e+00
     31.000    11.3749   3.833656    33.9355      14382     9.9867     8.0688     8.8680 5.3236e-01 0.0000e+00
     30.000    11.3500   3.828327    33.9063      14409    10.0056     8.0654     8.8936 6.2832e-01 0.0000e+00
     29.000    11.3070   3.822052    33.8843      14451    10.0344     8.1840     9.0579 7.1090e-01 0.0000e+00
     28.000    11.2710   3.816729    33.8652      14499    10.0680     8.2699     9.1169 8.0124e-01 0.0000e+00
     27.000    11.2719   3.815553    33.8532      14535    10.0928     8.3034     9.1306 9.2683e-01 0.0000e+00
     26.000    11.2482   3.810408    33.8245      14564    10.1130     8.3041     9.1494 1.0751e+00 0.0000e+00
     25.000    11.3595   3.816851    33.7865      15519    10.7761     8.4729     9.3072 1.1965e+00 0.0000e+00
     24.000    11.5162   3.824016    33.7144      16133    11.2025     8.5127     9.3569 1.2684e+00 0.0000e+00
     23.000    11.4628   3.808045    33.6064      16161    11.2222     8.6151     9.5317 1.4424e+00 0.0000e+00
     22.000    11.4177   3.795368    33.5231      16223    11.2652     8.7411     9.6412 1.6229e+00 0.0000e+00
     21.000    11.4443   3.784377    33.3914      16257    11.2887     8.7311     9.6332 1.7921e+00 0.0000e+00
     20.000    11.5405   3.783634    33.2979      16295    11.3151     8.7761     9.6832 2.0481e+00 0.0000e+00
     19.000    11.8861   3.800251    33.1510      16347    11.3511     8.8248     9.6933 2.2763e+00 0.0000e+00
     18.000    12.2561   3.820036    33.0148      16385    11.3780     8.7895     9.6208 2.5478e+00 0.0000e+00
     17.000    12.5648   3.839834    32.9339      16423    11.4040     8.7175     9.5424 2.9002e+00 0.0000e+00
     16.000    12.7181   3.848951    32.8872      16487    11.4483     8.5790     9.3651 3.2385e+00 0.0000e+00
     15.000    12.8756   3.860046    32.8559      16530    11.4784     8.5107     9.3374 3.5869e+00 0.0000e+00
     14.000    13.1994   3.886290    32.8236      16563    11.5012     8.4695     9.2770 4.0662e+00 0.0000e+00
     13.000    13.7129   3.928574    32.7780      16601    11.5276     8.3800     9.1896 4.5089e+00 0.0000e+00
     12.000    13.9916   3.944569    32.6889      16659    11.5683     8.2898     8.9794 5.2716e+00 0.0000e+00
     11.000    14.0631   3.951467    32.6922      16701    11.5974     8.2022     8.9779 5.8920e+00 0.0000e+00
     10.000    14.1353   3.959915    32.7092      17382    12.0703     8.1533     8.9577 7.0668e+00 0.0000e+00
