HB2503/ctd015.cnv
* Sea-Bird SBE 9 Data File:
* FileName = C:\cruise\data\ctd015.hex
* Software Version Seasave V 7.26.7.121
* Temperature SN = 4591
* Conductivity SN = 6006
* Number of Bytes Per Scan = 37
* Number of Voltage Words = 4
* Number of Scans Averaged by the Deck Unit = 1
* NMEA Latitude = 42 29.85 N
* NMEA Longitude = 069 39.74 W
* NMEA UTC (Time) = Jun 04 2025 14:09:48
* NMEA baud rate = 4800
** Ship: Bigelow HB2502
** Program:  Spring Bottom Trawl
** Chief Scientist:Jon Galbraith
# nquan = 10
# nvalues = 488                         
# units = specified
# name 0 = depSM: Depth [salt water, m]
# name 1 = t090C: Temperature [ITS-90, deg C]
# name 2 = c0S/m: Conductivity [S/m]
# name 3 = sal00: Salinity, Practical [PSU]
# name 4 = scan: Scan Count
# name 5 = timeM: Time, Elapsed [minutes]
# name 6 = sbeox0Mg/L: Oxygen, SBE 43 [mg/l]
# name 7 = sbeox1Mg/L: Oxygen, SBE 43, 2 [mg/l]
# name 8 = par: PAR/Irradiance, Biospherical/Licor
# name 9 = flag: flag
# span 0 =      1.000,    246.000       
# span 1 =     5.3162,    10.4890       
# span 2 =   3.189343,   3.586854       
# span 3 =    32.0785,    34.1711       
# span 4 =        134,      27059       
# span 5 =     0.0925,    18.7902       
# span 6 =     4.7248,     9.4389       
# span 7 =     5.2397,    10.4809       
# span 8 = 1.0000e-12, 1.7601e+03       
# span 9 = 0.0000e+00, 0.0000e+00       
# interval = meters: 1                  
# start_time = Jun 04 2025 14:09:48 [NMEA time, header]
# bad_flag = -9.990e-29
*END*
[from data line 433]
     55.000     5.9271   3.228515    32.7001      19251    13.3682     8.4575     9.4582 2.4283e+00 0.0000e+00
     54.000     5.9393   3.228605    32.6898      19286    13.3924     8.5851     9.5577 2.5953e+00 0.0000e+00
     53.000     5.9563   3.229402    32.6828      19312    13.4105     8.6166     9.5465 2.7658e+00 0.0000e+00
     52.000     6.0193   3.234248    32.6768      19333    13.4251     8.6237     9.5255 2.9634e+00 0.0000e+00
     51.000     6.0580   3.237243    32.6735      19354    13.4395     8.6310     9.5321 3.2325e+00 0.0000e+00
     50.000     6.0939   3.239643    32.6662      19378    13.4565     8.6381     9.5562 3.5602e+00 0.0000e+00
     49.000     6.1274   3.241405    32.6542      19418    13.4840     8.6816     9.6206 3.8923e+00 0.0000e+00
     48.000     6.2048   3.245358    32.6244      19460    13.5131     8.7241     9.6591 4.1116e+00 0.0000e+00
     47.000     6.2760   3.250477    32.6135      19483    13.5292     8.7283     9.6635 4.3784e+00 0.0000e+00
     46.000     6.3338   3.254637    32.6048      19502    13.5426     8.7499     9.6825 4.7478e+00 0.0000e+00
     45.000     6.3449   3.255521    32.6045      19523    13.5572     8.7808     9.7015 5.2321e+00 0.0000e+00
     44.000     6.3658   3.256849    32.5997      19554    13.5784     8.7905     9.7164 5.8088e+00 0.0000e+00
     43.000     6.3275   3.251863    32.5815      19602    13.6115     8.8024     9.7414 6.2918e+00 0.0000e+00
     42.000     6.2908   3.247650    32.5703      19634    13.6341     8.8015     9.7313 6.6749e+00 0.0000e+00
     41.000     6.2481   3.243363    32.5640      19656    13.6493     8.8019     9.7207 7.1983e+00 0.0000e+00
     40.000     6.1609   3.234035    32.5442      19677    13.6640     8.8174     9.7369 7.9210e+00 0.0000e+00
     39.000     6.1258   3.228743    32.5192      19702    13.6811     8.8191     9.7486 8.7421e+00 0.0000e+00
     38.000     6.3731   3.250154    32.5214      19737    13.7053     8.7806     9.7304 9.5921e+00 0.0000e+00
     37.000     6.5409   3.266230    32.5398      19774    13.7311     8.8448     9.7668 1.0173e+01 0.0000e+00
     36.000     6.6283   3.274164    32.5446      19799    13.7489     8.8826     9.7870 1.0822e+01 0.0000e+00
     35.000     6.5656   3.266547    32.5206      19820    13.7634     8.9208     9.8339 1.1786e+01 0.0000e+00
     34.000     6.5137   3.256100    32.4552      19841    13.7776     8.9427     9.8622 1.2894e+01 0.0000e+00
     33.000     6.5890   3.261436    32.4431      19865    13.7948     8.9089     9.8699 1.4077e+01 0.0000e+00
     32.000     6.6271   3.263840    32.4339      19898    13.8176     8.9747     9.9845 1.4989e+01 0.0000e+00
     31.000     6.6892   3.267390    32.4146      19930    13.8397     9.0695    10.0531 1.5756e+01 0.0000e+00
     30.000     6.7106   3.269356    32.4165      19953    13.8558     9.1078    10.0858 1.6766e+01 0.0000e+00
     29.000     6.7747   3.274276    32.4104      19974    13.8703     9.1113    10.0962 1.8349e+01 0.0000e+00
     28.000     6.8839   3.282360    32.3963      19997    13.8861     9.1172    10.1024 2.0266e+01 0.0000e+00
     27.000     7.0808   3.297843    32.3805      20027    13.9067     9.1249    10.1040 2.1900e+01 0.0000e+00
     26.000     7.2820   3.314222    32.3701      20061    13.9302     9.1488    10.1510 2.3323e+01 0.0000e+00
     25.000     7.4628   3.328215    32.3528      20087    13.9484     9.1909    10.1603 2.5462e+01 0.0000e+00
     24.000     7.9523   3.365402    32.2972      20108    13.9632     9.1262    10.0715 2.8341e+01 0.0000e+00
     23.000     8.2288   3.389405    32.2975      20129    13.9778     9.1438    10.1648 3.1683e+01 0.0000e+00
     22.000     8.5142   3.413283    32.2877      20154    13.9951     9.2528    10.2808 3.5361e+01 0.0000e+00
     21.000     8.6763   3.428007    32.2943      20186    14.0170     9.3569    10.3859 3.8854e+01 0.0000e+00
     20.000     8.7100   3.431896    32.3046      20218    14.0395     9.4271    10.4116 4.2718e+01 0.0000e+00
     19.000     8.8696   3.448218    32.3297      21369    14.8388     9.4124    10.3918 5.1493e+01 0.0000e+00
     18.000     8.9292   3.453457    32.3304      22527    15.6429     9.4163    10.4091 5.8055e+01 0.0000e+00
     17.000     8.9324   3.454043    32.3340      22495    15.6205     9.4389    10.4067 6.4884e+01 0.0000e+00
     16.000     8.8265   3.445000    32.3368      22571    15.6735     9.4148    10.3968 7.3087e+01 0.0000e+00
     15.000     8.8401   3.446078    32.3362      22621    15.7085     9.4073    10.3723 8.1983e+01 0.0000e+00
     14.000     9.1833   3.474048    32.3147      22682    15.7508     9.3757    10.3511 9.1071e+01 0.0000e+00
     13.000     9.4031   3.493349    32.3152      22750    15.7978     9.3665    10.3155 1.0201e+02 0.0000e+00
     12.000     9.4458   3.497461    32.3193      22801    15.8331     9.3485    10.2768 1.1484e+02 0.0000e+00
     11.000     9.5735   3.508977    32.3226      23908    16.6020     9.2900    10.2510 1.3427e+02 0.0000e+00
     10.000     9.6552   3.515490    32.3161      25047    17.3929     9.2794    10.2422 1.6539e+02 0.0000e+00
      9.000     9.7592   3.524171    32.3116      25203    17.5012     9.2663    10.2215 1.9071e+02 0.0000e+00
      8.000    10.0373   3.547287    32.2976      25271    17.5483     9.2176    10.1659 2.2042e+02 0.0000e+00
      7.000    10.1727   3.559019    32.2957      25333    17.5916     9.1791    10.0767 2.5197e+02 0.0000e+00
      6.000    10.2889   3.568687    32.2899      25400    17.6385     9.1003    10.0400 2.8950e+02 0.0000e+00
      5.000    10.2992   3.570022    32.2947      25458    17.6787     9.1292    10.0539 3.3477e+02 0.0000e+00
      4.000    10.4708   3.585105    32.2939      26160    18.1656     9.0967    10.0334 4.0426e+02 0.0000e+00
      3.000    10.4890   3.586854    32.2958      26958    18.7201     9.0835    10.0369 4.8502e+02 0.0000e+00
      2.000    10.4478   3.583551    32.2997      27024    18.7660     9.1027    10.0416 7.3873e+02 0.0000e+00
      1.000    10.4396   3.582447    32.2964      27059    18.7902     9.0920    10.0237 1.7601e+03 0.0000e+00
