HB2503/ctd014.cnv
* Sea-Bird SBE 9 Data File:
* FileName = C:\cruise\data\ctd014.hex
* Software Version Seasave V 7.26.7.121
* Temperature SN = 4591
* Conductivity SN = 6006
* Number of Bytes Per Scan = 37
* Number of Voltage Words = 4
* Number of Scans Averaged by the Deck Unit = 1
* NMEA Latitude = 42 41.54 N
* NMEA Longitude = 067 41.92 W
* NMEA UTC (Time) = Jun 04 2025 02:39:19
* NMEA baud rate = 4800
** Ship: Bigelow HB2502
** Program:  Spring Bottom Trawl
** Chief Scientist:Jon Galbraith
# nquan = 10
# nvalues = 366                         
# units = specified
# name 0 = depSM: Depth [salt water, m]
# name 1 = t090C: Temperature [ITS-90, deg C]
# name 2 = c0S/m: Conductivity [S/m]
# name 3 = sal00: Salinity, Practical [PSU]
# name 4 = scan: Scan Count
# name 5 = timeM: Time, Elapsed [minutes]
# name 6 = sbeox0Mg/L: Oxygen, SBE 43 [mg/l]
# name 7 = sbeox1Mg/L: Oxygen, SBE 43, 2 [mg/l]
# name 8 = par: PAR/Irradiance, Biospherical/Licor
# name 9 = flag: flag
# span 0 =      1.000,    184.000       
# span 1 =     5.3689,    10.1185       
# span 2 =   3.197803,   3.564276       
# span 3 =    32.2468,    34.4589       
# span 4 =       -572,      20771       
# span 5 =    -0.3979,    14.4237       
# span 6 =     4.6674,     9.4426       
# span 7 =     6.3450,    10.4439       
# span 8 = -9.748e-06, 3.8715e+01       
# span 9 = 0.0000e+00, 0.0000e+00       
# interval = meters: 1                  
# start_time = Jun 04 2025 02:39:19 [NMEA time, header]
# bad_flag = -9.990e-29
*END*
[from data line 289]
     77.000     5.6331   3.238309    33.0861      12299     8.5404     7.6862     8.5004 1.0000e-12 0.0000e+00
     76.000     5.6268   3.237370    33.0821      12330     8.5620     7.7125     8.5199 1.0000e-12 0.0000e+00
     75.000     5.6230   3.236808    33.0800      12357     8.5806     7.7165     8.5329 1.0000e-12 0.0000e+00
     74.000     5.6130   3.235456    33.0750      12379     8.5961     7.7364     8.5364 1.0000e-12 0.0000e+00
     73.000     5.5777   3.231034    33.0601      12401     8.6112     7.7504     8.5558 1.0000e-12 0.0000e+00
     72.000     5.5480   3.226889    33.0427      12427     8.6288     7.7560     8.5629 1.0000e-12 0.0000e+00
     71.000     5.5074   3.221219    33.0188      12458     8.6507     7.7715     8.6102 1.0000e-12 0.0000e+00
     70.000     5.4794   3.217087    32.9999      12487     8.6712     7.8152     8.6569 1.0000e-12 0.0000e+00
     69.000     5.4751   3.216146    32.9939      12511     8.6873     7.8552     8.7126 1.0000e-12 0.0000e+00
     68.000     5.4585   3.213693    32.9829      12532     8.7019     7.9045     8.7738 1.0000e-12 0.0000e+00
     67.000     5.4312   3.209998    32.9682      12555     8.7179     7.9575     8.8090 1.0000e-12 0.0000e+00
     66.000     5.3995   3.205763    32.9516      12584     8.7385     8.0033     8.8512 1.0000e-12 0.0000e+00
     65.000     5.3689   3.200993    32.9278      12616     8.7603     8.0678     8.9403 1.0000e-12 0.0000e+00
     64.000     5.3830   3.200320    32.9068      12641     8.7775     8.1151     8.9824 1.0000e-12 0.0000e+00
     63.000     5.4072   3.200050    32.8805      12663     8.7930     8.1402     8.9936 1.0000e-12 0.0000e+00
     62.000     5.4143   3.199559    32.8684      12687     8.8098     8.1631     9.0271 1.0000e-12 0.0000e+00
     61.000     5.4229   3.198809    32.8520      12717     8.8304     8.2245     9.1512 1.0000e-12 0.0000e+00
     60.000     5.4267   3.198385    32.8440      12747     8.8515     8.3220     9.2816 1.0000e-12 0.0000e+00
     59.000     5.4282   3.198077    32.8395      12771     8.8680     8.3812     9.3114 1.0000e-12 0.0000e+00
     58.000     5.4398   3.198051    32.8284      12791     8.8822     8.4141     9.3169 1.0000e-12 0.0000e+00
     57.000     5.4470   3.197803    32.8190      12812     8.8967     8.4291     9.3172 1.0000e-12 0.0000e+00
     56.000     5.4575   3.197840    32.8096      12839     8.9153     8.4556     9.3415 1.0000e-12 0.0000e+00
     55.000     5.4622   3.197962    32.8069      12876     8.9411     8.4945     9.3886 1.0000e-12 0.0000e+00
     54.000     5.4715   3.198351    32.8028      12906     8.9621     8.5135     9.4154 1.0000e-12 0.0000e+00
     53.000     5.4839   3.198980    32.7983      12928     8.9772     8.5304     9.4198 1.0000e-12 0.0000e+00
     52.000     5.5308   3.201861    32.7857      12949     8.9914     8.5314     9.4137 1.0000e-12 0.0000e+00
     51.000     5.5836   3.205224    32.7729      12971     9.0069     8.5343     9.4154 1.0000e-12 0.0000e+00
     50.000     5.6892   3.212367    32.7514      12997     9.0253     8.5404     9.4266 1.0000e-12 0.0000e+00
     49.000     5.8262   3.222205    32.7298      13027     9.0457     8.5608     9.4785 1.0000e-12 0.0000e+00
     48.000     5.8396   3.223535    32.7323      13055     9.0650     8.6335     9.5403 1.0000e-12 0.0000e+00
     47.000     5.8681   3.225420    32.7263      13081     9.0834     8.6821     9.6041 1.0000e-12 0.0000e+00
     46.000     5.9170   3.228475    32.7139      13108     9.1019     8.7057     9.6500 1.0000e-12 0.0000e+00
     45.000     5.9432   3.230302    32.7095      13134     9.1200     8.7308     9.6548 1.0000e-12 0.0000e+00
     44.000     5.9593   3.231485    32.7077      13158     9.1369     8.7546     9.6723 1.0000e-12 0.0000e+00
     43.000     5.9688   3.232249    32.7076      13182     9.1533     8.7840     9.7063 1.0000e-12 0.0000e+00
     42.000     5.9794   3.232948    32.7057      13207     9.1707     8.8031     9.7165 1.0000e-12 0.0000e+00
     41.000     5.9905   3.233697    32.7039      13233     9.1892     8.8083     9.7219 1.0000e-12 0.0000e+00
     40.000     6.0446   3.237059    32.6898      13261     9.2086     8.7977     9.7185 1.0000e-12 0.0000e+00
     39.000     6.1201   3.242630    32.6797      13290     9.2288     8.7972     9.7183 1.0000e-12 0.0000e+00
     38.000     6.1333   3.243685    32.6793      13319     9.2486     8.8302     9.7349 1.0000e-12 0.0000e+00
     37.000     6.1605   3.245574    32.6747      13344     9.2656     8.8406     9.7656 1.0000e-12 0.0000e+00
     36.000     6.2192   3.249601    32.6636      13365     9.2803     8.8472     9.7817 1.0000e-12 0.0000e+00
     35.000     6.2894   3.254609    32.6524      13385     9.2945     8.8587     9.7748 1.0000e-12 0.0000e+00
     34.000     6.3714   3.260269    32.6371      13409     9.3110     8.8697     9.7762 1.0000e-12 0.0000e+00
     33.000     6.4378   3.265001    32.6266      13442     9.3338     8.8986     9.8154 2.9580e-04 0.0000e+00
     32.000     6.4837   3.267464    32.6104      13478     9.3587     8.9146     9.8260 -9.748e-06 0.0000e+00
     31.000     6.4955   3.266866    32.5930      13503     9.3766     8.9171     9.8498 3.0484e-04 0.0000e+00
     30.000     6.5512   3.269407    32.5684      13525     9.3914     8.9018     9.8308 3.1767e-03 0.0000e+00
     29.000     6.6610   3.276623    32.5439      13548     9.4073     8.8815     9.8109 1.4159e-02 0.0000e+00
     28.000     6.8050   3.287467    32.5269      13582     9.4310     8.8763     9.8411 2.3704e-02 0.0000e+00
     27.000     6.9594   3.298924    32.5066      13630     9.4644     8.9316     9.8141 3.6308e-02 0.0000e+00
     26.000     7.0588   3.307056    32.5020      13669     9.4918     8.9829     9.8535 5.6011e-02 0.0000e+00
     25.000     7.1326   3.312192    32.4889      13706     9.5174     9.0224     9.9365 6.7833e-02 0.0000e+00
     24.000     7.3464   3.328029    32.4602      13741     9.5414     8.9992     9.9700 9.4999e-02 0.0000e+00
     23.000     7.3051   3.326359    32.4813      13908     9.6579     9.0723    10.0172 1.3316e-01 0.0000e+00
     22.000     7.6962   3.357676    32.4535      15238    10.5811     9.2042    10.1494 1.6469e-01 0.0000e+00
     21.000     7.6008   3.350041    32.4608      15288    10.6158     9.1539    10.0921 2.0189e-01 0.0000e+00
     20.000     7.7307   3.359344    32.4399      15307    10.6291     9.1411    10.0810 2.6808e-01 0.0000e+00
     19.000     8.2264   3.395194    32.3627      15334    10.6482     9.0617    10.0209 3.3297e-01 0.0000e+00
     18.000     8.4638   3.414567    32.3492      15359    10.6655     9.1073    10.0414 4.2685e-01 0.0000e+00
     17.000     8.6406   3.428559    32.3345      15386    10.6840     9.2183    10.1610 5.2519e-01 0.0000e+00
     16.000     8.8189   3.442134    32.3139      15423    10.7094     9.3260    10.3290 6.3552e-01 0.0000e+00
     15.000     8.9533   3.452181    32.2966      15468    10.7407     9.4041    10.3576 7.6743e-01 0.0000e+00
     14.000     8.9238   3.451000    32.3116      15503    10.7649     9.4426    10.4120 9.2690e-01 0.0000e+00
     13.000     9.0804   3.461069    32.2742      15534    10.7865     9.4069    10.3477 1.1392e+00 0.0000e+00
     12.000     9.2653   3.475505    32.2565      15568    10.8105     9.3583    10.3345 1.3729e+00 0.0000e+00
     11.000     9.2717   3.476769    32.2642      15608    10.8379     9.3948    10.3496 1.6590e+00 0.0000e+00
     10.000     9.0872   3.463650    32.2961      15672    10.8827     9.4111    10.3574 2.0396e+00 0.0000e+00
      9.000     9.5628   3.500896    32.2504      18122    12.5840     9.3106    10.2934 2.6431e+00 0.0000e+00
      8.000     9.6468   3.507883    32.2468      18493    12.8418     9.3437    10.3132 3.2983e+00 0.0000e+00
      7.000     9.5982   3.504415    32.2555      18512    12.8548     9.3600    10.2954 3.7438e+00 0.0000e+00
      6.000     9.6537   3.508444    32.2472      18543    12.8763     9.3396    10.2833 4.9840e+00 0.0000e+00
      5.000     9.6283   3.506768    32.2534      18586    12.9063     9.3594    10.2773 6.6360e+00 0.0000e+00
      4.000     9.6745   3.510379    32.2492      18628    12.9355     9.3235    10.2666 9.3932e+00 0.0000e+00
      3.000     9.6962   3.512148    32.2482      18659    12.9573     9.3371    10.2525 1.2943e+01 0.0000e+00
      2.000     9.7719   3.519478    32.2555      20184    14.0157     9.2983    10.2471 1.5040e+01 0.0000e+00
      1.000     9.7649   3.518629    32.2536      20771    14.4237     9.3057    10.2690 3.8715e+01 0.0000e+00
