HB2503/ctd011.cnv
* Sea-Bird SBE 9 Data File:
* FileName = C:\cruise\data\ctd011.hex
* Software Version Seasave V 7.26.7.121
* Temperature SN = 4591
* Conductivity SN = 6006
* Number of Bytes Per Scan = 37
* Number of Voltage Words = 4
* Number of Scans Averaged by the Deck Unit = 1
* NMEA Latitude = 39 50.67 N
* NMEA Longitude = 070 37.29 W
* NMEA UTC (Time) = Jun 02 2025 06:45:59
* NMEA baud rate = 4800
** Ship: Bigelow HB2502
** Program:  Spring Bottom Trawl
** Chief Scientist:Jon Galbraith
# nquan = 10
# nvalues = 993                         
# units = specified
# name 0 = depSM: Depth [salt water, m]
# name 1 = t090C: Temperature [ITS-90, deg C]
# name 2 = c0S/m: Conductivity [S/m]
# name 3 = sal00: Salinity, Practical [PSU]
# name 4 = scan: Scan Count
# name 5 = timeM: Time, Elapsed [minutes]
# name 6 = sbeox0Mg/L: Oxygen, SBE 43 [mg/l]
# name 7 = sbeox1Mg/L: Oxygen, SBE 43, 2 [mg/l]
# name 8 = par: PAR/Irradiance, Biospherical/Licor
# name 9 = flag: flag
# span 0 =      3.000,    500.000       
# span 1 =     5.8075,    15.0668       
# span 2 =   3.444204,   4.257874       
# span 3 =    33.2830,    35.6015       
# span 4 =        263,      38375       
# span 5 =     0.1822,    26.6488       
# span 6 =     4.0946,     8.0712       
# span 7 =     4.5294,     8.9099       
# span 8 = -2.465e-05, 8.3741e+00       
# span 9 = 0.0000e+00, 0.0000e+00       
# interval = meters: 1                  
# start_time = Jun 02 2025 06:45:59 [NMEA time, header]
# bad_flag = -9.990e-29
*END*
[from data line 433]
    438.000     6.2564   3.483740    35.0409      12533     8.7029     6.0778     6.7329 1.0000e-12 0.0000e+00
    439.000     6.2267   3.481248    35.0430      12553     8.7167     6.0754     6.7370 1.0000e-12 0.0000e+00
    440.000     6.1914   3.478016    35.0425      12578     8.7341     6.0843     6.7376 1.0000e-12 0.0000e+00
    441.000     6.1577   3.474649    35.0388      12621     8.7636     6.1120     6.7747 1.0000e-12 0.0000e+00
    442.000     6.1564   3.474488    35.0378      12657     8.7891     6.1516     6.8474 1.0000e-12 0.0000e+00
    443.000     6.1476   3.473766    35.0383      12681     8.8058     6.1742     6.8764 1.0000e-12 0.0000e+00
    444.000     6.1398   3.473027    35.0375      12703     8.8208     6.1934     6.8741 1.0000e-12 0.0000e+00
    445.000     6.1335   3.472442    35.0370      12725     8.8364     6.1969     6.8563 1.0000e-12 0.0000e+00
    446.000     6.1260   3.471775    35.0367      12754     8.8564     6.1818     6.8512 1.0000e-12 0.0000e+00
    447.000     6.1203   3.471206    35.0357      12796     8.8857     6.2076     6.8584 1.0000e-12 0.0000e+00
    448.000     6.1177   3.470996    35.0354      12833     8.9112     6.2353     6.8725 1.0000e-12 0.0000e+00
    449.000     6.1149   3.470779    35.0353      12858     8.9282     6.2249     6.8879 1.0000e-12 0.0000e+00
    450.000     6.1070   3.470224    35.0367      12877     8.9420     6.2151     6.8942 1.0000e-12 0.0000e+00
    451.000     6.0889   3.468585    35.0364      12897     8.9557     6.2193     6.8889 1.0000e-12 0.0000e+00
    452.000     6.0813   3.467755    35.0345      12936     8.9828     6.2340     6.8928 1.0000e-12 0.0000e+00
    453.000     6.0481   3.464771    35.0345      12985     9.0166     6.2617     6.9140 1.0000e-12 0.0000e+00
    454.000     6.0427   3.464196    35.0331      13004     9.0301     6.2719     6.9182 1.0000e-12 0.0000e+00
    455.000     6.0406   3.463985    35.0324      13022     9.0427     6.2668     6.9185 1.0000e-12 0.0000e+00
    456.000     6.0394   3.463884    35.0320      13044     9.0577     6.2702     6.9283 1.0000e-12 0.0000e+00
    457.000     6.0377   3.463725    35.0314      13081     9.0832     6.2650     6.9461 1.0000e-12 0.0000e+00
    458.000     6.0368   3.463663    35.0311      13121     9.1112     6.2753     6.9622 1.0000e-12 0.0000e+00
    459.000     6.0357   3.463617    35.0313      13146     9.1282     6.2882     6.9518 1.0000e-12 0.0000e+00
    460.000     6.0300   3.463178    35.0317      13167     9.1433     6.2911     6.9461 1.0000e-12 0.0000e+00
    461.000     6.0280   3.462981    35.0311      13203     9.1682     6.2917     6.9574 1.0000e-12 0.0000e+00
    462.000     6.0253   3.462779    35.0310      13245     9.1975     6.2935     6.9714 1.0000e-12 0.0000e+00
    463.000     6.0202   3.462412    35.0316      13265     9.2109     6.3016     6.9716 1.0000e-12 0.0000e+00
    464.000     6.0179   3.462245    35.0316      13280     9.2217     6.2960     6.9648 1.0000e-12 0.0000e+00
    465.000     6.0130   3.461842    35.0316      13299     9.2349     6.2965     6.9557 1.0000e-12 0.0000e+00
    466.000     6.0142   3.461868    35.0302      13376     9.2882     6.3099     6.9700 1.0000e-12 0.0000e+00
    467.000     6.0016   3.460972    35.0325      13398     9.3036     6.3221     6.9767 1.0000e-12 0.0000e+00
    468.000     5.9865   3.459714    35.0335      13416     9.3156     6.3245     6.9909 1.0000e-12 0.0000e+00
    469.000     5.9739   3.458530    35.0325      13433     9.3281     6.3208     6.9930 1.0000e-12 0.0000e+00
    470.000     5.9681   3.457987    35.0319      13457     9.3447     6.3205     6.9890 1.0000e-12 0.0000e+00
    471.000     5.9639   3.457591    35.0313      13492     9.3684     6.3394     7.0145 1.0000e-12 0.0000e+00
    472.000     5.9631   3.457519    35.0307      13528     9.3938     6.3512     7.0394 1.0000e-12 0.0000e+00
    473.000     5.9617   3.457445    35.0308      13566     9.4200     6.3617     7.0462 1.0000e-12 0.0000e+00
    474.000     5.9552   3.456919    35.0311      13594     9.4395     6.3719     7.0420 1.0000e-12 0.0000e+00
    475.000     5.9525   3.456724    35.0312      13615     9.4542     6.3775     7.0328 1.0000e-12 0.0000e+00
    476.000     5.9457   3.456163    35.0313      13640     9.4714     6.3700     7.0331 1.0000e-12 0.0000e+00
    477.000     5.9427   3.455867    35.0307      13681     9.4999     6.3732     7.0359 1.0000e-12 0.0000e+00
    478.000     5.9398   3.455650    35.0306      13713     9.5220     6.3948     7.0542 1.0000e-12 0.0000e+00
    479.000     5.9360   3.455359    35.0308      13733     9.5359     6.3933     7.0609 1.0000e-12 0.0000e+00
    480.000     5.9335   3.455150    35.0306      13754     9.5504     6.3866     7.0579 1.0000e-12 0.0000e+00
    481.000     5.9288   3.454739    35.0302      13796     9.5797     6.3774     7.0500 1.0000e-12 0.0000e+00
    482.000     5.9237   3.454328    35.0304      13837     9.6084     6.3926     7.0771 1.0000e-12 0.0000e+00
    483.000     5.9161   3.453741    35.0310      13858     9.6230     6.3954     7.0797 1.0000e-12 0.0000e+00
    484.000     5.9113   3.453314    35.0307      13877     9.6363     6.3982     7.0716 1.0000e-12 0.0000e+00
    485.000     5.9083   3.453079    35.0306      13899     9.6513     6.3901     7.0696 1.0000e-12 0.0000e+00
    486.000     5.9032   3.452618    35.0301      13942     9.6810     6.4003     7.0713 1.0000e-12 0.0000e+00
    487.000     5.8950   3.451906    35.0301      13990     9.7148     6.4206     7.0891 1.0000e-12 0.0000e+00
    488.000     5.8906   3.451584    35.0304      14012     9.7298     6.4165     7.1023 1.0000e-12 0.0000e+00
    489.000     5.8848   3.451048    35.0299      14029     9.7419     6.4123     7.1034 1.0000e-12 0.0000e+00
    490.000     5.8799   3.450629    35.0297      14047     9.7545     6.4158     7.0995 1.0000e-12 0.0000e+00
    491.000     5.8716   3.449857    35.0291      14087     9.7822     6.4258     7.1124 1.0000e-12 0.0000e+00
    492.000     5.8678   3.449532    35.0288      14136     9.8157     6.4515     7.1362 1.0000e-12 0.0000e+00
    493.000     5.8571   3.448634    35.0291      14156     9.8298     6.4593     7.1410 1.0000e-12 0.0000e+00
    494.000     5.8537   3.448329    35.0287      14174     9.8425     6.4552     7.1399 1.0000e-12 0.0000e+00
    495.000     5.8498   3.448043    35.0289      14200     9.8601     6.4499     7.1333 1.0000e-12 0.0000e+00
    496.000     5.8328   3.446590    35.0296      14248     9.8935     6.4714     7.1429 1.0000e-12 0.0000e+00
    497.000     5.8217   3.445543    35.0287      14276     9.9135     6.4780     7.1582 1.0000e-12 0.0000e+00
    498.000     5.8215   3.445557    35.0285      14297     9.9277     6.4841     7.1647 1.0000e-12 0.0000e+00
    499.000     5.8200   3.445418    35.0281      14322     9.9451     6.4846     7.1680 1.0000e-12 0.0000e+00
    500.000     5.8075   3.444204    35.0267      14450    10.0344     6.5006     7.1900 1.0000e-12 0.0000e+00
    499.000     5.8169   3.444975    35.0262      15051    10.4511     6.5089     7.1890 1.0000e-12 0.0000e+00
    498.000     5.8163   3.444860    35.0261      15659    10.8736     6.5083     7.1908 1.0000e-12 0.0000e+00
    497.000     5.8154   3.444740    35.0262      16773    11.6470     6.5097     7.1910 1.0000e-12 0.0000e+00
    496.000     5.8136   3.444523    35.0260      17273    11.9947     6.5065     7.1919 1.0000e-12 0.0000e+00
    495.000     5.8181   3.444895    35.0261      17284    12.0021     6.5042     7.1806 1.0000e-12 0.0000e+00
    494.000     5.8246   3.445437    35.0260      17318    12.0257     6.4968     7.1970 1.0000e-12 0.0000e+00
    493.000     5.8571   3.448178    35.0240      17351    12.0486     6.4863     7.1964 1.0000e-12 0.0000e+00
    492.000     5.8651   3.449019    35.0258      17372    12.0632     6.4860     7.1940 1.0000e-12 0.0000e+00
    491.000     5.8643   3.448934    35.0261      17391    12.0766     6.4909     7.1799 1.0000e-12 0.0000e+00
    490.000     5.8737   3.449696    35.0256      17414    12.0922     6.4832     7.1476 1.0000e-12 0.0000e+00
    489.000     5.8811   3.450365    35.0259      17445    12.1136     6.4654     7.1252 1.0000e-12 0.0000e+00
    488.000     5.8821   3.450463    35.0265      17474    12.1341     6.4596     7.1268 1.0000e-12 0.0000e+00
    487.000     5.8822   3.450430    35.0266      17498    12.1504     6.4536     7.1227 1.0000e-12 0.0000e+00
    486.000     5.8867   3.450811    35.0267      17521    12.1667     6.4481     7.1212 1.0000e-12 0.0000e+00
    485.000     5.8937   3.451420    35.0269      17557    12.1917     6.4449     7.1216 1.0000e-12 0.0000e+00
    484.000     5.8982   3.451812    35.0272      17598    12.2201     6.4414     7.1131 1.0000e-12 0.0000e+00
    483.000     5.8996   3.451883    35.0271      17620    12.2355     6.4474     7.1053 1.0000e-12 0.0000e+00
    482.000     5.9120   3.452873    35.0260      17637    12.2475     6.4448     7.1078 1.0000e-12 0.0000e+00
    481.000     5.9205   3.453658    35.0266      17654    12.2588     6.4373     7.1104 1.0000e-12 0.0000e+00
    480.000     5.9255   3.454083    35.0267      17672    12.2713     6.4377     7.1133 1.0000e-12 0.0000e+00
    479.000     5.9346   3.454861    35.0266      17697    12.2891     6.4394     7.1011 1.0000e-12 0.0000e+00
    478.000     5.9372   3.455120    35.0274      17749    12.3251     6.4072     7.0666 1.0000e-12 0.0000e+00
    477.000     5.9376   3.455121    35.0275      17786    12.3510     6.3924     7.0673 1.0000e-12 0.0000e+00
    476.000     5.9392   3.455220    35.0275      17806    12.3648     6.4009     7.0693 1.0000e-12 0.0000e+00
    475.000     5.9427   3.455461    35.0271      17824    12.3768     6.4046     7.0622 1.0000e-12 0.0000e+00
    474.000     5.9482   3.455893    35.0268      17842    12.3894     6.4010     7.0578 1.0000e-12 0.0000e+00
    473.000     5.9579   3.456731    35.0268      17864    12.4051     6.3986     7.0616 1.0000e-12 0.0000e+00
    472.000     5.9645   3.457334    35.0272      17896    12.4271     6.3988     7.0628 1.0000e-12 0.0000e+00
    471.000     5.9656   3.457406    35.0274      17932    12.4519     6.3862     7.0554 1.0000e-12 0.0000e+00
    470.000     5.9657   3.457388    35.0276      17959    12.4708     6.3834     7.0317 1.0000e-12 0.0000e+00
    469.000     5.9670   3.457437    35.0274      17985    12.4892     6.3781     7.0272 1.0000e-12 0.0000e+00
    468.000     5.9750   3.458090    35.0270      18017    12.5111     6.3716     7.0330 1.0000e-12 0.0000e+00
    467.000     5.9937   3.459695    35.0263      18045    12.5304     6.3678     7.0422 1.0000e-12 0.0000e+00
    466.000     6.0085   3.460988    35.0261      18064    12.5441     6.3574     7.0355 1.0000e-12 0.0000e+00
    465.000     6.0147   3.461537    35.0264      18083    12.5571     6.3600     7.0270 1.0000e-12 0.0000e+00
    464.000     6.0234   3.462277    35.0263      18106    12.5732     6.3477     7.0054 1.0000e-12 0.0000e+00
    463.000     6.0337   3.463222    35.0268      18141    12.5976     6.3276     6.9870 1.0000e-12 0.0000e+00
    462.000     6.0386   3.463655    35.0272      18181    12.6253     6.3163     6.9725 1.0000e-12 0.0000e+00
    461.000     6.0414   3.463883    35.0274      18211    12.6458     6.3049     6.9539 1.0000e-12 0.0000e+00
    460.000     6.0451   3.464155    35.0271      18232    12.6603     6.3095     6.9444 1.0000e-12 0.0000e+00
    459.000     6.0535   3.464878    35.0272      18250    12.6729     6.3092     6.9450 1.0000e-12 0.0000e+00
    458.000     6.0553   3.465035    35.0276      18269    12.6861     6.3100     6.9520 1.0000e-12 0.0000e+00
    457.000     6.0635   3.465761    35.0277      18304    12.7105     6.2914     6.9607 1.0000e-12 0.0000e+00
    456.000     6.0744   3.466715    35.0278      18349    12.7413     6.2798     6.9467 1.0000e-12 0.0000e+00
    455.000     6.0810   3.467341    35.0285      18368    12.7548     6.2752     6.9292 1.0000e-12 0.0000e+00
    454.000     6.0839   3.467558    35.0285      18385    12.7669     6.2827     6.9199 1.0000e-12 0.0000e+00
    453.000     6.0971   3.468733    35.0286      18406    12.7813     6.2824     6.9204 1.0000e-12 0.0000e+00
    452.000     6.1097   3.469910    35.0294      18440    12.8052     6.2620     6.9183 1.0000e-12 0.0000e+00
    451.000     6.1124   3.470165    35.0300      18473    12.8278     6.2621     6.9206 1.0000e-12 0.0000e+00
    450.000     6.1130   3.470197    35.0302      18497    12.8442     6.2687     6.9060 1.0000e-12 0.0000e+00
    449.000     6.1143   3.470293    35.0305      18524    12.8634     6.2588     6.8982 1.0000e-12 0.0000e+00
    448.000     6.1157   3.470382    35.0306      18559    12.8874     6.2380     6.9110 1.0000e-12 0.0000e+00
    447.000     6.1223   3.470925    35.0304      18589    12.9082     6.2403     6.9195 1.0000e-12 0.0000e+00
    446.000     6.1342   3.471884    35.0294      18611    12.9234     6.2433     6.8991 1.0000e-12 0.0000e+00
    445.000     6.1472   3.473086    35.0300      18630    12.9370     6.2388     6.8923 1.0000e-12 0.0000e+00
    444.000     6.1517   3.473499    35.0307      18651    12.9512     6.2428     6.8898 1.0000e-12 0.0000e+00
    443.000     6.1539   3.473699    35.0310      18675    12.9681     6.2431     6.8737 1.0000e-12 0.0000e+00
    442.000     6.1574   3.473981    35.0312      18706    12.9893     6.2233     6.8653 1.0000e-12 0.0000e+00
    441.000     6.1717   3.475206    35.0307      18746    13.0175     6.2089     6.8430 1.0000e-12 0.0000e+00
    440.000     6.1865   3.476520    35.0307      18780    13.0410     6.1946     6.8444 1.0000e-12 0.0000e+00
    439.000     6.2001   3.477758    35.0312      18804    13.0576     6.2028     6.8516 1.0000e-12 0.0000e+00
    438.000     6.2201   3.479391    35.0294      18824    13.0718     6.1960     6.8404 1.0000e-12 0.0000e+00
    437.000     6.2436   3.481590    35.0305      18844    13.0855     6.1863     6.8242 1.0000e-12 0.0000e+00
    436.000     6.2546   3.482612    35.0310      18868    13.1021     6.1781     6.8052 1.0000e-12 0.0000e+00
    435.000     6.2613   3.483281    35.0322      18901    13.1249     6.1570     6.7756 1.0000e-12 0.0000e+00
    434.000     6.2665   3.483739    35.0325      18930    13.1448     6.1316     6.7434 1.0000e-12 0.0000e+00
    433.000     6.2830   3.485139    35.0318      18953    13.1612     6.1139     6.7384 1.0000e-12 0.0000e+00
    432.000     6.3071   3.487369    35.0324      18991    13.1876     6.1029     6.7364 1.0000e-12 0.0000e+00
    431.000     6.3209   3.488631    35.0329      19030    13.2145     6.0988     6.7065 1.0000e-12 0.0000e+00
    430.000     6.3398   3.490280    35.0324      19048    13.2272     6.0777     6.6927 1.0000e-12 0.0000e+00
    429.000     6.3629   3.492349    35.0325      19064    13.2382     6.0614     6.6811 1.0000e-12 0.0000e+00
    428.000     6.3924   3.494976    35.0320      19081    13.2499     6.0533     6.6695 1.0000e-12 0.0000e+00
    427.000     6.4224   3.497720    35.0324      19105    13.2667     6.0511     6.6725 1.0000e-12 0.0000e+00
    426.000     6.4544   3.500765    35.0340      19150    13.2978     6.0048     6.6162 1.0000e-12 0.0000e+00
    425.000     6.4690   3.502076    35.0343      19185    13.3223     5.9664     6.5787 1.0000e-12 0.0000e+00
    424.000     6.4855   3.503532    35.0340      19205    13.3363     5.9565     6.5674 1.0000e-12 0.0000e+00
    423.000     6.4995   3.504844    35.0349      19224    13.3494     5.9429     6.5610 1.0000e-12 0.0000e+00
    422.000     6.5099   3.505850    35.0359      19249    13.3669     5.9340     6.5550 1.0000e-12 0.0000e+00
    421.000     6.5217   3.507026    35.0375      19301    13.4025     5.9106     6.5277 1.0000e-12 0.0000e+00
    420.000     6.5233   3.507145    35.0377      19326    13.4198     5.8999     6.5098 1.0000e-12 0.0000e+00
