HB2503/ctd009.cnv
* Sea-Bird SBE 9 Data File:
* FileName = C:\cruise\data\ctd009.hex
* Software Version Seasave V 7.26.7.121
* Temperature SN = 4591
* Conductivity SN = 6006
* Number of Bytes Per Scan = 37
* Number of Voltage Words = 4
* Number of Scans Averaged by the Deck Unit = 1
* NMEA Latitude = 40 40.18 N
* NMEA Longitude = 070 37.38 W
* NMEA UTC (Time) = Jun 01 2025 16:55:29
* NMEA baud rate = 4800
** Ship: Bigelow HB2502
** Program:  Spring Bottom Trawl
** Chief Scientist:Jon Galbraith
# nquan = 10
# nvalues = 114                         
# units = specified
# name 0 = depSM: Depth [salt water, m]
# name 1 = t090C: Temperature [ITS-90, deg C]
# name 2 = c0S/m: Conductivity [S/m]
# name 3 = sal00: Salinity, Practical [PSU]
# name 4 = scan: Scan Count
# name 5 = timeM: Time, Elapsed [minutes]
# name 6 = sbeox0Mg/L: Oxygen, SBE 43 [mg/l]
# name 7 = sbeox1Mg/L: Oxygen, SBE 43, 2 [mg/l]
# name 8 = par: PAR/Irradiance, Biospherical/Licor
# name 9 = flag: flag
# span 0 =      1.000,     58.000       
# span 1 =     7.5242,    11.1925       
# span 2 =   3.359264,   3.666031       
# span 3 =    32.4203,    32.6491       
# span 4 =        -21,      12938       
# span 5 =    -0.0150,     8.9838       
# span 6 =     7.4342,     9.1521       
# span 7 =     9.2524,    10.0652       
# span 8 = 5.2554e-02, 1.9098e+03       
# span 9 = 0.0000e+00, 0.0000e+00       
# interval = meters: 1                  
# start_time = Jun 01 2025 16:55:29 [NMEA time, header]
# bad_flag = -9.990e-29
*END*
      2.000    11.1909   3.666031    32.4615        -21    -0.0150     8.1247     9.7799 1.1175e+03 0.0000e+00
      3.000    11.1925   3.665944    32.4588        276     0.1909     7.4522     9.7641 1.3204e+03 0.0000e+00
      4.000    11.1911   3.665649    32.4567        364     0.2524     7.4342     9.7724 6.6991e+02 0.0000e+00
      5.000    11.1920   3.665996    32.4589        390     0.2698     7.6439     9.7394 6.1196e+02 0.0000e+00
      6.000    11.1864   3.666000    32.4634        437     0.3026     7.9813     9.7490 6.7059e+02 0.0000e+00
      7.000    11.1858   3.665588    32.4595        458     0.3172     7.7421     9.7582 6.3630e+02 0.0000e+00
      8.000    11.1847   3.665911    32.4632        477     0.3306     7.6064     9.7564 5.0345e+02 0.0000e+00
      9.000    11.1837   3.665907    32.4636        508     0.3522     7.8334     9.7642 4.4504e+02 0.0000e+00
     10.000    11.1798   3.665305    32.4607        561     0.3892     8.0300     9.8201 4.3047e+02 0.0000e+00
     11.000    11.1708   3.664779    32.4630        581     0.4027     7.8374     9.8142 3.2136e+02 0.0000e+00
     12.000    11.1332   3.663075    32.4790        598     0.4147     7.8220     9.8009 2.5916e+02 0.0000e+00
     13.000    11.1266   3.661114    32.4651        625     0.4335     8.3832     9.7866 2.3836e+02 0.0000e+00
     14.000    11.1092   3.658885    32.4580        680     0.4712     8.9799     9.8339 2.4355e+02 0.0000e+00
     15.000    11.0772   3.657305    32.4703        700     0.4855     8.8661     9.8332 1.8685e+02 0.0000e+00
     16.000    10.9609   3.651216    32.5125        717     0.4974     8.8698     9.8616 1.5267e+02 0.0000e+00
     17.000    10.8245   3.638141    32.5034        736     0.5103     8.9032     9.8675 1.2313e+02 0.0000e+00
     18.000    10.6720   3.622525    32.4830        776     0.5384     8.9351     9.8769 1.0641e+02 0.0000e+00
     19.000    10.5909   3.615940    32.4891        826     0.5732     8.9750     9.9885 9.0926e+01 0.0000e+00
     20.000    10.1194   3.585944    32.6096        848     0.5879     9.0749    10.0522 7.3053e+01 0.0000e+00
     21.000     9.7987   3.550725    32.5412        868     0.6021     9.1521    10.0415 5.7135e+01 0.0000e+00
     22.000     9.6356   3.533632    32.5138        897     0.6225     9.1119     9.9607 4.6562e+01 0.0000e+00
     23.000     9.5324   3.523591    32.5040        934     0.6482     9.0421     9.9879 4.0031e+01 0.0000e+00
     24.000     9.3065   3.508847    32.5574        958     0.6645     9.1021    10.0312 3.3224e+01 0.0000e+00
     25.000     9.0432   3.485446    32.5553        978     0.6788     9.0693    10.0652 2.5948e+01 0.0000e+00
     26.000     8.8829   3.466048    32.5000       1020     0.7077     8.9614    10.0179 2.0293e+01 0.0000e+00
     27.000     8.8481   3.461112    32.4800       1075     0.7456     9.0650    10.0610 1.6294e+01 0.0000e+00
     28.000     8.8391   3.460798    32.4845       1093     0.7586     9.0593    10.0147 1.2699e+01 0.0000e+00
     29.000     8.7745   3.456644    32.5000       1110     0.7702     9.0162     9.9896 1.0088e+01 0.0000e+00
     30.000     8.7104   3.454102    32.5318       1129     0.7835     8.9731     9.9380 8.3259e+00 0.0000e+00
     31.000     8.6451   3.448572    32.5335       1179     0.8179     8.8941     9.7091 7.4852e+00 0.0000e+00
     32.000     8.5258   3.440943    32.5630       1221     0.8473     8.7109     9.5758 6.7875e+00 0.0000e+00
     33.000     8.4539   3.434745    32.5637       1243     0.8625     8.6711     9.5745 5.5166e+00 0.0000e+00
     34.000     8.4288   3.432765    32.5656       1267     0.8795     8.6557     9.5433 4.4219e+00 0.0000e+00
     35.000     8.4173   3.431807    32.5657       1303     0.9040     8.6628     9.5242 3.6434e+00 0.0000e+00
     36.000     8.3700   3.428708    32.5763       1337     0.9274     8.6997     9.5742 3.3722e+00 0.0000e+00
     37.000     8.3262   3.425539    32.5829       1368     0.9493     8.7121     9.5718 2.9593e+00 0.0000e+00
     38.000     8.0325   3.405599    32.6441       1401     0.9719     8.7456     9.5899 2.4545e+00 0.0000e+00
     39.000     7.8742   3.390743    32.6331       1428     0.9913     8.7312     9.5521 2.0823e+00 0.0000e+00
     40.000     7.8705   3.389582    32.6237       1455     1.0095     8.6544     9.4854 1.7757e+00 0.0000e+00
     41.000     7.8714   3.389064    32.6168       1491     1.0348     8.5777     9.4067 1.5584e+00 0.0000e+00
     42.000     7.8766   3.389166    32.6126       1528     1.0605     8.5336     9.3837 1.3418e+00 0.0000e+00
     43.000     7.8808   3.389559    32.6124       1553     1.0774     8.5455     9.4000 1.1594e+00 0.0000e+00
     44.000     7.8837   3.389764    32.6114       1576     1.0938     8.5439     9.3994 9.7692e-01 0.0000e+00
     45.000     7.8867   3.389892    32.6095       1613     1.1191     8.5340     9.3926 8.3078e-01 0.0000e+00
     46.000     7.8891   3.390038    32.6083       1656     1.1492     8.5462     9.3979 7.2650e-01 0.0000e+00
     47.000     7.8927   3.390371    32.6080       1687     1.1710     8.5532     9.3982 6.4362e-01 0.0000e+00
     48.000     7.8951   3.390573    32.6075       1758     1.2201     8.5494     9.3896 4.9356e-01 0.0000e+00
     49.000     7.8992   3.391621    32.6145       1810     1.2563     8.5506     9.3756 4.0580e-01 0.0000e+00
     50.000     7.8890   3.391646    32.6238       1845     1.2803     8.5348     9.3584 3.6131e-01 0.0000e+00
     51.000     7.8496   3.389053    32.6324       1911     1.3263     8.4941     9.2899 3.3011e-01 0.0000e+00
     52.000     7.7978   3.385166    32.6388       1941     1.3475     8.4589     9.3059 2.5236e-01 0.0000e+00
     53.000     7.7683   3.382085    32.6329       1990     1.3815     8.4556     9.2904 1.8474e-01 0.0000e+00
     54.000     7.6859   3.376437    32.6491       2060     1.4300     8.4828     9.3143 1.7170e-01 0.0000e+00
     55.000     7.5652   3.364143    32.6299       2078     1.4424     8.4998     9.3348 1.3804e-01 0.0000e+00
     56.000     7.5549   3.363109    32.6279       2099     1.4572     8.4694     9.3000 1.0525e-01 0.0000e+00
     57.000     7.5242   3.359264    32.6149       2300     1.5966     8.4979     9.3324 6.6522e-02 0.0000e+00
     58.000     7.5548   3.361873    32.6137       2693     1.8694     8.4487     9.2524 5.2554e-02 0.0000e+00
     57.000     7.5481   3.361274    32.6141       2557     1.7747     8.4726     9.3138 7.0786e-02 0.0000e+00
     56.000     7.6379   3.368641    32.6095       2579     1.7902     8.4958     9.3214 9.7634e-02 0.0000e+00
     55.000     7.6307   3.368987    32.6204       3303     2.2932     8.5064     9.3244 1.4194e-01 0.0000e+00
     54.000     7.8191   3.386202    32.6290       3984     2.7657     8.4682     9.2780 1.8955e-01 0.0000e+00
     53.000     7.8740   3.390759    32.6269       4306     2.9898     8.4576     9.2644 2.3183e-01 0.0000e+00
     52.000     7.8962   3.391911    32.6189       4280     2.9716     8.4666     9.2527 2.8909e-01 0.0000e+00
     51.000     7.9029   3.391972    32.6138       4303     2.9878     8.4635     9.2630 3.5309e-01 0.0000e+00
     50.000     7.9058   3.391940    32.6112       4330     3.0065     8.4641     9.3072 4.2194e-01 0.0000e+00
     49.000     7.9156   3.391782    32.6008       4370     3.0338     8.4730     9.3406 4.8300e-01 0.0000e+00
     48.000     7.9109   3.391060    32.5980       4431     3.0766     8.5327     9.3648 5.8248e-01 0.0000e+00
     47.000     7.9159   3.391318    32.5965       4472     3.1051     8.5529     9.4008 6.6678e-01 0.0000e+00
     46.000     7.9234   3.392008    32.5973       4492     3.1185     8.5553     9.3885 7.5604e-01 0.0000e+00
     45.000     7.9168   3.391350    32.5969       4511     3.1320     8.5526     9.3822 8.8787e-01 0.0000e+00
     44.000     7.9068   3.390256    32.5951       4556     3.1634     8.5508     9.3890 1.1123e+00 0.0000e+00
     43.000     7.9045   3.389950    32.5945       4621     3.2085     8.5652     9.4056 1.2777e+00 0.0000e+00
     42.000     7.9051   3.389930    32.5941       4641     3.2224     8.5805     9.3982 1.4069e+00 0.0000e+00
     41.000     7.8993   3.389300    32.5933       4661     3.2360     8.5801     9.3792 1.6017e+00 0.0000e+00
     40.000     8.0923   3.403865    32.5691       4700     3.2630     8.5408     9.3814 1.9757e+00 0.0000e+00
     39.000     8.2635   3.417524    32.5554       4763     3.3071     8.6483     9.4938 2.4276e+00 0.0000e+00
     38.000     8.3151   3.421377    32.5488       4790     3.3254     8.6633     9.5220 2.7330e+00 0.0000e+00
     37.000     8.3732   3.425619    32.5404       4820     3.3463     8.6661     9.5222 3.0560e+00 0.0000e+00
     36.000     8.3929   3.427157    32.5388       4855     3.3711     8.6971     9.5273 3.4778e+00 0.0000e+00
     35.000     8.3978   3.427030    32.5334       4892     3.3962     8.7198     9.5663 4.2572e+00 0.0000e+00
     34.000     8.4669   3.431286    32.5149       4937     3.4279     8.6998     9.5424 5.4356e+00 0.0000e+00
     33.000     8.5603   3.438548    32.5056       4990     3.4646     8.7013     9.5138 6.1336e+00 0.0000e+00
     32.000     8.6345   3.443880    32.4937       5026     3.4896     8.6999     9.5325 6.5965e+00 0.0000e+00
     31.000     8.6819   3.447035    32.4836       5051     3.5070     8.6892     9.5208 7.7199e+00 0.0000e+00
     30.000     8.7611   3.452410    32.4676       5809     4.0335     8.7043     9.5685 1.0198e+01 0.0000e+00
     29.000     8.7812   3.453886    32.4650       6933     4.8140     8.7412     9.6141 1.1699e+01 0.0000e+00
     28.000     8.8219   3.456783    32.4584       7026     4.8786     8.8539     9.7397 1.5436e+01 0.0000e+00
     27.000     8.8410   3.458471    32.4590       7079     4.9151     8.9292     9.7855 1.6681e+01 0.0000e+00
     26.000     8.8631   3.460286    32.4581       7107     4.9348     8.9250     9.7848 1.8898e+01 0.0000e+00
     25.000     8.8938   3.462573    32.4543       7164     4.9746     8.9249     9.7847 2.4229e+01 0.0000e+00
     24.000     8.9639   3.467582    32.4428       7213     5.0087     8.9693     9.8199 3.3988e+01 0.0000e+00
     23.000     9.0440   3.474198    32.4388       9328     6.4769     9.1168     9.9934 3.6968e+01 0.0000e+00
     22.000     9.3959   3.504490    32.4321      10010     6.9504     9.1213     9.9767 4.3943e+01 0.0000e+00
     21.000     9.6340   3.525405    32.4316      10225     7.0997     9.0954     9.9207 5.2141e+01 0.0000e+00
     20.000     9.8777   3.546055    32.4229      10247     7.1155     9.0403     9.9072 6.8608e+01 0.0000e+00
     19.000    10.1496   3.569847    32.4203      10269     7.1307     9.0243     9.8998 8.7430e+01 0.0000e+00
     18.000    10.6014   3.610632    32.4272      10331     7.1738     9.1059     9.9329 9.9123e+01 0.0000e+00
     17.000    10.8623   3.633368    32.4225      10394     7.2171     9.0460     9.9189 1.1532e+02 0.0000e+00
     16.000    11.0312   3.648896    32.4273      10416     7.2326     9.0267     9.9294 1.4529e+02 0.0000e+00
     15.000    11.0896   3.654795    32.4345      10458     7.2621     9.0433     9.8796 1.7639e+02 0.0000e+00
     14.000    11.1267   3.658625    32.4400      10526     7.3093     8.9868     9.8210 1.7831e+02 0.0000e+00
     13.000    11.1574   3.661512    32.4418      10566     7.3371     8.9901     9.8256 2.2640e+02 0.0000e+00
     12.000    11.1602   3.662020    32.4447      10615     7.3706     8.9849     9.8170 2.8082e+02 0.0000e+00
     11.000    11.1696   3.662887    32.4454      10650     7.3954     8.9782     9.8310 3.2270e+02 0.0000e+00
     10.000    11.1739   3.664095    32.4540      11281     7.8334     8.9670     9.8243 2.8851e+02 0.0000e+00
      9.000    11.1474   3.661765    32.4549      11871     8.2432     8.9680     9.8358 3.2627e+02 0.0000e+00
      8.000    11.1719   3.663864    32.4543      11833     8.2168     8.9885     9.8343 4.0554e+02 0.0000e+00
      7.000    11.1736   3.663961    32.4542      11851     8.2289     8.9819     9.8416 4.9234e+02 0.0000e+00
      6.000    11.1779   3.664276    32.4539      11868     8.2410     8.9594     9.8475 6.4196e+02 0.0000e+00
      5.000    11.1924   3.665556    32.4542      11927     8.2818     8.9582     9.8245 7.1839e+02 0.0000e+00
      4.000    11.1923   3.665544    32.4546      11972     8.3133     8.9775     9.8004 9.7900e+02 0.0000e+00
      3.000    11.1862   3.665008    32.4551      12513     8.6890     8.9583     9.8286 9.3257e+02 0.0000e+00
      2.000    11.1852   3.664887    32.4553      12875     8.9403     8.9751     9.8238 1.7025e+03 0.0000e+00
      1.000    11.1834   3.664706    32.4554      12938     8.9838     8.9773     9.8266 1.9098e+03 0.0000e+00
