HB2503/ctd018.cnv
* Sea-Bird SBE 9 Data File:
* FileName = C:\cruise\data\ctd018.hex
* Software Version Seasave V 7.26.7.121
* Temperature SN = 4591
* Conductivity SN = 6006
* Number of Bytes Per Scan = 37
* Number of Voltage Words = 4
* Number of Scans Averaged by the Deck Unit = 1
* NMEA Latitude = 42 21.81 N
* NMEA Longitude = 070 27.84 W
* NMEA UTC (Time) = Jun 05 2025 09:32:31
* NMEA baud rate = 4800
** Ship: Bigelow HB2502
** Program:  Spring Bottom Trawl
** Chief Scientist:Jon Galbraith
# nquan = 10
# nvalues = 121                         
# units = specified
# name 0 = depSM: Depth [salt water, m]
# name 1 = t090C: Temperature [ITS-90, deg C]
# name 2 = c0S/m: Conductivity [S/m]
# name 3 = sal00: Salinity, Practical [PSU]
# name 4 = scan: Scan Count
# name 5 = timeM: Time, Elapsed [minutes]
# name 6 = sbeox0Mg/L: Oxygen, SBE 43 [mg/l]
# name 7 = sbeox1Mg/L: Oxygen, SBE 43, 2 [mg/l]
# name 8 = par: PAR/Irradiance, Biospherical/Licor
# name 9 = flag: flag
# span 0 =      1.000,     62.000       
# span 1 =     4.9887,    12.7839       
# span 2 =   3.110533,   3.588775       
# span 3 =    29.6156,    32.3020       
# span 4 =        103,      14658       
# span 5 =     0.0706,    10.1784       
# span 6 =     6.1485,     9.4277       
# span 7 =     6.7921,    10.4063       
# span 8 = -8.086e-07, 2.1081e+02       
# span 9 = 0.0000e+00, 0.0000e+00       
# interval = meters: 1                  
# start_time = Jun 05 2025 09:32:31 [NMEA time, header]
# bad_flag = -9.990e-29
*END*
      3.000    12.5301   3.486656    29.6156        103     0.0706     6.1485     7.2329 2.5101e+01 0.0000e+00
      4.000    12.1135   3.526199    30.3252        275     0.1900     6.3737     6.7921 2.0475e+01 0.0000e+00
      5.000    11.7508   3.532553    30.6818        304     0.2106     6.5120     6.9770 1.4029e+01 0.0000e+00
      6.000    11.2198   3.520641    31.0100        332     0.2297     6.6673     7.2096 1.0651e+01 0.0000e+00
      7.000    10.6511   3.513849    31.4249        357     0.2470     6.7265     7.7140 8.0861e+00 0.0000e+00
      8.000    10.2901   3.506445    31.6631        381     0.2638     6.8014     8.0870 5.9319e+00 0.0000e+00
      9.000    10.1217   3.494290    31.6877        405     0.2808     6.9249     8.6126 4.5177e+00 0.0000e+00
     10.000     9.9527   3.480495    31.6962        431     0.2986     6.8828     9.0271 3.4547e+00 0.0000e+00
     11.000     9.9478   3.480866    31.7039        459     0.3183     6.7349     9.1872 2.6503e+00 0.0000e+00
     12.000    10.2895   3.494585    31.5433        489     0.3392     6.5915     9.8958 2.0053e+00 0.0000e+00
     13.000     9.7628   3.491098    31.9702        518     0.3588     6.5918    10.3505 1.5162e+00 0.0000e+00
     14.000     9.4560   3.466452    31.9912        543     0.3760     6.7701    10.3396 1.1441e+00 0.0000e+00
     15.000     9.3032   3.421826    31.6690        566     0.3922     7.0780    10.1363 8.7214e-01 0.0000e+00
     16.000     9.2032   3.416154    31.6990        589     0.4087     7.3006    10.0803 6.6827e-01 0.0000e+00
     17.000     9.1622   3.417316    31.7470        616     0.4272     7.2546    10.1025 4.9768e-01 0.0000e+00
     18.000     9.0846   3.418137    31.8242        646     0.4482     7.1055    10.1065 3.7875e-01 0.0000e+00
     19.000     8.8729   3.402702    31.8534        676     0.4689     7.0647    10.1023 2.9517e-01 0.0000e+00
     20.000     8.6096   3.381133    31.8651        703     0.4872     7.1696    10.1136 2.2726e-01 0.0000e+00
     21.000     8.3686   3.363750    31.9002        726     0.5036     7.4598    10.1188 1.7328e-01 0.0000e+00
     22.000     8.2897   3.349572    31.8220        749     0.5198     7.8800    10.1384 1.3146e-01 0.0000e+00
     23.000     8.1497   3.337811    31.8243        775     0.5373     8.3024    10.2094 1.0588e-01 0.0000e+00
     24.000     7.9589   3.324847    31.8599        804     0.5576     8.3265    10.2826 7.7439e-02 0.0000e+00
     25.000     7.7828   3.306468    31.8243        835     0.5795     8.2014    10.3091 5.1156e-02 0.0000e+00
     26.000     7.6986   3.293068    31.7576        863     0.5987     8.2151    10.2827 4.1357e-02 0.0000e+00
     27.000     7.5858   3.285222    31.7761        887     0.6153     8.6415    10.2458 2.4233e-02 0.0000e+00
     28.000     7.4617   3.274457    31.7736        910     0.6312     9.2526    10.2273 1.8164e-02 0.0000e+00
     29.000     7.4606   3.272037    31.7481        934     0.6478     9.3380    10.1825 9.2723e-03 0.0000e+00
     30.000     7.4762   3.273840    31.7528        961     0.6669     9.2971    10.1654 2.6955e-03 0.0000e+00
     31.000     7.4411   3.272139    31.7662        992     0.6880     9.2226    10.1984 2.2046e-04 0.0000e+00
     32.000     7.4129   3.272810    31.7988       1021     0.7084     9.1820    10.2281 -8.086e-07 0.0000e+00
     33.000     7.3862   3.273797    31.8335       1047     0.7265     9.2113    10.2331 1.0000e-12 0.0000e+00
     34.000     7.4329   3.280909    31.8667       1072     0.7436     9.1944    10.1854 1.0000e-12 0.0000e+00
     35.000     7.4005   3.281666    31.9042       1097     0.7608     9.1882    10.1900 1.0000e-12 0.0000e+00
     36.000     7.2457   3.271525    31.9369       1123     0.7790     9.2196    10.2506 1.0000e-12 0.0000e+00
     37.000     6.7718   3.237453    32.0056       1150     0.7982     9.3307    10.3145 1.0000e-12 0.0000e+00
     38.000     6.5486   3.215443    31.9720       1178     0.8176     9.3019    10.1853 1.0000e-12 0.0000e+00
     39.000     6.5234   3.215789    31.9989       1205     0.8364     9.1668     9.9524 1.0000e-12 0.0000e+00
     40.000     6.4588   3.209506    31.9897       1231     0.8542     9.0411     9.8441 1.0000e-12 0.0000e+00
     41.000     6.4368   3.207716    31.9900       1256     0.8716     8.9665     9.8517 1.0000e-12 0.0000e+00
     42.000     6.3544   3.202122    32.0050       1282     0.8895     8.9645     9.8808 1.0000e-12 0.0000e+00
     43.000     6.3585   3.202965    32.0100       1310     0.9088     8.9403     9.8590 1.0000e-12 0.0000e+00
     44.000     6.3034   3.198468    32.0115       1339     0.9288     8.9407     9.8646 1.0000e-12 0.0000e+00
     45.000     6.2823   3.198788    32.0345       1366     0.9479     8.9358     9.8513 1.0000e-12 0.0000e+00
     46.000     6.2341   3.195838    32.0466       1391     0.9652     8.9392     9.8578 1.0000e-12 0.0000e+00
     47.000     6.1803   3.192136    32.0558       1415     0.9820     8.9370     9.8439 1.0000e-12 0.0000e+00
     48.000     6.1348   3.188061    32.0528       1441     0.9997     8.9221     9.8167 1.0000e-12 0.0000e+00
     49.000     6.0582   3.182837    32.0665       1468     1.0188     8.8934     9.8059 1.0000e-12 0.0000e+00
     50.000     6.0064   3.180631    32.0904       1498     1.0392     8.8459     9.7635 1.0000e-12 0.0000e+00
     51.000     5.9405   3.176469    32.1060       1525     1.0585     8.8372     9.7514 1.0000e-12 0.0000e+00
     52.000     5.9281   3.175297    32.1040       1550     1.0759     8.8263     9.7550 1.0000e-12 0.0000e+00
     53.000     5.8915   3.173066    32.1134       1575     1.0931     8.8208     9.7303 1.0000e-12 0.0000e+00
     54.000     5.7663   3.162364    32.1117       1601     1.1112     8.8391     9.7258 1.0000e-12 0.0000e+00
     55.000     5.7856   3.163491    32.1056       1629     1.1305     8.7834     9.6497 1.0000e-12 0.0000e+00
     56.000     5.7448   3.162754    32.1357       1657     1.1499     8.7199     9.5712 1.0000e-12 0.0000e+00
     57.000     5.4930   3.143853    32.1622       1683     1.1681     8.7151     9.5764 1.0000e-12 0.0000e+00
     58.000     5.4470   3.140422    32.1670       1708     1.1855     8.6834     9.5517 1.0000e-12 0.0000e+00
     59.000     5.3855   3.139068    32.2102       1734     1.2034     8.6395     9.4759 1.0000e-12 0.0000e+00
     60.000     5.1572   3.127040    32.2926       1762     1.2229     8.5774     9.4079 1.0000e-12 0.0000e+00
     61.000     5.0105   3.115208    32.2987       1791     1.2431     8.5129     9.3388 1.0000e-12 0.0000e+00
     62.000     4.9989   3.114562    32.3020       2757     1.9137     8.2641     9.1066 1.0000e-12 0.0000e+00
     61.000     5.0019   3.113892    32.2919       4047     2.8094     8.2212     9.0761 1.0000e-12 0.0000e+00
     60.000     4.9887   3.110533    32.2667       4083     2.8349     8.2288     9.0843 1.0000e-12 0.0000e+00
     59.000     5.0958   3.116585    32.2329       4121     2.8610     8.1977     9.0512 1.0000e-12 0.0000e+00
     58.000     5.3366   3.135105    32.2126       4160     2.8881     8.1769     9.0305 1.0000e-12 0.0000e+00
     57.000     5.3443   3.132149    32.1721       4192     2.9101     8.2843     9.1846 1.0000e-12 0.0000e+00
     56.000     5.4133   3.134795    32.1365       4220     2.9301     8.3886     9.3181 1.0000e-12 0.0000e+00
     55.000     5.4758   3.137099    32.1032       4252     2.9518     8.4698     9.3701 1.0000e-12 0.0000e+00
     54.000     5.7272   3.156254    32.0802       4287     2.9766     8.4415     9.3240 1.0000e-12 0.0000e+00
     53.000     5.7707   3.159704    32.0781       4324     3.0019     8.5046     9.3931 1.0000e-12 0.0000e+00
     52.000     5.7376   3.155581    32.0638       4358     3.0255     8.6373     9.5550 1.0000e-12 0.0000e+00
     51.000     5.8353   3.163704    32.0627       4390     3.0480     8.6555     9.5740 1.0000e-12 0.0000e+00
     50.000     5.9107   3.170627    32.0692       4422     3.0698     8.6379     9.5112 1.0000e-12 0.0000e+00
     49.000     5.9280   3.171983    32.0685       4454     3.0923     8.6635     9.5660 1.0000e-12 0.0000e+00
     48.000     5.9790   3.175083    32.0554       4490     3.1173     8.7206     9.6663 1.0000e-12 0.0000e+00
     47.000     6.0413   3.178360    32.0336       4532     3.1467     8.7861     9.7175 1.0000e-12 0.0000e+00
     46.000     6.1005   3.181885    32.0174       4576     3.1768     8.8118     9.7511 1.0000e-12 0.0000e+00
     45.000     6.1754   3.187230    32.0068       4622     3.2087     8.8255     9.7547 1.0000e-12 0.0000e+00
     44.000     6.2206   3.190723    32.0034       4674     3.2448     8.8499     9.7807 1.0000e-12 0.0000e+00
     43.000     6.2678   3.193899    31.9948       4718     3.2755     8.8669     9.7967 1.0000e-12 0.0000e+00
     42.000     6.3090   3.195401    31.9732       4762     3.3061     8.8952     9.8146 1.0000e-12 0.0000e+00
     41.000     6.3314   3.195452    31.9532       4813     3.3414     8.9196     9.8439 1.0000e-12 0.0000e+00
     40.000     6.3352   3.195630    31.9522       4861     3.3748     8.9342     9.8472 1.0000e-12 0.0000e+00
     39.000     6.3500   3.196452    31.9478       4907     3.4070     8.9265     9.8484 1.0000e-12 0.0000e+00
     38.000     6.4270   3.201521    31.9322       4952     3.4382     8.9100     9.8527 1.0000e-12 0.0000e+00
     37.000     6.4709   3.204002    31.9190       5004     3.4744     8.9464     9.8864 1.0000e-12 0.0000e+00
     36.000     6.5444   3.209896    31.9158       5053     3.5080     8.9656     9.8831 7.5456e-05 0.0000e+00
     35.000     6.5295   3.205645    31.8833       5093     3.5363     8.9887     9.9146 3.1212e-06 0.0000e+00
     34.000     6.6547   3.212841    31.8461       5824     4.0440     8.9895     9.9242 4.8593e-03 0.0000e+00
     33.000     6.9375   3.233231    31.8074       6981     4.8472     8.8857     9.7841 5.9420e-03 0.0000e+00
     32.000     7.2636   3.261184    31.8105       6954     4.8283     8.9449     9.8971 1.7342e-02 0.0000e+00
     31.000     7.3810   3.270218    31.8006       6980     4.8463     9.0381    10.0501 2.1581e-02 0.0000e+00
     30.000     7.3630   3.264499    31.7559       7005     4.8636     9.1697    10.1917 3.2149e-02 0.0000e+00
     29.000     7.3844   3.262464    31.7149       7032     4.8826     9.2544    10.2853 3.4991e-02 0.0000e+00
     28.000     7.4290   3.262598    31.6759       7064     4.9050     9.2665    10.2658 5.2696e-02 0.0000e+00
     27.000     7.4328   3.263044    31.6778       7096     4.9273     9.2646    10.2124 6.4653e-02 0.0000e+00
     26.000     7.4462   3.263115    31.6668       7124     4.9468     9.2745    10.2187 8.4556e-02 0.0000e+00
     25.000     7.4821   3.257160    31.5706       7150     4.9649     9.2632    10.2266 1.0136e-01 0.0000e+00
     24.000     7.5923   3.259821    31.4995       7177     4.9837     9.2468    10.2082 1.2401e-01 0.0000e+00
     23.000     7.6649   3.262034    31.4579       7208     5.0047     9.2340    10.1857 1.4976e-01 0.0000e+00
     22.000     7.7257   3.264595    31.4308       7239     5.0266     9.2328    10.1990 1.7892e-01 0.0000e+00
     21.000     7.8022   3.268823    31.4074       7268     5.0469     9.2654    10.2343 2.2364e-01 0.0000e+00
     20.000     8.0346   3.279485    31.3125       7296     5.0661     9.2394    10.1961 2.8164e-01 0.0000e+00
     19.000     8.2039   3.287271    31.2441       7331     5.0903     9.2749    10.2537 3.4599e-01 0.0000e+00
     18.000     8.4090   3.294440    31.1380       7378     5.1227     9.3259    10.3101 4.2452e-01 0.0000e+00
     17.000     8.6093   3.307837    31.1018       7422     5.1537     9.2890    10.2428 5.4417e-01 0.0000e+00
     16.000     8.7952   3.316636    31.0306       7460     5.1797     9.2429    10.1404 7.0968e-01 0.0000e+00
     15.000     9.0858   3.329145    30.9070       7498     5.2065     9.1838    10.1346 9.4625e-01 0.0000e+00
     14.000     9.2038   3.337074    30.8867       8396     5.8296     9.1738    10.1288 1.2478e+00 0.0000e+00
     13.000     9.4148   3.348963    30.8266       9736     6.7604     9.1843    10.1262 1.6776e+00 0.0000e+00
     12.000     9.7559   3.365298    30.7008       9939     6.9012     9.1597    10.1375 2.1938e+00 0.0000e+00
     11.000     9.9899   3.377710    30.6276      10719     7.4431     9.2691    10.2460 3.0258e+00 0.0000e+00
     10.000    10.3001   3.399327    30.5824      12045     8.3640     9.3283    10.2832 4.1014e+00 0.0000e+00
      9.000    10.4794   3.411411    30.5524      11973     8.3141     9.3141    10.2682 5.4192e+00 0.0000e+00
      8.000    10.8386   3.437045    30.5061      12011     8.3403     9.3091    10.2906 7.3026e+00 0.0000e+00
      7.000    10.9318   3.444659    30.5039      12069     8.3808     9.4277    10.4063 9.7364e+00 0.0000e+00
      6.000    11.0811   3.456819    30.4996      12132     8.4241     9.3806    10.3682 1.3162e+01 0.0000e+00
      5.000    11.9834   3.526971    30.4371      12167     8.4487     9.2830    10.2165 1.8058e+01 0.0000e+00
      4.000    12.4139   3.558608    30.3894      12247     8.5045     9.3700    10.2913 2.4978e+01 0.0000e+00
      3.000    12.7839   3.588775    30.3763      14258     9.9008     9.1772    10.1826 3.4850e+01 0.0000e+00
      2.000    12.5932   3.574165    30.3925      14658    10.1784     9.2692    10.2605 5.6327e+01 0.0000e+00
      1.000    12.5730   3.572644    30.3948      14635    10.1622     9.2625    10.2655 2.1081e+02 0.0000e+00
