HB2503/ctd006.cnv
* Sea-Bird SBE 9 Data File:
* FileName = C:\cruise\data\ctd006.hex
* Software Version Seasave V 7.26.7.121
* Temperature SN = 4591
* Conductivity SN = 6006
* Number of Bytes Per Scan = 37
* Number of Voltage Words = 4
* Number of Scans Averaged by the Deck Unit = 1
* NMEA Latitude = 37 59.76 N
* NMEA Longitude = 074 57.37 W
* NMEA UTC (Time) = May 30 2025 02:49:01
* NMEA baud rate = 4800
** Ship: Bigelow HB2502
** Program:  Spring Bottom Trawl
** Chief Scientist:Jon Galbraith
# nquan = 10
# nvalues = 39                          
# units = specified
# name 0 = depSM: Depth [salt water, m]
# name 1 = t090C: Temperature [ITS-90, deg C]
# name 2 = c0S/m: Conductivity [S/m]
# name 3 = sal00: Salinity, Practical [PSU]
# name 4 = scan: Scan Count
# name 5 = timeM: Time, Elapsed [minutes]
# name 6 = sbeox0Mg/L: Oxygen, SBE 43 [mg/l]
# name 7 = sbeox1Mg/L: Oxygen, SBE 43, 2 [mg/l]
# name 8 = par: PAR/Irradiance, Biospherical/Licor
# name 9 = flag: flag
# span 0 =      2.000,     21.000       
# span 1 =    15.4987,    16.6586       
# span 2 =   4.018543,   4.072409       
# span 3 =    31.6021,    32.4535       
# span 4 =       -277,       7857       
# span 5 =    -0.1929,     5.4556       
# span 6 =     5.0460,     7.5983       
# span 7 =     4.8911,     8.4772       
# span 8 = 2.5906e-02, 1.7458e+01       
# span 9 = 0.0000e+00, 0.0000e+00       
# interval = meters: 1                  
# start_time = May 30 2025 02:49:01 [NMEA time, header]
# bad_flag = -9.990e-29
*END*
      2.000    16.2276   4.057675    31.8652       -277    -0.1929     6.6987     4.8911 1.5962e+01 0.0000e+00
      3.000    16.6586   4.066810    31.6021        568     0.3936     5.5144     6.4496 1.3450e+01 0.0000e+00
      4.000    16.5379   4.069680    31.7224        587     0.4069     5.4882     5.7488 1.0026e+01 0.0000e+00
      5.000    16.4322   4.071102    31.8185        646     0.4478     5.3599     5.5070 7.4519e+00 0.0000e+00
      6.000    16.2661   4.072409    31.9623        694     0.4813     5.4800     5.5949 5.7868e+00 0.0000e+00
      7.000    16.1440   4.071371    32.0513        728     0.5052     5.8871     5.7968 4.1212e+00 0.0000e+00
      8.000    15.9176   4.070553    32.2268        760     0.5269     5.8976     5.7907 3.1575e+00 0.0000e+00
      9.000    15.8800   4.069335    32.2463        794     0.5504     5.5872     5.9058 2.2442e+00 0.0000e+00
     10.000    15.8201   4.066107    32.2662        831     0.5762     5.3888     6.0943 1.6924e+00 0.0000e+00
     11.000    15.7763   4.063602    32.2794        866     0.6008     5.4295     6.6491 1.2532e+00 0.0000e+00
     12.000    15.7608   4.062161    32.2789        898     0.6231     5.4840     7.9242 9.7130e-01 0.0000e+00
     13.000    15.7529   4.061903    32.2827        932     0.6467     5.5814     8.4772 7.1822e-01 0.0000e+00
     14.000    15.7488   4.062149    32.2879        972     0.6741     5.5626     8.3297 5.5915e-01 0.0000e+00
     15.000    15.7418   4.062619    32.2974       1015     0.7043     5.4327     8.2868 4.1885e-01 0.0000e+00
     16.000    15.7084   4.062173    32.3204       1055     0.7316     5.3062     8.2431 3.2049e-01 0.0000e+00
     17.000    15.6161   4.061985    32.3940       1087     0.7540     5.2175     8.1970 2.2180e-01 0.0000e+00
     18.000    15.5983   4.061434    32.4034       1116     0.7745     5.1617     8.1147 1.5713e-01 0.0000e+00
     19.000    15.5805   4.062170    32.4241       1153     0.8003     5.1370     8.0805 1.0576e-01 0.0000e+00
     20.000    15.5552   4.063172    32.4535       1204     0.8352     5.0460     8.0625 5.8768e-02 0.0000e+00
     21.000    15.4987   4.021016    32.1239       2239     1.5539     6.9136     8.0449 2.5906e-02 0.0000e+00
     20.000    15.5060   4.018543    32.0963       3178     2.2060     7.3279     8.0580 5.6494e-02 0.0000e+00
     19.000    15.5371   4.020469    32.0885       3232     2.2439     7.3240     8.0630 9.9236e-02 0.0000e+00
     18.000    15.5838   4.023296    32.0760       3273     2.2724     7.3318     8.1029 1.5335e-01 0.0000e+00
     17.000    15.5977   4.024331    32.0743       3311     2.2984     7.3643     8.1242 2.1338e-01 0.0000e+00
     16.000    15.6325   4.026470    32.0653       3346     2.3227     7.3876     8.1248 3.1180e-01 0.0000e+00
     15.000    15.6985   4.030869    32.0511       3385     2.3500     7.4139     8.1765 3.9871e-01 0.0000e+00
     14.000    15.7431   4.034939    32.0513       3425     2.3777     7.4387     8.2411 5.3060e-01 0.0000e+00
     13.000    15.7509   4.035748    32.0526       3464     2.4047     7.4900     8.2980 6.6466e-01 0.0000e+00
     12.000    15.7694   4.037451    32.0530       4394     3.0506     7.5983     8.3610 1.0222e+00 0.0000e+00
     11.000    15.7612   4.036765    32.0540       4604     3.1967     7.5896     8.3389 1.3237e+00 0.0000e+00
     10.000    15.7735   4.037875    32.0542       5526     3.8370     7.5813     8.3643 1.8515e+00 0.0000e+00
      9.000    15.8273   4.041870    32.0463       5656     3.9272     7.5940     8.3669 2.3634e+00 0.0000e+00
      8.000    15.8880   4.045708    32.0314       5698     3.9565     7.5701     8.3519 3.1313e+00 0.0000e+00
      7.000    15.9499   4.045207    31.9774       5776     4.0104     7.5409     8.3040 4.0685e+00 0.0000e+00
      6.000    15.9655   4.045772    31.9702       5859     4.0678     7.5224     8.2706 5.7860e+00 0.0000e+00
      5.000    16.1104   4.054143    31.9276       6340     4.4019     7.5231     8.2677 7.8710e+00 0.0000e+00
      4.000    16.2093   4.060419    31.9036       6981     4.8476     7.5296     8.2648 1.0056e+01 0.0000e+00
      3.000    16.2126   4.060567    31.9027       7074     4.9117     7.5397     8.2905 1.3969e+01 0.0000e+00
      2.000    16.1857   4.059011    31.9110       7857     5.4556     7.5210     8.2463 1.7458e+01 0.0000e+00
