HB2503/ctd001.cnv
* Sea-Bird SBE 9 Data File:
* FileName = C:\cruise\data\ctd001.hex
* Software Version Seasave V 7.26.7.121
* Temperature SN = 4591
* Conductivity SN = 6006
* Number of Bytes Per Scan = 37
* Number of Voltage Words = 4
* Number of Scans Averaged by the Deck Unit = 1
* NMEA Latitude = 39 01.24 N
* NMEA Longitude = 072 35.32 W
* NMEA UTC (Time) = May 28 2025 21:35:01
* NMEA baud rate = 4800
** Ship: Bigelow HB2502
** Program:  Spring Bottom Trawl
** Chief Scientist:Jon Galbraith
# nquan = 10
# nvalues = 997                         
# units = specified
# name 0 = depSM: Depth [salt water, m]
# name 1 = t090C: Temperature [ITS-90, deg C]
# name 2 = c0S/m: Conductivity [S/m]
# name 3 = sal00: Salinity, Practical [PSU]
# name 4 = scan: Scan Count
# name 5 = timeM: Time, Elapsed [minutes]
# name 6 = sbeox0Mg/L: Oxygen, SBE 43 [mg/l]
# name 7 = sbeox1Mg/L: Oxygen, SBE 43, 2 [mg/l]
# name 8 = par: PAR/Irradiance, Biospherical/Licor
# name 9 = flag: flag
# span 0 =      2.000,    501.000       
# span 1 =     5.7868,    14.5873       
# span 2 =   3.438134,   4.150917       
# span 3 =    32.7951,    35.5809       
# span 4 =        213,      36011       
# span 5 =     0.1471,    25.0067       
# span 6 =     4.1467,     8.2724       
# span 7 =     4.4649,     9.0346       
# span 8 = -7.364e-07, 1.5648e+02       
# span 9 = 0.0000e+00, 0.0000e+00       
# interval = meters: 1                  
# start_time = May 28 2025 21:35:01 [NMEA time, header]
# bad_flag = -9.990e-29
*END*
[from data line 865]
    133.000    12.5836   4.098353    35.3487      28938    20.0950     4.8066     5.2852 1.0000e-12 0.0000e+00
    132.000    12.5770   4.096582    35.3382      28970    20.1175     4.8479     5.3586 1.0000e-12 0.0000e+00
    131.000    12.5623   4.093449    35.3222      29001    20.1386     4.8988     5.3906 1.0000e-12 0.0000e+00
    130.000    12.5478   4.090895    35.3117      29023    20.1545     4.9251     5.4128 1.0000e-12 0.0000e+00
    129.000    12.5532   4.090868    35.3068      29044    20.1685     4.9449     5.4453 1.0000e-12 0.0000e+00
    128.000    12.5682   4.091957    35.3036      29064    20.1828     4.9676     5.4677 1.0000e-12 0.0000e+00
    127.000    12.5767   4.092288    35.2993      29088    20.1992     4.9759     5.4727 1.0000e-12 0.0000e+00
    126.000    12.5972   4.093570    35.2928      29118    20.2200     4.9914     5.4754 1.0000e-12 0.0000e+00
    125.000    12.6473   4.097981    35.2888      29154    20.2452     5.0046     5.4850 1.0000e-12 0.0000e+00
    124.000    12.6850   4.101914    35.2917      29185    20.2669     5.0226     5.5096 1.0000e-12 0.0000e+00
    123.000    12.6934   4.102814    35.2930      29210    20.2844     5.0355     5.5263 1.0000e-12 0.0000e+00
    122.000    12.7143   4.104732    35.2923      29232    20.2994     5.0402     5.5231 1.0000e-12 0.0000e+00
    121.000    12.7347   4.106611    35.2916      29252    20.3132     5.0487     5.5235 1.0000e-12 0.0000e+00
    120.000    12.7447   4.107355    35.2899      29272    20.3268     5.0467     5.5302 1.0000e-12 0.0000e+00
    119.000    12.7581   4.108597    35.2898      29293    20.3419     5.0494     5.5376 1.0000e-12 0.0000e+00
    118.000    12.7618   4.109108    35.2916      29324    20.3629     5.0675     5.5423 1.0000e-12 0.0000e+00
    117.000    12.7636   4.109123    35.2905      29366    20.3925     5.0703     5.5529 1.0000e-12 0.0000e+00
    116.000    12.7622   4.107309    35.2748      29397    20.4135     5.0755     5.5423 1.0000e-12 0.0000e+00
    115.000    12.7278   4.101805    35.2546      29417    20.4276     5.0790     5.5562 1.0000e-12 0.0000e+00
    114.000    12.6845   4.094786    35.2280      29435    20.4400     5.0882     5.5791 1.0000e-12 0.0000e+00
    113.000    12.6687   4.090709    35.2040      29453    20.4525     5.1096     5.6158 1.0000e-12 0.0000e+00
    112.000    12.6651   4.088462    35.1862      29475    20.4680     5.1572     5.6902 1.0000e-12 0.0000e+00
    111.000    12.6725   4.088157    35.1768      29510    20.4921     5.2511     5.8205 1.0000e-12 0.0000e+00
    110.000    12.7299   4.092886    35.1691      29545    20.5167     5.3305     5.8703 1.0000e-12 0.0000e+00
    109.000    12.9290   4.115677    35.2024      29570    20.5338     5.3342     5.8718 1.0000e-12 0.0000e+00
    108.000    12.9897   4.123100    35.2173      29594    20.5507     5.3561     5.8900 1.0000e-12 0.0000e+00
    107.000    13.0249   4.127189    35.2240      29621    20.5694     5.3581     5.8501 1.0000e-12 0.0000e+00
    106.000    13.0408   4.128962    35.2265      29645    20.5863     5.3388     5.8094 1.0000e-12 0.0000e+00
    105.000    13.0248   4.126643    35.2198      29667    20.6011     5.3279     5.7993 1.0000e-12 0.0000e+00
    104.000    12.9713   4.118652    35.1937      29689    20.6169     5.3249     5.8101 1.0000e-12 0.0000e+00
    103.000    12.9300   4.112631    35.1749      29717    20.6364     5.3412     5.8501 1.0000e-12 0.0000e+00
    102.000    12.8827   4.105051    35.1468      29750    20.6591     5.4021     5.9409 1.0000e-12 0.0000e+00
    101.000    12.9137   4.107126    35.1384      29781    20.6808     5.4382     6.0142 1.0000e-12 0.0000e+00
    100.000    12.8927   4.103505    35.1236      29808    20.6995     5.4807     6.0691 1.0000e-12 0.0000e+00
     99.000    12.8562   4.098096    35.1062      29830    20.7148     5.5314     6.1002 1.0000e-12 0.0000e+00
     98.000    12.8353   4.094276    35.0895      29850    20.7283     5.5709     6.1292 1.5069e-04 0.0000e+00
     97.000    12.8112   4.089978    35.0711      29870    20.7421     5.6152     6.1718 -7.364e-07 0.0000e+00
     96.000    12.7935   4.087156    35.0610      29895    20.7594     5.6616     6.2588 2.9701e-05 0.0000e+00
     95.000    12.7809   4.085083    35.0533      29933    20.7862     5.7614     6.3507 4.7938e-04 0.0000e+00
     94.000    12.7720   4.083474    35.0465      29969    20.8110     5.7926     6.3857 1.2300e-04 0.0000e+00
     93.000    12.7665   4.082582    35.0435      29993    20.8278     5.7954     6.3781 1.6960e-04 0.0000e+00
     92.000    12.7412   4.078962    35.0327      30015    20.8428     5.8088     6.3857 3.0614e-03 0.0000e+00
     91.000    12.6942   4.072133    35.0112      30035    20.8570     5.8383     6.3887 5.2753e-03 0.0000e+00
     90.000    12.6505   4.065042    34.9842      30056    20.8718     5.8569     6.4128 3.9991e-03 0.0000e+00
     89.000    12.6666   4.066107    34.9799      30081    20.8891     5.8636     6.4713 9.5543e-03 0.0000e+00
     88.000    12.6693   4.065678    34.9736      30112    20.9107     5.9321     6.5342 1.2049e-02 0.0000e+00
     87.000    12.6467   4.062220    34.9618      30144    20.9329     5.9948     6.5444 1.5120e-02 0.0000e+00
     86.000    12.6284   4.059559    34.9537      30173    20.9527     5.9954     6.5553 2.1022e-02 0.0000e+00
     85.000    12.5962   4.054364    34.9340      30199    20.9712     6.0061     6.5843 2.4230e-02 0.0000e+00
     84.000    12.5933   4.053194    34.9259      30224    20.9883     6.0170     6.6006 2.0074e-02 0.0000e+00
     83.000    12.5796   4.051109    34.9190      30248    21.0046     6.0414     6.6320 2.9298e-02 0.0000e+00
     82.000    12.5517   4.047063    34.9063      30270    21.0203     6.0617     6.6713 3.2419e-02 0.0000e+00
     81.000    12.5312   4.044235    34.8985      30293    21.0360     6.0717     6.6938 4.1902e-02 0.0000e+00
     80.000    12.5165   4.041949    34.8906      30317    21.0530     6.0934     6.7087 4.5767e-02 0.0000e+00
     79.000    12.4928   4.037956    34.8745      30349    21.0748     6.1449     6.7557 5.0101e-02 0.0000e+00
     78.000    12.4875   4.035947    34.8605      30386    21.1010     6.1774     6.7831 5.8093e-02 0.0000e+00
     77.000    12.4729   4.032983    34.8459      30413    21.1198     6.2177     6.8199 6.7170e-02 0.0000e+00
     76.000    12.4495   4.029909    34.8384      30434    21.1342     6.2305     6.8282 7.3873e-02 0.0000e+00
     75.000    12.3720   4.019836    34.8134      30454    21.1478     6.2405     6.8299 8.2867e-02 0.0000e+00
     74.000    12.3153   4.011773    34.7884      30475    21.1628     6.2435     6.8519 9.5865e-02 0.0000e+00
     73.000    12.2508   4.003487    34.7685      30501    21.1808     6.2540     6.9176 9.9834e-02 0.0000e+00
     72.000    12.1843   3.993858    34.7374      30529    21.2002     6.3233     7.0091 1.1106e-01 0.0000e+00
     71.000    12.0742   3.979242    34.6980      30560    21.2216     6.4110     7.0620 1.2707e-01 0.0000e+00
     70.000    12.0442   3.973995    34.6753      30596    21.2467     6.4328     7.0760 1.3915e-01 0.0000e+00
     69.000    11.9531   3.962054    34.6440      30625    21.2665     6.5183     7.1523 1.5447e-01 0.0000e+00
     68.000    11.8736   3.951975    34.6199      30645    21.2806     6.5258     7.1883 1.6525e-01 0.0000e+00
     67.000    11.8965   3.952539    34.6046      30663    21.2933     6.5194     7.1926 1.8251e-01 0.0000e+00
     66.000    12.0272   3.966066    34.6156      30682    21.3065     6.5266     7.1856 2.0050e-01 0.0000e+00
     65.000    12.1406   3.978163    34.6285      30706    21.3228     6.5738     7.2375 2.1818e-01 0.0000e+00
     64.000    12.2484   3.990746    34.6511      30741    21.3472     6.6414     7.2799 2.3386e-01 0.0000e+00
     63.000    12.3562   4.003348    34.6739      30778    21.3728     6.6264     7.2519 2.5483e-01 0.0000e+00
     62.000    12.4082   4.009027    34.6810      30806    21.3925     6.5960     7.2183 2.7605e-01 0.0000e+00
     61.000    12.3977   4.007594    34.6774      30830    21.4092     6.5807     7.2122 2.9827e-01 0.0000e+00
     60.000    12.3924   4.005837    34.6657      30851    21.4235     6.5910     7.2153 3.1784e-01 0.0000e+00
     59.000    12.4329   4.009167    34.6609      30871    21.4377     6.6091     7.2236 3.4808e-01 0.0000e+00
     58.000    12.4913   4.014611    34.6599      30895    21.4540     6.6120     7.2419 3.7683e-01 0.0000e+00
     57.000    12.5174   4.016523    34.6547      30927    21.4763     6.6344     7.2871 4.0267e-01 0.0000e+00
     56.000    12.5054   4.013544    34.6375      30964    21.5018     6.6869     7.3204 4.3125e-01 0.0000e+00
     55.000    12.4610   4.006815    34.6140      30998    21.5259     6.7602     7.4378 4.7272e-01 0.0000e+00
     54.000    12.4592   4.004440    34.5931      31031    21.5485     6.8094     7.4912 5.1671e-01 0.0000e+00
     53.000    12.5099   4.008172    34.5829      31070    21.5756     6.8361     7.5128 5.6488e-01 0.0000e+00
     52.000    12.5651   4.012451    34.5737      31113    21.6054     6.9029     7.5876 6.1846e-01 0.0000e+00
     51.000    12.6119   4.016467    34.5697      31157    21.6359     6.9844     7.7162 6.8452e-01 0.0000e+00
     50.000    12.6300   4.018096    34.5692      31198    21.6644     7.0898     7.8228 7.3874e-01 0.0000e+00
     49.000    12.6056   4.015386    34.5660      31234    21.6899     7.1506     7.8608 8.1433e-01 0.0000e+00
     48.000    12.5030   4.003246    34.5439      31273    21.7165     7.1654     7.8645 9.0070e-01 0.0000e+00
     47.000    12.2791   3.976307    34.4902      31314    21.7454     7.2049     7.9166 1.0060e+00 0.0000e+00
     46.000    11.9440   3.931997    34.3692      31355    21.7738     7.2670     7.9759 1.1416e+00 0.0000e+00
     45.000    12.0818   3.943118    34.3510      31405    21.8086     7.2942     8.0938 1.2951e+00 0.0000e+00
     44.000    12.0445   3.930922    34.2671      31442    21.8344     7.4134     8.3226 1.4469e+00 0.0000e+00
     43.000    11.8932   3.909717    34.2000      32164    22.3356     7.9470     8.7072 1.6341e+00 0.0000e+00
     42.000    11.9089   3.909356    34.1825      32776    22.7607     7.9064     8.6799 1.7587e+00 0.0000e+00
     41.000    12.0272   3.920499    34.1829      32804    22.7797     7.9000     8.6936 1.9504e+00 0.0000e+00
     40.000    12.1098   3.928580    34.1862      32833    22.8002     7.9359     8.7833 2.1496e+00 0.0000e+00
     39.000    12.2048   3.937029    34.1816      32859    22.8180     7.9975     8.8260 2.3802e+00 0.0000e+00
     38.000    12.4018   3.957413    34.1992      32887    22.8378     8.0369     8.8333 2.6348e+00 0.0000e+00
     37.000    12.4805   3.966979    34.2201      32921    22.8610     8.0900     8.8779 2.8893e+00 0.0000e+00
     36.000    12.5248   3.972851    34.2366      32949    22.8805     8.1195     8.9031 3.1298e+00 0.0000e+00
     35.000    12.7744   3.995364    34.2259      32971    22.8956     8.0885     8.8456 3.4102e+00 0.0000e+00
     34.000    12.9898   4.017195    34.2394      32990    22.9093     8.0419     8.8238 3.7428e+00 0.0000e+00
     33.000    13.0045   4.016702    34.2219      33011    22.9236     8.0632     8.8205 4.1439e+00 0.0000e+00
     32.000    13.0236   4.016159    34.1999      33036    22.9408     8.0919     8.7783 4.6025e+00 0.0000e+00
     31.000    12.8926   4.005768    34.2198      33073    22.9665     8.1042     8.8371 5.0470e+00 0.0000e+00
     30.000    12.8616   4.001362    34.2063      33114    22.9954     8.0699     8.8896 5.3962e+00 0.0000e+00
     29.000    12.9895   4.007972    34.1541      33136    23.0106     8.0489     8.9053 5.8214e+00 0.0000e+00
     28.000    13.1359   4.010299    34.0449      33154    23.0227     8.0458     8.9001 6.3759e+00 0.0000e+00
     27.000    13.1431   4.008397    34.0208      33171    23.0344     8.0669     8.9177 7.0487e+00 0.0000e+00
     26.000    13.1477   4.007046    34.0042      33190    23.0478     8.1137     8.9453 7.8457e+00 0.0000e+00
     25.000    13.1440   4.007117    34.0087      33217    23.0667     8.1757     8.9936 8.7230e+00 0.0000e+00
     24.000    13.1783   4.010175    34.0073      33257    23.0947     8.2155     9.0346 9.5033e+00 0.0000e+00
     23.000    13.6900   4.038628    33.8200      33290    23.1176     8.1430     8.9670 1.0143e+01 0.0000e+00
     22.000    14.1445   4.068184    33.6956      33314    23.1340     8.1284     8.9686 1.1045e+01 0.0000e+00
     21.000    14.2976   4.080196    33.6732      33336    23.1494     8.2062     8.9211 1.2028e+01 0.0000e+00
     20.000    14.4376   4.091669    33.6572      33359    23.1654     8.1779     8.8651 1.3061e+01 0.0000e+00
     19.000    14.5329   4.096868    33.6225      33384    23.1828     8.0752     8.8388 1.4168e+01 0.0000e+00
     18.000    14.4607   4.068655    33.4263      33411    23.2011     8.0521     8.8167 1.5413e+01 0.0000e+00
     17.000    14.1192   4.006084    33.1457      33437    23.2195     8.1006     8.8343 1.6985e+01 0.0000e+00
     16.000    13.9761   3.980689    33.0345      33465    23.2392     8.0246     8.8038 1.8954e+01 0.0000e+00
     15.000    13.8255   3.954404    32.9206      33502    23.2643     8.0848     8.9214 2.0686e+01 0.0000e+00
     14.000    13.7269   3.932578    32.8028      33546    23.2948     8.1702     8.9716 2.2403e+01 0.0000e+00
     13.000    13.7840   3.937022    32.7956      33576    23.3160     8.1778     9.0011 2.4458e+01 0.0000e+00
     12.000    13.9068   3.948244    32.7951      33600    23.3327     8.1736     8.9786 2.7014e+01 0.0000e+00
     11.000    14.0362   3.967030    32.8588      33634    23.3563     8.1847     8.9510 2.9994e+01 0.0000e+00
     10.000    14.2319   3.983780    32.8468      34160    23.7215     8.0903     8.8619 3.2618e+01 0.0000e+00
      9.000    14.2515   3.986050    32.8513      34767    24.1433     8.0631     8.8494 3.5011e+01 0.0000e+00
      8.000    14.2556   3.986401    32.8514      34828    24.1852     8.0834     8.8621 3.9211e+01 0.0000e+00
      7.000    14.2724   3.988051    32.8527      34930    24.2561     8.0603     8.8528 4.3983e+01 0.0000e+00
      6.000    14.2699   3.987775    32.8527      34993    24.3001     8.0614     8.8494 4.9661e+01 0.0000e+00
      5.000    14.2701   3.987776    32.8530      35057    24.3446     8.0842     8.8513 5.8558e+01 0.0000e+00
      4.000    14.2693   3.987654    32.8529      35103    24.3763     8.0879     8.8629 6.7736e+01 0.0000e+00
      3.000    14.2681   3.987515    32.8530      35157    24.4137     8.0706     8.8542 7.6709e+01 0.0000e+00
      2.000    14.2674   3.987456    32.8535      36011    25.0067     8.0734     8.8479 9.5295e+01 0.0000e+00
