HB2503/ctd016.cnv
* Sea-Bird SBE 9 Data File:
* FileName = C:\cruise\data\ctd016.hex
* Software Version Seasave V 7.26.7.121
* Temperature SN = 4591
* Conductivity SN = 6006
* Number of Bytes Per Scan = 37
* Number of Voltage Words = 4
* Number of Scans Averaged by the Deck Unit = 1
* NMEA Latitude = 42 59.93 N
* NMEA Longitude = 070 24.91 W
* NMEA UTC (Time) = Jun 05 2025 02:25:49
* NMEA baud rate = 4800
** Ship: Bigelow HB2502
** Program:  Spring Bottom Trawl
** Chief Scientist:Jon Galbraith
# nquan = 10
# nvalues = 202                         
# units = specified
# name 0 = depSM: Depth [salt water, m]
# name 1 = t090C: Temperature [ITS-90, deg C]
# name 2 = c0S/m: Conductivity [S/m]
# name 3 = sal00: Salinity, Practical [PSU]
# name 4 = scan: Scan Count
# name 5 = timeM: Time, Elapsed [minutes]
# name 6 = sbeox0Mg/L: Oxygen, SBE 43 [mg/l]
# name 7 = sbeox1Mg/L: Oxygen, SBE 43, 2 [mg/l]
# name 8 = par: PAR/Irradiance, Biospherical/Licor
# name 9 = flag: flag
# span 0 =      1.000,    102.000       
# span 1 =     4.8530,    11.7409       
# span 2 =   3.103578,   3.537110       
# span 3 =    30.0934,    34.2014       
# span 4 =        -28,      12782       
# span 5 =    -0.0199,     8.8760       
# span 6 =     6.9777,    10.5372       
# span 7 =     7.3811,    11.8412       
# span 8 = -1.409e-06, 4.2352e+01       
# span 9 = 0.0000e+00, 0.0000e+00       
# interval = meters: 1                  
# start_time = Jun 05 2025 02:25:49 [NMEA time, header]
# bad_flag = -9.990e-29
*END*
[from data line 145]
     57.000     6.2992   3.210524    32.1428       6131     4.2572     8.9589     9.8997 1.0000e-12 0.0000e+00
     56.000     6.4455   3.224239    32.1571       6188     4.2963     9.0323     9.9647 1.0000e-12 0.0000e+00
     55.000     6.4915   3.228581    32.1622       6224     4.3215     9.0740     9.9896 1.0000e-12 0.0000e+00
     54.000     6.4925   3.228158    32.1571       6291     4.3684     9.0822    10.0245 1.0000e-12 0.0000e+00
     53.000     6.4813   3.226428    32.1491       6350     4.4088     9.0861    10.0156 1.0000e-12 0.0000e+00
     52.000     6.3477   3.211055    32.1054       6975     4.8429     9.1165    10.0578 1.0000e-12 0.0000e+00
     51.000     6.2599   3.201922    32.0874       7641     5.3057     9.1240    10.0443 1.0000e-12 0.0000e+00
     50.000     6.2440   3.198955    32.0700       7655     5.3151     9.1137    10.0574 1.0000e-12 0.0000e+00
     49.000     6.2629   3.199986    32.0641       7690     5.3397     9.1062    10.0698 1.0000e-12 0.0000e+00
     48.000     6.2671   3.199775    32.0582       7726     5.3649     9.1198    10.0747 1.0000e-12 0.0000e+00
     47.000     6.2839   3.200383    32.0496       7752     5.3829     9.1383    10.0618 1.0000e-12 0.0000e+00
     46.000     6.3074   3.201333    32.0385       7777     5.3997     9.1426    10.0623 1.0000e-12 0.0000e+00
     45.000     6.3061   3.200842    32.0348       7804     5.4190     9.1419    10.0694 1.0000e-12 0.0000e+00
     44.000     6.3025   3.200216    32.0317       7840     5.4437     9.1501    10.1094 1.0000e-12 0.0000e+00
     43.000     6.2894   3.198819    32.0291       7876     5.4686     9.1710    10.1125 1.0000e-12 0.0000e+00
     42.000     6.2690   3.196728    32.0255       7906     5.4895     9.1799    10.1099 1.0000e-12 0.0000e+00
     41.000     6.2271   3.192460    32.0181       7934     5.5093     9.1743    10.1260 1.0000e-12 0.0000e+00
     40.000     6.1799   3.187222    32.0048       7964     5.5297     9.1692    10.1294 1.0000e-12 0.0000e+00
     39.000     6.1945   3.187087    31.9901       7996     5.5518     9.1610    10.1193 1.0000e-12 0.0000e+00
     38.000     6.2041   3.186900    31.9795       8028     5.5746     9.1663    10.1127 1.0000e-12 0.0000e+00
     37.000     6.2239   3.187889    31.9723       8060     5.5967     9.1651    10.1128 1.0000e-12 0.0000e+00
     36.000     6.2475   3.189133    31.9644       8091     5.6182     9.1705    10.1170 1.0000e-12 0.0000e+00
     35.000     6.2645   3.190034    31.9589       8121     5.6390     9.1845    10.1460 1.0000e-12 0.0000e+00
     34.000     6.2924   3.192020    31.9551       8152     5.6603     9.2062    10.1602 1.0000e-12 0.0000e+00
     33.000     6.2938   3.191960    31.9537       8184     5.6824     9.2210    10.1663 1.0000e-12 0.0000e+00
     32.000     6.3036   3.192569    31.9517       8217     5.7056     9.2311    10.1827 1.0000e-12 0.0000e+00
     31.000     6.3192   3.193707    31.9501       8251     5.7290     9.2345    10.1662 1.0000e-12 0.0000e+00
     30.000     6.3281   3.194292    31.9488       8282     5.7505     9.2246    10.1559 1.0000e-12 0.0000e+00
     29.000     6.3549   3.195822    31.9411       8313     5.7719     9.2242    10.1820 1.0000e-12 0.0000e+00
     28.000     6.3797   3.196887    31.9301       8348     5.7963     9.2338    10.1889 1.0000e-12 0.0000e+00
     27.000     6.3851   3.197115    31.9280       8386     5.8231     9.2483    10.2172 1.0000e-12 0.0000e+00
     26.000     6.3950   3.197565    31.9242       8423     5.8488     9.2843    10.2672 3.6997e-05 0.0000e+00
     25.000     6.4203   3.199207    31.9191       8457     5.8721     9.3024    10.2733 3.6830e-04 0.0000e+00
     24.000     6.4471   3.201061    31.9150       8489     5.8947     9.3169    10.2955 3.3264e-03 0.0000e+00
     23.000     6.4824   3.203774    31.9124       8527     5.9209     9.3269    10.2952 1.4108e-02 0.0000e+00
     22.000     6.4977   3.204511    31.9067       8570     5.9506     9.3418    10.2982 2.7171e-02 0.0000e+00
     21.000     6.5194   3.206088    31.9043       8603     5.9733     9.3325    10.3274 4.4095e-02 0.0000e+00
     20.000     6.5295   3.206833    31.9036       8632     5.9939     9.3708    10.3512 5.7199e-02 0.0000e+00
     19.000     6.5344   3.207070    31.9021       8669     6.0197     9.3796    10.3591 8.7747e-02 0.0000e+00
     18.000     6.5371   3.207065    31.9000       8713     6.0503     9.3896    10.3470 1.2802e-01 0.0000e+00
     17.000     6.5526   3.207525    31.8910       8747     6.0737     9.4007    10.3621 1.6987e-01 0.0000e+00
     16.000     6.5702   3.208427    31.8851       8779     6.0955     9.4153    10.3867 2.3887e-01 0.0000e+00
     15.000     6.6915   3.216487    31.8610       8814     6.1202     9.4120    10.3841 3.2303e-01 0.0000e+00
     14.000     6.9877   3.235066    31.7900       8853     6.1476     9.3991    10.4019 4.3146e-01 0.0000e+00
     13.000     7.3709   3.258489    31.6918       9708     6.7413     9.8441    10.8751 6.7209e-01 0.0000e+00
     12.000     8.0486   3.300217    31.5229      10752     7.4660    10.0942    11.2772 8.4005e-01 0.0000e+00
     11.000     8.3909   3.323490    31.4617      10754     7.4671    10.5372    11.6488 1.1203e+00 0.0000e+00
     10.000     8.8420   3.352630    31.3652      11600     8.0546    10.5198    11.6131 1.3530e+00 0.0000e+00
      9.000     9.3313   3.375797    31.1750      11830     8.2145    10.5075    11.5521 1.7853e+00 0.0000e+00
      8.000    10.3117   3.441959    30.9990      11878     8.2476    10.2889    11.3138 2.3588e+00 0.0000e+00
      7.000    10.8102   3.479184    30.9458      11918     8.2755    10.3279    11.2857 3.0848e+00 0.0000e+00
      6.000    10.9717   3.492478    30.9409      11960     8.3046    10.1055    11.0434 4.2500e+00 0.0000e+00
      5.000    11.0637   3.499927    30.9371      11998     8.3313     9.9735    10.9821 6.0568e+00 0.0000e+00
      4.000    11.4079   3.524720    30.8911      12031     8.3538     9.9101    10.9201 8.8815e+00 0.0000e+00
      3.000    11.5722   3.537110    30.8747      12062     8.3755     9.9315    10.9516 1.2502e+01 0.0000e+00
      2.000    11.4455   3.531711    30.9284      12644     8.7798     9.8442    10.8828 1.8741e+01 0.0000e+00
      1.000    11.5113   3.535718    30.9128      12782     8.8760     9.8761    10.9112 4.2352e+01 0.0000e+00
