HB2503/ctd004.cnv
* Sea-Bird SBE 9 Data File:
* FileName = C:\cruise\data\ctd004.hex
* Software Version Seasave V 7.26.7.121
* Temperature SN = 4591
* Conductivity SN = 6006
* Number of Bytes Per Scan = 37
* Number of Voltage Words = 4
* Number of Scans Averaged by the Deck Unit = 1
* NMEA Latitude = 37 42.89 N
* NMEA Longitude = 074 15.03 W
* NMEA UTC (Time) = May 29 2025 21:45:13
* NMEA baud rate = 4800
** Ship: Bigelow HB2502
** Program:  Spring Bottom Trawl
** Chief Scientist:Jon Galbraith
# nquan = 10
# nvalues = 202                         
# units = specified
# name 0 = depSM: Depth [salt water, m]
# name 1 = t090C: Temperature [ITS-90, deg C]
# name 2 = c0S/m: Conductivity [S/m]
# name 3 = sal00: Salinity, Practical [PSU]
# name 4 = scan: Scan Count
# name 5 = timeM: Time, Elapsed [minutes]
# name 6 = sbeox0Mg/L: Oxygen, SBE 43 [mg/l]
# name 7 = sbeox1Mg/L: Oxygen, SBE 43, 2 [mg/l]
# name 8 = par: PAR/Irradiance, Biospherical/Licor
# name 9 = flag: flag
# span 0 =      2.000,    103.000       
# span 1 =     6.9108,    14.2477       
# span 2 =   3.343245,   3.969220       
# span 3 =    32.1030,    35.1676       
# span 4 =        146,      12221       
# span 5 =     0.1005,     8.4862       
# span 6 =     5.8346,     9.2533       
# span 7 =     6.3251,    10.1744       
# span 8 = -6.987e-06, 6.5020e+02       
# span 9 = 0.0000e+00, 0.0000e+00       
# interval = meters: 1                  
# start_time = May 29 2025 21:45:13 [NMEA time, header]
# bad_flag = -9.990e-29
*END*
      3.000    14.1427   3.969220    32.7916        146     0.1005     5.9276     6.3251 6.5020e+02 0.0000e+00
      4.000    14.2235   3.919045    32.2618        276     0.1911     6.1580     6.5955 5.6950e+02 0.0000e+00
      5.000    14.2390   3.911463    32.1788        301     0.2085     6.3575     7.4577 4.6203e+02 0.0000e+00
      6.000    14.1927   3.927697    32.3662        326     0.2255     6.3243     8.0333 3.6993e+02 0.0000e+00
      7.000    14.1940   3.916693    32.2636        362     0.2510     6.3672     8.0660 3.3259e+02 0.0000e+00
      8.000    14.1610   3.914721    32.2727        400     0.2768     6.2003     7.5494 2.8843e+02 0.0000e+00
      9.000    14.0510   3.908940    32.3114        423     0.2927     5.9381     7.4596 2.4733e+02 0.0000e+00
     10.000    13.8704   3.904735    32.4241        441     0.3057     5.8346     7.5759 2.2271e+02 0.0000e+00
     11.000    13.7219   3.898357    32.4904        461     0.3195     5.8899     7.6414 1.8372e+02 0.0000e+00
     12.000    13.7023   3.908975    32.6052        487     0.3372     5.9299     7.6826 1.5962e+02 0.0000e+00
     13.000    13.7194   3.914110    32.6379        520     0.3605     6.1720     8.6878 1.3024e+02 0.0000e+00
     14.000    13.6306   3.895424    32.5395        552     0.3826     6.4686     9.4448 1.1197e+02 0.0000e+00
     15.000    13.5808   3.886221    32.4957        579     0.4013     6.3833     9.3557 9.9340e+01 0.0000e+00
     16.000    13.4254   3.882364    32.5918        604     0.4190     6.2805     9.2248 8.3506e+01 0.0000e+00
     17.000    13.2904   3.881862    32.7025        629     0.4362     6.3602     9.2211 7.0003e+01 0.0000e+00
     18.000    12.9422   3.881286    32.9983        652     0.4524     6.4841     9.3729 5.9916e+01 0.0000e+00
     19.000    12.4377   3.881301    33.4427        676     0.4686     6.5782     9.4772 5.0913e+01 0.0000e+00
     20.000    12.0076   3.888689    33.9020        703     0.4873     6.5657     9.5823 4.2455e+01 0.0000e+00
     21.000    11.5543   3.894751    34.3767        736     0.5105     6.3254     9.6928 3.4208e+01 0.0000e+00
     22.000    10.9684   3.883893    34.8190        767     0.5317     6.1029     9.9321 2.8958e+01 0.0000e+00
     23.000    10.2671   3.813846    34.7806        791     0.5487     6.1300    10.0895 2.5021e+01 0.0000e+00
     24.000     9.5265   3.742723    34.7668        815     0.5655     6.5391    10.1039 2.1563e+01 0.0000e+00
     25.000     8.9027   3.722606    35.1676        841     0.5832     6.9962    10.1138 1.8667e+01 0.0000e+00
     26.000     8.7074   3.685795    34.9722        866     0.6008     7.0184    10.1389 1.6002e+01 0.0000e+00
     27.000     8.4656   3.643175    34.7591        892     0.6187     6.9568    10.1744 1.3409e+01 0.0000e+00
     28.000     8.2124   3.618290    34.7439        920     0.6379     7.0391    10.0721 1.1173e+01 0.0000e+00
     29.000     8.1017   3.579634    34.4392        949     0.6580     7.3280     9.9624 9.4181e+00 0.0000e+00
     30.000     8.0486   3.534358    34.0061        977     0.6777     7.5963     9.8918 7.9961e+00 0.0000e+00
     31.000     7.9525   3.504023    33.7741       1003     0.6958     7.6907     9.8473 6.8401e+00 0.0000e+00
     32.000     7.6966   3.479093    33.7535       1028     0.7129     7.6680     9.8271 5.9053e+00 0.0000e+00
     33.000     7.6266   3.451091    33.5188       1051     0.7294     7.3792     9.7141 5.1268e+00 0.0000e+00
     34.000     7.6083   3.438631    33.4014       1075     0.7459     7.3249     9.5760 4.4712e+00 0.0000e+00
     35.000     7.5904   3.428495    33.3088       1101     0.7640     7.6998     9.4292 3.9063e+00 0.0000e+00
     36.000     7.5716   3.415115    33.1820       1134     0.7866     8.0767     9.3672 3.4244e+00 0.0000e+00
     37.000     7.5341   3.400789    33.0627       1168     0.8107     8.2088     9.3879 2.9838e+00 0.0000e+00
     38.000     7.5081   3.395828    33.0334       1194     0.8288     8.4323     9.3889 2.5790e+00 0.0000e+00
     39.000     7.4936   3.393819    33.0251       1216     0.8439     8.5084     9.3572 2.2282e+00 0.0000e+00
     40.000     7.4853   3.391824    33.0109       1238     0.8588     8.4873     9.3077 1.9282e+00 0.0000e+00
     41.000     7.4786   3.389832    32.9953       1261     0.8747     8.4558     9.2596 1.6739e+00 0.0000e+00
     42.000     7.4660   3.387740    32.9842       1286     0.8926     8.4189     9.2338 1.4577e+00 0.0000e+00
     43.000     7.4178   3.383463    32.9833       1316     0.9135     8.4205     9.2244 1.2798e+00 0.0000e+00
     44.000     7.2558   3.372723    33.0209       1350     0.9368     8.4314     9.2308 1.1134e+00 0.0000e+00
     45.000     7.2022   3.367211    33.0117       1382     0.9592     8.3820     9.1077 9.5634e-01 0.0000e+00
     46.000     7.1675   3.364290    33.0126       1407     0.9765     8.3232     8.9300 8.2061e-01 0.0000e+00
     47.000     7.0983   3.360717    33.0394       1428     0.9907     8.2361     8.8349 7.0572e-01 0.0000e+00
     48.000     6.9931   3.353219    33.0580       1448     1.0051     8.1415     8.7780 6.2771e-01 0.0000e+00
     49.000     6.9477   3.348464    33.0490       1476     1.0244     8.0322     8.6524 5.5389e-01 0.0000e+00
     50.000     6.9405   3.346667    33.0358       1513     1.0503     7.8662     8.4590 4.6818e-01 0.0000e+00
     51.000     6.9443   3.347124    33.0367       1542     1.0704     7.7474     8.3897 4.0295e-01 0.0000e+00
     52.000     6.9460   3.347354    33.0371       1564     1.0856     7.7057     8.4098 3.4322e-01 0.0000e+00
     53.000     6.9463   3.347270    33.0354       1585     1.1003     7.6956     8.4206 2.8870e-01 0.0000e+00
     54.000     6.9471   3.346918    33.0302       1610     1.1175     7.6908     8.4131 2.4550e-01 0.0000e+00
     55.000     6.9502   3.347245    33.0304       1645     1.1415     7.7099     8.4282 2.0920e-01 0.0000e+00
     56.000     6.9510   3.347173    33.0284       1679     1.1650     7.7183     8.4287 1.8371e-01 0.0000e+00
     57.000     6.9506   3.347676    33.0338       1703     1.1817     7.7104     8.4123 1.5410e-01 0.0000e+00
     58.000     6.9505   3.347773    33.0344       1725     1.1970     7.7077     8.4179 1.2718e-01 0.0000e+00
     59.000     6.9524   3.348007    33.0347       1750     1.2148     7.6904     8.4025 1.0025e-01 0.0000e+00
     60.000     6.9510   3.347595    33.0311       1782     1.2365     7.6712     8.3849 7.8121e-02 0.0000e+00
     61.000     6.9507   3.348012    33.0354       1813     1.2581     7.6644     8.3789 6.2906e-02 0.0000e+00
     62.000     6.9506   3.348582    33.0413       1838     1.2756     7.6559     8.3823 4.2807e-02 0.0000e+00
     63.000     6.9499   3.348579    33.0414       1860     1.2912     7.6597     8.3778 3.7053e-02 0.0000e+00
     64.000     6.9492   3.348660    33.0425       1886     1.3092     7.6571     8.3565 2.7803e-02 0.0000e+00
     65.000     6.9516   3.349139    33.0450       1920     1.3328     7.6414     8.3552 1.9940e-02 0.0000e+00
     66.000     6.9537   3.349798    33.0497       1950     1.3537     7.6340     8.3580 1.4931e-02 0.0000e+00
     67.000     6.9542   3.350041    33.0513       1974     1.3703     7.6229     8.3415 8.6432e-03 0.0000e+00
     68.000     6.9551   3.350174    33.0514       1998     1.3871     7.6219     8.3207 2.4034e-03 0.0000e+00
     69.000     6.9498   3.350355    33.0581       2025     1.4055     7.5996     8.3036 1.1306e-03 0.0000e+00
     70.000     6.9211   3.348687    33.0669       2053     1.4248     7.5852     8.2927 -6.987e-06 0.0000e+00
     71.000     6.9108   3.349004    33.0798       2082     1.4451     7.5753     8.2688 1.0000e-12 0.0000e+00
     72.000     6.9116   3.350033    33.0898       2113     1.4666     7.5438     8.2043 1.0000e-12 0.0000e+00
     73.000     6.9122   3.350131    33.0898       2144     1.4882     7.4635     8.0908 1.0000e-12 0.0000e+00
     74.000     6.9199   3.351103    33.0925       2171     1.5067     7.3926     8.0257 1.0000e-12 0.0000e+00
     75.000     6.9570   3.355855    33.1085       2194     1.5226     7.3521     8.0215 1.0000e-12 0.0000e+00
     76.000     6.9981   3.361368    33.1287       2216     1.5380     7.3262     8.0239 1.0000e-12 0.0000e+00
     77.000     6.9982   3.362461    33.1401       2239     1.5544     7.3208     7.9857 1.0000e-12 0.0000e+00
     78.000     6.9908   3.362886    33.1514       2271     1.5761     7.2840     7.8948 1.0000e-12 0.0000e+00
     79.000     6.9810   3.362789    33.1593       2314     1.6063     7.1948     7.8110 1.0000e-12 0.0000e+00
     80.000     6.9797   3.362906    33.1613       2346     1.6285     7.1007     7.7179 1.0000e-12 0.0000e+00
     81.000     6.9873   3.363694    33.1622       2367     1.6431     7.0440     7.6713 1.0000e-12 0.0000e+00
     82.000     6.9897   3.364202    33.1649       2384     1.6548     7.0276     7.6549 1.0000e-12 0.0000e+00
     83.000     6.9810   3.363598    33.1662       2400     1.6663     7.0204     7.6422 1.0000e-12 0.0000e+00
     84.000     6.9833   3.363736    33.1650       2421     1.6807     7.0056     7.6280 1.0000e-12 0.0000e+00
     85.000     7.0456   3.370608    33.1796       2474     1.7177     6.9521     7.5973 1.0000e-12 0.0000e+00
     86.000     7.0740   3.374803    33.1977       2518     1.7477     6.9558     7.6071 1.0000e-12 0.0000e+00
     87.000     7.0751   3.375320    33.2018       2537     1.7610     6.9640     7.6270 1.0000e-12 0.0000e+00
     88.000     7.0811   3.376524    33.2087       2553     1.7722     6.9563     7.6210 1.0000e-12 0.0000e+00
     89.000     7.0829   3.377172    33.2135       2569     1.7832     6.9383     7.5868 1.0000e-12 0.0000e+00
     90.000     7.0799   3.377206    33.2163       2588     1.7964     6.9166     7.5349 1.0000e-12 0.0000e+00
     91.000     7.0754   3.377140    33.2194       2623     1.8209     6.8648     7.4863 1.0000e-12 0.0000e+00
     92.000     7.0645   3.376624    33.2238       2674     1.8563     6.8214     7.4671 1.0000e-12 0.0000e+00
     93.000     7.0464   3.375435    33.2277       2700     1.8745     6.8227     7.4624 1.0000e-12 0.0000e+00
     94.000     7.0300   3.374216    33.2298       2721     1.8892     6.8163     7.4440 1.0000e-12 0.0000e+00
     95.000     7.0179   3.373241    33.2303       2746     1.9063     6.8008     7.4130 1.0000e-12 0.0000e+00
     96.000     7.0264   3.374550    33.2359       2776     1.9267     6.7696     7.3683 1.0000e-12 0.0000e+00
     97.000     7.0478   3.377659    33.2487       2808     1.9495     6.7220     7.3273 1.0000e-12 0.0000e+00
     98.000     7.0894   3.383382    33.2707       2849     1.9776     6.6758     7.2792 1.0000e-12 0.0000e+00
     99.000     7.1213   3.387488    33.2842       2892     2.0079     6.6039     7.1998 1.0000e-12 0.0000e+00
    100.000     7.1482   3.390794    33.2939       2927     2.0319     6.5580     7.1498 1.0000e-12 0.0000e+00
    101.000     7.1894   3.395487    33.3048       2955     2.0517     6.5432     7.1478 1.0000e-12 0.0000e+00
    102.000     7.4007   3.421316    33.3812       3098     2.1507     6.5635     7.1824 1.0000e-12 0.0000e+00
    103.000     7.5071   3.435048    33.4270       4097     2.8446     6.5789     7.2103 1.0000e-12 0.0000e+00
    102.000     7.4702   3.430859    33.4177       4443     3.0850     6.5849     7.2102 1.0000e-12 0.0000e+00
    101.000     7.3008   3.411546    33.3720       4463     3.0990     6.6162     7.2500 1.0000e-12 0.0000e+00
    100.000     7.1963   3.398156    33.3276       4489     3.1166     6.6272     7.2370 1.0000e-12 0.0000e+00
     99.000     7.1683   3.394511    33.3155       4512     3.1330     6.5896     7.2035 1.0000e-12 0.0000e+00
     98.000     7.1271   3.389356    33.2995       4535     3.1488     6.5618     7.1930 1.0000e-12 0.0000e+00
     97.000     7.0809   3.383315    33.2786       4561     3.1670     6.5500     7.1875 1.0000e-12 0.0000e+00
     96.000     7.0428   3.377812    33.2557       4600     3.1940     6.5552     7.1960 1.0000e-12 0.0000e+00
     95.000     7.0327   3.375744    33.2433       4632     3.2161     6.5800     7.2434 1.0000e-12 0.0000e+00
     94.000     7.0427   3.376152    33.2387       4652     3.2296     6.6039     7.2606 1.0000e-12 0.0000e+00
     93.000     7.0547   3.376504    33.2314       4669     3.2418     6.6280     7.2915 1.0000e-12 0.0000e+00
     92.000     7.0634   3.376876    33.2276       4687     3.2542     6.6591     7.3371 1.0000e-12 0.0000e+00
     91.000     7.0709   3.377181    33.2242       4708     3.2689     6.6977     7.3859 1.0000e-12 0.0000e+00
     90.000     7.0786   3.377380    33.2194       4737     3.2891     6.7445     7.4394 1.0000e-12 0.0000e+00
     89.000     7.0817   3.376851    33.2111       4778     3.3171     6.7971     7.4887 1.0000e-12 0.0000e+00
     88.000     7.0777   3.376113    33.2075       4811     3.3403     6.8458     7.5180 1.0000e-12 0.0000e+00
     87.000     7.0761   3.375950    33.2077       4834     3.3566     6.8658     7.5408 1.0000e-12 0.0000e+00
     86.000     7.0765   3.375579    33.2037       4854     3.3700     6.8694     7.5469 1.0000e-12 0.0000e+00
     85.000     7.0601   3.373464    33.1969       4872     3.3830     6.8807     7.5542 1.0000e-12 0.0000e+00
     84.000     7.0083   3.367129    33.1781       4893     3.3972     6.8853     7.5680 1.0000e-12 0.0000e+00
     83.000     6.9849   3.364054    33.1674       4919     3.4152     6.8930     7.5797 1.0000e-12 0.0000e+00
     82.000     6.9896   3.364239    33.1654       4950     3.4369     6.9245     7.6210 1.0000e-12 0.0000e+00
     81.000     6.9906   3.364186    33.1643       4982     3.4590     6.9605     7.6430 1.0000e-12 0.0000e+00
     80.000     6.9943   3.364554    33.1653       5009     3.4777     6.9831     7.6489 1.0000e-12 0.0000e+00
     79.000     6.9907   3.364087    33.1642       5031     3.4933     6.9991     7.6632 1.0000e-12 0.0000e+00
     78.000     6.9806   3.362744    33.1597       5053     3.5085     7.0025     7.6640 1.0000e-12 0.0000e+00
     77.000     6.9908   3.362930    33.1523       5079     3.5261     7.0008     7.6691 1.0000e-12 0.0000e+00
     76.000     6.9985   3.362575    33.1415       5107     3.5457     6.9939     7.7010 1.0000e-12 0.0000e+00
     75.000     6.9879   3.360689    33.1316       5133     3.5642     7.0296     7.7558 1.0000e-12 0.0000e+00
     74.000     6.9482   3.355476    33.1132       5160     3.5830     7.1123     7.8692 1.0000e-12 0.0000e+00
     73.000     6.9272   3.352287    33.0990       5187     3.6016     7.1945     7.9673 1.0000e-12 0.0000e+00
     72.000     6.9187   3.350773    33.0911       5210     3.6175     7.2384     8.0070 1.0000e-12 0.0000e+00
     71.000     6.9136   3.349886    33.0868       5232     3.6326     7.2646     8.0306 8.5206e-04 0.0000e+00
     70.000     6.9110   3.349358    33.0840       5256     3.6494     7.3022     8.0754 3.2811e-04 0.0000e+00
     69.000     6.9170   3.347999    33.0638       5285     3.6695     7.3507     8.1039 1.0418e-02 0.0000e+00
     68.000     6.9405   3.348785    33.0503       5316     3.6911     7.3769     8.1183 1.6315e-02 0.0000e+00
     67.000     6.9500   3.349261    33.0469       5344     3.7102     7.4130     8.1955 2.4520e-02 0.0000e+00
     66.000     6.9515   3.349095    33.0441       5368     3.7268     7.4881     8.2742 3.2952e-02 0.0000e+00
     65.000     6.9515   3.348638    33.0396       5391     3.7431     7.5387     8.3229 3.7775e-02 0.0000e+00
     64.000     6.9512   3.348289    33.0365       5415     3.7598     7.5635     8.3392 4.1586e-02 0.0000e+00
     63.000     6.9489   3.347777    33.0336       5439     3.7763     7.5668     8.3600 5.6577e-02 0.0000e+00
     62.000     6.9472   3.347399    33.0315       5463     3.7928     7.5940     8.3686 6.9839e-02 0.0000e+00
     61.000     6.9459   3.347068    33.0297       5490     3.8121     7.6074     8.3677 8.5490e-02 0.0000e+00
     60.000     6.9455   3.346919    33.0289       5530     3.8394     7.6184     8.3643 1.0343e-01 0.0000e+00
