HB2503/ctd005.cnv
* Sea-Bird SBE 9 Data File:
* FileName = C:\cruise\data\ctd005.hex
* Software Version Seasave V 7.26.7.121
* Temperature SN = 4591
* Conductivity SN = 6006
* Number of Bytes Per Scan = 37
* Number of Voltage Words = 4
* Number of Scans Averaged by the Deck Unit = 1
* NMEA Latitude = 37 50.98 N
* NMEA Longitude = 074 34.61 W
* NMEA UTC (Time) = May 30 2025 00:26:29
* NMEA baud rate = 4800
** Ship: Bigelow HB2502
** Program:  Spring Bottom Trawl
** Chief Scientist:Jon Galbraith
# nquan = 10
# nvalues = 94                          
# units = specified
# name 0 = depSM: Depth [salt water, m]
# name 1 = t090C: Temperature [ITS-90, deg C]
# name 2 = c0S/m: Conductivity [S/m]
# name 3 = sal00: Salinity, Practical [PSU]
# name 4 = scan: Scan Count
# name 5 = timeM: Time, Elapsed [minutes]
# name 6 = sbeox0Mg/L: Oxygen, SBE 43 [mg/l]
# name 7 = sbeox1Mg/L: Oxygen, SBE 43, 2 [mg/l]
# name 8 = par: PAR/Irradiance, Biospherical/Licor
# name 9 = flag: flag
# span 0 =      2.000,     49.000       
# span 1 =     7.9567,    16.4051       
# span 2 =   3.437391,   4.122929       
# span 3 =    32.2930,    36.2282       
# span 4 =        193,       9687       
# span 5 =     0.1333,     6.7264       
# span 6 =     5.8855,     8.5406       
# span 7 =     8.5450,     9.4783       
# span 8 = 1.0000e-12, 1.6502e+01       
# span 9 = 0.0000e+00, 0.0000e+00       
# interval = meters: 1                  
# start_time = May 30 2025 00:26:29 [NMEA time, header]
# bad_flag = -9.990e-29
*END*
      3.000    15.8755   4.086740    32.4062        193     0.1333     6.1852     8.5450 1.4459e+01 0.0000e+00
      4.000    15.6988   4.085136    32.5367        353     0.2442     6.0892     8.5731 1.2152e+01 0.0000e+00
      5.000    15.6013   4.079244    32.5643        366     0.2533     6.0508     8.5797 9.4951e+00 0.0000e+00
      6.000    15.5771   4.078667    32.5789        391     0.2706     6.1401     8.5527 6.9039e+00 0.0000e+00
      7.000    15.5061   4.073121    32.5877        430     0.2981     6.3976     8.5811 5.5578e+00 0.0000e+00
      8.000    15.4312   4.070433    32.6254        467     0.3234     6.1011     8.6491 4.7200e+00 0.0000e+00
      9.000    15.3865   4.066072    32.6231        491     0.3403     5.8855     8.6411 3.1760e+00 0.0000e+00
     10.000    15.3564   4.062195    32.6130        511     0.3545     5.8891     8.6480 2.6422e+00 0.0000e+00
     11.000    15.3119   4.060391    32.6334        532     0.3684     6.0066     8.6417 1.8941e+00 0.0000e+00
     12.000    15.2912   4.066020    32.7007        553     0.3835     6.1545     8.6588 1.5890e+00 0.0000e+00
     13.000    15.2264   4.061544    32.7142        579     0.4016     6.2511     8.6947 1.1676e+00 0.0000e+00
     14.000    15.0452   4.061991    32.8700        611     0.4236     6.2338     8.7764 9.7063e-01 0.0000e+00
     15.000    13.6893   4.057958    34.0047        644     0.4465     6.1995     8.8735 7.5553e-01 0.0000e+00
     16.000    12.6983   4.055049    34.8785        674     0.4671     6.1252     8.9680 5.2960e-01 0.0000e+00
     17.000    11.2703   4.043294    36.1231        700     0.4854     6.2063     9.3545 4.1557e-01 0.0000e+00
     18.000    10.4953   3.977882    36.2282        724     0.5020     6.3358     9.4502 3.1317e-01 0.0000e+00
     19.000     9.8903   3.856816    35.5889        747     0.5179     6.6152     9.4783 2.2055e-01 0.0000e+00
     20.000     9.4503   3.764666    35.0695        770     0.5341     7.0360     9.4524 1.5042e-01 0.0000e+00
     21.000     9.1706   3.688477    34.5489        796     0.5522     7.4934     9.4717 9.2325e-02 0.0000e+00
     22.000     8.6727   3.624533    34.3611        827     0.5738     7.5204     9.4146 4.4626e-02 0.0000e+00
     23.000     8.3511   3.560740    33.9974        860     0.5966     7.1658     9.2736 1.9785e-02 0.0000e+00
     24.000     8.2543   3.524400    33.7042        890     0.6173     7.2359     9.1646 1.1081e-03 0.0000e+00
     25.000     8.1840   3.502239    33.5354        916     0.6354     7.7234     9.0740 1.7924e-06 0.0000e+00
     26.000     8.1619   3.483205    33.3535        939     0.6517     7.8260     9.0276 1.0000e-12 0.0000e+00
     27.000     8.1477   3.476695    33.2972        962     0.6676     8.0740     9.0225 1.0000e-12 0.0000e+00
     28.000     8.1242   3.469883    33.2466        988     0.6852     8.3915     9.0029 1.0000e-12 0.0000e+00
     29.000     8.1076   3.464165    33.2011       1020     0.7077     8.2601     9.0007 1.0000e-12 0.0000e+00
     30.000     8.0689   3.458181    33.1735       1056     0.7326     8.2129     9.0029 1.0000e-12 0.0000e+00
     31.000     8.0277   3.453120    33.1581       1084     0.7524     8.2062     9.0073 1.0000e-12 0.0000e+00
     32.000     7.9997   3.449810    33.1488       1107     0.7680     8.1818     9.0002 1.0000e-12 0.0000e+00
     33.000     7.9916   3.447727    33.1338       1127     0.7822     8.1444     8.9916 1.0000e-12 0.0000e+00
     34.000     7.9852   3.446246    33.1236       1151     0.7986     8.1392     8.9713 1.0000e-12 0.0000e+00
     35.000     7.9777   3.444380    33.1103       1183     0.8207     8.1549     8.9336 1.0000e-12 0.0000e+00
     36.000     7.9752   3.443280    33.1004       1220     0.8462     8.1616     8.8375 1.0000e-12 0.0000e+00
     37.000     7.9701   3.442399    33.0954       1249     0.8670     8.1718     8.9390 1.0000e-12 0.0000e+00
     38.000     7.9707   3.442125    33.0914       1273     0.8833     8.1623     8.9505 1.0000e-12 0.0000e+00
     39.000     7.9689   3.441827    33.0895       1295     0.8986     8.1403     8.9411 1.0000e-12 0.0000e+00
     40.000     7.9667   3.441337    33.0859       1318     0.9146     8.1327     8.9436 1.0000e-12 0.0000e+00
     41.000     7.9657   3.440956    33.0823       1344     0.9327     8.1422     8.9270 1.0000e-12 0.0000e+00
     42.000     7.9665   3.440697    33.0783       1376     0.9551     8.1600     8.8911 1.0000e-12 0.0000e+00
     43.000     7.9677   3.440476    33.0743       1419     0.9845     8.1590     8.9251 1.0000e-12 0.0000e+00
     44.000     7.9657   3.440060    33.0713       1457     1.0114     8.1386     8.9513 1.0000e-12 0.0000e+00
     45.000     7.9642   3.439852    33.0700       1485     1.0308     8.1456     8.9328 1.0000e-12 0.0000e+00
     46.000     7.9627   3.439685    33.0692       1510     1.0481     8.1534     8.9287 1.0000e-12 0.0000e+00
     47.000     7.9616   3.439483    33.0676       1539     1.0679     8.1625     8.9415 1.0000e-12 0.0000e+00
     48.000     7.9619   3.439212    33.0639       1624     1.1272     8.1725     8.9184 1.0000e-12 0.0000e+00
     49.000     7.9589   3.437425    33.0472       3233     2.2442     8.1833     8.9528 1.0000e-12 0.0000e+00
     48.000     7.9592   3.437724    33.0506       3390     2.3535     8.1888     8.9473 1.0000e-12 0.0000e+00
     47.000     7.9593   3.437704    33.0508       3426     2.3782     8.1914     8.9527 1.0000e-12 0.0000e+00
     46.000     7.9570   3.437463    33.0509       3472     2.4104     8.1904     8.9772 1.0000e-12 0.0000e+00
     45.000     7.9567   3.437391    33.0509       3503     2.4322     8.1843     8.9680 1.0000e-12 0.0000e+00
     44.000     7.9585   3.437487    33.0506       3527     2.4485     8.1794     8.9770 1.0000e-12 0.0000e+00
     43.000     7.9590   3.437474    33.0505       3549     2.4637     8.1823     8.9529 1.0000e-12 0.0000e+00
     42.000     7.9612   3.437596    33.0502       3572     2.4798     8.1903     8.9446 1.0000e-12 0.0000e+00
     41.000     7.9631   3.437714    33.0501       3599     2.4987     8.1910     8.9523 1.0000e-12 0.0000e+00
     40.000     7.9623   3.437601    33.0502       3633     2.5225     8.2009     8.9616 1.0000e-12 0.0000e+00
     39.000     7.9628   3.437598    33.0501       3670     2.5481     8.2012     8.9711 1.0000e-12 0.0000e+00
     38.000     7.9630   3.437571    33.0501       3700     2.5685     8.1873     8.9650 1.0000e-12 0.0000e+00
     37.000     7.9645   3.437632    33.0498       3723     2.5850     8.1767     8.9424 1.0000e-12 0.0000e+00
     36.000     7.9658   3.437683    33.0496       3745     2.6003     8.1877     8.9312 1.0000e-12 0.0000e+00
     35.000     7.9682   3.437783    33.0489       3769     2.6166     8.1899     8.9419 1.0000e-12 0.0000e+00
     34.000     7.9704   3.437889    33.0484       3800     2.6383     8.1860     8.9662 1.0000e-12 0.0000e+00
     33.000     7.9740   3.438104    33.0478       3843     2.6679     8.1974     8.9717 1.0000e-12 0.0000e+00
     32.000     7.9779   3.438343    33.0471       3877     2.6917     8.2036     8.9816 1.0000e-12 0.0000e+00
     31.000     7.9828   3.438558    33.0453       3902     2.7094     8.1995     8.9771 1.0000e-12 0.0000e+00
     30.000     7.9875   3.438841    33.0443       3928     2.7274     8.1991     8.9680 1.0000e-12 0.0000e+00
     29.000     7.9838   3.438592    33.0456       3962     2.7504     8.2074     8.9758 1.0000e-12 0.0000e+00
     28.000     7.9878   3.438814    33.0447       4000     2.7770     8.2048     8.9846 1.0000e-12 0.0000e+00
     27.000     8.0565   3.444200    33.0377       4032     2.7996     8.1974     8.9643 1.0000e-12 0.0000e+00
     26.000     8.0974   3.447333    33.0329       4063     2.8206     8.1997     8.9662 1.0000e-12 0.0000e+00
     25.000     8.1156   3.448311    33.0266       4093     2.8420     8.2147     8.9870 5.1805e-03 0.0000e+00
     24.000     8.1310   3.450119    33.0318       5080     3.5268     8.2223     8.9997 2.0327e-02 0.0000e+00
     23.000     8.2112   3.456428    33.0237       5491     3.8125     8.1994     8.9820 4.2711e-02 0.0000e+00
     22.000     8.3588   3.468312    33.0114       5511     3.8265     8.2168     9.0064 6.0739e-02 0.0000e+00
     21.000     8.8629   3.507575    32.9536       5564     3.8633     8.2137     9.0402 9.3812e-02 0.0000e+00
     20.000     9.4304   3.554518    32.9162       5643     3.9179     8.3836     9.1755 1.3142e-01 0.0000e+00
     19.000     9.6776   3.573238    32.8819       5680     3.9437     8.4049     9.2158 1.7740e-01 0.0000e+00
     18.000    10.1673   3.618374    32.8953       6724     4.6687     8.5406     9.3643 2.8878e-01 0.0000e+00
     17.000    10.7535   3.659033    32.7746       7147     4.9625     8.4553     9.2631 3.7062e-01 0.0000e+00
     16.000    11.6598   3.729109    32.6602       7275     5.0514     8.3212     9.0546 4.5135e-01 0.0000e+00
     15.000    12.7943   3.819420    32.5410       7322     5.0841     8.2677     9.0446 6.2650e-01 0.0000e+00
     14.000    13.8664   3.904338    32.4222       7356     5.1077     8.2667     9.0997 7.8215e-01 0.0000e+00
     13.000    14.7573   3.977879    32.3498       7387     5.1293     8.3100     9.0238 1.0496e+00 0.0000e+00
     12.000    15.1504   4.012504    32.3371       7430     5.1591     8.1502     8.7840 1.3602e+00 0.0000e+00
     11.000    15.3001   4.026555    32.3400       7483     5.1959     7.9465     8.6710 1.8574e+00 0.0000e+00
     10.000    15.3028   4.028174    32.3526       7530     5.2286     7.9324     8.7113 2.5595e+00 0.0000e+00
      9.000    15.4328   4.043845    32.3861       8348     5.7963     7.9283     8.7009 3.4324e+00 0.0000e+00
      8.000    15.5337   4.051646    32.3730       8410     5.8397     7.9133     8.6836 4.2704e+00 0.0000e+00
      7.000    15.6174   4.057440    32.3563       8503     5.9040     7.8895     8.6252 5.5840e+00 0.0000e+00
      6.000    15.7152   4.064814    32.3420       8544     5.9328     7.8808     8.6526 6.6239e+00 0.0000e+00
      5.000    15.9492   4.083690    32.3182       8617     5.9833     7.8502     8.6036 9.0064e+00 0.0000e+00
      4.000    16.4051   4.122929    32.2930       8667     6.0182     7.8028     8.5749 1.1665e+01 0.0000e+00
      3.000    16.2886   4.114022    32.3097       8798     6.1090     7.7999     8.5719 1.5729e+01 0.0000e+00
      2.000    16.3461   4.119496    32.3114       9687     6.7264     7.7466     8.5610 1.6502e+01 0.0000e+00
