HB2503/ctd008.cnv
* Sea-Bird SBE 9 Data File:
* FileName = C:\cruise\data\ctd008.hex
* Software Version Seasave V 7.26.7.121
* Temperature SN = 4591
* Conductivity SN = 6006
* Number of Bytes Per Scan = 37
* Number of Voltage Words = 4
* Number of Scans Averaged by the Deck Unit = 1
* NMEA Latitude = 41 06.40 N
* NMEA Longitude = 070 37.96 W
* NMEA UTC (Time) = Jun 01 2025 05:58:47
* NMEA baud rate = 4800
** Ship: Bigelow HB2502
** Program:  Spring Bottom Trawl
** Chief Scientist:Jon Galbraith
# nquan = 10
# nvalues = 75                          
# units = specified
# name 0 = depSM: Depth [salt water, m]
# name 1 = t090C: Temperature [ITS-90, deg C]
# name 2 = c0S/m: Conductivity [S/m]
# name 3 = sal00: Salinity, Practical [PSU]
# name 4 = scan: Scan Count
# name 5 = timeM: Time, Elapsed [minutes]
# name 6 = sbeox0Mg/L: Oxygen, SBE 43 [mg/l]
# name 7 = sbeox1Mg/L: Oxygen, SBE 43, 2 [mg/l]
# name 8 = par: PAR/Irradiance, Biospherical/Licor
# name 9 = flag: flag
# span 0 =      3.000,     40.000       
# span 1 =     9.9016,    11.9699       
# span 2 =   3.539165,   3.689157       
# span 3 =    31.9934,    32.3936       
# span 4 =         15,       9071       
# span 5 =     0.0096,     6.2986       
# span 6 =     6.2567,     8.7184       
# span 7 =     8.6196,     9.3472       
# span 8 = 1.0000e-12, 8.0271e+00       
# span 9 = 0.0000e+00, 0.0000e+00       
# interval = meters: 1                  
# start_time = Jun 01 2025 05:58:47 [NMEA time, header]
# bad_flag = -9.990e-29
*END*
      3.000    11.9637   3.687997    32.0027         15     0.0096     6.5985     9.1923 8.0271e+00 0.0000e+00
      4.000    11.9658   3.688180    32.0023        248     0.1716     6.2567     9.2049 7.5945e+00 0.0000e+00
      5.000    11.9659   3.688451    32.0044        356     0.2464     6.4581     9.1932 4.9275e+00 0.0000e+00
      6.000    11.9662   3.688553    32.0047        388     0.2687     6.3759     9.1809 3.9891e+00 0.0000e+00
      7.000    11.9665   3.688649    32.0050        410     0.2839     6.4971     9.1831 2.9300e+00 0.0000e+00
      8.000    11.9672   3.688772    32.0052        428     0.2963     6.5870     9.1812 2.4366e+00 0.0000e+00
      9.000    11.9673   3.688711    32.0041        445     0.3082     6.6493     9.1779 1.8332e+00 0.0000e+00
     10.000    11.9639   3.688701    32.0065        500     0.3467     6.9054     9.2084 1.2781e+00 0.0000e+00
     11.000    11.9659   3.688868    32.0060        553     0.3831     6.8576     9.2681 9.5319e-01 0.0000e+00
     12.000    11.9699   3.689024    32.0037        568     0.3940     6.7558     9.2498 6.2300e-01 0.0000e+00
     13.000    11.9698   3.689157    32.0047        583     0.4041     6.8032     9.2346 4.9535e-01 0.0000e+00
     14.000    11.9173   3.689133    32.0491        596     0.4133     6.9948     9.2425 3.5295e-01 0.0000e+00
     15.000    11.7556   3.684036    32.1388        609     0.4223     7.3190     9.2845 2.6076e-01 0.0000e+00
     16.000    11.5976   3.672624    32.1643        625     0.4334     7.8215     9.2916 2.1319e-01 0.0000e+00
     17.000    11.6791   3.667575    32.0444        711     0.4933     8.5690     9.2708 1.3676e-01 0.0000e+00
     18.000    11.4268   3.654043    32.1306        751     0.5208     8.4237     9.3472 8.4165e-02 0.0000e+00
     19.000    11.3189   3.646842    32.1535        768     0.5324     8.5409     9.3314 4.6477e-02 0.0000e+00
     20.000    11.2455   3.640789    32.1577        782     0.5425     8.6904     9.3048 2.6312e-02 0.0000e+00
     21.000    11.1638   3.636073    32.1822        796     0.5520     8.7184     9.2920 1.0934e-02 0.0000e+00
     22.000    11.0856   3.630407    32.1945        809     0.5614     8.6326     9.2894 4.4922e-04 0.0000e+00
     23.000    10.9922   3.625353    32.2260        826     0.5733     8.5171     9.2871 1.9212e-05 0.0000e+00
     24.000    10.9416   3.619792    32.2151        885     0.6137     8.2900     9.1394 1.0000e-12 0.0000e+00
     25.000    10.6488   3.601186    32.2880        941     0.6530     8.2978     9.1981 1.0000e-12 0.0000e+00
     26.000    10.2451   3.575966    32.3936        963     0.6683     8.3979     9.2125 1.0000e-12 0.0000e+00
     27.000    10.0561   3.556517    32.3659        983     0.6822     8.3979     9.0962 1.0000e-12 0.0000e+00
     28.000     9.9544   3.548568    32.3760       1004     0.6967     8.2805     8.8904 1.0000e-12 0.0000e+00
     29.000     9.9206   3.544058    32.3602       1027     0.7124     8.1224     8.7146 1.0000e-12 0.0000e+00
     30.000     9.9235   3.543126    32.3476       1051     0.7291     7.9537     8.6207 1.0000e-12 0.0000e+00
     31.000     9.9203   3.542820    32.3470       1079     0.7484     7.8382     8.6196 1.0000e-12 0.0000e+00
     32.000     9.9128   3.542127    32.3462       1108     0.7686     7.8111     8.6472 1.0000e-12 0.0000e+00
     33.000     9.9019   3.541006    32.3442       1133     0.7858     7.8671     8.6693 1.0000e-12 0.0000e+00
     34.000     9.9025   3.540776    32.3409       1162     0.8064     7.8739     8.6611 1.0000e-12 0.0000e+00
     35.000     9.9025   3.540533    32.3379       1205     0.8360     7.8541     8.6714 1.0000e-12 0.0000e+00
     36.000     9.9021   3.540353    32.3361       1234     0.8563     7.8686     8.6889 1.0000e-12 0.0000e+00
     37.000     9.9016   3.540318    32.3358       1254     0.8701     7.8874     8.6894 1.0000e-12 0.0000e+00
     38.000     9.9046   3.540450    32.3340       1273     0.8830     7.9022     8.6713 1.0000e-12 0.0000e+00
     39.000     9.9140   3.540720    32.3278       1486     1.0314     7.8428     8.6602 1.0000e-12 0.0000e+00
     40.000     9.9050   3.539732    32.3254       1751     1.2149     7.7987     8.6267 1.0000e-12 0.0000e+00
     39.000     9.9083   3.540004    32.3256       1689     1.1720     7.8605     8.6286 1.0000e-12 0.0000e+00
     38.000     9.9080   3.539983    32.3261       1715     1.1900     7.8766     8.6525 1.0000e-12 0.0000e+00
     37.000     9.9042   3.539165    32.3217       3251     2.2566     7.8817     8.6476 1.0000e-12 0.0000e+00
     36.000     9.9056   3.539369    32.3229       3065     2.1278     7.8935     8.6663 1.0000e-12 0.0000e+00
     35.000     9.9069   3.539395    32.3225       3163     2.1955     7.8725     8.6559 1.0000e-12 0.0000e+00
     34.000     9.9073   3.539392    32.3226       3201     2.2220     7.9049     8.6593 1.0000e-12 0.0000e+00
     33.000     9.9071   3.539341    32.3226       3223     2.2377     7.8997     8.6523 1.0000e-12 0.0000e+00
     32.000     9.9067   3.539255    32.3225       3284     2.2799     7.8928     8.6567 1.0000e-12 0.0000e+00
     31.000     9.9119   3.539594    32.3217       3349     2.3252     7.9037     8.6513 1.0000e-12 0.0000e+00
     30.000     9.9149   3.539770    32.3213       3373     2.3414     7.8973     8.6505 1.0000e-12 0.0000e+00
     29.000     9.9142   3.539694    32.3216       3399     2.3599     7.8976     8.6613 1.0000e-12 0.0000e+00
     28.000     9.9658   3.543507    32.3145       3491     2.4233     7.8955     8.6642 1.0000e-12 0.0000e+00
     27.000    10.0569   3.549853    32.2977       3527     2.4483     7.8919     8.6580 1.0000e-12 0.0000e+00
     26.000    10.2795   3.565566    32.2583       3549     2.4641     7.8465     8.6418 1.0000e-12 0.0000e+00
     25.000    10.5846   3.589192    32.2251       3576     2.4828     7.8216     8.6528 1.0000e-12 0.0000e+00
     24.000    10.8048   3.606005    32.1987       3668     2.5464     8.1497     8.9791 1.0000e-12 0.0000e+00
     23.000    10.9192   3.614267    32.1804       3705     2.5720     8.1483     8.9412 1.0000e-12 0.0000e+00
     22.000    10.9902   3.618483    32.1603       3721     2.5836     8.1450     8.9482 1.0000e-12 0.0000e+00
     21.000    11.1241   3.628075    32.1383       5303     3.6821     8.3605     9.1855 1.5756e-02 0.0000e+00
     20.000    11.1837   3.631982    32.1251       6100     4.2355     8.3830     9.1937 3.5498e-02 0.0000e+00
     19.000    11.2210   3.634360    32.1164       6112     4.2436     8.3895     9.1840 7.7662e-02 0.0000e+00
     18.000    11.3099   3.640611    32.1007       6149     4.2695     8.4119     9.2285 9.9296e-02 0.0000e+00
     17.000    11.4538   3.651030    32.0781       6208     4.3107     8.4972     9.3380 1.1118e-01 0.0000e+00
     16.000    11.6614   3.666637    32.0509       6278     4.3592     8.5198     9.3114 1.4094e-01 0.0000e+00
     15.000    11.7266   3.670737    32.0349       6352     4.4102     8.4721     9.2943 1.9571e-01 0.0000e+00
     14.000    11.8902   3.681095    31.9948       6365     4.4198     8.4521     9.2874 2.6219e-01 0.0000e+00
     13.000    11.9537   3.686560    31.9934       6381     4.4302     8.4723     9.3138 3.4597e-01 0.0000e+00
     12.000    11.9673   3.688680    32.0026       6684     4.6410     8.4970     9.2908 4.1541e-01 0.0000e+00
     11.000    11.9659   3.689096    32.0082       7753     5.3834     8.4801     9.3037 7.5773e-01 0.0000e+00
     10.000    11.9625   3.688785    32.0085       8072     5.6045     8.4964     9.3065 1.1048e+00 0.0000e+00
      9.000    11.9524   3.688091    32.0110       8849     6.1446     8.5159     9.3055 1.0973e+00 0.0000e+00
      8.000    11.9594   3.688458    32.0088       8892     6.1741     8.5147     9.3081 1.5901e+00 0.0000e+00
      7.000    11.9674   3.688932    32.0070       8904     6.1825     8.5105     9.3021 1.7558e+00 0.0000e+00
      6.000    11.9684   3.689004    32.0073       8957     6.2198     8.4943     9.2936 2.2500e+00 0.0000e+00
      5.000    11.9685   3.689000    32.0075       9022     6.2649     8.4997     9.2999 3.1844e+00 0.0000e+00
      4.000    11.9674   3.688863    32.0076       9037     6.2747     8.4939     9.3023 3.7338e+00 0.0000e+00
      3.000    11.9697   3.689031    32.0076       9071     6.2986     8.4930     9.2799 5.2333e+00 0.0000e+00
