HB2503/ctd017.cnv
* Sea-Bird SBE 9 Data File:
* FileName = C:\cruise\data\ctd017.hex
* Software Version Seasave V 7.26.7.121
* Temperature SN = 4591
* Conductivity SN = 6006
* Number of Bytes Per Scan = 37
* Number of Voltage Words = 4
* Number of Scans Averaged by the Deck Unit = 1
* NMEA Latitude = 42 25.06 N
* NMEA Longitude = 070 36.63 W
* NMEA UTC (Time) = Jun 05 2025 08:17:45
* NMEA baud rate = 4800
** Ship: Bigelow HB2502
** Program:  Spring Bottom Trawl
** Chief Scientist:Jon Galbraith
# nquan = 10
# nvalues = 158                         
# units = specified
# name 0 = depSM: Depth [salt water, m]
# name 1 = t090C: Temperature [ITS-90, deg C]
# name 2 = c0S/m: Conductivity [S/m]
# name 3 = sal00: Salinity, Practical [PSU]
# name 4 = scan: Scan Count
# name 5 = timeM: Time, Elapsed [minutes]
# name 6 = sbeox0Mg/L: Oxygen, SBE 43 [mg/l]
# name 7 = sbeox1Mg/L: Oxygen, SBE 43, 2 [mg/l]
# name 8 = par: PAR/Irradiance, Biospherical/Licor
# name 9 = flag: flag
# span 0 =      1.000,     81.000       
# span 1 =     4.6460,    12.9261       
# span 2 =   3.095994,   3.606109       
# span 3 =    30.1113,    33.2569       
# span 4 =        158,      13217       
# span 5 =     0.1091,     9.1781       
# span 6 =     6.0674,     9.5329       
# span 7 =     6.9193,    10.7339       
# span 8 = -4.858e-06, 4.3690e+01       
# span 9 = 0.0000e+00, 0.0000e+00       
# interval = meters: 1                  
# start_time = Jun 05 2025 08:17:45 [NMEA time, header]
# bad_flag = -9.990e-29
*END*
      4.000    12.4717   3.534143    30.1113        158     0.1091     6.3655     6.9482 8.5878e+00 0.0000e+00
      5.000    12.5448   3.545079    30.1557        271     0.1875     6.0674     6.9193 5.5582e+00 0.0000e+00
      6.000    12.5003   3.553895    30.2743        296     0.2049     6.2128     7.0556 4.6190e+00 0.0000e+00
      7.000    12.1893   3.556172    30.5480        321     0.2225     6.4505     7.5318 3.3137e+00 0.0000e+00
      8.000    11.5964   3.550009    30.9785        412     0.2858     6.7519     8.6996 2.2827e+00 0.0000e+00
      9.000    11.3186   3.545344    31.1678        511     0.3540     6.7037     8.7696 1.8205e+00 0.0000e+00
     10.000    10.6932   3.545742    31.7045        541     0.3747     6.9904     8.9656 1.3293e+00 0.0000e+00
     11.000    10.0984   3.543157    32.2006        571     0.3956     7.2266     9.1349 1.0022e+00 0.0000e+00
     12.000     9.7899   3.538199    32.4256        602     0.4174     7.1556     9.8177 7.2405e-01 0.0000e+00
     13.000     9.5430   3.524566    32.5089        632     0.4383     7.0480    10.5549 5.0095e-01 0.0000e+00
     14.000     8.9900   3.510782    32.8736        659     0.4569     7.0363    10.7339 3.5898e-01 0.0000e+00
     15.000     8.4947   3.503356    33.2569        685     0.4748     7.1122    10.3168 2.3724e-01 0.0000e+00
     16.000     8.5186   3.492398    33.1184        712     0.4938     7.1180     9.8759 1.6108e-01 0.0000e+00
     17.000     8.4756   3.483334    33.0627        741     0.5138     7.1234     9.7535 9.2126e-02 0.0000e+00
     18.000     8.4543   3.473756    32.9812        769     0.5332     7.1255     9.6427 5.2486e-02 0.0000e+00
     19.000     8.4133   3.454769    32.8188        796     0.5523     7.0935     9.6559 1.8037e-02 0.0000e+00
     20.000     8.3285   3.452533    32.8739        824     0.5717     7.0958     9.7040 3.2153e-03 0.0000e+00
     21.000     8.1604   3.437435    32.8709        852     0.5912     7.1107     9.7825 2.2033e-04 0.0000e+00
     22.000     7.9147   3.414328    32.8549        880     0.6101     7.0952     9.8912 -4.858e-06 0.0000e+00
     23.000     7.8188   3.379764    32.5750        906     0.6283     7.1930     9.8735 1.0000e-12 0.0000e+00
     24.000     7.7324   3.351877    32.3565        933     0.6472     7.4279    10.0305 1.0000e-12 0.0000e+00
     25.000     7.6037   3.334406    32.2882        961     0.6669     7.7632    10.1919 1.0000e-12 0.0000e+00
     26.000     7.5134   3.323291    32.2522        989     0.6864     8.2164    10.2525 1.0000e-12 0.0000e+00
     27.000     7.4966   3.315554    32.1841       1016     0.7048     8.5005    10.2709 1.0000e-12 0.0000e+00
     28.000     7.4869   3.301009    32.0361       1041     0.7223     8.5953    10.2345 1.0000e-12 0.0000e+00
     29.000     7.4540   3.290475    31.9525       1067     0.7405     8.6182    10.2277 1.0000e-12 0.0000e+00
     30.000     7.4237   3.282332    31.8924       1096     0.7604     8.2565    10.2249 1.0000e-12 0.0000e+00
     31.000     7.3905   3.276581    31.8605       1127     0.7816     8.6492    10.2500 1.0000e-12 0.0000e+00
     32.000     7.3404   3.272161    31.8584       1156     0.8018     9.2027    10.3168 1.0000e-12 0.0000e+00
     33.000     7.2568   3.266430    31.8730       1182     0.8203     9.2966    10.3316 1.0000e-12 0.0000e+00
     34.000     7.2300   3.262648    31.8564       1208     0.8380     9.2869    10.3164 1.0000e-12 0.0000e+00
     35.000     7.2282   3.261313    31.8431       1235     0.8566     9.2828    10.2722 1.0000e-12 0.0000e+00
     36.000     7.2207   3.260041    31.8358       1264     0.8769     9.2660    10.2661 1.0000e-12 0.0000e+00
     37.000     7.1622   3.256413    31.8500       1294     0.8979     9.2789    10.2981 1.0000e-12 0.0000e+00
     38.000     7.1426   3.253991    31.8414       1323     0.9181     9.2769    10.2849 1.0000e-12 0.0000e+00
     39.000     7.1319   3.252688    31.8366       1350     0.9366     9.2647    10.2580 1.0000e-12 0.0000e+00
     40.000     7.1294   3.252184    31.8330       1375     0.9542     9.2523    10.2423 1.0000e-12 0.0000e+00
     41.000     7.1149   3.251253    31.8358       1401     0.9724     9.2468    10.2215 1.0000e-12 0.0000e+00
     42.000     7.0953   3.250380    31.8440       1429     0.9920     9.2549    10.2256 1.0000e-12 0.0000e+00
     43.000     7.0515   3.248286    31.8612       1459     1.0126     9.2837    10.2341 1.0000e-12 0.0000e+00
     44.000     7.0000   3.245749    31.8808       1489     1.0332     9.2689    10.2189 1.0000e-12 0.0000e+00
     45.000     6.9570   3.243711    31.8980       1518     1.0531     9.2390    10.2322 1.0000e-12 0.0000e+00
     46.000     6.9328   3.242564    31.9074       1545     1.0719     9.2394    10.2605 1.0000e-12 0.0000e+00
     47.000     6.9007   3.241536    31.9256       1570     1.0898     9.2669    10.2671 1.0000e-12 0.0000e+00
     48.000     6.8520   3.239368    31.9467       1596     1.1080     9.2723    10.2459 1.0000e-12 0.0000e+00
     49.000     6.7287   3.234121    32.0037       1625     1.1275     9.2846    10.2324 1.0000e-12 0.0000e+00
     50.000     6.5682   3.226145    32.0657       1654     1.1482     9.2936    10.2486 1.0000e-12 0.0000e+00
     51.000     6.2315   3.205131    32.1499       1684     1.1685     9.3180    10.2667 1.0000e-12 0.0000e+00
     52.000     5.9259   3.182714    32.1892       1712     1.1884     9.3086    10.1739 1.0000e-12 0.0000e+00
     53.000     5.7210   3.168192    32.2210       1741     1.2080     9.1864     9.9297 1.0000e-12 0.0000e+00
     54.000     5.6241   3.159927    32.2200       1768     1.2273     8.9779     9.6993 1.0000e-12 0.0000e+00
     55.000     5.5104   3.150352    32.2202       1794     1.2454     8.8268     9.5529 1.0000e-12 0.0000e+00
     56.000     5.3898   3.140256    32.2210       1820     1.2631     8.7186     9.4307 1.0000e-12 0.0000e+00
     57.000     5.3665   3.137544    32.2121       1848     1.2828     8.5931     9.3147 1.0000e-12 0.0000e+00
     58.000     5.3109   3.133562    32.2198       1880     1.3051     8.4780     9.2514 1.0000e-12 0.0000e+00
     59.000     5.2482   3.128641    32.2236       1911     1.3263     8.4306     9.2651 1.0000e-12 0.0000e+00
     60.000     5.1953   3.124673    32.2288       1936     1.3439     8.4231     9.2733 1.0000e-12 0.0000e+00
     61.000     5.1624   3.122076    32.2304       1959     1.3598     8.4103     9.2347 1.0000e-12 0.0000e+00
     62.000     5.1131   3.119163    32.2442       1983     1.3765     8.3961     9.2119 1.0000e-12 0.0000e+00
     63.000     5.0717   3.116303    32.2510       2013     1.3974     8.3893     9.2189 1.0000e-12 0.0000e+00
     64.000     5.0564   3.115412    32.2550       2048     1.4216     8.3828     9.2047 1.0000e-12 0.0000e+00
     65.000     5.0122   3.113178    32.2717       2077     1.4419     8.3640     9.1973 1.0000e-12 0.0000e+00
     66.000     4.9157   3.106997    32.2938       2101     1.4583     8.3563     9.2169 1.0000e-12 0.0000e+00
     67.000     4.8903   3.104764    32.2923       2123     1.4736     8.3407     9.1956 1.0000e-12 0.0000e+00
     68.000     4.8902   3.105014    32.2947       2147     1.4906     8.3072     9.1251 1.0000e-12 0.0000e+00
     69.000     4.8570   3.103869    32.3133       2180     1.5130     8.2548     9.0652 1.0000e-12 0.0000e+00
     70.000     4.8516   3.103777    32.3169       2216     1.5380     8.2670     9.0975 1.0000e-12 0.0000e+00
     71.000     4.8417   3.103047    32.3177       2242     1.5565     8.2729     9.0721 1.0000e-12 0.0000e+00
     72.000     4.8377   3.103266    32.3235       2264     1.5714     8.2352     9.0453 1.0000e-12 0.0000e+00
     73.000     4.8245   3.103485    32.3385       2285     1.5861     8.2200     9.0413 1.0000e-12 0.0000e+00
     74.000     4.8064   3.102953    32.3494       2312     1.6046     8.2163     9.0454 1.0000e-12 0.0000e+00
     75.000     4.7812   3.102161    32.3643       2349     1.6304     8.2396     9.1041 1.0000e-12 0.0000e+00
     76.000     4.7655   3.101899    32.3761       2381     1.6530     8.2601     9.0983 1.0000e-12 0.0000e+00
     77.000     4.7411   3.100885    32.3877       2404     1.6688     8.2526     9.0572 1.0000e-12 0.0000e+00
     78.000     4.6934   3.098343    32.4044       2425     1.6830     8.2251     9.0104 1.0000e-12 0.0000e+00
     79.000     4.6641   3.097438    32.4221       2448     1.6990     8.1976     8.9744 1.0000e-12 0.0000e+00
     80.000     4.6519   3.096421    32.4217       3421     2.3753     7.8088     8.5993 1.0000e-12 0.0000e+00
     81.000     4.6460   3.095994    32.4221       5263     3.6545     7.7456     8.5794 1.0000e-12 0.0000e+00
     80.000     4.6504   3.096210    32.4207       4409     3.0614     7.7731     8.5594 1.0000e-12 0.0000e+00
     79.000     4.6578   3.096377    32.4159       4425     3.0719     7.7698     8.5403 1.0000e-12 0.0000e+00
     78.000     4.6666   3.096133    32.4050       4446     3.0865     7.7564     8.5277 1.0000e-12 0.0000e+00
     77.000     4.7107   3.097737    32.3810       4473     3.1054     7.7553     8.5731 1.0000e-12 0.0000e+00
     76.000     4.7564   3.100226    32.3657       4509     3.1304     7.8489     8.7627 1.0000e-12 0.0000e+00
     75.000     4.7698   3.100486    32.3561       4537     3.1502     7.9906     8.9570 1.0000e-12 0.0000e+00
     74.000     4.7730   3.100408    32.3526       4558     3.1649     8.0951     9.0334 1.0000e-12 0.0000e+00
     73.000     4.7987   3.101124    32.3363       4578     3.1786     8.1486     9.0533 1.0000e-12 0.0000e+00
     72.000     4.8227   3.101639    32.3194       4600     3.1939     8.1679     9.0472 1.0000e-12 0.0000e+00
     71.000     4.8429   3.101692    32.3009       4629     3.2138     8.1829     9.0593 1.0000e-12 0.0000e+00
     70.000     4.8522   3.101924    32.2951       4663     3.2374     8.2300     9.0850 1.0000e-12 0.0000e+00
     69.000     4.8548   3.101830    32.2919       4690     3.2561     8.2431     9.0806 1.0000e-12 0.0000e+00
     68.000     4.8676   3.102367    32.2862       4711     3.2711     8.2345     9.0613 1.0000e-12 0.0000e+00
     67.000     4.8754   3.101891    32.2737       4732     3.2852     8.2222     9.0528 1.0000e-12 0.0000e+00
     66.000     4.9053   3.103492    32.2635       4755     3.3011     8.2051     9.0581 1.0000e-12 0.0000e+00
     65.000     5.0006   3.109515    32.2409       4784     3.3215     8.2041     9.0681 1.0000e-12 0.0000e+00
     64.000     5.0401   3.111667    32.2279       4816     3.3440     8.2333     9.0758 1.0000e-12 0.0000e+00
     63.000     5.0313   3.111068    32.2300       4843     3.3622     8.2783     9.1451 1.0000e-12 0.0000e+00
     62.000     5.0363   3.111137    32.2265       4864     3.3770     8.3166     9.1831 1.0000e-12 0.0000e+00
     61.000     5.0878   3.114054    32.2106       4885     3.3917     8.3271     9.1912 1.0000e-12 0.0000e+00
     60.000     5.1636   3.118646    32.1906       4910     3.4090     8.3198     9.1916 1.0000e-12 0.0000e+00
     59.000     5.2417   3.124076    32.1778       4941     3.4308     8.3273     9.1940 1.0000e-12 0.0000e+00
     58.000     5.2951   3.127934    32.1709       4972     3.4518     8.3551     9.2329 1.0000e-12 0.0000e+00
     57.000     5.3411   3.131237    32.1648       4995     3.4683     8.3687     9.2463 1.0000e-12 0.0000e+00
     56.000     5.3736   3.133502    32.1599       5017     3.4832     8.3729     9.2446 1.0000e-12 0.0000e+00
     55.000     5.4679   3.140569    32.1502       5040     3.4991     8.3743     9.2402 1.0000e-12 0.0000e+00
     54.000     5.5924   3.150749    32.1467       5067     3.5178     8.3829     9.2561 1.0000e-12 0.0000e+00
     53.000     5.7171   3.160362    32.1366       5097     3.5390     8.4169     9.3106 1.0000e-12 0.0000e+00
     52.000     5.9117   3.173117    32.0952       5125     3.5585     8.4645     9.3857 1.0000e-12 0.0000e+00
     51.000     6.1663   3.189722    32.0402       5149     3.5753     8.5239     9.4390 1.0000e-12 0.0000e+00
     50.000     6.4861   3.211388    31.9800       5172     3.5910     8.5803     9.5658 1.0000e-12 0.0000e+00
     49.000     6.7007   3.225611    31.9365       5196     3.6074     8.7224     9.7613 1.0000e-12 0.0000e+00
     48.000     6.8522   3.233849    31.8862       5222     3.6259     8.9322    10.0336 1.0000e-12 0.0000e+00
     47.000     6.9097   3.237125    31.8691       5252     3.6468     9.1699    10.2853 1.0000e-12 0.0000e+00
     46.000     6.9352   3.238371    31.8595       5281     3.6669     9.3005    10.3286 1.0000e-12 0.0000e+00
     45.000     6.9583   3.239535    31.8513       5306     3.6841     9.3272    10.2948 1.0000e-12 0.0000e+00
     44.000     6.9766   3.240249    31.8425       5329     3.6997     9.3100    10.2651 1.0000e-12 0.0000e+00
     43.000     7.0573   3.245268    31.8231       5776     4.0104     9.2981    10.2484 1.0000e-12 0.0000e+00
     42.000     7.0511   3.245130    31.8278       6758     4.6927     9.3100    10.2486 1.0000e-12 0.0000e+00
     41.000     7.0856   3.246871    31.8152       6808     4.7274     9.3192    10.2520 1.0000e-12 0.0000e+00
     40.000     7.1157   3.248168    31.8021       6837     4.7471     9.3228    10.2563 1.0000e-12 0.0000e+00
     39.000     7.1308   3.248926    31.7968       6862     4.7644     9.3143    10.2582 1.0000e-12 0.0000e+00
     38.000     7.1478   3.250006    31.7934       6885     4.7804     9.2980    10.2152 1.0000e-12 0.0000e+00
     37.000     7.1702   3.251467    31.7890       6909     4.7970     9.2853    10.2179 1.0000e-12 0.0000e+00
     36.000     7.1814   3.252204    31.7871       6935     4.8154     9.2964    10.2666 1.0000e-12 0.0000e+00
     35.000     7.2072   3.253749    31.7806       6964     4.8354     9.3157    10.2825 1.0000e-12 0.0000e+00
     34.000     7.2442   3.255788    31.7691       6991     4.8539     9.3333    10.2445 1.0000e-12 0.0000e+00
     33.000     7.2548   3.256431    31.7668       7014     4.8704     9.3524    10.2717 1.0000e-12 0.0000e+00
     32.000     7.2569   3.256410    31.7651       7038     4.8865     9.3622    10.3416 1.0000e-12 0.0000e+00
     31.000     7.3060   3.259548    31.7544       7062     4.9038     9.3536    10.3453 1.0000e-12 0.0000e+00
     30.000     7.3915   3.263707    31.7213       7091     4.9233     9.3423    10.3292 1.0000e-12 0.0000e+00
     29.000     7.4331   3.264736    31.6948       7120     4.9434     9.3559    10.3385 1.0000e-12 0.0000e+00
     28.000     7.4521   3.264893    31.6795       7146     4.9616     9.3628    10.3641 1.0000e-12 0.0000e+00
     27.000     7.4687   3.265516    31.6716       7170     4.9782     9.3716    10.3441 1.0000e-12 0.0000e+00
     26.000     7.4911   3.266442    31.6616       7193     4.9948     9.3387    10.2970 1.0000e-12 0.0000e+00
     25.000     7.5764   3.270484    31.6277       7219     5.0127     9.2850    10.2283 1.0000e-12 0.0000e+00
     24.000     7.6505   3.271567    31.5724       7247     5.0321     9.2713    10.2162 1.0000e-12 0.0000e+00
     23.000     7.7872   3.277573    31.5132       7275     5.0513     9.2596    10.1957 1.0000e-12 0.0000e+00
     22.000     7.8087   3.268120    31.3935       7300     5.0687     9.2914    10.2403 4.5223e-03 0.0000e+00
     21.000     8.0204   3.274314    31.2701       7324     5.0855     9.2795    10.2052 7.9886e-03 0.0000e+00
     20.000     8.2216   3.284031    31.1938       7350     5.1036     9.2262    10.1327 1.7691e-02 0.0000e+00
     19.000     8.3477   3.289557    31.1405       7378     5.1232     9.1518     9.9686 3.6701e-02 0.0000e+00
     18.000     8.4349   3.293200    31.1021       7412     5.1464     9.0191     9.8151 5.5454e-02 0.0000e+00
     17.000     8.4763   3.295473    31.0898       7446     5.1699     8.9201     9.7431 9.2842e-02 0.0000e+00
     16.000     8.5005   3.296399    31.0786       7485     5.1974     8.8461     9.7343 1.4417e-01 0.0000e+00
     15.000     8.4539   3.288923    31.0418       7527     5.2266     8.8495     9.7694 1.8986e-01 0.0000e+00
