HB2503/ctd012.cnv
* Sea-Bird SBE 9 Data File:
* FileName = C:\cruise\data\ctd012.hex
* Software Version Seasave V 7.26.7.121
* Temperature SN = 4591
* Conductivity SN = 6006
* Number of Bytes Per Scan = 37
* Number of Voltage Words = 4
* Number of Scans Averaged by the Deck Unit = 1
* NMEA Latitude = 40 53.69 N
* NMEA Longitude = 069 10.02 W
* NMEA UTC (Time) = Jun 02 2025 23:33:03
* NMEA baud rate = 4800
** Ship: Bigelow HB2502
** Program:  Spring Bottom Trawl
** Chief Scientist:Jon Galbraith
# nquan = 10
# nvalues = 124                         
# units = specified
# name 0 = depSM: Depth [salt water, m]
# name 1 = t090C: Temperature [ITS-90, deg C]
# name 2 = c0S/m: Conductivity [S/m]
# name 3 = sal00: Salinity, Practical [PSU]
# name 4 = scan: Scan Count
# name 5 = timeM: Time, Elapsed [minutes]
# name 6 = sbeox0Mg/L: Oxygen, SBE 43 [mg/l]
# name 7 = sbeox1Mg/L: Oxygen, SBE 43, 2 [mg/l]
# name 8 = par: PAR/Irradiance, Biospherical/Licor
# name 9 = flag: flag
# span 0 =      1.000,     63.000       
# span 1 =     8.3682,     8.4454       
# span 2 =   3.378001,   3.436118       
# span 3 =    32.0480,    32.6518       
# span 4 =       -217,       9669       
# span 5 =    -0.1515,     6.7136       
# span 6 =     6.8505,     9.0241       
# span 7 =     9.8031,     9.9378       
# span 8 = 1.0000e-12, 5.1450e+02       
# span 9 = 0.0000e+00, 0.0000e+00       
# interval = meters: 1                  
# start_time = Jun 02 2025 23:33:03 [NMEA time, header]
# bad_flag = -9.990e-29
*END*
      2.000     8.3898   3.436118    32.6518       -217    -0.1515     6.8505     9.8035 1.2587e+02 0.0000e+00
      3.000     8.4454   3.436012    32.5987        279     0.1929     7.1930     9.8507 9.1349e+01 0.0000e+00
      4.000     8.4147   3.425714    32.5182        415     0.2875     7.1956     9.8492 6.3142e+01 0.0000e+00
      5.000     8.3759   3.409007    32.3774        445     0.3085     7.3591     9.8522 4.6740e+01 0.0000e+00
      6.000     8.3758   3.399912    32.2812        472     0.3269     7.5062     9.8408 3.2241e+01 0.0000e+00
      7.000     8.3766   3.395140    32.2298        497     0.3446     7.4637     9.8538 2.3287e+01 0.0000e+00
      8.000     8.3771   3.393593    32.2125        524     0.3633     7.3936     9.8635 1.7339e+01 0.0000e+00
      9.000     8.3777   3.391624    32.1908        552     0.3828     7.2992     9.8625 1.3400e+01 0.0000e+00
     10.000     8.3789   3.391172    32.1844        580     0.4018     7.3482     9.8499 1.0909e+01 0.0000e+00
     11.000     8.3790   3.390178    32.1734        605     0.4197     7.3937     9.8497 8.8864e+00 0.0000e+00
     12.000     8.3783   3.389767    32.1693        630     0.4369     7.4257     9.8562 7.2234e+00 0.0000e+00
     13.000     8.3778   3.389731    32.1689        656     0.4546     7.4579     9.8654 5.7998e+00 0.0000e+00
     14.000     8.3771   3.390767    32.1800        683     0.4733     7.4289     9.8705 4.6213e+00 0.0000e+00
     15.000     8.3766   3.389676    32.1685        710     0.4925     7.3257     9.8507 3.8009e+00 0.0000e+00
     16.000     8.3758   3.387042    32.1411        736     0.5107     7.2262     9.8586 3.0736e+00 0.0000e+00
     17.000     8.3751   3.385420    32.1242        761     0.5278     7.2461     9.8648 2.5117e+00 0.0000e+00
     18.000     8.3751   3.384642    32.1155        787     0.5460     7.3549     9.8500 2.1021e+00 0.0000e+00
     19.000     8.3749   3.383943    32.1079        817     0.5667     7.6178     9.8422 1.8012e+00 0.0000e+00
     20.000     8.3733   3.383493    32.1042        847     0.5878     7.9086     9.8496 1.5332e+00 0.0000e+00
     21.000     8.3736   3.383419    32.1027        872     0.6046     7.8991     9.8486 1.2666e+00 0.0000e+00
     22.000     8.3741   3.383221    32.0997        892     0.6188     7.7019     9.8338 1.0167e+00 0.0000e+00
     23.000     8.3765   3.383458    32.0996        913     0.6333     7.6882     9.8292 8.0358e-01 0.0000e+00
     24.000     8.3777   3.383580    32.0993        941     0.6526     8.2016     9.8156 6.5341e-01 0.0000e+00
     25.000     8.3779   3.383410    32.0968        981     0.6802     8.7484     9.8414 5.5245e-01 0.0000e+00
     26.000     8.3785   3.383499    32.0968       1013     0.7028     8.8967     9.8607 4.6124e-01 0.0000e+00
     27.000     8.3787   3.383673    32.0979       1035     0.7182     8.8633     9.8505 3.8969e-01 0.0000e+00
     28.000     8.3786   3.383745    32.0983       1054     0.7310     8.8417     9.8485 3.1928e-01 0.0000e+00
     29.000     8.3794   3.383767    32.0974       1071     0.7434     8.8582     9.8442 2.5769e-01 0.0000e+00
     30.000     8.3795   3.383767    32.0968       1094     0.7591     8.8723     9.8257 2.0038e-01 0.0000e+00
     31.000     8.3798   3.383750    32.0959       1133     0.7864     8.8625     9.8304 1.5324e-01 0.0000e+00
     32.000     8.3798   3.383799    32.0960       1171     0.8126     8.8951     9.8287 1.2397e-01 0.0000e+00
     33.000     8.3798   3.383882    32.0964       1193     0.8278     8.8976     9.8306 9.7857e-02 0.0000e+00
     34.000     8.3808   3.384059    32.0969       1213     0.8419     8.8991     9.8365 6.1599e-02 0.0000e+00
     35.000     8.3817   3.384254    32.0977       1238     0.8593     8.8912     9.8325 4.4754e-02 0.0000e+00
     36.000     8.3815   3.384430    32.0993       1269     0.8803     8.8973     9.8389 3.1170e-02 0.0000e+00
     37.000     8.3819   3.384528    32.0995       1295     0.8984     8.9045     9.8513 1.8408e-02 0.0000e+00
     38.000     8.3815   3.384625    32.1005       1317     0.9139     8.9055     9.8448 7.0724e-03 0.0000e+00
     39.000     8.3802   3.384732    32.1023       1340     0.9300     8.8964     9.8464 9.7237e-04 0.0000e+00
     40.000     8.3802   3.384764    32.1022       1371     0.9515     8.9082     9.8210 9.4189e-06 0.0000e+00
     41.000     8.3810   3.384866    32.1021       1407     0.9761     8.9249     9.8108 1.0000e-12 0.0000e+00
     42.000     8.3808   3.384915    32.1023       1434     0.9949     8.9263     9.8295 1.0000e-12 0.0000e+00
     43.000     8.3801   3.384961    32.1030       1456     1.0104     8.9160     9.8391 1.0000e-12 0.0000e+00
     44.000     8.3811   3.385020    32.1023       1478     1.0255     8.9267     9.8254 1.0000e-12 0.0000e+00
     45.000     8.3815   3.385135    32.1026       1502     1.0421     8.9305     9.8169 1.0000e-12 0.0000e+00
     46.000     8.3823   3.385246    32.1027       1529     1.0611     8.9190     9.8241 1.0000e-12 0.0000e+00
     47.000     8.3818   3.385265    32.1028       1557     1.0807     8.9327     9.8446 1.0000e-12 0.0000e+00
     48.000     8.3820   3.385287    32.1024       1585     1.0998     8.9163     9.8510 1.0000e-12 0.0000e+00
     49.000     8.3819   3.385337    32.1025       1613     1.1193     8.9271     9.8236 1.0000e-12 0.0000e+00
     50.000     8.3800   3.385301    32.1035       1643     1.1402     8.9393     9.8207 1.0000e-12 0.0000e+00
     51.000     8.3763   3.384972    32.1030       1670     1.1593     8.9177     9.8175 1.0000e-12 0.0000e+00
     52.000     8.3765   3.385104    32.1037       1694     1.1759     8.9043     9.8287 1.0000e-12 0.0000e+00
     53.000     8.3735   3.384858    32.1034       1717     1.1917     8.9101     9.8388 1.0000e-12 0.0000e+00
     54.000     8.3693   3.384549    32.1035       1741     1.2085     8.9189     9.8364 1.0000e-12 0.0000e+00
     55.000     8.3689   3.384524    32.1031       1768     1.2271     8.9153     9.8295 1.0000e-12 0.0000e+00
     56.000     8.3682   3.384514    32.1032       1799     1.2488     8.9140     9.8104 1.0000e-12 0.0000e+00
     57.000     8.3683   3.384546    32.1030       1835     1.2735     8.9197     9.8127 1.0000e-12 0.0000e+00
     58.000     8.3688   3.384652    32.1032       1866     1.2954     8.9303     9.8031 1.0000e-12 0.0000e+00
     59.000     8.3697   3.384739    32.1028       1896     1.3157     8.9362     9.8185 1.0000e-12 0.0000e+00
     60.000     8.3699   3.384834    32.1032       1930     1.3397     8.9331     9.8243 1.0000e-12 0.0000e+00
     61.000     8.3701   3.384889    32.1031       1965     1.3638     8.9306     9.8137 1.0000e-12 0.0000e+00
     62.000     8.3702   3.384923    32.1030       1999     1.3872     8.9281     9.8211 1.0000e-12 0.0000e+00
     63.000     8.3706   3.385023    32.1032       2718     1.8871     8.9506     9.8280 1.0000e-12 0.0000e+00
     62.000     8.3701   3.384919    32.1030       3310     2.2981     8.9577     9.8161 1.0000e-12 0.0000e+00
     61.000     8.3697   3.384847    32.1030       3286     2.2812     8.9607     9.8238 1.0000e-12 0.0000e+00
     60.000     8.3702   3.384856    32.1032       3309     2.2973     8.9518     9.8326 1.0000e-12 0.0000e+00
     59.000     8.3712   3.384921    32.1034       3333     2.3141     8.9391     9.8287 1.0000e-12 0.0000e+00
     58.000     8.3710   3.384855    32.1034       3360     2.3328     8.9475     9.8351 1.0000e-12 0.0000e+00
     57.000     8.3703   3.384752    32.1033       3388     2.3518     8.9574     9.8536 1.0000e-12 0.0000e+00
     56.000     8.3709   3.384768    32.1034       3412     2.3688     8.9537     9.8527 1.0000e-12 0.0000e+00
     55.000     8.3702   3.384644    32.1032       3437     2.3860     8.9500     9.8459 1.0000e-12 0.0000e+00
     54.000     8.3695   3.382579    32.0826       3465     2.4054     8.9623     9.8414 1.0000e-12 0.0000e+00
     53.000     8.3688   3.384448    32.1034       3493     2.4250     8.9581     9.8260 1.0000e-12 0.0000e+00
     52.000     8.3687   3.384358    32.1030       3517     2.4420     8.9654     9.8372 1.0000e-12 0.0000e+00
     51.000     8.3684   3.384298    32.1030       3541     2.4583     8.9670     9.8440 1.0000e-12 0.0000e+00
     50.000     8.3684   3.384246    32.1029       3566     2.4757     8.9579     9.8379 1.0000e-12 0.0000e+00
     49.000     8.3689   3.384250    32.1030       3593     2.4944     8.9488     9.8398 1.0000e-12 0.0000e+00
     48.000     8.3705   3.384373    32.1032       3620     2.5132     8.9446     9.8317 1.0000e-12 0.0000e+00
     47.000     8.3726   3.384487    32.1030       3646     2.5310     8.9443     9.8341 1.0000e-12 0.0000e+00
     46.000     8.3787   3.384898    32.1022       3670     2.5480     8.9418     9.8443 1.0000e-12 0.0000e+00
     45.000     8.3797   3.384930    32.1021       3695     2.5656     8.9482     9.8426 1.0000e-12 0.0000e+00
     44.000     8.3814   3.385016    32.1019       3723     2.5845     8.9566     9.8307 1.0000e-12 0.0000e+00
     43.000     8.3816   3.384980    32.1019       3751     2.6044     8.9678     9.8501 1.0000e-12 0.0000e+00
     42.000     8.3815   3.384932    32.1019       3778     2.6227     8.9625     9.8546 1.0000e-12 0.0000e+00
     41.000     8.3827   3.384977    32.1017       3801     2.6389     8.9558     9.8543 1.0000e-12 0.0000e+00
     40.000     8.3830   3.384936    32.1015       3828     2.6578     8.9608     9.8481 1.0000e-12 0.0000e+00
     39.000     8.3836   3.384894    32.1009       3864     2.6829     8.9729     9.8453 2.3067e-03 0.0000e+00
     38.000     8.3838   3.384843    32.1006       3910     2.7149     8.9782     9.8520 6.3140e-03 0.0000e+00
     37.000     8.3839   3.384806    32.1005       3947     2.7403     8.9761     9.8666 1.8450e-02 0.0000e+00
     36.000     8.3844   3.384766    32.1001       3975     2.7600     8.9739     9.8679 2.7574e-02 0.0000e+00
     35.000     8.3846   3.384701    32.0997       4008     2.7824     8.9696     9.8572 4.4503e-02 0.0000e+00
     34.000     8.3844   3.384667    32.1000       4513     3.1335     8.9675     9.8610 6.5511e-02 0.0000e+00
     33.000     8.3823   3.384644    32.1022       5224     3.6274     8.9656     9.8585 8.8738e-02 0.0000e+00
     32.000     8.3806   3.384465    32.1023       5243     3.6400     8.9785     9.8599 1.2349e-01 0.0000e+00
     31.000     8.3803   3.384392    32.1023       5271     3.6601     8.9671     9.8658 1.5121e-01 0.0000e+00
     30.000     8.3838   3.384568    32.1014       5303     3.6818     8.9472     9.8604 1.8571e-01 0.0000e+00
     29.000     8.3846   3.384590    32.1013       5337     3.7054     8.9576     9.8608 2.3406e-01 0.0000e+00
     28.000     8.3846   3.384511    32.1009       5392     3.7440     8.9691     9.8783 2.9188e-01 0.0000e+00
     27.000     8.3841   3.384284    32.0995       5449     3.7830     8.9754     9.8674 3.5799e-01 0.0000e+00
     26.000     8.3834   3.383844    32.0960       5478     3.8033     8.9740     9.8438 4.3179e-01 0.0000e+00
     25.000     8.3832   3.383716    32.0953       5504     3.8214     8.9795     9.8643 5.1683e-01 0.0000e+00
     24.000     8.3828   3.383597    32.0948       5539     3.8459     8.9681     9.8730 6.2832e-01 0.0000e+00
     23.000     8.3827   3.383524    32.0946       5592     3.8823     8.9734     9.8745 7.3920e-01 0.0000e+00
     22.000     8.3824   3.383309    32.0931       5626     3.9060     8.9736     9.8794 9.2533e-01 0.0000e+00
     21.000     8.3808   3.382936    32.0911       5656     3.9269     8.9664     9.8831 1.1582e+00 0.0000e+00
     20.000     8.3810   3.382696    32.0887       6244     4.3356     8.9659     9.8720 1.2849e+00 0.0000e+00
     19.000     8.3827   3.382908    32.0899       6829     4.7418     8.9688     9.8842 1.4510e+00 0.0000e+00
     18.000     8.3813   3.382574    32.0882       6879     4.7766     8.9541     9.8919 1.7851e+00 0.0000e+00
     17.000     8.3797   3.382174    32.0858       6914     4.8010     8.9663     9.8856 2.0832e+00 0.0000e+00
     16.000     8.3776   3.381690    32.0831       6941     4.8195     8.9639     9.8793 2.5256e+00 0.0000e+00
     15.000     8.3761   3.381323    32.0811       6965     4.8361     8.9709     9.8606 3.0491e+00 0.0000e+00
     14.000     8.3766   3.380932    32.0770       6995     4.8570     8.9654     9.8674 3.7679e+00 0.0000e+00
     13.000     8.3764   3.380428    32.0722       7047     4.8932     8.9639     9.8878 4.7782e+00 0.0000e+00
     12.000     8.3774   3.380141    32.0688       7082     4.9173     8.9821     9.8935 5.5460e+00 0.0000e+00
     11.000     8.3780   3.379939    32.0666       7106     4.9341     8.9800     9.8783 6.7638e+00 0.0000e+00
     10.000     8.3780   3.379863    32.0662       7134     4.9532     8.9770     9.8650 8.7819e+00 0.0000e+00
      9.000     8.3797   3.379631    32.0627       7809     5.4222     9.0009     9.9084 9.5382e+00 0.0000e+00
      8.000     8.3816   3.379104    32.0559       8173     5.6749     9.0001     9.9094 1.1399e+01 0.0000e+00
      7.000     8.3816   3.378397    32.0489       8247     5.7266     8.9863     9.9258 1.4861e+01 0.0000e+00
      6.000     8.3805   3.378177    32.0480       8289     5.7553     9.0174     9.9378 1.9734e+01 0.0000e+00
      5.000     8.3823   3.378331    32.0485       8315     5.7737     9.0241     9.9249 2.6330e+01 0.0000e+00
      4.000     8.3827   3.378363    32.0489       8342     5.7925     9.0163     9.9217 3.3291e+01 0.0000e+00
      3.000     8.3817   3.378170    32.0483       8424     5.8496     9.0214     9.9371 4.8538e+01 0.0000e+00
      2.000     8.3818   3.378150    32.0484       9115     6.3290     9.0177     9.9313 7.9939e+01 0.0000e+00
      1.000     8.3796   3.378001    32.0493       9669     6.7136     9.0186     9.9259 5.1450e+02 0.0000e+00
