HB2503/sbe018.cnv
* Sea-Bird SBE 19plus V2 Data File:
* FileName = C:\cruise\data\sbe018.hex
* Software Version Seasave V 7.26.7.121
* Temperature SN = 6128
* Conductivity SN = 6128
* System UpLoad Time = May 29 2025 12:58:27
* NMEA Latitude = 38 30.72 N
* NMEA Longitude = 073 26.04 W
* NMEA UTC (Time) = May 29 2025  12:56:37
** Ship: Henry Bigelow
** Cruise:  HB2502
** Program:  Spring Bottom Trawl
# nquan = 7
# nvalues = 2916                                  
# units = specified
# name 0 = depSM: Depth [salt water, m]
# name 1 = tv290C: Temperature [ITS-90, deg C]
# name 2 = c0S/m: Conductivity [S/m]
# name 3 = sal00: Salinity, Practical [PSU]
# name 4 = scan: Scan Count
# name 5 = timeM: Time, Elapsed [minutes]
# name 6 = flag:  0.000e+00
# span 0 =     -0.123,    100.800                 
# span 1 =     9.1016,    14.5814                 
# span 2 =   0.008915,   3.952948                 
# span 3 =     0.0547,    34.9786                 
# span 4 =         11,       2926                 
# span 5 =     0.0417,    12.1875                 
# span 6 = 0.0000e+00, 0.0000e+00                 
# interval = seconds: 0.25
# start_time = May 29 2025 12:56:37 [NMEA time, header]
# bad_flag = -9.990e-29
*END*
[from data line 821]
     88.136    10.7134   3.839562    34.5860        832     3.4625  0.000e+00
     88.221    10.7246   3.841299    34.5928        833     3.4667  0.000e+00
     88.297    10.7370   3.841548    34.5835        834     3.4708  0.000e+00
     88.366    10.7467   3.842548    34.5844        835     3.4750  0.000e+00
     88.435    10.7546   3.843706    34.5885        836     3.4792  0.000e+00
     88.504    10.7629   3.844508    34.5887        837     3.4833  0.000e+00
     88.578    10.7709   3.845008    34.5861        838     3.4875  0.000e+00
     88.656    10.7774   3.845028    34.5801        839     3.4917  0.000e+00
     88.745    10.7821   3.845054    34.5759        840     3.4958  0.000e+00
     88.828    10.7847   3.844824    34.5711        841     3.5000  0.000e+00
     88.916    10.7858   3.844528    34.5671        842     3.5042  0.000e+00
     89.003    10.7857   3.845870    34.5806        843     3.5083  0.000e+00
     89.092    10.7879   3.846305    34.5828        844     3.5125  0.000e+00
     89.175    10.7918   3.846969    34.5858        845     3.5167  0.000e+00
     89.255    10.7963   3.849102    34.6028        846     3.5208  0.000e+00
     89.334    10.8038   3.852018    34.6249        847     3.5250  0.000e+00
     89.403    10.8184   3.853915    34.6301        848     3.5292  0.000e+00
     89.474    10.8341   3.855449    34.6306        849     3.5333  0.000e+00
     89.543    10.8500   3.857959    34.6407        850     3.5375  0.000e+00
     89.620    10.8665   3.860127    34.6467        851     3.5417  0.000e+00
     89.695    10.8835   3.861135    34.6407        852     3.5458  0.000e+00
     89.792    10.8986   3.862736    34.6424        853     3.5500  0.000e+00
     89.910    10.9120   3.864819    34.6505        854     3.5542  0.000e+00
     90.042    10.9263   3.869218    34.6809        855     3.5583  0.000e+00
     90.182    10.9461   3.872556    34.6955        856     3.5625  0.000e+00
     90.335    10.9708   3.882248    34.7688        857     3.5667  0.000e+00
     90.496    11.0098   3.886529    34.7746        858     3.5708  0.000e+00
     90.662    11.0523   3.896334    34.8320        859     3.5750  0.000e+00
     90.831    11.1032   3.909665    34.9166        860     3.5792  0.000e+00
     90.993    11.1709   3.915403    34.9093        861     3.5833  0.000e+00
     91.149    11.2329   3.919851    34.8947        862     3.5875  0.000e+00
     91.297    11.2845   3.919499    34.8423        863     3.5917  0.000e+00
     91.436    11.3170   3.916522    34.7820        864     3.5958  0.000e+00
     91.557    11.3277   3.911637    34.7235        865     3.6000  0.000e+00
     91.662    11.3172   3.910246    34.7196        866     3.6042  0.000e+00
     91.751    11.2996   3.909955    34.7332        867     3.6083  0.000e+00
     91.830    11.2844   3.909849    34.7465        868     3.6125  0.000e+00
     91.901    11.2739   3.910386    34.7617        869     3.6167  0.000e+00
     91.966    11.2684   3.910823    34.7712        870     3.6208  0.000e+00
     92.020    11.2662   3.911883    34.7837        871     3.6250  0.000e+00
     92.073    11.2679   3.912566    34.7888        872     3.6292  0.000e+00
     92.113    11.2716   3.913871    34.7984        873     3.6333  0.000e+00
     92.143    11.2768   3.915197    34.8065        874     3.6375  0.000e+00
     92.179    11.2848   3.916078    34.8077        875     3.6417  0.000e+00
     92.203    11.2929   3.918100    34.8201        876     3.6458  0.000e+00
     92.228    11.3031   3.919777    34.8271        877     3.6500  0.000e+00
     92.265    11.3152   3.925256    34.8700        878     3.6542  0.000e+00
     92.304    11.3364   3.928362    34.8807        879     3.6583  0.000e+00
     92.368    11.3616   3.930891    34.8819        880     3.6625  0.000e+00
     92.456    11.3864   3.935187    34.9010        881     3.6667  0.000e+00
     92.561    11.4134   3.938880    34.9119        882     3.6708  0.000e+00
     92.691    11.4423   3.940594    34.9015        883     3.6750  0.000e+00
     92.844    11.4669   3.940474    34.8771        884     3.6792  0.000e+00
     93.005    11.4829   3.940693    34.8640        885     3.6833  0.000e+00
     93.184    11.4930   3.942069    34.8680        886     3.6875  0.000e+00
     93.363    11.5018   3.942588    34.8648        887     3.6917  0.000e+00
     93.548    11.5095   3.942448    34.8560        888     3.6958  0.000e+00
     93.729    11.5142   3.940760    34.8349        889     3.7000  0.000e+00
     93.908    11.5125   3.939564    34.8246        890     3.7042  0.000e+00
     94.067    11.5061   3.938813    34.8231        891     3.7083  0.000e+00
     94.225    11.4992   3.937053    34.8122        892     3.7125  0.000e+00
     94.366    11.4898   3.934834    34.7991        893     3.7167  0.000e+00
     94.503    11.4771   3.933732    34.8001        894     3.7208  0.000e+00
     94.621    11.4641   3.933287    34.8079        895     3.7250  0.000e+00
     94.719    11.4540   3.933048    34.8150        896     3.7292  0.000e+00
     94.807    11.4469   3.932936    34.8206        897     3.7333  0.000e+00
     94.885    11.4419   3.932843    34.8243        898     3.7375  0.000e+00
     94.950    11.4390   3.932962    34.8282        899     3.7417  0.000e+00
     95.008    11.4372   3.933009    34.8303        900     3.7458  0.000e+00
     95.058    11.4364   3.933122    34.8322        901     3.7500  0.000e+00
     95.111    11.4363   3.933407    34.8350        902     3.7542  0.000e+00
     95.163    11.4370   3.933666    34.8370        903     3.7583  0.000e+00
     95.221    11.4384   3.933899    34.8379        904     3.7625  0.000e+00
     95.280    11.4398   3.934012    34.8376        905     3.7667  0.000e+00
     95.340    11.4413   3.934158    34.8377        906     3.7708  0.000e+00
     95.400    11.4427   3.934204    34.8368        907     3.7750  0.000e+00
     95.470    11.4435   3.934271    34.8366        908     3.7792  0.000e+00
     95.537    11.4444   3.933872    34.8318        909     3.7833  0.000e+00
     95.600    11.4441   3.933640    34.8297        910     3.7875  0.000e+00
     95.671    11.4426   3.933666    34.8314        911     3.7917  0.000e+00
     95.741    11.4417   3.934111    34.8366        912     3.7958  0.000e+00
     95.816    11.4422   3.934204    34.8370        913     3.8000  0.000e+00
     95.895    11.4429   3.934204    34.8363        914     3.8042  0.000e+00
     95.988    11.4437   3.934038    34.8339        915     3.8083  0.000e+00
     96.100    11.4439   3.933713    34.8305        916     3.8125  0.000e+00
     96.221    11.4430   3.934039    34.8345        917     3.8167  0.000e+00
     96.354    11.4426   3.933826    34.8327        918     3.8208  0.000e+00
     96.498    11.4422   3.934039    34.8351        919     3.8250  0.000e+00
     96.647    11.4424   3.933992    34.8344        920     3.8292  0.000e+00
     96.804    11.4426   3.933813    34.8324        921     3.8333  0.000e+00
     96.971    11.4420   3.933474    34.8295        922     3.8375  0.000e+00
     97.139    11.4402   3.930301    34.7997        923     3.8417  0.000e+00
     97.299    11.4320   3.929670    34.8012        924     3.8458  0.000e+00
     97.453    11.4213   3.927984    34.7946        925     3.8500  0.000e+00
     97.592    11.4103   3.926923    34.7944        926     3.8542  0.000e+00
     97.720    11.3993   3.923599    34.7717        927     3.8583  0.000e+00
     97.833    11.3821   3.918917    34.7416        928     3.8625  0.000e+00
     97.930    11.3563   3.915310    34.7301        929     3.8667  0.000e+00
     98.015    11.3277   3.912276    34.7269        930     3.8708  0.000e+00
     98.093    11.2981   3.909778    34.7301        931     3.8750  0.000e+00
     98.174    11.2705   3.908480    34.7432        932     3.8792  0.000e+00
     98.250    11.2476   3.907275    34.7528        933     3.8833  0.000e+00
     98.322    11.2296   3.907666    34.7736        934     3.8875  0.000e+00
     98.393    11.2181   3.906461    34.7725        935     3.8917  0.000e+00
     98.471    11.2090   3.906024    34.7766        936     3.8958  0.000e+00
     98.541    11.2015   3.905607    34.7796        937     3.9000  0.000e+00
     98.615    11.1952   3.905183    34.7813        938     3.9042  0.000e+00
     98.681    11.1901   3.906044    34.7947        939     3.9083  0.000e+00
     98.751    11.1886   3.905376    34.7894        940     3.9125  0.000e+00
     98.821    11.1872   3.904793    34.7849        941     3.9167  0.000e+00
     98.897    11.1841   3.904257    34.7824        942     3.9208  0.000e+00
     98.981    11.1803   3.903939    34.7828        943     3.9250  0.000e+00
     99.069    11.1763   3.903913    34.7863        944     3.9292  0.000e+00
     99.160    11.1737   3.903588    34.7855        945     3.9333  0.000e+00
     99.256    11.1713   3.903310    34.7850        946     3.9375  0.000e+00
     99.357    11.1687   3.903079    34.7851        947     3.9417  0.000e+00
     99.468    11.1665   3.902893    34.7853        948     3.9458  0.000e+00
     99.578    11.1640   3.901629    34.7750        949     3.9500  0.000e+00
     99.701    11.1593   3.901252    34.7756        950     3.9542  0.000e+00
     99.822    11.1539   3.900882    34.7770        951     3.9583  0.000e+00
     99.954    11.1493   3.900392    34.7765        952     3.9625  0.000e+00
    100.086    11.1447   3.900419    34.7809        953     3.9667  0.000e+00
    100.220    11.1415   3.900975    34.7895        954     3.9708  0.000e+00
    100.356    11.1409   3.900882    34.7890        955     3.9750  0.000e+00
    100.493    11.1410   3.900048    34.7806        956     3.9792  0.000e+00
    100.641    11.1387   3.899764    34.7799        957     3.9833  0.000e+00
    100.735    11.1355   3.899400    34.7792        958     3.9875  0.000e+00
    100.800    11.1326   3.899400    34.7819        959     3.9917  0.000e+00
    100.799    11.1306   3.898718    34.7771        960     3.9958  0.000e+00
    100.731    11.1277   3.898176    34.7744        961     4.0000  0.000e+00
    100.653    11.1237   3.897964    34.7762        962     4.0042  0.000e+00
    100.584    11.1198   3.897130    34.7716        963     4.0083  0.000e+00
    100.512    11.1159   3.897627    34.7803        964     4.0125  0.000e+00
    100.428    11.1140   3.897296    34.7788        965     4.0167  0.000e+00
    100.327    11.1134   3.899837    34.8047        966     4.0208  0.000e+00
    100.211    11.1186   3.899466    34.7962        967     4.0250  0.000e+00
    100.097    11.1237   3.899784    34.7945        968     4.0292  0.000e+00
     99.982    11.1265   3.898586    34.7800        969     4.0333  0.000e+00
     99.871    11.1266   3.899168    34.7858        970     4.0375  0.000e+00
     99.772    11.1262   3.897964    34.7742        971     4.0417  0.000e+00
     99.672    11.1243   3.895284    34.7494        972     4.0458  0.000e+00
     99.573    11.1146   3.894702    34.7528        973     4.0500  0.000e+00
     99.491    11.1041   3.894749    34.7632        974     4.0542  0.000e+00
     99.421    11.0972   3.895437    34.7766        975     4.0583  0.000e+00
     99.370    11.0946   3.896092    34.7856        976     4.0625  0.000e+00
     99.334    11.0956   3.896250    34.7863        977     4.0667  0.000e+00
     99.294    11.0976   3.897038    34.7922        978     4.0708  0.000e+00
     99.263    11.1009   3.898500    34.8037        979     4.0750  0.000e+00
     99.241    11.1080   3.900928    34.8211        980     4.0792  0.000e+00
     99.227    11.1200   3.902153    34.8220        981     4.0833  0.000e+00
     99.210    11.1327   3.902828    34.8167        982     4.0875  0.000e+00
     99.185    11.1439   3.905191    34.8296        983     4.0917  0.000e+00
     99.154    11.1573   3.908926    34.8541        984     4.0958  0.000e+00
     99.103    11.1767   3.911781    34.8642        985     4.1000  0.000e+00
     99.040    11.2007   3.915227    34.8757        986     4.1042  0.000e+00
     98.967    11.2287   3.928246    34.9786        987     4.1083  0.000e+00
     98.862    11.2822   3.933059    34.9757        988     4.1125  0.000e+00
     98.748    11.3395   3.931564    34.9066        989     4.1167  0.000e+00
     98.623    11.3761   3.930302    34.8595        990     4.1208  0.000e+00
     98.487    11.3914   3.931092    34.8530        991     4.1250  0.000e+00
     98.349    11.4016   3.928058    34.8134        992     4.1292  0.000e+00
     98.200    11.4020   3.934086    34.8727        993     4.1333  0.000e+00
     98.044    11.4125   3.935116    34.8731        994     4.1375  0.000e+00
     97.895    11.4270   3.935886    34.8671        995     4.1417  0.000e+00
     97.741    11.4395   3.935753    34.8540        996     4.1458  0.000e+00
     97.595    11.4474   3.936191    34.8510        997     4.1500  0.000e+00
     97.455    11.4530   3.936423    34.8481        998     4.1542  0.000e+00
     97.323    11.4574   3.937174    34.8514        999     4.1583  0.000e+00
     97.189    11.4613   3.937340    34.8494       1000     4.1625  0.000e+00
     97.062    11.4651   3.937891    34.8513       1001     4.1667  0.000e+00
     96.922    11.4691   3.938183    34.8505       1002     4.1708  0.000e+00
     96.788    11.4725   3.937758    34.8431       1003     4.1750  0.000e+00
     96.645    11.4743   3.939519    34.8589       1004     4.1792  0.000e+00
     96.496    11.4784   3.939073    34.8507       1005     4.1833  0.000e+00
     96.337    11.4822   3.937844    34.8351       1006     4.1875  0.000e+00
     96.181    11.4814   3.937127    34.8288       1007     4.1917  0.000e+00
     96.029    11.4781   3.936615    34.8270       1008     4.1958  0.000e+00
     95.880    11.4735   3.935652    34.8218       1009     4.2000  0.000e+00
     95.737    11.4684   3.935679    34.8269       1010     4.2042  0.000e+00
     95.602    11.4642   3.935300    34.8272       1011     4.2083  0.000e+00
     95.477    11.4605   3.935041    34.8282       1012     4.2125  0.000e+00
     95.348    11.4577   3.934158    34.8222       1013     4.2167  0.000e+00
     95.230    11.4533   3.934363    34.8284       1014     4.2208  0.000e+00
     95.109    11.4505   3.934622    34.8337       1015     4.2250  0.000e+00
     94.978    11.4495   3.933806    34.8266       1016     4.2292  0.000e+00
     94.851    11.4475   3.932730    34.8179       1017     4.2333  0.000e+00
     94.712    11.4431   3.932165    34.8165       1018     4.2375  0.000e+00
     94.562    11.4392   3.939472    34.8925       1019     4.2417  0.000e+00
     94.406    11.4502   3.941087    34.8982       1020     4.2458  0.000e+00
     94.249    11.4707   3.941252    34.8805       1021     4.2500  0.000e+00
     94.083    11.4863   3.941731    34.8706       1022     4.2542  0.000e+00
     93.922    11.4971   3.944296    34.8858       1023     4.2583  0.000e+00
     93.765    11.5088   3.945426    34.8860       1024     4.2625  0.000e+00
     93.615    11.5210   3.946178    34.8820       1025     4.2667  0.000e+00
     93.484    11.5328   3.944602    34.8553       1026     4.2708  0.000e+00
     93.361    11.5374   3.931606    34.7229       1027     4.2750  0.000e+00
     93.255    11.5084   3.926011    34.6951       1028     4.2792  0.000e+00
     93.150    11.4663   3.925606    34.7306       1029     4.2833  0.000e+00
     93.062    11.4314   3.924180    34.7494       1030     4.2875  0.000e+00
     92.971    11.4071   3.919962    34.7306       1031     4.2917  0.000e+00
     92.884    11.3841   3.916303    34.7160       1032     4.2958  0.000e+00
     92.788    11.3571   3.916144    34.7400       1033     4.3000  0.000e+00
     92.687    11.3353   3.914354    34.7428       1034     4.3042  0.000e+00
     92.578    11.3203   3.915289    34.7662       1035     4.3083  0.000e+00
