HB2503/sbe059.cnv
* Sea-Bird SBE 19plus V2 Data File:
* FileName = C:\cruise\data\sbe059.hex
* Software Version Seasave V 7.26.7.121
* Temperature SN = 6128
* Conductivity SN = 6128
* System UpLoad Time = Jun 02 2025 05:12:31
* NMEA Latitude = 40 01.75 N
* NMEA Longitude = 070 35.89 W
* NMEA UTC (Time) = Jun 02 2025  05:10:46
** Ship: Henry Bigelow
** Cruise:  HB2502
** Program:  Spring Bottom Trawl
# nquan = 7
# nvalues = 3821                                  
# units = specified
# name 0 = depSM: Depth [salt water, m]
# name 1 = tv290C: Temperature [ITS-90, deg C]
# name 2 = c0S/m: Conductivity [S/m]
# name 3 = sal00: Salinity, Practical [PSU]
# name 4 = scan: Scan Count
# name 5 = timeM: Time, Elapsed [minutes]
# name 6 = flag:  0.000e+00
# span 0 =     -0.024,    183.896                 
# span 1 =    10.6217,    13.6740                 
# span 2 =   0.008846,   4.192673                 
# span 3 =     0.0557,    35.5387                 
# span 4 =         11,       3831                 
# span 5 =     0.0417,    15.9583                 
# span 6 = 0.0000e+00, 0.0000e+00                 
# interval = seconds: 0.25
# start_time = Jun 02 2025 05:10:46 [NMEA time, header]
# bad_flag = -9.990e-29
*END*
[from data line 2667]
     94.380    12.6338   4.073436    35.0785       2678    11.1542  0.000e+00
     94.268    12.6306   4.073624    35.0834       2679    11.1583  0.000e+00
     94.150    12.6286   4.073186    35.0810       2680    11.1625  0.000e+00
     94.027    12.6269   4.072890    35.0798       2681    11.1667  0.000e+00
     93.902    12.6250   4.072156    35.0746       2682    11.1708  0.000e+00
     93.779    12.6222   4.071671    35.0726       2683    11.1750  0.000e+00
     93.652    12.6185   4.069549    35.0556       2684    11.1792  0.000e+00
     93.533    12.6117   4.068991    35.0567       2685    11.1833  0.000e+00
     93.424    12.6044   4.068748    35.0612       2686    11.1875  0.000e+00
     93.316    12.5985   4.065389    35.0344       2687    11.1917  0.000e+00
     93.218    12.5881   4.058970    34.9823       2688    11.1958  0.000e+00
     93.118    12.5675   4.057995    34.9921       2689    11.2000  0.000e+00
     93.022    12.5469   4.058896    35.0200       2690    11.2042  0.000e+00
     92.930    12.5349   4.057437    35.0172       2691    11.2083  0.000e+00
     92.845    12.5260   4.057417    35.0253       2692    11.2125  0.000e+00
     92.768    12.5197   4.057928    35.0362       2693    11.2167  0.000e+00
     92.705    12.5175   4.060935    35.0673       2694    11.2208  0.000e+00
     92.646    12.5227   4.062711    35.0795       2695    11.2250  0.000e+00
     92.611    12.5337   4.062758    35.0697       2696    11.2292  0.000e+00
     92.588    12.5426   4.062348    35.0575       2697    11.2333  0.000e+00
     92.576    12.5474   4.063115    35.0604       2698    11.2375  0.000e+00
     92.576    12.5512   4.063269    35.0584       2699    11.2417  0.000e+00
     92.589    12.5547   4.063444    35.0568       2700    11.2458  0.000e+00
     92.611    12.5573   4.063343    35.0534       2701    11.2500  0.000e+00
     92.623    12.5589   4.063390    35.0524       2702    11.2542  0.000e+00
     92.624    12.5598   4.063370    35.0513       2703    11.2583  0.000e+00
     92.614    12.5604   4.063538    35.0524       2704    11.2625  0.000e+00
     92.587    12.5610   4.063249    35.0490       2705    11.2667  0.000e+00
     92.533    12.5610   4.063343    35.0499       2706    11.2708  0.000e+00
     92.453    12.5607   4.063222    35.0491       2707    11.2750  0.000e+00
     92.347    12.5606   4.063390    35.0509       2708    11.2792  0.000e+00
     92.221    12.5610   4.063269    35.0494       2709    11.2833  0.000e+00
     92.064    12.5610   4.063464    35.0513       2710    11.2875  0.000e+00
     91.889    12.5610   4.063949    35.0560       2711    11.2917  0.000e+00
     91.699    12.5627   4.065409    35.0686       2712    11.2958  0.000e+00
     91.500    12.5674   4.066728    35.0771       2713    11.3000  0.000e+00
     91.295    12.5754   4.065240    35.0553       2714    11.3042  0.000e+00
     91.104    12.5789   4.062441    35.0252       2715    11.3083  0.000e+00
     90.932    12.5741   4.061741    35.0230       2716    11.3125  0.000e+00
     90.789    12.5681   4.066358    35.0732       2717    11.3167  0.000e+00
     90.674    12.5766   4.067987    35.0810       2718    11.3208  0.000e+00
     90.595    12.5923   4.069279    35.0788       2719    11.3250  0.000e+00
     90.553    12.6082   4.068767    35.0591       2720    11.3292  0.000e+00
     90.545    12.6189   4.068013    35.0419       2721    11.3333  0.000e+00
     90.565    12.6220   4.068329    35.0420       2722    11.3375  0.000e+00
     90.603    12.6236   4.069063    35.0476       2723    11.3417  0.000e+00
     90.653    12.6267   4.069137    35.0454       2724    11.3458  0.000e+00
     90.700    12.6296   4.069036    35.0417       2725    11.3500  0.000e+00
     90.735    12.6312   4.068134    35.0315       2726    11.3542  0.000e+00
     90.764    12.6293   4.067710    35.0292       2727    11.3583  0.000e+00
     90.771    12.6254   4.065973    35.0161       2728    11.3625  0.000e+00
     90.753    12.6188   4.066943    35.0316       2729    11.3667  0.000e+00
     90.713    12.6137   4.068114    35.0476       2730    11.3708  0.000e+00
     90.648    12.6156   4.069016    35.0546       2731    11.3750  0.000e+00
     90.553    12.6221   4.070477    35.0626       2732    11.3792  0.000e+00
     90.428    12.6304   4.071131    35.0612       2733    11.3833  0.000e+00
     90.288    12.6391   4.072033    35.0618       2734    11.3875  0.000e+00
     90.129    12.6480   4.071110    35.0447       2735    11.3917  0.000e+00
     89.952    12.6531   4.072895    35.0573       2736    11.3958  0.000e+00
     89.780    12.6600   4.074404    35.0655       2737    11.4000  0.000e+00
     89.605    12.6703   4.074740    35.0592       2738    11.4042  0.000e+00
     89.438    12.6799   4.074154    35.0446       2739    11.4083  0.000e+00
     89.299    12.6846   4.073716    35.0361       2740    11.4125  0.000e+00
     89.183    12.6854   4.073716    35.0354       2741    11.4167  0.000e+00
     89.094    12.6849   4.073837    35.0371       2742    11.4208  0.000e+00
     89.043    12.6851   4.074275    35.0411       2743    11.4250  0.000e+00
     89.017    12.6864   4.074571    35.0428       2744    11.4292  0.000e+00
     89.013    12.6890   4.074915    35.0437       2745    11.4333  0.000e+00
     89.025    12.6917   4.074915    35.0412       2746    11.4375  0.000e+00
     89.047    12.6936   4.074666    35.0370       2747    11.4417  0.000e+00
     89.081    12.6940   4.074618    35.0362       2748    11.4458  0.000e+00
     89.105    12.6936   4.074693    35.0372       2749    11.4500  0.000e+00
     89.120    12.6937   4.074645    35.0367       2750    11.4542  0.000e+00
     89.125    12.6935   4.074693    35.0373       2751    11.4583  0.000e+00
     89.105    12.6932   4.074807    35.0387       2752    11.4625  0.000e+00
     89.053    12.6936   4.074962    35.0399       2753    11.4667  0.000e+00
     88.975    12.6948   4.075110    35.0402       2754    11.4708  0.000e+00
     88.863    12.6960   4.075178    35.0397       2755    11.4750  0.000e+00
     88.720    12.6978   4.074275    35.0294       2756    11.4792  0.000e+00
     88.561    12.6982   4.074032    35.0268       2757    11.4833  0.000e+00
     88.385    12.6975   4.074153    35.0287       2758    11.4875  0.000e+00
     88.198    12.6965   4.074598    35.0340       2759    11.4917  0.000e+00
     88.021    12.6973   4.074551    35.0329       2760    11.4958  0.000e+00
     87.849    12.6990   4.074348    35.0294       2761    11.5000  0.000e+00
     87.695    12.6993   4.075110    35.0366       2762    11.5042  0.000e+00
     87.564    12.7010   4.075790    35.0415       2763    11.5083  0.000e+00
     87.450    12.7045   4.075985    35.0402       2764    11.5125  0.000e+00
     87.363    12.7075   4.075938    35.0370       2765    11.5167  0.000e+00
     87.288    12.7096   4.076086    35.0365       2766    11.5208  0.000e+00
     87.227    12.7112   4.076086    35.0351       2767    11.5250  0.000e+00
     87.174    12.7126   4.076342    35.0363       2768    11.5292  0.000e+00
     87.140    12.7141   4.076666    35.0379       2769    11.5333  0.000e+00
     87.102    12.7157   4.076544    35.0353       2770    11.5375  0.000e+00
     87.062    12.7170   4.076450    35.0333       2771    11.5417  0.000e+00
     87.033    12.7170   4.075891    35.0279       2772    11.5458  0.000e+00
     86.999    12.7154   4.075743    35.0279       2773    11.5500  0.000e+00
     86.963    12.7138   4.075500    35.0271       2774    11.5542  0.000e+00
     86.929    12.7119   4.076457    35.0381       2775    11.5583  0.000e+00
     86.890    12.7130   4.078135    35.0532       2776    11.5625  0.000e+00
     86.854    12.7195   4.078573    35.0513       2777    11.5667  0.000e+00
     86.820    12.7261   4.078525    35.0448       2778    11.5708  0.000e+00
     86.787    12.7305   4.077892    35.0346       2779    11.5750  0.000e+00
     86.751    12.7318   4.078330    35.0376       2780    11.5792  0.000e+00
     86.711    12.7329   4.078525    35.0385       2781    11.5833  0.000e+00
     86.662    12.7342   4.078424    35.0364       2782    11.5875  0.000e+00
     86.599    12.7350   4.078343    35.0349       2783    11.5917  0.000e+00
     86.526    12.7355   4.078161    35.0327       2784    11.5958  0.000e+00
     86.445    12.7349   4.078208    35.0338       2785    11.6000  0.000e+00
     86.347    12.7347   4.077251    35.0247       2786    11.6042  0.000e+00
     86.235    12.7323   4.076281    35.0177       2787    11.6083  0.000e+00
     86.112    12.7271   4.076254    35.0224       2788    11.6125  0.000e+00
     85.972    12.7226   4.075863    35.0229       2789    11.6167  0.000e+00
     85.819    12.7190   4.075836    35.0260       2790    11.6208  0.000e+00
     85.660    12.7162   4.076106    35.0313       2791    11.6250  0.000e+00
     85.499    12.7153   4.076524    35.0362       2792    11.6292  0.000e+00
     85.324    12.7158   4.076598    35.0365       2793    11.6333  0.000e+00
     85.159    12.7172   4.076988    35.0390       2794    11.6375  0.000e+00
     84.996    12.7197   4.076692    35.0339       2795    11.6417  0.000e+00
     84.848    12.7204   4.076766    35.0340       2796    11.6458  0.000e+00
     84.712    12.7208   4.076665    35.0328       2797    11.6500  0.000e+00
     84.598    12.7210   4.076712    35.0331       2798    11.6542  0.000e+00
     84.505    12.7214   4.077520    35.0406       2799    11.6583  0.000e+00
     84.437    12.7225   4.076860    35.0332       2800    11.6625  0.000e+00
     84.382    12.7236   4.076280    35.0266       2801    11.6667  0.000e+00
     84.339    12.7220   4.077183    35.0368       2802    11.6708  0.000e+00
     84.312    12.7223   4.078086    35.0452       2803    11.6750  0.000e+00
     84.290    12.7251   4.078376    35.0454       2804    11.6792  0.000e+00
     84.268    12.7288   4.078302    35.0413       2805    11.6833  0.000e+00
     84.241    12.7318   4.078160    35.0371       2806    11.6875  0.000e+00
     84.211    12.7332   4.079650    35.0501       2807    11.6917  0.000e+00
     84.183    12.7362   4.082899    35.0785       2808    11.6958  0.000e+00
     84.137    12.7476   4.085664    35.0945       2809    11.7000  0.000e+00
     84.087    12.7654   4.084733    35.0690       2810    11.7042  0.000e+00
     84.034    12.7775   4.083216    35.0433       2811    11.7083  0.000e+00
     83.985    12.7798   4.083391    35.0428       2812    11.7125  0.000e+00
     83.932    12.7798   4.085630    35.0643       2813    11.7167  0.000e+00
     83.880    12.7851   4.085299    35.0562       2814    11.7208  0.000e+00
     83.831    12.7902   4.086176    35.0599       2815    11.7250  0.000e+00
     83.779    12.7945   4.086493    35.0590       2816    11.7292  0.000e+00
     83.726    12.7990   4.086695    35.0568       2817    11.7333  0.000e+00
     83.676    12.8021   4.086763    35.0546       2818    11.7375  0.000e+00
     83.618    12.8047   4.086398    35.0487       2819    11.7417  0.000e+00
     83.556    12.8056   4.087134    35.0549       2820    11.7458  0.000e+00
     83.483    12.8069   4.086958    35.0520       2821    11.7500  0.000e+00
     83.402    12.8085   4.085663    35.0381       2822    11.7542  0.000e+00
     83.308    12.8061   4.085420    35.0381       2823    11.7583  0.000e+00
     83.199    12.8029   4.085569    35.0426       2824    11.7625  0.000e+00
     83.071    12.8007   4.085784    35.0467       2825    11.7667  0.000e+00
     82.930    12.8002   4.087289    35.0616       2826    11.7708  0.000e+00
     82.774    12.8033   4.086371    35.0501       2827    11.7750  0.000e+00
     82.602    12.8053   4.087376    35.0579       2828    11.7792  0.000e+00
     82.421    12.8077   4.088064    35.0624       2829    11.7833  0.000e+00
     82.242    12.8116   4.087889    35.0571       2830    11.7875  0.000e+00
     82.065    12.8148   4.088212    35.0573       2831    11.7917  0.000e+00
     81.898    12.8171   4.087747    35.0508       2832    11.7958  0.000e+00
     81.743    12.8177   4.086863    35.0418       2833    11.8000  0.000e+00
     81.607    12.8155   4.087497    35.0501       2834    11.8042  0.000e+00
     81.484    12.8145   4.087821    35.0541       2835    11.8083  0.000e+00
     81.377    12.8155   4.087692    35.0520       2836    11.8125  0.000e+00
     81.298    12.8160   4.087375    35.0485       2837    11.8167  0.000e+00
     81.226    12.8158   4.087645    35.0513       2838    11.8208  0.000e+00
     81.180    12.8159   4.087848    35.0532       2839    11.8250  0.000e+00
     81.136    12.8164   4.087719    35.0516       2840    11.8292  0.000e+00
     81.099    12.8169   4.087571    35.0497       2841    11.8333  0.000e+00
     81.056    12.8167   4.087402    35.0482       2842    11.8375  0.000e+00
     81.021    12.8162   4.088819    35.0623       2843    11.8417  0.000e+00
     80.968    12.8187   4.094387    35.1134       2844    11.8458  0.000e+00
     80.912    12.8341   4.087564    35.0337       2845    11.8500  0.000e+00
     80.855    12.8346   4.086815    35.0261       2846    11.8542  0.000e+00
     80.784    12.8251   4.085689    35.0242       2847    11.8583  0.000e+00
     80.707    12.8161   4.089264    35.0668       2848    11.8625  0.000e+00
     80.628    12.8168   4.092281    35.0951       2849    11.8667  0.000e+00
     80.545    12.8301   4.096452    35.1228       2850    11.8708  0.000e+00
     80.450    12.8510   4.096742    35.1062       2851    11.8750  0.000e+00
     80.360    12.8677   4.092570    35.0507       2852    11.8792  0.000e+00
     80.272    12.8701   4.088798    35.0125       2853    11.8833  0.000e+00
     80.177    12.8570   4.088724    35.0239       2854    11.8875  0.000e+00
     80.087    12.8445   4.088528    35.0337       2855    11.8917  0.000e+00
     79.997    12.8363   4.088407    35.0401       2856    11.8958  0.000e+00
     79.916    12.8309   4.088751    35.0485       2857    11.9000  0.000e+00
     79.843    12.8284   4.088569    35.0491       2858    11.9042  0.000e+00
     79.763    12.8269   4.088697    35.0517       2859    11.9083  0.000e+00
     79.695    12.8261   4.088947    35.0549       2860    11.9125  0.000e+00
     79.629    12.8264   4.088481    35.0502       2861    11.9167  0.000e+00
     79.564    12.8259   4.088575    35.0516       2862    11.9208  0.000e+00
     79.502    12.8253   4.088157    35.0482       2863    11.9250  0.000e+00
     79.435    12.8242   4.088245    35.0501       2864    11.9292  0.000e+00
     79.364    12.8230   4.088353    35.0523       2865    11.9333  0.000e+00
     79.285    12.8226   4.089952    35.0679       2866    11.9375  0.000e+00
     79.208    12.8267   4.091713    35.0811       2867    11.9417  0.000e+00
     79.116    12.8346   4.092691    35.0831       2868    11.9458  0.000e+00
     79.018    12.8430   4.091861    35.0674       2869    11.9500  0.000e+00
     78.901    12.8482   4.090417    35.0488       2870    11.9542  0.000e+00
     78.769    12.8472   4.091213    35.0574       2871    11.9583  0.000e+00
     78.628    12.8465   4.091442    35.0604       2872    11.9625  0.000e+00
     78.469    12.8478   4.094655    35.0899       2873    11.9667  0.000e+00
     78.300    12.8556   4.093480    35.0715       2874    11.9708  0.000e+00
     78.129    12.8615   4.093433    35.0657       2875    11.9750  0.000e+00
     77.945    12.8635   4.090288    35.0338       2876    11.9792  0.000e+00
     77.773    12.8579   4.091611    35.0517       2877    11.9833  0.000e+00
     77.603    12.8533   4.093899    35.0780       2878    11.9875  0.000e+00
     77.444    12.8582   4.099645    35.1285       2879    11.9917  0.000e+00
     77.301    12.8762   4.108753    35.1991       2880    11.9958  0.000e+00
     77.182    12.9153   4.109611    35.1709       2881    12.0000  0.000e+00
