HB2503/sbe065.cnv
* Sea-Bird SBE 19plus V2 Data File:
* FileName = C:\cruise\data\sbe065.hex
* Software Version Seasave V 7.26.7.121
* Temperature SN = 6128
* Conductivity SN = 6128
* System UpLoad Time = Jun 03 2025 04:49:23
* NMEA Latitude = 41 37.61 N
* NMEA Longitude = 069 40.03 W
* NMEA UTC (Time) = Jun 03 2025  04:47:38
** Ship: Henry Bigelow
** Cruise:  HB2502
** Program:  Spring Bottom Trawl
# nquan = 7
# nvalues = 1425                                  
# units = specified
# name 0 = depSM: Depth [salt water, m]
# name 1 = tv290C: Temperature [ITS-90, deg C]
# name 2 = c0S/m: Conductivity [S/m]
# name 3 = sal00: Salinity, Practical [PSU]
# name 4 = scan: Scan Count
# name 5 = timeM: Time, Elapsed [minutes]
# name 6 = flag:  0.000e+00
# span 0 =     -0.020,     52.529                 
# span 1 =     5.9162,    10.8287                 
# span 2 =   0.006147,   3.582410                 
# span 3 =     0.0412,    32.4062                 
# span 4 =         11,       1435                 
# span 5 =     0.0417,     5.9750                 
# span 6 = 0.0000e+00, 0.0000e+00                 
# interval = seconds: 0.25
# start_time = Jun 03 2025 04:47:38 [NMEA time, header]
# bad_flag = -9.990e-29
*END*
[from data line 411]
     48.286     6.0575   3.208867    32.3581        422     1.7542  0.000e+00
     48.398     6.0563   3.208806    32.3585        423     1.7583  0.000e+00
     48.520     6.0552   3.208745    32.3588        424     1.7625  0.000e+00
     48.645     6.0541   3.208561    32.3577        425     1.7667  0.000e+00
     48.773     6.0524   3.208420    32.3578        426     1.7708  0.000e+00
     48.911     6.0505   3.208359    32.3588        427     1.7750  0.000e+00
     49.052     6.0488   3.208439    32.3613        428     1.7792  0.000e+00
     49.195     6.0479   3.208176    32.3591        429     1.7833  0.000e+00
     49.345     6.0465   3.208212    32.3607        430     1.7875  0.000e+00
     49.504     6.0449   3.206914    32.3477        431     1.7917  0.000e+00
     49.658     6.0387   3.205635    32.3393        432     1.7958  0.000e+00
     49.818     6.0276   3.205065    32.3434        433     1.8000  0.000e+00
     49.981     6.0159   3.204796    32.3515        434     1.8042  0.000e+00
     50.137     6.0072   3.204778    32.3595        435     1.8083  0.000e+00
     50.294     6.0008   3.204252    32.3597        436     1.8125  0.000e+00
     50.447     5.9951   3.204191    32.3644        437     1.8167  0.000e+00
     50.591     5.9906   3.203781    32.3640        438     1.8208  0.000e+00
     50.732     5.9861   3.203517    32.3653        439     1.8250  0.000e+00
     50.868     5.9819   3.203034    32.3638        440     1.8292  0.000e+00
     51.000     5.9772   3.202973    32.3676        441     1.8333  0.000e+00
     51.128     5.9727   3.202887    32.3709        442     1.8375  0.000e+00
     51.255     5.9694   3.202202    32.3663        443     1.8417  0.000e+00
     51.372     5.9648   3.202080    32.3693        444     1.8458  0.000e+00
     51.493     5.9606   3.202037    32.3727        445     1.8500  0.000e+00
     51.607     5.9574   3.201994    32.3753        446     1.8542  0.000e+00
     51.723     5.9553   3.201755    32.3746        447     1.8583  0.000e+00
     51.837     5.9531   3.201853    32.3777        448     1.8625  0.000e+00
     51.951     5.9516   3.202068    32.3815        449     1.8667  0.000e+00
     52.057     5.9518   3.201933    32.3797        450     1.8708  0.000e+00
     52.169     5.9520   3.201958    32.3798        451     1.8750  0.000e+00
     52.279     5.9519   3.201958    32.3798        452     1.8792  0.000e+00
     52.393     5.9517   3.201933    32.3796        453     1.8833  0.000e+00
     52.484     5.9517   3.201958    32.3799        454     1.8875  0.000e+00
     52.529     5.9516   3.201652    32.3766        455     1.8917  0.000e+00
     52.527     5.9504   3.201389    32.3747        456     1.8958  0.000e+00
     52.448     5.9482   3.200899    32.3714        457     1.9000  0.000e+00
     52.390     5.9442   3.200654    32.3725        458     1.9042  0.000e+00
     52.361     5.9404   3.200477    32.3742        459     1.9083  0.000e+00
     52.352     5.9371   3.200373    32.3762        460     1.9125  0.000e+00
     52.341     5.9343   3.200312    32.3782        461     1.9167  0.000e+00
     52.337     5.9320   3.200251    32.3796        462     1.9208  0.000e+00
     52.330     5.9304   3.200171    32.3803        463     1.9250  0.000e+00
     52.328     5.9293   3.200128    32.3809        464     1.9292  0.000e+00
     52.335     5.9281   3.200128    32.3821        465     1.9333  0.000e+00
     52.351     5.9274   3.200128    32.3827        466     1.9375  0.000e+00
     52.367     5.9268   3.200049    32.3824        467     1.9417  0.000e+00
     52.389     5.9263   3.199988    32.3822        468     1.9458  0.000e+00
     52.403     5.9256   3.199945    32.3824        469     1.9500  0.000e+00
     52.423     5.9249   3.199847    32.3819        470     1.9542  0.000e+00
     52.436     5.9240   3.199988    32.3844        471     1.9583  0.000e+00
     52.443     5.9240   3.200153    32.3862        472     1.9625  0.000e+00
     52.434     5.9248   3.200092    32.3848        473     1.9667  0.000e+00
     52.423     5.9254   3.199969    32.3828        474     1.9708  0.000e+00
     52.398     5.9252   3.199786    32.3809        475     1.9750  0.000e+00
     52.373     5.9242   3.199602    32.3799        476     1.9792  0.000e+00
     52.340     5.9227   3.199461    32.3797        477     1.9833  0.000e+00
     52.295     5.9210   3.199461    32.3814        478     1.9875  0.000e+00
     52.232     5.9196   3.199865    32.3873        479     1.9917  0.000e+00
     52.169     5.9206   3.199743    32.3850        480     1.9958  0.000e+00
     52.085     5.9211   3.199296    32.3795        481     2.0000  0.000e+00
     52.006     5.9197   3.199198    32.3798        482     2.0042  0.000e+00
     51.913     5.9176   3.199156    32.3814        483     2.0083  0.000e+00
     51.819     5.9162   3.199584    32.3876        484     2.0125  0.000e+00
     51.722     5.9173   3.200514    32.3970        485     2.0167  0.000e+00
     51.630     5.9221   3.201450    32.4030        486     2.0208  0.000e+00
     51.537     5.9309   3.202484    32.4062        487     2.0250  0.000e+00
     51.461     5.9426   3.203175    32.4028        488     2.0292  0.000e+00
     51.390     5.9539   3.203224    32.3925        489     2.0333  0.000e+00
     51.318     5.9621   3.202404    32.3755        490     2.0375  0.000e+00
     51.259     5.9634   3.201933    32.3690        491     2.0417  0.000e+00
     51.199     5.9607   3.201792    32.3700        492     2.0458  0.000e+00
     51.141     5.9581   3.202526    32.3808        493     2.0500  0.000e+00
     51.079     5.9595   3.202563    32.3799        494     2.0542  0.000e+00
     51.018     5.9614   3.202563    32.3781        495     2.0583  0.000e+00
     50.953     5.9625   3.202710    32.3787        496     2.0625  0.000e+00
     50.883     5.9636   3.202563    32.3761        497     2.0667  0.000e+00
     50.807     5.9644   3.202281    32.3722        498     2.0708  0.000e+00
     50.729     5.9633   3.202502    32.3757        499     2.0750  0.000e+00
     50.648     5.9629   3.202667    32.3780        500     2.0792  0.000e+00
     50.566     5.9638   3.202318    32.3733        501     2.0833  0.000e+00
     50.483     5.9637   3.204111    32.3935        502     2.0875  0.000e+00
     50.397     5.9691   3.204007    32.3872        503     2.0917  0.000e+00
     50.312     5.9761   3.203762    32.3778        504     2.0958  0.000e+00
     50.224     5.9799   3.205189    32.3902        505     2.1000  0.000e+00
     50.124     5.9872   3.204858    32.3795        506     2.1042  0.000e+00
     50.036     5.9927   3.205347    32.3798        507     2.1083  0.000e+00
     49.945     5.9969   3.205225    32.3745        508     2.1125  0.000e+00
     49.851     5.9999   3.204858    32.3676        509     2.1167  0.000e+00
     49.764     6.0002   3.205041    32.3693        510     2.1208  0.000e+00
     49.670     6.0004   3.205286    32.3719        511     2.1250  0.000e+00
     49.585     6.0016   3.204821    32.3656        512     2.1292  0.000e+00
     49.490     6.0009   3.204472    32.3624        513     2.1333  0.000e+00
     49.404     5.9987   3.204576    32.3657        514     2.1375  0.000e+00
     49.315     5.9966   3.204557    32.3676        515     2.1417  0.000e+00
     49.230     5.9956   3.204778    32.3710        516     2.1458  0.000e+00
     49.143     5.9959   3.205488    32.3788        517     2.1500  0.000e+00
     49.045     5.9998   3.207178    32.3940        518     2.1542  0.000e+00
     48.942     6.0098   3.206835    32.3807        519     2.1583  0.000e+00
     48.837     6.0178   3.207239    32.3775        520     2.1625  0.000e+00
     48.734     6.0243   3.208317    32.3835        521     2.1667  0.000e+00
     48.631     6.0329   3.208421    32.3764        522     2.1708  0.000e+00
     48.529     6.0405   3.208647    32.3718        523     2.1750  0.000e+00
     48.429     6.0457   3.208702    32.3675        524     2.1792  0.000e+00
     48.330     6.0495   3.208641    32.3632        525     2.1833  0.000e+00
     48.225     6.0519   3.208726    32.3619        526     2.1875  0.000e+00
     48.135     6.0536   3.208788    32.3610        527     2.1917  0.000e+00
     48.050     6.0546   3.208745    32.3596        528     2.1958  0.000e+00
     47.965     6.0552   3.208904    32.3609        529     2.2000  0.000e+00
     47.895     6.0561   3.208904    32.3600        530     2.2042  0.000e+00
     47.823     6.0571   3.208928    32.3594        531     2.2083  0.000e+00
     47.754     6.0577   3.208806    32.3575        532     2.2125  0.000e+00
     47.693     6.0577   3.208787    32.3573        533     2.2167  0.000e+00
     47.621     6.0573   3.208745    32.3573        534     2.2208  0.000e+00
     47.554     6.0568   3.208726    32.3575        535     2.2250  0.000e+00
     47.481     6.0563   3.208763    32.3585        536     2.2292  0.000e+00
     47.405     6.0561   3.208745    32.3585        537     2.2333  0.000e+00
     47.329     6.0561   3.209069    32.3622        538     2.2375  0.000e+00
     47.250     6.0574   3.209418    32.3648        539     2.2417  0.000e+00
     47.180     6.0602   3.209516    32.3633        540     2.2458  0.000e+00
     47.091     6.0633   3.209620    32.3616        541     2.2500  0.000e+00
     47.004     6.0655   3.209639    32.3597        542     2.2542  0.000e+00
     46.920     6.0672   3.209681    32.3586        543     2.2583  0.000e+00
     46.832     6.0686   3.209681    32.3574        544     2.2625  0.000e+00
     46.747     6.0695   3.209700    32.3567        545     2.2667  0.000e+00
     46.644     6.0702   3.209718    32.3563        546     2.2708  0.000e+00
     46.550     6.0705   3.209700    32.3559        547     2.2750  0.000e+00
     46.452     6.0710   3.209657    32.3550        548     2.2792  0.000e+00
     46.358     6.0713   3.209700    32.3552        549     2.2833  0.000e+00
     46.264     6.0715   3.209761    32.3557        550     2.2875  0.000e+00
     46.164     6.0724   3.209926    32.3568        551     2.2917  0.000e+00
     46.063     6.0734   3.210067    32.3574        552     2.2958  0.000e+00
     45.963     6.0752   3.210128    32.3565        553     2.3000  0.000e+00
     45.866     6.0767   3.210189    32.3557        554     2.3042  0.000e+00
     45.772     6.0775   3.210232    32.3555        555     2.3083  0.000e+00
     45.676     6.0786   3.210251    32.3547        556     2.3125  0.000e+00
     45.576     6.0794   3.210293    32.3545        557     2.3167  0.000e+00
     45.473     6.0801   3.210410    32.3551        558     2.3208  0.000e+00
     45.376     6.0809   3.210410    32.3545        559     2.3250  0.000e+00
     45.283     6.0817   3.210495    32.3547        560     2.3292  0.000e+00
     45.189     6.0824   3.210759    32.3570        561     2.3333  0.000e+00
     45.097     6.0838   3.210698    32.3550        562     2.3375  0.000e+00
     45.008     6.0851   3.210838    32.3554        563     2.3417  0.000e+00
     44.922     6.0860   3.210881    32.3551        564     2.3458  0.000e+00
     44.842     6.0872   3.210893    32.3541        565     2.3500  0.000e+00
     44.757     6.0878   3.210863    32.3532        566     2.3542  0.000e+00
     44.681     6.0885   3.210863    32.3526        567     2.3583  0.000e+00
     44.608     6.0890   3.210942    32.3531        568     2.3625  0.000e+00
     44.534     6.0897   3.211163    32.3548        569     2.3667  0.000e+00
     44.466     6.0913   3.211347    32.3554        570     2.3708  0.000e+00
     44.401     6.0935   3.211512    32.3552        571     2.3750  0.000e+00
     44.336     6.0960   3.211714    32.3551        572     2.3792  0.000e+00
     44.269     6.0982   3.212002    32.3562        573     2.3833  0.000e+00
     44.213     6.1010   3.212223    32.3561        574     2.3875  0.000e+00
     44.142     6.1039   3.212345    32.3547        575     2.3917  0.000e+00
     44.079     6.1066   3.212388    32.3526        576     2.3958  0.000e+00
     44.010     6.1087   3.212492    32.3518        577     2.4000  0.000e+00
     43.942     6.1100   3.212517    32.3509        578     2.4042  0.000e+00
     43.875     6.1113   3.212615    32.3507        579     2.4083  0.000e+00
     43.804     6.1128   3.212755    32.3509        580     2.4125  0.000e+00
     43.719     6.1144   3.212976    32.3519        581     2.4167  0.000e+00
     43.631     6.1165   3.213037    32.3507        582     2.4208  0.000e+00
     43.536     6.1182   3.213098    32.3498        583     2.4250  0.000e+00
     43.436     6.1199   3.213184    32.3491        584     2.4292  0.000e+00
     43.336     6.1211   3.213221    32.3484        585     2.4333  0.000e+00
     43.219     6.1223   3.213307    32.3483        586     2.4375  0.000e+00
     43.097     6.1234   3.213386    32.3482        587     2.4417  0.000e+00
     42.965     6.1246   3.213552    32.3490        588     2.4458  0.000e+00
     42.829     6.1264   3.213815    32.3503        589     2.4500  0.000e+00
     42.694     6.1291   3.214146    32.3515        590     2.4542  0.000e+00
     42.561     6.1325   3.214305    32.3501        591     2.4583  0.000e+00
     42.432     6.1361   3.214691    32.3510        592     2.4625  0.000e+00
     42.306     6.1398   3.214795    32.3487        593     2.4667  0.000e+00
     42.181     6.1430   3.215016    32.3482        594     2.4708  0.000e+00
     42.053     6.1458   3.215224    32.3479        595     2.4750  0.000e+00
     41.935     6.1489   3.215365    32.3466        596     2.4792  0.000e+00
     41.825     6.1514   3.215384    32.3445        597     2.4833  0.000e+00
     41.718     6.1535   3.215549    32.3443        598     2.4875  0.000e+00
     41.604     6.1554   3.215770    32.3451        599     2.4917  0.000e+00
     41.514     6.1579   3.215917    32.3443        600     2.4958  0.000e+00
     41.416     6.1602   3.215966    32.3427        601     2.5000  0.000e+00
     41.327     6.1620   3.216162    32.3432        602     2.5042  0.000e+00
     41.249     6.1640   3.216284    32.3428        603     2.5083  0.000e+00
     41.162     6.1659   3.216284    32.3410        604     2.5125  0.000e+00
     41.063     6.1673   3.216223    32.3390        605     2.5167  0.000e+00
     40.965     6.1681   3.216303    32.3392        606     2.5208  0.000e+00
     40.886     6.1690   3.216407    32.3395        607     2.5250  0.000e+00
     40.795     6.1698   3.216487    32.3397        608     2.5292  0.000e+00
     40.702     6.1713   3.216529    32.3388        609     2.5333  0.000e+00
     40.613     6.1722   3.216548    32.3382        610     2.5375  0.000e+00
     40.517     6.1732   3.216566    32.3375        611     2.5417  0.000e+00
     40.422     6.1740   3.216566    32.3367        612     2.5458  0.000e+00
     40.329     6.1744   3.216584    32.3367        613     2.5500  0.000e+00
     40.230     6.1748   3.216609    32.3366        614     2.5542  0.000e+00
     40.136     6.1750   3.216609    32.3364        615     2.5583  0.000e+00
     40.027     6.1752   3.216566    32.3358        616     2.5625  0.000e+00
     39.922     6.1752   3.216689    32.3372        617     2.5667  0.000e+00
     39.822     6.1758   3.216774    32.3377        618     2.5708  0.000e+00
     39.714     6.1765   3.217013    32.3397        619     2.5750  0.000e+00
     39.616     6.1781   3.217160    32.3399        620     2.5792  0.000e+00
     39.508     6.1802   3.217197    32.3383        621     2.5833  0.000e+00
     39.401     6.1822   3.217442    32.3392        622     2.5875  0.000e+00
     39.296     6.1844   3.218055    32.3440        623     2.5917  0.000e+00
     39.195     6.1881   3.218117    32.3412        624     2.5958  0.000e+00
     39.097     6.1915   3.218282    32.3399        625     2.6000  0.000e+00
