HB2503/sbe069.cnv
* Sea-Bird SBE 19plus V2 Data File:
* FileName = C:\cruise\data\sbe069.hex
* Software Version Seasave V 7.26.7.121
* Temperature SN = 6128
* Conductivity SN = 6128
* System UpLoad Time = Jun 03 2025 15:01:12
* NMEA Latitude = 42 12.09 N
* NMEA Longitude = 068 52.92 W
* NMEA UTC (Time) = Jun 03 2025  14:59:28
** Ship: Henry Bigelow
** Cruise:  HB2502
** Program:  Spring Bottom Trawl
# nquan = 7
# nvalues = 4330                                  
# units = specified
# name 0 = depSM: Depth [salt water, m]
# name 1 = tv290C: Temperature [ITS-90, deg C]
# name 2 = c0S/m: Conductivity [S/m]
# name 3 = sal00: Salinity, Practical [PSU]
# name 4 = scan: Scan Count
# name 5 = timeM: Time, Elapsed [minutes]
# name 6 = flag:  0.000e+00
# span 0 =      0.076,    182.803                 
# span 1 =     4.6370,    18.4134                 
# span 2 =   0.007373,   4.217123                 
# span 3 =     0.0434,    34.5831                 
# span 4 =         11,       4340                 
# span 5 =     0.0417,    18.0792                 
# span 6 = 0.0000e+00, 0.0000e+00                 
# interval = seconds: 0.25
# start_time = Jun 03 2025 14:59:28 [NMEA time, header]
# bad_flag = -9.990e-29
*END*
[from data line 1231]
    168.117     6.2741   3.323887    33.3729       1242     5.1708  0.000e+00
    168.229     6.2777   3.323987    33.3704       1243     5.1750  0.000e+00
    168.354     6.2808   3.324310    33.3709       1244     5.1792  0.000e+00
    168.475     6.2834   3.324154    33.3665       1245     5.1833  0.000e+00
    168.599     6.2851   3.324198    33.3653       1246     5.1875  0.000e+00
    168.730     6.2859   3.323850    33.3606       1247     5.1917  0.000e+00
    168.872     6.2857   3.324005    33.3625       1248     5.1958  0.000e+00
    169.026     6.2854   3.323856    33.3610       1249     5.2000  0.000e+00
    169.178     6.2851   3.324167    33.3647       1250     5.2042  0.000e+00
    169.350     6.2854   3.324682    33.3700       1251     5.2083  0.000e+00
    169.520     6.2870   3.325111    33.3731       1252     5.2125  0.000e+00
    169.700     6.2893   3.325359    33.3736       1253     5.2167  0.000e+00
    169.891     6.2914   3.325682    33.3750       1254     5.2208  0.000e+00
    170.082     6.2937   3.326043    33.3767       1255     5.2250  0.000e+00
    170.281     6.2963   3.326204    33.3759       1256     5.2292  0.000e+00
    170.496     6.2984   3.326043    33.3719       1257     5.2333  0.000e+00
    170.703     6.2995   3.326142    33.3719       1258     5.2375  0.000e+00
    170.913     6.3004   3.326552    33.3754       1259     5.2417  0.000e+00
    171.122     6.3015   3.326782    33.3768       1260     5.2458  0.000e+00
    171.320     6.3032   3.327130    33.3789       1261     5.2500  0.000e+00
    171.515     6.3049   3.327869    33.3853       1262     5.2542  0.000e+00
    171.696     6.3078   3.329267    33.3980       1263     5.2583  0.000e+00
    171.875     6.3126   3.330460    33.4065       1264     5.2625  0.000e+00
    172.034     6.3198   3.330839    33.4035       1265     5.2667  0.000e+00
    172.184     6.3262   3.331585    33.4055       1266     5.2708  0.000e+00
    172.312     6.3318   3.332542    33.4107       1267     5.2750  0.000e+00
    172.431     6.3380   3.333008    33.4097       1268     5.2792  0.000e+00
    172.533     6.3434   3.333549    33.4104       1269     5.2833  0.000e+00
    172.623     6.3482   3.334090    33.4116       1270     5.2875  0.000e+00
    172.706     6.3527   3.334985    33.4171       1271     5.2917  0.000e+00
    172.777     6.3580   3.336944    33.4337       1272     5.2958  0.000e+00
    172.840     6.3655   3.338243    33.4407       1273     5.3000  0.000e+00
    172.907     6.3743   3.338567    33.4356       1274     5.3042  0.000e+00
    172.973     6.3817   3.338560    33.4283       1275     5.3083  0.000e+00
    173.054     6.3865   3.337945    33.4167       1276     5.3125  0.000e+00
    173.145     6.3883   3.337615    33.4113       1277     5.3167  0.000e+00
    173.253     6.3883   3.337559    33.4106       1278     5.3208  0.000e+00
    173.369     6.3878   3.337453    33.4098       1279     5.3250  0.000e+00
    173.510     6.3871   3.337454    33.4104       1280     5.3292  0.000e+00
    173.662     6.3867   3.337777    33.4144       1281     5.3333  0.000e+00
    173.819     6.3868   3.338119    33.4180       1282     5.3375  0.000e+00
    173.996     6.3878   3.338691    33.4233       1283     5.3417  0.000e+00
    174.183     6.3897   3.339183    33.4268       1284     5.3458  0.000e+00
    174.382     6.3923   3.339575    33.4285       1285     5.3500  0.000e+00
    174.586     6.3951   3.340228    33.4330       1286     5.3542  0.000e+00
    174.794     6.3982   3.340670    33.4347       1287     5.3583  0.000e+00
    175.002     6.4017   3.340931    33.4341       1288     5.3625  0.000e+00
    175.212     6.4044   3.341441    33.4370       1289     5.3667  0.000e+00
    175.420     6.4072   3.341622    33.4362       1290     5.3708  0.000e+00
    175.617     6.4096   3.342057    33.4385       1291     5.3750  0.000e+00
    175.807     6.4124   3.342294    33.4383       1292     5.3792  0.000e+00
    175.995     6.4148   3.342593    33.4392       1293     5.3833  0.000e+00
    176.174     6.4169   3.343296    33.4449       1294     5.3875  0.000e+00
    176.350     6.4198   3.343669    33.4461       1295     5.3917  0.000e+00
    176.517     6.4226   3.344192    33.4490       1296     5.3958  0.000e+00
    176.677     6.4259   3.344261    33.4465       1297     5.4000  0.000e+00
    176.833     6.4285   3.344578    33.4474       1298     5.4042  0.000e+00
    176.980     6.4308   3.344833    33.4480       1299     5.4083  0.000e+00
    177.124     6.4327   3.345089    33.4488       1300     5.4125  0.000e+00
    177.260     6.4346   3.345176    33.4478       1301     5.4167  0.000e+00
    177.394     6.4362   3.345294    33.4475       1302     5.4208  0.000e+00
    177.517     6.4372   3.345456    33.4483       1303     5.4250  0.000e+00
    177.636     6.4385   3.345537    33.4478       1304     5.4292  0.000e+00
    177.744     6.4395   3.345537    33.4468       1305     5.4333  0.000e+00
    177.844     6.4402   3.345605    33.4468       1306     5.4375  0.000e+00
    177.948     6.4406   3.345680    33.4472       1307     5.4417  0.000e+00
    178.037     6.4410   3.345774    33.4478       1308     5.4458  0.000e+00
    178.129     6.4416   3.345817    33.4477       1309     5.4500  0.000e+00
    178.219     6.4421   3.345904    33.4481       1310     5.4542  0.000e+00
    178.313     6.4424   3.345923    33.4480       1311     5.4583  0.000e+00
    178.411     6.4429   3.345960    33.4478       1312     5.4625  0.000e+00
    178.526     6.4433   3.345985    33.4477       1313     5.4667  0.000e+00
    178.653     6.4435   3.346004    33.4476       1314     5.4708  0.000e+00
    178.792     6.4439   3.346010    33.4473       1315     5.4750  0.000e+00
    178.947     6.4442   3.346098    33.4479       1316     5.4792  0.000e+00
    179.119     6.4443   3.346129    33.4480       1317     5.4833  0.000e+00
    179.292     6.4445   3.346160    33.4481       1318     5.4875  0.000e+00
    179.475     6.4450   3.346228    33.4483       1319     5.4917  0.000e+00
    179.672     6.4452   3.346247    33.4481       1320     5.4958  0.000e+00
    179.865     6.4454   3.346247    33.4479       1321     5.5000  0.000e+00
    180.070     6.4455   3.346210    33.4473       1322     5.5042  0.000e+00
    180.271     6.4456   3.346247    33.4475       1323     5.5083  0.000e+00
    180.481     6.4454   3.346291    33.4481       1324     5.5125  0.000e+00
    180.678     6.4455   3.346310    33.4481       1325     5.5167  0.000e+00
    180.878     6.4455   3.346328    33.4482       1326     5.5208  0.000e+00
    181.072     6.4457   3.346372    33.4484       1327     5.5250  0.000e+00
    181.263     6.4459   3.346434    33.4488       1328     5.5292  0.000e+00
    181.443     6.4460   3.346491    33.4493       1329     5.5333  0.000e+00
    181.627     6.4464   3.346522    33.4491       1330     5.5375  0.000e+00
    181.797     6.4466   3.346553    33.4491       1331     5.5417  0.000e+00
    181.965     6.4469   3.346590    33.4492       1332     5.5458  0.000e+00
    182.124     6.4471   3.346628    33.4493       1333     5.5500  0.000e+00
    182.276     6.4474   3.346696    33.4498       1334     5.5542  0.000e+00
    182.420     6.4475   3.346715    33.4498       1335     5.5583  0.000e+00
    182.559     6.4477   3.346734    33.4497       1336     5.5625  0.000e+00
    182.689     6.4480   3.346759    33.4496       1337     5.5667  0.000e+00
    182.799     6.4483   3.346802    33.4498       1338     5.5708  0.000e+00
    182.803     6.4484   3.346796    33.4496       1339     5.5750  0.000e+00
    182.772     6.4484   3.346846    33.4501       1340     5.5792  0.000e+00
    182.670     6.4484   3.346840    33.4502       1341     5.5833  0.000e+00
    182.583     6.4487   3.346821    33.4497       1342     5.5875  0.000e+00
    182.525     6.4487   3.346846    33.4500       1343     5.5917  0.000e+00
    182.472     6.4485   3.346839    33.4501       1344     5.5958  0.000e+00
    182.427     6.4486   3.346821    33.4499       1345     5.6000  0.000e+00
    182.372     6.4487   3.346634    33.4478       1346     5.6042  0.000e+00
    182.312     6.4484   3.346590    33.4476       1347     5.6083  0.000e+00
    182.267     6.4479   3.346460    33.4466       1348     5.6125  0.000e+00
    182.220     6.4473   3.346453    33.4472       1349     5.6167  0.000e+00
    182.174     6.4467   3.346565    33.4490       1350     5.6208  0.000e+00
    182.132     6.4466   3.346777    33.4515       1351     5.6250  0.000e+00
    182.096     6.4470   3.346696    33.4502       1352     5.6292  0.000e+00
    182.077     6.4475   3.346553    33.4482       1353     5.6333  0.000e+00
    182.057     6.4473   3.346503    33.4478       1354     5.6375  0.000e+00
    182.050     6.4471   3.346478    33.4477       1355     5.6417  0.000e+00
    182.062     6.4467   3.346509    33.4484       1356     5.6458  0.000e+00
    182.077     6.4466   3.346547    33.4490       1357     5.6500  0.000e+00
    182.085     6.4466   3.346534    33.4488       1358     5.6542  0.000e+00
    182.114     6.4467   3.346547    33.4488       1359     5.6583  0.000e+00
    182.146     6.4466   3.346565    33.4491       1360     5.6625  0.000e+00
    182.186     6.4466   3.346553    33.4489       1361     5.6667  0.000e+00
    182.210     6.4467   3.346547    33.4488       1362     5.6708  0.000e+00
    182.236     6.4466   3.346597    33.4494       1363     5.6750  0.000e+00
    182.236     6.4467   3.346609    33.4495       1364     5.6792  0.000e+00
    182.218     6.4469   3.346628    33.4495       1365     5.6833  0.000e+00
    182.192     6.4471   3.346615    33.4492       1366     5.6875  0.000e+00
    182.153     6.4471   3.346609    33.4491       1367     5.6917  0.000e+00
    182.094     6.4471   3.346615    33.4492       1368     5.6958  0.000e+00
    182.025     6.4470   3.346609    33.4492       1369     5.7000  0.000e+00
    181.945     6.4470   3.346509    33.4482       1370     5.7042  0.000e+00
    181.851     6.4468   3.346435    33.4476       1371     5.7083  0.000e+00
    181.751     6.4468   3.346435    33.4477       1372     5.7125  0.000e+00
    181.635     6.4463   3.346410    33.4479       1373     5.7167  0.000e+00
    181.517     6.4461   3.346354    33.4475       1374     5.7208  0.000e+00
    181.404     6.4459   3.346391    33.4482       1375     5.7250  0.000e+00
    181.290     6.4459   3.346434    33.4488       1376     5.7292  0.000e+00
    181.184     6.4460   3.346372    33.4481       1377     5.7333  0.000e+00
    181.072     6.4458   3.346310    33.4476       1378     5.7375  0.000e+00
    180.965     6.4456   3.346328    33.4481       1379     5.7417  0.000e+00
    180.865     6.4456   3.346347    33.4483       1380     5.7458  0.000e+00
    180.769     6.4455   3.346353    33.4486       1381     5.7500  0.000e+00
    180.678     6.4455   3.346353    33.4485       1382     5.7542  0.000e+00
    180.585     6.4455   3.346328    33.4484       1383     5.7583  0.000e+00
    180.494     6.4455   3.346285    33.4479       1384     5.7625  0.000e+00
    180.399     6.4456   3.346347    33.4486       1385     5.7667  0.000e+00
    180.308     6.4454   3.346415    33.4496       1386     5.7708  0.000e+00
    180.208     6.4458   3.346409    33.4491       1387     5.7750  0.000e+00
    180.112     6.4459   3.346397    33.4490       1388     5.7792  0.000e+00
    180.009     6.4459   3.346372    33.4487       1389     5.7833  0.000e+00
    179.909     6.4460   3.346347    33.4484       1390     5.7875  0.000e+00
    179.806     6.4460   3.346266    33.4476       1391     5.7917  0.000e+00
    179.701     6.4458   3.346266    33.4478       1392     5.7958  0.000e+00
    179.599     6.4456   3.346247    33.4478       1393     5.8000  0.000e+00
    179.499     6.4454   3.346328    33.4490       1394     5.8042  0.000e+00
    179.393     6.4455   3.346309    33.4487       1395     5.8083  0.000e+00
    179.297     6.4457   3.346396    33.4495       1396     5.8125  0.000e+00
    179.202     6.4460   3.346390    33.4492       1397     5.8167  0.000e+00
    179.108     6.4461   3.346371    33.4490       1398     5.8208  0.000e+00
    179.017     6.4461   3.346353    33.4488       1399     5.8250  0.000e+00
    178.934     6.4460   3.346328    33.4486       1400     5.8292  0.000e+00
    178.861     6.4462   3.346396    33.4493       1401     5.8333  0.000e+00
    178.788     6.4463   3.346409    33.4493       1402     5.8375  0.000e+00
    178.719     6.4463   3.346353    33.4487       1403     5.8417  0.000e+00
    178.659     6.4464   3.346353    33.4487       1404     5.8458  0.000e+00
    178.601     6.4463   3.346290    33.4481       1405     5.8500  0.000e+00
    178.552     6.4461   3.346328    33.4487       1406     5.8542  0.000e+00
    178.508     6.4460   3.346290    33.4484       1407     5.8583  0.000e+00
    178.468     6.4460   3.346353    33.4491       1408     5.8625  0.000e+00
    178.430     6.4460   3.346346    33.4491       1409     5.8667  0.000e+00
    178.388     6.4463   3.346415    33.4496       1410     5.8708  0.000e+00
    178.346     6.4464   3.346415    33.4496       1411     5.8750  0.000e+00
    178.306     6.4465   3.346409    33.4494       1412     5.8792  0.000e+00
    178.249     6.4466   3.346396    33.4491       1413     5.8833  0.000e+00
    178.184     6.4465   3.346452    33.4499       1414     5.8875  0.000e+00
    178.106     6.4467   3.346458    33.4498       1415     5.8917  0.000e+00
    178.011     6.4470   3.346458    33.4495       1416     5.8958  0.000e+00
    177.911     6.4469   3.346471    33.4498       1417     5.9000  0.000e+00
    177.788     6.4471   3.346433    33.4493       1418     5.9042  0.000e+00
    177.646     6.4471   3.346427    33.4493       1419     5.9083  0.000e+00
    177.499     6.4471   3.346415    33.4492       1420     5.9125  0.000e+00
    177.327     6.4470   3.346458    33.4499       1421     5.9167  0.000e+00
    177.156     6.4471   3.346452    33.4498       1422     5.9208  0.000e+00
    176.986     6.4472   3.346433    33.4496       1423     5.9250  0.000e+00
    176.817     6.4473   3.346452    33.4498       1424     5.9292  0.000e+00
    176.654     6.4473   3.346433    33.4497       1425     5.9333  0.000e+00
    176.505     6.4474   3.346371    33.4489       1426     5.9375  0.000e+00
    176.369     6.4472   3.346327    33.4487       1427     5.9417  0.000e+00
    176.246     6.4471   3.346308    33.4487       1428     5.9458  0.000e+00
    176.150     6.4470   3.346308    33.4488       1429     5.9500  0.000e+00
    176.068     6.4467   3.346308    33.4492       1430     5.9542  0.000e+00
    175.997     6.4467   3.346246    33.4485       1431     5.9583  0.000e+00
    175.941     6.4467   3.346283    33.4490       1432     5.9625  0.000e+00
    175.890     6.4465   3.346327    33.4497       1433     5.9667  0.000e+00
    175.855     6.4466   3.346308    33.4493       1434     5.9708  0.000e+00
    175.829     6.4467   3.346246    33.4486       1435     5.9750  0.000e+00
    175.819     6.4466   3.346265    33.4489       1436     5.9792  0.000e+00
    175.808     6.4465   3.346370    33.4501       1437     5.9833  0.000e+00
    175.802     6.4468   3.346265    33.4488       1438     5.9875  0.000e+00
    175.798     6.4468   3.346146    33.4474       1439     5.9917  0.000e+00
    175.785     6.4464   3.345947    33.4456       1440     5.9958  0.000e+00
    175.770     6.4456   3.346209    33.4492       1441     6.0000  0.000e+00
    175.750     6.4456   3.346246    33.4497       1442     6.0042  0.000e+00
    175.719     6.4458   3.346308    33.4502       1443     6.0083  0.000e+00
    175.670     6.4460   3.346408    33.4512       1444     6.0125  0.000e+00
    175.608     6.4465   3.346433    33.4509       1445     6.0167  0.000e+00
