HB2503/sbe057.cnv
* Sea-Bird SBE 19plus V2 Data File:
* FileName = C:\cruise\data\sbe057.hex
* Software Version Seasave V 7.26.7.121
* Temperature SN = 6128
* Conductivity SN = 6128
* System UpLoad Time = Jun 02 2025 00:38:42
* NMEA Latitude = 40 26.72 N
* NMEA Longitude = 070 14.74 W
* NMEA UTC (Time) = Jun 02 2025  00:36:56
** Ship: Henry Bigelow
** Cruise:  HB2502
** Program:  Spring Bottom Trawl
# nquan = 7
# nvalues = 1812                                  
# units = specified
# name 0 = depSM: Depth [salt water, m]
# name 1 = tv290C: Temperature [ITS-90, deg C]
# name 2 = c0S/m: Conductivity [S/m]
# name 3 = sal00: Salinity, Practical [PSU]
# name 4 = scan: Scan Count
# name 5 = timeM: Time, Elapsed [minutes]
# name 6 = flag:  0.000e+00
# span 0 =     -0.107,     66.918                 
# span 1 =     7.5545,    11.5281                 
# span 2 =   0.008789,   3.659348                 
# span 3 =     0.0571,    33.3139                 
# span 4 =         11,       1822                 
# span 5 =     0.0417,     7.5875                 
# span 6 = 0.0000e+00, 0.0000e+00                 
# interval = seconds: 0.25
# start_time = Jun 02 2025 00:36:56 [NMEA time, header]
# bad_flag = -9.990e-29
*END*
[from data line 411]
     39.073     7.5695   3.363470    32.6260        422     1.7542  0.000e+00
     39.155     7.5672   3.363477    32.6282        423     1.7583  0.000e+00
     39.247     7.5658   3.363452    32.6293        424     1.7625  0.000e+00
     39.360     7.5646   3.363477    32.6306        425     1.7667  0.000e+00
     39.493     7.5635   3.363626    32.6332        426     1.7708  0.000e+00
     39.636     7.5623   3.363801    32.6361        427     1.7750  0.000e+00
     39.790     7.5623   3.363932    32.6375        428     1.7792  0.000e+00
     39.962     7.5623   3.364001    32.6382        429     1.7833  0.000e+00
     40.134     7.5621   3.364082    32.6391        430     1.7875  0.000e+00
     40.323     7.5612   3.364450    32.6438        431     1.7917  0.000e+00
     40.512     7.5598   3.365367    32.6549        432     1.7958  0.000e+00
     40.694     7.5588   3.366578    32.6688        433     1.8000  0.000e+00
     40.881     7.5594   3.367564    32.6788        434     1.8042  0.000e+00
     41.056     7.5617   3.368806    32.6899        435     1.8083  0.000e+00
     41.221     7.5664   3.369805    32.6961        436     1.8125  0.000e+00
     41.373     7.5727   3.371247    32.7057        437     1.8167  0.000e+00
     41.501     7.5802   3.372733    32.7146        438     1.8208  0.000e+00
     41.615     7.5884   3.373595    32.7161        439     1.8250  0.000e+00
     41.714     7.5968   3.374519    32.7180        440     1.8292  0.000e+00
     41.808     7.6047   3.376662    32.7336        441     1.8333  0.000e+00
     41.896     7.6144   3.380180    32.7623        442     1.8375  0.000e+00
     41.986     7.6304   3.387364    32.8244        443     1.8417  0.000e+00
     42.073     7.6610   3.391494    32.8399        444     1.8458  0.000e+00
     42.168     7.6981   3.396282    32.8563        445     1.8500  0.000e+00
     42.264     7.7360   3.397866    32.8374        446     1.8542  0.000e+00
     42.366     7.7681   3.401380    32.8448        447     1.8583  0.000e+00
     42.473     7.7985   3.412847    32.9390        448     1.8625  0.000e+00
     42.595     7.8471   3.420699    32.9771        449     1.8667  0.000e+00
     42.720     7.9071   3.432474    33.0463        450     1.8708  0.000e+00
     42.846     7.9823   3.438216    33.0365        451     1.8750  0.000e+00
     42.984     8.0537   3.441652    33.0057        452     1.8792  0.000e+00
     43.112     8.1137   3.455554    33.0969        453     1.8833  0.000e+00
     43.243     8.1858   3.457105    33.0454        454     1.8875  0.000e+00
     43.371     8.2439   3.446857    32.8821        455     1.8917  0.000e+00
     43.493     8.2536   3.446806    32.8724        456     1.8958  0.000e+00
     43.605     8.2451   3.447317    32.8857        457     1.9000  0.000e+00
     43.714     8.2362   3.449314    32.9152        458     1.9042  0.000e+00
     43.822     8.2334   3.454885    32.9768        459     1.9083  0.000e+00
     43.926     8.2450   3.462043    33.0417        460     1.9125  0.000e+00
     44.032     8.2721   3.466517    33.0636        461     1.9167  0.000e+00
     44.140     8.3066   3.473678    33.1069        462     1.9208  0.000e+00
     44.254     8.3491   3.481888    33.1537        463     1.9250  0.000e+00
     44.379     8.4000   3.485670    33.1457        464     1.9292  0.000e+00
     44.502     8.4466   3.484398    33.0884        465     1.9333  0.000e+00
     44.638     8.4737   3.477784    32.9932        466     1.9375  0.000e+00
     44.776     8.4680   3.469331    32.9094        467     1.9417  0.000e+00
     44.917     8.4306   3.464887    32.8974        468     1.9458  0.000e+00
     45.062     8.3831   3.462452    32.9160        469     1.9500  0.000e+00
     45.214     8.3411   3.461298    32.9431        470     1.9542  0.000e+00
     45.362     8.3084   3.460857    32.9689        471     1.9583  0.000e+00
     45.517     8.2854   3.461078    32.9928        472     1.9625  0.000e+00
     45.676     8.2711   3.460965    33.0050        473     1.9667  0.000e+00
     45.824     8.2625   3.461299    33.0165        474     1.9708  0.000e+00
     45.980     8.2584   3.462170    33.0295        475     1.9750  0.000e+00
     46.135     8.2583   3.463413    33.0427        476     1.9792  0.000e+00
     46.287     8.2618   3.464700    33.0530        477     1.9833  0.000e+00
     46.430     8.2674   3.465717    33.0584        478     1.9875  0.000e+00
     46.574     8.2729   3.465906    33.0552        479     1.9917  0.000e+00
     46.711     8.2760   3.465994    33.0532        480     1.9958  0.000e+00
     46.836     8.2762   3.465275    33.0453        481     2.0000  0.000e+00
     46.941     8.2730   3.463060    33.0247        482     2.0042  0.000e+00
     47.043     8.2628   3.461785    33.0208        483     2.0083  0.000e+00
     47.126     8.2493   3.459489    33.0091        484     2.0125  0.000e+00
     47.197     8.2322   3.457988    33.0093        485     2.0167  0.000e+00
     47.261     8.2125   3.457219    33.0196        486     2.0208  0.000e+00
     47.312     8.1954   3.454767    33.0097        487     2.0250  0.000e+00
     47.358     8.1764   3.452429    33.0027        488     2.0292  0.000e+00
     47.405     8.1548   3.450015    32.9973        489     2.0333  0.000e+00
     47.455     8.1315   3.447804    32.9957        490     2.0375  0.000e+00
     47.508     8.1081   3.446526    33.0041        491     2.0417  0.000e+00
     47.569     8.0873   3.445286    33.0105        492     2.0458  0.000e+00
     47.644     8.0695   3.443378    33.0070        493     2.0500  0.000e+00
     47.730     8.0522   3.441704    33.0054        494     2.0542  0.000e+00
     47.834     8.0344   3.440042    33.0044        495     2.0583  0.000e+00
     47.955     8.0167   3.437614    32.9951        496     2.0625  0.000e+00
     48.092     7.9970   3.435997    32.9965        497     2.0667  0.000e+00
     48.248     7.9773   3.434683    33.0009        498     2.0708  0.000e+00
     48.414     7.9593   3.432362    32.9931        499     2.0750  0.000e+00
     48.592     7.9404   3.430627    32.9923        500     2.0792  0.000e+00
     48.769     7.9210   3.425455    32.9553        501     2.0833  0.000e+00
     48.950     7.8917   3.422239    32.9484        502     2.0875  0.000e+00
     49.122     7.8549   3.423037    32.9917        503     2.0917  0.000e+00
     49.289     7.8250   3.424828    33.0391        504     2.0958  0.000e+00
     49.443     7.8063   3.427461    33.0849        505     2.1000  0.000e+00
     49.582     7.7979   3.429667    33.1165        506     2.1042  0.000e+00
     49.700     7.7973   3.430560    33.1266        507     2.1083  0.000e+00
     49.796     7.7999   3.430673    33.1253        508     2.1125  0.000e+00
     49.877     7.8016   3.430711    33.1240        509     2.1167  0.000e+00
     49.949     7.8016   3.430673    33.1236        510     2.1208  0.000e+00
     50.012     7.7998   3.430755    33.1262        511     2.1250  0.000e+00
     50.074     7.7968   3.430862    33.1301        512     2.1292  0.000e+00
     50.137     7.7936   3.431025    33.1348        513     2.1333  0.000e+00
     50.203     7.7914   3.431466    33.1417        514     2.1375  0.000e+00
     50.270     7.7909   3.432346    33.1516        515     2.1417  0.000e+00
     50.341     7.7920   3.433453    33.1624        516     2.1458  0.000e+00
     50.423     7.7952   3.434918    33.1749        517     2.1500  0.000e+00
     50.506     7.8001   3.437585    33.1989        518     2.1542  0.000e+00
     50.598     7.8078   3.439020    33.2069        519     2.1583  0.000e+00
     50.694     7.8168   3.439750    33.2061        520     2.1625  0.000e+00
     50.797     7.8244   3.440983    33.2121        521     2.1667  0.000e+00
     50.909     7.8315   3.441493    33.2107        522     2.1708  0.000e+00
     51.027     7.8380   3.442437    33.2146        523     2.1750  0.000e+00
     51.147     7.8441   3.444408    33.2298        524     2.1792  0.000e+00
     51.267     7.8526   3.444849    33.2264        525     2.1833  0.000e+00
     51.395     7.8602   3.445088    33.2216        526     2.1875  0.000e+00
     51.530     7.8661   3.445812    33.2238        527     2.1917  0.000e+00
     51.663     7.8712   3.446593    33.2271        528     2.1958  0.000e+00
     51.801     7.8767   3.446700    33.2230        529     2.2000  0.000e+00
     51.940     7.8811   3.447809    33.2306        530     2.2042  0.000e+00
     52.072     7.8867   3.448527    33.2330        531     2.2083  0.000e+00
     52.190     7.8924   3.448426    33.2263        532     2.2125  0.000e+00
     52.296     7.8969   3.449302    33.2314        533     2.2167  0.000e+00
     52.398     7.9014   3.449888    33.2334        534     2.2208  0.000e+00
     52.485     7.9060   3.450530    33.2358        535     2.2250  0.000e+00
     52.573     7.9105   3.451066    33.2372        536     2.2292  0.000e+00
     52.655     7.9150   3.451696    33.2396        537     2.2333  0.000e+00
     52.730     7.9193   3.451967    33.2384        538     2.2375  0.000e+00
     52.806     7.9229   3.452181    33.2372        539     2.2417  0.000e+00
     52.897     7.9259   3.452288    33.2355        540     2.2458  0.000e+00
     52.989     7.9276   3.452276    33.2337        541     2.2500  0.000e+00
     53.097     7.9288   3.452351    33.2333        542     2.2542  0.000e+00
     53.211     7.9290   3.452351    33.2330        543     2.2583  0.000e+00
     53.335     7.9290   3.452477    33.2344        544     2.2625  0.000e+00
     53.467     7.9289   3.452686    33.2366        545     2.2667  0.000e+00
     53.603     7.9289   3.452919    33.2391        546     2.2708  0.000e+00
     53.746     7.9296   3.453139    33.2406        547     2.2750  0.000e+00
     53.888     7.9307   3.453486    33.2432        548     2.2792  0.000e+00
     54.038     7.9320   3.454123    33.2487        549     2.2833  0.000e+00
     54.179     7.9343   3.454785    33.2535        550     2.2875  0.000e+00
     54.326     7.9372   3.455447    33.2579        551     2.2917  0.000e+00
     54.463     7.9408   3.455869    33.2589        552     2.2958  0.000e+00
     54.588     7.9445   3.456203    33.2588        553     2.3000  0.000e+00
     54.703     7.9479   3.456563    33.2594        554     2.3042  0.000e+00
     54.805     7.9510   3.457300    33.2643        555     2.3083  0.000e+00
     54.888     7.9546   3.457244    33.2602        556     2.3125  0.000e+00
     54.958     7.9575   3.457660    33.2619        557     2.3167  0.000e+00
     55.025     7.9597   3.458101    33.2644        558     2.3208  0.000e+00
     55.090     7.9627   3.458776    33.2688        559     2.3250  0.000e+00
     55.155     7.9659   3.459054    33.2686        560     2.3292  0.000e+00
     55.225     7.9690   3.459262    33.2679        561     2.3333  0.000e+00
     55.310     7.9719   3.459495    33.2676        562     2.3375  0.000e+00
     55.414     7.9740   3.459842    33.2692        563     2.3417  0.000e+00
     55.519     7.9762   3.460567    33.2749        564     2.3458  0.000e+00
     55.640     7.9794   3.460990    33.2763        565     2.3500  0.000e+00
     55.768     7.9826   3.461507    33.2787        566     2.3542  0.000e+00
     55.902     7.9861   3.462069    33.2813        567     2.3583  0.000e+00
     56.037     7.9900   3.462403    33.2811        568     2.3625  0.000e+00
     56.174     7.9937   3.462662    33.2803        569     2.3667  0.000e+00
     56.306     7.9970   3.462997    33.2807        570     2.3708  0.000e+00
     56.427     7.9996   3.463634    33.2850        571     2.3750  0.000e+00
     56.548     8.0028   3.463842    33.2841        572     2.3792  0.000e+00
     56.656     8.0051   3.464031    33.2838        573     2.3833  0.000e+00
     56.760     8.0074   3.464158    33.2830        574     2.3875  0.000e+00
     56.859     8.0091   3.464265    33.2824        575     2.3917  0.000e+00
     56.969     8.0102   3.464353    33.2822        576     2.3958  0.000e+00
     57.075     8.0112   3.464410    33.2819        577     2.4000  0.000e+00
     57.194     8.0120   3.464410    33.2810        578     2.4042  0.000e+00
     57.315     8.0125   3.464467    33.2812        579     2.4083  0.000e+00
     57.443     8.0128   3.464518    33.2813        580     2.4125  0.000e+00
     57.587     8.0132   3.464606    33.2818        581     2.4167  0.000e+00
     57.720     8.0133   3.464644    33.2821        582     2.4208  0.000e+00
     57.859     8.0139   3.464770    33.2828        583     2.4250  0.000e+00
     57.999     8.0142   3.464751    33.2822        584     2.4292  0.000e+00
     58.133     8.0147   3.464859    33.2828        585     2.4333  0.000e+00
     58.263     8.0152   3.465023    33.2840        586     2.4375  0.000e+00
     58.386     8.0158   3.465029    33.2835        587     2.4417  0.000e+00
     58.497     8.0164   3.465048    33.2830        588     2.4458  0.000e+00
     58.609     8.0168   3.465023    33.2824        589     2.4500  0.000e+00
     58.718     8.0170   3.465048    33.2824        590     2.4542  0.000e+00
     58.816     8.0171   3.465256    33.2844        591     2.4583  0.000e+00
     58.914     8.0177   3.465219    33.2835        592     2.4625  0.000e+00
     59.013     8.0181   3.465320    33.2841        593     2.4667  0.000e+00
     59.111     8.0184   3.465320    33.2837        594     2.4708  0.000e+00
     59.207     8.0189   3.465383    33.2839        595     2.4750  0.000e+00
     59.303     8.0193   3.465377    33.2834        596     2.4792  0.000e+00
     59.397     8.0193   3.465408    33.2838        597     2.4833  0.000e+00
     59.498     8.0195   3.465383    33.2832        598     2.4875  0.000e+00
     59.607     8.0196   3.465402    33.2833        599     2.4917  0.000e+00
     59.724     8.0197   3.465383    33.2829        600     2.4958  0.000e+00
     59.845     8.0196   3.465490    33.2841        601     2.5000  0.000e+00
     59.984     8.0195   3.465509    33.2843        602     2.5042  0.000e+00
     60.126     8.0198   3.465768    33.2867        603     2.5083  0.000e+00
     60.274     8.0205   3.465831    33.2866        604     2.5125  0.000e+00
     60.428     8.0213   3.465876    33.2863        605     2.5167  0.000e+00
     60.585     8.0220   3.465913    33.2860        606     2.5208  0.000e+00
     60.743     8.0221   3.465913    33.2858        607     2.5250  0.000e+00
     60.900     8.0224   3.466084    33.2872        608     2.5292  0.000e+00
     61.054     8.0227   3.466179    33.2880        609     2.5333  0.000e+00
     61.207     8.0230   3.466337    33.2892        610     2.5375  0.000e+00
     61.348     8.0232   3.466488    33.2906        611     2.5417  0.000e+00
     61.477     8.0239   3.466576    33.2908        612     2.5458  0.000e+00
     61.591     8.0248   3.466652    33.2907        613     2.5500  0.000e+00
     61.689     8.0254   3.466741    33.2911        614     2.5542  0.000e+00
     61.763     8.0258   3.466760    33.2909        615     2.5583  0.000e+00
     61.824     8.0262   3.466867    33.2916        616     2.5625  0.000e+00
     61.881     8.0265   3.466930    33.2919        617     2.5667  0.000e+00
     61.924     8.0269   3.466974    33.2920        618     2.5708  0.000e+00
     61.971     8.0272   3.466955    33.2915        619     2.5750  0.000e+00
     62.016     8.0272   3.466993    33.2918        620     2.5792  0.000e+00
     62.067     8.0276   3.466974    33.2913        621     2.5833  0.000e+00
     62.125     8.0277   3.466949    33.2909        622     2.5875  0.000e+00
     62.205     8.0276   3.466981    33.2913        623     2.5917  0.000e+00
     62.295     8.0275   3.467075    33.2923        624     2.5958  0.000e+00
     62.393     8.0275   3.467227    33.2939        625     2.6000  0.000e+00
