HB2503/sbe019.cnv
* Sea-Bird SBE 19plus V2 Data File:
* FileName = C:\cruise\data\sbe019.hex
* Software Version Seasave V 7.26.7.121
* Temperature SN = 6128
* Conductivity SN = 6128
* System UpLoad Time = May 29 2025 16:07:03
* NMEA Latitude = 38 28.18 N
* NMEA Longitude = 074 02.06 W
* NMEA UTC (Time) = May 29 2025  16:05:13
** Ship: Henry Bigelow
** Cruise:  HB2502
** Program:  Spring Bottom Trawl
# nquan = 7
# nvalues = 1957                                  
# units = specified
# name 0 = depSM: Depth [salt water, m]
# name 1 = tv290C: Temperature [ITS-90, deg C]
# name 2 = c0S/m: Conductivity [S/m]
# name 3 = sal00: Salinity, Practical [PSU]
# name 4 = scan: Scan Count
# name 5 = timeM: Time, Elapsed [minutes]
# name 6 = flag:  0.000e+00
# span 0 =     -0.083,     50.689                 
# span 1 =     7.1866,    16.1415                 
# span 2 =   0.007286,   4.081238                 
# span 3 =     0.0443,    33.1815                 
# span 4 =         11,       1967                 
# span 5 =     0.0417,     8.1917                 
# span 6 = 0.0000e+00, 0.0000e+00                 
# interval = seconds: 0.25
# start_time = May 29 2025 16:05:13 [NMEA time, header]
# bad_flag = -9.990e-29
*END*
[from data line 1847]
      3.359    15.3010   4.011364    32.2061       1858     7.7375  0.000e+00
      3.348    15.3026   4.011725    32.2080       1859     7.7417  0.000e+00
      3.292    15.3064   4.011966    32.2071       1860     7.7458  0.000e+00
      3.196    15.3098   4.011725    32.2022       1861     7.7500  0.000e+00
      3.044    15.3120   4.011966    32.2026       1862     7.7542  0.000e+00
      2.845    15.3137   4.011986    32.2015       1863     7.7583  0.000e+00
      2.644    15.3147   4.012274    32.2033       1864     7.7625  0.000e+00
      2.441    15.3168   4.012227    32.2012       1865     7.7667  0.000e+00
      2.271    15.3181   4.012274    32.2006       1866     7.7708  0.000e+00
      2.176    15.3192   4.012488    32.2017       1867     7.7750  0.000e+00
      2.146    15.3208   4.012039    32.1964       1868     7.7792  0.000e+00
      2.187    15.3205   4.011966    32.1959       1869     7.7833  0.000e+00
      2.277    15.3192   4.011986    32.1972       1870     7.7875  0.000e+00
      2.398    15.3185   4.011772    32.1958       1871     7.7917  0.000e+00
      2.527    15.3174   4.011584    32.1950       1872     7.7958  0.000e+00
      2.639    15.3156   4.011390    32.1947       1873     7.8000  0.000e+00
      2.717    15.3136   4.010908    32.1920       1874     7.8042  0.000e+00
      2.767    15.3104   4.010861    32.1941       1875     7.8083  0.000e+00
      2.802    15.3070   4.011056    32.1987       1876     7.8125  0.000e+00
      2.783    15.3057   4.011243    32.2014       1877     7.8167  0.000e+00
      2.704    15.3059   4.011631    32.2047       1878     7.8208  0.000e+00
      2.568    15.3076   4.012086    32.2075       1879     7.8250  0.000e+00
      2.376    15.3112   4.012394    32.2074       1880     7.8292  0.000e+00
      2.142    15.3151   4.012635    32.2064       1881     7.8333  0.000e+00
      1.923    15.3187   4.012588    32.2031       1882     7.8375  0.000e+00
      1.733    15.3211   4.012441    32.1999       1883     7.8417  0.000e+00
      1.580    15.3226   4.013472    32.2079       1884     7.8458  0.000e+00
      1.479    15.3262   4.013472    32.2050       1885     7.8500  0.000e+00
      1.446    15.3303   4.013619    32.2030       1886     7.8542  0.000e+00
      1.491    15.3327   4.012896    32.1945       1887     7.8583  0.000e+00
      1.593    15.3325   4.012876    32.1945       1888     7.8625  0.000e+00
      1.724    15.3312   4.012849    32.1952       1889     7.8667  0.000e+00
      1.866    15.3300   4.012729    32.1951       1890     7.8708  0.000e+00
      2.011    15.3289   4.012541    32.1943       1891     7.8750  0.000e+00
      2.147    15.3276   4.012320    32.1933       1892     7.8792  0.000e+00
      2.264    15.3256   4.012347    32.1951       1893     7.8833  0.000e+00
      2.329    15.3238   4.012515    32.1981       1894     7.8875  0.000e+00
      2.347    15.3233   4.012468    32.1980       1895     7.8917  0.000e+00
      2.312    15.3233   4.012468    32.1981       1896     7.8958  0.000e+00
      2.251    15.3231   4.011966    32.1938       1897     7.9000  0.000e+00
      2.146    15.3215   4.012394    32.1990       1898     7.9042  0.000e+00
      2.015    15.3209   4.012541    32.2008       1899     7.9083  0.000e+00
      1.882    15.3220   4.012468    32.1993       1900     7.9125  0.000e+00
      1.753    15.3224   4.011892    32.1939       1901     7.9167  0.000e+00
      1.647    15.3210   4.011845    32.1947       1902     7.9208  0.000e+00
      1.565    15.3192   4.012300    32.2002       1903     7.9250  0.000e+00
      1.523    15.3193   4.012434    32.2014       1904     7.9292  0.000e+00
      1.496    15.3207   4.012320    32.1992       1905     7.9333  0.000e+00
      1.484    15.3215   4.012441    32.1996       1906     7.9375  0.000e+00
      1.467    15.3221   4.012394    32.1987       1907     7.9417  0.000e+00
      1.472    15.3224   4.012421    32.1987       1908     7.9458  0.000e+00
      1.497    15.3225   4.012226    32.1969       1909     7.9500  0.000e+00
      1.519    15.3223   4.012514    32.1996       1910     7.9542  0.000e+00
      1.524    15.3228   4.012561    32.1997       1911     7.9583  0.000e+00
      1.514    15.3235   4.012802    32.2012       1912     7.9625  0.000e+00
      1.495    15.3245   4.012829    32.2006       1913     7.9667  0.000e+00
      1.447    15.3259   4.012708    32.1985       1914     7.9708  0.000e+00
      1.368    15.3264   4.012829    32.1992       1915     7.9750  0.000e+00
      1.290    15.3268   4.012896    32.1994       1916     7.9792  0.000e+00
      1.211    15.3275   4.012876    32.1987       1917     7.9833  0.000e+00
      1.149    15.3281   4.013163    32.2008       1918     7.9875  0.000e+00
      1.084    15.3293   4.013163    32.1998       1919     7.9917  0.000e+00
      1.025    15.3303   4.013498    32.2021       1920     7.9958  0.000e+00
      1.006    15.3321   4.013424    32.1999       1921     8.0000  0.000e+00
      1.017    15.3335   4.013424    32.1988       1922     8.0042  0.000e+00
      1.037    15.3345   4.013592    32.1995       1923     8.0083  0.000e+00
      1.052    15.3355   4.013739    32.2000       1924     8.0125  0.000e+00
      1.053    15.3367   4.013686    32.1985       1925     8.0167  0.000e+00
      1.060    15.3375   4.013739    32.1983       1926     8.0208  0.000e+00
      1.053    15.3382   4.013592    32.1964       1927     8.0250  0.000e+00
      0.999    15.3380   4.013665    32.1972       1928     8.0292  0.000e+00
      0.903    15.3378   4.012969    32.1913       1929     8.0333  0.000e+00
      0.780    15.3360   4.013257    32.1953       1930     8.0375  0.000e+00
      0.673    15.3341   4.013304    32.1974       1931     8.0417  0.000e+00
      0.623    15.3338   4.013833    32.2023       1932     8.0458  0.000e+00
      0.597    15.3356   4.014047    32.2028       1933     8.0500  0.000e+00
      0.599    15.3383   4.013906    32.1993       1934     8.0542  0.000e+00
      0.633    15.3400   4.014094    32.1996       1935     8.0583  0.000e+00
      0.701    15.3414   4.014141    32.1988       1936     8.0625  0.000e+00
      0.765    15.3423   4.013953    32.1964       1937     8.0667  0.000e+00
      0.813    15.3424   4.014027    32.1969       1938     8.0708  0.000e+00
      0.862    15.3423   4.013572    32.1929       1939     8.0750  0.000e+00
      0.894    15.3409   4.013545    32.1938       1940     8.0792  0.000e+00
      0.923    15.3392   4.013424    32.1942       1941     8.0833  0.000e+00
      0.919    15.3377   4.013351    32.1947       1942     8.0875  0.000e+00
      0.877    15.3363   4.013257    32.1950       1943     8.0917  0.000e+00
      0.834    15.3351   4.013377    32.1971       1944     8.0958  0.000e+00
      0.783    15.3346   4.014047    32.2036       1945     8.1000  0.000e+00
      0.713    15.3366   4.014482    32.2058       1946     8.1042  0.000e+00
      0.624    15.3406   4.014596    32.2036       1947     8.1083  0.000e+00
      0.536    15.3443   4.014790    32.2024       1948     8.1125  0.000e+00
      0.471    15.3471   4.014669    32.1989       1949     8.1167  0.000e+00
      0.411    15.3487   4.014763    32.1985       1950     8.1208  0.000e+00
      0.350    15.3499   4.014884    32.1987       1951     8.1250  0.000e+00
      0.285    15.3509   4.014763    32.1968       1952     8.1292  0.000e+00
      0.194    15.3512   4.014696    32.1960       1953     8.1333  0.000e+00
      0.066    15.3511   4.015105    32.1997       1954     8.1375  0.000e+00
     -0.039    15.3521   3.244951    25.4211       1955     8.1417  0.000e+00
     -0.076    15.3536   0.788220     5.4601       1956     8.1458  0.000e+00
     -0.083    15.3536   0.420953     2.7934       1957     8.1500  0.000e+00
     -0.063    15.3516   0.323199     2.1101       1958     8.1542  0.000e+00
     -0.053    15.3501   0.764827     5.2869       1959     8.1583  0.000e+00
     -0.070    15.3493   0.380837     2.5116       1960     8.1625  0.000e+00
     -0.077    15.3477   0.398453     2.6353       1961     8.1667  0.000e+00
     -0.077    15.3464   0.741528     5.1148       1962     8.1708  0.000e+00
     -0.015    15.3446   1.656405    12.1768       1963     8.1750  0.000e+00
      0.099    15.3404   2.423357    18.4433       1964     8.1792  0.000e+00
      0.188    15.3359   2.817068    21.7601       1965     8.1833  0.000e+00
      0.248    15.3333   2.753226    21.2198       1966     8.1875  0.000e+00
      0.300    15.3324   3.216826    25.1903       1967     8.1917  0.000e+00
