HB2503/sbe001.cnv
* Sea-Bird SBE 19plus V2 Data File:
* FileName = C:\cruise\data\sbe001.hex
* Software Version Seasave V 7.26.7.121
* Temperature SN = 6128
* Conductivity SN = 6128
* System UpLoad Time = May 27 2025 21:48:01
* NMEA Latitude = 41 22.23 N
* NMEA Longitude = 071 24.16 W
* NMEA UTC (Time) = May 27 2025  21:46:09
** Ship: Henry Bigelow
** Cruise:  HB2502
** Program:  Spring Bottom Trawl
# nquan = 7
# nvalues = 1731                                  
# units = specified
# name 0 = depSM: Depth [salt water, m]
# name 1 = tv290C: Temperature [ITS-90, deg C]
# name 2 = c0S/m: Conductivity [S/m]
# name 3 = sal00: Salinity, Practical [PSU]
# name 4 = scan: Scan Count
# name 5 = timeM: Time, Elapsed [minutes]
# name 6 = flag:  0.000e+00
# span 0 =      0.011,     28.562                 
# span 1 =    10.8151,    16.5647                 
# span 2 =   0.000100,   3.894944                 
# span 3 =     0.0084,    32.3737                 
# span 4 =         11,       1741                 
# span 5 =     0.0417,     7.2500                 
# span 6 = 0.0000e+00, 0.0000e+00                 
# interval = seconds: 0.25
# start_time = May 27 2025 21:46:09 [NMEA time, header]
# bad_flag = -9.990e-29
*END*
[from data line 206]
      0.125    16.4173   0.000115     0.0085        217     0.9000  0.000e+00
      0.125    16.4163   0.000112     0.0084        218     0.9042  0.000e+00
      0.121    16.4149   0.000112     0.0084        219     0.9083  0.000e+00
      0.127    16.4143   0.000115     0.0085        220     0.9125  0.000e+00
      0.121    16.4130   0.000115     0.0085        221     0.9167  0.000e+00
      0.127    16.4117   0.000115     0.0085        222     0.9208  0.000e+00
      0.121    16.4101   0.000115     0.0084        223     0.9250  0.000e+00
      0.124    16.4093   0.000115     0.0084        224     0.9292  0.000e+00
      0.122    16.4083   0.000115     0.0084        225     0.9333  0.000e+00
      0.122    16.4074   0.000112     0.0084        226     0.9375  0.000e+00
      0.123    16.4061   0.000109     0.0084        227     0.9417  0.000e+00
      0.121    16.4047   0.000115     0.0084        228     0.9458  0.000e+00
      0.119    16.4040   0.000112     0.0084        229     0.9500  0.000e+00
      0.124    16.4022   0.000115     0.0084        230     0.9542  0.000e+00
      0.130    16.4010   0.000115     0.0084        231     0.9583  0.000e+00
      0.125    16.4001   0.000112     0.0084        232     0.9625  0.000e+00
      0.123    16.3993   0.000112     0.0084        233     0.9667  0.000e+00
      0.123    16.3975   0.000118     0.0084        234     0.9708  0.000e+00
      0.121    16.3966   0.000112     0.0084        235     0.9750  0.000e+00
      0.119    16.3951   0.000112     0.0084        236     0.9792  0.000e+00
      0.121    16.3947   0.000115     0.0084        237     0.9833  0.000e+00
      0.121    16.3938   0.000115     0.0084        238     0.9875  0.000e+00
      0.125    16.3923   0.000121     0.0085        239     0.9917  0.000e+00
      0.119    16.3914   0.000115     0.0084        240     0.9958  0.000e+00
      0.125    16.3899   0.000112     0.0084        241     1.0000  0.000e+00
      0.118    16.3895   0.000115     0.0084        242     1.0042  0.000e+00
      0.123    16.3889   0.000109     0.0084        243     1.0083  0.000e+00
      0.125    16.3865   0.000112     0.0084        244     1.0125  0.000e+00
      0.119    16.3859   0.000121     0.0085        245     1.0167  0.000e+00
      0.119    16.3849   0.000121     0.0084        246     1.0208  0.000e+00
      0.121    16.3842   0.000115     0.0084        247     1.0250  0.000e+00
      0.125    16.3833   0.000115     0.0084        248     1.0292  0.000e+00
      0.123    16.3818   0.000115     0.0084        249     1.0333  0.000e+00
      0.123    16.3811   0.000115     0.0084        250     1.0375  0.000e+00
      0.119    16.3800   0.000112     0.0084        251     1.0417  0.000e+00
      0.121    16.3785   0.000121     0.0084        252     1.0458  0.000e+00
      0.118    16.3779   0.000118     0.0084        253     1.0500  0.000e+00
      0.120    16.3776   0.000115     0.0084        254     1.0542  0.000e+00
      0.125    16.3759   0.000115     0.0084        255     1.0583  0.000e+00
      0.122    16.3745   0.000118     0.0084        256     1.0625  0.000e+00
      0.126    16.3730   0.000112     0.0084        257     1.0667  0.000e+00
      0.118    16.3719   0.000115     0.0084        258     1.0708  0.000e+00
      0.126    16.3709   0.000115     0.0084        259     1.0750  0.000e+00
      0.122    16.3698   0.000118     0.0084        260     1.0792  0.000e+00
      0.118    16.3681   0.000106     0.0084        261     1.0833  0.000e+00
      0.119    16.3673   0.000112     0.0084        262     1.0875  0.000e+00
      0.120    16.3658   0.000115     0.0084        263     1.0917  0.000e+00
      0.120    16.3642   0.000112     0.0084        264     1.0958  0.000e+00
      0.120    16.3631   0.000112     0.0084        265     1.1000  0.000e+00
      0.120    16.3616   0.000109     0.0084        266     1.1042  0.000e+00
      0.120    16.3615   0.000112     0.0084        267     1.1083  0.000e+00
      0.119    16.3600   0.000106     0.0084        268     1.1125  0.000e+00
      0.115    16.3591   0.000109     0.0084        269     1.1167  0.000e+00
      0.117    16.3582   0.000112     0.0084        270     1.1208  0.000e+00
      0.116    16.3567   0.000115     0.0084        271     1.1250  0.000e+00
      0.117    16.3560   0.000112     0.0084        272     1.1292  0.000e+00
      0.118    16.3551   0.000115     0.0084        273     1.1333  0.000e+00
      0.119    16.3534   0.000112     0.0084        274     1.1375  0.000e+00
      0.119    16.3529   0.000121     0.0084        275     1.1417  0.000e+00
      0.112    16.3513   0.000109     0.0084        276     1.1458  0.000e+00
      0.119    16.3498   0.000115     0.0084        277     1.1500  0.000e+00
      0.115    16.3484   0.000112     0.0084        278     1.1542  0.000e+00
      0.117    16.3468   0.000109     0.0084        279     1.1583  0.000e+00
      0.121    16.3459   0.000115     0.0084        280     1.1625  0.000e+00
      0.118    16.3447   0.000115     0.0084        281     1.1667  0.000e+00
      0.115    16.3431   0.000115     0.0084        282     1.1708  0.000e+00
      0.115    16.3417   0.000112     0.0084        283     1.1750  0.000e+00
      0.117    16.3404   0.000112     0.0084        284     1.1792  0.000e+00
      0.121    16.3388   0.000112     0.0084        285     1.1833  0.000e+00
      0.115    16.3369   0.000115     0.0084        286     1.1875  0.000e+00
      0.115    16.3363   0.000112     0.0084        287     1.1917  0.000e+00
      0.115    16.3349   0.000112     0.0084        288     1.1958  0.000e+00
      0.116    16.3337   0.000109     0.0084        289     1.2000  0.000e+00
      0.118    16.3313   0.000112     0.0084        290     1.2042  0.000e+00
      0.118    16.3306   0.000112     0.0084        291     1.2083  0.000e+00
      0.112    16.3295   0.000115     0.0084        292     1.2125  0.000e+00
      0.116    16.3279   0.000115     0.0084        293     1.2167  0.000e+00
      0.114    16.3265   0.000115     0.0084        294     1.2208  0.000e+00
      0.116    16.3248   0.000109     0.0084        295     1.2250  0.000e+00
      0.116    16.3239   0.000115     0.0084        296     1.2292  0.000e+00
      0.114    16.3222   0.000112     0.0084        297     1.2333  0.000e+00
      0.119    16.3208   0.000121     0.0084        298     1.2375  0.000e+00
      0.119    16.3199   0.000115     0.0084        299     1.2417  0.000e+00
      0.122    16.3191   0.000112     0.0084        300     1.2458  0.000e+00
      0.118    16.3181   0.000115     0.0084        301     1.2500  0.000e+00
      0.115    16.3165   0.000118     0.0084        302     1.2542  0.000e+00
      0.117    16.3150   0.000112     0.0084        303     1.2583  0.000e+00
      0.118    16.3139   0.000112     0.0084        304     1.2625  0.000e+00
      0.118    16.3130   0.000118     0.0084        305     1.2667  0.000e+00
      0.118    16.3117   0.000112     0.0084        306     1.2708  0.000e+00
      0.119    16.3110   0.000112     0.0084        307     1.2750  0.000e+00
      0.121    16.3104   0.000115     0.0084        308     1.2792  0.000e+00
      0.123    16.3089   0.000115     0.0084        309     1.2833  0.000e+00
      0.119    16.3074   0.000112     0.0084        310     1.2875  0.000e+00
      0.117    16.3073   0.000115     0.0084        311     1.2917  0.000e+00
      0.120    16.3068   0.000118     0.0084        312     1.2958  0.000e+00
      0.117    16.3064   0.000121     0.0084        313     1.3000  0.000e+00
      0.114    16.3050   0.000112     0.0084        314     1.3042  0.000e+00
      0.110    16.3044   0.000118     0.0084        315     1.3083  0.000e+00
      0.113    16.3030   0.000115     0.0084        316     1.3125  0.000e+00
      0.119    16.3014   0.000115     0.0084        317     1.3167  0.000e+00
      0.111    16.2999   0.000115     0.0084        318     1.3208  0.000e+00
      0.113    16.2994   0.000121     0.0084        319     1.3250  0.000e+00
      0.114    16.2973   0.000112     0.0084        320     1.3292  0.000e+00
      0.119    16.2959   0.000109     0.0084        321     1.3333  0.000e+00
      0.119    16.2947   0.000121     0.0084        322     1.3375  0.000e+00
      0.112    16.2930   0.000115     0.0084        323     1.3417  0.000e+00
      0.110    16.2915   0.000121     0.0084        324     1.3458  0.000e+00
      0.113    16.2907   0.000118     0.0084        325     1.3500  0.000e+00
      0.117    16.2881   0.000112     0.0084        326     1.3542  0.000e+00
      0.114    16.2849   0.000112     0.0084        327     1.3583  0.000e+00
      0.114    16.2837   0.000115     0.0084        328     1.3625  0.000e+00
      0.112    16.2824   0.000115     0.0084        329     1.3667  0.000e+00
      0.118    16.2769   0.000115     0.0084        330     1.3708  0.000e+00
      0.116    16.2612   0.000115     0.0084        331     1.3750  0.000e+00
      0.116    16.2468   0.000121     0.0084        332     1.3792  0.000e+00
      0.112    16.2391   0.000151     0.0084        333     1.3833  0.000e+00
      0.116    16.2366   0.000169     0.0085        334     1.3875  0.000e+00
      0.110    16.2365   0.000163     0.0085        335     1.3917  0.000e+00
      0.123    16.2377   0.180698     1.1175        336     1.3958  0.000e+00
      0.220    16.2196   2.403234    17.8760        337     1.4000  0.000e+00
      0.361    16.0618   3.047243    23.2959        338     1.4042  0.000e+00
      0.474    15.7479   2.765096    21.0982        339     1.4083  0.000e+00
      0.554    15.4512   2.893979    22.3494        340     1.4125  0.000e+00
      0.623    15.2281   3.476574    27.5231        341     1.4167  0.000e+00
      0.715    15.0731   3.853420    30.9773        342     1.4208  0.000e+00
      0.827    14.9670   3.882877    31.3259        343     1.4250  0.000e+00
      0.932    14.8901   3.890921    31.4600        344     1.4292  0.000e+00
      1.018    14.8268   3.894526    31.5436        345     1.4333  0.000e+00
      1.072    14.7742   3.894831    31.5890        346     1.4375  0.000e+00
      1.112    14.7329   3.894944    31.6235        347     1.4417  0.000e+00
      1.136    14.7060   3.894230    31.6389        348     1.4458  0.000e+00
      1.185    14.6886   3.892841    31.6404        349     1.4500  0.000e+00
      1.252    14.6776   3.892445    31.6458        350     1.4542  0.000e+00
      1.323    14.6678   3.891572    31.6458        351     1.4583  0.000e+00
      1.415    14.6593   3.890580    31.6438        352     1.4625  0.000e+00
      1.504    14.6573   3.889311    31.6338        353     1.4667  0.000e+00
      1.602    14.6621   3.883100    31.5737        354     1.4708  0.000e+00
      1.688    14.6581   3.884282    31.5876        355     1.4750  0.000e+00
      1.771    14.6519   3.886773    31.6152        356     1.4792  0.000e+00
      1.849    14.6514   3.885736    31.6062        357     1.4833  0.000e+00
      1.930    14.6517   3.885207    31.6011        358     1.4875  0.000e+00
      2.004    14.6519   3.884197    31.5918        359     1.4917  0.000e+00
      2.074    14.6482   3.884401    31.5966        360     1.4958  0.000e+00
      2.148    14.6423   3.884150    31.5991        361     1.5000  0.000e+00
      2.226    14.6367   3.883893    31.6013        362     1.5042  0.000e+00
      2.316    14.6316   3.882929    31.5966        363     1.5083  0.000e+00
      2.412    14.6267   3.882169    31.5937        364     1.5125  0.000e+00
      2.514    14.6231   3.881938    31.5945        365     1.5167  0.000e+00
      2.615    14.6199   3.881337    31.5916        366     1.5208  0.000e+00
      2.706    14.6174   3.880439    31.5855        367     1.5250  0.000e+00
      2.783    14.6142   3.879679    31.5812        368     1.5292  0.000e+00
      2.854    14.6110   3.879455    31.5817        369     1.5333  0.000e+00
      2.925    14.6081   3.879065    31.5805        370     1.5375  0.000e+00
      2.988    14.6064   3.878900    31.5804        371     1.5417  0.000e+00
      3.055    14.6063   3.878993    31.5813        372     1.5458  0.000e+00
      3.124    14.6074   3.878867    31.5792        373     1.5500  0.000e+00
      3.191    14.6080   3.878234    31.5729        374     1.5542  0.000e+00
      3.257    14.6088   3.877752    31.5679        375     1.5583  0.000e+00
      3.326    14.6075   3.877540    31.5670        376     1.5625  0.000e+00
      3.397    14.6038   3.877587    31.5704        377     1.5667  0.000e+00
      3.471    14.6011   3.877177    31.5689        378     1.5708  0.000e+00
      3.551    14.6000   3.876141    31.5603        379     1.5750  0.000e+00
      3.639    14.5984   3.875336    31.5543        380     1.5792  0.000e+00
      3.730    14.5993   3.875197    31.5523        381     1.5833  0.000e+00
      3.814    14.5979   3.874841    31.5502        382     1.5875  0.000e+00
      3.898    14.5912   3.874260    31.5503        383     1.5917  0.000e+00
      3.987    14.5840   3.873844    31.5523        384     1.5958  0.000e+00
      4.067    14.5775   3.873587    31.5552        385     1.6000  0.000e+00
      4.143    14.5714   3.873270    31.5573        386     1.6042  0.000e+00
      4.220    14.5647   3.872947    31.5598        387     1.6083  0.000e+00
      4.294    14.5584   3.872670    31.5624        388     1.6125  0.000e+00
      4.379    14.5522   3.871826    31.5598        389     1.6167  0.000e+00
      4.461    14.5476   3.870750    31.5537        390     1.6208  0.000e+00
      4.555    14.5404   3.869827    31.5511        391     1.6250  0.000e+00
      4.651    14.5257   3.868660    31.5524        392     1.6292  0.000e+00
      4.748    14.5079   3.867446    31.5558        393     1.6333  0.000e+00
      4.846    14.4873   3.865976    31.5592        394     1.6375  0.000e+00
      4.942    14.4661   3.865086    31.5684        395     1.6417  0.000e+00
      5.028    14.4403   3.863807    31.5777        396     1.6458  0.000e+00
      5.109    14.4111   3.862516    31.5897        397     1.6500  0.000e+00
      5.183    14.3809   3.861040    31.6009        398     1.6542  0.000e+00
      5.252    14.3490   3.859472    31.6126        399     1.6583  0.000e+00
      5.317    14.3156   3.857858    31.6252        400     1.6625  0.000e+00
      5.383    14.2851   3.856099    31.6341        401     1.6667  0.000e+00
      5.456    14.2544   3.854268    31.6425        402     1.6708  0.000e+00
      5.528    14.2172   3.853044    31.6617        403     1.6750  0.000e+00
      5.606    14.1805   3.852267    31.6847        404     1.6792  0.000e+00
      5.683    14.1453   3.851175    31.7035        405     1.6833  0.000e+00
      5.764    14.1123   3.849832    31.7183        406     1.6875  0.000e+00
      5.848    14.0864   3.847687    31.7199        407     1.6917  0.000e+00
      5.931    14.0583   3.845957    31.7271        408     1.6958  0.000e+00
      6.016    14.0236   3.844411    31.7415        409     1.7000  0.000e+00
      6.098    13.9876   3.842885    31.7572        410     1.7042  0.000e+00
      6.183    13.9516   3.840958    31.7691        411     1.7083  0.000e+00
      6.266    13.9165   3.839874    31.7881        412     1.7125  0.000e+00
      6.352    13.8812   3.838776    31.8072        413     1.7167  0.000e+00
      6.432    13.8493   3.837494    31.8217        414     1.7208  0.000e+00
      6.519    13.8201   3.836213    31.8341        415     1.7250  0.000e+00
      6.599    13.7932   3.834872    31.8440        416     1.7292  0.000e+00
      6.691    13.7674   3.833512    31.8528        417     1.7333  0.000e+00
      6.771    13.7410   3.832310    31.8636        418     1.7375  0.000e+00
      6.858    13.7134   3.830779    31.8724        419     1.7417  0.000e+00
      6.939    13.6938   3.828592    31.8683        420     1.7458  0.000e+00
