HB2503/sbe076.cnv
* Sea-Bird SBE 19plus V2 Data File:
* FileName = C:\cruise\data\sbe076.hex
* Software Version Seasave V 7.26.7.121
* Temperature SN = 6128
* Conductivity SN = 6128
* System UpLoad Time = Jun 04 2025 12:01:55
* NMEA Latitude = 42 26.33 N
* NMEA Longitude = 069 15.66 W
* NMEA UTC (Time) = Jun 04 2025  12:00:11
** Ship: Henry Bigelow
** Cruise:  HB2502
** Program:  Spring Bottom Trawl
# nquan = 7
# nvalues = 3384                                  
# units = specified
# name 0 = depSM: Depth [salt water, m]
# name 1 = tv290C: Temperature [ITS-90, deg C]
# name 2 = c0S/m: Conductivity [S/m]
# name 3 = sal00: Salinity, Practical [PSU]
# name 4 = scan: Scan Count
# name 5 = timeM: Time, Elapsed [minutes]
# name 6 = flag:  0.000e+00
# span 0 =     -0.060,    223.090                 
# span 1 =     4.9462,    11.3582                 
# span 2 =   0.008849,   3.671383                 
# span 3 =     0.0579,    34.0043                 
# span 4 =         11,       3394                 
# span 5 =     0.0417,    14.1375                 
# span 6 = 0.0000e+00, 0.0000e+00                 
# interval = seconds: 0.25
# start_time = Jun 04 2025 12:00:11 [NMEA time, header]
# bad_flag = -9.990e-29
*END*
[from data line 616]
     24.158     9.4372   3.500183    32.3496        627     2.6083  0.000e+00
     24.366     9.3965   3.496439    32.3478        628     2.6125  0.000e+00
     24.578     9.3601   3.489785    32.3122        629     2.6167  0.000e+00
     24.788     9.3096   3.488596    32.3456        630     2.6208  0.000e+00
     24.981     9.2655   3.485319    32.3516        631     2.6250  0.000e+00
     25.179     9.2234   3.483630    32.3723        632     2.6292  0.000e+00
     25.378     9.1905   3.481044    32.3753        633     2.6333  0.000e+00
     25.568     9.1588   3.479768    32.3908        634     2.6375  0.000e+00
     25.763     9.1320   3.481279    32.4308        635     2.6417  0.000e+00
     25.966     9.1160   3.476721    32.3981        636     2.6458  0.000e+00
     26.171     9.0969   3.470802    32.3541        637     2.6500  0.000e+00
     26.370     9.0615   3.467860    32.3557        638     2.6542  0.000e+00
     26.576     9.0191   3.462552    32.3392        639     2.6583  0.000e+00
     26.783     8.9752   3.457109    32.3225        640     2.6625  0.000e+00
     26.994     8.9220   3.450120    32.2982        641     2.6667  0.000e+00
     27.204     8.8520   3.447191    32.3314        642     2.6708  0.000e+00
     27.415     8.7878   3.443508    32.3514        643     2.6750  0.000e+00
     27.618     8.7344   3.438561    32.3485        644     2.6792  0.000e+00
     27.821     8.6809   3.424504    32.2503        645     2.6833  0.000e+00
     28.019     8.5979   3.413367    32.2094        646     2.6875  0.000e+00
     28.214     8.4865   3.417297    32.3524        647     2.6917  0.000e+00
     28.409     8.4049   3.415365    32.4069        648     2.6958  0.000e+00
     28.599     8.3526   3.404145    32.3368        649     2.7000  0.000e+00
     28.788     8.2889   3.410021    32.4573        650     2.7042  0.000e+00
     28.977     8.2517   3.405494    32.4438        651     2.7083  0.000e+00
     29.171     8.2187   3.396166    32.3755        652     2.7125  0.000e+00
     29.362     8.1675   3.390864    32.3665        653     2.7167  0.000e+00
     29.554     8.1057   3.384065    32.3514        654     2.7208  0.000e+00
     29.758     8.0298   3.379265    32.3705        655     2.7250  0.000e+00
     29.964     7.9566   3.373781    32.3797        656     2.7292  0.000e+00
     30.177     7.8891   3.371521    32.4182        657     2.7333  0.000e+00
     30.394     7.8330   3.367321    32.4252        658     2.7375  0.000e+00
     30.612     7.7807   3.366529    32.4653        659     2.7417  0.000e+00
     30.840     7.7375   3.362312    32.4604        660     2.7458  0.000e+00
     31.068     7.7004   3.361801    32.4894        661     2.7500  0.000e+00
     31.294     7.6644   3.353622    32.4351        662     2.7542  0.000e+00
     31.525     7.6171   3.350159    32.4419        663     2.7583  0.000e+00
     31.760     7.5650   3.350191    32.4908        664     2.7625  0.000e+00
     31.987     7.5251   3.347806    32.5024        665     2.7667  0.000e+00
     32.207     7.4920   3.341284    32.4630        666     2.7708  0.000e+00
     32.421     7.4495   3.342473    32.5155        667     2.7750  0.000e+00
     32.626     7.4139   3.343239    32.5571        668     2.7792  0.000e+00
     32.823     7.4004   3.332970    32.4588        669     2.7833  0.000e+00
     33.016     7.3615   3.324820    32.4070        670     2.7875  0.000e+00
     33.190     7.2939   3.321368    32.4330        671     2.7917  0.000e+00
     33.361     7.2266   3.321562    32.4981        672     2.7958  0.000e+00
     33.520     7.1794   3.323102    32.5592        673     2.8000  0.000e+00
     33.684     7.1558   3.326306    32.6163        674     2.8042  0.000e+00
     33.847     7.1545   3.323953    32.5919        675     2.8083  0.000e+00
     34.006     7.1540   3.321153    32.5618        676     2.8125  0.000e+00
     34.177     7.1430   3.316133    32.5175        677     2.8167  0.000e+00
     34.350     7.1156   3.305674    32.4295        678     2.8208  0.000e+00
     34.521     7.0621   3.303866    32.4600        679     2.8250  0.000e+00
     34.713     7.0033   3.300417    32.4778        680     2.8292  0.000e+00
     34.910     6.9518   3.296022    32.4783        681     2.8333  0.000e+00
     35.107     6.9002   3.288500    32.4447        682     2.8375  0.000e+00
     35.317     6.8377   3.284755    32.4626        683     2.8417  0.000e+00
     35.537     6.7750   3.286369    32.5397        684     2.8458  0.000e+00
     35.765     6.7322   3.284632    32.5611        685     2.8500  0.000e+00
     35.999     6.7045   3.283249    32.5721        686     2.8542  0.000e+00
     36.236     6.6829   3.281123    32.5692        687     2.8583  0.000e+00
     36.469     6.6608   3.281982    32.5995        688     2.8625  0.000e+00
     36.709     6.6446   3.282082    32.6159        689     2.8667  0.000e+00
     36.946     6.6373   3.280475    32.6051        690     2.8708  0.000e+00
     37.180     6.6286   3.280389    32.6123        691     2.8750  0.000e+00
     37.406     6.6200   3.278969    32.6048        692     2.8792  0.000e+00
     37.627     6.6105   3.277011    32.5921        693     2.8833  0.000e+00
     37.840     6.5962   3.277802    32.6143        694     2.8875  0.000e+00
     38.053     6.5866   3.276592    32.6101        695     2.8917  0.000e+00
     38.261     6.5781   3.275696    32.6082        696     2.8958  0.000e+00
     38.462     6.5683   3.275400    32.6142        697     2.9000  0.000e+00
     38.660     6.5594   3.275011    32.6182        698     2.9042  0.000e+00
     38.861     6.5524   3.274697    32.6214        699     2.9083  0.000e+00
     39.056     6.5464   3.273592    32.6149        700     2.9125  0.000e+00
     39.249     6.5385   3.273024    32.6160        701     2.9167  0.000e+00
     39.437     6.5300   3.273160    32.6256        702     2.9208  0.000e+00
     39.621     6.5240   3.273160    32.6312        703     2.9250  0.000e+00
     39.811     6.5209   3.273364    32.6363        704     2.9292  0.000e+00
     40.001     6.5200   3.272870    32.6316        705     2.9333  0.000e+00
     40.191     6.5190   3.272864    32.6324        706     2.9375  0.000e+00
     40.382     6.5168   3.271494    32.6192        707     2.9417  0.000e+00
     40.579     6.5114   3.270304    32.6112        708     2.9458  0.000e+00
     40.771     6.5014   3.269329    32.6099        709     2.9500  0.000e+00
     40.969     6.4912   3.268879    32.6146        710     2.9542  0.000e+00
     41.158     6.4805   3.267355    32.6078        711     2.9583  0.000e+00
     41.350     6.4693   3.266899    32.6134        712     2.9625  0.000e+00
     41.548     6.4575   3.267374    32.6298        713     2.9667  0.000e+00
     41.753     6.4506   3.267078    32.6330        714     2.9708  0.000e+00
     41.961     6.4469   3.265919    32.6237        715     2.9750  0.000e+00
     42.162     6.4403   3.264445    32.6136        716     2.9792  0.000e+00
     42.362     6.4302   3.263786    32.6158        717     2.9833  0.000e+00
     42.563     6.4191   3.264199    32.6309        718     2.9875  0.000e+00
     42.775     6.4117   3.263706    32.6324        719     2.9917  0.000e+00
     42.983     6.4070   3.262972    32.6287        720     2.9958  0.000e+00
     43.189     6.4007   3.263490    32.6403        721     3.0000  0.000e+00
     43.402     6.3961   3.261462    32.6221        722     3.0042  0.000e+00
     43.615     6.3876   3.259675    32.6104        723     3.0083  0.000e+00
     43.836     6.3723   3.259750    32.6258        724     3.0125  0.000e+00
     44.053     6.3588   3.258000    32.6191        725     3.0167  0.000e+00
     44.275     6.3446   3.256343    32.6143        726     3.0208  0.000e+00
     44.495     6.3263   3.256220    32.6303        727     3.0250  0.000e+00
     44.718     6.3116   3.255906    32.6408        728     3.0292  0.000e+00
     44.939     6.3005   3.254213    32.6325        729     3.0333  0.000e+00
     45.161     6.2875   3.253221    32.6339        730     3.0375  0.000e+00
     45.388     6.2728   3.253985    32.6564        731     3.0417  0.000e+00
     45.596     6.2633   3.253757    32.6628        732     3.0458  0.000e+00
     45.806     6.2575   3.252268    32.6517        733     3.0500  0.000e+00
     46.015     6.2497   3.251400    32.6495        734     3.0542  0.000e+00
     46.214     6.2396   3.250513    32.6492        735     3.0583  0.000e+00
     46.407     6.2290   3.250181    32.6556        736     3.0625  0.000e+00
     46.591     6.2195   3.249830    32.6607        737     3.0667  0.000e+00
     46.771     6.2117   3.250760    32.6785        738     3.0708  0.000e+00
     46.947     6.2099   3.250532    32.6776        739     3.0750  0.000e+00
     47.116     6.2100   3.249812    32.6693        740     3.0792  0.000e+00
     47.286     6.2071   3.249689    32.6707        741     3.0833  0.000e+00
     47.452     6.2034   3.248637    32.6624        742     3.0875  0.000e+00
     47.626     6.1969   3.247517    32.6561        743     3.0917  0.000e+00
     47.804     6.1866   3.247043    32.6606        744     3.0958  0.000e+00
     47.981     6.1765   3.246613    32.6655        745     3.1000  0.000e+00
     48.174     6.1681   3.247044    32.6783        746     3.1042  0.000e+00
     48.371     6.1625   3.243691    32.6462        747     3.1083  0.000e+00
     48.576     6.1499   3.242037    32.6398        748     3.1125  0.000e+00
     48.796     6.1297   3.242818    32.6678        749     3.1167  0.000e+00
     49.025     6.1153   3.241257    32.6641        750     3.1208  0.000e+00
     49.266     6.1038   3.238417    32.6433        751     3.1250  0.000e+00
     49.515     6.0834   3.236524    32.6417        752     3.1292  0.000e+00
     49.767     6.0590   3.235560    32.6543        753     3.1333  0.000e+00
     50.022     6.0364   3.232887    32.6461        754     3.1375  0.000e+00
     50.279     6.0115   3.232046    32.6605        755     3.1417  0.000e+00
     50.532     5.9888   3.231039    32.6710        756     3.1458  0.000e+00
     50.778     5.9687   3.229566    32.6738        757     3.1500  0.000e+00
     51.019     5.9505   3.228418    32.6784        758     3.1542  0.000e+00
     51.247     5.9331   3.228682    32.6980        759     3.1583  0.000e+00
     51.466     5.9202   3.228971    32.7136        760     3.1625  0.000e+00
     51.671     5.9146   3.227246    32.6995        761     3.1667  0.000e+00
     51.870     5.9061   3.225350    32.6864        762     3.1708  0.000e+00
     52.058     5.8919   3.224730    32.6930        763     3.1750  0.000e+00
     52.235     5.8786   3.225099    32.7100        764     3.1792  0.000e+00
     52.400     5.8716   3.223767    32.7017        765     3.1833  0.000e+00
     52.572     5.8640   3.221234    32.6805        766     3.1875  0.000e+00
     52.733     5.8492   3.219290    32.6729        767     3.1917  0.000e+00
     52.893     5.8278   3.218578    32.6855        768     3.1958  0.000e+00
     53.058     5.8072   3.217205    32.6899        769     3.2000  0.000e+00
     53.215     5.7888   3.215924    32.6932        770     3.2042  0.000e+00
     53.378     5.7704   3.216108    32.7131        771     3.2083  0.000e+00
     53.548     5.7570   3.217212    32.7384        772     3.2125  0.000e+00
     53.726     5.7529   3.216820    32.7379        773     3.2167  0.000e+00
     53.912     5.7513   3.216495    32.7357        774     3.2208  0.000e+00
     54.107     5.7490   3.215048    32.7216        775     3.2250  0.000e+00
     54.310     5.7410   3.212867    32.7046        776     3.2292  0.000e+00
     54.530     5.7260   3.210827    32.6960        777     3.2333  0.000e+00
     54.758     5.7053   3.210214    32.7090        778     3.2375  0.000e+00
     54.995     5.6862   3.208585    32.7091        779     3.2417  0.000e+00
     55.237     5.6681   3.206816    32.7066        780     3.2458  0.000e+00
     55.481     5.6485   3.205334    32.7087        781     3.2500  0.000e+00
     55.731     5.6287   3.203015    32.7016        782     3.2542  0.000e+00
     55.980     5.6065   3.202831    32.7210        783     3.2583  0.000e+00
     56.223     5.5884   3.199931    32.7056        784     3.2625  0.000e+00
     56.465     5.5675   3.198004    32.7040        785     3.2667  0.000e+00
     56.706     5.5451   3.195895    32.7018        786     3.2708  0.000e+00
     56.945     5.5209   3.193211    32.6948        787     3.2750  0.000e+00
     57.166     5.4951   3.191041    32.6952        788     3.2792  0.000e+00
     57.377     5.4690   3.188695    32.6938        789     3.2833  0.000e+00
     57.588     5.4420   3.183705    32.6634        790     3.2875  0.000e+00
     57.787     5.4063   3.184554    32.7076        791     3.2917  0.000e+00
     57.973     5.3784   3.184170    32.7305        792     3.2958  0.000e+00
     58.153     5.3608   3.181972    32.7225        793     3.3000  0.000e+00
     58.328     5.3426   3.180440    32.7228        794     3.3042  0.000e+00
     58.495     5.3232   3.175815    32.6889        795     3.3083  0.000e+00
     58.661     5.2966   3.174187    32.6962        796     3.3125  0.000e+00
     58.818     5.2676   3.172577    32.7060        797     3.3167  0.000e+00
     58.990     5.2408   3.171815    32.7235        798     3.3208  0.000e+00
     59.160     5.2182   3.171535    32.7424        799     3.3250  0.000e+00
     59.339     5.2025   3.170712    32.7483        800     3.3292  0.000e+00
     59.524     5.1893   3.171133    32.7658        801     3.3333  0.000e+00
     59.716     5.1804   3.169122    32.7515        802     3.3375  0.000e+00
     59.913     5.1696   3.167117    32.7390        803     3.3417  0.000e+00
     60.123     5.1525   3.166118    32.7442        804     3.3458  0.000e+00
     60.334     5.1356   3.166435    32.7644        805     3.3500  0.000e+00
     60.557     5.1232   3.165594    32.7668        806     3.3542  0.000e+00
     60.784     5.1137   3.165192    32.7714        807     3.3583  0.000e+00
     61.014     5.1044   3.165314    32.7818        808     3.3625  0.000e+00
     61.253     5.0984   3.163529    32.7671        809     3.3667  0.000e+00
     61.487     5.0884   3.163030    32.7711        810     3.3708  0.000e+00
     61.719     5.0764   3.163755    32.7910        811     3.3750  0.000e+00
     61.943     5.0703   3.163652    32.7958        812     3.3792  0.000e+00
     62.164     5.0665   3.163670    32.7996        813     3.3833  0.000e+00
     62.382     5.0638   3.163311    32.7980        814     3.3875  0.000e+00
     62.601     5.0603   3.161794    32.7840        815     3.3917  0.000e+00
     62.818     5.0522   3.161490    32.7883        816     3.3958  0.000e+00
     63.023     5.0441   3.161131    32.7920        817     3.4000  0.000e+00
     63.226     5.0375   3.160832    32.7950        818     3.4042  0.000e+00
     63.429     5.0309   3.161070    32.8042        819     3.4083  0.000e+00
     63.629     5.0264   3.161149    32.8094        820     3.4125  0.000e+00
     63.830     5.0244   3.160808    32.8073        821     3.4167  0.000e+00
     64.029     5.0218   3.160474    32.8059        822     3.4208  0.000e+00
     64.224     5.0178   3.160352    32.8084        823     3.4250  0.000e+00
     64.419     5.0141   3.160175    32.8099        824     3.4292  0.000e+00
     64.616     5.0109   3.160212    32.8133        825     3.4333  0.000e+00
     64.815     5.0086   3.160230    32.8158        826     3.4375  0.000e+00
     65.020     5.0070   3.160352    32.8186        827     3.4417  0.000e+00
     65.214     5.0062   3.160474    32.8207        828     3.4458  0.000e+00
     65.408     5.0061   3.160389    32.8197        829     3.4500  0.000e+00
     65.601     5.0058   3.160310    32.8190        830     3.4542  0.000e+00
