HB2503/sbe071.cnv
* Sea-Bird SBE 19plus V2 Data File:
* FileName = C:\cruise\data\sbe071.hex
* Software Version Seasave V 7.26.7.121
* Temperature SN = 6128
* Conductivity SN = 6128
* System UpLoad Time = Jun 03 2025 22:04:21
* NMEA Latitude = 42 00.81 N
* NMEA Longitude = 067 41.95 W
* NMEA UTC (Time) = Jun 03 2025  22:02:36
** Ship: Henry Bigelow
** Cruise:  HB2502
** Program:  Spring Bottom Trawl
# nquan = 7
# nvalues = 1974                                  
# units = specified
# name 0 = depSM: Depth [salt water, m]
# name 1 = tv290C: Temperature [ITS-90, deg C]
# name 2 = c0S/m: Conductivity [S/m]
# name 3 = sal00: Salinity, Practical [PSU]
# name 4 = scan: Scan Count
# name 5 = timeM: Time, Elapsed [minutes]
# name 6 = flag:  0.000e+00
# span 0 =     -0.049,     70.850                 
# span 1 =     8.6302,    13.4680                 
# span 2 =   0.007055,   3.823300                 
# span 3 =     0.0449,    33.2063                 
# span 4 =         11,       1984                 
# span 5 =     0.0417,     8.2625                 
# span 6 = 0.0000e+00, 0.0000e+00                 
# interval = seconds: 0.25
# start_time = Jun 03 2025 22:02:36 [NMEA time, header]
# bad_flag = -9.990e-29
*END*
[from data line 1231]
     32.649     9.7854   3.550122    32.5418       1242     5.1708  0.000e+00
     32.614     9.7851   3.549988    32.5408       1243     5.1750  0.000e+00
     32.569     9.7843   3.550096    32.5426       1244     5.1792  0.000e+00
     32.517     9.7839   3.549842    32.5404       1245     5.1833  0.000e+00
     32.456     9.7831   3.549771    32.5405       1246     5.1875  0.000e+00
     32.395     9.7818   3.549784    32.5418       1247     5.1917  0.000e+00
     32.325     9.7810   3.549752    32.5422       1248     5.1958  0.000e+00
     32.250     9.7805   3.549663    32.5418       1249     5.2000  0.000e+00
     32.177     9.7800   3.550428    32.5501       1250     5.2042  0.000e+00
     32.096     9.7815   3.550536    32.5498       1251     5.2083  0.000e+00
     32.021     9.7840   3.550428    32.5465       1252     5.2125  0.000e+00
     31.950     9.7858   3.549860    32.5392       1253     5.2167  0.000e+00
     31.877     9.7853   3.550600    32.5472       1254     5.2208  0.000e+00
     31.808     9.7858   3.550447    32.5452       1255     5.2250  0.000e+00
     31.746     9.7869   3.550466    32.5445       1256     5.2292  0.000e+00
     31.686     9.7870   3.551033    32.5502       1257     5.2333  0.000e+00
     31.633     9.7891   3.551065    32.5486       1258     5.2375  0.000e+00
     31.579     9.7916   3.550969    32.5454       1259     5.2417  0.000e+00
     31.533     9.7925   3.550797    32.5428       1260     5.2458  0.000e+00
     31.487     9.7926   3.550924    32.5440       1261     5.2500  0.000e+00
     31.444     9.7928   3.550880    32.5434       1262     5.2542  0.000e+00
     31.400     9.7931   3.551097    32.5454       1263     5.2583  0.000e+00
     31.349     9.7937   3.551141    32.5453       1264     5.2625  0.000e+00
     31.299     9.7944   3.551077    32.5441       1265     5.2667  0.000e+00
     31.249     9.7948   3.550861    32.5415       1266     5.2708  0.000e+00
     31.197     9.7944   3.550752    32.5409       1267     5.2750  0.000e+00
     31.141     9.7932   3.550861    32.5430       1268     5.2792  0.000e+00
     31.090     9.7928   3.551122    32.5461       1269     5.2833  0.000e+00
     31.030     9.7934   3.551383    32.5482       1270     5.2875  0.000e+00
     30.973     9.7951   3.551383    32.5467       1271     5.2917  0.000e+00
     30.917     9.7966   3.551033    32.5418       1272     5.2958  0.000e+00
     30.870     9.7966   3.551644    32.5481       1273     5.3000  0.000e+00
     30.816     9.7979   3.553926    32.5702       1274     5.3042  0.000e+00
     30.767     9.8061   3.553493    32.5584       1275     5.3083  0.000e+00
     30.723     9.8136   3.554666    32.5635       1276     5.3125  0.000e+00
     30.683     9.8215   3.555845    32.5684       1277     5.3167  0.000e+00
     30.637     9.8313   3.555405    32.5551       1278     5.3208  0.000e+00
     30.598     9.8376   3.555144    32.5468       1279     5.3250  0.000e+00
     30.555     9.8399   3.555488    32.5482       1280     5.3292  0.000e+00
     30.512     9.8423   3.556999    32.5614       1281     5.3333  0.000e+00
     30.475     9.8486   3.557433    32.5602       1282     5.3375  0.000e+00
     30.430     9.8553   3.556910    32.5488       1283     5.3417  0.000e+00
     30.399     9.8588   3.556693    32.5435       1284     5.3458  0.000e+00
     30.354     9.8595   3.556890    32.5448       1285     5.3500  0.000e+00
     30.321     9.8596   3.555908    32.5348       1286     5.3542  0.000e+00
     30.283     9.8578   3.556304    32.5405       1287     5.3583  0.000e+00
     30.250     9.8561   3.556890    32.5480       1288     5.3625  0.000e+00
     30.215     9.8574   3.556648    32.5443       1289     5.3667  0.000e+00
     30.179     9.8583   3.556693    32.5440       1290     5.3708  0.000e+00
     30.135     9.8590   3.559333    32.5703       1291     5.3750  0.000e+00
     30.099     9.8667   3.561177    32.5820       1292     5.3792  0.000e+00
     30.050     9.8800   3.564240    32.6012       1293     5.3833  0.000e+00
     29.998     9.9027   3.565771    32.5963       1294     5.3875  0.000e+00
     29.940     9.9246   3.566403    32.5829       1295     5.3917  0.000e+00
     29.873     9.9426   3.564941    32.5519       1296     5.3958  0.000e+00
     29.808     9.9507   3.565311    32.5484       1297     5.4000  0.000e+00
     29.731     9.9518   3.564500    32.5391       1298     5.4042  0.000e+00
     29.656     9.9518   3.565445    32.5488       1299     5.4083  0.000e+00
     29.572     9.9537   3.565617    32.5489       1300     5.4125  0.000e+00
     29.494     9.9561   3.566122    32.5519       1301     5.4167  0.000e+00
     29.422     9.9594   3.566402    32.5517       1302     5.4208  0.000e+00
     29.345     9.9629   3.567647    32.5613       1303     5.4250  0.000e+00
     29.273     9.9693   3.568152    32.5606       1304     5.4292  0.000e+00
     29.210     9.9765   3.568062    32.5533       1305     5.4333  0.000e+00
     29.149     9.9815   3.567494    32.5430       1306     5.4375  0.000e+00
     29.090     9.9828   3.566249    32.5293       1307     5.4417  0.000e+00
     29.036     9.9786   3.566645    32.5371       1308     5.4458  0.000e+00
     28.988     9.9754   3.567232    32.5459       1309     5.4500  0.000e+00
     28.944     9.9754   3.567385    32.5475       1310     5.4542  0.000e+00
     28.908     9.9771   3.566843    32.5405       1311     5.4583  0.000e+00
     28.872     9.9767   3.567455    32.5471       1312     5.4625  0.000e+00
     28.836     9.9777   3.567909    32.5508       1313     5.4667  0.000e+00
     28.803     9.9807   3.566843    32.5373       1314     5.4708  0.000e+00
     28.765     9.9797   3.567187    32.5418       1315     5.4750  0.000e+00
     28.739     9.9788   3.567277    32.5434       1316     5.4792  0.000e+00
     28.696     9.9785   3.567494    32.5459       1317     5.4833  0.000e+00
     28.658     9.9791   3.567934    32.5499       1318     5.4875  0.000e+00
     28.611     9.9810   3.567845    32.5473       1319     5.4917  0.000e+00
     28.562     9.9825   3.568062    32.5481       1320     5.4958  0.000e+00
     28.500     9.9844   3.567979    32.5456       1321     5.5000  0.000e+00
     28.438     9.9857   3.568304    32.5478       1322     5.5042  0.000e+00
     28.373     9.9871   3.569946    32.5632       1323     5.5083  0.000e+00
     28.304     9.9930   3.570648    32.5650       1324     5.5125  0.000e+00
     28.233    10.0020   3.571849    32.5691       1325     5.5167  0.000e+00
     28.157    10.0113   3.572615    32.5685       1326     5.5208  0.000e+00
     28.086    10.0217   3.572768    32.5607       1327     5.5250  0.000e+00
     28.014    10.0296   3.572506    32.5510       1328     5.5292  0.000e+00
     27.946    10.0342   3.572704    32.5489       1329     5.5333  0.000e+00
     27.877    10.0367   3.572813    32.5478       1330     5.5375  0.000e+00
     27.805    10.0387   3.572685    32.5447       1331     5.5417  0.000e+00
     27.738    10.0396   3.572615    32.5432       1332     5.5458  0.000e+00
     27.677    10.0396   3.572794    32.5450       1333     5.5500  0.000e+00
     27.620    10.0404   3.573950    32.5561       1334     5.5542  0.000e+00
     27.570    10.0445   3.574940    32.5624       1335     5.5583  0.000e+00
     27.518    10.0514   3.575202    32.5589       1336     5.5625  0.000e+00
     27.471    10.0582   3.575707    32.5579       1337     5.5667  0.000e+00
     27.425    10.0642   3.576058    32.5561       1338     5.5708  0.000e+00
     27.385    10.0696   3.576148    32.5521       1339     5.5750  0.000e+00
     27.349    10.0736   3.576167    32.5488       1340     5.5792  0.000e+00
     27.314    10.0761   3.576256    32.5474       1341     5.5833  0.000e+00
     27.278    10.0780   3.576320    32.5464       1342     5.5875  0.000e+00
     27.253    10.0794   3.576231    32.5442       1343     5.5917  0.000e+00
     27.225    10.0801   3.576339    32.5447       1344     5.5958  0.000e+00
     27.202    10.0806   3.576410    32.5450       1345     5.6000  0.000e+00
     27.176    10.0813   3.576454    32.5448       1346     5.6042  0.000e+00
     27.154    10.0818   3.576474    32.5446       1347     5.6083  0.000e+00
     27.125    10.0821   3.576473    32.5443       1348     5.6125  0.000e+00
     27.102    10.0823   3.576493    32.5443       1349     5.6167  0.000e+00
     27.075    10.0826   3.576537    32.5445       1350     5.6208  0.000e+00
     27.040    10.0830   3.576493    32.5437       1351     5.6250  0.000e+00
     27.006    10.0831   3.576563    32.5443       1352     5.6292  0.000e+00
     26.966    10.0833   3.576320    32.5418       1353     5.6333  0.000e+00
     26.915    10.0827   3.576186    32.5409       1354     5.6375  0.000e+00
     26.856    10.0816   3.576122    32.5413       1355     5.6417  0.000e+00
     26.793    10.0805   3.575988    32.5410       1356     5.6458  0.000e+00
     26.722    10.0795   3.576275    32.5448       1357     5.6500  0.000e+00
     26.639    10.0794   3.576122    32.5434       1358     5.6542  0.000e+00
     26.558    10.0792   3.575508    32.5374       1359     5.6583  0.000e+00
     26.477    10.0775   3.575770    32.5417       1360     5.6625  0.000e+00
     26.392    10.0760   3.576147    32.5468       1361     5.6667  0.000e+00
     26.311    10.0767   3.576301    32.5478       1362     5.6708  0.000e+00
     26.235    10.0781   3.576275    32.5462       1363     5.6750  0.000e+00
     26.153    10.0794   3.576339    32.5458       1364     5.6792  0.000e+00
     26.079    10.0802   3.576384    32.5456       1365     5.6833  0.000e+00
     26.021    10.0809   3.576364    32.5448       1366     5.6875  0.000e+00
     25.958    10.0813   3.576518    32.5460       1367     5.6917  0.000e+00
     25.907    10.0821   3.575968    32.5397       1368     5.6958  0.000e+00
     25.854    10.0811   3.575834    32.5393       1369     5.7000  0.000e+00
     25.809    10.0793   3.575968    32.5423       1370     5.7042  0.000e+00
     25.767    10.0783   3.575879    32.5423       1371     5.7083  0.000e+00
     25.729    10.0775   3.575923    32.5435       1372     5.7125  0.000e+00
     25.691    10.0775   3.576230    32.5466       1373     5.7167  0.000e+00
     25.650    10.0782   3.576409    32.5478       1374     5.7208  0.000e+00
     25.610    10.0796   3.576409    32.5466       1375     5.7250  0.000e+00
     25.572    10.0807   3.576409    32.5456       1376     5.7292  0.000e+00
     25.541    10.0814   3.576320    32.5441       1377     5.7333  0.000e+00
     25.508    10.0816   3.576537    32.5461       1378     5.7375  0.000e+00
     25.470    10.0820   3.576537    32.5457       1379     5.7417  0.000e+00
     25.432    10.0828   3.576671    32.5464       1380     5.7458  0.000e+00
     25.405    10.0838   3.576645    32.5452       1381     5.7500  0.000e+00
     25.370    10.0844   3.576671    32.5450       1382     5.7542  0.000e+00
     25.339    10.0848   3.576735    32.5453       1383     5.7583  0.000e+00
     25.303    10.0853   3.576671    32.5443       1384     5.7625  0.000e+00
     25.272    10.0854   3.576799    32.5454       1385     5.7667  0.000e+00
     25.237    10.0859   3.576671    32.5437       1386     5.7708  0.000e+00
     25.202    10.0861   3.576607    32.5429       1387     5.7750  0.000e+00
     25.163    10.0857   3.576812    32.5453       1388     5.7792  0.000e+00
     25.120    10.0859   3.576978    32.5469       1389     5.7833  0.000e+00
     25.069    10.0869   3.577195    32.5482       1390     5.7875  0.000e+00
     25.020    10.0886   3.577150    32.5462       1391     5.7917  0.000e+00
     24.971    10.0896   3.577265    32.5465       1392     5.7958  0.000e+00
     24.919    10.0906   3.577374    32.5467       1393     5.8000  0.000e+00
     24.852    10.0919   3.577374    32.5456       1394     5.8042  0.000e+00
     24.796    10.0926   3.577482    32.5461       1395     5.8083  0.000e+00
     24.734    10.0932   3.577502    32.5458       1396     5.8125  0.000e+00
     24.669    10.0937   3.577176    32.5420       1397     5.8167  0.000e+00
     24.597    10.0934   3.577393    32.5445       1398     5.8208  0.000e+00
     24.530    10.0932   3.577610    32.5469       1399     5.8250  0.000e+00
     24.462    10.0942   3.577457    32.5445       1400     5.8292  0.000e+00
     24.397    10.0946   3.577572    32.5453       1401     5.8333  0.000e+00
     24.328    10.0951   3.577527    32.5445       1402     5.8375  0.000e+00
     24.265    10.0953   3.577418    32.5432       1403     5.8417  0.000e+00
     24.199    10.0951   3.577418    32.5434       1404     5.8458  0.000e+00
     24.139    10.0949   3.577501    32.5445       1405     5.8500  0.000e+00
     24.092    10.0949   3.577527    32.5448       1406     5.8542  0.000e+00
     24.040    10.0949   3.577610    32.5457       1407     5.8583  0.000e+00
     24.000    10.0955   3.577655    32.5456       1408     5.8625  0.000e+00
     23.957    10.0962   3.577591    32.5443       1409     5.8667  0.000e+00
     23.926    10.0962   3.577572    32.5441       1410     5.8708  0.000e+00
     23.895    10.0961   3.577591    32.5444       1411     5.8750  0.000e+00
     23.866    10.0961   3.577546    32.5440       1412     5.8792  0.000e+00
     23.844    10.0962   3.577456    32.5430       1413     5.8833  0.000e+00
     23.813    10.0957   3.577437    32.5432       1414     5.8875  0.000e+00
     23.781    10.0954   3.577482    32.5440       1415     5.8917  0.000e+00
     23.752    10.0952   3.577437    32.5437       1416     5.8958  0.000e+00
     23.723    10.0948   3.577635    32.5461       1417     5.9000  0.000e+00
     23.689    10.0954   3.577680    32.5461       1418     5.9042  0.000e+00
     23.656    10.0961   3.577680    32.5455       1419     5.9083  0.000e+00
     23.616    10.0966   3.577731    32.5455       1420     5.9125  0.000e+00
     23.578    10.0971   3.578230    32.5501       1421     5.9167  0.000e+00
     23.533    10.0992   3.581081    32.5770       1422     5.9208  0.000e+00
     23.489    10.1094   3.579278    32.5497       1423     5.9250  0.000e+00
     23.445    10.1151   3.577725    32.5289       1424     5.9292  0.000e+00
     23.399    10.1106   3.577635    32.5320       1425     5.9333  0.000e+00
     23.352    10.1055   3.578421    32.5446       1426     5.9375  0.000e+00
     23.307    10.1042   3.580160    32.5634       1427     5.9417  0.000e+00
     23.263    10.1102   3.580557    32.5620       1428     5.9458  0.000e+00
     23.220    10.1172   3.580819    32.5583       1429     5.9500  0.000e+00
     23.177    10.1233   3.581126    32.5560       1430     5.9542  0.000e+00
     23.129    10.1280   3.579124    32.5316       1431     5.9583  0.000e+00
     23.079    10.1259   3.578709    32.5293       1432     5.9625  0.000e+00
     23.034    10.1199   3.580710    32.5549       1433     5.9667  0.000e+00
     22.987    10.1220   3.582596    32.5721       1434     5.9708  0.000e+00
     22.940    10.1310   3.580422    32.5421       1435     5.9750  0.000e+00
     22.894    10.1332   3.580486    32.5408       1436     5.9792  0.000e+00
     22.845    10.1312   3.580160    32.5393       1437     5.9833  0.000e+00
     22.806    10.1296   3.580882    32.5481       1438     5.9875  0.000e+00
     22.762    10.1302   3.581848    32.5573       1439     5.9917  0.000e+00
     22.725    10.1344   3.582289    32.5580       1440     5.9958  0.000e+00
     22.692    10.1396   3.582487    32.5553       1441     6.0000  0.000e+00
     22.665    10.1442   3.581918    32.5455       1442     6.0042  0.000e+00
     22.639    10.1453   3.579565    32.5207       1443     6.0083  0.000e+00
     22.618    10.1377   3.579699    32.5289       1444     6.0125  0.000e+00
     22.601    10.1303   3.580243    32.5410       1445     6.0167  0.000e+00
