HB2503/sbe004.cnv
* Sea-Bird SBE 19plus V2 Data File:
* FileName = C:\cruise\data\sbe004.hex
* Software Version Seasave V 7.26.7.121
* Temperature SN = 6128
* Conductivity SN = 6128
* System UpLoad Time = May 28 2025 05:00:53
* NMEA Latitude = 40 26.96 N
* NMEA Longitude = 071 59.85 W
* NMEA UTC (Time) = May 28 2025  04:59:02
** Ship: Henry Bigelow
** Cruise:  HB2502
** Program:  Spring Bottom Trawl
# nquan = 7
# nvalues = 1418                                  
# units = specified
# name 0 = depSM: Depth [salt water, m]
# name 1 = tv290C: Temperature [ITS-90, deg C]
# name 2 = c0S/m: Conductivity [S/m]
# name 3 = sal00: Salinity, Practical [PSU]
# name 4 = scan: Scan Count
# name 5 = timeM: Time, Elapsed [minutes]
# name 6 = flag:  0.000e+00
# span 0 =      0.104,     59.595                 
# span 1 =     5.9788,    13.3161                 
# span 2 =   0.008174,   3.848490                 
# span 3 =     0.0517,    32.9062                 
# span 4 =         11,       1428                 
# span 5 =     0.0417,     5.9458                 
# span 6 = 0.0000e+00, 0.0000e+00                 
# interval = seconds: 0.25
# start_time = May 28 2025 04:59:02 [NMEA time, header]
# bad_flag = -9.990e-29
*END*
[from data line 616]
     49.601     5.9830   3.225483    32.6148        627     2.6083  0.000e+00
     49.499     5.9829   3.225446    32.6145        628     2.6125  0.000e+00
     49.402     5.9829   3.225367    32.6137        629     2.6167  0.000e+00
     49.302     5.9829   3.225342    32.6135        630     2.6208  0.000e+00
     49.208     5.9828   3.225299    32.6131        631     2.6250  0.000e+00
     49.105     5.9828   3.225281    32.6130        632     2.6292  0.000e+00
     49.019     5.9826   3.225201    32.6123        633     2.6333  0.000e+00
     48.928     5.9825   3.225176    32.6121        634     2.6375  0.000e+00
     48.843     5.9824   3.225139    32.6119        635     2.6417  0.000e+00
     48.761     5.9823   3.225139    32.6120        636     2.6458  0.000e+00
     48.680     5.9822   3.225096    32.6117        637     2.6500  0.000e+00
     48.605     5.9819   3.225035    32.6113        638     2.6542  0.000e+00
     48.528     5.9817   3.225053    32.6118        639     2.6583  0.000e+00
     48.457     5.9816   3.225035    32.6117        640     2.6625  0.000e+00
     48.372     5.9815   3.225053    32.6120        641     2.6667  0.000e+00
     48.301     5.9817   3.225035    32.6117        642     2.6708  0.000e+00
     48.217     5.9816   3.224955    32.6109        643     2.6750  0.000e+00
     48.131     5.9814   3.224912    32.6107        644     2.6792  0.000e+00
     48.048     5.9812   3.224931    32.6111        645     2.6833  0.000e+00
     47.954     5.9812   3.224955    32.6115        646     2.6875  0.000e+00
     47.867     5.9812   3.224980    32.6118        647     2.6917  0.000e+00
     47.767     5.9812   3.224955    32.6115        648     2.6958  0.000e+00
     47.667     5.9812   3.224955    32.6116        649     2.7000  0.000e+00
     47.570     5.9813   3.224869    32.6106        650     2.7042  0.000e+00
     47.469     5.9812   3.224894    32.6110        651     2.7083  0.000e+00
     47.375     5.9811   3.224832    32.6104        652     2.7125  0.000e+00
     47.279     5.9809   3.224771    32.6100        653     2.7167  0.000e+00
     47.186     5.9807   3.224771    32.6102        654     2.7208  0.000e+00
     47.099     5.9806   3.224746    32.6101        655     2.7250  0.000e+00
     47.010     5.9804   3.224703    32.6099        656     2.7292  0.000e+00
     46.934     5.9803   3.224685    32.6098        657     2.7333  0.000e+00
     46.858     5.9803   3.224666    32.6096        658     2.7375  0.000e+00
     46.784     5.9801   3.224685    32.6101        659     2.7417  0.000e+00
     46.714     5.9799   3.224709    32.6105        660     2.7458  0.000e+00
     46.646     5.9801   3.224666    32.6099        661     2.7500  0.000e+00
     46.584     5.9801   3.224605    32.6093        662     2.7542  0.000e+00
     46.520     5.9798   3.224623    32.6097        663     2.7583  0.000e+00
     46.459     5.9799   3.224666    32.6102        664     2.7625  0.000e+00
     46.401     5.9798   3.224648    32.6101        665     2.7667  0.000e+00
     46.339     5.9798   3.224623    32.6099        666     2.7708  0.000e+00
     46.282     5.9797   3.224586    32.6095        667     2.7750  0.000e+00
     46.224     5.9797   3.224562    32.6094        668     2.7792  0.000e+00
     46.166     5.9796   3.224623    32.6101        669     2.7833  0.000e+00
     46.098     5.9794   3.224605    32.6101        670     2.7875  0.000e+00
     46.042     5.9795   3.224605    32.6101        671     2.7917  0.000e+00
     45.972     5.9794   3.224543    32.6095        672     2.7958  0.000e+00
     45.900     5.9794   3.224095    32.6046        673     2.8000  0.000e+00
     45.829     5.9795   3.224568    32.6098        674     2.8042  0.000e+00
     45.755     5.9796   3.224543    32.6095        675     2.8083  0.000e+00
     45.678     5.9794   3.224525    32.6095        676     2.8125  0.000e+00
     45.601     5.9794   3.224525    32.6095        677     2.8167  0.000e+00
     45.519     5.9794   3.224525    32.6096        678     2.8208  0.000e+00
     45.432     5.9793   3.224500    32.6094        679     2.8250  0.000e+00
     45.351     5.9793   3.224500    32.6095        680     2.8292  0.000e+00
     45.265     5.9792   3.224463    32.6091        681     2.8333  0.000e+00
     45.184     5.9791   3.224482    32.6095        682     2.8375  0.000e+00
     45.105     5.9791   3.224469    32.6095        683     2.8417  0.000e+00
     45.025     5.9791   3.224439    32.6091        684     2.8458  0.000e+00
     44.951     5.9791   3.224439    32.6091        685     2.8500  0.000e+00
     44.875     5.9791   3.224439    32.6092        686     2.8542  0.000e+00
     44.804     5.9791   3.224420    32.6091        687     2.8583  0.000e+00
     44.739     5.9789   3.224420    32.6092        688     2.8625  0.000e+00
     44.673     5.9791   3.224420    32.6091        689     2.8667  0.000e+00
     44.604     5.9791   3.224420    32.6092        690     2.8708  0.000e+00
     44.544     5.9791   3.224420    32.6092        691     2.8750  0.000e+00
     44.475     5.9789   3.224414    32.6093        692     2.8792  0.000e+00
     44.416     5.9790   3.224402    32.6091        693     2.8833  0.000e+00
     44.355     5.9789   3.224402    32.6092        694     2.8875  0.000e+00
     44.289     5.9791   3.224402    32.6091        695     2.8917  0.000e+00
     44.222     5.9789   3.224377    32.6090        696     2.8958  0.000e+00
     44.162     5.9788   3.224377    32.6091        697     2.9000  0.000e+00
     44.091     5.9788   3.224377    32.6091        698     2.9042  0.000e+00
     44.021     5.9789   3.224377    32.6091        699     2.9083  0.000e+00
     43.950     5.9788   3.224359    32.6090        700     2.9125  0.000e+00
     43.889     5.9788   3.224334    32.6088        701     2.9167  0.000e+00
     43.826     5.9788   3.224359    32.6091        702     2.9208  0.000e+00
     43.759     5.9788   3.224377    32.6093        703     2.9250  0.000e+00
     43.692     5.9788   3.224401    32.6096        704     2.9292  0.000e+00
     43.627     5.9790   3.224377    32.6092        705     2.9333  0.000e+00
     43.565     5.9791   3.224340    32.6087        706     2.9375  0.000e+00
     43.502     5.9789   3.224340    32.6089        707     2.9417  0.000e+00
     43.442     5.9788   3.224438    32.6101        708     2.9458  0.000e+00
     43.379     5.9791   3.224420    32.6097        709     2.9500  0.000e+00
     43.317     5.9793   3.224463    32.6100        710     2.9542  0.000e+00
     43.248     5.9796   3.224469    32.6099        711     2.9583  0.000e+00
     43.186     5.9798   3.224377    32.6086        712     2.9625  0.000e+00
     43.121     5.9797   3.224420    32.6092        713     2.9667  0.000e+00
     43.058     5.9796   3.224420    32.6094        714     2.9708  0.000e+00
     42.993     5.9797   3.224438    32.6095        715     2.9750  0.000e+00
     42.931     5.9798   3.224438    32.6095        716     2.9792  0.000e+00
     42.862     5.9799   3.224481    32.6099        717     2.9833  0.000e+00
     42.791     5.9801   3.224463    32.6096        718     2.9875  0.000e+00
     42.713     5.9802   3.224438    32.6092        719     2.9917  0.000e+00
     42.640     5.9801   3.224377    32.6087        720     2.9958  0.000e+00
     42.557     5.9801   3.224358    32.6085        721     3.0000  0.000e+00
     42.470     5.9800   3.224377    32.6088        722     3.0042  0.000e+00
     42.392     5.9798   3.224376    32.6090        723     3.0083  0.000e+00
     42.306     5.9798   3.224419    32.6096        724     3.0125  0.000e+00
     42.224     5.9799   3.224462    32.6099        725     3.0167  0.000e+00
     42.146     5.9802   3.224438    32.6094        726     3.0208  0.000e+00
     42.072     5.9804   3.224376    32.6086        727     3.0250  0.000e+00
     42.008     5.9803   3.224376    32.6088        728     3.0292  0.000e+00
     41.941     5.9801   3.224395    32.6092        729     3.0333  0.000e+00
     41.880     5.9801   3.224358    32.6088        730     3.0375  0.000e+00
     41.822     5.9799   3.224339    32.6088        731     3.0417  0.000e+00
     41.764     5.9799   3.224339    32.6089        732     3.0458  0.000e+00
     41.706     5.9798   3.224339    32.6090        733     3.0500  0.000e+00
     41.655     5.9798   3.224339    32.6090        734     3.0542  0.000e+00
     41.603     5.9797   3.224419    32.6100        735     3.0583  0.000e+00
     41.550     5.9799   3.224401    32.6096        736     3.0625  0.000e+00
     41.498     5.9802   3.224401    32.6093        737     3.0667  0.000e+00
     41.455     5.9802   3.224352    32.6088        738     3.0708  0.000e+00
     41.400     5.9802   3.224296    32.6083        739     3.0750  0.000e+00
     41.352     5.9798   3.224401    32.6098        740     3.0792  0.000e+00
     41.295     5.9800   3.224419    32.6099        741     3.0833  0.000e+00
     41.239     5.9803   3.224622    32.6119        742     3.0875  0.000e+00
     41.183     5.9810   3.224585    32.6108        743     3.0917  0.000e+00
     41.125     5.9819   3.224542    32.6095        744     3.0958  0.000e+00
     41.067     5.9822   3.224437    32.6081        745     3.1000  0.000e+00
     41.004     5.9819   3.224499    32.6091        746     3.1042  0.000e+00
     40.945     5.9819   3.224511    32.6092        747     3.1083  0.000e+00
     40.876     5.9819   3.224358    32.6075        748     3.1125  0.000e+00
     40.811     5.9815   3.224480    32.6094        749     3.1167  0.000e+00
     40.735     5.9814   3.224400    32.6086        750     3.1208  0.000e+00
     40.661     5.9813   3.224376    32.6084        751     3.1250  0.000e+00
     40.582     5.9810   3.224376    32.6087        752     3.1292  0.000e+00
     40.508     5.9809   3.224296    32.6080        753     3.1333  0.000e+00
     40.427     5.9807   3.224419    32.6097        754     3.1375  0.000e+00
     40.351     5.9807   3.224603    32.6118        755     3.1417  0.000e+00
     40.271     5.9815   3.224603    32.6109        756     3.1458  0.000e+00
     40.193     5.9823   3.224683    32.6112        757     3.1500  0.000e+00
     40.116     5.9831   3.225094    32.6150        758     3.1542  0.000e+00
     40.044     5.9849   3.225382    32.6166        759     3.1583  0.000e+00
     39.972     5.9877   3.226076    32.6217        760     3.1625  0.000e+00
     39.903     5.9917   3.225505    32.6114        761     3.1667  0.000e+00
     39.833     5.9934   3.225787    32.6130        762     3.1708  0.000e+00
     39.766     5.9945   3.226260    32.6172        763     3.1750  0.000e+00
     39.707     5.9976   3.226284    32.6146        764     3.1792  0.000e+00
     39.635     6.0000   3.226935    32.6196        765     3.1833  0.000e+00
     39.573     6.0033   3.227291    32.6205        766     3.1875  0.000e+00
     39.516     6.0078   3.228291    32.6273        767     3.1917  0.000e+00
     39.458     6.0139   3.228371    32.6224        768     3.1958  0.000e+00
     39.402     6.0198   3.229599    32.6304        769     3.2000  0.000e+00
     39.344     6.0271   3.230035    32.6284        770     3.2042  0.000e+00
     39.282     6.0352   3.230526    32.6261        771     3.2083  0.000e+00
     39.228     6.0418   3.231404    32.6295        772     3.2125  0.000e+00
     39.163     6.0495   3.232411    32.6334        773     3.2167  0.000e+00
     39.096     6.0591   3.232982    32.6307        774     3.2208  0.000e+00
     39.035     6.0677   3.233744    32.6309        775     3.2250  0.000e+00
     38.962     6.0767   3.233952    32.6246        776     3.2292  0.000e+00
     38.888     6.0841   3.234364    32.6221        777     3.2333  0.000e+00
     38.815     6.0896   3.234812    32.6219        778     3.2375  0.000e+00
     38.742     6.0953   3.235365    32.6226        779     3.2417  0.000e+00
     38.668     6.1010   3.235433    32.6179        780     3.2458  0.000e+00
     38.592     6.1055   3.235826    32.6181        781     3.2500  0.000e+00
     38.529     6.1095   3.236250    32.6190        782     3.2542  0.000e+00
     38.461     6.1138   3.236416    32.6167        783     3.2583  0.000e+00
     38.392     6.1175   3.236748    32.6169        784     3.2625  0.000e+00
     38.334     6.1211   3.236827    32.6143        785     3.2667  0.000e+00
     38.270     6.1238   3.236784    32.6113        786     3.2708  0.000e+00
     38.207     6.1256   3.236827    32.6101        787     3.2750  0.000e+00
     38.150     6.1266   3.236919    32.6102        788     3.2792  0.000e+00
     38.090     6.1277   3.237319    32.6135        789     3.2833  0.000e+00
     38.040     6.1299   3.237915    32.6182        790     3.2875  0.000e+00
     37.982     6.1336   3.238161    32.6174        791     3.2917  0.000e+00
     37.925     6.1376   3.238511    32.6174        792     3.2958  0.000e+00
     37.877     6.1415   3.238800    32.6170        793     3.3000  0.000e+00
     37.824     6.1454   3.239107    32.6167        794     3.3042  0.000e+00
     37.768     6.1493   3.239537    32.6177        795     3.3083  0.000e+00
     37.719     6.1534   3.240201    32.6212        796     3.3125  0.000e+00
     37.674     6.1587   3.241105    32.6263        797     3.3167  0.000e+00
     37.627     6.1663   3.241763    32.6264        798     3.3208  0.000e+00
     37.583     6.1742   3.241929    32.6206        799     3.3250  0.000e+00
     37.537     6.1807   3.242052    32.6158        800     3.3292  0.000e+00
     37.488     6.1852   3.242138    32.6124        801     3.3333  0.000e+00
     37.436     6.1886   3.242181    32.6097        802     3.3375  0.000e+00
     37.382     6.1907   3.242095    32.6067        803     3.3417  0.000e+00
     37.325     6.1917   3.242033    32.6051        804     3.3458  0.000e+00
     37.269     6.1919   3.241763    32.6019        805     3.3500  0.000e+00
     37.200     6.1912   3.242156    32.6070        806     3.3542  0.000e+00
     37.131     6.1916   3.242427    32.6096        807     3.3583  0.000e+00
     37.061     6.1939   3.243294    32.6172        808     3.3625  0.000e+00
     36.984     6.1982   3.243700    32.6175        809     3.3667  0.000e+00
     36.917     6.2038   3.244155    32.6173        810     3.3708  0.000e+00
     36.839     6.2098   3.244567    32.6162        811     3.3750  0.000e+00
     36.771     6.2154   3.244357    32.6085        812     3.3792  0.000e+00
     36.700     6.2186   3.244917    32.6117        813     3.3833  0.000e+00
     36.627     6.2224   3.246424    32.6249        814     3.3875  0.000e+00
     36.559     6.2306   3.247446    32.6284        815     3.3917  0.000e+00
     36.489     6.2409   3.248135    32.6262        816     3.3958  0.000e+00
     36.426     6.2512   3.248073    32.6157        817     3.4000  0.000e+00
     36.359     6.2584   3.248731    32.6161        818     3.4042  0.000e+00
     36.291     6.2648   3.249537    32.6190        819     3.4083  0.000e+00
     36.225     6.2722   3.250738    32.6253        820     3.4125  0.000e+00
     36.167     6.2821   3.251686    32.6263        821     3.4167  0.000e+00
     36.104     6.2936   3.252184    32.6209        822     3.4208  0.000e+00
     36.042     6.3034   3.252369    32.6136        823     3.4250  0.000e+00
     35.982     6.3108   3.252719    32.6104        824     3.4292  0.000e+00
     35.922     6.3166   3.252990    32.6079        825     3.4333  0.000e+00
     35.875     6.3213   3.252978    32.6033        826     3.4375  0.000e+00
     35.827     6.3247   3.252781    32.5978        827     3.4417  0.000e+00
     35.771     6.3262   3.252929    32.5981        828     3.4458  0.000e+00
     35.723     6.3267   3.253113    32.5997        829     3.4500  0.000e+00
     35.678     6.3281   3.253193    32.5993        830     3.4542  0.000e+00
