HB2503/sbe021.cnv
* Sea-Bird SBE 19plus V2 Data File:
* FileName = C:\cruise\data\sbe021.hex
* Software Version Seasave V 7.26.7.121
* Temperature SN = 6128
* Conductivity SN = 6128
* System UpLoad Time = May 29 2025 22:02:18
* NMEA Latitude = 37 42.91 N
* NMEA Longitude = 074 15.05 W
* NMEA UTC (Time) = May 29 2025  22:00:29
** Ship: Henry Bigelow
** Cruise:  HB2502
** Program:  Spring Bottom Trawl
# nquan = 7
# nvalues = 2315                                  
# units = specified
# name 0 = depSM: Depth [salt water, m]
# name 1 = tv290C: Temperature [ITS-90, deg C]
# name 2 = c0S/m: Conductivity [S/m]
# name 3 = sal00: Salinity, Practical [PSU]
# name 4 = scan: Scan Count
# name 5 = timeM: Time, Elapsed [minutes]
# name 6 = flag:  0.000e+00
# span 0 =     -0.233,    103.681                 
# span 1 =     6.9099,    19.3828                 
# span 2 =   0.008849,   4.292418                 
# span 3 =     0.0504,    33.4659                 
# span 4 =         11,       2325                 
# span 5 =     0.0417,     9.6833                 
# span 6 = 0.0000e+00, 0.0000e+00                 
# interval = seconds: 0.25
# start_time = May 29 2025 22:00:29 [NMEA time, header]
# bad_flag = -9.990e-29
*END*
[from data line 821]
     98.752     7.1343   3.388302    33.2807        832     3.4625  0.000e+00
     98.666     7.1320   3.388076    33.2804        833     3.4667  0.000e+00
     98.585     7.1298   3.387845    33.2802        834     3.4708  0.000e+00
     98.498     7.1276   3.387051    33.2736        835     3.4750  0.000e+00
     98.406     7.1241   3.385399    33.2591        836     3.4792  0.000e+00
     98.310     7.1175   3.383817    33.2482        837     3.4833  0.000e+00
     98.207     7.1085   3.383273    33.2510        838     3.4875  0.000e+00
     98.107     7.1007   3.382442    33.2495        839     3.4917  0.000e+00
     98.007     7.0938   3.382042    33.2518        840     3.4958  0.000e+00
     97.911     7.0880   3.381823    33.2551        841     3.5000  0.000e+00
     97.820     7.0839   3.381417    33.2546        842     3.5042  0.000e+00
     97.732     7.0806   3.381067    33.2540        843     3.5083  0.000e+00
     97.650     7.0777   3.380723    33.2531        844     3.5125  0.000e+00
     97.570     7.0750   3.380242    33.2504        845     3.5167  0.000e+00
     97.495     7.0723   3.379923    33.2497        846     3.5208  0.000e+00
     97.427     7.0697   3.379692    33.2496        847     3.5250  0.000e+00
     97.356     7.0673   3.379273    33.2474        848     3.5292  0.000e+00
     97.291     7.0650   3.378767    33.2442        849     3.5333  0.000e+00
     97.220     7.0622   3.378479    33.2437        850     3.5375  0.000e+00
     97.153     7.0595   3.378211    33.2435        851     3.5417  0.000e+00
     97.080     7.0571   3.377979    33.2433        852     3.5458  0.000e+00
     97.004     7.0552   3.377679    33.2418        853     3.5500  0.000e+00
     96.926     7.0532   3.377117    33.2377        854     3.5542  0.000e+00
     96.840     7.0506   3.376661    33.2353        855     3.5583  0.000e+00
     96.755     7.0478   3.376405    33.2352        856     3.5625  0.000e+00
     96.666     7.0454   3.375905    33.2321        857     3.5667  0.000e+00
     96.575     7.0429   3.375711    33.2324        858     3.5708  0.000e+00
     96.495     7.0407   3.375649    33.2339        859     3.5750  0.000e+00
     96.421     7.0392   3.375461    33.2334        860     3.5792  0.000e+00
     96.352     7.0381   3.375430    33.2341        861     3.5833  0.000e+00
     96.285     7.0375   3.375362    33.2340        862     3.5875  0.000e+00
     96.219     7.0369   3.375324    33.2341        863     3.5917  0.000e+00
     96.165     7.0368   3.375237    33.2333        864     3.5958  0.000e+00
     96.105     7.0365   3.375174    33.2329        865     3.6000  0.000e+00
     96.054     7.0364   3.375118    33.2325        866     3.6042  0.000e+00
     96.001     7.0363   3.375043    33.2318        867     3.6083  0.000e+00
     95.949     7.0362   3.374974    33.2311        868     3.6125  0.000e+00
     95.887     7.0362   3.374868    33.2300        869     3.6167  0.000e+00
     95.827     7.0361   3.374805    33.2295        870     3.6208  0.000e+00
     95.759     7.0362   3.374787    33.2292        871     3.6250  0.000e+00
     95.690     7.0363   3.374768    33.2289        872     3.6292  0.000e+00
     95.622     7.0362   3.374743    33.2287        873     3.6333  0.000e+00
     95.546     7.0364   3.374768    33.2289        874     3.6375  0.000e+00
     95.474     7.0367   3.374787    33.2288        875     3.6417  0.000e+00
     95.392     7.0370   3.374805    33.2287        876     3.6458  0.000e+00
     95.309     7.0376   3.375174    33.2323        877     3.6500  0.000e+00
     95.220     7.0394   3.375317    33.2321        878     3.6542  0.000e+00
     95.131     7.0418   3.375455    33.2314        879     3.6583  0.000e+00
     95.042     7.0440   3.375473    33.2295        880     3.6625  0.000e+00
     94.953     7.0458   3.375505    33.2282        881     3.6667  0.000e+00
     94.860     7.0468   3.375648    33.2288        882     3.6708  0.000e+00
     94.775     7.0480   3.375605    33.2272        883     3.6750  0.000e+00
     94.686     7.0485   3.375386    33.2243        884     3.6792  0.000e+00
     94.603     7.0484   3.375255    33.2231        885     3.6833  0.000e+00
     94.524     7.0475   3.375542    33.2271        886     3.6875  0.000e+00
     94.448     7.0476   3.375629    33.2280        887     3.6917  0.000e+00
     94.375     7.0488   3.375817    33.2290        888     3.6958  0.000e+00
     94.308     7.0499   3.375686    33.2265        889     3.7000  0.000e+00
     94.244     7.0506   3.375648    33.2254        890     3.7042  0.000e+00
     94.183     7.0509   3.375586    33.2245        891     3.7083  0.000e+00
     94.132     7.0507   3.375604    33.2249        892     3.7125  0.000e+00
     94.081     7.0504   3.375567    33.2248        893     3.7167  0.000e+00
     94.036     7.0502   3.375692    33.2264        894     3.7208  0.000e+00
     93.993     7.0506   3.375829    33.2275        895     3.7250  0.000e+00
     93.946     7.0514   3.375623    33.2245        896     3.7292  0.000e+00
     93.897     7.0516   3.375567    33.2238        897     3.7333  0.000e+00
     93.846     7.0512   3.375542    33.2239        898     3.7375  0.000e+00
     93.788     7.0507   3.375542    33.2244        899     3.7417  0.000e+00
     93.734     7.0504   3.375579    33.2251        900     3.7458  0.000e+00
     93.676     7.0504   3.375523    33.2246        901     3.7500  0.000e+00
     93.605     7.0502   3.375560    33.2252        902     3.7542  0.000e+00
     93.542     7.0502   3.375585    33.2255        903     3.7583  0.000e+00
     93.475     7.0503   3.375648    33.2261        904     3.7625  0.000e+00
     93.403     7.0507   3.375773    33.2271        905     3.7667  0.000e+00
     93.338     7.0516   3.375798    33.2265        906     3.7708  0.000e+00
     93.258     7.0523   3.375810    33.2260        907     3.7750  0.000e+00
     93.187     7.0530   3.375841    33.2258        908     3.7792  0.000e+00
     93.112     7.0535   3.375904    33.2260        909     3.7833  0.000e+00
     93.043     7.0542   3.375935    33.2257        910     3.7875  0.000e+00
     92.971     7.0549   3.375972    33.2254        911     3.7917  0.000e+00
     92.900     7.0554   3.376035    33.2257        912     3.7958  0.000e+00
     92.831     7.0561   3.376035    33.2250        913     3.8000  0.000e+00
     92.769     7.0567   3.376054    33.2247        914     3.8042  0.000e+00
     92.705     7.0572   3.376097    33.2248        915     3.8083  0.000e+00
     92.645     7.0575   3.376178    33.2253        916     3.8125  0.000e+00
     92.586     7.0581   3.376210    33.2251        917     3.8167  0.000e+00
     92.531     7.0589   3.376241    33.2248        918     3.8208  0.000e+00
     92.478     7.0596   3.376228    33.2240        919     3.8250  0.000e+00
     92.424     7.0599   3.376260    33.2240        920     3.8292  0.000e+00
     92.364     7.0602   3.376316    33.2244        921     3.8333  0.000e+00
     92.297     7.0607   3.376403    33.2249        922     3.8375  0.000e+00
     92.230     7.0614   3.376528    33.2256        923     3.8417  0.000e+00
     92.156     7.0627   3.376609    33.2253        924     3.8458  0.000e+00
     92.084     7.0642   3.376641    33.2242        925     3.8500  0.000e+00
     92.007     7.0654   3.376653    33.2233        926     3.8542  0.000e+00
     91.930     7.0663   3.376640    33.2223        927     3.8583  0.000e+00
     91.851     7.0669   3.376672    33.2221        928     3.8625  0.000e+00
     91.780     7.0674   3.376703    33.2220        929     3.8667  0.000e+00
     91.707     7.0678   3.376672    33.2213        930     3.8708  0.000e+00
     91.649     7.0681   3.376684    33.2212        931     3.8750  0.000e+00
     91.597     7.0683   3.376672    33.2209        932     3.8792  0.000e+00
     91.546     7.0683   3.376684    33.2210        933     3.8833  0.000e+00
     91.499     7.0685   3.376734    33.2213        934     3.8875  0.000e+00
     91.455     7.0687   3.376728    33.2212        935     3.8917  0.000e+00
     91.409     7.0688   3.376734    33.2211        936     3.8958  0.000e+00
     91.360     7.0691   3.376809    33.2217        937     3.9000  0.000e+00
     91.311     7.0694   3.376996    33.2235        938     3.9042  0.000e+00
     91.249     7.0705   3.377265    33.2253        939     3.9083  0.000e+00
     91.180     7.0727   3.377327    33.2240        940     3.9125  0.000e+00
     91.102     7.0749   3.377490    33.2237        941     3.9167  0.000e+00
     91.027     7.0767   3.377046    33.2171        942     3.9208  0.000e+00
     90.941     7.0767   3.376977    33.2164        943     3.9250  0.000e+00
     90.858     7.0756   3.377115    33.2190        944     3.9292  0.000e+00
     90.767     7.0752   3.377471    33.2234        945     3.9333  0.000e+00
     90.682     7.0768   3.377802    33.2254        946     3.9375  0.000e+00
     90.602     7.0804   3.377902    33.2231        947     3.9417  0.000e+00
     90.527     7.0834   3.377846    33.2197        948     3.9458  0.000e+00
     90.469     7.0851   3.377839    33.2179        949     3.9500  0.000e+00
     90.418     7.0858   3.377802    33.2169        950     3.9542  0.000e+00
     90.364     7.0863   3.377883    33.2173        951     3.9583  0.000e+00
     90.318     7.0865   3.377914    33.2175        952     3.9625  0.000e+00
     90.273     7.0869   3.377939    33.2174        953     3.9667  0.000e+00
     90.229     7.0876   3.377996    33.2173        954     3.9708  0.000e+00
     90.184     7.0883   3.378045    33.2172        955     3.9750  0.000e+00
     90.133     7.0892   3.378039    33.2164        956     3.9792  0.000e+00
     90.079     7.0897   3.377964    33.2151        957     3.9833  0.000e+00
     90.021     7.0898   3.377995    33.2154        958     3.9875  0.000e+00
     89.961     7.0898   3.378002    33.2154        959     3.9917  0.000e+00
     89.899     7.0900   3.378020    33.2155        960     3.9958  0.000e+00
     89.835     7.0902   3.378002    33.2151        961     4.0000  0.000e+00
     89.774     7.0904   3.377995    33.2149        962     4.0042  0.000e+00
     89.714     7.0907   3.378002    33.2147        963     4.0083  0.000e+00
     89.652     7.0907   3.378020    33.2149        964     4.0125  0.000e+00
     89.590     7.0908   3.378002    33.2146        965     4.0167  0.000e+00
     89.527     7.0909   3.377976    33.2143        966     4.0208  0.000e+00
     89.468     7.0910   3.377964    33.2142        967     4.0250  0.000e+00
     89.406     7.0911   3.377914    33.2135        968     4.0292  0.000e+00
     89.338     7.0913   3.377901    33.2132        969     4.0333  0.000e+00
     89.271     7.0914   3.377889    33.2130        970     4.0375  0.000e+00
     89.187     7.0913   3.377883    33.2131        971     4.0417  0.000e+00
     89.119     7.0913   3.377889    33.2132        972     4.0458  0.000e+00
     89.035     7.0911   3.377858    33.2131        973     4.0500  0.000e+00
     88.952     7.0910   3.377845    33.2131        974     4.0542  0.000e+00
     88.866     7.0912   3.377795    33.2123        975     4.0583  0.000e+00
     88.776     7.0916   3.377801    33.2121        976     4.0625  0.000e+00
     88.685     7.0917   3.377783    33.2118        977     4.0667  0.000e+00
     88.612     7.0919   3.377776    33.2116        978     4.0708  0.000e+00
     88.540     7.0918   3.377739    33.2114        979     4.0750  0.000e+00
     88.471     7.0918   3.377676    33.2107        980     4.0792  0.000e+00
     88.414     7.0916   3.377607    33.2101        981     4.0833  0.000e+00
     88.364     7.0914   3.377657    33.2109        982     4.0875  0.000e+00
     88.316     7.0914   3.377651    33.2109        983     4.0917  0.000e+00
     88.281     7.0912   3.377614    33.2106        984     4.0958  0.000e+00
     88.243     7.0912   3.377520    33.2097        985     4.1000  0.000e+00
     88.212     7.0911   3.377470    33.2093        986     4.1042  0.000e+00
     88.180     7.0908   3.377439    33.2092        987     4.1083  0.000e+00
     88.146     7.0908   3.377407    33.2089        988     4.1125  0.000e+00
     88.109     7.0908   3.377414    33.2090        989     4.1167  0.000e+00
     88.069     7.0907   3.377370    33.2086        990     4.1208  0.000e+00
     88.028     7.0907   3.377370    33.2086        991     4.1250  0.000e+00
     87.979     7.0907   3.377345    33.2084        992     4.1292  0.000e+00
     87.923     7.0905   3.377282    33.2079        993     4.1333  0.000e+00
     87.863     7.0905   3.377264    33.2077        994     4.1375  0.000e+00
     87.798     7.0903   3.377245    33.2078        995     4.1417  0.000e+00
     87.713     7.0903   3.377139    33.2066        996     4.1458  0.000e+00
     87.617     7.0900   3.377070    33.2062        997     4.1500  0.000e+00
     87.497     7.0899   3.376995    33.2056        998     4.1542  0.000e+00
     87.375     7.0894   3.376939    33.2055        999     4.1583  0.000e+00
     87.249     7.0892   3.376895    33.2052       1000     4.1625  0.000e+00
     87.118     7.0890   3.376851    33.2050       1001     4.1667  0.000e+00
     86.999     7.0888   3.376607    33.2026       1002     4.1708  0.000e+00
     86.877     7.0883   3.376401    33.2009       1003     4.1750  0.000e+00
     86.758     7.0878   3.376364    33.2011       1004     4.1792  0.000e+00
     86.645     7.0871   3.376551    33.2038       1005     4.1833  0.000e+00
     86.549     7.0870   3.376320    33.2014       1006     4.1875  0.000e+00
     86.460     7.0870   3.376376    33.2021       1007     4.1917  0.000e+00
     86.383     7.0867   3.376301    33.2016       1008     4.1958  0.000e+00
     86.305     7.0866   3.376226    33.2009       1009     4.2000  0.000e+00
     86.243     7.0865   3.376220    33.2010       1010     4.2042  0.000e+00
     86.185     7.0862   3.376164    33.2007       1011     4.2083  0.000e+00
     86.127     7.0862   3.376164    33.2007       1012     4.2125  0.000e+00
     86.074     7.0859   3.376139    33.2008       1013     4.2167  0.000e+00
     86.022     7.0859   3.376120    33.2006       1014     4.2208  0.000e+00
     85.968     7.0859   3.376138    33.2008       1015     4.2250  0.000e+00
     85.913     7.0857   3.376076    33.2003       1016     4.2292  0.000e+00
     85.851     7.0857   3.376014    33.1997       1017     4.2333  0.000e+00
     85.787     7.0857   3.375945    33.1990       1018     4.2375  0.000e+00
     85.717     7.0853   3.375870    33.1986       1019     4.2417  0.000e+00
     85.635     7.0850   3.375926    33.1995       1020     4.2458  0.000e+00
     85.552     7.0849   3.375870    33.1990       1021     4.2500  0.000e+00
     85.454     7.0847   3.375751    33.1979       1022     4.2542  0.000e+00
     85.358     7.0846   3.375457    33.1949       1023     4.2583  0.000e+00
     85.250     7.0840   3.375301    33.1938       1024     4.2625  0.000e+00
     85.138     7.0833   3.375051    33.1919       1025     4.2667  0.000e+00
     85.022     7.0821   3.374889    33.1913       1026     4.2708  0.000e+00
     84.901     7.0810   3.374333    33.1863       1027     4.2750  0.000e+00
     84.772     7.0791   3.373334    33.1773       1028     4.2792  0.000e+00
     84.653     7.0753   3.372528    33.1722       1029     4.2833  0.000e+00
     84.534     7.0701   3.372384    33.1757       1030     4.2875  0.000e+00
     84.420     7.0660   3.372403    33.1799       1031     4.2917  0.000e+00
     84.313     7.0634   3.372453    33.1830       1032     4.2958  0.000e+00
     84.215     7.0622   3.372491    33.1847       1033     4.3000  0.000e+00
     84.128     7.0615   3.372384    33.1841       1034     4.3042  0.000e+00
     84.048     7.0607   3.372266    33.1837       1035     4.3083  0.000e+00
