HB2503/sbe043.cnv
* Sea-Bird SBE 19plus V2 Data File:
* FileName = C:\cruise\data\sbe043.hex
* Software Version Seasave V 7.26.7.121
* Temperature SN = 6128
* Conductivity SN = 6128
* System UpLoad Time = Jun 01 2025 04:06:43
* NMEA Latitude = 41 07.62 N
* NMEA Longitude = 070 58.71 W
* NMEA UTC (Time) = Jun 01 2025  04:04:56
** Ship: Henry Bigelow
** Cruise:  HB2502
** Program:  Spring Bottom Trawl
# nquan = 7
# nvalues = 1504                                  
# units = specified
# name 0 = depSM: Depth [salt water, m]
# name 1 = tv290C: Temperature [ITS-90, deg C]
# name 2 = c0S/m: Conductivity [S/m]
# name 3 = sal00: Salinity, Practical [PSU]
# name 4 = scan: Scan Count
# name 5 = timeM: Time, Elapsed [minutes]
# name 6 = flag:  0.000e+00
# span 0 =     -0.097,     30.351                 
# span 1 =     9.5421,    12.5689                 
# span 2 =   0.006324,   3.756851                 
# span 3 =     0.0412,    32.5279                 
# span 4 =         11,       1514                 
# span 5 =     0.0417,     6.3042                 
# span 6 = 0.0000e+00, 0.0000e+00                 
# interval = seconds: 0.25
# start_time = Jun 01 2025 04:04:56 [NMEA time, header]
# bad_flag = -9.990e-29
*END*
[from data line 1026]
     14.277    11.7248   3.680900    32.1353       1037     4.3167  0.000e+00
     14.150    11.7314   3.683208    32.1521       1038     4.3208  0.000e+00
     14.025    11.7450   3.684230    32.1503       1039     4.3250  0.000e+00
     13.906    11.7607   3.684436    32.1388       1040     4.3292  0.000e+00
     13.790    11.7734   3.686066    32.1436       1041     4.3333  0.000e+00
     13.686    11.7873   3.686234    32.1333       1042     4.3375  0.000e+00
     13.596    11.7984   3.687004    32.1312       1043     4.3417  0.000e+00
     13.511    11.8081   3.688298    32.1354       1044     4.3458  0.000e+00
     13.439    11.8193   3.689074    32.1332       1045     4.3500  0.000e+00
     13.361    11.8312   3.689773    32.1298       1046     4.3542  0.000e+00
     13.290    11.8420   3.690575    32.1282       1047     4.3583  0.000e+00
     13.221    11.8522   3.691235    32.1258       1048     4.3625  0.000e+00
     13.165    11.8619   3.691623    32.1212       1049     4.3667  0.000e+00
     13.111    11.8702   3.691157    32.1096       1050     4.3708  0.000e+00
     13.062    11.8740   3.691642    32.1110       1051     4.3750  0.000e+00
     13.026    11.8769   3.691597    32.1082       1052     4.3792  0.000e+00
     13.006    11.8789   3.691804    32.1084       1053     4.3833  0.000e+00
     12.981    11.8806   3.692069    32.1095       1054     4.3875  0.000e+00
     12.974    11.8829   3.692147    32.1083       1055     4.3917  0.000e+00
     12.981    11.8848   3.691869    32.1039       1056     4.3958  0.000e+00
     12.990    11.8852   3.692005    32.1049       1057     4.4000  0.000e+00
     13.010    11.8852   3.692134    32.1062       1058     4.4042  0.000e+00
     13.032    11.8861   3.692192    32.1059       1059     4.4083  0.000e+00
     13.053    11.8869   3.691959    32.1030       1060     4.4125  0.000e+00
     13.082    11.8867   3.692121    32.1047       1061     4.4167  0.000e+00
     13.122    11.8868   3.692781    32.1110       1062     4.4208  0.000e+00
     13.174    11.8892   3.692898    32.1100       1063     4.4250  0.000e+00
     13.227    11.8922   3.692283    32.1015       1064     4.4292  0.000e+00
     13.281    11.8922   3.691506    32.0940       1065     4.4333  0.000e+00
     13.332    11.8883   3.691183    32.0942       1066     4.4375  0.000e+00
     13.386    11.8835   3.690846    32.0950       1067     4.4417  0.000e+00
     13.435    11.8784   3.690710    32.0981       1068     4.4458  0.000e+00
     13.469    11.8745   3.691054    32.1048       1069     4.4500  0.000e+00
     13.503    11.8729   3.692057    32.1158       1070     4.4542  0.000e+00
     13.521    11.8758   3.693215    32.1245       1071     4.4583  0.000e+00
     13.526    11.8831   3.693902    32.1248       1072     4.4625  0.000e+00
     13.523    11.8920   3.694445    32.1225       1073     4.4667  0.000e+00
     13.504    11.9000   3.695514    32.1258       1074     4.4708  0.000e+00
     13.461    11.9100   3.698408    32.1452       1075     4.4750  0.000e+00
     13.407    11.9276   3.699555    32.1412       1076     4.4792  0.000e+00
     13.331    11.9463   3.700034    32.1297       1077     4.4833  0.000e+00
     13.242    11.9618   3.703429    32.1492       1078     4.4875  0.000e+00
     13.134    11.9831   3.704511    32.1413       1079     4.4917  0.000e+00
     13.024    12.0049   3.704167    32.1192       1080     4.4958  0.000e+00
     12.904    12.0186   3.701128    32.0782       1081     4.5000  0.000e+00
     12.781    12.0170   3.703713    32.1046       1082     4.5042  0.000e+00
     12.669    12.0187   3.707026    32.1351       1083     4.5083  0.000e+00
     12.571    12.0339   3.705334    32.1057       1084     4.5125  0.000e+00
     12.479    12.0431   3.706753    32.1115       1085     4.5167  0.000e+00
     12.407    12.0522   3.711013    32.1448       1086     4.5208  0.000e+00
     12.345    12.0710   3.711694    32.1351       1087     4.5250  0.000e+00
     12.314    12.0927   3.712018    32.1196       1088     4.5292  0.000e+00
     12.300    12.1084   3.712167    32.1076       1089     4.5333  0.000e+00
     12.314    12.1181   3.712498    32.1024       1090     4.5375  0.000e+00
     12.339    12.1249   3.712634    32.0979       1091     4.5417  0.000e+00
     12.382    12.1297   3.712219    32.0897       1092     4.5458  0.000e+00
     12.433    12.1314   3.711603    32.0823       1093     4.5500  0.000e+00
     12.480    12.1298   3.710798    32.0760       1094     4.5542  0.000e+00
     12.527    12.1252   3.710163    32.0738       1095     4.5583  0.000e+00
     12.569    12.1185   3.710948    32.0870       1096     4.5625  0.000e+00
     12.612    12.1159   3.711811    32.0976       1097     4.5667  0.000e+00
     12.657    12.1185   3.712317    32.1002       1098     4.5708  0.000e+00
     12.686    12.1228   3.711558    32.0891       1099     4.5750  0.000e+00
     12.700    12.1239   3.711032    32.0832       1100     4.5792  0.000e+00
     12.702    12.1220   3.710708    32.0817       1101     4.5833  0.000e+00
     12.682    12.1188   3.711811    32.0951       1102     4.5875  0.000e+00
     12.658    12.1198   3.713718    32.1126       1103     4.5917  0.000e+00
     12.623    12.1279   3.715223    32.1201       1104     4.5958  0.000e+00
     12.581    12.1400   3.714516    32.1029       1105     4.6000  0.000e+00
     12.530    12.1476   3.711123    32.0638       1106     4.6042  0.000e+00
     12.478    12.1406   3.708152    32.0412       1107     4.6083  0.000e+00
     12.416    12.1226   3.709612    32.0707       1108     4.6125  0.000e+00
     12.354    12.1108   3.714445    32.1274       1109     4.6167  0.000e+00
     12.284    12.1209   3.715969    32.1335       1110     4.6208  0.000e+00
     12.208    12.1402   3.716605    32.1229       1111     4.6250  0.000e+00
     12.119    12.1573   3.716488    32.1072       1112     4.6292  0.000e+00
     12.028    12.1677   3.716773    32.1010       1113     4.6333  0.000e+00
     11.934    12.1748   3.716968    32.0968       1114     4.6375  0.000e+00
     11.837    12.1792   3.712815    32.0532       1115     4.6417  0.000e+00
     11.747    12.1701   3.711784    32.0512       1116     4.6458  0.000e+00
     11.676    12.1540   3.712231    32.0693       1117     4.6500  0.000e+00
     11.631    12.1430   3.712426    32.0807       1118     4.6542  0.000e+00
     11.612    12.1377   3.712426    32.0852       1119     4.6583  0.000e+00
     11.638    12.1350   3.712562    32.0888       1120     4.6625  0.000e+00
     11.685    12.1344   3.712426    32.0880       1121     4.6667  0.000e+00
     11.757    12.1338   3.711304    32.0777       1122     4.6708  0.000e+00
     11.851    12.1296   3.710227    32.0709       1123     4.6750  0.000e+00
     11.965    12.1215   3.709112    32.0671       1124     4.6792  0.000e+00
     12.079    12.1113   3.708535    32.0702       1125     4.6833  0.000e+00
     12.190    12.1014   3.707822    32.0718       1126     4.6875  0.000e+00
     12.293    12.0923   3.706584    32.0677       1127     4.6917  0.000e+00
     12.384    12.0815   3.705242    32.0640       1128     4.6958  0.000e+00
     12.465    12.0691   3.703849    32.0612       1129     4.7000  0.000e+00
     12.527    12.0546   3.701218    32.0483       1130     4.7042  0.000e+00
     12.564    12.0352   3.699599    32.0493       1131     4.7083  0.000e+00
     12.583    12.0142   3.698802    32.0597       1132     4.7125  0.000e+00
     12.572    11.9963   3.698912    32.0761       1133     4.7167  0.000e+00
     12.525    11.9841   3.697636    32.0743       1134     4.7208  0.000e+00
     12.462    11.9733   3.697559    32.0829       1135     4.7250  0.000e+00
     12.380    11.9641   3.698595    32.1009       1136     4.7292  0.000e+00
     12.282    11.9628   3.700241    32.1179       1137     4.7333  0.000e+00
     12.180    11.9693   3.699327    32.1035       1138     4.7375  0.000e+00
     12.054    11.9728   3.700862    32.1154       1139     4.7417  0.000e+00
     11.917    11.9784   3.701173    32.1136       1140     4.7458  0.000e+00
     11.768    11.9857   3.702884    32.1239       1141     4.7500  0.000e+00
     11.609    11.9960   3.704284    32.1286       1142     4.7542  0.000e+00
     11.450    12.0086   3.706630    32.1405       1143     4.7583  0.000e+00
     11.294    12.0271   3.707297    32.1310       1144     4.7625  0.000e+00
     11.135    12.0441   3.712427    32.1659       1145     4.7667  0.000e+00
     10.997    12.0720   3.713413    32.1514       1146     4.7708  0.000e+00
     10.878    12.1008   3.714490    32.1370       1147     4.7750  0.000e+00
     10.771    12.1234   3.714924    32.1218       1148     4.7792  0.000e+00
     10.702    12.1398   3.715294    32.1113       1149     4.7833  0.000e+00
     10.662    12.1513   3.716144    32.1096       1150     4.7875  0.000e+00
     10.664    12.1611   3.716027    32.1001       1151     4.7917  0.000e+00
     10.694    12.1675   3.715910    32.0934       1152     4.7958  0.000e+00
     10.768    12.1711   3.715637    32.0877       1153     4.8000  0.000e+00
     10.875    12.1723   3.715683    32.0871       1154     4.8042  0.000e+00
     11.005    12.1723   3.714625    32.0769       1155     4.8083  0.000e+00
     11.146    12.1691   3.712627    32.0603       1156     4.8125  0.000e+00
     11.293    12.1581   3.710298    32.0473       1157     4.8167  0.000e+00
     11.425    12.1406   3.709494    32.0546       1158     4.8208  0.000e+00
     11.542    12.1234   3.708535    32.0600       1159     4.8250  0.000e+00
     11.638    12.1088   3.707193    32.0596       1160     4.8292  0.000e+00
     11.720    12.0942   3.706020    32.0608       1161     4.8333  0.000e+00
     11.783    12.0797   3.705650    32.0697       1162     4.8375  0.000e+00
     11.834    12.0678   3.705903    32.0824       1163     4.8417  0.000e+00
     11.861    12.0611   3.706260    32.0916       1164     4.8458  0.000e+00
     11.866    12.0586   3.706409    32.0951       1165     4.8500  0.000e+00
     11.848    12.0581   3.705560    32.0873       1166     4.8542  0.000e+00
     11.794    12.0562   3.705521    32.0887       1167     4.8583  0.000e+00
     11.738    12.0530   3.705352    32.0898       1168     4.8625  0.000e+00
     11.662    12.0512   3.709839    32.1346       1169     4.8667  0.000e+00
     11.575    12.0641   3.711830    32.1428       1170     4.8708  0.000e+00
     11.486    12.0845   3.708872    32.0968       1171     4.8750  0.000e+00
     11.381    12.0910   3.713964    32.1402       1172     4.8792  0.000e+00
     11.272    12.1081   3.715132    32.1367       1173     4.8833  0.000e+00
     11.164    12.1296   3.715463    32.1215       1174     4.8875  0.000e+00
     11.053    12.1454   3.716669    32.1196       1175     4.8917  0.000e+00
     10.935    12.1595   3.717727    32.1177       1176     4.8958  0.000e+00
     10.816    12.1728   3.718000    32.1089       1177     4.9000  0.000e+00
     10.704    12.1838   3.718525    32.1046       1178     4.9042  0.000e+00
     10.581    12.1920   3.718343    32.0958       1179     4.9083  0.000e+00
     10.465    12.1968   3.718622    32.0945       1180     4.9125  0.000e+00
     10.371    12.2008   3.719577    32.1003       1181     4.9167  0.000e+00
     10.282    12.2062   3.718713    32.0873       1182     4.9208  0.000e+00
     10.212    12.2084   3.718687    32.0852       1183     4.9250  0.000e+00
     10.174    12.2080   3.719070    32.0893       1184     4.9292  0.000e+00
     10.152    12.2090   3.719031    32.0880       1185     4.9333  0.000e+00
     10.153    12.2101   3.719103    32.0878       1186     4.9375  0.000e+00
     10.180    12.2107   3.718960    32.0859       1187     4.9417  0.000e+00
     10.235    12.2107   3.718830    32.0846       1188     4.9458  0.000e+00
     10.309    12.2102   3.718687    32.0837       1189     4.9500  0.000e+00
     10.407    12.2092   3.718733    32.0849       1190     4.9542  0.000e+00
     10.521    12.2084   3.718700    32.0853       1191     4.9583  0.000e+00
     10.629    12.2080   3.718876    32.0873       1192     4.9625  0.000e+00
     10.732    12.2080   3.718804    32.0865       1193     4.9667  0.000e+00
     10.817    12.2081   3.718765    32.0860       1194     4.9708  0.000e+00
     10.886    12.2078   3.718687    32.0855       1195     4.9750  0.000e+00
     10.944    12.2073   3.718389    32.0830       1196     4.9792  0.000e+00
     10.978    12.2062   3.717629    32.0766       1197     4.9833  0.000e+00
     11.000    12.2023   3.716948    32.0735       1198     4.9875  0.000e+00
     11.009    12.1968   3.716993    32.0786       1199     4.9917  0.000e+00
     10.998    12.1924   3.716786    32.0804       1200     4.9958  0.000e+00
     10.953    12.1892   3.716208    32.0776       1201     5.0000  0.000e+00
     10.879    12.1845   3.715040    32.0704       1202     5.0042  0.000e+00
     10.787    12.1773   3.714171    32.0683       1203     5.0083  0.000e+00
     10.676    12.1677   3.714742    32.0821       1204     5.0125  0.000e+00
     10.557    12.1633   3.717682    32.1142       1205     5.0167  0.000e+00
     10.434    12.1703   3.717448    32.1059       1206     5.0208  0.000e+00
     10.309    12.1789   3.717915    32.1031       1207     5.0250  0.000e+00
     10.193    12.1863   3.718830    32.1056       1208     5.0292  0.000e+00
     10.095    12.1933   3.719174    32.1029       1209     5.0333  0.000e+00
     10.006    12.2004   3.719401    32.0991       1210     5.0375  0.000e+00
      9.934    12.2060   3.718635    32.0869       1211     5.0417  0.000e+00
      9.867    12.2080   3.719817    32.0966       1212     5.0458  0.000e+00
      9.815    12.2111   3.720732    32.1027       1213     5.0500  0.000e+00
      9.769    12.2171   3.720076    32.0913       1214     5.0542  0.000e+00
      9.731    12.2205   3.720089    32.0886       1215     5.0583  0.000e+00
      9.700    12.2216   3.720524    32.0918       1216     5.0625  0.000e+00
      9.660    12.2236   3.720868    32.0934       1217     5.0667  0.000e+00
      9.631    12.2263   3.720823    32.0907       1218     5.0708  0.000e+00
      9.611    12.2287   3.720985    32.0901       1219     5.0750  0.000e+00
      9.598    12.2305   3.721258    32.0912       1220     5.0792  0.000e+00
      9.600    12.2327   3.721491    32.0916       1221     5.0833  0.000e+00
      9.609    12.2352   3.721654    32.0910       1222     5.0875  0.000e+00
      9.638    12.2377   3.722089    32.0930       1223     5.0917  0.000e+00
      9.679    12.2406   3.722199    32.0916       1224     5.0958  0.000e+00
      9.730    12.2434   3.722322    32.0903       1225     5.1000  0.000e+00
      9.781    12.2458   3.722595    32.0908       1226     5.1042  0.000e+00
      9.843    12.2480   3.723167    32.0944       1227     5.1083  0.000e+00
      9.889    12.2517   3.724596    32.1050       1228     5.1125  0.000e+00
      9.925    12.2591   3.726668    32.1185       1229     5.1167  0.000e+00
      9.944    12.2726   3.728208    32.1216       1230     5.1208  0.000e+00
      9.947    12.2889   3.729130    32.1165       1231     5.1250  0.000e+00
      9.919    12.3030   3.725953    32.0740       1232     5.1292  0.000e+00
      9.872    12.3054   3.724634    32.0593       1233     5.1333  0.000e+00
      9.805    12.2973   3.725608    32.0756       1234     5.1375  0.000e+00
      9.724    12.2913   3.727681    32.1006       1235     5.1417  0.000e+00
      9.627    12.2979   3.734246    32.1579       1236     5.1458  0.000e+00
      9.526    12.3241   3.732867    32.1223       1237     5.1500  0.000e+00
      9.410    12.3450   3.733283    32.1084       1238     5.1542  0.000e+00
      9.303    12.3574   3.736021    32.1241       1239     5.1583  0.000e+00
      9.201    12.3756   3.737555    32.1232       1240     5.1625  0.000e+00
