HB2503/sbe075.cnv
* Sea-Bird SBE 19plus V2 Data File:
* FileName = C:\cruise\data\sbe075.hex
* Software Version Seasave V 7.26.7.121
* Temperature SN = 6128
* Conductivity SN = 6128
* System UpLoad Time = Jun 04 2025 11:36:45
* NMEA Latitude = 42 26.98 N
* NMEA Longitude = 069 15.65 W
* NMEA UTC (Time) = Jun 04 2025  11:35:01
** Ship: Henry Bigelow
** Cruise:  HB2502
** Program:  Spring Bottom Trawl
# nquan = 7
# nvalues = 5185                                  
# units = specified
# name 0 = depSM: Depth [salt water, m]
# name 1 = tv290C: Temperature [ITS-90, deg C]
# name 2 = c0S/m: Conductivity [S/m]
# name 3 = sal00: Salinity, Practical [PSU]
# name 4 = scan: Scan Count
# name 5 = timeM: Time, Elapsed [minutes]
# name 6 = flag:  0.000e+00
# span 0 =     -0.105,    200.314                 
# span 1 =     4.9335,    12.8288                 
# span 2 =   0.007637,   3.765309                 
# span 3 =     0.0488,    33.9499                 
# span 4 =         11,       5195                 
# span 5 =     0.0417,    21.6417                 
# span 6 = 0.0000e+00, 0.0000e+00                 
# interval = seconds: 0.25
# start_time = Jun 04 2025 11:35:01 [NMEA time, header]
# bad_flag = -9.990e-29
*END*
[from data line 1436]
    179.290     7.1003   3.443263    33.8747       1447     6.0250  0.000e+00
    179.431     7.1012   3.443351    33.8746       1448     6.0292  0.000e+00
    179.577     7.1028   3.443452    33.8741       1449     6.0333  0.000e+00
    179.725     7.1043   3.443219    33.8700       1450     6.0375  0.000e+00
    179.873     7.1040   3.442633    33.8638       1451     6.0417  0.000e+00
    180.024     7.1000   3.442507    33.8663       1452     6.0458  0.000e+00
    180.168     7.0953   3.442426    33.8700       1453     6.0500  0.000e+00
    180.318     7.0909   3.442463    33.8746       1454     6.0542  0.000e+00
    180.464     7.0874   3.442382    33.8771       1455     6.0583  0.000e+00
    180.609     7.0845   3.442243    33.8783       1456     6.0625  0.000e+00
    180.752     7.0822   3.442382    33.8821       1457     6.0667  0.000e+00
    180.886     7.0806   3.442426    33.8840       1458     6.0708  0.000e+00
    181.027     7.0793   3.442470    33.8857       1459     6.0750  0.000e+00
    181.161     7.0782   3.442426    33.8863       1460     6.0792  0.000e+00
    181.288     7.0770   3.442489    33.8880       1461     6.0833  0.000e+00
    181.405     7.0765   3.442514    33.8888       1462     6.0875  0.000e+00
    181.524     7.0763   3.442489    33.8886       1463     6.0917  0.000e+00
    181.638     7.0758   3.442464    33.8888       1464     6.0958  0.000e+00
    181.756     7.0753   3.442514    33.8898       1465     6.1000  0.000e+00
    181.867     7.0752   3.442527    33.8900       1466     6.1042  0.000e+00
    181.977     7.0756   3.442533    33.8896       1467     6.1083  0.000e+00
    182.093     7.0756   3.442527    33.8895       1468     6.1125  0.000e+00
    182.212     7.0760   3.442552    33.8893       1469     6.1167  0.000e+00
    182.330     7.0769   3.442578    33.8886       1470     6.1208  0.000e+00
    182.452     7.0778   3.442571    33.8876       1471     6.1250  0.000e+00
    182.574     7.0784   3.442634    33.8876       1472     6.1292  0.000e+00
    182.699     7.0789   3.442559    33.8863       1473     6.1333  0.000e+00
    182.831     7.0794   3.442553    33.8857       1474     6.1375  0.000e+00
    182.970     7.0804   3.442553    33.8846       1475     6.1417  0.000e+00
    183.109     7.0811   3.442559    33.8839       1476     6.1458  0.000e+00
    183.259     7.0814   3.442590    33.8839       1477     6.1500  0.000e+00
    183.406     7.0817   3.442572    33.8833       1478     6.1542  0.000e+00
    183.556     7.0818   3.442578    33.8832       1479     6.1583  0.000e+00
    183.706     7.0814   3.442528    33.8830       1480     6.1625  0.000e+00
    183.858     7.0809   3.442559    33.8837       1481     6.1667  0.000e+00
    184.010     7.0807   3.442572    33.8840       1482     6.1708  0.000e+00
    184.162     7.0805   3.442591    33.8844       1483     6.1750  0.000e+00
    184.303     7.0802   3.442603    33.8847       1484     6.1792  0.000e+00
    184.446     7.0803   3.442616    33.8847       1485     6.1833  0.000e+00
    184.589     7.0802   3.442654    33.8851       1486     6.1875  0.000e+00
    184.726     7.0803   3.442692    33.8853       1487     6.1917  0.000e+00
    184.855     7.0808   3.442698    33.8849       1488     6.1958  0.000e+00
    184.981     7.0809   3.442679    33.8845       1489     6.2000  0.000e+00
    185.102     7.0811   3.442623    33.8837       1490     6.2042  0.000e+00
    185.216     7.0811   3.442698    33.8844       1491     6.2083  0.000e+00
    185.341     7.0809   3.442717    33.8847       1492     6.2125  0.000e+00
    185.459     7.0808   3.442736    33.8850       1493     6.2167  0.000e+00
    185.578     7.0809   3.442824    33.8858       1494     6.2208  0.000e+00
    185.702     7.0809   3.442868    33.8862       1495     6.2250  0.000e+00
    185.828     7.0809   3.442931    33.8868       1496     6.2292  0.000e+00
    185.956     7.0812   3.442887    33.8860       1497     6.2333  0.000e+00
    186.090     7.0813   3.442824    33.8852       1498     6.2375  0.000e+00
    186.219     7.0809   3.442806    33.8853       1499     6.2417  0.000e+00
    186.354     7.0801   3.442824    33.8862       1500     6.2458  0.000e+00
    186.497     7.0793   3.442843    33.8872       1501     6.2500  0.000e+00
    186.642     7.0789   3.442869    33.8878       1502     6.2542  0.000e+00
    186.786     7.0785   3.442906    33.8885       1503     6.2583  0.000e+00
    186.942     7.0774   3.442913    33.8895       1504     6.2625  0.000e+00
    187.094     7.0761   3.442951    33.8911       1505     6.2667  0.000e+00
    187.244     7.0749   3.442932    33.8920       1506     6.2708  0.000e+00
    187.398     7.0739   3.442932    33.8930       1507     6.2750  0.000e+00
    187.542     7.0732   3.442970    33.8940       1508     6.2792  0.000e+00
    187.688     7.0731   3.442951    33.8938       1509     6.2833  0.000e+00
    187.831     7.0732   3.442976    33.8939       1510     6.2875  0.000e+00
    187.976     7.0732   3.443014    33.8943       1511     6.2917  0.000e+00
    188.119     7.0727   3.443064    33.8953       1512     6.2958  0.000e+00
    188.255     7.0716   3.443121    33.8969       1513     6.3000  0.000e+00
    188.383     7.0700   3.443203    33.8993       1514     6.3042  0.000e+00
    188.510     7.0683   3.443184    33.9007       1515     6.3083  0.000e+00
    188.632     7.0672   3.443090    33.9007       1516     6.3125  0.000e+00
    188.758     7.0669   3.443203    33.9022       1517     6.3167  0.000e+00
    188.874     7.0664   3.443310    33.9038       1518     6.3208  0.000e+00
    188.995     7.0656   3.443266    33.9040       1519     6.3250  0.000e+00
    189.116     7.0648   3.443285    33.9049       1520     6.3292  0.000e+00
    189.233     7.0642   3.443373    33.9064       1521     6.3333  0.000e+00
    189.346     7.0635   3.443392    33.9072       1522     6.3375  0.000e+00
    189.471     7.0628   3.443436    33.9084       1523     6.3417  0.000e+00
    189.595     7.0623   3.443399    33.9084       1524     6.3458  0.000e+00
    189.725     7.0624   3.443436    33.9087       1525     6.3500  0.000e+00
    189.858     7.0623   3.443455    33.9089       1526     6.3542  0.000e+00
    189.995     7.0620   3.443487    33.9095       1527     6.3583  0.000e+00
    190.143     7.0619   3.443537    33.9100       1528     6.3625  0.000e+00
    190.296     7.0613   3.443707    33.9124       1529     6.3667  0.000e+00
    190.452     7.0604   3.443726    33.9134       1530     6.3708  0.000e+00
    190.605     7.0595   3.443789    33.9149       1531     6.3750  0.000e+00
    190.768     7.0586   3.443884    33.9167       1532     6.3792  0.000e+00
    190.929     7.0576   3.443978    33.9187       1533     6.3833  0.000e+00
    191.094     7.0565   3.444004    33.9200       1534     6.3875  0.000e+00
    191.258     7.0559   3.444086    33.9214       1535     6.3917  0.000e+00
    191.428     7.0554   3.444130    33.9223       1536     6.3958  0.000e+00
    191.597     7.0549   3.444067    33.9220       1537     6.4000  0.000e+00
    191.752     7.0546   3.444130    33.9229       1538     6.4042  0.000e+00
    191.904     7.0546   3.444105    33.9225       1539     6.4083  0.000e+00
    192.054     7.0545   3.444105    33.9226       1540     6.4125  0.000e+00
    192.201     7.0546   3.444130    33.9227       1541     6.4167  0.000e+00
    192.338     7.0545   3.444168    33.9231       1542     6.4208  0.000e+00
    192.470     7.0544   3.444193    33.9234       1543     6.4250  0.000e+00
    192.597     7.0542   3.444237    33.9240       1544     6.4292  0.000e+00
    192.720     7.0538   3.444275    33.9248       1545     6.4333  0.000e+00
    192.839     7.0529   3.444306    33.9260       1546     6.4375  0.000e+00
    192.962     7.0521   3.444338    33.9270       1547     6.4417  0.000e+00
    193.081     7.0515   3.444357    33.9278       1548     6.4458  0.000e+00
    193.200     7.0510   3.444351    33.9282       1549     6.4500  0.000e+00
    193.320     7.0505   3.444357    33.9286       1550     6.4542  0.000e+00
    193.452     7.0505   3.444338    33.9284       1551     6.4583  0.000e+00
    193.580     7.0506   3.444219    33.9269       1552     6.4625  0.000e+00
    193.708     7.0512   3.444275    33.9269       1553     6.4667  0.000e+00
    193.844     7.0518   3.444275    33.9262       1554     6.4708  0.000e+00
    193.990     7.0519   3.444219    33.9254       1555     6.4750  0.000e+00
    194.130     7.0522   3.444105    33.9239       1556     6.4792  0.000e+00
    194.282     7.0528   3.444087    33.9230       1557     6.4833  0.000e+00
    194.432     7.0537   3.444017    33.9213       1558     6.4875  0.000e+00
    194.582     7.0544   3.444005    33.9204       1559     6.4917  0.000e+00
    194.739     7.0552   3.443961    33.9190       1560     6.4958  0.000e+00
    194.895     7.0560   3.443999    33.9186       1561     6.5000  0.000e+00
    195.050     7.0563   3.444024    33.9185       1562     6.5042  0.000e+00
    195.206     7.0565   3.443980    33.9177       1563     6.5083  0.000e+00
    195.362     7.0567   3.444062    33.9183       1564     6.5125  0.000e+00
    195.518     7.0567   3.444043    33.9181       1565     6.5167  0.000e+00
    195.671     7.0566   3.444087    33.9185       1566     6.5208  0.000e+00
    195.825     7.0565   3.444131    33.9191       1567     6.5250  0.000e+00
    195.979     7.0563   3.444169    33.9196       1568     6.5292  0.000e+00
    196.127     7.0560   3.444308    33.9213       1569     6.5333  0.000e+00
    196.268     7.0554   3.444421    33.9231       1570     6.5375  0.000e+00
    196.412     7.0544   3.444465    33.9245       1571     6.5417  0.000e+00
    196.555     7.0537   3.444459    33.9250       1572     6.5458  0.000e+00
    196.691     7.0534   3.444465    33.9253       1573     6.5500  0.000e+00
    196.830     7.0530   3.444421    33.9251       1574     6.5542  0.000e+00
    196.960     7.0531   3.444415    33.9250       1575     6.5583  0.000e+00
    197.094     7.0533   3.444339    33.9239       1576     6.5625  0.000e+00
    197.228     7.0535   3.444339    33.9236       1577     6.5667  0.000e+00
    197.358     7.0538   3.444440    33.9244       1578     6.5708  0.000e+00
    197.488     7.0538   3.444447    33.9244       1579     6.5750  0.000e+00
    197.616     7.0537   3.444384    33.9237       1580     6.5792  0.000e+00
    197.747     7.0538   3.444529    33.9251       1581     6.5833  0.000e+00
    197.875     7.0537   3.444529    33.9252       1582     6.5875  0.000e+00
    198.009     7.0533   3.444529    33.9255       1583     6.5917  0.000e+00
    198.152     7.0532   3.444573    33.9260       1584     6.5958  0.000e+00
    198.295     7.0536   3.444573    33.9256       1585     6.6000  0.000e+00
    198.434     7.0537   3.444529    33.9249       1586     6.6042  0.000e+00
    198.580     7.0539   3.444636    33.9258       1587     6.6083  0.000e+00
    198.734     7.0535   3.444674    33.9265       1588     6.6125  0.000e+00
    198.891     7.0522   3.444680    33.9278       1589     6.6167  0.000e+00
    199.045     7.0508   3.444718    33.9295       1590     6.6208  0.000e+00
    199.200     7.0496   3.444762    33.9311       1591     6.6250  0.000e+00
    199.354     7.0481   3.444768    33.9325       1592     6.6292  0.000e+00
    199.515     7.0470   3.444781    33.9338       1593     6.6333  0.000e+00
    199.676     7.0463   3.444781    33.9343       1594     6.6375  0.000e+00
    199.826     7.0462   3.444813    33.9347       1595     6.6417  0.000e+00
    199.980     7.0463   3.444800    33.9344       1596     6.6458  0.000e+00
    200.130     7.0456   3.444825    33.9352       1597     6.6500  0.000e+00
    200.267     7.0447   3.444794    33.9357       1598     6.6542  0.000e+00
    200.314     7.0446   3.444800    33.9359       1599     6.6583  0.000e+00
    200.306     7.0449   3.444800    33.9356       1600     6.6625  0.000e+00
    200.231     7.0453   3.444813    33.9354       1601     6.6667  0.000e+00
    200.158     7.0452   3.444800    33.9354       1602     6.6708  0.000e+00
    200.120     7.0448   3.444781    33.9355       1603     6.6750  0.000e+00
    200.104     7.0444   3.444794    33.9361       1604     6.6792  0.000e+00
    200.084     7.0440   3.444800    33.9366       1605     6.6833  0.000e+00
    200.049     7.0440   3.444794    33.9365       1606     6.6875  0.000e+00
    200.009     7.0439   3.444825    33.9370       1607     6.6917  0.000e+00
    199.968     7.0433   3.444863    33.9381       1608     6.6958  0.000e+00
    199.937     7.0419   3.444901    33.9399       1609     6.7000  0.000e+00
    199.904     7.0401   3.444926    33.9419       1610     6.7042  0.000e+00
    199.883     7.0385   3.444951    33.9438       1611     6.7083  0.000e+00
    199.855     7.0373   3.444926    33.9447       1612     6.7125  0.000e+00
    199.834     7.0363   3.444926    33.9457       1613     6.7167  0.000e+00
    199.817     7.0358   3.444926    33.9462       1614     6.7208  0.000e+00
    199.797     7.0352   3.444901    33.9465       1615     6.7250  0.000e+00
    199.781     7.0347   3.444926    33.9473       1616     6.7292  0.000e+00
    199.770     7.0345   3.444970    33.9480       1617     6.7333  0.000e+00
    199.762     7.0341   3.445033    33.9490       1618     6.7375  0.000e+00
    199.750     7.0343   3.445096    33.9495       1619     6.7417  0.000e+00
    199.737     7.0345   3.445096    33.9493       1620     6.7458  0.000e+00
    199.733     7.0347   3.445128    33.9495       1621     6.7500  0.000e+00
    199.715     7.0349   3.445178    33.9499       1622     6.7542  0.000e+00
    199.704     7.0351   3.445159    33.9495       1623     6.7583  0.000e+00
    199.692     7.0351   3.445146    33.9494       1624     6.7625  0.000e+00
    199.667     7.0353   3.445159    33.9493       1625     6.7667  0.000e+00
    199.636     7.0353   3.445128    33.9490       1626     6.7708  0.000e+00
    199.601     7.0352   3.445115    33.9490       1627     6.7750  0.000e+00
    199.562     7.0351   3.445052    33.9484       1628     6.7792  0.000e+00
    199.518     7.0348   3.445058    33.9487       1629     6.7833  0.000e+00
    199.464     7.0348   3.445014    33.9483       1630     6.7875  0.000e+00
    199.395     7.0345   3.444989    33.9483       1631     6.7917  0.000e+00
    199.322     7.0345   3.444945    33.9479       1632     6.7958  0.000e+00
    199.239     7.0341   3.444926    33.9481       1633     6.8000  0.000e+00
    199.159     7.0340   3.444907    33.9481       1634     6.8042  0.000e+00
    199.077     7.0339   3.444926    33.9484       1635     6.8083  0.000e+00
    198.990     7.0337   3.444863    33.9479       1636     6.8125  0.000e+00
    198.901     7.0335   3.444844    33.9480       1637     6.8167  0.000e+00
    198.814     7.0334   3.444857    33.9483       1638     6.8208  0.000e+00
    198.730     7.0335   3.444907    33.9488       1639     6.8250  0.000e+00
    198.642     7.0334   3.444863    33.9484       1640     6.8292  0.000e+00
    198.556     7.0335   3.444926    33.9490       1641     6.8333  0.000e+00
    198.473     7.0337   3.444951    33.9491       1642     6.8375  0.000e+00
    198.380     7.0337   3.444926    33.9489       1643     6.8417  0.000e+00
    198.297     7.0340   3.444926    33.9487       1644     6.8458  0.000e+00
    198.219     7.0340   3.444888    33.9483       1645     6.8500  0.000e+00
    198.141     7.0340   3.444856    33.9480       1646     6.8542  0.000e+00
    198.057     7.0339   3.444825    33.9478       1647     6.8583  0.000e+00
    197.975     7.0336   3.444781    33.9477       1648     6.8625  0.000e+00
    197.890     7.0335   3.444749    33.9475       1649     6.8667  0.000e+00
    197.807     7.0333   3.444718    33.9473       1650     6.8708  0.000e+00
    197.720     7.0332   3.444799    33.9484       1651     6.8750  0.000e+00
