HB2503/sbe085.cnv
* Sea-Bird SBE 19plus V2 Data File:
* FileName = C:\cruise\data\sbe085.hex
* Software Version Seasave V 7.26.7.121
* Temperature SN = 6128
* Conductivity SN = 6128
* System UpLoad Time = Jun 05 2025 08:34:10
* NMEA Latitude = 42 24.90 N
* NMEA Longitude = 070 36.57 W
* NMEA UTC (Time) = Jun 05 2025  08:32:27
** Ship: Henry Bigelow
** Cruise:  HB2502
** Program:  Spring Bottom Trawl
# nquan = 7
# nvalues = 2095                                  
# units = specified
# name 0 = depSM: Depth [salt water, m]
# name 1 = tv290C: Temperature [ITS-90, deg C]
# name 2 = c0S/m: Conductivity [S/m]
# name 3 = sal00: Salinity, Practical [PSU]
# name 4 = scan: Scan Count
# name 5 = timeM: Time, Elapsed [minutes]
# name 6 = flag:  0.000e+00
# span 0 =      0.087,     79.675                 
# span 1 =     4.6492,    13.7456                 
# span 2 =   0.007049,   3.641328                 
# span 3 =     0.0446,    32.4208                 
# span 4 =         11,       2105                 
# span 5 =     0.0417,     8.7667                 
# span 6 = 0.0000e+00, 0.0000e+00                 
# interval = seconds: 0.25
# start_time = Jun 05 2025 08:32:27 [NMEA time, header]
# bad_flag = -9.990e-29
*END*
[from data line 821]
     71.915     4.8164   3.102166    32.3317        832     3.4625  0.000e+00
     71.812     4.8204   3.102510    32.3318        833     3.4667  0.000e+00
     71.705     4.8257   3.102674    32.3286        834     3.4708  0.000e+00
     71.598     4.8312   3.102770    32.3244        835     3.4750  0.000e+00
     71.489     4.8356   3.102909    32.3218        836     3.4792  0.000e+00
     71.377     4.8390   3.103042    32.3201        837     3.4833  0.000e+00
     71.267     4.8420   3.103042    32.3172        838     3.4875  0.000e+00
     71.162     4.8444   3.102988    32.3143        839     3.4917  0.000e+00
     71.053     4.8460   3.102806    32.3107        840     3.4958  0.000e+00
     70.946     4.8466   3.102709    32.3091        841     3.5000  0.000e+00
     70.845     4.8472   3.102734    32.3088        842     3.5042  0.000e+00
     70.741     4.8476   3.102770    32.3088        843     3.5083  0.000e+00
     70.639     4.8483   3.102758    32.3081        844     3.5125  0.000e+00
     70.539     4.8490   3.102788    32.3078        845     3.5167  0.000e+00
     70.442     4.8501   3.102830    32.3073        846     3.5208  0.000e+00
     70.348     4.8507   3.102830    32.3067        847     3.5250  0.000e+00
     70.250     4.8516   3.102770    32.3052        848     3.5292  0.000e+00
     70.165     4.8522   3.102782    32.3048        849     3.5333  0.000e+00
     70.073     4.8530   3.102806    32.3043        850     3.5375  0.000e+00
     69.986     4.8540   3.102788    32.3032        851     3.5417  0.000e+00
     69.900     4.8547   3.102806    32.3029        852     3.5458  0.000e+00
     69.816     4.8553   3.102788    32.3021        853     3.5500  0.000e+00
     69.736     4.8557   3.102824    32.3021        854     3.5542  0.000e+00
     69.652     4.8565   3.102848    32.3017        855     3.5583  0.000e+00
     69.572     4.8571   3.102866    32.3013        856     3.5625  0.000e+00
     69.489     4.8580   3.102866    32.3005        857     3.5667  0.000e+00
     69.409     4.8586   3.102866    32.2999        858     3.5708  0.000e+00
     69.327     4.8592   3.102884    32.2996        859     3.5750  0.000e+00
     69.248     4.8596   3.102908    32.2996        860     3.5792  0.000e+00
     69.165     4.8601   3.102963    32.2998        861     3.5833  0.000e+00
     69.083     4.8609   3.103041    32.2999        862     3.5875  0.000e+00
     68.987     4.8619   3.103065    32.2993        863     3.5917  0.000e+00
     68.900     4.8631   3.103132    32.2989        864     3.5958  0.000e+00
     68.806     4.8645   3.103120    32.2974        865     3.6000  0.000e+00
     68.709     4.8656   3.103102    32.2963        866     3.6042  0.000e+00
     68.615     4.8664   3.103144    32.2960        867     3.6083  0.000e+00
     68.518     4.8667   3.103120    32.2954        868     3.6125  0.000e+00
     68.413     4.8672   3.103114    32.2950        869     3.6167  0.000e+00
     68.315     4.8673   3.103120    32.2949        870     3.6208  0.000e+00
     68.216     4.8674   3.103144    32.2952        871     3.6250  0.000e+00
     68.113     4.8677   3.103144    32.2950        872     3.6292  0.000e+00
     68.017     4.8682   3.103101    32.2940        873     3.6333  0.000e+00
     67.930     4.8685   3.103132    32.2941        874     3.6375  0.000e+00
     67.836     4.8691   3.103083    32.2931        875     3.6417  0.000e+00
     67.758     4.8693   3.103041    32.2924        876     3.6458  0.000e+00
     67.675     4.8695   3.103023    32.2920        877     3.6500  0.000e+00
     67.608     4.8697   3.103023    32.2919        878     3.6542  0.000e+00
     67.548     4.8701   3.103029    32.2916        879     3.6583  0.000e+00
     67.485     4.8701   3.103004    32.2914        880     3.6625  0.000e+00
     67.434     4.8704   3.103023    32.2913        881     3.6667  0.000e+00
     67.380     4.8706   3.103004    32.2909        882     3.6708  0.000e+00
     67.325     4.8708   3.103041    32.2912        883     3.6750  0.000e+00
     67.283     4.8711   3.103065    32.2912        884     3.6792  0.000e+00
     67.229     4.8716   3.103131    32.2915        885     3.6833  0.000e+00
     67.181     4.8722   3.103162    32.2913        886     3.6875  0.000e+00
     67.126     4.8729   3.103143    32.2904        887     3.6917  0.000e+00
     67.068     4.8735   3.103041    32.2887        888     3.6958  0.000e+00
     67.003     4.8736   3.103022    32.2884        889     3.7000  0.000e+00
     66.931     4.8738   3.102926    32.2871        890     3.7042  0.000e+00
     66.848     4.8739   3.102907    32.2869        891     3.7083  0.000e+00
     66.764     4.8737   3.102750    32.2853        892     3.7125  0.000e+00
     66.676     4.8735   3.102043    32.2773        893     3.7167  0.000e+00
     66.584     4.8720   3.101106    32.2681        894     3.7208  0.000e+00
     66.487     4.8683   3.100755    32.2677        895     3.7250  0.000e+00
     66.392     4.8637   3.100634    32.2708        896     3.7292  0.000e+00
     66.293     4.8603   3.100520    32.2728        897     3.7333  0.000e+00
     66.192     4.8580   3.100713    32.2774        898     3.7375  0.000e+00
     66.099     4.8572   3.100906    32.2804        899     3.7417  0.000e+00
     66.008     4.8578   3.101747    32.2895        900     3.7458  0.000e+00
     65.919     4.8614   3.103004    32.3006        901     3.7500  0.000e+00
     65.840     4.8691   3.103143    32.2947        902     3.7542  0.000e+00
     65.764     4.8763   3.103240    32.2889        903     3.7583  0.000e+00
     65.694     4.8825   3.106396    32.3192        904     3.7625  0.000e+00
     65.624     4.8954   3.107062    32.3144        905     3.7667  0.000e+00
     65.560     4.9100   3.107570    32.3061        906     3.7708  0.000e+00
     65.503     4.9222   3.108180    32.3014        907     3.7750  0.000e+00
     65.443     4.9318   3.108453    32.2951        908     3.7792  0.000e+00
     65.396     4.9394   3.108785    32.2917        909     3.7833  0.000e+00
     65.342     4.9457   3.108864    32.2864        910     3.7875  0.000e+00
     65.289     4.9505   3.108719    32.2802        911     3.7917  0.000e+00
     65.245     4.9533   3.108610    32.2762        912     3.7958  0.000e+00
     65.195     4.9548   3.108477    32.2732        913     3.8000  0.000e+00
     65.148     4.9554   3.108120    32.2686        914     3.8042  0.000e+00
     65.101     4.9547   3.107569    32.2630        915     3.8083  0.000e+00
     65.055     4.9530   3.107291    32.2614        916     3.8125  0.000e+00
     65.004     4.9506   3.106964    32.2600        917     3.8167  0.000e+00
     64.952     4.9481   3.106510    32.2573        918     3.8208  0.000e+00
     64.888     4.9451   3.106081    32.2552        919     3.8250  0.000e+00
     64.828     4.9418   3.105748    32.2547        920     3.8292  0.000e+00
     64.763     4.9388   3.105470    32.2545        921     3.8333  0.000e+00
     64.696     4.9361   3.105216    32.2541        922     3.8375  0.000e+00
     64.625     4.9344   3.105041    32.2539        923     3.8417  0.000e+00
     64.547     4.9332   3.104998    32.2545        924     3.8458  0.000e+00
     64.471     4.9331   3.105101    32.2558        925     3.8500  0.000e+00
     64.391     4.9339   3.105337    32.2578        926     3.8542  0.000e+00
     64.319     4.9359   3.105531    32.2581        927     3.8583  0.000e+00
     64.242     4.9389   3.105724    32.2575        928     3.8625  0.000e+00
     64.168     4.9421   3.105803    32.2553        929     3.8667  0.000e+00
     64.103     4.9451   3.105803    32.2524        930     3.8708  0.000e+00
     64.041     4.9472   3.105784    32.2503        931     3.8750  0.000e+00
     63.983     4.9482   3.105942    32.2511        932     3.8792  0.000e+00
     63.929     4.9495   3.106159    32.2524        933     3.8833  0.000e+00
     63.876     4.9515   3.106371    32.2529        934     3.8875  0.000e+00
     63.832     4.9544   3.106528    32.2519        935     3.8917  0.000e+00
     63.788     4.9575   3.106631    32.2502        936     3.8958  0.000e+00
     63.749     4.9601   3.106667    32.2481        937     3.9000  0.000e+00
     63.712     4.9621   3.106710    32.2466        938     3.9042  0.000e+00
     63.670     4.9635   3.106728    32.2455        939     3.9083  0.000e+00
     63.634     4.9646   3.106746    32.2446        940     3.9125  0.000e+00
     63.590     4.9655   3.106806    32.2445        941     3.9167  0.000e+00
     63.549     4.9664   3.106824    32.2439        942     3.9208  0.000e+00
     63.507     4.9675   3.106873    32.2434        943     3.9250  0.000e+00
     63.460     4.9687   3.107000    32.2437        944     3.9292  0.000e+00
     63.407     4.9702   3.107254    32.2451        945     3.9333  0.000e+00
     63.355     4.9729   3.107707    32.2478        946     3.9375  0.000e+00
     63.298     4.9766   3.108058    32.2483        947     3.9417  0.000e+00
     63.235     4.9810   3.108427    32.2483        948     3.9458  0.000e+00
     63.175     4.9856   3.108730    32.2473        949     3.9500  0.000e+00
     63.114     4.9902   3.108923    32.2452        950     3.9542  0.000e+00
     63.047     4.9941   3.109062    32.2430        951     3.9583  0.000e+00
     62.987     4.9974   3.109080    32.2400        952     3.9625  0.000e+00
     62.920     4.9998   3.109220    32.2393        953     3.9667  0.000e+00
     62.854     5.0018   3.109571    32.2415        954     3.9708  0.000e+00
     62.790     5.0044   3.109903    32.2428        955     3.9750  0.000e+00
     62.729     5.0080   3.110242    32.2432        956     3.9792  0.000e+00
     62.671     5.0118   3.110750    32.2454        957     3.9833  0.000e+00
     62.613     5.0167   3.111362    32.2477        958     3.9875  0.000e+00
     62.555     5.0235   3.112076    32.2494        959     3.9917  0.000e+00
     62.508     5.0323   3.112148    32.2417        960     3.9958  0.000e+00
     62.455     5.0394   3.112481    32.2387        961     4.0000  0.000e+00
     62.406     5.0446   3.112638    32.2355        962     4.0042  0.000e+00
     62.363     5.0483   3.112693    32.2325        963     4.0083  0.000e+00
     62.310     5.0509   3.112850    32.2318        964     4.0125  0.000e+00
     62.269     5.0529   3.113298    32.2351        965     4.0167  0.000e+00
     62.229     5.0561   3.114012    32.2402        966     4.0208  0.000e+00
     62.182     5.0615   3.114485    32.2404        967     4.0250  0.000e+00
     62.133     5.0689   3.114860    32.2376        968     4.0292  0.000e+00
     62.090     5.0754   3.115157    32.2347        969     4.0333  0.000e+00
     62.047     5.0814   3.115332    32.2309        970     4.0375  0.000e+00
     61.996     5.0865   3.115441    32.2273        971     4.0417  0.000e+00
     61.951     5.0906   3.115489    32.2239        972     4.0458  0.000e+00
     61.896     5.0935   3.115508    32.2213        973     4.0500  0.000e+00
     61.851     5.0957   3.115507    32.2192        974     4.0542  0.000e+00
     61.802     5.0973   3.115526    32.2179        975     4.0583  0.000e+00
     61.758     5.0987   3.115526    32.2166        976     4.0625  0.000e+00
     61.702     5.0995   3.115501    32.2156        977     4.0667  0.000e+00
     61.657     5.1002   3.115489    32.2148        978     4.0708  0.000e+00
     61.608     5.1007   3.115489    32.2143        979     4.0750  0.000e+00
     61.558     5.1011   3.115489    32.2139        980     4.0792  0.000e+00
     61.500     5.1012   3.115507    32.2141        981     4.0833  0.000e+00
     61.446     5.1012   3.115525    32.2143        982     4.0875  0.000e+00
     61.393     5.1015   3.115647    32.2155        983     4.0917  0.000e+00
     61.339     5.1022   3.115689    32.2153        984     4.0958  0.000e+00
     61.283     5.1029   3.115743    32.2153        985     4.1000  0.000e+00
     61.226     5.1037   3.115804    32.2152        986     4.1042  0.000e+00
     61.170     5.1048   3.115901    32.2152        987     4.1083  0.000e+00
     61.108     5.1060   3.116022    32.2155        988     4.1125  0.000e+00
     61.043     5.1078   3.115961    32.2131        989     4.1167  0.000e+00
     60.981     5.1092   3.115979    32.2121        990     4.1208  0.000e+00
     60.916     5.1104   3.116373    32.2154        991     4.1250  0.000e+00
     60.853     5.1130   3.116627    32.2158        992     4.1292  0.000e+00
     60.792     5.1167   3.116688    32.2129        993     4.1333  0.000e+00
     60.733     5.1200   3.116906    32.2123        994     4.1375  0.000e+00
     60.670     5.1229   3.117239    32.2133        995     4.1417  0.000e+00
     60.619     5.1264   3.117578    32.2139        996     4.1458  0.000e+00
     60.575     5.1308   3.117808    32.2123        997     4.1500  0.000e+00
     60.534     5.1347   3.118044    32.2113        998     4.1542  0.000e+00
     60.497     5.1384   3.118341    32.2111        999     4.1583  0.000e+00
     60.459     5.1419   3.118499    32.2096       1000     4.1625  0.000e+00
     60.430     5.1454   3.118680    32.2082       1001     4.1667  0.000e+00
     60.410     5.1483   3.118807    32.2069       1002     4.1708  0.000e+00
     60.387     5.1509   3.118874    32.2052       1003     4.1750  0.000e+00
     60.359     5.1531   3.119032    32.2049       1004     4.1792  0.000e+00
     60.330     5.1552   3.119407    32.2072       1005     4.1833  0.000e+00
     60.307     5.1580   3.119940    32.2105       1006     4.1875  0.000e+00
     60.274     5.1628   3.120570    32.2132       1007     4.1917  0.000e+00
     60.241     5.1690   3.121237    32.2148       1008     4.1958  0.000e+00
     60.207     5.1767   3.121758    32.2134       1009     4.2000  0.000e+00
     60.167     5.1849   3.122267    32.2113       1010     4.2042  0.000e+00
     60.119     5.1926   3.122442    32.2059       1011     4.2083  0.000e+00
     60.065     5.1987   3.122539    32.2011       1012     4.2125  0.000e+00
     60.007     5.2030   3.122642    32.1982       1013     4.2167  0.000e+00
     59.944     5.2062   3.122800    32.1969       1014     4.2208  0.000e+00
     59.878     5.2087   3.123194    32.1991       1015     4.2250  0.000e+00
     59.808     5.2121   3.123739    32.2021       1016     4.2292  0.000e+00
     59.737     5.2170   3.124000    32.2003       1017     4.2333  0.000e+00
     59.665     5.2219   3.124436    32.2007       1018     4.2375  0.000e+00
     59.592     5.2271   3.125818    32.2114       1019     4.2417  0.000e+00
     59.526     5.2358   3.128426    32.2328       1020     4.2458  0.000e+00
     59.461     5.2529   3.129833    32.2324       1021     4.2500  0.000e+00
     59.399     5.2734   3.130445    32.2197       1022     4.2542  0.000e+00
     59.351     5.2915   3.130997    32.2086       1023     4.2583  0.000e+00
     59.304     5.3058   3.131713    32.2030       1024     4.2625  0.000e+00
     59.259     5.3186   3.132344    32.1979       1025     4.2667  0.000e+00
     59.226     5.3299   3.132659    32.1907       1026     4.2708  0.000e+00
     59.191     5.3386   3.132781    32.1837       1027     4.2750  0.000e+00
     59.164     5.3449   3.132859    32.1785       1028     4.2792  0.000e+00
     59.139     5.3489   3.132841    32.1745       1029     4.2833  0.000e+00
     59.117     5.3512   3.132817    32.1720       1030     4.2875  0.000e+00
     59.087     5.3526   3.132793    32.1704       1031     4.2917  0.000e+00
     59.066     5.3537   3.132762    32.1690       1032     4.2958  0.000e+00
     59.032     5.3539   3.132738    32.1685       1033     4.3000  0.000e+00
     59.001     5.3541   3.132762    32.1687       1034     4.3042  0.000e+00
     58.967     5.3541   3.132720    32.1682       1035     4.3083  0.000e+00
