HB2503/sbe026.cnv
* Sea-Bird SBE 19plus V2 Data File:
* FileName = C:\cruise\data\sbe026.hex
* Software Version Seasave V 7.26.7.121
* Temperature SN = 6128
* Conductivity SN = 6128
* System UpLoad Time = May 30 2025 10:43:40
* NMEA Latitude = 38 34.66 N
* NMEA Longitude = 074 30.09 W
* NMEA UTC (Time) = May 30 2025  10:41:51
** Ship: Henry Bigelow
** Cruise:  HB2502
** Program:  Spring Bottom Trawl
# nquan = 7
# nvalues = 1289                                  
# units = specified
# name 0 = depSM: Depth [salt water, m]
# name 1 = tv290C: Temperature [ITS-90, deg C]
# name 2 = c0S/m: Conductivity [S/m]
# name 3 = sal00: Salinity, Practical [PSU]
# name 4 = scan: Scan Count
# name 5 = timeM: Time, Elapsed [minutes]
# name 6 = flag:  0.000e+00
# span 0 =      0.003,     27.546                 
# span 1 =     8.4196,    16.0686                 
# span 2 =   0.000279,   3.967790                 
# span 3 =     0.0087,    33.0775                 
# span 4 =         11,       1299                 
# span 5 =     0.0417,     5.4083                 
# span 6 = 0.0000e+00, 0.0000e+00                 
# interval = seconds: 0.25
# start_time = May 30 2025 10:41:51 [NMEA time, header]
# bad_flag = -9.990e-29
*END*
[from data line 1231]
      2.080    14.9938   3.952650    31.9311       1242     5.1708  0.000e+00
      2.060    14.9898   3.952324    31.9315       1243     5.1750  0.000e+00
      2.031    14.9856   3.952324    31.9349       1244     5.1792  0.000e+00
      1.996    14.9826   3.952670    31.9405       1245     5.1833  0.000e+00
      1.952    14.9819   3.953003    31.9441       1246     5.1875  0.000e+00
      1.907    14.9835   3.953615    31.9483       1247     5.1917  0.000e+00
      1.851    14.9871   3.954487    31.9533       1248     5.1958  0.000e+00
      1.794    14.9935   3.955052    31.9531       1249     5.2000  0.000e+00
      1.732    15.0015   3.955664    31.9521       1250     5.2042  0.000e+00
      1.667    15.0090   3.956110    31.9500       1251     5.2083  0.000e+00
      1.591    15.0167   3.956749    31.9495       1252     5.2125  0.000e+00
      1.515    15.0242   3.957641    31.9514       1253     5.2167  0.000e+00
      1.443    15.0341   3.959272    31.9580       1254     5.2208  0.000e+00
      1.373    15.0466   3.959858    31.9531       1255     5.2250  0.000e+00
      1.310    15.0597   3.961323    31.9556       1256     5.2292  0.000e+00
      1.258    15.0739   3.963441    31.9630       1257     5.2333  0.000e+00
      1.216    15.0929   3.964906    31.9607       1258     5.2375  0.000e+00
      1.180    15.1186   3.965918    31.9488       1259     5.2417  0.000e+00
      1.158    15.1512   3.966384    31.9265       1260     5.2458  0.000e+00
      1.160    15.1861   3.966650    31.9004       1261     5.2500  0.000e+00
      1.169    15.2180   3.966936    31.8770       1262     5.2542  0.000e+00
      1.186    15.2386   3.967149    31.8621       1263     5.2583  0.000e+00
      1.196    15.2459   3.967289    31.8575       1264     5.2625  0.000e+00
      1.220    15.2439   3.966770    31.8544       1265     5.2667  0.000e+00
      1.243    15.2334   3.966297    31.8587       1266     5.2708  0.000e+00
      1.262    15.2187   3.966390    31.8715       1267     5.2750  0.000e+00
      1.276    15.2067   3.966457    31.8818       1268     5.2792  0.000e+00
      1.279    15.1984   3.966750    31.8912       1269     5.2833  0.000e+00
      1.275    15.1938   3.966957    31.8968       1270     5.2875  0.000e+00
      1.269    15.1910   3.966537    31.8953       1271     5.2917  0.000e+00
      1.244    15.1871   3.966277    31.8962       1272     5.2958  0.000e+00
      1.214    15.1823   3.966937    31.9060       1273     5.3000  0.000e+00
      1.178    15.1880   3.967790    31.9091       1274     5.3042  0.000e+00
      1.130    15.2091   3.965637    31.8726       1275     5.3083  0.000e+00
      1.082    15.2455   3.960534    31.7974       1276     5.3125  0.000e+00
      1.026    15.2895   3.952014    31.6857       1277     5.3167  0.000e+00
      0.968    15.3339   3.949119    31.6240       1278     5.3208  0.000e+00
      0.921    15.3692   3.947290    31.5793       1279     5.3250  0.000e+00
      0.883    15.3934   3.946724    31.5549       1280     5.3292  0.000e+00
      0.849    15.4089   3.944098    31.5191       1281     5.3333  0.000e+00
      0.823    15.4197   3.941080    31.4835       1282     5.3375  0.000e+00
      0.794    15.4290   3.940435    31.4704       1283     5.3417  0.000e+00
      0.755    15.4362   3.939359    31.4551       1284     5.3458  0.000e+00
      0.737    15.4421   3.937412    31.4331       1285     5.3500  0.000e+00
      0.708    15.4468   3.936010    31.4169       1286     5.3542  0.000e+00
      0.679    15.4511   3.933506    31.3912       1287     5.3583  0.000e+00
      0.666    15.4553   3.932205    31.3763       1288     5.3625  0.000e+00
      0.654    15.4594   3.931567    31.3673       1289     5.3667  0.000e+00
      0.620    15.4627   3.932477    31.3728       1290     5.3708  0.000e+00
      0.587    15.4647   3.932012    31.3671       1291     5.3750  0.000e+00
      0.561    15.4662   3.932218    31.3677       1292     5.3792  0.000e+00
      0.535    15.4670   3.932550    31.3701       1293     5.3833  0.000e+00
      0.511    15.4674   3.932291    31.3674       1294     5.3875  0.000e+00
      0.484    15.4680   3.931985    31.3643       1295     5.3917  0.000e+00
      0.464    15.4687   3.931985    31.3637       1296     5.3958  0.000e+00
      0.455    15.4697   3.932105    31.3640       1297     5.4000  0.000e+00
      0.438    15.4700   3.931759    31.3607       1298     5.4042  0.000e+00
      0.435    15.4707   3.931826    31.3607       1299     5.4083  0.000e+00
