HB2503/sbe025.cnv
* Sea-Bird SBE 19plus V2 Data File:
* FileName = C:\cruise\data\sbe025.hex
* Software Version Seasave V 7.26.7.121
* Temperature SN = 6128
* Conductivity SN = 6128
* System UpLoad Time = May 30 2025 08:18:00
* NMEA Latitude = 38 44.80 N
* NMEA Longitude = 074 55.58 W
* NMEA UTC (Time) = May 30 2025  08:16:12
** Ship: Henry Bigelow
** Cruise:  HB2502
** Program:  Spring Bottom Trawl
# nquan = 7
# nvalues = 1568                                  
# units = specified
# name 0 = depSM: Depth [salt water, m]
# name 1 = tv290C: Temperature [ITS-90, deg C]
# name 2 = c0S/m: Conductivity [S/m]
# name 3 = sal00: Salinity, Practical [PSU]
# name 4 = scan: Scan Count
# name 5 = timeM: Time, Elapsed [minutes]
# name 6 = flag:  0.000e+00
# span 0 =     -0.107,     40.508                 
# span 1 =    15.4436,    16.6419                 
# span 2 =   0.006735,   4.071925                 
# span 3 =     0.0411,    31.6609                 
# span 4 =         11,       1578                 
# span 5 =     0.0417,     6.5708                 
# span 6 = 0.0000e+00, 0.0000e+00                 
# interval = seconds: 0.25
# start_time = May 30 2025 08:16:12 [NMEA time, header]
# bad_flag = -9.990e-29
*END*
[from data line 1231]
      7.778    15.8444   3.837641    30.2356       1242     5.1708  0.000e+00
      7.742    15.8456   3.836845    30.2277       1243     5.1750  0.000e+00
      7.718    15.8484   3.836208    30.2200       1244     5.1792  0.000e+00
      7.680    15.8518   3.835458    30.2108       1245     5.1833  0.000e+00
      7.654    15.8563   3.834847    30.2021       1246     5.1875  0.000e+00
      7.623    15.8608   3.834847    30.1987       1247     5.1917  0.000e+00
      7.600    15.8639   3.834176    30.1904       1248     5.1958  0.000e+00
      7.573    15.8672   3.834663    30.1921       1249     5.2000  0.000e+00
      7.548    15.8688   3.834176    30.1867       1250     5.2042  0.000e+00
      7.527    15.8702   3.833782    30.1822       1251     5.2083  0.000e+00
      7.506    15.8724   3.833348    30.1767       1252     5.2125  0.000e+00
      7.482    15.8748   3.832770    30.1698       1253     5.2167  0.000e+00
      7.471    15.8775   3.832645    30.1667       1254     5.2208  0.000e+00
      7.453    15.8796   3.832343    30.1624       1255     5.2250  0.000e+00
      7.441    15.8816   3.832192    30.1596       1256     5.2292  0.000e+00
      7.437    15.8838   3.832080    30.1570       1257     5.2333  0.000e+00
      7.440    15.8851   3.831876    30.1542       1258     5.2375  0.000e+00
      7.449    15.8865   3.831830    30.1527       1259     5.2417  0.000e+00
      7.464    15.8875   3.831797    30.1516       1260     5.2458  0.000e+00
      7.478    15.8882   3.831830    30.1514       1261     5.2500  0.000e+00
      7.494    15.8888   3.831942    30.1520       1262     5.2542  0.000e+00
      7.505    15.8888   3.832329    30.1553       1263     5.2583  0.000e+00
      7.516    15.8882   3.832323    30.1558       1264     5.2625  0.000e+00
      7.528    15.8872   3.832375    30.1569       1265     5.2667  0.000e+00
      7.528    15.8869   3.832375    30.1571       1266     5.2708  0.000e+00
      7.521    15.8866   3.832297    30.1567       1267     5.2750  0.000e+00
      7.507    15.8869   3.831922    30.1532       1268     5.2792  0.000e+00
      7.476    15.8879   3.831226    30.1463       1269     5.2833  0.000e+00
      7.440    15.8897   3.831035    30.1433       1270     5.2875  0.000e+00
      7.391    15.8925   3.830871    30.1398       1271     5.2917  0.000e+00
      7.334    15.8955   3.830490    30.1342       1272     5.2958  0.000e+00
      7.279    15.8979   3.829990    30.1281       1273     5.3000  0.000e+00
      7.226    15.9005   3.829452    30.1214       1274     5.3042  0.000e+00
      7.185    15.9035   3.828703    30.1125       1275     5.3083  0.000e+00
      7.140    15.9063   3.828322    30.1071       1276     5.3125  0.000e+00
      7.100    15.9091   3.828000    30.1022       1277     5.3167  0.000e+00
      7.066    15.9114   3.827849    30.0991       1278     5.3208  0.000e+00
      7.035    15.9134   3.827527    30.0948       1279     5.3250  0.000e+00
      7.013    15.9156   3.827067    30.0891       1280     5.3292  0.000e+00
      6.988    15.9183   3.826305    30.0804       1281     5.3333  0.000e+00
      6.968    15.9215   3.826010    30.0754       1282     5.3375  0.000e+00
      6.956    15.9247   3.825517    30.0687       1283     5.3417  0.000e+00
      6.950    15.9272   3.825557    30.0671       1284     5.3458  0.000e+00
      6.953    15.9293   3.825235    30.0627       1285     5.3500  0.000e+00
      6.963    15.9305   3.825373    30.0630       1286     5.3542  0.000e+00
      6.982    15.9316   3.825425    30.0626       1287     5.3583  0.000e+00
      7.004    15.9321   3.825649    30.0642       1288     5.3625  0.000e+00
      7.033    15.9319   3.825708    30.0649       1289     5.3667  0.000e+00
      7.049    15.9315   3.825649    30.0646       1290     5.3708  0.000e+00
      7.069    15.9313   3.825622    30.0645       1291     5.3750  0.000e+00
      7.085    15.9314   3.825544    30.0638       1292     5.3792  0.000e+00
      7.093    15.9316   3.825353    30.0620       1293     5.3833  0.000e+00
      7.083    15.9315   3.825045    30.0593       1294     5.3875  0.000e+00
      7.074    15.9325   3.824926    30.0576       1295     5.3917  0.000e+00
      7.056    15.9336   3.824545    30.0534       1296     5.3958  0.000e+00
      7.031    15.9346   3.824539    30.0526       1297     5.4000  0.000e+00
      7.006    15.9360   3.824145    30.0481       1298     5.4042  0.000e+00
      6.973    15.9373   3.823410    30.0407       1299     5.4083  0.000e+00
      6.944    15.9393   3.822957    30.0352       1300     5.4125  0.000e+00
      6.919    15.9414   3.822346    30.0283       1301     5.4167  0.000e+00
      6.895    15.9438   3.821782    30.0216       1302     5.4208  0.000e+00
      6.863    15.9462   3.821316    30.0157       1303     5.4250  0.000e+00
      6.828    15.9489   3.820987    30.0108       1304     5.4292  0.000e+00
      6.788    15.9513   3.820987    30.0090       1305     5.4333  0.000e+00
      6.745    15.9529   3.820948    30.0074       1306     5.4375  0.000e+00
      6.696    15.9541   3.820817    30.0055       1307     5.4417  0.000e+00
      6.640    15.9554   3.820699    30.0035       1308     5.4458  0.000e+00
      6.600    15.9559   3.820561    30.0019       1309     5.4500  0.000e+00
      6.551    15.9565   3.820108    29.9975       1310     5.4542  0.000e+00
      6.513    15.9575   3.820062    29.9964       1311     5.4583  0.000e+00
      6.488    15.9581   3.819931    29.9947       1312     5.4625  0.000e+00
      6.464    15.9589   3.819747    29.9925       1313     5.4667  0.000e+00
      6.449    15.9597   3.819707    29.9916       1314     5.4708  0.000e+00
      6.439    15.9600   3.819209    29.9870       1315     5.4750  0.000e+00
      6.433    15.9608   3.819018    29.9848       1316     5.4792  0.000e+00
      6.438    15.9616   3.819209    29.9858       1317     5.4833  0.000e+00
      6.447    15.9621   3.819347    29.9867       1318     5.4875  0.000e+00
      6.456    15.9623   3.819478    29.9876       1319     5.4917  0.000e+00
      6.476    15.9619   3.819537    29.9884       1320     5.4958  0.000e+00
      6.489    15.9620   3.819524    29.9883       1321     5.5000  0.000e+00
      6.507    15.9618   3.819465    29.9879       1322     5.5042  0.000e+00
      6.516    15.9620   3.819294    29.9862       1323     5.5083  0.000e+00
      6.529    15.9621   3.819373    29.9868       1324     5.5125  0.000e+00
      6.529    15.9624   3.819340    29.9864       1325     5.5167  0.000e+00
      6.526    15.9623   3.819248    29.9856       1326     5.5208  0.000e+00
      6.511    15.9626   3.819163    29.9846       1327     5.5250  0.000e+00
      6.493    15.9628   3.818913    29.9823       1328     5.5292  0.000e+00
      6.460    15.9631   3.818782    29.9809       1329     5.5333  0.000e+00
      6.426    15.9637   3.818710    29.9799       1330     5.5375  0.000e+00
      6.381    15.9640   3.818047    29.9739       1331     5.5417  0.000e+00
      6.338    15.9645   3.817759    29.9710       1332     5.5458  0.000e+00
      6.294    15.9655   3.817903    29.9715       1333     5.5500  0.000e+00
      6.247    15.9659   3.817378    29.9666       1334     5.5542  0.000e+00
      6.205    15.9666   3.816551    29.9589       1335     5.5583  0.000e+00
      6.166    15.9672   3.816499    29.9580       1336     5.5625  0.000e+00
      6.135    15.9678   3.816315    29.9560       1337     5.5667  0.000e+00
      6.104    15.9685   3.816112    29.9537       1338     5.5708  0.000e+00
      6.075    15.9690   3.815987    29.9522       1339     5.5750  0.000e+00
      6.047    15.9694   3.816138    29.9533       1340     5.5792  0.000e+00
      6.031    15.9696   3.815869    29.9508       1341     5.5833  0.000e+00
      6.014    15.9698   3.815679    29.9490       1342     5.5875  0.000e+00
      6.005    15.9701   3.815508    29.9472       1343     5.5917  0.000e+00
      6.000    15.9704   3.815180    29.9442       1344     5.5958  0.000e+00
      5.995    15.9708   3.814918    29.9416       1345     5.6000  0.000e+00
      5.993    15.9713   3.814800    29.9401       1346     5.6042  0.000e+00
      5.988    15.9718   3.814741    29.9393       1347     5.6083  0.000e+00
      5.993    15.9723   3.815036    29.9414       1348     5.6125  0.000e+00
      5.993    15.9723   3.815148    29.9425       1349     5.6167  0.000e+00
      5.993    15.9722   3.815226    29.9432       1350     5.6208  0.000e+00
      5.995    15.9720   3.815528    29.9460       1351     5.6250  0.000e+00
      5.993    15.9716   3.815443    29.9456       1352     5.6292  0.000e+00
      5.992    15.9716   3.814984    29.9416       1353     5.6333  0.000e+00
      5.981    15.9716   3.814610    29.9382       1354     5.6375  0.000e+00
      5.967    15.9722   3.814334    29.9354       1355     5.6417  0.000e+00
      5.950    15.9726   3.814400    29.9357       1356     5.6458  0.000e+00
      5.930    15.9729   3.813947    29.9316       1357     5.6500  0.000e+00
      5.907    15.9735   3.814039    29.9319       1358     5.6542  0.000e+00
      5.878    15.9738   3.813619    29.9280       1359     5.6583  0.000e+00
      5.843    15.9742   3.813344    29.9253       1360     5.6625  0.000e+00
      5.816    15.9745   3.813403    29.9256       1361     5.6667  0.000e+00
      5.783    15.9752   3.812911    29.9208       1362     5.6708  0.000e+00
      5.761    15.9756   3.812413    29.9161       1363     5.6750  0.000e+00
      5.738    15.9761   3.812144    29.9135       1364     5.6792  0.000e+00
      5.718    15.9770   3.812006    29.9116       1365     5.6833  0.000e+00
      5.698    15.9777   3.811921    29.9103       1366     5.6875  0.000e+00
      5.676    15.9781   3.811633    29.9075       1367     5.6917  0.000e+00
      5.664    15.9789   3.811226    29.9034       1368     5.6958  0.000e+00
      5.630    15.9795   3.810872    29.8998       1369     5.7000  0.000e+00
      5.606    15.9802   3.810662    29.8975       1370     5.7042  0.000e+00
      5.570    15.9811   3.809954    29.8907       1371     5.7083  0.000e+00
      5.535    15.9821   3.809784    29.8884       1372     5.7125  0.000e+00
      5.497    15.9830   3.809574    29.8859       1373     5.7167  0.000e+00
      5.465    15.9841   3.809240    29.8822       1374     5.7208  0.000e+00
      5.442    15.9852   3.809004    29.8793       1375     5.7250  0.000e+00
      5.427    15.9863   3.808879    29.8774       1376     5.7292  0.000e+00
      5.413    15.9870   3.808866    29.8768       1377     5.7333  0.000e+00
      5.404    15.9875   3.808813    29.8759       1378     5.7375  0.000e+00
      5.399    15.9878   3.808722    29.8749       1379     5.7417  0.000e+00
      5.388    15.9880   3.808610    29.8738       1380     5.7458  0.000e+00
      5.379    15.9886   3.808486    29.8723       1381     5.7500  0.000e+00
      5.366    15.9889   3.808453    29.8717       1382     5.7542  0.000e+00
      5.353    15.9892   3.808453    29.8715       1383     5.7583  0.000e+00
      5.335    15.9893   3.808486    29.8717       1384     5.7625  0.000e+00
      5.317    15.9895   3.808407    29.8709       1385     5.7667  0.000e+00
      5.303    15.9898   3.808276    29.8696       1386     5.7708  0.000e+00
      5.286    15.9899   3.808073    29.8677       1387     5.7750  0.000e+00
      5.272    15.9904   3.807870    29.8656       1388     5.7792  0.000e+00
      5.259    15.9907   3.807732    29.8642       1389     5.7833  0.000e+00
      5.248    15.9910   3.807588    29.8627       1390     5.7875  0.000e+00
      5.233    15.9916   3.807352    29.8602       1391     5.7917  0.000e+00
      5.224    15.9920   3.807090    29.8576       1392     5.7958  0.000e+00
      5.212    15.9930   3.807083    29.8568       1393     5.8000  0.000e+00
      5.197    15.9936   3.807142    29.8568       1394     5.8042  0.000e+00
      5.183    15.9938   3.807083    29.8561       1395     5.8083  0.000e+00
      5.157    15.9940   3.806382    29.8499       1396     5.8125  0.000e+00
      5.126    15.9949   3.805910    29.8451       1397     5.8167  0.000e+00
      5.098    15.9958   3.805628    29.8420       1398     5.8208  0.000e+00
      5.061    15.9970   3.805530    29.8403       1399     5.8250  0.000e+00
      5.021    15.9981   3.805320    29.8376       1400     5.8292  0.000e+00
      4.983    15.9989   3.805170    29.8357       1401     5.8333  0.000e+00
      4.943    15.9996   3.804966    29.8335       1402     5.8375  0.000e+00
      4.905    16.0004   3.804724    29.8307       1403     5.8417  0.000e+00
      4.874    16.0008   3.804331    29.8270       1404     5.8458  0.000e+00
      4.847    16.0015   3.804134    29.8248       1405     5.8500  0.000e+00
      4.823    16.0020   3.804069    29.8239       1406     5.8542  0.000e+00
      4.803    16.0023   3.803892    29.8221       1407     5.8583  0.000e+00
      4.787    16.0025   3.803741    29.8207       1408     5.8625  0.000e+00
      4.785    16.0028   3.803643    29.8195       1409     5.8667  0.000e+00
      4.772    16.0032   3.803551    29.8185       1410     5.8708  0.000e+00
      4.779    16.0035   3.803643    29.8190       1411     5.8750  0.000e+00
      4.785    16.0037   3.803623    29.8187       1412     5.8792  0.000e+00
      4.803    16.0038   3.803460    29.8172       1413     5.8833  0.000e+00
      4.812    16.0037   3.803388    29.8167       1414     5.8875  0.000e+00
      4.819    16.0040   3.803374    29.8163       1415     5.8917  0.000e+00
      4.826    16.0042   3.803342    29.8159       1416     5.8958  0.000e+00
      4.821    16.0043   3.803348    29.8159       1417     5.9000  0.000e+00
      4.816    16.0043   3.803289    29.8154       1418     5.9042  0.000e+00
      4.785    16.0045   3.803283    29.8152       1419     5.9083  0.000e+00
      4.742    16.0046   3.803080    29.8133       1420     5.9125  0.000e+00
      4.695    16.0051   3.802608    29.8088       1421     5.9167  0.000e+00
      4.640    16.0056   3.801783    29.8013       1422     5.9208  0.000e+00
      4.584    16.0074   3.801082    29.7939       1423     5.9250  0.000e+00
      4.537    16.0091   3.800931    29.7913       1424     5.9292  0.000e+00
      4.501    16.0110   3.799733    29.7794       1425     5.9333  0.000e+00
      4.461    16.0130   3.799215    29.7734       1426     5.9375  0.000e+00
      4.425    16.0153   3.798881    29.7688       1427     5.9417  0.000e+00
      4.396    16.0170   3.798626    29.7653       1428     5.9458  0.000e+00
      4.358    16.0184   3.798456    29.7628       1429     5.9500  0.000e+00
      4.331    16.0192   3.798364    29.7615       1430     5.9542  0.000e+00
      4.297    16.0202   3.798207    29.7593       1431     5.9583  0.000e+00
      4.264    16.0208   3.798056    29.7576       1432     5.9625  0.000e+00
      4.235    16.0210   3.797938    29.7564       1433     5.9667  0.000e+00
      4.204    16.0213   3.797847    29.7554       1434     5.9708  0.000e+00
      4.186    16.0218   3.797650    29.7533       1435     5.9750  0.000e+00
      4.172    16.0220   3.797565    29.7524       1436     5.9792  0.000e+00
      4.165    16.0221   3.797605    29.7527       1437     5.9833  0.000e+00
      4.166    16.0223   3.797657    29.7530       1438     5.9875  0.000e+00
      4.172    16.0226   3.797670    29.7529       1439     5.9917  0.000e+00
      4.181    16.0226   3.797637    29.7526       1440     5.9958  0.000e+00
      4.191    16.0226   3.797650    29.7527       1441     6.0000  0.000e+00
      4.199    16.0226   3.797611    29.7523       1442     6.0042  0.000e+00
      4.210    16.0229   3.797447    29.7507       1443     6.0083  0.000e+00
      4.213    16.0230   3.797585    29.7518       1444     6.0125  0.000e+00
      4.210    16.0232   3.797650    29.7522       1445     6.0167  0.000e+00
