HB2503/sbe081.cnv
* Sea-Bird SBE 19plus V2 Data File:
* FileName = C:\cruise\data\sbe081.hex
* Software Version Seasave V 7.26.7.121
* Temperature SN = 6128
* Conductivity SN = 6128
* System UpLoad Time = Jun 04 2025 23:31:14
* NMEA Latitude = 43 09.63 N
* NMEA Longitude = 069 52.59 W
* NMEA UTC (Time) = Jun 04 2025  23:29:31
** Ship: Henry Bigelow
** Cruise:  HB2502
** Program:  Spring Bottom Trawl
# nquan = 7
# nvalues = 3875                                  
# units = specified
# name 0 = depSM: Depth [salt water, m]
# name 1 = tv290C: Temperature [ITS-90, deg C]
# name 2 = c0S/m: Conductivity [S/m]
# name 3 = sal00: Salinity, Practical [PSU]
# name 4 = scan: Scan Count
# name 5 = timeM: Time, Elapsed [minutes]
# name 6 = flag:  0.000e+00
# span 0 =     -0.185,    175.676                 
# span 1 =     4.6592,    14.3152                 
# span 2 =   0.006693,   3.813949                 
# span 3 =     0.0422,    33.6407                 
# span 4 =         11,       3885                 
# span 5 =     0.0417,    16.1833                 
# span 6 = 0.0000e+00, 0.0000e+00                 
# interval = seconds: 0.25
# start_time = Jun 04 2025 23:29:31 [NMEA time, header]
# bad_flag = -9.990e-29
*END*
[from data line 1026]
    137.492     5.3829   3.208308    32.9609       1037     4.3167  0.000e+00
    137.632     5.3837   3.208430    32.9613       1038     4.3208  0.000e+00
    137.764     5.3848   3.208639    32.9626       1039     4.3250  0.000e+00
    137.899     5.3859   3.208780    32.9630       1040     4.3292  0.000e+00
    138.039     5.3872   3.208939    32.9636       1041     4.3333  0.000e+00
    138.178     5.3883   3.209086    32.9640       1042     4.3375  0.000e+00
    138.326     5.3893   3.209245    32.9648       1043     4.3417  0.000e+00
    138.474     5.3905   3.209349    32.9647       1044     4.3458  0.000e+00
    138.628     5.3915   3.209533    32.9658       1045     4.3500  0.000e+00
    138.776     5.3926   3.209717    32.9667       1046     4.3542  0.000e+00
    138.937     5.3941   3.210042    32.9688       1047     4.3583  0.000e+00
    139.102     5.3960   3.210409    32.9711       1048     4.3625  0.000e+00
    139.268     5.3982   3.210875    32.9741       1049     4.3667  0.000e+00
    139.436     5.4009   3.211298    32.9762       1050     4.3708  0.000e+00
    139.606     5.4040   3.212137    32.9826       1051     4.3750  0.000e+00
    139.776     5.4080   3.212872    32.9870       1052     4.3792  0.000e+00
    139.950     5.4128   3.213222    32.9861       1053     4.3833  0.000e+00
    140.115     5.4173   3.213669    32.9867       1054     4.3875  0.000e+00
    140.283     5.4213   3.214055    32.9871       1055     4.3917  0.000e+00
    140.444     5.4251   3.214361    32.9868       1056     4.3958  0.000e+00
    140.597     5.4283   3.214913    32.9899       1057     4.4000  0.000e+00
    140.758     5.4315   3.215262    32.9906       1058     4.4042  0.000e+00
    140.914     5.4349   3.215685    32.9920       1059     4.4083  0.000e+00
    141.066     5.4382   3.216157    32.9940       1060     4.4125  0.000e+00
    141.216     5.4417   3.216384    32.9931       1061     4.4167  0.000e+00
    141.367     5.4447   3.217010    32.9972       1062     4.4208  0.000e+00
    141.517     5.4481   3.217445    32.9987       1063     4.4250  0.000e+00
    141.666     5.4515   3.217666    32.9978       1064     4.4292  0.000e+00
    141.816     5.4545   3.218015    32.9988       1065     4.4333  0.000e+00
    141.969     5.4575   3.218303    32.9990       1066     4.4375  0.000e+00
    142.123     5.4599   3.218383    32.9974       1067     4.4417  0.000e+00
    142.277     5.4620   3.218506    32.9967       1068     4.4458  0.000e+00
    142.434     5.4638   3.218610    32.9960       1069     4.4500  0.000e+00
    142.588     5.4650   3.218733    32.9962       1070     4.4542  0.000e+00
    142.749     5.4662   3.218917    32.9971       1071     4.4583  0.000e+00
    142.910     5.4675   3.219125    32.9981       1072     4.4625  0.000e+00
    143.073     5.4688   3.219548    33.0014       1073     4.4667  0.000e+00
    143.239     5.4706   3.219812    33.0026       1074     4.4708  0.000e+00
    143.403     5.4725   3.219917    33.0018       1075     4.4750  0.000e+00
    143.566     5.4743   3.220260    33.0039       1076     4.4792  0.000e+00
    143.729     5.4759   3.220321    33.0029       1077     4.4833  0.000e+00
    143.892     5.4774   3.220530    33.0038       1078     4.4875  0.000e+00
    144.051     5.4789   3.220567    33.0027       1079     4.4917  0.000e+00
    144.205     5.4798   3.220689    33.0030       1080     4.4958  0.000e+00
    144.367     5.4807   3.220671    33.0019       1081     4.5000  0.000e+00
    144.523     5.4814   3.220794    33.0026       1082     4.5042  0.000e+00
    144.678     5.4819   3.220855    33.0027       1083     4.5083  0.000e+00
    144.834     5.4825   3.221205    33.0060       1084     4.5125  0.000e+00
    144.982     5.4837   3.221757    33.0110       1085     4.5167  0.000e+00
    145.137     5.4858   3.222616    33.0186       1086     4.5208  0.000e+00
    145.289     5.4892   3.223064    33.0203       1087     4.5250  0.000e+00
    145.436     5.4934   3.223904    33.0256       1088     4.5292  0.000e+00
    145.582     5.4981   3.224825    33.0313       1089     4.5333  0.000e+00
    145.732     5.5032   3.225666    33.0358       1090     4.5375  0.000e+00
    145.882     5.5090   3.226322    33.0375       1091     4.5417  0.000e+00
    146.032     5.5147   3.227249    33.0424       1092     4.5458  0.000e+00
    146.182     5.5205   3.227937    33.0444       1093     4.5500  0.000e+00
    146.338     5.5260   3.228489    33.0452       1094     4.5542  0.000e+00
    146.496     5.5315   3.229023    33.0458       1095     4.5583  0.000e+00
    146.661     5.5362   3.228735    33.0378       1096     4.5625  0.000e+00
    146.822     5.5389   3.230049    33.0500       1097     4.5667  0.000e+00
    146.990     5.5426   3.230503    33.0514       1098     4.5708  0.000e+00
    147.151     5.5472   3.231074    33.0533       1099     4.5750  0.000e+00
    147.327     5.5513   3.231731    33.0566       1100     4.5792  0.000e+00
    147.493     5.5559   3.231688    33.0515       1101     4.5833  0.000e+00
    147.652     5.5595   3.231916    33.0505       1102     4.5875  0.000e+00
    147.814     5.5617   3.232186    33.0512       1103     4.5917  0.000e+00
    147.972     5.5638   3.232370    33.0513       1104     4.5958  0.000e+00
    148.125     5.5658   3.232327    33.0487       1105     4.6000  0.000e+00
    148.277     5.5670   3.232782    33.0526       1106     4.6042  0.000e+00
    148.427     5.5684   3.232739    33.0507       1107     4.6083  0.000e+00
    148.574     5.5697   3.232788    33.0499       1108     4.6125  0.000e+00
    148.720     5.5707   3.233212    33.0536       1109     4.6167  0.000e+00
    148.859     5.5719   3.233335    33.0538       1110     4.6208  0.000e+00
    149.006     5.5734   3.233458    33.0536       1111     4.6250  0.000e+00
    149.153     5.5747   3.233519    33.0530       1112     4.6292  0.000e+00
    149.297     5.5757   3.233599    33.0528       1113     4.6333  0.000e+00
    149.445     5.5764   3.233783    33.0541       1114     4.6375  0.000e+00
    149.596     5.5774   3.233839    33.0538       1115     4.6417  0.000e+00
    149.749     5.5781   3.233826    33.0528       1116     4.6458  0.000e+00
    149.907     5.5785   3.233888    33.0530       1117     4.6500  0.000e+00
    150.060     5.5789   3.233931    33.0530       1118     4.6542  0.000e+00
    150.228     5.5794   3.234072    33.0541       1119     4.6583  0.000e+00
    150.396     5.5798   3.234158    33.0546       1120     4.6625  0.000e+00
    150.568     5.5804   3.234318    33.0557       1121     4.6667  0.000e+00
    150.738     5.5813   3.234441    33.0561       1122     4.6708  0.000e+00
    150.910     5.5822   3.234539    33.0563       1123     4.6750  0.000e+00
    151.084     5.5829   3.234687    33.0571       1124     4.6792  0.000e+00
    151.255     5.5840   3.234939    33.0589       1125     4.6833  0.000e+00
    151.425     5.5849   3.234976    33.0583       1126     4.6875  0.000e+00
    151.595     5.5859   3.235185    33.0596       1127     4.6917  0.000e+00
    151.758     5.5870   3.235449    33.0614       1128     4.6958  0.000e+00
    151.928     5.5883   3.235695    33.0628       1129     4.7000  0.000e+00
    152.081     5.5899   3.235830    33.0627       1130     4.7042  0.000e+00
    152.242     5.5914   3.235965    33.0627       1131     4.7083  0.000e+00
    152.396     5.5926   3.235861    33.0602       1132     4.7125  0.000e+00
    152.550     5.5933   3.236168    33.0630       1133     4.7167  0.000e+00
    152.698     5.5941   3.236500    33.0659       1134     4.7208  0.000e+00
    152.844     5.5956   3.236703    33.0667       1135     4.7250  0.000e+00
    152.992     5.5971   3.236973    33.0682       1136     4.7292  0.000e+00
    153.131     5.5987   3.237360    33.0710       1137     4.7333  0.000e+00
    153.273     5.6007   3.237821    33.0741       1138     4.7375  0.000e+00
    153.419     5.6034   3.238018    33.0736       1139     4.7417  0.000e+00
    153.560     5.6056   3.238061    33.0718       1140     4.7458  0.000e+00
    153.706     5.6073   3.238166    33.0713       1141     4.7500  0.000e+00
    153.856     5.6086   3.238246    33.0709       1142     4.7542  0.000e+00
    154.010     5.6096   3.238203    33.0693       1143     4.7583  0.000e+00
    154.169     5.6101   3.238252    33.0693       1144     4.7625  0.000e+00
    154.328     5.6106   3.238227    33.0684       1145     4.7667  0.000e+00
    154.485     5.6107   3.238289    33.0689       1146     4.7708  0.000e+00
    154.652     5.6109   3.238430    33.0702       1147     4.7750  0.000e+00
    154.816     5.6112   3.238535    33.0711       1148     4.7792  0.000e+00
    154.981     5.6119   3.238553    33.0705       1149     4.7833  0.000e+00
    155.145     5.6123   3.238578    33.0703       1150     4.7875  0.000e+00
    155.308     5.6128   3.238701    33.0712       1151     4.7917  0.000e+00
    155.467     5.6132   3.238805    33.0719       1152     4.7958  0.000e+00
    155.632     5.6138   3.238928    33.0726       1153     4.8000  0.000e+00
    155.791     5.6144   3.239088    33.0737       1154     4.8042  0.000e+00
    155.948     5.6151   3.239236    33.0746       1155     4.8083  0.000e+00
    156.106     5.6160   3.239482    33.0765       1156     4.8125  0.000e+00
    156.263     5.6171   3.239623    33.0769       1157     4.8167  0.000e+00
    156.419     5.6182   3.239857    33.0784       1158     4.8208  0.000e+00
    156.583     5.6195   3.239974    33.0783       1159     4.8250  0.000e+00
    156.741     5.6208   3.240017    33.0775       1160     4.8292  0.000e+00
    156.892     5.6217   3.240324    33.0800       1161     4.8333  0.000e+00
    157.050     5.6229   3.240472    33.0805       1162     4.8375  0.000e+00
    157.203     5.6241   3.240675    33.0814       1163     4.8417  0.000e+00
    157.357     5.6255   3.241253    33.0865       1164     4.8458  0.000e+00
    157.512     5.6277   3.241677    33.0891       1165     4.8500  0.000e+00
    157.664     5.6304   3.242181    33.0921       1166     4.8542  0.000e+00
    157.818     5.6335   3.242532    33.0929       1167     4.8583  0.000e+00
    157.973     5.6365   3.242962    33.0948       1168     4.8625  0.000e+00
    158.125     5.6400   3.243639    33.0990       1169     4.8667  0.000e+00
    158.273     5.6436   3.243952    33.0989       1170     4.8708  0.000e+00
    158.421     5.6471   3.244475    33.1013       1171     4.8750  0.000e+00
    158.573     5.6503   3.245681    33.1117       1172     4.8792  0.000e+00
    158.721     5.6548   3.247065    33.1228       1173     4.8833  0.000e+00
    158.869     5.6617   3.247828    33.1246       1174     4.8875  0.000e+00
    159.020     5.6685   3.249748    33.1396       1175     4.8917  0.000e+00
    159.171     5.6771   3.249995    33.1338       1176     4.8958  0.000e+00
    159.327     5.6849   3.250844    33.1357       1177     4.9000  0.000e+00
    159.482     5.6914   3.250924    33.1302       1178     4.9042  0.000e+00
    159.638     5.6960   3.251626    33.1335       1179     4.9083  0.000e+00
    159.793     5.7003   3.251712    33.1301       1180     4.9125  0.000e+00
    159.953     5.7037   3.253177    33.1432       1181     4.9167  0.000e+00
    160.108     5.7087   3.255579    33.1654       1182     4.9208  0.000e+00
    160.265     5.7182   3.257193    33.1742       1183     4.9250  0.000e+00
    160.423     5.7300   3.260261    33.1972       1184     4.9292  0.000e+00
    160.571     5.7452   3.263516    33.2189       1185     4.9333  0.000e+00
    160.719     5.7639   3.265051    33.2177       1186     4.9375  0.000e+00
    160.866     5.7817   3.268400    33.2379       1187     4.9417  0.000e+00
    161.016     5.8011   3.270127    33.2383       1188     4.9458  0.000e+00
    161.164     5.8194   3.272410    33.2459       1189     4.9500  0.000e+00
    161.319     5.8368   3.275681    33.2656       1190     4.9542  0.000e+00
    161.466     5.8563   3.276706    33.2579       1191     4.9583  0.000e+00
    161.612     5.8739   3.280461    33.2828       1192     4.9625  0.000e+00
    161.764     5.8932   3.283594    33.2989       1193     4.9667  0.000e+00
    161.920     5.9158   3.284279    33.2844       1194     4.9708  0.000e+00
    162.070     5.9338   3.285138    33.2763       1195     4.9750  0.000e+00
    162.227     5.9478   3.285781    33.2696       1196     4.9792  0.000e+00
    162.379     5.9582   3.285348    33.2545       1197     4.9833  0.000e+00
    162.536     5.9643   3.286393    33.2602       1198     4.9875  0.000e+00
    162.691     5.9696   3.287691    33.2694       1199     4.9917  0.000e+00
    162.849     5.9761   3.288563    33.2727       1200     4.9958  0.000e+00
    163.012     5.9837   3.290895    33.2914       1201     5.0000  0.000e+00
    163.172     5.9934   3.292676    33.3018       1202     5.0042  0.000e+00
    163.330     6.0060   3.293561    33.2992       1203     5.0083  0.000e+00
    163.494     6.0177   3.296098    33.3161       1204     5.0125  0.000e+00
    163.663     6.0300   3.297757    33.3225       1205     5.0167  0.000e+00
    163.831     6.0439   3.301329    33.3488       1206     5.0208  0.000e+00
    163.999     6.0607   3.303800    33.3599       1207     5.0250  0.000e+00
    164.156     6.0809   3.308193    33.3892       1208     5.0292  0.000e+00
    164.319     6.1046   3.310598    33.3927       1209     5.0333  0.000e+00
    164.484     6.1279   3.308583    33.3472       1210     5.0375  0.000e+00
    164.639     6.1421   3.314145    33.3954       1211     5.0417  0.000e+00
    164.791     6.1588   3.315813    33.3976       1212     5.0458  0.000e+00
    164.940     6.1787   3.319337    33.4173       1213     5.0500  0.000e+00
    165.086     6.1991   3.322925    33.4373       1214     5.0542  0.000e+00
    165.229     6.2222   3.324110    33.4277       1215     5.0583  0.000e+00
    165.370     6.2428   3.324713    33.4141       1216     5.0625  0.000e+00
    165.504     6.2581   3.326886    33.4233       1217     5.0667  0.000e+00
    165.647     6.2717   3.327035    33.4115       1218     5.0708  0.000e+00
    165.781     6.2827   3.328017    33.4116       1219     5.0750  0.000e+00
    165.922     6.2914   3.328414    33.4074       1220     5.0792  0.000e+00
    166.061     6.2985   3.328806    33.4047       1221     5.0833  0.000e+00
    166.204     6.3039   3.328843    33.3998       1222     5.0875  0.000e+00
    166.352     6.3077   3.329713    33.4057       1223     5.0917  0.000e+00
    166.499     6.3111   3.331285    33.4198       1224     5.0958  0.000e+00
    166.656     6.3175   3.331558    33.4164       1225     5.1000  0.000e+00
    166.810     6.3240   3.332391    33.4193       1226     5.1042  0.000e+00
    166.978     6.3302   3.333914    33.4301       1227     5.1083  0.000e+00
    167.141     6.3375   3.335114    33.4362       1228     5.1125  0.000e+00
    167.314     6.3458   3.336805    33.4468       1229     5.1167  0.000e+00
    167.484     6.3556   3.338603    33.4571       1230     5.1208  0.000e+00
    167.664     6.3676   3.341246    33.4746       1231     5.1250  0.000e+00
    167.835     6.3813   3.342167    33.4714       1232     5.1292  0.000e+00
    168.010     6.3936   3.342740    33.4655       1233     5.1333  0.000e+00
    168.180     6.4042   3.343991    33.4689       1234     5.1375  0.000e+00
    168.343     6.4134   3.345578    33.4775       1235     5.1417  0.000e+00
    168.500     6.4238   3.346885    33.4818       1236     5.1458  0.000e+00
    168.663     6.4348   3.347358    33.4761       1237     5.1500  0.000e+00
    168.820     6.4430   3.348056    33.4757       1238     5.1542  0.000e+00
    168.959     6.4498   3.348678    33.4759       1239     5.1583  0.000e+00
    169.109     6.4551   3.349961    33.4849       1240     5.1625  0.000e+00
