HB2503/sbe014.cnv
* Sea-Bird SBE 19plus V2 Data File:
* FileName = C:\cruise\data\sbe014.hex
* Software Version Seasave V 7.26.7.121
* Temperature SN = 6128
* Conductivity SN = 6128
* System UpLoad Time = May 29 2025 04:14:36
* NMEA Latitude = 39 21.46 N
* NMEA Longitude = 073 22.94 W
* NMEA UTC (Time) = May 29 2025  04:12:45
** Ship: Henry Bigelow
** Cruise:  HB2502
** Program:  Spring Bottom Trawl
# nquan = 7
# nvalues = 1351                                  
# units = specified
# name 0 = depSM: Depth [salt water, m]
# name 1 = tv290C: Temperature [ITS-90, deg C]
# name 2 = c0S/m: Conductivity [S/m]
# name 3 = sal00: Salinity, Practical [PSU]
# name 4 = scan: Scan Count
# name 5 = timeM: Time, Elapsed [minutes]
# name 6 = flag:  0.000e+00
# span 0 =     -0.036,     42.034                 
# span 1 =     7.8895,    14.7502                 
# span 2 =  -0.000940,   3.938535                 
# span 3 =     0.0000,    33.3237                 
# span 4 =         11,       1361                 
# span 5 =     0.0417,     5.6667                 
# span 6 = 0.0000e+00, 0.0000e+00                 
# interval = seconds: 0.25
# start_time = May 29 2025 04:12:45 [NMEA time, header]
# bad_flag = -9.990e-29
*END*
[from data line 616]
     22.408    11.8894   3.772458    32.8767        627     2.6083  0.000e+00
     22.318    11.9942   3.778590    32.8437        628     2.6125  0.000e+00
     22.226    12.0952   3.785490    32.8217        629     2.6167  0.000e+00
     22.124    12.1886   3.798379    32.8639        630     2.6208  0.000e+00
     22.021    12.2993   3.804121    32.8221        631     2.6250  0.000e+00
     21.920    12.4068   3.808346    32.7687        632     2.6292  0.000e+00
     21.820    12.4958   3.810921    32.7157        633     2.6333  0.000e+00
     21.731    12.5633   3.815261    32.6985        634     2.6375  0.000e+00
     21.639    12.6217   3.817379    32.6681        635     2.6417  0.000e+00
     21.552    12.6700   3.820154    32.6526        636     2.6458  0.000e+00
     21.463    12.7110   3.823048    32.6447        637     2.6500  0.000e+00
     21.380    12.7485   3.823547    32.6170        638     2.6542  0.000e+00
     21.308    12.7779   3.824209    32.5979        639     2.6583  0.000e+00
     21.230    12.7984   3.824629    32.5842        640     2.6625  0.000e+00
     21.157    12.8118   3.824734    32.5737        641     2.6667  0.000e+00
     21.099    12.8209   3.825535    32.5735        642     2.6708  0.000e+00
     21.043    12.8280   3.825489    32.5669        643     2.6750  0.000e+00
     21.003    12.8335   3.825968    32.5668        644     2.6792  0.000e+00
     20.969    12.8382   3.826710    32.5698        645     2.6833  0.000e+00
     20.951    12.8439   3.827511    32.5724        646     2.6875  0.000e+00
     20.936    12.8512   3.827708    32.5681        647     2.6917  0.000e+00
     20.931    12.8570   3.827609    32.5621        648     2.6958  0.000e+00
     20.929    12.8601   3.827997    32.5631        649     2.7000  0.000e+00
     20.922    12.8626   3.827294    32.5543        650     2.7042  0.000e+00
     20.918    12.8627   3.827255    32.5538        651     2.7083  0.000e+00
     20.905    12.8611   3.827544    32.5579        652     2.7125  0.000e+00
     20.883    12.8611   3.827747    32.5599        653     2.7167  0.000e+00
     20.846    12.8620   3.827820    32.5598        654     2.7208  0.000e+00
     20.806    12.8628   3.828319    32.5639        655     2.7250  0.000e+00
     20.755    12.8650   3.828929    32.5678        656     2.7292  0.000e+00
     20.686    12.8691   3.829606    32.5707        657     2.7333  0.000e+00
     20.614    12.8745   3.829744    32.5674        658     2.7375  0.000e+00
     20.533    12.8795   3.830039    32.5659        659     2.7417  0.000e+00
     20.448    12.8832   3.830768    32.5696        660     2.7458  0.000e+00
     20.364    12.8878   3.830762    32.5657        661     2.7500  0.000e+00
     20.287    12.8926   3.830578    32.5598        662     2.7542  0.000e+00
     20.216    12.8956   3.831688    32.5678        663     2.7583  0.000e+00
     20.162    12.9001   3.833528    32.5814        664     2.7625  0.000e+00
     20.115    12.9096   3.833823    32.5759        665     2.7667  0.000e+00
     20.082    12.9195   3.833935    32.5685        666     2.7708  0.000e+00
     20.058    12.9266   3.833823    32.5614        667     2.7750  0.000e+00
     20.042    12.9304   3.833889    32.5587        668     2.7792  0.000e+00
     20.033    12.9326   3.834145    32.5592        669     2.7833  0.000e+00
     20.034    12.9347   3.834119    32.5572        670     2.7875  0.000e+00
     20.027    12.9360   3.834362    32.5583        671     2.7917  0.000e+00
     20.021    12.9376   3.834612    32.5594        672     2.7958  0.000e+00
     20.012    12.9399   3.834907    32.5602        673     2.8000  0.000e+00
     19.998    12.9423   3.835078    32.5597        674     2.8042  0.000e+00
     19.972    12.9447   3.835072    32.5577        675     2.8083  0.000e+00
     19.938    12.9461   3.835026    32.5560        676     2.8125  0.000e+00
     19.898    12.9468   3.835072    32.5558        677     2.8167  0.000e+00
     19.849    12.9472   3.835387    32.5585        678     2.8208  0.000e+00
     19.795    12.9484   3.835499    32.5585        679     2.8250  0.000e+00
     19.731    12.9499   3.835611    32.5583        680     2.8292  0.000e+00
     19.657    12.9515   3.835959    32.5603        681     2.8333  0.000e+00
     19.582    12.9536   3.837451    32.5726        682     2.8375  0.000e+00
     19.503    12.9607   3.841923    32.6088        683     2.8417  0.000e+00
     19.423    12.9804   3.842633    32.5986        684     2.8458  0.000e+00
     19.351    13.0013   3.844475    32.5980        685     2.8500  0.000e+00
     19.284    13.0211   3.846317    32.5984        686     2.8542  0.000e+00
     19.224    13.0421   3.847409    32.5907        687     2.8583  0.000e+00
     19.172    13.0616   3.848350    32.5828        688     2.8625  0.000e+00
     19.130    13.0788   3.849482    32.5787        689     2.8667  0.000e+00
     19.108    13.0941   3.850258    32.5729        690     2.8708  0.000e+00
     19.088    13.1077   3.850693    32.5653        691     2.8750  0.000e+00
     19.081    13.1187   3.850870    32.5576        692     2.8792  0.000e+00
     19.088    13.1260   3.851054    32.5530        693     2.8833  0.000e+00
     19.093    13.1313   3.851212    32.5500        694     2.8875  0.000e+00
     19.093    13.1352   3.851285    32.5474        695     2.8917  0.000e+00
     19.099    13.1377   3.851337    32.5457        696     2.8958  0.000e+00
     19.085    13.1396   3.851377    32.5445        697     2.9000  0.000e+00
     19.072    13.1406   3.851337    32.5432        698     2.9042  0.000e+00
     19.045    13.1409   3.851350    32.5430        699     2.9083  0.000e+00
     19.007    13.1411   3.851350    32.5429        700     2.9125  0.000e+00
     18.952    13.1411   3.851482    32.5442        701     2.9167  0.000e+00
     18.889    13.1413   3.851535    32.5445        702     2.9208  0.000e+00
     18.820    13.1418   3.851673    32.5454        703     2.9250  0.000e+00
     18.753    13.1429   3.852424    32.5516        704     2.9292  0.000e+00
     18.684    13.1462   3.853293    32.5570        705     2.9333  0.000e+00
     18.621    13.1524   3.854333    32.5614        706     2.9375  0.000e+00
     18.567    13.1603   3.854590    32.5571        707     2.9417  0.000e+00
     18.521    13.1682   3.855617    32.5600        708     2.9458  0.000e+00
     18.487    13.1757   3.855821    32.5555        709     2.9500  0.000e+00
     18.460    13.1827   3.856098    32.5521        710     2.9542  0.000e+00
     18.445    13.1879   3.855604    32.5430        711     2.9583  0.000e+00
     18.434    13.1898   3.855393    32.5394        712     2.9625  0.000e+00
     18.431    13.1896   3.855367    32.5394        713     2.9667  0.000e+00
     18.438    13.1888   3.855288    32.5393        714     2.9708  0.000e+00
     18.445    13.1884   3.855413    32.5409        715     2.9750  0.000e+00
     18.459    13.1879   3.854958    32.5369        716     2.9792  0.000e+00
     18.468    13.1864   3.855123    32.5398        717     2.9833  0.000e+00
     18.475    13.1857   3.855301    32.5420        718     2.9875  0.000e+00
     18.470    13.1859   3.855433    32.5431        719     2.9917  0.000e+00
     18.451    13.1866   3.856441    32.5521        720     2.9958  0.000e+00
     18.427    13.1900   3.856921    32.5536        721     3.0000  0.000e+00
     18.384    13.1947   3.857158    32.5519        722     3.0042  0.000e+00
     18.325    13.1997   3.858838    32.5634        723     3.0083  0.000e+00
     18.261    13.2077   3.859754    32.5652        724     3.0125  0.000e+00
     18.187    13.2177   3.859965    32.5586        725     3.0167  0.000e+00
     18.098    13.2261   3.860235    32.5540        726     3.0208  0.000e+00
     18.009    13.2324   3.860518    32.5513        727     3.0250  0.000e+00
     17.926    13.2374   3.860531    32.5472        728     3.0292  0.000e+00
     17.859    13.2408   3.860643    32.5453        729     3.0333  0.000e+00
     17.800    13.2434   3.860637    32.5431        730     3.0375  0.000e+00
     17.759    13.2450   3.860689    32.5422        731     3.0417  0.000e+00
     17.735    13.2463   3.860828    32.5424        732     3.0458  0.000e+00
     17.709    13.2472   3.860854    32.5419        733     3.0500  0.000e+00
     17.709    13.2481   3.860848    32.5411        734     3.0542  0.000e+00
     17.714    13.2488   3.860874    32.5407        735     3.0583  0.000e+00
     17.725    13.2493   3.860907    32.5406        736     3.0625  0.000e+00
     17.745    13.2499   3.860894    32.5400        737     3.0667  0.000e+00
     17.764    13.2501   3.860854    32.5394        738     3.0708  0.000e+00
     17.786    13.2497   3.860874    32.5399        739     3.0750  0.000e+00
     17.804    13.2497   3.860848    32.5396        740     3.0792  0.000e+00
     17.813    13.2495   3.860881    32.5401        741     3.0833  0.000e+00
     17.824    13.2494   3.860828    32.5397        742     3.0875  0.000e+00
     17.815    13.2492   3.860848    32.5401        743     3.0917  0.000e+00
     17.799    13.2489   3.860907    32.5409        744     3.0958  0.000e+00
     17.767    13.2490   3.861012    32.5418        745     3.1000  0.000e+00
     17.725    13.2497   3.861124    32.5423        746     3.1042  0.000e+00
     17.665    13.2503   3.861098    32.5416        747     3.1083  0.000e+00
     17.598    13.2508   3.861151    32.5416        748     3.1125  0.000e+00
     17.520    13.2513   3.861144    32.5412        749     3.1167  0.000e+00
     17.435    13.2516   3.861124    32.5408        750     3.1208  0.000e+00
     17.357    13.2517   3.861190    32.5413        751     3.1250  0.000e+00
     17.275    13.2521   3.861190    32.5410        752     3.1292  0.000e+00
     17.208    13.2526   3.861263    32.5414        753     3.1333  0.000e+00
     17.145    13.2532   3.861717    32.5451        754     3.1375  0.000e+00
     17.094    13.2555   3.862225    32.5480        755     3.1417  0.000e+00
     17.045    13.2593   3.862429    32.5466        756     3.1458  0.000e+00
     17.002    13.2633   3.862679    32.5455        757     3.1500  0.000e+00
     16.973    13.2671   3.862897    32.5444        758     3.1542  0.000e+00
     16.942    13.2702   3.863068    32.5433        759     3.1583  0.000e+00
     16.918    13.2731   3.863161    32.5417        760     3.1625  0.000e+00
     16.896    13.2752   3.863253    32.5408        761     3.1667  0.000e+00
     16.877    13.2771   3.863345    32.5400        762     3.1708  0.000e+00
     16.854    13.2788   3.863424    32.5393        763     3.1750  0.000e+00
     16.843    13.2800   3.863483    32.5388        764     3.1792  0.000e+00
     16.836    13.2811   3.863483    32.5379        765     3.1833  0.000e+00
     16.823    13.2819   3.863523    32.5376        766     3.1875  0.000e+00
     16.825    13.2825   3.863549    32.5374        767     3.1917  0.000e+00
     16.831    13.2829   3.863569    32.5372        768     3.1958  0.000e+00
     16.836    13.2835   3.863543    32.5364        769     3.2000  0.000e+00
     16.843    13.2835   3.863483    32.5359        770     3.2042  0.000e+00
     16.854    13.2834   3.863411    32.5353        771     3.2083  0.000e+00
     16.866    13.2829   3.863378    32.5354        772     3.2125  0.000e+00
     16.870    13.2823   3.863391    32.5360        773     3.2167  0.000e+00
     16.870    13.2817   3.863352    32.5362        774     3.2208  0.000e+00
     16.857    13.2815   3.863319    32.5360        775     3.2250  0.000e+00
     16.837    13.2810   3.863345    32.5367        776     3.2292  0.000e+00
     16.813    13.2809   3.863404    32.5374        777     3.2333  0.000e+00
     16.779    13.2807   3.863530    32.5387        778     3.2375  0.000e+00
     16.728    13.2812   3.863642    32.5394        779     3.2417  0.000e+00
     16.676    13.2823   3.863740    32.5394        780     3.2458  0.000e+00
     16.614    13.2832   3.863892    32.5400        781     3.2500  0.000e+00
     16.552    13.2846   3.864123    32.5411        782     3.2542  0.000e+00
     16.480    13.2865   3.864386    32.5419        783     3.2583  0.000e+00
     16.409    13.2887   3.864512    32.5413        784     3.2625  0.000e+00
     16.335    13.2909   3.864789    32.5420        785     3.2667  0.000e+00
     16.254    13.2934   3.865375    32.5454        786     3.2708  0.000e+00
     16.174    13.2972   3.865955    32.5476        787     3.2750  0.000e+00
     16.098    13.3022   3.866457    32.5481        788     3.2792  0.000e+00
     16.018    13.3078   3.866964    32.5481        789     3.2833  0.000e+00
     15.940    13.3134   3.867373    32.5471        790     3.2875  0.000e+00
     15.873    13.3189   3.867492    32.5436        791     3.2917  0.000e+00
     15.816    13.3231   3.867604    32.5411        792     3.2958  0.000e+00
     15.774    13.3259   3.867696    32.5395        793     3.3000  0.000e+00
     15.751    13.3283   3.867683    32.5374        794     3.3042  0.000e+00
     15.743    13.3296   3.867742    32.5368        795     3.3083  0.000e+00
     15.756    13.3306   3.867742    32.5359        796     3.3125  0.000e+00
     15.787    13.3311   3.867729    32.5354        797     3.3167  0.000e+00
     15.826    13.3315   3.867716    32.5350        798     3.3208  0.000e+00
     15.868    13.3317   3.867623    32.5339        799     3.3250  0.000e+00
     15.909    13.3316   3.867538    32.5331        800     3.3292  0.000e+00
     15.945    13.3309   3.867465    32.5331        801     3.3333  0.000e+00
     15.979    13.3301   3.867234    32.5316        802     3.3375  0.000e+00
     15.996    13.3285   3.866793    32.5288        803     3.3417  0.000e+00
     16.006    13.3262   3.866483    32.5278        804     3.3458  0.000e+00
     15.993    13.3230   3.866318    32.5291        805     3.3500  0.000e+00
     15.973    13.3202   3.866285    32.5311        806     3.3542  0.000e+00
     15.941    13.3179   3.866483    32.5349        807     3.3583  0.000e+00
     15.895    13.3172   3.866812    32.5386        808     3.3625  0.000e+00
     15.844    13.3181   3.867122    32.5408        809     3.3667  0.000e+00
     15.792    13.3200   3.867281    32.5407        810     3.3708  0.000e+00
     15.727    13.3221   3.867538    32.5413        811     3.3750  0.000e+00
     15.665    13.3246   3.867696    32.5407        812     3.3792  0.000e+00
     15.604    13.3269   3.867834    32.5401        813     3.3833  0.000e+00
     15.536    13.3289   3.867993    32.5399        814     3.3875  0.000e+00
     15.475    13.3310   3.868059    32.5387        815     3.3917  0.000e+00
     15.419    13.3326   3.868428    32.5408        816     3.3958  0.000e+00
     15.370    13.3347   3.868791    32.5424        817     3.4000  0.000e+00
     15.319    13.3378   3.869325    32.5448        818     3.4042  0.000e+00
     15.274    13.3419   3.869872    32.5464        819     3.4083  0.000e+00
     15.236    13.3466   3.870064    32.5442        820     3.4125  0.000e+00
     15.203    13.3510   3.870149    32.5413        821     3.4167  0.000e+00
     15.172    13.3541   3.870354    32.5406        822     3.4208  0.000e+00
     15.145    13.3567   3.870499    32.5397        823     3.4250  0.000e+00
     15.121    13.3590   3.870697    32.5397        824     3.4292  0.000e+00
     15.089    13.3611   3.870835    32.5392        825     3.4333  0.000e+00
     15.063    13.3633   3.870908    32.5380        826     3.4375  0.000e+00
     15.036    13.3649   3.870993    32.5374        827     3.4417  0.000e+00
     15.014    13.3664   3.871158    32.5377        828     3.4458  0.000e+00
     14.987    13.3678   3.871488    32.5396        829     3.4500  0.000e+00
     14.964    13.3698   3.871548    32.5384        830     3.4542  0.000e+00
