HB2503/sbe070.cnv
* Sea-Bird SBE 19plus V2 Data File:
* FileName = C:\cruise\data\sbe070.hex
* Software Version Seasave V 7.26.7.121
* Temperature SN = 6128
* Conductivity SN = 6128
* System UpLoad Time = Jun 03 2025 18:50:51
* NMEA Latitude = 42 11.32 N
* NMEA Longitude = 068 06.32 W
* NMEA UTC (Time) = Jun 03 2025  18:49:07
** Ship: Henry Bigelow
** Cruise:  HB2502
** Program:  Spring Bottom Trawl
# nquan = 7
# nvalues = 4734                                  
# units = specified
# name 0 = depSM: Depth [salt water, m]
# name 1 = tv290C: Temperature [ITS-90, deg C]
# name 2 = c0S/m: Conductivity [S/m]
# name 3 = sal00: Salinity, Practical [PSU]
# name 4 = scan: Scan Count
# name 5 = timeM: Time, Elapsed [minutes]
# name 6 = flag:  0.000e+00
# span 0 =     -0.184,    197.903                 
# span 1 =     5.5225,    15.9195                 
# span 2 =   0.005919,   4.015858                 
# span 3 =     0.0371,    34.6930                 
# span 4 =         11,       4744                 
# span 5 =     0.0417,    19.7625                 
# span 6 = 0.0000e+00, 0.0000e+00                 
# interval = seconds: 0.25
# start_time = Jun 03 2025 18:49:07 [NMEA time, header]
# bad_flag = -9.990e-29
*END*
[from data line 4308]
     25.316     7.9673   3.410236    32.7603       4319    17.9917  0.000e+00
     25.221     7.9775   3.410820    32.7571       4320    17.9958  0.000e+00
     25.126     7.9872   3.411371    32.7539       4321    18.0000  0.000e+00
     25.028     7.9956   3.411773    32.7503       4322    18.0042  0.000e+00
     24.929     8.0028   3.412118    32.7473       4323    18.0083  0.000e+00
     24.827     8.0090   3.412249    32.7430       4324    18.0125  0.000e+00
     24.726     8.0135   3.412544    32.7420       4325    18.0167  0.000e+00
     24.626     8.0172   3.413429    32.7480       4326    18.0208  0.000e+00
     24.534     8.0229   3.414721    32.7565       4327    18.0250  0.000e+00
     24.438     8.0319   3.415769    32.7593       4328    18.0292  0.000e+00
     24.351     8.0430   3.417947    32.7721       4329    18.0333  0.000e+00
     24.271     8.0586   3.421319    32.7934       4330    18.0375  0.000e+00
     24.199     8.0825   3.423611    32.7954       4331    18.0417  0.000e+00
     24.137     8.1104   3.424710    32.7810       4332    18.0458  0.000e+00
     24.084     8.1343   3.426550    32.7783       4333    18.0500  0.000e+00
     24.031     8.1566   3.429033    32.7838       4334    18.0542  0.000e+00
     23.988     8.1804   3.430157    32.7735       4335    18.0583  0.000e+00
     23.948     8.2020   3.431119    32.7636       4336    18.0625  0.000e+00
     23.908     8.2199   3.431559    32.7515       4337    18.0667  0.000e+00
     23.866     8.2331   3.431804    32.7419       4338    18.0708  0.000e+00
     23.817     8.2426   3.432081    32.7359       4339    18.0750  0.000e+00
     23.765     8.2493   3.432206    32.7310       4340    18.0792  0.000e+00
     23.704     8.2540   3.433319    32.7384       4341    18.0833  0.000e+00
     23.638     8.2605   3.434527    32.7453       4342    18.0875  0.000e+00
     23.562     8.2704   3.436577    32.7577       4343    18.0917  0.000e+00
     23.484     8.2850   3.437898    32.7581       4344    18.0958  0.000e+00
     23.397     8.3016   3.439798    32.7628       4345    18.1000  0.000e+00
     23.315     8.3202   3.442404    32.7730       4346    18.1042  0.000e+00
     23.236     8.3436   3.446534    32.7949       4347    18.1083  0.000e+00
     23.165     8.3758   3.450188    32.8035       4348    18.1125  0.000e+00
     23.098     8.4142   3.453370    32.8014       4349    18.1167  0.000e+00
     23.037     8.4541   3.455285    32.7845       4350    18.1208  0.000e+00
     22.984     8.4897   3.457561    32.7753       4351    18.1250  0.000e+00
     22.934     8.5219   3.459623    32.7672       4352    18.1292  0.000e+00
     22.883     8.5515   3.461440    32.7587       4353    18.1333  0.000e+00
     22.834     8.5784   3.463086    32.7511       4354    18.1375  0.000e+00
     22.774     8.6027   3.464562    32.7441       4355    18.1417  0.000e+00
     22.707     8.6250   3.465692    32.7353       4356    18.1458  0.000e+00
     22.635     8.6447   3.467567    32.7368       4357    18.1500  0.000e+00
     22.553     8.6644   3.469341    32.7372       4358    18.1542  0.000e+00
     22.460     8.6845   3.471128    32.7373       4359    18.1583  0.000e+00
     22.366     8.7059   3.472220    32.7290       4360    18.1625  0.000e+00
     22.256     8.7251   3.473262    32.7222       4361    18.1667  0.000e+00
     22.140     8.7414   3.473597    32.7107       4362    18.1708  0.000e+00
     22.026     8.7543   3.473931    32.7024       4363    18.1750  0.000e+00
     21.924     8.7640   3.474190    32.6961       4364    18.1792  0.000e+00
     21.828     8.7708   3.475081    32.6992       4365    18.1833  0.000e+00
     21.748     8.7784   3.476079    32.7026       4366    18.1875  0.000e+00
     21.675     8.7880   3.476629    32.6995       4367    18.1917  0.000e+00
     21.625     8.7973   3.477394    32.6990       4368    18.1958  0.000e+00
     21.586     8.8065   3.477754    32.6943       4369    18.2000  0.000e+00
     21.560     8.8144   3.478089    32.6905       4370    18.2042  0.000e+00
     21.549     8.8208   3.478329    32.6872       4371    18.2083  0.000e+00
     21.545     8.8262   3.478581    32.6848       4372    18.2125  0.000e+00
     21.544     8.8305   3.478752    32.6826       4373    18.2167  0.000e+00
     21.545     8.8342   3.478847    32.6802       4374    18.2208  0.000e+00
     21.540     8.8367   3.478986    32.6793       4375    18.2250  0.000e+00
     21.534     8.8390   3.479302    32.6805       4376    18.2292  0.000e+00
     21.511     8.8415   3.479631    32.6817       4377    18.2333  0.000e+00
     21.477     8.8447   3.480004    32.6826       4378    18.2375  0.000e+00
     21.431     8.8484   3.480832    32.6879       4379    18.2417  0.000e+00
     21.379     8.8536   3.481723    32.6924       4380    18.2458  0.000e+00
     21.308     8.8617   3.483880    32.7074       4381    18.2500  0.000e+00
     21.228     8.8756   3.487131    32.7285       4382    18.2542  0.000e+00
     21.148     8.8994   3.490624    32.7430       4383    18.2583  0.000e+00
     21.054     8.9318   3.493055    32.7386       4384    18.2625  0.000e+00
     20.958     8.9655   3.493878    32.7160       4385    18.2667  0.000e+00
     20.864     8.9929   3.494333    32.6957       4386    18.2708  0.000e+00
     20.766     9.0121   3.494650    32.6813       4387    18.2750  0.000e+00
     20.671     9.0256   3.495530    32.6781       4388    18.2792  0.000e+00
     20.574     9.0373   3.501022    32.7244       4389    18.2833  0.000e+00
     20.480     9.0638   3.512627    32.8205       4390    18.2875  0.000e+00
     20.391     9.1289   3.520397    32.8411       4391    18.2917  0.000e+00
     20.312     9.2173   3.526088    32.8187       4392    18.2958  0.000e+00
     20.238     9.3028   3.528630    32.7664       4393    18.3000  0.000e+00
     20.169     9.3730   3.531414    32.7308       4394    18.3042  0.000e+00
     20.113     9.4286   3.534116    32.7079       4395    18.3083  0.000e+00
     20.064     9.4753   3.536520    32.6900       4396    18.3125  0.000e+00
     20.028     9.5151   3.538251    32.6715       4397    18.3167  0.000e+00
     19.997     9.5475   3.539746    32.6573       4398    18.3208  0.000e+00
     19.975     9.5754   3.541089    32.6457       4399    18.3250  0.000e+00
     19.956     9.5992   3.541980    32.6331       4400    18.3292  0.000e+00
     19.945     9.6186   3.542603    32.6219       4401    18.3333  0.000e+00
     19.938     9.6337   3.542972    32.6120       4402    18.3375  0.000e+00
     19.930     9.6445   3.543170    32.6042       4403    18.3417  0.000e+00
     19.930     9.6523   3.543367    32.5991       4404    18.3458  0.000e+00
     19.923     9.6577   3.543539    32.5960       4405    18.3500  0.000e+00
     19.906     9.6618   3.543711    32.5940       4406    18.3542  0.000e+00
     19.886     9.6649   3.543883    32.5930       4407    18.3583  0.000e+00
     19.861     9.6672   3.544099    32.5931       4408    18.3625  0.000e+00
     19.823     9.6695   3.544405    32.5942       4409    18.3667  0.000e+00
     19.772     9.6722   3.544710    32.5949       4410    18.3708  0.000e+00
     19.714     9.6751   3.546557    32.6111       4411    18.3750  0.000e+00
     19.645     9.6837   3.549552    32.6340       4412    18.3792  0.000e+00
     19.563     9.7038   3.552725    32.6482       4413    18.3833  0.000e+00
     19.482     9.7322   3.555013    32.6458       4414    18.3875  0.000e+00
     19.388     9.7622   3.556996    32.6388       4415    18.3917  0.000e+00
     19.290     9.7918   3.559936    32.6420       4416    18.3958  0.000e+00
     19.191     9.8233   3.562450    32.6391       4417    18.4000  0.000e+00
     19.091     9.8560   3.564153    32.6269       4418    18.4042  0.000e+00
     18.992     9.8856   3.565397    32.6128       4419    18.4083  0.000e+00
     18.903     9.9106   3.567102    32.6076       4420    18.4125  0.000e+00
     18.814     9.9333   3.569132    32.6077       4421    18.4167  0.000e+00
     18.742     9.9561   3.570358    32.5995       4422    18.4208  0.000e+00
     18.681     9.9779   3.570952    32.5859       4423    18.4250  0.000e+00
     18.635     9.9952   3.572088    32.5819       4424    18.4292  0.000e+00
     18.596    10.0096   3.572638    32.5745       4425    18.4333  0.000e+00
     18.570    10.0213   3.573161    32.5693       4426    18.4375  0.000e+00
     18.547    10.0310   3.573557    32.5645       4427    18.4417  0.000e+00
     18.536    10.0392   3.573755    32.5592       4428    18.4458  0.000e+00
     18.526    10.0454   3.574100    32.5571       4429    18.4500  0.000e+00
     18.516    10.0503   3.574407    32.5558       4430    18.4542  0.000e+00
     18.507    10.0549   3.574605    32.5536       4431    18.4583  0.000e+00
     18.488    10.0589   3.574828    32.5523       4432    18.4625  0.000e+00
     18.468    10.0621   3.575001    32.5512       4433    18.4667  0.000e+00
     18.444    10.0651   3.575288    32.5514       4434    18.4708  0.000e+00
     18.411    10.0680   3.575678    32.5527       4435    18.4750  0.000e+00
     18.366    10.0714   3.576234    32.5554       4436    18.4792  0.000e+00
     18.310    10.0756   3.577020    32.5596       4437    18.4833  0.000e+00
     18.259    10.0817   3.577877    32.5627       4438    18.4875  0.000e+00
     18.204    10.0896   3.579040    32.5675       4439    18.4917  0.000e+00
     18.141    10.0998   3.579916    32.5671       4440    18.4958  0.000e+00
     18.079    10.1109   3.580529    32.5633       4441    18.5000  0.000e+00
     18.007    10.1216   3.580906    32.5576       4442    18.5042  0.000e+00
     17.947    10.1305   3.581252    32.5531       4443    18.5083  0.000e+00
     17.886    10.1377   3.581782    32.5520       4444    18.5125  0.000e+00
     17.830    10.1445   3.582773    32.5559       4445    18.5167  0.000e+00
     17.776    10.1532   3.583848    32.5590       4446    18.5208  0.000e+00
     17.725    10.1640   3.584858    32.5595       4447    18.5250  0.000e+00
     17.668    10.1760   3.585760    32.5579       4448    18.5292  0.000e+00
     17.616    10.1880   3.586969    32.5593       4449    18.5333  0.000e+00
     17.564    10.2008   3.588908    32.5674       4450    18.5375  0.000e+00
     17.507    10.2178   3.591660    32.5799       4451    18.5417  0.000e+00
     17.449    10.2410   3.593824    32.5808       4452    18.5458  0.000e+00
     17.382    10.2673   3.595188    32.5710       4453    18.5500  0.000e+00
     17.317    10.2922   3.596206    32.5589       4454    18.5542  0.000e+00
     17.247    10.3126   3.597045    32.5492       4455    18.5583  0.000e+00
     17.181    10.3299   3.599870    32.5621       4456    18.5625  0.000e+00
     17.107    10.3509   3.604049    32.5853       4457    18.5667  0.000e+00
     17.036    10.3826   3.608370    32.6003       4458    18.5708  0.000e+00
     16.969    10.4245   3.610897    32.5881       4459    18.5750  0.000e+00
     16.902    10.4654   3.612802    32.5706       4460    18.5792  0.000e+00
     16.837    10.5013   3.614053    32.5511       4461    18.5833  0.000e+00
     16.777    10.5299   3.614598    32.5311       4462    18.5875  0.000e+00
     16.730    10.5502   3.615047    32.5174       4463    18.5917  0.000e+00
     16.687    10.5641   3.615381    32.5084       4464    18.5958  0.000e+00
     16.645    10.5742   3.615734    32.5030       4465    18.6000  0.000e+00
     16.609    10.5820   3.616068    32.4994       4466    18.6042  0.000e+00
     16.573    10.5883   3.616491    32.4980       4467    18.6083  0.000e+00
     16.544    10.5940   3.616889    32.4969       4468    18.6125  0.000e+00
     16.513    10.5994   3.617332    32.4965       4469    18.6167  0.000e+00
     16.475    10.6048   3.617691    32.4953       4470    18.6208  0.000e+00
     16.431    10.6098   3.618179    32.4957       4471    18.6250  0.000e+00
     16.373    10.6152   3.618667    32.4958       4472    18.6292  0.000e+00
     16.310    10.6208   3.619001    32.4942       4473    18.6333  0.000e+00
     16.235    10.6257   3.619335    32.4932       4474    18.6375  0.000e+00
     16.144    10.6303   3.619759    32.4934       4475    18.6417  0.000e+00
     16.042    10.6351   3.620131    32.4929       4476    18.6458  0.000e+00
     15.930    10.6398   3.620568    32.4931       4477    18.6500  0.000e+00
     15.810    10.6449   3.620914    32.4921       4478    18.6542  0.000e+00
     15.689    10.6494   3.621248    32.4915       4479    18.6583  0.000e+00
     15.566    10.6539   3.621492    32.4899       4480    18.6625  0.000e+00
     15.446    10.6578   3.621871    32.4903       4481    18.6667  0.000e+00
     15.329    10.6616   3.622134    32.4895       4482    18.6708  0.000e+00
     15.223    10.6654   3.622423    32.4891       4483    18.6750  0.000e+00
     15.127    10.6691   3.622757    32.4892       4484    18.6792  0.000e+00
     15.038    10.6728   3.622892    32.4873       4485    18.6833  0.000e+00
     14.964    10.6758   3.622918    32.4849       4486    18.6875  0.000e+00
     14.893    10.6779   3.622982    32.4837       4487    18.6917  0.000e+00
     14.832    10.6792   3.623072    32.4834       4488    18.6958  0.000e+00
     14.779    10.6803   3.623252    32.4843       4489    18.7000  0.000e+00
     14.737    10.6817   3.623342    32.4840       4490    18.7042  0.000e+00
     14.690    10.6829   3.623451    32.4840       4491    18.7083  0.000e+00
     14.657    10.6840   3.623496    32.4835       4492    18.7125  0.000e+00
     14.620    10.6852   3.623586    32.4834       4493    18.7167  0.000e+00
     14.582    10.6862   3.623669    32.4833       4494    18.7208  0.000e+00
     14.547    10.6873   3.623740    32.4831       4495    18.7250  0.000e+00
     14.507    10.6882   3.623785    32.4827       4496    18.7292  0.000e+00
     14.464    10.6889   3.623849    32.4827       4497    18.7333  0.000e+00
     14.419    10.6896   3.623894    32.4826       4498    18.7375  0.000e+00
     14.366    10.6903   3.624010    32.4831       4499    18.7417  0.000e+00
     14.301    10.6910   3.624138    32.4838       4500    18.7458  0.000e+00
     14.234    10.6920   3.624254    32.4841       4501    18.7500  0.000e+00
     14.154    10.6930   3.624363    32.4843       4502    18.7542  0.000e+00
     14.064    10.6943   3.624408    32.4837       4503    18.7583  0.000e+00
     13.968    10.6953   3.624716    32.4859       4504    18.7625  0.000e+00
     13.857    10.6972   3.624986    32.4870       4505    18.7667  0.000e+00
     13.738    10.6995   3.625076    32.4859       4506    18.7708  0.000e+00
     13.613    10.7018   3.625275    32.4858       4507    18.7750  0.000e+00
     13.479    10.7039   3.625410    32.4854       4508    18.7792  0.000e+00
     13.345    10.7057   3.625545    32.4852       4509    18.7833  0.000e+00
     13.209    10.7076   3.625635    32.4845       4510    18.7875  0.000e+00
     13.081    10.7092   3.625725    32.4840       4511    18.7917  0.000e+00
     12.952    10.7107   3.626059    32.4861       4512    18.7958  0.000e+00
     12.829    10.7131   3.626810    32.4914       4513    18.8000  0.000e+00
     12.719    10.7173   3.627357    32.4932       4514    18.8042  0.000e+00
     12.623    10.7230   3.627794    32.4925       4515    18.8083  0.000e+00
     12.537    10.7289   3.628327    32.4926       4516    18.8125  0.000e+00
     12.468    10.7351   3.628642    32.4902       4517    18.8167  0.000e+00
     12.427    10.7404   3.628912    32.4883       4518    18.8208  0.000e+00
     12.387    10.7451   3.629021    32.4852       4519    18.8250  0.000e+00
     12.371    10.7483   3.629130    32.4834       4520    18.8292  0.000e+00
     12.358    10.7509   3.629246    32.4823       4521    18.8333  0.000e+00
     12.349    10.7529   3.629246    32.4805       4522    18.8375  0.000e+00
