HB2503/sbe052.cnv
* Sea-Bird SBE 19plus V2 Data File:
* FileName = C:\cruise\data\sbe052.hex
* Software Version Seasave V 7.26.7.121
* Temperature SN = 6128
* Conductivity SN = 6128
* System UpLoad Time = Jun 01 2025 19:30:09
* NMEA Latitude = 40 49.67 N
* NMEA Longitude = 070 18.35 W
* NMEA UTC (Time) = Jun 01 2025  19:28:22
** Ship: Henry Bigelow
** Cruise:  HB2502
** Program:  Spring Bottom Trawl
# nquan = 7
# nvalues = 1242                                  
# units = specified
# name 0 = depSM: Depth [salt water, m]
# name 1 = tv290C: Temperature [ITS-90, deg C]
# name 2 = c0S/m: Conductivity [S/m]
# name 3 = sal00: Salinity, Practical [PSU]
# name 4 = scan: Scan Count
# name 5 = timeM: Time, Elapsed [minutes]
# name 6 = flag:  0.000e+00
# span 0 =     -0.115,     42.136                 
# span 1 =     9.1974,    13.3480                 
# span 2 =   0.007154,   3.844056                 
# span 3 =     0.0455,    32.9550                 
# span 4 =         11,       1252                 
# span 5 =     0.0417,     5.2125                 
# span 6 = 0.0000e+00, 0.0000e+00                 
# interval = seconds: 0.25
# start_time = Jun 01 2025 19:28:22 [NMEA time, header]
# bad_flag = -9.990e-29
*END*
      0.035    13.2693   0.007283     0.0463         11     0.0417  0.000e+00
      0.031    13.2688   0.007289     0.0464         12     0.0458  0.000e+00
      0.033    13.2697   0.007280     0.0463         13     0.0500  0.000e+00
      0.035    13.2708   0.007277     0.0463         14     0.0542  0.000e+00
      0.035    13.2711   0.007271     0.0462         15     0.0583  0.000e+00
      0.031    13.2720   0.007277     0.0463         16     0.0625  0.000e+00
      0.026    13.2731   0.007283     0.0463         17     0.0667  0.000e+00
      0.027    13.2739   0.007277     0.0463         18     0.0708  0.000e+00
      0.024    13.2749   0.007277     0.0463         19     0.0750  0.000e+00
      0.025    13.2748   0.007271     0.0462         20     0.0792  0.000e+00
      0.022    13.2736   0.007277     0.0463         21     0.0833  0.000e+00
      0.022    13.2744   0.007271     0.0462         22     0.0875  0.000e+00
      0.022    13.2755   0.007271     0.0462         23     0.0917  0.000e+00
      0.019    13.2764   0.007271     0.0462         24     0.0958  0.000e+00
      0.020    13.2765   0.007265     0.0462         25     0.1000  0.000e+00
      0.024    13.2774   0.007265     0.0462         26     0.1042  0.000e+00
      0.022    13.2783   0.007265     0.0462         27     0.1083  0.000e+00
      0.019    13.2783   0.007259     0.0462         28     0.1125  0.000e+00
      0.026    13.2798   0.007271     0.0462         29     0.1167  0.000e+00
      0.026    13.2804   0.007271     0.0462         30     0.1208  0.000e+00
      0.026    13.2805   0.007271     0.0462         31     0.1250  0.000e+00
      0.026    13.2808   0.007277     0.0463         32     0.1292  0.000e+00
      0.028    13.2811   0.007271     0.0462         33     0.1333  0.000e+00
      0.026    13.2810   0.007271     0.0462         34     0.1375  0.000e+00
      0.028    13.2811   0.007265     0.0462         35     0.1417  0.000e+00
      0.026    13.2814   0.007271     0.0462         36     0.1458  0.000e+00
      0.030    13.2821   0.007271     0.0462         37     0.1500  0.000e+00
      0.028    13.2822   0.007265     0.0462         38     0.1542  0.000e+00
      0.023    13.2824   0.007265     0.0462         39     0.1583  0.000e+00
      0.023    13.2820   0.007271     0.0462         40     0.1625  0.000e+00
      0.020    13.2827   0.007265     0.0462         41     0.1667  0.000e+00
      0.018    13.2822   0.007262     0.0462         42     0.1708  0.000e+00
      0.016    13.2827   0.007259     0.0462         43     0.1750  0.000e+00
      0.016    13.2834   0.007253     0.0461         44     0.1792  0.000e+00
      0.016    13.2831   0.007250     0.0461         45     0.1833  0.000e+00
      0.012    13.2830   0.007253     0.0461         46     0.1875  0.000e+00
      0.012    13.2836   0.007247     0.0461         47     0.1917  0.000e+00
      0.014    13.2830   0.007244     0.0461         48     0.1958  0.000e+00
      0.014    13.2832   0.007247     0.0461         49     0.2000  0.000e+00
      0.016    13.2836   0.007241     0.0461         50     0.2042  0.000e+00
      0.013    13.2837   0.007241     0.0461         51     0.2083  0.000e+00
      0.015    13.2837   0.007238     0.0460         52     0.2125  0.000e+00
      0.013    13.2842   0.007232     0.0460         53     0.2167  0.000e+00
      0.021    13.2844   0.007241     0.0461         54     0.2208  0.000e+00
      0.024    13.2851   0.007241     0.0461         55     0.2250  0.000e+00
      0.019    13.2856   0.007247     0.0461         56     0.2292  0.000e+00
      0.024    13.2860   0.007244     0.0461         57     0.2333  0.000e+00
      0.026    13.2861   0.007253     0.0461         58     0.2375  0.000e+00
      0.021    13.2862   0.007250     0.0461         59     0.2417  0.000e+00
      0.028    13.2873   0.007241     0.0461         60     0.2458  0.000e+00
      0.025    13.2890   0.007253     0.0461         61     0.2500  0.000e+00
      0.021    13.2901   0.007250     0.0461         62     0.2542  0.000e+00
      0.023    13.2920   0.007253     0.0461         63     0.2583  0.000e+00
      0.021    13.2933   0.007253     0.0461         64     0.2625  0.000e+00
      0.014    13.2957   0.007250     0.0461         65     0.2667  0.000e+00
      0.018    13.2974   0.007247     0.0461         66     0.2708  0.000e+00
      0.011    13.2979   0.007241     0.0460         67     0.2750  0.000e+00
      0.009    13.2984   0.007241     0.0460         68     0.2792  0.000e+00
      0.009    13.2999   0.007241     0.0460         69     0.2833  0.000e+00
      0.011    13.3022   0.007238     0.0460         70     0.2875  0.000e+00
      0.007    13.3043   0.007241     0.0460         71     0.2917  0.000e+00
      0.007    13.3059   0.007238     0.0460         72     0.2958  0.000e+00
      0.006    13.3069   0.007232     0.0460         73     0.3000  0.000e+00
      0.008    13.3078   0.007226     0.0460         74     0.3042  0.000e+00
      0.006    13.3083   0.007232     0.0460         75     0.3083  0.000e+00
      0.009    13.3088   0.007226     0.0459         76     0.3125  0.000e+00
      0.013    13.3093   0.007229     0.0460         77     0.3167  0.000e+00
      0.014    13.3104   0.007232     0.0460         78     0.3208  0.000e+00
      0.014    13.3109   0.007232     0.0460         79     0.3250  0.000e+00
      0.022    13.3118   0.007229     0.0460         80     0.3292  0.000e+00
      0.014    13.3137   0.007238     0.0460         81     0.3333  0.000e+00
      0.016    13.3152   0.007238     0.0460         82     0.3375  0.000e+00
      0.020    13.3163   0.007241     0.0460         83     0.3417  0.000e+00
      0.020    13.3169   0.007238     0.0460         84     0.3458  0.000e+00
      0.016    13.3181   0.007241     0.0460         85     0.3500  0.000e+00
      0.013    13.3198   0.007244     0.0460         86     0.3542  0.000e+00
      0.018    13.3210   0.007247     0.0461         87     0.3583  0.000e+00
      0.013    13.3227   0.007241     0.0460         88     0.3625  0.000e+00
      0.018    13.3231   0.007238     0.0460         89     0.3667  0.000e+00
      0.009    13.3241   0.007238     0.0460         90     0.3708  0.000e+00
      0.011    13.3254   0.007235     0.0460         91     0.3750  0.000e+00
      0.011    13.3265   0.007238     0.0460         92     0.3792  0.000e+00
      0.006    13.3259   0.007232     0.0460         93     0.3833  0.000e+00
      0.008    13.3257   0.007229     0.0460         94     0.3875  0.000e+00
      0.006    13.3261   0.007226     0.0459         95     0.3917  0.000e+00
      0.002    13.3248   0.007226     0.0459         96     0.3958  0.000e+00
      0.008    13.3241   0.007220     0.0459         97     0.4000  0.000e+00
      0.006    13.3244   0.007226     0.0459         98     0.4042  0.000e+00
     -0.001    13.3255   0.007241     0.0460         99     0.4083  0.000e+00
      0.004    13.3253   0.007244     0.0460        100     0.4125  0.000e+00
      0.010    13.3256   0.007241     0.0460        101     0.4167  0.000e+00
      0.002    13.3255   0.007232     0.0460        102     0.4208  0.000e+00
      0.008    13.3264   0.007235     0.0460        103     0.4250  0.000e+00
      0.006    13.3283   0.007232     0.0460        104     0.4292  0.000e+00
      0.008    13.3293   0.007232     0.0460        105     0.4333  0.000e+00
      0.013    13.3296   0.007235     0.0460        106     0.4375  0.000e+00
      0.010    13.3300   0.007232     0.0460        107     0.4417  0.000e+00
      0.010    13.3300   0.007232     0.0460        108     0.4458  0.000e+00
      0.015    13.3309   0.007229     0.0460        109     0.4500  0.000e+00
      0.013    13.3306   0.007226     0.0459        110     0.4542  0.000e+00
      0.011    13.3306   0.007226     0.0459        111     0.4583  0.000e+00
      0.013    13.3305   0.007226     0.0459        112     0.4625  0.000e+00
      0.008    13.3293   0.007226     0.0459        113     0.4667  0.000e+00
      0.014    13.3292   0.007226     0.0459        114     0.4708  0.000e+00
      0.005    13.3282   0.007226     0.0459        115     0.4750  0.000e+00
      0.008    13.3293   0.007226     0.0459        116     0.4792  0.000e+00
      0.005    13.3272   0.007226     0.0459        117     0.4833  0.000e+00
      0.007    13.3274   0.007226     0.0459        118     0.4875  0.000e+00
      0.006    13.3268   0.007232     0.0460        119     0.4917  0.000e+00
      0.005    13.3265   0.007220     0.0459        120     0.4958  0.000e+00
      0.008    13.3269   0.007220     0.0459        121     0.5000  0.000e+00
      0.005    13.3268   0.007220     0.0459        122     0.5042  0.000e+00
     -0.001    13.3282   0.007214     0.0459        123     0.5083  0.000e+00
      0.005    13.3286   0.007220     0.0459        124     0.5125  0.000e+00
      0.010    13.3299   0.007220     0.0459        125     0.5167  0.000e+00
      0.012    13.3296   0.007214     0.0459        126     0.5208  0.000e+00
      0.007    13.3313   0.007208     0.0458        127     0.5250  0.000e+00
      0.005    13.3317   0.007214     0.0459        128     0.5292  0.000e+00
      0.007    13.3312   0.007214     0.0459        129     0.5333  0.000e+00
      0.003    13.3311   0.007214     0.0459        130     0.5375  0.000e+00
      0.003    13.3304   0.007208     0.0458        131     0.5417  0.000e+00
     -0.001    13.3292   0.007211     0.0458        132     0.5458  0.000e+00
      0.001    13.3300   0.007214     0.0459        133     0.5500  0.000e+00
      0.004    13.3311   0.007214     0.0459        134     0.5542  0.000e+00
      0.011    13.3292   0.007214     0.0459        135     0.5583  0.000e+00
      0.008    13.3293   0.007220     0.0459        136     0.5625  0.000e+00
      0.002    13.3282   0.007220     0.0459        137     0.5667  0.000e+00
      0.010    13.3293   0.007214     0.0459        138     0.5708  0.000e+00
      0.010    13.3305   0.007214     0.0459        139     0.5750  0.000e+00
      0.008    13.3303   0.007220     0.0459        140     0.5792  0.000e+00
      0.008    13.3285   0.007220     0.0459        141     0.5833  0.000e+00
      0.004    13.3293   0.007214     0.0459        142     0.5875  0.000e+00
      0.008    13.3292   0.007214     0.0459        143     0.5917  0.000e+00
      0.004    13.3284   0.007214     0.0459        144     0.5958  0.000e+00
      0.006    13.3295   0.007214     0.0459        145     0.6000  0.000e+00
     -0.003    13.3295   0.007208     0.0458        146     0.6042  0.000e+00
      0.002    13.3297   0.007205     0.0458        147     0.6083  0.000e+00
      0.001    13.3300   0.007202     0.0458        148     0.6125  0.000e+00
     -0.001    13.3309   0.007202     0.0458        149     0.6167  0.000e+00
      0.000    13.3320   0.007205     0.0458        150     0.6208  0.000e+00
      0.002    13.3312   0.007208     0.0458        151     0.6250  0.000e+00
      0.001    13.3317   0.007199     0.0458        152     0.6292  0.000e+00
      0.004    13.3322   0.007202     0.0458        153     0.6333  0.000e+00
      0.002    13.3324   0.007196     0.0458        154     0.6375  0.000e+00
     -0.002    13.3300   0.007196     0.0458        155     0.6417  0.000e+00
     -0.000    13.3287   0.007190     0.0457        156     0.6458  0.000e+00
     -0.005    13.3296   0.007196     0.0458        157     0.6500  0.000e+00
     -0.005    13.3308   0.007196     0.0458        158     0.6542  0.000e+00
     -0.002    13.3319   0.007190     0.0457        159     0.6583  0.000e+00
     -0.000    13.3313   0.007190     0.0457        160     0.6625  0.000e+00
      0.002    13.3317   0.007196     0.0458        161     0.6667  0.000e+00
     -0.002    13.3294   0.007190     0.0457        162     0.6708  0.000e+00
     -0.005    13.3290   0.007190     0.0457        163     0.6750  0.000e+00
      0.000    13.3303   0.007184     0.0457        164     0.6792  0.000e+00
      0.000    13.3291   0.007190     0.0457        165     0.6833  0.000e+00
      0.006    13.3288   0.007190     0.0457        166     0.6875  0.000e+00
      0.004    13.3257   0.007184     0.0457        167     0.6917  0.000e+00
      0.006    13.3245   0.007184     0.0457        168     0.6958  0.000e+00
      0.008    13.3219   0.007184     0.0457        169     0.7000  0.000e+00
      0.008    13.3186   0.007190     0.0457        170     0.7042  0.000e+00
      0.003    13.3194   0.007190     0.0457        171     0.7083  0.000e+00
     -0.000    13.3190   0.007190     0.0457        172     0.7125  0.000e+00
     -0.002    13.3187   0.007190     0.0457        173     0.7167  0.000e+00
      0.002    13.3182   0.007196     0.0458        174     0.7208  0.000e+00
     -0.006    13.3183   0.007190     0.0457        175     0.7250  0.000e+00
     -0.000    13.3176   0.007190     0.0457        176     0.7292  0.000e+00
     -0.001    13.3184   0.007184     0.0457        177     0.7333  0.000e+00
      0.001    13.3167   0.007184     0.0457        178     0.7375  0.000e+00
     -0.004    13.3153   0.007178     0.0457        179     0.7417  0.000e+00
     -0.008    13.3163   0.007178     0.0457        180     0.7458  0.000e+00
     -0.007    13.3153   0.007178     0.0457        181     0.7500  0.000e+00
     -0.005    13.3161   0.007175     0.0456        182     0.7542  0.000e+00
     -0.012    13.3157   0.007175     0.0456        183     0.7583  0.000e+00
     -0.008    13.3158   0.007175     0.0456        184     0.7625  0.000e+00
     -0.012    13.3174   0.007175     0.0456        185     0.7667  0.000e+00
     -0.008    13.3152   0.007175     0.0456        186     0.7708  0.000e+00
     -0.005    13.3147   0.007169     0.0456        187     0.7750  0.000e+00
     -0.005    13.3151   0.007169     0.0456        188     0.7792  0.000e+00
     -0.005    13.3140   0.007175     0.0456        189     0.7833  0.000e+00
     -0.003    13.3146   0.007163     0.0456        190     0.7875  0.000e+00
      0.002    13.3154   0.007178     0.0457        191     0.7917  0.000e+00
      0.001    13.3144   0.007169     0.0456        192     0.7958  0.000e+00
      0.003    13.3139   0.007175     0.0456        193     0.8000  0.000e+00
      0.003    13.3139   0.007169     0.0456        194     0.8042  0.000e+00
      0.005    13.3136   0.007175     0.0456        195     0.8083  0.000e+00
      0.003    13.3143   0.007169     0.0456        196     0.8125  0.000e+00
      0.006    13.3145   0.007163     0.0456        197     0.8167  0.000e+00
      0.005    13.3146   0.007175     0.0456        198     0.8208  0.000e+00
      0.005    13.3145   0.007169     0.0456        199     0.8250  0.000e+00
      0.003    13.3146   0.007169     0.0456        200     0.8292  0.000e+00
      0.010    13.3145   0.007163     0.0456        201     0.8333  0.000e+00
      0.001    13.3138   0.007163     0.0456        202     0.8375  0.000e+00
     -0.001    13.3136   0.007169     0.0456        203     0.8417  0.000e+00
     -0.001    13.3129   0.007163     0.0456        204     0.8458  0.000e+00
     -0.003    13.3130   0.007160     0.0456        205     0.8500  0.000e+00
     -0.002    13.3127   0.007169     0.0456        206     0.8542  0.000e+00
     -0.004    13.3133   0.007157     0.0455        207     0.8583  0.000e+00
     -0.003    13.3130   0.007160     0.0456        208     0.8625  0.000e+00
     -0.001    13.3125   0.007163     0.0456        209     0.8667  0.000e+00
      0.001    13.3127   0.007163     0.0456        210     0.8708  0.000e+00
     -0.008    13.3114   0.007154     0.0455        211     0.8750  0.000e+00
     -0.011    13.3084   0.007163     0.0456        212     0.8792  0.000e+00
      0.045    13.3095   0.007589     0.0481        213     0.8833  0.000e+00
      0.135    13.3095   0.959009     7.1045        214     0.8875  0.000e+00
      0.347    13.2291   0.696431     5.0488        215     0.8917  0.000e+00
