HB2503/sbe056.cnv
* Sea-Bird SBE 19plus V2 Data File:
* FileName = C:\cruise\data\sbe056.hex
* Software Version Seasave V 7.26.7.121
* Temperature SN = 6128
* Conductivity SN = 6128
* System UpLoad Time = Jun 01 2025 23:18:22
* NMEA Latitude = 40 31.94 N
* NMEA Longitude = 070 02.90 W
* NMEA UTC (Time) = Jun 01 2025  23:16:36
** Ship: Henry Bigelow
** Cruise:  HB2502
** Program:  Spring Bottom Trawl
# nquan = 7
# nvalues = 1493                                  
# units = specified
# name 0 = depSM: Depth [salt water, m]
# name 1 = tv290C: Temperature [ITS-90, deg C]
# name 2 = c0S/m: Conductivity [S/m]
# name 3 = sal00: Salinity, Practical [PSU]
# name 4 = scan: Scan Count
# name 5 = timeM: Time, Elapsed [minutes]
# name 6 = flag:  0.000e+00
# span 0 =     -0.111,     57.575                 
# span 1 =     7.8964,    11.6226                 
# span 2 =   0.011987,   3.669708                 
# span 3 =     0.0772,    32.9009                 
# span 4 =         11,       1503                 
# span 5 =     0.0417,     6.2583                 
# span 6 = 0.0000e+00, 0.0000e+00                 
# interval = seconds: 0.25
# start_time = Jun 01 2025 23:16:36 [NMEA time, header]
# bad_flag = -9.990e-29
*END*
[from data line 1026]
     22.703     9.3277   3.498834    32.4355       1037     4.3167  0.000e+00
     22.614     9.3323   3.500076    32.4442       1038     4.3208  0.000e+00
     22.504     9.3408   3.499473    32.4303       1039     4.3250  0.000e+00
     22.381     9.3460   3.500525    32.4364       1040     4.3292  0.000e+00
     22.234     9.3520   3.501381    32.4399       1041     4.3333  0.000e+00
     22.077     9.3608   3.501742    32.4357       1042     4.3375  0.000e+00
     21.912     9.3688   3.501862    32.4298       1043     4.3417  0.000e+00
     21.738     9.3751   3.502065    32.4262       1044     4.3458  0.000e+00
     21.564     9.3800   3.502407    32.4254       1045     4.3500  0.000e+00
     21.407     9.3846   3.502495    32.4221       1046     4.3542  0.000e+00
     21.259     9.3883   3.502559    32.4195       1047     4.3583  0.000e+00
     21.118     9.3909   3.502533    32.4170       1048     4.3625  0.000e+00
     21.018     9.3927   3.502622    32.4163       1049     4.3667  0.000e+00
     20.933     9.3940   3.502666    32.4156       1050     4.3708  0.000e+00
     20.880     9.3950   3.502685    32.4150       1051     4.3750  0.000e+00
     20.851     9.3957   3.502704    32.4145       1052     4.3792  0.000e+00
     20.853     9.3962   3.502717    32.4142       1053     4.3833  0.000e+00
     20.870     9.3965   3.502704    32.4138       1054     4.3875  0.000e+00
     20.907     9.3969   3.502730    32.4137       1055     4.3917  0.000e+00
     20.957     9.3970   3.502704    32.4133       1056     4.3958  0.000e+00
     21.012     9.3969   3.502704    32.4133       1057     4.4000  0.000e+00
     21.064     9.3969   3.502692    32.4132       1058     4.4042  0.000e+00
     21.100     9.3967   3.502685    32.4133       1059     4.4083  0.000e+00
     21.142     9.3965   3.502641    32.4130       1060     4.4125  0.000e+00
     21.160     9.3964   3.502597    32.4126       1061     4.4167  0.000e+00
     21.166     9.3959   3.502628    32.4134       1062     4.4208  0.000e+00
     21.145     9.3956   3.502666    32.4141       1063     4.4250  0.000e+00
     21.100     9.3955   3.502704    32.4146       1064     4.4292  0.000e+00
     21.034     9.3958   3.502793    32.4153       1065     4.4333  0.000e+00
     20.952     9.3960   3.502856    32.4157       1066     4.4375  0.000e+00
     20.855     9.3967   3.502875    32.4153       1067     4.4417  0.000e+00
     20.740     9.3973   3.503047    32.4166       1068     4.4458  0.000e+00
     20.608     9.3983   3.503199    32.4174       1069     4.4500  0.000e+00
     20.475     9.3995   3.503370    32.4181       1070     4.4542  0.000e+00
     20.328     9.4010   3.503630    32.4195       1071     4.4583  0.000e+00
     20.192     9.4029   3.503978    32.4214       1072     4.4625  0.000e+00
     20.066     9.4058   3.504352    32.4227       1073     4.4667  0.000e+00
     19.957     9.4096   3.504827    32.4242       1074     4.4708  0.000e+00
     19.868     9.4145   3.505937    32.4311       1075     4.4750  0.000e+00
     19.797     9.4224   3.507097    32.4359       1076     4.4792  0.000e+00
     19.743     9.4335   3.508036    32.4355       1077     4.4833  0.000e+00
     19.703     9.4455   3.508340    32.4278       1078     4.4875  0.000e+00
     19.677     9.4555   3.508981    32.4253       1079     4.4917  0.000e+00
     19.666     9.4643   3.509627    32.4240       1080     4.4958  0.000e+00
     19.668     9.4724   3.510097    32.4215       1081     4.5000  0.000e+00
     19.680     9.4802   3.510179    32.4153       1082     4.5042  0.000e+00
     19.693     9.4862   3.510268    32.4108       1083     4.5083  0.000e+00
     19.711     9.4901   3.510293    32.4075       1084     4.5125  0.000e+00
     19.716     9.4926   3.510420    32.4065       1085     4.5167  0.000e+00
     19.709     9.4947   3.511086    32.4115       1086     4.5208  0.000e+00
     19.691     9.4988   3.512032    32.4175       1087     4.5250  0.000e+00
     19.656     9.5054   3.512952    32.4210       1088     4.5292  0.000e+00
     19.591     9.5141   3.513078    32.4144       1089     4.5333  0.000e+00
     19.509     9.5221   3.514798    32.4248       1090     4.5375  0.000e+00
     19.410     9.5330   3.515699    32.4243       1091     4.5417  0.000e+00
     19.301     9.5453   3.516544    32.4219       1092     4.5458  0.000e+00
     19.187     9.5574   3.517121    32.4168       1093     4.5500  0.000e+00
     19.070     9.5681   3.518264    32.4189       1094     4.5542  0.000e+00
     18.954     9.5796   3.518905    32.4152       1095     4.5583  0.000e+00
     18.853     9.5912   3.519121    32.4070       1096     4.5625  0.000e+00
     18.769     9.6001   3.521058    32.4188       1097     4.5667  0.000e+00
     18.700     9.6128   3.521788    32.4148       1098     4.5708  0.000e+00
     18.642     9.6257   3.521584    32.4011       1099     4.5750  0.000e+00
     18.617     9.6345   3.521788    32.3952       1100     4.5792  0.000e+00
     18.609     9.6400   3.521921    32.3916       1101     4.5833  0.000e+00
     18.624     9.6434   3.521965    32.3890       1102     4.5875  0.000e+00
     18.656     9.6460   3.521895    32.3860       1103     4.5917  0.000e+00
     18.709     9.6475   3.521876    32.3844       1104     4.5958  0.000e+00
     18.761     9.6481   3.522124    32.3864       1105     4.6000  0.000e+00
     18.823     9.6491   3.521552    32.3796       1106     4.6042  0.000e+00
     18.888     9.6478   3.520651    32.3715       1107     4.6083  0.000e+00
     18.950     9.6430   3.519984    32.3690       1108     4.6125  0.000e+00
     19.006     9.6360   3.519571    32.3711       1109     4.6167  0.000e+00
     19.051     9.6290   3.519101    32.3726       1110     4.6208  0.000e+00
     19.081     9.6225   3.518390    32.3712       1111     4.6250  0.000e+00
     19.087     9.6153   3.518085    32.3745       1112     4.6292  0.000e+00
     19.062     9.6084   3.518066    32.3805       1113     4.6333  0.000e+00
     19.005     9.6040   3.519508    32.3993       1114     4.6375  0.000e+00
     18.928     9.6064   3.522525    32.4280       1115     4.6417  0.000e+00
     18.830     9.6208   3.523319    32.4232       1116     4.6458  0.000e+00
     18.718     9.6379   3.523350    32.4081       1117     4.6500  0.000e+00
     18.596     9.6502   3.524202    32.4057       1118     4.6542  0.000e+00
     18.468     9.6603   3.524850    32.4033       1119     4.6583  0.000e+00
     18.341     9.6701   3.525993    32.4062       1120     4.6625  0.000e+00
     18.220     9.6810   3.526921    32.4059       1121     4.6667  0.000e+00
     18.095     9.6928   3.527696    32.4032       1122     4.6708  0.000e+00
     17.979     9.7043   3.528777    32.4039       1123     4.6750  0.000e+00
     17.872     9.7168   3.530182    32.4071       1124     4.6792  0.000e+00
     17.767     9.7306   3.530588    32.3989       1125     4.6833  0.000e+00
     17.678     9.7424   3.531803    32.4006       1126     4.6875  0.000e+00
     17.608     9.7545   3.531822    32.3900       1127     4.6917  0.000e+00
     17.558     9.7637   3.532057    32.3841       1128     4.6958  0.000e+00
     17.526     9.7701   3.532731    32.3852       1129     4.7000  0.000e+00
     17.506     9.7761   3.533392    32.3866       1130     4.7042  0.000e+00
     17.506     9.7835   3.533920    32.3853       1131     4.7083  0.000e+00
     17.518     9.7905   3.534136    32.3812       1132     4.7125  0.000e+00
     17.545     9.7963   3.533895    32.3735       1133     4.7167  0.000e+00
     17.585     9.7992   3.533786    32.3698       1134     4.7208  0.000e+00
     17.636     9.8002   3.533570    32.3667       1135     4.7250  0.000e+00
     17.693     9.7999   3.533570    32.3669       1136     4.7292  0.000e+00
     17.747     9.7993   3.533290    32.3646       1137     4.7333  0.000e+00
     17.805     9.7978   3.532915    32.3621       1138     4.7375  0.000e+00
     17.861     9.7954   3.532813    32.3632       1139     4.7417  0.000e+00
     17.908     9.7927   3.532705    32.3645       1140     4.7458  0.000e+00
     17.945     9.7905   3.533074    32.3702       1141     4.7500  0.000e+00
     17.966     9.7901   3.533310    32.3729       1142     4.7542  0.000e+00
     17.979     9.7914   3.533526    32.3740       1143     4.7583  0.000e+00
     17.959     9.7933   3.533723    32.3743       1144     4.7625  0.000e+00
     17.921     9.7954   3.534601    32.3813       1145     4.7667  0.000e+00
     17.874     9.7998   3.535192    32.3834       1146     4.7708  0.000e+00
     17.820     9.8062   3.535994    32.3858       1147     4.7750  0.000e+00
     17.747     9.8143   3.536274    32.3815       1148     4.7792  0.000e+00
     17.661     9.8210   3.538895    32.4021       1149     4.7833  0.000e+00
     17.566     9.8331   3.537355    32.3756       1150     4.7875  0.000e+00
     17.461     9.8408   3.538787    32.3833       1151     4.7917  0.000e+00
     17.349     9.8469   3.539067    32.3807       1152     4.7958  0.000e+00
     17.217     9.8542   3.539455    32.3781       1153     4.8000  0.000e+00
     17.092     9.8603   3.539741    32.3757       1154     4.8042  0.000e+00
     16.972     9.8655   3.540263    32.3764       1155     4.8083  0.000e+00
     16.862     9.8710   3.541861    32.3877       1156     4.8125  0.000e+00
     16.758     9.8799   3.542688    32.3882       1157     4.8167  0.000e+00
     16.673     9.8900   3.542669    32.3789       1158     4.8208  0.000e+00
     16.602     9.8974   3.543599    32.3817       1159     4.8250  0.000e+00
     16.548     9.9051   3.544312    32.3821       1160     4.8292  0.000e+00
     16.506     9.9136   3.544834    32.3798       1161     4.8333  0.000e+00
     16.479     9.9211   3.545159    32.3764       1162     4.8375  0.000e+00
     16.463     9.9279   3.545445    32.3732       1163     4.8417  0.000e+00
     16.462     9.9331   3.545706    32.3712       1164     4.8458  0.000e+00
     16.464     9.9374   3.545681    32.3671       1165     4.8500  0.000e+00
     16.478     9.9402   3.545572    32.3634       1166     4.8542  0.000e+00
     16.496     9.9416   3.545636    32.3628       1167     4.8583  0.000e+00
     16.518     9.9422   3.544642    32.3522       1168     4.8625  0.000e+00
     16.545     9.9395   3.543706    32.3451       1169     4.8667  0.000e+00
     16.560     9.9334   3.542949    32.3429       1170     4.8708  0.000e+00
     16.578     9.9259   3.543127    32.3514       1171     4.8750  0.000e+00
     16.594     9.9206   3.544420    32.3692       1172     4.8792  0.000e+00
     16.591     9.9215   3.545770    32.3821       1173     4.8833  0.000e+00
     16.585     9.9285   3.546509    32.3833       1174     4.8875  0.000e+00
     16.562     9.9373   3.546808    32.3785       1175     4.8917  0.000e+00
     16.524     9.9448   3.546897    32.3727       1176     4.8958  0.000e+00
     16.466     9.9501   3.546878    32.3678       1177     4.9000  0.000e+00
     16.406     9.9532   3.547400    32.3704       1178     4.9042  0.000e+00
     16.334     9.9566   3.547986    32.3732       1179     4.9083  0.000e+00
     16.238     9.9613   3.548356    32.3728       1180     4.9125  0.000e+00
     16.135     9.9661   3.548311    32.3681       1181     4.9167  0.000e+00
     16.010     9.9695   3.548050    32.3625       1182     4.9208  0.000e+00
     15.883     9.9705   3.547986    32.3610       1183     4.9250  0.000e+00
     15.755     9.9712   3.549267    32.3734       1184     4.9292  0.000e+00
     15.629     9.9749   3.548266    32.3600       1185     4.9333  0.000e+00
     15.524     9.9759   3.549419    32.3709       1186     4.9375  0.000e+00
     15.434     9.9785   3.549853    32.3729       1187     4.9417  0.000e+00
     15.372     9.9835   3.549897    32.3690       1188     4.9458  0.000e+00
     15.327     9.9872   3.550050    32.3672       1189     4.9500  0.000e+00
     15.307     9.9901   3.550324    32.3674       1190     4.9542  0.000e+00
     15.305     9.9928   3.550592    32.3677       1191     4.9583  0.000e+00
     15.316     9.9952   3.550311    32.3627       1192     4.9625  0.000e+00
     15.328     9.9964   3.550050    32.3590       1193     4.9667  0.000e+00
     15.350     9.9960   3.550005    32.3588       1194     4.9708  0.000e+00
     15.364     9.9950   3.549699    32.3567       1195     4.9750  0.000e+00
     15.360     9.9936   3.549349    32.3544       1196     4.9792  0.000e+00
     15.351     9.9911   3.549113    32.3542       1197     4.9833  0.000e+00
     15.317     9.9882   3.548744    32.3530       1198     4.9875  0.000e+00
     15.270     9.9848   3.547788    32.3464       1199     4.9917  0.000e+00
     15.203     9.9798   3.548483    32.3580       1200     4.9958  0.000e+00
     15.114     9.9769   3.548859    32.3645       1201     5.0000  0.000e+00
     15.013     9.9772   3.549177    32.3675       1202     5.0042  0.000e+00
     14.906     9.9793   3.549094    32.3648       1203     5.0083  0.000e+00
     14.801     9.9808   3.549132    32.3639       1204     5.0125  0.000e+00
     14.694     9.9820   3.549177    32.3633       1205     5.0167  0.000e+00
     14.593     9.9828   3.549241    32.3632       1206     5.0208  0.000e+00
     14.511     9.9832   3.548310    32.3535       1207     5.0250  0.000e+00
     14.449     9.9809   3.548004    32.3525       1208     5.0292  0.000e+00
     14.409     9.9769   3.547762    32.3537       1209     5.0333  0.000e+00
     14.391     9.9734   3.547699    32.3562       1210     5.0375  0.000e+00
     14.393     9.9708   3.547903    32.3606       1211     5.0417  0.000e+00
     14.416     9.9700   3.548068    32.3629       1212     5.0458  0.000e+00
     14.456     9.9702   3.548285    32.3649       1213     5.0500  0.000e+00
     14.498     9.9713   3.548527    32.3664       1214     5.0542  0.000e+00
     14.538     9.9731   3.548654    32.3661       1215     5.0583  0.000e+00
     14.563     9.9750   3.548833    32.3661       1216     5.0625  0.000e+00
     14.566     9.9765   3.548941    32.3658       1217     5.0667  0.000e+00
     14.559     9.9783   3.549049    32.3654       1218     5.0708  0.000e+00
     14.514     9.9797   3.549069    32.3643       1219     5.0750  0.000e+00
     14.432     9.9810   3.548807    32.3606       1220     5.0792  0.000e+00
     14.322     9.9807   3.548565    32.3584       1221     5.0833  0.000e+00
     14.189     9.9793   3.548094    32.3550       1222     5.0875  0.000e+00
     14.054     9.9770   3.548527    32.3614       1223     5.0917  0.000e+00
     13.920     9.9762   3.548763    32.3647       1224     5.0958  0.000e+00
     13.782     9.9769   3.548501    32.3615       1225     5.1000  0.000e+00
     13.656     9.9770   3.548610    32.3624       1226     5.1042  0.000e+00
     13.543     9.9773   3.548418    32.3603       1227     5.1083  0.000e+00
     13.462     9.9768   3.548393    32.3606       1228     5.1125  0.000e+00
     13.410     9.9765   3.548418    32.3611       1229     5.1167  0.000e+00
     13.389     9.9757   3.548418    32.3618       1230     5.1208  0.000e+00
     13.387     9.9758   3.548425    32.3618       1231     5.1250  0.000e+00
     13.400     9.9757   3.548355    32.3612       1232     5.1292  0.000e+00
     13.434     9.9754   3.548571    32.3637       1233     5.1333  0.000e+00
     13.474     9.9760   3.548743    32.3648       1234     5.1375  0.000e+00
     13.526     9.9772   3.548807    32.3644       1235     5.1417  0.000e+00
     13.584     9.9780   3.548832    32.3638       1236     5.1458  0.000e+00
     13.629     9.9790   3.548941    32.3640       1237     5.1500  0.000e+00
     13.667     9.9800   3.549068    32.3645       1238     5.1542  0.000e+00
     13.687     9.9812   3.549094    32.3637       1239     5.1583  0.000e+00
     13.683     9.9820   3.549349    32.3655       1240     5.1625  0.000e+00
