HB2503/sbe024.cnv
* Sea-Bird SBE 19plus V2 Data File:
* FileName = C:\cruise\data\sbe024.hex
* Software Version Seasave V 7.26.7.121
* Temperature SN = 6128
* Conductivity SN = 6128
* System UpLoad Time = May 30 2025 03:03:17
* NMEA Latitude = 37 59.64 N
* NMEA Longitude = 074 57.24 W
* NMEA UTC (Time) = May 30 2025  03:01:28
** Ship: Henry Bigelow
** Cruise:  HB2502
** Program:  Spring Bottom Trawl
# nquan = 7
# nvalues = 1350                                  
# units = specified
# name 0 = depSM: Depth [salt water, m]
# name 1 = tv290C: Temperature [ITS-90, deg C]
# name 2 = c0S/m: Conductivity [S/m]
# name 3 = sal00: Salinity, Practical [PSU]
# name 4 = scan: Scan Count
# name 5 = timeM: Time, Elapsed [minutes]
# name 6 = flag:  0.000e+00
# span 0 =     -0.045,     16.347                 
# span 1 =    15.5420,    16.8968                 
# span 2 =  -0.005917,   4.143952                 
# span 3 =     0.0000,    32.3053                 
# span 4 =         11,       1360                 
# span 5 =     0.0417,     5.6625                 
# span 6 = 0.0000e+00, 0.0000e+00                 
# interval = seconds: 0.25
# start_time = May 30 2025 03:01:28 [NMEA time, header]
# bad_flag = -9.990e-29
*END*
[from data line 206]
      0.046    16.8697   0.008264     0.0491        217     0.9000  0.000e+00
      0.044    16.8697   0.008276     0.0492        218     0.9042  0.000e+00
      0.046    16.8698   0.008261     0.0491        219     0.9083  0.000e+00
      0.049    16.8695   0.008252     0.0491        220     0.9125  0.000e+00
      0.048    16.8694   0.008246     0.0490        221     0.9167  0.000e+00
      0.049    16.8694   0.008252     0.0491        222     0.9208  0.000e+00
      0.044    16.8692   0.008240     0.0490        223     0.9250  0.000e+00
      0.045    16.8693   0.008249     0.0490        224     0.9292  0.000e+00
      0.048    16.8691   0.008246     0.0490        225     0.9333  0.000e+00
      0.046    16.8691   0.008264     0.0491        226     0.9375  0.000e+00
      0.048    16.8691   0.008267     0.0491        227     0.9417  0.000e+00
      0.051    16.8689   0.008252     0.0491        228     0.9458  0.000e+00
      0.049    16.8682   0.008258     0.0491        229     0.9500  0.000e+00
      0.050    16.8684   0.008255     0.0491        230     0.9542  0.000e+00
      0.052    16.8686   0.008258     0.0491        231     0.9583  0.000e+00
      0.050    16.8683   0.008264     0.0491        232     0.9625  0.000e+00
      0.044    16.8687   0.008276     0.0492        233     0.9667  0.000e+00
      0.048    16.8682   0.008276     0.0492        234     0.9708  0.000e+00
      0.048    16.8693   0.008288     0.0493        235     0.9750  0.000e+00
      0.068    16.8706  -0.005917     0.0000        236     0.9792  0.000e+00
      0.151    16.8729   2.059971    14.8612        237     0.9833  0.000e+00
      0.124    16.8756   1.993994    14.3418        238     0.9875  0.000e+00
      0.060    16.8661   3.147258    23.6617        239     0.9917  0.000e+00
      0.053    16.8726   3.129855    23.5135        240     0.9958  0.000e+00
      0.051    16.8853   3.978629    30.6673        241     1.0000  0.000e+00
      0.051    16.8908   2.600617    19.1694        242     1.0042  0.000e+00
      0.100    16.8924   3.222390    24.2702        243     1.0083  0.000e+00
      0.269    16.8952   2.829461    21.0281        244     1.0125  0.000e+00
      0.450    16.8968   3.814977    29.2585        245     1.0167  0.000e+00
      0.561    16.8948   4.133428    31.9925        246     1.0208  0.000e+00
      0.628    16.8925   4.132981    31.9904        247     1.0250  0.000e+00
      0.678    16.8903   4.137197    32.0285        248     1.0292  0.000e+00
      0.734    16.8863   4.137577    32.0350        249     1.0333  0.000e+00
      0.799    16.8763   4.139096    32.0561        250     1.0375  0.000e+00
      0.900    16.8693   4.138350    32.0552        251     1.0417  0.000e+00
      1.027    16.8670   4.137292    32.0478        252     1.0458  0.000e+00
      1.160    16.8665   4.138872    32.0618        253     1.0500  0.000e+00
      1.264    16.8669   4.138377    32.0572        254     1.0542  0.000e+00
      1.351    16.8680   4.140737    32.0767        255     1.0583  0.000e+00
      1.425    16.8691   4.143348    32.0984        256     1.0625  0.000e+00
      1.469    16.8693   4.143952    32.1034        257     1.0667  0.000e+00
      1.493    16.8679   4.142806    32.0946        258     1.0708  0.000e+00
      1.496    16.8579   4.141524    32.0915        259     1.0750  0.000e+00
      1.500    16.8346   4.140188    32.0986        260     1.0792  0.000e+00
      1.530    16.8139   4.141457    32.1261        261     1.0833  0.000e+00
      1.579    16.7990   4.139965    32.1251        262     1.0875  0.000e+00
      1.635    16.7915   4.138006    32.1141        263     1.0917  0.000e+00
      1.691    16.8000   4.137856    32.1060        264     1.0958  0.000e+00
      1.747    16.8125   4.138026    32.0974        265     1.1000  0.000e+00
      1.805    16.8219   4.138378    32.0930        266     1.1042  0.000e+00
      1.861    16.8284   4.138764    32.0911        267     1.1083  0.000e+00
      1.922    16.8334   4.138398    32.0839        268     1.1125  0.000e+00
      2.001    16.8377   4.137483    32.0725        269     1.1167  0.000e+00
      2.074    16.8413   4.136608    32.0621        270     1.1208  0.000e+00
      2.155    16.8438   4.136141    32.0559        271     1.1250  0.000e+00
      2.237    16.8451   4.136364    32.0569        272     1.1292  0.000e+00
      2.304    16.8460   4.138053    32.0707        273     1.1333  0.000e+00
      2.353    16.8468   4.139578    32.0832        274     1.1375  0.000e+00
      2.395    16.8477   4.139219    32.0794        275     1.1417  0.000e+00
      2.434    16.8488   4.139049    32.0770        276     1.1458  0.000e+00
      2.492    16.8493   4.138398    32.0710        277     1.1500  0.000e+00
      2.568    16.8500   4.136229    32.0517        278     1.1542  0.000e+00
      2.655    16.8509   4.133335    32.0259        279     1.1583  0.000e+00
      2.760    16.8514   4.132163    32.0153        280     1.1625  0.000e+00
      2.867    16.8505   4.132366    32.0177        281     1.1667  0.000e+00
      2.975    16.8471   4.132197    32.0189        282     1.1708  0.000e+00
      3.079    16.8431   4.132014    32.0205        283     1.1750  0.000e+00
      3.167    16.8409   4.134101    32.0403        284     1.1792  0.000e+00
      3.243    16.8399   4.136311    32.0602        285     1.1833  0.000e+00
      3.316    16.8398   4.136324    32.0603        286     1.1875  0.000e+00
      3.369    16.8404   4.136785    32.0638        287     1.1917  0.000e+00
      3.412    16.8412   4.136860    32.0638        288     1.1958  0.000e+00
      3.459    16.8356   4.136772    32.0675        289     1.2000  0.000e+00
      3.504    16.8202   4.136460    32.0771        290     1.2042  0.000e+00
      3.553    16.8077   4.135715    32.0806        291     1.2083  0.000e+00
      3.602    16.8039   4.134725    32.0751        292     1.2125  0.000e+00
      3.660    16.8049   4.133600    32.0645        293     1.2167  0.000e+00
      3.724    16.8074   4.130625    32.0367        294     1.2208  0.000e+00
      3.798    16.8132   4.128248    32.0115        295     1.2250  0.000e+00
      3.875    16.8192   4.126934    31.9953        296     1.2292  0.000e+00
      3.957    16.8236   4.126588    31.9888        297     1.2333  0.000e+00
      4.038    16.8240   4.126812    31.9904        298     1.2375  0.000e+00
      4.119    16.8230   4.126961    31.9924        299     1.2417  0.000e+00
      4.195    16.8219   4.127157    31.9950        300     1.2458  0.000e+00
      4.264    16.8214   4.127509    31.9984        301     1.2500  0.000e+00
      4.320    16.8212   4.127652    31.9998        302     1.2542  0.000e+00
      4.384    16.8213   4.127381    31.9973        303     1.2583  0.000e+00
      4.443    16.8216   4.128295    32.0050        304     1.2625  0.000e+00
      4.509    16.8224   4.128695    32.0078        305     1.2667  0.000e+00
      4.586    16.8239   4.127584    31.9970        306     1.2708  0.000e+00
      4.667    16.8250   4.126094    31.9832        307     1.2750  0.000e+00
      4.747    16.8252   4.124679    31.9707        308     1.2792  0.000e+00
      4.830    16.8237   4.123690    31.9633        309     1.2833  0.000e+00
      4.920    16.8195   4.122953    31.9603        310     1.2875  0.000e+00
      5.013    16.8153   4.122404    31.9589        311     1.2917  0.000e+00
      5.101    16.8120   4.121978    31.9578        312     1.2958  0.000e+00
      5.185    16.8091   4.121931    31.9596        313     1.3000  0.000e+00
      5.266    16.8070   4.122479    31.9661        314     1.3042  0.000e+00
      5.352    16.8062   4.123935    31.9792        315     1.3083  0.000e+00
      5.422    16.8059   4.126041    31.9977        316     1.3125  0.000e+00
      5.497    16.8068   4.127476    32.0093        317     1.3167  0.000e+00
      5.569    16.8085   4.127774    32.0105        318     1.3208  0.000e+00
      5.627    16.8095   4.127680    32.0089        319     1.3250  0.000e+00
      5.679    16.8097   4.127829    32.0100        320     1.3292  0.000e+00
      5.734    16.8101   4.127978    32.0110        321     1.3333  0.000e+00
      5.786    16.8103   4.127510    32.0067        322     1.3375  0.000e+00
      5.839    16.8108   4.126813    32.0003        323     1.3417  0.000e+00
      5.890    16.8108   4.124558    31.9807        324     1.3458  0.000e+00
      5.949    16.8114   4.123170    31.9683        325     1.3500  0.000e+00
      6.014    16.8130   4.121579    31.9532        326     1.3542  0.000e+00
      6.076    16.8143   4.120570    31.9434        327     1.3583  0.000e+00
      6.144    16.8144   4.119136    31.9309        328     1.3625  0.000e+00
      6.221    16.8120   4.117681    31.9202        329     1.3667  0.000e+00
      6.286    16.8093   4.116788    31.9146        330     1.3708  0.000e+00
      6.363    16.8059   4.116436    31.9143        331     1.3750  0.000e+00
      6.434    16.8005   4.116592    31.9198        332     1.3792  0.000e+00
      6.512    16.7953   4.116416    31.9224        333     1.3833  0.000e+00
      6.590    16.7910   4.115848    31.9209        334     1.3875  0.000e+00
      6.663    16.7879   4.115090    31.9168        335     1.3917  0.000e+00
      6.744    16.7859   4.114766    31.9155        336     1.3958  0.000e+00
      6.827    16.7831   4.114319    31.9138        337     1.4000  0.000e+00
      6.911    16.7797   4.113778    31.9118        338     1.4042  0.000e+00
      7.001    16.7762   4.113305    31.9105        339     1.4083  0.000e+00
      7.096    16.7733   4.112757    31.9081        340     1.4125  0.000e+00
      7.197    16.7707   4.112446    31.9074        341     1.4167  0.000e+00
      7.302    16.7684   4.112250    31.9075        342     1.4208  0.000e+00
      7.398    16.7669   4.112101    31.9073        343     1.4250  0.000e+00
      7.496    16.7664   4.112149    31.9081        344     1.4292  0.000e+00
      7.593    16.7662   4.113704    31.9217        345     1.4333  0.000e+00
      7.684    16.7667   4.116715    31.9473        346     1.4375  0.000e+00
      7.769    16.7674   4.118968    31.9663        347     1.4417  0.000e+00
      7.845    16.7686   4.119333    31.9685        348     1.4458  0.000e+00
      7.908    16.7700   4.119435    31.9681        349     1.4500  0.000e+00
      7.962    16.7711   4.120125    31.9732        350     1.4542  0.000e+00
      8.008    16.7691   4.119760    31.9717        351     1.4583  0.000e+00
      8.051    16.7498   4.118819    31.9789        352     1.4625  0.000e+00
      8.082    16.7005   4.117385    32.0058        353     1.4667  0.000e+00
      8.101    16.6535   4.114389    32.0173        354     1.4708  0.000e+00
      8.121    16.5940   4.110698    32.0328        355     1.4750  0.000e+00
      8.137    16.5167   4.107366    32.0658        356     1.4792  0.000e+00
      8.148    16.4483   4.104711    32.0975        357     1.4833  0.000e+00
      8.160    16.3915   4.103482    32.1324        358     1.4875  0.000e+00
      8.174    16.3490   4.104340    32.1742        359     1.4917  0.000e+00
      8.189    16.3268   4.108382    32.2275        360     1.4958  0.000e+00
      8.216    16.3260   4.112229    32.2618        361     1.5000  0.000e+00
      8.256    16.3251   4.111783    32.2586        362     1.5042  0.000e+00
      8.310    16.3307   4.111066    32.2478        363     1.5083  0.000e+00
      8.374    16.3873   4.110410    32.1963        364     1.5125  0.000e+00
      8.452    16.4681   4.110327    32.1304        365     1.5167  0.000e+00
      8.544    16.5380   4.110502    32.0758        366     1.5208  0.000e+00
      8.649    16.5926   4.110772    32.0344        367     1.5250  0.000e+00
      8.759    16.6328   4.110968    32.0039        368     1.5292  0.000e+00
      8.877    16.6620   4.110433    31.9759        369     1.5333  0.000e+00
      8.998    16.6832   4.109906    31.9544        370     1.5375  0.000e+00
      9.123    16.6963   4.110176    31.9462        371     1.5417  0.000e+00
      9.241    16.7052   4.110521    31.9421        372     1.5458  0.000e+00
      9.347    16.7086   4.109466    31.9302        373     1.5500  0.000e+00
      9.450    16.7055   4.108033    31.9202        374     1.5542  0.000e+00
      9.535    16.7038   4.106877    31.9115        375     1.5583  0.000e+00
      9.611    16.6875   4.105715    31.9144        376     1.5625  0.000e+00
      9.665    16.6332   4.102810    31.9324        377     1.5667  0.000e+00
      9.712    16.5579   4.097138    31.9432        378     1.5708  0.000e+00
      9.739    16.4731   4.090787    31.9557        379     1.5750  0.000e+00
      9.758    16.3966   4.085930    31.9745        380     1.5792  0.000e+00
      9.775    16.3310   4.082431    31.9965        381     1.5833  0.000e+00
      9.783    16.2769   4.080160    32.0202        382     1.5875  0.000e+00
      9.789    16.2256   4.078253    32.0447        383     1.5917  0.000e+00
      9.801    16.1810   4.077984    32.0782        384     1.5958  0.000e+00
      9.823    16.1500   4.080822    32.1281        385     1.6000  0.000e+00
      9.857    16.1352   4.089482    32.2162        386     1.6042  0.000e+00
      9.896    16.1339   4.093558    32.2531        387     1.6083  0.000e+00
      9.943    16.1252   4.096873    32.2892        388     1.6125  0.000e+00
      9.999    16.1341   4.099527    32.3053        389     1.6167  0.000e+00
     10.068    16.1725   4.101168    32.2886        390     1.6208  0.000e+00
     10.144    16.2370   4.101762    32.2414        391     1.6250  0.000e+00
     10.222    16.3039   4.101761    32.1873        392     1.6292  0.000e+00
     10.311    16.3694   4.101713    32.1340        393     1.6333  0.000e+00
     10.402    16.4235   4.101658    32.0900        394     1.6375  0.000e+00
     10.494    16.4638   4.101536    32.0565        395     1.6417  0.000e+00
     10.585    16.4949   4.101488    32.0312        396     1.6458  0.000e+00
     10.677    16.5193   4.099833    31.9972        397     1.6500  0.000e+00
     10.768    16.5322   4.057332    31.6172        398     1.6542  0.000e+00
     10.851    16.4234   4.042602    31.5751        399     1.6583  0.000e+00
     10.940    16.2104   4.041209    31.7320        400     1.6625  0.000e+00
     11.010    16.0455   4.040748    31.8598        401     1.6667  0.000e+00
     11.073    15.9417   4.040460    31.9407        402     1.6708  0.000e+00
     11.129    15.8804   4.040172    31.9876        403     1.6750  0.000e+00
     11.189    15.8441   4.039931    32.0148        404     1.6792  0.000e+00
     11.234    15.8220   4.039327    32.0273        405     1.6833  0.000e+00
     11.270    15.8083   4.039374    32.0388        406     1.6875  0.000e+00
     11.308    15.7987   4.039160    32.0446        407     1.6917  0.000e+00
     11.338    15.7923   4.039012    32.0486        408     1.6958  0.000e+00
     11.361    15.7880   4.038871    32.0508        409     1.7000  0.000e+00
     11.390    15.7848   4.038697    32.0518        410     1.7042  0.000e+00
     11.411    15.7823   4.038556    32.0526        411     1.7083  0.000e+00
     11.442    15.7805   4.038462    32.0532        412     1.7125  0.000e+00
     11.471    15.7792   4.038388    32.0536        413     1.7167  0.000e+00
     11.502    15.7777   4.038267    32.0537        414     1.7208  0.000e+00
     11.545    15.7768   4.038267    32.0544        415     1.7250  0.000e+00
     11.589    15.7759   4.038200    32.0545        416     1.7292  0.000e+00
     11.649    15.7754   4.038100    32.0540        417     1.7333  0.000e+00
     11.716    15.7748   4.037999    32.0536        418     1.7375  0.000e+00
     11.792    15.7739   4.037878    32.0532        419     1.7417  0.000e+00
     11.875    15.7727   4.037737    32.0529        420     1.7458  0.000e+00
