HB2503/sbe062.cnv
* Sea-Bird SBE 19plus V2 Data File:
* FileName = C:\cruise\data\sbe062.hex
* Software Version Seasave V 7.26.7.121
* Temperature SN = 6128
* Conductivity SN = 6128
* System UpLoad Time = Jun 02 2025 15:02:38
* NMEA Latitude = 40 08.38 N
* NMEA Longitude = 069 23.04 W
* NMEA UTC (Time) = Jun 02 2025  15:00:53
** Ship: Henry Bigelow
** Cruise:  HB2502
** Program:  Spring Bottom Trawl
# nquan = 7
# nvalues = 2104                                  
# units = specified
# name 0 = depSM: Depth [salt water, m]
# name 1 = tv290C: Temperature [ITS-90, deg C]
# name 2 = c0S/m: Conductivity [S/m]
# name 3 = sal00: Salinity, Practical [PSU]
# name 4 = scan: Scan Count
# name 5 = timeM: Time, Elapsed [minutes]
# name 6 = flag:  0.000e+00
# span 0 =     -0.102,     88.501                 
# span 1 =     7.4485,    12.8918                 
# span 2 =   0.007307,   3.956277                 
# span 3 =     0.0467,    34.6550                 
# span 4 =         11,       2114                 
# span 5 =     0.0417,     8.8042                 
# span 6 = 0.0000e+00, 0.0000e+00                 
# interval = seconds: 0.25
# start_time = Jun 02 2025 15:00:53 [NMEA time, header]
# bad_flag = -9.990e-29
*END*
[from data line 1642]
     31.498     7.9335   3.417699    32.8689       1653     6.8833  0.000e+00
     31.464     7.9335   3.417743    32.8693       1654     6.8875  0.000e+00
     31.430     7.9336   3.417781    32.8696       1655     6.8917  0.000e+00
     31.398     7.9342   3.417699    32.8682       1656     6.8958  0.000e+00
     31.372     7.9342   3.417574    32.8669       1657     6.9000  0.000e+00
     31.333     7.9341   3.417612    32.8674       1658     6.9042  0.000e+00
     31.306     7.9341   3.417593    32.8673       1659     6.9083  0.000e+00
     31.272     7.9339   3.417492    32.8664       1660     6.9125  0.000e+00
     31.256     7.9339   3.417065    32.8618       1661     6.9167  0.000e+00
     31.236     7.9329   3.416532    32.8571       1662     6.9208  0.000e+00
     31.213     7.9308   3.416143    32.8549       1663     6.9250  0.000e+00
     31.195     7.9282   3.415578    32.8514       1664     6.9292  0.000e+00
     31.177     7.9248   3.414982    32.8481       1665     6.9333  0.000e+00
     31.159     7.9207   3.414436    32.8462       1666     6.9375  0.000e+00
     31.143     7.9166   3.413896    32.8443       1667     6.9417  0.000e+00
     31.123     7.9124   3.413520    32.8442       1668     6.9458  0.000e+00
     31.099     7.9084   3.413005    32.8425       1669     6.9500  0.000e+00
     31.079     7.9045   3.412315    32.8388       1670     6.9542  0.000e+00
     31.054     7.9002   3.411883    32.8382       1671     6.9583  0.000e+00
     31.025     7.8960   3.411632    32.8395       1672     6.9625  0.000e+00
     30.987     7.8925   3.411443    32.8408       1673     6.9667  0.000e+00
     30.951     7.8898   3.411469    32.8437       1674     6.9708  0.000e+00
     30.903     7.8878   3.411444    32.8452       1675     6.9750  0.000e+00
     30.853     7.8867   3.411343    32.8452       1676     6.9792  0.000e+00
     30.793     7.8858   3.411224    32.8449       1677     6.9833  0.000e+00
     30.741     7.8849   3.411218    32.8457       1678     6.9875  0.000e+00
     30.692     7.8840   3.411136    32.8456       1679     6.9917  0.000e+00
     30.633     7.8833   3.410785    32.8426       1680     6.9958  0.000e+00
     30.582     7.8820   3.410032    32.8358       1681     7.0000  0.000e+00
     30.535     7.8792   3.408602    32.8231       1682     7.0042  0.000e+00
     30.489     7.8741   3.406840    32.8092       1683     7.0083  0.000e+00
     30.445     7.8658   3.406333    32.8115       1684     7.0125  0.000e+00
     30.398     7.8581   3.406822    32.8241       1685     7.0167  0.000e+00
     30.367     7.8535   3.406640    32.8264       1686     7.0208  0.000e+00
     30.328     7.8508   3.406471    32.8272       1687     7.0250  0.000e+00
     30.297     7.8488   3.406283    32.8270       1688     7.0292  0.000e+00
     30.257     7.8470   3.406032    32.8261       1689     7.0333  0.000e+00
     30.219     7.8452   3.405662    32.8238       1690     7.0375  0.000e+00
     30.179     7.8430   3.405593    32.8252       1691     7.0417  0.000e+00
     30.139     7.8410   3.405455    32.8256       1692     7.0458  0.000e+00
     30.104     7.8395   3.405355    32.8260       1693     7.0500  0.000e+00
     30.069     7.8381   3.405311    32.8269       1694     7.0542  0.000e+00
     30.041     7.8369   3.405223    32.8271       1695     7.0583  0.000e+00
     30.020     7.8359   3.405205    32.8278       1696     7.0625  0.000e+00
     30.003     7.8351   3.405186    32.8283       1697     7.0667  0.000e+00
     29.997     7.8346   3.405248    32.8295       1698     7.0708  0.000e+00
     29.991     7.8344   3.405142    32.8285       1699     7.0750  0.000e+00
     30.000     7.8341   3.405136    32.8287       1700     7.0792  0.000e+00
     30.004     7.8338   3.405079    32.8284       1701     7.0833  0.000e+00
     30.017     7.8336   3.405117    32.8290       1702     7.0875  0.000e+00
     30.024     7.8333   3.405167    32.8298       1703     7.0917  0.000e+00
     30.029     7.8333   3.405205    32.8302       1704     7.0958  0.000e+00
     30.037     7.8334   3.405104    32.8290       1705     7.1000  0.000e+00
     30.037     7.8334   3.404897    32.8269       1706     7.1042  0.000e+00
     30.036     7.8330   3.404753    32.8256       1707     7.1083  0.000e+00
     30.024     7.8321   3.404340    32.8221       1708     7.1125  0.000e+00
     30.005     7.8305   3.403393    32.8135       1709     7.1167  0.000e+00
     29.979     7.8274   3.402040    32.8019       1710     7.1208  0.000e+00
     29.938     7.8216   3.401194    32.7984       1711     7.1250  0.000e+00
     29.892     7.8149   3.400693    32.7993       1712     7.1292  0.000e+00
     29.835     7.8087   3.398607    32.7829       1713     7.1333  0.000e+00
     29.762     7.7999   3.393034    32.7314       1714     7.1375  0.000e+00
     29.680     7.7818   3.390481    32.7211       1715     7.1417  0.000e+00
     29.589     7.7599   3.388354    32.7189       1716     7.1458  0.000e+00
     29.498     7.7392   3.387015    32.7241       1717     7.1500  0.000e+00
     29.396     7.7211   3.383032    32.6984       1718     7.1542  0.000e+00
     29.289     7.7018   3.378925    32.6726       1719     7.1583  0.000e+00
     29.185     7.6778   3.376257    32.6665       1720     7.1625  0.000e+00
     29.084     7.6542   3.374134    32.6659       1721     7.1667  0.000e+00
     28.986     7.6320   3.372935    32.6739       1722     7.1708  0.000e+00
     28.895     7.6139   3.372061    32.6815       1723     7.1750  0.000e+00
     28.819     7.5998   3.371318    32.6868       1724     7.1792  0.000e+00
     28.757     7.5887   3.369994    32.6831       1725     7.1833  0.000e+00
     28.709     7.5789   3.369863    32.6910       1726     7.1875  0.000e+00
     28.675     7.5713   3.369732    32.6967       1727     7.1917  0.000e+00
     28.656     7.5662   3.369576    32.6998       1728     7.1958  0.000e+00
     28.649     7.5626   3.369370    32.7010       1729     7.2000  0.000e+00
     28.650     7.5601   3.369170    32.7012       1730     7.2042  0.000e+00
     28.666     7.5579   3.368871    32.7000       1731     7.2083  0.000e+00
     28.684     7.5557   3.368615    32.6993       1732     7.2125  0.000e+00
     28.709     7.5535   3.368209    32.6970       1733     7.2167  0.000e+00
     28.734     7.5512   3.367666    32.6934       1734     7.2208  0.000e+00
     28.752     7.5482   3.367123    32.6903       1735     7.2250  0.000e+00
     28.769     7.5447   3.366849    32.6906       1736     7.2292  0.000e+00
     28.788     7.5412   3.366655    32.6918       1737     7.2333  0.000e+00
     28.792     7.5386   3.366418    32.6917       1738     7.2375  0.000e+00
     28.790     7.5360   3.366468    32.6947       1739     7.2417  0.000e+00
     28.784     7.5342   3.366206    32.6936       1740     7.2458  0.000e+00
     28.765     7.5325   3.366081    32.6939       1741     7.2500  0.000e+00
     28.736     7.5310   3.365944    32.6937       1742     7.2542  0.000e+00
     28.699     7.5296   3.365695    32.6924       1743     7.2583  0.000e+00
     28.647     7.5281   3.365626    32.6931       1744     7.2625  0.000e+00
     28.584     7.5268   3.365433    32.6923       1745     7.2667  0.000e+00
     28.511     7.5251   3.363405    32.6720       1746     7.2708  0.000e+00
     28.437     7.5202   3.361821    32.6597       1747     7.2750  0.000e+00
     28.353     7.5119   3.360916    32.6578       1748     7.2792  0.000e+00
     28.263     7.5033   3.360212    32.6583       1749     7.2833  0.000e+00
     28.168     7.4953   3.359514    32.6583       1750     7.2875  0.000e+00
     28.063     7.4884   3.358878    32.6580       1751     7.2917  0.000e+00
     27.963     7.4827   3.358348    32.6577       1752     7.2958  0.000e+00
     27.860     7.4776   3.357955    32.6584       1753     7.3000  0.000e+00
     27.757     7.4732   3.357787    32.6607       1754     7.3042  0.000e+00
     27.668     7.4700   3.357556    32.6613       1755     7.3083  0.000e+00
     27.582     7.4674   3.357381    32.6619       1756     7.3125  0.000e+00
     27.504     7.4654   3.357226    32.6621       1757     7.3167  0.000e+00
     27.439     7.4640   3.357101    32.6621       1758     7.3208  0.000e+00
     27.386     7.4630   3.356982    32.6618       1759     7.3250  0.000e+00
     27.344     7.4621   3.356926    32.6621       1760     7.3292  0.000e+00
     27.328     7.4615   3.356901    32.6623       1761     7.3333  0.000e+00
     27.321     7.4610   3.356926    32.6631       1762     7.3375  0.000e+00
     27.326     7.4609   3.356926    32.6632       1763     7.3417  0.000e+00
     27.340     7.4607   3.356964    32.6638       1764     7.3458  0.000e+00
     27.362     7.4609   3.356926    32.6632       1765     7.3500  0.000e+00
     27.388     7.4609   3.356920    32.6632       1766     7.3542  0.000e+00
     27.411     7.4608   3.356951    32.6635       1767     7.3583  0.000e+00
     27.423     7.4607   3.356964    32.6637       1768     7.3625  0.000e+00
     27.434     7.4609   3.356995    32.6639       1769     7.3667  0.000e+00
     27.437     7.4610   3.357014    32.6640       1770     7.3708  0.000e+00
     27.427     7.4611   3.357026    32.6640       1771     7.3750  0.000e+00
     27.403     7.4609   3.356926    32.6632       1772     7.3792  0.000e+00
     27.371     7.4609   3.356864    32.6625       1773     7.3833  0.000e+00
     27.325     7.4609   3.356845    32.6624       1774     7.3875  0.000e+00
     27.273     7.4605   3.356864    32.6629       1775     7.3917  0.000e+00
     27.208     7.4606   3.356970    32.6641       1776     7.3958  0.000e+00
     27.140     7.4609   3.356951    32.6636       1777     7.4000  0.000e+00
     27.066     7.4614   3.356496    32.6582       1778     7.4042  0.000e+00
     26.986     7.4611   3.356328    32.6567       1779     7.4083  0.000e+00
     26.896     7.4600   3.356253    32.6570       1780     7.4125  0.000e+00
     26.809     7.4591   3.356241    32.6577       1781     7.4167  0.000e+00
     26.718     7.4585   3.356253    32.6585       1782     7.4208  0.000e+00
     26.631     7.4581   3.356265    32.6590       1783     7.4250  0.000e+00
     26.544     7.4580   3.356172    32.6581       1784     7.4292  0.000e+00
     26.461     7.4578   3.355810    32.6545       1785     7.4333  0.000e+00
     26.376     7.4569   3.355580    32.6529       1786     7.4375  0.000e+00
     26.299     7.4554   3.355474    32.6532       1787     7.4417  0.000e+00
     26.223     7.4540   3.355405    32.6538       1788     7.4458  0.000e+00
     26.148     7.4532   3.355312    32.6536       1789     7.4500  0.000e+00
     26.084     7.4525   3.355256    32.6537       1790     7.4542  0.000e+00
     26.017     7.4520   3.355150    32.6530       1791     7.4583  0.000e+00
     25.949     7.4516   3.355000    32.6519       1792     7.4625  0.000e+00
     25.894     7.4509   3.354807    32.6504       1793     7.4667  0.000e+00
     25.838     7.4503   3.354583    32.6486       1794     7.4708  0.000e+00
     25.786     7.4496   3.354483    32.6482       1795     7.4750  0.000e+00
     25.737     7.4491   3.354439    32.6482       1796     7.4792  0.000e+00
     25.697     7.4486   3.354333    32.6475       1797     7.4833  0.000e+00
     25.667     7.4485   3.354252    32.6468       1798     7.4875  0.000e+00
     25.640     7.4486   3.354227    32.6464       1799     7.4917  0.000e+00
     25.622     7.4491   3.354271    32.6464       1800     7.4958  0.000e+00
     25.606     7.4503   3.354358    32.6463       1801     7.5000  0.000e+00
     25.593     7.4516   3.354526    32.6469       1802     7.5042  0.000e+00
     25.579     7.4530   3.354539    32.6457       1803     7.5083  0.000e+00
     25.555     7.4545   3.354589    32.6449       1804     7.5125  0.000e+00
     25.528     7.4555   3.354826    32.6465       1805     7.5167  0.000e+00
     25.497     7.4568   3.355000    32.6472       1806     7.5208  0.000e+00
     25.463     7.4584   3.355125    32.6470       1807     7.5250  0.000e+00
     25.421     7.4606   3.355312    32.6470       1808     7.5292  0.000e+00
     25.372     7.4627   3.355430    32.6463       1809     7.5333  0.000e+00
     25.323     7.4651   3.355579    32.6457       1810     7.5375  0.000e+00
     25.271     7.4676   3.355642    32.6440       1811     7.5417  0.000e+00
     25.215     7.4700   3.355741    32.6429       1812     7.5458  0.000e+00
     25.160     7.4722   3.355878    32.6423       1813     7.5500  0.000e+00
     25.100     7.4743   3.355941    32.6410       1814     7.5542  0.000e+00
     25.046     7.4763   3.356003    32.6398       1815     7.5583  0.000e+00
     24.991     7.4782   3.356047    32.6386       1816     7.5625  0.000e+00
     24.936     7.4798   3.356227    32.6390       1817     7.5667  0.000e+00
     24.879     7.4814   3.356433    32.6398       1818     7.5708  0.000e+00
     24.824     7.4832   3.356433    32.6381       1819     7.5750  0.000e+00
     24.763     7.4848   3.356327    32.6354       1820     7.5792  0.000e+00
     24.709     7.4860   3.356252    32.6335       1821     7.5833  0.000e+00
     24.646     7.4868   3.356177    32.6321       1822     7.5875  0.000e+00
     24.578     7.4873   3.356196    32.6318       1823     7.5917  0.000e+00
     24.498     7.4878   3.356308    32.6326       1824     7.5958  0.000e+00
     24.418     7.4889   3.356757    32.6364       1825     7.6000  0.000e+00
     24.327     7.4910   3.356900    32.6361       1826     7.6042  0.000e+00
     24.229     7.4936   3.357530    32.6404       1827     7.6083  0.000e+00
     24.123     7.4974   3.357617    32.6378       1828     7.6125  0.000e+00
     24.015     7.5017   3.357417    32.6317       1829     7.6167  0.000e+00
     23.903     7.5045   3.357380    32.6287       1830     7.6208  0.000e+00
     23.790     7.5065   3.357835    32.6318       1831     7.6250  0.000e+00
     23.678     7.5095   3.358259    32.6336       1832     7.6292  0.000e+00
     23.565     7.5137   3.358452    32.6318       1833     7.6333  0.000e+00
     23.460     7.5180   3.358857    32.6321       1834     7.6375  0.000e+00
     23.364     7.5224   3.359000    32.6296       1835     7.6417  0.000e+00
     23.277     7.5262   3.359069    32.6268       1836     7.6458  0.000e+00
     23.206     7.5293   3.359200    32.6254       1837     7.6500  0.000e+00
     23.148     7.5316   3.359437    32.6258       1838     7.6542  0.000e+00
     23.102     7.5341   3.359480    32.6239       1839     7.6583  0.000e+00
     23.075     7.5361   3.359568    32.6230       1840     7.6625  0.000e+00
     23.055     7.5378   3.359649    32.6222       1841     7.6667  0.000e+00
     23.045     7.5392   3.359736    32.6218       1842     7.6708  0.000e+00
     23.047     7.5405   3.359755    32.6208       1843     7.6750  0.000e+00
     23.051     7.5415   3.359792    32.6203       1844     7.6792  0.000e+00
     23.062     7.5421   3.359779    32.6196       1845     7.6833  0.000e+00
     23.069     7.5425   3.359792    32.6193       1846     7.6875  0.000e+00
     23.077     7.5429   3.359779    32.6188       1847     7.6917  0.000e+00
     23.073     7.5430   3.359779    32.6188       1848     7.6958  0.000e+00
     23.062     7.5432   3.359792    32.6187       1849     7.7000  0.000e+00
     23.038     7.5432   3.359842    32.6193       1850     7.7042  0.000e+00
     22.994     7.5433   3.359954    32.6204       1851     7.7083  0.000e+00
     22.937     7.5440   3.360035    32.6206       1852     7.7125  0.000e+00
     22.865     7.5448   3.360160    32.6213       1853     7.7167  0.000e+00
     22.774     7.5460   3.360316    32.6219       1854     7.7208  0.000e+00
     22.658     7.5476   3.360509    32.6225       1855     7.7250  0.000e+00
     22.519     7.5496   3.360658    32.6223       1856     7.7292  0.000e+00
