HB2503/sbe074.cnv
* Sea-Bird SBE 19plus V2 Data File:
* FileName = C:\cruise\data\sbe074.hex
* Software Version Seasave V 7.26.7.121
* Temperature SN = 6128
* Conductivity SN = 6128
* System UpLoad Time = Jun 04 2025 08:56:52
* NMEA Latitude = 42 41.21 N
* NMEA Longitude = 068 54.91 W
* NMEA UTC (Time) = Jun 04 2025  08:55:09
** Ship: Henry Bigelow
** Cruise:  HB2502
** Program:  Spring Bottom Trawl
# nquan = 7
# nvalues = 4000                                  
# units = specified
# name 0 = depSM: Depth [salt water, m]
# name 1 = tv290C: Temperature [ITS-90, deg C]
# name 2 = c0S/m: Conductivity [S/m]
# name 3 = sal00: Salinity, Practical [PSU]
# name 4 = scan: Scan Count
# name 5 = timeM: Time, Elapsed [minutes]
# name 6 = flag:  0.000e+00
# span 0 =     -0.086,    170.894                 
# span 1 =     5.4617,    11.7994                 
# span 2 =  -0.009834,   3.687139                 
# span 3 =     0.0000,    33.6483                 
# span 4 =         11,       4010                 
# span 5 =     0.0417,    16.7042                 
# span 6 = 0.0000e+00, 0.0000e+00                 
# interval = seconds: 0.25
# start_time = Jun 04 2025 08:55:09 [NMEA time, header]
# bad_flag = -9.990e-29
*END*
[from data line 3488]
     23.064     8.7639   3.443948    32.3798       3499    14.5750  0.000e+00
     22.984     8.7690   3.442059    32.3555       3500    14.5792  0.000e+00
     22.910     8.7684   3.440277    32.3375       3501    14.5833  0.000e+00
     22.836     8.7596   3.439881    32.3414       3502    14.5875  0.000e+00
     22.762     8.7491   3.440636    32.3589       3503    14.5917  0.000e+00
     22.690     8.7443   3.442374    32.3815       3504    14.5958  0.000e+00
     22.619     8.7480   3.443318    32.3880       3505    14.6000  0.000e+00
     22.553     8.7555   3.442374    32.3713       3506    14.6042  0.000e+00
     22.484     8.7597   3.441316    32.3564       3507    14.6083  0.000e+00
     22.415     8.7575   3.440045    32.3452       3508    14.6125  0.000e+00
     22.353     8.7504   3.441291    32.3648       3509    14.6167  0.000e+00
     22.289     8.7475   3.441807    32.3728       3510    14.6208  0.000e+00
     22.229     8.7490   3.441725    32.3706       3511    14.6250  0.000e+00
     22.174     8.7512   3.443589    32.3881       3512    14.6292  0.000e+00
     22.111     8.7580   3.443714    32.3832       3513    14.6333  0.000e+00
     22.049     8.7654   3.443632    32.3757       3514    14.6375  0.000e+00
     21.987     8.7702   3.443456    32.3695       3515    14.6417  0.000e+00
     21.924     8.7722   3.443714    32.3703       3516    14.6458  0.000e+00
     21.866     8.7739   3.444306    32.3750       3517    14.6500  0.000e+00
     21.802     8.7769   3.444892    32.3784       3518    14.6542  0.000e+00
     21.740     8.7818   3.445439    32.3796       3519    14.6583  0.000e+00
     21.671     8.7870   3.445729    32.3780       3520    14.6625  0.000e+00
     21.606     8.7920   3.445710    32.3732       3521    14.6667  0.000e+00
     21.529     8.7955   3.446277    32.3759       3522    14.6708  0.000e+00
     21.462     8.7998   3.447851    32.3885       3523    14.6750  0.000e+00
     21.395     8.8077   3.447498    32.3776       3524    14.6792  0.000e+00
     21.313     8.8138   3.447744    32.3746       3525    14.6833  0.000e+00
     21.238     8.8179   3.447095    32.3642       3526    14.6875  0.000e+00
     21.165     8.8182   3.446616    32.3589       3527    14.6917  0.000e+00
     21.089     8.8163   3.445351    32.3475       3528    14.6958  0.000e+00
     21.019     8.8104   3.445691    32.3565       3529    14.7000  0.000e+00
     20.947     8.8057   3.446616    32.3704       3530    14.7042  0.000e+00
     20.876     8.8059   3.446887    32.3731       3531    14.7083  0.000e+00
     20.812     8.8083   3.446881    32.3709       3532    14.7125  0.000e+00
     20.753     8.8106   3.447303    32.3732       3533    14.7167  0.000e+00
     20.695     8.8133   3.447366    32.3714       3534    14.7208  0.000e+00
     20.639     8.8160   3.447895    32.3745       3535    14.7250  0.000e+00
     20.589     8.8190   3.448147    32.3744       3536    14.7292  0.000e+00
     20.534     8.8227   3.448481    32.3745       3537    14.7333  0.000e+00
     20.485     8.8262   3.447832    32.3646       3538    14.7375  0.000e+00
     20.427     8.8277   3.449741    32.3832       3539    14.7417  0.000e+00
     20.378     8.8326   3.450037    32.3818       3540    14.7458  0.000e+00
     20.322     8.8399   3.452368    32.3994       3541    14.7500  0.000e+00
     20.268     8.8528   3.453301    32.3973       3542    14.7542  0.000e+00
     20.214     8.8658   3.451511    32.3669       3543    14.7583  0.000e+00
     20.154     8.8706   3.452790    32.3759       3544    14.7625  0.000e+00
     20.088     8.8742   3.453048    32.3753       3545    14.7667  0.000e+00
     20.021     8.8787   3.454246    32.3837       3546    14.7708  0.000e+00
     19.951     8.8854   3.454782    32.3831       3547    14.7750  0.000e+00
     19.875     8.8934   3.455254    32.3809       3548    14.7792  0.000e+00
     19.795     8.9007   3.455532    32.3771       3549    14.7833  0.000e+00
     19.729     8.9069   3.455424    32.3704       3550    14.7875  0.000e+00
     19.656     8.9097   3.455531    32.3690       3551    14.7917  0.000e+00
     19.577     8.9116   3.455632    32.3683       3552    14.7958  0.000e+00
     19.513     8.9133   3.455821    32.3688       3553    14.8000  0.000e+00
     19.448     8.9155   3.455613    32.3646       3554    14.8042  0.000e+00
     19.387     8.9165   3.455884    32.3665       3555    14.8083  0.000e+00
     19.333     8.9178   3.456414    32.3709       3556    14.8125  0.000e+00
     19.270     8.9204   3.456603    32.3706       3557    14.8167  0.000e+00
     19.226     8.9233   3.456981    32.3718       3558    14.8208  0.000e+00
     19.180     8.9262   3.456370    32.3629       3559    14.8250  0.000e+00
     19.133     8.9275   3.458772    32.3867       3560    14.8292  0.000e+00
     19.087     8.9338   3.458312    32.3761       3561    14.8333  0.000e+00
     19.038     8.9394   3.456054    32.3477       3562    14.8375  0.000e+00
     18.991     8.9361   3.455537    32.3453       3563    14.8417  0.000e+00
     18.932     8.9289   3.457088    32.3680       3564    14.8458  0.000e+00
     18.871     8.9278   3.457719    32.3755       3565    14.8500  0.000e+00
     18.813     8.9313   3.458640    32.3820       3566    14.8542  0.000e+00
     18.744     8.9385   3.458185    32.3707       3567    14.8583  0.000e+00
     18.679     8.9430   3.459346    32.3787       3568    14.8625  0.000e+00
     18.623     8.9480   3.460506    32.3862       3569    14.8667  0.000e+00
     18.554     8.9564   3.460885    32.3825       3570    14.8708  0.000e+00
     18.488     8.9644   3.461415    32.3807       3571    14.8750  0.000e+00
     18.425     8.9718   3.462796    32.3884       3572    14.8792  0.000e+00
     18.360     8.9810   3.462828    32.3804       3573    14.8833  0.000e+00
     18.303     8.9890   3.463459    32.3797       3574    14.8875  0.000e+00
     18.235     8.9960   3.463440    32.3731       3575    14.8917  0.000e+00
     18.178     9.0009   3.463995    32.3745       3576    14.8958  0.000e+00
     18.120     9.0054   3.463925    32.3696       3577    14.9000  0.000e+00
     18.067     9.0090   3.464323    32.3705       3578    14.9042  0.000e+00
     18.011     9.0120   3.464531    32.3700       3579    14.9083  0.000e+00
     17.972     9.0151   3.465295    32.3751       3580    14.9125  0.000e+00
     17.928     9.0197   3.465320    32.3712       3581    14.9167  0.000e+00
     17.881     9.0237   3.465288    32.3673       3582    14.9208  0.000e+00
     17.838     9.0263   3.465825    32.3705       3583    14.9250  0.000e+00
     17.802     9.0291   3.466058    32.3704       3584    14.9292  0.000e+00
     17.766     9.0321   3.465679    32.3637       3585    14.9333  0.000e+00
     17.737     9.0332   3.465288    32.3587       3586    14.9375  0.000e+00
     17.702     9.0323   3.465149    32.3581       3587    14.9417  0.000e+00
     17.674     9.0306   3.465130    32.3595       3588    14.9458  0.000e+00
     17.643     9.0289   3.464752    32.3570       3589    14.9500  0.000e+00
     17.612     9.0269   3.464941    32.3608       3590    14.9542  0.000e+00
     17.583     9.0256   3.465698    32.3699       3591    14.9583  0.000e+00
     17.550     9.0275   3.467466    32.3865       3592    14.9625  0.000e+00
     17.514     9.0361   3.469019    32.3949       3593    14.9667  0.000e+00
     17.473     9.0485   3.470035    32.3941       3594    14.9708  0.000e+00
     17.435     9.0609   3.468829    32.3703       3595    14.9750  0.000e+00
     17.387     9.0670   3.469581    32.3726       3596    14.9792  0.000e+00
     17.340     9.0710   3.469505    32.3682       3597    14.9833  0.000e+00
     17.289     9.0738   3.470180    32.3727       3598    14.9875  0.000e+00
     17.229     9.0767   3.471633    32.3851       3599    14.9917  0.000e+00
     17.173     9.0843   3.471835    32.3803       3600    14.9958  0.000e+00
     17.112     9.0918   3.471683    32.3719       3601    15.0000  0.000e+00
     17.048     9.0967   3.471772    32.3684       3602    15.0042  0.000e+00
     16.990     9.0988   3.470470    32.3531       3603    15.0083  0.000e+00
     16.927     9.0972   3.470439    32.3542       3604    15.0125  0.000e+00
     16.873     9.0939   3.470332    32.3562       3605    15.0167  0.000e+00
     16.825     9.0903   3.469757    32.3535       3606    15.0208  0.000e+00
     16.776     9.0876   3.470774    32.3665       3607    15.0250  0.000e+00
     16.741     9.0878   3.470521    32.3637       3608    15.0292  0.000e+00
     16.705     9.0886   3.470521    32.3630       3609    15.0333  0.000e+00
     16.674     9.0889   3.470938    32.3671       3610    15.0375  0.000e+00
     16.651     9.0899   3.471412    32.3710       3611    15.0417  0.000e+00
     16.631     9.0931   3.473104    32.3857       3612    15.0458  0.000e+00
     16.616     9.1010   3.473502    32.3826       3613    15.0500  0.000e+00
     16.604     9.1095   3.474210    32.3822       3614    15.0542  0.000e+00
     16.592     9.1174   3.474526    32.3784       3615    15.0583  0.000e+00
     16.588     9.1244   3.474671    32.3735       3616    15.0625  0.000e+00
     16.577     9.1292   3.474399    32.3663       3617    15.0667  0.000e+00
     16.572     9.1317   3.473913    32.3590       3618    15.0708  0.000e+00
     16.549     9.1310   3.473445    32.3548       3619    15.0750  0.000e+00
     16.532     9.1285   3.474108    32.3640       3620    15.0792  0.000e+00
     16.514     9.1283   3.475524    32.3788       3621    15.0833  0.000e+00
     16.485     9.1334   3.475353    32.3724       3622    15.0875  0.000e+00
     16.450     9.1380   3.474822    32.3628       3623    15.0917  0.000e+00
     16.411     9.1386   3.474020    32.3539       3624    15.0958  0.000e+00
     16.361     9.1365   3.474121    32.3569       3625    15.1000  0.000e+00
     16.311     9.1342   3.476731    32.3860       3626    15.1042  0.000e+00
     16.252     9.1403   3.476964    32.3829       3627    15.1083  0.000e+00
     16.200     9.1488   3.477325    32.3789       3628    15.1125  0.000e+00
     16.136     9.1555   3.477495    32.3746       3629    15.1167  0.000e+00
     16.076     9.1608   3.477179    32.3665       3630    15.1208  0.000e+00
     16.014     9.1631   3.477659    32.3695       3631    15.1250  0.000e+00
     15.951     9.1656   3.477071    32.3612       3632    15.1292  0.000e+00
     15.900     9.1660   3.477090    32.3610       3633    15.1333  0.000e+00
     15.845     9.1653   3.476515    32.3557       3634    15.1375  0.000e+00
     15.799     9.1632   3.476560    32.3581       3635    15.1417  0.000e+00
     15.761     9.1611   3.476648    32.3610       3636    15.1458  0.000e+00
     15.728     9.1601   3.476515    32.3605       3637    15.1500  0.000e+00
     15.703     9.1596   3.477154    32.3675       3638    15.1542  0.000e+00
     15.683     9.1606   3.477564    32.3709       3639    15.1583  0.000e+00
     15.672     9.1638   3.478196    32.3745       3640    15.1625  0.000e+00
     15.664     9.1683   3.478493    32.3735       3641    15.1667  0.000e+00
     15.663     9.1726   3.478683    32.3716       3642    15.1708  0.000e+00
     15.669     9.1764   3.478828    32.3696       3643    15.1750  0.000e+00
     15.666     9.1794   3.479043    32.3691       3644    15.1792  0.000e+00
     15.660     9.1822   3.479448    32.3708       3645    15.1833  0.000e+00
     15.651     9.1851   3.479758    32.3713       3646    15.1875  0.000e+00
     15.632     9.1886   3.480187    32.3726       3647    15.1917  0.000e+00
     15.606     9.1926   3.480933    32.3767       3648    15.1958  0.000e+00
     15.577     9.1978   3.480889    32.3715       3649    15.2000  0.000e+00
     15.540     9.2022   3.481705    32.3760       3650    15.2042  0.000e+00
     15.494     9.2071   3.482249    32.3771       3651    15.2083  0.000e+00
     15.446     9.2128   3.483014    32.3799       3652    15.2125  0.000e+00
     15.383     9.2192   3.483482    32.3790       3653    15.2167  0.000e+00
     15.318     9.2259   3.483266    32.3707       3654    15.2208  0.000e+00
     15.252     9.2299   3.483380    32.3683       3655    15.2250  0.000e+00
     15.178     9.2324   3.483481    32.3671       3656    15.2292  0.000e+00
     15.105     9.2341   3.483715    32.3680       3657    15.2333  0.000e+00
     15.042     9.2364   3.483715    32.3660       3658    15.2375  0.000e+00
     14.985     9.2379   3.483911    32.3666       3659    15.2417  0.000e+00
     14.928     9.2396   3.484417    32.3703       3660    15.2458  0.000e+00
     14.883     9.2421   3.484443    32.3683       3661    15.2500  0.000e+00
     14.844     9.2448   3.485689    32.3787       3662    15.2542  0.000e+00
     14.806     9.2503   3.486119    32.3782       3663    15.2583  0.000e+00
     14.780     9.2569   3.486081    32.3719       3664    15.2625  0.000e+00
     14.757     9.2612   3.485821    32.3653       3665    15.2667  0.000e+00
     14.738     9.2633   3.485689    32.3621       3666    15.2708  0.000e+00
     14.723     9.2634   3.485866    32.3638       3667    15.2750  0.000e+00
     14.706     9.2638   3.486144    32.3663       3668    15.2792  0.000e+00
     14.692     9.2652   3.486207    32.3657       3669    15.2833  0.000e+00
     14.678     9.2666   3.486270    32.3651       3670    15.2875  0.000e+00
     14.671     9.2677   3.486631    32.3678       3671    15.2917  0.000e+00
     14.651     9.2695   3.486909    32.3690       3672    15.2958  0.000e+00
     14.637     9.2720   3.487080    32.3685       3673    15.3000  0.000e+00
     14.612     9.2748   3.487548    32.3709       3674    15.3042  0.000e+00
     14.592     9.2778   3.487827    32.3710       3675    15.3083  0.000e+00
     14.571     9.2811   3.487099    32.3605       3676    15.3125  0.000e+00
     14.542     9.2814   3.486909    32.3583       3677    15.3167  0.000e+00
     14.510     9.2798   3.486852    32.3592       3678    15.3208  0.000e+00
     14.467     9.2786   3.487017    32.3620       3679    15.3250  0.000e+00
     14.428     9.2781   3.486783    32.3601       3680    15.3292  0.000e+00
     14.377     9.2772   3.486757    32.3607       3681    15.3333  0.000e+00
     14.318     9.2761   3.486985    32.3640       3682    15.3375  0.000e+00
     14.262     9.2765   3.487738    32.3714       3683    15.3417  0.000e+00
     14.202     9.2795   3.488953    32.3812       3684    15.3458  0.000e+00
     14.146     9.2855   3.488592    32.3721       3685    15.3500  0.000e+00
     14.091     9.2903   3.488643    32.3684       3686    15.3542  0.000e+00
     14.037     9.2931   3.488466    32.3640       3687    15.3583  0.000e+00
     13.986     9.2939   3.488529    32.3639       3688    15.3625  0.000e+00
     13.942     9.2944   3.488719    32.3654       3689    15.3667  0.000e+00
     13.897     9.2954   3.489269    32.3702       3690    15.3708  0.000e+00
     13.863     9.2980   3.489105    32.3661       3691    15.3750  0.000e+00
     13.827     9.2998   3.489314    32.3667       3692    15.3792  0.000e+00
     13.801     9.3016   3.489484    32.3668       3693    15.3833  0.000e+00
     13.779     9.3031   3.489877    32.3696       3694    15.3875  0.000e+00
     13.756     9.3057   3.490358    32.3722       3695    15.3917  0.000e+00
     13.735     9.3090   3.489611    32.3615       3696    15.3958  0.000e+00
     13.717     9.3099   3.490250    32.3672       3697    15.4000  0.000e+00
     13.697     9.3113   3.490889    32.3726       3698    15.4042  0.000e+00
     13.675     9.3151   3.492003    32.3807       3699    15.4083  0.000e+00
     13.651     9.3217   3.492940    32.3843       3700    15.4125  0.000e+00
     13.628     9.3302   3.493428    32.3817       3701    15.4167  0.000e+00
     13.601     9.3382   3.493871    32.3790       3702    15.4208  0.000e+00
