HB2503/sbe077.cnv
* Sea-Bird SBE 19plus V2 Data File:
* FileName = C:\cruise\data\sbe077.hex
* Software Version Seasave V 7.26.7.121
* Temperature SN = 6128
* Conductivity SN = 6128
* System UpLoad Time = Jun 04 2025 14:36:11
* NMEA Latitude = 42 29.68 N
* NMEA Longitude = 069 39.67 W
* NMEA UTC (Time) = Jun 04 2025  14:34:27
** Ship: Henry Bigelow
** Cruise:  HB2502
** Program:  Spring Bottom Trawl
# nquan = 7
# nvalues = 4256                                  
# units = specified
# name 0 = depSM: Depth [salt water, m]
# name 1 = tv290C: Temperature [ITS-90, deg C]
# name 2 = c0S/m: Conductivity [S/m]
# name 3 = sal00: Salinity, Practical [PSU]
# name 4 = scan: Scan Count
# name 5 = timeM: Time, Elapsed [minutes]
# name 6 = flag:  0.000e+00
# span 0 =      0.023,    200.237                 
# span 1 =     5.3299,    13.4504                 
# span 2 =   0.008900,   3.708548                 
# span 3 =     0.0557,    34.0873                 
# span 4 =         11,       4266                 
# span 5 =     0.0417,    17.7708                 
# span 6 = 0.0000e+00, 0.0000e+00                 
# interval = seconds: 0.25
# start_time = Jun 04 2025 14:34:27 [NMEA time, header]
# bad_flag = -9.990e-29
*END*
[from data line 1642]
    174.338     7.1415   3.449628    33.9061       1653     6.8833  0.000e+00
    174.273     7.1411   3.449458    33.9048       1654     6.8875  0.000e+00
    174.212     7.1407   3.449288    33.9033       1655     6.8917  0.000e+00
    174.152     7.1400   3.449407    33.9053       1656     6.8958  0.000e+00
    174.095     7.1398   3.449370    33.9051       1657     6.9000  0.000e+00
    174.043     7.1395   3.449244    33.9041       1658     6.9042  0.000e+00
    173.992     7.1392   3.449162    33.9035       1659     6.9083  0.000e+00
    173.939     7.1387   3.449143    33.9038       1660     6.9125  0.000e+00
    173.888     7.1384   3.449143    33.9042       1661     6.9167  0.000e+00
    173.838     7.1382   3.449073    33.9036       1662     6.9208  0.000e+00
    173.779     7.1379   3.449036    33.9035       1663     6.9250  0.000e+00
    173.727     7.1376   3.449048    33.9039       1664     6.9292  0.000e+00
    173.665     7.1375   3.448991    33.9035       1665     6.9333  0.000e+00
    173.596     7.1374   3.448973    33.9034       1666     6.9375  0.000e+00
    173.535     7.1372   3.448872    33.9025       1667     6.9417  0.000e+00
    173.464     7.1367   3.448909    33.9035       1668     6.9458  0.000e+00
    173.391     7.1366   3.448891    33.9034       1669     6.9500  0.000e+00
    173.317     7.1364   3.448853    33.9032       1670     6.9542  0.000e+00
    173.246     7.1364   3.448783    33.9025       1671     6.9583  0.000e+00
    173.169     7.1362   3.448676    33.9015       1672     6.9625  0.000e+00
    173.098     7.1358   3.448632    33.9015       1673     6.9667  0.000e+00
    173.019     7.1352   3.448594    33.9017       1674     6.9708  0.000e+00
    172.950     7.1350   3.448575    33.9017       1675     6.9750  0.000e+00
    172.881     7.1347   3.448456    33.9007       1676     6.9792  0.000e+00
    172.812     7.1343   3.448468    33.9013       1677     6.9833  0.000e+00
    172.747     7.1341   3.448386    33.9007       1678     6.9875  0.000e+00
    172.682     7.1338   3.448254    33.8996       1679     6.9917  0.000e+00
    172.619     7.1334   3.448153    33.8989       1680     6.9958  0.000e+00
    172.563     7.1329   3.448216    33.9001       1681     7.0000  0.000e+00
    172.503     7.1326   3.448185    33.9000       1682     7.0042  0.000e+00
    172.435     7.1324   3.447838    33.8964       1683     7.0083  0.000e+00
    172.365     7.1318   3.447712    33.8957       1684     7.0125  0.000e+00
    172.298     7.1311   3.447391    33.8930       1685     7.0167  0.000e+00
    172.227     7.1299   3.447057    33.8905       1686     7.0208  0.000e+00
    172.155     7.1285   3.447019    33.8915       1687     7.0250  0.000e+00
    172.080     7.1274   3.447303    33.8957       1688     7.0292  0.000e+00
    172.013     7.1269   3.447353    33.8968       1689     7.0333  0.000e+00
    171.943     7.1269   3.447309    33.8964       1690     7.0375  0.000e+00
    171.867     7.1271   3.447278    33.8959       1691     7.0417  0.000e+00
    171.789     7.1272   3.447227    33.8952       1692     7.0458  0.000e+00
    171.714     7.1269   3.447208    33.8954       1693     7.0500  0.000e+00
    171.637     7.1269   3.447082    33.8941       1694     7.0542  0.000e+00
    171.560     7.1265   3.446893    33.8924       1695     7.0583  0.000e+00
    171.482     7.1258   3.446830    33.8924       1696     7.0625  0.000e+00
    171.406     7.1252   3.446792    33.8926       1697     7.0667  0.000e+00
    171.331     7.1249   3.446767    33.8927       1698     7.0708  0.000e+00
    171.255     7.1245   3.446773    33.8932       1699     7.0750  0.000e+00
    171.182     7.1244   3.446830    33.8939       1700     7.0792  0.000e+00
    171.103     7.1241   3.446767    33.8936       1701     7.0833  0.000e+00
    171.025     7.1242   3.446729    33.8931       1702     7.0875  0.000e+00
    170.945     7.1240   3.446597    33.8919       1703     7.0917  0.000e+00
    170.869     7.1237   3.446345    33.8895       1704     7.0958  0.000e+00
    170.784     7.1231   3.446238    33.8889       1705     7.1000  0.000e+00
    170.700     7.1225   3.446137    33.8885       1706     7.1042  0.000e+00
    170.617     7.1218   3.445841    33.8859       1707     7.1083  0.000e+00
    170.536     7.1211   3.445381    33.8816       1708     7.1125  0.000e+00
    170.449     7.1195   3.444708    33.8759       1709     7.1167  0.000e+00
    170.369     7.1173   3.444456    33.8753       1710     7.1208  0.000e+00
    170.293     7.1150   3.444254    33.8755       1711     7.1250  0.000e+00
    170.213     7.1128   3.443782    33.8725       1712     7.1292  0.000e+00
    170.141     7.1108   3.443241    33.8686       1713     7.1333  0.000e+00
    170.063     7.1084   3.442397    33.8618       1714     7.1375  0.000e+00
    169.989     7.1050   3.442252    33.8635       1715     7.1417  0.000e+00
    169.917     7.1020   3.442271    33.8667       1716     7.1458  0.000e+00
    169.846     7.0998   3.442422    33.8706       1717     7.1500  0.000e+00
    169.779     7.0990   3.442460    33.8718       1718     7.1542  0.000e+00
    169.704     7.0988   3.442284    33.8701       1719     7.1583  0.000e+00
    169.637     7.0985   3.442271    33.8703       1720     7.1625  0.000e+00
    169.569     7.0980   3.442296    33.8710       1721     7.1667  0.000e+00
    169.498     7.0978   3.442239    33.8707       1722     7.1708  0.000e+00
    169.422     7.0975   3.442063    33.8691       1723     7.1750  0.000e+00
    169.348     7.0971   3.441667    33.8652       1724     7.1792  0.000e+00
    169.270     7.0960   3.441163    33.8608       1725     7.1833  0.000e+00
    169.191     7.0940   3.440785    33.8586       1726     7.1875  0.000e+00
    169.105     7.0916   3.440452    33.8574       1727     7.1917  0.000e+00
    169.016     7.0891   3.440143    33.8566       1728     7.1958  0.000e+00
    168.926     7.0869   3.440049    33.8578       1729     7.2000  0.000e+00
    168.833     7.0850   3.440049    33.8597       1730     7.2042  0.000e+00
    168.749     7.0837   3.439747    33.8577       1731     7.2083  0.000e+00
    168.661     7.0823   3.439590    33.8573       1732     7.2125  0.000e+00
    168.574     7.0809   3.439571    33.8585       1733     7.2167  0.000e+00
    168.499     7.0801   3.439571    33.8594       1734     7.2208  0.000e+00
    168.417     7.0793   3.439482    33.8592       1735     7.2250  0.000e+00
    168.345     7.0789   3.439464    33.8595       1736     7.2292  0.000e+00
    168.274     7.0784   3.439401    33.8593       1737     7.2333  0.000e+00
    168.215     7.0780   3.439168    33.8572       1738     7.2375  0.000e+00
    168.151     7.0773   3.438513    33.8507       1739     7.2417  0.000e+00
    168.095     7.0760   3.438331    33.8500       1740     7.2458  0.000e+00
    168.033     7.0744   3.438205    33.8503       1741     7.2500  0.000e+00
    167.980     7.0729   3.437651    33.8456       1742     7.2542  0.000e+00
    167.928     7.0709   3.436928    33.8397       1743     7.2583  0.000e+00
    167.877     7.0682   3.436286    33.8354       1744     7.2625  0.000e+00
    167.820     7.0649   3.435946    33.8350       1745     7.2667  0.000e+00
    167.761     7.0617   3.435990    33.8387       1746     7.2708  0.000e+00
    167.703     7.0593   3.435387    33.8344       1747     7.2750  0.000e+00
    167.636     7.0570   3.434921    33.8315       1748     7.2792  0.000e+00
    167.561     7.0539   3.434776    33.8331       1749     7.2833  0.000e+00
    167.485     7.0513   3.434701    33.8348       1750     7.2875  0.000e+00
    167.405     7.0494   3.434210    33.8314       1751     7.2917  0.000e+00
    167.309     7.0471   3.433909    33.8304       1752     7.2958  0.000e+00
    167.222     7.0444   3.433437    33.8278       1753     7.3000  0.000e+00
    167.128     7.0418   3.432600    33.8213       1754     7.3042  0.000e+00
    167.034     7.0381   3.432236    33.8210       1755     7.3083  0.000e+00
    166.936     7.0339   3.429966    33.8003       1756     7.3125  0.000e+00
    166.845     7.0277   3.428231    33.7875       1757     7.3167  0.000e+00
    166.753     7.0195   3.427993    33.7929       1758     7.3208  0.000e+00
    166.667     7.0122   3.427339    33.7930       1759     7.3250  0.000e+00
    166.579     7.0062   3.426503    33.7897       1760     7.3292  0.000e+00
    166.488     7.0003   3.426334    33.7937       1761     7.3333  0.000e+00
    166.405     6.9956   3.426522    33.8005       1762     7.3375  0.000e+00
    166.326     6.9927   3.426107    33.7988       1763     7.3417  0.000e+00
    166.249     6.9906   3.425441    33.7936       1764     7.3458  0.000e+00
    166.179     6.9873   3.424920    33.7912       1765     7.3500  0.000e+00
    166.105     6.9834   3.424813    33.7938       1766     7.3542  0.000e+00
    166.035     6.9803   3.424688    33.7956       1767     7.3583  0.000e+00
    165.968     6.9779   3.424681    33.7978       1768     7.3625  0.000e+00
    165.899     6.9764   3.424669    33.7992       1769     7.3667  0.000e+00
    165.832     6.9756   3.424549    33.7987       1770     7.3708  0.000e+00
    165.773     6.9749   3.424524    33.7991       1771     7.3750  0.000e+00
    165.701     6.9742   3.424461    33.7991       1772     7.3792  0.000e+00
    165.634     6.9737   3.424461    33.7997       1773     7.3833  0.000e+00
    165.570     6.9735   3.424398    33.7992       1774     7.3875  0.000e+00
    165.503     6.9732   3.424285    33.7984       1775     7.3917  0.000e+00
    165.437     6.9726   3.424191    33.7979       1776     7.3958  0.000e+00
    165.374     6.9721   3.424021    33.7966       1777     7.4000  0.000e+00
    165.312     6.9713   3.423978    33.7969       1778     7.4042  0.000e+00
    165.243     6.9705   3.423915    33.7970       1779     7.4083  0.000e+00
    165.178     6.9699   3.423802    33.7965       1780     7.4125  0.000e+00
    165.109     6.9692   3.423689    33.7959       1781     7.4167  0.000e+00
    165.037     6.9684   3.423688    33.7967       1782     7.4208  0.000e+00
    164.966     6.9679   3.423688    33.7973       1783     7.4250  0.000e+00
    164.890     6.9676   3.423751    33.7983       1784     7.4292  0.000e+00
    164.814     6.9675   3.423845    33.7994       1785     7.4333  0.000e+00
    164.741     6.9682   3.423915    33.7996       1786     7.4375  0.000e+00
    164.659     6.9688   3.423940    33.7993       1787     7.4417  0.000e+00
    164.579     6.9695   3.423952    33.7987       1788     7.4458  0.000e+00
    164.495     6.9701   3.423977    33.7985       1789     7.4500  0.000e+00
    164.406     6.9705   3.423977    33.7981       1790     7.4542  0.000e+00
    164.324     6.9709   3.424002    33.7981       1791     7.4583  0.000e+00
    164.239     6.9711   3.423977    33.7976       1792     7.4625  0.000e+00
    164.145     6.9714   3.423996    33.7975       1793     7.4667  0.000e+00
    164.056     6.9718   3.423977    33.7970       1794     7.4708  0.000e+00
    163.961     6.9722   3.424021    33.7972       1795     7.4750  0.000e+00
    163.876     6.9725   3.424002    33.7967       1796     7.4792  0.000e+00
    163.781     6.9727   3.423833    33.7947       1797     7.4833  0.000e+00
    163.692     6.9726   3.423600    33.7922       1798     7.4875  0.000e+00
    163.609     6.9718   3.423518    33.7922       1799     7.4917  0.000e+00
    163.520     6.9712   3.423493    33.7926       1800     7.4958  0.000e+00
    163.440     6.9705   3.423456    33.7929       1801     7.5000  0.000e+00
    163.359     6.9701   3.423393    33.7926       1802     7.5042  0.000e+00
    163.282     6.9697   3.423210    33.7910       1803     7.5083  0.000e+00
    163.212     6.9690   3.423022    33.7897       1804     7.5125  0.000e+00
    163.143     6.9680   3.422815    33.7885       1805     7.5167  0.000e+00
    163.081     6.9667   3.422664    33.7881       1806     7.5208  0.000e+00
    163.027     6.9654   3.422438    33.7870       1807     7.5250  0.000e+00
    162.973     6.9641   3.422331    33.7870       1808     7.5292  0.000e+00
    162.924     6.9629   3.422187    33.7867       1809     7.5333  0.000e+00
    162.871     6.9616   3.421697    33.7826       1810     7.5375  0.000e+00
    162.832     6.9597   3.421333    33.7805       1811     7.5417  0.000e+00
    162.779     6.9574   3.420949    33.7786       1812     7.5458  0.000e+00
    162.739     6.9549   3.420893    33.7805       1813     7.5500  0.000e+00
    162.699     6.9528   3.420711    33.7806       1814     7.5542  0.000e+00
    162.639     6.9509   3.420290    33.7778       1815     7.5583  0.000e+00
    162.589     6.9488   3.420001    33.7767       1816     7.5625  0.000e+00
    162.531     6.9465   3.419876    33.7776       1817     7.5667  0.000e+00
    162.458     6.9445   3.419480    33.7753       1818     7.5708  0.000e+00
    162.382     6.9425   3.419129    33.7734       1819     7.5750  0.000e+00
    162.300     6.9399   3.418783    33.7722       1820     7.5792  0.000e+00
    162.213     6.9373   3.418337    33.7700       1821     7.5833  0.000e+00
    162.119     6.9343   3.417885    33.7679       1822     7.5875  0.000e+00
    162.021     6.9311   3.417233    33.7639       1823     7.5917  0.000e+00
    161.925     6.9273   3.416900    33.7641       1824     7.5958  0.000e+00
    161.829     6.9236   3.416724    33.7658       1825     7.6000  0.000e+00
    161.747     6.9205   3.416341    33.7647       1826     7.6042  0.000e+00
    161.664     6.9176   3.415456    33.7579       1827     7.6083  0.000e+00
    161.597     6.9136   3.414634    33.7528       1828     7.6125  0.000e+00
    161.537     6.9086   3.414446    33.7556       1829     7.6167  0.000e+00
    161.478     6.9044   3.414346    33.7587       1830     7.6208  0.000e+00
    161.438     6.9013   3.414302    33.7613       1831     7.6250  0.000e+00
    161.403     6.8991   3.414271    33.7631       1832     7.6292  0.000e+00
    161.378     6.8978   3.414283    33.7646       1833     7.6333  0.000e+00
    161.360     6.8970   3.414340    33.7660       1834     7.6375  0.000e+00
    161.343     6.8965   3.414365    33.7668       1835     7.6417  0.000e+00
    161.330     6.8964   3.414427    33.7676       1836     7.6458  0.000e+00
    161.319     6.8965   3.414409    33.7672       1837     7.6500  0.000e+00
    161.301     6.8966   3.414509    33.7682       1838     7.6542  0.000e+00
    161.277     6.8970   3.414471    33.7675       1839     7.6583  0.000e+00
    161.246     6.8974   3.414471    33.7671       1840     7.6625  0.000e+00
    161.208     6.8974   3.414490    33.7673       1841     7.6667  0.000e+00
    161.156     6.8975   3.414867    33.7714       1842     7.6708  0.000e+00
    161.090     6.8983   3.415061    33.7727       1843     7.6750  0.000e+00
    161.009     6.8997   3.414553    33.7659       1844     7.6792  0.000e+00
    160.922     6.8996   3.413906    33.7589       1845     7.6833  0.000e+00
    160.829     6.8978   3.413222    33.7532       1846     7.6875  0.000e+00
    160.732     6.8944   3.412746    33.7513       1847     7.6917  0.000e+00
    160.630     6.8911   3.411867    33.7450       1848     7.6958  0.000e+00
    160.539     6.8865   3.410086    33.7300       1849     7.7000  0.000e+00
    160.443     6.8787   3.408506    33.7203       1850     7.7042  0.000e+00
    160.351     6.8691   3.408744    33.7324       1851     7.7083  0.000e+00
    160.273     6.8613   3.407872    33.7305       1852     7.7125  0.000e+00
    160.197     6.8550   3.407873    33.7367       1853     7.7167  0.000e+00
    160.130     6.8503   3.407785    33.7404       1854     7.7208  0.000e+00
    160.070     6.8474   3.407634    33.7416       1855     7.7250  0.000e+00
    160.019     6.8451   3.407434    33.7417       1856     7.7292  0.000e+00
