HB2503/sbe050.cnv
* Sea-Bird SBE 19plus V2 Data File:
* FileName = C:\cruise\data\sbe050.hex
* Software Version Seasave V 7.26.7.121
* Temperature SN = 6128
* Conductivity SN = 6128
* System UpLoad Time = Jun 01 2025 15:40:40
* NMEA Latitude = 40 47.40 N
* NMEA Longitude = 070 46.70 W
* NMEA UTC (Time) = Jun 01 2025  15:38:54
** Ship: Henry Bigelow
** Cruise:  HB2502
** Program:  Spring Bottom Trawl
# nquan = 7
# nvalues = 1382                                  
# units = specified
# name 0 = depSM: Depth [salt water, m]
# name 1 = tv290C: Temperature [ITS-90, deg C]
# name 2 = c0S/m: Conductivity [S/m]
# name 3 = sal00: Salinity, Practical [PSU]
# name 4 = scan: Scan Count
# name 5 = timeM: Time, Elapsed [minutes]
# name 6 = flag:  0.000e+00
# span 0 =     -0.152,     56.708                 
# span 1 =     7.3238,    11.2133                 
# span 2 =   0.007466,   3.675299                 
# span 3 =     0.0493,    33.1503                 
# span 4 =         11,       1392                 
# span 5 =     0.0417,     5.7958                 
# span 6 = 0.0000e+00, 0.0000e+00                 
# interval = seconds: 0.25
# start_time = Jun 01 2025 15:38:54 [NMEA time, header]
# bad_flag = -9.990e-29
*END*
[from data line 616]
     46.475     7.3282   3.342435    32.6225        627     2.6083  0.000e+00
     46.376     7.3283   3.342404    32.6221        628     2.6125  0.000e+00
     46.261     7.3283   3.342479    32.6230        629     2.6167  0.000e+00
     46.136     7.3287   3.342423    32.6221        630     2.6208  0.000e+00
     46.015     7.3287   3.342497    32.6230        631     2.6250  0.000e+00
     45.902     7.3290   3.342479    32.6225        632     2.6292  0.000e+00
     45.788     7.3292   3.342342    32.6208        633     2.6333  0.000e+00
     45.685     7.3289   3.342348    32.6213        634     2.6375  0.000e+00
     45.591     7.3286   3.342304    32.6211        635     2.6417  0.000e+00
     45.506     7.3282   3.342304    32.6215        636     2.6458  0.000e+00
     45.439     7.3277   3.342285    32.6218        637     2.6500  0.000e+00
     45.373     7.3275   3.342304    32.6223        638     2.6542  0.000e+00
     45.328     7.3275   3.342329    32.6225        639     2.6583  0.000e+00
     45.286     7.3275   3.342360    32.6230        640     2.6625  0.000e+00
     45.247     7.3277   3.342373    32.6228        641     2.6667  0.000e+00
     45.203     7.3281   3.342348    32.6222        642     2.6708  0.000e+00
     45.156     7.3280   3.342323    32.6221        643     2.6750  0.000e+00
     45.103     7.3280   3.342267    32.6215        644     2.6792  0.000e+00
     45.041     7.3277   3.342260    32.6217        645     2.6833  0.000e+00
     44.973     7.3275   3.342497    32.6246        646     2.6875  0.000e+00
     44.894     7.3281   3.342540    32.6245        647     2.6917  0.000e+00
     44.803     7.3291   3.342522    32.6234        648     2.6958  0.000e+00
     44.693     7.3299   3.342478    32.6222        649     2.7000  0.000e+00
     44.574     7.3303   3.342304    32.6200        650     2.7042  0.000e+00
     44.441     7.3297   3.342223    32.6197        651     2.7083  0.000e+00
     44.306     7.3289   3.342223    32.6206        652     2.7125  0.000e+00
     44.160     7.3282   3.342403    32.6233        653     2.7167  0.000e+00
     44.015     7.3281   3.342434    32.6237        654     2.7208  0.000e+00
     43.873     7.3289   3.342403    32.6227        655     2.7250  0.000e+00
     43.738     7.3293   3.342285    32.6211        656     2.7292  0.000e+00
     43.617     7.3293   3.342540    32.6240        657     2.7333  0.000e+00
     43.508     7.3296   3.342503    32.6233        658     2.7375  0.000e+00
     43.416     7.3304   3.342627    32.6240        659     2.7417  0.000e+00
     43.348     7.3312   3.342602    32.6229        660     2.7458  0.000e+00
     43.304     7.3318   3.342565    32.6221        661     2.7500  0.000e+00
     43.268     7.3322   3.342496    32.6210        662     2.7542  0.000e+00
     43.252     7.3319   3.342503    32.6212        663     2.7583  0.000e+00
     43.237     7.3317   3.342496    32.6214        664     2.7625  0.000e+00
     43.221     7.3315   3.342521    32.6218        665     2.7667  0.000e+00
     43.209     7.3316   3.342602    32.6226        666     2.7708  0.000e+00
     43.187     7.3320   3.342602    32.6223        667     2.7750  0.000e+00
     43.157     7.3323   3.342602    32.6220        668     2.7792  0.000e+00
     43.124     7.3324   3.342583    32.6217        669     2.7833  0.000e+00
     43.066     7.3325   3.342565    32.6215        670     2.7875  0.000e+00
     42.999     7.3323   3.342540    32.6214        671     2.7917  0.000e+00
     42.906     7.3323   3.342565    32.6218        672     2.7958  0.000e+00
     42.801     7.3323   3.342465    32.6207        673     2.8000  0.000e+00
     42.680     7.3319   3.342434    32.6208        674     2.8042  0.000e+00
     42.540     7.3314   3.342359    32.6205        675     2.8083  0.000e+00
     42.393     7.3311   3.342521    32.6227        676     2.8125  0.000e+00
     42.230     7.3311   3.342347    32.6208        677     2.8167  0.000e+00
     42.074     7.3320   3.342602    32.6228        678     2.8208  0.000e+00
     41.912     7.3324   3.342602    32.6225        679     2.8250  0.000e+00
     41.768     7.3331   3.342583    32.6217        680     2.8292  0.000e+00
     41.628     7.3331   3.342645    32.6224        681     2.8333  0.000e+00
     41.507     7.3335   3.342689    32.6226        682     2.8375  0.000e+00
     41.413     7.3340   3.342664    32.6219        683     2.8417  0.000e+00
     41.356     7.3342   3.342645    32.6215        684     2.8458  0.000e+00
     41.318     7.3343   3.342664    32.6217        685     2.8500  0.000e+00
     41.291     7.3345   3.342713    32.6220        686     2.8542  0.000e+00
     41.293     7.3347   3.342689    32.6216        687     2.8583  0.000e+00
     41.311     7.3349   3.342707    32.6216        688     2.8625  0.000e+00
     41.353     7.3349   3.342732    32.6219        689     2.8667  0.000e+00
     41.404     7.3351   3.342726    32.6216        690     2.8708  0.000e+00
     41.457     7.3350   3.342713    32.6215        691     2.8750  0.000e+00
     41.506     7.3351   3.342732    32.6215        692     2.8792  0.000e+00
     41.536     7.3350   3.342788    32.6222        693     2.8833  0.000e+00
     41.553     7.3356   3.342776    32.6215        694     2.8875  0.000e+00
     41.530     7.3357   3.342763    32.6214        695     2.8917  0.000e+00
     41.481     7.3358   3.342794    32.6216        696     2.8958  0.000e+00
     41.382     7.3358   3.342689    32.6205        697     2.9000  0.000e+00
     41.260     7.3357   3.342788    32.6218        698     2.9042  0.000e+00
     41.092     7.3361   3.342863    32.6223        699     2.9083  0.000e+00
     40.913     7.3366   3.343031    32.6237        700     2.9125  0.000e+00
     40.718     7.3376   3.343031    32.6228        701     2.9167  0.000e+00
     40.530     7.3387   3.343093    32.6226        702     2.9208  0.000e+00
     40.341     7.3395   3.343093    32.6219        703     2.9250  0.000e+00
     40.170     7.3401   3.343093    32.6214        704     2.9292  0.000e+00
     40.020     7.3406   3.343093    32.6210        705     2.9333  0.000e+00
     39.896     7.3409   3.343012    32.6199        706     2.9375  0.000e+00
     39.803     7.3409   3.342968    32.6195        707     2.9417  0.000e+00
     39.741     7.3407   3.343012    32.6202        708     2.9458  0.000e+00
     39.702     7.3407   3.343012    32.6202        709     2.9500  0.000e+00
     39.684     7.3405   3.342968    32.6199        710     2.9542  0.000e+00
     39.685     7.3404   3.342943    32.6197        711     2.9583  0.000e+00
     39.695     7.3403   3.342900    32.6194        712     2.9625  0.000e+00
     39.703     7.3396   3.342887    32.6199        713     2.9667  0.000e+00
     39.708     7.3393   3.342862    32.6199        714     2.9708  0.000e+00
     39.706     7.3388   3.342825    32.6199        715     2.9750  0.000e+00
     39.699     7.3385   3.342794    32.6199        716     2.9792  0.000e+00
     39.689     7.3381   3.342794    32.6202        717     2.9833  0.000e+00
     39.661     7.3377   3.342744    32.6201        718     2.9875  0.000e+00
     39.612     7.3373   3.342713    32.6202        719     2.9917  0.000e+00
     39.544     7.3370   3.342707    32.6204        720     2.9958  0.000e+00
     39.468     7.3368   3.342713    32.6207        721     3.0000  0.000e+00
     39.379     7.3368   3.342775    32.6215        722     3.0042  0.000e+00
     39.273     7.3369   3.342744    32.6210        723     3.0083  0.000e+00
     39.155     7.3370   3.342731    32.6208        724     3.0125  0.000e+00
     39.041     7.3371   3.342806    32.6217        725     3.0167  0.000e+00
     38.927     7.3374   3.342794    32.6213        726     3.0208  0.000e+00
     38.823     7.3375   3.342750    32.6208        727     3.0250  0.000e+00
     38.728     7.3376   3.342787    32.6211        728     3.0292  0.000e+00
     38.657     7.3374   3.342775    32.6212        729     3.0333  0.000e+00
     38.607     7.3376   3.342725    32.6206        730     3.0375  0.000e+00
     38.574     7.3376   3.342713    32.6204        731     3.0417  0.000e+00
     38.547     7.3376   3.342688    32.6202        732     3.0458  0.000e+00
     38.529     7.3372   3.342663    32.6202        733     3.0500  0.000e+00
     38.518     7.3370   3.342644    32.6203        734     3.0542  0.000e+00
     38.501     7.3366   3.342644    32.6206        735     3.0583  0.000e+00
     38.478     7.3365   3.342688    32.6212        736     3.0625  0.000e+00
     38.439     7.3364   3.342712    32.6216        737     3.0667  0.000e+00
     38.383     7.3368   3.342744    32.6216        738     3.0708  0.000e+00
     38.311     7.3370   3.342750    32.6215        739     3.0750  0.000e+00
     38.220     7.3373   3.342787    32.6216        740     3.0792  0.000e+00
     38.101     7.3377   3.342775    32.6212        741     3.0833  0.000e+00
     37.956     7.3380   3.342712    32.6203        742     3.0875  0.000e+00
     37.808     7.3378   3.342600    32.6194        743     3.0917  0.000e+00
     37.645     7.3373   3.342600    32.6199        744     3.0958  0.000e+00
     37.494     7.3367   3.342681    32.6214        745     3.1000  0.000e+00
     37.354     7.3369   3.342731    32.6219        746     3.1042  0.000e+00
     37.228     7.3372   3.342793    32.6223        747     3.1083  0.000e+00
     37.123     7.3378   3.342868    32.6226        748     3.1125  0.000e+00
     37.041     7.3385   3.342899    32.6223        749     3.1167  0.000e+00
     36.989     7.3393   3.342868    32.6212        750     3.1208  0.000e+00
     36.946     7.3397   3.342836    32.6205        751     3.1250  0.000e+00
     36.921     7.3396   3.342899    32.6213        752     3.1292  0.000e+00
     36.914     7.3399   3.342924    32.6213        753     3.1333  0.000e+00
     36.910     7.3402   3.342942    32.6212        754     3.1375  0.000e+00
     36.903     7.3406   3.342948    32.6209        755     3.1417  0.000e+00
     36.900     7.3410   3.342899    32.6200        756     3.1458  0.000e+00
     36.889     7.3409   3.342880    32.6199        757     3.1500  0.000e+00
     36.872     7.3408   3.342824    32.6194        758     3.1542  0.000e+00
     36.854     7.3404   3.342861    32.6202        759     3.1583  0.000e+00
     36.823     7.3403   3.342886    32.6206        760     3.1625  0.000e+00
     36.788     7.3401   3.342880    32.6207        761     3.1667  0.000e+00
     36.745     7.3404   3.342923    32.6209        762     3.1708  0.000e+00
     36.691     7.3406   3.342923    32.6207        763     3.1750  0.000e+00
     36.613     7.3408   3.342967    32.6211        764     3.1792  0.000e+00
     36.536     7.3410   3.343011    32.6214        765     3.1833  0.000e+00
     36.429     7.3414   3.343477    32.6262        766     3.1875  0.000e+00
     36.315     7.3433   3.343334    32.6229        767     3.1917  0.000e+00
     36.181     7.3454   3.343222    32.6197        768     3.1958  0.000e+00
     36.044     7.3457   3.343160    32.6188        769     3.2000  0.000e+00
     35.899     7.3454   3.343048    32.6179        770     3.2042  0.000e+00
     35.754     7.3448   3.342942    32.6174        771     3.2083  0.000e+00
     35.615     7.3437   3.343191    32.6213        772     3.2125  0.000e+00
     35.488     7.3438   3.343496    32.6245        773     3.2167  0.000e+00
     35.360     7.3457   3.343906    32.6272        774     3.2208  0.000e+00
     35.242     7.3489   3.344062    32.6259        775     3.2250  0.000e+00
     35.134     7.3519   3.344180    32.6244        776     3.2292  0.000e+00
     35.038     7.3549   3.344304    32.6230        777     3.2333  0.000e+00
     34.971     7.3571   3.344435    32.6224        778     3.2375  0.000e+00
     34.918     7.3592   3.344715    32.6234        779     3.2417  0.000e+00
     34.879     7.3619   3.344790    32.6218        780     3.2458  0.000e+00
     34.846     7.3643   3.344734    32.6189        781     3.2500  0.000e+00
     34.816     7.3654   3.344790    32.6184        782     3.2542  0.000e+00
     34.806     7.3662   3.344802    32.6178        783     3.2583  0.000e+00
     34.790     7.3669   3.344802    32.6172        784     3.2625  0.000e+00
     34.768     7.3673   3.344752    32.6163        785     3.2667  0.000e+00
     34.739     7.3675   3.344690    32.6155        786     3.2708  0.000e+00
     34.714     7.3672   3.344628    32.6151        787     3.2750  0.000e+00
     34.670     7.3667   3.344609    32.6154        788     3.2792  0.000e+00
     34.623     7.3663   3.344566    32.6153        789     3.2833  0.000e+00
     34.565     7.3658   3.344671    32.6169        790     3.2875  0.000e+00
     34.492     7.3656   3.344653    32.6170        791     3.2917  0.000e+00
     34.420     7.3657   3.345076    32.6214        792     3.2958  0.000e+00
     34.339     7.3677   3.345288    32.6219        793     3.3000  0.000e+00
     34.244     7.3703   3.345418    32.6209        794     3.3042  0.000e+00
     34.149     7.3727   3.345904    32.6239        795     3.3083  0.000e+00
     34.043     7.3761   3.346190    32.6239        796     3.3125  0.000e+00
     33.943     7.3803   3.346539    32.6237        797     3.3167  0.000e+00
     33.840     7.3845   3.346700    32.6216        798     3.3208  0.000e+00
     33.740     7.3884   3.346937    32.6205        799     3.3250  0.000e+00
     33.639     7.3918   3.347410    32.6225        800     3.3292  0.000e+00
     33.546     7.3962   3.347746    32.6221        801     3.3333  0.000e+00
     33.447     7.4010   3.348848    32.6295        802     3.3375  0.000e+00
     33.345     7.4083   3.349458    32.6292        803     3.3417  0.000e+00
     33.240     7.4173   3.350760    32.6348        804     3.3458  0.000e+00
     33.135     7.4286   3.351470    32.6320        805     3.3500  0.000e+00
     33.021     7.4400   3.351700    32.6237        806     3.3542  0.000e+00
     32.916     7.4493   3.352043    32.6188        807     3.3583  0.000e+00
     32.808     7.4565   3.352473    32.6167        808     3.3625  0.000e+00
     32.705     7.4630   3.353382    32.6204        809     3.3667  0.000e+00
     32.621     7.4707   3.353606    32.6157        810     3.3708  0.000e+00
     32.551     7.4782   3.354155    32.6146        811     3.3750  0.000e+00
     32.488     7.4848   3.354740    32.6146        812     3.3792  0.000e+00
     32.438     7.4919   3.355556    32.6168        813     3.3833  0.000e+00
     32.405     7.5002   3.355700    32.6106        814     3.3875  0.000e+00
     32.383     7.5070   3.355961    32.6070        815     3.3917  0.000e+00
     32.363     7.5123   3.356254    32.6052        816     3.3958  0.000e+00
     32.349     7.5167   3.356310    32.6017        817     3.4000  0.000e+00
     32.331     7.5202   3.356373    32.5991        818     3.4042  0.000e+00
     32.324     7.5226   3.356416    32.5973        819     3.4083  0.000e+00
     32.302     7.5245   3.356416    32.5956        820     3.4125  0.000e+00
     32.268     7.5254   3.356479    32.5954        821     3.4167  0.000e+00
     32.226     7.5262   3.356566    32.5956        822     3.4208  0.000e+00
     32.176     7.5269   3.356921    32.5988        823     3.4250  0.000e+00
     32.105     7.5288   3.357339    32.6016        824     3.4292  0.000e+00
     32.025     7.5320   3.357451    32.5998        825     3.4333  0.000e+00
     31.945     7.5352   3.357532    32.5977        826     3.4375  0.000e+00
     31.850     7.5376   3.357619    32.5964        827     3.4417  0.000e+00
     31.750     7.5397   3.357980    32.5984        828     3.4458  0.000e+00
     31.649     7.5421   3.358280    32.5994        829     3.4500  0.000e+00
     31.540     7.5455   3.358311    32.5966        830     3.4542  0.000e+00
