HB2503/sbe061.cnv
* Sea-Bird SBE 19plus V2 Data File:
* FileName = C:\cruise\data\sbe061.hex
* Software Version Seasave V 7.26.7.121
* Temperature SN = 6128
* Conductivity SN = 6128
* System UpLoad Time = Jun 02 2025 13:50:58
* NMEA Latitude = 40 03.23 N
* NMEA Longitude = 069 13.06 W
* NMEA UTC (Time) = Jun 02 2025  13:49:12
** Ship: Henry Bigelow
** Cruise:  HB2502
** Program:  Spring Bottom Trawl
# nquan = 7
# nvalues = 2675                                  
# units = specified
# name 0 = depSM: Depth [salt water, m]
# name 1 = tv290C: Temperature [ITS-90, deg C]
# name 2 = c0S/m: Conductivity [S/m]
# name 3 = sal00: Salinity, Practical [PSU]
# name 4 = scan: Scan Count
# name 5 = timeM: Time, Elapsed [minutes]
# name 6 = flag:  0.000e+00
# span 0 =     -0.115,    132.587                 
# span 1 =     9.3539,    14.1061                 
# span 2 =   0.018453,   4.222228                 
# span 3 =     0.1153,    35.4327                 
# span 4 =         11,       2685                 
# span 5 =     0.0417,    11.1833                 
# span 6 = 0.0000e+00, 0.0000e+00                 
# interval = seconds: 0.25
# start_time = Jun 02 2025 13:49:12 [NMEA time, header]
# bad_flag = -9.990e-29
*END*
[from data line 2462]
      8.936    10.5770   3.667416    33.0209       2473    10.3000  0.000e+00
      8.871    10.5810   3.666706    33.0102       2474    10.3042  0.000e+00
      8.823    10.5807   3.666829    33.0117       2475    10.3083  0.000e+00
      8.785    10.5801   3.666758    33.0116       2476    10.3125  0.000e+00
      8.757    10.5792   3.667009    33.0150       2477    10.3167  0.000e+00
      8.752    10.5790   3.667390    33.0189       2478    10.3208  0.000e+00
      8.772    10.5797   3.666738    33.0118       2479    10.3250  0.000e+00
      8.795    10.5794   3.665738    33.0020       2480    10.3292  0.000e+00
      8.842    10.5777   3.665447    33.0006       2481    10.3333  0.000e+00
      8.894    10.5757   3.665067    32.9986       2482    10.3375  0.000e+00
      8.949    10.5737   3.665402    33.0037       2483    10.3417  0.000e+00
      9.001    10.5726   3.665899    33.0097       2484    10.3458  0.000e+00
      9.050    10.5728   3.666809    33.0186       2485    10.3500  0.000e+00
      9.089    10.5743   3.667868    33.0278       2486    10.3542  0.000e+00
      9.112    10.5777   3.668972    33.0358       2487    10.3583  0.000e+00
      9.122    10.5825   3.669605    33.0378       2488    10.3625  0.000e+00
      9.116    10.5875   3.669857    33.0357       2489    10.3667  0.000e+00
      9.078    10.5918   3.669902    33.0323       2490    10.3708  0.000e+00
      9.026    10.5948   3.670367    33.0343       2491    10.3750  0.000e+00
      8.956    10.5974   3.670057    33.0289       2492    10.3792  0.000e+00
      8.867    10.5988   3.666260    32.9896       2493    10.3833  0.000e+00
      8.786    10.5969   3.663369    32.9624       2494    10.3875  0.000e+00
      8.706    10.5918   3.655687    32.8902       2495    10.3917  0.000e+00
      8.624    10.5796   3.660002    32.9444       2496    10.3958  0.000e+00
      8.552    10.5697   3.652542    32.8787       2497    10.4000  0.000e+00
      8.468    10.5619   3.654791    32.9084       2498    10.4042  0.000e+00
      8.416    10.5527   3.658415    32.9529       2499    10.4083  0.000e+00
      8.362    10.5503   3.641360    32.7843       2500    10.4125  0.000e+00
      8.297    10.5462   3.642190    32.7963       2501    10.4167  0.000e+00
      8.224    10.5580   3.638811    32.7519       2502    10.4208  0.000e+00
      8.150    10.5801   3.633799    32.6820       2503    10.4250  0.000e+00
      8.088    10.5970   3.637543    32.7043       2504    10.4292  0.000e+00
      8.020    10.6085   3.644340    32.7620       2505    10.4333  0.000e+00
      7.956    10.6205   3.643265    32.7405       2506    10.4375  0.000e+00
      7.893    10.6213   3.641655    32.7237       2507    10.4417  0.000e+00
      7.827    10.6111   3.640870    32.7250       2508    10.4458  0.000e+00
      7.751    10.5966   3.640716    32.7365       2509    10.4500  0.000e+00
      7.685    10.5850   3.640626    32.7461       2510    10.4542  0.000e+00
      7.627    10.5773   3.640825    32.7550       2511    10.4583  0.000e+00
      7.590    10.5734   3.641424    32.7645       2512    10.4625  0.000e+00
      7.561    10.5746   3.642351    32.7727       2513    10.4667  0.000e+00
      7.555    10.5808   3.643020    32.7738       2514    10.4708  0.000e+00
      7.552    10.5898   3.643265    32.7682       2515    10.4750  0.000e+00
      7.550    10.5984   3.643220    32.7600       2516    10.4792  0.000e+00
      7.564    10.6047   3.643245    32.7546       2517    10.4833  0.000e+00
      7.584    10.6085   3.643290    32.7516       2518    10.4875  0.000e+00
      7.615    10.6109   3.643335    32.7499       2519    10.4917  0.000e+00
      7.640    10.6123   3.643368    32.7490       2520    10.4958  0.000e+00
      7.672    10.6125   3.643290    32.7480       2521    10.5000  0.000e+00
      7.700    10.6121   3.643155    32.7470       2522    10.5042  0.000e+00
      7.714    10.6106   3.642975    32.7465       2523    10.5083  0.000e+00
      7.722    10.6083   3.642795    32.7468       2524    10.5125  0.000e+00
      7.706    10.6057   3.642215    32.7433       2525    10.5167  0.000e+00
      7.674    10.6012   3.642035    32.7456       2526    10.5208  0.000e+00
      7.643    10.5960   3.642370    32.7537       2527    10.5250  0.000e+00
      7.596    10.5949   3.643046    32.7614       2528    10.5292  0.000e+00
      7.549    10.5976   3.643580    32.7643       2529    10.5333  0.000e+00
      7.491    10.6026   3.643471    32.7588       2530    10.5375  0.000e+00
      7.413    10.6075   3.643516    32.7549       2531    10.5417  0.000e+00
      7.326    10.6114   3.643606    32.7523       2532    10.5458  0.000e+00
      7.224    10.6151   3.644610    32.7591       2533    10.5500  0.000e+00
      7.109    10.6221   3.645937    32.7661       2534    10.5542  0.000e+00
      6.977    10.6346   3.646136    32.7570       2535    10.5583  0.000e+00
      6.827    10.6485   3.645911    32.7422       2536    10.5625  0.000e+00
      6.676    10.6593   3.645711    32.7307       2537    10.5667  0.000e+00
      6.526    10.6674   3.645350    32.7198       2538    10.5708  0.000e+00
      6.387    10.6729   3.645034    32.7118       2539    10.5750  0.000e+00
      6.238    10.6761   3.645375    32.7124       2540    10.5792  0.000e+00
      6.117    10.6799   3.645015    32.7055       2541    10.5833  0.000e+00
      6.005    10.6836   3.644815    32.7002       2542    10.5875  0.000e+00
      5.911    10.6874   3.645820    32.7068       2543    10.5917  0.000e+00
      5.844    10.6931   3.646515    32.7087       2544    10.5958  0.000e+00
      5.799    10.7007   3.646786    32.7046       2545    10.6000  0.000e+00
      5.784    10.7079   3.646766    32.6980       2546    10.6042  0.000e+00
      5.785    10.7125   3.646560    32.6918       2547    10.6083  0.000e+00
      5.805    10.7142   3.646586    32.6906       2548    10.6125  0.000e+00
      5.834    10.7146   3.646586    32.6902       2549    10.6167  0.000e+00
      5.872    10.7149   3.646515    32.6892       2550    10.6208  0.000e+00
      5.906    10.7149   3.646399    32.6880       2551    10.6250  0.000e+00
      5.946    10.7142   3.646135    32.6860       2552    10.6292  0.000e+00
      5.982    10.7129   3.645755    32.6834       2553    10.6333  0.000e+00
      6.006    10.7107   3.645349    32.6813       2554    10.6375  0.000e+00
      6.024    10.7074   3.644860    32.6793       2555    10.6417  0.000e+00
      6.033    10.7032   3.644454    32.6791       2556    10.6458  0.000e+00
      6.025    10.6982   3.644815    32.6871       2557    10.6500  0.000e+00
      6.017    10.6948   3.644969    32.6917       2558    10.6542  0.000e+00
      5.998    10.6933   3.644924    32.6926       2559    10.6583  0.000e+00
      5.968    10.6926   3.645375    32.6978       2560    10.6625  0.000e+00
      5.928    10.6936   3.644879    32.6920       2561    10.6667  0.000e+00
      5.884    10.6937   3.644119    32.6843       2562    10.6708  0.000e+00
      5.826    10.6925   3.645710    32.7012       2563    10.6750  0.000e+00
      5.751    10.6950   3.645890    32.7008       2564    10.6792  0.000e+00
      5.679    10.6995   3.645774    32.6957       2565    10.6833  0.000e+00
      5.604    10.7055   3.644499    32.6776       2566    10.6875  0.000e+00
      5.518    10.7112   3.641833    32.6460       2567    10.6917  0.000e+00
      5.427    10.7151   3.640932    32.6335       2568    10.6958  0.000e+00
      5.335    10.7166   3.640668    32.6296       2569    10.7000  0.000e+00
      5.237    10.7165   3.640353    32.6266       2570    10.7042  0.000e+00
      5.135    10.7159   3.638004    32.6038       2571    10.7083  0.000e+00
      5.032    10.7121   3.636659    32.5938       2572    10.7125  0.000e+00
      4.913    10.7060   3.633822    32.5710       2573    10.7167  0.000e+00
      4.795    10.6972   3.633977    32.5805       2574    10.7208  0.000e+00
      4.672    10.6895   3.632259    32.5703       2575    10.7250  0.000e+00
      4.554    10.6821   3.630896    32.5633       2576    10.7292  0.000e+00
      4.435    10.6741   3.630472    32.5663       2577    10.7333  0.000e+00
      4.319    10.6680   3.630311    32.5702       2578    10.7375  0.000e+00
      4.210    10.6632   3.629218    32.5636       2579    10.7417  0.000e+00
      4.116    10.6587   3.628839    32.5639       2580    10.7458  0.000e+00
      4.029    10.6538   3.626300    32.5429       2581    10.7500  0.000e+00
      3.966    10.6467   3.625851    32.5448       2582    10.7542  0.000e+00
      3.918    10.6395   3.626121    32.5539       2583    10.7583  0.000e+00
      3.888    10.6351   3.626011    32.5568       2584    10.7625  0.000e+00
      3.877    10.6323   3.625407    32.5533       2585    10.7667  0.000e+00
      3.891    10.6296   3.625716    32.5588       2586    10.7708  0.000e+00
      3.914    10.6282   3.626095    32.5638       2587    10.7750  0.000e+00
      3.964    10.6282   3.626166    32.5645       2588    10.7792  0.000e+00
      4.022    10.6286   3.626789    32.5703       2589    10.7833  0.000e+00
      4.081    10.6301   3.626943    32.5705       2590    10.7875  0.000e+00
      4.136    10.6318   3.627149    32.5710       2591    10.7917  0.000e+00
      4.192    10.6333   3.627014    32.5683       2592    10.7958  0.000e+00
      4.239    10.6344   3.627104    32.5682       2593    10.8000  0.000e+00
      4.284    10.6349   3.626808    32.5648       2594    10.8042  0.000e+00
      4.290    10.6348   3.626609    32.5629       2595    10.8083  0.000e+00
      4.275    10.6347   3.629579    32.5926       2596    10.8125  0.000e+00
      4.235    10.6388   3.628441    32.5777       2597    10.8167  0.000e+00
      4.168    10.6416   3.626783    32.5586       2598    10.8208  0.000e+00
      4.090    10.6399   3.625651    32.5489       2599    10.8250  0.000e+00
      3.998    10.6354   3.624848    32.5449       2600    10.8292  0.000e+00
      3.906    10.6301   3.624983    32.5510       2601    10.8333  0.000e+00
      3.809    10.6264   3.622111    32.5256       2602    10.8375  0.000e+00
      3.714    10.6186   3.622446    32.5360       2603    10.8417  0.000e+00
      3.598    10.6120   3.621174    32.5293       2604    10.8458  0.000e+00
      3.475    10.6055   3.618817    32.5115       2605    10.8500  0.000e+00
      3.340    10.5958   3.615864    32.4908       2606    10.8542  0.000e+00
      3.208    10.5822   3.614060    32.4849       2607    10.8583  0.000e+00
      3.090    10.5677   3.610621    32.4634       2608    10.8625  0.000e+00
      3.000    10.5497   3.607453    32.4479       2609    10.8667  0.000e+00
      2.931    10.5289   3.607850    32.4705       2610    10.8708  0.000e+00
      2.881    10.5137   3.604952    32.4550       2611    10.8750  0.000e+00
      2.852    10.4993   3.602119    32.4395       2612    10.8792  0.000e+00
      2.824    10.4830   3.601658    32.4494       2613    10.8833  0.000e+00
      2.810    10.4690   3.603267    32.4780       2614    10.8875  0.000e+00
      2.801    10.4633   3.604440    32.4948       2615    10.8917  0.000e+00
      2.790    10.4648   3.605062    32.4998       2616    10.8958  0.000e+00
      2.773    10.4681   3.603844    32.4846       2617    10.9000  0.000e+00
      2.746    10.4688   3.605196    32.4975       2618    10.9042  0.000e+00
      2.713    10.4700   3.604177    32.4863       2619    10.9083  0.000e+00
      2.659    10.4704   3.603888    32.4831       2620    10.9125  0.000e+00
      2.592    10.4686   3.602741    32.4732       2621    10.9167  0.000e+00
      2.531    10.4656   3.603004    32.4786       2622    10.9208  0.000e+00
      2.441    10.4633   3.602959    32.4801       2623    10.9250  0.000e+00
      2.380    10.4618   3.602670    32.4787       2624    10.9292  0.000e+00
      2.342    10.4605   3.602337    32.4765       2625    10.9333  0.000e+00
      2.311    10.4581   3.600485    32.4601       2626    10.9375  0.000e+00
      2.303    10.4528   3.597544    32.4353       2627    10.9417  0.000e+00
      2.303    10.4423   3.596289    32.4321       2628    10.9458  0.000e+00
      2.319    10.4296   3.597327    32.4538       2629    10.9500  0.000e+00
      2.328    10.4236   3.600460    32.4906       2630    10.9542  0.000e+00
      2.343    10.4269   3.598448    32.4675       2631    10.9583  0.000e+00
      2.355    10.4289   3.601498    32.4962       2632    10.9625  0.000e+00
      2.348    10.4330   3.602075    32.4984       2633    10.9667  0.000e+00
      2.322    10.4400   3.602055    32.4919       2634    10.9708  0.000e+00
      2.252    10.4449   3.601011    32.4771       2635    10.9750  0.000e+00
      2.174    10.4460   3.600286    32.4689       2636    10.9792  0.000e+00
      2.068    10.4446   3.599755    32.4649       2637    10.9833  0.000e+00
      1.960    10.4405   3.595533    32.4262       2638    10.9875  0.000e+00
      1.848    10.4311   3.594297    32.4223       2639    10.9917  0.000e+00
      1.745    10.4202   3.593573    32.4249       2640    10.9958  0.000e+00
      1.650    10.4109   3.594015    32.4376       2641    11.0000  0.000e+00
      1.578    10.4058   3.593900    32.4410       2642    11.0042  0.000e+00
      1.528    10.4063   3.593817    32.4397       2643    11.0083  0.000e+00
      1.482    10.4086   3.593791    32.4375       2644    11.0125  0.000e+00
      1.440    10.4086   3.593548    32.4351       2645    11.0167  0.000e+00
      1.393    10.4069   3.593529    32.4364       2646    11.0208  0.000e+00
      1.341    10.4052   3.593881    32.4415       2647    11.0250  0.000e+00
      1.267    10.4058   3.593862    32.4407       2648    11.0292  0.000e+00
      1.173    10.4079   3.593240    32.4327       2649    11.0333  0.000e+00
      1.071    10.4082   3.593990    32.4400       2650    11.0375  0.000e+00
      0.990    10.4094   3.595290    32.4520       2651    11.0417  0.000e+00
      0.923    10.4170   3.596839    32.4608       2652    11.0458  0.000e+00
      0.861    10.4284   3.598005    32.4623       2653    11.0500  0.000e+00
      0.829    10.4433   3.597633    32.4454       2654    11.0542  0.000e+00
      0.785    10.4523   3.596704    32.4280       2655    11.0583  0.000e+00
      0.745    10.4542   3.596929    32.4285       2656    11.0625  0.000e+00
      0.689    10.4549   3.598825    32.4470       2657    11.0667  0.000e+00
      0.652    10.4608   3.596768    32.4212       2658    11.0708  0.000e+00
      0.648    10.4606   3.595910    32.4128       2659    11.0750  0.000e+00
      0.661    10.4549   3.596000    32.4187       2660    11.0792  0.000e+00
      0.649    10.4500   3.596262    32.4257       2661    11.0833  0.000e+00
      0.627    10.4485   3.596596    32.4304       2662    11.0875  0.000e+00
      0.610    10.4488   3.597896    32.4431       2663    11.0917  0.000e+00
      0.594    10.4539   3.600260    32.4623       2664    11.0958  0.000e+00
      0.525    10.4669   3.600414    32.4523       2665    11.1000  0.000e+00
      0.439    10.4783   3.600593    32.4439       2666    11.1042  0.000e+00
      0.353    10.4862   3.600702    32.4380       2667    11.1083  0.000e+00
      0.311    10.4918   3.600625    32.4323       2668    11.1125  0.000e+00
      0.292    10.4949   3.601253    32.4358       2669    11.1167  0.000e+00
      0.272    10.4984   3.601522    32.4355       2670    11.1208  0.000e+00
      0.225    10.5022   3.601721    32.4340       2671    11.1250  0.000e+00
      0.147    10.5057   3.602099    32.4347       2672    11.1292  0.000e+00
      0.051    10.5091   3.602227    32.4330       2673    11.1333  0.000e+00
      0.039    10.5123   3.602361    32.4316       2674    11.1375  0.000e+00
      0.080    10.5148   3.602272    32.4284       2675    11.1417  0.000e+00
      0.097    10.5163   3.602541    32.4298       2676    11.1458  0.000e+00
