HB2503/sbe028.cnv
* Sea-Bird SBE 19plus V2 Data File:
* FileName = C:\cruise\data\sbe028.hex
* Software Version Seasave V 7.26.7.121
* Temperature SN = 6128
* Conductivity SN = 6128
* System UpLoad Time = May 30 2025 14:43:25
* NMEA Latitude = 39 03.27 N
* NMEA Longitude = 073 58.59 W
* NMEA UTC (Time) = May 30 2025  14:41:36
** Ship: Henry Bigelow
** Cruise:  HB2502
** Program:  Spring Bottom Trawl
# nquan = 7
# nvalues = 1326                                  
# units = specified
# name 0 = depSM: Depth [salt water, m]
# name 1 = tv290C: Temperature [ITS-90, deg C]
# name 2 = c0S/m: Conductivity [S/m]
# name 3 = sal00: Salinity, Practical [PSU]
# name 4 = scan: Scan Count
# name 5 = timeM: Time, Elapsed [minutes]
# name 6 = flag:  0.000e+00
# span 0 =     -0.144,     36.351                 
# span 1 =     7.8318,    16.6898                 
# span 2 =   0.011759,   4.078221                 
# span 3 =     0.0684,    36.0026                 
# span 4 =         11,       1336                 
# span 5 =     0.0417,     5.5625                 
# span 6 = 0.0000e+00, 0.0000e+00                 
# interval = seconds: 0.25
# start_time = May 30 2025 14:41:36 [NMEA time, header]
# bad_flag = -9.990e-29
*END*
[from data line 411]
     33.697     7.8410   3.416622    32.9434        422     1.7542  0.000e+00
     33.620     7.8412   3.416603    32.9431        423     1.7583  0.000e+00
     33.535     7.8413   3.416578    32.9428        424     1.7625  0.000e+00
     33.450     7.8414   3.416603    32.9430        425     1.7667  0.000e+00
     33.365     7.8414   3.416596    32.9430        426     1.7708  0.000e+00
     33.280     7.8415   3.416584    32.9428        427     1.7750  0.000e+00
     33.200     7.8415   3.416596    32.9429        428     1.7792  0.000e+00
     33.111     7.8417   3.416621    32.9431        429     1.7833  0.000e+00
     33.033     7.8418   3.416628    32.9431        430     1.7875  0.000e+00
     32.955     7.8418   3.416640    32.9432        431     1.7917  0.000e+00
     32.878     7.8420   3.416628    32.9430        432     1.7958  0.000e+00
     32.806     7.8419   3.416577    32.9425        433     1.8000  0.000e+00
     32.736     7.8419   3.416584    32.9426        434     1.8042  0.000e+00
     32.662     7.8418   3.416558    32.9425        435     1.8083  0.000e+00
     32.595     7.8417   3.416496    32.9419        436     1.8125  0.000e+00
     32.533     7.8414   3.416558    32.9430        437     1.8167  0.000e+00
     32.463     7.8414   3.416558    32.9429        438     1.8208  0.000e+00
     32.392     7.8416   3.416583    32.9431        439     1.8250  0.000e+00
     32.324     7.8418   3.416640    32.9435        440     1.8292  0.000e+00
     32.266     7.8418   3.416640    32.9435        441     1.8333  0.000e+00
     32.211     7.8424   3.416583    32.9424        442     1.8375  0.000e+00
     32.157     7.8424   3.416558    32.9421        443     1.8417  0.000e+00
     32.104     7.8422   3.416539    32.9422        444     1.8458  0.000e+00
     32.063     7.8419   3.416496    32.9420        445     1.8500  0.000e+00
     32.024     7.8417   3.416495    32.9422        446     1.8542  0.000e+00
     31.984     7.8415   3.416558    32.9431        447     1.8583  0.000e+00
     31.954     7.8417   3.416533    32.9427        448     1.8625  0.000e+00
     31.916     7.8416   3.416470    32.9421        449     1.8667  0.000e+00
     31.883     7.8416   3.416514    32.9426        450     1.8708  0.000e+00
     31.845     7.8415   3.416583    32.9434        451     1.8750  0.000e+00
     31.803     7.8418   3.416621    32.9436        452     1.8792  0.000e+00
     31.760     7.8422   3.416577    32.9427        453     1.8833  0.000e+00
     31.711     7.8425   3.416539    32.9421        454     1.8875  0.000e+00
     31.661     7.8424   3.416558    32.9424        455     1.8917  0.000e+00
     31.604     7.8424   3.416558    32.9424        456     1.8958  0.000e+00
     31.543     7.8424   3.416514    32.9420        457     1.9000  0.000e+00
     31.480     7.8421   3.416514    32.9423        458     1.9042  0.000e+00
     31.421     7.8421   3.416495    32.9421        459     1.9083  0.000e+00
     31.352     7.8417   3.416476    32.9423        460     1.9125  0.000e+00
     31.285     7.8418   3.416495    32.9425        461     1.9167  0.000e+00
     31.225     7.8420   3.416558    32.9430        462     1.9208  0.000e+00
     31.158     7.8420   3.416558    32.9430        463     1.9250  0.000e+00
     31.087     7.8424   3.416577    32.9429        464     1.9292  0.000e+00
     31.021     7.8427   3.416621    32.9431        465     1.9333  0.000e+00
     30.948     7.8430   3.416583    32.9425        466     1.9375  0.000e+00
     30.877     7.8431   3.416514    32.9416        467     1.9417  0.000e+00
     30.805     7.8430   3.416514    32.9418        468     1.9458  0.000e+00
     30.728     7.8428   3.416495    32.9418        469     1.9500  0.000e+00
     30.654     7.8426   3.416426    32.9413        470     1.9542  0.000e+00
     30.580     7.8423   3.416451    32.9418        471     1.9583  0.000e+00
     30.508     7.8420   3.416495    32.9426        472     1.9625  0.000e+00
     30.430     7.8421   3.416426    32.9418        473     1.9667  0.000e+00
     30.363     7.8421   3.416181    32.9392        474     1.9708  0.000e+00
     30.297     7.8411   3.416169    32.9401        475     1.9750  0.000e+00
     30.241     7.8403   3.416325    32.9426        476     1.9792  0.000e+00
     30.183     7.8403   3.416338    32.9428        477     1.9833  0.000e+00
     30.131     7.8406   3.416181    32.9408        478     1.9875  0.000e+00
     30.088     7.8402   3.416081    32.9402        479     1.9917  0.000e+00
     30.046     7.8396   3.416382    32.9439        480     1.9958  0.000e+00
     30.012     7.8397   3.416351    32.9435        481     2.0000  0.000e+00
     29.975     7.8403   3.416256    32.9419        482     2.0042  0.000e+00
     29.945     7.8404   3.415993    32.9390        483     2.0083  0.000e+00
     29.912     7.8392   3.415848    32.9387        484     2.0125  0.000e+00
     29.880     7.8376   3.415748    32.9391        485     2.0167  0.000e+00
     29.852     7.8362   3.415748    32.9404        486     2.0208  0.000e+00
     29.820     7.8354   3.415773    32.9415        487     2.0250  0.000e+00
     29.789     7.8348   3.415767    32.9420        488     2.0292  0.000e+00
     29.756     7.8345   3.416187    32.9468        489     2.0333  0.000e+00
     29.726     7.8361   3.416432    32.9479        490     2.0375  0.000e+00
     29.695     7.8383   3.416451    32.9461        491     2.0417  0.000e+00
     29.666     7.8400   3.416231    32.9421        492     2.0458  0.000e+00
     29.632     7.8404   3.415867    32.9378        493     2.0500  0.000e+00
     29.591     7.8392   3.415949    32.9399        494     2.0542  0.000e+00
     29.550     7.8379   3.416262    32.9444        495     2.0583  0.000e+00
     29.503     7.8385   3.416288    32.9442        496     2.0625  0.000e+00
     29.452     7.8394   3.416319    32.9437        497     2.0667  0.000e+00
     29.393     7.8402   3.416476    32.9447        498     2.0708  0.000e+00
     29.329     7.8411   3.416539    32.9445        499     2.0750  0.000e+00
     29.264     7.8421   3.416532    32.9436        500     2.0792  0.000e+00
     29.197     7.8430   3.416495    32.9423        501     2.0833  0.000e+00
     29.115     7.8433   3.416451    32.9416        502     2.0875  0.000e+00
     29.037     7.8432   3.416432    32.9415        503     2.0917  0.000e+00
     28.956     7.8431   3.416469    32.9420        504     2.0958  0.000e+00
     28.877     7.8432   3.416388    32.9411        505     2.1000  0.000e+00
     28.804     7.8430   3.416469    32.9423        506     2.1042  0.000e+00
     28.737     7.8431   3.416432    32.9417        507     2.1083  0.000e+00
     28.672     7.8430   3.416413    32.9417        508     2.1125  0.000e+00
     28.611     7.8430   3.416406    32.9416        509     2.1167  0.000e+00
     28.560     7.8431   3.416388    32.9414        510     2.1208  0.000e+00
     28.497     7.8428   3.416381    32.9416        511     2.1250  0.000e+00
     28.442     7.8428   3.416413    32.9420        512     2.1292  0.000e+00
     28.396     7.8427   3.416425    32.9423        513     2.1333  0.000e+00
     28.340     7.8428   3.416432    32.9423        514     2.1375  0.000e+00
     28.278     7.8431   3.416475    32.9425        515     2.1417  0.000e+00
     28.220     7.8435   3.416362    32.9409        516     2.1458  0.000e+00
     28.153     7.8434   3.416306    32.9404        517     2.1500  0.000e+00
     28.081     7.8430   3.416469    32.9426        518     2.1542  0.000e+00
     28.013     7.8430   3.416494    32.9429        519     2.1583  0.000e+00
     27.951     7.8434   3.416425    32.9418        520     2.1625  0.000e+00
     27.900     7.8435   3.416325    32.9407        521     2.1667  0.000e+00
     27.851     7.8432   3.416243    32.9400        522     2.1708  0.000e+00
     27.817     7.8427   3.416337    32.9415        523     2.1750  0.000e+00
     27.786     7.8424   3.416494    32.9435        524     2.1792  0.000e+00
     27.754     7.8429   3.416513    32.9433        525     2.1833  0.000e+00
     27.730     7.8435   3.416387    32.9414        526     2.1875  0.000e+00
     27.708     7.8437   3.416369    32.9411        527     2.1917  0.000e+00
     27.688     7.8432   3.416406    32.9419        528     2.1958  0.000e+00
     27.662     7.8432   3.416387    32.9417        529     2.2000  0.000e+00
     27.639     7.8434   3.416381    32.9414        530     2.2042  0.000e+00
     27.604     7.8432   3.416350    32.9413        531     2.2083  0.000e+00
     27.564     7.8431   3.416362    32.9415        532     2.2125  0.000e+00
     27.514     7.8428   3.416262    32.9408        533     2.2167  0.000e+00
     27.454     7.8426   3.416287    32.9413        534     2.2208  0.000e+00
     27.387     7.8425   3.416337    32.9419        535     2.2250  0.000e+00
     27.307     7.8426   3.416350    32.9420        536     2.2292  0.000e+00
     27.229     7.8426   3.416337    32.9419        537     2.2333  0.000e+00
     27.141     7.8428   3.416350    32.9419        538     2.2375  0.000e+00
     27.043     7.8428   3.416349    32.9419        539     2.2417  0.000e+00
     26.940     7.8430   3.416469    32.9431        540     2.2458  0.000e+00
     26.836     7.8435   3.416594    32.9440        541     2.2500  0.000e+00
     26.722     7.8447   3.416820    32.9454        542     2.2542  0.000e+00
     26.617     7.8459   3.416701    32.9430        543     2.2583  0.000e+00
     26.512     7.8468   3.416600    32.9411        544     2.2625  0.000e+00
     26.413     7.8467   3.416475    32.9399        545     2.2667  0.000e+00
     26.313     7.8463   3.416261    32.9380        546     2.2708  0.000e+00
     26.222     7.8451   3.416010    32.9365        547     2.2750  0.000e+00
     26.139     7.8435   3.416368    32.9420        548     2.2792  0.000e+00
     26.058     7.8429   3.416337    32.9422        549     2.2833  0.000e+00
     25.985     7.8432   3.416242    32.9410        550     2.2875  0.000e+00
     25.909     7.8431   3.416318    32.9419        551     2.2917  0.000e+00
     25.842     7.8430   3.416161    32.9403        552     2.2958  0.000e+00
     25.784     7.8427   3.416224    32.9413        553     2.3000  0.000e+00
     25.724     7.8425   3.416406    32.9435        554     2.3042  0.000e+00
     25.666     7.8427   3.416198    32.9411        555     2.3083  0.000e+00
     25.615     7.8429   3.416293    32.9419        556     2.3125  0.000e+00
     25.568     7.8430   3.416286    32.9418        557     2.3167  0.000e+00
     25.528     7.8431   3.416223    32.9411        558     2.3208  0.000e+00
     25.490     7.8429   3.416336    32.9425        559     2.3250  0.000e+00
     25.465     7.8434   3.416449    32.9433        560     2.3292  0.000e+00
     25.434     7.8440   3.416361    32.9417        561     2.3333  0.000e+00
     25.409     7.8441   3.416431    32.9424        562     2.3375  0.000e+00
     25.385     7.8444   3.416424    32.9421        563     2.3417  0.000e+00
     25.369     7.8446   3.416431    32.9419        564     2.3458  0.000e+00
     25.347     7.8448   3.416412    32.9415        565     2.3500  0.000e+00
     25.326     7.8449   3.416424    32.9416        566     2.3542  0.000e+00
     25.307     7.8449   3.416412    32.9414        567     2.3583  0.000e+00
     25.284     7.8449   3.416405    32.9414        568     2.3625  0.000e+00
     25.262     7.8448   3.416412    32.9416        569     2.3667  0.000e+00
     25.231     7.8449   3.416430    32.9417        570     2.3708  0.000e+00
     25.199     7.8448   3.416336    32.9408        571     2.3750  0.000e+00
     25.152     7.8446   3.416223    32.9398        572     2.3792  0.000e+00
     25.094     7.8441   3.416336    32.9416        573     2.3833  0.000e+00
     25.032     7.8439   3.416493    32.9434        574     2.3875  0.000e+00
     24.958     7.8445   3.416581    32.9439        575     2.3917  0.000e+00
     24.885     7.8453   3.416594    32.9432        576     2.3958  0.000e+00
     24.804     7.8463   3.416556    32.9420        577     2.4000  0.000e+00
     24.712     7.8467   3.416493    32.9409        578     2.4042  0.000e+00
     24.621     7.8466   3.416493    32.9411        579     2.4083  0.000e+00
     24.535     7.8466   3.416468    32.9409        580     2.4125  0.000e+00
     24.442     7.8463   3.416411    32.9406        581     2.4167  0.000e+00
     24.352     7.8460   3.416430    32.9410        582     2.4208  0.000e+00
     24.267     7.8460   3.416361    32.9404        583     2.4250  0.000e+00
     24.183     7.8456   3.416305    32.9402        584     2.4292  0.000e+00
     24.107     7.8451   3.416405    32.9418        585     2.4333  0.000e+00
     24.041     7.8452   3.416474    32.9425        586     2.4375  0.000e+00
     23.982     7.8455   3.416493    32.9424        587     2.4417  0.000e+00
     23.932     7.8458   3.416367    32.9408        588     2.4458  0.000e+00
     23.888     7.8457   3.416179    32.9389        589     2.4500  0.000e+00
     23.857     7.8451   3.416185    32.9396        590     2.4542  0.000e+00
     23.830     7.8442   3.416223    32.9408        591     2.4583  0.000e+00
     23.812     7.8439   3.416229    32.9412        592     2.4625  0.000e+00
     23.803     7.8437   3.416198    32.9410        593     2.4667  0.000e+00
     23.788     7.8435   3.416210    32.9413        594     2.4708  0.000e+00
     23.779     7.8432   3.416198    32.9415        595     2.4750  0.000e+00
     23.782     7.8434   3.416160    32.9410        596     2.4792  0.000e+00
     23.779     7.8432   3.416141    32.9409        597     2.4833  0.000e+00
     23.774     7.8431   3.416179    32.9414        598     2.4875  0.000e+00
     23.763     7.8428   3.416185    32.9418        599     2.4917  0.000e+00
     23.750     7.8429   3.416179    32.9416        600     2.4958  0.000e+00
     23.739     7.8430   3.416116    32.9409        601     2.5000  0.000e+00
     23.723     7.8430   3.416166    32.9414        602     2.5042  0.000e+00
     23.694     7.8428   3.416160    32.9415        603     2.5083  0.000e+00
     23.656     7.8427   3.416141    32.9414        604     2.5125  0.000e+00
     23.621     7.8428   3.416198    32.9420        605     2.5167  0.000e+00
     23.587     7.8429   3.416260    32.9426        606     2.5208  0.000e+00
     23.540     7.8432   3.416254    32.9422        607     2.5250  0.000e+00
     23.494     7.8438   3.416260    32.9418        608     2.5292  0.000e+00
     23.449     7.8438   3.416210    32.9413        609     2.5333  0.000e+00
     23.395     7.8438   3.416179    32.9409        610     2.5375  0.000e+00
     23.339     7.8436   3.416166    32.9410        611     2.5417  0.000e+00
     23.289     7.8433   3.416160    32.9412        612     2.5458  0.000e+00
     23.229     7.8432   3.416078    32.9405        613     2.5500  0.000e+00
     23.159     7.8428   3.416097    32.9411        614     2.5542  0.000e+00
     23.090     7.8428   3.416198    32.9422        615     2.5583  0.000e+00
     23.021     7.8429   3.416511    32.9455        616     2.5625  0.000e+00
     22.948     7.8443   3.416781    32.9471        617     2.5667  0.000e+00
     22.876     7.8465   3.416800    32.9453        618     2.5708  0.000e+00
     22.807     7.8483   3.416825    32.9439        619     2.5750  0.000e+00
     22.735     7.8495   3.416863    32.9432        620     2.5792  0.000e+00
     22.671     7.8504   3.416888    32.9427        621     2.5833  0.000e+00
     22.619     7.8512   3.416888    32.9419        622     2.5875  0.000e+00
     22.563     7.8516   3.416844    32.9410        623     2.5917  0.000e+00
     22.525     7.8517   3.416781    32.9403        624     2.5958  0.000e+00
     22.489     7.8516   3.416806    32.9407        625     2.6000  0.000e+00
