HB2503/sbe055.cnv
* Sea-Bird SBE 19plus V2 Data File:
* FileName = C:\cruise\data\sbe055.hex
* Software Version Seasave V 7.26.7.121
* Temperature SN = 6128
* Conductivity SN = 6128
* System UpLoad Time = Jun 01 2025 22:18:48
* NMEA Latitude = 40 39.70 N
* NMEA Longitude = 070 06.45 W
* NMEA UTC (Time) = Jun 01 2025  22:17:02
** Ship: Henry Bigelow
** Cruise:  HB2502
** Program:  Spring Bottom Trawl
# nquan = 7
# nvalues = 1293                                  
# units = specified
# name 0 = depSM: Depth [salt water, m]
# name 1 = tv290C: Temperature [ITS-90, deg C]
# name 2 = c0S/m: Conductivity [S/m]
# name 3 = sal00: Salinity, Practical [PSU]
# name 4 = scan: Scan Count
# name 5 = timeM: Time, Elapsed [minutes]
# name 6 = flag:  0.000e+00
# span 0 =     -0.119,     42.421                 
# span 1 =     8.5733,    12.2096                 
# span 2 =   0.008150,   3.683010                 
# span 3 =     0.0525,    32.8586                 
# span 4 =         11,       1303                 
# span 5 =     0.0417,     5.4250                 
# span 6 = 0.0000e+00, 0.0000e+00                 
# interval = seconds: 0.25
# start_time = Jun 01 2025 22:17:02 [NMEA time, header]
# bad_flag = -9.990e-29
*END*
[from data line 411]
     40.435     8.5800   3.436372    32.4612        422     1.7542  0.000e+00
     40.509     8.5796   3.436296    32.4608        423     1.7583  0.000e+00
     40.608     8.5793   3.436347    32.4615        424     1.7625  0.000e+00
     40.716     8.5793   3.436328    32.4612        425     1.7667  0.000e+00
     40.844     8.5793   3.436340    32.4614        426     1.7708  0.000e+00
     40.992     8.5792   3.436265    32.4606        427     1.7750  0.000e+00
     41.155     8.5789   3.436284    32.4610        428     1.7792  0.000e+00
     41.340     8.5785   3.436315    32.4616        429     1.7833  0.000e+00
     41.543     8.5784   3.436372    32.4622        430     1.7875  0.000e+00
     41.760     8.5785   3.436454    32.4628        431     1.7917  0.000e+00
     41.997     8.5790   3.436517    32.4629        432     1.7958  0.000e+00
     42.178     8.5797   3.436517    32.4622        433     1.8000  0.000e+00
     42.343     8.5801   3.436272    32.4592        434     1.8042  0.000e+00
     42.404     8.5798   3.436058    32.4572        435     1.8083  0.000e+00
     42.421     8.5783   3.436158    32.4596        436     1.8125  0.000e+00
     42.382     8.5773   3.436033    32.4592        437     1.8167  0.000e+00
     42.369     8.5765   3.436014    32.4598        438     1.8208  0.000e+00
     42.377     8.5756   3.436014    32.4606        439     1.8250  0.000e+00
     42.368     8.5751   3.435989    32.4608        440     1.8292  0.000e+00
     42.342     8.5748   3.435932    32.4605        441     1.8333  0.000e+00
     42.292     8.5745   3.435901    32.4605        442     1.8375  0.000e+00
     42.236     8.5740   3.435970    32.4617        443     1.8417  0.000e+00
     42.189     8.5742   3.436058    32.4625        444     1.8458  0.000e+00
     42.118     8.5745   3.436077    32.4624        445     1.8500  0.000e+00
     42.042     8.5753   3.436121    32.4622        446     1.8542  0.000e+00
     41.946     8.5760   3.436121    32.4616        447     1.8583  0.000e+00
     41.839     8.5765   3.436165    32.4616        448     1.8625  0.000e+00
     41.721     8.5771   3.436183    32.4613        449     1.8667  0.000e+00
     41.602     8.5776   3.436120    32.4602        450     1.8708  0.000e+00
     41.481     8.5778   3.436032    32.4592        451     1.8750  0.000e+00
     41.367     8.5771   3.435995    32.4595        452     1.8792  0.000e+00
     41.251     8.5769   3.436076    32.4606        453     1.8833  0.000e+00
     41.150     8.5768   3.436032    32.4602        454     1.8875  0.000e+00
     41.061     8.5769   3.435051    32.4499        455     1.8917  0.000e+00
     40.987     8.5762   3.435856    32.4591        456     1.8958  0.000e+00
     40.938     8.5754   3.435825    32.4595        457     1.9000  0.000e+00
     40.900     8.5748   3.435806    32.4599        458     1.9042  0.000e+00
     40.874     8.5743   3.435856    32.4609        459     1.9083  0.000e+00
     40.871     8.5740   3.435950    32.4621        460     1.9125  0.000e+00
     40.865     8.5742   3.435963    32.4621        461     1.9167  0.000e+00
     40.865     8.5749   3.436076    32.4626        462     1.9208  0.000e+00
     40.869     8.5758   3.436139    32.4625        463     1.9250  0.000e+00
     40.867     8.5767   3.436183    32.4621        464     1.9292  0.000e+00
     40.851     8.5775   3.436158    32.4611        465     1.9333  0.000e+00
     40.822     8.5779   3.436076    32.4599        466     1.9375  0.000e+00
     40.769     8.5779   3.436007    32.4592        467     1.9417  0.000e+00
     40.692     8.5776   3.435931    32.4587        468     1.9458  0.000e+00
     40.592     8.5768   3.435743    32.4575        469     1.9500  0.000e+00
     40.481     8.5758   3.435717    32.4582        470     1.9542  0.000e+00
     40.347     8.5747   3.435717    32.4593        471     1.9583  0.000e+00
     40.208     8.5739   3.435699    32.4599        472     1.9625  0.000e+00
     40.054     8.5737   3.435698    32.4601        473     1.9667  0.000e+00
     39.896     8.5734   3.435717    32.4607        474     1.9708  0.000e+00
     39.739     8.5733   3.435724    32.4609        475     1.9750  0.000e+00
     39.578     8.5734   3.435805    32.4618        476     1.9792  0.000e+00
     39.434     8.5737   3.435918    32.4627        477     1.9833  0.000e+00
     39.300     8.5749   3.435887    32.4614        478     1.9875  0.000e+00
     39.182     8.5756   3.435906    32.4609        479     1.9917  0.000e+00
     39.092     8.5762   3.435899    32.4604        480     1.9958  0.000e+00
     39.036     8.5762   3.435887    32.4602        481     2.0000  0.000e+00
     39.005     8.5764   3.435887    32.4601        482     2.0042  0.000e+00
     39.005     8.5766   3.435899    32.4600        483     2.0083  0.000e+00
     39.029     8.5765   3.435950    32.4607        484     2.0125  0.000e+00
     39.075     8.5768   3.436032    32.4612        485     2.0167  0.000e+00
     39.126     8.5774   3.435969    32.4599        486     2.0208  0.000e+00
     39.180     8.5775   3.435931    32.4595        487     2.0250  0.000e+00
     39.231     8.5773   3.435899    32.4593        488     2.0292  0.000e+00
     39.269     8.5769   3.435868    32.4593        489     2.0333  0.000e+00
     39.273     8.5767   3.435868    32.4595        490     2.0375  0.000e+00
     39.245     8.5763   3.435874    32.4599        491     2.0417  0.000e+00
     39.180     8.5764   3.435824    32.4594        492     2.0458  0.000e+00
     39.086     8.5762   3.435717    32.4585        493     2.0500  0.000e+00
     38.957     8.5759   3.435698    32.4586        494     2.0542  0.000e+00
     38.798     8.5753   3.435698    32.4592        495     2.0583  0.000e+00
     38.611     8.5752   3.435679    32.4592        496     2.0625  0.000e+00
     38.403     8.5748   3.435761    32.4606        497     2.0667  0.000e+00
     38.187     8.5752   3.435780    32.4604        498     2.0708  0.000e+00
     37.975     8.5756   3.435786    32.4602        499     2.0750  0.000e+00
     37.764     8.5758   3.435717    32.4594        500     2.0792  0.000e+00
     37.570     8.5758   3.435761    32.4600        501     2.0833  0.000e+00
     37.407     8.5759   3.435742    32.4597        502     2.0875  0.000e+00
     37.268     8.5762   3.435742    32.4596        503     2.0917  0.000e+00
     37.168     8.5761   3.435767    32.4600        504     2.0958  0.000e+00
     37.101     8.5760   3.435716    32.4595        505     2.1000  0.000e+00
     37.065     8.5761   3.435741    32.4597        506     2.1042  0.000e+00
     37.065     8.5761   3.435741    32.4598        507     2.1083  0.000e+00
     37.090     8.5763   3.435804    32.4602        508     2.1125  0.000e+00
     37.128     8.5765   3.435867    32.4607        509     2.1167  0.000e+00
     37.183     8.5769   3.435874    32.4603        510     2.1208  0.000e+00
     37.253     8.5772   3.435867    32.4600        511     2.1250  0.000e+00
     37.323     8.5774   3.435855    32.4596        512     2.1292  0.000e+00
     37.391     8.5774   3.435842    32.4594        513     2.1333  0.000e+00
     37.453     8.5773   3.435842    32.4595        514     2.1375  0.000e+00
     37.499     8.5775   3.435855    32.4594        515     2.1417  0.000e+00
     37.543     8.5776   3.435867    32.4594        516     2.1458  0.000e+00
     37.564     8.5776   3.435867    32.4594        517     2.1500  0.000e+00
     37.555     8.5775   3.435874    32.4596        518     2.1542  0.000e+00
     37.517     8.5779   3.435823    32.4588        519     2.1583  0.000e+00
     37.458     8.5776   3.435767    32.4584        520     2.1625  0.000e+00
     37.364     8.5774   3.435760    32.4586        521     2.1667  0.000e+00
     37.235     8.5772   3.435742    32.4586        522     2.1708  0.000e+00
     37.094     8.5768   3.435723    32.4588        523     2.1750  0.000e+00
     36.940     8.5767   3.435697    32.4588        524     2.1792  0.000e+00
     36.777     8.5764   3.435697    32.4591        525     2.1833  0.000e+00
     36.613     8.5764   3.435697    32.4592        526     2.1875  0.000e+00
     36.451     8.5763   3.435634    32.4587        527     2.1917  0.000e+00
     36.293     8.5760   3.435678    32.4595        528     2.1958  0.000e+00
     36.150     8.5762   3.436182    32.4647        529     2.2000  0.000e+00
     36.021     8.5780   3.436219    32.4634        530     2.2042  0.000e+00
     35.910     8.5804   3.436163    32.4608        531     2.2083  0.000e+00
     35.828     8.5818   3.436056    32.4583        532     2.2125  0.000e+00
     35.757     8.5821   3.436137    32.4589        533     2.2167  0.000e+00
     35.710     8.5824   3.436030    32.4576        534     2.2208  0.000e+00
     35.688     8.5824   3.435949    32.4568        535     2.2250  0.000e+00
     35.683     8.5818   3.435993    32.4578        536     2.2292  0.000e+00
     35.692     8.5813   3.436181    32.4602        537     2.2333  0.000e+00
     35.723     8.5817   3.436282    32.4608        538     2.2375  0.000e+00
     35.748     8.5829   3.436383    32.4608        539     2.2417  0.000e+00
     35.786     8.5842   3.436427    32.4601        540     2.2458  0.000e+00
     35.810     8.5852   3.436490    32.4597        541     2.2500  0.000e+00
     35.828     8.5863   3.436559    32.4595        542     2.2542  0.000e+00
     35.832     8.5873   3.436596    32.4590        543     2.2583  0.000e+00
     35.822     8.5880   3.436615    32.4585        544     2.2625  0.000e+00
     35.804     8.5888   3.436622    32.4579        545     2.2667  0.000e+00
     35.768     8.5894   3.436615    32.4572        546     2.2708  0.000e+00
     35.732     8.5896   3.436622    32.4572        547     2.2750  0.000e+00
     35.693     8.5900   3.436659    32.4572        548     2.2792  0.000e+00
     35.649     8.5903   3.436640    32.4567        549     2.2833  0.000e+00
     35.611     8.5904   3.436578    32.4560        550     2.2875  0.000e+00
     35.569     8.5903   3.436533    32.4557        551     2.2917  0.000e+00
     35.530     8.5900   3.436533    32.4560        552     2.2958  0.000e+00
     35.493     8.5897   3.436559    32.4565        553     2.3000  0.000e+00
     35.447     8.5895   3.436533    32.4565        554     2.3042  0.000e+00
     35.392     8.5895   3.436533    32.4565        555     2.3083  0.000e+00
     35.338     8.5894   3.436489    32.4561        556     2.3125  0.000e+00
     35.269     8.5891   3.436470    32.4562        557     2.3167  0.000e+00
     35.195     8.5888   3.436489    32.4567        558     2.3208  0.000e+00
     35.117     8.5888   3.436514    32.4571        559     2.3250  0.000e+00
     35.023     8.5891   3.436533    32.4571        560     2.3292  0.000e+00
     34.920     8.5893   3.436646    32.4581        561     2.3333  0.000e+00
     34.811     8.5898   3.436552    32.4567        562     2.3375  0.000e+00
     34.699     8.5900   3.436489    32.4559        563     2.3417  0.000e+00
     34.580     8.5898   3.436445    32.4557        564     2.3458  0.000e+00
     34.469     8.5894   3.436470    32.4564        565     2.3500  0.000e+00
     34.359     8.5893   3.436401    32.4557        566     2.3542  0.000e+00
     34.258     8.5889   3.436470    32.4568        567     2.3583  0.000e+00
     34.161     8.5888   3.436218    32.4544        568     2.3625  0.000e+00
     34.089     8.5880   3.436074    32.4536        569     2.3667  0.000e+00
     34.034     8.5867   3.436200    32.4562        570     2.3708  0.000e+00
     33.985     8.5858   3.436281    32.4578        571     2.3750  0.000e+00
     33.958     8.5860   3.436382    32.4588        572     2.3792  0.000e+00
     33.949     8.5867   3.436407    32.4584        573     2.3833  0.000e+00
     33.958     8.5875   3.436445    32.4581        574     2.3875  0.000e+00
     33.978     8.5880   3.436470    32.4578        575     2.3917  0.000e+00
     34.007     8.5886   3.436514    32.4578        576     2.3958  0.000e+00
     34.041     8.5890   3.436489    32.4571        577     2.4000  0.000e+00
     34.076     8.5892   3.436489    32.4569        578     2.4042  0.000e+00
     34.105     8.5891   3.436451    32.4566        579     2.4083  0.000e+00
     34.121     8.5889   3.436313    32.4553        580     2.4125  0.000e+00
     34.117     8.5884   3.436030    32.4528        581     2.4167  0.000e+00
     34.105     8.5866   3.435803    32.4521        582     2.4208  0.000e+00
     34.054     8.5844   3.435854    32.4547        583     2.4250  0.000e+00
     33.992     8.5826   3.435841    32.4562        584     2.4292  0.000e+00
     33.906     8.5818   3.435766    32.4561        585     2.4333  0.000e+00
     33.799     8.5811   3.435740    32.4566        586     2.4375  0.000e+00
     33.663     8.5802   3.435803    32.4581        587     2.4417  0.000e+00
     33.520     8.5799   3.436137    32.4620        588     2.4458  0.000e+00
     33.361     8.5813   3.436118    32.4606        589     2.4500  0.000e+00
     33.191     8.5828   3.436074    32.4588        590     2.4542  0.000e+00
     33.017     8.5836   3.436117    32.4586        591     2.4583  0.000e+00
     32.836     8.5842   3.436117    32.4581        592     2.4625  0.000e+00
     32.664     8.5847   3.436136    32.4580        593     2.4667  0.000e+00
     32.505     8.5850   3.436199    32.4584        594     2.4708  0.000e+00
     32.364     8.5857   3.436262    32.4585        595     2.4750  0.000e+00
     32.252     8.5867   3.436312    32.4582        596     2.4792  0.000e+00
     32.161     8.5873   3.436306    32.4576        597     2.4833  0.000e+00
     32.101     8.5877   3.436306    32.4573        598     2.4875  0.000e+00
     32.074     8.5882   3.436312    32.4569        599     2.4917  0.000e+00
     32.072     8.5883   3.436325    32.4569        600     2.4958  0.000e+00
     32.094     8.5884   3.436337    32.4569        601     2.5000  0.000e+00
     32.139     8.5888   3.436407    32.4573        602     2.5042  0.000e+00
     32.195     8.5891   3.436262    32.4554        603     2.5083  0.000e+00
     32.258     8.5894   3.436029    32.4528        604     2.5125  0.000e+00
     32.315     8.5898   3.436469    32.4570        605     2.5167  0.000e+00
     32.352     8.5901   3.436451    32.4565        606     2.5208  0.000e+00
     32.376     8.5904   3.436444    32.4561        607     2.5250  0.000e+00
     32.374     8.5903   3.436325    32.4550        608     2.5292  0.000e+00
     32.345     8.5897   3.436155    32.4537        609     2.5333  0.000e+00
     32.289     8.5885   3.435985    32.4531        610     2.5375  0.000e+00
     32.209     8.5870   3.435866    32.4533        611     2.5417  0.000e+00
     32.115     8.5851   3.435652    32.4528        612     2.5458  0.000e+00
     31.999     8.5833   3.435526    32.4531        613     2.5500  0.000e+00
     31.880     8.5812   3.435463    32.4545        614     2.5542  0.000e+00
     31.759     8.5793   3.435387    32.4555        615     2.5583  0.000e+00
     31.627     8.5777   3.435507    32.4583        616     2.5625  0.000e+00
     31.498     8.5774   3.436344    32.4674        617     2.5667  0.000e+00
     31.370     8.5811   3.436513    32.4659        618     2.5708  0.000e+00
     31.238     8.5850   3.436450    32.4616        619     2.5750  0.000e+00
     31.126     8.5876   3.436337    32.4581        620     2.5792  0.000e+00
     31.023     8.5889   3.436387    32.4575        621     2.5833  0.000e+00
     30.934     8.5893   3.436406    32.4574        622     2.5875  0.000e+00
     30.863     8.5899   3.436381    32.4566        623     2.5917  0.000e+00
     30.820     8.5901   3.436198    32.4545        624     2.5958  0.000e+00
     30.793     8.5901   3.436368    32.4563        625     2.6000  0.000e+00
