HB2503/sbe031.cnv
* Sea-Bird SBE 19plus V2 Data File:
* FileName = C:\cruise\data\sbe031.hex
* Software Version Seasave V 7.26.7.121
* Temperature SN = 6128
* Conductivity SN = 6128
* System UpLoad Time = May 30 2025 20:14:07
* NMEA Latitude = 39 46.18 N
* NMEA Longitude = 073 53.55 W
* NMEA UTC (Time) = May 30 2025  20:12:19
** Ship: Henry Bigelow
** Cruise:  HB2502
** Program:  Spring Bottom Trawl
# nquan = 7
# nvalues = 1322                                  
# units = specified
# name 0 = depSM: Depth [salt water, m]
# name 1 = tv290C: Temperature [ITS-90, deg C]
# name 2 = c0S/m: Conductivity [S/m]
# name 3 = sal00: Salinity, Practical [PSU]
# name 4 = scan: Scan Count
# name 5 = timeM: Time, Elapsed [minutes]
# name 6 = flag:  0.000e+00
# span 0 =     -0.203,     20.641                 
# span 1 =    11.6339,    16.6695                 
# span 2 =   0.006884,   3.871552                 
# span 3 =     0.0418,    31.9314                 
# span 4 =         11,       1332                 
# span 5 =     0.0417,     5.5458                 
# span 6 = 0.0000e+00, 0.0000e+00                 
# interval = seconds: 0.25
# start_time = May 30 2025 20:12:19 [NMEA time, header]
# bad_flag = -9.990e-29
*END*
[from data line 206]
     -0.103    16.6572   0.006884     0.0418        217     0.9000  0.000e+00
     -0.097    16.6554   0.032740     0.1885        218     0.9042  0.000e+00
     -0.074    16.5636   0.647167     4.2886        219     0.9083  0.000e+00
     -0.041    16.2792   2.850373    21.5263        220     0.9125  0.000e+00
      0.053    15.9959   3.162260    24.3082        221     0.9167  0.000e+00
      0.167    15.7952   2.250909    16.8177        222     0.9208  0.000e+00
      0.304    15.6603   2.838790    21.7655        223     0.9250  0.000e+00
      0.454    15.5280   3.051506    23.6476        224     0.9292  0.000e+00
      0.605    15.3929   3.829318    30.5122        225     0.9333  0.000e+00
      0.720    15.2808   3.824184    30.5536        226     0.9375  0.000e+00
      0.760    15.1920   3.822465    30.6075        227     0.9417  0.000e+00
      0.745    15.1231   3.823575    30.6713        228     0.9458  0.000e+00
      0.724    15.0722   3.829236    30.7618        229     0.9500  0.000e+00
      0.758    15.0439   2.864747    22.3306        230     0.9542  0.000e+00
      0.829    15.0288   2.747948    21.3393        231     0.9583  0.000e+00
      0.947    15.0566   3.852828    30.9850        232     0.9625  0.000e+00
      1.068    15.1139   3.857576    30.9821        233     0.9667  0.000e+00
      1.182    15.1901   3.864766    30.9860        234     0.9708  0.000e+00
      1.281    15.2796   3.868510    30.9487        235     0.9750  0.000e+00
      1.361    15.3654   3.863333    30.8352        236     0.9792  0.000e+00
      1.430    15.4300   3.857177    30.7299        237     0.9833  0.000e+00
      1.501    15.4689   3.853942    30.6709        238     0.9875  0.000e+00
      1.557    15.4679   3.852019    30.6546        239     0.9917  0.000e+00
      1.613    15.4091   3.851046    30.6918        240     0.9958  0.000e+00
      1.686    15.3425   3.854332    30.7731        241     1.0000  0.000e+00
      1.752    15.2959   3.861917    30.8770        242     1.0042  0.000e+00
      1.812    15.2663   3.866183    30.9383        243     1.0083  0.000e+00
      1.872    15.2377   3.869223    30.9879        244     1.0125  0.000e+00
      1.934    15.2457   3.871552    31.0023        245     1.0167  0.000e+00
      1.981    15.2815   3.871222    30.9711        246     1.0208  0.000e+00
      2.026    15.3180   3.868767    30.9205        247     1.0250  0.000e+00
      2.075    15.3485   3.866234    30.8740        248     1.0292  0.000e+00
      2.129    15.3684   3.864454    30.8425        249     1.0333  0.000e+00
      2.178    15.3772   3.862674    30.8198        250     1.0375  0.000e+00
      2.227    15.3696   3.859286    30.7956        251     1.0417  0.000e+00
      2.268    15.3329   3.853391    30.7720        252     1.0458  0.000e+00
      2.290    15.2836   3.845111    30.7370        253     1.0500  0.000e+00
      2.310    15.2183   3.834537    30.6940        254     1.0542  0.000e+00
      2.328    15.1506   3.827627    30.6853        255     1.0583  0.000e+00
      2.359    15.0895   3.824009    30.7009        256     1.0625  0.000e+00
      2.400    15.0374   3.821903    30.7230        257     1.0667  0.000e+00
      2.442    14.9944   3.819784    30.7378        258     1.0708  0.000e+00
      2.484    14.9619   3.817927    30.7467        259     1.0750  0.000e+00
      2.516    14.9370   3.816471    30.7533        260     1.0792  0.000e+00
      2.533    14.9165   3.815133    30.7573        261     1.0833  0.000e+00
      2.536    14.8987   3.814058    30.7617        262     1.0875  0.000e+00
      2.556    14.8841   3.813737    30.7704        263     1.0917  0.000e+00
      2.579    14.8729   3.813842    30.7801        264     1.0958  0.000e+00
      2.621    14.8659   3.814117    30.7881        265     1.1000  0.000e+00
      2.674    14.8624   3.814767    30.7966        266     1.1042  0.000e+00
      2.734    14.8619   3.814996    30.7991        267     1.1083  0.000e+00
      2.799    14.8628   3.814576    30.7946        268     1.1125  0.000e+00
      2.860    14.8646   3.814413    30.7917        269     1.1167  0.000e+00
      2.904    14.8676   3.813960    30.7852        270     1.1208  0.000e+00
      2.936    14.8709   3.813225    30.7760        271     1.1250  0.000e+00
      2.969    14.8750   3.812996    30.7708        272     1.1292  0.000e+00
      2.987    14.8790   3.813088    30.7684        273     1.1333  0.000e+00
      3.014    14.8814   3.812832    30.7642        274     1.1375  0.000e+00
      3.048    14.8821   3.812209    30.7580        275     1.1417  0.000e+00
      3.081    14.8820   3.812071    30.7569        276     1.1458  0.000e+00
      3.110    14.8809   3.811783    30.7552        277     1.1500  0.000e+00
      3.142    14.8806   3.811396    30.7519        278     1.1542  0.000e+00
      3.171    14.8809   3.811285    30.7507        279     1.1583  0.000e+00
      3.197    14.8816   3.811193    30.7493        280     1.1625  0.000e+00
      3.240    14.8816   3.811239    30.7497        281     1.1667  0.000e+00
      3.280    14.8808   3.811350    30.7513        282     1.1708  0.000e+00
      3.329    14.8792   3.811455    30.7535        283     1.1750  0.000e+00
      3.376    14.8767   3.811324    30.7542        284     1.1792  0.000e+00
      3.416    14.8742   3.810865    30.7520        285     1.1833  0.000e+00
      3.444    14.8708   3.810020    30.7471        286     1.1875  0.000e+00
      3.484    14.8664   3.809207    30.7433        287     1.1917  0.000e+00
      3.490    14.8610   3.808512    30.7413        288     1.1958  0.000e+00
      3.506    14.8554   3.808191    30.7428        289     1.2000  0.000e+00
      3.522    14.8499   3.807660    30.7424        290     1.2042  0.000e+00
      3.544    14.8448   3.807320    30.7433        291     1.2083  0.000e+00
      3.579    14.8393   3.806553    30.7408        292     1.2125  0.000e+00
      3.618    14.8332   3.805498    30.7361        293     1.2167  0.000e+00
      3.663    14.8262   3.804509    30.7327        294     1.2208  0.000e+00
      3.701    14.8181   3.803539    30.7304        295     1.2250  0.000e+00
      3.736    14.8098   3.802760    30.7299        296     1.2292  0.000e+00
      3.763    14.8012   3.802059    30.7304        297     1.2333  0.000e+00
      3.781    14.7915   3.800920    30.7278        298     1.2375  0.000e+00
      3.781    14.7806   3.800029    30.7283        299     1.2417  0.000e+00
      3.790    14.7682   3.799054    30.7294        300     1.2458  0.000e+00
      3.799    14.7537   3.798144    30.7326        301     1.2500  0.000e+00
      3.814    14.7387   3.797326    30.7370        302     1.2542  0.000e+00
      3.825    14.7240   3.796593    30.7420        303     1.2583  0.000e+00
      3.854    14.7105   3.795984    30.7472        304     1.2625  0.000e+00
      3.897    14.7001   3.795912    30.7548        305     1.2667  0.000e+00
      3.951    14.6915   3.795919    30.7616        306     1.2708  0.000e+00
      4.015    14.6841   3.795958    30.7678        307     1.2750  0.000e+00
      4.080    14.6768   3.796096    30.7748        308     1.2792  0.000e+00
      4.154    14.6666   3.796613    30.7875        309     1.2833  0.000e+00
      4.232    14.6556   3.797418    30.8034        310     1.2875  0.000e+00
      4.310    14.6443   3.798008    30.8177        311     1.2917  0.000e+00
      4.386    14.6292   3.798047    30.8300        312     1.2958  0.000e+00
      4.455    14.6162   3.796850    30.8295        313     1.3000  0.000e+00
      4.527    14.6014   3.794775    30.8224        314     1.3042  0.000e+00
      4.583    14.5695   3.790483    30.8089        315     1.3083  0.000e+00
      4.622    14.5169   3.781676    30.7709        316     1.3125  0.000e+00
      4.643    14.4471   3.773472    30.7520        317     1.3167  0.000e+00
      4.664    14.3613   3.767226    30.7634        318     1.3208  0.000e+00
      4.670    14.2782   3.765282    30.8119        319     1.3250  0.000e+00
      4.676    14.2015   3.765329    30.8735        320     1.3292  0.000e+00
      4.680    14.1332   3.765786    30.9324        321     1.3333  0.000e+00
      4.698    14.0751   3.766779    30.9881        322     1.3375  0.000e+00
      4.720    14.0282   3.766499    31.0233        323     1.3417  0.000e+00
      4.758    13.9910   3.765984    31.0486        324     1.3458  0.000e+00
      4.801    13.9609   3.766148    31.0743        325     1.3500  0.000e+00
      4.848    13.9354   3.766037    31.0939        326     1.3542  0.000e+00
      4.905    13.9153   3.765985    31.1096        327     1.3583  0.000e+00
      4.949    13.8998   3.765946    31.1218        328     1.3625  0.000e+00
      4.998    13.8876   3.765705    31.1294        329     1.3667  0.000e+00
      5.047    13.8776   3.765392    31.1347        330     1.3708  0.000e+00
      5.088    13.8688   3.765568    31.1434        331     1.3750  0.000e+00
      5.126    13.8616   3.765216    31.1460        332     1.3792  0.000e+00
      5.170    13.8549   3.765281    31.1520        333     1.3833  0.000e+00
      5.221    13.8490   3.765425    31.1581        334     1.3875  0.000e+00
      5.273    13.8434   3.765901    31.1670        335     1.3917  0.000e+00
      5.340    13.8374   3.766195    31.1745        336     1.3958  0.000e+00
      5.410    13.8315   3.766476    31.1819        337     1.4000  0.000e+00
      5.483    13.8244   3.767546    31.1975        338     1.4042  0.000e+00
      5.564    13.8175   3.768760    31.2143        339     1.4083  0.000e+00
      5.637    13.8102   3.769987    31.2315        340     1.4125  0.000e+00
      5.716    13.8033   3.770607    31.2428        341     1.4167  0.000e+00
      5.790    13.7972   3.770281    31.2448        342     1.4208  0.000e+00
      5.856    13.7903   3.768976    31.2382        343     1.4250  0.000e+00
      5.913    13.7802   3.767338    31.2314        344     1.4292  0.000e+00
      5.966    13.7698   3.766216    31.2294        345     1.4333  0.000e+00
      6.010    13.7578   3.764265    31.2212        346     1.4375  0.000e+00
      6.053    13.7428   3.761708    31.2099        347     1.4417  0.000e+00
      6.089    13.7263   3.759674    31.2045        348     1.4458  0.000e+00
      6.132    13.7107   3.758722    31.2084        349     1.4500  0.000e+00
      6.172    13.6976   3.758031    31.2127        350     1.4542  0.000e+00
      6.217    13.6876   3.757653    31.2173        351     1.4583  0.000e+00
      6.262    13.6789   3.757523    31.2232        352     1.4625  0.000e+00
      6.313    13.6706   3.756982    31.2249        353     1.4667  0.000e+00
      6.360    13.6632   3.756585    31.2272        354     1.4708  0.000e+00
      6.410    13.6555   3.756552    31.2332        355     1.4750  0.000e+00
      6.459    13.6464   3.756259    31.2379        356     1.4792  0.000e+00
      6.513    13.6366   3.755862    31.2422        357     1.4833  0.000e+00
      6.568    13.6267   3.755653    31.2483        358     1.4875  0.000e+00
      6.626    13.6180   3.755425    31.2533        359     1.4917  0.000e+00
      6.684    13.6112   3.755777    31.2621        360     1.4958  0.000e+00
      6.752    13.6049   3.756722    31.2760        361     1.5000  0.000e+00
      6.820    13.5995   3.758013    31.2923        362     1.5042  0.000e+00
      6.902    13.5967   3.759585    31.3091        363     1.5083  0.000e+00
      6.976    13.5944   3.761469    31.3284        364     1.5125  0.000e+00
      7.063    13.5933   3.763732    31.3503        365     1.5167  0.000e+00
      7.142    13.5936   3.764430    31.3565        366     1.5208  0.000e+00
      7.227    13.5926   3.765259    31.3650        367     1.5250  0.000e+00
      7.303    13.5909   3.765944    31.3727        368     1.5292  0.000e+00
      7.381    13.5894   3.765527    31.3700        369     1.5333  0.000e+00
      7.462    13.5876   3.762800    31.3462        370     1.5375  0.000e+00
      7.538    13.5864   3.760309    31.3240        371     1.5417  0.000e+00
      7.613    13.5829   3.758920    31.3140        372     1.5458  0.000e+00
      7.681    13.5762   3.758164    31.3124        373     1.5500  0.000e+00
      7.748    13.5685   3.758099    31.3181        374     1.5542  0.000e+00
      7.817    13.5616   3.758275    31.3254        375     1.5583  0.000e+00
      7.890    13.5544   3.758282    31.3313        376     1.5625  0.000e+00
      7.960    13.5466   3.758125    31.3362        377     1.5667  0.000e+00
      8.038    13.5395   3.757936    31.3403        378     1.5708  0.000e+00
      8.110    13.5314   3.756750    31.3359        379     1.5750  0.000e+00
      8.181    13.5210   3.747023    31.2542        380     1.5792  0.000e+00
      8.254    13.5018   3.745728    31.2578        381     1.5833  0.000e+00
      8.323    13.4756   3.745240    31.2747        382     1.5875  0.000e+00
      8.388    13.4527   3.744928    31.2905        383     1.5917  0.000e+00
      8.451    13.4353   3.744941    31.3049        384     1.5958  0.000e+00
      8.510    13.4237   3.745130    31.3161        385     1.6000  0.000e+00
      8.569    13.4166   3.745430    31.3247        386     1.6042  0.000e+00
      8.627    13.4127   3.745684    31.3303        387     1.6083  0.000e+00
      8.691    13.4111   3.746231    31.3367        388     1.6125  0.000e+00
      8.756    13.4112   3.747051    31.3442        389     1.6167  0.000e+00
      8.827    13.4132   3.747956    31.3509        390     1.6208  0.000e+00
      8.898    13.4167   3.748705    31.3550        391     1.6250  0.000e+00
      8.970    13.4212   3.749343    31.3572        392     1.6292  0.000e+00
      9.053    13.4250   3.750008    31.3602        393     1.6333  0.000e+00
      9.135    13.4268   3.749949    31.3581        394     1.6375  0.000e+00
      9.220    13.4247   3.748464    31.3461        395     1.6417  0.000e+00
      9.311    13.4164   3.746478    31.3344        396     1.6458  0.000e+00
      9.407    13.4021   3.744851    31.3310        397     1.6500  0.000e+00
      9.497    13.3857   3.744317    31.3394        398     1.6542  0.000e+00
      9.592    13.3708   3.745086    31.3588        399     1.6583  0.000e+00
      9.690    13.3610   3.745821    31.3736        400     1.6625  0.000e+00
      9.782    13.3565   3.745913    31.3782        401     1.6667  0.000e+00
      9.881    13.3534   3.744975    31.3719        402     1.6708  0.000e+00
      9.968    13.3478   3.742723    31.3555        403     1.6750  0.000e+00
     10.057    13.3337   3.739776    31.3397        404     1.6792  0.000e+00
     10.142    13.3090   3.736061    31.3253        405     1.6833  0.000e+00
     10.224    13.2731   3.733110    31.3273        406     1.6875  0.000e+00
     10.308    13.2319   3.730913    31.3407        407     1.6917  0.000e+00
     10.379    13.1920   3.729653    31.3617        408     1.6958  0.000e+00
     10.448    13.1585   3.728912    31.3824        409     1.7000  0.000e+00
     10.517    13.1325   3.728483    31.3999        410     1.7042  0.000e+00
     10.589    13.1136   3.728107    31.4119        411     1.7083  0.000e+00
     10.663    13.0990   3.727717    31.4204        412     1.7125  0.000e+00
     10.736    13.0858   3.727120    31.4257        413     1.7167  0.000e+00
     10.817    13.0724   3.726912    31.4348        414     1.7208  0.000e+00
     10.900    13.0586   3.727373    31.4505        415     1.7250  0.000e+00
     10.987    13.0444   3.727958    31.4678        416     1.7292  0.000e+00
     11.081    13.0293   3.728686    31.4871        417     1.7333  0.000e+00
     11.177    13.0152   3.728940    31.5012        418     1.7375  0.000e+00
     11.270    13.0040   3.729103    31.5119        419     1.7417  0.000e+00
     11.368    12.9959   3.729187    31.5195        420     1.7458  0.000e+00
