HB2503/sbe073.cnv
* Sea-Bird SBE 19plus V2 Data File:
* FileName = C:\cruise\data\sbe073.hex
* Software Version Seasave V 7.26.7.121
* Temperature SN = 6128
* Conductivity SN = 6128
* System UpLoad Time = Jun 04 2025 05:59:56
* NMEA Latitude = 42 35.86 N
* NMEA Longitude = 068 18.71 W
* NMEA UTC (Time) = Jun 04 2025  05:58:12
** Ship: Henry Bigelow
** Cruise:  HB2502
** Program:  Spring Bottom Trawl
# nquan = 7
# nvalues = 4413                                  
# units = specified
# name 0 = depSM: Depth [salt water, m]
# name 1 = tv290C: Temperature [ITS-90, deg C]
# name 2 = c0S/m: Conductivity [S/m]
# name 3 = sal00: Salinity, Practical [PSU]
# name 4 = scan: Scan Count
# name 5 = timeM: Time, Elapsed [minutes]
# name 6 = flag:  0.000e+00
# span 0 =     -0.080,    181.568                 
# span 1 =     5.2364,    12.1342                 
# span 2 =   0.009071,   3.726505                 
# span 3 =     0.0582,    34.0234                 
# span 4 =         11,       4423                 
# span 5 =     0.0417,    18.4250                 
# span 6 = 0.0000e+00, 0.0000e+00                 
# interval = seconds: 0.25
# start_time = Jun 04 2025 05:58:12 [NMEA time, header]
# bad_flag = -9.990e-29
*END*
[from data line 1436]
    176.929     6.9520   3.434045    33.9206       1447     6.0250  0.000e+00
    176.845     6.9517   3.433982    33.9203       1448     6.0292  0.000e+00
    176.754     6.9514   3.433957    33.9203       1449     6.0333  0.000e+00
    176.662     6.9509   3.433944    33.9207       1450     6.0375  0.000e+00
    176.560     6.9507   3.433963    33.9212       1451     6.0417  0.000e+00
    176.453     6.9508   3.433957    33.9211       1452     6.0458  0.000e+00
    176.341     6.9507   3.433963    33.9213       1453     6.0500  0.000e+00
    176.218     6.9505   3.433944    33.9213       1454     6.0542  0.000e+00
    176.100     6.9509   3.433938    33.9210       1455     6.0583  0.000e+00
    175.981     6.9510   3.433919    33.9207       1456     6.0625  0.000e+00
    175.863     6.9509   3.433894    33.9206       1457     6.0667  0.000e+00
    175.743     6.9509   3.433900    33.9207       1458     6.0708  0.000e+00
    175.638     6.9508   3.433944    33.9213       1459     6.0750  0.000e+00
    175.533     6.9511   3.433956    33.9213       1460     6.0792  0.000e+00
    175.430     6.9514   3.433900    33.9203       1461     6.0833  0.000e+00
    175.326     6.9517   3.433900    33.9201       1462     6.0875  0.000e+00
    175.230     6.9519   3.433893    33.9199       1463     6.0917  0.000e+00
    175.137     6.9522   3.433944    33.9202       1464     6.0958  0.000e+00
    175.052     6.9525   3.433981    33.9204       1465     6.1000  0.000e+00
    174.965     6.9529   3.433962    33.9198       1466     6.1042  0.000e+00
    174.878     6.9531   3.433981    33.9199       1467     6.1083  0.000e+00
    174.793     6.9532   3.433937    33.9193       1468     6.1125  0.000e+00
    174.704     6.9533   3.433881    33.9187       1469     6.1167  0.000e+00
    174.612     6.9532   3.433792    33.9178       1470     6.1208  0.000e+00
    174.521     6.9530   3.433717    33.9172       1471     6.1250  0.000e+00
    174.432     6.9529   3.433585    33.9159       1472     6.1292  0.000e+00
    174.345     6.9524   3.433541    33.9160       1473     6.1333  0.000e+00
    174.255     6.9521   3.433484    33.9157       1474     6.1375  0.000e+00
    174.161     6.9517   3.433396    33.9151       1475     6.1417  0.000e+00
    174.072     6.9514   3.433057    33.9118       1476     6.1458  0.000e+00
    173.984     6.9507   3.432560    33.9071       1477     6.1500  0.000e+00
    173.892     6.9491   3.432057    33.9031       1478     6.1542  0.000e+00
    173.799     6.9471   3.432044    33.9051       1479     6.1583  0.000e+00
    173.696     6.9455   3.431623    33.9020       1480     6.1625  0.000e+00
    173.600     6.9438   3.431296    33.9001       1481     6.1667  0.000e+00
    173.499     6.9421   3.431264    33.9015       1482     6.1708  0.000e+00
    173.404     6.9408   3.431164    33.9018       1483     6.1750  0.000e+00
    173.305     6.9397   3.431183    33.9031       1484     6.1792  0.000e+00
    173.202     6.9389   3.431227    33.9044       1485     6.1833  0.000e+00
    173.106     6.9387   3.431183    33.9042       1486     6.1875  0.000e+00
    173.004     6.9384   3.431139    33.9040       1487     6.1917  0.000e+00
    172.907     6.9382   3.431139    33.9043       1488     6.1958  0.000e+00
    172.808     6.9379   3.431120    33.9045       1489     6.2000  0.000e+00
    172.701     6.9378   3.431101    33.9044       1490     6.2042  0.000e+00
    172.604     6.9378   3.431101    33.9045       1491     6.2083  0.000e+00
    172.502     6.9379   3.431031    33.9036       1492     6.2125  0.000e+00
    172.410     6.9378   3.430849    33.9017       1493     6.2167  0.000e+00
    172.310     6.9375   3.430591    33.8993       1494     6.2208  0.000e+00
    172.216     6.9369   3.430994    33.9044       1495     6.2250  0.000e+00
    172.118     6.9367   3.430824    33.9027       1496     6.2292  0.000e+00
    172.018     6.9366   3.430679    33.9013       1497     6.2333  0.000e+00
    171.915     6.9362   3.430698    33.9019       1498     6.2375  0.000e+00
    171.815     6.9358   3.430264    33.8976       1499     6.2417  0.000e+00
    171.701     6.9349   3.429642    33.8917       1500     6.2458  0.000e+00
    171.591     6.9327   3.429636    33.8938       1501     6.2500  0.000e+00
    171.477     6.9308   3.429535    33.8946       1502     6.2542  0.000e+00
    171.369     6.9296   3.429780    33.8986       1503     6.2583  0.000e+00
    171.262     6.9292   3.429466    33.8956       1504     6.2625  0.000e+00
    171.155     6.9286   3.429158    33.8928       1505     6.2667  0.000e+00
    171.059     6.9273   3.429158    33.8942       1506     6.2708  0.000e+00
    170.953     6.9264   3.429120    33.8947       1507     6.2750  0.000e+00
    170.858     6.9258   3.428862    33.8925       1508     6.2792  0.000e+00
    170.773     6.9250   3.428737    33.8919       1509     6.2833  0.000e+00
    170.681     6.9241   3.428699    33.8924       1510     6.2875  0.000e+00
    170.594     6.9234   3.428611    33.8922       1511     6.2917  0.000e+00
    170.507     6.9230   3.428611    33.8927       1512     6.2958  0.000e+00
    170.419     6.9226   3.428548    33.8924       1513     6.3000  0.000e+00
    170.339     6.9224   3.429070    33.8984       1514     6.3042  0.000e+00
    170.250     6.9231   3.428919    33.8961       1515     6.3083  0.000e+00
    170.172     6.9241   3.429679    33.9035       1516     6.3125  0.000e+00
    170.087     6.9257   3.429805    33.9033       1517     6.3167  0.000e+00
    169.998     6.9277   3.429843    33.9019       1518     6.3208  0.000e+00
    169.913     6.9291   3.429824    33.9003       1519     6.3250  0.000e+00
    169.817     6.9298   3.429729    33.8986       1520     6.3292  0.000e+00
    169.728     6.9302   3.429698    33.8980       1521     6.3333  0.000e+00
    169.630     6.9302   3.429428    33.8950       1522     6.3375  0.000e+00
    169.534     6.9294   3.429182    33.8932       1523     6.3417  0.000e+00
    169.434     6.9285   3.428988    33.8920       1524     6.3458  0.000e+00
    169.341     6.9274   3.428768    33.8906       1525     6.3500  0.000e+00
    169.236     6.9261   3.428485    33.8888       1526     6.3542  0.000e+00
    169.136     6.9246   3.428698    33.8927       1527     6.3583  0.000e+00
    169.031     6.9243   3.429138    33.8980       1528     6.3625  0.000e+00
    168.933     6.9247   3.429553    33.9021       1529     6.3667  0.000e+00
    168.832     6.9260   3.429157    33.8966       1530     6.3708  0.000e+00
    168.734     6.9266   3.428761    33.8916       1531     6.3750  0.000e+00
    168.634     6.9257   3.428403    33.8886       1532     6.3792  0.000e+00
    168.538     6.9244   3.428239    33.8882       1533     6.3833  0.000e+00
    168.442     6.9229   3.428088    33.8880       1534     6.3875  0.000e+00
    168.348     6.9218   3.428088    33.8892       1535     6.3917  0.000e+00
    168.255     6.9210   3.428082    33.8899       1536     6.3958  0.000e+00
    168.161     6.9206   3.427900    33.8884       1537     6.4000  0.000e+00
    168.068     6.9201   3.427799    33.8878       1538     6.4042  0.000e+00
    167.976     6.9195   3.427963    33.8902       1539     6.4083  0.000e+00
    167.880     6.9195   3.427900    33.8896       1540     6.4125  0.000e+00
    167.791     6.9192   3.427843    33.8893       1541     6.4167  0.000e+00
    167.702     6.9192   3.427403    33.8845       1542     6.4208  0.000e+00
    167.613     6.9182   3.427095    33.8822       1543     6.4250  0.000e+00
    167.528     6.9169   3.426630    33.8784       1544     6.4292  0.000e+00
    167.441     6.9152   3.426297    33.8765       1545     6.4333  0.000e+00
    167.359     6.9130   3.426153    33.8771       1546     6.4375  0.000e+00
    167.278     6.9112   3.425751    33.8745       1547     6.4417  0.000e+00
    167.209     6.9097   3.425713    33.8756       1548     6.4458  0.000e+00
    167.134     6.9083   3.425794    33.8779       1549     6.4500  0.000e+00
    167.062     6.9076   3.425625    33.8767       1550     6.4542  0.000e+00
    166.988     6.9072   3.425889    33.8801       1551     6.4583  0.000e+00
    166.920     6.9070   3.425794    33.8793       1552     6.4625  0.000e+00
    166.842     6.9068   3.425317    33.8742       1553     6.4667  0.000e+00
    166.769     6.9061   3.425229    33.8740       1554     6.4708  0.000e+00
    166.701     6.9053   3.425336    33.8760       1555     6.4750  0.000e+00
    166.617     6.9049   3.425732    33.8808       1556     6.4792  0.000e+00
    166.532     6.9054   3.425336    33.8760       1557     6.4833  0.000e+00
    166.445     6.9053   3.425204    33.8747       1558     6.4875  0.000e+00
    166.351     6.9047   3.425317    33.8765       1559     6.4917  0.000e+00
    166.258     6.9046   3.425669    33.8806       1560     6.4958  0.000e+00
    166.161     6.9050   3.425467    33.8780       1561     6.5000  0.000e+00
    166.064     6.9052   3.425398    33.8771       1562     6.5042  0.000e+00
    165.970     6.9052   3.425838    33.8820       1563     6.5083  0.000e+00
    165.879     6.9057   3.425976    33.8831       1564     6.5125  0.000e+00
    165.784     6.9064   3.425775    33.8802       1565     6.5167  0.000e+00
    165.698     6.9068   3.425555    33.8774       1566     6.5208  0.000e+00
    165.611     6.9067   3.425480    33.8767       1567     6.5250  0.000e+00
    165.524     6.9064   3.425229    33.8743       1568     6.5292  0.000e+00
    165.439     6.9056   3.424789    33.8703       1569     6.5333  0.000e+00
    165.352     6.9042   3.424418    33.8677       1570     6.5375  0.000e+00
    165.270     6.9025   3.423909    33.8638       1571     6.5417  0.000e+00
    165.190     6.9004   3.423689    33.8635       1572     6.5458  0.000e+00
    165.118     6.8983   3.423708    33.8658       1573     6.5500  0.000e+00
    165.036     6.8971   3.423645    33.8663       1574     6.5542  0.000e+00
    164.956     6.8964   3.423582    33.8664       1575     6.5583  0.000e+00
    164.886     6.8958   3.423425    33.8652       1576     6.5625  0.000e+00
    164.810     6.8952   3.423501    33.8667       1577     6.5667  0.000e+00
    164.743     6.8948   3.423419    33.8662       1578     6.5708  0.000e+00
    164.674     6.8944   3.423450    33.8670       1579     6.5750  0.000e+00
    164.608     6.8943   3.423375    33.8663       1580     6.5792  0.000e+00
    164.535     6.8940   3.423319    33.8660       1581     6.5833  0.000e+00
    164.466     6.8940   3.423438    33.8674       1582     6.5875  0.000e+00
    164.398     6.8939   3.423438    33.8675       1583     6.5917  0.000e+00
    164.325     6.8940   3.423168    33.8645       1584     6.5958  0.000e+00
    164.252     6.8935   3.423061    33.8638       1585     6.6000  0.000e+00
    164.175     6.8929   3.422992    33.8637       1586     6.6042  0.000e+00
    164.100     6.8923   3.422979    33.8642       1587     6.6083  0.000e+00
    164.015     6.8920   3.422860    33.8632       1588     6.6125  0.000e+00
    163.935     6.8915   3.422898    33.8642       1589     6.6167  0.000e+00
    163.861     6.8913   3.423023    33.8657       1590     6.6208  0.000e+00
    163.781     6.8913   3.422816    33.8635       1591     6.6250  0.000e+00
    163.707     6.8911   3.422690    33.8624       1592     6.6292  0.000e+00
    163.627     6.8908   3.422659    33.8624       1593     6.6333  0.000e+00
    163.547     6.8904   3.422665    33.8628       1594     6.6375  0.000e+00
    163.476     6.8902   3.422665    33.8631       1595     6.6417  0.000e+00
    163.398     6.8899   3.422571    33.8624       1596     6.6458  0.000e+00
    163.327     6.8898   3.422646    33.8634       1597     6.6500  0.000e+00
    163.264     6.8897   3.422684    33.8639       1598     6.6542  0.000e+00
    163.200     6.8899   3.422564    33.8625       1599     6.6583  0.000e+00
    163.137     6.8899   3.422458    33.8613       1600     6.6625  0.000e+00
    163.090     6.8894   3.422395    33.8611       1601     6.6667  0.000e+00
    163.041     6.8891   3.422439    33.8619       1602     6.6708  0.000e+00
    162.995     6.8890   3.422420    33.8619       1603     6.6750  0.000e+00
    162.953     6.8889   3.422439    33.8621       1604     6.6792  0.000e+00
    162.914     6.8890   3.422420    33.8618       1605     6.6833  0.000e+00
    162.879     6.8889   3.422395    33.8617       1606     6.6875  0.000e+00
    162.843     6.8889   3.422332    33.8610       1607     6.6917  0.000e+00
    162.798     6.8887   3.422307    33.8610       1608     6.6958  0.000e+00
    162.751     6.8885   3.422231    33.8604       1609     6.7000  0.000e+00
    162.696     6.8883   3.422294    33.8612       1610     6.7042  0.000e+00
    162.642     6.8882   3.422244    33.8608       1611     6.7083  0.000e+00
    162.577     6.8880   3.422187    33.8605       1612     6.7125  0.000e+00
    162.501     6.8880   3.422024    33.8587       1613     6.7167  0.000e+00
    162.426     6.8876   3.421917    33.8580       1614     6.7208  0.000e+00
    162.346     6.8870   3.421873    33.8581       1615     6.7250  0.000e+00
    162.261     6.8867   3.421892    33.8587       1616     6.7292  0.000e+00
    162.172     6.8867   3.421685    33.8564       1617     6.7333  0.000e+00
    162.091     6.8861   3.421760    33.8578       1618     6.7375  0.000e+00
    162.006     6.8858   3.421063    33.8505       1619     6.7417  0.000e+00
    161.928     6.8847   3.420893    33.8499       1620     6.7458  0.000e+00
    161.844     6.8832   3.420379    33.8456       1621     6.7500  0.000e+00
    161.771     6.8814   3.419499    33.8378       1622     6.7542  0.000e+00
    161.706     6.8786   3.419349    33.8390       1623     6.7583  0.000e+00
    161.646     6.8759   3.419104    33.8389       1624     6.7625  0.000e+00
    161.591     6.8739   3.419022    33.8400       1625     6.7667  0.000e+00
    161.544     6.8724   3.418978    33.8410       1626     6.7708  0.000e+00
    161.501     6.8714   3.418897    33.8412       1627     6.7750  0.000e+00
    161.468     6.8707   3.418872    33.8416       1628     6.7792  0.000e+00
    161.435     6.8701   3.418941    33.8430       1629     6.7833  0.000e+00
    161.408     6.8698   3.418953    33.8434       1630     6.7875  0.000e+00
    161.388     6.8698   3.418922    33.8431       1631     6.7917  0.000e+00
    161.374     6.8698   3.418796    33.8417       1632     6.7958  0.000e+00
    161.357     6.8696   3.418696    33.8408       1633     6.8000  0.000e+00
    161.344     6.8691   3.418646    33.8408       1634     6.8042  0.000e+00
    161.331     6.8687   3.418627    33.8409       1635     6.8083  0.000e+00
    161.325     6.8684   3.418627    33.8412       1636     6.8125  0.000e+00
    161.302     6.8682   3.418627    33.8414       1637     6.8167  0.000e+00
    161.284     6.8681   3.418608    33.8414       1638     6.8208  0.000e+00
    161.254     6.8679   3.418608    33.8415       1639     6.8250  0.000e+00
    161.220     6.8678   3.418583    33.8414       1640     6.8292  0.000e+00
    161.175     6.8678   3.418564    33.8412       1641     6.8333  0.000e+00
    161.126     6.8678   3.418564    33.8412       1642     6.8375  0.000e+00
    161.059     6.8677   3.418501    33.8407       1643     6.8417  0.000e+00
    160.990     6.8674   3.418501    33.8410       1644     6.8458  0.000e+00
    160.910     6.8672   3.418476    33.8410       1645     6.8500  0.000e+00
    160.819     6.8673   3.418357    33.8396       1646     6.8542  0.000e+00
    160.723     6.8670   3.418036    33.8364       1647     6.8583  0.000e+00
    160.627     6.8663   3.417754    33.8340       1648     6.8625  0.000e+00
    160.526     6.8653   3.417672    33.8342       1649     6.8667  0.000e+00
    160.417     6.8643   3.417553    33.8339       1650     6.8708  0.000e+00
    160.323     6.8635   3.417377    33.8328       1651     6.8750  0.000e+00
