HB2503/sbe005.cnv
* Sea-Bird SBE 19plus V2 Data File:
* FileName = C:\cruise\data\sbe005.hex
* Software Version Seasave V 7.26.7.121
* Temperature SN = 6128
* Conductivity SN = 6128
* System UpLoad Time = May 28 2025 08:16:24
* NMEA Latitude = 39 58.49 N
* NMEA Longitude = 071 37.88 W
* NMEA UTC (Time) = May 28 2025  08:14:33
** Ship: Henry Bigelow
** Cruise:  HB2502
** Program:  Spring Bottom Trawl
# nquan = 7
# nvalues = 2673                                  
# units = specified
# name 0 = depSM: Depth [salt water, m]
# name 1 = tv290C: Temperature [ITS-90, deg C]
# name 2 = c0S/m: Conductivity [S/m]
# name 3 = sal00: Salinity, Practical [PSU]
# name 4 = scan: Scan Count
# name 5 = timeM: Time, Elapsed [minutes]
# name 6 = flag:  0.000e+00
# span 0 =     -0.009,     97.018                 
# span 1 =     9.5118,    13.1401                 
# span 2 =   0.008951,   3.829509                 
# span 3 =     0.0564,    34.4749                 
# span 4 =         11,       2683                 
# span 5 =     0.0417,    11.1750                 
# span 6 = 0.0000e+00, 0.0000e+00                 
# interval = seconds: 0.25
# start_time = May 28 2025 08:14:33 [NMEA time, header]
# bad_flag = -9.990e-29
*END*
[from data line 2257]
     16.977    11.0764   3.672295    32.6181       2268     9.4458  0.000e+00
     16.953    11.0770   3.671888    32.6136       2269     9.4500  0.000e+00
     16.925    11.0772   3.671481    32.6094       2270     9.4542  0.000e+00
     16.897    11.0769   3.670867    32.6037       2271     9.4583  0.000e+00
     16.872    11.0759   3.671287    32.6087       2272     9.4625  0.000e+00
     16.855    11.0754   3.671998    32.6161       2273     9.4667  0.000e+00
     16.828    11.0760   3.672088    32.6166       2274     9.4708  0.000e+00
     16.812    11.0764   3.671933    32.6146       2275     9.4750  0.000e+00
     16.788    11.0767   3.672811    32.6230       2276     9.4792  0.000e+00
     16.764    11.0776   3.672559    32.6198       2277     9.4833  0.000e+00
     16.748    11.0784   3.672947    32.6229       2278     9.4875  0.000e+00
     16.735    11.0790   3.672973    32.6227       2279     9.4917  0.000e+00
     16.715    11.0794   3.672837    32.6209       2280     9.4958  0.000e+00
     16.704    11.0795   3.672340    32.6160       2281     9.5000  0.000e+00
     16.695    11.0794   3.672043    32.6131       2282     9.5042  0.000e+00
     16.689    11.0789   3.672811    32.6212       2283     9.5083  0.000e+00
     16.676    11.0789   3.672882    32.6218       2284     9.5125  0.000e+00
     16.669    11.0793   3.672747    32.6202       2285     9.5167  0.000e+00
     16.654    11.0792   3.672947    32.6223       2286     9.5208  0.000e+00
     16.636    11.0792   3.672986    32.6227       2287     9.5250  0.000e+00
     16.616    11.0791   3.672992    32.6228       2288     9.5292  0.000e+00
     16.600    11.0792   3.672973    32.6225       2289     9.5333  0.000e+00
     16.577    11.0791   3.672992    32.6228       2290     9.5375  0.000e+00
     16.552    11.0788   3.672928    32.6225       2291     9.5417  0.000e+00
     16.521    11.0787   3.672792    32.6212       2292     9.5458  0.000e+00
     16.495    11.0785   3.672708    32.6205       2293     9.5500  0.000e+00
     16.459    11.0785   3.672611    32.6196       2294     9.5542  0.000e+00
     16.426    11.0790   3.672540    32.6185       2295     9.5583  0.000e+00
     16.386    11.0789   3.672430    32.6176       2296     9.5625  0.000e+00
     16.348    11.0791   3.672340    32.6165       2297     9.5667  0.000e+00
     16.314    11.0791   3.672107    32.6142       2298     9.5708  0.000e+00
     16.279    11.0791   3.671888    32.6121       2299     9.5750  0.000e+00
     16.243    11.0787   3.672023    32.6138       2300     9.5792  0.000e+00
     16.212    11.0785   3.671435    32.6081       2301     9.5833  0.000e+00
     16.166    11.0779   3.672159    32.6158       2302     9.5875  0.000e+00
     16.141    11.0778   3.671267    32.6071       2303     9.5917  0.000e+00
     16.112    11.0775   3.670983    32.6046       2304     9.5958  0.000e+00
     16.084    11.0768   3.671590    32.6112       2305     9.6000  0.000e+00
     16.055    11.0765   3.671907    32.6146       2306     9.6042  0.000e+00
     16.031    11.0769   3.671862    32.6139       2307     9.6083  0.000e+00
     16.006    11.0774   3.671739    32.6122       2308     9.6125  0.000e+00
     15.992    11.0775   3.671571    32.6104       2309     9.6167  0.000e+00
     15.975    11.0773   3.671545    32.6104       2310     9.6208  0.000e+00
     15.960    11.0773   3.671093    32.6059       2311     9.6250  0.000e+00
     15.943    11.0768   3.670983    32.6053       2312     9.6292  0.000e+00
     15.930    11.0762   3.671048    32.6065       2313     9.6333  0.000e+00
     15.913    11.0758   3.671364    32.6099       2314     9.6375  0.000e+00
     15.899    11.0760   3.671274    32.6089       2315     9.6417  0.000e+00
     15.886    11.0761   3.671571    32.6117       2316     9.6458  0.000e+00
     15.875    11.0765   3.671526    32.6110       2317     9.6500  0.000e+00
     15.860    11.0768   3.671564    32.6111       2318     9.6542  0.000e+00
     15.849    11.0769   3.671319    32.6086       2319     9.6583  0.000e+00
     15.835    11.0770   3.671390    32.6092       2320     9.6625  0.000e+00
     15.816    11.0770   3.671345    32.6087       2321     9.6667  0.000e+00
     15.802    11.0770   3.671319    32.6085       2322     9.6708  0.000e+00
     15.778    11.0767   3.671364    32.6092       2323     9.6750  0.000e+00
     15.758    11.0769   3.671306    32.6085       2324     9.6792  0.000e+00
     15.723    11.0767   3.671364    32.6093       2325     9.6833  0.000e+00
     15.694    11.0767   3.670757    32.6032       2326     9.6875  0.000e+00
     15.663    11.0762   3.670757    32.6037       2327     9.6917  0.000e+00
     15.627    11.0759   3.670370    32.6002       2328     9.6958  0.000e+00
     15.587    11.0751   3.670467    32.6019       2329     9.7000  0.000e+00
     15.548    11.0745   3.670350    32.6012       2330     9.7042  0.000e+00
     15.514    11.0743   3.670505    32.6030       2331     9.7083  0.000e+00
     15.472    11.0740   3.669872    32.5970       2332     9.7125  0.000e+00
     15.431    11.0732   3.669763    32.5966       2333     9.7167  0.000e+00
     15.389    11.0727   3.669627    32.5958       2334     9.7208  0.000e+00
     15.357    11.0720   3.669601    32.5962       2335     9.7250  0.000e+00
     15.323    11.0715   3.669537    32.5959       2336     9.7292  0.000e+00
     15.290    11.0713   3.669556    32.5963       2337     9.7333  0.000e+00
     15.257    11.0715   3.669491    32.5956       2338     9.7375  0.000e+00
     15.237    11.0712   3.669453    32.5954       2339     9.7417  0.000e+00
     15.219    11.0711   3.669330    32.5943       2340     9.7458  0.000e+00
     15.203    11.0712   3.669446    32.5954       2341     9.7500  0.000e+00
     15.185    11.0710   3.669401    32.5951       2342     9.7542  0.000e+00
     15.173    11.0709   3.669401    32.5952       2343     9.7583  0.000e+00
     15.168    11.0709   3.669420    32.5954       2344     9.7625  0.000e+00
     15.159    11.0710   3.669349    32.5946       2345     9.7667  0.000e+00
     15.149    11.0709   3.669311    32.5943       2346     9.7708  0.000e+00
     15.139    11.0711   3.669285    32.5939       2347     9.7750  0.000e+00
     15.119    11.0711   3.669220    32.5932       2348     9.7792  0.000e+00
     15.101    11.0708   3.669220    32.5935       2349     9.7833  0.000e+00
     15.073    11.0707   3.669220    32.5936       2350     9.7875  0.000e+00
     15.053    11.0707   3.669375    32.5951       2351     9.7917  0.000e+00
     15.013    11.0718   3.669898    32.5994       2352     9.7958  0.000e+00
     14.969    11.0752   3.670053    32.5979       2353     9.8000  0.000e+00
     14.937    11.0792   3.669898    32.5929       2354     9.8042  0.000e+00
     14.895    11.0821   3.669646    32.5878       2355     9.8083  0.000e+00
     14.837    11.0838   3.669401    32.5840       2356     9.8125  0.000e+00
     14.784    11.0847   3.669355    32.5827       2357     9.8167  0.000e+00
     14.742    11.0858   3.669491    32.5831       2358     9.8208  0.000e+00
     14.692    11.0879   3.669536    32.5816       2359     9.8250  0.000e+00
     14.640    11.0908   3.669736    32.5811       2360     9.8292  0.000e+00
     14.597    11.0955   3.669995    32.5795       2361     9.8333  0.000e+00
     14.553    11.1021   3.670188    32.5756       2362     9.8375  0.000e+00
     14.515    11.1086   3.670349    32.5714       2363     9.8417  0.000e+00
     14.478    11.1144   3.670440    32.5672       2364     9.8458  0.000e+00
     14.448    11.1187   3.670504    32.5641       2365     9.8500  0.000e+00
     14.423    11.1218   3.670621    32.5624       2366     9.8542  0.000e+00
     14.392    11.1243   3.670775    32.5618       2367     9.8583  0.000e+00
     14.369    11.1268   3.670866    32.5605       2368     9.8625  0.000e+00
     14.353    11.1295   3.670956    32.5590       2369     9.8667  0.000e+00
     14.339    11.1316   3.671137    32.5589       2370     9.8708  0.000e+00
     14.323    11.1338   3.671156    32.5571       2371     9.8750  0.000e+00
     14.306    11.1354   3.671137    32.5556       2372     9.8792  0.000e+00
     14.295    11.1362   3.671047    32.5540       2373     9.8833  0.000e+00
     14.281    11.1367   3.671137    32.5544       2374     9.8875  0.000e+00
     14.266    11.1368   3.671137    32.5543       2375     9.8917  0.000e+00
     14.252    11.1371   3.671156    32.5543       2376     9.8958  0.000e+00
     14.235    11.1373   3.671163    32.5542       2377     9.9000  0.000e+00
     14.214    11.1374   3.671137    32.5538       2378     9.9042  0.000e+00
     14.187    11.1376   3.671072    32.5531       2379     9.9083  0.000e+00
     14.164    11.1373   3.671072    32.5533       2380     9.9125  0.000e+00
     14.136    11.1370   3.671001    32.5529       2381     9.9167  0.000e+00
     14.112    11.1365   3.670963    32.5530       2382     9.9208  0.000e+00
     14.081    11.1364   3.670956    32.5530       2383     9.9250  0.000e+00
     14.052    11.1363   3.670711    32.5507       2384     9.9292  0.000e+00
     14.012    11.1364   3.670575    32.5493       2385     9.9333  0.000e+00
     13.972    11.1364   3.670685    32.5504       2386     9.9375  0.000e+00
     13.935    11.1378   3.671092    32.5532       2387     9.9417  0.000e+00
     13.897    11.1420   3.671479    32.5533       2388     9.9458  0.000e+00
     13.852    11.1477   3.671886    32.5523       2389     9.9500  0.000e+00
     13.814    11.1550   3.672157    32.5485       2390     9.9542  0.000e+00
     13.768    11.1622   3.672402    32.5446       2391     9.9583  0.000e+00
     13.719    11.1684   3.672383    32.5389       2392     9.9625  0.000e+00
     13.674    11.1731   3.672383    32.5348       2393     9.9667  0.000e+00
     13.621    11.1757   3.672790    32.5365       2394     9.9708  0.000e+00
     13.575    11.1807   3.675077    32.5546       2395     9.9750  0.000e+00
     13.524    11.1938   3.676007    32.5522       2396     9.9792  0.000e+00
     13.478    11.2095   3.676459    32.5429       2397     9.9833  0.000e+00
     13.427    11.2233   3.679787    32.5635       2398     9.9875  0.000e+00
     13.376    11.2477   3.681856    32.5623       2399     9.9917  0.000e+00
     13.328    11.2738   3.676477    32.4864       2400     9.9958  0.000e+00
     13.285    11.2708   3.680698    32.5305       2401    10.0000  0.000e+00
     13.242    11.2782   3.682702    32.5437       2402    10.0042  0.000e+00
     13.205    11.2966   3.681583    32.5165       2403    10.0083  0.000e+00
     13.169    11.3078   3.679812    32.4892       2404    10.0125  0.000e+00
     13.136    11.3057   3.680517    32.4981       2405    10.0167  0.000e+00
     13.102    11.3042   3.682372    32.5176       2406    10.0208  0.000e+00
     13.073    11.3115   3.682851    32.5159       2407    10.0250  0.000e+00
     13.044    11.3205   3.685075    32.5298       2408    10.0292  0.000e+00
     13.017    11.3358   3.686440    32.5297       2409    10.0333  0.000e+00
     12.997    11.3525   3.685101    32.5019       2410    10.0375  0.000e+00
     12.972    11.3585   3.682417    32.4703       2411    10.0417  0.000e+00
     12.952    11.3504   3.683626    32.4893       2412    10.0458  0.000e+00
     12.925    11.3469   3.686052    32.5161       2413    10.0500  0.000e+00
     12.902    11.3555   3.686983    32.5177       2414    10.0542  0.000e+00
     12.873    11.3673   3.686310    32.5007       2415    10.0583  0.000e+00
     12.850    11.3735   3.685851    32.4908       2416    10.0625  0.000e+00
     12.817    11.3741   3.688963    32.5208       2417    10.0667  0.000e+00
     12.786    11.3863   3.690354    32.5237       2418    10.0708  0.000e+00
     12.752    11.4023   3.690554    32.5116       2419    10.0750  0.000e+00
     12.712    11.4146   3.690470    32.4999       2420    10.0792  0.000e+00
     12.668    11.4222   3.690444    32.4931       2421    10.0833  0.000e+00
     12.621    11.4269   3.690806    32.4925       2422    10.0875  0.000e+00
     12.575    11.4304   3.691123    32.4925       2423    10.0917  0.000e+00
     12.525    11.4336   3.690838    32.4869       2424    10.0958  0.000e+00
     12.474    11.4349   3.689919    32.4769       2425    10.1000  0.000e+00
     12.418    11.4329   3.690146    32.4808       2426    10.1042  0.000e+00
     12.363    11.4302   3.689486    32.4768       2427    10.1083  0.000e+00
     12.311    11.4266   3.689751    32.4825       2428    10.1125  0.000e+00
     12.251    11.4248   3.690010    32.4867       2429    10.1167  0.000e+00
     12.194    11.4243   3.689919    32.4862       2430    10.1208  0.000e+00
     12.147    11.4248   3.690353    32.4901       2431    10.1250  0.000e+00
     12.095    11.4259   3.691117    32.4966       2432    10.1292  0.000e+00
     12.041    11.4297   3.690579    32.4880       2433    10.1333  0.000e+00
     11.991    11.4317   3.691123    32.4916       2434    10.1375  0.000e+00
     11.944    11.4340   3.691990    32.4981       2435    10.1417  0.000e+00
     11.898    11.4390   3.692851    32.5021       2436    10.1458  0.000e+00
     11.857    11.4465   3.693013    32.4972       2437    10.1500  0.000e+00
     11.823    11.4526   3.693013    32.4918       2438    10.1542  0.000e+00
     11.792    11.4567   3.693039    32.4885       2439    10.1583  0.000e+00
     11.767    11.4591   3.693084    32.4868       2440    10.1625  0.000e+00
     11.738    11.4605   3.693155    32.4863       2441    10.1667  0.000e+00
     11.722    11.4618   3.693220    32.4858       2442    10.1708  0.000e+00
     11.702    11.4628   3.693239    32.4852       2443    10.1750  0.000e+00
     11.683    11.4635   3.693265    32.4847       2444    10.1792  0.000e+00
     11.668    11.4641   3.693330    32.4849       2445    10.1833  0.000e+00
     11.648    11.4646   3.693382    32.4850       2446    10.1875  0.000e+00
     11.629    11.4653   3.693427    32.4848       2447    10.1917  0.000e+00
     11.608    11.4658   3.693401    32.4842       2448    10.1958  0.000e+00
     11.588    11.4661   3.693395    32.4838       2449    10.2000  0.000e+00
     11.544    11.4660   3.692152    32.4717       2450    10.2042  0.000e+00
     11.517    11.4624   3.691537    32.4689       2451    10.2083  0.000e+00
     11.468    11.4555   3.692352    32.4829       2452    10.2125  0.000e+00
     11.421    11.4534   3.692443    32.4857       2453    10.2167  0.000e+00
     11.370    11.4539   3.693174    32.4925       2454    10.2208  0.000e+00
     11.314    11.4563   3.691718    32.4761       2455    10.2250  0.000e+00
     11.253    11.4548   3.691103    32.4714       2456    10.2292  0.000e+00
     11.189    11.4496   3.691336    32.4783       2457    10.2333  0.000e+00
     11.120    11.4461   3.691647    32.4845       2458    10.2375  0.000e+00
     11.048    11.4452   3.691511    32.4840       2459    10.2417  0.000e+00
     10.982    11.4448   3.691601    32.4852       2460    10.2458  0.000e+00
     10.912    11.4448   3.690773    32.4771       2461    10.2500  0.000e+00
     10.845    11.4423   3.690831    32.4799       2462    10.2542  0.000e+00
     10.786    11.4392   3.691168    32.4860       2463    10.2583  0.000e+00
     10.726    11.4390   3.691213    32.4867       2464    10.2625  0.000e+00
     10.666    11.4399   3.691465    32.4883       2465    10.2667  0.000e+00
     10.618    11.4411   3.691375    32.4864       2466    10.2708  0.000e+00
     10.571    11.4420   3.691349    32.4854       2467    10.2750  0.000e+00
     10.522    11.4422   3.691601    32.4877       2468    10.2792  0.000e+00
     10.487    11.4433   3.691401    32.4848       2469    10.2833  0.000e+00
     10.447    11.4434   3.691530    32.4860       2470    10.2875  0.000e+00
     10.415    11.4438   3.691692    32.4872       2471    10.2917  0.000e+00
