HB2503/sbe007.cnv
* Sea-Bird SBE 19plus V2 Data File:
* FileName = C:\cruise\data\sbe007.hex
* Software Version Seasave V 7.26.7.121
* Temperature SN = 6128
* Conductivity SN = 6128
* System UpLoad Time = May 28 2025 11:52:20
* NMEA Latitude = 39 59.42 N
* NMEA Longitude = 072 12.01 W
* NMEA UTC (Time) = May 28 2025  11:50:29
** Ship: Henry Bigelow
** Cruise:  HB2502
** Program:  Spring Bottom Trawl
# nquan = 7
# nvalues = 1919                                  
# units = specified
# name 0 = depSM: Depth [salt water, m]
# name 1 = tv290C: Temperature [ITS-90, deg C]
# name 2 = c0S/m: Conductivity [S/m]
# name 3 = sal00: Salinity, Practical [PSU]
# name 4 = scan: Scan Count
# name 5 = timeM: Time, Elapsed [minutes]
# name 6 = flag:  0.000e+00
# span 0 =      0.030,     78.399                 
# span 1 =     6.0486,    13.7402                 
# span 2 =   0.022638,   3.871542                 
# span 3 =     0.1388,    32.8918                 
# span 4 =         11,       1929                 
# span 5 =     0.0417,     8.0333                 
# span 6 = 0.0000e+00, 0.0000e+00                 
# interval = seconds: 0.25
# start_time = May 28 2025 11:50:29 [NMEA time, header]
# bad_flag = -9.990e-29
*END*
[from data line 1026]
     45.180     6.6192   3.296536    32.7954       1037     4.3167  0.000e+00
     45.113     6.6227   3.296580    32.7927       1038     4.3208  0.000e+00
     45.051     6.6256   3.296710    32.7913       1039     4.3250  0.000e+00
     44.995     6.6279   3.297124    32.7937       1040     4.3292  0.000e+00
     44.940     6.6308   3.297124    32.7910       1041     4.3333  0.000e+00
     44.890     6.6334   3.296932    32.7863       1042     4.3375  0.000e+00
     44.841     6.6345   3.297267    32.7890       1043     4.3417  0.000e+00
     44.778     6.6357   3.297273    32.7879       1044     4.3458  0.000e+00
     44.718     6.6370   3.297291    32.7869       1045     4.3500  0.000e+00
     44.655     6.6381   3.297347    32.7866       1046     4.3542  0.000e+00
     44.592     6.6385   3.297273    32.7853       1047     4.3583  0.000e+00
     44.526     6.6390   3.297502    32.7875       1048     4.3625  0.000e+00
     44.470     6.6397   3.297625    32.7882       1049     4.3667  0.000e+00
     44.403     6.6411   3.297644    32.7871       1050     4.3708  0.000e+00
     44.327     6.6420   3.297712    32.7870       1051     4.3750  0.000e+00
     44.255     6.6433   3.298133    32.7904       1052     4.3792  0.000e+00
     44.186     6.6458   3.298145    32.7882       1053     4.3833  0.000e+00
     44.111     6.6482   3.298195    32.7865       1054     4.3875  0.000e+00
     44.037     6.6497   3.298089    32.7839       1055     4.3917  0.000e+00
     43.963     6.6506   3.298065    32.7828       1056     4.3958  0.000e+00
     43.886     6.6511   3.298133    32.7831       1057     4.4000  0.000e+00
     43.807     6.6515   3.298071    32.7821       1058     4.4042  0.000e+00
     43.734     6.6513   3.297879    32.7803       1059     4.4083  0.000e+00
     43.660     6.6510   3.297805    32.7797       1060     4.4125  0.000e+00
     43.591     6.6503   3.297897    32.7814       1061     4.4167  0.000e+00
     43.514     6.6498   3.297879    32.7818       1062     4.4208  0.000e+00
     43.440     6.6497   3.297786    32.7808       1063     4.4250  0.000e+00
     43.366     6.6498   3.297353    32.7760       1064     4.4292  0.000e+00
     43.293     6.6489   3.297353    32.7769       1065     4.4333  0.000e+00
     43.223     6.6481   3.297291    32.7771       1066     4.4375  0.000e+00
     43.154     6.6475   3.297123    32.7758       1067     4.4417  0.000e+00
     43.087     6.6470   3.296956    32.7745       1068     4.4458  0.000e+00
     43.027     6.6464   3.296894    32.7744       1069     4.4500  0.000e+00
     42.958     6.6457   3.296987    32.7761       1070     4.4542  0.000e+00
     42.900     6.6452   3.297000    32.7768       1071     4.4583  0.000e+00
     42.840     6.6451   3.297142    32.7785       1072     4.4625  0.000e+00
     42.773     6.6454   3.297080    32.7776       1073     4.4667  0.000e+00
     42.721     6.6455   3.296987    32.7764       1074     4.4708  0.000e+00
     42.661     6.6451   3.296913    32.7760       1075     4.4750  0.000e+00
     42.606     6.6449   3.296851    32.7756       1076     4.4792  0.000e+00
     42.548     6.6446   3.296845    32.7758       1077     4.4833  0.000e+00
     42.491     6.6443   3.296870    32.7764       1078     4.4875  0.000e+00
     42.430     6.6444   3.296870    32.7763       1079     4.4917  0.000e+00
     42.372     6.6445   3.296851    32.7761       1080     4.4958  0.000e+00
     42.319     6.6446   3.297006    32.7777       1081     4.5000  0.000e+00
     42.258     6.6456   3.296894    32.7756       1082     4.5042  0.000e+00
     42.203     6.6468   3.297309    32.7790       1083     4.5083  0.000e+00
     42.146     6.6484   3.297346    32.7778       1084     4.5125  0.000e+00
     42.082     6.6504   3.297816    32.7812       1085     4.5167  0.000e+00
     42.019     6.6532   3.298027    32.7808       1086     4.5208  0.000e+00
     41.951     6.6567   3.298887    32.7871       1087     4.5250  0.000e+00
     41.883     6.6618   3.301017    32.8056       1088     4.5292  0.000e+00
     41.816     6.6715   3.301828    32.8053       1089     4.5333  0.000e+00
     41.745     6.6829   3.301791    32.7940       1090     4.5375  0.000e+00
     41.669     6.6911   3.302193    32.7906       1091     4.5417  0.000e+00
     41.591     6.6972   3.302881    32.7924       1092     4.5458  0.000e+00
     41.511     6.7027   3.302695    32.7851       1093     4.5500  0.000e+00
     41.438     6.7066   3.303537    32.7907       1094     4.5542  0.000e+00
     41.368     6.7114   3.304355    32.7952       1095     4.5583  0.000e+00
     41.292     6.7171   3.304627    32.7927       1096     4.5625  0.000e+00
     41.212     6.7224   3.303376    32.7739       1097     4.5667  0.000e+00
     41.138     6.7223   3.303872    32.7795       1098     4.5708  0.000e+00
     41.064     6.7221   3.305259    32.7950       1099     4.5750  0.000e+00
     41.002     6.7272   3.306083    32.7992       1100     4.5792  0.000e+00
     40.933     6.7342   3.306436    32.7964       1101     4.5833  0.000e+00
     40.876     6.7402   3.308549    32.8140       1102     4.5875  0.000e+00
     40.810     6.7512   3.310384    32.8236       1103     4.5917  0.000e+00
     40.755     6.7671   3.310861    32.8137       1104     4.5958  0.000e+00
     40.697     6.7809   3.312746    32.8212       1105     4.6000  0.000e+00
     40.650     6.7962   3.315196    32.8336       1106     4.6042  0.000e+00
     40.594     6.8187   3.315816    32.8189       1107     4.6083  0.000e+00
     40.543     6.8394   3.314835    32.7883       1108     4.6125  0.000e+00
     40.499     6.8523   3.312193    32.7471       1109     4.6167  0.000e+00
     40.451     6.8534   3.311263    32.7359       1110     4.6208  0.000e+00
     40.396     6.8482   3.310656    32.7341       1111     4.6250  0.000e+00
     40.343     6.8418   3.302334    32.6490       1112     4.6292  0.000e+00
     40.286     6.8181   3.290445    32.5412       1113     4.6333  0.000e+00
     40.227     6.7687   3.286451    32.5443       1114     4.6375  0.000e+00
     40.165     6.7147   3.285030    32.5800       1115     4.6417  0.000e+00
     40.101     6.6741   3.283065    32.5970       1116     4.6458  0.000e+00
     40.028     6.6407   3.266070    32.4417       1117     4.6500  0.000e+00
     39.953     6.5883   3.261539    32.4415       1118     4.6542  0.000e+00
     39.884     6.5289   3.260585    32.4875       1119     4.6583  0.000e+00
     39.801     6.4847   3.260277    32.5262       1120     4.6625  0.000e+00
     39.723     6.4563   3.259612    32.5459       1121     4.6667  0.000e+00
     39.643     6.4380   3.258250    32.5484       1122     4.6708  0.000e+00
     39.555     6.4233   3.257332    32.5523       1123     4.6750  0.000e+00
     39.469     6.4117   3.257542    32.5657       1124     4.6792  0.000e+00
     39.378     6.4054   3.258183    32.5789       1125     4.6833  0.000e+00
     39.297     6.4050   3.262287    32.6248       1126     4.6875  0.000e+00
     39.208     6.4188   3.267176    32.6658       1127     4.6917  0.000e+00
     39.119     6.4483   3.271137    32.6815       1128     4.6958  0.000e+00
     39.039     6.4855   3.272636    32.6625       1129     4.7000  0.000e+00
     38.954     6.5193   3.273407    32.6387       1130     4.7042  0.000e+00
     38.882     6.5452   3.274450    32.6256       1131     4.7083  0.000e+00
     38.809     6.5656   3.276728    32.6312       1132     4.7125  0.000e+00
     38.740     6.5861   3.278098    32.6269       1133     4.7167  0.000e+00
     38.680     6.6059   3.278636    32.6139       1134     4.7208  0.000e+00
     38.615     6.6215   3.278994    32.6030       1135     4.7250  0.000e+00
     38.558     6.6330   3.279383    32.5964       1136     4.7292  0.000e+00
     38.498     6.6417   3.280056    32.5955       1137     4.7333  0.000e+00
     38.443     6.6495   3.281810    32.6075       1138     4.7375  0.000e+00
     38.386     6.6602   3.282879    32.6090       1139     4.7417  0.000e+00
     38.340     6.6724   3.283670    32.6062       1140     4.7458  0.000e+00
     38.289     6.6839   3.284337    32.6026       1141     4.7500  0.000e+00
     38.240     6.6943   3.284862    32.5985       1142     4.7542  0.000e+00
     38.192     6.7030   3.285388    32.5960       1143     4.7583  0.000e+00
     38.140     6.7107   3.286210    32.5977       1144     4.7625  0.000e+00
     38.091     6.7187   3.287118    32.6001       1145     4.7667  0.000e+00
     38.037     6.7271   3.287811    32.5998       1146     4.7708  0.000e+00
     37.983     6.7359   3.288435    32.5983       1147     4.7750  0.000e+00
     37.928     6.7441   3.289362    32.6008       1148     4.7792  0.000e+00
     37.870     6.7529   3.290197    32.6016       1149     4.7833  0.000e+00
     37.807     6.7620   3.290698    32.5985       1150     4.7875  0.000e+00
     37.744     6.7701   3.291205    32.5963       1151     4.7917  0.000e+00
     37.671     6.7773   3.291811    32.5962       1152     4.7958  0.000e+00
     37.598     6.7842   3.292758    32.6000       1153     4.8000  0.000e+00
     37.525     6.7921   3.293698    32.6029       1154     4.8042  0.000e+00
     37.444     6.8011   3.295028    32.6090       1155     4.8083  0.000e+00
     37.362     6.8121   3.296260    32.6121       1156     4.8125  0.000e+00
     37.280     6.8242   3.297621    32.6155       1157     4.8167  0.000e+00
     37.201     6.8376   3.299218    32.6204       1158     4.8208  0.000e+00
     37.119     6.8519   3.300103    32.6165       1159     4.8250  0.000e+00
     37.041     6.8657   3.300797    32.6110       1160     4.8292  0.000e+00
     36.967     6.8769   3.302394    32.6179       1161     4.8333  0.000e+00
     36.887     6.8899   3.306520    32.6508       1162     4.8375  0.000e+00
     36.814     6.9135   3.313903    32.7093       1163     4.8417  0.000e+00
     36.750     6.9549   3.320355    32.7405       1164     4.8458  0.000e+00
     36.694     7.0118   3.326650    32.7552       1165     4.8500  0.000e+00
     36.633     7.0750   3.329663    32.7279       1166     4.8542  0.000e+00
     36.572     7.1317   3.329643    32.6740       1167     4.8583  0.000e+00
     36.521     7.1714   3.327984    32.6184       1168     4.8625  0.000e+00
     36.470     7.1923   3.325841    32.5755       1169     4.8667  0.000e+00
     36.417     7.2000   3.325046    32.5596       1170     4.8708  0.000e+00
     36.369     7.2018   3.325058    32.5580       1171     4.8750  0.000e+00
     36.323     7.2037   3.325096    32.5566       1172     4.8792  0.000e+00
     36.274     7.2066   3.325145    32.5545       1173     4.8833  0.000e+00
     36.221     7.2092   3.324419    32.5442       1174     4.8875  0.000e+00
     36.171     7.2101   3.324804    32.5476       1175     4.8917  0.000e+00
     36.116     7.2107   3.324381    32.5425       1176     4.8958  0.000e+00
     36.060     7.2107   3.323971    32.5380       1177     4.9000  0.000e+00
     36.002     7.2097   3.324903    32.5490       1178     4.9042  0.000e+00
     35.940     7.2118   3.325841    32.5573       1179     4.9083  0.000e+00
     35.879     7.2171   3.326244    32.5567       1180     4.9125  0.000e+00
     35.808     7.2237   3.326735    32.5559       1181     4.9167  0.000e+00
     35.739     7.2303   3.327772    32.5609       1182     4.9208  0.000e+00
     35.670     7.2386   3.328194    32.5577       1183     4.9250  0.000e+00
     35.600     7.2469   3.329480    32.5639       1184     4.9292  0.000e+00
     35.533     7.2567   3.331848    32.5804       1185     4.9333  0.000e+00
     35.463     7.2723   3.334017    32.5892       1186     4.9375  0.000e+00
     35.387     7.2920   3.336062    32.5928       1187     4.9417  0.000e+00
     35.324     7.3146   3.340173    32.6161       1188     4.9458  0.000e+00
     35.252     7.3451   3.344323    32.6323       1189     4.9500  0.000e+00
     35.179     7.3828   3.349117    32.6487       1190     4.9542  0.000e+00
     35.108     7.4269   3.353402    32.6535       1191     4.9583  0.000e+00
     35.037     7.4739   3.356910    32.6471       1192     4.9625  0.000e+00
     34.972     7.5202   3.358861    32.6247       1193     4.9667  0.000e+00
     34.912     7.5596   3.361124    32.6121       1194     4.9708  0.000e+00
     34.850     7.5930   3.362701    32.5977       1195     4.9750  0.000e+00
     34.790     7.6222   3.365839    32.6041       1196     4.9792  0.000e+00
     34.732     7.6502   3.365627    32.5756       1197     4.9833  0.000e+00
     34.678     7.6699   3.368678    32.5900       1198     4.9875  0.000e+00
     34.619     7.6907   3.370382    32.5888       1199     4.9917  0.000e+00
     34.562     7.7123   3.370994    32.5752       1200     4.9958  0.000e+00
     34.511     7.7295   3.372448    32.5747       1201     5.0000  0.000e+00
     34.462     7.7458   3.374203    32.5783       1202     5.0042  0.000e+00
     34.411     7.7630   3.378276    32.6058       1203     5.0083  0.000e+00
     34.362     7.7878   3.380669    32.6083       1204     5.0125  0.000e+00
     34.313     7.8150   3.382638    32.6040       1205     5.0167  0.000e+00
     34.263     7.8415   3.384695    32.6012       1206     5.0208  0.000e+00
     34.212     7.8662   3.388529    32.6191       1207     5.0250  0.000e+00
     34.167     7.8956   3.391676    32.6253       1208     5.0292  0.000e+00
     34.121     7.9283   3.395150    32.6319       1209     5.0333  0.000e+00
     34.084     7.9627   3.393754    32.5849       1210     5.0375  0.000e+00
     34.039     7.9876   3.399433    32.6222       1211     5.0417  0.000e+00
     33.994     8.0113   3.404771    32.6570       1212     5.0458  0.000e+00
     33.951     8.0522   3.413475    32.7114       1213     5.0500  0.000e+00
     33.909     8.1120   3.419236    32.7168       1214     5.0542  0.000e+00
     33.870     8.1785   3.424228    32.7078       1215     5.0583  0.000e+00
     33.826     8.2428   3.425447    32.6609       1216     5.0625  0.000e+00
     33.777     8.2918   3.426049    32.6217       1217     5.0667  0.000e+00
     33.732     8.3247   3.426577    32.5968       1218     5.0708  0.000e+00
     33.680     8.3463   3.427839    32.5902       1219     5.0750  0.000e+00
     33.623     8.3633   3.429429    32.5912       1220     5.0792  0.000e+00
     33.569     8.3800   3.431076    32.5932       1221     5.0833  0.000e+00
     33.505     8.3980   3.431453    32.5805       1222     5.0875  0.000e+00
     33.447     8.4121   3.431692    32.5700       1223     5.0917  0.000e+00
     33.383     8.4218   3.432119    32.5656       1224     5.0958  0.000e+00
     33.327     8.4292   3.432937    32.5673       1225     5.1000  0.000e+00
     33.260     8.4368   3.434490    32.5767       1226     5.1042  0.000e+00
     33.203     8.4474   3.435930    32.5821       1227     5.1083  0.000e+00
     33.141     8.4613   3.437522    32.5861       1228     5.1125  0.000e+00
     33.087     8.4775   3.440618    32.6036       1229     5.1167  0.000e+00
     33.032     8.5003   3.443809    32.6162       1230     5.1208  0.000e+00
     32.978     8.5295   3.447285    32.6258       1231     5.1250  0.000e+00
     32.925     8.5631   3.449433    32.6172       1232     5.1292  0.000e+00
     32.876     8.5973   3.453011    32.6233       1233     5.1333  0.000e+00
     32.828     8.6347   3.457721    32.6382       1234     5.1375  0.000e+00
     32.783     8.6809   3.462748    32.6482       1235     5.1417  0.000e+00
     32.742     8.7322   3.466553    32.6407       1236     5.1458  0.000e+00
     32.698     8.7831   3.469854    32.6283       1237     5.1500  0.000e+00
     32.662     8.8293   3.472936    32.6180       1238     5.1542  0.000e+00
     32.622     8.8717   3.476189    32.6129       1239     5.1583  0.000e+00
     32.586     8.9109   3.478755    32.6037       1240     5.1625  0.000e+00
