HB2503/sbe053.cnv
* Sea-Bird SBE 19plus V2 Data File:
* FileName = C:\cruise\data\sbe053.hex
* Software Version Seasave V 7.26.7.121
* Temperature SN = 6128
* Conductivity SN = 6128
* System UpLoad Time = Jun 01 2025 20:19:59
* NMEA Latitude = 40 43.77 N
* NMEA Longitude = 070 17.26 W
* NMEA UTC (Time) = Jun 01 2025  20:18:13
** Ship: Henry Bigelow
** Cruise:  HB2502
** Program:  Spring Bottom Trawl
# nquan = 7
# nvalues = 1383                                  
# units = specified
# name 0 = depSM: Depth [salt water, m]
# name 1 = tv290C: Temperature [ITS-90, deg C]
# name 2 = c0S/m: Conductivity [S/m]
# name 3 = sal00: Salinity, Practical [PSU]
# name 4 = scan: Scan Count
# name 5 = timeM: Time, Elapsed [minutes]
# name 6 = flag:  0.000e+00
# span 0 =     -0.157,     42.605                 
# span 1 =     9.0723,    13.2565                 
# span 2 =   0.008696,   3.747325                 
# span 3 =     0.0548,    33.6399                 
# span 4 =         11,       1393                 
# span 5 =     0.0417,     5.8000                 
# span 6 = 0.0000e+00, 0.0000e+00                 
# interval = seconds: 0.25
# start_time = Jun 01 2025 20:18:13 [NMEA time, header]
# bad_flag = -9.990e-29
*END*
[from data line 821]
     23.569     9.1371   3.482107    32.4357        832     3.4625  0.000e+00
     23.441     9.1424   3.482511    32.4351        833     3.4667  0.000e+00
     23.332     9.1479   3.482720    32.4324        834     3.4708  0.000e+00
     23.240     9.1525   3.483169    32.4328        835     3.4750  0.000e+00
     23.164     9.1570   3.483934    32.4367        836     3.4792  0.000e+00
     23.104     9.1632   3.484231    32.4342        837     3.4833  0.000e+00
     23.050     9.1692   3.484231    32.4287        838     3.4875  0.000e+00
     23.006     9.1732   3.484383    32.4267        839     3.4917  0.000e+00
     22.970     9.1761   3.484484    32.4251        840     3.4958  0.000e+00
     22.937     9.1784   3.484724    32.4255        841     3.5000  0.000e+00
     22.904     9.1807   3.484870    32.4249        842     3.5042  0.000e+00
     22.875     9.1829   3.484851    32.4227        843     3.5083  0.000e+00
     22.840     9.1845   3.485123    32.4241        844     3.5125  0.000e+00
     22.800     9.1864   3.485622    32.4275        845     3.5167  0.000e+00
     22.749     9.1894   3.485996    32.4287        846     3.5208  0.000e+00
     22.698     9.1936   3.486147    32.4264        847     3.5250  0.000e+00
     22.631     9.1975   3.486293    32.4245        848     3.5292  0.000e+00
     22.559     9.2003   3.486495    32.4240        849     3.5333  0.000e+00
     22.476     9.2032   3.486723    32.4238        850     3.5375  0.000e+00
     22.379     9.2059   3.486786    32.4221        851     3.5417  0.000e+00
     22.276     9.2083   3.487147    32.4236        852     3.5458  0.000e+00
     22.173     9.2118   3.488602    32.4355        853     3.5500  0.000e+00
     22.070     9.2194   3.490216    32.4453        854     3.5542  0.000e+00
     21.954     9.2319   3.490425    32.4361        855     3.5583  0.000e+00
     21.834     9.2433   3.490513    32.4268        856     3.5625  0.000e+00
     21.717     9.2505   3.490779    32.4230        857     3.5667  0.000e+00
     21.595     9.2562   3.492070    32.4312        858     3.5708  0.000e+00
     21.469     9.2640   3.492963    32.4334        859     3.5750  0.000e+00
     21.348     9.2739   3.493925    32.4344        860     3.5792  0.000e+00
     21.227     9.2845   3.494349    32.4292        861     3.5833  0.000e+00
     21.106     9.2943   3.496103    32.4384        862     3.5875  0.000e+00
     20.987     9.3063   3.497471    32.4417        863     3.5917  0.000e+00
     20.872     9.3206   3.498516    32.4395        864     3.5958  0.000e+00
     20.763     9.3350   3.499859    32.4403        865     3.6000  0.000e+00
     20.663     9.3495   3.500803    32.4369        866     3.6042  0.000e+00
     20.574     9.3631   3.501532    32.4321        867     3.6083  0.000e+00
     20.503     9.3750   3.502235    32.4286        868     3.6125  0.000e+00
     20.442     9.3853   3.502875    32.4259        869     3.6167  0.000e+00
     20.385     9.3947   3.503433    32.4231        870     3.6208  0.000e+00
     20.338     9.4029   3.504270    32.4243        871     3.6250  0.000e+00
     20.296     9.4111   3.505145    32.4259        872     3.6292  0.000e+00
     20.254     9.4199   3.505918    32.4259        873     3.6333  0.000e+00
     20.206     9.4292   3.506711    32.4257        874     3.6375  0.000e+00
     20.155     9.4382   3.507421    32.4248        875     3.6417  0.000e+00
     20.092     9.4468   3.508239    32.4254        876     3.6458  0.000e+00
     20.027     9.4555   3.509222    32.4276        877     3.6500  0.000e+00
     19.950     9.4651   3.510440    32.4315        878     3.6542  0.000e+00
     19.869     9.4761   3.511708    32.4346        879     3.6583  0.000e+00
     19.790     9.4884   3.512761    32.4343        880     3.6625  0.000e+00
     19.700     9.5008   3.515040    32.4465        881     3.6667  0.000e+00
     19.616     9.5170   3.517509    32.4572        882     3.6708  0.000e+00
     19.526     9.5389   3.522977    32.4935        883     3.6750  0.000e+00
     19.432     9.5730   3.527005    32.5038        884     3.6792  0.000e+00
     19.342     9.6151   3.530698    32.5036        885     3.6833  0.000e+00
     19.242     9.6565   3.534418    32.5041        886     3.6875  0.000e+00
     19.147     9.6992   3.536193    32.4837        887     3.6917  0.000e+00
     19.052     9.7351   3.536949    32.4590        888     3.6958  0.000e+00
     18.953     9.7623   3.538184    32.4472        889     3.7000  0.000e+00
     18.849     9.7835   3.538833    32.4347        890     3.7042  0.000e+00
     18.744     9.8001   3.540112    32.4328        891     3.7083  0.000e+00
     18.637     9.8152   3.541238    32.4307        892     3.7125  0.000e+00
     18.523     9.8305   3.542581    32.4307        893     3.7167  0.000e+00
     18.415     9.8456   3.544249    32.4341        894     3.7208  0.000e+00
     18.301     9.8626   3.545376    32.4304        895     3.7250  0.000e+00
     18.181     9.8789   3.547988    32.4422        896     3.7292  0.000e+00
     18.067     9.8982   3.551199    32.4576        897     3.7333  0.000e+00
     17.958     9.9234   3.552442    32.4475        898     3.7375  0.000e+00
     17.851     9.9476   3.554424    32.4460        899     3.7417  0.000e+00
     17.752     9.9708   3.556120    32.4424        900     3.7458  0.000e+00
     17.643     9.9927   3.558976    32.4517        901     3.7500  0.000e+00
     17.552    10.0175   3.566270    32.5034        902     3.7542  0.000e+00
     17.462    10.0572   3.568364    32.4889        903     3.7583  0.000e+00
     17.376    10.1020   3.572591    32.4914        904     3.7625  0.000e+00
     17.304    10.1443   3.578598    32.5142        905     3.7667  0.000e+00
     17.240    10.1931   3.585011    32.5351        906     3.7708  0.000e+00
     17.172    10.2538   3.589900    32.5299        907     3.7750  0.000e+00
     17.108    10.3138   3.593247    32.5099        908     3.7792  0.000e+00
     17.048    10.3671   3.597839    32.5084        909     3.7833  0.000e+00
     16.986    10.4174   3.603541    32.5206        910     3.7875  0.000e+00
     16.919    10.4700   3.605932    32.4977        911     3.7917  0.000e+00
     16.860    10.5177   3.607522    32.4711        912     3.7958  0.000e+00
     16.797    10.5551   3.608766    32.4503        913     3.8000  0.000e+00
     16.726    10.5829   3.611601    32.4539        914     3.8042  0.000e+00
     16.650    10.6090   3.613378    32.4484        915     3.8083  0.000e+00
     16.572    10.6338   3.612601    32.4187        916     3.8125  0.000e+00
     16.492    10.6494   3.618442    32.4631        917     3.8167  0.000e+00
     16.406    10.6742   3.622918    32.4858        918     3.8208  0.000e+00
     16.320    10.7111   3.621556    32.4394        919     3.8250  0.000e+00
     16.233    10.7358   3.624954    32.4514        920     3.8292  0.000e+00
     16.150    10.7599   3.626278    32.4432        921     3.8333  0.000e+00
     16.066    10.7816   3.627061    32.4317        922     3.8375  0.000e+00
     15.989    10.7986   3.627884    32.4249        923     3.8417  0.000e+00
     15.900    10.8117   3.628353    32.4179        924     3.8458  0.000e+00
     15.823    10.8225   3.629671    32.4215        925     3.8500  0.000e+00
     15.739    10.8331   3.630693    32.4223        926     3.8542  0.000e+00
     15.664    10.8445   3.631162    32.4169        927     3.8583  0.000e+00
     15.589    10.8539   3.631323    32.4102        928     3.8625  0.000e+00
     15.515    10.8606   3.633419    32.4251        929     3.8667  0.000e+00
     15.441    10.8709   3.633573    32.4175        930     3.8708  0.000e+00
     15.368    10.8808   3.633927    32.4124        931     3.8750  0.000e+00
     15.292    10.8875   3.634203    32.4092        932     3.8792  0.000e+00
     15.216    10.8930   3.634248    32.4049        933     3.8833  0.000e+00
     15.143    10.8964   3.633553    32.3949        934     3.8875  0.000e+00
     15.071    10.8965   3.635586    32.4151        935     3.8917  0.000e+00
     15.000    10.9013   3.636976    32.4246        936     3.8958  0.000e+00
     14.932    10.9110   3.636615    32.4125        937     3.9000  0.000e+00
     14.869    10.9177   3.636126    32.4017        938     3.9042  0.000e+00
     14.815    10.9201   3.636750    32.4058        939     3.9083  0.000e+00
     14.757    10.9225   3.637052    32.4067        940     3.9125  0.000e+00
     14.709    10.9257   3.637130    32.4047        941     3.9167  0.000e+00
     14.658    10.9277   3.637664    32.4082        942     3.9208  0.000e+00
     14.612    10.9306   3.640553    32.4343        943     3.9250  0.000e+00
     14.558    10.9422   3.641229    32.4307        944     3.9292  0.000e+00
     14.498    10.9545   3.640823    32.4159        945     3.9333  0.000e+00
     14.435    10.9626   3.642143    32.4218        946     3.9375  0.000e+00
     14.364    10.9706   3.642522    32.4186        947     3.9417  0.000e+00
     14.281    10.9784   3.644814    32.4344        948     3.9458  0.000e+00
     14.197    10.9888   3.644318    32.4203        949     3.9500  0.000e+00
     14.109    10.9979   3.645014    32.4192        950     3.9542  0.000e+00
     14.018    11.0058   3.648067    32.4424        951     3.9583  0.000e+00
     13.918    11.0175   3.648962    32.4410        952     3.9625  0.000e+00
     13.835    11.0320   3.650044    32.4389        953     3.9667  0.000e+00
     13.745    11.0471   3.648511    32.4105        954     3.9708  0.000e+00
     13.661    11.0526   3.647950    32.4001        955     3.9750  0.000e+00
     13.587    11.0521   3.649393    32.4149        956     3.9792  0.000e+00
     13.528    11.0545   3.647164    32.3908        957     3.9833  0.000e+00
     13.474    11.0512   3.646539    32.3875        958     3.9875  0.000e+00
     13.430    11.0450   3.653389    32.4607        959     3.9917  0.000e+00
     13.405    11.0604   3.653794    32.4510        960     3.9958  0.000e+00
     13.381    11.0803   3.654426    32.4398        961     4.0000  0.000e+00
     13.365    11.0948   3.654400    32.4267        962     4.0042  0.000e+00
     13.352    11.1043   3.654741    32.4217        963     4.0083  0.000e+00
     13.347    11.1105   3.655528    32.4240        964     4.0125  0.000e+00
     13.338    11.1166   3.656108    32.4244        965     4.0167  0.000e+00
     13.326    11.1230   3.656289    32.4205        966     4.0208  0.000e+00
     13.315    11.1282   3.656424    32.4172        967     4.0250  0.000e+00
     13.294    11.1321   3.655998    32.4096        968     4.0292  0.000e+00
     13.264    11.1333   3.655902    32.4076        969     4.0333  0.000e+00
     13.228    11.1326   3.656024    32.4095        970     4.0375  0.000e+00
     13.175    11.1323   3.655482    32.4044        971     4.0417  0.000e+00
     13.117    11.1308   3.654651    32.3976        972     4.0458  0.000e+00
     13.049    11.1269   3.655076    32.4052        973     4.0500  0.000e+00
     12.976    11.1243   3.655457    32.4113        974     4.0542  0.000e+00
     12.898    11.1250   3.655489    32.4110        975     4.0583  0.000e+00
     12.824    11.1260   3.655257    32.4079        976     4.0625  0.000e+00
     12.748    11.1250   3.653568    32.3921        977     4.0667  0.000e+00
     12.663    11.1198   3.653549    32.3965        978     4.0708  0.000e+00
     12.575    11.1144   3.653813    32.4040        979     4.0750  0.000e+00
     12.480    11.1111   3.655592    32.4245        980     4.0792  0.000e+00
     12.397    11.1151   3.655005    32.4152        981     4.0833  0.000e+00
     12.310    11.1192   3.654805    32.4096        982     4.0875  0.000e+00
     12.225    11.1197   3.655527    32.4164        983     4.0917  0.000e+00
     12.147    11.1213   3.655953    32.4192        984     4.0958  0.000e+00
     12.080    11.1246   3.656514    32.4218        985     4.1000  0.000e+00
     12.020    11.1296   3.657823    32.4304        986     4.1042  0.000e+00
     11.981    11.1366   3.657552    32.4215        987     4.1083  0.000e+00
     11.946    11.1423   3.657571    32.4167        988     4.1125  0.000e+00
     11.936    11.1453   3.657526    32.4137        989     4.1167  0.000e+00
     11.932    11.1466   3.657616    32.4134        990     4.1208  0.000e+00
     11.930    11.1480   3.657842    32.4144        991     4.1250  0.000e+00
     11.939    11.1491   3.658048    32.4154        992     4.1292  0.000e+00
     11.942    11.1509   3.658274    32.4161        993     4.1333  0.000e+00
     11.937    11.1527   3.658003    32.4118        994     4.1375  0.000e+00
     11.929    11.1534   3.657848    32.4097        995     4.1417  0.000e+00
     11.911    11.1529   3.657552    32.4072        996     4.1458  0.000e+00
     11.880    11.1515   3.657777    32.4107        997     4.1500  0.000e+00
     11.832    11.1510   3.658229    32.4156        998     4.1542  0.000e+00
     11.774    11.1519   3.658454    32.4170        999     4.1583  0.000e+00
     11.707    11.1542   3.658519    32.4157       1000     4.1625  0.000e+00
     11.637    11.1560   3.658577    32.4147       1001     4.1667  0.000e+00
     11.562    11.1573   3.658519    32.4130       1002     4.1708  0.000e+00
     11.491    11.1582   3.658544    32.4125       1003     4.1750  0.000e+00
     11.420    11.1585   3.658293    32.4098       1004     4.1792  0.000e+00
     11.362    11.1581   3.658093    32.4082       1005     4.1833  0.000e+00
     11.305    11.1568   3.657822    32.4067       1006     4.1875  0.000e+00
     11.257    11.1549   3.657893    32.4090       1007     4.1917  0.000e+00
     11.199    11.1538   3.658770    32.4187       1008     4.1958  0.000e+00
     11.158    11.1553   3.659712    32.4267       1009     4.2000  0.000e+00
     11.111    11.1604   3.659396    32.4191       1010     4.2042  0.000e+00
     11.073    11.1642   3.659467    32.4165       1011     4.2083  0.000e+00
     11.037    11.1664   3.659847    32.4183       1012     4.2125  0.000e+00
     10.991    11.1688   3.660124    32.4189       1013     4.2167  0.000e+00
     10.948    11.1713   3.660118    32.4167       1014     4.2208  0.000e+00
     10.906    11.1732   3.660163    32.4155       1015     4.2250  0.000e+00
     10.862    11.1746   3.660053    32.4132       1016     4.2292  0.000e+00
     10.827    11.1750   3.659350    32.4059       1017     4.2333  0.000e+00
     10.798    11.1730   3.659466    32.4089       1018     4.2375  0.000e+00
     10.773    11.1712   3.659718    32.4130       1019     4.2417  0.000e+00
     10.753    11.1707   3.659828    32.4144       1020     4.2458  0.000e+00
     10.735    11.1712   3.659802    32.4138       1021     4.2500  0.000e+00
     10.718    11.1717   3.659711    32.4125       1022     4.2542  0.000e+00
     10.699    11.1717   3.659782    32.4131       1023     4.2583  0.000e+00
     10.671    11.1720   3.659937    32.4144       1024     4.2625  0.000e+00
     10.648    11.1725   3.660015    32.4147       1025     4.2667  0.000e+00
     10.613    11.1731   3.659963    32.4137       1026     4.2708  0.000e+00
     10.585    11.1735   3.660027    32.4140       1027     4.2750  0.000e+00
     10.557    11.1740   3.660118    32.4145       1028     4.2792  0.000e+00
     10.541    11.1745   3.660234    32.4152       1029     4.2833  0.000e+00
     10.522    11.1754   3.660143    32.4136       1030     4.2875  0.000e+00
     10.523    11.1757   3.659995    32.4118       1031     4.2917  0.000e+00
     10.530    11.1753   3.659827    32.4105       1032     4.2958  0.000e+00
     10.539    11.1743   3.659557    32.4087       1033     4.3000  0.000e+00
     10.550    11.1730   3.659241    32.4067       1034     4.3042  0.000e+00
     10.553    11.1704   3.659079    32.4074       1035     4.3083  0.000e+00
