HB2503/sbe029.cnv
* Sea-Bird SBE 19plus V2 Data File:
* FileName = C:\cruise\data\sbe029.hex
* Software Version Seasave V 7.26.7.121
* Temperature SN = 6128
* Conductivity SN = 6128
* System UpLoad Time = May 30 2025 17:16:09
* NMEA Latitude = 39 28.92 N
* NMEA Longitude = 074 05.73 W
* NMEA UTC (Time) = May 30 2025  17:14:20
** Ship: Henry Bigelow
** Cruise:  HB2502
** Program:  Spring Bottom Trawl
# nquan = 7
# nvalues = 1471                                  
# units = specified
# name 0 = depSM: Depth [salt water, m]
# name 1 = tv290C: Temperature [ITS-90, deg C]
# name 2 = c0S/m: Conductivity [S/m]
# name 3 = sal00: Salinity, Practical [PSU]
# name 4 = scan: Scan Count
# name 5 = timeM: Time, Elapsed [minutes]
# name 6 = flag:  0.000e+00
# span 0 =     -0.181,     15.665                 
# span 1 =    13.1495,    18.0361                 
# span 2 =   0.007271,   4.051784                 
# span 3 =     0.0431,    31.5201                 
# span 4 =         11,       1481                 
# span 5 =     0.0417,     6.1667                 
# span 6 = 0.0000e+00, 0.0000e+00                 
# interval = seconds: 0.25
# start_time = May 30 2025 17:14:20 [NMEA time, header]
# bad_flag = -9.990e-29
*END*
[from data line 1026]
      6.107    14.7664   3.730945    30.1180       1037     4.3167  0.000e+00
      6.149    14.7606   3.730990    30.1228       1038     4.3208  0.000e+00
      6.174    14.7542   3.731777    30.1348       1039     4.3250  0.000e+00
      6.183    14.7469   3.732856    30.1501       1040     4.3292  0.000e+00
      6.176    14.7384   3.733071    30.1587       1041     4.3333  0.000e+00
      6.143    14.7310   3.732811    30.1621       1042     4.3375  0.000e+00
      6.087    14.7265   3.731940    30.1577       1043     4.3417  0.000e+00
      6.013    14.7274   3.731225    30.1507       1044     4.3458  0.000e+00
      5.922    14.7361   3.731407    30.1455       1045     4.3500  0.000e+00
      5.819    14.7514   3.732512    30.1437       1046     4.3542  0.000e+00
      5.700    14.7718   3.733467    30.1365       1047     4.3583  0.000e+00
      5.585    14.7943   3.734240    30.1261       1048     4.3625  0.000e+00
      5.461    14.8152   3.735307    30.1196       1049     4.3667  0.000e+00
      5.344    14.8339   3.736145    30.1127       1050     4.3708  0.000e+00
      5.239    14.8504   3.736965    30.1074       1051     4.3750  0.000e+00
      5.147    14.8639   3.737524    30.1020       1052     4.3792  0.000e+00
      5.060    14.8750   3.737992    30.0976       1053     4.3833  0.000e+00
      5.004    14.8840   3.738675    30.0968       1054     4.3875  0.000e+00
      4.956    14.8918   3.739228    30.0957       1055     4.3917  0.000e+00
      4.939    14.8996   3.739514    30.0924       1056     4.3958  0.000e+00
      4.945    14.9059   3.739507    30.0874       1057     4.4000  0.000e+00
      4.963    14.9101   3.739462    30.0837       1058     4.4042  0.000e+00
      4.999    14.9122   3.738987    30.0779       1059     4.4083  0.000e+00
      5.048    14.9120   3.738720    30.0757       1060     4.4125  0.000e+00
      5.104    14.9102   3.738512    30.0751       1061     4.4167  0.000e+00
      5.156    14.9078   3.738167    30.0739       1062     4.4208  0.000e+00
      5.208    14.9054   3.737842    30.0728       1063     4.4250  0.000e+00
      5.254    14.9020   3.737452    30.0719       1064     4.4292  0.000e+00
      5.294    14.8981   3.737023    30.0711       1065     4.4333  0.000e+00
      5.321    14.8941   3.736619    30.0705       1066     4.4375  0.000e+00
      5.336    14.8896   3.736366    30.0717       1067     4.4417  0.000e+00
      5.321    14.8854   3.736275    30.0741       1068     4.4458  0.000e+00
      5.277    14.8821   3.736437    30.0782       1069     4.4500  0.000e+00
      5.219    14.8806   3.736919    30.0837       1070     4.4542  0.000e+00
      5.160    14.8814   3.737498    30.0882       1071     4.4583  0.000e+00
      5.094    14.8846   3.738076    30.0910       1072     4.4625  0.000e+00
      5.022    14.8889   3.738805    30.0942       1073     4.4667  0.000e+00
      4.952    14.8948   3.739924    30.0997       1074     4.4708  0.000e+00
      4.874    14.9026   3.740848    30.1019       1075     4.4750  0.000e+00
      4.799    14.9117   3.741563    30.1014       1076     4.4792  0.000e+00
      4.709    14.9211   3.742442    30.1020       1077     4.4833  0.000e+00
      4.618    14.9309   3.744017    30.1086       1078     4.4875  0.000e+00
      4.530    14.9429   3.745924    30.1164       1079     4.4917  0.000e+00
      4.441    14.9583   3.748118    30.1242       1080     4.4958  0.000e+00
      4.359    14.9770   3.749694    30.1239       1081     4.5000  0.000e+00
      4.276    14.9969   3.751974    30.1289       1082     4.5042  0.000e+00
      4.192    15.0184   3.753524    30.1263       1083     4.5083  0.000e+00
      4.113    15.0397   3.754807    30.1214       1084     4.5125  0.000e+00
      4.052    15.0593   3.755961    30.1166       1085     4.5167  0.000e+00
      4.003    15.0766   3.757401    30.1161       1086     4.5208  0.000e+00
      3.974    15.0937   3.758300    30.1110       1087     4.5250  0.000e+00
      3.961    15.1089   3.758405    30.1002       1088     4.5292  0.000e+00
      3.957    15.1205   3.758326    30.0906       1089     4.5333  0.000e+00
      3.970    15.1277   3.758424    30.0860       1090     4.5375  0.000e+00
      3.993    15.1316   3.758378    30.0825       1091     4.5417  0.000e+00
      4.033    15.1335   3.757928    30.0771       1092     4.5458  0.000e+00
      4.071    15.1322   3.757589    30.0750       1093     4.5500  0.000e+00
      4.111    15.1300   3.757081    30.0722       1094     4.5542  0.000e+00
      4.147    15.1266   3.756657    30.0710       1095     4.5583  0.000e+00
      4.190    15.1225   3.756377    30.0717       1096     4.5625  0.000e+00
      4.223    15.1181   3.756130    30.0728       1097     4.5667  0.000e+00
      4.235    15.1140   3.755732    30.0724       1098     4.5708  0.000e+00
      4.235    15.1095   3.755361    30.0726       1099     4.5750  0.000e+00
      4.214    15.1048   3.755080    30.0737       1100     4.5792  0.000e+00
      4.175    15.1003   3.755452    30.0805       1101     4.5833  0.000e+00
      4.119    15.0983   3.756905    30.0949       1102     4.5875  0.000e+00
      4.041    15.1027   3.758959    30.1099       1103     4.5917  0.000e+00
      3.959    15.1151   3.758144    30.0931       1104     4.5958  0.000e+00
      3.867    15.1258   3.756566    30.0709       1105     4.6000  0.000e+00
      3.756    15.1308   3.755960    30.0617       1106     4.6042  0.000e+00
      3.647    15.1320   3.754031    30.0437       1107     4.6083  0.000e+00
      3.548    15.1294   3.753314    30.0393       1108     4.6125  0.000e+00
      3.473    15.1256   3.753079    30.0402       1109     4.6167  0.000e+00
      3.413    15.1225   3.752903    30.0410       1110     4.6208  0.000e+00
      3.375    15.1208   3.752734    30.0408       1111     4.6250  0.000e+00
      3.352    15.1199   3.752526    30.0397       1112     4.6292  0.000e+00
      3.335    15.1194   3.752428    30.0392       1113     4.6333  0.000e+00
      3.323    15.1194   3.752382    30.0388       1114     4.6375  0.000e+00
      3.316    15.1202   3.752395    30.0383       1115     4.6417  0.000e+00
      3.314    15.1215   3.752454    30.0378       1116     4.6458  0.000e+00
      3.310    15.1231   3.752480    30.0368       1117     4.6500  0.000e+00
      3.293    15.1258   3.752480    30.0347       1118     4.6542  0.000e+00
      3.279    15.1284   3.752591    30.0338       1119     4.6583  0.000e+00
      3.263    15.1311   3.752838    30.0339       1120     4.6625  0.000e+00
      3.259    15.1349   3.753060    30.0329       1121     4.6667  0.000e+00
      3.250    15.1396   3.753268    30.0312       1122     4.6708  0.000e+00
      3.257    15.1445   3.753457    30.0291       1123     4.6750  0.000e+00
      3.262    15.1488   3.753476    30.0260       1124     4.6792  0.000e+00
      3.278    15.1520   3.753209    30.0211       1125     4.6833  0.000e+00
      3.278    15.1522   3.752942    30.0187       1126     4.6875  0.000e+00
      3.286    15.1492   3.752851    30.0202       1127     4.6917  0.000e+00
      3.276    15.1457   3.752968    30.0238       1128     4.6958  0.000e+00
      3.250    15.1436   3.753385    30.0292       1129     4.7000  0.000e+00
      3.207    15.1445   3.753828    30.0325       1130     4.7042  0.000e+00
      3.154    15.1490   3.754708    30.0368       1131     4.7083  0.000e+00
      3.098    15.1577   3.755470    30.0370       1132     4.7125  0.000e+00
      3.029    15.1685   3.757126    30.0434       1133     4.7167  0.000e+00
      2.944    15.1843   3.758097    30.0400       1134     4.7208  0.000e+00
      2.861    15.2038   3.756747    30.0131       1135     4.7250  0.000e+00
      2.789    15.2181   3.756330    29.9985       1136     4.7292  0.000e+00
      2.737    15.2256   3.756212    29.9917       1137     4.7333  0.000e+00
      2.708    15.2294   3.756238    29.9891       1138     4.7375  0.000e+00
      2.710    15.2318   3.756375    29.9885       1139     4.7417  0.000e+00
      2.726    15.2337   3.756330    29.9866       1140     4.7458  0.000e+00
      2.734    15.2357   3.756818    29.9894       1141     4.7500  0.000e+00
      2.743    15.2393   3.757190    29.9900       1142     4.7542  0.000e+00
      2.747    15.2446   3.756818    29.9826       1143     4.7583  0.000e+00
      2.741    15.2476   3.756518    29.9777       1144     4.7625  0.000e+00
      2.731    15.2472   3.756427    29.9771       1145     4.7667  0.000e+00
      2.702    15.2455   3.757060    29.9841       1146     4.7708  0.000e+00
      2.645    15.2470   3.757959    29.9909       1147     4.7750  0.000e+00
      2.558    15.2533   3.761180    30.0147       1148     4.7792  0.000e+00
      2.468    15.2717   3.763104    30.0178       1149     4.7833  0.000e+00
      2.383    15.2970   3.761727    29.9863       1150     4.7875  0.000e+00
      2.314    15.3106   3.765151    30.0063       1151     4.7917  0.000e+00
      2.270    15.3270   3.768159    30.0204       1152     4.7958  0.000e+00
      2.265    15.3519   3.771592    30.0318       1153     4.8000  0.000e+00
      2.283    15.3815   3.773531    30.0263       1154     4.8042  0.000e+00
      2.314    15.4107   3.772369    29.9938       1155     4.8083  0.000e+00
      2.366    15.4279   3.769744    29.9574       1156     4.8125  0.000e+00
      2.417    15.4274   3.766709    29.9310       1157     4.8167  0.000e+00
      2.468    15.4135   3.764087    29.9184       1158     4.8208  0.000e+00
      2.529    15.3907   3.762052    29.9177       1159     4.8250  0.000e+00
      2.570    15.3662   3.760337    29.9211       1160     4.8292  0.000e+00
      2.601    15.3426   3.758890    29.9263       1161     4.8333  0.000e+00
      2.604    15.3208   3.759145    29.9451       1162     4.8375  0.000e+00
      2.584    15.3058   3.758584    29.9516       1163     4.8417  0.000e+00
      2.532    15.2963   3.763240    30.0001       1164     4.8458  0.000e+00
      2.472    15.3046   3.765484    30.0137       1165     4.8500  0.000e+00
      2.391    15.3277   3.767924    30.0177       1166     4.8542  0.000e+00
      2.298    15.3514   3.775001    30.0623       1167     4.8583  0.000e+00
      2.203    15.3933   3.777247    30.0502       1168     4.8625  0.000e+00
      2.134    15.4359   3.777880    30.0233       1169     4.8667  0.000e+00
      2.091    15.4670   3.778984    30.0093       1170     4.8708  0.000e+00
      2.073    15.4887   3.780029    30.0021       1171     4.8750  0.000e+00
      2.062    15.5058   3.780833    29.9962       1172     4.8792  0.000e+00
      2.056    15.5195   3.780663    29.9842       1173     4.8833  0.000e+00
      2.060    15.5283   3.780186    29.9733       1174     4.8875  0.000e+00
      2.065    15.5321   3.780120    29.9699       1175     4.8917  0.000e+00
      2.063    15.5329   3.780029    29.9684       1176     4.8958  0.000e+00
      2.061    15.5331   3.779852    29.9668       1177     4.9000  0.000e+00
      2.047    15.5323   3.779539    29.9646       1178     4.9042  0.000e+00
      2.016    15.5304   3.779408    29.9649       1179     4.9083  0.000e+00
      1.976    15.5289   3.779375    29.9658       1180     4.9125  0.000e+00
      1.945    15.5273   3.779271    29.9661       1181     4.9167  0.000e+00
      1.908    15.5260   3.779212    29.9665       1182     4.9208  0.000e+00
      1.877    15.5250   3.779500    29.9699       1183     4.9250  0.000e+00
      1.851    15.5248   3.779911    29.9736       1184     4.9292  0.000e+00
      1.835    15.5265   3.779963    29.9728       1185     4.9333  0.000e+00
      1.835    15.5280   3.779774    29.9700       1186     4.9375  0.000e+00
      1.835    15.5288   3.779820    29.9698       1187     4.9417  0.000e+00
      1.833    15.5289   3.779990    29.9713       1188     4.9458  0.000e+00
      1.833    15.5295   3.779957    29.9705       1189     4.9500  0.000e+00
      1.838    15.5297   3.779807    29.9690       1190     4.9542  0.000e+00
      1.843    15.5292   3.779656    29.9681       1191     4.9583  0.000e+00
      1.839    15.5280   3.779473    29.9674       1192     4.9625  0.000e+00
      1.843    15.5263   3.779068    29.9651       1193     4.9667  0.000e+00
      1.834    15.5240   3.778938    29.9657       1194     4.9708  0.000e+00
      1.841    15.5218   3.778813    29.9663       1195     4.9750  0.000e+00
      1.842    15.5196   3.778696    29.9669       1196     4.9792  0.000e+00
      1.857    15.5176   3.778382    29.9657       1197     4.9833  0.000e+00
      1.876    15.5152   3.778017    29.9643       1198     4.9875  0.000e+00
      1.893    15.5118   3.777357    29.9610       1199     4.9917  0.000e+00
      1.909    15.5079   3.776893    29.9599       1200     4.9958  0.000e+00
      1.917    15.5029   3.776488    29.9601       1201     5.0000  0.000e+00
      1.908    15.4980   3.775933    29.9589       1202     5.0042  0.000e+00
      1.897    15.4923   3.775332    29.9580       1203     5.0083  0.000e+00
      1.881    15.4862   3.775750    29.9663       1204     5.0125  0.000e+00
      1.850    15.4825   3.776214    29.9732       1205     5.0167  0.000e+00
      1.812    15.4827   3.777115    29.9810       1206     5.0208  0.000e+00
      1.761    15.4863   3.778415    29.9897       1207     5.0250  0.000e+00
      1.693    15.4943   3.783003    30.0242       1208     5.0292  0.000e+00
      1.615    15.5144   3.785657    30.0324       1209     5.0333  0.000e+00
      1.523    15.5422   3.787088    30.0238       1210     5.0375  0.000e+00
      1.438    15.5661   3.787624    30.0103       1211     5.0417  0.000e+00
      1.365    15.5842   3.788605    30.0052       1212     5.0458  0.000e+00
      1.322    15.5994   3.788821    29.9957       1213     5.0500  0.000e+00
      1.309    15.6102   3.789167    29.9904       1214     5.0542  0.000e+00
      1.307    15.6175   3.789317    29.9862       1215     5.0583  0.000e+00
      1.330    15.6225   3.789736    29.9861       1216     5.0625  0.000e+00
      1.355    15.6272   3.790933    29.9930       1217     5.0667  0.000e+00
      1.386    15.6340   3.791829    29.9958       1218     5.0708  0.000e+00
      1.414    15.6426   3.791783    29.9888       1219     5.0750  0.000e+00
      1.445    15.6489   3.790560    29.9733       1220     5.0792  0.000e+00
      1.463    15.6484   3.788872    29.9588       1221     5.0833  0.000e+00
      1.470    15.6414   3.786943    29.9472       1222     5.0875  0.000e+00
      1.486    15.6295   3.785655    29.9449       1223     5.0917  0.000e+00
      1.493    15.6147   3.784904    29.9495       1224     5.0958  0.000e+00
      1.488    15.6011   3.784028    29.9521       1225     5.1000  0.000e+00
      1.488    15.5895   3.784479    29.9649       1226     5.1042  0.000e+00
      1.485    15.5820   3.783577    29.9626       1227     5.1083  0.000e+00
      1.499    15.5766   3.781132    29.9452       1228     5.1125  0.000e+00
      1.508    15.5646   3.779558    29.9405       1229     5.1167  0.000e+00
      1.504    15.5486   3.779231    29.9497       1230     5.1208  0.000e+00
      1.488    15.5360   3.778950    29.9568       1231     5.1250  0.000e+00
      1.462    15.5262   3.781211    29.9842       1232     5.1292  0.000e+00
      1.422    15.5269   3.784199    30.0100       1233     5.1333  0.000e+00
      1.366    15.5402   3.786794    30.0228       1234     5.1375  0.000e+00
      1.314    15.5603   3.787716    30.0157       1235     5.1417  0.000e+00
      1.257    15.5797   3.795010    30.0652       1236     5.1458  0.000e+00
      1.214    15.6112   3.797026    30.0589       1237     5.1500  0.000e+00
      1.156    15.6491   3.802231    30.0759       1238     5.1542  0.000e+00
      1.109    15.6882   3.800109    30.0275       1239     5.1583  0.000e+00
      1.063    15.7150   3.797116    29.9809       1240     5.1625  0.000e+00
