HB2503/sbe046.cnv
* Sea-Bird SBE 19plus V2 Data File:
* FileName = C:\cruise\data\sbe046.hex
* Software Version Seasave V 7.26.7.121
* Temperature SN = 6128
* Conductivity SN = 6128
* System UpLoad Time = Jun 01 2025 09:35:34
* NMEA Latitude = 41 03.65 N
* NMEA Longitude = 070 02.99 W
* NMEA UTC (Time) = Jun 01 2025  09:33:47
** Ship: Henry Bigelow
** Cruise:  HB2502
** Program:  Spring Bottom Trawl
# nquan = 7
# nvalues = 1411                                  
# units = specified
# name 0 = depSM: Depth [salt water, m]
# name 1 = tv290C: Temperature [ITS-90, deg C]
# name 2 = c0S/m: Conductivity [S/m]
# name 3 = sal00: Salinity, Practical [PSU]
# name 4 = scan: Scan Count
# name 5 = timeM: Time, Elapsed [minutes]
# name 6 = flag:  0.000e+00
# span 0 =     -0.181,     17.894                 
# span 1 =    10.7787,    11.6933                 
# span 2 =   0.005955,   3.633510                 
# span 3 =     0.0399,    31.9875                 
# span 4 =         11,       1421                 
# span 5 =     0.0417,     5.9167                 
# span 6 = 0.0000e+00, 0.0000e+00                 
# interval = seconds: 0.25
# start_time = Jun 01 2025 09:33:47 [NMEA time, header]
# bad_flag = -9.990e-29
*END*
[from data line 206]
      6.299    11.6831   3.632023    31.7001        217     0.9000  0.000e+00
      6.328    11.6841   3.632133    31.7003        218     0.9042  0.000e+00
      6.353    11.6849   3.632210    31.7003        219     0.9083  0.000e+00
      6.377    11.6856   3.632268    31.7003        220     0.9125  0.000e+00
      6.407    11.6858   3.632223    31.6997        221     0.9167  0.000e+00
      6.447    11.6860   3.632203    31.6993        222     0.9208  0.000e+00
      6.492    11.6861   3.632088    31.6981        223     0.9250  0.000e+00
      6.528    11.6862   3.632043    31.6975        224     0.9292  0.000e+00
      6.566    11.6864   3.632043    31.6974        225     0.9333  0.000e+00
      6.597    11.6862   3.632068    31.6978        226     0.9375  0.000e+00
      6.617    11.6862   3.632158    31.6987        227     0.9417  0.000e+00
      6.617    11.6862   3.632313    31.7002        228     0.9458  0.000e+00
      6.609    11.6858   3.632377    31.7011        229     0.9500  0.000e+00
      6.584    11.6859   3.632403    31.7013        230     0.9542  0.000e+00
      6.544    11.6862   3.632358    31.7006        231     0.9583  0.000e+00
      6.503    11.6867   3.632448    31.7011        232     0.9625  0.000e+00
      6.470    11.6870   3.632403    31.7004        233     0.9667  0.000e+00
      6.459    11.6869   3.632358    31.7000        234     0.9708  0.000e+00
      6.468    11.6871   3.632287    31.6991        235     0.9750  0.000e+00
      6.502    11.6872   3.632223    31.6984        236     0.9792  0.000e+00
      6.569    11.6872   3.632068    31.6969        237     0.9833  0.000e+00
      6.665    11.6875   3.631888    31.6949        238     0.9875  0.000e+00
      6.796    11.6868   3.631123    31.6880        239     0.9917  0.000e+00
      6.944    11.6859   3.630725    31.6849        240     0.9958  0.000e+00
      7.111    11.6854   3.630680    31.6847        241     1.0000  0.000e+00
      7.281    11.6841   3.630570    31.6847        242     1.0042  0.000e+00
      7.451    11.6827   3.630660    31.6868        243     1.0083  0.000e+00
      7.621    11.6817   3.631085    31.6917        244     1.0125  0.000e+00
      7.769    11.6812   3.631310    31.6942        245     1.0167  0.000e+00
      7.907    11.6817   3.631509    31.6957        246     1.0208  0.000e+00
      8.028    11.6822   3.631664    31.6967        247     1.0250  0.000e+00
      8.131    11.6827   3.631735    31.6969        248     1.0292  0.000e+00
      8.224    11.6830   3.631934    31.6985        249     1.0333  0.000e+00
      8.294    11.6838   3.632127    31.6997        250     1.0375  0.000e+00
      8.355    11.6837   3.632178    31.7002        251     1.0417  0.000e+00
      8.412    11.6837   3.632268    31.7011        252     1.0458  0.000e+00
      8.459    11.6836   3.632333    31.7018        253     1.0500  0.000e+00
      8.500    11.6840   3.632468    31.7027        254     1.0542  0.000e+00
      8.538    11.6847   3.632558    31.7030        255     1.0583  0.000e+00
      8.563    11.6856   3.632584    31.7025        256     1.0625  0.000e+00
      8.570    11.6862   3.632603    31.7021        257     1.0667  0.000e+00
      8.572    11.6869   3.632648    31.7020        258     1.0708  0.000e+00
      8.578    11.6873   3.632738    31.7025        259     1.0750  0.000e+00
      8.574    11.6878   3.632783    31.7025        260     1.0792  0.000e+00
      8.567    11.6883   3.632802    31.7023        261     1.0833  0.000e+00
      8.565    11.6890   3.632802    31.7016        262     1.0875  0.000e+00
      8.567    11.6894   3.632847    31.7017        263     1.0917  0.000e+00
      8.574    11.6902   3.632892    31.7016        264     1.0958  0.000e+00
      8.591    11.6904   3.632873    31.7011        265     1.1000  0.000e+00
      8.618    11.6908   3.632847    31.7005        266     1.1042  0.000e+00
      8.649    11.6908   3.632847    31.7006        267     1.1083  0.000e+00
      8.703    11.6908   3.631555    31.6880        268     1.1125  0.000e+00
      8.763    11.6912   3.633407    31.7056        269     1.1167  0.000e+00
      8.839    11.6923   3.633510    31.7056        270     1.1208  0.000e+00
      8.929    11.6929   3.633477    31.7047        271     1.1250  0.000e+00
      9.027    11.6931   3.633497    31.7047        272     1.1292  0.000e+00
      9.132    11.6933   3.633452    31.7041        273     1.1333  0.000e+00
      9.257    11.6932   3.633343    31.7031        274     1.1375  0.000e+00
      9.389    11.6925   3.633227    31.7025        275     1.1417  0.000e+00
      9.521    11.6907   3.633008    31.7019        276     1.1458  0.000e+00
      9.660    11.6883   3.632938    31.7031        277     1.1500  0.000e+00
      9.812    11.6854   3.632873    31.7049        278     1.1542  0.000e+00
      9.957    11.6834   3.632828    31.7062        279     1.1583  0.000e+00
     10.107    11.6818   3.632803    31.7072        280     1.1625  0.000e+00
     10.248    11.6807   3.632784    31.7079        281     1.1667  0.000e+00
     10.380    11.6797   3.632803    31.7089        282     1.1708  0.000e+00
     10.505    11.6794   3.632758    31.7087        283     1.1750  0.000e+00
     10.612    11.6790   3.632784    31.7092        284     1.1792  0.000e+00
     10.705    11.6785   3.632784    31.7096        285     1.1833  0.000e+00
     10.783    11.6783   3.632803    31.7099        286     1.1875  0.000e+00
     10.843    11.6781   3.632784    31.7099        287     1.1917  0.000e+00
     10.893    11.6780   3.632784    31.7099        288     1.1958  0.000e+00
     10.930    11.6780   3.632803    31.7101        289     1.2000  0.000e+00
     10.950    11.6782   3.632803    31.7099        290     1.2042  0.000e+00
     10.950    11.6780   3.632784    31.7100        291     1.2083  0.000e+00
     10.945    11.6780   3.632758    31.7097        292     1.2125  0.000e+00
     10.923    11.6781   3.632758    31.7096        293     1.2167  0.000e+00
     10.892    11.6778   3.632668    31.7090        294     1.2208  0.000e+00
     10.854    11.6772   3.632514    31.7081        295     1.2250  0.000e+00
     10.812    11.6759   3.632469    31.7088        296     1.2292  0.000e+00
     10.766    11.6743   3.632424    31.7096        297     1.2333  0.000e+00
     10.724    11.6728   3.632379    31.7105        298     1.2375  0.000e+00
     10.686    11.6719   3.632379    31.7114        299     1.2417  0.000e+00
     10.650    11.6711   3.632314    31.7114        300     1.2458  0.000e+00
     10.622    11.6702   3.632314    31.7122        301     1.2500  0.000e+00
     10.615    11.6698   3.632289    31.7123        302     1.2542  0.000e+00
     10.622    11.6696   3.632244    31.7120        303     1.2583  0.000e+00
     10.650    11.6688   3.632244    31.7127        304     1.2625  0.000e+00
     10.693    11.6683   3.632179    31.7124        305     1.2667  0.000e+00
     10.764    11.6682   3.632289    31.7135        306     1.2708  0.000e+00
     10.858    11.6684   3.632334    31.7138        307     1.2750  0.000e+00
     10.967    11.6686   3.632359    31.7139        308     1.2792  0.000e+00
     11.086    11.6690   3.632379    31.7137        309     1.2833  0.000e+00
     11.224    11.6694   3.632379    31.7133        310     1.2875  0.000e+00
     11.368    11.6694   3.632379    31.7132        311     1.2917  0.000e+00
     11.518    11.6695   3.632495    31.7142        312     1.2958  0.000e+00
     11.672    11.6700   3.632694    31.7156        313     1.3000  0.000e+00
     11.826    11.6716   3.632803    31.7152        314     1.3042  0.000e+00
     11.979    11.6738   3.632784    31.7131        315     1.3083  0.000e+00
     12.128    11.6750   3.632829    31.7124        316     1.3125  0.000e+00
     12.273    11.6757   3.632849    31.7120        317     1.3167  0.000e+00
     12.398    11.6768   3.632874    31.7113        318     1.3208  0.000e+00
     12.514    11.6771   3.632894    31.7111        319     1.3250  0.000e+00
     12.606    11.6774   3.632894    31.7108        320     1.3292  0.000e+00
     12.679    11.6780   3.632829    31.7097        321     1.3333  0.000e+00
     12.731    11.6780   3.632784    31.7092        322     1.3375  0.000e+00
     12.773    11.6774   3.632739    31.7093        323     1.3417  0.000e+00
     12.809    11.6766   3.632714    31.7096        324     1.3458  0.000e+00
     12.821    11.6759   3.632759    31.7107        325     1.3500  0.000e+00
     12.836    11.6757   3.632784    31.7111        326     1.3542  0.000e+00
     12.836    11.6756   3.632759    31.7110        327     1.3583  0.000e+00
     12.832    11.6757   3.632694    31.7102        328     1.3625  0.000e+00
     12.829    11.6753   3.632682    31.7105        329     1.3667  0.000e+00
     12.818    11.6747   3.632804    31.7122        330     1.3708  0.000e+00
     12.802    11.6749   3.632894    31.7129        331     1.3750  0.000e+00
     12.787    11.6757   3.632849    31.7117        332     1.3792  0.000e+00
     12.765    11.6763   3.632739    31.7102        333     1.3833  0.000e+00
     12.746    11.6761   3.632669    31.7097        334     1.3875  0.000e+00
     12.740    11.6753   3.632514    31.7089        335     1.3917  0.000e+00
     12.736    11.6741   3.632334    31.7081        336     1.3958  0.000e+00
     12.762    11.6715   3.632225    31.7093        337     1.4000  0.000e+00
     12.801    11.6690   3.632180    31.7110        338     1.4042  0.000e+00
     12.869    11.6670   3.632251    31.7134        339     1.4083  0.000e+00
     12.943    11.6660   3.632225    31.7139        340     1.4125  0.000e+00
     13.035    11.6654   3.632135    31.7135        341     1.4167  0.000e+00
     13.136    11.6646   3.632045    31.7133        342     1.4208  0.000e+00
     13.239    11.6632   3.632045    31.7145        343     1.4250  0.000e+00
     13.346    11.6624   3.632026    31.7149        344     1.4292  0.000e+00
     13.442    11.6615   3.631981    31.7152        345     1.4333  0.000e+00
     13.525    11.6609   3.631955    31.7154        346     1.4375  0.000e+00
     13.599    11.6600   3.631891    31.7155        347     1.4417  0.000e+00
     13.668    11.6594   3.631910    31.7162        348     1.4458  0.000e+00
     13.728    11.6589   3.631853    31.7161        349     1.4500  0.000e+00
     13.780    11.6583   3.631865    31.7167        350     1.4542  0.000e+00
     13.827    11.6577   3.631865    31.7171        351     1.4583  0.000e+00
     13.861    11.6576   3.631846    31.7170        352     1.4625  0.000e+00
     13.912    11.6573   3.631820    31.7171        353     1.4667  0.000e+00
     13.946    11.6571   3.626845    31.6689        354     1.4708  0.000e+00
     13.977    11.6568   3.631801    31.7173        355     1.4750  0.000e+00
     14.025    11.6562   3.631801    31.7178        356     1.4792  0.000e+00
     14.064    11.6561   3.631821    31.7180        357     1.4833  0.000e+00
     14.102    11.6559   3.631846    31.7184        358     1.4875  0.000e+00
     14.130    11.6560   3.631872    31.7185        359     1.4917  0.000e+00
     14.157    11.6564   3.631866    31.7181        360     1.4958  0.000e+00
     14.178    11.6566   3.631782    31.7172        361     1.5000  0.000e+00
     14.191    11.6564   3.631846    31.7179        362     1.5042  0.000e+00
     14.197    11.6564   3.631821    31.7177        363     1.5083  0.000e+00
     14.211    11.6563   3.631821    31.7178        364     1.5125  0.000e+00
     14.225    11.6562   3.631846    31.7181        365     1.5167  0.000e+00
     14.243    11.6564   3.631801    31.7175        366     1.5208  0.000e+00
     14.261    11.6561   3.631846    31.7182        367     1.5250  0.000e+00
     14.299    11.6562   3.631866    31.7183        368     1.5292  0.000e+00
     14.343    11.6562   3.631872    31.7183        369     1.5333  0.000e+00
     14.379    11.6564   3.631936    31.7187        370     1.5375  0.000e+00
     14.419    11.6570   3.631981    31.7187        371     1.5417  0.000e+00
     14.459    11.6576   3.632001    31.7184        372     1.5458  0.000e+00
     14.487    11.6582   3.632001    31.7178        373     1.5500  0.000e+00
     14.521    11.6588   3.632001    31.7173        374     1.5542  0.000e+00
     14.549    11.6591   3.632001    31.7170        375     1.5583  0.000e+00
     14.571    11.6591   3.632001    31.7170        376     1.5625  0.000e+00
     14.596    11.6593   3.632046    31.7172        377     1.5667  0.000e+00
     14.616    11.6598   3.632116    31.7175        378     1.5708  0.000e+00
     14.639    11.6602   3.632116    31.7171        379     1.5750  0.000e+00
     14.659    11.6604   3.632104    31.7168        380     1.5792  0.000e+00
     14.690    11.6608   3.632116    31.7166        381     1.5833  0.000e+00
     14.718    11.6608   3.632162    31.7170        382     1.5875  0.000e+00
     14.761    11.6612   3.632207    31.7171        383     1.5917  0.000e+00
     14.818    11.6617   3.632207    31.7167        384     1.5958  0.000e+00
     14.885    11.6622   3.632181    31.7160        385     1.6000  0.000e+00
     14.955    11.6623   3.632027    31.7143        386     1.6042  0.000e+00
     15.032    11.6625   3.632181    31.7156        387     1.6083  0.000e+00
     15.125    11.6624   3.632207    31.7159        388     1.6125  0.000e+00
     15.223    11.6625   3.632207    31.7158        389     1.6167  0.000e+00
     15.328    11.6625   3.632194    31.7157        390     1.6208  0.000e+00
     15.430    11.6625   3.632207    31.7157        391     1.6250  0.000e+00
     15.532    11.6622   3.632181    31.7157        392     1.6292  0.000e+00
     15.633    11.6622   3.632136    31.7152        393     1.6333  0.000e+00
     15.722    11.6616   3.632072    31.7151        394     1.6375  0.000e+00
     15.805    11.6609   3.632046    31.7154        395     1.6417  0.000e+00
     15.877    11.6600   3.632001    31.7157        396     1.6458  0.000e+00
     15.941    11.6593   3.632027    31.7165        397     1.6500  0.000e+00
     15.988    11.6589   3.632027    31.7169        398     1.6542  0.000e+00
     16.016    11.6585   3.631982    31.7167        399     1.6583  0.000e+00
     16.046    11.6581   3.632001    31.7172        400     1.6625  0.000e+00
     16.058    11.6577   3.631892    31.7165        401     1.6667  0.000e+00
     16.066    11.6578   3.632046    31.7179        402     1.6708  0.000e+00
     16.070    11.6579   3.632046    31.7178        403     1.6750  0.000e+00
     16.059    11.6582   3.631982    31.7170        404     1.6792  0.000e+00
     16.051    11.6581   3.631982    31.7171        405     1.6833  0.000e+00
     16.042    11.6578   3.632046    31.7179        406     1.6875  0.000e+00
     16.043    11.6581   3.632136    31.7185        407     1.6917  0.000e+00
     16.057    11.6589   3.632207    31.7186        408     1.6958  0.000e+00
     16.088    11.6600   3.632207    31.7176        409     1.7000  0.000e+00
     16.137    11.6608   3.632233    31.7171        410     1.7042  0.000e+00
     16.195    11.6616   3.632246    31.7165        411     1.7083  0.000e+00
     16.266    11.6618   3.632271    31.7166        412     1.7125  0.000e+00
     16.361    11.6624   3.632316    31.7165        413     1.7167  0.000e+00
     16.466    11.6629   3.632361    31.7165        414     1.7208  0.000e+00
     16.595    11.6635   3.632407    31.7164        415     1.7250  0.000e+00
     16.730    11.6640   3.632426    31.7160        416     1.7292  0.000e+00
     16.871    11.6644   3.632407    31.7155        417     1.7333  0.000e+00
     17.023    11.6648   3.632407    31.7150        418     1.7375  0.000e+00
     17.161    11.6648   3.632452    31.7154        419     1.7417  0.000e+00
     17.291    11.6650   3.632426    31.7150        420     1.7458  0.000e+00
