HB2503/sbe023.cnv
* Sea-Bird SBE 19plus V2 Data File:
* FileName = C:\cruise\data\sbe023.hex
* Software Version Seasave V 7.26.7.121
* Temperature SN = 6128
* Conductivity SN = 6128
* System UpLoad Time = May 30 2025 00:41:40
* NMEA Latitude = 37 50.92 N
* NMEA Longitude = 074 34.51 W
* NMEA UTC (Time) = May 30 2025  00:39:51
** Ship: Henry Bigelow
** Cruise:  HB2502
** Program:  Spring Bottom Trawl
# nquan = 7
# nvalues = 1409                                  
# units = specified
# name 0 = depSM: Depth [salt water, m]
# name 1 = tv290C: Temperature [ITS-90, deg C]
# name 2 = c0S/m: Conductivity [S/m]
# name 3 = sal00: Salinity, Practical [PSU]
# name 4 = scan: Scan Count
# name 5 = timeM: Time, Elapsed [minutes]
# name 6 = flag:  0.000e+00
# span 0 =     -0.071,     50.384                 
# span 1 =     7.9504,    16.5916                 
# span 2 =   0.009722,   4.143157                 
# span 3 =     0.0574,    33.9706                 
# span 4 =         11,       1419                 
# span 5 =     0.0417,     5.9083                 
# span 6 = 0.0000e+00, 0.0000e+00                 
# interval = seconds: 0.25
# start_time = May 30 2025 00:39:51 [NMEA time, header]
# bad_flag = -9.990e-29
*END*
[from data line 1231]
      8.536    15.3806   4.038654    32.3828       1242     5.1708  0.000e+00
      8.455    15.3788   4.038513    32.3831       1243     5.1750  0.000e+00
      8.362    15.3753   4.039527    32.3951       1244     5.1792  0.000e+00
      8.261    15.3755   4.038896    32.3893       1245     5.1833  0.000e+00
      8.161    15.3755   4.041917    32.4164       1246     5.1875  0.000e+00
      8.059    15.3855   4.043508    32.4224       1247     5.1917  0.000e+00
      7.963    15.4007   4.046557    32.4372       1248     5.1958  0.000e+00
      7.872    15.4190   4.042205    32.3832       1249     5.2000  0.000e+00
      7.789    15.4253   4.039063    32.3500       1250     5.2042  0.000e+00
      7.720    15.4108   4.044361    32.4093       1251     5.2083  0.000e+00
      7.651    15.4114   4.045758    32.4213       1252     5.2125  0.000e+00
      7.598    15.4251   4.045449    32.4073       1253     5.2167  0.000e+00
      7.553    15.4345   4.046295    32.4071       1254     5.2208  0.000e+00
      7.510    15.4428   4.046825    32.4050       1255     5.2250  0.000e+00
      7.475    15.4506   4.047645    32.4059       1256     5.2292  0.000e+00
      7.444    15.4587   4.048760    32.4092       1257     5.2333  0.000e+00
      7.415    15.4685   4.049970    32.4119       1258     5.2375  0.000e+00
      7.384    15.4803   4.049412    32.3973       1259     5.2417  0.000e+00
      7.348    15.4872   4.050480    32.4012       1260     5.2458  0.000e+00
      7.309    15.4936   4.051549    32.4054       1261     5.2500  0.000e+00
      7.256    15.5025   4.052443    32.4061       1262     5.2542  0.000e+00
      7.196    15.5116   4.053303    32.4063       1263     5.2583  0.000e+00
      7.131    15.5205   4.053605    32.4017       1264     5.2625  0.000e+00
      7.051    15.5300   4.054264    32.3998       1265     5.2667  0.000e+00
      6.966    15.5390   4.055763    32.4058       1266     5.2708  0.000e+00
      6.872    15.5507   4.056247    32.4005       1267     5.2750  0.000e+00
      6.773    15.5632   4.056684    32.3942       1268     5.2792  0.000e+00
      6.685    15.5735   4.057175    32.3901       1269     5.2833  0.000e+00
      6.587    15.5828   4.058022    32.3900       1270     5.2875  0.000e+00
      6.496    15.5921   4.058311    32.3849       1271     5.2917  0.000e+00
      6.411    15.6003   4.058627    32.3811       1272     5.2958  0.000e+00
      6.336    15.6072   4.058701    32.3761       1273     5.3000  0.000e+00
      6.272    15.6126   4.058849    32.3730       1274     5.3042  0.000e+00
      6.209    15.6162   4.059071    32.3720       1275     5.3083  0.000e+00
      6.146    15.6192   4.058822    32.3674       1276     5.3125  0.000e+00
      6.088    15.6206   4.059212    32.3697       1277     5.3167  0.000e+00
      6.027    15.6219   4.060860    32.3834       1278     5.3208  0.000e+00
      5.972    15.6290   4.060692    32.3761       1279     5.3250  0.000e+00
      5.907    15.6355   4.061082    32.3742       1280     5.3292  0.000e+00
      5.840    15.6408   4.061492    32.3736       1281     5.3333  0.000e+00
      5.769    15.6460   4.063242    32.3849       1282     5.3375  0.000e+00
      5.704    15.6551   4.063733    32.3818       1283     5.3417  0.000e+00
      5.633    15.6657   4.066162    32.3947       1284     5.3458  0.000e+00
      5.569    15.6815   4.066593    32.3855       1285     5.3500  0.000e+00
      5.502    15.6963   4.066970    32.3768       1286     5.3542  0.000e+00
      5.447    15.7079   4.067185    32.3692       1287     5.3583  0.000e+00
      5.400    15.7159   4.067232    32.3631       1288     5.3625  0.000e+00
      5.371    15.7209   4.067306    32.3596       1289     5.3667  0.000e+00
      5.340    15.7245   4.067380    32.3573       1290     5.3708  0.000e+00
      5.316    15.7267   4.067407    32.3558       1291     5.3750  0.000e+00
      5.291    15.7285   4.067407    32.3544       1292     5.3792  0.000e+00
      5.267    15.7295   4.067454    32.3540       1293     5.3833  0.000e+00
      5.244    15.7305   4.067481    32.3534       1294     5.3875  0.000e+00
      5.211    15.7312   4.067656    32.3544       1295     5.3917  0.000e+00
      5.165    15.7320   4.067864    32.3556       1296     5.3958  0.000e+00
      5.112    15.7332   4.068208    32.3577       1297     5.4000  0.000e+00
      5.040    15.7349   4.068672    32.3605       1298     5.4042  0.000e+00
      4.964    15.7376   4.069453    32.3651       1299     5.4083  0.000e+00
      4.866    15.7424   4.070618    32.3716       1300     5.4125  0.000e+00
      4.762    15.7498   4.071716    32.3753       1301     5.4167  0.000e+00
      4.655    15.7597   4.072227    32.3718       1302     5.4208  0.000e+00
      4.547    15.7691   4.072658    32.3680       1303     5.4250  0.000e+00
      4.435    15.7776   4.073372    32.3674       1304     5.4292  0.000e+00
      4.323    15.7865   4.074470    32.3699       1305     5.4333  0.000e+00
      4.216    15.7975   4.075959    32.3741       1306     5.4375  0.000e+00
      4.111    15.8116   4.081431    32.4110       1307     5.4417  0.000e+00
      4.013    15.8409   4.092770    32.4875       1308     5.4458  0.000e+00
      3.938    15.9012   4.093532    32.4448       1309     5.4500  0.000e+00
      3.870    15.9577   4.099297    32.4495       1310     5.4542  0.000e+00
      3.812    16.0115   4.101418    32.4242       1311     5.4583  0.000e+00
      3.761    16.0589   4.101099    32.3828       1312     5.4625  0.000e+00
      3.709    16.0890   4.103018    32.3751       1313     5.4667  0.000e+00
      3.653    16.1111   4.104267    32.3682       1314     5.4708  0.000e+00
      3.611    16.1302   4.107139    32.3778       1315     5.4750  0.000e+00
      3.573    16.1535   4.109120    32.3763       1316     5.4792  0.000e+00
      3.527    16.1772   4.111066    32.3742       1317     5.4833  0.000e+00
      3.495    16.2003   4.112202    32.3653       1318     5.4875  0.000e+00
      3.461    16.2218   4.113609    32.3602       1319     5.4917  0.000e+00
      3.439    16.2404   4.114792    32.3554       1320     5.4958  0.000e+00
      3.417    16.2574   4.116179    32.3538       1321     5.5000  0.000e+00
      3.382    16.2739   4.116029    32.3391       1322     5.5042  0.000e+00
      3.351    16.2862   4.116253    32.3311       1323     5.5083  0.000e+00
      3.312    16.2936   4.117091    32.3324       1324     5.5125  0.000e+00
      3.260    16.3007   4.117477    32.3301       1325     5.5167  0.000e+00
      3.208    16.3076   4.116942    32.3198       1326     5.5208  0.000e+00
      3.154    16.3107   4.116327    32.3119       1327     5.5250  0.000e+00
      3.086    16.3097   4.115853    32.3087       1328     5.5292  0.000e+00
      3.025    16.3065   4.116462    32.3166       1329     5.5333  0.000e+00
      2.963    16.3057   4.117138    32.3232       1330     5.5375  0.000e+00
      2.897    16.3071   4.117192    32.3226       1331     5.5417  0.000e+00
      2.810    16.3095   4.117341    32.3219       1332     5.5458  0.000e+00
      2.707    16.3118   4.118275    32.3283       1333     5.5500  0.000e+00
      2.595    16.3163   4.119127    32.3321       1334     5.5542  0.000e+00
      2.468    16.3224   4.117760    32.3153       1335     5.5583  0.000e+00
      2.330    16.3252   4.120379    32.3359       1336     5.5625  0.000e+00
      2.193    16.3319   4.121218    32.3380       1337     5.5667  0.000e+00
      2.063    16.3420   4.121983    32.3365       1338     5.5708  0.000e+00
      1.947    16.3524   4.122132    32.3294       1339     5.5750  0.000e+00
      1.853    16.3605   4.122335    32.3247       1340     5.5792  0.000e+00
      1.782    16.3664   4.122382    32.3203       1341     5.5833  0.000e+00
      1.742    16.3699   4.122409    32.3177       1342     5.5875  0.000e+00
      1.726    16.3721   4.122436    32.3162       1343     5.5917  0.000e+00
      1.719    16.3733   4.122409    32.3150       1344     5.5958  0.000e+00
      1.713    16.3741   4.122335    32.3136       1345     5.6000  0.000e+00
      1.697    16.3741   4.122280    32.3132       1346     5.6042  0.000e+00
      1.679    16.3738   4.122077    32.3116       1347     5.6083  0.000e+00
      1.651    16.3729   4.122037    32.3120       1348     5.6125  0.000e+00
      1.620    16.3719   4.121983    32.3125       1349     5.6167  0.000e+00
      1.606    16.3707   4.121617    32.3102       1350     5.6208  0.000e+00
      1.602    16.3691   4.121536    32.3108       1351     5.6250  0.000e+00
      1.594    16.3670   4.121488    32.3120       1352     5.6292  0.000e+00
      1.567    16.3657   4.121468    32.3130       1353     5.6333  0.000e+00
      1.533    16.3645   4.121692    32.3159       1354     5.6375  0.000e+00
      1.471    16.3644   4.122247    32.3208       1355     5.6417  0.000e+00
      1.397    16.3663   4.122504    32.3216       1356     5.6458  0.000e+00
      1.309    16.3690   4.122483    32.3192       1357     5.6500  0.000e+00
      1.208    16.3714   4.122680    32.3191       1358     5.6542  0.000e+00
      1.077    16.3733   4.122700    32.3177       1359     5.6583  0.000e+00
      0.952    16.3747   4.122598    32.3158       1360     5.6625  0.000e+00
      0.849    16.3754   4.122530    32.3146       1361     5.6667  0.000e+00
      0.784    16.3756   4.122632    32.3154       1362     5.6708  0.000e+00
      0.689    16.3757   4.122558    32.3147       1363     5.6750  0.000e+00
      0.568    16.3755   4.122530    32.3147       1364     5.6792  0.000e+00
      0.431    16.3755   4.122205    32.3119       1365     5.6833  0.000e+00
      0.310    16.3745   4.121840    32.3096       1366     5.6875  0.000e+00
      0.259    16.3719   4.121914    32.3123       1367     5.6917  0.000e+00
      0.282    16.3702   4.121867    32.3132       1368     5.6958  0.000e+00
      0.364    16.3691   4.121786    32.3134       1369     5.7000  0.000e+00
      0.475    16.3683   4.121590    32.3123       1370     5.7042  0.000e+00
      0.588    16.3669   4.121441    32.3121       1371     5.7083  0.000e+00
      0.632    16.3654   4.121617    32.3149       1372     5.7125  0.000e+00
      0.609    16.3647   4.122030    32.3191       1373     5.7167  0.000e+00
      0.556    16.3656   4.122355    32.3212       1374     5.7208  0.000e+00
      0.447    16.3676   4.122503    32.3208       1375     5.7250  0.000e+00
      0.258    16.3702   4.122557    32.3193       1376     5.7292  0.000e+00
      0.047    16.3717   4.122483    32.3175       1377     5.7333  0.000e+00
     -0.011    16.3732   4.122381    32.3154       1378     5.7375  0.000e+00
     -0.024    16.3735   4.122381    32.3152       1379     5.7417  0.000e+00
      0.010    16.3736   4.122381    32.3151       1380     5.7458  0.000e+00
      0.039    16.3735   4.122456    32.3159       1381     5.7500  0.000e+00
      0.002    16.3735   3.289099    25.1486       1382     5.7542  0.000e+00
     -0.057    16.3733   0.859916     5.8444       1383     5.7583  0.000e+00
     -0.061    16.3735   0.427489     2.7683       1384     5.7625  0.000e+00
     -0.062    16.3741   0.335220     2.1384       1385     5.7667  0.000e+00
     -0.067    16.3744   0.292821     1.8530       1386     5.7708  0.000e+00
     -0.069    16.3725   0.265972     1.6739       1387     5.7750  0.000e+00
     -0.071    16.3702   0.252603     1.5853       1388     5.7792  0.000e+00
     -0.071    16.3676   0.238298     1.4908       1389     5.7833  0.000e+00
     -0.068    16.3651   0.223025     1.3903       1390     5.7875  0.000e+00
     -0.062    16.3619   0.201465     1.2492       1391     5.7917  0.000e+00
     -0.062    16.3595   0.195871     1.2128       1392     5.7958  0.000e+00
     -0.066    16.3558   0.187180     1.1563       1393     5.8000  0.000e+00
     -0.066    16.3524   0.168581     1.0360       1394     5.8042  0.000e+00
     -0.068    16.3489   0.168087     1.0329       1395     5.8083  0.000e+00
     -0.066    16.3449   0.182278     1.1248       1396     5.8125  0.000e+00
     -0.066    16.3409   0.189828     1.1740       1397     5.8167  0.000e+00
     -0.064    16.3368   0.180484     1.1134       1398     5.8208  0.000e+00
     -0.068    16.3328   0.178986     1.1038       1399     5.8250  0.000e+00
     -0.065    16.3287   0.174353     1.0739       1400     5.8292  0.000e+00
     -0.062    16.3249   0.167877     1.0321       1401     5.8333  0.000e+00
     -0.065    16.3210   0.157411     0.9648       1402     5.8375  0.000e+00
     -0.065    16.3172   0.144043     0.8792       1403     5.8417  0.000e+00
     -0.063    16.3128   0.138803     0.8458       1404     5.8458  0.000e+00
     -0.064    16.3083   0.139265     0.8488       1405     5.8500  0.000e+00
     -0.061    16.3033   0.134325     0.8174       1406     5.8542  0.000e+00
     -0.060    16.2991   0.132911     0.8085       1407     5.8583  0.000e+00
     -0.063    16.2948   0.132653     0.8070       1408     5.8625  0.000e+00
     -0.065    16.2903   0.119708     0.7249       1409     5.8667  0.000e+00
     -0.064    16.2862   0.112171     0.6773       1410     5.8708  0.000e+00
     -0.059    16.2814   0.116022     0.7017       1411     5.8750  0.000e+00
     -0.059    16.2772   0.111683     0.6744       1412     5.8792  0.000e+00
     -0.061    16.2722   0.102760     0.6184       1413     5.8833  0.000e+00
     -0.065    16.2676   0.095626     0.5738       1414     5.8875  0.000e+00
     -0.056    16.2629   0.094352     0.5659       1415     5.8917  0.000e+00
     -0.058    16.2584   0.100301     0.6032       1416     5.8958  0.000e+00
     -0.060    16.2537   0.095995     0.5763       1417     5.9000  0.000e+00
     -0.058    16.2488   0.086485     0.5171       1418     5.9042  0.000e+00
     -0.058    16.2449   0.081594     0.4868       1419     5.9083  0.000e+00
