HB2503/sbe082.cnv
* Sea-Bird SBE 19plus V2 Data File:
* FileName = C:\cruise\data\sbe082.hex
* Software Version Seasave V 7.26.7.121
* Temperature SN = 6128
* Conductivity SN = 6128
* System UpLoad Time = Jun 05 2025 02:42:17
* NMEA Latitude = 42 59.81 N
* NMEA Longitude = 070 24.63 W
* NMEA UTC (Time) = Jun 05 2025  02:40:34
** Ship: Henry Bigelow
** Cruise:  HB2502
** Program:  Spring Bottom Trawl
# nquan = 7
# nvalues = 2442                                  
# units = specified
# name 0 = depSM: Depth [salt water, m]
# name 1 = tv290C: Temperature [ITS-90, deg C]
# name 2 = c0S/m: Conductivity [S/m]
# name 3 = sal00: Salinity, Practical [PSU]
# name 4 = scan: Scan Count
# name 5 = timeM: Time, Elapsed [minutes]
# name 6 = flag:  0.000e+00
# span 0 =     -0.124,    102.348                 
# span 1 =     4.8700,    14.3658                 
# span 2 =   0.007382,   3.707185                 
# span 3 =     0.0461,    33.0679                 
# span 4 =         11,       2452                 
# span 5 =     0.0417,    10.2125                 
# span 6 = 0.0000e+00, 0.0000e+00                 
# interval = seconds: 0.25
# start_time = Jun 05 2025 02:40:34 [NMEA time, header]
# bad_flag = -9.990e-29
*END*
[from data line 1436]
     52.757     6.3505   3.214980    32.1459       1447     6.0250  0.000e+00
     52.720     6.3505   3.214980    32.1459       1448     6.0292  0.000e+00
     52.673     6.3506   3.214999    32.1461       1449     6.0333  0.000e+00
     52.626     6.3510   3.215042    32.1461       1450     6.0375  0.000e+00
     52.581     6.3515   3.215017    32.1454       1451     6.0417  0.000e+00
     52.531     6.3521   3.215042    32.1451       1452     6.0458  0.000e+00
     52.482     6.3525   3.215121    32.1457       1453     6.0500  0.000e+00
     52.432     6.3530   3.215017    32.1441       1454     6.0542  0.000e+00
     52.372     6.3532   3.214919    32.1428       1455     6.0583  0.000e+00
     52.314     6.3530   3.214833    32.1421       1456     6.0625  0.000e+00
     52.245     6.3524   3.214999    32.1446       1457     6.0667  0.000e+00
     52.179     6.3526   3.215060    32.1450       1458     6.0708  0.000e+00
     52.114     6.3534   3.215201    32.1459       1459     6.0750  0.000e+00
     52.034     6.3548   3.215648    32.1496       1460     6.0792  0.000e+00
     51.969     6.3572   3.216347    32.1551       1461     6.0833  0.000e+00
     51.891     6.3614   3.216672    32.1547       1462     6.0875  0.000e+00
     51.815     6.3663   3.216856    32.1522       1463     6.0917  0.000e+00
     51.742     6.3700   3.216954    32.1498       1464     6.0958  0.000e+00
     51.665     6.3732   3.217242    32.1501       1465     6.1000  0.000e+00
     51.594     6.3760   3.217346    32.1486       1466     6.1042  0.000e+00
     51.527     6.3789   3.216997    32.1420       1467     6.1083  0.000e+00
     51.462     6.3805   3.216488    32.1349       1468     6.1125  0.000e+00
     51.400     6.3799   3.216059    32.1308       1469     6.1167  0.000e+00
     51.343     6.3779   3.215403    32.1254       1470     6.1208  0.000e+00
     51.291     6.3747   3.213981    32.1127       1471     6.1250  0.000e+00
     51.247     6.3684   3.211818    32.0947       1472     6.1292  0.000e+00
     51.206     6.3573   3.210433    32.0898       1473     6.1333  0.000e+00
     51.166     6.3446   3.209392    32.0903       1474     6.1375  0.000e+00
     51.131     6.3330   3.208724    32.0938       1475     6.1417  0.000e+00
     51.106     6.3234   3.208314    32.0983       1476     6.1458  0.000e+00
     51.073     6.3162   3.208155    32.1034       1477     6.1500  0.000e+00
     51.038     6.3116   3.208112    32.1073       1478     6.1542  0.000e+00
     51.008     6.3088   3.208112    32.1099       1479     6.1583  0.000e+00
     50.976     6.3071   3.208112    32.1116       1480     6.1625  0.000e+00
     50.931     6.3062   3.208088    32.1122       1481     6.1667  0.000e+00
     50.886     6.3059   3.208051    32.1120       1482     6.1708  0.000e+00
     50.835     6.3056   3.208094    32.1128       1483     6.1750  0.000e+00
     50.779     6.3056   3.208155    32.1136       1484     6.1792  0.000e+00
     50.708     6.3062   3.208173    32.1133       1485     6.1833  0.000e+00
     50.632     6.3068   3.207971    32.1104       1486     6.1875  0.000e+00
     50.558     6.3069   3.207947    32.1101       1487     6.1917  0.000e+00
     50.471     6.3069   3.207971    32.1104       1488     6.1958  0.000e+00
     50.391     6.3071   3.207990    32.1105       1489     6.2000  0.000e+00
     50.310     6.3076   3.207806    32.1081       1490     6.2042  0.000e+00
     50.226     6.3078   3.207255    32.1017       1491     6.2083  0.000e+00
     50.157     6.3077   3.207053    32.0996       1492     6.2125  0.000e+00
     50.089     6.3073   3.206991    32.0994       1493     6.2167  0.000e+00
     50.028     6.3069   3.207010    32.1000       1494     6.2208  0.000e+00
     49.979     6.3069   3.207236    32.1025       1495     6.2250  0.000e+00
     49.930     6.3076   3.207604    32.1060       1496     6.2292  0.000e+00
     49.893     6.3097   3.208032    32.1087       1497     6.2333  0.000e+00
     49.860     6.3129   3.208479    32.1107       1498     6.2375  0.000e+00
     49.820     6.3169   3.208761    32.1101       1499     6.2417  0.000e+00
     49.783     6.3209   3.209067    32.1097       1500     6.2458  0.000e+00
     49.740     6.3248   3.210127    32.1178       1501     6.2500  0.000e+00
     49.698     6.3311   3.211756    32.1299       1502     6.2542  0.000e+00
     49.654     6.3421   3.213509    32.1390       1503     6.2583  0.000e+00
     49.609     6.3565   3.215016    32.1422       1504     6.2625  0.000e+00
     49.563     6.3725   3.216138    32.1395       1505     6.2667  0.000e+00
     49.507     6.3880   3.216487    32.1287       1506     6.2708  0.000e+00
     49.453     6.4001   3.216591    32.1185       1507     6.2750  0.000e+00
     49.395     6.4086   3.216609    32.1108       1508     6.2792  0.000e+00
     49.332     6.4140   3.216530    32.1049       1509     6.2833  0.000e+00
     49.268     6.4172   3.216529    32.1018       1510     6.2875  0.000e+00
     49.205     6.4188   3.216505    32.1001       1511     6.2917  0.000e+00
     49.139     6.4196   3.216364    32.0979       1512     6.2958  0.000e+00
     49.072     6.4197   3.215769    32.0912       1513     6.3000  0.000e+00
     49.001     6.4182   3.215058    32.0848       1514     6.3042  0.000e+00
     48.941     6.4147   3.214568    32.0827       1515     6.3083  0.000e+00
     48.878     6.4107   3.214059    32.0808       1516     6.3125  0.000e+00
     48.809     6.4063   3.213833    32.0825       1517     6.3167  0.000e+00
     48.748     6.4026   3.213342    32.0806       1518     6.3208  0.000e+00
     48.683     6.3988   3.212650    32.0766       1519     6.3250  0.000e+00
     48.614     6.3944   3.211915    32.0726       1520     6.3292  0.000e+00
     48.549     6.3893   3.211124    32.0686       1521     6.3333  0.000e+00
     48.489     6.3838   3.210408    32.0659       1522     6.3375  0.000e+00
     48.424     6.3781   3.209924    32.0659       1523     6.3417  0.000e+00
     48.360     6.3728   3.209654    32.0680       1524     6.3458  0.000e+00
     48.294     6.3684   3.209452    32.0699       1525     6.3500  0.000e+00
     48.233     6.3650   3.209250    32.0709       1526     6.3542  0.000e+00
     48.172     6.3623   3.209005    32.0708       1527     6.3583  0.000e+00
     48.110     6.3599   3.208680    32.0695       1528     6.3625  0.000e+00
     48.054     6.3578   3.208392    32.0683       1529     6.3667  0.000e+00
     47.994     6.3554   3.208172    32.0681       1530     6.3708  0.000e+00
     47.943     6.3532   3.207884    32.0670       1531     6.3750  0.000e+00
     47.887     6.3514   3.207639    32.0661       1532     6.3792  0.000e+00
     47.841     6.3495   3.207523    32.0666       1533     6.3833  0.000e+00
     47.794     6.3480   3.207468    32.0674       1534     6.3875  0.000e+00
     47.744     6.3468   3.207235    32.0660       1535     6.3917  0.000e+00
     47.697     6.3455   3.206727    32.0616       1536     6.3958  0.000e+00
     47.652     6.3433   3.206323    32.0593       1537     6.4000  0.000e+00
     47.599     6.3401   3.205931    32.0579       1538     6.4042  0.000e+00
     47.545     6.3371   3.205466    32.0557       1539     6.4083  0.000e+00
     47.498     6.3335   3.204853    32.0522       1540     6.4125  0.000e+00
     47.436     6.3294   3.204633    32.0537       1541     6.4167  0.000e+00
     47.389     6.3257   3.204492    32.0557       1542     6.4208  0.000e+00
     47.333     6.3231   3.204168    32.0546       1543     6.4250  0.000e+00
     47.278     6.3204   3.203923    32.0544       1544     6.4292  0.000e+00
     47.215     6.3180   3.203776    32.0550       1545     6.4333  0.000e+00
     47.154     6.3159   3.203415    32.0531       1546     6.4375  0.000e+00
     47.086     6.3137   3.203152    32.0522       1547     6.4417  0.000e+00
     47.022     6.3116   3.202742    32.0497       1548     6.4458  0.000e+00
     46.951     6.3091   3.202417    32.0485       1549     6.4500  0.000e+00
     46.884     6.3066   3.202215    32.0486       1550     6.4542  0.000e+00
     46.810     6.3044   3.202117    32.0497       1551     6.4583  0.000e+00
     46.748     6.3029   3.202050    32.0504       1552     6.4625  0.000e+00
     46.677     6.3021   3.201971    32.0503       1553     6.4667  0.000e+00
     46.616     6.3014   3.201689    32.0479       1554     6.4708  0.000e+00
     46.551     6.3008   3.201279    32.0439       1555     6.4750  0.000e+00
     46.487     6.2994   3.201016    32.0424       1556     6.4792  0.000e+00
     46.428     6.2973   3.200410    32.0376       1557     6.4833  0.000e+00
     46.366     6.2947   3.200123    32.0369       1558     6.4875  0.000e+00
     46.313     6.2918   3.199798    32.0361       1559     6.4917  0.000e+00
     46.261     6.2889   3.199395    32.0343       1560     6.4958  0.000e+00
     46.208     6.2857   3.198746    32.0302       1561     6.5000  0.000e+00
     46.160     6.2815   3.198624    32.0328       1562     6.5042  0.000e+00
     46.105     6.2780   3.198422    32.0339       1563     6.5083  0.000e+00
     46.053     6.2756   3.197670    32.0278       1564     6.5125  0.000e+00
     46.000     6.2719   3.196801    32.0217       1565     6.5167  0.000e+00
     45.941     6.2662   3.196434    32.0231       1566     6.5208  0.000e+00
     45.880     6.2609   3.196251    32.0260       1567     6.5250  0.000e+00
     45.823     6.2569   3.195945    32.0264       1568     6.5292  0.000e+00
     45.760     6.2535   3.195804    32.0281       1569     6.5333  0.000e+00
     45.699     6.2510   3.195927    32.0318       1570     6.5375  0.000e+00
     45.641     6.2497   3.194936    32.0221       1571     6.5417  0.000e+00
     45.576     6.2463   3.194062    32.0156       1572     6.5458  0.000e+00
     45.514     6.2407   3.194300    32.0236       1573     6.5500  0.000e+00
     45.456     6.2369   3.194025    32.0241       1574     6.5542  0.000e+00
     45.401     6.2343   3.193964    32.0259       1575     6.5583  0.000e+00
     45.349     6.2321   3.193940    32.0277       1576     6.5625  0.000e+00
     45.296     6.2308   3.193701    32.0264       1577     6.5667  0.000e+00
     45.252     6.2294   3.193499    32.0254       1578     6.5708  0.000e+00
     45.208     6.2276   3.193230    32.0242       1579     6.5750  0.000e+00
     45.161     6.2253   3.193212    32.0262       1580     6.5792  0.000e+00
     45.119     6.2237   3.192888    32.0241       1581     6.5833  0.000e+00
     45.072     6.2223   3.192827    32.0248       1582     6.5875  0.000e+00
     45.019     6.2206   3.192790    32.0259       1583     6.5917  0.000e+00
     44.972     6.2197   3.192870    32.0277       1584     6.5958  0.000e+00
     44.912     6.2190   3.192081    32.0196       1585     6.6000  0.000e+00
     44.853     6.2170   3.192240    32.0233       1586     6.6042  0.000e+00
     44.790     6.2148   3.192179    32.0247       1587     6.6083  0.000e+00
     44.711     6.2136   3.191152    32.0145       1588     6.6125  0.000e+00
     44.637     6.2105   3.191574    32.0221       1589     6.6167  0.000e+00
     44.570     6.2075   3.191207    32.0209       1590     6.6208  0.000e+00
     44.501     6.2060   3.191171    32.0219       1591     6.6250  0.000e+00
     44.432     6.2050   3.190181    32.0120       1592     6.6292  0.000e+00
     44.363     6.2012   3.189875    32.0122       1593     6.6333  0.000e+00
     44.301     6.1970   3.188763    32.0038       1594     6.6375  0.000e+00
     44.243     6.1907   3.188641    32.0084       1595     6.6417  0.000e+00
     44.196     6.1854   3.188403    32.0108       1596     6.6458  0.000e+00
     44.148     6.1813   3.188519    32.0159       1597     6.6500  0.000e+00
     44.105     6.1790   3.188500    32.0179       1598     6.6542  0.000e+00
     44.059     6.1776   3.188054    32.0143       1599     6.6583  0.000e+00
     44.019     6.1759   3.188158    32.0171       1600     6.6625  0.000e+00
     43.974     6.1749   3.188158    32.0181       1601     6.6667  0.000e+00
     43.934     6.1741   3.187914    32.0161       1602     6.6708  0.000e+00
     43.889     6.1730   3.187975    32.0179       1603     6.6750  0.000e+00
     43.843     6.1721   3.187773    32.0165       1604     6.6792  0.000e+00
     43.796     6.1714   3.187896    32.0185       1605     6.6833  0.000e+00
     43.741     6.1706   3.187816    32.0184       1606     6.6875  0.000e+00
     43.689     6.1704   3.187914    32.0197       1607     6.6917  0.000e+00
     43.629     6.1703   3.187938    32.0201       1608     6.6958  0.000e+00
     43.566     6.1707   3.187205    32.0116       1609     6.7000  0.000e+00
     43.499     6.1693   3.186118    32.0008       1610     6.7042  0.000e+00
     43.427     6.1646   3.185837    32.0022       1611     6.7083  0.000e+00
     43.351     6.1598   3.185635    32.0045       1612     6.7125  0.000e+00
     43.278     6.1559   3.185409    32.0057       1613     6.7167  0.000e+00
     43.207     6.1529   3.185373    32.0082       1614     6.7208  0.000e+00
     43.137     6.1508   3.185434    32.0109       1615     6.7250  0.000e+00
     43.062     6.1497   3.185452    32.0121       1616     6.7292  0.000e+00
     42.995     6.1494   3.185574    32.0138       1617     6.7333  0.000e+00
     42.937     6.1498   3.185672    32.0145       1618     6.7375  0.000e+00
     42.874     6.1508   3.185672    32.0136       1619     6.7417  0.000e+00
     42.816     6.1518   3.185751    32.0136       1620     6.7458  0.000e+00
     42.769     6.1527   3.185776    32.0131       1621     6.7500  0.000e+00
     42.721     6.1534   3.185812    32.0128       1622     6.7542  0.000e+00
     42.676     6.1539   3.185898    32.0133       1623     6.7583  0.000e+00
     42.637     6.1547   3.185916    32.0128       1624     6.7625  0.000e+00
     42.597     6.1553   3.185959    32.0127       1625     6.7667  0.000e+00
     42.559     6.1560   3.186038    32.0130       1626     6.7708  0.000e+00
     42.512     6.1569   3.186099    32.0128       1627     6.7750  0.000e+00
     42.468     6.1576   3.186118    32.0124       1628     6.7792  0.000e+00
     42.415     6.1585   3.186160    32.0120       1629     6.7833  0.000e+00
     42.372     6.1593   3.186160    32.0113       1630     6.7875  0.000e+00
     42.317     6.1601   3.186136    32.0102       1631     6.7917  0.000e+00
     42.259     6.1608   3.186136    32.0097       1632     6.7958  0.000e+00
     42.197     6.1612   3.186136    32.0093       1633     6.8000  0.000e+00
     42.136     6.1616   3.186160    32.0092       1634     6.8042  0.000e+00
     42.068     6.1620   3.186215    32.0095       1635     6.8083  0.000e+00
     42.001     6.1625   3.186276    32.0098       1636     6.8125  0.000e+00
     41.930     6.1640   3.186478    32.0106       1637     6.8167  0.000e+00
     41.861     6.1658   3.186582    32.0101       1638     6.8208  0.000e+00
     41.795     6.1679   3.186661    32.0091       1639     6.8250  0.000e+00
     41.729     6.1700   3.186704    32.0075       1640     6.8292  0.000e+00
     41.664     6.1719   3.186722    32.0060       1641     6.8333  0.000e+00
     41.611     6.1735   3.186722    32.0046       1642     6.8375  0.000e+00
     41.554     6.1746   3.186740    32.0037       1643     6.8417  0.000e+00
     41.500     6.1754   3.186722    32.0028       1644     6.8458  0.000e+00
     41.454     6.1761   3.186704    32.0020       1645     6.8500  0.000e+00
     41.407     6.1764   3.186703    32.0017       1646     6.8542  0.000e+00
     41.365     6.1769   3.186703    32.0012       1647     6.8583  0.000e+00
     41.324     6.1772   3.186685    32.0008       1648     6.8625  0.000e+00
     41.279     6.1771   3.186703    32.0011       1649     6.8667  0.000e+00
     41.237     6.1776   3.186703    32.0007       1650     6.8708  0.000e+00
     41.192     6.1777   3.186703    32.0006       1651     6.8750  0.000e+00
