HB2503/sbe034.cnv
* Sea-Bird SBE 19plus V2 Data File:
* FileName = C:\cruise\data\sbe034.hex
* Software Version Seasave V 7.26.7.121
* Temperature SN = 6128
* Conductivity SN = 6128
* System UpLoad Time = May 30 2025 23:40:09
* NMEA Latitude = 39 53.86 N
* NMEA Longitude = 073 29.88 W
* NMEA UTC (Time) = May 30 2025  23:38:21
** Ship: Henry Bigelow
** Cruise:  HB2502
** Program:  Spring Bottom Trawl
# nquan = 7
# nvalues = 1291                                  
# units = specified
# name 0 = depSM: Depth [salt water, m]
# name 1 = tv290C: Temperature [ITS-90, deg C]
# name 2 = c0S/m: Conductivity [S/m]
# name 3 = sal00: Salinity, Practical [PSU]
# name 4 = scan: Scan Count
# name 5 = timeM: Time, Elapsed [minutes]
# name 6 = flag:  0.000e+00
# span 0 =     -0.192,     35.371                 
# span 1 =     7.2226,    15.4915                 
# span 2 =   0.009722,   3.965087                 
# span 3 =     0.0584,    33.2556                 
# span 4 =         11,       1301                 
# span 5 =     0.0417,     5.4167                 
# span 6 = 0.0000e+00, 0.0000e+00                 
# interval = seconds: 0.25
# start_time = May 30 2025 23:38:21 [NMEA time, header]
# bad_flag = -9.990e-29
*END*
[from data line 206]
      4.768    14.7745   3.913323    31.7544        217     0.9000  0.000e+00
      4.884    14.7702   3.912581    31.7512        218     0.9042  0.000e+00
      5.002    14.7655   3.912005    31.7498        219     0.9083  0.000e+00
      5.116    14.7619   3.911707    31.7499        220     0.9125  0.000e+00
      5.231    14.7584   3.911607    31.7519        221     0.9167  0.000e+00
      5.338    14.7537   3.911515    31.7548        222     0.9208  0.000e+00
      5.445    14.7487   3.911236    31.7563        223     0.9250  0.000e+00
      5.548    14.7437   3.910905    31.7574        224     0.9292  0.000e+00
      5.648    14.7395   3.910700    31.7589        225     0.9333  0.000e+00
      5.751    14.7351   3.910746    31.7629        226     0.9375  0.000e+00
      5.856    14.7308   3.911164    31.7702        227     0.9417  0.000e+00
      5.968    14.7274   3.912443    31.7845        228     0.9458  0.000e+00
      6.082    14.7257   3.916048    31.8184        229     0.9500  0.000e+00
      6.203    14.7282   3.920563    31.8572        230     0.9542  0.000e+00
      6.325    14.7319   3.922964    31.8759        231     0.9583  0.000e+00
      6.464    14.7324   3.923435    31.8796        232     0.9625  0.000e+00
      6.604    14.7318   3.923780    31.8832        233     0.9667  0.000e+00
      6.752    14.7375   3.923104    31.8724        234     0.9708  0.000e+00
      6.902    14.7471   3.922361    31.8577        235     0.9750  0.000e+00
      7.045    14.7532   3.919701    31.8287        236     0.9792  0.000e+00
      7.194    14.7534   3.916300    31.7977        237     0.9833  0.000e+00
      7.337    14.7469   3.912675    31.7701        238     0.9875  0.000e+00
      7.476    14.7257   3.908707    31.7515        239     0.9917  0.000e+00
      7.614    14.6969   3.904992    31.7413        240     0.9958  0.000e+00
      7.733    14.6609   3.902040    31.7439        241     1.0000  0.000e+00
      7.849    14.6233   3.898950    31.7466        242     1.0042  0.000e+00
      7.945    14.5830   3.895874    31.7515        243     1.0083  0.000e+00
      8.035    14.5363   3.893077    31.7643        244     1.0125  0.000e+00
      8.122    14.4919   3.890519    31.7774        245     1.0167  0.000e+00
      8.204    14.4523   3.888576    31.7921        246     1.0208  0.000e+00
      8.287    14.4140   3.888464    31.8225        247     1.0250  0.000e+00
      8.368    14.3801   3.891241    31.8757        248     1.0292  0.000e+00
      8.457    14.3577   3.901641    31.9891        249     1.0333  0.000e+00
      8.556    14.3494   3.910428    32.0762        250     1.0375  0.000e+00
      8.679    14.3406   3.916962    32.1432        251     1.0417  0.000e+00
      8.813    14.3514   3.921849    32.1789        252     1.0458  0.000e+00
      8.961    14.4082   3.924111    32.1522        253     1.0500  0.000e+00
      9.099    14.4949   3.924600    32.0848        254     1.0542  0.000e+00
      9.253    14.5755   3.923598    32.0090        255     1.0583  0.000e+00
      9.403    14.6398   3.919114    31.9153        256     1.0625  0.000e+00
      9.553    14.6753   3.912796    31.8288        257     1.0667  0.000e+00
      9.707    14.6870   3.907225    31.7688        258     1.0708  0.000e+00
      9.844    14.6724   3.903676    31.7485        259     1.0750  0.000e+00
      9.973    14.6170   3.895339    31.7181        260     1.0792  0.000e+00
     10.083    14.5286   3.885100    31.6973        261     1.0833  0.000e+00
     10.188    14.4346   3.879480    31.7231        262     1.0875  0.000e+00
     10.300    14.3512   3.877546    31.7738        263     1.0917  0.000e+00
     10.412    14.2831   3.877554    31.8298        264     1.0958  0.000e+00
     10.534    14.2340   3.878703    31.8808        265     1.1000  0.000e+00
     10.656    14.2009   3.879674    31.9170        266     1.1042  0.000e+00
     10.776    14.1783   3.880447    31.9427        267     1.1083  0.000e+00
     10.903    14.1620   3.881828    31.9688        268     1.1125  0.000e+00
     11.022    14.1495   3.882746    31.9875        269     1.1167  0.000e+00
     11.156    14.1406   3.883486    32.0017        270     1.1208  0.000e+00
     11.286    14.1323   3.882727    32.0016        271     1.1250  0.000e+00
     11.415    14.1217   3.877437    31.9617        272     1.1292  0.000e+00
     11.536    14.1074   3.871979    31.9234        273     1.1333  0.000e+00
     11.666    14.0893   3.868140    31.9031        274     1.1375  0.000e+00
     11.789    14.0693   3.865074    31.8915        275     1.1417  0.000e+00
     11.921    14.0449   3.863400    31.8962        276     1.1458  0.000e+00
     12.052    14.0223   3.862167    31.9035        277     1.1500  0.000e+00
     12.175    14.0037   3.860843    31.9067        278     1.1542  0.000e+00
     12.303    13.9864   3.859630    31.9098        279     1.1583  0.000e+00
     12.428    13.9711   3.858734    31.9143        280     1.1625  0.000e+00
     12.544    13.9562   3.857845    31.9184        281     1.1667  0.000e+00
     12.656    13.9424   3.857134    31.9233        282     1.1708  0.000e+00
     12.768    13.9312   3.856660    31.9281        283     1.1750  0.000e+00
     12.884    13.9231   3.857147    31.9393        284     1.1792  0.000e+00
     12.989    13.9158   3.860271    31.9742        285     1.1833  0.000e+00
     13.100    13.9122   3.869693    32.0640        286     1.1875  0.000e+00
     13.205    13.9156   3.880709    32.1629        287     1.1917  0.000e+00
     13.322    13.9167   3.886536    32.2156        288     1.1958  0.000e+00
     13.447    13.9274   3.897155    32.3047        289     1.2000  0.000e+00
     13.579    13.9662   3.904024    32.3355        290     1.2042  0.000e+00
     13.715    14.0367   3.907115    32.3046        291     1.2083  0.000e+00
     13.858    14.1288   3.907280    32.2290        292     1.2125  0.000e+00
     14.005    14.2361   3.906768    32.1347        293     1.2167  0.000e+00
     14.164    14.3306   3.906019    32.0494        294     1.2208  0.000e+00
     14.312    14.4037   3.903701    31.9676        295     1.2250  0.000e+00
     14.463    14.4526   3.897082    31.8670        296     1.2292  0.000e+00
     14.617    14.4752   3.889325    31.7778        297     1.2333  0.000e+00
     14.761    14.4737   3.883576    31.7266        298     1.2375  0.000e+00
     14.897    14.4194   3.880195    31.7402        299     1.2417  0.000e+00
     15.031    14.3008   3.870150    31.7459        300     1.2458  0.000e+00
     15.156    14.1566   3.857455    31.7481        301     1.2500  0.000e+00
     15.272    14.0108   3.848060    31.7821        302     1.2542  0.000e+00
     15.396    13.8772   3.843291    31.8486        303     1.2583  0.000e+00
     15.510    13.7612   3.839458    31.9095        304     1.2625  0.000e+00
     15.622    13.6678   3.836921    31.9638        305     1.2667  0.000e+00
     15.739    13.5996   3.834175    31.9953        306     1.2708  0.000e+00
     15.852    13.5398   3.832657    32.0312        307     1.2750  0.000e+00
     15.968    13.4817   3.833184    32.0849        308     1.2792  0.000e+00
     16.082    13.4318   3.834742    32.1413        309     1.2833  0.000e+00
     16.198    13.3967   3.836997    32.1919        310     1.2875  0.000e+00
     16.314    13.3768   3.838424    32.2221        311     1.2917  0.000e+00
     16.426    13.3663   3.839601    32.2419        312     1.2958  0.000e+00
     16.544    13.3583   3.840489    32.2570        313     1.3000  0.000e+00
     16.669    13.3488   3.842173    32.2807        314     1.3042  0.000e+00
     16.803    13.3367   3.845285    32.3201        315     1.3083  0.000e+00
     16.938    13.3284   3.848708    32.3590        316     1.3125  0.000e+00
     17.081    13.3283   3.849346    32.3651        317     1.3167  0.000e+00
     17.222    13.3315   3.847227    32.3425        318     1.3208  0.000e+00
     17.380    13.3264   3.843266    32.3096        319     1.3250  0.000e+00
     17.534    13.3075   3.835783    32.2556        320     1.3292  0.000e+00
     17.686    13.2702   3.828424    32.2182        321     1.3333  0.000e+00
     17.847    13.2033   3.820547    32.2009        322     1.3375  0.000e+00
     18.011    13.0762   3.814283    32.2499        323     1.3417  0.000e+00
     18.171    12.9222   3.805763    32.3006        324     1.3458  0.000e+00
     18.332    12.7782   3.795005    32.3218        325     1.3500  0.000e+00
     18.493    12.6412   3.782835    32.3236        326     1.3542  0.000e+00
     18.648    12.5160   3.769675    32.3056        327     1.3583  0.000e+00
     18.793    12.3655   3.758887    32.3320        328     1.3625  0.000e+00
     18.934    12.1772   3.744986    32.3612        329     1.3667  0.000e+00
     19.077    11.9980   3.731198    32.3836        330     1.3708  0.000e+00
     19.202    11.8211   3.717137    32.4013        331     1.3750  0.000e+00
     19.321    11.6310   3.708771    32.4860        332     1.3792  0.000e+00
     19.432    11.4205   3.704267    32.6271        333     1.3833  0.000e+00
     19.546    11.2099   3.704199    32.8132        334     1.3875  0.000e+00
     19.663    11.0370   3.710081    33.0261        335     1.3917  0.000e+00
     19.785    10.9280   3.723290    33.2556        336     1.3958  0.000e+00
     19.902    10.8944   3.715792    33.2114        337     1.4000  0.000e+00
     20.022    10.8706   3.471222    30.8111        338     1.4042  0.000e+00
     20.147    10.3940   3.408464    30.5902        339     1.4083  0.000e+00
     20.281     9.5961   3.402537    31.2126        340     1.4125  0.000e+00
     20.412     8.9852   3.398741    31.7113        341     1.4167  0.000e+00
     20.548     8.5935   3.397956    32.0555        342     1.4208  0.000e+00
     20.688     8.3568   3.396356    32.2544        343     1.4250  0.000e+00
     20.840     8.2154   3.395856    32.3791        344     1.4292  0.000e+00
     20.992     8.1332   3.395557    32.4518        345     1.4333  0.000e+00
     21.146     8.0864   3.395338    32.4928        346     1.4375  0.000e+00
     21.309     8.0600   3.394881    32.5123        347     1.4417  0.000e+00
     21.465     8.0439   3.394099    32.5189        348     1.4458  0.000e+00
     21.624     8.0324   3.394537    32.5342        349     1.4500  0.000e+00
     21.785     8.0269   3.395070    32.5448        350     1.4542  0.000e+00
     21.946     8.0272   3.393361    32.5264        351     1.4583  0.000e+00
     22.104     8.0234   3.392691    32.5227        352     1.4625  0.000e+00
     22.254     8.0170   3.392635    32.5280        353     1.4667  0.000e+00
     22.402     8.0119   3.391840    32.5241        354     1.4708  0.000e+00
     22.551     8.0065   3.391483    32.5253        355     1.4750  0.000e+00
     22.699     8.0016   3.391408    32.5290        356     1.4792  0.000e+00
     22.844     7.9985   3.391646    32.5343        357     1.4833  0.000e+00
     22.985     7.9973   3.390933    32.5278        358     1.4875  0.000e+00
     23.122     7.9950   3.390476    32.5250        359     1.4917  0.000e+00
     23.261     7.9902   3.390045    32.5248        360     1.4958  0.000e+00
     23.394     7.9848   3.389650    32.5256        361     1.5000  0.000e+00
     23.533     7.9779   3.389044    32.5254        362     1.5042  0.000e+00
     23.669     7.9702   3.388437    32.5261        363     1.5083  0.000e+00
     23.801     7.9601   3.387724    32.5279        364     1.5125  0.000e+00
     23.933     7.9499   3.387017    32.5298        365     1.5167  0.000e+00
     24.066     7.9397   3.385754    32.5257        366     1.5208  0.000e+00
     24.194     7.9284   3.383659    32.5138        367     1.5250  0.000e+00
     24.328     7.9130   3.382440    32.5151        368     1.5292  0.000e+00
     24.457     7.8968   3.381671    32.5219        369     1.5333  0.000e+00
     24.589     7.8833   3.380628    32.5233        370     1.5375  0.000e+00
     24.712     7.8705   3.379884    32.5272        371     1.5417  0.000e+00
     24.840     7.8585   3.379072    32.5296        372     1.5458  0.000e+00
     24.967     7.8465   3.377072    32.5195        373     1.5500  0.000e+00
     25.094     7.8311   3.375573    32.5177        374     1.5542  0.000e+00
     25.224     7.8142   3.374243    32.5192        375     1.5583  0.000e+00
     25.354     7.7976   3.373569    32.5274        376     1.5625  0.000e+00
     25.490     7.7831   3.372357    32.5279        377     1.5667  0.000e+00
     25.635     7.7691   3.371196    32.5284        378     1.5708  0.000e+00
     25.782     7.7542   3.370066    32.5302        379     1.5750  0.000e+00
     25.934     7.7394   3.370054    32.5439        380     1.5792  0.000e+00
     26.102     7.7279   3.369430    32.5478        381     1.5833  0.000e+00
     26.259     7.7181   3.367277    32.5338        382     1.5875  0.000e+00
     26.437     7.7029   3.363883    32.5116        383     1.5917  0.000e+00
     26.608     7.6771   3.363060    32.5267        384     1.5958  0.000e+00
     26.775     7.6520   3.360359    32.5211        385     1.6000  0.000e+00
     26.941     7.6252   3.356451    32.5041        386     1.6042  0.000e+00
     27.099     7.5918   3.354332    32.5125        387     1.6083  0.000e+00
     27.245     7.5594   3.353828    32.5374        388     1.6125  0.000e+00
     27.379     7.5326   3.351317    32.5354        389     1.6167  0.000e+00
     27.502     7.5066   3.348901    32.5336        390     1.6208  0.000e+00
     27.614     7.4794   3.347731    32.5465        391     1.6250  0.000e+00
     27.717     7.4546   3.347102    32.5630        392     1.6292  0.000e+00
     27.819     7.4356   3.347264    32.5825        393     1.6333  0.000e+00
     27.913     7.4227   3.345758    32.5783        394     1.6375  0.000e+00
     28.003     7.4089   3.344221    32.5746        395     1.6417  0.000e+00
     28.097     7.3920   3.343474    32.5824        396     1.6458  0.000e+00
     28.183     7.3760   3.342174    32.5834        397     1.6500  0.000e+00
     28.271     7.3598   3.341527    32.5915        398     1.6542  0.000e+00
     28.369     7.3449   3.341129    32.6013        399     1.6583  0.000e+00
     28.471     7.3332   3.340998    32.6108        400     1.6625  0.000e+00
     28.583     7.3251   3.340980    32.6182        401     1.6667  0.000e+00
     28.695     7.3203   3.340955    32.6223        402     1.6708  0.000e+00
     28.824     7.3171   3.340918    32.6250        403     1.6750  0.000e+00
     28.961     7.3155   3.341726    32.6351        404     1.6792  0.000e+00
     29.106     7.3157   3.341913    32.6369        405     1.6833  0.000e+00
     29.257     7.3170   3.341963    32.6361        406     1.6875  0.000e+00
     29.418     7.3179   3.341938    32.6350        407     1.6917  0.000e+00
     29.584     7.3180   3.341870    32.6340        408     1.6958  0.000e+00
     29.760     7.3175   3.342193    32.6380        409     1.7000  0.000e+00
     29.938     7.3178   3.342461    32.6404        410     1.7042  0.000e+00
     30.113     7.3193   3.342791    32.6425        411     1.7083  0.000e+00
     30.283     7.3218   3.341746    32.6288        412     1.7125  0.000e+00
     30.453     7.3209   3.341565    32.6276        413     1.7167  0.000e+00
     30.611     7.3171   3.341192    32.6271        414     1.7208  0.000e+00
     30.761     7.3125   3.340980    32.6290        415     1.7250  0.000e+00
     30.898     7.3083   3.340383    32.6264        416     1.7292  0.000e+00
     31.024     7.3032   3.339724    32.6240        417     1.7333  0.000e+00
     31.138     7.2959   3.339562    32.6291        418     1.7375  0.000e+00
     31.240     7.2892   3.339681    32.6367        419     1.7417  0.000e+00
     31.335     7.2851   3.339488    32.6384        420     1.7458  0.000e+00
