HB2503/sbe048.cnv
* Sea-Bird SBE 19plus V2 Data File:
* FileName = C:\cruise\data\sbe048.hex
* Software Version Seasave V 7.26.7.121
* Temperature SN = 6128
* Conductivity SN = 6128
* System UpLoad Time = Jun 01 2025 13:17:36
* NMEA Latitude = 40 54.34 N
* NMEA Longitude = 070 39.24 W
* NMEA UTC (Time) = Jun 01 2025  13:15:49
** Ship: Henry Bigelow
** Cruise:  HB2502
** Program:  Spring Bottom Trawl
# nquan = 7
# nvalues = 1224                                  
# units = specified
# name 0 = depSM: Depth [salt water, m]
# name 1 = tv290C: Temperature [ITS-90, deg C]
# name 2 = c0S/m: Conductivity [S/m]
# name 3 = sal00: Salinity, Practical [PSU]
# name 4 = scan: Scan Count
# name 5 = timeM: Time, Elapsed [minutes]
# name 6 = flag:  0.000e+00
# span 0 =     -0.166,     47.439                 
# span 1 =     7.7561,    11.1490                 
# span 2 =   0.005539,   3.647703                 
# span 3 =     0.0371,    32.7375                 
# span 4 =         11,       1234                 
# span 5 =     0.0417,     5.1375                 
# span 6 = 0.0000e+00, 0.0000e+00                 
# interval = seconds: 0.25
# start_time = Jun 01 2025 13:15:49 [NMEA time, header]
# bad_flag = -9.990e-29
*END*
[from data line 206]
     19.400    10.5665   3.611185    32.4632        217     0.9000  0.000e+00
     19.611    10.5570   3.610672    32.4663        218     0.9042  0.000e+00
     19.821    10.5494   3.610294    32.4693        219     0.9083  0.000e+00
     20.011    10.5430   3.610095    32.4729        220     0.9125  0.000e+00
     20.212    10.5378   3.609877    32.4752        221     0.9167  0.000e+00
     20.398    10.5333   3.609697    32.4774        222     0.9208  0.000e+00
     20.568    10.5290   3.609274    32.4770        223     0.9250  0.000e+00
     20.745    10.5244   3.608902    32.4773        224     0.9292  0.000e+00
     20.901    10.5193   3.608370    32.4764        225     0.9333  0.000e+00
     21.036    10.5132   3.607613    32.4742        226     0.9375  0.000e+00
     21.159    10.5063   3.606767    32.4718        227     0.9417  0.000e+00
     21.259    10.4967   3.605581    32.4685        228     0.9458  0.000e+00
     21.335    10.4843   3.604760    32.4713        229     0.9500  0.000e+00
     21.399    10.4732   3.604780    32.4813        230     0.9542  0.000e+00
     21.470    10.4642   3.607171    32.5133        231     0.9583  0.000e+00
     21.546    10.4587   3.609987    32.5464        232     0.9625  0.000e+00
     21.630    10.4549   3.612541    32.5754        233     0.9667  0.000e+00
     21.723    10.4515   3.613516    32.5882        234     0.9708  0.000e+00
     21.836    10.4510   3.615025    32.6037        235     0.9750  0.000e+00
     21.955    10.4579   3.615673    32.6039        236     0.9792  0.000e+00
     22.099    10.4769   3.616000    32.5902        237     0.9833  0.000e+00
     22.257    10.4985   3.616160    32.5724        238     0.9875  0.000e+00
     22.424    10.5197   3.616289    32.5546        239     0.9917  0.000e+00
     22.603    10.5375   3.616089    32.5366        240     0.9958  0.000e+00
     22.795    10.5486   3.614934    32.5151        241     1.0000  0.000e+00
     22.994    10.5534   3.613445    32.4958        242     1.0042  0.000e+00
     23.200    10.5565   3.612470    32.4832        243     1.0083  0.000e+00
     23.407    10.5450   3.609519    32.4639        244     1.0125  0.000e+00
     23.620    10.5188   3.603716    32.4291        245     1.0167  0.000e+00
     23.839    10.4846   3.599012    32.4124        246     1.0208  0.000e+00
     24.043    10.4458   3.595432    32.4110        247     1.0250  0.000e+00
     24.242    10.4071   3.592986    32.4208        248     1.0292  0.000e+00
     24.421    10.3717   3.590957    32.4319        249     1.0333  0.000e+00
     24.596    10.3365   3.588845    32.4421        250     1.0375  0.000e+00
     24.764    10.3021   3.587015    32.4544        251     1.0417  0.000e+00
     24.935    10.2702   3.585148    32.4641        252     1.0458  0.000e+00
     25.095    10.2360   3.582615    32.4691        253     1.0500  0.000e+00
     25.254    10.1987   3.579105    32.4671        254     1.0542  0.000e+00
     25.413    10.1616   3.576299    32.4719        255     1.0583  0.000e+00
     25.557    10.1256   3.573405    32.4749        256     1.0625  0.000e+00
     25.713    10.0911   3.571304    32.4845        257     1.0667  0.000e+00
     25.861    10.0602   3.568897    32.4879        258     1.0708  0.000e+00
     26.011    10.0281   3.544925    32.2741        259     1.0750  0.000e+00
     26.156     9.9589   3.534932    32.2346        260     1.0792  0.000e+00
     26.305     9.8595   3.527220    32.2451        261     1.0833  0.000e+00
     26.440     9.7613   3.522462    32.2846        262     1.0875  0.000e+00
     26.574     9.6736   3.512305    32.2597        263     1.0917  0.000e+00
     26.714     9.5856   3.507954    32.2943        264     1.0958  0.000e+00
     26.855     9.5011   3.502838    32.3179        265     1.1000  0.000e+00
     26.992     9.4280   3.502129    32.3766        266     1.1042  0.000e+00
     27.135     9.3755   3.504444    32.4479        267     1.1083  0.000e+00
     27.273     9.3482   3.500939    32.4365        268     1.1125  0.000e+00
     27.429     9.3248   3.494116    32.3874        269     1.1167  0.000e+00
     27.585     9.2881   3.489939    32.3776        270     1.1208  0.000e+00
     27.751     9.2388   3.488768    32.4102        271     1.1250  0.000e+00
     27.921     9.1983   3.490642    32.4663        272     1.1292  0.000e+00
     28.102     9.1775   3.491048    32.4893        273     1.1333  0.000e+00
     28.291     9.1698   3.488105    32.4659        274     1.1375  0.000e+00
     28.488     9.1577   3.483278    32.4269        275     1.1417  0.000e+00
     28.699     9.1346   3.482342    32.4381        276     1.1458  0.000e+00
     28.913     9.1050   3.478758    32.4279        277     1.1500  0.000e+00
     29.137     9.0764   3.473279    32.3971        278     1.1542  0.000e+00
     29.368     9.0384   3.469724    32.3947        279     1.1583  0.000e+00
     29.589     8.9947   3.465936    32.3951        280     1.1625  0.000e+00
     29.808     8.9471   3.462895    32.4069        281     1.1667  0.000e+00
     30.023     8.9024   3.456796    32.3841        282     1.1708  0.000e+00
     30.215     8.8489   3.452037    32.3833        283     1.1750  0.000e+00
     30.391     8.7925   3.450985    32.4238        284     1.1792  0.000e+00
     30.553     8.7474   3.449644    32.4510        285     1.1833  0.000e+00
     30.700     8.7121   3.447484    32.4607        286     1.1875  0.000e+00
     30.835     8.6824   3.444688    32.4587        287     1.1917  0.000e+00
     30.960     8.6523   3.442252    32.4608        288     1.1958  0.000e+00
     31.077     8.6228   3.440615    32.4707        289     1.2000  0.000e+00
     31.204     8.5943   3.440175    32.4922        290     1.2042  0.000e+00
     31.324     8.5721   3.439150    32.5018        291     1.2083  0.000e+00
     31.443     8.5551   3.438256    32.5080        292     1.2125  0.000e+00
     31.573     8.5411   3.437791    32.5160        293     1.2167  0.000e+00
     31.713     8.5298   3.437225    32.5204        294     1.2208  0.000e+00
     31.863     8.5204   3.437087    32.5275        295     1.2250  0.000e+00
     32.017     8.5133   3.436911    32.5321        296     1.2292  0.000e+00
     32.179     8.5083   3.437590    32.5438        297     1.2333  0.000e+00
     32.356     8.5075   3.437704    32.5457        298     1.2375  0.000e+00
     32.534     8.5085   3.437100    32.5383        299     1.2417  0.000e+00
     32.711     8.5079   3.436603    32.5335        300     1.2458  0.000e+00
     32.892     8.5047   3.436011    32.5302        301     1.2500  0.000e+00
     33.078     8.5003   3.435905    32.5330        302     1.2542  0.000e+00
     33.252     8.4963   3.433829    32.5149        303     1.2583  0.000e+00
     33.417     8.4873   3.432829    32.5125        304     1.2625  0.000e+00
     33.576     8.4746   3.432880    32.5247        305     1.2667  0.000e+00
     33.736     8.4646   3.432371    32.5285        306     1.2708  0.000e+00
     33.899     8.4570   3.431101    32.5221        307     1.2750  0.000e+00
     34.060     8.4474   3.429888    32.5182        308     1.2792  0.000e+00
     34.233     8.4356   3.429196    32.5216        309     1.2833  0.000e+00
     34.418     8.4241   3.428618    32.5261        310     1.2875  0.000e+00
     34.610     8.4135   3.428719    32.5368        311     1.2917  0.000e+00
     34.813     8.4065   3.428091    32.5366        312     1.2958  0.000e+00
     35.014     8.4002   3.427563    32.5368        313     1.3000  0.000e+00
     35.224     8.3944   3.427173    32.5379        314     1.3042  0.000e+00
     35.427     8.3878   3.425131    32.5224        315     1.3083  0.000e+00
     35.631     8.3771   3.423285    32.5127        316     1.3125  0.000e+00
     35.841     8.3615   3.421275    32.5058        317     1.3167  0.000e+00
     36.042     8.3415   3.420390    32.5149        318     1.3208  0.000e+00
     36.221     8.3222   3.418299    32.5106        319     1.3250  0.000e+00
     36.368     8.3026   3.417258    32.5177        320     1.3292  0.000e+00
     36.482     8.2818   3.413543    32.4976        321     1.3333  0.000e+00
     36.575     8.2557   3.409227    32.4760        322     1.3375  0.000e+00
     36.652     8.2201   3.407296    32.4885        323     1.3417  0.000e+00
     36.726     8.1846   3.405498    32.5022        324     1.3458  0.000e+00
     36.804     8.1522   3.404326    32.5199        325     1.3500  0.000e+00
     36.894     8.1260   3.403449    32.5348        326     1.3542  0.000e+00
     36.994     8.1040   3.400974    32.5289        327     1.3583  0.000e+00
     37.115     8.0819   3.400385    32.5431        328     1.3625  0.000e+00
     37.247     8.0616   3.398450    32.5413        329     1.3667  0.000e+00
     37.399     8.0422   3.397924    32.5537        330     1.3708  0.000e+00
     37.569     8.0256   3.398275    32.5728        331     1.3750  0.000e+00
     37.756     8.0159   3.399127    32.5909        332     1.3792  0.000e+00
     37.959     8.0129   3.398068    32.5822        333     1.3833  0.000e+00
     38.160     8.0096   3.397824    32.5827        334     1.3875  0.000e+00
     38.375     8.0050   3.396873    32.5767        335     1.3917  0.000e+00
     38.591     7.9981   3.395996    32.5737        336     1.3958  0.000e+00
     38.817     7.9897   3.395326    32.5743        337     1.4000  0.000e+00
     39.032     7.9814   3.392002    32.5465        338     1.4042  0.000e+00
     39.251     7.9690   3.391940    32.5573        339     1.4083  0.000e+00
     39.460     7.9537   3.391045    32.5619        340     1.4125  0.000e+00
     39.642     7.9380   3.390169    32.5671        341     1.4167  0.000e+00
     39.805     7.9235   3.388599    32.5638        342     1.4208  0.000e+00
     39.949     7.9084   3.387060    32.5614        343     1.4250  0.000e+00
     40.067     7.8913   3.385972    32.5656        344     1.4292  0.000e+00
     40.168     7.8749   3.385541    32.5763        345     1.4333  0.000e+00
     40.262     7.8614   3.384547    32.5782        346     1.4375  0.000e+00
     40.356     7.8497   3.383915    32.5824        347     1.4417  0.000e+00
     40.443     7.8393   3.383553    32.5882        348     1.4458  0.000e+00
     40.528     7.8299   3.382990    32.5909        349     1.4500  0.000e+00
     40.633     7.8217   3.382428    32.5925        350     1.4542  0.000e+00
     40.752     7.8141   3.381634    32.5910        351     1.4583  0.000e+00
     40.891     7.8060   3.381672    32.5990        352     1.4625  0.000e+00
     41.039     7.7998   3.382084    32.6091        353     1.4667  0.000e+00
     41.210     7.7976   3.382341    32.6138        354     1.4708  0.000e+00
     41.386     7.7980   3.382066    32.6105        355     1.4750  0.000e+00
     41.570     7.7980   3.382122    32.6110        356     1.4792  0.000e+00
     41.761     7.7977   3.382110    32.6110        357     1.4833  0.000e+00
     41.963     7.7975   3.382016    32.6101        358     1.4875  0.000e+00
     42.164     7.7973   3.381903    32.6089        359     1.4917  0.000e+00
     42.371     7.7968   3.381735    32.6075        360     1.4958  0.000e+00
     42.576     7.7959   3.381572    32.6066        361     1.5000  0.000e+00
     42.778     7.7941   3.381604    32.6085        362     1.5042  0.000e+00
     42.972     7.7927   3.381635    32.6100        363     1.5083  0.000e+00
     43.155     7.7920   3.381779    32.6121        364     1.5125  0.000e+00
     43.332     7.7921   3.381904    32.6133        365     1.5167  0.000e+00
     43.488     7.7928   3.381823    32.6117        366     1.5208  0.000e+00
     43.634     7.7933   3.381635    32.6091        367     1.5250  0.000e+00
     43.781     7.7929   3.381279    32.6056        368     1.5292  0.000e+00
     43.915     7.7913   3.381123    32.6054        369     1.5333  0.000e+00
     44.034     7.7891   3.380829    32.6043        370     1.5375  0.000e+00
     44.151     7.7867   3.380648    32.6045        371     1.5417  0.000e+00
     44.253     7.7839   3.380485    32.6053        372     1.5458  0.000e+00
     44.350     7.7817   3.380504    32.6076        373     1.5500  0.000e+00
     44.440     7.7801   3.380417    32.6080        374     1.5542  0.000e+00
     44.526     7.7790   3.380504    32.6100        375     1.5583  0.000e+00
     44.612     7.7785   3.380485    32.6103        376     1.5625  0.000e+00
     44.706     7.7780   3.380360    32.6093        377     1.5667  0.000e+00
     44.810     7.7775   3.380267    32.6087        378     1.5708  0.000e+00
     44.925     7.7765   3.380154    32.6084        379     1.5750  0.000e+00
     45.050     7.7754   3.380029    32.6080        380     1.5792  0.000e+00
     45.185     7.7744   3.379892    32.6075        381     1.5833  0.000e+00
     45.341     7.7729   3.379879    32.6087        382     1.5875  0.000e+00
     45.502     7.7717   3.379992    32.6109        383     1.5917  0.000e+00
     45.676     7.7717   3.380117    32.6121        384     1.5958  0.000e+00
     45.857     7.7719   3.379867    32.6092        385     1.6000  0.000e+00
     46.052     7.7715   3.379748    32.6082        386     1.6042  0.000e+00
     46.251     7.7705   3.380155    32.6134        387     1.6083  0.000e+00
     46.461     7.7710   3.380242    32.6138        388     1.6125  0.000e+00
     46.680     7.7722   3.380155    32.6116        389     1.6167  0.000e+00
     46.905     7.7727   3.380092    32.6104        390     1.6208  0.000e+00
     47.116     7.7729   3.379930    32.6084        391     1.6250  0.000e+00
     47.296     7.7721   3.379724    32.6068        392     1.6292  0.000e+00
     47.414     7.7709   3.379580    32.6063        393     1.6333  0.000e+00
     47.439     7.7693   3.379468    32.6066        394     1.6375  0.000e+00
     47.420     7.7678   3.379355    32.6068        395     1.6417  0.000e+00
     47.393     7.7663   3.379274    32.6073        396     1.6458  0.000e+00
     47.377     7.7651   3.379274    32.6085        397     1.6500  0.000e+00
     47.333     7.7640   3.379249    32.6093        398     1.6542  0.000e+00
     47.266     7.7636   3.379211    32.6093        399     1.6583  0.000e+00
     47.145     7.7631   3.378993    32.6074        400     1.6625  0.000e+00
     47.005     7.7622   3.379011    32.6086        401     1.6667  0.000e+00
     46.864     7.7613   3.379055    32.6100        402     1.6708  0.000e+00
     46.715     7.7613   3.378968    32.6091        403     1.6750  0.000e+00
     46.565     7.7609   3.378930    32.6091        404     1.6792  0.000e+00
     46.425     7.7606   3.379030    32.6105        405     1.6833  0.000e+00
     46.311     7.7604   3.378992    32.6104        406     1.6875  0.000e+00
     46.224     7.7606   3.378967    32.6100        407     1.6917  0.000e+00
     46.174     7.7605   3.378949    32.6099        408     1.6958  0.000e+00
     46.145     7.7603   3.378967    32.6103        409     1.7000  0.000e+00
     46.149     7.7602   3.379049    32.6113        410     1.7042  0.000e+00
     46.175     7.7605   3.379080    32.6113        411     1.7083  0.000e+00
     46.226     7.7608   3.379030    32.6105        412     1.7125  0.000e+00
     46.296     7.7609   3.378967    32.6096        413     1.7167  0.000e+00
     46.387     7.7608   3.378886    32.6089        414     1.7208  0.000e+00
     46.490     7.7602   3.378817    32.6086        415     1.7250  0.000e+00
     46.601     7.7597   3.378780    32.6086        416     1.7292  0.000e+00
     46.693     7.7591   3.378843    32.6098        417     1.7333  0.000e+00
     46.787     7.7588   3.378868    32.6103        418     1.7375  0.000e+00
     46.841     7.7586   3.378818    32.6099        419     1.7417  0.000e+00
     46.879     7.7586   3.378824    32.6100        420     1.7458  0.000e+00
