HB2503/sbe008.cnv
* Sea-Bird SBE 19plus V2 Data File:
* FileName = C:\cruise\data\sbe008.hex
* Software Version Seasave V 7.26.7.121
* Temperature SN = 6128
* Conductivity SN = 6128
* System UpLoad Time = May 28 2025 14:13:59
* NMEA Latitude = 40 00.71 N
* NMEA Longitude = 072 41.57 W
* NMEA UTC (Time) = May 28 2025  14:12:09
** Ship: Henry Bigelow
** Cruise:  HB2502
** Program:  Spring Bottom Trawl
# nquan = 7
# nvalues = 1504                                  
# units = specified
# name 0 = depSM: Depth [salt water, m]
# name 1 = tv290C: Temperature [ITS-90, deg C]
# name 2 = c0S/m: Conductivity [S/m]
# name 3 = sal00: Salinity, Practical [PSU]
# name 4 = scan: Scan Count
# name 5 = timeM: Time, Elapsed [minutes]
# name 6 = flag:  0.000e+00
# span 0 =      0.073,     54.940                 
# span 1 =     6.6387,    15.0790                 
# span 2 =   0.008714,   3.977975                 
# span 3 =     0.0531,    33.2340                 
# span 4 =         11,       1514                 
# span 5 =     0.0417,     6.3042                 
# span 6 = 0.0000e+00, 0.0000e+00                 
# interval = seconds: 0.25
# start_time = May 28 2025 14:12:09 [NMEA time, header]
# bad_flag = -9.990e-29
*END*
[from data line 206]
     17.667    13.4951   3.903005    32.7244        217     0.9000  0.000e+00
     17.810    13.4604   3.895661    32.6854        218     0.9042  0.000e+00
     17.955    13.4203   3.888573    32.6534        219     0.9083  0.000e+00
     18.094    13.3809   3.884675    32.6507        220     0.9125  0.000e+00
     18.234    13.3453   3.881550    32.6518        221     0.9167  0.000e+00
     18.364    13.3144   3.878903    32.6534        222     0.9208  0.000e+00
     18.496    13.2898   3.877979    32.6658        223     0.9250  0.000e+00
     18.631    13.2695   3.878916    32.6920        224     0.9292  0.000e+00
     18.764    13.2534   3.881730    32.7322        225     0.9333  0.000e+00
     18.894    13.2468   3.888252    32.7991        226     0.9375  0.000e+00
     19.025    13.2530   3.899944    32.9036        227     0.9417  0.000e+00
     19.158    13.2700   3.909352    32.9774        228     0.9458  0.000e+00
     19.294    13.2791   3.914143    33.0144        229     0.9500  0.000e+00
     19.433    13.2767   3.916701    33.0405        230     0.9542  0.000e+00
     19.574    13.2699   3.918399    33.0624        231     0.9583  0.000e+00
     19.706    13.2634   3.920912    33.0916        232     0.9625  0.000e+00
     19.847    13.2633   3.923055    33.1118        233     0.9667  0.000e+00
     19.991    13.2725   3.923526    33.1081        234     0.9708  0.000e+00
     20.128    13.2856   3.921542    33.0781        235     0.9750  0.000e+00
     20.262    13.2976   3.918982    33.0435        236     0.9792  0.000e+00
     20.401    13.3060   3.917139    33.0188        237     0.9833  0.000e+00
     20.528    13.3094   3.915932    33.0045        238     0.9875  0.000e+00
     20.660    13.3092   3.915535    33.0009        239     0.9917  0.000e+00
     20.794    13.3069   3.914905    32.9969        240     0.9958  0.000e+00
     20.917    13.3038   3.915767    33.0076        241     1.0000  0.000e+00
     21.040    13.2996   3.920123    33.0522        242     1.0042  0.000e+00
     21.165    13.2984   3.925762    33.1061        243     1.0083  0.000e+00
     21.284    13.3033   3.929345    33.1355        244     1.0125  0.000e+00
     21.406    13.3105   3.933309    33.1664        245     1.0167  0.000e+00
     21.531    13.3288   3.939978    33.2131        246     1.0208  0.000e+00
     21.654    13.3809   3.947037    33.2340        247     1.0250  0.000e+00
     21.779    13.4705   3.951712    33.1997        248     1.0292  0.000e+00
     21.906    13.6036   3.952722    33.0935        249     1.0333  0.000e+00
     22.034    13.7566   3.951463    32.9497        250     1.0375  0.000e+00
     22.166    13.8936   3.943932    32.7625        251     1.0417  0.000e+00
     22.302    13.9927   3.721195    30.6302        252     1.0458  0.000e+00
     22.438    13.5128   3.586337    29.7695        253     1.0500  0.000e+00
     22.577    12.3471   3.566417    30.5104        254     1.0542  0.000e+00
     22.720    11.3688   3.555627    31.2173        255     1.0583  0.000e+00
     22.859    10.6983   3.540402    31.6409        256     1.0625  0.000e+00
     23.004    10.2370   3.528429    31.9239        257     1.0667  0.000e+00
     23.140     9.9034   3.514776    32.0811        258     1.0708  0.000e+00
     23.288     9.6429   3.498621    32.1491        259     1.0750  0.000e+00
     23.433     9.4207   3.487145    32.2310        260     1.0792  0.000e+00
     23.574     9.2217   3.477010    32.3063        261     1.0833  0.000e+00
     23.715     9.0522   3.467455    32.3612        262     1.0875  0.000e+00
     23.858     8.9073   3.459979    32.4155        263     1.0917  0.000e+00
     24.008     8.7768   3.454097    32.4735        264     1.0958  0.000e+00
     24.153     8.6687   3.452352    32.5546        265     1.1000  0.000e+00
     24.294     8.5875   3.445669    32.5592        266     1.1042  0.000e+00
     24.444     8.5195   3.441470    32.5778        267     1.1083  0.000e+00
     24.583     8.4543   3.432097    32.5393        268     1.1125  0.000e+00
     24.728     8.3757   3.429194    32.5813        269     1.1167  0.000e+00
     24.873     8.3020   3.418786    32.5396        270     1.1208  0.000e+00
     25.012     8.2195   3.410754    32.5310        271     1.1250  0.000e+00
     25.166     8.1265   3.408184    32.5900        272     1.1292  0.000e+00
     25.311     8.0451   3.403916    32.6204        273     1.1333  0.000e+00
     25.454     7.9819   3.400927    32.6474        274     1.1375  0.000e+00
     25.601     7.9273   3.401047    32.6996        275     1.1417  0.000e+00
     25.749     7.8899   3.397101    32.6925        276     1.1458  0.000e+00
     25.894     7.8547   3.394353    32.6960        277     1.1500  0.000e+00
     26.042     7.8194   3.395318    32.7394        278     1.1542  0.000e+00
     26.185     7.7977   3.393077    32.7357        279     1.1583  0.000e+00
     26.336     7.7772   3.391181    32.7346        280     1.1625  0.000e+00
     26.482     7.7541   3.387921    32.7213        281     1.1667  0.000e+00
     26.636     7.7247   3.387596    32.7453        282     1.1708  0.000e+00
     26.783     7.7019   3.388679    32.7783        283     1.1750  0.000e+00
     26.928     7.6911   3.384732    32.7460        284     1.1792  0.000e+00
     27.074     7.6748   3.382662    32.7391        285     1.1833  0.000e+00
     27.226     7.6505   3.377631    32.7078        286     1.1875  0.000e+00
     27.369     7.6185   3.375058    32.7102        287     1.1917  0.000e+00
     27.515     7.5826   3.369432    32.6833        288     1.1958  0.000e+00
     27.664     7.5395   3.367086    32.6986        289     1.2000  0.000e+00
     27.807     7.4993   3.363692    32.6998        290     1.2042  0.000e+00
     27.950     7.4617   3.361266    32.7090        291     1.2083  0.000e+00
     28.091     7.4258   3.358386    32.7117        292     1.2125  0.000e+00
     28.234     7.3929   3.355905    32.7159        293     1.2167  0.000e+00
     28.375     7.3624   3.355943    32.7451        294     1.2208  0.000e+00
     28.524     7.3404   3.353868    32.7433        295     1.2250  0.000e+00
     28.667     7.3213   3.350654    32.7265        296     1.2292  0.000e+00
     28.804     7.2972   3.348238    32.7230        297     1.2333  0.000e+00
     28.953     7.2694   3.345299    32.7174        298     1.2375  0.000e+00
     29.094     7.2395   3.345480    32.7477        299     1.2417  0.000e+00
     29.239     7.2184   3.344609    32.7581        300     1.2458  0.000e+00
     29.380     7.2037   3.342923    32.7536        301     1.2500  0.000e+00
     29.519     7.1883   3.342668    32.7654        302     1.2542  0.000e+00
     29.661     7.1758   3.341206    32.7613        303     1.2583  0.000e+00
     29.797     7.1632   3.340938    32.7703        304     1.2625  0.000e+00
     29.932     7.1527   3.339987    32.7699        305     1.2667  0.000e+00
     30.068     7.1432   3.339277    32.7711        306     1.2708  0.000e+00
     30.202     7.1342   3.339383    32.7808        307     1.2750  0.000e+00
     30.334     7.1280   3.338127    32.7729        308     1.2792  0.000e+00
     30.473     7.1202   3.337698    32.7756        309     1.2833  0.000e+00
     30.605     7.1121   3.337661    32.7828        310     1.2875  0.000e+00
     30.743     7.1066   3.338532    32.7974        311     1.2917  0.000e+00
     30.879     7.1056   3.339042    32.8039        312     1.2958  0.000e+00
     31.009     7.1074   3.339583    32.8080        313     1.3000  0.000e+00
     31.150     7.1108   3.340809    32.8180        314     1.3042  0.000e+00
     31.289     7.1163   3.342277    32.8287        315     1.3083  0.000e+00
     31.431     7.1251   3.346148    32.8625        316     1.3125  0.000e+00
     31.572     7.1410   3.348601    32.8740        317     1.3167  0.000e+00
     31.720     7.1600   3.350719    32.8788        318     1.3208  0.000e+00
     31.861     7.1792   3.352263    32.8773        319     1.3250  0.000e+00
     32.002     7.1968   3.353204    32.8707        320     1.3292  0.000e+00
     32.147     7.2115   3.353889    32.8642        321     1.3333  0.000e+00
     32.286     7.2230   3.354257    32.8571        322     1.3375  0.000e+00
     32.424     7.2317   3.354575    32.8522        323     1.3417  0.000e+00
     32.563     7.2379   3.354575    32.8462        324     1.3458  0.000e+00
     32.702     7.2418   3.353304    32.8287        325     1.3500  0.000e+00
     32.847     7.2400   3.353160    32.8287        326     1.3542  0.000e+00
     32.983     7.2363   3.353752    32.8386        327     1.3583  0.000e+00
     33.126     7.2349   3.353354    32.8355        328     1.3625  0.000e+00
     33.262     7.2333   3.352774    32.8308        329     1.3667  0.000e+00
     33.400     7.2296   3.351472    32.8200        330     1.3708  0.000e+00
     33.539     7.2219   3.350744    32.8194        331     1.3750  0.000e+00
     33.676     7.2128   3.349342    32.8128        332     1.3792  0.000e+00
     33.814     7.2019   3.349056    32.8199        333     1.3833  0.000e+00
     33.950     7.1924   3.349199    32.8304        334     1.3875  0.000e+00
     34.085     7.1859   3.348072    32.8243        335     1.3917  0.000e+00
     34.219     7.1780   3.346871    32.8187        336     1.3958  0.000e+00
     34.355     7.1674   3.346435    32.8240        337     1.4000  0.000e+00
     34.487     7.1570   3.346404    32.8334        338     1.4042  0.000e+00
     34.624     7.1495   3.345707    32.8329        339     1.4083  0.000e+00
     34.760     7.1418   3.344954    32.8320        340     1.4125  0.000e+00
     34.900     7.1328   3.344525    32.8358        341     1.4167  0.000e+00
     35.039     7.1242   3.344207    32.8405        342     1.4208  0.000e+00
     35.178     7.1173   3.343734    32.8419        343     1.4250  0.000e+00
     35.323     7.1110   3.342546    32.8348        344     1.4292  0.000e+00
     35.461     7.1031   3.342521    32.8420        345     1.4333  0.000e+00
     35.600     7.0961   3.342671    32.8502        346     1.4375  0.000e+00
     35.739     7.0918   3.342403    32.8514        347     1.4417  0.000e+00
     35.873     7.0882   3.341601    32.8459        348     1.4458  0.000e+00
     36.008     7.0829   3.340294    32.8367        349     1.4500  0.000e+00
     36.140     7.0745   3.339429    32.8352        350     1.4542  0.000e+00
     36.276     7.0645   3.338130    32.8305        351     1.4583  0.000e+00
     36.407     7.0532   3.337197    32.8310        352     1.4625  0.000e+00
     36.532     7.0414   3.335400    32.8226        353     1.4667  0.000e+00
     36.662     7.0269   3.333821    32.8191        354     1.4708  0.000e+00
     36.784     7.0097   3.332149    32.8172        355     1.4750  0.000e+00
     36.909     6.9905   3.330851    32.8212        356     1.4792  0.000e+00
     37.033     6.9707   3.329055    32.8205        357     1.4833  0.000e+00
     37.158     6.9498   3.328366    32.8328        358     1.4875  0.000e+00
     37.294     6.9317   3.326714    32.8319        359     1.4917  0.000e+00
     37.424     6.9136   3.325229    32.8329        360     1.4958  0.000e+00
     37.564     6.8948   3.324317    32.8408        361     1.5000  0.000e+00
     37.700     6.8780   3.323336    32.8461        362     1.5042  0.000e+00
     37.839     6.8630   3.322709    32.8535        363     1.5083  0.000e+00
     37.980     6.8500   3.322008    32.8581        364     1.5125  0.000e+00
     38.128     6.8385   3.320940    32.8573        365     1.5167  0.000e+00
     38.275     6.8271   3.319594    32.8534        366     1.5208  0.000e+00
     38.424     6.8136   3.318601    32.8553        367     1.5250  0.000e+00
     38.574     6.7992   3.318210    32.8648        368     1.5292  0.000e+00
     38.712     6.7879   3.317751    32.8705        369     1.5333  0.000e+00
     38.861     6.7790   3.317391    32.8750        370     1.5375  0.000e+00
     39.001     6.7721   3.316461    32.8713        371     1.5417  0.000e+00
     39.142     6.7636   3.316107    32.8755        372     1.5458  0.000e+00
     39.283     6.7559   3.316021    32.8818        373     1.5500  0.000e+00
     39.421     6.7504   3.315698    32.8835        374     1.5542  0.000e+00
     39.560     6.7460   3.314774    32.8775        375     1.5583  0.000e+00
     39.700     6.7393   3.314290    32.8786        376     1.5625  0.000e+00
     39.834     6.7321   3.314030    32.8825        377     1.5667  0.000e+00
     39.977     6.7264   3.313906    32.8866        378     1.5708  0.000e+00
     40.118     6.7217   3.313044    32.8816        379     1.5750  0.000e+00
     40.250     6.7156   3.312629    32.8828        380     1.5792  0.000e+00
     40.390     6.7094   3.312387    32.8859        381     1.5833  0.000e+00
     40.529     6.7043   3.312158    32.8883        382     1.5875  0.000e+00
     40.679     6.6999   3.312083    32.8916        383     1.5917  0.000e+00
     40.818     6.6970   3.311984    32.8933        384     1.5958  0.000e+00
     40.958     6.6946   3.311755    32.8929        385     1.6000  0.000e+00
     41.103     6.6923   3.311767    32.8952        386     1.6042  0.000e+00
     41.253     6.6910   3.311588    32.8944        387     1.6083  0.000e+00
     41.398     6.6895   3.311737    32.8975        388     1.6125  0.000e+00
     41.551     6.6888   3.311563    32.8961        389     1.6167  0.000e+00
     41.694     6.6882   3.311625    32.8973        390     1.6208  0.000e+00
     41.837     6.6877   3.311414    32.8954        391     1.6250  0.000e+00
     41.989     6.6868   3.311222    32.8941        392     1.6292  0.000e+00
     42.136     6.6852   3.311018    32.8933        393     1.6333  0.000e+00
     42.280     6.6836   3.311098    32.8956        394     1.6375  0.000e+00
     42.429     6.6823   3.311247    32.8984        395     1.6417  0.000e+00
     42.574     6.6821   3.310925    32.8950        396     1.6458  0.000e+00
     42.720     6.6816   3.310745    32.8935        397     1.6500  0.000e+00
     42.867     6.6798   3.310720    32.8949        398     1.6542  0.000e+00
     43.010     6.6786   3.310863    32.8974        399     1.6583  0.000e+00
     43.162     6.6782   3.310782    32.8969        400     1.6625  0.000e+00
     43.299     6.6780   3.310826    32.8975        401     1.6667  0.000e+00
     43.446     6.6779   3.310541    32.8944        402     1.6708  0.000e+00
     43.589     6.6770   3.310361    32.8932        403     1.6750  0.000e+00
     43.730     6.6757   3.310423    32.8951        404     1.6792  0.000e+00
     43.869     6.6746   3.310584    32.8978        405     1.6833  0.000e+00
     44.014     6.6744   3.310361    32.8955        406     1.6875  0.000e+00
     44.155     6.6740   3.310070    32.8926        407     1.6917  0.000e+00
     44.298     6.6728   3.309983    32.8927        408     1.6958  0.000e+00
     44.441     6.6711   3.310070    32.8953        409     1.7000  0.000e+00
     44.584     6.6703   3.309965    32.8948        410     1.7042  0.000e+00
     44.723     6.6696   3.309965    32.8954        411     1.7083  0.000e+00
     44.860     6.6689   3.309940    32.8957        412     1.7125  0.000e+00
     45.003     6.6686   3.309816    32.8946        413     1.7167  0.000e+00
     45.145     6.6678   3.309742    32.8944        414     1.7208  0.000e+00
     45.280     6.6669   3.309773    32.8956        415     1.7250  0.000e+00
     45.420     6.6665   3.309605    32.8940        416     1.7292  0.000e+00
     45.557     6.6655   3.309661    32.8956        417     1.7333  0.000e+00
     45.693     6.6651   3.309519    32.8944        418     1.7375  0.000e+00
     45.830     6.6643   3.309544    32.8953        419     1.7417  0.000e+00
     45.970     6.6637   3.309482    32.8952        420     1.7458  0.000e+00
