HB2503/sbe041.cnv
* Sea-Bird SBE 19plus V2 Data File:
* FileName = C:\cruise\data\sbe041.hex
* Software Version Seasave V 7.26.7.121
* Temperature SN = 6128
* Conductivity SN = 6128
* System UpLoad Time = Jun 01 2025 01:13:21
* NMEA Latitude = 41 03.28 N
* NMEA Longitude = 071 12.24 W
* NMEA UTC (Time) = Jun 01 2025  01:11:34
** Ship: Henry Bigelow
** Cruise:  HB2502
** Program:  Spring Bottom Trawl
# nquan = 7
# nvalues = 1670                                  
# units = specified
# name 0 = depSM: Depth [salt water, m]
# name 1 = tv290C: Temperature [ITS-90, deg C]
# name 2 = c0S/m: Conductivity [S/m]
# name 3 = sal00: Salinity, Practical [PSU]
# name 4 = scan: Scan Count
# name 5 = timeM: Time, Elapsed [minutes]
# name 6 = flag:  0.000e+00
# span 0 =     -0.279,     34.049                 
# span 1 =     9.5776,    12.9834                 
# span 2 =   0.004913,   3.801259                 
# span 3 =     0.0326,    32.7477                 
# span 4 =         11,       1680                 
# span 5 =     0.0417,     6.9958                 
# span 6 = 0.0000e+00, 0.0000e+00                 
# interval = seconds: 0.25
# start_time = Jun 01 2025 01:11:34 [NMEA time, header]
# bad_flag = -9.990e-29
*END*
[from data line 821]
     27.077     9.5883   3.520997    32.4251        832     3.4625  0.000e+00
     26.960     9.5874   3.520997    32.4260        833     3.4667  0.000e+00
     26.834     9.5870   3.520997    32.4264        834     3.4708  0.000e+00
     26.718     9.5867   3.521016    32.4269        835     3.4750  0.000e+00
     26.611     9.5867   3.521041    32.4272        836     3.4792  0.000e+00
     26.513     9.5869   3.520997    32.4266        837     3.4833  0.000e+00
     26.435     9.5867   3.520997    32.4268        838     3.4875  0.000e+00
     26.366     9.5867   3.520997    32.4268        839     3.4917  0.000e+00
     26.324     9.5867   3.520997    32.4269        840     3.4958  0.000e+00
     26.290     9.5867   3.521016    32.4271        841     3.5000  0.000e+00
     26.275     9.5869   3.521022    32.4270        842     3.5042  0.000e+00
     26.279     9.5872   3.521060    32.4271        843     3.5083  0.000e+00
     26.289     9.5873   3.521041    32.4268        844     3.5125  0.000e+00
     26.311     9.5874   3.521041    32.4267        845     3.5167  0.000e+00
     26.347     9.5877   3.521041    32.4265        846     3.5208  0.000e+00
     26.388     9.5875   3.521041    32.4266        847     3.5250  0.000e+00
     26.433     9.5875   3.521067    32.4269        848     3.5292  0.000e+00
     26.480     9.5874   3.521060    32.4268        849     3.5333  0.000e+00
     26.524     9.5874   3.521086    32.4271        850     3.5375  0.000e+00
     26.565     9.5875   3.521060    32.4267        851     3.5417  0.000e+00
     26.607     9.5876   3.521060    32.4266        852     3.5458  0.000e+00
     26.634     9.5878   3.521105    32.4269        853     3.5500  0.000e+00
     26.667     9.5879   3.521130    32.4270        854     3.5542  0.000e+00
     26.689     9.5882   3.521149    32.4269        855     3.5583  0.000e+00
     26.707     9.5884   3.521149    32.4267        856     3.5625  0.000e+00
     26.719     9.5886   3.521149    32.4266        857     3.5667  0.000e+00
     26.714     9.5886   3.521149    32.4265        858     3.5708  0.000e+00
     26.703     9.5886   3.521086    32.4259        859     3.5750  0.000e+00
     26.676     9.5885   3.521067    32.4258        860     3.5792  0.000e+00
     26.639     9.5881   3.521086    32.4263        861     3.5833  0.000e+00
     26.600     9.5881   3.521086    32.4264        862     3.5875  0.000e+00
     26.530     9.5881   3.521041    32.4260        863     3.5917  0.000e+00
     26.464     9.5879   3.521041    32.4262        864     3.5958  0.000e+00
     26.381     9.5876   3.521041    32.4265        865     3.6000  0.000e+00
     26.295     9.5875   3.521067    32.4269        866     3.6042  0.000e+00
     26.196     9.5877   3.521041    32.4265        867     3.6083  0.000e+00
     26.097     9.5877   3.520997    32.4261        868     3.6125  0.000e+00
     25.977     9.5877   3.520997    32.4262        869     3.6167  0.000e+00
     25.867     9.5875   3.521041    32.4268        870     3.6208  0.000e+00
     25.753     9.5873   3.521041    32.4270        871     3.6250  0.000e+00
     25.646     9.5878   3.521066    32.4269        872     3.6292  0.000e+00
     25.548     9.5879   3.521041    32.4266        873     3.6333  0.000e+00
     25.459     9.5880   3.521060    32.4267        874     3.6375  0.000e+00
     25.379     9.5881   3.521060    32.4267        875     3.6417  0.000e+00
     25.305     9.5883   3.521041    32.4264        876     3.6458  0.000e+00
     25.240     9.5881   3.521041    32.4265        877     3.6500  0.000e+00
     25.195     9.5883   3.521041    32.4264        878     3.6542  0.000e+00
     25.164     9.5882   3.521015    32.4262        879     3.6583  0.000e+00
     25.146     9.5881   3.520952    32.4256        880     3.6625  0.000e+00
     25.144     9.5879   3.520888    32.4252        881     3.6667  0.000e+00
     25.160     9.5873   3.520844    32.4253        882     3.6708  0.000e+00
     25.199     9.5865   3.520869    32.4263        883     3.6750  0.000e+00
     25.250     9.5859   3.520863    32.4267        884     3.6792  0.000e+00
     25.318     9.5858   3.520908    32.4272        885     3.6833  0.000e+00
     25.399     9.5857   3.520996    32.4282        886     3.6875  0.000e+00
     25.482     9.5862   3.520997    32.4277        887     3.6917  0.000e+00
     25.576     9.5867   3.521060    32.4279        888     3.6958  0.000e+00
     25.663     9.5872   3.521041    32.4272        889     3.7000  0.000e+00
     25.739     9.5874   3.520971    32.4262        890     3.7042  0.000e+00
     25.801     9.5873   3.520908    32.4257        891     3.7083  0.000e+00
     25.842     9.5867   3.520870    32.4258        892     3.7125  0.000e+00
     25.866     9.5861   3.520825    32.4259        893     3.7167  0.000e+00
     25.862     9.5854   3.520800    32.4263        894     3.7208  0.000e+00
     25.813     9.5849   3.520762    32.4263        895     3.7250  0.000e+00
     25.749     9.5844   3.520724    32.4264        896     3.7292  0.000e+00
     25.656     9.5838   3.520698    32.4267        897     3.7333  0.000e+00
     25.551     9.5835   3.520698    32.4271        898     3.7375  0.000e+00
     25.430     9.5831   3.520654    32.4270        899     3.7417  0.000e+00
     25.314     9.5827   3.520698    32.4279        900     3.7458  0.000e+00
     25.185     9.5827   3.520825    32.4292        901     3.7500  0.000e+00
     25.049     9.5832   3.520520    32.4257        902     3.7542  0.000e+00
     24.906     9.5827   3.520393    32.4250        903     3.7583  0.000e+00
     24.776     9.5814   3.520412    32.4264        904     3.7625  0.000e+00
     24.647     9.5803   3.520393    32.4273        905     3.7667  0.000e+00
     24.529     9.5795   3.520412    32.4282        906     3.7708  0.000e+00
     24.414     9.5792   3.520564    32.4301        907     3.7750  0.000e+00
     24.315     9.5797   3.520386    32.4279        908     3.7792  0.000e+00
     24.226     9.5797   3.520348    32.4275        909     3.7833  0.000e+00
     24.155     9.5792   3.520285    32.4274        910     3.7875  0.000e+00
     24.092     9.5787   3.520393    32.4289        911     3.7917  0.000e+00
     24.039     9.5786   3.520437    32.4295        912     3.7958  0.000e+00
     23.998     9.5788   3.520437    32.4293        913     3.8000  0.000e+00
     23.963     9.5792   3.520450    32.4291        914     3.8042  0.000e+00
     23.939     9.5798   3.520456    32.4287        915     3.8083  0.000e+00
     23.912     9.5801   3.520482    32.4287        916     3.8125  0.000e+00
     23.883     9.5801   3.520310    32.4269        917     3.8167  0.000e+00
     23.849     9.5803   3.520520    32.4288        918     3.8208  0.000e+00
     23.821     9.5805   3.520482    32.4284        919     3.8250  0.000e+00
     23.792     9.5806   3.520450    32.4279        920     3.8292  0.000e+00
     23.745     9.5807   3.520456    32.4279        921     3.8333  0.000e+00
     23.700     9.5806   3.520482    32.4283        922     3.8375  0.000e+00
     23.653     9.5808   3.520520    32.4285        923     3.8417  0.000e+00
     23.604     9.5808   3.520545    32.4288        924     3.8458  0.000e+00
     23.568     9.5811   3.520545    32.4285        925     3.8500  0.000e+00
     23.530     9.5814   3.520545    32.4283        926     3.8542  0.000e+00
     23.514     9.5815   3.520545    32.4282        927     3.8583  0.000e+00
     23.510     9.5816   3.520545    32.4281        928     3.8625  0.000e+00
     23.524     9.5816   3.520545    32.4281        929     3.8667  0.000e+00
     23.561     9.5815   3.520501    32.4277        930     3.8708  0.000e+00
     23.599     9.5817   3.520520    32.4277        931     3.8750  0.000e+00
     23.648     9.5816   3.520545    32.4280        932     3.8792  0.000e+00
     23.705     9.5815   3.520545    32.4281        933     3.8833  0.000e+00
     23.763     9.5816   3.520545    32.4280        934     3.8875  0.000e+00
     23.809     9.5818   3.520564    32.4280        935     3.8917  0.000e+00
     23.834     9.5818   3.520564    32.4280        936     3.8958  0.000e+00
     23.854     9.5819   3.520564    32.4279        937     3.9000  0.000e+00
     23.845     9.5818   3.520564    32.4280        938     3.9042  0.000e+00
     23.801     9.5819   3.520545    32.4277        939     3.9083  0.000e+00
     23.724     9.5817   3.520501    32.4275        940     3.9125  0.000e+00
     23.621     9.5816   3.520501    32.4276        941     3.9167  0.000e+00
     23.502     9.5815   3.520481    32.4276        942     3.9208  0.000e+00
     23.345     9.5813   3.520545    32.4285        943     3.9250  0.000e+00
     23.169     9.5814   3.520589    32.4289        944     3.9292  0.000e+00
     22.974     9.5820   3.520545    32.4280        945     3.9333  0.000e+00
     22.760     9.5822   3.520481    32.4272        946     3.9375  0.000e+00
     22.530     9.5821   3.520411    32.4267        947     3.9417  0.000e+00
     22.313     9.5816   3.520437    32.4275        948     3.9458  0.000e+00
     22.100     9.5811   3.520481    32.4285        949     3.9500  0.000e+00
     21.893     9.5811   3.520449    32.4283        950     3.9542  0.000e+00
     21.724     9.5814   3.520392    32.4275        951     3.9583  0.000e+00
     21.583     9.5813   3.520481    32.4286        952     3.9625  0.000e+00
     21.478     9.5814   3.520481    32.4286        953     3.9667  0.000e+00
     21.404     9.5816   3.520455    32.4281        954     3.9708  0.000e+00
     21.381     9.5819   3.520519    32.4285        955     3.9750  0.000e+00
     21.399     9.5818   3.520493    32.4283        956     3.9792  0.000e+00
     21.456     9.5824   3.520519    32.4281        957     3.9833  0.000e+00
     21.540     9.5826   3.520500    32.4277        958     3.9875  0.000e+00
     21.649     9.5824   3.520500    32.4277        959     3.9917  0.000e+00
     21.770     9.5825   3.520455    32.4272        960     3.9958  0.000e+00
     21.897     9.5823   3.520411    32.4268        961     4.0000  0.000e+00
     22.020     9.5818   3.520405    32.4272        962     4.0042  0.000e+00
     22.135     9.5813   3.520348    32.4270        963     4.0083  0.000e+00
     22.237     9.5811   3.520392    32.4275        964     4.0125  0.000e+00
     22.325     9.5808   3.520373    32.4276        965     4.0167  0.000e+00
     22.388     9.5805   3.520310    32.4272        966     4.0208  0.000e+00
     22.430     9.5800   3.520310    32.4277        967     4.0250  0.000e+00
     22.432     9.5794   3.520272    32.4278        968     4.0292  0.000e+00
     22.425     9.5788   3.520265    32.4283        969     4.0333  0.000e+00
     22.371     9.5784   3.520221    32.4282        970     4.0375  0.000e+00
     22.296     9.5781   3.520265    32.4289        971     4.0417  0.000e+00
     22.186     9.5781   3.520329    32.4297        972     4.0458  0.000e+00
     22.046     9.5786   3.520373    32.4298        973     4.0500  0.000e+00
     21.873     9.5792   3.520246    32.4279        974     4.0542  0.000e+00
     21.700     9.5792   3.520220    32.4277        975     4.0583  0.000e+00
     21.496     9.5789   3.520176    32.4277        976     4.0625  0.000e+00
     21.295     9.5784   3.520176    32.4282        977     4.0667  0.000e+00
     21.120     9.5781   3.520131    32.4281        978     4.0708  0.000e+00
     20.948     9.5779   3.520112    32.4282        979     4.0750  0.000e+00
     20.804     9.5778   3.520131    32.4286        980     4.0792  0.000e+00
     20.677     9.5776   3.520131    32.4288        981     4.0833  0.000e+00
     20.594     9.5776   3.520176    32.4293        982     4.0875  0.000e+00
     20.520     9.5779   3.520798    32.4353        983     4.0917  0.000e+00
     20.466     9.5805   3.520842    32.4335        984     4.0958  0.000e+00
     20.418     9.5837   3.520798    32.4302        985     4.1000  0.000e+00
     20.372     9.5859   3.520969    32.4300        986     4.1042  0.000e+00
     20.349     9.5876   3.520995    32.4287        987     4.1083  0.000e+00
     20.311     9.5889   3.521014    32.4277        988     4.1125  0.000e+00
     20.263     9.5899   3.520588    32.4225        989     4.1167  0.000e+00
     20.220     9.5891   3.520696    32.4244        990     4.1208  0.000e+00
     20.169     9.5877   3.520779    32.4265        991     4.1250  0.000e+00
     20.114     9.5875   3.520925    32.4282        992     4.1292  0.000e+00
     20.061     9.5883   3.520995    32.4282        993     4.1333  0.000e+00
     20.003     9.5896   3.520976    32.4269        994     4.1375  0.000e+00
     19.957     9.5902   3.520798    32.4245        995     4.1417  0.000e+00
     19.931     9.5896   3.520455    32.4215        996     4.1458  0.000e+00
     19.920     9.5876   3.520760    32.4265        997     4.1500  0.000e+00
     19.930     9.5869   3.520766    32.4272        998     4.1542  0.000e+00
     19.957     9.5871   3.520950    32.4289        999     4.1583  0.000e+00
     20.001     9.5881   3.521084    32.4293       1000     4.1625  0.000e+00
     20.072     9.5896   3.521192    32.4290       1001     4.1667  0.000e+00
     20.146     9.5912   3.521192    32.4275       1002     4.1708  0.000e+00
     20.244     9.5925   3.521274    32.4272       1003     4.1750  0.000e+00
     20.330     9.5934   3.521268    32.4263       1004     4.1792  0.000e+00
     20.415     9.5942   3.521084    32.4236       1005     4.1833  0.000e+00
     20.482     9.5939   3.520842    32.4214       1006     4.1875  0.000e+00
     20.524     9.5923   3.520588    32.4203       1007     4.1917  0.000e+00
     20.556     9.5899   3.520347    32.4199       1008     4.1958  0.000e+00
     20.560     9.5866   3.520239    32.4218       1009     4.2000  0.000e+00
     20.527     9.5838   3.520385    32.4258       1010     4.2042  0.000e+00
     20.463     9.5824   3.520734    32.4307       1011     4.2083  0.000e+00
     20.360     9.5833   3.521643    32.4392       1012     4.2125  0.000e+00
     20.231     9.5884   3.522005    32.4384       1013     4.2167  0.000e+00
     20.079     9.5952   3.522697    32.4394       1014     4.2208  0.000e+00
     19.902     9.6029   3.522570    32.4312       1015     4.2250  0.000e+00
     19.726     9.6088   3.522335    32.4236       1016     4.2292  0.000e+00
     19.516     9.6109   3.522633    32.4248       1017     4.2333  0.000e+00
     19.308     9.6132   3.522849    32.4250       1018     4.2375  0.000e+00
     19.097     9.6157   3.522957    32.4239       1019     4.2417  0.000e+00
     18.913     9.6184   3.523274    32.4248       1020     4.2458  0.000e+00
     18.742     9.6216   3.523770    32.4271       1021     4.2500  0.000e+00
     18.597     9.6259   3.524030    32.4259       1022     4.2542  0.000e+00
     18.492     9.6308   3.524246    32.4237       1023     4.2583  0.000e+00
     18.432     9.6355   3.524418    32.4213       1024     4.2625  0.000e+00
     18.402     9.6390   3.524399    32.4179       1025     4.2667  0.000e+00
     18.405     9.6417   3.524570    32.4173       1026     4.2708  0.000e+00
     18.438     9.6437   3.524526    32.4150       1027     4.2750  0.000e+00
     18.498     9.6449   3.524646    32.4151       1028     4.2792  0.000e+00
     18.572     9.6461   3.524697    32.4145       1029     4.2833  0.000e+00
     18.655     9.6472   3.524634    32.4128       1030     4.2875  0.000e+00
     18.751     9.6477   3.524615    32.4122       1031     4.2917  0.000e+00
     18.840     9.6477   3.524507    32.4110       1032     4.2958  0.000e+00
     18.932     9.6474   3.524291    32.4090       1033     4.3000  0.000e+00
     19.019     9.6459   3.523795    32.4053       1034     4.3042  0.000e+00
     19.099     9.6429   3.523465    32.4046       1035     4.3083  0.000e+00
