HB2503/sbe064.cnv
* Sea-Bird SBE 19plus V2 Data File:
* FileName = C:\cruise\data\sbe064.hex
* Software Version Seasave V 7.26.7.121
* Temperature SN = 6128
* Conductivity SN = 6128
* System UpLoad Time = Jun 02 2025 18:01:02
* NMEA Latitude = 40 13.85 N
* NMEA Longitude = 069 55.85 W
* NMEA UTC (Time) = Jun 02 2025  17:59:17
** Ship: Henry Bigelow
** Cruise:  HB2502
** Program:  Spring Bottom Trawl
# nquan = 7
# nvalues = 2311                                  
# units = specified
# name 0 = depSM: Depth [salt water, m]
# name 1 = tv290C: Temperature [ITS-90, deg C]
# name 2 = c0S/m: Conductivity [S/m]
# name 3 = sal00: Salinity, Practical [PSU]
# name 4 = scan: Scan Count
# name 5 = timeM: Time, Elapsed [minutes]
# name 6 = flag:  0.000e+00
# span 0 =     -0.119,     87.931                 
# span 1 =     7.8311,    14.1457                 
# span 2 =   0.008237,   3.883613                 
# span 3 =     0.0512,    34.1913                 
# span 4 =         11,       2321                 
# span 5 =     0.0417,     9.6667                 
# span 6 = 0.0000e+00, 0.0000e+00                 
# interval = seconds: 0.25
# start_time = Jun 02 2025 17:59:17 [NMEA time, header]
# bad_flag = -9.990e-29
*END*
[from data line 1847]
     23.863    10.5372   3.640490    32.7807       1858     7.7375  0.000e+00
     23.848    10.5377   3.640587    32.7812       1859     7.7417  0.000e+00
     23.823    10.5382   3.640786    32.7827       1860     7.7458  0.000e+00
     23.785    10.5391   3.640696    32.7810       1861     7.7500  0.000e+00
     23.735    10.5398   3.640786    32.7813       1862     7.7542  0.000e+00
     23.676    10.5403   3.641057    32.7836       1863     7.7583  0.000e+00
     23.607    10.5412   3.640986    32.7821       1864     7.7625  0.000e+00
     23.528    10.5422   3.641121    32.7826       1865     7.7667  0.000e+00
     23.448    10.5430   3.641237    32.7830       1866     7.7708  0.000e+00
     23.363    10.5440   3.641501    32.7848       1867     7.7750  0.000e+00
     23.278    10.5456   3.641481    32.7833       1868     7.7792  0.000e+00
     23.196    10.5468   3.641887    32.7863       1869     7.7833  0.000e+00
     23.129    10.5486   3.642601    32.7919       1870     7.7875  0.000e+00
     23.056    10.5525   3.644617    32.8085       1871     7.7917  0.000e+00
     22.987    10.5620   3.645962    32.8134       1872     7.7958  0.000e+00
     22.936    10.5743   3.646883    32.8116       1873     7.8000  0.000e+00
     22.884    10.5864   3.647411    32.8061       1874     7.8042  0.000e+00
     22.841    10.5963   3.647914    32.8022       1875     7.8083  0.000e+00
     22.806    10.6045   3.648474    32.8005       1876     7.8125  0.000e+00
     22.773    10.6114   3.649176    32.8013       1877     7.8167  0.000e+00
     22.740    10.6181   3.649440    32.7979       1878     7.8208  0.000e+00
     22.714    10.6237   3.649601    32.7945       1879     7.8250  0.000e+00
     22.685    10.6279   3.650007    32.7948       1880     7.8292  0.000e+00
     22.652    10.6318   3.650232    32.7936       1881     7.8333  0.000e+00
     22.614    10.6353   3.650522    32.7933       1882     7.8375  0.000e+00
     22.570    10.6383   3.650722    32.7926       1883     7.8417  0.000e+00
     22.519    10.6414   3.650922    32.7918       1884     7.8458  0.000e+00
     22.467    10.6440   3.651263    32.7930       1885     7.8500  0.000e+00
     22.412    10.6468   3.651624    32.7941       1886     7.8542  0.000e+00
     22.360    10.6502   3.651779    32.7926       1887     7.8583  0.000e+00
     22.297    10.6534   3.651965    32.7916       1888     7.8625  0.000e+00
     22.234    10.6560   3.652139    32.7910       1889     7.8667  0.000e+00
     22.171    10.6583   3.652455    32.7922       1890     7.8708  0.000e+00
     22.101    10.6609   3.653196    32.7972       1891     7.8750  0.000e+00
     22.018    10.6649   3.654047    32.8022       1892     7.8792  0.000e+00
     21.942    10.6708   3.654479    32.8012       1893     7.8833  0.000e+00
     21.862    10.6773   3.654859    32.7992       1894     7.8875  0.000e+00
     21.770    10.6831   3.655368    32.7991       1895     7.8917  0.000e+00
     21.689    10.6885   3.655671    32.7974       1896     7.8958  0.000e+00
     21.598    10.6936   3.655645    32.7925       1897     7.9000  0.000e+00
     21.522    10.6971   3.655716    32.7902       1898     7.9042  0.000e+00
     21.455    10.6990   3.655781    32.7891       1899     7.9083  0.000e+00
     21.395    10.7007   3.655690    32.7867       1900     7.9125  0.000e+00
     21.337    10.7016   3.655626    32.7852       1901     7.9167  0.000e+00
     21.293    10.7019   3.655671    32.7855       1902     7.9208  0.000e+00
     21.254    10.7024   3.655671    32.7850       1903     7.9250  0.000e+00
     21.218    10.7025   3.655671    32.7850       1904     7.9292  0.000e+00
     21.186    10.7027   3.655690    32.7850       1905     7.9333  0.000e+00
     21.156    10.7027   3.655735    32.7855       1906     7.9375  0.000e+00
     21.123    10.7028   3.655780    32.7858       1907     7.9417  0.000e+00
     21.088    10.7029   3.655845    32.7864       1908     7.9458  0.000e+00
     21.049    10.7030   3.655735    32.7852       1909     7.9500  0.000e+00
     21.006    10.7034   3.655761    32.7852       1910     7.9542  0.000e+00
     20.952    10.7034   3.655735    32.7850       1911     7.9583  0.000e+00
     20.896    10.7034   3.655735    32.7850       1912     7.9625  0.000e+00
     20.837    10.7032   3.655735    32.7851       1913     7.9667  0.000e+00
     20.772    10.7032   3.655671    32.7846       1914     7.9708  0.000e+00
     20.706    10.7030   3.655671    32.7847       1915     7.9750  0.000e+00
     20.646    10.7029   3.655645    32.7846       1916     7.9792  0.000e+00
     20.582    10.7028   3.655671    32.7850       1917     7.9833  0.000e+00
     20.521    10.7027   3.655626    32.7846       1918     7.9875  0.000e+00
     20.465    10.7027   3.655600    32.7844       1919     7.9917  0.000e+00
     20.405    10.7028   3.655626    32.7846       1920     7.9958  0.000e+00
     20.338    10.7027   3.655606    32.7846       1921     8.0000  0.000e+00
     20.269    10.7027   3.655625    32.7848       1922     8.0042  0.000e+00
     20.192    10.7027   3.655600    32.7846       1923     8.0083  0.000e+00
     20.112    10.7026   3.655535    32.7840       1924     8.0125  0.000e+00
     20.030    10.7025   3.655554    32.7844       1925     8.0167  0.000e+00
     19.935    10.7021   3.655535    32.7846       1926     8.0208  0.000e+00
     19.843    10.7021   3.655542    32.7846       1927     8.0250  0.000e+00
     19.752    10.7022   3.655509    32.7843       1928     8.0292  0.000e+00
     19.662    10.7020   3.655535    32.7847       1929     8.0333  0.000e+00
     19.576    10.7021   3.655535    32.7847       1930     8.0375  0.000e+00
     19.497    10.7022   3.655625    32.7855       1931     8.0417  0.000e+00
     19.423    10.7028   3.655941    32.7882       1932     8.0458  0.000e+00
     19.362    10.7042   3.655960    32.7871       1933     8.0500  0.000e+00
     19.304    10.7058   3.655883    32.7849       1934     8.0542  0.000e+00
     19.251    10.7065   3.655690    32.7824       1935     8.0583  0.000e+00
     19.199    10.7061   3.655915    32.7851       1936     8.0625  0.000e+00
     19.150    10.7063   3.655941    32.7852       1937     8.0667  0.000e+00
     19.109    10.7067   3.655896    32.7844       1938     8.0708  0.000e+00
     19.063    10.7069   3.655915    32.7844       1939     8.0750  0.000e+00
     19.023    10.7070   3.655909    32.7843       1940     8.0792  0.000e+00
     18.984    10.7071   3.656031    32.7854       1941     8.0833  0.000e+00
     18.950    10.7073   3.656031    32.7852       1942     8.0875  0.000e+00
     18.908    10.7078   3.656050    32.7850       1943     8.0917  0.000e+00
     18.870    10.7082   3.656005    32.7842       1944     8.0958  0.000e+00
     18.817    10.7088   3.656005    32.7837       1945     8.1000  0.000e+00
     18.772    10.7093   3.656050    32.7837       1946     8.1042  0.000e+00
     18.716    10.7097   3.656160    32.7845       1947     8.1083  0.000e+00
     18.655    10.7100   3.656186    32.7845       1948     8.1125  0.000e+00
     18.588    10.7104   3.656031    32.7826       1949     8.1167  0.000e+00
     18.514    10.7104   3.656050    32.7828       1950     8.1208  0.000e+00
     18.438    10.7106   3.656095    32.7831       1951     8.1250  0.000e+00
     18.357    10.7108   3.656186    32.7839       1952     8.1292  0.000e+00
     18.261    10.7108   3.656160    32.7837       1953     8.1333  0.000e+00
     18.169    10.7111   3.655986    32.7817       1954     8.1375  0.000e+00
     18.061    10.7112   3.656005    32.7819       1955     8.1417  0.000e+00
     17.958    10.7115   3.656095    32.7825       1956     8.1458  0.000e+00
     17.849    10.7116   3.656095    32.7825       1957     8.1500  0.000e+00
     17.739    10.7119   3.656069    32.7820       1958     8.1542  0.000e+00
     17.645    10.7119   3.656140    32.7828       1959     8.1583  0.000e+00
     17.549    10.7123   3.656205    32.7831       1960     8.1625  0.000e+00
     17.464    10.7126   3.656185    32.7827       1961     8.1667  0.000e+00
     17.385    10.7126   3.656050    32.7813       1962     8.1708  0.000e+00
     17.312    10.7128   3.656030    32.7810       1963     8.1750  0.000e+00
     17.245    10.7125   3.655869    32.7797       1964     8.1792  0.000e+00
     17.190    10.7119   3.655760    32.7792       1965     8.1833  0.000e+00
     17.135    10.7112   3.655843    32.7807       1966     8.1875  0.000e+00
     17.084    10.7107   3.655914    32.7818       1967     8.1917  0.000e+00
     17.029    10.7106   3.655895    32.7818       1968     8.1958  0.000e+00
     16.977    10.7105   3.655959    32.7825       1969     8.2000  0.000e+00
     16.923    10.7107   3.655940    32.7821       1970     8.2042  0.000e+00
     16.867    10.7109   3.655779    32.7804       1971     8.2083  0.000e+00
     16.809    10.7108   3.655540    32.7781       1972     8.2125  0.000e+00
     16.749    10.7097   3.655218    32.7759       1973     8.2167  0.000e+00
     16.676    10.7084   3.655128    32.7762       1974     8.2208  0.000e+00
     16.600    10.7074   3.655218    32.7780       1975     8.2250  0.000e+00
     16.522    10.7065   3.655282    32.7795       1976     8.2292  0.000e+00
     16.441    10.7062   3.655534    32.7823       1977     8.2333  0.000e+00
     16.356    10.7069   3.655779    32.7843       1978     8.2375  0.000e+00
     16.269    10.7078   3.655476    32.7804       1979     8.2417  0.000e+00
     16.185    10.7081   3.655373    32.7791       1980     8.2458  0.000e+00
     16.109    10.7077   3.655237    32.7782       1981     8.2500  0.000e+00
     16.029    10.7074   3.654921    32.7754       1982     8.2542  0.000e+00
     15.958    10.7060   3.654992    32.7773       1983     8.2583  0.000e+00
     15.899    10.7052   3.654992    32.7781       1984     8.2625  0.000e+00
     15.840    10.7051   3.655005    32.7784       1985     8.2667  0.000e+00
     15.786    10.7049   3.655011    32.7786       1986     8.2708  0.000e+00
     15.738    10.7048   3.655037    32.7790       1987     8.2750  0.000e+00
     15.697    10.7048   3.655011    32.7788       1988     8.2792  0.000e+00
     15.650    10.7046   3.654966    32.7785       1989     8.2833  0.000e+00
     15.598    10.7045   3.654992    32.7788       1990     8.2875  0.000e+00
     15.551    10.7043   3.654992    32.7790       1991     8.2917  0.000e+00
     15.487    10.7045   3.655005    32.7790       1992     8.2958  0.000e+00
     15.420    10.7044   3.654857    32.7777       1993     8.3000  0.000e+00
     15.345    10.7042   3.654902    32.7783       1994     8.3042  0.000e+00
     15.257    10.7040   3.654837    32.7779       1995     8.3083  0.000e+00
     15.170    10.7038   3.654921    32.7790       1996     8.3125  0.000e+00
     15.072    10.7036   3.654876    32.7787       1997     8.3167  0.000e+00
     14.980    10.7038   3.654876    32.7786       1998     8.3208  0.000e+00
     14.881    10.7038   3.654811    32.7780       1999     8.3250  0.000e+00
     14.771    10.7037   3.654856    32.7785       2000     8.3292  0.000e+00
     14.668    10.7039   3.654837    32.7782       2001     8.3333  0.000e+00
     14.565    10.7040   3.654921    32.7790       2002     8.3375  0.000e+00
     14.458    10.7041   3.655056    32.7803       2003     8.3417  0.000e+00
     14.360    10.7046   3.655146    32.7808       2004     8.3458  0.000e+00
     14.262    10.7055   3.655153    32.7802       2005     8.3500  0.000e+00
     14.176    10.7061   3.654946    32.7776       2006     8.3542  0.000e+00
     14.086    10.7060   3.654856    32.7768       2007     8.3583  0.000e+00
     14.003    10.7056   3.654746    32.7761       2008     8.3625  0.000e+00
     13.925    10.7051   3.654630    32.7754       2009     8.3667  0.000e+00
     13.849    10.7042   3.654701    32.7769       2010     8.3708  0.000e+00
     13.782    10.7039   3.654682    32.7771       2011     8.3750  0.000e+00
     13.712    10.7037   3.654675    32.7773       2012     8.3792  0.000e+00
     13.653    10.7037   3.654656    32.7771       2013     8.3833  0.000e+00
     13.589    10.7035   3.654656    32.7773       2014     8.3875  0.000e+00
     13.529    10.7035   3.654656    32.7773       2015     8.3917  0.000e+00
     13.471    10.7034   3.654585    32.7767       2016     8.3958  0.000e+00
     13.418    10.7032   3.654585    32.7769       2017     8.4000  0.000e+00
     13.356    10.7031   3.654682    32.7780       2018     8.4042  0.000e+00
     13.300    10.7032   3.654701    32.7781       2019     8.4083  0.000e+00
     13.241    10.7031   3.654540    32.7766       2020     8.4125  0.000e+00
     13.179    10.7032   3.654430    32.7755       2021     8.4167  0.000e+00
     13.116    10.7025   3.654114    32.7730       2022     8.4208  0.000e+00
     13.047    10.7014   3.654069    32.7736       2023     8.4250  0.000e+00
     12.978    10.7001   3.654295    32.7770       2024     8.4292  0.000e+00
     12.907    10.6999   3.654089    32.7752       2025     8.4333  0.000e+00
     12.840    10.6995   3.654043    32.7751       2026     8.4375  0.000e+00
     12.759    10.6990   3.654250    32.7776       2027     8.4417  0.000e+00
     12.679    10.6990   3.654089    32.7760       2028     8.4458  0.000e+00
     12.608    10.6990   3.653998    32.7752       2029     8.4500  0.000e+00
     12.525    10.6985   3.653844    32.7741       2030     8.4542  0.000e+00
     12.446    10.6979   3.653631    32.7726       2031     8.4583  0.000e+00
     12.365    10.6969   3.653528    32.7724       2032     8.4625  0.000e+00
     12.273    10.6961   3.653508    32.7730       2033     8.4667  0.000e+00
     12.179    10.6953   3.653508    32.7738       2034     8.4708  0.000e+00
     12.091    10.6948   3.653598    32.7751       2035     8.4750  0.000e+00
     11.997    10.6947   3.653482    32.7741       2036     8.4792  0.000e+00
     11.898    10.6946   3.653553    32.7750       2037     8.4833  0.000e+00
     11.799    10.6947   3.653566    32.7751       2038     8.4875  0.000e+00
     11.704    10.6948   3.653527    32.7747       2039     8.4917  0.000e+00
     11.604    10.6950   3.653598    32.7752       2040     8.4958  0.000e+00
     11.505    10.6950   3.653734    32.7766       2041     8.5000  0.000e+00
     11.414    10.6952   3.653708    32.7762       2042     8.5042  0.000e+00
     11.318    10.6956   3.653753    32.7763       2043     8.5083  0.000e+00
     11.237    10.6959   3.653759    32.7762       2044     8.5125  0.000e+00
     11.169    10.6961   3.653708    32.7755       2045     8.5167  0.000e+00
     11.104    10.6962   3.652696    32.7653       2046     8.5208  0.000e+00
     11.043    10.6938   3.650518    32.7458       2047     8.5250  0.000e+00
     10.986    10.6864   3.650518    32.7524       2048     8.5292  0.000e+00
     10.938    10.6796   3.650473    32.7582       2049     8.5333  0.000e+00
     10.888    10.6753   3.650627    32.7635       2050     8.5375  0.000e+00
     10.834    10.6731   3.650743    32.7667       2051     8.5417  0.000e+00
     10.774    10.6724   3.651259    32.7725       2052     8.5458  0.000e+00
     10.713    10.6738   3.651639    32.7751       2053     8.5500  0.000e+00
     10.653    10.6758   3.652245    32.7793       2054     8.5542  0.000e+00
     10.575    10.6794   3.652090    32.7746       2055     8.5583  0.000e+00
     10.497    10.6821   3.652876    32.7801       2056     8.5625  0.000e+00
     10.419    10.6851   3.653031    32.7789       2057     8.5667  0.000e+00
     10.328    10.6885   3.653463    32.7802       2058     8.5708  0.000e+00
     10.239    10.6921   3.653907    32.7815       2059     8.5750  0.000e+00
     10.149    10.6957   3.654565    32.7848       2060     8.5792  0.000e+00
     10.064    10.7002   3.654764    32.7829       2061     8.5833  0.000e+00
