HB2503/sbe083.cnv
* Sea-Bird SBE 19plus V2 Data File:
* FileName = C:\cruise\data\sbe083.hex
* Software Version Seasave V 7.26.7.121
* Temperature SN = 6128
* Conductivity SN = 6128
* System UpLoad Time = Jun 05 2025 04:25:07
* NMEA Latitude = 42 47.19 N
* NMEA Longitude = 070 11.84 W
* NMEA UTC (Time) = Jun 05 2025  04:23:25
** Ship: Henry Bigelow
** Cruise:  HB2502
** Program:  Spring Bottom Trawl
# nquan = 7
# nvalues = 2426                                  
# units = specified
# name 0 = depSM: Depth [salt water, m]
# name 1 = tv290C: Temperature [ITS-90, deg C]
# name 2 = c0S/m: Conductivity [S/m]
# name 3 = sal00: Salinity, Practical [PSU]
# name 4 = scan: Scan Count
# name 5 = timeM: Time, Elapsed [minutes]
# name 6 = flag:  0.000e+00
# span 0 =      0.122,    100.697                 
# span 1 =     4.8510,    13.1090                 
# span 2 =   0.007589,   3.649550                 
# span 3 =     0.0483,    32.4935                 
# span 4 =         11,       2436                 
# span 5 =     0.0417,    10.1458                 
# span 6 = 0.0000e+00, 0.0000e+00                 
# interval = seconds: 0.25
# start_time = Jun 05 2025 04:23:25 [NMEA time, header]
# bad_flag = -9.990e-29
*END*
[from data line 1847]
     34.673     6.4491   3.226867    32.1931       1858     7.7375  0.000e+00
     34.655     6.4515   3.227205    32.1945       1859     7.7417  0.000e+00
     34.631     6.4541   3.227198    32.1920       1860     7.7458  0.000e+00
     34.611     6.4563   3.226990    32.1876       1861     7.7500  0.000e+00
     34.587     6.4568   3.226910    32.1863       1862     7.7542  0.000e+00
     34.562     6.4566   3.226867    32.1860       1863     7.7583  0.000e+00
     34.529     6.4560   3.226990    32.1879       1864     7.7625  0.000e+00
     34.493     6.4560   3.227198    32.1903       1865     7.7667  0.000e+00
     34.447     6.4568   3.227260    32.1902       1866     7.7708  0.000e+00
     34.400     6.4580   3.227444    32.1912       1867     7.7750  0.000e+00
     34.342     6.4595   3.228045    32.1965       1868     7.7792  0.000e+00
     34.277     6.4628   3.228346    32.1967       1869     7.7833  0.000e+00
     34.210     6.4669   3.228899    32.1989       1870     7.7875  0.000e+00
     34.134     6.4717   3.228794    32.1933       1871     7.7917  0.000e+00
     34.058     6.4754   3.229433    32.1969       1872     7.7958  0.000e+00
     33.977     6.4795   3.230495    32.2048       1873     7.8000  0.000e+00
     33.888     6.4863   3.231318    32.2075       1874     7.8042  0.000e+00
     33.803     6.4955   3.231213    32.1977       1875     7.8083  0.000e+00
     33.721     6.5028   3.232626    32.2064       1876     7.8125  0.000e+00
     33.638     6.5111   3.233000    32.2028       1877     7.8167  0.000e+00
     33.565     6.5202   3.233264    32.1972       1878     7.8208  0.000e+00
     33.498     6.5271   3.233473    32.1931       1879     7.8250  0.000e+00
     33.445     6.5326   3.233596    32.1893       1880     7.8292  0.000e+00
     33.394     6.5364   3.233841    32.1883       1881     7.8333  0.000e+00
     33.351     6.5396   3.233921    32.1862       1882     7.8375  0.000e+00
     33.315     6.5422   3.233964    32.1843       1883     7.8417  0.000e+00
     33.291     6.5441   3.234026    32.1832       1884     7.8458  0.000e+00
     33.267     6.5454   3.233983    32.1815       1885     7.8500  0.000e+00
     33.245     6.5461   3.233823    32.1791       1886     7.8542  0.000e+00
     33.225     6.5459   3.233798    32.1790       1887     7.8583  0.000e+00
     33.198     6.5455   3.233946    32.1811       1888     7.8625  0.000e+00
     33.170     6.5456   3.234069    32.1823       1889     7.8667  0.000e+00
     33.146     6.5462   3.234173    32.1829       1890     7.8708  0.000e+00
     33.110     6.5473   3.234277    32.1830       1891     7.8750  0.000e+00
     33.076     6.5484   3.234314    32.1824       1892     7.8792  0.000e+00
     33.036     6.5493   3.234394    32.1825       1893     7.8833  0.000e+00
     32.985     6.5504   3.234419    32.1817       1894     7.8875  0.000e+00
     32.929     6.5511   3.234726    32.1845       1895     7.8917  0.000e+00
     32.866     6.5528   3.234726    32.1830       1896     7.8958  0.000e+00
     32.811     6.5541   3.234806    32.1826       1897     7.9000  0.000e+00
     32.747     6.5553   3.234910    32.1827       1898     7.9042  0.000e+00
     32.688     6.5567   3.235100    32.1835       1899     7.9083  0.000e+00
     32.624     6.5581   3.235260    32.1839       1900     7.9125  0.000e+00
     32.560     6.5601   3.235322    32.1828       1901     7.9167  0.000e+00
     32.497     6.5617   3.235358    32.1817       1902     7.9208  0.000e+00
     32.441     6.5631   3.235524    32.1822       1903     7.9250  0.000e+00
     32.383     6.5645   3.235610    32.1819       1904     7.9292  0.000e+00
     32.323     6.5657   3.235647    32.1812       1905     7.9333  0.000e+00
     32.270     6.5668   3.235727    32.1811       1906     7.9375  0.000e+00
     32.215     6.5678   3.235856    32.1816       1907     7.9417  0.000e+00
     32.161     6.5689   3.235893    32.1809       1908     7.9458  0.000e+00
     32.108     6.5702   3.235997    32.1809       1909     7.9500  0.000e+00
     32.056     6.5711   3.236145    32.1817       1910     7.9542  0.000e+00
     32.008     6.5725   3.236225    32.1813       1911     7.9583  0.000e+00
     31.964     6.5738   3.236366    32.1817       1912     7.9625  0.000e+00
     31.922     6.5751   3.236464    32.1815       1913     7.9667  0.000e+00
     31.881     6.5766   3.236513    32.1807       1914     7.9708  0.000e+00
     31.846     6.5778   3.236513    32.1796       1915     7.9750  0.000e+00
     31.808     6.5784   3.236489    32.1788       1916     7.9792  0.000e+00
     31.774     6.5789   3.236550    32.1789       1917     7.9833  0.000e+00
     31.737     6.5793   3.236618    32.1794       1918     7.9875  0.000e+00
     31.701     6.5799   3.236698    32.1797       1919     7.9917  0.000e+00
     31.668     6.5809   3.236759    32.1794       1920     7.9958  0.000e+00
     31.632     6.5816   3.236777    32.1790       1921     8.0000  0.000e+00
     31.592     6.5825   3.236802    32.1785       1922     8.0042  0.000e+00
     31.545     6.5831   3.236863    32.1786       1923     8.0083  0.000e+00
     31.503     6.5837   3.236962    32.1791       1924     8.0125  0.000e+00
     31.461     6.5849   3.237152    32.1801       1925     8.0167  0.000e+00
     31.411     6.5863   3.237232    32.1796       1926     8.0208  0.000e+00
     31.369     6.5880   3.237324    32.1791       1927     8.0250  0.000e+00
     31.315     6.5893   3.237336    32.1780       1928     8.0292  0.000e+00
     31.259     6.5904   3.237373    32.1775       1929     8.0333  0.000e+00
     31.203     6.5912   3.237416    32.1772       1930     8.0375  0.000e+00
     31.150     6.5919   3.237478    32.1773       1931     8.0417  0.000e+00
     31.092     6.5929   3.237539    32.1770       1932     8.0458  0.000e+00
     31.030     6.5936   3.237601    32.1771       1933     8.0500  0.000e+00
     30.967     6.5945   3.237662    32.1769       1934     8.0542  0.000e+00
     30.911     6.5954   3.237674    32.1762       1935     8.0583  0.000e+00
     30.847     6.5959   3.237662    32.1757       1936     8.0625  0.000e+00
     30.789     6.5966   3.237705    32.1755       1937     8.0667  0.000e+00
     30.729     6.5969   3.237723    32.1755       1938     8.0708  0.000e+00
     30.673     6.5974   3.237766    32.1755       1939     8.0750  0.000e+00
     30.620     6.5980   3.237785    32.1751       1940     8.0792  0.000e+00
     30.566     6.5987   3.237809    32.1748       1941     8.0833  0.000e+00
     30.515     6.5990   3.237815    32.1746       1942     8.0875  0.000e+00
     30.467     6.5994   3.237809    32.1741       1943     8.0917  0.000e+00
     30.424     6.5994   3.237809    32.1742       1944     8.0958  0.000e+00
     30.373     6.5997   3.237809    32.1739       1945     8.1000  0.000e+00
     30.333     6.5998   3.237785    32.1736       1946     8.1042  0.000e+00
     30.293     6.5999   3.237809    32.1738       1947     8.1083  0.000e+00
     30.253     6.6000   3.237809    32.1738       1948     8.1125  0.000e+00
     30.212     6.6000   3.237815    32.1738       1949     8.1167  0.000e+00
     30.173     6.5999   3.237846    32.1743       1950     8.1208  0.000e+00
     30.134     6.6002   3.237871    32.1743       1951     8.1250  0.000e+00
     30.091     6.6004   3.237846    32.1738       1952     8.1292  0.000e+00
     30.048     6.6006   3.237889    32.1742       1953     8.1333  0.000e+00
     30.005     6.6009   3.237908    32.1741       1954     8.1375  0.000e+00
     29.965     6.6012   3.237951    32.1742       1955     8.1417  0.000e+00
     29.922     6.6014   3.237932    32.1739       1956     8.1458  0.000e+00
     29.877     6.6018   3.237969    32.1740       1957     8.1500  0.000e+00
     29.837     6.6020   3.238030    32.1744       1958     8.1542  0.000e+00
     29.791     6.6024   3.238116    32.1751       1959     8.1583  0.000e+00
     29.751     6.6032   3.238178    32.1750       1960     8.1625  0.000e+00
     29.708     6.6038   3.238221    32.1749       1961     8.1667  0.000e+00
     29.666     6.6047   3.238282    32.1748       1962     8.1708  0.000e+00
     29.624     6.6054   3.238282    32.1742       1963     8.1750  0.000e+00
     29.584     6.6059   3.238282    32.1737       1964     8.1792  0.000e+00
     29.539     6.6065   3.238319    32.1736       1965     8.1833  0.000e+00
     29.492     6.6070   3.238344    32.1734       1966     8.1875  0.000e+00
     29.436     6.6075   3.238344    32.1729       1967     8.1917  0.000e+00
     29.372     6.6077   3.238319    32.1725       1968     8.1958  0.000e+00
     29.315     6.6079   3.238362    32.1728       1969     8.2000  0.000e+00
     29.248     6.6082   3.238399    32.1730       1970     8.2042  0.000e+00
     29.175     6.6083   3.238503    32.1740       1971     8.2083  0.000e+00
     29.106     6.6096   3.238755    32.1756       1972     8.2125  0.000e+00
     29.027     6.6111   3.238897    32.1758       1973     8.2167  0.000e+00
     28.956     6.6132   3.238878    32.1737       1974     8.2208  0.000e+00
     28.885     6.6147   3.239186    32.1757       1975     8.2250  0.000e+00
     28.814     6.6169   3.239358    32.1756       1976     8.2292  0.000e+00
     28.751     6.6193   3.239450    32.1743       1977     8.2333  0.000e+00
     28.690     6.6214   3.239450    32.1724       1978     8.2375  0.000e+00
     28.631     6.6230   3.239474    32.1712       1979     8.2417  0.000e+00
     28.593     6.6242   3.239474    32.1701       1980     8.2458  0.000e+00
     28.553     6.6248   3.239474    32.1695       1981     8.2500  0.000e+00
     28.521     6.6254   3.239474    32.1690       1982     8.2542  0.000e+00
     28.488     6.6260   3.239493    32.1686       1983     8.2583  0.000e+00
     28.466     6.6265   3.239493    32.1682       1984     8.2625  0.000e+00
     28.440     6.6269   3.239493    32.1678       1985     8.2667  0.000e+00
     28.413     6.6272   3.239511    32.1678       1986     8.2708  0.000e+00
     28.389     6.6272   3.239511    32.1677       1987     8.2750  0.000e+00
     28.358     6.6274   3.239388    32.1662       1988     8.2792  0.000e+00
     28.320     6.6277   3.239474    32.1669       1989     8.2833  0.000e+00
     28.285     6.6277   3.239474    32.1669       1990     8.2875  0.000e+00
     28.242     6.6277   3.239474    32.1669       1991     8.2917  0.000e+00
     28.193     6.6278   3.239450    32.1666       1992     8.2958  0.000e+00
     28.139     6.6278   3.239474    32.1669       1993     8.3000  0.000e+00
     28.086     6.6278   3.239474    32.1669       1994     8.3042  0.000e+00
     28.024     6.6278   3.239474    32.1669       1995     8.3083  0.000e+00
     27.955     6.6278   3.239474    32.1670       1996     8.3125  0.000e+00
     27.890     6.6280   3.239474    32.1669       1997     8.3167  0.000e+00
     27.821     6.6281   3.239492    32.1670       1998     8.3208  0.000e+00
     27.747     6.6283   3.239492    32.1668       1999     8.3250  0.000e+00
     27.671     6.6284   3.239492    32.1668       2000     8.3292  0.000e+00
     27.591     6.6286   3.239535    32.1671       2001     8.3333  0.000e+00
     27.522     6.6289   3.239597    32.1675       2002     8.3375  0.000e+00
     27.437     6.6295   3.239966    32.1710       2003     8.3417  0.000e+00
     27.361     6.6318   3.240138    32.1708       2004     8.3458  0.000e+00
     27.289     6.6344   3.240359    32.1709       2005     8.3500  0.000e+00
     27.214     6.6371   3.240832    32.1735       2006     8.3542  0.000e+00
     27.148     6.6404   3.241035    32.1727       2007     8.3583  0.000e+00
     27.088     6.6438   3.241281    32.1722       2008     8.3625  0.000e+00
     27.035     6.6471   3.241367    32.1701       2009     8.3667  0.000e+00
     26.988     6.6495   3.241429    32.1685       2010     8.3708  0.000e+00
     26.948     6.6514   3.241386    32.1663       2011     8.3750  0.000e+00
     26.917     6.6526   3.241385    32.1652       2012     8.3792  0.000e+00
     26.892     6.6531   3.241367    32.1645       2013     8.3833  0.000e+00
     26.872     6.6532   3.241342    32.1642       2014     8.3875  0.000e+00
     26.855     6.6533   3.241324    32.1639       2015     8.3917  0.000e+00
     26.831     6.6533   3.241342    32.1641       2016     8.3958  0.000e+00
     26.817     6.6531   3.241349    32.1644       2017     8.4000  0.000e+00
     26.795     6.6532   3.241404    32.1649       2018     8.4042  0.000e+00
     26.768     6.6532   3.241490    32.1659       2019     8.4083  0.000e+00
     26.742     6.6537   3.241508    32.1656       2020     8.4125  0.000e+00
     26.702     6.6540   3.241508    32.1653       2021     8.4167  0.000e+00
     26.658     6.6544   3.241551    32.1655       2022     8.4208  0.000e+00
     26.608     6.6549   3.241631    32.1659       2023     8.4250  0.000e+00
     26.549     6.6555   3.241939    32.1687       2024     8.4292  0.000e+00
     26.480     6.6568   3.241982    32.1680       2025     8.4333  0.000e+00
     26.403     6.6584   3.242105    32.1679       2026     8.4375  0.000e+00
     26.326     6.6597   3.242166    32.1674       2027     8.4417  0.000e+00
     26.243     6.6608   3.242043    32.1651       2028     8.4458  0.000e+00
     26.147     6.6610   3.241982    32.1642       2029     8.4500  0.000e+00
     26.058     6.6607   3.242012    32.1649       2030     8.4542  0.000e+00
     25.970     6.6607   3.242068    32.1656       2031     8.4583  0.000e+00
     25.876     6.6610   3.241779    32.1622       2032     8.4625  0.000e+00
     25.791     6.6602   3.241779    32.1629       2033     8.4667  0.000e+00
     25.704     6.6595   3.241920    32.1652       2034     8.4708  0.000e+00
     25.626     6.6593   3.242086    32.1672       2035     8.4750  0.000e+00
     25.554     6.6600   3.242129    32.1670       2036     8.4792  0.000e+00
     25.487     6.6612   3.242092    32.1655       2037     8.4833  0.000e+00
     25.432     6.6620   3.242067    32.1646       2038     8.4875  0.000e+00
     25.386     6.6625   3.242086    32.1644       2039     8.4917  0.000e+00
     25.352     6.6626   3.242043    32.1638       2040     8.4958  0.000e+00
     25.321     6.6627   3.242043    32.1637       2041     8.5000  0.000e+00
     25.303     6.6626   3.242024    32.1636       2042     8.5042  0.000e+00
     25.292     6.6625   3.242037    32.1638       2043     8.5083  0.000e+00
     25.276     6.6625   3.242043    32.1639       2044     8.5125  0.000e+00
     25.270     6.6624   3.242024    32.1638       2045     8.5167  0.000e+00
     25.263     6.6625   3.241938    32.1628       2046     8.5208  0.000e+00
     25.264     6.6624   3.241981    32.1634       2047     8.5250  0.000e+00
     25.259     6.6622   3.241981    32.1635       2048     8.5292  0.000e+00
     25.248     6.6621   3.242024    32.1641       2049     8.5333  0.000e+00
     25.223     6.6622   3.241975    32.1635       2050     8.5375  0.000e+00
     25.188     6.6620   3.242006    32.1640       2051     8.5417  0.000e+00
     25.135     6.6620   3.241963    32.1636       2052     8.5458  0.000e+00
     25.071     6.6619   3.241963    32.1637       2053     8.5500  0.000e+00
     24.988     6.6619   3.242043    32.1646       2054     8.5542  0.000e+00
     24.905     6.6622   3.242086    32.1649       2055     8.5583  0.000e+00
     24.801     6.6626   3.242110    32.1648       2056     8.5625  0.000e+00
     24.698     6.6630   3.242270    32.1662       2057     8.5667  0.000e+00
     24.578     6.6639   3.242602    32.1691       2058     8.5708  0.000e+00
     24.472     6.6657   3.242602    32.1675       2059     8.5750  0.000e+00
     24.356     6.6673   3.242682    32.1669       2060     8.5792  0.000e+00
     24.243     6.6689   3.242479    32.1632       2061     8.5833  0.000e+00
