HB2503/sbe002.cnv
* Sea-Bird SBE 19plus V2 Data File:
* FileName = C:\cruise\data\sbe002.hex
* Software Version Seasave V 7.26.7.121
* Temperature SN = 6128
* Conductivity SN = 6128
* System UpLoad Time = May 28 2025 01:32:07
* NMEA Latitude = 40 46.72 N
* NMEA Longitude = 071 36.46 W
* NMEA UTC (Time) = May 28 2025  01:30:16
** Ship: Henry Bigelow
** Cruise:  HB2502
** Program:  Spring Bottom Trawl
# nquan = 7
# nvalues = 1671                                  
# units = specified
# name 0 = depSM: Depth [salt water, m]
# name 1 = tv290C: Temperature [ITS-90, deg C]
# name 2 = c0S/m: Conductivity [S/m]
# name 3 = sal00: Salinity, Practical [PSU]
# name 4 = scan: Scan Count
# name 5 = timeM: Time, Elapsed [minutes]
# name 6 = flag:  0.000e+00
# span 0 =      0.022,     61.886                 
# span 1 =     6.4277,    13.6249                 
# span 2 =   0.010041,   3.809611                 
# span 3 =     0.0624,    32.8737                 
# span 4 =         11,       1681                 
# span 5 =     0.0417,     7.0000                 
# span 6 = 0.0000e+00, 0.0000e+00                 
# interval = seconds: 0.25
# start_time = May 28 2025 01:30:16 [NMEA time, header]
# bad_flag = -9.990e-29
*END*
[from data line 616]
     61.316     6.4360   3.268398    32.6521        627     2.6083  0.000e+00
     61.459     6.4364   3.268392    32.6516        628     2.6125  0.000e+00
     61.591     6.4363   3.268398    32.6516        629     2.6167  0.000e+00
     61.729     6.4364   3.268485    32.6525        630     2.6208  0.000e+00
     61.828     6.4366   3.268528    32.6527        631     2.6250  0.000e+00
     61.886     6.4370   3.268460    32.6515        632     2.6292  0.000e+00
     61.869     6.4372   3.268411    32.6508        633     2.6333  0.000e+00
     61.822     6.4369   3.268361    32.6506        634     2.6375  0.000e+00
     61.769     6.4368   3.268318    32.6502        635     2.6417  0.000e+00
     61.737     6.4363   3.268232    32.6497        636     2.6458  0.000e+00
     61.719     6.4358   3.268269    32.6506        637     2.6500  0.000e+00
     61.683     6.4355   3.268152    32.6497        638     2.6542  0.000e+00
     61.616     6.4350   3.268065    32.6492        639     2.6583  0.000e+00
     61.542     6.4342   3.268047    32.6499        640     2.6625  0.000e+00
     61.462     6.4334   3.268004    32.6501        641     2.6667  0.000e+00
     61.426     6.4329   3.267973    32.6503        642     2.6708  0.000e+00
     61.401     6.4324   3.267985    32.6510        643     2.6750  0.000e+00
     61.399     6.4322   3.267985    32.6511        644     2.6792  0.000e+00
     61.408     6.4319   3.268028    32.6519        645     2.6833  0.000e+00
     61.419     6.4319   3.268004    32.6516        646     2.6875  0.000e+00
     61.415     6.4321   3.268053    32.6520        647     2.6917  0.000e+00
     61.408     6.4320   3.268047    32.6520        648     2.6958  0.000e+00
     61.391     6.4324   3.268108    32.6523        649     2.7000  0.000e+00
     61.382     6.4327   3.268065    32.6516        650     2.7042  0.000e+00
     61.367     6.4329   3.268034    32.6510        651     2.7083  0.000e+00
     61.344     6.4329   3.268004    32.6507        652     2.7125  0.000e+00
     61.307     6.4325   3.267985    32.6508        653     2.7167  0.000e+00
     61.266     6.4322   3.267967    32.6510        654     2.7208  0.000e+00
     61.222     6.4322   3.267967    32.6510        655     2.7250  0.000e+00
     61.175     6.4320   3.267973    32.6513        656     2.7292  0.000e+00
     61.133     6.4320   3.267942    32.6509        657     2.7333  0.000e+00
     61.082     6.4320   3.267923    32.6507        658     2.7375  0.000e+00
     61.035     6.4319   3.267967    32.6514        659     2.7417  0.000e+00
     60.984     6.4317   3.267917    32.6510        660     2.7458  0.000e+00
     60.934     6.4318   3.267966    32.6515        661     2.7500  0.000e+00
     60.868     6.4319   3.267966    32.6514        662     2.7542  0.000e+00
     60.794     6.4320   3.267942    32.6511        663     2.7583  0.000e+00
     60.702     6.4322   3.267923    32.6508        664     2.7625  0.000e+00
     60.617     6.4321   3.267936    32.6511        665     2.7667  0.000e+00
     60.537     6.4320   3.267966    32.6515        666     2.7708  0.000e+00
     60.450     6.4322   3.267985    32.6516        667     2.7750  0.000e+00
     60.372     6.4321   3.267985    32.6517        668     2.7792  0.000e+00
     60.294     6.4324   3.267985    32.6515        669     2.7833  0.000e+00
     60.206     6.4325   3.267997    32.6515        670     2.7875  0.000e+00
     60.115     6.4327   3.268003    32.6515        671     2.7917  0.000e+00
     60.034     6.4328   3.267985    32.6512        672     2.7958  0.000e+00
     59.954     6.4328   3.267966    32.6510        673     2.8000  0.000e+00
     59.870     6.4328   3.267800    32.6493        674     2.8042  0.000e+00
     59.791     6.4323   3.267670    32.6483        675     2.8083  0.000e+00
     59.702     6.4314   3.267652    32.6490        676     2.8125  0.000e+00
     59.621     6.4307   3.267800    32.6514        677     2.8167  0.000e+00
     59.525     6.4303   3.267756    32.6513        678     2.8208  0.000e+00
     59.438     6.4302   3.267818    32.6521        679     2.8250  0.000e+00
     59.351     6.4305   3.267818    32.6519        680     2.8292  0.000e+00
     59.258     6.4308   3.267818    32.6516        681     2.8333  0.000e+00
     59.169     6.4311   3.267818    32.6514        682     2.8375  0.000e+00
     59.084     6.4311   3.267756    32.6507        683     2.8417  0.000e+00
     58.992     6.4313   3.267756    32.6507        684     2.8458  0.000e+00
     58.898     6.4309   3.267694    32.6503        685     2.8500  0.000e+00
     58.811     6.4308   3.267670    32.6502        686     2.8542  0.000e+00
     58.721     6.4304   3.267651    32.6504        687     2.8583  0.000e+00
     58.628     6.4302   3.267676    32.6509        688     2.8625  0.000e+00
     58.538     6.4301   3.267670    32.6510        689     2.8667  0.000e+00
     58.448     6.4300   3.267651    32.6510        690     2.8708  0.000e+00
     58.366     6.4300   3.267633    32.6508        691     2.8750  0.000e+00
     58.280     6.4299   3.267633    32.6510        692     2.8792  0.000e+00
     58.201     6.4299   3.267639    32.6510        693     2.8833  0.000e+00
     58.117     6.4299   3.267633    32.6511        694     2.8875  0.000e+00
     58.041     6.4298   3.267589    32.6507        695     2.8917  0.000e+00
     57.958     6.4297   3.267589    32.6508        696     2.8958  0.000e+00
     57.875     6.4297   3.267558    32.6505        697     2.9000  0.000e+00
     57.798     6.4295   3.267589    32.6511        698     2.9042  0.000e+00
     57.717     6.4294   3.267571    32.6511        699     2.9083  0.000e+00
     57.633     6.4294   3.267546    32.6508        700     2.9125  0.000e+00
     57.546     6.4293   3.267546    32.6509        701     2.9167  0.000e+00
     57.463     6.4294   3.267540    32.6508        702     2.9208  0.000e+00
     57.378     6.4291   3.267546    32.6512        703     2.9250  0.000e+00
     57.293     6.4291   3.267546    32.6512        704     2.9292  0.000e+00
     57.207     6.4293   3.267546    32.6511        705     2.9333  0.000e+00
     57.126     6.4295   3.267478    32.6502        706     2.9375  0.000e+00
     57.044     6.4291   3.267466    32.6504        707     2.9417  0.000e+00
     56.954     6.4289   3.267466    32.6507        708     2.9458  0.000e+00
     56.873     6.4288   3.267466    32.6508        709     2.9500  0.000e+00
     56.786     6.4286   3.267441    32.6508        710     2.9542  0.000e+00
     56.703     6.4287   3.267478    32.6512        711     2.9583  0.000e+00
     56.612     6.4287   3.267466    32.6511        712     2.9625  0.000e+00
     56.525     6.4286   3.267466    32.6512        713     2.9667  0.000e+00
     56.434     6.4287   3.267441    32.6508        714     2.9708  0.000e+00
     56.343     6.4286   3.267465    32.6512        715     2.9750  0.000e+00
     56.262     6.4287   3.267459    32.6512        716     2.9792  0.000e+00
     56.171     6.4286   3.267441    32.6511        717     2.9833  0.000e+00
     56.082     6.4288   3.267441    32.6509        718     2.9875  0.000e+00
     55.995     6.4287   3.267441    32.6510        719     2.9917  0.000e+00
     55.902     6.4286   3.267441    32.6512        720     2.9958  0.000e+00
     55.819     6.4287   3.267422    32.6510        721     3.0000  0.000e+00
     55.743     6.4286   3.267441    32.6513        722     3.0042  0.000e+00
     55.662     6.4287   3.267404    32.6508        723     3.0083  0.000e+00
     55.584     6.4287   3.267404    32.6508        724     3.0125  0.000e+00
     55.504     6.4287   3.267360    32.6504        725     3.0167  0.000e+00
     55.435     6.4285   3.267403    32.6511        726     3.0208  0.000e+00
     55.359     6.4283   3.267440    32.6517        727     3.0250  0.000e+00
     55.288     6.4285   3.267422    32.6514        728     3.0292  0.000e+00
     55.219     6.4286   3.267403    32.6512        729     3.0333  0.000e+00
     55.149     6.4288   3.267379    32.6507        730     3.0375  0.000e+00
     55.082     6.4287   3.267379    32.6508        731     3.0417  0.000e+00
     55.015     6.4286   3.267360    32.6507        732     3.0458  0.000e+00
     54.952     6.4286   3.267403    32.6512        733     3.0500  0.000e+00
     54.879     6.4287   3.267379    32.6509        734     3.0542  0.000e+00
     54.810     6.4286   3.267379    32.6510        735     3.0583  0.000e+00
     54.746     6.4285   3.267360    32.6510        736     3.0625  0.000e+00
     54.677     6.4286   3.267360    32.6509        737     3.0667  0.000e+00
     54.612     6.4286   3.267360    32.6509        738     3.0708  0.000e+00
     54.536     6.4287   3.267360    32.6509        739     3.0750  0.000e+00
     54.456     6.4286   3.267360    32.6511        740     3.0792  0.000e+00
     54.380     6.4286   3.267335    32.6508        741     3.0833  0.000e+00
     54.302     6.4287   3.267360    32.6510        742     3.0875  0.000e+00
     54.224     6.4286   3.267335    32.6508        743     3.0917  0.000e+00
     54.139     6.4285   3.267341    32.6511        744     3.0958  0.000e+00
     54.063     6.4286   3.267317    32.6507        745     3.1000  0.000e+00
     53.987     6.4285   3.267298    32.6507        746     3.1042  0.000e+00
     53.907     6.4285   3.267317    32.6509        747     3.1083  0.000e+00
     53.825     6.4285   3.267304    32.6509        748     3.1125  0.000e+00
     53.751     6.4285   3.267273    32.6505        749     3.1167  0.000e+00
     53.669     6.4285   3.267298    32.6509        750     3.1208  0.000e+00
     53.593     6.4285   3.267298    32.6509        751     3.1250  0.000e+00
     53.515     6.4285   3.267298    32.6509        752     3.1292  0.000e+00
     53.445     6.4283   3.267323    32.6513        753     3.1333  0.000e+00
     53.366     6.4285   3.267298    32.6510        754     3.1375  0.000e+00
     53.292     6.4286   3.267298    32.6509        755     3.1417  0.000e+00
     53.222     6.4285   3.267298    32.6510        756     3.1458  0.000e+00
     53.154     6.4285   3.267298    32.6511        757     3.1500  0.000e+00
     53.080     6.4286   3.267279    32.6508        758     3.1542  0.000e+00
     53.009     6.4287   3.267255    32.6504        759     3.1583  0.000e+00
     52.942     6.4286   3.267255    32.6506        760     3.1625  0.000e+00
     52.870     6.4285   3.267255    32.6508        761     3.1667  0.000e+00
     52.805     6.4285   3.267224    32.6505        762     3.1708  0.000e+00
     52.733     6.4282   3.267236    32.6508        763     3.1750  0.000e+00
     52.668     6.4282   3.267211    32.6507        764     3.1792  0.000e+00
     52.601     6.4281   3.267193    32.6506        765     3.1833  0.000e+00
     52.518     6.4280   3.267174    32.6505        766     3.1875  0.000e+00
     52.432     6.4280   3.267162    32.6504        767     3.1917  0.000e+00
     52.346     6.4278   3.267174    32.6508        768     3.1958  0.000e+00
     52.261     6.4277   3.267150    32.6506        769     3.2000  0.000e+00
     52.168     6.4277   3.267150    32.6506        770     3.2042  0.000e+00
     52.085     6.4277   3.267174    32.6510        771     3.2083  0.000e+00
     51.991     6.4277   3.267180    32.6511        772     3.2125  0.000e+00
     51.909     6.4279   3.267149    32.6506        773     3.2167  0.000e+00
     51.816     6.4277   3.267174    32.6511        774     3.2208  0.000e+00
     51.725     6.4278   3.267174    32.6511        775     3.2250  0.000e+00
     51.625     6.4278   3.267162    32.6509        776     3.2292  0.000e+00
     51.534     6.4279   3.267149    32.6508        777     3.2333  0.000e+00
     51.444     6.4280   3.267149    32.6507        778     3.2375  0.000e+00
     51.350     6.4281   3.267149    32.6507        779     3.2417  0.000e+00
     51.250     6.4278   3.267174    32.6512        780     3.2458  0.000e+00
     51.158     6.4281   3.267143    32.6507        781     3.2500  0.000e+00
     51.071     6.4281   3.267131    32.6506        782     3.2542  0.000e+00
     50.975     6.4281   3.267106    32.6504        783     3.2583  0.000e+00
     50.891     6.4281   3.267131    32.6507        784     3.2625  0.000e+00
     50.801     6.4281   3.267106    32.6505        785     3.2667  0.000e+00
     50.716     6.4280   3.267124    32.6509        786     3.2708  0.000e+00
     50.632     6.4280   3.267106    32.6507        787     3.2750  0.000e+00
     50.551     6.4278   3.267106    32.6508        788     3.2792  0.000e+00
     50.459     6.4277   3.267106    32.6510        789     3.2833  0.000e+00
     50.374     6.4279   3.267106    32.6509        790     3.2875  0.000e+00
     50.290     6.4279   3.267130    32.6512        791     3.2917  0.000e+00
     50.207     6.4280   3.267106    32.6508        792     3.2958  0.000e+00
     50.117     6.4281   3.267130    32.6511        793     3.3000  0.000e+00
     50.032     6.4283   3.267130    32.6509        794     3.3042  0.000e+00
     49.939     6.4283   3.267106    32.6507        795     3.3083  0.000e+00
     49.852     6.4282   3.267087    32.6506        796     3.3125  0.000e+00
     49.759     6.4284   3.267087    32.6505        797     3.3167  0.000e+00
     49.677     6.4283   3.267087    32.6506        798     3.3208  0.000e+00
     49.585     6.4282   3.267081    32.6507        799     3.3250  0.000e+00
     49.504     6.4283   3.267087    32.6507        800     3.3292  0.000e+00
     49.420     6.4283   3.267087    32.6507        801     3.3333  0.000e+00
     49.328     6.4283   3.267106    32.6509        802     3.3375  0.000e+00
     49.234     6.4286   3.267105    32.6508        803     3.3417  0.000e+00
     49.141     6.4288   3.267142    32.6510        804     3.3458  0.000e+00
     49.047     6.4288   3.267149    32.6511        805     3.3500  0.000e+00
     48.957     6.4290   3.267192    32.6514        806     3.3542  0.000e+00
     48.866     6.4292   3.267235    32.6517        807     3.3583  0.000e+00
     48.778     6.4296   3.267148    32.6505        808     3.3625  0.000e+00
     48.686     6.4299   3.267179    32.6506        809     3.3667  0.000e+00
     48.595     6.4299   3.267210    32.6510        810     3.3708  0.000e+00
     48.505     6.4301   3.267253    32.6513        811     3.3750  0.000e+00
     48.416     6.4302   3.267192    32.6506        812     3.3792  0.000e+00
     48.330     6.4302   3.267105    32.6496        813     3.3833  0.000e+00
     48.245     6.4301   3.267068    32.6494        814     3.3875  0.000e+00
     48.160     6.4296   3.267043    32.6496        815     3.3917  0.000e+00
     48.083     6.4294   3.267043    32.6498        816     3.3958  0.000e+00
     47.998     6.4291   3.267043    32.6502        817     3.4000  0.000e+00
     47.918     6.4290   3.267043    32.6503        818     3.4042  0.000e+00
     47.840     6.4290   3.267043    32.6504        819     3.4083  0.000e+00
     47.764     6.4288   3.267043    32.6505        820     3.4125  0.000e+00
     47.686     6.4288   3.267025    32.6504        821     3.4167  0.000e+00
     47.606     6.4287   3.267025    32.6506        822     3.4208  0.000e+00
     47.521     6.4286   3.267025    32.6507        823     3.4250  0.000e+00
     47.443     6.4288   3.267043    32.6507        824     3.4292  0.000e+00
     47.358     6.4288   3.267043    32.6508        825     3.4333  0.000e+00
     47.272     6.4290   3.267043    32.6507        826     3.4375  0.000e+00
     47.186     6.4290   3.267006    32.6502        827     3.4417  0.000e+00
     47.097     6.4290   3.267006    32.6503        828     3.4458  0.000e+00
     47.005     6.4290   3.266981    32.6501        829     3.4500  0.000e+00
     46.919     6.4288   3.266963    32.6501        830     3.4542  0.000e+00
