HB2503/sbe027.cnv
* Sea-Bird SBE 19plus V2 Data File:
* FileName = C:\cruise\data\sbe027.hex
* Software Version Seasave V 7.26.7.121
* Temperature SN = 6128
* Conductivity SN = 6128
* System UpLoad Time = May 30 2025 12:48:49
* NMEA Latitude = 38 45.25 N
* NMEA Longitude = 074 09.11 W
* NMEA UTC (Time) = May 30 2025  12:47:00
** Ship: Henry Bigelow
** Cruise:  HB2502
** Program:  Spring Bottom Trawl
# nquan = 7
# nvalues = 1265                                  
# units = specified
# name 0 = depSM: Depth [salt water, m]
# name 1 = tv290C: Temperature [ITS-90, deg C]
# name 2 = c0S/m: Conductivity [S/m]
# name 3 = sal00: Salinity, Practical [PSU]
# name 4 = scan: Scan Count
# name 5 = timeM: Time, Elapsed [minutes]
# name 6 = flag:  0.000e+00
# span 0 =     -0.133,     45.846                 
# span 1 =     8.1308,    16.2319                 
# span 2 =   0.007784,   4.030187                 
# span 3 =     0.0470,    33.9316                 
# span 4 =         11,       1275                 
# span 5 =     0.0417,     5.3083                 
# span 6 = 0.0000e+00, 0.0000e+00                 
# interval = seconds: 0.25
# start_time = May 30 2025 12:47:00 [NMEA time, header]
# bad_flag = -9.990e-29
*END*
[from data line 616]
     32.501     8.1476   3.456301    33.0779        627     2.6083  0.000e+00
     32.472     8.1472   3.456345    33.0788        628     2.6125  0.000e+00
     32.443     8.1470   3.456282    33.0783        629     2.6167  0.000e+00
     32.412     8.1466   3.456257    33.0784        630     2.6208  0.000e+00
     32.374     8.1463   3.456194    33.0780        631     2.6250  0.000e+00
     32.323     8.1457   3.456156    33.0782        632     2.6292  0.000e+00
     32.266     8.1454   3.456238    33.0794        633     2.6333  0.000e+00
     32.194     8.1452   3.456345    33.0808        634     2.6375  0.000e+00
     32.120     8.1460   3.456471    33.0814        635     2.6417  0.000e+00
     32.034     8.1468   3.456477    33.0808        636     2.6458  0.000e+00
     31.948     8.1475   3.456490    33.0802        637     2.6500  0.000e+00
     31.855     8.1479   3.456471    33.0797        638     2.6542  0.000e+00
     31.761     8.1483   3.456471    33.0794        639     2.6583  0.000e+00
     31.669     8.1486   3.456477    33.0793        640     2.6625  0.000e+00
     31.581     8.1485   3.456490    33.0795        641     2.6667  0.000e+00
     31.489     8.1489   3.456490    33.0791        642     2.6708  0.000e+00
     31.403     8.1490   3.456477    33.0789        643     2.6750  0.000e+00
     31.323     8.1490   3.456490    33.0792        644     2.6792  0.000e+00
     31.250     8.1492   3.456471    33.0788        645     2.6833  0.000e+00
     31.178     8.1491   3.456477    33.0789        646     2.6875  0.000e+00
     31.111     8.1490   3.456471    33.0790        647     2.6917  0.000e+00
     31.058     8.1491   3.456489    33.0792        648     2.6958  0.000e+00
     31.015     8.1491   3.456502    33.0793        649     2.7000  0.000e+00
     30.966     8.1491   3.456508    33.0794        650     2.7042  0.000e+00
     30.926     8.1494   3.456489    33.0790        651     2.7083  0.000e+00
     30.890     8.1495   3.456477    33.0787        652     2.7125  0.000e+00
     30.857     8.1494   3.456508    33.0791        653     2.7167  0.000e+00
     30.824     8.1494   3.456489    33.0790        654     2.7208  0.000e+00
     30.796     8.1495   3.456477    33.0788        655     2.7250  0.000e+00
     30.768     8.1494   3.456508    33.0792        656     2.7292  0.000e+00
     30.732     8.1497   3.456489    33.0788        657     2.7333  0.000e+00
     30.698     8.1497   3.456477    33.0787        658     2.7375  0.000e+00
     30.661     8.1496   3.456445    33.0784        659     2.7417  0.000e+00
     30.620     8.1494   3.456508    33.0792        660     2.7458  0.000e+00
     30.577     8.1495   3.456477    33.0789        661     2.7500  0.000e+00
     30.527     8.1495   3.456489    33.0790        662     2.7542  0.000e+00
     30.467     8.1498   3.456489    33.0787        663     2.7583  0.000e+00
     30.404     8.1498   3.456489    33.0788        664     2.7625  0.000e+00
     30.345     8.1499   3.456502    33.0789        665     2.7667  0.000e+00
     30.273     8.1498   3.456508    33.0790        666     2.7708  0.000e+00
     30.201     8.1500   3.456571    33.0796        667     2.7750  0.000e+00
     30.125     8.1503   3.456615    33.0798        668     2.7792  0.000e+00
     30.045     8.1505   3.456659    33.0801        669     2.7833  0.000e+00
     29.967     8.1511   3.456659    33.0796        670     2.7875  0.000e+00
     29.884     8.1515   3.456659    33.0793        671     2.7917  0.000e+00
     29.804     8.1517   3.456552    33.0780        672     2.7958  0.000e+00
     29.717     8.1517   3.456552    33.0780        673     2.8000  0.000e+00
     29.643     8.1513   3.456703    33.0801        674     2.8042  0.000e+00
     29.563     8.1517   3.456697    33.0796        675     2.8083  0.000e+00
     29.493     8.1521   3.456766    33.0800        676     2.8125  0.000e+00
     29.425     8.1527   3.456792    33.0797        677     2.8167  0.000e+00
     29.358     8.1532   3.456766    33.0790        678     2.8208  0.000e+00
     29.303     8.1536   3.456804    33.0791        679     2.8250  0.000e+00
     29.247     8.1538   3.456836    33.0792        680     2.8292  0.000e+00
     29.193     8.1541   3.456892    33.0796        681     2.8333  0.000e+00
     29.148     8.1545   3.456829    33.0786        682     2.8375  0.000e+00
     29.085     8.1546   3.456836    33.0786        683     2.8417  0.000e+00
     29.035     8.1548   3.456848    33.0786        684     2.8458  0.000e+00
     28.988     8.1548   3.456892    33.0790        685     2.8500  0.000e+00
     28.939     8.1551   3.456854    33.0783        686     2.8542  0.000e+00
     28.891     8.1551   3.456867    33.0785        687     2.8583  0.000e+00
     28.845     8.1553   3.456911    33.0789        688     2.8625  0.000e+00
     28.805     8.1554   3.456924    33.0789        689     2.8667  0.000e+00
     28.767     8.1556   3.456911    33.0786        690     2.8708  0.000e+00
     28.729     8.1557   3.456930    33.0787        691     2.8750  0.000e+00
     28.694     8.1559   3.456930    33.0785        692     2.8792  0.000e+00
     28.656     8.1562   3.456968    33.0787        693     2.8833  0.000e+00
     28.620     8.1563   3.456930    33.0782        694     2.8875  0.000e+00
     28.574     8.1564   3.456955    33.0784        695     2.8917  0.000e+00
     28.530     8.1563   3.456968    33.0787        696     2.8958  0.000e+00
     28.483     8.1566   3.456974    33.0785        697     2.9000  0.000e+00
     28.431     8.1567   3.456974    33.0784        698     2.9042  0.000e+00
     28.380     8.1568   3.457012    33.0787        699     2.9083  0.000e+00
     28.321     8.1568   3.456993    33.0785        700     2.9125  0.000e+00
     28.262     8.1570   3.457018    33.0787        701     2.9167  0.000e+00
     28.200     8.1570   3.457188    33.0805        702     2.9208  0.000e+00
     28.136     8.1579   3.457081    33.0785        703     2.9250  0.000e+00
     28.065     8.1583   3.457163    33.0790        704     2.9292  0.000e+00
     27.999     8.1587   3.457258    33.0797        705     2.9333  0.000e+00
     27.934     8.1593   3.457270    33.0793        706     2.9375  0.000e+00
     27.872     8.1600   3.457245    33.0784        707     2.9417  0.000e+00
     27.816     8.1604   3.457258    33.0781        708     2.9458  0.000e+00
     27.769     8.1606   3.457270    33.0782        709     2.9500  0.000e+00
     27.722     8.1605   3.457245    33.0780        710     2.9542  0.000e+00
     27.674     8.1607   3.457434    33.0798        711     2.9583  0.000e+00
     27.634     8.1613   3.457522    33.0802        712     2.9625  0.000e+00
     27.583     8.1621   3.457415    33.0783        713     2.9667  0.000e+00
     27.542     8.1627   3.457390    33.0775        714     2.9708  0.000e+00
     27.485     8.1627   3.457371    33.0774        715     2.9750  0.000e+00
     27.431     8.1626   3.457333    33.0771        716     2.9792  0.000e+00
     27.371     8.1623   3.457308    33.0771        717     2.9833  0.000e+00
     27.303     8.1621   3.457390    33.0782        718     2.9875  0.000e+00
     27.248     8.1623   3.457434    33.0786        719     2.9917  0.000e+00
     27.188     8.1627   3.457434    33.0782        720     2.9958  0.000e+00
     27.133     8.1630   3.457434    33.0779        721     3.0000  0.000e+00
     27.084     8.1630   3.457478    33.0784        722     3.0042  0.000e+00
     27.036     8.1633   3.457478    33.0781        723     3.0083  0.000e+00
     26.991     8.1637   3.457610    33.0792        724     3.0125  0.000e+00
     26.940     8.1640   3.457667    33.0795        725     3.0167  0.000e+00
     26.886     8.1649   3.457648    33.0785        726     3.0208  0.000e+00
     26.831     8.1654   3.457831    33.0800        727     3.0250  0.000e+00
     26.773     8.1663   3.457730    33.0782        728     3.0292  0.000e+00
     26.715     8.1669   3.457774    33.0780        729     3.0333  0.000e+00
     26.648     8.1673   3.457856    33.0786        730     3.0375  0.000e+00
     26.585     8.1679   3.458153    33.0812        731     3.0417  0.000e+00
     26.523     8.1693   3.458260    33.0810        732     3.0458  0.000e+00
     26.463     8.1708   3.458323    33.0803        733     3.0500  0.000e+00
     26.410     8.1723   3.458134    33.0769        734     3.0542  0.000e+00
     26.362     8.1727   3.458323    33.0785        735     3.0583  0.000e+00
     26.320     8.1734   3.458852    33.0836        736     3.0625  0.000e+00
     26.282     8.1756   3.459042    33.0835        737     3.0667  0.000e+00
     26.239     8.1785   3.459483    33.0855        738     3.0708  0.000e+00
     26.198     8.1821   3.459861    33.0862        739     3.0750  0.000e+00
     26.164     8.1862   3.459943    33.0832        740     3.0792  0.000e+00
     26.122     8.1895   3.459395    33.0743        741     3.0833  0.000e+00
     26.073     8.1900   3.459294    33.0727        742     3.0875  0.000e+00
     26.025     8.1888   3.459250    33.0734        743     3.0917  0.000e+00
     25.968     8.1882   3.459483    33.0764        744     3.0958  0.000e+00
     25.909     8.1883   3.459168    33.0731        745     3.1000  0.000e+00
     25.849     8.1873   3.459186    33.0742        746     3.1042  0.000e+00
     25.795     8.1868   3.459905    33.0823        747     3.1083  0.000e+00
     25.743     8.1888   3.459716    33.0785        748     3.1125  0.000e+00
     25.703     8.1903   3.459382    33.0735        749     3.1167  0.000e+00
     25.648     8.1901   3.459735    33.0775        750     3.1208  0.000e+00
     25.599     8.1907   3.459924    33.0790        751     3.1250  0.000e+00
     25.543     8.1920   3.460031    33.0789        752     3.1292  0.000e+00
     25.499     8.1934   3.459987    33.0771        753     3.1333  0.000e+00
     25.449     8.1942   3.459842    33.0749        754     3.1375  0.000e+00
     25.403     8.1942   3.460176    33.0785        755     3.1417  0.000e+00
     25.358     8.1954   3.460227    33.0779        756     3.1458  0.000e+00
     25.316     8.1964   3.460113    33.0758        757     3.1500  0.000e+00
     25.273     8.1967   3.459861    33.0728        758     3.1542  0.000e+00
     25.233     8.1961   3.460120    33.0761        759     3.1583  0.000e+00
     25.200     8.1960   3.460132    33.0764        760     3.1625  0.000e+00
     25.162     8.1965   3.460410    33.0789        761     3.1667  0.000e+00
     25.129     8.1979   3.460561    33.0792        762     3.1708  0.000e+00
     25.089     8.1996   3.460473    33.0766        763     3.1750  0.000e+00
     25.053     8.2004   3.460284    33.0739        764     3.1792  0.000e+00
     25.013     8.2004   3.460208    33.0731        765     3.1833  0.000e+00
     24.972     8.1999   3.460580    33.0776        766     3.1875  0.000e+00
     24.926     8.2006   3.460555    33.0767        767     3.1917  0.000e+00
     24.883     8.2013   3.460384    33.0742        768     3.1958  0.000e+00
     24.827     8.2013   3.460347    33.0739        769     3.2000  0.000e+00
     24.771     8.2010   3.460473    33.0755        770     3.2042  0.000e+00
     24.716     8.2012   3.460473    33.0754        771     3.2083  0.000e+00
     24.662     8.2014   3.460555    33.0760        772     3.2125  0.000e+00
     24.604     8.2019   3.460769    33.0778        773     3.2167  0.000e+00
     24.548     8.2030   3.461002    33.0793        774     3.2208  0.000e+00
     24.497     8.2049   3.461053    33.0781        775     3.2250  0.000e+00
     24.448     8.2065   3.461066    33.0767        776     3.2292  0.000e+00
     24.397     8.2077   3.461065    33.0756        777     3.2333  0.000e+00
     24.357     8.2082   3.461204    33.0766        778     3.2375  0.000e+00
     24.317     8.2091   3.461255    33.0764        779     3.2417  0.000e+00
     24.277     8.2101   3.461337    33.0763        780     3.2458  0.000e+00
     24.237     8.2109   3.461494    33.0773        781     3.2500  0.000e+00
     24.200     8.2121   3.461463    33.0758        782     3.2542  0.000e+00
     24.169     8.2128   3.461463    33.0752        783     3.2583  0.000e+00
     24.135     8.2135   3.461520    33.0751        784     3.2625  0.000e+00
     24.097     8.2138   3.461444    33.0740        785     3.2667  0.000e+00
     24.071     8.2139   3.461337    33.0728        786     3.2708  0.000e+00
     24.043     8.2135   3.461318    33.0730        787     3.2750  0.000e+00
     24.014     8.2131   3.461292    33.0732        788     3.2792  0.000e+00
     23.983     8.2126   3.461425    33.0750        789     3.2833  0.000e+00
     23.952     8.2127   3.461425    33.0749        790     3.2875  0.000e+00
     23.914     8.2130   3.461564    33.0762        791     3.2917  0.000e+00
     23.880     8.2135   3.461759    33.0778        792     3.2958  0.000e+00
     23.836     8.2151   3.461911    33.0779        793     3.3000  0.000e+00
     23.792     8.2169   3.461936    33.0765        794     3.3042  0.000e+00
     23.738     8.2183   3.461677    33.0725        795     3.3083  0.000e+00
     23.686     8.2180   3.461570    33.0716        796     3.3125  0.000e+00
     23.630     8.2174   3.461652    33.0731        797     3.3167  0.000e+00
     23.579     8.2168   3.461614    33.0733        798     3.3208  0.000e+00
     23.525     8.2164   3.461696    33.0745        799     3.3250  0.000e+00
     23.474     8.2164   3.461526    33.0727        800     3.3292  0.000e+00
     23.431     8.2160   3.461538    33.0733        801     3.3333  0.000e+00
     23.391     8.2157   3.461633    33.0746        802     3.3375  0.000e+00
     23.349     8.2160   3.461992    33.0781        803     3.3417  0.000e+00
     23.307     8.2170   3.461626    33.0734        804     3.3458  0.000e+00
     23.269     8.2175   3.461551    33.0720        805     3.3500  0.000e+00
     23.235     8.2169   3.461677    33.0740        806     3.3542  0.000e+00
     23.201     8.2165   3.461740    33.0751        807     3.3583  0.000e+00
     23.164     8.2171   3.461885    33.0760        808     3.3625  0.000e+00
     23.126     8.2180   3.461910    33.0755        809     3.3667  0.000e+00
     23.092     8.2185   3.461980    33.0757        810     3.3708  0.000e+00
     23.052     8.2194   3.462100    33.0762        811     3.3750  0.000e+00
     23.011     8.2202   3.461992    33.0743        812     3.3792  0.000e+00
     22.967     8.2206   3.462415    33.0785        813     3.3833  0.000e+00
     22.928     8.2221   3.462674    33.0798        814     3.3875  0.000e+00
     22.886     8.2245   3.462604    33.0768        815     3.3917  0.000e+00
     22.846     8.2262   3.462749    33.0768        816     3.3958  0.000e+00
     22.813     8.2276   3.462781    33.0758        817     3.4000  0.000e+00
     22.779     8.2287   3.463008    33.0772        818     3.4042  0.000e+00
     22.752     8.2302   3.463172    33.0775        819     3.4083  0.000e+00
     22.723     8.2321   3.463159    33.0757        820     3.4125  0.000e+00
     22.699     8.2333   3.462964    33.0725        821     3.4167  0.000e+00
     22.670     8.2333   3.462793    33.0707        822     3.4208  0.000e+00
     22.648     8.2326   3.463052    33.0740        823     3.4250  0.000e+00
     22.622     8.2325   3.463027    33.0739        824     3.4292  0.000e+00
     22.599     8.2331   3.463172    33.0749        825     3.4333  0.000e+00
     22.566     8.2338   3.462964    33.0720        826     3.4375  0.000e+00
     22.537     8.2339   3.462692    33.0690        827     3.4417  0.000e+00
     22.505     8.2328   3.462623    33.0694        828     3.4458  0.000e+00
     22.465     8.2312   3.463071    33.0756        829     3.4500  0.000e+00
     22.421     8.2315   3.463185    33.0766        830     3.4542  0.000e+00
