HB2503/sbe037.cnv
* Sea-Bird SBE 19plus V2 Data File:
* FileName = C:\cruise\data\sbe037.hex
* Software Version Seasave V 7.26.7.121
* Temperature SN = 6128
* Conductivity SN = 6128
* System UpLoad Time = May 31 2025 06:15:04
* NMEA Latitude = 40 28.39 N
* NMEA Longitude = 073 16.42 W
* NMEA UTC (Time) = May 31 2025  06:13:16
** Ship: Henry Bigelow
** Cruise:  HB2502
** Program:  Spring Bottom Trawl
# nquan = 7
# nvalues = 1240                                  
# units = specified
# name 0 = depSM: Depth [salt water, m]
# name 1 = tv290C: Temperature [ITS-90, deg C]
# name 2 = c0S/m: Conductivity [S/m]
# name 3 = sal00: Salinity, Practical [PSU]
# name 4 = scan: Scan Count
# name 5 = timeM: Time, Elapsed [minutes]
# name 6 = flag:  0.000e+00
# span 0 =     -0.147,     24.443                 
# span 1 =    11.7387,    14.6026                 
# span 2 =   0.002237,   3.784662                 
# span 3 =     0.0175,    31.5048                 
# span 4 =         11,       1250                 
# span 5 =     0.0417,     5.2042                 
# span 6 = 0.0000e+00, 0.0000e+00                 
# interval = seconds: 0.25
# start_time = May 31 2025 06:13:16 [NMEA time, header]
# bad_flag = -9.990e-29
*END*
[from data line 821]
      9.125    13.3232   3.720166    31.1659        832     3.4625  0.000e+00
      9.082    13.3276   3.720374    31.1642        833     3.4667  0.000e+00
      9.044    13.3318   3.720368    31.1608        834     3.4708  0.000e+00
      9.011    13.3348   3.720465    31.1592        835     3.4750  0.000e+00
      8.982    13.3366   3.720744    31.1604        836     3.4792  0.000e+00
      8.946    13.3388   3.721114    31.1620        837     3.4833  0.000e+00
      8.928    13.3418   3.721341    31.1617        838     3.4875  0.000e+00
      8.902    13.3448   3.721179    31.1577        839     3.4917  0.000e+00
      8.880    13.3464   3.721133    31.1560        840     3.4958  0.000e+00
      8.862    13.3471   3.721270    31.1567        841     3.5000  0.000e+00
      8.848    13.3477   3.721504    31.1584        842     3.5042  0.000e+00
      8.830    13.3492   3.722120    31.1629        843     3.5083  0.000e+00
      8.819    13.3522   3.722237    31.1615        844     3.5125  0.000e+00
      8.808    13.3554   3.722101    31.1577        845     3.5167  0.000e+00
      8.797    13.3572   3.721958    31.1549        846     3.5208  0.000e+00
      8.794    13.3576   3.722010    31.1551        847     3.5250  0.000e+00
      8.788    13.3575   3.722146    31.1564        848     3.5292  0.000e+00
      8.795    13.3580   3.722283    31.1573        849     3.5333  0.000e+00
      8.801    13.3589   3.722452    31.1581        850     3.5375  0.000e+00
      8.806    13.3603   3.722562    31.1580        851     3.5417  0.000e+00
      8.813    13.3616   3.722672    31.1580        852     3.5458  0.000e+00
      8.826    13.3628   3.722731    31.1575        853     3.5500  0.000e+00
      8.833    13.3642   3.722718    31.1563        854     3.5542  0.000e+00
      8.835    13.3649   3.722718    31.1557        855     3.5583  0.000e+00
      8.832    13.3654   3.722601    31.1542        856     3.5625  0.000e+00
      8.817    13.3655   3.722581    31.1539        857     3.5667  0.000e+00
      8.795    13.3648   3.722763    31.1562        858     3.5708  0.000e+00
      8.761    13.3650   3.723257    31.1606        859     3.5750  0.000e+00
      8.723    13.3673   3.723478    31.1608        860     3.5792  0.000e+00
      8.685    13.3697   3.723503    31.1591        861     3.5833  0.000e+00
      8.643    13.3718   3.723776    31.1599        862     3.5875  0.000e+00
      8.608    13.3743   3.724114    31.1611        863     3.5917  0.000e+00
      8.572    13.3768   3.724491    31.1626        864     3.5958  0.000e+00
      8.531    13.3800   3.724906    31.1638        865     3.6000  0.000e+00
      8.496    13.3837   3.725166    31.1632        866     3.6042  0.000e+00
      8.456    13.3872   3.726056    31.1687        867     3.6083  0.000e+00
      8.429    13.3917   3.726862    31.1724        868     3.6125  0.000e+00
      8.400    13.3982   3.727206    31.1704        869     3.6167  0.000e+00
      8.378    13.4046   3.727485    31.1678        870     3.6208  0.000e+00
      8.360    13.4092   3.727713    31.1661        871     3.6250  0.000e+00
      8.340    13.4132   3.727732    31.1630        872     3.6292  0.000e+00
      8.322    13.4160   3.727758    31.1610        873     3.6333  0.000e+00
      8.298    13.4177   3.727712    31.1592        874     3.6375  0.000e+00
      8.278    13.4187   3.727576    31.1571        875     3.6417  0.000e+00
      8.264    13.4189   3.727504    31.1563        876     3.6458  0.000e+00
      8.245    13.4183   3.727530    31.1570        877     3.6500  0.000e+00
      8.234    13.4181   3.727466    31.1566        878     3.6542  0.000e+00
      8.232    13.4176   3.727459    31.1569        879     3.6583  0.000e+00
      8.227    13.4173   3.727232    31.1550        880     3.6625  0.000e+00
      8.227    13.4164   3.727095    31.1545        881     3.6667  0.000e+00
      8.231    13.4155   3.727297    31.1572        882     3.6708  0.000e+00
      8.236    13.4153   3.727550    31.1597        883     3.6750  0.000e+00
      8.238    13.4157   3.727751    31.1612        884     3.6792  0.000e+00
      8.238    13.4173   3.727992    31.1622        885     3.6833  0.000e+00
      8.232    13.4191   3.728265    31.1632        886     3.6875  0.000e+00
      8.227    13.4213   3.728694    31.1654        887     3.6917  0.000e+00
      8.209    13.4243   3.729142    31.1671        888     3.6958  0.000e+00
      8.185    13.4280   3.729714    31.1694        889     3.7000  0.000e+00
      8.167    13.4324   3.730078    31.1692        890     3.7042  0.000e+00
      8.133    13.4370   3.730273    31.1672        891     3.7083  0.000e+00
      8.093    13.4405   3.730455    31.1661        892     3.7125  0.000e+00
      8.058    13.4436   3.730448    31.1635        893     3.7167  0.000e+00
      8.021    13.4457   3.730481    31.1621        894     3.7208  0.000e+00
      7.981    13.4471   3.730636    31.1625        895     3.7250  0.000e+00
      7.945    13.4482   3.730799    31.1631        896     3.7292  0.000e+00
      7.911    13.4499   3.730961    31.1632        897     3.7333  0.000e+00
      7.878    13.4515   3.731033    31.1626        898     3.7375  0.000e+00
      7.854    13.4529   3.731085    31.1620        899     3.7417  0.000e+00
      7.836    13.4539   3.731124    31.1615        900     3.7458  0.000e+00
      7.821    13.4548   3.731215    31.1617        901     3.7500  0.000e+00
      7.803    13.4552   3.731241    31.1616        902     3.7542  0.000e+00
      7.792    13.4563   3.731332    31.1615        903     3.7583  0.000e+00
      7.792    13.4572   3.731423    31.1616        904     3.7625  0.000e+00
      7.790    13.4580   3.731507    31.1618        905     3.7667  0.000e+00
      7.790    13.4589   3.731540    31.1613        906     3.7708  0.000e+00
      7.792    13.4597   3.731514    31.1604        907     3.7750  0.000e+00
      7.787    13.4602   3.731546    31.1603        908     3.7792  0.000e+00
      7.776    13.4604   3.731650    31.1611        909     3.7833  0.000e+00
      7.764    13.4613   3.731767    31.1615        910     3.7875  0.000e+00
      7.746    13.4617   3.731813    31.1616        911     3.7917  0.000e+00
      7.708    13.4625   3.731884    31.1616        912     3.7958  0.000e+00
      7.660    13.4635   3.731930    31.1612        913     3.8000  0.000e+00
      7.613    13.4641   3.731988    31.1613        914     3.8042  0.000e+00
      7.565    13.4650   3.732066    31.1613        915     3.8083  0.000e+00
      7.521    13.4661   3.732183    31.1615        916     3.8125  0.000e+00
      7.487    13.4669   3.732183    31.1609        917     3.8167  0.000e+00
      7.455    13.4677   3.732255    31.1609        918     3.8208  0.000e+00
      7.433    13.4687   3.732274    31.1603        919     3.8250  0.000e+00
      7.424    13.4693   3.732248    31.1595        920     3.8292  0.000e+00
      7.420    13.4693   3.732274    31.1598        921     3.8333  0.000e+00
      7.423    13.4696   3.732274    31.1595        922     3.8375  0.000e+00
      7.420    13.4698   3.732229    31.1590        923     3.8417  0.000e+00
      7.422    13.4696   3.732209    31.1589        924     3.8458  0.000e+00
      7.421    13.4696   3.732209    31.1590        925     3.8500  0.000e+00
      7.424    13.4692   3.732209    31.1592        926     3.8542  0.000e+00
      7.420    13.4691   3.732209    31.1594        927     3.8583  0.000e+00
      7.416    13.4691   3.732229    31.1595        928     3.8625  0.000e+00
      7.407    13.4694   3.732209    31.1591        929     3.8667  0.000e+00
      7.391    13.4691   3.732300    31.1602        930     3.8708  0.000e+00
      7.362    13.4693   3.732365    31.1607        931     3.8750  0.000e+00
      7.320    13.4698   3.732339    31.1600        932     3.8792  0.000e+00
      7.275    13.4700   3.732255    31.1590        933     3.8833  0.000e+00
      7.221    13.4700   3.732346    31.1599        934     3.8875  0.000e+00
      7.164    13.4702   3.732515    31.1614        935     3.8917  0.000e+00
      7.099    13.4710   3.732671    31.1622        936     3.8958  0.000e+00
      7.036    13.4725   3.732736    31.1616        937     3.9000  0.000e+00
      6.989    13.4740   3.732866    31.1616        938     3.9042  0.000e+00
      6.956    13.4755   3.732970    31.1614        939     3.9083  0.000e+00
      6.936    13.4771   3.733106    31.1613        940     3.9125  0.000e+00
      6.934    13.4785   3.733327    31.1622        941     3.9167  0.000e+00
      6.938    13.4805   3.733496    31.1621        942     3.9208  0.000e+00
      6.945    13.4827   3.733613    31.1615        943     3.9250  0.000e+00
      6.952    13.4849   3.733678    31.1603        944     3.9292  0.000e+00
      6.959    13.4863   3.733730    31.1596        945     3.9333  0.000e+00
      6.965    13.4875   3.733730    31.1586        946     3.9375  0.000e+00
      6.956    13.4882   3.733704    31.1578        947     3.9417  0.000e+00
      6.937    13.4887   3.733659    31.1570        948     3.9458  0.000e+00
      6.905    13.4885   3.733568    31.1563        949     3.9500  0.000e+00
      6.868    13.4883   3.733633    31.1571        950     3.9542  0.000e+00
      6.825    13.4883   3.733867    31.1593        951     3.9583  0.000e+00
      6.773    13.4890   3.734510    31.1647        952     3.9625  0.000e+00
      6.715    13.4922   3.734205    31.1593        953     3.9667  0.000e+00
      6.659    13.4936   3.734419    31.1601        954     3.9708  0.000e+00
      6.604    13.4953   3.735551    31.1693        955     3.9750  0.000e+00
      6.565    13.5000   3.738803    31.1956        956     3.9792  0.000e+00
      6.530    13.5136   3.742857    31.2222        957     3.9833  0.000e+00
      6.512    13.5367   3.744939    31.2226        958     3.9875  0.000e+00
      6.496    13.5622   3.746495    31.2162        959     3.9917  0.000e+00
      6.492    13.5851   3.747276    31.2048        960     3.9958  0.000e+00
      6.499    13.6028   3.748103    31.1980        961     4.0000  0.000e+00
      6.512    13.6167   3.748643    31.1916        962     4.0042  0.000e+00
      6.518    13.6271   3.747419    31.1718        963     4.0083  0.000e+00
      6.519    13.6311   3.746540    31.1604        964     4.0125  0.000e+00
      6.512    13.6292   3.747438    31.1703        965     4.0167  0.000e+00
      6.503    13.6294   3.748415    31.1792        966     4.0208  0.000e+00
      6.479    13.6331   3.749893    31.1899        967     4.0250  0.000e+00
      6.448    13.6403   3.748272    31.1690        968     4.0292  0.000e+00
      6.408    13.6432   3.747399    31.1586        969     4.0333  0.000e+00
      6.366    13.6397   3.752219    31.2060        970     4.0375  0.000e+00
      6.321    13.6489   3.755164    31.2258        971     4.0417  0.000e+00
      6.279    13.6685   3.756350    31.2208        972     4.0458  0.000e+00
      6.238    13.6882   3.757373    31.2142        973     4.0500  0.000e+00
      6.198    13.7049   3.759629    31.2214        974     4.0542  0.000e+00
      6.151    13.7218   3.761643    31.2263        975     4.0583  0.000e+00
      6.122    13.7395   3.761239    31.2081        976     4.0625  0.000e+00
      6.082    13.7528   3.760156    31.1874        977     4.0667  0.000e+00
      6.059    13.7577   3.760886    31.1901        978     4.0708  0.000e+00
      6.035    13.7609   3.762595    31.2033        979     4.0750  0.000e+00
      6.023    13.7670   3.763632    31.2079        980     4.0792  0.000e+00
      6.005    13.7757   3.763958    31.2038        981     4.0833  0.000e+00
      5.990    13.7839   3.764284    31.2002        982     4.0875  0.000e+00
      5.977    13.7900   3.763403    31.1871        983     4.0917  0.000e+00
      5.972    13.7915   3.763306    31.1850        984     4.0958  0.000e+00
      5.963    13.7914   3.764167    31.1930        985     4.1000  0.000e+00
      5.963    13.7928   3.764708    31.1969        986     4.1042  0.000e+00
      5.956    13.7964   3.764949    31.1962        987     4.1083  0.000e+00
      5.950    13.8002   3.765452    31.1977        988     4.1125  0.000e+00
      5.951    13.8035   3.764773    31.1888        989     4.1167  0.000e+00
      5.937    13.8047   3.764962    31.1895        990     4.1208  0.000e+00
      5.926    13.8054   3.765824    31.1969        991     4.1250  0.000e+00
      5.903    13.8081   3.768055    31.2153        992     4.1292  0.000e+00
      5.884    13.8174   3.770372    31.2291        993     4.1333  0.000e+00
      5.862    13.8319   3.771410    31.2269        994     4.1375  0.000e+00
      5.848    13.8462   3.772755    31.2276        995     4.1417  0.000e+00
      5.833    13.8602   3.773747    31.2254        996     4.1458  0.000e+00
      5.811    13.8731   3.774341    31.2204        997     4.1500  0.000e+00
      5.797    13.8838   3.774622    31.2143        998     4.1542  0.000e+00
      5.768    13.8918   3.774929    31.2106        999     4.1583  0.000e+00
      5.741    13.8975   3.775536    31.2116       1000     4.1625  0.000e+00
      5.708    13.9030   3.776039    31.2117       1001     4.1667  0.000e+00
      5.668    13.9086   3.777058    31.2165       1002     4.1708  0.000e+00
      5.623    13.9153   3.776868    31.2094       1003     4.1750  0.000e+00
      5.585    13.9204   3.776496    31.2018       1004     4.1792  0.000e+00
      5.549    13.9220   3.776711    31.2025       1005     4.1833  0.000e+00
      5.515    13.9231   3.776914    31.2035       1006     4.1875  0.000e+00
      5.493    13.9244   3.777123    31.2044       1007     4.1917  0.000e+00
      5.464    13.9261   3.777266    31.2043       1008     4.1958  0.000e+00
      5.444    13.9278   3.777593    31.2060       1009     4.2000  0.000e+00
      5.425    13.9297   3.778024    31.2084       1010     4.2042  0.000e+00
      5.406    13.9326   3.778227    31.2079       1011     4.2083  0.000e+00
      5.394    13.9356   3.778312    31.2063       1012     4.2125  0.000e+00
      5.368    13.9376   3.778292    31.2045       1013     4.2167  0.000e+00
      5.344    13.9393   3.778312    31.2033       1014     4.2208  0.000e+00
      5.323    13.9400   3.778155    31.2013       1015     4.2250  0.000e+00
      5.296    13.9399   3.778344    31.2031       1016     4.2292  0.000e+00
      5.268    13.9401   3.778579    31.2051       1017     4.2333  0.000e+00
      5.236    13.9412   3.778854    31.2068       1018     4.2375  0.000e+00
      5.207    13.9429   3.779004    31.2068       1019     4.2417  0.000e+00
      5.180    13.9450   3.779115    31.2061       1020     4.2458  0.000e+00
      5.160    13.9466   3.779252    31.2061       1021     4.2500  0.000e+00
      5.143    13.9479   3.779416    31.2066       1022     4.2542  0.000e+00
      5.132    13.9498   3.779559    31.2063       1023     4.2583  0.000e+00
      5.126    13.9515   3.779631    31.2056       1024     4.2625  0.000e+00
      5.133    13.9529   3.779749    31.2056       1025     4.2667  0.000e+00
      5.146    13.9542   3.779853    31.2055       1026     4.2708  0.000e+00
      5.157    13.9555   3.779860    31.2044       1027     4.2750  0.000e+00
      5.175    13.9563   3.779899    31.2042       1028     4.2792  0.000e+00
      5.177    13.9567   3.780311    31.2076       1029     4.2833  0.000e+00
      5.178    13.9582   3.780964    31.2123       1030     4.2875  0.000e+00
      5.166    13.9614   3.780801    31.2083       1031     4.2917  0.000e+00
      5.158    13.9639   3.780409    31.2027       1032     4.2958  0.000e+00
      5.131    13.9644   3.780376    31.2020       1033     4.3000  0.000e+00
      5.097    13.9636   3.780820    31.2067       1034     4.3042  0.000e+00
      5.055    13.9643   3.780788    31.2059       1035     4.3083  0.000e+00
