HB2503/sbe039.cnv
* Sea-Bird SBE 19plus V2 Data File:
* FileName = C:\cruise\data\sbe039.hex
* Software Version Seasave V 7.26.7.121
* Temperature SN = 6128
* Conductivity SN = 6128
* System UpLoad Time = May 31 2025 12:50:22
* NMEA Latitude = 40 51.29 N
* NMEA Longitude = 071 55.76 W
* NMEA UTC (Time) = May 31 2025  12:48:35
** Ship: Henry Bigelow
** Cruise:  HB2502
** Program:  Spring Bottom Trawl
# nquan = 7
# nvalues = 1326                                  
# units = specified
# name 0 = depSM: Depth [salt water, m]
# name 1 = tv290C: Temperature [ITS-90, deg C]
# name 2 = c0S/m: Conductivity [S/m]
# name 3 = sal00: Salinity, Practical [PSU]
# name 4 = scan: Scan Count
# name 5 = timeM: Time, Elapsed [minutes]
# name 6 = flag:  0.000e+00
# span 0 =     -0.344,     36.041                 
# span 1 =     8.6833,    16.6132                 
# span 2 =   0.005824,   3.951020                 
# span 3 =     0.0362,    33.2580                 
# span 4 =         11,       1336                 
# span 5 =     0.0417,     5.5625                 
# span 6 = 0.0000e+00, 0.0000e+00                 
# interval = seconds: 0.25
# start_time = May 31 2025 12:48:35 [NMEA time, header]
# bad_flag = -9.990e-29
*END*
[from data line 616]
     24.054     9.7426   3.527850    32.3574        627     2.6083  0.000e+00
     24.052     9.7438   3.527157    32.3492        628     2.6125  0.000e+00
     24.043     9.7431   3.526382    32.3420        629     2.6167  0.000e+00
     24.037     9.7399   3.525931    32.3402        630     2.6208  0.000e+00
     24.028     9.7361   3.526255    32.3470        631     2.6250  0.000e+00
     24.015     9.7338   3.526770    32.3543        632     2.6292  0.000e+00
     23.993     9.7341   3.526960    32.3560        633     2.6333  0.000e+00
     23.962     9.7356   3.527463    32.3597        634     2.6375  0.000e+00
     23.926     9.7377   3.526579    32.3488        635     2.6417  0.000e+00
     23.883     9.7374   3.527266    32.3561        636     2.6458  0.000e+00
     23.834     9.7381   3.527202    32.3549        637     2.6500  0.000e+00
     23.773     9.7393   3.526859    32.3504        638     2.6542  0.000e+00
     23.698     9.7387   3.526782    32.3501        639     2.6583  0.000e+00
     23.620     9.7383   3.526706    32.3498        640     2.6625  0.000e+00
     23.533     9.7375   3.527183    32.3554        641     2.6667  0.000e+00
     23.444     9.7385   3.529166    32.3748        642     2.6708  0.000e+00
     23.350     9.7446   3.530094    32.3787        643     2.6750  0.000e+00
     23.250     9.7531   3.532129    32.3919        644     2.6792  0.000e+00
     23.158     9.7647   3.535761    32.4184        645     2.6833  0.000e+00
     23.058     9.7840   3.541737    32.4620        646     2.6875  0.000e+00
     22.977     9.8179   3.544818    32.4628        647     2.6917  0.000e+00
     22.897     9.8555   3.548009    32.4615        648     2.6958  0.000e+00
     22.828     9.8919   3.550685    32.4559        649     2.7000  0.000e+00
     22.769     9.9248   3.546403    32.3829        650     2.7042  0.000e+00
     22.711     9.9365   3.543906    32.3471        651     2.7083  0.000e+00
     22.665     9.9295   3.544231    32.3567        652     2.7125  0.000e+00
     22.618     9.9221   3.545205    32.3732        653     2.7167  0.000e+00
     22.582     9.9211   3.546963    32.3920        654     2.7208  0.000e+00
     22.538     9.9272   3.553055    32.4484        655     2.7250  0.000e+00
     22.500     9.9505   3.562756    32.5258        656     2.7292  0.000e+00
     22.460    10.0001   3.567427    32.5286        657     2.7333  0.000e+00
     22.417    10.0640   3.568717    32.4841        658     2.7375  0.000e+00
     22.382    10.1147   3.579367    32.5463        659     2.7417  0.000e+00
     22.341    10.1806   3.583715    32.5311        660     2.7458  0.000e+00
     22.305    10.2510   3.588141    32.5125        661     2.7500  0.000e+00
     22.268    10.3170   3.590099    32.4732        662     2.7542  0.000e+00
     22.236    10.3691   3.590425    32.4299        663     2.7583  0.000e+00
     22.199    10.4044   3.592345    32.4177        664     2.7625  0.000e+00
     22.166    10.4321   3.591768    32.3872        665     2.7667  0.000e+00
     22.126    10.4493   3.591903    32.3734        666     2.7708  0.000e+00
     22.079    10.4596   3.592895    32.3741        667     2.7750  0.000e+00
     22.034    10.4690   3.594105    32.3779        668     2.7792  0.000e+00
     21.981    10.4798   3.593797    32.3652        669     2.7833  0.000e+00
     21.920    10.4874   3.594438    32.3649        670     2.7875  0.000e+00
     21.851    10.4932   3.594393    32.3594        671     2.7917  0.000e+00
     21.771    10.4969   3.593182    32.3440        672     2.7958  0.000e+00
     21.695    10.4954   3.594482    32.3583        673     2.8000  0.000e+00
     21.616    10.4969   3.593669    32.3489        674     2.8042  0.000e+00
     21.538    10.4966   3.592741    32.3399        675     2.8083  0.000e+00
     21.452    10.4920   3.594284    32.3595        676     2.8125  0.000e+00
     21.380    10.4924   3.593669    32.3530        677     2.8167  0.000e+00
     21.311    10.4929   3.594175    32.3577        678     2.8208  0.000e+00
     21.246    10.4942   3.594322    32.3580        679     2.8250  0.000e+00
     21.184    10.4967   3.594066    32.3532        680     2.8292  0.000e+00
     21.135    10.4964   3.596006    32.3730        681     2.8333  0.000e+00
     21.077    10.5032   3.600420    32.4111        682     2.8375  0.000e+00
     21.027    10.5242   3.600004    32.3883        683     2.8417  0.000e+00
     20.981    10.5422   3.600247    32.3748        684     2.8458  0.000e+00
     20.934    10.5526   3.601061    32.3737        685     2.8500  0.000e+00
     20.878    10.5620   3.600266    32.3574        686     2.8542  0.000e+00
     20.827    10.5677   3.605201    32.4016        687     2.8583  0.000e+00
     20.775    10.5838   3.610229    32.4376        688     2.8625  0.000e+00
     20.717    10.6169   3.613001    32.4359        689     2.8667  0.000e+00
     20.664    10.6523   3.613514    32.4095        690     2.8708  0.000e+00
     20.611    10.6799   3.615464    32.4046        691     2.8750  0.000e+00
     20.563    10.7047   3.617711    32.4049        692     2.8792  0.000e+00
     20.515    10.7286   3.620780    32.4143        693     2.8833  0.000e+00
     20.470    10.7572   3.622739    32.4084        694     2.8875  0.000e+00
     20.425    10.7860   3.624518    32.4007        695     2.8917  0.000e+00
     20.381    10.8136   3.625212    32.3832        696     2.8958  0.000e+00
     20.341    10.8354   3.625610    32.3679        697     2.9000  0.000e+00
     20.296    10.8509   3.625700    32.3551        698     2.9042  0.000e+00
     20.251    10.8612   3.625655    32.3456        699     2.9083  0.000e+00
     20.198    10.8677   3.625519    32.3385        700     2.9125  0.000e+00
     20.142    10.8721   3.625429    32.3337        701     2.9167  0.000e+00
     20.086    10.8748   3.625384    32.3309        702     2.9208  0.000e+00
     20.028    10.8764   3.625230    32.3280        703     2.9250  0.000e+00
     19.959    10.8773   3.624896    32.3239        704     2.9292  0.000e+00
     19.890    10.8777   3.624517    32.3198        705     2.9333  0.000e+00
     19.814    10.8775   3.624009    32.3151        706     2.9375  0.000e+00
     19.734    10.8771   3.623894    32.3142        707     2.9417  0.000e+00
     19.658    10.8769   3.623759    32.3131        708     2.9458  0.000e+00
     19.581    10.8764   3.622962    32.3057        709     2.9500  0.000e+00
     19.506    10.8751   3.622005    32.2974        710     2.9542  0.000e+00
     19.431    10.8725   3.620842    32.2882        711     2.9583  0.000e+00
     19.354    10.8690   3.621947    32.3023        712     2.9625  0.000e+00
     19.293    10.8674   3.621709    32.3014        713     2.9667  0.000e+00
     19.228    10.8665   3.621375    32.2988        714     2.9708  0.000e+00
     19.168    10.8659   3.620380    32.2895        715     2.9750  0.000e+00
     19.110    10.8640   3.620174    32.2892        716     2.9792  0.000e+00
     19.052    10.8618   3.619975    32.2892        717     2.9833  0.000e+00
     19.010    10.8602   3.619442    32.2853        718     2.9875  0.000e+00
     18.971    10.8589   3.619506    32.2871        719     2.9917  0.000e+00
     18.936    10.8580   3.619596    32.2889        720     2.9958  0.000e+00
     18.905    10.8574   3.619487    32.2883        721     3.0000  0.000e+00
     18.880    10.8571   3.619307    32.2868        722     3.0042  0.000e+00
     18.860    10.8571   3.618665    32.2805        723     3.0083  0.000e+00
     18.831    10.8573   3.617997    32.2736        724     3.0125  0.000e+00
     18.800    10.8588   3.617439    32.2668        725     3.0167  0.000e+00
     18.758    10.8638   3.617413    32.2621        726     3.0208  0.000e+00
     18.716    10.8740   3.617509    32.2541        727     3.0250  0.000e+00
     18.664    10.8864   3.617644    32.2446        728     3.0292  0.000e+00
     18.604    10.8967   3.617952    32.2386        729     3.0333  0.000e+00
     18.538    10.9051   3.618864    32.2403        730     3.0375  0.000e+00
     18.475    10.9163   3.619685    32.2386        731     3.0417  0.000e+00
     18.408    10.9295   3.620109    32.2312        732     3.0458  0.000e+00
     18.341    10.9419   3.620623    32.2254        733     3.0500  0.000e+00
     18.274    10.9530   3.621066    32.2201        734     3.0542  0.000e+00
     18.209    10.9625   3.621200    32.2131        735     3.0583  0.000e+00
     18.146    10.9698   3.621489    32.2096        736     3.0625  0.000e+00
     18.086    10.9757   3.621708    32.2066        737     3.0667  0.000e+00
     18.026    10.9811   3.622202    32.2068        738     3.0708  0.000e+00
     17.966    10.9868   3.622446    32.2042        739     3.0750  0.000e+00
     17.905    10.9920   3.622279    32.1980        740     3.0792  0.000e+00
     17.839    10.9952   3.622337    32.1958        741     3.0833  0.000e+00
     17.776    10.9977   3.623178    32.2020        742     3.0875  0.000e+00
     17.711    11.0019   3.624360    32.2099        743     3.0917  0.000e+00
     17.642    11.0103   3.624296    32.2020        744     3.0958  0.000e+00
     17.584    11.0178   3.624251    32.1950        745     3.1000  0.000e+00
     17.521    11.0220   3.624649    32.1952        746     3.1042  0.000e+00
     17.477    11.0260   3.625138    32.1966        747     3.1083  0.000e+00
     17.428    11.0303   3.624938    32.1909        748     3.1125  0.000e+00
     17.388    11.0326   3.624803    32.1876        749     3.1167  0.000e+00
     17.359    11.0334   3.624893    32.1877        750     3.1208  0.000e+00
     17.339    11.0341   3.625009    32.1883        751     3.1250  0.000e+00
     17.319    11.0349   3.625105    32.1886        752     3.1292  0.000e+00
     17.302    11.0359   3.625092    32.1875        753     3.1333  0.000e+00
     17.284    11.0364   3.625163    32.1878        754     3.1375  0.000e+00
     17.261    11.0372   3.625497    32.1905        755     3.1417  0.000e+00
     17.239    11.0386   3.625941    32.1936        756     3.1458  0.000e+00
     17.213    11.0414   3.625761    32.1894        757     3.1500  0.000e+00
     17.182    11.0431   3.625587    32.1862        758     3.1542  0.000e+00
     17.148    11.0432   3.624893    32.1793        759     3.1583  0.000e+00
     17.108    11.0408   3.625362    32.1861        760     3.1625  0.000e+00
     17.063    11.0393   3.625587    32.1895        761     3.1667  0.000e+00
     17.019    11.0406   3.625895    32.1915        762     3.1708  0.000e+00
     16.968    11.0425   3.625850    32.1894        763     3.1750  0.000e+00
     16.924    11.0440   3.626082    32.1904        764     3.1792  0.000e+00
     16.872    11.0451   3.625921    32.1878        765     3.1833  0.000e+00
     16.836    11.0456   3.625696    32.1852        766     3.1875  0.000e+00
     16.791    11.0456   3.625741    32.1857        767     3.1917  0.000e+00
     16.753    11.0451   3.625850    32.1872        768     3.1958  0.000e+00
     16.709    11.0451   3.626229    32.1910        769     3.2000  0.000e+00
     16.665    11.0465   3.626165    32.1892        770     3.2042  0.000e+00
     16.625    11.0476   3.626056    32.1871        771     3.2083  0.000e+00
     16.582    11.0481   3.626345    32.1896        772     3.2125  0.000e+00
     16.545    11.0488   3.626345    32.1889        773     3.2167  0.000e+00
     16.506    11.0501   3.627348    32.1977        774     3.2208  0.000e+00
     16.475    11.0534   3.628016    32.2014        775     3.2250  0.000e+00
     16.440    11.0588   3.628055    32.1971        776     3.2292  0.000e+00
     16.415    11.0636   3.628459    32.1969        777     3.2333  0.000e+00
     16.389    11.0673   3.628575    32.1948        778     3.2375  0.000e+00
     16.375    11.0707   3.628639    32.1924        779     3.2417  0.000e+00
     16.350    11.0729   3.628530    32.1895        780     3.2458  0.000e+00
     16.326    11.0740   3.627701    32.1804        781     3.2500  0.000e+00
     16.301    11.0721   3.626724    32.1724        782     3.2542  0.000e+00
     16.272    11.0666   3.626769    32.1777        783     3.2583  0.000e+00
     16.237    11.0621   3.626833    32.1823        784     3.2625  0.000e+00
     16.199    11.0596   3.626878    32.1849        785     3.2667  0.000e+00
     16.154    11.0588   3.628106    32.1977        786     3.2708  0.000e+00
     16.105    11.0615   3.627791    32.1922        787     3.2750  0.000e+00
     16.049    11.0646   3.629012    32.2017        788     3.2792  0.000e+00
     15.991    11.0695   3.629083    32.1981        789     3.2833  0.000e+00
     15.941    11.0739   3.629333    32.1967        790     3.2875  0.000e+00
     15.891    11.0775   3.629597    32.1962        791     3.2917  0.000e+00
     15.851    11.0807   3.629642    32.1939        792     3.2958  0.000e+00
     15.820    11.0834   3.629687    32.1919        793     3.3000  0.000e+00
     15.795    11.0852   3.629732    32.1908        794     3.3042  0.000e+00
     15.773    11.0864   3.629931    32.1917        795     3.3083  0.000e+00
     15.764    11.0874   3.629841    32.1899        796     3.3125  0.000e+00
     15.747    11.0879   3.629732    32.1884        797     3.3167  0.000e+00
     15.727    11.0879   3.629584    32.1870        798     3.3208  0.000e+00
     15.714    11.0873   3.629552    32.1872        799     3.3250  0.000e+00
     15.689    11.0866   3.629622    32.1885        800     3.3292  0.000e+00
     15.662    11.0861   3.629597    32.1887        801     3.3333  0.000e+00
     15.633    11.0863   3.630137    32.1939        802     3.3375  0.000e+00
     15.597    11.0876   3.630246    32.1938        803     3.3417  0.000e+00
     15.555    11.0899   3.630600    32.1953        804     3.3458  0.000e+00
     15.506    11.0926   3.630246    32.1895        805     3.3500  0.000e+00
     15.457    11.0935   3.630291    32.1891        806     3.3542  0.000e+00
     15.404    11.0938   3.630805    32.1940        807     3.3583  0.000e+00
     15.341    11.0966   3.630940    32.1929        808     3.3625  0.000e+00
     15.281    11.1006   3.630940    32.1895        809     3.3667  0.000e+00
     15.216    11.1042   3.630850    32.1854        810     3.3708  0.000e+00
     15.154    11.1070   3.630715    32.1817        811     3.3750  0.000e+00
     15.101    11.1084   3.630850    32.1818        812     3.3792  0.000e+00
     15.043    11.1095   3.631024    32.1826        813     3.3833  0.000e+00
     14.992    11.1100   3.630824    32.1801        814     3.3875  0.000e+00
     14.945    11.1104   3.630046    32.1722        815     3.3917  0.000e+00
     14.907    11.1099   3.629975    32.1719        816     3.3958  0.000e+00
     14.878    11.1091   3.629802    32.1709        817     3.4000  0.000e+00
     14.853    11.1084   3.629262    32.1662        818     3.4042  0.000e+00
     14.829    11.1070   3.628645    32.1614        819     3.4083  0.000e+00
     14.805    11.1050   3.625585    32.1331        820     3.4125  0.000e+00
     14.783    11.0983   3.624159    32.1248        821     3.4167  0.000e+00
     14.771    11.0890   3.623709    32.1286        822     3.4208  0.000e+00
     14.758    11.0815   3.623112    32.1292        823     3.4250  0.000e+00
     14.742    11.0758   3.622418    32.1274        824     3.4292  0.000e+00
     14.727    11.0715   3.622084    32.1279        825     3.4333  0.000e+00
     14.713    11.0688   3.622001    32.1294        826     3.4375  0.000e+00
     14.685    11.0675   3.622174    32.1322        827     3.4417  0.000e+00
     14.665    11.0684   3.622001    32.1297        828     3.4458  0.000e+00
     14.636    11.0713   3.621551    32.1228        829     3.4500  0.000e+00
     14.605    11.0740   3.621577    32.1207        830     3.4542  0.000e+00
