HB2503/sbe016.cnv
* Sea-Bird SBE 19plus V2 Data File:
* FileName = C:\cruise\data\sbe016.hex
* Software Version Seasave V 7.26.7.121
* Temperature SN = 6128
* Conductivity SN = 6128
* System UpLoad Time = May 29 2025 08:21:16
* NMEA Latitude = 38 58.47 N
* NMEA Longitude = 073 18.87 W
* NMEA UTC (Time) = May 29 2025  08:19:26
** Ship: Henry Bigelow
** Cruise:  HB2502
** Program:  Spring Bottom Trawl
# nquan = 7
# nvalues = 1505                                  
# units = specified
# name 0 = depSM: Depth [salt water, m]
# name 1 = tv290C: Temperature [ITS-90, deg C]
# name 2 = c0S/m: Conductivity [S/m]
# name 3 = sal00: Salinity, Practical [PSU]
# name 4 = scan: Scan Count
# name 5 = timeM: Time, Elapsed [minutes]
# name 6 = flag:  0.000e+00
# span 0 =     -0.082,     65.318                 
# span 1 =     7.0666,    14.5421                 
# span 2 =   0.009359,   3.904295                 
# span 3 =     0.0573,    33.4439                 
# span 4 =         11,       1515                 
# span 5 =     0.0417,     6.3083                 
# span 6 = 0.0000e+00, 0.0000e+00                 
# interval = seconds: 0.25
# start_time = May 29 2025 08:19:26 [NMEA time, header]
# bad_flag = -9.990e-29
*END*
[from data line 821]
     37.157     7.2554   3.338513    32.6531        832     3.4625  0.000e+00
     37.084     7.2197   3.336169    32.6614        833     3.4667  0.000e+00
     37.023     7.1908   3.334827    32.6742        834     3.4708  0.000e+00
     36.962     7.1689   3.334062    32.6867        835     3.4750  0.000e+00
     36.916     7.1534   3.331849    32.6773        836     3.4792  0.000e+00
     36.875     7.1388   3.330768    32.6794        837     3.4833  0.000e+00
     36.850     7.1259   3.330408    32.6877        838     3.4875  0.000e+00
     36.825     7.1172   3.330153    32.6932        839     3.4917  0.000e+00
     36.803     7.1116   3.330085    32.6978        840     3.4958  0.000e+00
     36.788     7.1082   3.330004    32.7001        841     3.5000  0.000e+00
     36.769     7.1065   3.330023    32.7020        842     3.5042  0.000e+00
     36.752     7.1059   3.330004    32.7023        843     3.5083  0.000e+00
     36.721     7.1059   3.329830    32.7004        844     3.5125  0.000e+00
     36.685     7.1060   3.329302    32.6946        845     3.5167  0.000e+00
     36.641     7.1054   3.328935    32.6912        846     3.5208  0.000e+00
     36.591     7.1038   3.328072    32.6833        847     3.5250  0.000e+00
     36.531     7.1010   3.326432    32.6682        848     3.5292  0.000e+00
     36.470     7.0953   3.325525    32.6637        849     3.5333  0.000e+00
     36.396     7.0886   3.325308    32.6677        850     3.5375  0.000e+00
     36.327     7.0833   3.323954    32.6580        851     3.5417  0.000e+00
     36.245     7.0795   3.323042    32.6517        852     3.5458  0.000e+00
     36.173     7.0761   3.321899    32.6426        853     3.5500  0.000e+00
     36.093     7.0721   3.321806    32.6453        854     3.5542  0.000e+00
     36.019     7.0692   3.321812    32.6482        855     3.5583  0.000e+00
     35.943     7.0674   3.321899    32.6509        856     3.5625  0.000e+00
     35.868     7.0666   3.322123    32.6542        857     3.5667  0.000e+00
     35.798     7.0671   3.322427    32.6570        858     3.5708  0.000e+00
     35.737     7.0686   3.322830    32.6600        859     3.5750  0.000e+00
     35.671     7.0714   3.323476    32.6644        860     3.5792  0.000e+00
     35.615     7.0757   3.324165    32.6678        861     3.5833  0.000e+00
     35.552     7.0814   3.324780    32.6692        862     3.5875  0.000e+00
     35.497     7.0878   3.325326    32.6692        863     3.5917  0.000e+00
     35.441     7.0942   3.325817    32.6685        864     3.5958  0.000e+00
     35.381     7.1004   3.326326    32.6682        865     3.6000  0.000e+00
     35.323     7.1062   3.326655    32.6662        866     3.6042  0.000e+00
     35.254     7.1114   3.326984    32.6649        867     3.6083  0.000e+00
     35.178     7.1163   3.327767    32.6688        868     3.6125  0.000e+00
     35.096     7.1218   3.328810    32.6750        869     3.6167  0.000e+00
     35.006     7.1296   3.329618    32.6765        870     3.6208  0.000e+00
     34.916     7.1386   3.330668    32.6795        871     3.6250  0.000e+00
     34.818     7.1483   3.331637    32.6808        872     3.6292  0.000e+00
     34.713     7.1587   3.332383    32.6792        873     3.6333  0.000e+00
     34.606     7.1687   3.333377    32.6805        874     3.6375  0.000e+00
     34.493     7.1784   3.334036    32.6785        875     3.6417  0.000e+00
     34.390     7.1877   3.335112    32.6815        876     3.6458  0.000e+00
     34.291     7.1976   3.336231    32.6844        877     3.6500  0.000e+00
     34.203     7.2080   3.337188    32.6850        878     3.6542  0.000e+00
     34.127     7.2186   3.337885    32.6825        879     3.6583  0.000e+00
     34.054     7.2284   3.338469    32.6796        880     3.6625  0.000e+00
     33.989     7.2371   3.339035    32.6776        881     3.6667  0.000e+00
     33.926     7.2447   3.339470    32.6752        882     3.6708  0.000e+00
     33.866     7.2513   3.339956    32.6742        883     3.6750  0.000e+00
     33.811     7.2573   3.340435    32.6738        884     3.6792  0.000e+00
     33.751     7.2627   3.340789    32.6726        885     3.6833  0.000e+00
     33.689     7.2678   3.341729    32.6779        886     3.6875  0.000e+00
     33.624     7.2741   3.343458    32.6907        887     3.6917  0.000e+00
     33.553     7.2841   3.344865    32.6966        888     3.6958  0.000e+00
     33.471     7.2968   3.345848    32.6953        889     3.7000  0.000e+00
     33.388     7.3093   3.346788    32.6938        890     3.7042  0.000e+00
     33.292     7.3211   3.347915    32.6948        891     3.7083  0.000e+00
     33.187     7.3330   3.348967    32.6950        892     3.7125  0.000e+00
     33.073     7.3449   3.350356    32.6989        893     3.7167  0.000e+00
     32.962     7.3577   3.353527    32.7211        894     3.7208  0.000e+00
     32.848     7.3769   3.355452    32.7239        895     3.7250  0.000e+00
     32.739     7.3994   3.357415    32.7239        896     3.7292  0.000e+00
     32.639     7.4214   3.358687    32.7170        897     3.7333  0.000e+00
     32.553     7.4412   3.359653    32.7088        898     3.7375  0.000e+00
     32.462     7.4580   3.360232    32.6992        899     3.7417  0.000e+00
     32.388     7.4712   3.360875    32.6937        900     3.7458  0.000e+00
     32.322     7.4817   3.361779    32.6936        901     3.7500  0.000e+00
     32.259     7.4915   3.362939    32.6969        902     3.7542  0.000e+00
     32.198     7.5021   3.364249    32.7011        903     3.7583  0.000e+00
     32.134     7.5142   3.366058    32.7093        904     3.7625  0.000e+00
     32.065     7.5289   3.368616    32.7230        905     3.7667  0.000e+00
     31.994     7.5475   3.371307    32.7345        906     3.7708  0.000e+00
     31.909     7.5701   3.373611    32.7381        907     3.7750  0.000e+00
     31.817     7.5944   3.376977    32.7514        908     3.7792  0.000e+00
     31.710     7.6216   3.381327    32.7726        909     3.7833  0.000e+00
     31.594     7.6544   3.385240    32.7839        910     3.7875  0.000e+00
     31.458     7.6916   3.391408    32.8151        911     3.7917  0.000e+00
     31.319     7.7364   3.398539    32.8495        912     3.7958  0.000e+00
     31.174     7.7924   3.400217    32.8148        913     3.8000  0.000e+00
     31.020     7.8417   3.399365    32.7594        914     3.8042  0.000e+00
     30.872     7.8729   3.403180    32.7709        915     3.8083  0.000e+00
     30.724     7.9026   3.410484    32.8212        916     3.8125  0.000e+00
     30.579     7.9500   3.417718    32.8540        917     3.8167  0.000e+00
     30.441     8.0114   3.427365    32.8992        918     3.8208  0.000e+00
     30.312     8.0863   3.431324    32.8710        919     3.8250  0.000e+00
     30.200     8.1590   3.431625    32.8061        920     3.8292  0.000e+00
     30.091     8.2137   3.432133    32.7605        921     3.8333  0.000e+00
     29.997     8.2508   3.433585    32.7413        922     3.8375  0.000e+00
     29.903     8.2791   3.436309    32.7439        923     3.8417  0.000e+00
     29.832     8.3065   3.439404    32.7510        924     3.8458  0.000e+00
     29.780     8.3345   3.441373    32.7458        925     3.8500  0.000e+00
     29.727     8.3618   3.442443    32.7317        926     3.8542  0.000e+00
     29.696     8.3840   3.443331    32.7204        927     3.8583  0.000e+00
     29.684     8.4015   3.443954    32.7108        928     3.8625  0.000e+00
     29.680     8.4145   3.444080    32.7000        929     3.8667  0.000e+00
     29.691     8.4232   3.444300    32.6943        930     3.8708  0.000e+00
     29.696     8.4292   3.444249    32.6882        931     3.8750  0.000e+00
     29.716     8.4330   3.443909    32.6810        932     3.8792  0.000e+00
     29.712     8.4339   3.443481    32.6757        933     3.8833  0.000e+00
     29.707     8.4326   3.443116    32.6731        934     3.8875  0.000e+00
     29.681     8.4298   3.443815    32.6831        935     3.8917  0.000e+00
     29.632     8.4295   3.445861    32.7049        936     3.8958  0.000e+00
     29.565     8.4371   3.448047    32.7209        937     3.9000  0.000e+00
     29.478     8.4519   3.451354    32.7421        938     3.9042  0.000e+00
     29.356     8.4740   3.456674    32.7776        939     3.9083  0.000e+00
     29.210     8.5089   3.461253    32.7935        940     3.9125  0.000e+00
     29.052     8.5514   3.465859    32.8024        941     3.9167  0.000e+00
     28.873     8.5987   3.475521    32.8601        942     3.9208  0.000e+00
     28.692     8.6650   3.507299    33.1319        943     3.9250  0.000e+00
     28.504     8.8131   3.533108    33.2636        944     3.9292  0.000e+00
     28.331     9.0362   3.540728    33.1345        945     3.9333  0.000e+00
     28.154     9.2346   3.548821    33.0343        946     3.9375  0.000e+00
     27.989     9.3926   3.552623    32.9278        947     3.9417  0.000e+00
     27.834     9.5092   3.556957    32.8654        948     3.9458  0.000e+00
     27.694     9.5974   3.559437    32.8101        949     3.9500  0.000e+00
     27.571     9.6629   3.560075    32.7569        950     3.9542  0.000e+00
     27.459     9.7073   3.561624    32.7324        951     3.9583  0.000e+00
     27.364     9.7393   3.564349    32.7311        952     3.9625  0.000e+00
     27.286     9.7686   3.565249    32.7136        953     3.9667  0.000e+00
     27.228     9.7932   3.566602    32.7052        954     3.9708  0.000e+00
     27.181     9.8132   3.567846    32.6997        955     3.9750  0.000e+00
     27.132     9.8301   3.567801    32.6839        956     3.9792  0.000e+00
     27.097     9.8417   3.567782    32.6732        957     3.9833  0.000e+00
     27.066     9.8482   3.567827    32.6678        958     3.9875  0.000e+00
     27.034     9.8521   3.568638    32.6725        959     3.9917  0.000e+00
     27.003     9.8569   3.571326    32.6956        960     3.9958  0.000e+00
     26.961     9.8691   3.573185    32.7034        961     4.0000  0.000e+00
     26.905     9.8873   3.572993    32.6850        962     4.0042  0.000e+00
     26.841     9.9004   3.573868    32.6820        963     4.0083  0.000e+00
     26.767     9.9110   3.575446    32.6885        964     4.0125  0.000e+00
     26.685     9.9239   3.577990    32.7027        965     4.0167  0.000e+00
     26.585     9.9420   3.580010    32.7069        966     4.0208  0.000e+00
     26.476     9.9645   3.584710    32.7343        967     4.0250  0.000e+00
     26.366     9.9956   3.590520    32.7651        968     4.0292  0.000e+00
     26.245    10.0411   3.593253    32.7516        969     4.0333  0.000e+00
     26.123    10.0881   3.595987    32.7368        970     4.0375  0.000e+00
     26.004    10.1299   3.601490    32.7546        971     4.0417  0.000e+00
     25.881    10.1769   3.603413    32.7316        972     4.0458  0.000e+00
     25.755    10.2203   3.605912    32.7177        973     4.0500  0.000e+00
     25.636    10.2584   3.607688    32.7013        974     4.0542  0.000e+00
     25.520    10.2911   3.608349    32.6786        975     4.0583  0.000e+00
     25.404    10.3162   3.611254    32.6853        976     4.0625  0.000e+00
     25.288    10.3417   3.615226    32.7024        977     4.0667  0.000e+00
     25.172    10.3766   3.628831    32.8078        978     4.0708  0.000e+00
     25.056    10.4484   3.643743    32.8928        979     4.0750  0.000e+00
     24.940    10.5627   3.655809    32.9106        980     4.0792  0.000e+00
     24.830    10.6965   3.667666    32.9085        981     4.0833  0.000e+00
     24.721    10.8372   3.682253    32.9272        982     4.0875  0.000e+00
     24.611    10.9893   3.697536    32.9425        983     4.0917  0.000e+00
     24.508    11.1496   3.710841    32.9305        984     4.0958  0.000e+00
     24.408    11.3074   3.717879    32.8589        985     4.1000  0.000e+00
     24.303    11.4423   3.724539    32.8044        986     4.1042  0.000e+00
     24.197    11.5562   3.733064    32.7869        987     4.1083  0.000e+00
     24.089    11.6612   3.737973    32.7421        988     4.1125  0.000e+00
     23.979    11.7523   3.740385    32.6854        989     4.1167  0.000e+00
     23.865    11.8221   3.743183    32.6512        990     4.1208  0.000e+00
     23.747    11.8774   3.746587    32.6358        991     4.1250  0.000e+00
     23.628    11.9268   3.752989    32.6546        992     4.1292  0.000e+00
     23.506    11.9825   3.761267    32.6859        993     4.1333  0.000e+00
     23.379    12.0573   3.772065    32.7248        994     4.1375  0.000e+00
     23.247    12.1505   3.779000    32.7101        995     4.1417  0.000e+00
     23.116    12.2487   3.781711    32.6505        996     4.1458  0.000e+00
     22.982    12.3283   3.782984    32.5934        997     4.1500  0.000e+00
     22.855    12.3845   3.790019    32.6120        998     4.1542  0.000e+00
     22.736    12.4438   3.794487    32.6034        999     4.1583  0.000e+00
     22.623    12.5050   3.797969    32.5836       1000     4.1625  0.000e+00
     22.514    12.5602   3.800037    32.5556       1001     4.1667  0.000e+00
     22.413    12.6059   3.802368    32.5383       1002     4.1708  0.000e+00
     22.328    12.6436   3.803763    32.5191       1003     4.1750  0.000e+00
     22.243    12.6747   3.804542    32.4998       1004     4.1792  0.000e+00
     22.172    12.6974   3.805793    32.4920       1005     4.1833  0.000e+00
     22.106    12.7157   3.806252    32.4807       1006     4.1875  0.000e+00
     22.041    12.7299   3.807726    32.4825       1007     4.1917  0.000e+00
     21.974    12.7440   3.808093    32.4738       1008     4.1958  0.000e+00
     21.913    12.7563   3.808270    32.4650       1009     4.2000  0.000e+00
     21.847    12.7638   3.809600    32.4712       1010     4.2042  0.000e+00
     21.784    12.7735   3.810990    32.4761       1011     4.2083  0.000e+00
     21.715    12.7843   3.810504    32.4622       1012     4.2125  0.000e+00
     21.630    12.7926   3.811199    32.4617       1013     4.2167  0.000e+00
     21.550    12.7979   3.811088    32.4561       1014     4.2208  0.000e+00
     21.467    12.8019   3.812268    32.4639       1015     4.2250  0.000e+00
     21.386    12.8092   3.813946    32.4735       1016     4.2292  0.000e+00
     21.304    12.8211   3.814989    32.4732       1017     4.2333  0.000e+00
     21.222    12.8342   3.814831    32.4605       1018     4.2375  0.000e+00
     21.145    12.8433   3.815507    32.4592       1019     4.2417  0.000e+00
     21.067    12.8506   3.815684    32.4546       1020     4.2458  0.000e+00
     20.985    12.8566   3.815887    32.4514       1021     4.2500  0.000e+00
     20.896    12.8608   3.816156    32.4504       1022     4.2542  0.000e+00
     20.804    12.8647   3.816136    32.4468       1023     4.2583  0.000e+00
     20.695    12.8674   3.816431    32.4474       1024     4.2625  0.000e+00
     20.575    12.8691   3.816471    32.4463       1025     4.2667  0.000e+00
     20.441    12.8710   3.817973    32.4590       1026     4.2708  0.000e+00
     20.309    12.8767   3.819226    32.4660       1027     4.2750  0.000e+00
     20.166    12.8878   3.819154    32.4558       1028     4.2792  0.000e+00
     20.025    12.8969   3.820584    32.4617       1029     4.2833  0.000e+00
     19.878    12.9065   3.820505    32.4527       1030     4.2875  0.000e+00
     19.740    12.9150   3.820964    32.4498       1031     4.2917  0.000e+00
     19.608    12.9213   3.821076    32.4455       1032     4.2958  0.000e+00
     19.499    12.9263   3.822165    32.4516       1033     4.3000  0.000e+00
     19.401    12.9331   3.822782    32.4516       1034     4.3042  0.000e+00
     19.320    12.9412   3.822703    32.4439       1035     4.3083  0.000e+00
