HB2503/sbe066.cnv
* Sea-Bird SBE 19plus V2 Data File:
* FileName = C:\cruise\data\sbe066.hex
* Software Version Seasave V 7.26.7.121
* Temperature SN = 6128
* Conductivity SN = 6128
* System UpLoad Time = Jun 03 2025 07:36:11
* NMEA Latitude = 42 00.77 N
* NMEA Longitude = 069 51.82 W
* NMEA UTC (Time) = Jun 03 2025  07:34:26
** Ship: Henry Bigelow
** Cruise:  HB2502
** Program:  Spring Bottom Trawl
# nquan = 7
# nvalues = 2654                                  
# units = specified
# name 0 = depSM: Depth [salt water, m]
# name 1 = tv290C: Temperature [ITS-90, deg C]
# name 2 = c0S/m: Conductivity [S/m]
# name 3 = sal00: Salinity, Practical [PSU]
# name 4 = scan: Scan Count
# name 5 = timeM: Time, Elapsed [minutes]
# name 6 = flag:  0.000e+00
# span 0 =     -0.112,     83.356                 
# span 1 =     5.1015,    11.6344                 
# span 2 =   0.005356,   3.533446                 
# span 3 =     0.0358,    32.4706                 
# span 4 =         11,       2664                 
# span 5 =     0.0417,    11.0958                 
# span 6 = 0.0000e+00, 0.0000e+00                 
# interval = seconds: 0.25
# start_time = Jun 03 2025 07:34:26 [NMEA time, header]
# bad_flag = -9.990e-29
*END*
      0.189    11.6220   0.006501     0.0428         11     0.0417  0.000e+00
      0.182    11.6227   0.006495     0.0427         12     0.0458  0.000e+00
      0.179    11.6225   0.006495     0.0427         13     0.0500  0.000e+00
      0.188    11.6231   0.006507     0.0428         14     0.0542  0.000e+00
      0.185    11.6236   0.006501     0.0428         15     0.0583  0.000e+00
      0.179    11.6232   0.006501     0.0428         16     0.0625  0.000e+00
      0.174    11.6239   0.006501     0.0428         17     0.0667  0.000e+00
      0.176    11.6233   0.006501     0.0428         18     0.0708  0.000e+00
      0.178    11.6237   0.006501     0.0428         19     0.0750  0.000e+00
      0.176    11.6236   0.006495     0.0427         20     0.0792  0.000e+00
      0.173    11.6236   0.006501     0.0428         21     0.0833  0.000e+00
      0.173    11.6234   0.006501     0.0428         22     0.0875  0.000e+00
      0.173    11.6242   0.006507     0.0428         23     0.0917  0.000e+00
      0.171    11.6239   0.006501     0.0428         24     0.0958  0.000e+00
      0.171    11.6232   0.006507     0.0428         25     0.1000  0.000e+00
      0.171    11.6231   0.006501     0.0428         26     0.1042  0.000e+00
      0.169    11.6236   0.006501     0.0428         27     0.1083  0.000e+00
      0.166    11.6233   0.006501     0.0428         28     0.1125  0.000e+00
      0.165    11.6233   0.006495     0.0427         29     0.1167  0.000e+00
      0.166    11.6237   0.006495     0.0427         30     0.1208  0.000e+00
      0.165    11.6235   0.006495     0.0427         31     0.1250  0.000e+00
      0.167    11.6236   0.006495     0.0427         32     0.1292  0.000e+00
      0.165    11.6232   0.006501     0.0428         33     0.1333  0.000e+00
      0.162    11.6242   0.006507     0.0428         34     0.1375  0.000e+00
      0.162    11.6237   0.006501     0.0428         35     0.1417  0.000e+00
      0.160    11.6235   0.006495     0.0427         36     0.1458  0.000e+00
      0.154    11.6242   0.006507     0.0428         37     0.1500  0.000e+00
      0.155    11.6243   0.006501     0.0428         38     0.1542  0.000e+00
      0.164    11.6233   0.006507     0.0428         39     0.1583  0.000e+00
      0.162    11.6235   0.006507     0.0428         40     0.1625  0.000e+00
      0.162    11.6240   0.006510     0.0428         41     0.1667  0.000e+00
      0.157    11.6242   0.006513     0.0428         42     0.1708  0.000e+00
      0.160    11.6247   0.006513     0.0428         43     0.1750  0.000e+00
      0.164    11.6258   0.006510     0.0428         44     0.1792  0.000e+00
      0.158    11.6258   0.006513     0.0428         45     0.1833  0.000e+00
      0.154    11.6267   0.006510     0.0428         46     0.1875  0.000e+00
      0.157    11.6277   0.005356     0.0358         47     0.1917  0.000e+00
      0.160    11.6283   0.006519     0.0429         48     0.1958  0.000e+00
      0.160    11.6282   0.006516     0.0429         49     0.2000  0.000e+00
      0.153    11.6283   0.006519     0.0429         50     0.2042  0.000e+00
      0.157    11.6284   0.006507     0.0428         51     0.2083  0.000e+00
      0.158    11.6289   0.006516     0.0429         52     0.2125  0.000e+00
      0.160    11.6290   0.006519     0.0429         53     0.2167  0.000e+00
      0.151    11.6285   0.006519     0.0429         54     0.2208  0.000e+00
      0.157    11.6291   0.006516     0.0429         55     0.2250  0.000e+00
      0.157    11.6283   0.006513     0.0428         56     0.2292  0.000e+00
      0.162    11.6282   0.006519     0.0429         57     0.2333  0.000e+00
      0.158    11.6287   0.006516     0.0429         58     0.2375  0.000e+00
      0.155    11.6284   0.006513     0.0428         59     0.2417  0.000e+00
      0.161    11.6278   0.006519     0.0429         60     0.2458  0.000e+00
      0.164    11.6284   0.006522     0.0429         61     0.2500  0.000e+00
      0.157    11.6283   0.006519     0.0429         62     0.2542  0.000e+00
      0.157    11.6284   0.006525     0.0429         63     0.2583  0.000e+00
      0.151    11.6286   0.006516     0.0429         64     0.2625  0.000e+00
      0.155    11.6282   0.006519     0.0429         65     0.2667  0.000e+00
      0.158    11.6279   0.006519     0.0429         66     0.2708  0.000e+00
      0.155    11.6274   0.006522     0.0429         67     0.2750  0.000e+00
      0.157    11.6285   0.006525     0.0429         68     0.2792  0.000e+00
      0.157    11.6281   0.006525     0.0429         69     0.2833  0.000e+00
      0.162    11.6275   0.006525     0.0429         70     0.2875  0.000e+00
      0.153    11.6286   0.006537     0.0430         71     0.2917  0.000e+00
      0.144    11.6290   0.006537     0.0430         72     0.2958  0.000e+00
      0.142    11.6297   0.006525     0.0429         73     0.3000  0.000e+00
      0.157    11.6302   0.006519     0.0429         74     0.3042  0.000e+00
      0.157    11.6309   0.006525     0.0429         75     0.3083  0.000e+00
      0.195    11.6334   1.009942     7.8523         76     0.3125  0.000e+00
      0.280    11.6344   2.793782    23.7499         77     0.3167  0.000e+00
      0.340    11.5987   3.250048    28.0910         78     0.3208  0.000e+00
      0.403    11.5851   3.416858    29.7030         79     0.3250  0.000e+00
      0.531    11.5863   3.509660    30.5981         80     0.3292  0.000e+00
      0.712    11.5597   3.428006    29.8308         81     0.3333  0.000e+00
      0.904    11.5045   3.529183    30.8550         82     0.3375  0.000e+00
      1.092    11.4422   3.525891    30.8750         83     0.3417  0.000e+00
      1.292    11.3769   3.520987    30.8817         84     0.3458  0.000e+00
      1.496    11.3187   3.518943    30.9104         85     0.3500  0.000e+00
      1.699    11.2705   3.517286    30.9345         86     0.3542  0.000e+00
      1.898    11.2318   3.516836    30.9625         87     0.3583  0.000e+00
      2.110    11.2028   3.516170    30.9803         88     0.3625  0.000e+00
      2.314    11.1808   3.515592    30.9931         89     0.3667  0.000e+00
      2.508    11.1604   3.515954    31.0138         90     0.3708  0.000e+00
      2.689    11.1419   3.515955    31.0292         91     0.3750  0.000e+00
      2.848    11.1257   3.516260    31.0459         92     0.3792  0.000e+00
      2.962    11.1108   3.516539    31.0611         93     0.3833  0.000e+00
      3.070    11.0950   3.516762    31.0766         94     0.3875  0.000e+00
      3.159    11.0789   3.509407    31.0180         95     0.3917  0.000e+00
      3.242    11.0648   3.469566    30.6391         96     0.3958  0.000e+00
      3.344    11.0532   3.418528    30.1491         97     0.4000  0.000e+00
      3.460    11.0436   3.374713    29.7287         98     0.4042  0.000e+00
      3.584    11.0389   3.421027    30.1852         99     0.4083  0.000e+00
      3.714    11.0370   3.459412    30.5626        100     0.4125  0.000e+00
      3.857    11.0390   3.524352    31.1982        101     0.4167  0.000e+00
      4.000    11.0503   3.525026    31.1952        102     0.4208  0.000e+00
      4.141    11.0615   3.526424    31.1994        103     0.4250  0.000e+00
      4.268    11.0697   3.527739    31.2053        104     0.4292  0.000e+00
      4.413    11.0749   3.527460    31.1980        105     0.4333  0.000e+00
      4.558    11.0750   3.527237    31.1957        106     0.4375  0.000e+00
      4.697    11.0708   3.526900    31.1959        107     0.4417  0.000e+00
      4.833    11.0664   3.526297    31.1936        108     0.4458  0.000e+00
      4.972    11.0611   3.525089    31.1863        109     0.4500  0.000e+00
      5.102    11.0493   3.523730    31.1828        110     0.4542  0.000e+00
      5.225    11.0312   3.523235    31.1933        111     0.4583  0.000e+00
      5.347    11.0074   3.523038    31.2115        112     0.4625  0.000e+00
      5.455    10.9825   3.523064    31.2329        113     0.4667  0.000e+00
      5.556    10.9583   3.523172    31.2546        114     0.4708  0.000e+00
      5.656    10.9345   3.523363    31.2766        115     0.4750  0.000e+00
      5.746    10.9115   3.523668    31.2992        116     0.4792  0.000e+00
      5.844    10.8896   3.524316    31.3243        117     0.4833  0.000e+00
      5.947    10.8700   3.525353    31.3512        118     0.4875  0.000e+00
      6.052    10.8541   3.527444    31.3854        119     0.4917  0.000e+00
      6.158    10.8486   3.529669    31.4122        120     0.4958  0.000e+00
      6.272    10.8484   3.530616    31.4216        121     0.5000  0.000e+00
      6.392    10.8448   3.530661    31.4251        122     0.5042  0.000e+00
      6.517    10.8377   3.530680    31.4313        123     0.5083  0.000e+00
      6.647    10.8321   3.531004    31.4393        124     0.5125  0.000e+00
      6.781    10.8406   3.531443    31.4363        125     0.5167  0.000e+00
      6.907    10.8652   3.532409    31.4247        126     0.5208  0.000e+00
      7.043    10.8839   3.533363    31.4180        127     0.5250  0.000e+00
      7.164    10.8882   3.533446    31.4150        128     0.5292  0.000e+00
      7.282    10.8802   3.531246    31.4001        129     0.5333  0.000e+00
      7.392    10.8583   3.527552    31.3824        130     0.5375  0.000e+00
      7.490    10.8171   3.524464    31.3871        131     0.5417  0.000e+00
      7.582    10.7650   3.522679    31.4141        132     0.5458  0.000e+00
      7.665    10.7139   3.522096    31.4522        133     0.5500  0.000e+00
      7.744    10.6663   3.522401    31.4962        134     0.5542  0.000e+00
      7.820    10.6306   3.523755    31.5405        135     0.5583  0.000e+00
      7.903    10.6113   3.527663    31.5960        136     0.5625  0.000e+00
      7.987    10.6054   3.529691    31.6212        137     0.5667  0.000e+00
      8.082    10.5975   3.530664    31.6377        138     0.5708  0.000e+00
      8.176    10.6114   3.531402    31.6329        139     0.5750  0.000e+00
      8.281    10.6857   3.531979    31.5744        140     0.5792  0.000e+00
      8.343    10.7793   3.530707    31.4810        141     0.5833  0.000e+00
      8.370    10.8447   3.525500    31.3733        142     0.5875  0.000e+00
      8.314    10.8320   3.501080    31.1430        143     0.5917  0.000e+00
      8.226    10.6728   3.486360    31.1329        144     0.5958  0.000e+00
      8.146    10.4489   3.479513    31.2564        145     0.6000  0.000e+00
      8.086    10.2496   3.477076    31.4038        146     0.6042  0.000e+00
      8.028    10.0996   3.474998    31.5132        147     0.6083  0.000e+00
      7.967     9.9886   3.473110    31.5910        148     0.6125  0.000e+00
      7.906     9.9113   3.473389    31.6615        149     0.6167  0.000e+00
      7.852     9.8639   3.475279    31.7224        150     0.6208  0.000e+00
      7.799     9.8442   3.477377    31.7610        151     0.6250  0.000e+00
      7.747     9.8432   3.478584    31.7742        152     0.6292  0.000e+00
      7.694     9.8519   3.479545    31.7762        153     0.6333  0.000e+00
      7.642     9.8649   3.480582    31.7753        154     0.6375  0.000e+00
      7.586     9.8832   3.482320    31.7768        155     0.6417  0.000e+00
      7.526     9.9071   3.484237    31.7752        156     0.6458  0.000e+00
      7.478     9.9353   3.485837    31.7666        157     0.6500  0.000e+00
      7.430     9.9614   3.486494    31.7503        158     0.6542  0.000e+00
      7.368     9.9847   3.488120    31.7463        159     0.6583  0.000e+00
      7.328    10.0087   3.489601    31.7402        160     0.6625  0.000e+00
      7.292    10.0321   3.490797    31.7317        161     0.6667  0.000e+00
      7.274    10.0521   3.491822    31.7246        162     0.6708  0.000e+00
      7.274    10.0683   3.492569    31.7179        163     0.6750  0.000e+00
      7.275    10.0808   3.493367    31.7149        164     0.6792  0.000e+00
      7.297    10.0907   3.493759    31.7102        165     0.6833  0.000e+00
      7.322    10.0987   3.494361    31.7093        166     0.6875  0.000e+00
      7.353    10.1051   3.494633    31.7064        167     0.6917  0.000e+00
      7.396    10.1106   3.494873    31.7040        168     0.6958  0.000e+00
      7.440    10.1142   3.494848    31.7005        169     0.7000  0.000e+00
      7.487    10.1142   3.494506    31.6971        170     0.7042  0.000e+00
      7.534    10.1121   3.494056    31.6944        171     0.7083  0.000e+00
      7.585    10.1071   3.493683    31.6949        172     0.7125  0.000e+00
      7.637    10.0952   3.492461    31.6930        173     0.7167  0.000e+00
      7.682    10.0778   3.490879    31.6923        174     0.7208  0.000e+00
      7.733    10.0540   3.489474    31.6990        175     0.7250  0.000e+00
      7.778    10.0272   3.488455    31.7122        176     0.7292  0.000e+00
      7.829    10.0022   3.488139    31.7309        177     0.7333  0.000e+00
      7.898     9.9803   3.488582    31.7546        178     0.7375  0.000e+00
      7.970     9.9620   3.489690    31.7818        179     0.7417  0.000e+00
      8.052     9.9487   3.490842    31.8052        180     0.7458  0.000e+00
      8.133     9.9407   3.492495    31.8289        181     0.7500  0.000e+00
      8.220     9.9359   3.496921    31.8779        182     0.7542  0.000e+00
      8.306     9.9371   3.501692    31.9252        183     0.7583  0.000e+00
      8.395     9.9380   3.502161    31.9290        184     0.7625  0.000e+00
      8.486     9.9376   3.504057    31.9486        185     0.7667  0.000e+00
      8.587     9.9523   3.505198    31.9470        186     0.7708  0.000e+00
      8.683     9.9764   3.505737    31.9311        187     0.7750  0.000e+00
      8.781    10.0104   3.506034    31.9041        188     0.7792  0.000e+00
      8.880    10.0449   3.506123    31.8744        189     0.7833  0.000e+00
      8.980    10.0773   3.506376    31.8484        190     0.7875  0.000e+00
      9.085    10.1067   3.506439    31.8232        191     0.7917  0.000e+00
      9.188    10.1309   3.506268    31.8002        192     0.7958  0.000e+00
      9.289    10.1500   3.505906    31.7797        193     0.8000  0.000e+00
      9.401    10.1671   3.505519    31.7608        194     0.8042  0.000e+00
      9.508    10.1833   3.505589    31.7472        195     0.8083  0.000e+00
      9.618    10.1956   3.505690    31.7374        196     0.8125  0.000e+00
      9.727    10.2035   3.505950    31.7330        197     0.8167  0.000e+00
      9.832    10.2093   3.506438    31.7329        198     0.8208  0.000e+00
      9.938    10.2141   3.507554    31.7399        199     0.8250  0.000e+00
     10.036    10.2191   3.508747    31.7473        200     0.8292  0.000e+00
     10.128    10.2244   3.509400    31.7493        201     0.8333  0.000e+00
     10.224    10.2289   3.509229    31.7436        202     0.8375  0.000e+00
     10.313    10.2324   3.509590    31.7441        203     0.8417  0.000e+00
     10.396    10.2361   3.510129    31.7462        204     0.8458  0.000e+00
     10.479    10.2397   3.510776    31.7496        205     0.8500  0.000e+00
     10.555    10.2429   3.511221    31.7512        206     0.8542  0.000e+00
     10.630    10.2457   3.512337    31.7599        207     0.8583  0.000e+00
     10.711    10.2483   3.513416    31.7684        208     0.8625  0.000e+00
     10.793    10.2499   3.513759    31.7705        209     0.8667  0.000e+00
     10.880    10.2391   3.513949    31.7818        210     0.8708  0.000e+00
     10.968    10.2059   3.514508    31.8164        211     0.8750  0.000e+00
     11.068    10.1550   3.515480    31.8709        212     0.8792  0.000e+00
     11.169    10.1211   3.516103    31.9070        213     0.8833  0.000e+00
     11.278    10.1075   3.516706    31.9250        214     0.8875  0.000e+00
     11.383    10.1082   3.516553    31.9228        215     0.8917  0.000e+00
