HB2503/sbe040.cnv
* Sea-Bird SBE 19plus V2 Data File:
* FileName = C:\cruise\data\sbe040.hex
* Software Version Seasave V 7.26.7.121
* Temperature SN = 6128
* Conductivity SN = 6128
* System UpLoad Time = May 31 2025 15:53:21
* NMEA Latitude = 41 04.98 N
* NMEA Longitude = 071 19.68 W
* NMEA UTC (Time) = May 31 2025  15:51:33
** Ship: Henry Bigelow
** Cruise:  HB2502
** Program:  Spring Bottom Trawl
# nquan = 7
# nvalues = 1214                                  
# units = specified
# name 0 = depSM: Depth [salt water, m]
# name 1 = tv290C: Temperature [ITS-90, deg C]
# name 2 = c0S/m: Conductivity [S/m]
# name 3 = sal00: Salinity, Practical [PSU]
# name 4 = scan: Scan Count
# name 5 = timeM: Time, Elapsed [minutes]
# name 6 = flag:  0.000e+00
# span 0 =     -0.328,     36.966                 
# span 1 =     9.2512,    17.2901                 
# span 2 =   0.004841,   3.977233                 
# span 3 =     0.0308,    33.1326                 
# span 4 =         11,       1224                 
# span 5 =     0.0417,     5.0958                 
# span 6 = 0.0000e+00, 0.0000e+00                 
# interval = seconds: 0.25
# start_time = May 31 2025 15:51:33 [NMEA time, header]
# bad_flag = -9.990e-29
*END*
[from data line 411]
     36.477     9.2612   3.498649    32.4879        422     1.7542  0.000e+00
     36.450     9.2607   3.498630    32.4882        423     1.7583  0.000e+00
     36.423     9.2603   3.498605    32.4882        424     1.7625  0.000e+00
     36.394     9.2598   3.498567    32.4883        425     1.7667  0.000e+00
     36.359     9.2594   3.498478    32.4878        426     1.7708  0.000e+00
     36.312     9.2589   3.498326    32.4867        427     1.7750  0.000e+00
     36.247     9.2577   3.498129    32.4858        428     1.7792  0.000e+00
     36.167     9.2564   3.497965    32.4853        429     1.7833  0.000e+00
     36.073     9.2547   3.497857    32.4857        430     1.7875  0.000e+00
     35.972     9.2534   3.497749    32.4859        431     1.7917  0.000e+00
     35.865     9.2520   3.497775    32.4875        432     1.7958  0.000e+00
     35.761     9.2512   3.497927    32.4898        433     1.8000  0.000e+00
     35.660     9.2516   3.498262    32.4930        434     1.8042  0.000e+00
     35.580     9.2533   3.498326    32.4921        435     1.8083  0.000e+00
     35.514     9.2553   3.498351    32.4906        436     1.8125  0.000e+00
     35.470     9.2566   3.498376    32.4897        437     1.8167  0.000e+00
     35.457     9.2576   3.498478    32.4898        438     1.8208  0.000e+00
     35.464     9.2586   3.498756    32.4918        439     1.8250  0.000e+00
     35.509     9.2600   3.498820    32.4912        440     1.8292  0.000e+00
     35.575     9.2617   3.498668    32.4880        441     1.8333  0.000e+00
     35.654     9.2624   3.498509    32.4857        442     1.8375  0.000e+00
     35.738     9.2618   3.498604    32.4872        443     1.8417  0.000e+00
     35.821     9.2616   3.498566    32.4869        444     1.8458  0.000e+00
     35.891     9.2616   3.498478    32.4860        445     1.8500  0.000e+00
     35.936     9.2610   3.498649    32.4883        446     1.8542  0.000e+00
     35.971     9.2611   3.498668    32.4884        447     1.8583  0.000e+00
     35.967     9.2617   3.498757    32.4888        448     1.8625  0.000e+00
     35.933     9.2621   3.498541    32.4862        449     1.8667  0.000e+00
     35.866     9.2617   3.498395    32.4850        450     1.8708  0.000e+00
     35.765     9.2607   3.498262    32.4846        451     1.8750  0.000e+00
     35.640     9.2597   3.498585    32.4889        452     1.8792  0.000e+00
     35.493     9.2602   3.498864    32.4914        453     1.8833  0.000e+00
     35.330     9.2626   3.499352    32.4944        454     1.8875  0.000e+00
     35.160     9.2664   3.500176    32.4995        455     1.8917  0.000e+00
     34.985     9.2733   3.499890    32.4904        456     1.8958  0.000e+00
     34.816     9.2778   3.500511    32.4927        457     1.9000  0.000e+00
     34.664     9.2823   3.500612    32.4898        458     1.9042  0.000e+00
     34.541     9.2865   3.500745    32.4874        459     1.9083  0.000e+00
     34.447     9.2898   3.501075    32.4878        460     1.9125  0.000e+00
     34.387     9.2930   3.501297    32.4872        461     1.9167  0.000e+00
     34.360     9.2966   3.501493    32.4859        462     1.9208  0.000e+00
     34.359     9.3001   3.501575    32.4836        463     1.9250  0.000e+00
     34.382     9.3026   3.501747    32.4831        464     1.9292  0.000e+00
     34.442     9.3049   3.501772    32.4813        465     1.9333  0.000e+00
     34.518     9.3066   3.501772    32.4796        466     1.9375  0.000e+00
     34.600     9.3076   3.501493    32.4759        467     1.9417  0.000e+00
     34.677     9.3070   3.501512    32.4765        468     1.9458  0.000e+00
     34.752     9.3063   3.501347    32.4755        469     1.9500  0.000e+00
     34.809     9.3052   3.501297    32.4759        470     1.9542  0.000e+00
     34.849     9.3041   3.501151    32.4753        471     1.9583  0.000e+00
     34.878     9.3027   3.501214    32.4773        472     1.9625  0.000e+00
     34.880     9.3021   3.501107    32.4767        473     1.9667  0.000e+00
     34.858     9.3007   3.501031    32.4772        474     1.9708  0.000e+00
     34.807     9.2994   3.500657    32.4746        475     1.9750  0.000e+00
     34.724     9.2973   3.500422    32.4741        476     1.9792  0.000e+00
     34.619     9.2949   3.501088    32.4832        477     1.9833  0.000e+00
     34.501     9.2954   3.501576    32.4878        478     1.9875  0.000e+00
     34.365     9.2991   3.501772    32.4865        479     1.9917  0.000e+00
     34.214     9.3033   3.501835    32.4834        480     1.9958  0.000e+00
     34.064     9.3065   3.501987    32.4822        481     2.0000  0.000e+00
     33.928     9.3090   3.501879    32.4789        482     2.0042  0.000e+00
     33.800     9.3102   3.501879    32.4778        483     2.0083  0.000e+00
     33.700     9.3111   3.502317    32.4815        484     2.0125  0.000e+00
     33.624     9.3134   3.502881    32.4853        485     2.0167  0.000e+00
     33.579     9.3175   3.503185    32.4847        486     2.0208  0.000e+00
     33.562     9.3224   3.503375    32.4823        487     2.0250  0.000e+00
     33.571     9.3267   3.503711    32.4818        488     2.0292  0.000e+00
     33.604     9.3306   3.503806    32.4792        489     2.0333  0.000e+00
     33.647     9.3341   3.503933    32.4773        490     2.0375  0.000e+00
     33.703     9.3368   3.503996    32.4755        491     2.0417  0.000e+00
     33.765     9.3388   3.503806    32.4716        492     2.0458  0.000e+00
     33.808     9.3394   3.503781    32.4709        493     2.0500  0.000e+00
     33.845     9.3391   3.503806    32.4714        494     2.0542  0.000e+00
     33.861     9.3387   3.503590    32.4695        495     2.0583  0.000e+00
     33.868     9.3381   3.503375    32.4679        496     2.0625  0.000e+00
     33.860     9.3362   3.503115    32.4669        497     2.0667  0.000e+00
     33.822     9.3336   3.502652    32.4645        498     2.0708  0.000e+00
     33.767     9.3299   3.502392    32.4652        499     2.0750  0.000e+00
     33.698     9.3259   3.501816    32.4629        500     2.0792  0.000e+00
     33.613     9.3207   3.501600    32.4655        501     2.0833  0.000e+00
     33.526     9.3159   3.501556    32.4695        502     2.0875  0.000e+00
     33.440     9.3124   3.501727    32.4744        503     2.0917  0.000e+00
     33.351     9.3107   3.502114    32.4800        504     2.0958  0.000e+00
     33.259     9.3118   3.503052    32.4887        505     2.1000  0.000e+00
     33.177     9.3174   3.503907    32.4925        506     2.1042  0.000e+00
     33.109     9.3257   3.504205    32.4880        507     2.1083  0.000e+00
     33.049     9.3335   3.504446    32.4834        508     2.1125  0.000e+00
     33.000     9.3399   3.504636    32.4795        509     2.1167  0.000e+00
     32.965     9.3448   3.504661    32.4754        510     2.1208  0.000e+00
     32.943     9.3482   3.504725    32.4730        511     2.1250  0.000e+00
     32.934     9.3502   3.504795    32.4719        512     2.1292  0.000e+00
     32.935     9.3517   3.504680    32.4694        513     2.1333  0.000e+00
     32.944     9.3523   3.504661    32.4686        514     2.1375  0.000e+00
     32.961     9.3520   3.504661    32.4688        515     2.1417  0.000e+00
     32.981     9.3520   3.504598    32.4682        516     2.1458  0.000e+00
     32.992     9.3517   3.504547    32.4680        517     2.1500  0.000e+00
     32.995     9.3513   3.504598    32.4688        518     2.1542  0.000e+00
     32.988     9.3511   3.504699    32.4701        519     2.1583  0.000e+00
     32.962     9.3512   3.504661    32.4696        520     2.1625  0.000e+00
     32.910     9.3517   3.504554    32.4681        521     2.1667  0.000e+00
     32.839     9.3515   3.504503    32.4677        522     2.1708  0.000e+00
     32.756     9.3511   3.504769    32.4709        523     2.1750  0.000e+00
     32.654     9.3515   3.505213    32.4751        524     2.1792  0.000e+00
     32.544     9.3545   3.506589    32.4866        525     2.1833  0.000e+00
     32.439     9.3627   3.508174    32.4955        526     2.1875  0.000e+00
     32.334     9.3764   3.508859    32.4902        527     2.1917  0.000e+00
     32.235     9.3903   3.509398    32.4831        528     2.1958  0.000e+00
     32.149     9.4018   3.509651    32.4753        529     2.2000  0.000e+00
     32.086     9.4111   3.509867    32.4692        530     2.2042  0.000e+00
     32.039     9.4177   3.509975    32.4643        531     2.2083  0.000e+00
     32.004     9.4224   3.510057    32.4609        532     2.2125  0.000e+00
     31.990     9.4256   3.510127    32.4587        533     2.2167  0.000e+00
     31.981     9.4277   3.510190    32.4575        534     2.2208  0.000e+00
     31.973     9.4295   3.510273    32.4567        535     2.2250  0.000e+00
     31.970     9.4307   3.510273    32.4556        536     2.2292  0.000e+00
     31.961     9.4317   3.510254    32.4545        537     2.2333  0.000e+00
     31.948     9.4322   3.510273    32.4543        538     2.2375  0.000e+00
     31.926     9.4324   3.510298    32.4543        539     2.2417  0.000e+00
     31.897     9.4323   3.510228    32.4537        540     2.2458  0.000e+00
     31.855     9.4325   3.510254    32.4539        541     2.2500  0.000e+00
     31.808     9.4325   3.510254    32.4538        542     2.2542  0.000e+00
     31.746     9.4326   3.510336    32.4546        543     2.2583  0.000e+00
     31.680     9.4329   3.510920    32.4604        544     2.2625  0.000e+00
     31.590     9.4358   3.511744    32.4662        545     2.2667  0.000e+00
     31.497     9.4415   3.512442    32.4683        546     2.2708  0.000e+00
     31.403     9.4492   3.513045    32.4675        547     2.2750  0.000e+00
     31.307     9.4576   3.513622    32.4659        548     2.2792  0.000e+00
     31.222     9.4658   3.514162    32.4640        549     2.2833  0.000e+00
     31.140     9.4738   3.514695    32.4623        550     2.2875  0.000e+00
     31.080     9.4815   3.515069    32.4592        551     2.2917  0.000e+00
     31.028     9.4881   3.515406    32.4567        552     2.2958  0.000e+00
     30.997     9.4938   3.515558    32.4531        553     2.3000  0.000e+00
     30.978     9.4984   3.515774    32.4511        554     2.3042  0.000e+00
     30.970     9.5023   3.515983    32.4498        555     2.3083  0.000e+00
     30.963     9.5055   3.516116    32.4483        556     2.3125  0.000e+00
     30.962     9.5081   3.516269    32.4475        557     2.3167  0.000e+00
     30.960     9.5103   3.516370    32.4465        558     2.3208  0.000e+00
     30.956     9.5122   3.516478    32.4459        559     2.3250  0.000e+00
     30.941     9.5140   3.516630    32.4459        560     2.3292  0.000e+00
     30.923     9.5157   3.516802    32.4461        561     2.3333  0.000e+00
     30.885     9.5174   3.516967    32.4463        562     2.3375  0.000e+00
     30.845     9.5195   3.517170    32.4464        563     2.3417  0.000e+00
     30.791     9.5219   3.517405    32.4467        564     2.3458  0.000e+00
     30.718     9.5246   3.517576    32.4460        565     2.3500  0.000e+00
     30.631     9.5272   3.517703    32.4450        566     2.3542  0.000e+00
     30.532     9.5298   3.517773    32.4434        567     2.3583  0.000e+00
     30.423     9.5317   3.517874    32.4428        568     2.3625  0.000e+00
     30.301     9.5335   3.517989    32.4424        569     2.3667  0.000e+00
     30.187     9.5349   3.518008    32.4414        570     2.3708  0.000e+00
     30.071     9.5360   3.517988    32.4402        571     2.3750  0.000e+00
     29.966     9.5367   3.518027    32.4400        572     2.3792  0.000e+00
     29.871     9.5372   3.518134    32.4408        573     2.3833  0.000e+00
     29.801     9.5378   3.518280    32.4417        574     2.3875  0.000e+00
     29.732     9.5389   3.518439    32.4424        575     2.3917  0.000e+00
     29.685     9.5406   3.518547    32.4420        576     2.3958  0.000e+00
     29.658     9.5422   3.518585    32.4409        577     2.4000  0.000e+00
     29.646     9.5435   3.518566    32.4395        578     2.4042  0.000e+00
     29.635     9.5443   3.518655    32.4398        579     2.4083  0.000e+00
     29.642     9.5450   3.518731    32.4399        580     2.4125  0.000e+00
     29.651     9.5456   3.518738    32.4394        581     2.4167  0.000e+00
     29.657     9.5463   3.518782    32.4392        582     2.4208  0.000e+00
     29.657     9.5469   3.518782    32.4387        583     2.4250  0.000e+00
     29.649     9.5475   3.518845    32.4388        584     2.4292  0.000e+00
     29.629     9.5479   3.518845    32.4385        585     2.4333  0.000e+00
     29.599     9.5481   3.518845    32.4383        586     2.4375  0.000e+00
     29.555     9.5483   3.518890    32.4386        587     2.4417  0.000e+00
     29.501     9.5485   3.518934    32.4389        588     2.4458  0.000e+00
     29.436     9.5489   3.518998    32.4392        589     2.4500  0.000e+00
     29.351     9.5494   3.519017    32.4390        590     2.4542  0.000e+00
     29.266     9.5499   3.519093    32.4394        591     2.4583  0.000e+00
     29.161     9.5504   3.519233    32.4404        592     2.4625  0.000e+00
     29.051     9.5512   3.519556    32.4430        593     2.4667  0.000e+00
     28.938     9.5529   3.519556    32.4416        594     2.4708  0.000e+00
     28.817     9.5548   3.519817    32.4426        595     2.4750  0.000e+00
     28.701     9.5565   3.519836    32.4412        596     2.4792  0.000e+00
     28.583     9.5580   3.519569    32.4372        597     2.4833  0.000e+00
     28.481     9.5582   3.519531    32.4367        598     2.4875  0.000e+00
     28.382     9.5579   3.519639    32.4381        599     2.4917  0.000e+00
     28.289     9.5579   3.519816    32.4400        600     2.4958  0.000e+00
     28.220     9.5586   3.519963    32.4408        601     2.5000  0.000e+00
     28.157     9.5598   3.520350    32.4438        602     2.5042  0.000e+00
     28.107     9.5618   3.520496    32.4434        603     2.5083  0.000e+00
     28.070     9.5645   3.520629    32.4424        604     2.5125  0.000e+00
     28.050     9.5666   3.520699    32.4413        605     2.5167  0.000e+00
     28.024     9.5683   3.520737    32.4401        606     2.5208  0.000e+00
     28.019     9.5695   3.520782    32.4395        607     2.5250  0.000e+00
     28.016     9.5704   3.520871    32.4396        608     2.5292  0.000e+00
     28.012     9.5712   3.520998    32.4401        609     2.5333  0.000e+00
     28.015     9.5722   3.521150    32.4408        610     2.5375  0.000e+00
     28.011     9.5735   3.521321    32.4414        611     2.5417  0.000e+00
     28.006     9.5751   3.521493    32.4417        612     2.5458  0.000e+00
     27.986     9.5769   3.521620    32.4414        613     2.5500  0.000e+00
     27.950     9.5786   3.521861    32.4424        614     2.5542  0.000e+00
     27.899     9.5807   3.522198    32.4439        615     2.5583  0.000e+00
     27.820     9.5835   3.522655    32.4461        616     2.5625  0.000e+00
     27.724     9.5874   3.523068    32.4468        617     2.5667  0.000e+00
     27.623     9.5920   3.523602    32.4482        618     2.5708  0.000e+00
     27.520     9.5979   3.524942    32.4566        619     2.5750  0.000e+00
     27.418     9.6081   3.528476    32.4836        620     2.5792  0.000e+00
     27.321     9.6293   3.531458    32.4949        621     2.5833  0.000e+00
     27.227     9.6618   3.533581    32.4872        622     2.5875  0.000e+00
     27.139     9.6949   3.534592    32.4677        623     2.5917  0.000e+00
     27.055     9.7242   3.535763    32.4533        624     2.5958  0.000e+00
     26.975     9.7483   3.536348    32.4375        625     2.6000  0.000e+00
