HB2503/sbe063.cnv
* Sea-Bird SBE 19plus V2 Data File:
* FileName = C:\cruise\data\sbe063.hex
* Software Version Seasave V 7.26.7.121
* Temperature SN = 6128
* Conductivity SN = 6128
* System UpLoad Time = Jun 02 2025 16:08:33
* NMEA Latitude = 40 06.67 N
* NMEA Longitude = 069 34.88 W
* NMEA UTC (Time) = Jun 02 2025  16:06:47
** Ship: Henry Bigelow
** Cruise:  HB2502
** Program:  Spring Bottom Trawl
# nquan = 7
# nvalues = 2452                                  
# units = specified
# name 0 = depSM: Depth [salt water, m]
# name 1 = tv290C: Temperature [ITS-90, deg C]
# name 2 = c0S/m: Conductivity [S/m]
# name 3 = sal00: Salinity, Practical [PSU]
# name 4 = scan: Scan Count
# name 5 = timeM: Time, Elapsed [minutes]
# name 6 = flag:  0.000e+00
# span 0 =     -0.066,     94.426                 
# span 1 =    11.0954,    14.0415                 
# span 2 =   0.006267,   4.100844                 
# span 3 =     0.0399,    34.9609                 
# span 4 =         11,       2462                 
# span 5 =     0.0417,    10.2542                 
# span 6 = 0.0000e+00, 0.0000e+00                 
# interval = seconds: 0.25
# start_time = Jun 02 2025 16:06:47 [NMEA time, header]
# bad_flag = -9.990e-29
*END*
[from data line 206]
      6.417    13.5525   3.989837    33.4913        217     0.9000  0.000e+00
      6.566    13.5401   3.989717    33.5010        218     0.9042  0.000e+00
      6.722    13.5296   3.989650    33.5096        219     0.9083  0.000e+00
      6.874    13.5215   3.989790    33.5180        220     0.9125  0.000e+00
      7.046    13.5167   3.990291    33.5268        221     0.9167  0.000e+00
      7.220    13.5146   3.990719    33.5326        222     0.9208  0.000e+00
      7.403    13.5133   3.990646    33.5330        223     0.9250  0.000e+00
      7.593    13.5110   3.989731    33.5263        224     0.9292  0.000e+00
      7.776    13.5075   3.989056    33.5230        225     0.9333  0.000e+00
      7.954    13.5025   3.989223    33.5289        226     0.9375  0.000e+00
      8.132    13.4962   3.989223    33.5344        227     0.9417  0.000e+00
      8.302    13.4888   3.988576    33.5347        228     0.9458  0.000e+00
      8.468    13.4807   3.987628    33.5329        229     0.9500  0.000e+00
      8.622    13.4711   3.986559    33.5312        230     0.9542  0.000e+00
      8.770    13.4576   3.985344    33.5316        231     0.9583  0.000e+00
      8.921    13.4430   3.984370    33.5353        232     0.9625  0.000e+00
      9.069    13.4294   3.983876    33.5425        233     0.9667  0.000e+00
      9.226    13.4194   3.983663    33.5493        234     0.9708  0.000e+00
      9.384    13.4142   3.981974    33.5379        235     0.9750  0.000e+00
      9.550    13.4151   3.979319    33.5121        236     0.9792  0.000e+00
      9.731    13.4168   3.976864    33.4875        237     0.9833  0.000e+00
      9.919    13.4154   3.974909    33.4703        238     0.9875  0.000e+00
     10.107    13.4121   3.974743    33.4716        239     0.9917  0.000e+00
     10.299    13.4089   3.976830    33.4939        240     0.9958  0.000e+00
     10.487    13.4069   3.983350    33.5569        241     1.0000  0.000e+00
     10.677    13.4065   3.986488    33.5866        242     1.0042  0.000e+00
     10.864    13.4060   3.984685    33.5700        243     1.0083  0.000e+00
     11.036    13.4020   3.982876    33.5565        244     1.0125  0.000e+00
     11.201    13.3949   3.980601    33.5412        245     1.0167  0.000e+00
     11.351    13.3872   3.979106    33.5340        246     1.0208  0.000e+00
     11.483    13.3801   3.978326    33.5328        247     1.0250  0.000e+00
     11.597    13.3743   3.978039    33.5352        248     1.0292  0.000e+00
     11.709    13.3697   3.978132    33.5400        249     1.0333  0.000e+00
     11.814    13.3675   3.978039    33.5411        250     1.0375  0.000e+00
     11.921    13.3681   3.976405    33.5251        251     1.0417  0.000e+00
     12.048    13.3709   3.972450    33.4854        252     1.0458  0.000e+00
     12.176    13.3729   3.967531    33.4374        253     1.0500  0.000e+00
     12.315    13.3721   3.963094    33.3963        254     1.0542  0.000e+00
     12.466    13.3748   3.961016    33.3744        255     1.0583  0.000e+00
     12.621    13.3893   3.961768    33.3686        256     1.0625  0.000e+00
     12.792    13.4325   3.961501    33.3283        257     1.0667  0.000e+00
     12.971    13.4846   3.960115    33.2697        258     1.0708  0.000e+00
     13.157    13.5277   3.958890    33.2206        259     1.0750  0.000e+00
     13.351    13.5600   3.958610    33.1898        260     1.0792  0.000e+00
     13.548    13.5855   3.958323    33.1649        261     1.0833  0.000e+00
     13.751    13.6064   3.958676    33.1500        262     1.0875  0.000e+00
     13.955    13.6208   3.961932    33.1678        263     1.0917  0.000e+00
     14.147    13.6305   3.966629    33.2032        264     1.0958  0.000e+00
     14.334    13.6359   3.970294    33.2326        265     1.1000  0.000e+00
     14.507    13.6380   3.971148    33.2387        266     1.1042  0.000e+00
     14.676    13.6382   3.970221    33.2298        267     1.1083  0.000e+00
     14.835    13.6307   3.969208    33.2268        268     1.1125  0.000e+00
     14.987    13.6217   3.971288    33.2539        269     1.1167  0.000e+00
     15.141    13.6173   3.975689    33.2988        270     1.1208  0.000e+00
     15.280    13.6194   3.979318    33.3308        271     1.1250  0.000e+00
     15.421    13.6245   3.982114    33.3525        272     1.1292  0.000e+00
     15.564    13.6285   3.984944    33.3753        273     1.1333  0.000e+00
     15.705    13.6330   3.987081    33.3913        274     1.1375  0.000e+00
     15.850    13.6384   3.988390    33.3987        275     1.1417  0.000e+00
     15.995    13.6439   3.989011    33.3997        276     1.1458  0.000e+00
     16.144    13.6492   3.989719    33.4016        277     1.1500  0.000e+00
     16.292    13.6529   3.988249    33.3846        278     1.1542  0.000e+00
     16.439    13.6545   3.983896    33.3425        279     1.1583  0.000e+00
     16.596    13.6531   3.979458    33.3022        280     1.1625  0.000e+00
     16.745    13.6503   3.977490    33.2863        281     1.1667  0.000e+00
     16.904    13.6475   3.977063    33.2846        282     1.1708  0.000e+00
     17.056    13.6456   3.977184    33.2874        283     1.1750  0.000e+00
     17.217    13.6443   3.977304    33.2895        284     1.1792  0.000e+00
     17.378    13.6433   3.977444    33.2916        285     1.1833  0.000e+00
     17.533    13.6426   3.977537    33.2931        286     1.1875  0.000e+00
     17.694    13.6415   3.977517    33.2938        287     1.1917  0.000e+00
     17.854    13.6403   3.977397    33.2937        288     1.1958  0.000e+00
     18.015    13.6394   3.977538    33.2957        289     1.2000  0.000e+00
     18.174    13.6391   3.978725    33.3070        290     1.2042  0.000e+00
     18.326    13.6390   3.982856    33.3456        291     1.2083  0.000e+00
     18.487    13.6392   3.989152    33.4041        292     1.2125  0.000e+00
     18.637    13.6403   3.991316    33.4234        293     1.2167  0.000e+00
     18.783    13.6433   3.992338    33.4302        294     1.2208  0.000e+00
     18.932    13.6477   3.993414    33.4363        295     1.2250  0.000e+00
     19.082    13.6521   3.994390    33.4416        296     1.2292  0.000e+00
     19.236    13.6590   3.995319    33.4441        297     1.2333  0.000e+00
     19.395    13.6719   3.996034    33.4394        298     1.2375  0.000e+00
     19.560    13.6874   3.995933    33.4249        299     1.2417  0.000e+00
     19.726    13.6999   3.993748    33.3936        300     1.2458  0.000e+00
     19.905    13.7076   3.990795    33.3592        301     1.2500  0.000e+00
     20.090    13.7094   3.987462    33.3265        302     1.2542  0.000e+00
     20.273    13.7079   3.985606    33.3105        303     1.2583  0.000e+00
     20.461    13.7036   3.981594    33.2767        304     1.2625  0.000e+00
     20.658    13.6967   3.978632    33.2550        305     1.2667  0.000e+00
     20.846    13.6875   3.978419    33.2609        306     1.2708  0.000e+00
     21.037    13.6792   3.980954    33.2917        307     1.2750  0.000e+00
     21.221    13.6733   3.986275    33.3464        308     1.2792  0.000e+00
     21.391    13.6693   3.994912    33.4305        309     1.2833  0.000e+00
     21.554    13.6675   3.999751    33.4772        310     1.2875  0.000e+00
     21.695    13.6791   4.005416    33.5198        311     1.2917  0.000e+00
     21.827    13.7144   4.015014    33.5784        312     1.2958  0.000e+00
     21.950    13.7592   4.023602    33.6192        313     1.3000  0.000e+00
     22.062    13.7977   4.028536    33.6313        314     1.3042  0.000e+00
     22.173    13.8279   4.030433    33.6224        315     1.3083  0.000e+00
     22.288    13.8483   4.031325    33.6128        316     1.3125  0.000e+00
     22.404    13.8620   4.031157    33.5992        317     1.3167  0.000e+00
     22.529    13.8703   4.030124    33.5823        318     1.3208  0.000e+00
     22.656    13.8747   4.021463    33.4979        319     1.3250  0.000e+00
     22.801    13.8752   4.007662    33.3692        320     1.3292  0.000e+00
     22.945    13.8767   3.998800    33.2854        321     1.3333  0.000e+00
     23.094    13.8816   3.994956    33.2454        322     1.3375  0.000e+00
     23.251    13.8841   3.987414    33.1732        323     1.3417  0.000e+00
     23.414    13.8733   3.981967    33.1319        324     1.3458  0.000e+00
     23.583    13.8631   3.979078    33.1139        325     1.3500  0.000e+00
     23.755    13.8509   3.977230    33.1071        326     1.3542  0.000e+00
     23.928    13.8364   3.976737    33.1151        327     1.3583  0.000e+00
     24.102    13.8246   3.977064    33.1282        328     1.3625  0.000e+00
     24.276    13.8167   3.979506    33.1577        329     1.3667  0.000e+00
     24.446    13.8116   3.983350    33.1978        330     1.3708  0.000e+00
     24.615    13.8080   3.987416    33.2385        331     1.3750  0.000e+00
     24.783    13.8056   3.988531    33.2510        332     1.3792  0.000e+00
     24.948    13.8040   3.988605    33.2529        333     1.3833  0.000e+00
     25.115    13.8036   3.989627    33.2628        334     1.3875  0.000e+00
     25.287    13.8033   3.992914    33.2935        335     1.3917  0.000e+00
     25.451    13.8044   3.995226    33.3140        336     1.3958  0.000e+00
     25.618    13.8064   3.997431    33.3327        337     1.4000  0.000e+00
     25.784    13.8087   4.001135    33.3651        338     1.4042  0.000e+00
     25.940    13.8104   4.005463    33.4038        339     1.4083  0.000e+00
     26.094    13.8123   4.009886    33.4432        340     1.4125  0.000e+00
     26.246    13.7925   4.012236    33.4824        341     1.4167  0.000e+00
     26.378    13.7198   4.012545    33.5488        342     1.4208  0.000e+00
     26.514    13.6245   3.923126    32.7976        343     1.4250  0.000e+00
     26.643    13.3841   3.897259    32.7623        344     1.4292  0.000e+00
     26.762    13.0645   3.894769    33.0154        345     1.4333  0.000e+00
     26.878    12.8234   3.893324    33.2127        346     1.4375  0.000e+00
     26.992    12.6648   3.895469    33.3730        347     1.4417  0.000e+00
     27.107    12.5718   3.896575    33.4661        348     1.4458  0.000e+00
     27.221    12.5196   3.898256    33.5287        349     1.4500  0.000e+00
     27.341    12.4931   3.900976    33.5784        350     1.4542  0.000e+00
     27.469    12.4842   3.902922    33.6049        351     1.4583  0.000e+00
     27.607    12.4834   3.905352    33.6289        352     1.4625  0.000e+00
     27.748    12.4882   3.905942    33.6303        353     1.4667  0.000e+00
     27.909    12.4945   3.907160    33.6363        354     1.4708  0.000e+00
     28.066    12.5011   3.907882    33.6372        355     1.4750  0.000e+00
     28.240    12.5076   3.908697    33.6392        356     1.4792  0.000e+00
     28.421    12.5130   3.909505    33.6420        357     1.4833  0.000e+00
     28.604    12.5183   3.910161    33.6435        358     1.4875  0.000e+00
     28.797    12.5232   3.910969    33.6467        359     1.4917  0.000e+00
     28.991    12.5276   3.911664    33.6493        360     1.4958  0.000e+00
     29.186    12.5318   3.912426    33.6528        361     1.5000  0.000e+00
     29.375    12.5361   3.913341    33.6577        362     1.5042  0.000e+00
     29.559    12.5409   3.915111    33.6703        363     1.5083  0.000e+00
     29.727    12.5473   3.916436    33.6772        364     1.5125  0.000e+00
     29.886    12.5556   3.918949    33.6938        365     1.5167  0.000e+00
     30.027    12.5666   3.924169    33.7339        366     1.5208  0.000e+00
     30.158    12.5849   3.928575    33.7597        367     1.5250  0.000e+00
     30.275    12.6089   3.933062    33.7810        368     1.5292  0.000e+00
     30.386    12.6366   3.935446    33.7790        369     1.5333  0.000e+00
     30.487    12.6634   3.937751    33.7770        370     1.5375  0.000e+00
     30.587    12.6862   3.940016    33.7782        371     1.5417  0.000e+00
     30.690    12.7065   3.942615    33.7847        372     1.5458  0.000e+00
     30.785    12.7262   3.945945    33.7989        373     1.5500  0.000e+00
     30.895    12.7470   3.949144    33.8107        374     1.5542  0.000e+00
     31.008    12.7686   3.951186    33.8108        375     1.5583  0.000e+00
     31.126    12.7882   3.952936    33.8099        376     1.5625  0.000e+00
     31.256    12.8057   3.955731    33.8208        377     1.5667  0.000e+00
     31.392    12.8234   3.961216    33.8572        378     1.5708  0.000e+00
     31.540    12.8457   3.969531    33.9164        379     1.5750  0.000e+00
     31.698    12.8776   3.976986    33.9587        380     1.5792  0.000e+00
     31.864    12.9175   3.981135    33.9623        381     1.5833  0.000e+00
     32.036    12.9558   3.982583    33.9416        382     1.5875  0.000e+00
     32.221    12.9854   3.984699    33.9351        383     1.5917  0.000e+00
     32.406    13.0075   3.985126    33.9193        384     1.5958  0.000e+00
     32.595    13.0224   3.988044    33.9336        385     1.6000  0.000e+00
     32.785    13.0356   3.990161    33.9417        386     1.6042  0.000e+00
     32.969    13.0488   3.992732    33.9542        387     1.6083  0.000e+00
     33.145    13.0620   3.996000    33.9734        388     1.6125  0.000e+00
     33.323    13.0770   3.998667    33.9852        389     1.6167  0.000e+00
     33.486    13.0935   4.000960    33.9921        390     1.6208  0.000e+00
     33.642    13.1091   4.002010    33.9879        391     1.6250  0.000e+00
     33.789    13.1224   4.002819    33.9836        392     1.6292  0.000e+00
     33.935    13.1331   4.003635    33.9817        393     1.6333  0.000e+00
     34.077    13.1414   4.004612    33.9834        394     1.6375  0.000e+00
     34.212    13.1488   4.004852    33.9791        395     1.6417  0.000e+00
     34.343    13.1549   4.006933    33.9932        396     1.6458  0.000e+00
     34.473    13.1633   4.010380    34.0183        397     1.6500  0.000e+00
     34.600    13.1761   4.013847    34.0396        398     1.6542  0.000e+00
     34.723    13.1914   4.016459    34.0505        399     1.6583  0.000e+00
     34.850    13.2057   4.018046    34.0527        400     1.6625  0.000e+00
     34.976    13.2188   4.020927    34.0681        401     1.6667  0.000e+00
     35.105    13.2322   4.023594    34.0813        402     1.6708  0.000e+00
     35.232    13.2463   4.025202    34.0837        403     1.6750  0.000e+00
     35.368    13.2602   4.026382    34.0824        404     1.6792  0.000e+00
     35.507    13.2723   4.028447    34.0910        405     1.6833  0.000e+00
     35.648    13.2840   4.030325    34.0981        406     1.6875  0.000e+00
     35.788    13.2969   4.033941    34.1207        407     1.6917  0.000e+00
     35.924    13.3116   4.036061    34.1275        408     1.6958  0.000e+00
     36.059    13.3258   4.036739    34.1210        409     1.7000  0.000e+00
     36.191    13.3366   4.041686    34.1580        410     1.7042  0.000e+00
     36.324    13.3489   4.044056    34.1693        411     1.7083  0.000e+00
     36.451    13.3625   4.050446    34.2173        412     1.7125  0.000e+00
     36.576    13.3814   4.056220    34.2547        413     1.7167  0.000e+00
     36.697    13.4067   4.061453    34.2812        414     1.7208  0.000e+00
     36.811    13.4367   4.068641    34.3219        415     1.7250  0.000e+00
     36.934    13.4740   4.072270    34.3224        416     1.7292  0.000e+00
     37.056    13.5098   4.077053    34.3351        417     1.7333  0.000e+00
     37.184    13.5410   4.080740    34.3416        418     1.7375  0.000e+00
     37.322    13.5700   4.082452    34.3316        419     1.7417  0.000e+00
     37.474    13.5937   4.084023    34.3249        420     1.7458  0.000e+00
