HB2503/sbe054.cnv
* Sea-Bird SBE 19plus V2 Data File:
* FileName = C:\cruise\data\sbe054.hex
* Software Version Seasave V 7.26.7.121
* Temperature SN = 6128
* Conductivity SN = 6128
* System UpLoad Time = Jun 01 2025 21:39:22
* NMEA Latitude = 40 41.65 N
* NMEA Longitude = 070 03.40 W
* NMEA UTC (Time) = Jun 01 2025  21:37:37
** Ship: Henry Bigelow
** Cruise:  HB2502
** Program:  Spring Bottom Trawl
# nquan = 7
# nvalues = 1396                                  
# units = specified
# name 0 = depSM: Depth [salt water, m]
# name 1 = tv290C: Temperature [ITS-90, deg C]
# name 2 = c0S/m: Conductivity [S/m]
# name 3 = sal00: Salinity, Practical [PSU]
# name 4 = scan: Scan Count
# name 5 = timeM: Time, Elapsed [minutes]
# name 6 = flag:  0.000e+00
# span 0 =     -0.133,     41.843                 
# span 1 =     8.8660,    12.1539                 
# span 2 =   0.008495,   3.705987                 
# span 3 =     0.0546,    33.3028                 
# span 4 =         11,       1406                 
# span 5 =     0.0417,     5.8542                 
# span 6 = 0.0000e+00, 0.0000e+00                 
# interval = seconds: 0.25
# start_time = Jun 01 2025 21:37:37 [NMEA time, header]
# bad_flag = -9.990e-29
*END*
[from data line 206]
      2.795    10.7160   3.626254    32.4876        217     0.9000  0.000e+00
      2.799    10.6881   3.629976    32.5496        218     0.9042  0.000e+00
      2.820    10.6681   3.634870    32.6162        219     0.9083  0.000e+00
      2.862    10.6523   3.656787    32.8492        220     0.9125  0.000e+00
      2.943    10.6415   3.683786    33.1290        221     0.9167  0.000e+00
      3.073    10.6643   3.703240    33.3028        222     0.9208  0.000e+00
      3.243    10.7879   3.705987    33.2177        223     0.9250  0.000e+00
      3.444    10.9703   3.701390    33.0069        224     0.9292  0.000e+00
      3.688    11.1379   3.698285    32.8258        225     0.9333  0.000e+00
      3.967    11.2556   3.701088    32.7485        226     0.9375  0.000e+00
      4.256    11.3312   3.678199    32.4566        227     0.9417  0.000e+00
      4.470    11.3764   3.669097    32.3275        228     0.9458  0.000e+00
      4.707    11.3900   3.673191    32.3557        229     0.9500  0.000e+00
      4.936    11.3300   3.658914    32.2681        230     0.9542  0.000e+00
      5.106    11.2074   3.618297    31.9762        231     0.9583  0.000e+00
      5.236    11.0458   3.610571    32.0407        232     0.9625  0.000e+00
      5.421    10.8924   3.638221    32.4489        233     0.9667  0.000e+00
      5.591    10.7741   3.608208    32.2554        234     0.9708  0.000e+00
      5.683    10.6798   3.592797    32.1852        235     0.9750  0.000e+00
      5.710    10.6057   3.589360    32.2164        236     0.9792  0.000e+00
      5.682    10.5488   3.591499    32.2881        237     0.9833  0.000e+00
      5.669    10.5086   3.622917    32.6382        238     0.9875  0.000e+00
      5.693    10.4838   3.643381    32.8657        239     0.9917  0.000e+00
      5.765    10.5011   3.640780    32.8240        240     0.9958  0.000e+00
      5.866    10.6029   3.638585    32.7104        241     1.0000  0.000e+00
      5.986    10.7100   3.639928    32.6278        242     1.0042  0.000e+00
      6.110    10.7865   3.641614    32.5764        243     1.0083  0.000e+00
      6.241    10.8347   3.641832    32.5356        244     1.0125  0.000e+00
      6.384    10.8629   3.635673    32.4493        245     1.0167  0.000e+00
      6.538    10.8766   3.628702    32.3680        246     1.0208  0.000e+00
      6.699    10.8794   3.624313    32.3219        247     1.0250  0.000e+00
      6.864    10.8504   3.622887    32.3333        248     1.0292  0.000e+00
      7.034    10.8011   3.614463    32.2931        249     1.0333  0.000e+00
      7.188    10.7443   3.605746    32.2566        250     1.0375  0.000e+00
      7.347    10.6806   3.599485    32.2504        251     1.0417  0.000e+00
      7.510    10.6224   3.596461    32.2717        252     1.0458  0.000e+00
      7.661    10.5719   3.595405    32.3058        253     1.0500  0.000e+00
      7.813    10.5326   3.596373    32.3502        254     1.0542  0.000e+00
      7.966    10.5056   3.600730    32.4178        255     1.0583  0.000e+00
      8.113    10.4912   3.612581    32.5492        256     1.0625  0.000e+00
      8.270    10.4860   3.614666    32.5746        257     1.0667  0.000e+00
      8.426    10.4814   3.606192    32.4938        258     1.0708  0.000e+00
      8.576    10.4742   3.604865    32.4869        259     1.0750  0.000e+00
      8.737    10.4659   3.603249    32.4780        260     1.0792  0.000e+00
      8.895    10.4573   3.601038    32.4635        261     1.0833  0.000e+00
      9.055    10.4493   3.599802    32.4581        262     1.0875  0.000e+00
      9.220    10.4423   3.598777    32.4540        263     1.0917  0.000e+00
      9.372    10.4359   3.597925    32.4512        264     1.0958  0.000e+00
      9.531    10.4306   3.597726    32.4538        265     1.1000  0.000e+00
      9.683    10.4271   3.597240    32.4520        266     1.1042  0.000e+00
      9.844    10.4243   3.594722    32.4292        267     1.1083  0.000e+00
     10.005    10.4210   3.591963    32.4044        268     1.1125  0.000e+00
     10.159    10.4174   3.589543    32.3833        269     1.1167  0.000e+00
     10.311    10.4142   3.587649    32.3670        270     1.1208  0.000e+00
     10.452    10.4117   3.585691    32.3496        271     1.1250  0.000e+00
     10.573    10.4103   3.584194    32.3358        272     1.1292  0.000e+00
     10.678    10.4086   3.583382    32.3291        273     1.1333  0.000e+00
     10.772    10.4060   3.583446    32.3320        274     1.1375  0.000e+00
     10.848    10.4035   3.584105    32.3408        275     1.1417  0.000e+00
     10.937    10.4012   3.586721    32.3691        276     1.1458  0.000e+00
     11.033    10.4004   3.604693    32.5500        277     1.1500  0.000e+00
     11.133    10.4031   3.622849    32.7299        278     1.1542  0.000e+00
     11.253    10.4139   3.635481    32.8470        279     1.1583  0.000e+00
     11.399    10.4843   3.635165    32.7803        280     1.1625  0.000e+00
     11.553    10.5906   3.630784    32.6409        281     1.1667  0.000e+00
     11.727    10.6829   3.627061    32.5213        282     1.1708  0.000e+00
     11.902    10.7497   3.627928    32.4704        283     1.1750  0.000e+00
     12.076    10.7935   3.628352    32.4357        284     1.1792  0.000e+00
     12.250    10.8230   3.628750    32.4135        285     1.1833  0.000e+00
     12.433    10.8427   3.626924    32.3779        286     1.1875  0.000e+00
     12.608    10.8547   3.623692    32.3351        287     1.1917  0.000e+00
     12.795    10.8620   3.621553    32.3074        288     1.1958  0.000e+00
     12.990    10.8685   3.620140    32.2875        289     1.2000  0.000e+00
     13.180    10.8750   3.617572    32.2562        290     1.2042  0.000e+00
     13.381    10.8785   3.617064    32.2481        291     1.2083  0.000e+00
     13.580    10.8480   3.615306    32.2574        292     1.2125  0.000e+00
     13.772    10.7803   3.605017    32.2148        293     1.2167  0.000e+00
     13.956    10.7013   3.595976    32.1944        294     1.2208  0.000e+00
     14.142    10.6287   3.589894    32.1978        295     1.2250  0.000e+00
     14.331    10.5624   3.585339    32.2107        296     1.2292  0.000e+00
     14.529    10.4992   3.581118    32.2244        297     1.2333  0.000e+00
     14.731    10.4413   3.577603    32.2404        298     1.2375  0.000e+00
     14.928    10.3894   3.574363    32.2538        299     1.2417  0.000e+00
     15.111    10.3455   3.571776    32.2668        300     1.2458  0.000e+00
     15.286    10.3089   3.569567    32.2771        301     1.2500  0.000e+00
     15.434    10.2794   3.568188    32.2893        302     1.2542  0.000e+00
     15.550    10.2516   3.566943    32.3015        303     1.2583  0.000e+00
     15.621    10.2170   3.563995    32.3026        304     1.2625  0.000e+00
     15.661    10.1743   3.561264    32.3131        305     1.2667  0.000e+00
     15.679    10.1284   3.561877    32.3603        306     1.2708  0.000e+00
     15.701    10.0904   3.557712    32.3522        307     1.2750  0.000e+00
     15.712    10.0579   3.554836    32.3522        308     1.2792  0.000e+00
     15.724    10.0305   3.553963    32.3679        309     1.2833  0.000e+00
     15.739    10.0077   3.555685    32.4057        310     1.2875  0.000e+00
     15.753     9.9920   3.567208    32.5366        311     1.2917  0.000e+00
     15.802     9.9880   3.585320    32.7239        312     1.2958  0.000e+00
     15.894     9.9866   3.602770    32.9022        313     1.3000  0.000e+00
     16.021    10.0310   3.605450    32.8889        314     1.3042  0.000e+00
     16.180    10.1382   3.599699    32.7333        315     1.3083  0.000e+00
     16.373    10.2588   3.599095    32.6185        316     1.3125  0.000e+00
     16.585    10.3498   3.598966    32.5354        317     1.3167  0.000e+00
     16.813    10.4229   3.597972    32.4600        318     1.3208  0.000e+00
     17.085    10.4750   3.592080    32.3545        319     1.3250  0.000e+00
     17.372    10.5046   3.585513    32.2624        320     1.3292  0.000e+00
     17.626    10.5127   3.575347    32.1535        321     1.3333  0.000e+00
     17.841    10.4424   3.556439    32.0262        322     1.3375  0.000e+00
     18.076    10.3198   3.551851    32.0882        323     1.3417  0.000e+00
     18.314    10.2027   3.546678    32.1398        324     1.3458  0.000e+00
     18.527    10.1091   3.543686    32.1926        325     1.3500  0.000e+00
     18.713    10.0355   3.542579    32.2469        326     1.3542  0.000e+00
     18.883     9.9793   3.543286    32.3042        327     1.3583  0.000e+00
     19.075     9.9385   3.545898    32.3671        328     1.3625  0.000e+00
     19.283     9.9087   3.544491    32.3795        329     1.3667  0.000e+00
     19.462     9.8854   3.541607    32.3710        330     1.3708  0.000e+00
     19.616     9.8670   3.539850    32.3697        331     1.3750  0.000e+00
     19.759     9.8518   3.539437    32.3791        332     1.3792  0.000e+00
     19.871     9.8381   3.539609    32.3931        333     1.3833  0.000e+00
     19.977     9.8251   3.539787    32.4065        334     1.3875  0.000e+00
     20.062     9.8146   3.540500    32.4232        335     1.3917  0.000e+00
     20.145     9.8065   3.541672    32.4423        336     1.3958  0.000e+00
     20.205     9.8004   3.542951    32.4608        337     1.4000  0.000e+00
     20.261     9.7954   3.543512    32.4710        338     1.4042  0.000e+00
     20.312     9.7905   3.543213    32.4724        339     1.4083  0.000e+00
     20.361     9.7869   3.551686    32.5619        340     1.4125  0.000e+00
     20.413     9.7869   3.561379    32.6607        341     1.4167  0.000e+00
     20.480     9.7869   3.567123    32.7191        342     1.4208  0.000e+00
     20.560     9.8124   3.569530    32.7205        343     1.4250  0.000e+00
     20.658     9.8764   3.566598    32.6325        344     1.4292  0.000e+00
     20.776     9.9504   3.565021    32.5497        345     1.4333  0.000e+00
     20.917    10.0097   3.566118    32.5074        346     1.4375  0.000e+00
     21.079    10.0520   3.570971    32.5184        347     1.4417  0.000e+00
     21.264    10.0856   3.572842    32.5070        348     1.4458  0.000e+00
     21.458    10.1337   3.574190    32.4773        349     1.4500  0.000e+00
     21.653    10.1797   3.574541    32.4396        350     1.4542  0.000e+00
     21.864    10.2066   3.571780    32.3876        351     1.4583  0.000e+00
     22.081    10.2176   3.565739    32.3169        352     1.4625  0.000e+00
     22.319    10.2150   3.563206    32.2935        353     1.4667  0.000e+00
     22.550    10.1677   3.548744    32.1899        354     1.4708  0.000e+00
     22.760    10.0843   3.537029    32.1457        355     1.4750  0.000e+00
     22.959     9.9936   3.531668    32.1720        356     1.4792  0.000e+00
     23.172     9.9088   3.513741    32.0658        357     1.4833  0.000e+00
     23.382     9.8038   3.504761    32.0680        358     1.4875  0.000e+00
     23.574     9.6826   3.504008    32.1684        359     1.4917  0.000e+00
     23.756     9.5953   3.505188    32.2586        360     1.4958  0.000e+00
     23.921     9.5470   3.502837    32.2779        361     1.5000  0.000e+00
     24.077     9.5132   3.499409    32.2731        362     1.5042  0.000e+00
     24.224     9.4785   3.497312    32.2829        363     1.5083  0.000e+00
     24.356     9.4457   3.494842    32.2870        364     1.5125  0.000e+00
     24.475     9.4143   3.492493    32.2912        365     1.5167  0.000e+00
     24.600     9.3840   3.491297    32.3062        366     1.5208  0.000e+00
     24.720     9.3578   3.490937    32.3261        367     1.5250  0.000e+00
     24.848     9.3392   3.490728    32.3407        368     1.5292  0.000e+00
     24.975     9.3270   3.490488    32.3493        369     1.5333  0.000e+00
     25.127     9.3190   3.490279    32.3543        370     1.5375  0.000e+00
     25.284     9.3132   3.489748    32.3539        371     1.5417  0.000e+00
     25.447     9.3082   3.489210    32.3528        372     1.5458  0.000e+00
     25.615     9.3021   3.487229    32.3379        373     1.5500  0.000e+00
     25.793     9.2912   3.485104    32.3258        374     1.5542  0.000e+00
     25.976     9.2739   3.483997    32.3300        375     1.5583  0.000e+00
     26.166     9.2564   3.483940    32.3452        376     1.5625  0.000e+00
     26.364     9.2435   3.484212    32.3596        377     1.5667  0.000e+00
     26.565     9.2372   3.482657    32.3491        378     1.5708  0.000e+00
     26.760     9.2291   3.482511    32.3549        379     1.5750  0.000e+00
     26.959     9.2204   3.481108    32.3482        380     1.5792  0.000e+00
     27.166     9.2109   3.479831    32.3435        381     1.5833  0.000e+00
     27.367     9.1986   3.478371    32.3395        382     1.5875  0.000e+00
     27.552     9.1839   3.477682    32.3456        383     1.5917  0.000e+00
     27.732     9.1703   3.477284    32.3538        384     1.5958  0.000e+00
     27.908     9.1587   3.476418    32.3553        385     1.6000  0.000e+00
     28.073     9.1494   3.476842    32.3681        386     1.6042  0.000e+00
     28.230     9.1425   3.474668    32.3518        387     1.6083  0.000e+00
     28.386     9.1321   3.472514    32.3389        388     1.6125  0.000e+00
     28.531     9.1143   3.470228    32.3313        389     1.6167  0.000e+00
     28.676     9.0916   3.468984    32.3390        390     1.6208  0.000e+00
     28.817     9.0699   3.468094    32.3494        391     1.6250  0.000e+00
     28.966     9.0515   3.468094    32.3660        392     1.6292  0.000e+00
     29.109     9.0393   3.467817    32.3743        393     1.6333  0.000e+00
     29.257     9.0312   3.468051    32.3840        394     1.6375  0.000e+00
     29.409     9.0270   3.468259    32.3899        395     1.6417  0.000e+00
     29.556     9.0256   3.467438    32.3826        396     1.6458  0.000e+00
     29.706     9.0223   3.466738    32.3783        397     1.6500  0.000e+00
     29.863     9.0164   3.466018    32.3761        398     1.6542  0.000e+00
     30.023     9.0098   3.465747    32.3792        399     1.6583  0.000e+00
     30.189     9.0034   3.465343    32.3808        400     1.6625  0.000e+00
     30.359     8.9976   3.465267    32.3852        401     1.6667  0.000e+00
     30.536     8.9937   3.465028    32.3862        402     1.6708  0.000e+00
     30.712     8.9897   3.464687    32.3862        403     1.6750  0.000e+00
     30.891     8.9861   3.464245    32.3848        404     1.6792  0.000e+00
     31.078     8.9818   3.464012    32.3862        405     1.6833  0.000e+00
     31.260     8.9777   3.464391    32.3939        406     1.6875  0.000e+00
     31.448     8.9763   3.464378    32.3949        407     1.6917  0.000e+00
     31.639     8.9762   3.464416    32.3953        408     1.6958  0.000e+00
     31.829     8.9761   3.464120    32.3922        409     1.7000  0.000e+00
     32.024     8.9755   3.464088    32.3923        410     1.7042  0.000e+00
     32.226     8.9745   3.463760    32.3898        411     1.7083  0.000e+00
     32.425     8.9729   3.463255    32.3858        412     1.7125  0.000e+00
     32.628     8.9697   3.463085    32.3869        413     1.7167  0.000e+00
     32.829     8.9663   3.462889    32.3879        414     1.7208  0.000e+00
     33.013     8.9629   3.462770    32.3896        415     1.7250  0.000e+00
     33.192     8.9604   3.462347    32.3875        416     1.7292  0.000e+00
     33.366     8.9572   3.462221    32.3890        417     1.7333  0.000e+00
     33.524     8.9541   3.462006    32.3895        418     1.7375  0.000e+00
     33.669     8.9512   3.461647    32.3884        419     1.7417  0.000e+00
     33.807     8.9480   3.461332    32.3880        420     1.7458  0.000e+00
