HB2503/sbe020.cnv
* Sea-Bird SBE 19plus V2 Data File:
* FileName = C:\cruise\data\sbe020.hex
* Software Version Seasave V 7.26.7.121
* Temperature SN = 6128
* Conductivity SN = 6128
* System UpLoad Time = May 29 2025 19:01:25
* NMEA Latitude = 38 00.12 N
* NMEA Longitude = 074 06.13 W
* NMEA UTC (Time) = May 29 2025  18:59:35
** Ship: Henry Bigelow
** Cruise:  HB2502
** Program:  Spring Bottom Trawl
# nquan = 7
# nvalues = 2324                                  
# units = specified
# name 0 = depSM: Depth [salt water, m]
# name 1 = tv290C: Temperature [ITS-90, deg C]
# name 2 = c0S/m: Conductivity [S/m]
# name 3 = sal00: Salinity, Practical [PSU]
# name 4 = scan: Scan Count
# name 5 = timeM: Time, Elapsed [minutes]
# name 6 = flag:  0.000e+00
# span 0 =     -0.130,    102.678                 
# span 1 =     6.7124,    18.8363                 
# span 2 =   0.008600,   4.279766                 
# span 3 =     0.0494,    33.5421                 
# span 4 =         11,       2334                 
# span 5 =     0.0417,     9.7208                 
# span 6 = 0.0000e+00, 0.0000e+00                 
# interval = seconds: 0.25
# start_time = May 29 2025 18:59:35 [NMEA time, header]
# bad_flag = -9.990e-29
*END*
[from data line 616]
     73.550     6.9858   3.364143    33.1721        627     2.6083  0.000e+00
     73.682     6.9849   3.363925    33.1705        628     2.6125  0.000e+00
     73.798     6.9832   3.363875    33.1716        629     2.6167  0.000e+00
     73.901     6.9815   3.363925    33.1737        630     2.6208  0.000e+00
     73.997     6.9804   3.363981    33.1753        631     2.6250  0.000e+00
     74.091     6.9800   3.364031    33.1762        632     2.6292  0.000e+00
     74.190     6.9799   3.364081    33.1769        633     2.6333  0.000e+00
     74.290     6.9799   3.364075    33.1767        634     2.6375  0.000e+00
     74.411     6.9796   3.364081    33.1770        635     2.6417  0.000e+00
     74.537     6.9796   3.364224    33.1785        636     2.6458  0.000e+00
     74.671     6.9797   3.364418    33.1804        637     2.6500  0.000e+00
     74.816     6.9806   3.364549    33.1810        638     2.6542  0.000e+00
     74.979     6.9821   3.364636    33.1804        639     2.6583  0.000e+00
     75.154     6.9830   3.364530    33.1782        640     2.6625  0.000e+00
     75.336     6.9834   3.364680    33.1794        641     2.6667  0.000e+00
     75.527     6.9838   3.364855    33.1808        642     2.6708  0.000e+00
     75.724     6.9847   3.364874    33.1801        643     2.6750  0.000e+00
     75.935     6.9854   3.365123    33.1820        644     2.6792  0.000e+00
     76.153     6.9862   3.365279    33.1829        645     2.6833  0.000e+00
     76.370     6.9871   3.365716    33.1867        646     2.6875  0.000e+00
     76.593     6.9884   3.365735    33.1856        647     2.6917  0.000e+00
     76.812     6.9898   3.365841    33.1853        648     2.6958  0.000e+00
     77.019     6.9910   3.366066    33.1865        649     2.7000  0.000e+00
     77.207     6.9921   3.366334    33.1882        650     2.7042  0.000e+00
     77.390     6.9934   3.366964    33.1938        651     2.7083  0.000e+00
     77.560     6.9954   3.367133    33.1936        652     2.7125  0.000e+00
     77.721     6.9975   3.367308    33.1934        653     2.7167  0.000e+00
     77.859     6.9993   3.367926    33.1985        654     2.7208  0.000e+00
     77.978     7.0015   3.368375    33.2011        655     2.7250  0.000e+00
     78.088     7.0044   3.368531    33.2000        656     2.7292  0.000e+00
     78.191     7.0069   3.368762    33.2001        657     2.7333  0.000e+00
     78.280     7.0089   3.368937    33.2000        658     2.7375  0.000e+00
     78.367     7.0109   3.369149    33.2004        659     2.7417  0.000e+00
     78.455     7.0126   3.369174    33.1989        660     2.7458  0.000e+00
     78.553     7.0139   3.369280    33.1988        661     2.7500  0.000e+00
     78.667     7.0150   3.369399    33.1990        662     2.7542  0.000e+00
     78.792     7.0159   3.369411    33.1982        663     2.7583  0.000e+00
     78.929     7.0165   3.369355    33.1970        664     2.7625  0.000e+00
     79.081     7.0168   3.369411    33.1972        665     2.7667  0.000e+00
     79.240     7.0169   3.369480    33.1978        666     2.7708  0.000e+00
     79.423     7.0170   3.369518    33.1980        667     2.7750  0.000e+00
     79.617     7.0176   3.369599    33.1982        668     2.7792  0.000e+00
     79.825     7.0182   3.369692    33.1986        669     2.7833  0.000e+00
     80.044     7.0189   3.369849    33.1994        670     2.7875  0.000e+00
     80.274     7.0198   3.369911    33.1992        671     2.7917  0.000e+00
     80.502     7.0208   3.369992    33.1990        672     2.7958  0.000e+00
     80.730     7.0214   3.370036    33.1988        673     2.8000  0.000e+00
     80.957     7.0219   3.370192    33.1999        674     2.8042  0.000e+00
     81.183     7.0225   3.370298    33.2004        675     2.8083  0.000e+00
     81.400     7.0233   3.370448    33.2011        676     2.8125  0.000e+00
     81.605     7.0241   3.370623    33.2022        677     2.8167  0.000e+00
     81.795     7.0252   3.370686    33.2017        678     2.8208  0.000e+00
     81.983     7.0263   3.370605    33.1996        679     2.8250  0.000e+00
     82.152     7.0267   3.370573    33.1989        680     2.8292  0.000e+00
     82.304     7.0265   3.370667    33.2000        681     2.8333  0.000e+00
     82.430     7.0265   3.370617    33.1994        682     2.8375  0.000e+00
     82.546     7.0263   3.370705    33.2005        683     2.8417  0.000e+00
     82.646     7.0261   3.370686    33.2005        684     2.8458  0.000e+00
     82.742     7.0260   3.370705    33.2007        685     2.8500  0.000e+00
     82.845     7.0259   3.370642    33.2001        686     2.8542  0.000e+00
     82.956     7.0254   3.370667    33.2008        687     2.8583  0.000e+00
     83.068     7.0251   3.370642    33.2007        688     2.8625  0.000e+00
     83.192     7.0249   3.370667    33.2012        689     2.8667  0.000e+00
     83.328     7.0246   3.370686    33.2015        690     2.8708  0.000e+00
     83.475     7.0247   3.370730    33.2019        691     2.8750  0.000e+00
     83.632     7.0249   3.370774    33.2021        692     2.8792  0.000e+00
     83.787     7.0249   3.370811    33.2024        693     2.8833  0.000e+00
     83.963     7.0252   3.370874    33.2027        694     2.8875  0.000e+00
     84.142     7.0256   3.370836    33.2018        695     2.8917  0.000e+00
     84.326     7.0258   3.370930    33.2026        696     2.8958  0.000e+00
     84.522     7.0261   3.370942    33.2023        697     2.9000  0.000e+00
     84.721     7.0267   3.371017    33.2025        698     2.9042  0.000e+00
     84.924     7.0270   3.371049    33.2025        699     2.9083  0.000e+00
     85.132     7.0274   3.371136    33.2029        700     2.9125  0.000e+00
     85.336     7.0279   3.371205    33.2030        701     2.9167  0.000e+00
     85.541     7.0284   3.371280    33.2033        702     2.9208  0.000e+00
     85.734     7.0288   3.371480    33.2050        703     2.9250  0.000e+00
     85.928     7.0299   3.371586    33.2051        704     2.9292  0.000e+00
     86.115     7.0310   3.371480    33.2028        705     2.9333  0.000e+00
     86.290     7.0316   3.371549    33.2028        706     2.9375  0.000e+00
     86.457     7.0317   3.371374    33.2007        707     2.9417  0.000e+00
     86.605     7.0313   3.371299    33.2002        708     2.9458  0.000e+00
     86.752     7.0306   3.371330    33.2012        709     2.9500  0.000e+00
     86.874     7.0301   3.371268    33.2009        710     2.9542  0.000e+00
     86.991     7.0294   3.371243    33.2013        711     2.9583  0.000e+00
     87.106     7.0289   3.371268    33.2019        712     2.9625  0.000e+00
     87.216     7.0284   3.371280    33.2025        713     2.9667  0.000e+00
     87.333     7.0282   3.371330    33.2032        714     2.9708  0.000e+00
     87.460     7.0282   3.371405    33.2040        715     2.9750  0.000e+00
     87.594     7.0286   3.371480    33.2044        716     2.9792  0.000e+00
     87.739     7.0289   3.371505    33.2042        717     2.9833  0.000e+00
     87.886     7.0294   3.371549    33.2042        718     2.9875  0.000e+00
     88.047     7.0297   3.371649    33.2049        719     2.9917  0.000e+00
     88.220     7.0305   3.371612    33.2036        720     2.9958  0.000e+00
     88.405     7.0306   3.371668    33.2040        721     3.0000  0.000e+00
     88.595     7.0309   3.371830    33.2055        722     3.0042  0.000e+00
     88.798     7.0317   3.371918    33.2055        723     3.0083  0.000e+00
     89.010     7.0325   3.371937    33.2049        724     3.0125  0.000e+00
     89.218     7.0332   3.371980    33.2045        725     3.0167  0.000e+00
     89.433     7.0339   3.371937    33.2034        726     3.0208  0.000e+00
     89.647     7.0341   3.371956    33.2032        727     3.0250  0.000e+00
     89.840     7.0342   3.371937    33.2028        728     3.0292  0.000e+00
     90.032     7.0341   3.371912    33.2026        729     3.0333  0.000e+00
     90.215     7.0341   3.372062    33.2041        730     3.0375  0.000e+00
     90.376     7.0343   3.372025    33.2034        731     3.0417  0.000e+00
     90.527     7.0343   3.371918    33.2022        732     3.0458  0.000e+00
     90.661     7.0339   3.371719    33.2003        733     3.0500  0.000e+00
     90.782     7.0330   3.371712    33.2011        734     3.0542  0.000e+00
     90.896     7.0323   3.371613    33.2006        735     3.0583  0.000e+00
     91.004     7.0315   3.371569    33.2009        736     3.0625  0.000e+00
     91.108     7.0305   3.371656    33.2027        737     3.0667  0.000e+00
     91.218     7.0301   3.371837    33.2050        738     3.0708  0.000e+00
     91.336     7.0305   3.371850    33.2047        739     3.0750  0.000e+00
     91.457     7.0309   3.372062    33.2066        740     3.0792  0.000e+00
     91.598     7.0313   3.372112    33.2066        741     3.0833  0.000e+00
     91.750     7.0321   3.372081    33.2055        742     3.0875  0.000e+00
     91.906     7.0327   3.372237    33.2065        743     3.0917  0.000e+00
     92.071     7.0333   3.372237    33.2059        744     3.0958  0.000e+00
     92.244     7.0340   3.372287    33.2057        745     3.1000  0.000e+00
     92.422     7.0345   3.372306    33.2053        746     3.1042  0.000e+00
     92.619     7.0349   3.372387    33.2057        747     3.1083  0.000e+00
     92.813     7.0355   3.372431    33.2055        748     3.1125  0.000e+00
     93.008     7.0361   3.372550    33.2062        749     3.1167  0.000e+00
     93.204     7.0366   3.372562    33.2057        750     3.1208  0.000e+00
     93.396     7.0372   3.372594    33.2054        751     3.1250  0.000e+00
     93.586     7.0374   3.372581    33.2050        752     3.1292  0.000e+00
     93.774     7.0376   3.372550    33.2043        753     3.1333  0.000e+00
     93.958     7.0376   3.372563    33.2044        754     3.1375  0.000e+00
     94.139     7.0374   3.372531    33.2042        755     3.1417  0.000e+00
     94.314     7.0373   3.372457    33.2033        756     3.1458  0.000e+00
     94.495     7.0367   3.372532    33.2047        757     3.1500  0.000e+00
     94.660     7.0366   3.372582    33.2052        758     3.1542  0.000e+00
     94.828     7.0368   3.372613    33.2053        759     3.1583  0.000e+00
     94.987     7.0368   3.372650    33.2056        760     3.1625  0.000e+00
     95.141     7.0369   3.372594    33.2048        761     3.1667  0.000e+00
     95.284     7.0368   3.372519    33.2040        762     3.1708  0.000e+00
     95.423     7.0365   3.372407    33.2031        763     3.1750  0.000e+00
     95.552     7.0358   3.372388    33.2034        764     3.1792  0.000e+00
     95.674     7.0352   3.372432    33.2045        765     3.1833  0.000e+00
     95.796     7.0347   3.372451    33.2051        766     3.1875  0.000e+00
     95.915     7.0347   3.372476    33.2053        767     3.1917  0.000e+00
     96.039     7.0344   3.372407    33.2047        768     3.1958  0.000e+00
     96.164     7.0344   3.372545    33.2062        769     3.2000  0.000e+00
     96.296     7.0344   3.372576    33.2065        770     3.2042  0.000e+00
     96.439     7.0349   3.372801    33.2084        771     3.2083  0.000e+00
     96.589     7.0357   3.372838    33.2080        772     3.2125  0.000e+00
     96.753     7.0364   3.372863    33.2075        773     3.2167  0.000e+00
     96.921     7.0370   3.372920    33.2074        774     3.2208  0.000e+00
     97.097     7.0377   3.373020    33.2077        775     3.2250  0.000e+00
     97.286     7.0385   3.373026    33.2070        776     3.2292  0.000e+00
     97.480     7.0389   3.373126    33.2076        777     3.2333  0.000e+00
     97.679     7.0392   3.373151    33.2075        778     3.2375  0.000e+00
     97.887     7.0398   3.373145    33.2067        779     3.2417  0.000e+00
     98.088     7.0404   3.373207    33.2067        780     3.2458  0.000e+00
     98.289     7.0406   3.373170    33.2061        781     3.2500  0.000e+00
     98.477     7.0407   3.373170    33.2059        782     3.2542  0.000e+00
     98.657     7.0404   3.373145    33.2058        783     3.2583  0.000e+00
     98.818     7.0404   3.373295    33.2073        784     3.2625  0.000e+00
     98.963     7.0406   3.373638    33.2109        785     3.2667  0.000e+00
     99.097     7.0414   3.373795    33.2117        786     3.2708  0.000e+00
     99.219     7.0426   3.374007    33.2128        787     3.2750  0.000e+00
     99.336     7.0439   3.374119    33.2128        788     3.2792  0.000e+00
     99.449     7.0451   3.374232    33.2128        789     3.2833  0.000e+00
     99.559     7.0459   3.374244    33.2121        790     3.2875  0.000e+00
     99.680     7.0466   3.374482    33.2140        791     3.2917  0.000e+00
     99.812     7.0477   3.374569    33.2138        792     3.2958  0.000e+00
     99.959     7.0487   3.374913    33.2165        793     3.3000  0.000e+00
    100.114     7.0498   3.375044    33.2168        794     3.3042  0.000e+00
    100.274     7.0512   3.375032    33.2152        795     3.3083  0.000e+00
    100.446     7.0522   3.375175    33.2157        796     3.3125  0.000e+00
    100.620     7.0530   3.375488    33.2182        797     3.3167  0.000e+00
    100.797     7.0543   3.375819    33.2206        798     3.3208  0.000e+00
    100.983     7.0564   3.376081    33.2214        799     3.3250  0.000e+00
    101.164     7.0587   3.376294    33.2213        800     3.3292  0.000e+00
    101.350     7.0610   3.376737    33.2239        801     3.3333  0.000e+00
    101.526     7.0634   3.377093    33.2253        802     3.3375  0.000e+00
    101.698     7.0661   3.377331    33.2253        803     3.3417  0.000e+00
    101.870     7.0685   3.377962    33.2298        804     3.3458  0.000e+00
    102.030     7.0713   3.378437    33.2321        805     3.3500  0.000e+00
    102.179     7.0746   3.379924    33.2452        806     3.3542  0.000e+00
    102.322     7.0804   3.382218    33.2645        807     3.3583  0.000e+00
    102.458     7.0897   3.384813    33.2838        808     3.3625  0.000e+00
    102.601     7.1040   3.390243    33.3293        809     3.3667  0.000e+00
    102.657     7.1263   3.386633    33.2683        810     3.3708  0.000e+00
    102.678     7.1426   3.391826    33.3092        811     3.3750  0.000e+00
    102.622     7.1566   3.393898    33.3183        812     3.3792  0.000e+00
    102.576     7.1743   3.394836    33.3115        813     3.3833  0.000e+00
    102.542     7.1890   3.394830    33.2973        814     3.3875  0.000e+00
    102.506     7.1993   3.394304    33.2816        815     3.3917  0.000e+00
    102.482     7.2044   3.394091    33.2744        816     3.3958  0.000e+00
    102.402     7.2065   3.395312    33.2857        817     3.4000  0.000e+00
    102.319     7.2095   3.393114    33.2590        818     3.4042  0.000e+00
    102.219     7.2071   3.389929    33.2266        819     3.4083  0.000e+00
    102.101     7.1958   3.387777    33.2141        820     3.4125  0.000e+00
    101.998     7.1815   3.386638    33.2155        821     3.4167  0.000e+00
    101.886     7.1677   3.385438    33.2158        822     3.4208  0.000e+00
    101.777     7.1553   3.384743    33.2202        823     3.4250  0.000e+00
    101.661     7.1455   3.382192    33.2019        824     3.4292  0.000e+00
    101.539     7.1333   3.381742    33.2088        825     3.4333  0.000e+00
    101.414     7.1224   3.381092    33.2122        826     3.4375  0.000e+00
    101.295     7.1140   3.380305    33.2118        827     3.4417  0.000e+00
    101.186     7.1064   3.379236    33.2075        828     3.4458  0.000e+00
    101.081     7.0986   3.378661    33.2088        829     3.4500  0.000e+00
    100.982     7.0916   3.378436    33.2131        830     3.4542  0.000e+00
