HB2503/sbe079.cnv
* Sea-Bird SBE 19plus V2 Data File:
* FileName = C:\cruise\data\sbe079.hex
* Software Version Seasave V 7.26.7.121
* Temperature SN = 6128
* Conductivity SN = 6128
* System UpLoad Time = Jun 04 2025 16:22:47
* NMEA Latitude = 42 37.06 N
* NMEA Longitude = 069 30.67 W
* NMEA UTC (Time) = Jun 04 2025  16:21:04
** Ship: Henry Bigelow
** Cruise:  HB2502
** Program:  Spring Bottom Trawl
# nquan = 7
# nvalues = 3253                                  
# units = specified
# name 0 = depSM: Depth [salt water, m]
# name 1 = tv290C: Temperature [ITS-90, deg C]
# name 2 = c0S/m: Conductivity [S/m]
# name 3 = sal00: Salinity, Practical [PSU]
# name 4 = scan: Scan Count
# name 5 = timeM: Time, Elapsed [minutes]
# name 6 = flag:  0.000e+00
# span 0 =     -0.082,    240.341                 
# span 1 =     5.2286,    11.8394                 
# span 2 =   0.561995,   3.704774                 
# span 3 =     4.1633,    33.9645                 
# span 4 =         11,       3263                 
# span 5 =     0.0417,    13.5917                 
# span 6 = 0.0000e+00, 0.0000e+00                 
# interval = seconds: 0.25
# start_time = Jun 04 2025 16:21:04 [NMEA time, header]
# bad_flag = -9.990e-29
*END*
[from data line 1231]
    239.797     7.0532   3.449707    33.9619       1242     5.1708  0.000e+00
    239.762     7.0533   3.449644    33.9610       1243     5.1750  0.000e+00
    239.750     7.0533   3.449651    33.9611       1244     5.1792  0.000e+00
    239.745     7.0534   3.449607    33.9606       1245     5.1833  0.000e+00
    239.759     7.0530   3.449607    33.9610       1246     5.1875  0.000e+00
    239.779     7.0529   3.449651    33.9616       1247     5.1917  0.000e+00
    239.810     7.0528   3.449670    33.9618       1248     5.1958  0.000e+00
    239.850     7.0528   3.449670    33.9618       1249     5.2000  0.000e+00
    239.901     7.0529   3.449695    33.9620       1250     5.2042  0.000e+00
    239.950     7.0530   3.449689    33.9617       1251     5.2083  0.000e+00
    239.997     7.0532   3.449707    33.9618       1252     5.2125  0.000e+00
    240.041     7.0533   3.449695    33.9615       1253     5.2167  0.000e+00
    240.084     7.0532   3.449670    33.9613       1254     5.2208  0.000e+00
    240.118     7.0533   3.449670    33.9612       1255     5.2250  0.000e+00
    240.145     7.0533   3.449670    33.9612       1256     5.2292  0.000e+00
    240.161     7.0533   3.449689    33.9614       1257     5.2333  0.000e+00
    240.173     7.0533   3.449670    33.9612       1258     5.2375  0.000e+00
    240.174     7.0531   3.449695    33.9616       1259     5.2417  0.000e+00
    240.166     7.0530   3.449708    33.9618       1260     5.2458  0.000e+00
    240.150     7.0533   3.449689    33.9614       1261     5.2500  0.000e+00
    240.136     7.0533   3.449695    33.9614       1262     5.2542  0.000e+00
    240.112     7.0533   3.449689    33.9614       1263     5.2583  0.000e+00
    240.091     7.0534   3.449645    33.9608       1264     5.2625  0.000e+00
    240.073     7.0533   3.449607    33.9605       1265     5.2667  0.000e+00
    240.054     7.0532   3.449607    33.9607       1266     5.2708  0.000e+00
    240.032     7.0529   3.449626    33.9612       1267     5.2750  0.000e+00
    240.020     7.0528   3.449695    33.9620       1268     5.2792  0.000e+00
    240.007     7.0529   3.449689    33.9619       1269     5.2833  0.000e+00
    239.998     7.0530   3.449708    33.9620       1270     5.2875  0.000e+00
    239.991     7.0530   3.449695    33.9618       1271     5.2917  0.000e+00
    239.988     7.0532   3.449689    33.9615       1272     5.2958  0.000e+00
    239.984     7.0533   3.449707    33.9617       1273     5.3000  0.000e+00
    239.982     7.0534   3.449714    33.9616       1274     5.3042  0.000e+00
    239.985     7.0533   3.449707    33.9617       1275     5.3083  0.000e+00
    239.980     7.0533   3.449707    33.9616       1276     5.3125  0.000e+00
    239.989     7.0535   3.449695    33.9613       1277     5.3167  0.000e+00
    239.987     7.0534   3.449707    33.9616       1278     5.3208  0.000e+00
    239.986     7.0534   3.449707    33.9615       1279     5.3250  0.000e+00
    239.987     7.0536   3.449695    33.9613       1280     5.3292  0.000e+00
    239.984     7.0536   3.449707    33.9614       1281     5.3333  0.000e+00
    239.982     7.0534   3.449707    33.9616       1282     5.3375  0.000e+00
    239.977     7.0533   3.449695    33.9615       1283     5.3417  0.000e+00
    239.975     7.0534   3.449689    33.9614       1284     5.3458  0.000e+00
    239.973     7.0533   3.449670    33.9613       1285     5.3500  0.000e+00
    239.973     7.0534   3.449689    33.9614       1286     5.3542  0.000e+00
    239.978     7.0534   3.449689    33.9613       1287     5.3583  0.000e+00
    239.987     7.0533   3.449670    33.9613       1288     5.3625  0.000e+00
    239.994     7.0532   3.449670    33.9613       1289     5.3667  0.000e+00
    240.012     7.0531   3.449689    33.9616       1290     5.3708  0.000e+00
    240.024     7.0532   3.449670    33.9613       1291     5.3750  0.000e+00
    240.044     7.0533   3.449689    33.9614       1292     5.3792  0.000e+00
    240.068     7.0534   3.449689    33.9613       1293     5.3833  0.000e+00
    240.086     7.0535   3.449670    33.9610       1294     5.3875  0.000e+00
    240.106     7.0533   3.449708    33.9616       1295     5.3917  0.000e+00
    240.119     7.0533   3.449689    33.9614       1296     5.3958  0.000e+00
    240.123     7.0533   3.449695    33.9614       1297     5.4000  0.000e+00
    240.126     7.0532   3.449708    33.9617       1298     5.4042  0.000e+00
    240.122     7.0532   3.449708    33.9617       1299     5.4083  0.000e+00
    240.108     7.0534   3.449714    33.9616       1300     5.4125  0.000e+00
    240.088     7.0534   3.449708    33.9615       1301     5.4167  0.000e+00
    240.067     7.0535   3.449733    33.9617       1302     5.4208  0.000e+00
    240.034     7.0534   3.449714    33.9616       1303     5.4250  0.000e+00
    240.001     7.0534   3.449733    33.9618       1304     5.4292  0.000e+00
    239.969     7.0535   3.449707    33.9615       1305     5.4333  0.000e+00
    239.940     7.0534   3.449714    33.9616       1306     5.4375  0.000e+00
    239.913     7.0535   3.449707    33.9615       1307     5.4417  0.000e+00
    239.887     7.0537   3.449707    33.9613       1308     5.4458  0.000e+00
    239.869     7.0535   3.449714    33.9616       1309     5.4500  0.000e+00
    239.858     7.0537   3.449707    33.9613       1310     5.4542  0.000e+00
    239.855     7.0534   3.449733    33.9619       1311     5.4583  0.000e+00
    239.859     7.0535   3.449714    33.9616       1312     5.4625  0.000e+00
    239.868     7.0536   3.449689    33.9612       1313     5.4667  0.000e+00
    239.883     7.0534   3.449707    33.9616       1314     5.4708  0.000e+00
    239.901     7.0534   3.449714    33.9617       1315     5.4750  0.000e+00
    239.926     7.0535   3.449707    33.9615       1316     5.4792  0.000e+00
    239.955     7.0534   3.449707    33.9615       1317     5.4833  0.000e+00
    239.976     7.0534   3.449695    33.9614       1318     5.4875  0.000e+00
    240.008     7.0536   3.449733    33.9617       1319     5.4917  0.000e+00
    240.032     7.0534   3.449708    33.9615       1320     5.4958  0.000e+00
    240.051     7.0534   3.449670    33.9611       1321     5.5000  0.000e+00
    240.068     7.0535   3.449708    33.9614       1322     5.5042  0.000e+00
    240.075     7.0535   3.449708    33.9614       1323     5.5083  0.000e+00
    240.086     7.0535   3.449695    33.9613       1324     5.5125  0.000e+00
    240.084     7.0534   3.449708    33.9615       1325     5.5167  0.000e+00
    240.079     7.0536   3.449708    33.9614       1326     5.5208  0.000e+00
    240.069     7.0534   3.449714    33.9615       1327     5.5250  0.000e+00
    240.056     7.0534   3.449689    33.9613       1328     5.5292  0.000e+00
    240.033     7.0534   3.449708    33.9615       1329     5.5333  0.000e+00
    240.009     7.0534   3.449714    33.9616       1330     5.5375  0.000e+00
    239.991     7.0536   3.449707    33.9613       1331     5.5417  0.000e+00
    239.972     7.0534   3.449707    33.9615       1332     5.5458  0.000e+00
    239.955     7.0534   3.449626    33.9606       1333     5.5500  0.000e+00
    239.940     7.0535   3.449689    33.9613       1334     5.5542  0.000e+00
    239.930     7.0534   3.449707    33.9616       1335     5.5583  0.000e+00
    239.923     7.0535   3.449714    33.9616       1336     5.5625  0.000e+00
    239.919     7.0534   3.449689    33.9613       1337     5.5667  0.000e+00
    239.921     7.0536   3.449733    33.9617       1338     5.5708  0.000e+00
    239.924     7.0536   3.449714    33.9614       1339     5.5750  0.000e+00
    239.935     7.0534   3.449733    33.9618       1340     5.5792  0.000e+00
    239.949     7.0536   3.449707    33.9614       1341     5.5833  0.000e+00
    239.967     7.0534   3.449695    33.9614       1342     5.5875  0.000e+00
    239.985     7.0535   3.449689    33.9612       1343     5.5917  0.000e+00
    240.007     7.0536   3.449689    33.9611       1344     5.5958  0.000e+00
    240.028     7.0533   3.449695    33.9615       1345     5.6000  0.000e+00
    240.048     7.0533   3.449708    33.9616       1346     5.6042  0.000e+00
    240.059     7.0534   3.449708    33.9615       1347     5.6083  0.000e+00
    240.077     7.0535   3.449695    33.9613       1348     5.6125  0.000e+00
    240.086     7.0533   3.449708    33.9616       1349     5.6167  0.000e+00
    240.092     7.0534   3.449708    33.9615       1350     5.6208  0.000e+00
    240.084     7.0535   3.449714    33.9615       1351     5.6250  0.000e+00
    240.085     7.0535   3.449708    33.9614       1352     5.6292  0.000e+00
    240.069     7.0535   3.449714    33.9615       1353     5.6333  0.000e+00
    240.047     7.0535   3.449689    33.9612       1354     5.6375  0.000e+00
    240.027     7.0534   3.449689    33.9613       1355     5.6417  0.000e+00
    239.998     7.0533   3.449670    33.9612       1356     5.6458  0.000e+00
    239.972     7.0535   3.449689    33.9613       1357     5.6500  0.000e+00
    239.942     7.0534   3.449689    33.9614       1358     5.6542  0.000e+00
    239.914     7.0534   3.449695    33.9614       1359     5.6583  0.000e+00
    239.889     7.0536   3.449689    33.9612       1360     5.6625  0.000e+00
    239.870     7.0534   3.449707    33.9616       1361     5.6667  0.000e+00
    239.853     7.0534   3.449695    33.9614       1362     5.6708  0.000e+00
    239.845     7.0534   3.449689    33.9614       1363     5.6750  0.000e+00
    239.847     7.0536   3.449689    33.9613       1364     5.6792  0.000e+00
    239.856     7.0534   3.449695    33.9614       1365     5.6833  0.000e+00
    239.875     7.0533   3.449707    33.9617       1366     5.6875  0.000e+00
    239.897     7.0534   3.449689    33.9614       1367     5.6917  0.000e+00
    239.917     7.0533   3.449695    33.9615       1368     5.6958  0.000e+00
    239.947     7.0533   3.449707    33.9617       1369     5.7000  0.000e+00
    239.980     7.0533   3.449707    33.9616       1370     5.7042  0.000e+00
    240.007     7.0533   3.449695    33.9615       1371     5.7083  0.000e+00
    240.026     7.0534   3.449708    33.9615       1372     5.7125  0.000e+00
    240.042     7.0534   3.449733    33.9618       1373     5.7167  0.000e+00
    240.055     7.0534   3.449695    33.9614       1374     5.7208  0.000e+00
    240.062     7.0535   3.449708    33.9614       1375     5.7250  0.000e+00
    240.060     7.0535   3.449708    33.9614       1376     5.7292  0.000e+00
    240.053     7.0535   3.449739    33.9618       1377     5.7333  0.000e+00
    240.040     7.0536   3.449733    33.9616       1378     5.7375  0.000e+00
    239.998     7.0534   3.449733    33.9618       1379     5.7417  0.000e+00
    239.931     7.0535   3.449714    33.9616       1380     5.7458  0.000e+00
    239.784     7.0536   3.449707    33.9615       1381     5.7500  0.000e+00
    239.607     7.0536   3.449707    33.9616       1382     5.7542  0.000e+00
    239.443     7.0537   3.449670    33.9611       1383     5.7583  0.000e+00
    239.380     7.0537   3.449688    33.9614       1384     5.7625  0.000e+00
    239.327     7.0536   3.449688    33.9615       1385     5.7667  0.000e+00
    239.237     7.0536   3.449695    33.9616       1386     5.7708  0.000e+00
    239.128     7.0536   3.449669    33.9614       1387     5.7750  0.000e+00
    239.023     7.0534   3.449669    33.9616       1388     5.7792  0.000e+00
    238.979     7.0534   3.449625    33.9611       1389     5.7833  0.000e+00
    238.899     7.0535   3.449669    33.9616       1390     5.7875  0.000e+00
    238.841     7.0536   3.449669    33.9615       1391     5.7917  0.000e+00
    238.732     7.0535   3.449625    33.9612       1392     5.7958  0.000e+00
    238.685     7.0534   3.449543    33.9603       1393     5.8000  0.000e+00
    238.615     7.0533   3.449518    33.9602       1394     5.8042  0.000e+00
    238.568     7.0529   3.449493    33.9604       1395     5.8083  0.000e+00
    238.465     7.0527   3.449480    33.9605       1396     5.8125  0.000e+00
    238.395     7.0523   3.449455    33.9606       1397     5.8167  0.000e+00
    238.328     7.0522   3.449449    33.9607       1398     5.8208  0.000e+00
    238.266     7.0521   3.449455    33.9609       1399     5.8250  0.000e+00
    238.168     7.0519   3.449455    33.9611       1400     5.8292  0.000e+00
    238.065     7.0521   3.449430    33.9607       1401     5.8333  0.000e+00
    237.968     7.0520   3.449455    33.9611       1402     5.8375  0.000e+00
    237.881     7.0519   3.449373    33.9604       1403     5.8417  0.000e+00
    237.765     7.0519   3.449404    33.9608       1404     5.8458  0.000e+00
    237.628     7.0519   3.449392    33.9607       1405     5.8500  0.000e+00
    237.496     7.0518   3.449417    33.9612       1406     5.8542  0.000e+00
    237.376     7.0519   3.449316    33.9601       1407     5.8583  0.000e+00
    237.253     7.0516   3.449266    33.9598       1408     5.8625  0.000e+00
    237.124     7.0515   3.449310    33.9605       1409     5.8667  0.000e+00
    236.986     7.0512   3.449341    33.9612       1410     5.8708  0.000e+00
    236.860     7.0512   3.449328    33.9611       1411     5.8750  0.000e+00
    236.743     7.0513   3.449328    33.9611       1412     5.8792  0.000e+00
    236.614     7.0514   3.449341    33.9612       1413     5.8833  0.000e+00
    236.492     7.0515   3.449354    33.9613       1414     5.8875  0.000e+00
    236.373     7.0517   3.449309    33.9607       1415     5.8917  0.000e+00
    236.267     7.0517   3.449316    33.9608       1416     5.8958  0.000e+00
    236.163     7.0516   3.449328    33.9610       1417     5.9000  0.000e+00
    236.063     7.0516   3.449360    33.9614       1418     5.9042  0.000e+00
    235.965     7.0518   3.449391    33.9616       1419     5.9083  0.000e+00
    235.888     7.0519   3.449391    33.9616       1420     5.9125  0.000e+00
    235.805     7.0520   3.449360    33.9611       1421     5.9167  0.000e+00
    235.734     7.0521   3.449372    33.9612       1422     5.9208  0.000e+00
    235.651     7.0522   3.449372    33.9612       1423     5.9250  0.000e+00
    235.593     7.0522   3.449360    33.9611       1424     5.9292  0.000e+00
    235.530     7.0522   3.449372    33.9613       1425     5.9333  0.000e+00
    235.464     7.0522   3.449372    33.9613       1426     5.9375  0.000e+00
    235.400     7.0522   3.449359    33.9612       1427     5.9417  0.000e+00
    235.338     7.0523   3.449353    33.9611       1428     5.9458  0.000e+00
    235.267     7.0524   3.449391    33.9614       1429     5.9500  0.000e+00
    235.192     7.0521   3.449359    33.9613       1430     5.9542  0.000e+00
    235.110     7.0523   3.449391    33.9616       1431     5.9583  0.000e+00
    235.011     7.0523   3.449372    33.9614       1432     5.9625  0.000e+00
    234.920     7.0523   3.449384    33.9616       1433     5.9667  0.000e+00
    234.811     7.0524   3.449353    33.9612       1434     5.9708  0.000e+00
    234.689     7.0523   3.449353    33.9613       1435     5.9750  0.000e+00
    234.561     7.0524   3.449384    33.9616       1436     5.9792  0.000e+00
    234.429     7.0525   3.449353    33.9613       1437     5.9833  0.000e+00
    234.289     7.0524   3.449328    33.9611       1438     5.9875  0.000e+00
    234.151     7.0525   3.449315    33.9610       1439     5.9917  0.000e+00
    234.003     7.0525   3.449309    33.9610       1440     5.9958  0.000e+00
    233.857     7.0525   3.449309    33.9611       1441     6.0000  0.000e+00
    233.718     7.0522   3.449315    33.9615       1442     6.0042  0.000e+00
    233.587     7.0523   3.449308    33.9614       1443     6.0083  0.000e+00
    233.459     7.0525   3.449308    33.9612       1444     6.0125  0.000e+00
    233.342     7.0524   3.449296    33.9613       1445     6.0167  0.000e+00
