HB2503/sbe010.cnv
* Sea-Bird SBE 19plus V2 Data File:
* FileName = C:\cruise\data\sbe010.hex
* Software Version Seasave V 7.26.7.121
* Temperature SN = 6128
* Conductivity SN = 6128
* System UpLoad Time = May 28 2025 18:27:19
* NMEA Latitude = 39 25.16 N
* NMEA Longitude = 072 43.10 W
* NMEA UTC (Time) = May 28 2025  18:25:29
** Ship: Henry Bigelow
** Cruise:  HB2502
** Program:  Spring Bottom Trawl
# nquan = 7
# nvalues = 1633                                  
# units = specified
# name 0 = depSM: Depth [salt water, m]
# name 1 = tv290C: Temperature [ITS-90, deg C]
# name 2 = c0S/m: Conductivity [S/m]
# name 3 = sal00: Salinity, Practical [PSU]
# name 4 = scan: Scan Count
# name 5 = timeM: Time, Elapsed [minutes]
# name 6 = flag:  0.000e+00
# span 0 =     -0.019,     79.522                 
# span 1 =     6.1533,    14.7461                 
# span 2 =   0.007829,   3.962057                 
# span 3 =     0.0484,    33.1791                 
# span 4 =         11,       1643                 
# span 5 =     0.0417,     6.8417                 
# span 6 = 0.0000e+00, 0.0000e+00                 
# interval = seconds: 0.25
# start_time = May 28 2025 18:25:29 [NMEA time, header]
# bad_flag = -9.990e-29
*END*
[from data line 411]
     56.092     6.3463   3.285793    32.9339        422     1.7542  0.000e+00
     56.275     6.3548   3.286689    32.9356        423     1.7583  0.000e+00
     56.461     6.3627   3.286658    32.9275        424     1.7625  0.000e+00
     56.646     6.3681   3.286275    32.9179        425     1.7667  0.000e+00
     56.829     6.3711   3.287128    32.9245        426     1.7708  0.000e+00
     57.004     6.3740   3.287072    32.9210        427     1.7750  0.000e+00
     57.187     6.3766   3.287820    32.9266        428     1.7792  0.000e+00
     57.372     6.3798   3.289286    32.9398        429     1.7833  0.000e+00
     57.550     6.3853   3.290541    32.9483        430     1.7875  0.000e+00
     57.723     6.3933   3.291469    32.9507        431     1.7917  0.000e+00
     57.893     6.4017   3.291908    32.9474        432     1.7958  0.000e+00
     58.063     6.4089   3.292366    32.9455        433     1.8000  0.000e+00
     58.237     6.4152   3.293436    32.9511        434     1.8042  0.000e+00
     58.391     6.4221   3.294680    32.9582        435     1.8083  0.000e+00
     58.555     6.4300   3.295243    32.9567        436     1.8125  0.000e+00
     58.712     6.4377   3.296394    32.9619        437     1.8167  0.000e+00
     58.870     6.4460   3.297094    32.9617        438     1.8208  0.000e+00
     59.016     6.4536   3.297508    32.9588        439     1.8250  0.000e+00
     59.169     6.4599   3.298492    32.9636        440     1.8292  0.000e+00
     59.312     6.4665   3.299483    32.9681        441     1.8333  0.000e+00
     59.458     6.4737   3.299966    32.9664        442     1.8375  0.000e+00
     59.610     6.4807   3.301019    32.9712        443     1.8417  0.000e+00
     59.764     6.4879   3.302028    32.9754        444     1.8458  0.000e+00
     59.919     6.4957   3.303106    32.9797        445     1.8500  0.000e+00
     60.070     6.5041   3.303688    32.9780        446     1.8542  0.000e+00
     60.232     6.5119   3.304090    32.9749        447     1.8583  0.000e+00
     60.390     6.5180   3.304481    32.9732        448     1.8625  0.000e+00
     60.554     6.5233   3.304698    32.9704        449     1.8667  0.000e+00
     60.722     6.5273   3.304976    32.9695        450     1.8708  0.000e+00
     60.896     6.5306   3.305144    32.9681        451     1.8750  0.000e+00
     61.073     6.5335   3.305187    32.9657        452     1.8792  0.000e+00
     61.256     6.5353   3.305206    32.9641        453     1.8833  0.000e+00
     61.441     6.5365   3.305268    32.9635        454     1.8875  0.000e+00
     61.633     6.5373   3.305423    32.9643        455     1.8917  0.000e+00
     61.823     6.5386   3.305478    32.9637        456     1.8958  0.000e+00
     62.016     6.5393   3.305671    32.9650        457     1.9000  0.000e+00
     62.216     6.5406   3.305745    32.9645        458     1.9042  0.000e+00
     62.411     6.5417   3.305751    32.9634        459     1.9083  0.000e+00
     62.603     6.5423   3.305838    32.9637        460     1.9125  0.000e+00
     62.797     6.5428   3.306024    32.9652        461     1.9167  0.000e+00
     62.983     6.5436   3.306092    32.9651        462     1.9208  0.000e+00
     63.168     6.5442   3.306136    32.9648        463     1.9250  0.000e+00
     63.349     6.5448   3.306204    32.9649        464     1.9292  0.000e+00
     63.526     6.5452   3.306322    32.9658        465     1.9333  0.000e+00
     63.697     6.5456   3.306365    32.9657        466     1.9375  0.000e+00
     63.854     6.5462   3.306427    32.9658        467     1.9417  0.000e+00
     64.021     6.5467   3.306508    32.9661        468     1.9458  0.000e+00
     64.170     6.5473   3.306470    32.9651        469     1.9500  0.000e+00
     64.320     6.5474   3.306514    32.9654        470     1.9542  0.000e+00
     64.470     6.5476   3.306545    32.9655        471     1.9583  0.000e+00
     64.625     6.5478   3.306576    32.9655        472     1.9625  0.000e+00
     64.778     6.5481   3.306892    32.9687        473     1.9667  0.000e+00
     64.930     6.5492   3.306904    32.9677        474     1.9708  0.000e+00
     65.090     6.5504   3.307041    32.9679        475     1.9750  0.000e+00
     65.247     6.5517   3.306830    32.9643        476     1.9792  0.000e+00
     65.403     6.5520   3.306663    32.9621        477     1.9833  0.000e+00
     65.562     6.5511   3.306620    32.9623        478     1.9875  0.000e+00
     65.718     6.5502   3.306620    32.9632        479     1.9917  0.000e+00
     65.886     6.5496   3.306688    32.9645        480     1.9958  0.000e+00
     66.051     6.5493   3.306620    32.9638        481     2.0000  0.000e+00
     66.223     6.5492   3.306576    32.9634        482     2.0042  0.000e+00
     66.398     6.5488   3.306769    32.9658        483     2.0083  0.000e+00
     66.576     6.5490   3.306924    32.9673        484     2.0125  0.000e+00
     66.755     6.5498   3.307103    32.9684        485     2.0167  0.000e+00
     66.943     6.5509   3.307103    32.9672        486     2.0208  0.000e+00
     67.130     6.5519   3.307128    32.9664        487     2.0250  0.000e+00
     67.316     6.5526   3.307017    32.9645        488     2.0292  0.000e+00
     67.504     6.5527   3.306980    32.9639        489     2.0333  0.000e+00
     67.685     6.5522   3.306949    32.9639        490     2.0375  0.000e+00
     67.871     6.5519   3.306893    32.9635        491     2.0417  0.000e+00
     68.049     6.5515   3.306874    32.9636        492     2.0458  0.000e+00
     68.230     6.5510   3.306887    32.9642        493     2.0500  0.000e+00
     68.402     6.5507   3.306937    32.9649        494     2.0542  0.000e+00
     68.570     6.5507   3.306850    32.9638        495     2.0583  0.000e+00
     68.740     6.5505   3.306844    32.9639        496     2.0625  0.000e+00
     68.901     6.5502   3.306769    32.9633        497     2.0667  0.000e+00
     69.068     6.5495   3.306769    32.9639        498     2.0708  0.000e+00
     69.231     6.5491   3.306980    32.9665        499     2.0750  0.000e+00
     69.397     6.5496   3.306825    32.9643        500     2.0792  0.000e+00
     69.560     6.5496   3.306788    32.9637        501     2.0833  0.000e+00
     69.721     6.5493   3.306745    32.9635        502     2.0875  0.000e+00
     69.885     6.5488   3.306770    32.9641        503     2.0917  0.000e+00
     70.049     6.5487   3.306745    32.9639        504     2.0958  0.000e+00
     70.210     6.5485   3.306807    32.9647        505     2.1000  0.000e+00
     70.367     6.5486   3.306925    32.9658        506     2.1042  0.000e+00
     70.537     6.5487   3.306912    32.9655        507     2.1083  0.000e+00
     70.700     6.5492   3.307018    32.9661        508     2.1125  0.000e+00
     70.868     6.5496   3.307185    32.9675        509     2.1167  0.000e+00
     71.035     6.5505   3.307359    32.9684        510     2.1208  0.000e+00
     71.205     6.5517   3.307315    32.9667        511     2.1250  0.000e+00
     71.376     6.5523   3.307390    32.9669        512     2.1292  0.000e+00
     71.554     6.5530   3.307421    32.9664        513     2.1333  0.000e+00
     71.737     6.5535   3.307440    32.9661        514     2.1375  0.000e+00
     71.919     6.5539   3.307291    32.9639        515     2.1417  0.000e+00
     72.111     6.5537   3.307378    32.9650        516     2.1458  0.000e+00
     72.303     6.5538   3.307440    32.9656        517     2.1500  0.000e+00
     72.489     6.5538   3.307334    32.9643        518     2.1542  0.000e+00
     72.685     6.5537   3.307508    32.9662        519     2.1583  0.000e+00
     72.875     6.5539   3.307570    32.9666        520     2.1625  0.000e+00
     73.065     6.5544   3.307613    32.9665        521     2.1667  0.000e+00
     73.249     6.5547   3.307688    32.9669        522     2.1708  0.000e+00
     73.430     6.5552   3.307676    32.9663        523     2.1750  0.000e+00
     73.613     6.5555   3.307632    32.9654        524     2.1792  0.000e+00
     73.782     6.5555   3.307552    32.9645        525     2.1833  0.000e+00
     73.943     6.5550   3.307465    32.9639        526     2.1875  0.000e+00
     74.104     6.5544   3.307570    32.9655        527     2.1917  0.000e+00
     74.249     6.5541   3.307447    32.9644        528     2.1958  0.000e+00
     74.392     6.5538   3.307360    32.9637        529     2.2000  0.000e+00
     74.528     6.5531   3.307403    32.9647        530     2.2042  0.000e+00
     74.658     6.5525   3.307428    32.9655        531     2.2083  0.000e+00
     74.787     6.5524   3.307719    32.9687        532     2.2125  0.000e+00
     74.911     6.5530   3.307757    32.9685        533     2.2167  0.000e+00
     75.033     6.5540   3.307843    32.9685        534     2.2208  0.000e+00
     75.165     6.5549   3.307887    32.9680        535     2.2250  0.000e+00
     75.293     6.5558   3.307930    32.9675        536     2.2292  0.000e+00
     75.431     6.5562   3.307844    32.9662        537     2.2333  0.000e+00
     75.579     6.5562   3.307930    32.9670        538     2.2375  0.000e+00
     75.728     6.5566   3.308011    32.9675        539     2.2417  0.000e+00
     75.885     6.5570   3.307968    32.9665        540     2.2458  0.000e+00
     76.052     6.5573   3.307949    32.9660        541     2.2500  0.000e+00
     76.233     6.5573   3.307949    32.9659        542     2.2542  0.000e+00
     76.417     6.5573   3.307931    32.9656        543     2.2583  0.000e+00
     76.609     6.5571   3.307993    32.9664        544     2.2625  0.000e+00
     76.814     6.5571   3.308073    32.9671        545     2.2667  0.000e+00
     77.011     6.5574   3.308142    32.9676        546     2.2708  0.000e+00
     77.214     6.5578   3.308173    32.9674        547     2.2750  0.000e+00
     77.417     6.5583   3.308222    32.9674        548     2.2792  0.000e+00
     77.615     6.5589   3.308222    32.9666        549     2.2833  0.000e+00
     77.813     6.5592   3.308191    32.9660        550     2.2875  0.000e+00
     78.001     6.5596   3.308117    32.9647        551     2.2917  0.000e+00
     78.180     6.5592   3.307906    32.9626        552     2.2958  0.000e+00
     78.359     6.5583   3.307931    32.9637        553     2.3000  0.000e+00
     78.526     6.5575   3.307931    32.9644        554     2.3042  0.000e+00
     78.691     6.5569   3.307907    32.9646        555     2.3083  0.000e+00
     78.845     6.5564   3.307993    32.9659        556     2.3125  0.000e+00
     79.002     6.5564   3.308074    32.9668        557     2.3167  0.000e+00
     79.158     6.5565   3.307950    32.9652        558     2.3208  0.000e+00
     79.317     6.5565   3.307845    32.9640        559     2.3250  0.000e+00
     79.449     6.5560   3.307770    32.9636        560     2.3292  0.000e+00
     79.522     6.5556   3.307758    32.9638        561     2.3333  0.000e+00
     79.520     6.5552   3.307801    32.9647        562     2.3375  0.000e+00
     79.453     6.5549   3.307708    32.9639        563     2.3417  0.000e+00
     79.395     6.5546   3.307485    32.9619        564     2.3458  0.000e+00
     79.385     6.5535   3.307405    32.9619        565     2.3500  0.000e+00
     79.379     6.5522   3.307448    32.9637        566     2.3542  0.000e+00
     79.371     6.5516   3.307591    32.9659        567     2.3583  0.000e+00
     79.337     6.5516   3.307547    32.9654        568     2.3625  0.000e+00
     79.288     6.5517   3.307529    32.9651        569     2.3667  0.000e+00
     79.237     6.5519   3.307547    32.9652        570     2.3708  0.000e+00
     79.193     6.5517   3.307547    32.9654        571     2.3750  0.000e+00
     79.148     6.5518   3.307615    32.9661        572     2.3792  0.000e+00
     79.099     6.5519   3.307708    32.9670        573     2.3833  0.000e+00
     79.032     6.5524   3.307826    32.9679        574     2.3875  0.000e+00
     78.974     6.5530   3.307950    32.9687        575     2.3917  0.000e+00
     78.914     6.5538   3.308148    32.9701        576     2.3958  0.000e+00
     78.851     6.5549   3.308328    32.9711        577     2.4000  0.000e+00
     78.786     6.5565   3.308433    32.9707        578     2.4042  0.000e+00
     78.715     6.5578   3.308471    32.9700        579     2.4083  0.000e+00
     78.644     6.5590   3.308539    32.9695        580     2.4125  0.000e+00
     78.579     6.5598   3.308563    32.9691        581     2.4167  0.000e+00
     78.507     6.5605   3.308532    32.9682        582     2.4208  0.000e+00
     78.431     6.5608   3.308563    32.9682        583     2.4250  0.000e+00
     78.355     6.5610   3.308539    32.9678        584     2.4292  0.000e+00
     78.286     6.5611   3.308514    32.9674        585     2.4333  0.000e+00
     78.223     6.5612   3.308520    32.9675        586     2.4375  0.000e+00
     78.154     6.5612   3.308520    32.9675        587     2.4417  0.000e+00
     78.097     6.5611   3.308532    32.9678        588     2.4458  0.000e+00
     78.049     6.5611   3.308563    32.9681        589     2.4500  0.000e+00
     78.015     6.5613   3.308600    32.9684        590     2.4542  0.000e+00
     77.976     6.5615   3.308613    32.9683        591     2.4583  0.000e+00
     77.947     6.5618   3.308644    32.9684        592     2.4625  0.000e+00
     77.920     6.5621   3.308625    32.9679        593     2.4667  0.000e+00
     77.894     6.5621   3.308644    32.9681        594     2.4708  0.000e+00
     77.869     6.5623   3.308613    32.9676        595     2.4750  0.000e+00
     77.842     6.5623   3.308600    32.9675        596     2.4792  0.000e+00
     77.818     6.5625   3.308433    32.9654        597     2.4833  0.000e+00
     77.784     6.5622   3.308594    32.9675        598     2.4875  0.000e+00
     77.748     6.5624   3.308582    32.9672        599     2.4917  0.000e+00
     77.704     6.5622   3.308600    32.9676        600     2.4958  0.000e+00
     77.659     6.5621   3.308613    32.9679        601     2.5000  0.000e+00
     77.606     6.5621   3.308563    32.9674        602     2.5042  0.000e+00
     77.543     6.5621   3.308538    32.9671        603     2.5083  0.000e+00
     77.478     6.5619   3.308513    32.9671        604     2.5125  0.000e+00
     77.411     6.5617   3.308476    32.9669        605     2.5167  0.000e+00
     77.334     6.5615   3.308458    32.9669        606     2.5208  0.000e+00
     77.262     6.5612   3.308433    32.9670        607     2.5250  0.000e+00
     77.182     6.5610   3.308414    32.9670        608     2.5292  0.000e+00
     77.108     6.5607   3.308389    32.9670        609     2.5333  0.000e+00
     77.028     6.5606   3.308352    32.9667        610     2.5375  0.000e+00
     76.949     6.5604   3.308309    32.9665        611     2.5417  0.000e+00
     76.867     6.5601   3.308284    32.9666        612     2.5458  0.000e+00
     76.793     6.5597   3.308272    32.9668        613     2.5500  0.000e+00
     76.724     6.5597   3.308284    32.9671        614     2.5542  0.000e+00
     76.660     6.5594   3.308265    32.9672        615     2.5583  0.000e+00
     76.591     6.5594   3.308284    32.9674        616     2.5625  0.000e+00
     76.530     6.5592   3.308309    32.9679        617     2.5667  0.000e+00
     76.475     6.5593   3.308327    32.9680        618     2.5708  0.000e+00
     76.419     6.5595   3.308327    32.9678        619     2.5750  0.000e+00
     76.370     6.5597   3.308333    32.9677        620     2.5792  0.000e+00
     76.312     6.5597   3.308352    32.9680        621     2.5833  0.000e+00
     76.253     6.5598   3.308327    32.9676        622     2.5875  0.000e+00
     76.178     6.5599   3.308290    32.9672        623     2.5917  0.000e+00
     76.108     6.5598   3.308265    32.9670        624     2.5958  0.000e+00
     76.030     6.5598   3.308247    32.9669        625     2.6000  0.000e+00
