HB2503/sbe067.cnv
* Sea-Bird SBE 19plus V2 Data File:
* FileName = C:\cruise\data\sbe067.hex
* Software Version Seasave V 7.26.7.121
* Temperature SN = 6128
* Conductivity SN = 6128
* System UpLoad Time = Jun 03 2025 10:00:37
* NMEA Latitude = 41 48.72 N
* NMEA Longitude = 069 28.62 W
* NMEA UTC (Time) = Jun 03 2025  09:58:52
** Ship: Henry Bigelow
** Cruise:  HB2502
** Program:  Spring Bottom Trawl
# nquan = 7
# nvalues = 4063                                  
# units = specified
# name 0 = depSM: Depth [salt water, m]
# name 1 = tv290C: Temperature [ITS-90, deg C]
# name 2 = c0S/m: Conductivity [S/m]
# name 3 = sal00: Salinity, Practical [PSU]
# name 4 = scan: Scan Count
# name 5 = timeM: Time, Elapsed [minutes]
# name 6 = flag:  0.000e+00
# span 0 =      0.176,    173.478                 
# span 1 =     4.7537,    11.0660                 
# span 2 =   0.005386,   3.577340                 
# span 3 =     0.0362,    33.3785                 
# span 4 =         11,       4073                 
# span 5 =     0.0417,    16.9667                 
# span 6 = 0.0000e+00, 0.0000e+00                 
# interval = seconds: 0.25
# start_time = Jun 03 2025 09:58:52 [NMEA time, header]
# bad_flag = -9.990e-29
*END*
[from data line 2667]
     72.421     5.0255   3.158455    32.7748       2678    11.1542  0.000e+00
     72.395     5.0254   3.158875    32.7798       2679    11.1583  0.000e+00
     72.364     5.0265   3.159015    32.7803       2680    11.1625  0.000e+00
     72.333     5.0278   3.159051    32.7794       2681    11.1667  0.000e+00
     72.295     5.0290   3.159015    32.7779       2682    11.1708  0.000e+00
     72.251     5.0295   3.159112    32.7785       2683    11.1750  0.000e+00
     72.203     5.0303   3.159076    32.7773       2684    11.1792  0.000e+00
     72.147     5.0307   3.158857    32.7745       2685    11.1833  0.000e+00
     72.076     5.0304   3.158175    32.7669       2686    11.1875  0.000e+00
     72.000     5.0286   3.158175    32.7688       2687    11.1917  0.000e+00
     71.918     5.0266   3.157937    32.7680       2688    11.1958  0.000e+00
     71.827     5.0250   3.157736    32.7674       2689    11.2000  0.000e+00
     71.730     5.0233   3.157712    32.7687       2690    11.2042  0.000e+00
     71.628     5.0223   3.157675    32.7694       2691    11.2083  0.000e+00
     71.523     5.0215   3.157694    32.7705       2692    11.2125  0.000e+00
     71.424     5.0210   3.157493    32.7687       2693    11.2167  0.000e+00
     71.326     5.0206   3.157535    32.7697       2694    11.2208  0.000e+00
     71.244     5.0201   3.157395    32.7686       2695    11.2250  0.000e+00
     71.158     5.0195   3.156994    32.7646       2696    11.2292  0.000e+00
     71.083     5.0186   3.156915    32.7646       2697    11.2333  0.000e+00
     71.022     5.0176   3.157055    32.7672       2698    11.2375  0.000e+00
     70.964     5.0170   3.156817    32.7651       2699    11.2417  0.000e+00
     70.911     5.0164   3.156616    32.7634       2700    11.2458  0.000e+00
     70.871     5.0156   3.156817    32.7666       2701    11.2500  0.000e+00
     70.832     5.0152   3.156854    32.7674       2702    11.2542  0.000e+00
     70.805     5.0152   3.157012    32.7692       2703    11.2583  0.000e+00
     70.772     5.0157   3.157012    32.7687       2704    11.2625  0.000e+00
     70.748     5.0159   3.157097    32.7695       2705    11.2667  0.000e+00
     70.728     5.0163   3.157152    32.7698       2706    11.2708  0.000e+00
     70.700     5.0167   3.157115    32.7690       2707    11.2750  0.000e+00
     70.674     5.0170   3.157134    32.7689       2708    11.2792  0.000e+00
     70.648     5.0171   3.157176    32.7693       2709    11.2833  0.000e+00
     70.610     5.0172   3.157176    32.7692       2710    11.2875  0.000e+00
     70.570     5.0173   3.157194    32.7693       2711    11.2917  0.000e+00
     70.518     5.0176   3.157152    32.7685       2712    11.2958  0.000e+00
     70.462     5.0178   3.157036    32.7671       2713    11.3000  0.000e+00
     70.406     5.0174   3.156878    32.7657       2714    11.3042  0.000e+00
     70.344     5.0172   3.156993    32.7673       2715    11.3083  0.000e+00
     70.280     5.0168   3.157152    32.7695       2716    11.3125  0.000e+00
     70.219     5.0168   3.157073    32.7686       2717    11.3167  0.000e+00
     70.154     5.0171   3.157133    32.7690       2718    11.3208  0.000e+00
     70.094     5.0171   3.156993    32.7675       2719    11.3250  0.000e+00
     70.027     5.0171   3.157030    32.7680       2720    11.3292  0.000e+00
     69.965     5.0168   3.156853    32.7662       2721    11.3333  0.000e+00
     69.895     5.0165   3.156598    32.7636       2722    11.3375  0.000e+00
     69.826     5.0158   3.156513    32.7633       2723    11.3417  0.000e+00
     69.759     5.0149   3.156257    32.7613       2724    11.3458  0.000e+00
     69.683     5.0137   3.155977    32.7594       2725    11.3500  0.000e+00
     69.603     5.0118   3.155594    32.7568       2726    11.3542  0.000e+00
     69.523     5.0096   3.155119    32.7535       2727    11.3583  0.000e+00
     69.442     5.0067   3.154596    32.7505       2728    11.3625  0.000e+00
     69.358     5.0033   3.154316    32.7506       2729    11.3667  0.000e+00
     69.282     5.0000   3.154261    32.7533       2730    11.3708  0.000e+00
     69.207     4.9975   3.154158    32.7546       2731    11.3750  0.000e+00
     69.140     4.9957   3.154060    32.7552       2732    11.3792  0.000e+00
     69.084     4.9942   3.153902    32.7550       2733    11.3833  0.000e+00
     69.028     4.9931   3.153841    32.7554       2734    11.3875  0.000e+00
     68.982     4.9921   3.153701    32.7548       2735    11.3917  0.000e+00
     68.938     4.9910   3.153531    32.7539       2736    11.3958  0.000e+00
     68.895     4.9899   3.153379    32.7533       2737    11.4000  0.000e+00
     68.860     4.9889   3.153361    32.7541       2738    11.4042  0.000e+00
     68.818     4.9880   3.153239    32.7536       2739    11.4083  0.000e+00
     68.780     4.9872   3.153099    32.7528       2740    11.4125  0.000e+00
     68.732     4.9862   3.152983    32.7524       2741    11.4167  0.000e+00
     68.694     4.9852   3.152783    32.7512       2742    11.4208  0.000e+00
     68.649     4.9842   3.152600    32.7500       2743    11.4250  0.000e+00
     68.611     4.9830   3.152162    32.7462       2744    11.4292  0.000e+00
     68.566     4.9815   3.152320    32.7496       2745    11.4333  0.000e+00
     68.519     4.9804   3.152126    32.7484       2746    11.4375  0.000e+00
     68.472     4.9792   3.152083    32.7491       2747    11.4417  0.000e+00
     68.416     4.9783   3.152022    32.7493       2748    11.4458  0.000e+00
     68.360     4.9773   3.151864    32.7485       2749    11.4500  0.000e+00
     68.294     4.9766   3.151767    32.7481       2750    11.4542  0.000e+00
     68.225     4.9758   3.151505    32.7459       2751    11.4583  0.000e+00
     68.157     4.9745   3.151006    32.7415       2752    11.4625  0.000e+00
     68.081     4.9726   3.150526    32.7379       2753    11.4667  0.000e+00
     68.012     4.9697   3.150149    32.7365       2754    11.4708  0.000e+00
     67.939     4.9668   3.149632    32.7334       2755    11.4750  0.000e+00
     67.869     4.9634   3.149133    32.7310       2756    11.4792  0.000e+00
     67.806     4.9599   3.148836    32.7311       2757    11.4833  0.000e+00
     67.751     4.9568   3.148653    32.7320       2758    11.4875  0.000e+00
     67.693     4.9539   3.148696    32.7354       2759    11.4917  0.000e+00
     67.643     4.9521   3.148459    32.7344       2760    11.4958  0.000e+00
     67.596     4.9507   3.148355    32.7346       2761    11.5000  0.000e+00
     67.543     4.9494   3.148380    32.7362       2762    11.5042  0.000e+00
     67.492     4.9485   3.148106    32.7340       2763    11.5083  0.000e+00
     67.454     4.9474   3.148076    32.7347       2764    11.5125  0.000e+00
     67.401     4.9465   3.147960    32.7344       2765    11.5167  0.000e+00
     67.352     4.9456   3.147936    32.7350       2766    11.5208  0.000e+00
     67.301     4.9450   3.147960    32.7358       2767    11.5250  0.000e+00
     67.245     4.9445   3.147899    32.7357       2768    11.5292  0.000e+00
     67.181     4.9443   3.147778    32.7345       2769    11.5333  0.000e+00
     67.126     4.9437   3.147741    32.7347       2770    11.5375  0.000e+00
     67.063     4.9432   3.147699    32.7347       2771    11.5417  0.000e+00
     66.994     4.9428   3.147778    32.7361       2772    11.5458  0.000e+00
     66.932     4.9427   3.147759    32.7360       2773    11.5500  0.000e+00
     66.872     4.9427   3.147717    32.7356       2774    11.5542  0.000e+00
     66.804     4.9425   3.147747    32.7361       2775    11.5583  0.000e+00
     66.740     4.9425   3.147680    32.7354       2776    11.5625  0.000e+00
     66.678     4.9422   3.147522    32.7339       2777    11.5667  0.000e+00
     66.614     4.9418   3.147303    32.7318       2778    11.5708  0.000e+00
     66.556     4.9409   3.147182    32.7313       2779    11.5750  0.000e+00
     66.493     4.9399   3.147182    32.7323       2780    11.5792  0.000e+00
     66.436     4.9391   3.147163    32.7330       2781    11.5833  0.000e+00
     66.386     4.9387   3.147024    32.7318       2782    11.5875  0.000e+00
     66.327     4.9383   3.147139    32.7335       2783    11.5917  0.000e+00
     66.280     4.9382   3.147121    32.7334       2784    11.5958  0.000e+00
     66.227     4.9379   3.147005    32.7324       2785    11.6000  0.000e+00
     66.178     4.9377   3.146902    32.7314       2786    11.6042  0.000e+00
     66.130     4.9374   3.146993    32.7328       2787    11.6083  0.000e+00
     66.080     4.9370   3.146944    32.7326       2788    11.6125  0.000e+00
     66.030     4.9368   3.146920    32.7326       2789    11.6167  0.000e+00
     65.973     4.9368   3.146884    32.7322       2790    11.6208  0.000e+00
     65.926     4.9366   3.146841    32.7320       2791    11.6250  0.000e+00
     65.871     4.9366   3.146823    32.7318       2792    11.6292  0.000e+00
     65.820     4.9362   3.146841    32.7324       2793    11.6333  0.000e+00
     65.761     4.9362   3.146762    32.7315       2794    11.6375  0.000e+00
     65.703     4.9359   3.146701    32.7311       2795    11.6417  0.000e+00
     65.647     4.9359   3.146665    32.7308       2796    11.6458  0.000e+00
     65.584     4.9355   3.146683    32.7313       2797    11.6500  0.000e+00
     65.523     4.9352   3.146646    32.7313       2798    11.6542  0.000e+00
     65.456     4.9351   3.146634    32.7313       2799    11.6583  0.000e+00
     65.388     4.9350   3.146567    32.7306       2800    11.6625  0.000e+00
     65.317     4.9349   3.146464    32.7296       2801    11.6667  0.000e+00
     65.244     4.9343   3.146209    32.7273       2802    11.6708  0.000e+00
     65.170     4.9335   3.146045    32.7263       2803    11.6750  0.000e+00
     65.097     4.9323   3.145808    32.7247       2804    11.6792  0.000e+00
     65.026     4.9308   3.145650    32.7244       2805    11.6833  0.000e+00
     64.962     4.9292   3.145412    32.7232       2806    11.6875  0.000e+00
     64.909     4.9276   3.144872    32.7187       2807    11.6917  0.000e+00
     64.856     4.9250   3.144756    32.7198       2808    11.6958  0.000e+00
     64.809     4.9228   3.144732    32.7218       2809    11.7000  0.000e+00
     64.768     4.9214   3.144677    32.7226       2810    11.7042  0.000e+00
     64.730     4.9203   3.144574    32.7225       2811    11.7083  0.000e+00
     64.694     4.9193   3.144373    32.7212       2812    11.7125  0.000e+00
     64.663     4.9181   3.144458    32.7233       2813    11.7167  0.000e+00
     64.625     4.9173   3.144294    32.7222       2814    11.7208  0.000e+00
     64.587     4.9166   3.144179    32.7217       2815    11.7250  0.000e+00
     64.550     4.9157   3.144179    32.7226       2816    11.7292  0.000e+00
     64.516     4.9149   3.144240    32.7240       2817    11.7333  0.000e+00
     64.472     4.9148   3.144179    32.7235       2818    11.7375  0.000e+00
     64.426     4.9144   3.144118    32.7231       2819    11.7417  0.000e+00
     64.376     4.9141   3.144118    32.7235       2820    11.7458  0.000e+00
     64.328     4.9138   3.144027    32.7227       2821    11.7500  0.000e+00
     64.269     4.9135   3.143899    32.7216       2822    11.7542  0.000e+00
     64.204     4.9127   3.143978    32.7233       2823    11.7583  0.000e+00
     64.135     4.9125   3.143978    32.7236       2824    11.7625  0.000e+00
     64.057     4.9122   3.143996    32.7241       2825    11.7667  0.000e+00
     63.980     4.9125   3.143802    32.7217       2826    11.7708  0.000e+00
     63.898     4.9118   3.141809    32.6994       2827    11.7750  0.000e+00
     63.810     4.9071   3.141651    32.7023       2828    11.7792  0.000e+00
     63.729     4.9019   3.141475    32.7054       2829    11.7833  0.000e+00
     63.656     4.8979   3.141511    32.7097       2830    11.7875  0.000e+00
     63.582     4.8955   3.141511    32.7122       2831    11.7917  0.000e+00
     63.508     4.8941   3.141451    32.7129       2832    11.7958  0.000e+00
     63.439     4.8932   3.141475    32.7140       2833    11.8000  0.000e+00
     63.365     4.8926   3.141451    32.7144       2834    11.8042  0.000e+00
     63.301     4.8923   3.141074    32.7104       2835    11.8083  0.000e+00
     63.241     4.8912   3.140837    32.7087       2836    11.8125  0.000e+00
     63.180     4.8895   3.141214    32.7148       2837    11.8167  0.000e+00
     63.114     4.8892   3.141098    32.7138       2838    11.8208  0.000e+00
     63.054     4.8891   3.140837    32.7109       2839    11.8250  0.000e+00
     62.997     4.8883   3.140418    32.7070       2840    11.8292  0.000e+00
     62.937     4.8868   3.140163    32.7055       2841    11.8333  0.000e+00
     62.881     4.8849   3.139811    32.7034       2842    11.8375  0.000e+00
     62.827     4.8824   3.139586    32.7032       2843    11.8417  0.000e+00
     62.766     4.8801   3.139470    32.7042       2844    11.8458  0.000e+00
     62.710     4.8785   3.139410    32.7051       2845    11.8500  0.000e+00
     62.658     4.8772   3.139410    32.7064       2846    11.8542  0.000e+00
     62.608     4.8762   3.139367    32.7069       2847    11.8583  0.000e+00
     62.563     4.8758   3.139349    32.7071       2848    11.8625  0.000e+00
     62.526     4.8755   3.139306    32.7070       2849    11.8667  0.000e+00
     62.483     4.8750   3.139209    32.7063       2850    11.8708  0.000e+00
     62.444     4.8746   3.139057    32.7051       2851    11.8750  0.000e+00
     62.404     4.8740   3.138893    32.7037       2852    11.8792  0.000e+00
     62.368     4.8731   3.138754    32.7031       2853    11.8833  0.000e+00
     62.337     4.8719   3.138657    32.7031       2854    11.8875  0.000e+00
     62.297     4.8709   3.138553    32.7029       2855    11.8917  0.000e+00
     62.251     4.8699   3.138317    32.7011       2856    11.8958  0.000e+00
     62.202     4.8686   3.138159    32.7007       2857    11.9000  0.000e+00
     62.152     4.8675   3.138055    32.7006       2858    11.9042  0.000e+00
     62.099     4.8664   3.138019    32.7013       2859    11.9083  0.000e+00
     62.046     4.8656   3.137940    32.7012       2860    11.9125  0.000e+00
     61.988     4.8645   3.137867    32.7014       2861    11.9167  0.000e+00
     61.928     4.8641   3.137800    32.7011       2862    11.9208  0.000e+00
     61.865     4.8635   3.137782    32.7015       2863    11.9250  0.000e+00
     61.809     4.8632   3.137721    32.7012       2864    11.9292  0.000e+00
     61.752     4.8628   3.137521    32.6992       2865    11.9333  0.000e+00
     61.689     4.8624   3.137406    32.6984       2866    11.9375  0.000e+00
     61.627     4.8615   3.137302    32.6981       2867    11.9417  0.000e+00
     61.564     4.8607   3.137126    32.6968       2868    11.9458  0.000e+00
     61.502     4.8599   3.137066    32.6969       2869    11.9500  0.000e+00
     61.438     4.8590   3.136987    32.6969       2870    11.9542  0.000e+00
     61.374     4.8584   3.136750    32.6948       2871    11.9583  0.000e+00
     61.313     4.8577   3.136628    32.6942       2872    11.9625  0.000e+00
     61.245     4.8566   3.136653    32.6956       2873    11.9667  0.000e+00
     61.177     4.8560   3.136610    32.6957       2874    11.9708  0.000e+00
     61.106     4.8555   3.136592    32.6960       2875    11.9750  0.000e+00
     61.028     4.8551   3.136531    32.6957       2876    11.9792  0.000e+00
     60.954     4.8548   3.136452    32.6952       2877    11.9833  0.000e+00
     60.873     4.8547   3.136410    32.6949       2878    11.9875  0.000e+00
     60.798     4.8542   3.136313    32.6942       2879    11.9917  0.000e+00
     60.722     4.8537   3.136191    32.6933       2880    11.9958  0.000e+00
     60.645     4.8534   3.136112    32.6928       2881    12.0000  0.000e+00
