HB2503/sbe015.cnv
* Sea-Bird SBE 19plus V2 Data File:
* FileName = C:\cruise\data\sbe015.hex
* Software Version Seasave V 7.26.7.121
* Temperature SN = 6128
* Conductivity SN = 6128
* System UpLoad Time = May 29 2025 05:50:22
* NMEA Latitude = 39 11.00 N
* NMEA Longitude = 073 33.13 W
* NMEA UTC (Time) = May 29 2025  05:48:32
** Ship: Henry Bigelow
** Cruise:  HB2502
** Program:  Spring Bottom Trawl
# nquan = 7
# nvalues = 1403                                  
# units = specified
# name 0 = depSM: Depth [salt water, m]
# name 1 = tv290C: Temperature [ITS-90, deg C]
# name 2 = c0S/m: Conductivity [S/m]
# name 3 = sal00: Salinity, Practical [PSU]
# name 4 = scan: Scan Count
# name 5 = timeM: Time, Elapsed [minutes]
# name 6 = flag:  0.000e+00
# span 0 =     -0.053,     34.725                 
# span 1 =     7.6274,    14.6984                 
# span 2 =   0.018302,   3.973194                 
# span 3 =     0.1097,    33.8483                 
# span 4 =         11,       1413                 
# span 5 =     0.0417,     5.8833                 
# span 6 = 0.0000e+00, 0.0000e+00                 
# interval = seconds: 0.25
# start_time = May 29 2025 05:48:32 [NMEA time, header]
# bad_flag = -9.990e-29
*END*
[from data line 1231]
      4.917    14.5221   3.968080    32.4600       1242     5.1708  0.000e+00
      4.833    14.5225   3.968060    32.4596       1243     5.1750  0.000e+00
      4.774    14.5224   3.968080    32.4598       1244     5.1792  0.000e+00
      4.747    14.5225   3.968060    32.4595       1245     5.1833  0.000e+00
      4.746    14.5223   3.968106    32.4602       1246     5.1875  0.000e+00
      4.758    14.5226   3.968080    32.4597       1247     5.1917  0.000e+00
      4.768    14.5228   3.968053    32.4592       1248     5.1958  0.000e+00
      4.768    14.5227   3.968106    32.4598       1249     5.2000  0.000e+00
      4.768    14.5227   3.968080    32.4596       1250     5.2042  0.000e+00
      4.756    14.5226   3.968106    32.4599       1251     5.2083  0.000e+00
      4.725    14.5227   3.967986    32.4587       1252     5.2125  0.000e+00
      4.678    14.5225   3.967913    32.4582       1253     5.2167  0.000e+00
      4.598    14.5217   3.967913    32.4589       1254     5.2208  0.000e+00
      4.482    14.5213   3.968006    32.4602       1255     5.2250  0.000e+00
      4.326    14.5212   3.968006    32.4603       1256     5.2292  0.000e+00
      4.151    14.5214   3.968006    32.4603       1257     5.2333  0.000e+00
      3.981    14.5216   3.968006    32.4601       1258     5.2375  0.000e+00
      3.858    14.5221   3.967959    32.4593       1259     5.2417  0.000e+00
      3.791    14.5220   3.967866    32.4586       1260     5.2458  0.000e+00
      3.787    14.5216   3.967893    32.4592       1261     5.2500  0.000e+00
      3.838    14.5212   3.967866    32.4593       1262     5.2542  0.000e+00
      3.924    14.5207   3.967866    32.4597       1263     5.2583  0.000e+00
      4.017    14.5204   3.967866    32.4599       1264     5.2625  0.000e+00
      4.107    14.5202   3.967833    32.4597       1265     5.2667  0.000e+00
      4.198    14.5198   3.967866    32.4603       1266     5.2708  0.000e+00
      4.276    14.5200   3.967913    32.4605       1267     5.2750  0.000e+00
      4.341    14.5202   3.967846    32.4597       1268     5.2792  0.000e+00
      4.395    14.5202   3.967913    32.4603       1269     5.2833  0.000e+00
      4.417    14.5202   3.967986    32.4610       1270     5.2875  0.000e+00
      4.411    14.5204   3.967940    32.4604       1271     5.2917  0.000e+00
      4.384    14.5203   3.967986    32.4609       1272     5.2958  0.000e+00
      4.335    14.5209   3.968099    32.4615       1273     5.3000  0.000e+00
      4.275    14.5214   3.967893    32.4592       1274     5.3042  0.000e+00
      4.188    14.5212   3.967700    32.4576       1275     5.3083  0.000e+00
      4.114    14.5202   3.967726    32.4587       1276     5.3125  0.000e+00
      4.038    14.5191   3.967540    32.4579       1277     5.3167  0.000e+00
      3.982    14.5181   3.967680    32.4601       1278     5.3208  0.000e+00
      3.924    14.5176   3.967513    32.4590       1279     5.3250  0.000e+00
      3.850    14.5169   3.967586    32.4603       1280     5.3292  0.000e+00
      3.761    14.5161   3.967233    32.4578       1281     5.3333  0.000e+00
      3.651    14.5144   3.967180    32.4588       1282     5.3375  0.000e+00
      3.526    14.5130   3.967486    32.4628       1283     5.3417  0.000e+00
      3.392    14.5130   3.967746    32.4652       1284     5.3458  0.000e+00
      3.280    14.5146   3.967679    32.4633       1285     5.3500  0.000e+00
      3.162    14.5161   3.967559    32.4610       1286     5.3542  0.000e+00
      3.059    14.5163   3.967633    32.4615       1287     5.3583  0.000e+00
      2.970    14.5168   3.967606    32.4609       1288     5.3625  0.000e+00
      2.896    14.5168   3.967513    32.4600       1289     5.3667  0.000e+00
      2.829    14.5165   3.967033    32.4560       1290     5.3708  0.000e+00
      2.784    14.5141   3.967019    32.4579       1291     5.3750  0.000e+00
      2.761    14.5119   3.966899    32.4587       1292     5.3792  0.000e+00
      2.773    14.5097   3.967086    32.4622       1293     5.3833  0.000e+00
      2.825    14.5093   3.967346    32.4649       1294     5.3875  0.000e+00
      2.918    14.5104   3.967466    32.4650       1295     5.3917  0.000e+00
      3.035    14.5119   3.967439    32.4635       1296     5.3958  0.000e+00
      3.169    14.5132   3.967419    32.4622       1297     5.4000  0.000e+00
      3.319    14.5135   3.967606    32.4635       1298     5.4042  0.000e+00
      3.475    14.5144   3.967866    32.4651       1299     5.4083  0.000e+00
      3.607    14.5164   3.968079    32.4653       1300     5.4125  0.000e+00
      3.717    14.5186   3.968173    32.4642       1301     5.4167  0.000e+00
      3.813    14.5209   3.968219    32.4627       1302     5.4208  0.000e+00
      3.849    14.5227   3.968293    32.4618       1303     5.4250  0.000e+00
      3.829    14.5241   3.968366    32.4614       1304     5.4292  0.000e+00
      3.782    14.5251   3.968386    32.4607       1305     5.4333  0.000e+00
      3.674    14.5260   3.968319    32.4594       1306     5.4375  0.000e+00
      3.491    14.5261   3.968152    32.4579       1307     5.4417  0.000e+00
      3.243    14.5258   3.968079    32.4576       1308     5.4458  0.000e+00
      2.964    14.5249   3.968199    32.4595       1309     5.4500  0.000e+00
      2.707    14.5245   3.968339    32.4612       1310     5.4542  0.000e+00
      2.486    14.5253   3.968319    32.4604       1311     5.4583  0.000e+00
      2.318    14.5261   3.968292    32.4596       1312     5.4625  0.000e+00
      2.221    14.5266   3.968292    32.4593       1313     5.4667  0.000e+00
      2.193    14.5268   3.968292    32.4591       1314     5.4708  0.000e+00
      2.237    14.5268   3.968279    32.4590       1315     5.4750  0.000e+00
      2.344    14.5268   3.968245    32.4586       1316     5.4792  0.000e+00
      2.492    14.5267   3.968265    32.4588       1317     5.4833  0.000e+00
      2.647    14.5267   3.968265    32.4587       1318     5.4875  0.000e+00
      2.785    14.5265   3.968292    32.4591       1319     5.4917  0.000e+00
      2.904    14.5266   3.968265    32.4588       1320     5.4958  0.000e+00
      3.009    14.5265   3.968292    32.4590       1321     5.5000  0.000e+00
      3.081    14.5264   3.968292    32.4591       1322     5.5042  0.000e+00
      3.097    14.5266   3.968319    32.4592       1323     5.5083  0.000e+00
      3.061    14.5265   3.968352    32.4596       1324     5.5125  0.000e+00
      2.953    14.5267   3.968319    32.4591       1325     5.5167  0.000e+00
      2.759    14.5266   3.968245    32.4586       1326     5.5208  0.000e+00
      2.504    14.5264   3.968265    32.4590       1327     5.5250  0.000e+00
      2.227    14.5263   3.968245    32.4591       1328     5.5292  0.000e+00
      1.988    14.5264   3.968245    32.4591       1329     5.5333  0.000e+00
      1.823    14.5263   3.968218    32.4589       1330     5.5375  0.000e+00
      1.774    14.5264   3.968218    32.4589       1331     5.5417  0.000e+00
      1.822    14.5263   3.968225    32.4591       1332     5.5458  0.000e+00
      1.954    14.5263   3.968265    32.4593       1333     5.5500  0.000e+00
      2.109    14.5264   3.968245    32.4590       1334     5.5542  0.000e+00
      2.258    14.5263   3.968219    32.4588       1335     5.5583  0.000e+00
      2.390    14.5263   3.968265    32.4591       1336     5.5625  0.000e+00
      2.495    14.5263   3.968292    32.4594       1337     5.5667  0.000e+00
      2.578    14.5264   3.968292    32.4593       1338     5.5708  0.000e+00
      2.602    14.5266   3.968319    32.4593       1339     5.5750  0.000e+00
      2.560    14.5265   3.968339    32.4596       1340     5.5792  0.000e+00
      2.462    14.5269   3.968279    32.4588       1341     5.5833  0.000e+00
      2.321    14.5269   3.968339    32.4594       1342     5.5875  0.000e+00
      2.161    14.5270   3.968319    32.4592       1343     5.5917  0.000e+00
      2.002    14.5271   3.968105    32.4572       1344     5.5958  0.000e+00
      1.855    14.5265   3.968198    32.4586       1345     5.6000  0.000e+00
      1.732    14.5261   3.968218    32.4592       1346     5.6042  0.000e+00
      1.654    14.5260   3.968245    32.4596       1347     5.6083  0.000e+00
      1.623    14.5262   3.968198    32.4590       1348     5.6125  0.000e+00
      1.623    14.5263   3.968198    32.4589       1349     5.6167  0.000e+00
      1.634    14.5260   3.968198    32.4591       1350     5.6208  0.000e+00
      1.659    14.5261   3.968218    32.4592       1351     5.6250  0.000e+00
      1.700    14.5260   3.968198    32.4591       1352     5.6292  0.000e+00
      1.749    14.5261   3.968172    32.4588       1353     5.6333  0.000e+00
      1.800    14.5257   3.968078    32.4582       1354     5.6375  0.000e+00
      1.827    14.5254   3.968032    32.4580       1355     5.6417  0.000e+00
      1.845    14.5247   3.968059    32.4589       1356     5.6458  0.000e+00
      1.854    14.5242   3.967865    32.4575       1357     5.6500  0.000e+00
      1.835    14.5234   3.967925    32.4587       1358     5.6542  0.000e+00
      1.801    14.5227   3.968032    32.4603       1359     5.6583  0.000e+00
      1.732    14.5230   3.968105    32.4607       1360     5.6625  0.000e+00
      1.625    14.5235   3.967985    32.4593       1361     5.6667  0.000e+00
      1.484    14.5235   3.968078    32.4601       1362     5.6708  0.000e+00
      1.311    14.5241   3.968198    32.4608       1363     5.6750  0.000e+00
      1.189    14.5247   3.968265    32.4610       1364     5.6792  0.000e+00
      1.139    14.5256   3.968265    32.4602       1365     5.6833  0.000e+00
      1.159    14.5263   3.968298    32.4599       1366     5.6875  0.000e+00
      1.202    14.5268   3.968291    32.4594       1367     5.6917  0.000e+00
      1.286    14.5270   3.968292    32.4593       1368     5.6958  0.000e+00
      1.383    14.5271   3.968245    32.4587       1369     5.7000  0.000e+00
      1.481    14.5273   3.968245    32.4585       1370     5.7042  0.000e+00
      1.584    14.5271   3.968218    32.4584       1371     5.7083  0.000e+00
      1.676    14.5268   3.968172    32.4582       1372     5.7125  0.000e+00
      1.741    14.5266   3.968105    32.4578       1373     5.7167  0.000e+00
      1.745    14.5261   3.968078    32.4579       1374     5.7208  0.000e+00
      1.688    14.5253   3.967905    32.4570       1375     5.7250  0.000e+00
      1.538    14.5243   3.968005    32.4588       1376     5.7292  0.000e+00
      1.306    14.5235   3.967938    32.4589       1377     5.7333  0.000e+00
      0.991    14.5232   3.968218    32.4619       1378     5.7375  0.000e+00
      0.669    14.5239   3.967911    32.4586       1379     5.7417  0.000e+00
      0.461    14.5242   3.967865    32.4581       1380     5.7458  0.000e+00
      0.452    14.5234   3.967911    32.4591       1381     5.7500  0.000e+00
      0.606    14.5230   3.967911    32.4594       1382     5.7542  0.000e+00
      0.792    14.5228   3.967852    32.4589       1383     5.7583  0.000e+00
      0.908    14.5225   3.967845    32.4591       1384     5.7625  0.000e+00
      1.007    14.5220   3.967798    32.4591       1385     5.7667  0.000e+00
      1.082    14.5214   3.967818    32.4597       1386     5.7708  0.000e+00
      1.125    14.5212   3.967772    32.4594       1387     5.7750  0.000e+00
      1.053    14.5208   3.967632    32.4585       1388     5.7792  0.000e+00
      0.797    14.5199   3.967278    32.4561       1389     5.7833  0.000e+00
      0.492    14.5181   3.967158    32.4567       1390     5.7875  0.000e+00
      0.179    14.5160   3.967158    32.4586       1391     5.7917  0.000e+00
     -0.022    14.5149   2.316035    17.9240       1392     5.7958  0.000e+00
     -0.039    14.5148   0.740547     5.2165       1393     5.8000  0.000e+00
     -0.051    14.5166   0.438528     2.9801       1394     5.8042  0.000e+00
      0.036    14.5209   0.371714     2.4995       1395     5.8083  0.000e+00
      0.307    14.5244   3.288655    26.3511       1396     5.8125  0.000e+00
      0.521    14.5244   1.168227     8.5179       1397     5.8167  0.000e+00
      0.677    14.5221   0.360858     2.4220       1398     5.8208  0.000e+00
      0.745    14.5204   0.550748     3.7991       1399     5.8250  0.000e+00
      0.803    14.5196   0.791223     5.5997       1400     5.8292  0.000e+00
      0.883    14.5188   1.153510     8.4032       1401     5.8333  0.000e+00
      0.876    14.5184   1.115922     8.1081       1402     5.8375  0.000e+00
      0.798    14.5185   0.521416     3.5837       1403     5.8417  0.000e+00
      0.715    14.5181   0.672860     4.7067       1404     5.8458  0.000e+00
      0.651    14.5180   1.402066    10.3780       1405     5.8500  0.000e+00
      0.574    14.5175   2.970709    23.5572       1406     5.8542  0.000e+00
      0.430    14.5165   2.539719    19.8284       1407     5.8583  0.000e+00
      0.286    14.5150   3.861293    31.4959       1408     5.8625  0.000e+00
      0.204    14.5139   3.927211    32.0963       1409     5.8667  0.000e+00
      0.132    14.5132   3.946336    32.2711       1410     5.8708  0.000e+00
      0.008    14.5127   3.966965    32.4596       1411     5.8750  0.000e+00
     -0.053    14.5125   3.761384    30.5926       1412     5.8792  0.000e+00
     -0.051    14.5130   0.806053     5.7135       1413     5.8833  0.000e+00
