HB2503/sbe022.cnv
* Sea-Bird SBE 19plus V2 Data File:
* FileName = C:\cruise\data\sbe022.hex
* Software Version Seasave V 7.26.7.121
* Temperature SN = 6128
* Conductivity SN = 6128
* System UpLoad Time = May 29 2025 23:44:03
* NMEA Latitude = 37 53.66 N
* NMEA Longitude = 074 29.37 W
* NMEA UTC (Time) = May 29 2025  23:42:14
** Ship: Henry Bigelow
** Cruise:  HB2502
** Program:  Spring Bottom Trawl
# nquan = 7
# nvalues = 1304                                  
# units = specified
# name 0 = depSM: Depth [salt water, m]
# name 1 = tv290C: Temperature [ITS-90, deg C]
# name 2 = c0S/m: Conductivity [S/m]
# name 3 = sal00: Salinity, Practical [PSU]
# name 4 = scan: Scan Count
# name 5 = timeM: Time, Elapsed [minutes]
# name 6 = flag:  0.000e+00
# span 0 =     -0.072,     51.354                 
# span 1 =     7.8239,    16.6443                 
# span 2 =   0.008861,   4.135124                 
# span 3 =     0.0527,    33.3681                 
# span 4 =         11,       1314                 
# span 5 =     0.0417,     5.4708                 
# span 6 = 0.0000e+00, 0.0000e+00                 
# interval = seconds: 0.25
# start_time = May 29 2025 23:42:14 [NMEA time, header]
# bad_flag = -9.990e-29
*END*
[from data line 821]
     29.959     7.9751   3.439672    33.0649        832     3.4625  0.000e+00
     29.924     7.9756   3.439703    33.0648        833     3.4667  0.000e+00
     29.875     7.9760   3.439741    33.0649        834     3.4708  0.000e+00
     29.821     7.9764   3.439760    33.0646        835     3.4750  0.000e+00
     29.756     7.9767   3.440100    33.0681        836     3.4792  0.000e+00
     29.669     7.9782   3.440307    33.0689        837     3.4833  0.000e+00
     29.581     7.9802   3.440421    33.0683        838     3.4875  0.000e+00
     29.487     7.9824   3.440559    33.0677        839     3.4917  0.000e+00
     29.391     7.9843   3.440817    33.0687        840     3.4958  0.000e+00
     29.293     7.9866   3.440937    33.0678        841     3.5000  0.000e+00
     29.202     7.9886   3.441188    33.0687        842     3.5042  0.000e+00
     29.108     7.9910   3.441478    33.0695        843     3.5083  0.000e+00
     29.019     7.9937   3.441692    33.0693        844     3.5125  0.000e+00
     28.943     7.9965   3.441988    33.0698        845     3.5167  0.000e+00
     28.868     7.9994   3.442296    33.0704        846     3.5208  0.000e+00
     28.808     8.0024   3.442825    33.0732        847     3.5250  0.000e+00
     28.756     8.0068   3.443498    33.0763        848     3.5292  0.000e+00
     28.708     8.0123   3.444241    33.0791        849     3.5333  0.000e+00
     28.671     8.0191   3.445135    33.0821        850     3.5375  0.000e+00
     28.637     8.0276   3.446036    33.0838        851     3.5417  0.000e+00
     28.611     8.0371   3.446584    33.0806        852     3.5458  0.000e+00
     28.593     8.0465   3.447150    33.0778        853     3.5500  0.000e+00
     28.568     8.0549   3.447717    33.0759        854     3.5542  0.000e+00
     28.551     8.0625   3.448215    33.0740        855     3.5583  0.000e+00
     28.531     8.0697   3.448807    33.0735        856     3.5625  0.000e+00
     28.511     8.0769   3.449374    33.0728        857     3.5667  0.000e+00
     28.486     8.0840   3.450123    33.0741        858     3.5708  0.000e+00
     28.457     8.0918   3.451119    33.0773        859     3.5750  0.000e+00
     28.421     8.1013   3.452656    33.0848        860     3.5792  0.000e+00
     28.376     8.1135   3.454327    33.0910        861     3.5833  0.000e+00
     28.327     8.1298   3.456174    33.0953        862     3.5875  0.000e+00
     28.267     8.1483   3.458494    33.1025        863     3.5917  0.000e+00
     28.209     8.1706   3.460827    33.1063        864     3.5958  0.000e+00
     28.140     8.1963   3.463155    33.1068        865     3.6000  0.000e+00
     28.074     8.2244   3.465439    33.1045        866     3.6042  0.000e+00
     27.994     8.2526   3.467434    33.0992        867     3.6083  0.000e+00
     27.912     8.2805   3.469606    33.0960        868     3.6125  0.000e+00
     27.827     8.3074   3.471317    33.0888        869     3.6167  0.000e+00
     27.734     8.3326   3.473294    33.0860        870     3.6208  0.000e+00
     27.644     8.3582   3.475069    33.0808        871     3.6250  0.000e+00
     27.553     8.3836   3.477444    33.0820        872     3.6292  0.000e+00
     27.461     8.4100   3.479840    33.0826        873     3.6333  0.000e+00
     27.372     8.4383   3.482451    33.0837        874     3.6375  0.000e+00
     27.278     8.4684   3.484538    33.0774        875     3.6417  0.000e+00
     27.189     8.4982   3.486536    33.0706        876     3.6458  0.000e+00
     27.102     8.5263   3.488308    33.0630        877     3.6500  0.000e+00
     27.024     8.5529   3.490206    33.0580        878     3.6542  0.000e+00
     26.953     8.5787   3.492630    33.0594        879     3.6583  0.000e+00
     26.893     8.6059   3.494618    33.0548        880     3.6625  0.000e+00
     26.836     8.6325   3.496537    33.0502        881     3.6667  0.000e+00
     26.788     8.6575   3.497987    33.0421        882     3.6708  0.000e+00
     26.757     8.6804   3.499615    33.0377        883     3.6750  0.000e+00
     26.731     8.7027   3.500813    33.0295        884     3.6792  0.000e+00
     26.709     8.7227   3.501903    33.0223        885     3.6833  0.000e+00
     26.693     8.7399   3.502758    33.0152        886     3.6875  0.000e+00
     26.681     8.7546   3.503557    33.0099        887     3.6917  0.000e+00
     26.667     8.7672   3.503956    33.0023        888     3.6958  0.000e+00
     26.651     8.7772   3.504837    33.0022        889     3.7000  0.000e+00
     26.633     8.7866   3.505839    33.0039        890     3.7042  0.000e+00
     26.604     8.7967   3.506612    33.0026        891     3.7083  0.000e+00
     26.569     8.8067   3.507639    33.0041        892     3.7125  0.000e+00
     26.524     8.8175   3.509035    33.0086        893     3.7167  0.000e+00
     26.472     8.8304   3.510925    33.0163        894     3.7208  0.000e+00
     26.408     8.8464   3.513114    33.0244        895     3.7250  0.000e+00
     26.325     8.8664   3.515284    33.0284        896     3.7292  0.000e+00
     26.238     8.8896   3.517023    33.0250        897     3.7333  0.000e+00
     26.130     8.9134   3.518490    33.0183        898     3.7375  0.000e+00
     26.022     8.9356   3.519861    33.0120        899     3.7417  0.000e+00
     25.908     8.9561   3.521779    33.0130        900     3.7458  0.000e+00
     25.790     8.9767   3.523932    33.0163        901     3.7500  0.000e+00
     25.668     8.9993   3.526715    33.0243        902     3.7542  0.000e+00
     25.559     9.0255   3.529130    33.0251        903     3.7583  0.000e+00
     25.451     9.0538   3.530923    33.0176        904     3.7625  0.000e+00
     25.352     9.0805   3.533085    33.0152        905     3.7667  0.000e+00
     25.265     9.1069   3.535095    33.0117        906     3.7708  0.000e+00
     25.188     9.1320   3.536500    33.0031        907     3.7750  0.000e+00
     25.127     9.1547   3.537327    32.9906        908     3.7792  0.000e+00
     25.083     9.1730   3.538733    32.9883        909     3.7833  0.000e+00
     25.044     9.1902   3.539987    32.9854        910     3.7875  0.000e+00
     25.022     9.2064   3.541158    32.9825        911     3.7917  0.000e+00
     25.007     9.2223   3.542043    32.9770        912     3.7958  0.000e+00
     24.996     9.2364   3.542527    32.9690        913     3.8000  0.000e+00
     24.980     9.2477   3.542743    32.9607        914     3.8042  0.000e+00
     24.977     9.2561   3.543112    32.9568        915     3.8083  0.000e+00
     24.968     9.2625   3.543411    32.9541        916     3.8125  0.000e+00
     24.961     9.2676   3.543717    32.9525        917     3.8167  0.000e+00
     24.945     9.2720   3.544150    32.9529        918     3.8208  0.000e+00
     24.915     9.2765   3.544933    32.9569        919     3.8250  0.000e+00
     24.883     9.2822   3.545971    32.9623        920     3.8292  0.000e+00
     24.839     9.2903   3.546767    32.9632        921     3.8333  0.000e+00
     24.792     9.2995   3.548016    32.9676        922     3.8375  0.000e+00
     24.734     9.3110   3.549386    32.9711        923     3.8417  0.000e+00
     24.667     9.3244   3.550386    32.9690        924     3.8458  0.000e+00
     24.597     9.3379   3.552036    32.9737        925     3.8500  0.000e+00
     24.526     9.3529   3.553540    32.9754        926     3.8542  0.000e+00
     24.434     9.3702   3.556633    32.9914        927     3.8583  0.000e+00
     24.347     9.3937   3.559490    32.9992        928     3.8625  0.000e+00
     24.265     9.4230   3.562258    33.0007        929     3.8667  0.000e+00
     24.173     9.4554   3.564989    32.9990        930     3.8708  0.000e+00
     24.078     9.4883   3.570167    33.0220        931     3.8750  0.000e+00
     23.993     9.5294   3.577642    33.0610        932     3.8792  0.000e+00
     23.895     9.5873   3.581701    33.0493        933     3.8833  0.000e+00
     23.812     9.6485   3.584623    33.0230        934     3.8875  0.000e+00
     23.729     9.7014   3.587156    33.0004        935     3.8917  0.000e+00
     23.645     9.7446   3.588256    32.9720        936     3.8958  0.000e+00
     23.567     9.7778   3.591821    32.9780        937     3.9000  0.000e+00
     23.498     9.8107   3.595548    32.9860        938     3.9042  0.000e+00
     23.438     9.8479   3.597623    32.9731        939     3.9083  0.000e+00
     23.377     9.8829   3.600102    32.9664        940     3.9125  0.000e+00
     23.327     9.9161   3.602114    32.9566        941     3.9167  0.000e+00
     23.285     9.9462   3.603703    32.9452        942     3.9208  0.000e+00
     23.249     9.9731   3.605761    32.9417        943     3.9250  0.000e+00
     23.219     9.9983   3.607530    32.9366        944     3.9292  0.000e+00
     23.197    10.0228   3.609018    32.9294        945     3.9333  0.000e+00
     23.175    10.0452   3.610461    32.9236        946     3.9375  0.000e+00
     23.160    10.0657   3.611526    32.9158        947     3.9417  0.000e+00
     23.146    10.0838   3.612591    32.9101        948     3.9458  0.000e+00
     23.124    10.0997   3.613450    32.9043        949     3.9500  0.000e+00
     23.102    10.1137   3.613964    32.8968        950     3.9542  0.000e+00
     23.082    10.1247   3.614560    32.8928        951     3.9583  0.000e+00
     23.051    10.1339   3.615183    32.8909        952     3.9625  0.000e+00
     23.013    10.1422   3.615831    32.8899        953     3.9667  0.000e+00
     22.971    10.1501   3.616826    32.8927        954     3.9708  0.000e+00
     22.920    10.1593   3.618052    32.8969        955     3.9750  0.000e+00
     22.856    10.1700   3.618720    32.8939        956     3.9792  0.000e+00
     22.791    10.1802   3.619272    32.8903        957     3.9833  0.000e+00
     22.717    10.1891   3.620113    32.8907        958     3.9875  0.000e+00
     22.644    10.1980   3.620562    32.8872        959     3.9917  0.000e+00
     22.570    10.2055   3.621185    32.8867        960     3.9958  0.000e+00
     22.497    10.2126   3.622348    32.8920        961     4.0000  0.000e+00
     22.419    10.2213   3.624191    32.9028        962     4.0042  0.000e+00
     22.339    10.2346   3.628542    32.9347        963     4.0083  0.000e+00
     22.267    10.2588   3.630837    32.9359        964     4.0125  0.000e+00
     22.182    10.2885   3.635062    32.9516        965     4.0167  0.000e+00
     22.102    10.3224   3.637609    32.9465        966     4.0208  0.000e+00
     22.019    10.3589   3.639488    32.9324        967     4.0250  0.000e+00
     21.941    10.3920   3.641907    32.9267        968     4.0292  0.000e+00
     21.856    10.4227   3.643330    32.9133        969     4.0333  0.000e+00
     21.782    10.4497   3.646260    32.9183        970     4.0375  0.000e+00
     21.714    10.4759   3.647895    32.9111        971     4.0417  0.000e+00
     21.651    10.5021   3.649963    32.9082        972     4.0458  0.000e+00
     21.598    10.5283   3.650923    32.8942        973     4.0500  0.000e+00
     21.549    10.5511   3.654274    32.9071        974     4.0542  0.000e+00
     21.517    10.5763   3.656730    32.9090        975     4.0583  0.000e+00
     21.491    10.6054   3.657774    32.8933        976     4.0625  0.000e+00
     21.477    10.6298   3.660851    32.9020        977     4.0667  0.000e+00
     21.471    10.6565   3.662431    32.8937        978     4.0708  0.000e+00
     21.476    10.6826   3.664005    32.8859        979     4.0750  0.000e+00
     21.478    10.7051   3.663759    32.8632        980     4.0792  0.000e+00
     21.485    10.7204   3.663333    32.8453        981     4.0833  0.000e+00
     21.490    10.7274   3.661843    32.8240        982     4.0875  0.000e+00
     21.503    10.7257   3.660262    32.8098        983     4.0917  0.000e+00
     21.504    10.7169   3.659024    32.8054        984     4.0958  0.000e+00
     21.486    10.7044   3.658031    32.8067        985     4.1000  0.000e+00
     21.459    10.6915   3.657941    32.8174        986     4.1042  0.000e+00
     21.414    10.6813   3.658328    32.8304        987     4.1083  0.000e+00
     21.342    10.6778   3.667006    32.9202        988     4.1125  0.000e+00
     21.247    10.7017   3.680094    33.0295        989     4.1167  0.000e+00
     21.131    10.7734   3.692273    33.0862        990     4.1208  0.000e+00
     20.996    10.8801   3.704158    33.1081        991     4.1250  0.000e+00
     20.845    11.0076   3.720315    33.1535        992     4.1292  0.000e+00
     20.686    11.1626   3.756132    33.3681        993     4.1333  0.000e+00
     20.522    11.3915   3.774697    33.3441        994     4.1375  0.000e+00
     20.359    11.6495   3.786175    33.2246        995     4.1417  0.000e+00
     20.208    11.8738   3.793924    33.1000        996     4.1458  0.000e+00
     20.069    12.0505   3.797614    32.9791        997     4.1500  0.000e+00
     19.946    12.1807   3.802235    32.9089        998     4.1542  0.000e+00
     19.845    12.2796   3.803898    32.8381        999     4.1583  0.000e+00
     19.774    12.3506   3.804264    32.7795       1000     4.1625  0.000e+00
     19.727    12.3954   3.805403    32.7513       1001     4.1667  0.000e+00
     19.705    12.4253   3.806032    32.7312       1002     4.1708  0.000e+00
     19.709    12.4465   3.806366    32.7160       1003     4.1750  0.000e+00
     19.735    12.4608   3.805442    32.6946       1004     4.1792  0.000e+00
     19.779    12.4666   3.805559    32.6907       1005     4.1833  0.000e+00
     19.821    12.4679   3.805795    32.6918       1006     4.1875  0.000e+00
     19.873    12.4686   3.805717    32.6904       1007     4.1917  0.000e+00
     19.911    12.4686   3.804930    32.6829       1008     4.1958  0.000e+00
     19.946    12.4653   3.803882    32.6758       1009     4.2000  0.000e+00
     19.966    12.4576   3.803037    32.6743       1010     4.2042  0.000e+00
     19.972    12.4480   3.802068    32.6734       1011     4.2083  0.000e+00
     19.963    12.4368   3.801132    32.6742       1012     4.2125  0.000e+00
     19.929    12.4244   3.801099    32.6846       1013     4.2167  0.000e+00
     19.872    12.4152   3.802278    32.7040       1014     4.2208  0.000e+00
     19.794    12.4136   3.804807    32.7297       1015     4.2250  0.000e+00
     19.702    12.4234   3.807899    32.7507       1016     4.2292  0.000e+00
     19.586    12.4449   3.812816    32.7791       1017     4.2333  0.000e+00
     19.456    12.4805   3.818692    32.8043       1018     4.2375  0.000e+00
     19.313    12.5321   3.824356    32.8135       1019     4.2417  0.000e+00
     19.164    12.5938   3.830128    32.8149       1020     4.2458  0.000e+00
     19.021    12.6621   3.838559    32.8358       1021     4.2500  0.000e+00
     18.880    12.7419   3.847143    32.8481       1022     4.2542  0.000e+00
     18.737    12.8328   3.856445    32.8574       1023     4.2583  0.000e+00
     18.617    12.9339   3.862664    32.8286       1024     4.2625  0.000e+00
     18.507    13.0331   3.869396    32.8063       1025     4.2667  0.000e+00
     18.403    13.1263   3.873875    32.7680       1026     4.2708  0.000e+00
     18.323    13.2097   3.877432    32.7297       1027     4.2750  0.000e+00
     18.258    13.2772   3.879841    32.6942       1028     4.2792  0.000e+00
     18.208    13.3286   3.882535    32.6754       1029     4.2833  0.000e+00
     18.166    13.3714   3.884523    32.6573       1030     4.2875  0.000e+00
     18.133    13.4069   3.885295    32.6342       1031     4.2917  0.000e+00
     18.113    13.4340   3.886332    32.6207       1032     4.2958  0.000e+00
     18.093    13.4546   3.888295    32.6214       1033     4.3000  0.000e+00
     18.078    13.4747   3.889934    32.6195       1034     4.3042  0.000e+00
     18.058    13.4954   3.891666    32.6180       1035     4.3083  0.000e+00
