HB2503/sbe087.cnv
* Sea-Bird SBE 19plus V2 Data File:
* FileName = C:\cruise\data\sbe087.hex
* Software Version Seasave V 7.26.7.121
* Temperature SN = 6128
* Conductivity SN = 6128
* System UpLoad Time = Jun 05 2025 11:49:04
* NMEA Latitude = 42 19.56 N
* NMEA Longitude = 070 16.37 W
* NMEA UTC (Time) = Jun 05 2025  11:47:22
** Ship: Henry Bigelow
** Cruise:  HB2502
** Program:  Spring Bottom Trawl
# nquan = 7
# nvalues = 1318                                  
# units = specified
# name 0 = depSM: Depth [salt water, m]
# name 1 = tv290C: Temperature [ITS-90, deg C]
# name 2 = c0S/m: Conductivity [S/m]
# name 3 = sal00: Salinity, Practical [PSU]
# name 4 = scan: Scan Count
# name 5 = timeM: Time, Elapsed [minutes]
# name 6 = flag:  0.000e+00
# span 0 =     -0.057,     30.783                 
# span 1 =     6.7182,    13.3153                 
# span 2 =   0.006849,   3.615313                 
# span 3 =     0.0437,    32.0312                 
# span 4 =         11,       1328                 
# span 5 =     0.0417,     5.5292                 
# span 6 = 0.0000e+00, 0.0000e+00                 
# interval = seconds: 0.25
# start_time = Jun 05 2025 11:47:22 [NMEA time, header]
# bad_flag = -9.990e-29
*END*
[from data line 1231]
      2.573    11.3906   3.510900    30.7716       1242     5.1708  0.000e+00
      2.548    11.3907   3.510799    30.7705       1243     5.1750  0.000e+00
      2.530    11.3902   3.510995    30.7729       1244     5.1792  0.000e+00
      2.522    11.3905   3.511294    30.7755       1245     5.1833  0.000e+00
      2.522    11.3919   3.511401    30.7754       1246     5.1875  0.000e+00
      2.520    11.3935   3.511351    30.7735       1247     5.1917  0.000e+00
      2.513    11.3946   3.511122    30.7705       1248     5.1958  0.000e+00
      2.496    11.3943   3.511294    30.7724       1249     5.2000  0.000e+00
      2.467    11.3942   3.511294    30.7725       1250     5.2042  0.000e+00
      2.438    11.3945   3.511446    30.7737       1251     5.2083  0.000e+00
      2.403    11.3951   3.511395    30.7727       1252     5.2125  0.000e+00
      2.372    11.3954   3.511484    30.7733       1253     5.2167  0.000e+00
      2.343    11.3961   3.511788    30.7758       1254     5.2208  0.000e+00
      2.314    11.3976   3.512302    30.7795       1255     5.2250  0.000e+00
      2.269    11.4005   3.512283    30.7769       1256     5.2292  0.000e+00
      2.240    11.4032   3.511725    30.7693       1257     5.2333  0.000e+00
      2.208    11.4027   3.511915    30.7716       1258     5.2375  0.000e+00
      2.163    11.4025   3.511915    30.7717       1259     5.2417  0.000e+00
      2.136    11.4024   3.512347    30.7760       1260     5.2458  0.000e+00
      2.114    11.4034   3.512004    30.7718       1261     5.2500  0.000e+00
      2.114    11.4040   3.511788    30.7692       1262     5.2542  0.000e+00
      2.139    11.4032   3.511782    30.7699       1263     5.2583  0.000e+00
      2.164    11.4020   3.511788    30.7709       1264     5.2625  0.000e+00
      2.187    11.4013   3.511744    30.7710       1265     5.2667  0.000e+00
      2.214    11.4009   3.511725    30.7712       1266     5.2708  0.000e+00
      2.214    11.4004   3.511788    30.7722       1267     5.2750  0.000e+00
      2.214    11.4003   3.511757    30.7720       1268     5.2792  0.000e+00
      2.212    11.4003   3.511852    30.7729       1269     5.2833  0.000e+00
      2.205    11.4006   3.511871    30.7728       1270     5.2875  0.000e+00
      2.201    11.4010   3.511896    30.7728       1271     5.2917  0.000e+00
      2.197    11.4015   3.511915    30.7726       1272     5.2958  0.000e+00
      2.192    11.4018   3.511915    30.7723       1273     5.3000  0.000e+00
      2.195    11.4017   3.511801    30.7712       1274     5.3042  0.000e+00
      2.186    11.4017   3.511725    30.7705       1275     5.3083  0.000e+00
      2.181    11.4010   3.511788    30.7718       1276     5.3125  0.000e+00
      2.172    11.4006   3.511960    30.7738       1277     5.3167  0.000e+00
      2.172    11.4012   3.512004    30.7737       1278     5.3208  0.000e+00
      2.172    11.4018   3.511985    30.7730       1279     5.3250  0.000e+00
      2.177    11.4024   3.512004    30.7727       1280     5.3292  0.000e+00
      2.190    11.4027   3.511934    30.7718       1281     5.3333  0.000e+00
      2.208    11.4023   3.511934    30.7720       1282     5.3375  0.000e+00
      2.231    11.4023   3.511896    30.7717       1283     5.3417  0.000e+00
      2.251    11.4022   3.511845    30.7713       1284     5.3458  0.000e+00
      2.284    11.4017   3.511788    30.7711       1285     5.3500  0.000e+00
      2.303    11.4012   3.511763    30.7713       1286     5.3542  0.000e+00
      2.324    11.4006   3.511744    30.7716       1287     5.3583  0.000e+00
      2.337    11.4001   3.511680    30.7714       1288     5.3625  0.000e+00
      2.355    11.3993   3.511420    30.7695       1289     5.3667  0.000e+00
      2.363    11.3984   3.511554    30.7716       1290     5.3708  0.000e+00
      2.367    11.3976   3.511661    30.7732       1291     5.3750  0.000e+00
      2.367    11.3975   3.511680    30.7735       1292     5.3792  0.000e+00
      2.375    11.3980   3.511699    30.7733       1293     5.3833  0.000e+00
      2.378    11.3984   3.511852    30.7745       1294     5.3875  0.000e+00
      2.378    11.3990   3.511934    30.7747       1295     5.3917  0.000e+00
      2.376    11.3999   3.511979    30.7744       1296     5.3958  0.000e+00
      2.360    11.4006   3.512023    30.7743       1297     5.4000  0.000e+00
      2.346    11.4014   3.512042    30.7738       1298     5.4042  0.000e+00
      2.320    11.4019   3.512042    30.7734       1299     5.4083  0.000e+00
      2.301    11.4023   3.512093    30.7736       1300     5.4125  0.000e+00
      2.285    11.4026   3.512042    30.7728       1301     5.4167  0.000e+00
      2.279    11.4028   3.512086    30.7731       1302     5.4208  0.000e+00
      2.281    11.4030   3.512042    30.7725       1303     5.4250  0.000e+00
      2.276    11.4032   3.512112    30.7730       1304     5.4292  0.000e+00
      2.282    11.4032   3.512150    30.7734       1305     5.4333  0.000e+00
      2.291    11.4036   3.512118    30.7728       1306     5.4375  0.000e+00
      2.311    11.4038   3.512023    30.7717       1307     5.4417  0.000e+00
      2.308    11.4034   3.512258    30.7742       1308     5.4458  0.000e+00
      2.275    11.4036   3.512347    30.7749       1309     5.4500  0.000e+00
      2.185    11.4046   3.512391    30.7746       1310     5.4542  0.000e+00
      2.023    11.4053   3.512435    30.7745       1311     5.4583  0.000e+00
      1.864    11.4060   3.512492    30.7745       1312     5.4625  0.000e+00
      1.695    11.4069   3.512860    30.7775       1313     5.4667  0.000e+00
      1.536    11.4088   3.513292    30.7801       1314     5.4708  0.000e+00
      1.370    11.4120   3.513438    30.7789       1315     5.4750  0.000e+00
      1.198    11.4150   3.513837    30.7804       1316     5.4792  0.000e+00
      1.033    11.4185   3.515031    30.7892       1317     5.4833  0.000e+00
      0.876    11.4246   3.516059    30.7942       1318     5.4875  0.000e+00
      0.715    11.4334   3.516300    30.7892       1319     5.4917  0.000e+00
      0.550    11.4413   3.518300    30.8022       1320     5.4958  0.000e+00
      0.421    11.4527   3.519677    30.8061       1321     5.5000  0.000e+00
      0.294    11.4662   3.522237    30.8197       1322     5.5042  0.000e+00
      0.138    11.4849   3.522967    30.8113       1323     5.5083  0.000e+00
     -0.045    11.5018   1.384522    11.0807       1324     5.5125  0.000e+00
     -0.056    11.5190   0.580727     4.3488       1325     5.5167  0.000e+00
     -0.057    11.5408   0.368094     2.6736       1326     5.5208  0.000e+00
     -0.053    11.5674   0.320644     2.3077       1327     5.5250  0.000e+00
     -0.054    11.5827   0.288932     2.0658       1328     5.5292  0.000e+00
