HB2503/sbe006.cnv
* Sea-Bird SBE 19plus V2 Data File:
* FileName = C:\cruise\data\sbe006.hex
* Software Version Seasave V 7.26.7.121
* Temperature SN = 6128
* Conductivity SN = 6128
* System UpLoad Time = May 28 2025 09:42:01
* NMEA Latitude = 39 50.56 N
* NMEA Longitude = 071 49.42 W
* NMEA UTC (Time) = May 28 2025  09:40:09
** Ship: Henry Bigelow
** Cruise:  HB2502
** Program:  Spring Bottom Trawl
# nquan = 7
# nvalues = 4487                                  
# units = specified
# name 0 = depSM: Depth [salt water, m]
# name 1 = tv290C: Temperature [ITS-90, deg C]
# name 2 = c0S/m: Conductivity [S/m]
# name 3 = sal00: Salinity, Practical [PSU]
# name 4 = scan: Scan Count
# name 5 = timeM: Time, Elapsed [minutes]
# name 6 = flag:  0.000e+00
# span 0 =     -0.054,    169.732                 
# span 1 =     6.4767,    13.0052                 
# span 2 =   0.009218,   3.983081                 
# span 3 =     0.0581,    35.3331                 
# span 4 =         11,       4497                 
# span 5 =     0.0417,    18.7333                 
# span 6 = 0.0000e+00, 0.0000e+00                 
# interval = seconds: 0.25
# start_time = May 28 2025 09:40:09 [NMEA time, header]
# bad_flag = -9.990e-29
*END*
[from data line 1436]
    165.725    11.4574   3.980638    35.2505       1447     6.0250  0.000e+00
    165.621    11.4581   3.980491    35.2484       1448     6.0292  0.000e+00
    165.516    11.4587   3.980378    35.2467       1449     6.0333  0.000e+00
    165.416    11.4585   3.980398    35.2471       1450     6.0375  0.000e+00
    165.320    11.4584   3.980378    35.2471       1451     6.0417  0.000e+00
    165.228    11.4585   3.980331    35.2465       1452     6.0458  0.000e+00
    165.138    11.4582   3.980091    35.2445       1453     6.0500  0.000e+00
    165.055    11.4575   3.979997    35.2442       1454     6.0542  0.000e+00
    164.977    11.4568   3.979971    35.2447       1455     6.0583  0.000e+00
    164.905    11.4562   3.980278    35.2483       1456     6.0625  0.000e+00
    164.838    11.4566   3.980511    35.2503       1457     6.0667  0.000e+00
    164.773    11.4577   3.980591    35.2501       1458     6.0708  0.000e+00
    164.709    11.4591   3.980471    35.2476       1459     6.0750  0.000e+00
    164.646    11.4596   3.980871    35.2511       1460     6.0792  0.000e+00
    164.581    11.4606   3.980805    35.2495       1461     6.0833  0.000e+00
    164.516    11.4616   3.980945    35.2500       1462     6.0875  0.000e+00
    164.450    11.4624   3.980805    35.2478       1463     6.0917  0.000e+00
    164.387    11.4628   3.980611    35.2456       1464     6.0958  0.000e+00
    164.323    11.4622   3.980824    35.2483       1465     6.1000  0.000e+00
    164.255    11.4624   3.981085    35.2508       1466     6.1042  0.000e+00
    164.186    11.4631   3.980804    35.2473       1467     6.1083  0.000e+00
    164.117    11.4635   3.979763    35.2367       1468     6.1125  0.000e+00
    164.048    11.4607   3.975987    35.2020       1469     6.1167  0.000e+00
    163.974    11.4491   3.972060    35.1742       1470     6.1208  0.000e+00
    163.905    11.4291   3.965821    35.1316       1471     6.1250  0.000e+00
    163.830    11.4008   3.960653    35.1074       1472     6.1292  0.000e+00
    163.755    11.3651   3.955467    35.0900       1473     6.1333  0.000e+00
    163.678    11.3279   3.953045    35.1014       1474     6.1375  0.000e+00
    163.601    11.2957   3.951774    35.1194       1475     6.1417  0.000e+00
    163.523    11.2714   3.951548    35.1404       1476     6.1458  0.000e+00
    163.452    11.2547   3.942943    35.0709       1477     6.1500  0.000e+00
    163.372    11.2266   3.927408    34.9434       1478     6.1542  0.000e+00
    163.294    11.1686   3.920761    34.9323       1479     6.1583  0.000e+00
    163.212    11.1054   3.916359    34.9485       1480     6.1625  0.000e+00
    163.133    11.0511   3.914961    34.9863       1481     6.1667  0.000e+00
    163.050    11.0120   3.913855    35.0126       1482     6.1708  0.000e+00
    162.963    10.9848   3.913550    35.0354       1483     6.1750  0.000e+00
    162.882    10.9674   3.913478    35.0513       1484     6.1792  0.000e+00
    162.796    10.9572   3.913597    35.0623       1485     6.1833  0.000e+00
    162.715    10.9512   3.910297    35.0351       1486     6.1875  0.000e+00
    162.630    10.9414   3.907674    35.0183       1487     6.1917  0.000e+00
    162.551    10.9270   3.906396    35.0193       1488     6.1958  0.000e+00
    162.464    10.9139   3.906085    35.0287       1489     6.2000  0.000e+00
    162.387    10.9044   3.905794    35.0349       1490     6.2042  0.000e+00
    162.299    10.8980   3.905052    35.0337       1491     6.2083  0.000e+00
    162.223    10.8923   3.904728    35.0359       1492     6.2125  0.000e+00
    162.145    10.8878   3.904337    35.0363       1493     6.2167  0.000e+00
    162.067    10.8839   3.902762    35.0243       1494     6.2208  0.000e+00
    161.987    10.8780   3.900697    35.0092       1495     6.2250  0.000e+00
    161.911    10.8688   3.898791    34.9990       1496     6.2292  0.000e+00
    161.842    10.8573   3.897600    34.9981       1497     6.2333  0.000e+00
    161.767    10.8463   3.896859    35.0012       1498     6.2375  0.000e+00
    161.696    10.8376   3.896462    35.0056       1499     6.2417  0.000e+00
    161.619    10.8307   3.896046    35.0081       1500     6.2458  0.000e+00
    161.534    10.8254   3.895794    35.0106       1501     6.2500  0.000e+00
    161.440    10.8220   3.895655    35.0126       1502     6.2542  0.000e+00
    161.333    10.8198   3.895563    35.0137       1503     6.2583  0.000e+00
    161.226    10.8186   3.895722    35.0165       1504     6.2625  0.000e+00
    161.126    10.8192   3.895609    35.0149       1505     6.2667  0.000e+00
    161.012    10.8204   3.895702    35.0147       1506     6.2708  0.000e+00
    160.903    10.8226   3.895496    35.0106       1507     6.2750  0.000e+00
    160.799    10.8248   3.895708    35.0107       1508     6.2792  0.000e+00
    160.692    10.8269   3.895840    35.0100       1509     6.2833  0.000e+00
    160.583    10.8286   3.895708    35.0071       1510     6.2875  0.000e+00
    160.475    10.8299   3.895192    35.0008       1511     6.2917  0.000e+00
    160.366    10.8298   3.894405    34.9930       1512     6.2958  0.000e+00
    160.263    10.8275   3.893803    34.9893       1513     6.3000  0.000e+00
    160.154    10.8241   3.893181    34.9862       1514     6.3042  0.000e+00
    160.052    10.8208   3.893023    34.9879       1515     6.3083  0.000e+00
    159.949    10.8183   3.893181    34.9920       1516     6.3125  0.000e+00
    159.843    10.8176   3.893525    34.9961       1517     6.3167  0.000e+00
    159.742    10.8185   3.893783    34.9979       1518     6.3208  0.000e+00
    159.636    10.8204   3.894034    34.9986       1519     6.3250  0.000e+00
    159.538    10.8225   3.894200    34.9983       1520     6.3292  0.000e+00
    159.439    10.8248   3.894325    34.9974       1521     6.3333  0.000e+00
    159.348    10.8265   3.894338    34.9960       1522     6.3375  0.000e+00
    159.254    10.8284   3.894338    34.9942       1523     6.3417  0.000e+00
    159.156    10.8301   3.894345    34.9926       1524     6.3458  0.000e+00
    159.062    10.8313   3.894265    34.9908       1525     6.3500  0.000e+00
    158.962    10.8321   3.894292    34.9903       1526     6.3542  0.000e+00
    158.866    10.8326   3.894246    34.9894       1527     6.3583  0.000e+00
    158.768    10.8331   3.894034    34.9868       1528     6.3625  0.000e+00
    158.667    10.8332   3.893624    34.9827       1529     6.3667  0.000e+00
    158.573    10.8329   3.893161    34.9784       1530     6.3708  0.000e+00
    158.475    10.8323   3.892771    34.9751       1531     6.3750  0.000e+00
    158.378    10.8314   3.892533    34.9736       1532     6.3792  0.000e+00
    158.282    10.8305   3.892301    34.9722       1533     6.3833  0.000e+00
    158.189    10.8298   3.892281    34.9727       1534     6.3875  0.000e+00
    158.084    10.8292   3.892235    34.9728       1535     6.3917  0.000e+00
    157.982    10.8292   3.892301    34.9735       1536     6.3958  0.000e+00
    157.885    10.8296   3.892050    34.9707       1537     6.4000  0.000e+00
    157.787    10.8300   3.891924    34.9691       1538     6.4042  0.000e+00
    157.686    10.8305   3.891679    34.9663       1539     6.4083  0.000e+00
    157.583    10.8302   3.891540    34.9652       1540     6.4125  0.000e+00
    157.472    10.8299   3.891355    34.9637       1541     6.4167  0.000e+00
    157.367    10.8294   3.891316    34.9638       1542     6.4208  0.000e+00
    157.259    10.8288   3.891170    34.9629       1543     6.4250  0.000e+00
    157.143    10.8285   3.890872    34.9602       1544     6.4292  0.000e+00
    157.028    10.8280   3.890615    34.9583       1545     6.4333  0.000e+00
    156.915    10.8275   3.890529    34.9579       1546     6.4375  0.000e+00
    156.806    10.8269   3.890482    34.9580       1547     6.4417  0.000e+00
    156.696    10.8263   3.890469    34.9585       1548     6.4458  0.000e+00
    156.585    10.8262   3.890410    34.9581       1549     6.4500  0.000e+00
    156.475    10.8257   3.890224    34.9568       1550     6.4542  0.000e+00
    156.368    10.8253   3.889993    34.9549       1551     6.4583  0.000e+00
    156.254    10.8244   3.889570    34.9516       1552     6.4625  0.000e+00
    156.154    10.8232   3.889213    34.9491       1553     6.4667  0.000e+00
    156.051    10.8216   3.888955    34.9481       1554     6.4708  0.000e+00
    155.961    10.8199   3.888816    34.9484       1555     6.4750  0.000e+00
    155.864    10.8185   3.888704    34.9487       1556     6.4792  0.000e+00
    155.770    10.8175   3.888519    34.9478       1557     6.4833  0.000e+00
    155.683    10.8166   3.888479    34.9483       1558     6.4875  0.000e+00
    155.600    10.8160   3.888519    34.9494       1559     6.4917  0.000e+00
    155.516    10.8156   3.888472    34.9492       1560     6.4958  0.000e+00
    155.444    10.8154   3.888426    34.9490       1561     6.5000  0.000e+00
    155.380    10.8154   3.888261    34.9474       1562     6.5042  0.000e+00
    155.309    10.8151   3.888261    34.9478       1563     6.5083  0.000e+00
    155.246    10.8148   3.888175    34.9472       1564     6.5125  0.000e+00
    155.181    10.8148   3.888096    34.9464       1565     6.5167  0.000e+00
    155.121    10.8147   3.888010    34.9457       1566     6.5208  0.000e+00
    155.065    10.8145   3.888056    34.9464       1567     6.5250  0.000e+00
    155.009    10.8143   3.888023    34.9462       1568     6.5292  0.000e+00
    154.950    10.8142   3.888036    34.9465       1569     6.5333  0.000e+00
    154.888    10.8142   3.888036    34.9465       1570     6.5375  0.000e+00
    154.828    10.8140   3.887963    34.9460       1571     6.5417  0.000e+00
    154.769    10.8141   3.887950    34.9458       1572     6.5458  0.000e+00
    154.707    10.8140   3.887897    34.9454       1573     6.5500  0.000e+00
    154.648    10.8139   3.887851    34.9450       1574     6.5542  0.000e+00
    154.572    10.8138   3.887877    34.9455       1575     6.5583  0.000e+00
    154.497    10.8136   3.887851    34.9454       1576     6.5625  0.000e+00
    154.429    10.8137   3.887804    34.9449       1577     6.5667  0.000e+00
    154.356    10.8135   3.887804    34.9451       1578     6.5708  0.000e+00
    154.277    10.8135   3.887804    34.9452       1579     6.5750  0.000e+00
    154.211    10.8135   3.887824    34.9453       1580     6.5792  0.000e+00
    154.137    10.8134   3.887758    34.9448       1581     6.5833  0.000e+00
    154.061    10.8133   3.887778    34.9451       1582     6.5875  0.000e+00
    153.994    10.8133   3.887758    34.9450       1583     6.5917  0.000e+00
    153.925    10.8132   3.887712    34.9446       1584     6.5958  0.000e+00
    153.859    10.8131   3.887705    34.9447       1585     6.6000  0.000e+00
    153.798    10.8130   3.887685    34.9447       1586     6.6042  0.000e+00
    153.736    10.8128   3.887685    34.9448       1587     6.6083  0.000e+00
    153.680    10.8127   3.887679    34.9449       1588     6.6125  0.000e+00
    153.620    10.8128   3.887685    34.9449       1589     6.6167  0.000e+00
    153.571    10.8128   3.887685    34.9450       1590     6.6208  0.000e+00
    153.517    10.8128   3.887705    34.9451       1591     6.6250  0.000e+00
    153.462    10.8127   3.887712    34.9453       1592     6.6292  0.000e+00
    153.410    10.8128   3.887712    34.9453       1593     6.6333  0.000e+00
    153.359    10.8130   3.887712    34.9451       1594     6.6375  0.000e+00
    153.303    10.8131   3.887705    34.9449       1595     6.6417  0.000e+00
    153.253    10.8131   3.887711    34.9451       1596     6.6458  0.000e+00
    153.203    10.8131   3.887711    34.9451       1597     6.6500  0.000e+00
    153.144    10.8131   3.887731    34.9453       1598     6.6542  0.000e+00
    153.084    10.8131   3.887711    34.9451       1599     6.6583  0.000e+00
    153.021    10.8131   3.887685    34.9449       1600     6.6625  0.000e+00
    152.958    10.8131   3.887678    34.9448       1601     6.6667  0.000e+00
    152.891    10.8133   3.887685    34.9447       1602     6.6708  0.000e+00
    152.829    10.8131   3.887685    34.9449       1603     6.6750  0.000e+00
    152.758    10.8131   3.887685    34.9450       1604     6.6792  0.000e+00
    152.694    10.8132   3.887678    34.9449       1605     6.6833  0.000e+00
    152.627    10.8132   3.887665    34.9448       1606     6.6875  0.000e+00
    152.560    10.8132   3.887638    34.9445       1607     6.6917  0.000e+00
    152.503    10.8133   3.887658    34.9447       1608     6.6958  0.000e+00
    152.436    10.8132   3.887638    34.9446       1609     6.7000  0.000e+00
    152.368    10.8133   3.887619    34.9444       1610     6.7042  0.000e+00
    152.305    10.8133   3.887586    34.9441       1611     6.7083  0.000e+00
    152.247    10.8132   3.887592    34.9442       1612     6.7125  0.000e+00
    152.183    10.8131   3.887572    34.9442       1613     6.7167  0.000e+00
    152.125    10.8132   3.887546    34.9438       1614     6.7208  0.000e+00
    152.069    10.8131   3.887533    34.9438       1615     6.7250  0.000e+00
    152.012    10.8130   3.887526    34.9439       1616     6.7292  0.000e+00
    151.947    10.8128   3.887572    34.9445       1617     6.7333  0.000e+00
    151.887    10.8129   3.887585    34.9446       1618     6.7375  0.000e+00
    151.824    10.8130   3.887592    34.9446       1619     6.7417  0.000e+00
    151.770    10.8131   3.887618    34.9447       1620     6.7458  0.000e+00
    151.708    10.8131   3.887632    34.9449       1621     6.7500  0.000e+00
    151.654    10.8131   3.887592    34.9445       1622     6.7542  0.000e+00
    151.598    10.8131   3.887592    34.9446       1623     6.7583  0.000e+00
    151.541    10.8132   3.887585    34.9445       1624     6.7625  0.000e+00
    151.483    10.8131   3.887618    34.9449       1625     6.7667  0.000e+00
    151.427    10.8133   3.887592    34.9445       1626     6.7708  0.000e+00
    151.369    10.8133   3.887546    34.9440       1627     6.7750  0.000e+00
    151.309    10.8133   3.887559    34.9442       1628     6.7792  0.000e+00
    151.253    10.8133   3.887572    34.9443       1629     6.7833  0.000e+00
    151.195    10.8131   3.887545    34.9443       1630     6.7875  0.000e+00
    151.137    10.8131   3.887512    34.9440       1631     6.7917  0.000e+00
    151.079    10.8131   3.887526    34.9441       1632     6.7958  0.000e+00
    151.027    10.8130   3.887499    34.9441       1633     6.8000  0.000e+00
    150.973    10.8130   3.887486    34.9440       1634     6.8042  0.000e+00
    150.917    10.8130   3.887479    34.9439       1635     6.8083  0.000e+00
    150.864    10.8127   3.887499    34.9444       1636     6.8125  0.000e+00
    150.801    10.8128   3.887479    34.9442       1637     6.8167  0.000e+00
    150.743    10.8128   3.887486    34.9442       1638     6.8208  0.000e+00
    150.676    10.8127   3.887453    34.9440       1639     6.8250  0.000e+00
    150.617    10.8128   3.887433    34.9438       1640     6.8292  0.000e+00
    150.554    10.8126   3.887439    34.9440       1641     6.8333  0.000e+00
    150.492    10.8126   3.887406    34.9437       1642     6.8375  0.000e+00
    150.436    10.8126   3.887406    34.9437       1643     6.8417  0.000e+00
    150.374    10.8126   3.887413    34.9439       1644     6.8458  0.000e+00
    150.318    10.8126   3.887406    34.9438       1645     6.8500  0.000e+00
    150.261    10.8125   3.887406    34.9439       1646     6.8542  0.000e+00
    150.198    10.8125   3.887406    34.9439       1647     6.8583  0.000e+00
    150.141    10.8124   3.887413    34.9441       1648     6.8625  0.000e+00
    150.078    10.8126   3.887386    34.9437       1649     6.8667  0.000e+00
    150.025    10.8125   3.887340    34.9434       1650     6.8708  0.000e+00
    149.958    10.8124   3.887340    34.9435       1651     6.8750  0.000e+00
