HB2503/sbe058.cnv
* Sea-Bird SBE 19plus V2 Data File:
* FileName = C:\cruise\data\sbe058.hex
* Software Version Seasave V 7.26.7.121
* Temperature SN = 6128
* Conductivity SN = 6128
* System UpLoad Time = Jun 02 2025 03:15:30
* NMEA Latitude = 40 13.34 N
* NMEA Longitude = 070 38.82 W
* NMEA UTC (Time) = Jun 02 2025  03:13:44
** Ship: Henry Bigelow
** Cruise:  HB2502
** Program:  Spring Bottom Trawl
# nquan = 7
# nvalues = 2459                                  
# units = specified
# name 0 = depSM: Depth [salt water, m]
# name 1 = tv290C: Temperature [ITS-90, deg C]
# name 2 = c0S/m: Conductivity [S/m]
# name 3 = sal00: Salinity, Practical [PSU]
# name 4 = scan: Scan Count
# name 5 = timeM: Time, Elapsed [minutes]
# name 6 = flag:  0.000e+00
# span 0 =     -0.126,    115.757                 
# span 1 =    10.1827,    13.2124                 
# span 2 =   0.007379,   4.017898                 
# span 3 =     0.0471,    35.3615                 
# span 4 =         11,       2469                 
# span 5 =     0.0417,    10.2833                 
# span 6 = 0.0000e+00, 0.0000e+00                 
# interval = seconds: 0.25
# start_time = Jun 02 2025 03:13:44 [NMEA time, header]
# bad_flag = -9.990e-29
*END*
[from data line 206]
      8.864    12.6385   3.833507    32.8124        217     0.9000  0.000e+00
      8.935    12.6392   3.833704    32.8136        218     0.9042  0.000e+00
      9.009    12.6394   3.834197    32.8182        219     0.9083  0.000e+00
      9.081    12.6399   3.836406    32.8387        220     0.9125  0.000e+00
      9.168    12.6408   3.839266    32.8652        221     0.9167  0.000e+00
      9.266    12.6419   3.839654    32.8678        222     0.9208  0.000e+00
      9.393    12.6483   3.839430    32.8601        223     0.9250  0.000e+00
      9.536    12.6606   3.839272    32.8478        224     0.9292  0.000e+00
      9.698    12.6715   3.839220    32.8378        225     0.9333  0.000e+00
      9.881    12.6810   3.839535    32.8324        226     0.9375  0.000e+00
     10.082    12.6879   3.840015    32.8309        227     0.9417  0.000e+00
     10.310    12.6927   3.840061    32.8270        228     0.9458  0.000e+00
     10.557    12.6963   3.839128    32.8149        229     0.9500  0.000e+00
     10.826    12.6992   3.838201    32.8035        230     0.9542  0.000e+00
     11.070    12.6986   3.836314    32.7859        231     0.9583  0.000e+00
     11.289    12.6906   3.834500    32.7755        232     0.9625  0.000e+00
     11.497    12.6803   3.833889    32.7785        233     0.9667  0.000e+00
     11.678    12.6704   3.833626    32.7846        234     0.9708  0.000e+00
     11.834    12.6629   3.833935    32.7940        235     0.9750  0.000e+00
     12.035    12.6573   3.834744    32.8065        236     0.9792  0.000e+00
     12.241    12.6535   3.833909    32.8018        237     0.9833  0.000e+00
     12.406    12.6505   3.833338    32.7989        238     0.9875  0.000e+00
     12.521    12.6482   3.833048    32.7981        239     0.9917  0.000e+00
     12.592    12.6463   3.832937    32.7986        240     0.9958  0.000e+00
     12.637    12.6449   3.833173    32.8021        241     1.0000  0.000e+00
     12.693    12.6437   3.834573    32.8165        242     1.0042  0.000e+00
     12.778    12.6432   3.836841    32.8385        243     1.0083  0.000e+00
     12.874    12.6431   3.837479    32.8446        244     1.0125  0.000e+00
     12.976    12.6459   3.837676    32.8440        245     1.0167  0.000e+00
     13.075    12.6534   3.837637    32.8371        246     1.0208  0.000e+00
     13.184    12.6613   3.837518    32.8290        247     1.0250  0.000e+00
     13.307    12.6674   3.837367    32.8222        248     1.0292  0.000e+00
     13.453    12.6726   3.837433    32.8183        249     1.0333  0.000e+00
     13.611    12.6763   3.837531    32.8158        250     1.0375  0.000e+00
     13.790    12.6786   3.837840    32.8168        251     1.0417  0.000e+00
     13.978    12.6801   3.838452    32.8211        252     1.0458  0.000e+00
     14.182    12.6815   3.838511    32.8204        253     1.0500  0.000e+00
     14.394    12.6831   3.837814    32.8124        254     1.0542  0.000e+00
     14.622    12.6841   3.837321    32.8066        255     1.0583  0.000e+00
     14.848    12.6826   3.836565    32.8007        256     1.0625  0.000e+00
     15.083    12.6778   3.835481    32.7945        257     1.0667  0.000e+00
     15.328    12.6719   3.834528    32.7904        258     1.0708  0.000e+00
     15.561    12.6663   3.834048    32.7906        259     1.0750  0.000e+00
     15.778    12.6623   3.834364    32.7970        260     1.0792  0.000e+00
     15.964    12.6610   3.834982    32.8040        261     1.0833  0.000e+00
     16.163    12.6610   3.835435    32.8081        262     1.0875  0.000e+00
     16.377    12.6619   3.835547    32.8084        263     1.0917  0.000e+00
     16.568    12.6633   3.835771    32.8092        264     1.0958  0.000e+00
     16.741    12.6673   3.837342    32.8206        265     1.1000  0.000e+00
     16.880    12.6752   3.839518    32.8344        266     1.1042  0.000e+00
     16.988    12.6842   3.840636    32.8372        267     1.1083  0.000e+00
     17.068    12.6932   3.841432    32.8369        268     1.1125  0.000e+00
     17.130    12.7039   3.842162    32.8345        269     1.1167  0.000e+00
     17.207    12.7159   3.842569    32.8278        270     1.1208  0.000e+00
     17.282    12.7286   3.842359    32.8148        271     1.1250  0.000e+00
     17.354    12.7374   3.841872    32.8025        272     1.1292  0.000e+00
     17.434    12.7432   3.841655    32.7953        273     1.1333  0.000e+00
     17.513    12.7468   3.841563    32.7913        274     1.1375  0.000e+00
     17.600    12.7457   3.841523    32.7918        275     1.1417  0.000e+00
     17.705    12.7416   3.841497    32.7951        276     1.1458  0.000e+00
     17.828    12.7370   3.841326    32.7974        277     1.1500  0.000e+00
     17.971    12.7328   3.840932    32.7973        278     1.1542  0.000e+00
     18.125    12.7292   3.840754    32.7987        279     1.1583  0.000e+00
     18.297    12.7266   3.841017    32.8034        280     1.1625  0.000e+00
     18.474    12.7244   3.842044    32.8149        281     1.1667  0.000e+00
     18.663    12.7235   3.842544    32.8204        282     1.1708  0.000e+00
     18.871    12.7233   3.842702    32.8220        283     1.1750  0.000e+00
     19.077    12.7326   3.843879    32.8250        284     1.1792  0.000e+00
     19.294    12.7570   3.850855    32.8700        285     1.1833  0.000e+00
     19.515    12.8007   3.863576    32.9528        286     1.1875  0.000e+00
     19.743    12.8581   3.875390    33.0148        287     1.1917  0.000e+00
     19.971    12.9121   3.881781    33.0282        288     1.1958  0.000e+00
     20.190    12.9586   3.886597    33.0331        289     1.2000  0.000e+00
     20.400    12.9973   3.890509    33.0363        290     1.2042  0.000e+00
     20.606    13.0279   3.892083    33.0244        291     1.2083  0.000e+00
     20.808    13.0493   3.893610    33.0201        292     1.2125  0.000e+00
     20.998    13.0624   3.894873    33.0206        293     1.2167  0.000e+00
     21.177    13.0683   3.896011    33.0261        294     1.2208  0.000e+00
     21.345    13.0696   3.897056    33.0348        295     1.2250  0.000e+00
     21.501    13.0652   3.898075    33.0482        296     1.2292  0.000e+00
     21.639    13.0543   3.897811    33.0551        297     1.2333  0.000e+00
     21.766    13.0284   3.896799    33.0681        298     1.2375  0.000e+00
     21.883    12.9900   3.895463    33.0889        299     1.2417  0.000e+00
     21.981    12.9519   3.894657    33.1146        300     1.2458  0.000e+00
     22.090    12.9145   3.894307    33.1439        301     1.2500  0.000e+00
     22.205    12.8814   3.894095    33.1709        302     1.2542  0.000e+00
     22.334    12.8561   3.893957    33.1918        303     1.2583  0.000e+00
     22.467    12.8390   3.893812    33.2054        304     1.2625  0.000e+00
     22.609    12.8278   3.893752    33.2146        305     1.2667  0.000e+00
     22.759    12.8211   3.894096    33.2237        306     1.2708  0.000e+00
     22.907    12.8162   3.893739    33.2245        307     1.2750  0.000e+00
     23.061    12.8114   3.891306    33.2056        308     1.2792  0.000e+00
     23.211    12.8050   3.892530    33.2228        309     1.2833  0.000e+00
     23.360    12.7949   3.893614    33.2419        310     1.2875  0.000e+00
     23.505    12.7653   3.893324    33.2652        311     1.2917  0.000e+00
     23.649    12.7073   3.892161    33.3053        312     1.2958  0.000e+00
     23.793    12.6454   3.890595    33.3450        313     1.3000  0.000e+00
     23.939    12.5845   3.889498    33.3884        314     1.3042  0.000e+00
     24.091    12.5357   3.888818    33.4252        315     1.3083  0.000e+00
     24.256    12.4966   3.888422    33.4562        316     1.3125  0.000e+00
     24.431    12.4641   3.888336    33.4842        317     1.3167  0.000e+00
     24.618    12.4373   3.886902    33.4943        318     1.3208  0.000e+00
     24.813    12.4140   3.885086    33.4975        319     1.3250  0.000e+00
     25.018    12.3913   3.882595    33.4938        320     1.3292  0.000e+00
     25.235    12.3456   3.875748    33.4686        321     1.3333  0.000e+00
     25.463    12.2704   3.866770    33.4492        322     1.3375  0.000e+00
     25.696    12.1852   3.859981    33.4597        323     1.3417  0.000e+00
     25.937    12.0943   3.853533    33.4787        324     1.3458  0.000e+00
     26.169    12.0017   3.845016    33.4791        325     1.3500  0.000e+00
     26.381    11.9083   3.826743    33.3854        326     1.3542  0.000e+00
     26.582    11.7897   3.821591    33.4418        327     1.3583  0.000e+00
     26.798    11.6696   3.815379    33.4893        328     1.3625  0.000e+00
     26.992    11.5677   3.805573    33.4853        329     1.3667  0.000e+00
     27.167    11.4680   3.808314    33.6025        330     1.3708  0.000e+00
     27.310    11.4064   3.805300    33.6289        331     1.3750  0.000e+00
     27.430    11.3619   3.798882    33.6061        332     1.3792  0.000e+00
     27.519    11.3087   3.794870    33.6150        333     1.3833  0.000e+00
     27.582    11.2532   3.795329    33.6702        334     1.3875  0.000e+00
     27.654    11.2109   3.797110    33.7264        335     1.3917  0.000e+00
     27.723    11.1871   3.803455    33.8110        336     1.3958  0.000e+00
     27.790    11.1809   3.807354    33.8553        337     1.4000  0.000e+00
     27.864    11.1867   3.810205    33.8782        338     1.4042  0.000e+00
     27.951    11.1973   3.816474    33.9306        339     1.4083  0.000e+00
     28.058    11.2142   3.820057    33.9504        340     1.4125  0.000e+00
     28.183    11.2328   3.819000    33.9227        341     1.4167  0.000e+00
     28.328    11.2422   3.816382    33.8881        342     1.4208  0.000e+00
     28.493    11.2386   3.815346    33.8811        343     1.4250  0.000e+00
     28.683    11.2293   3.814041    33.8766        344     1.4292  0.000e+00
     28.887    11.2139   3.812854    33.8790        345     1.4333  0.000e+00
     29.108    11.1976   3.811654    33.8820        346     1.4375  0.000e+00
     29.360    11.1861   3.810494    33.8809        347     1.4417  0.000e+00
     29.631    11.1790   3.810776    33.8902        348     1.4458  0.000e+00
     29.899    11.1713   3.809053    33.8801        349     1.4500  0.000e+00
     30.152    11.1588   3.804970    33.8510        350     1.4542  0.000e+00
     30.373    11.1358   3.799403    33.8169        351     1.4583  0.000e+00
     30.561    11.0992   3.794023    33.7971        352     1.4625  0.000e+00
     30.736    11.0491   3.775489    33.6590        353     1.4667  0.000e+00
     30.942    10.9622   3.757415    33.5588        354     1.4708  0.000e+00
     31.141    10.8409   3.747813    33.5742        355     1.4750  0.000e+00
     31.321    10.7162   3.751540    33.7262        356     1.4792  0.000e+00
     31.467    10.6407   3.734690    33.6269        357     1.4833  0.000e+00
     31.574    10.5553   3.725293    33.6113        358     1.4875  0.000e+00
     31.635    10.4590   3.723703    33.6843        359     1.4917  0.000e+00
     31.699    10.3836   3.726880    33.7862        360     1.4958  0.000e+00
     31.766    10.3422   3.727732    33.8334        361     1.5000  0.000e+00
     31.831    10.3225   3.727804    33.8524        362     1.5042  0.000e+00
     31.904    10.3118   3.729052    33.8750        363     1.5083  0.000e+00
     31.976    10.3077   3.732867    33.9174        364     1.5125  0.000e+00
     32.065    10.3137   3.735690    33.9403        365     1.5167  0.000e+00
     32.170    10.3271   3.740223    33.9736        366     1.5208  0.000e+00
     32.299    10.3472   3.749018    34.0436        367     1.5250  0.000e+00
     32.449    10.3813   3.755611    34.0783        368     1.5292  0.000e+00
     32.618    10.4239   3.757507    34.0574        369     1.5333  0.000e+00
     32.813    10.4604   3.757839    34.0265        370     1.5375  0.000e+00
     33.019    10.4852   3.755727    33.9820        371     1.5417  0.000e+00
     33.240    10.4970   3.754430    33.9578        372     1.5458  0.000e+00
     33.479    10.4992   3.755981    33.9713        373     1.5500  0.000e+00
     33.722    10.5015   3.757259    33.9819        374     1.5542  0.000e+00
     33.971    10.5073   3.758817    33.9920        375     1.5583  0.000e+00
     34.199    10.5147   3.759821    33.9952        376     1.5625  0.000e+00
     34.396    10.5231   3.761138    34.0005        377     1.5667  0.000e+00
     34.612    10.5321   3.764334    34.0241        378     1.5708  0.000e+00
     34.834    10.5444   3.768732    34.0569        379     1.5750  0.000e+00
     35.042    10.5638   3.779938    34.1514        380     1.5792  0.000e+00
     35.239    10.6017   3.781284    34.1293        381     1.5833  0.000e+00
     35.407    10.6361   3.782375    34.1080        382     1.5875  0.000e+00
     35.566    10.6607   3.785657    34.1179        383     1.5917  0.000e+00
     35.711    10.6851   3.790313    34.1418        384     1.5958  0.000e+00
     35.841    10.7102   3.798114    34.1966        385     1.6000  0.000e+00
     35.968    10.7445   3.801925    34.2026        386     1.6042  0.000e+00
     36.088    10.7796   3.804427    34.1947        387     1.6083  0.000e+00
     36.207    10.8097   3.805383    34.1762        388     1.6125  0.000e+00
     36.327    10.8318   3.805750    34.1591        389     1.6167  0.000e+00
     36.448    10.8468   3.808528    34.1728        390     1.6208  0.000e+00
     36.567    10.8612   3.811399    34.1881        391     1.6250  0.000e+00
     36.687    10.8782   3.813346    34.1916        392     1.6292  0.000e+00
     36.806    10.8958   3.814723    34.1889        393     1.6333  0.000e+00
     36.933    10.9110   3.815110    34.1785        394     1.6375  0.000e+00
     37.063    10.9218   3.814113    34.1584        395     1.6417  0.000e+00
     37.205    10.9259   3.813077    34.1441        396     1.6458  0.000e+00
     37.355    10.9245   3.813530    34.1500        397     1.6500  0.000e+00
     37.515    10.9225   3.814920    34.1656        398     1.6542  0.000e+00
     37.679    10.9238   3.817111    34.1862        399     1.6583  0.000e+00
     37.851    10.9299   3.818876    34.1981        400     1.6625  0.000e+00
     38.032    10.9388   3.818942    34.1903        401     1.6667  0.000e+00
     38.220    10.9467   3.818331    34.1768        402     1.6708  0.000e+00
     38.419    10.9505   3.818646    34.1763        403     1.6750  0.000e+00
     38.624    10.9532   3.819138    34.1786        404     1.6792  0.000e+00
     38.832    10.9559   3.820569    34.1902        405     1.6833  0.000e+00
     39.042    10.9610   3.821416    34.1938        406     1.6875  0.000e+00
     39.257    10.9668   3.822577    34.1999        407     1.6917  0.000e+00
     39.474    10.9736   3.824567    34.2133        408     1.6958  0.000e+00
     39.695    10.9832   3.826806    34.2266        409     1.7000  0.000e+00
     39.911    10.9954   3.831542    34.2623        410     1.7042  0.000e+00
     40.121    11.0145   3.837608    34.3048        411     1.7083  0.000e+00
     40.311    11.0420   3.845007    34.3528        412     1.7125  0.000e+00
     40.488    11.0809   3.852978    34.3956        413     1.7167  0.000e+00
     40.641    11.1264   3.859123    34.4141        414     1.7208  0.000e+00
     40.764    11.1747   3.863334    34.4107        415     1.7250  0.000e+00
     40.862    11.2195   3.868609    34.4211        416     1.7292  0.000e+00
     40.937    11.2606   3.871373    34.4101        417     1.7333  0.000e+00
     41.009    11.2972   3.872454    34.3866        418     1.7375  0.000e+00
     41.096    11.3242   3.872916    34.3659        419     1.7417  0.000e+00
     41.198    11.3422   3.874454    34.3643        420     1.7458  0.000e+00
