HB2503/sbe068.cnv
* Sea-Bird SBE 19plus V2 Data File:
* FileName = C:\cruise\data\sbe068.hex
* Software Version Seasave V 7.26.7.121
* Temperature SN = 6128
* Conductivity SN = 6128
* System UpLoad Time = Jun 03 2025 12:32:42
* NMEA Latitude = 41 51.96 N
* NMEA Longitude = 069 01.01 W
* NMEA UTC (Time) = Jun 03 2025  12:30:57
** Ship: Henry Bigelow
** Cruise:  HB2502
** Program:  Spring Bottom Trawl
# nquan = 7
# nvalues = 4287                                  
# units = specified
# name 0 = depSM: Depth [salt water, m]
# name 1 = tv290C: Temperature [ITS-90, deg C]
# name 2 = c0S/m: Conductivity [S/m]
# name 3 = sal00: Salinity, Practical [PSU]
# name 4 = scan: Scan Count
# name 5 = timeM: Time, Elapsed [minutes]
# name 6 = flag:  0.000e+00
# span 0 =      0.020,    163.452                 
# span 1 =     4.5149,    12.4346                 
# span 2 =   0.001445,   3.711649                 
# span 3 =     0.0129,    33.7144                 
# span 4 =         11,       4297                 
# span 5 =     0.0417,    17.9000                 
# span 6 = 0.0000e+00, 0.0000e+00                 
# interval = seconds: 0.25
# start_time = Jun 03 2025 12:30:57 [NMEA time, header]
# bad_flag = -9.990e-29
*END*
[from data line 206]
     12.958    11.0319   3.650379    32.4427        217     0.9000  0.000e+00
     13.121    10.9739   3.650335    32.4935        218     0.9042  0.000e+00
     13.291    10.8682   3.648281    32.5669        219     0.9083  0.000e+00
     13.460    10.7407   3.640021    32.5981        220     0.9125  0.000e+00
     13.621    10.5915   3.622648    32.5579        221     0.9167  0.000e+00
     13.771    10.4453   3.603675    32.4985        222     0.9208  0.000e+00
     13.929    10.3038   3.590890    32.4966        223     0.9250  0.000e+00
     14.068    10.1730   3.583277    32.5370        224     0.9292  0.000e+00
     14.214    10.0584   3.579103    32.5980        225     0.9333  0.000e+00
     14.348     9.9539   3.576733    32.6682        226     0.9375  0.000e+00
     14.480     9.8388   3.575181    32.7568        227     0.9417  0.000e+00
     14.609     9.7416   3.575048    32.8439        228     0.9458  0.000e+00
     14.733     9.6813   3.574831    32.8968        229     0.9500  0.000e+00
     14.855     9.6294   3.575158    32.9476        230     0.9542  0.000e+00
     14.979     9.5777   3.573951    32.9827        231     0.9583  0.000e+00
     15.099     9.5160   3.572687    33.0265        232     0.9625  0.000e+00
     15.215     9.4437   3.571832    33.0843        233     0.9667  0.000e+00
     15.336     9.3708   3.575577    33.1903        234     0.9708  0.000e+00
     15.457     9.3108   3.589379    33.3888        235     0.9750  0.000e+00
     15.579     9.2896   3.601253    33.5315        236     0.9792  0.000e+00
     15.705     9.2929   3.607363    33.5916        237     0.9833  0.000e+00
     15.830     9.3109   3.620012    33.7056        238     0.9875  0.000e+00
     15.962     9.3837   3.627502    33.7144        239     0.9917  0.000e+00
     16.105     9.5170   3.633055    33.6463        240     0.9958  0.000e+00
     16.243     9.6803   3.635581    33.5193        241     1.0000  0.000e+00
     16.389     9.8172   3.636584    33.4021        242     1.0042  0.000e+00
     16.542     9.9329   3.637251    33.3018        243     1.0083  0.000e+00
     16.704    10.0303   3.636311    33.2025        244     1.0125  0.000e+00
     16.863    10.1017   3.630907    33.0822        245     1.0167  0.000e+00
     17.021    10.1420   3.621120    32.9462        246     1.0208  0.000e+00
     17.184    10.1577   3.609123    32.8106        247     1.0250  0.000e+00
     17.343    10.1354   3.597137    32.7095        248     1.0292  0.000e+00
     17.502     9.9723   3.587945    32.7640        249     1.0333  0.000e+00
     17.653     9.6965   3.574391    32.8771        250     1.0375  0.000e+00
     17.808     9.4066   3.541243    32.8024        251     1.0417  0.000e+00
     17.964     9.1323   3.365755    31.2418        252     1.0458  0.000e+00
     18.102     8.6852   3.321851    31.1803        253     1.0500  0.000e+00
     18.250     8.1282   3.314604    31.6006        254     1.0542  0.000e+00
     18.393     7.7052   3.309964    31.9357        255     1.0583  0.000e+00
     18.534     7.4265   3.305164    32.1411        256     1.0625  0.000e+00
     18.670     7.2427   3.301146    32.2686        257     1.0667  0.000e+00
     18.804     7.1169   3.296770    32.3388        258     1.0708  0.000e+00
     18.930     7.0243   3.293040    32.3851        259     1.0750  0.000e+00
     19.055     6.9514   3.290925    32.4306        260     1.0792  0.000e+00
     19.180     6.8971   3.289330    32.4644        261     1.0833  0.000e+00
     19.302     6.8573   3.287995    32.4873        262     1.0875  0.000e+00
     19.424     6.8279   3.287093    32.5052        263     1.0917  0.000e+00
     19.548     6.8063   3.286320    32.5171        264     1.0958  0.000e+00
     19.678     6.7903   3.285084    32.5187        265     1.1000  0.000e+00
     19.804     6.7764   3.284336    32.5236        266     1.1042  0.000e+00
     19.942     6.7644   3.283268    32.5232        267     1.1083  0.000e+00
     20.081     6.7526   3.282223    32.5228        268     1.1125  0.000e+00
     20.226     6.7414   3.279987    32.5089        269     1.1167  0.000e+00
     20.378     6.7263   3.278289    32.5044        270     1.1208  0.000e+00
     20.530     6.7078   3.277548    32.5137        271     1.1250  0.000e+00
     20.680     6.6917   3.276548    32.5180        272     1.1292  0.000e+00
     20.839     6.6777   3.275690    32.5217        273     1.1333  0.000e+00
     20.991     6.6648   3.274208    32.5176        274     1.1375  0.000e+00
     21.147     6.6517   3.274276    32.5308        275     1.1417  0.000e+00
     21.299     6.6416   3.272919    32.5253        276     1.1458  0.000e+00
     21.449     6.6304   3.269093    32.4938        277     1.1500  0.000e+00
     21.603     6.6102   3.267231    32.4923        278     1.1542  0.000e+00
     21.749     6.5857   3.265646    32.4981        279     1.1583  0.000e+00
     21.905     6.5624   3.264542    32.5080        280     1.1625  0.000e+00
     22.059     6.5419   3.263482    32.5157        281     1.1667  0.000e+00
     22.214     6.5245   3.262324    32.5194        282     1.1708  0.000e+00
     22.365     6.5093   3.261313    32.5226        283     1.1750  0.000e+00
     22.517     6.4948   3.258965    32.5105        284     1.1792  0.000e+00
     22.662     6.4774   3.256107    32.4953        285     1.1833  0.000e+00
     22.803     6.4534   3.252548    32.4787        286     1.1875  0.000e+00
     22.933     6.4229   3.250129    32.4810        287     1.1917  0.000e+00
     23.061     6.3904   3.245502    32.4605        288     1.1958  0.000e+00
     23.186     6.3513   3.241308    32.4512        289     1.2000  0.000e+00
     23.308     6.3066   3.238548    32.4632        290     1.2042  0.000e+00
     23.424     6.2635   3.237190    32.4892        291     1.2083  0.000e+00
     23.538     6.2284   3.236183    32.5115        292     1.2125  0.000e+00
     23.659     6.2020   3.234991    32.5234        293     1.2167  0.000e+00
     23.778     6.1809   3.234088    32.5336        294     1.2208  0.000e+00
     23.905     6.1635   3.231011    32.5158        295     1.2250  0.000e+00
     24.039     6.1412   3.226781    32.4899        296     1.2292  0.000e+00
     24.180     6.1081   3.224903    32.5007        297     1.2333  0.000e+00
     24.316     6.0757   3.223940    32.5209        298     1.2375  0.000e+00
     24.468     6.0498   3.223388    32.5395        299     1.2417  0.000e+00
     24.618     6.0314   3.222898    32.5515        300     1.2458  0.000e+00
     24.781     6.0181   3.222732    32.5625        301     1.2500  0.000e+00
     24.936     6.0093   3.223187    32.5759        302     1.2542  0.000e+00
     25.099     6.0049   3.221794    32.5645        303     1.2583  0.000e+00
     25.266     5.9986   3.220935    32.5608        304     1.2625  0.000e+00
     25.432     5.9903   3.220463    32.5635        305     1.2667  0.000e+00
     25.604     5.9820   3.217869    32.5422        306     1.2708  0.000e+00
     25.777     5.9687   3.216300    32.5374        307     1.2750  0.000e+00
     25.947     5.9513   3.213444    32.5220        308     1.2792  0.000e+00
     26.118     5.9298   3.211465    32.5205        309     1.2833  0.000e+00
     26.282     5.9054   3.210081    32.5283        310     1.2875  0.000e+00
     26.443     5.8822   3.208495    32.5328        311     1.2917  0.000e+00
     26.599     5.8618   3.207356    32.5396        312     1.2958  0.000e+00
     26.749     5.8430   3.206358    32.5463        313     1.3000  0.000e+00
     26.890     5.8267   3.206052    32.5586        314     1.3042  0.000e+00
     27.024     5.8142   3.205587    32.5653        315     1.3083  0.000e+00
     27.156     5.8047   3.205079    32.5687        316     1.3125  0.000e+00
     27.277     5.7965   3.204651    32.5717        317     1.3167  0.000e+00
     27.393     5.7895   3.204284    32.5743        318     1.3208  0.000e+00
     27.507     5.7834   3.203892    32.5757        319     1.3250  0.000e+00
     27.618     5.7778   3.203494    32.5766        320     1.3292  0.000e+00
     27.732     5.7727   3.203353    32.5799        321     1.3333  0.000e+00
     27.849     5.7683   3.202845    32.5784        322     1.3375  0.000e+00
     27.963     5.7638   3.201726    32.5700        323     1.3417  0.000e+00
     28.077     5.7564   3.201444    32.5740        324     1.3458  0.000e+00
     28.207     5.7490   3.200227    32.5673        325     1.3500  0.000e+00
     28.336     5.7400   3.198991    32.5620        326     1.3542  0.000e+00
     28.464     5.7282   3.197951    32.5616        327     1.3583  0.000e+00
     28.607     5.7152   3.197364    32.5674        328     1.3625  0.000e+00
     28.750     5.7044   3.196759    32.5710        329     1.3667  0.000e+00
     28.902     5.6950   3.195218    32.5627        330     1.3708  0.000e+00
     29.056     5.6839   3.193800    32.5573        331     1.3750  0.000e+00
     29.221     5.6701   3.193072    32.5624        332     1.3792  0.000e+00
     29.387     5.6570   3.191777    32.5602        333     1.3833  0.000e+00
     29.552     5.6441   3.190218    32.5551        334     1.3875  0.000e+00
     29.722     5.6286   3.189131    32.5576        335     1.3917  0.000e+00
     29.888     5.6130   3.184403    32.5192        336     1.3958  0.000e+00
     30.051     5.5863   3.179202    32.4861        337     1.4000  0.000e+00
     30.221     5.5436   3.177811    32.5116        338     1.4042  0.000e+00
     30.384     5.5054   3.172889    32.4926        339     1.4083  0.000e+00
     30.542     5.4629   3.169311    32.4931        340     1.4125  0.000e+00
     30.699     5.4160   3.168233    32.5262        341     1.4167  0.000e+00
     30.849     5.3791   3.166185    32.5387        342     1.4208  0.000e+00
     30.996     5.3478   3.164620    32.5512        343     1.4250  0.000e+00
     31.137     5.3205   3.163079    32.5601        344     1.4292  0.000e+00
     31.276     5.2971   3.162537    32.5766        345     1.4333  0.000e+00
     31.410     5.2783   3.161338    32.5812        346     1.4375  0.000e+00
     31.544     5.2621   3.160419    32.5864        347     1.4417  0.000e+00
     31.669     5.2482   3.159956    32.5946        348     1.4458  0.000e+00
     31.792     5.2366   3.159500    32.6007        349     1.4500  0.000e+00
     31.918     5.2274   3.158818    32.6018        350     1.4542  0.000e+00
     32.034     5.2192   3.157759    32.5976        351     1.4583  0.000e+00
     32.154     5.2094   3.156682    32.5947        352     1.4625  0.000e+00
     32.267     5.1981   3.155805    32.5957        353     1.4667  0.000e+00
     32.386     5.1868   3.154911    32.5965        354     1.4708  0.000e+00
     32.500     5.1755   3.154065    32.5977        355     1.4750  0.000e+00
     32.616     5.1642   3.153208    32.5989        356     1.4792  0.000e+00
     32.734     5.1532   3.152612    32.6028        357     1.4833  0.000e+00
     32.849     5.1436   3.152174    32.6070        358     1.4875  0.000e+00
     32.967     5.1355   3.151730    32.6098        359     1.4917  0.000e+00
     33.090     5.1290   3.151274    32.6109        360     1.4958  0.000e+00
     33.215     5.1227   3.150617    32.6094        361     1.5000  0.000e+00
     33.353     5.1162   3.150678    32.6164        362     1.5042  0.000e+00
     33.497     5.1117   3.150557    32.6194        363     1.5083  0.000e+00
     33.641     5.1088   3.150575    32.6223        364     1.5125  0.000e+00
     33.789     5.1073   3.150478    32.6226        365     1.5167  0.000e+00
     33.943     5.1061   3.149821    32.6162        366     1.5208  0.000e+00
     34.102     5.1031   3.149541    32.6158        367     1.5250  0.000e+00
     34.269     5.0996   3.149304    32.6164        368     1.5292  0.000e+00
     34.440     5.0961   3.149244    32.6191        369     1.5333  0.000e+00
     34.608     5.0935   3.149359    32.6229        370     1.5375  0.000e+00
     34.777     5.0924   3.149183    32.6219        371     1.5417  0.000e+00
     34.940     5.0913   3.148563    32.6157        372     1.5458  0.000e+00
     35.097     5.0884   3.148344    32.6160        373     1.5500  0.000e+00
     35.251     5.0854   3.148265    32.6179        374     1.5542  0.000e+00
     35.398     5.0829   3.148204    32.6196        375     1.5583  0.000e+00
     35.534     5.0812   3.147870    32.6174        376     1.5625  0.000e+00
     35.651     5.0790   3.147627    32.6167        377     1.5667  0.000e+00
     35.765     5.0765   3.147390    32.6164        378     1.5708  0.000e+00
     35.876     5.0738   3.147232    32.6171        379     1.5750  0.000e+00
     35.981     5.0711   3.147019    32.6172        380     1.5792  0.000e+00
     36.080     5.0687   3.146934    32.6186        381     1.5833  0.000e+00
     36.190     5.0665   3.146831    32.6195        382     1.5875  0.000e+00
     36.295     5.0646   3.146776    32.6207        383     1.5917  0.000e+00
     36.400     5.0632   3.146776    32.6220        384     1.5958  0.000e+00
     36.507     5.0624   3.146813    32.6232        385     1.6000  0.000e+00
     36.620     5.0622   3.146813    32.6233        386     1.6042  0.000e+00
     36.737     5.0621   3.146794    32.6232        387     1.6083  0.000e+00
     36.854     5.0617   3.146691    32.6222        388     1.6125  0.000e+00
     36.981     5.0613   3.146716    32.6229        389     1.6167  0.000e+00
     37.117     5.0611   3.146734    32.6232        390     1.6208  0.000e+00
     37.258     5.0611   3.146855    32.6245        391     1.6250  0.000e+00
     37.408     5.0615   3.146934    32.6250        392     1.6292  0.000e+00
     37.562     5.0623   3.146874    32.6234        393     1.6333  0.000e+00
     37.725     5.0626   3.146856    32.6228        394     1.6375  0.000e+00
     37.884     5.0628   3.146995    32.6241        395     1.6417  0.000e+00
     38.053     5.0631   3.146953    32.6233        396     1.6458  0.000e+00
     38.225     5.0636   3.146831    32.6213        397     1.6500  0.000e+00
     38.392     5.0631   3.146831    32.6217        398     1.6542  0.000e+00
     38.562     5.0628   3.146795    32.6216        399     1.6583  0.000e+00
     38.723     5.0624   3.146692    32.6207        400     1.6625  0.000e+00
     38.882     5.0619   3.146637    32.6204        401     1.6667  0.000e+00
     39.040     5.0610   3.146576    32.6205        402     1.6708  0.000e+00
     39.190     5.0601   3.146497    32.6204        403     1.6750  0.000e+00
     39.333     5.0591   3.146437    32.6206        404     1.6792  0.000e+00
     39.461     5.0581   3.146497    32.6223        405     1.6833  0.000e+00
     39.592     5.0574   3.146297    32.6205        406     1.6875  0.000e+00
     39.711     5.0567   3.146254    32.6207        407     1.6917  0.000e+00
     39.827     5.0555   3.146157    32.6206        408     1.6958  0.000e+00
     39.939     5.0548   3.146139    32.6211        409     1.7000  0.000e+00
     40.053     5.0539   3.146115    32.6216        410     1.7042  0.000e+00
     40.169     5.0536   3.146139    32.6222        411     1.7083  0.000e+00
     40.282     5.0531   3.146097    32.6221        412     1.7125  0.000e+00
     40.400     5.0527   3.146018    32.6215        413     1.7167  0.000e+00
     40.513     5.0522   3.146018    32.6220        414     1.7208  0.000e+00
     40.629     5.0520   3.146018    32.6221        415     1.7250  0.000e+00
     40.756     5.0515   3.146000    32.6223        416     1.7292  0.000e+00
     40.884     5.0511   3.145702    32.6192        417     1.7333  0.000e+00
     41.015     5.0502   3.145580    32.6187        418     1.7375  0.000e+00
     41.148     5.0487   3.145483    32.6189        419     1.7417  0.000e+00
     41.280     5.0475   3.145222    32.6171        420     1.7458  0.000e+00
