HB2503/sbe046.cnv
* Sea-Bird SBE 19plus V2 Data File:
* FileName = C:\cruise\data\sbe046.hex
* Software Version Seasave V 7.26.7.121
* Temperature SN = 6128
* Conductivity SN = 6128
* System UpLoad Time = Jun 01 2025 09:35:34
* NMEA Latitude = 41 03.65 N
* NMEA Longitude = 070 02.99 W
* NMEA UTC (Time) = Jun 01 2025  09:33:47
** Ship: Henry Bigelow
** Cruise:  HB2502
** Program:  Spring Bottom Trawl
# nquan = 7
# nvalues = 1411                                  
# units = specified
# name 0 = depSM: Depth [salt water, m]
# name 1 = tv290C: Temperature [ITS-90, deg C]
# name 2 = c0S/m: Conductivity [S/m]
# name 3 = sal00: Salinity, Practical [PSU]
# name 4 = scan: Scan Count
# name 5 = timeM: Time, Elapsed [minutes]
# name 6 = flag:  0.000e+00
# span 0 =     -0.181,     17.894                 
# span 1 =    10.7787,    11.6933                 
# span 2 =   0.005955,   3.633510                 
# span 3 =     0.0399,    31.9875                 
# span 4 =         11,       1421                 
# span 5 =     0.0417,     5.9167                 
# span 6 = 0.0000e+00, 0.0000e+00                 
# interval = seconds: 0.25
# start_time = Jun 01 2025 09:33:47 [NMEA time, header]
# bad_flag = -9.990e-29
*END*
[from data line 821]
     11.749    11.6639   3.632128    31.7153        832     3.4625  0.000e+00
     11.729    11.6642   3.632180    31.7156        833     3.4667  0.000e+00
     11.728    11.6644   3.632205    31.7156        834     3.4708  0.000e+00
     11.728    11.6650   3.632225    31.7153        835     3.4750  0.000e+00
     11.739    11.6653   3.632244    31.7152        836     3.4792  0.000e+00
     11.756    11.6656   3.632180    31.7143        837     3.4833  0.000e+00
     11.768    11.6655   3.632135    31.7140        838     3.4875  0.000e+00
     11.790    11.6652   3.632115    31.7141        839     3.4917  0.000e+00
     11.821    11.6647   3.632115    31.7144        840     3.4958  0.000e+00
     11.850    11.6642   3.632115    31.7148        841     3.5000  0.000e+00
     11.884    11.6637   3.632103    31.7151        842     3.5042  0.000e+00
     11.918    11.6637   3.632161    31.7157        843     3.5083  0.000e+00
     11.948    11.6640   3.632180    31.7156        844     3.5125  0.000e+00
     11.976    11.6644   3.632180    31.7153        845     3.5167  0.000e+00
     12.015    11.6644   3.632161    31.7150        846     3.5208  0.000e+00
     12.059    11.6646   3.632161    31.7148        847     3.5250  0.000e+00
     12.106    11.6645   3.632161    31.7149        848     3.5292  0.000e+00
     12.155    11.6644   3.632161    31.7150        849     3.5333  0.000e+00
     12.205    11.6643   3.632161    31.7151        850     3.5375  0.000e+00
     12.252    11.6644   3.632180    31.7152        851     3.5417  0.000e+00
     12.290    11.6644   3.632167    31.7150        852     3.5458  0.000e+00
     12.315    11.6644   3.632206    31.7153        853     3.5500  0.000e+00
     12.328    11.6646   3.632180    31.7149        854     3.5542  0.000e+00
     12.326    11.6648   3.632180    31.7148        855     3.5583  0.000e+00
     12.310    11.6648   3.632135    31.7144        856     3.5625  0.000e+00
     12.291    11.6644   3.631981    31.7132        857     3.5667  0.000e+00
     12.264    11.6633   3.631846    31.7128        858     3.5708  0.000e+00
     12.240    11.6614   3.631691    31.7130        859     3.5750  0.000e+00
     12.208    11.6589   3.631621    31.7144        860     3.5792  0.000e+00
     12.170    11.6566   3.631621    31.7164        861     3.5833  0.000e+00
     12.125    11.6554   3.631640    31.7177        862     3.5875  0.000e+00
     12.090    11.6545   3.631556    31.7176        863     3.5917  0.000e+00
     12.053    11.6543   3.631736    31.7196        864     3.5958  0.000e+00
     12.028    11.6547   3.632000    31.7218        865     3.6000  0.000e+00
     12.017    11.6566   3.632161    31.7217        866     3.6042  0.000e+00
     12.012    11.6594   3.632289    31.7206        867     3.6083  0.000e+00
     12.015    11.6622   3.632405    31.7193        868     3.6125  0.000e+00
     12.038    11.6652   3.632495    31.7176        869     3.6167  0.000e+00
     12.063    11.6676   3.632360    31.7143        870     3.6208  0.000e+00
     12.091    11.6687   3.632180    31.7115        871     3.6250  0.000e+00
     12.120    11.6676   3.632045    31.7112        872     3.6292  0.000e+00
     12.145    11.6659   3.631955    31.7117        873     3.6333  0.000e+00
     12.157    11.6637   3.631910    31.7132        874     3.6375  0.000e+00
     12.159    11.6619   3.631955    31.7152        875     3.6417  0.000e+00
     12.158    11.6610   3.632315    31.7194        876     3.6458  0.000e+00
     12.134    11.6627   3.632604    31.7207        877     3.6500  0.000e+00
     12.096    11.6663   3.632694    31.7186        878     3.6542  0.000e+00
     12.039    11.6698   3.632669    31.7154        879     3.6583  0.000e+00
     11.992    11.6719   3.632585    31.7128        880     3.6625  0.000e+00
     11.936    11.6726   3.632559    31.7120        881     3.6667  0.000e+00
     11.900    11.6727   3.632334    31.7097        882     3.6708  0.000e+00
     11.886    11.6714   3.632212    31.7096        883     3.6750  0.000e+00
     11.886    11.6692   3.632205    31.7115        884     3.6792  0.000e+00
     11.906    11.6674   3.632180    31.7127        885     3.6833  0.000e+00
     11.939    11.6664   3.632160    31.7134        886     3.6875  0.000e+00
     11.981    11.6652   3.632025    31.7131        887     3.6917  0.000e+00
     12.020    11.6644   3.632000    31.7135        888     3.6958  0.000e+00
     12.057    11.6632   3.632045    31.7150        889     3.7000  0.000e+00
     12.084    11.6625   3.632161    31.7167        890     3.7042  0.000e+00
     12.084    11.6629   3.632289    31.7176        891     3.7083  0.000e+00
     12.071    11.6642   3.632450    31.7180        892     3.7125  0.000e+00
     12.044    11.6660   3.632469    31.7167        893     3.7167  0.000e+00
     12.004    11.6682   3.632514    31.7152        894     3.7208  0.000e+00
     11.957    11.6696   3.632405    31.7130        895     3.7250  0.000e+00
     11.914    11.6699   3.632115    31.7099        896     3.7292  0.000e+00
     11.867    11.6683   3.631955    31.7098        897     3.7333  0.000e+00
     11.822    11.6656   3.632000    31.7126        898     3.7375  0.000e+00
     11.778    11.6640   3.632115    31.7150        899     3.7417  0.000e+00
     11.739    11.6636   3.632115    31.7154        900     3.7458  0.000e+00
     11.708    11.6641   3.632115    31.7150        901     3.7500  0.000e+00
     11.695    11.6640   3.632205    31.7159        902     3.7542  0.000e+00
     11.689    11.6648   3.632276    31.7159        903     3.7583  0.000e+00
     11.707    11.6658   3.632244    31.7148        904     3.7625  0.000e+00
     11.732    11.6667   3.632135    31.7130        905     3.7667  0.000e+00
     11.774    11.6663   3.632090    31.7128        906     3.7708  0.000e+00
     11.827    11.6653   3.632045    31.7133        907     3.7750  0.000e+00
     11.891    11.6646   3.632115    31.7145        908     3.7792  0.000e+00
     11.964    11.6642   3.632116    31.7148        909     3.7833  0.000e+00
     12.029    11.6641   3.632161    31.7153        910     3.7875  0.000e+00
     12.087    11.6642   3.632225    31.7158        911     3.7917  0.000e+00
     12.135    11.6649   3.632270    31.7156        912     3.7958  0.000e+00
     12.167    11.6653   3.632251    31.7151        913     3.8000  0.000e+00
     12.186    11.6657   3.632206    31.7143        914     3.8042  0.000e+00
     12.201    11.6659   3.632161    31.7137        915     3.8083  0.000e+00
     12.199    11.6654   3.632026    31.7128        916     3.8125  0.000e+00
     12.201    11.6644   3.631955    31.7130        917     3.8167  0.000e+00
     12.198    11.6631   3.631891    31.7135        918     3.8208  0.000e+00
     12.196    11.6619   3.631846    31.7141        919     3.8250  0.000e+00
     12.191    11.6607   3.631846    31.7151        920     3.8292  0.000e+00
     12.176    11.6599   3.631781    31.7152        921     3.8333  0.000e+00
     12.151    11.6593   3.631801    31.7159        922     3.8375  0.000e+00
     12.115    11.6589   3.631807    31.7163        923     3.8417  0.000e+00
     12.077    11.6588   3.631801    31.7163        924     3.8458  0.000e+00
     12.038    11.6588   3.631865    31.7170        925     3.8500  0.000e+00
     11.995    11.6591   3.631865    31.7167        926     3.8542  0.000e+00
     11.944    11.6596   3.631845    31.7161        927     3.8583  0.000e+00
     11.890    11.6596   3.631820    31.7159        928     3.8625  0.000e+00
     11.828    11.6595   3.631820    31.7161        929     3.8667  0.000e+00
     11.749    11.6593   3.631800    31.7160        930     3.8708  0.000e+00
     11.669    11.6591   3.631781    31.7160        931     3.8750  0.000e+00
     11.575    11.6587   3.631890    31.7175        932     3.8792  0.000e+00
     11.484    11.6589   3.631762    31.7161        933     3.8833  0.000e+00
     11.397    11.6588   3.631691    31.7155        934     3.8875  0.000e+00
     11.314    11.6579   3.631710    31.7166        935     3.8917  0.000e+00
     11.247    11.6576   3.631691    31.7166        936     3.8958  0.000e+00
     11.203    11.6572   3.631691    31.7170        937     3.9000  0.000e+00
     11.173    11.6571   3.631665    31.7168        938     3.9042  0.000e+00
     11.166    11.6571   3.631665    31.7169        939     3.9083  0.000e+00
     11.177    11.6568   3.631691    31.7173        940     3.9125  0.000e+00
     11.206    11.6568   3.631691    31.7174        941     3.9167  0.000e+00
     11.243    11.6564   3.631710    31.7179        942     3.9208  0.000e+00
     11.292    11.6566   3.631697    31.7176        943     3.9250  0.000e+00
     11.343    11.6566   3.631710    31.7177        944     3.9292  0.000e+00
     11.401    11.6568   3.631691    31.7173        945     3.9333  0.000e+00
     11.452    11.6568   3.631710    31.7175        946     3.9375  0.000e+00
     11.503    11.6569   3.631736    31.7176        947     3.9417  0.000e+00
     11.530    11.6569   3.631710    31.7173        948     3.9458  0.000e+00
     11.538    11.6570   3.631710    31.7172        949     3.9500  0.000e+00
     11.540    11.6568   3.631710    31.7174        950     3.9542  0.000e+00
     11.540    11.6566   3.631691    31.7174        951     3.9583  0.000e+00
     11.540    11.6565   3.631691    31.7175        952     3.9625  0.000e+00
     11.542    11.6562   3.631697    31.7178        953     3.9667  0.000e+00
     11.551    11.6566   3.631710    31.7176        954     3.9708  0.000e+00
     11.563    11.6565   3.631691    31.7174        955     3.9750  0.000e+00
     11.576    11.6569   3.631755    31.7177        956     3.9792  0.000e+00
     11.589    11.6571   3.631736    31.7174        957     3.9833  0.000e+00
     11.588    11.6574   3.631755    31.7173        958     3.9875  0.000e+00
     11.576    11.6574   3.631755    31.7173        959     3.9917  0.000e+00
     11.542    11.6575   3.631665    31.7164        960     3.9958  0.000e+00
     11.487    11.6574   3.631691    31.7167        961     4.0000  0.000e+00
     11.422    11.6570   3.631691    31.7171        962     4.0042  0.000e+00
     11.343    11.6569   3.631678    31.7171        963     4.0083  0.000e+00
     11.245    11.6564   3.631691    31.7177        964     4.0125  0.000e+00
     11.149    11.6566   3.631755    31.7181        965     4.0167  0.000e+00
     11.034    11.6571   3.631755    31.7178        966     4.0208  0.000e+00
     10.919    11.6577   3.631781    31.7176        967     4.0250  0.000e+00
     10.802    11.6583   3.631755    31.7169        968     4.0292  0.000e+00
     10.671    11.6581   3.631691    31.7164        969     4.0333  0.000e+00
     10.535    11.6576   3.631665    31.7167        970     4.0375  0.000e+00
     10.409    11.6570   3.631665    31.7173        971     4.0417  0.000e+00
     10.295    11.6568   3.631710    31.7179        972     4.0458  0.000e+00
     10.207    11.6569   3.631736    31.7181        973     4.0500  0.000e+00
     10.150    11.6574   3.631678    31.7172        974     4.0542  0.000e+00
     10.129    11.6574   3.631710    31.7174        975     4.0583  0.000e+00
     10.138    11.6573   3.631710    31.7175        976     4.0625  0.000e+00
     10.176    11.6576   3.631736    31.7175        977     4.0667  0.000e+00
     10.242    11.6577   3.631285    31.7130        978     4.0708  0.000e+00
     10.335    11.6581   3.631736    31.7170        979     4.0750  0.000e+00
     10.427    11.6581   3.631781    31.7174        980     4.0792  0.000e+00
     10.528    11.6585   3.631781    31.7170        981     4.0833  0.000e+00
     10.624    11.6586   3.631819    31.7173        982     4.0875  0.000e+00
     10.714    11.6590   3.631800    31.7167        983     4.0917  0.000e+00
     10.794    11.6589   3.631806    31.7169        984     4.0958  0.000e+00
     10.857    11.6592   3.631845    31.7169        985     4.1000  0.000e+00
     10.894    11.6594   3.631845    31.7167        986     4.1042  0.000e+00
     10.910    11.6596   3.631864    31.7168        987     4.1083  0.000e+00
     10.877    11.6602   3.632070    31.7183        988     4.1125  0.000e+00
     10.822    11.6614   3.632160    31.7182        989     4.1167  0.000e+00
     10.741    11.6634   3.632089    31.7158        990     4.1208  0.000e+00
     10.658    11.6645   3.631954    31.7135        991     4.1250  0.000e+00
     10.567    11.6644   3.631691    31.7111        992     4.1292  0.000e+00
     10.479    11.6616   3.631620    31.7128        993     4.1333  0.000e+00
     10.396    11.6591   3.631639    31.7152        994     4.1375  0.000e+00
     10.329    11.6574   3.631819    31.7185        995     4.1417  0.000e+00
     10.271    11.6574   3.631755    31.7179        996     4.1458  0.000e+00
     10.221    11.6579   3.631710    31.7170        997     4.1500  0.000e+00
     10.179    11.6575   3.631620    31.7165        998     4.1542  0.000e+00
     10.144    11.6570   3.631601    31.7168        999     4.1583  0.000e+00
     10.121    11.6559   3.631646    31.7181       1000     4.1625  0.000e+00
     10.108    11.6554   3.631755    31.7196       1001     4.1667  0.000e+00
     10.101    11.6562   3.631781    31.7192       1002     4.1708  0.000e+00
     10.096    11.6574   3.631819    31.7185       1003     4.1750  0.000e+00
     10.087    11.6585   3.631851    31.7179       1004     4.1792  0.000e+00
     10.068    11.6595   3.631819    31.7168       1005     4.1833  0.000e+00
     10.032    11.6602   3.631819    31.7162       1006     4.1875  0.000e+00
      9.980    11.6602   3.631845    31.7164       1007     4.1917  0.000e+00
      9.913    11.6603   3.631845    31.7164       1008     4.1958  0.000e+00
      9.842    11.6607   3.631780    31.7154       1009     4.2000  0.000e+00
      9.781    11.6608   3.631845    31.7160       1010     4.2042  0.000e+00
      9.738    11.6608   3.631845    31.7160       1011     4.2083  0.000e+00
      9.709    11.6608   3.631890    31.7164       1012     4.2125  0.000e+00
      9.693    11.6615   3.631954    31.7165       1013     4.2167  0.000e+00
      9.687    11.6620   3.631954    31.7161       1014     4.2208  0.000e+00
      9.682    11.6627   3.631980    31.7157       1015     4.2250  0.000e+00
      9.682    11.6633   3.632025    31.7156       1016     4.2292  0.000e+00
      9.693    11.6642   3.632089    31.7155       1017     4.2333  0.000e+00
      9.708    11.6652   3.632115    31.7149       1018     4.2375  0.000e+00
      9.747    11.6660   3.632134    31.7144       1019     4.2417  0.000e+00
      9.807    11.6667   3.632134    31.7138       1020     4.2458  0.000e+00
      9.868    11.6672   3.632134    31.7133       1021     4.2500  0.000e+00
      9.933    11.6673   3.632160    31.7135       1022     4.2542  0.000e+00
      9.989    11.6675   3.632089    31.7125       1023     4.2583  0.000e+00
     10.045    11.6672   3.632038    31.7123       1024     4.2625  0.000e+00
     10.094    11.6667   3.631999    31.7123       1025     4.2667  0.000e+00
     10.136    11.6656   3.631909    31.7124       1026     4.2708  0.000e+00
     10.155    11.6647   3.631864    31.7127       1027     4.2750  0.000e+00
     10.152    11.6632   3.631819    31.7135       1028     4.2792  0.000e+00
     10.111    11.6619   3.631800    31.7144       1029     4.2833  0.000e+00
     10.038    11.6615   3.631710    31.7140       1030     4.2875  0.000e+00
      9.929    11.6604   3.631690    31.7148       1031     4.2917  0.000e+00
      9.803    11.6595   3.631710    31.7158       1032     4.2958  0.000e+00
      9.652    11.6589   3.631600    31.7153       1033     4.3000  0.000e+00
      9.500    11.6584   3.631677    31.7165       1034     4.3042  0.000e+00
      9.355    11.6581   3.631690    31.7170       1035     4.3083  0.000e+00
