HB2503/sbe072.cnv
* Sea-Bird SBE 19plus V2 Data File:
* FileName = C:\cruise\data\sbe072.hex
* Software Version Seasave V 7.26.7.121
* Temperature SN = 6128
* Conductivity SN = 6128
* System UpLoad Time = Jun 04 2025 03:01:45
* NMEA Latitude = 42 41.52 N
* NMEA Longitude = 067 41.87 W
* NMEA UTC (Time) = Jun 04 2025  03:00:01
** Ship: Henry Bigelow
** Cruise:  HB2502
** Program:  Spring Bottom Trawl
# nquan = 7
# nvalues = 3951                                  
# units = specified
# name 0 = depSM: Depth [salt water, m]
# name 1 = tv290C: Temperature [ITS-90, deg C]
# name 2 = c0S/m: Conductivity [S/m]
# name 3 = sal00: Salinity, Practical [PSU]
# name 4 = scan: Scan Count
# name 5 = timeM: Time, Elapsed [minutes]
# name 6 = flag:  0.000e+00
# span 0 =     -0.073,    180.419                 
# span 1 =     5.3544,    11.6089                 
# span 2 =   0.007118,   3.661263                 
# span 3 =     0.0466,    34.4574                 
# span 4 =         11,       3961                 
# span 5 =     0.0417,    16.5000                 
# span 6 = 0.0000e+00, 0.0000e+00                 
# interval = seconds: 0.25
# start_time = Jun 04 2025 03:00:01 [NMEA time, header]
# bad_flag = -9.990e-29
*END*
[from data line 2667]
     55.450     5.4925   3.199601    32.7958       2678    11.1542  0.000e+00
     55.416     5.4937   3.199650    32.7951       2679    11.1583  0.000e+00
     55.391     5.4948   3.199748    32.7952       2680    11.1625  0.000e+00
     55.360     5.4960   3.199852    32.7952       2681    11.1667  0.000e+00
     55.327     5.4975   3.199889    32.7942       2682    11.1708  0.000e+00
     55.297     5.4986   3.199950    32.7938       2683    11.1750  0.000e+00
     55.266     5.4999   3.200036    32.7935       2684    11.1792  0.000e+00
     55.228     5.5009   3.200072    32.7930       2685    11.1833  0.000e+00
     55.184     5.5017   3.200097    32.7925       2686    11.1875  0.000e+00
     55.146     5.5025   3.200195    32.7929       2687    11.1917  0.000e+00
     55.097     5.5032   3.200299    32.7934       2688    11.1958  0.000e+00
     55.042     5.5046   3.200335    32.7925       2689    11.2000  0.000e+00
     54.984     5.5055   3.200378    32.7921       2690    11.2042  0.000e+00
     54.921     5.5067   3.200501    32.7924       2691    11.2083  0.000e+00
     54.867     5.5075   3.200519    32.7918       2692    11.2125  0.000e+00
     54.804     5.5088   3.200641    32.7920       2693    11.2167  0.000e+00
     54.744     5.5097   3.200660    32.7913       2694    11.2208  0.000e+00
     54.682     5.5110   3.200684    32.7904       2695    11.2250  0.000e+00
     54.626     5.5117   3.200721    32.7901       2696    11.2292  0.000e+00
     54.568     5.5125   3.200782    32.7901       2697    11.2333  0.000e+00
     54.514     5.5130   3.200782    32.7896       2698    11.2375  0.000e+00
     54.467     5.5136   3.200782    32.7891       2699    11.2417  0.000e+00
     54.412     5.5140   3.200806    32.7889       2700    11.2458  0.000e+00
     54.360     5.5143   3.200806    32.7887       2701    11.2500  0.000e+00
     54.311     5.5144   3.200806    32.7886       2702    11.2542  0.000e+00
     54.265     5.5144   3.200782    32.7883       2703    11.2583  0.000e+00
     54.229     5.5146   3.200843    32.7889       2704    11.2625  0.000e+00
     54.194     5.5149   3.200886    32.7891       2705    11.2667  0.000e+00
     54.160     5.5152   3.200904    32.7890       2706    11.2708  0.000e+00
     54.132     5.5159   3.200990    32.7893       2707    11.2750  0.000e+00
     54.105     5.5165   3.201008    32.7889       2708    11.2792  0.000e+00
     54.078     5.5170   3.201045    32.7888       2709    11.2833  0.000e+00
     54.051     5.5177   3.201088    32.7887       2710    11.2875  0.000e+00
     54.020     5.5182   3.201069    32.7880       2711    11.2917  0.000e+00
     53.991     5.5188   3.201106    32.7879       2712    11.2958  0.000e+00
     53.953     5.5191   3.201106    32.7876       2713    11.3000  0.000e+00
     53.911     5.5193   3.201192    32.7884       2714    11.3042  0.000e+00
     53.861     5.5200   3.201253    32.7884       2715    11.3083  0.000e+00
     53.812     5.5210   3.201332    32.7884       2716    11.3125  0.000e+00
     53.760     5.5222   3.201577    32.7900       2717    11.3167  0.000e+00
     53.694     5.5240   3.204001    32.8158       2718    11.3208  0.000e+00
     53.621     5.5338   3.206474    32.8343       2719    11.3250  0.000e+00
     53.552     5.5554   3.209033    32.8423       2720    11.3292  0.000e+00
     53.484     5.5827   3.211643    32.8452       2721    11.3333  0.000e+00
     53.410     5.6152   3.213254    32.8318       2722    11.3375  0.000e+00
     53.334     5.6467   3.215147    32.8225       2723    11.3417  0.000e+00
     53.266     5.6769   3.215864    32.8012       2724    11.3458  0.000e+00
     53.199     5.7011   3.216250    32.7821       2725    11.3500  0.000e+00
     53.139     5.7185   3.216722    32.7705       2726    11.3542  0.000e+00
     53.079     5.7309   3.217249    32.7644       2727    11.3583  0.000e+00
     53.024     5.7412   3.217555    32.7579       2728    11.3625  0.000e+00
     52.977     5.7496   3.217801    32.7526       2729    11.3667  0.000e+00
     52.937     5.7560   3.218107    32.7498       2730    11.3708  0.000e+00
     52.908     5.7612   3.218273    32.7466       2731    11.3750  0.000e+00
     52.874     5.7657   3.218187    32.7413       2732    11.3792  0.000e+00
     52.848     5.7680   3.218414    32.7416       2733    11.3833  0.000e+00
     52.826     5.7700   3.218352    32.7390       2734    11.3875  0.000e+00
     52.801     5.7713   3.218291    32.7370       2735    11.3917  0.000e+00
     52.775     5.7716   3.218230    32.7361       2736    11.3958  0.000e+00
     52.753     5.7713   3.218211    32.7362       2737    11.4000  0.000e+00
     52.725     5.7711   3.218291    32.7373       2738    11.4042  0.000e+00
     52.694     5.7710   3.218371    32.7384       2739    11.4083  0.000e+00
     52.651     5.7713   3.218413    32.7385       2740    11.4125  0.000e+00
     52.611     5.7717   3.218628    32.7406       2741    11.4167  0.000e+00
     52.553     5.7729   3.219211    32.7460       2742    11.4208  0.000e+00
     52.500     5.7759   3.219149    32.7424       2743    11.4250  0.000e+00
     52.448     5.7787   3.219413    32.7427       2744    11.4292  0.000e+00
     52.387     5.7813   3.219781    32.7443       2745    11.4333  0.000e+00
     52.326     5.7845   3.220149    32.7455       2746    11.4375  0.000e+00
     52.266     5.7885   3.220437    32.7449       2747    11.4417  0.000e+00
     52.206     5.7926   3.220964    32.7468       2748    11.4458  0.000e+00
     52.146     5.7974   3.221437    32.7475       2749    11.4500  0.000e+00
     52.094     5.8029   3.221786    32.7462       2750    11.4542  0.000e+00
     52.032     5.8085   3.222044    32.7436       2751    11.4583  0.000e+00
     51.981     5.8137   3.222068    32.7389       2752    11.4625  0.000e+00
     51.923     5.8171   3.222068    32.7356       2753    11.4667  0.000e+00
     51.875     5.8196   3.222252    32.7353       2754    11.4708  0.000e+00
     51.828     5.8213   3.222313    32.7344       2755    11.4750  0.000e+00
     51.783     5.8230   3.222497    32.7348       2756    11.4792  0.000e+00
     51.734     5.8249   3.222418    32.7321       2757    11.4833  0.000e+00
     51.689     5.8258   3.222559    32.7328       2758    11.4875  0.000e+00
     51.653     5.8267   3.222620    32.7327       2759    11.4917  0.000e+00
     51.606     5.8278   3.222743    32.7330       2760    11.4958  0.000e+00
     51.566     5.8289   3.223307    32.7384       2761    11.5000  0.000e+00
     51.526     5.8319   3.223172    32.7339       2762    11.5042  0.000e+00
     51.480     5.8342   3.223172    32.7317       2763    11.5083  0.000e+00
     51.440     5.8356   3.223381    32.7327       2764    11.5125  0.000e+00
     51.399     5.8369   3.223240    32.7298       2765    11.5167  0.000e+00
     51.350     5.8378   3.222890    32.7251       2766    11.5208  0.000e+00
     51.305     5.8368   3.223258    32.7303       2767    11.5250  0.000e+00
     51.256     5.8365   3.223608    32.7345       2768    11.5292  0.000e+00
     51.204     5.8382   3.223644    32.7333       2769    11.5333  0.000e+00
     51.155     5.8399   3.223522    32.7303       2770    11.5375  0.000e+00
     51.104     5.8411   3.223565    32.7296       2771    11.5417  0.000e+00
     51.051     5.8413   3.223706    32.7310       2772    11.5458  0.000e+00
     51.001     5.8420   3.223749    32.7309       2773    11.5500  0.000e+00
     50.950     5.8430   3.223871    32.7313       2774    11.5542  0.000e+00
     50.899     5.8443   3.223933    32.7307       2775    11.5583  0.000e+00
     50.853     5.8452   3.223890    32.7294       2776    11.5625  0.000e+00
     50.805     5.8460   3.224098    32.7311       2777    11.5667  0.000e+00
     50.762     5.8468   3.223994    32.7291       2778    11.5708  0.000e+00
     50.722     5.8476   3.223890    32.7272       2779    11.5750  0.000e+00
     50.678     5.8473   3.224196    32.7309       2780    11.5792  0.000e+00
     50.644     5.8480   3.224074    32.7289       2781    11.5833  0.000e+00
     50.609     5.8485   3.223828    32.7257       2782    11.5875  0.000e+00
     50.570     5.8478   3.224098    32.7294       2783    11.5917  0.000e+00
     50.543     5.8481   3.224405    32.7326       2784    11.5958  0.000e+00
     50.510     5.8495   3.224380    32.7310       2785    11.6000  0.000e+00
     50.476     5.8509   3.224362    32.7294       2786    11.6042  0.000e+00
     50.447     5.8517   3.224362    32.7286       2787    11.6083  0.000e+00
     50.407     5.8521   3.224454    32.7293       2788    11.6125  0.000e+00
     50.371     5.8527   3.224442    32.7286       2789    11.6167  0.000e+00
     50.336     5.8533   3.224994    32.7342       2790    11.6208  0.000e+00
     50.293     5.8554   3.224748    32.7295       2791    11.6250  0.000e+00
     50.250     5.8570   3.224853    32.7292       2792    11.6292  0.000e+00
     50.197     5.8576   3.224853    32.7285       2793    11.6333  0.000e+00
     50.146     5.8583   3.224810    32.7274       2794    11.6375  0.000e+00
     50.092     5.8586   3.224896    32.7282       2795    11.6417  0.000e+00
     50.032     5.8591   3.224994    32.7288       2796    11.6458  0.000e+00
     49.981     5.8597   3.225098    32.7294       2797    11.6500  0.000e+00
     49.929     5.8607   3.225116    32.7287       2798    11.6542  0.000e+00
     49.871     5.8618   3.225178    32.7283       2799    11.6583  0.000e+00
     49.809     5.8626   3.225202    32.7278       2800    11.6625  0.000e+00
     49.753     5.8633   3.225178    32.7269       2801    11.6667  0.000e+00
     49.700     5.8635   3.225221    32.7272       2802    11.6708  0.000e+00
     49.644     5.8640   3.225343    32.7282       2803    11.6750  0.000e+00
     49.592     5.8646   3.225448    32.7288       2804    11.6792  0.000e+00
     49.543     5.8656   3.225546    32.7289       2805    11.6833  0.000e+00
     49.494     5.8668   3.225546    32.7278       2806    11.6875  0.000e+00
     49.456     5.8677   3.225632    32.7279       2807    11.6917  0.000e+00
     49.421     5.8685   3.225957    32.7308       2808    11.6958  0.000e+00
     49.385     5.8702   3.225669    32.7259       2809    11.7000  0.000e+00
     49.360     5.8709   3.226043    32.7295       2810    11.7042  0.000e+00
     49.336     5.8720   3.225877    32.7265       2811    11.7083  0.000e+00
     49.318     5.8728   3.225816    32.7251       2812    11.7125  0.000e+00
     49.298     5.8727   3.225730    32.7242       2813    11.7167  0.000e+00
     49.285     5.8723   3.225668    32.7240       2814    11.7208  0.000e+00
     49.265     5.8717   3.225681    32.7247       2815    11.7250  0.000e+00
     49.251     5.8712   3.225816    32.7267       2816    11.7292  0.000e+00
     49.231     5.8714   3.225896    32.7274       2817    11.7333  0.000e+00
     49.213     5.8720   3.225853    32.7264       2818    11.7375  0.000e+00
     49.184     5.8724   3.226000    32.7276       2819    11.7417  0.000e+00
     49.154     5.8733   3.226288    32.7301       2820    11.7458  0.000e+00
     49.118     5.8746   3.226123    32.7269       2821    11.7500  0.000e+00
     49.076     5.8755   3.226227    32.7273       2822    11.7542  0.000e+00
     49.036     5.8761   3.226018    32.7243       2823    11.7583  0.000e+00
     48.981     5.8760   3.225852    32.7226       2824    11.7625  0.000e+00
     48.932     5.8751   3.225957    32.7246       2825    11.7667  0.000e+00
     48.876     5.8745   3.226018    32.7259       2826    11.7708  0.000e+00
     48.820     5.8747   3.226227    32.7281       2827    11.7750  0.000e+00
     48.766     5.8751   3.226122    32.7266       2828    11.7792  0.000e+00
     48.706     5.8757   3.226079    32.7255       2829    11.7833  0.000e+00
     48.652     5.8757   3.226202    32.7270       2830    11.7875  0.000e+00
     48.595     5.8762   3.226325    32.7279       2831    11.7917  0.000e+00
     48.542     5.8772   3.226718    32.7314       2832    11.7958  0.000e+00
     48.488     5.8790   3.226791    32.7305       2833    11.8000  0.000e+00
     48.422     5.8807   3.226509    32.7257       2834    11.8042  0.000e+00
     48.373     5.8814   3.226754    32.7278       2835    11.8083  0.000e+00
     48.321     5.8820   3.226963    32.7296       2836    11.8125  0.000e+00
     48.273     5.8832   3.227024    32.7292       2837    11.8167  0.000e+00
     48.223     5.8845   3.226963    32.7272       2838    11.8208  0.000e+00
     48.180     5.8853   3.226920    32.7260       2839    11.8250  0.000e+00
     48.142     5.8856   3.227061    32.7273       2840    11.8292  0.000e+00
     48.098     5.8860   3.226963    32.7258       2841    11.8333  0.000e+00
     48.070     5.8863   3.227178    32.7280       2842    11.8375  0.000e+00
     48.041     5.8869   3.227227    32.7279       2843    11.8417  0.000e+00
     48.013     5.8880   3.227123    32.7258       2844    11.8458  0.000e+00
     47.998     5.8883   3.227184    32.7261       2845    11.8500  0.000e+00
     47.987     5.8885   3.227184    32.7259       2846    11.8542  0.000e+00
     47.972     5.8887   3.227331    32.7274       2847    11.8583  0.000e+00
     47.965     5.8893   3.227411    32.7277       2848    11.8625  0.000e+00
     47.951     5.8904   3.227208    32.7244       2849    11.8667  0.000e+00
     47.941     5.8902   3.227276    32.7253       2850    11.8708  0.000e+00
     47.928     5.8899   3.227393    32.7269       2851    11.8750  0.000e+00
     47.906     5.8902   3.227472    32.7276       2852    11.8792  0.000e+00
     47.883     5.8909   3.227454    32.7267       2853    11.8833  0.000e+00
     47.853     5.8914   3.227472    32.7265       2854    11.8875  0.000e+00
     47.819     5.8920   3.227552    32.7268       2855    11.8917  0.000e+00
     47.781     5.8925   3.227656    32.7275       2856    11.8958  0.000e+00
     47.734     5.8934   3.227742    32.7276       2857    11.9000  0.000e+00
     47.685     5.8945   3.227681    32.7259       2858    11.9042  0.000e+00
     47.624     5.8950   3.227663    32.7253       2859    11.9083  0.000e+00
     47.567     5.8952   3.227865    32.7273       2860    11.9125  0.000e+00
     47.506     5.8959   3.228025    32.7284       2861    11.9167  0.000e+00
     47.450     5.8974   3.228332    32.7305       2862    11.9208  0.000e+00
     47.389     5.8997   3.228639    32.7317       2863    11.9250  0.000e+00
     47.326     5.9033   3.228909    32.7313       2864    11.9292  0.000e+00
     47.270     5.9067   3.229093    32.7301       2865    11.9333  0.000e+00
     47.217     5.9102   3.229357    32.7297       2866    11.9375  0.000e+00
     47.163     5.9136   3.229436    32.7274       2867    11.9417  0.000e+00
     47.116     5.9166   3.229443    32.7246       2868    11.9458  0.000e+00
     47.065     5.9185   3.229461    32.7229       2869    11.9500  0.000e+00
     47.020     5.9197   3.229504    32.7223       2870    11.9542  0.000e+00
     46.978     5.9208   3.229541    32.7217       2871    11.9583  0.000e+00
     46.938     5.9216   3.229688    32.7225       2872    11.9625  0.000e+00
     46.900     5.9228   3.229829    32.7230       2873    11.9667  0.000e+00
     46.864     5.9249   3.230099    32.7240       2874    11.9708  0.000e+00
     46.831     5.9274   3.230253    32.7234       2875    11.9750  0.000e+00
     46.799     5.9299   3.230320    32.7217       2876    11.9792  0.000e+00
     46.767     5.9320   3.230345    32.7200       2877    11.9833  0.000e+00
     46.750     5.9335   3.230302    32.7180       2878    11.9875  0.000e+00
     46.737     5.9343   3.230320    32.7175       2879    11.9917  0.000e+00
     46.725     5.9348   3.230345    32.7173       2880    11.9958  0.000e+00
     46.716     5.9350   3.230363    32.7173       2881    12.0000  0.000e+00
