HB2503/sbe033.cnv
* Sea-Bird SBE 19plus V2 Data File:
* FileName = C:\cruise\data\sbe033.hex
* Software Version Seasave V 7.26.7.121
* Temperature SN = 6128
* Conductivity SN = 6128
* System UpLoad Time = May 30 2025 22:13:09
* NMEA Latitude = 39 41.54 N
* NMEA Longitude = 073 36.14 W
* NMEA UTC (Time) = May 30 2025  22:11:21
** Ship: Henry Bigelow
** Cruise:  HB2502
** Program:  Spring Bottom Trawl
# nquan = 7
# nvalues = 1630                                  
# units = specified
# name 0 = depSM: Depth [salt water, m]
# name 1 = tv290C: Temperature [ITS-90, deg C]
# name 2 = c0S/m: Conductivity [S/m]
# name 3 = sal00: Salinity, Practical [PSU]
# name 4 = scan: Scan Count
# name 5 = timeM: Time, Elapsed [minutes]
# name 6 = flag:  0.000e+00
# span 0 =     -0.237,     33.645                 
# span 1 =     8.1626,    15.7704                 
# span 2 =   0.008390,   3.980046                 
# span 3 =     0.0507,    32.6411                 
# span 4 =         11,       1640                 
# span 5 =     0.0417,     6.8292                 
# span 6 = 0.0000e+00, 0.0000e+00                 
# interval = seconds: 0.25
# start_time = May 30 2025 22:11:21 [NMEA time, header]
# bad_flag = -9.990e-29
*END*
[from data line 821]
     19.553     9.7549   3.517347    32.2413        832     3.4625  0.000e+00
     19.519     9.7835   3.519443    32.2371        833     3.4667  0.000e+00
     19.483     9.8182   3.521703    32.2290        834     3.4708  0.000e+00
     19.453     9.8557   3.523513    32.2139        835     3.4750  0.000e+00
     19.424     9.8926   3.524136    32.1873        836     3.4792  0.000e+00
     19.400     9.9225   3.524612    32.1654        837     3.4833  0.000e+00
     19.382     9.9437   3.525279    32.1533        838     3.4875  0.000e+00
     19.362     9.9598   3.526187    32.1482        839     3.4917  0.000e+00
     19.352     9.9745   3.526765    32.1410        840     3.4958  0.000e+00
     19.335     9.9874   3.527611    32.1380        841     3.5000  0.000e+00
     19.328     9.9998   3.528297    32.1340        842     3.5042  0.000e+00
     19.313    10.0118   3.528666    32.1271        843     3.5083  0.000e+00
     19.302    10.0213   3.529053    32.1225        844     3.5125  0.000e+00
     19.285    10.0294   3.529339    32.1183        845     3.5167  0.000e+00
     19.270    10.0355   3.529441    32.1138        846     3.5208  0.000e+00
     19.258    10.0401   3.529981    32.1152        847     3.5250  0.000e+00
     19.243    10.0450   3.530197    32.1131        848     3.5292  0.000e+00
     19.236    10.0497   3.530674    32.1137        849     3.5333  0.000e+00
     19.223    10.0542   3.530827    32.1112        850     3.5375  0.000e+00
     19.212    10.0584   3.530954    32.1088        851     3.5417  0.000e+00
     19.199    10.0615   3.531126    32.1078        852     3.5458  0.000e+00
     19.194    10.0643   3.531297    32.1071        853     3.5500  0.000e+00
     19.186    10.0667   3.531602    32.1080        854     3.5542  0.000e+00
     19.179    10.0693   3.531971    32.1094        855     3.5583  0.000e+00
     19.170    10.0726   3.532359    32.1104        856     3.5625  0.000e+00
     19.155    10.0763   3.532900    32.1126        857     3.5667  0.000e+00
     19.137    10.0806   3.533199    32.1118        858     3.5708  0.000e+00
     19.125    10.0850   3.533777    32.1138        859     3.5750  0.000e+00
     19.102    10.0902   3.535775    32.1293        860     3.5792  0.000e+00
     19.079    10.1019   3.539389    32.1554        861     3.5833  0.000e+00
     19.057    10.1272   3.542814    32.1675        862     3.5875  0.000e+00
     19.044    10.1632   3.545723    32.1649        863     3.5917  0.000e+00
     19.024    10.2023   3.547481    32.1479        864     3.5958  0.000e+00
     19.006    10.2383   3.549609    32.1374        865     3.6000  0.000e+00
     18.995    10.2722   3.552024    32.1317        866     3.6042  0.000e+00
     18.981    10.3064   3.554114    32.1225        867     3.6083  0.000e+00
     18.964    10.3392   3.555982    32.1122        868     3.6125  0.000e+00
     18.955    10.3690   3.557206    32.0982        869     3.6167  0.000e+00
     18.944    10.3949   3.558124    32.0844        870     3.6208  0.000e+00
     18.937    10.4164   3.558947    32.0738        871     3.6250  0.000e+00
     18.931    10.4336   3.559361    32.0627        872     3.6292  0.000e+00
     18.928    10.4470   3.560279    32.0601        873     3.6333  0.000e+00
     18.930    10.4584   3.561198    32.0593        874     3.6375  0.000e+00
     18.931    10.4698   3.560955    32.0468        875     3.6417  0.000e+00
     18.933    10.4771   3.560936    32.0402        876     3.6458  0.000e+00
     18.931    10.4809   3.561262    32.0401        877     3.6500  0.000e+00
     18.931    10.4841   3.561217    32.0369        878     3.6542  0.000e+00
     18.934    10.4865   3.561957    32.0421        879     3.6583  0.000e+00
     18.935    10.4897   3.562333    32.0431        880     3.6625  0.000e+00
     18.931    10.4941   3.562965    32.0456        881     3.6667  0.000e+00
     18.934    10.4996   3.563303    32.0441        882     3.6708  0.000e+00
     18.930    10.5044   3.564075    32.0475        883     3.6750  0.000e+00
     18.925    10.5113   3.566112    32.0618        884     3.6792  0.000e+00
     18.914    10.5242   3.568231    32.0716        885     3.6833  0.000e+00
     18.894    10.5431   3.569936    32.0720        886     3.6875  0.000e+00
     18.876    10.5656   3.571315    32.0660        887     3.6917  0.000e+00
     18.861    10.5885   3.572126    32.0540        888     3.6958  0.000e+00
     18.847    10.6089   3.572675    32.0416        889     3.7000  0.000e+00
     18.821    10.6250   3.573173    32.0324        890     3.7042  0.000e+00
     18.799    10.6376   3.573678    32.0264        891     3.7083  0.000e+00
     18.778    10.6480   3.576355    32.0440        892     3.7125  0.000e+00
     18.751    10.6635   3.581623    32.0827        893     3.7167  0.000e+00
     18.728    10.6946   3.587495    32.1139        894     3.7208  0.000e+00
     18.704    10.7413   3.593223    32.1298        895     3.7250  0.000e+00
     18.680    10.7981   3.597834    32.1257        896     3.7292  0.000e+00
     18.665    10.8576   3.601941    32.1143        897     3.7333  0.000e+00
     18.653    10.9148   3.605793    32.1023        898     3.7375  0.000e+00
     18.651    10.9680   3.609538    32.0928        899     3.7417  0.000e+00
     18.651    11.0182   3.612046    32.0737        900     3.7458  0.000e+00
     18.647    11.0621   3.611134    32.0264        901     3.7500  0.000e+00
     18.655    11.0894   3.609267    31.9842        902     3.7542  0.000e+00
     18.658    11.0981   3.609138    31.9754        903     3.7583  0.000e+00
     18.667    11.0990   3.608625    31.9696        904     3.7625  0.000e+00
     18.667    11.0970   3.608228    31.9674        905     3.7667  0.000e+00
     18.661    11.0937   3.608561    31.9735        906     3.7708  0.000e+00
     18.652    11.0918   3.609491    31.9844        907     3.7750  0.000e+00
     18.632    11.0943   3.610787    31.9949        908     3.7792  0.000e+00
     18.610    11.1013   3.612641    32.0072        909     3.7833  0.000e+00
     18.578    11.1138   3.614772    32.0173        910     3.7875  0.000e+00
     18.550    11.1315   3.617018    32.0240        911     3.7917  0.000e+00
     18.523    11.1531   3.618951    32.0242        912     3.7958  0.000e+00
     18.499    11.1759   3.620954    32.0240        913     3.8000  0.000e+00
     18.479    11.1995   3.622309    32.0169        914     3.8042  0.000e+00
     18.466    11.2210   3.623555    32.0104        915     3.8083  0.000e+00
     18.450    11.2409   3.625225    32.0096        916     3.8125  0.000e+00
     18.437    11.2603   3.627256    32.0127        917     3.8167  0.000e+00
     18.420    11.2803   3.628014    32.0027        918     3.8208  0.000e+00
     18.411    11.2977   3.627455    31.9821        919     3.8250  0.000e+00
     18.402    11.3079   3.627185    31.9707        920     3.8292  0.000e+00
     18.395    11.3119   3.627307    31.9684        921     3.8333  0.000e+00
     18.384    11.3137   3.628791    31.9814        922     3.8375  0.000e+00
     18.381    11.3195   3.630469    31.9928        923     3.8417  0.000e+00
     18.377    11.3309   3.631852    31.9965        924     3.8458  0.000e+00
     18.377    11.3448   3.632501    31.9908        925     3.8500  0.000e+00
     18.380    11.3579   3.632700    31.9814        926     3.8542  0.000e+00
     18.378    11.3673   3.632700    31.9732        927     3.8583  0.000e+00
     18.378    11.3734   3.632764    31.9686        928     3.8625  0.000e+00
     18.365    11.3771   3.632880    31.9665        929     3.8667  0.000e+00
     18.350    11.3796   3.633259    31.9681        930     3.8708  0.000e+00
     18.326    11.3826   3.634005    31.9728        931     3.8750  0.000e+00
     18.297    11.3870   3.634732    31.9761        932     3.8792  0.000e+00
     18.257    11.3928   3.635311    31.9767        933     3.8833  0.000e+00
     18.216    11.3995   3.635941    31.9771        934     3.8875  0.000e+00
     18.179    11.4064   3.636765    31.9792        935     3.8917  0.000e+00
     18.141    11.4140   3.638425    31.9889        936     3.8958  0.000e+00
     18.108    11.4243   3.639879    31.9942        937     3.9000  0.000e+00
     18.064    11.4379   3.642074    32.0039        938     3.9042  0.000e+00
     18.040    11.4547   3.645589    32.0237        939     3.9083  0.000e+00
     18.011    11.4792   3.650201    32.0475        940     3.9125  0.000e+00
     17.993    11.5117   3.655770    32.0737        941     3.9167  0.000e+00
     17.973    11.5545   3.661425    32.0918        942     3.9208  0.000e+00
     17.964    11.6063   3.665890    32.0904        943     3.9250  0.000e+00
     17.955    11.6609   3.670299    32.0861        944     3.9292  0.000e+00
     17.950    11.7147   3.673644    32.0721        945     3.9333  0.000e+00
     17.948    11.7646   3.676583    32.0576        946     3.9375  0.000e+00
     17.943    11.8088   3.679148    32.0443        947     3.9417  0.000e+00
     17.936    11.8487   3.681960    32.0371        948     3.9458  0.000e+00
     17.929    11.8856   3.684365    32.0287        949     3.9500  0.000e+00
     17.924    11.9192   3.687690    32.0319        950     3.9542  0.000e+00
     17.904    11.9538   3.691326    32.0373        951     3.9583  0.000e+00
     17.886    11.9917   3.696751    32.0570        952     3.9625  0.000e+00
     17.866    12.0390   3.703183    32.0785        953     3.9667  0.000e+00
     17.848    12.0957   3.708836    32.0841        954     3.9708  0.000e+00
     17.821    12.1583   3.714381    32.0837        955     3.9750  0.000e+00
     17.796    12.2242   3.719521    32.0766        956     3.9792  0.000e+00
     17.761    12.2888   3.724228    32.0664        957     3.9833  0.000e+00
     17.741    12.3526   3.729282    32.0602        958     3.9875  0.000e+00
     17.708    12.4167   3.733975    32.0503        959     3.9917  0.000e+00
     17.681    12.4779   3.737434    32.0312        960     3.9958  0.000e+00
     17.651    12.5318   3.740608    32.0156        961     4.0000  0.000e+00
     17.629    12.5805   3.742709    31.9941        962     4.0042  0.000e+00
     17.606    12.6217   3.744460    31.9757        963     4.0083  0.000e+00
     17.583    12.6554   3.745670    31.9587        964     4.0125  0.000e+00
     17.561    12.6820   3.747363    31.9522        965     4.0167  0.000e+00
     17.541    12.7048   3.749270    31.9510        966     4.0208  0.000e+00
     17.527    12.7269   3.750977    31.9484        967     4.0250  0.000e+00
     17.509    12.7493   3.752091    31.9400        968     4.0292  0.000e+00
     17.496    12.7697   3.753243    31.9337        969     4.0333  0.000e+00
     17.478    12.7871   3.754325    31.9292        970     4.0375  0.000e+00
     17.470    12.8024   3.755237    31.9250        971     4.0417  0.000e+00
     17.461    12.8167   3.756156    31.9215        972     4.0458  0.000e+00
     17.443    12.8292   3.756997    31.9189        973     4.0500  0.000e+00
     17.432    12.8412   3.758000    31.9183        974     4.0542  0.000e+00
     17.416    12.8527   3.759063    31.9187        975     4.0583  0.000e+00
     17.399    12.8646   3.760152    31.9189        976     4.0625  0.000e+00
     17.381    12.8772   3.761671    31.9226        977     4.0667  0.000e+00
     17.358    12.8916   3.763275    31.9256        978     4.0708  0.000e+00
     17.332    12.9080   3.765030    31.9283        979     4.0750  0.000e+00
     17.315    12.9259   3.767235    31.9341        980     4.0792  0.000e+00
     17.290    12.9475   3.769695    31.9391        981     4.0833  0.000e+00
     17.276    12.9729   3.771627    31.9358        982     4.0875  0.000e+00
     17.255    12.9983   3.773318    31.9304        983     4.0917  0.000e+00
     17.244    13.0227   3.774682    31.9227        984     4.0958  0.000e+00
     17.226    13.0447   3.775949    31.9160        985     4.1000  0.000e+00
     17.219    13.0637   3.776948    31.9095        986     4.1042  0.000e+00
     17.208    13.0806   3.777863    31.9038        987     4.1083  0.000e+00
     17.195    13.0956   3.778731    31.8994        988     4.1125  0.000e+00
     17.175    13.1086   3.779855    31.8990        989     4.1167  0.000e+00
     17.156    13.1218   3.781116    31.8998        990     4.1208  0.000e+00
     17.135    13.1356   3.782528    31.9014        991     4.1250  0.000e+00
     17.114    13.1509   3.783926    31.9017        992     4.1292  0.000e+00
     17.082    13.1672   3.785619    31.9039        993     4.1333  0.000e+00
     17.057    13.1843   3.787522    31.9074        994     4.1375  0.000e+00
     17.026    13.2042   3.789314    31.9075        995     4.1417  0.000e+00
     16.995    13.2254   3.791204    31.9075        996     4.1458  0.000e+00
     16.966    13.2473   3.793297    31.9087        997     4.1500  0.000e+00
     16.933    13.2717   3.795555    31.9094        998     4.1542  0.000e+00
     16.895    13.2974   3.797551    31.9065        999     4.1583  0.000e+00
     16.866    13.3229   3.799207    31.9007       1000     4.1625  0.000e+00
     16.839    13.3472   3.800962    31.8967       1001     4.1667  0.000e+00
     16.811    13.3703   3.802671    31.8933       1002     4.1708  0.000e+00
     16.788    13.3929   3.804328    31.8899       1003     4.1750  0.000e+00
     16.759    13.4149   3.805828    31.8855       1004     4.1792  0.000e+00
     16.740    13.4359   3.807053    31.8794       1005     4.1833  0.000e+00
     16.725    13.4554   3.808095    31.8728       1006     4.1875  0.000e+00
     16.712    13.4728   3.808737    31.8643       1007     4.1917  0.000e+00
     16.711    13.4869   3.809229    31.8571       1008     4.1958  0.000e+00
     16.716    13.4979   3.809550    31.8509       1009     4.2000  0.000e+00
     16.724    13.5061   3.809510    31.8437       1010     4.2042  0.000e+00
     16.732    13.5112   3.809661    31.8408       1011     4.2083  0.000e+00
     16.746    13.5150   3.809609    31.8372       1012     4.2125  0.000e+00
     16.761    13.5169   3.809366    31.8333       1013     4.2167  0.000e+00
     16.770    13.5169   3.809051    31.8304       1014     4.2208  0.000e+00
     16.772    13.5153   3.808756    31.8290       1015     4.2250  0.000e+00
     16.769    13.5126   3.808580    31.8296       1016     4.2292  0.000e+00
     16.767    13.5098   3.808494    31.8312       1017     4.2333  0.000e+00
     16.743    13.5075   3.808783    31.8357       1018     4.2375  0.000e+00
     16.723    13.5066   3.809392    31.8422       1019     4.2417  0.000e+00
     16.696    13.5085   3.810245    31.8485       1020     4.2458  0.000e+00
     16.655    13.5134   3.811188    31.8532       1021     4.2500  0.000e+00
     16.616    13.5209   3.812631    31.8604       1022     4.2542  0.000e+00
     16.574    13.5318   3.814480    31.8685       1023     4.2583  0.000e+00
     16.528    13.5479   3.816736    31.8761       1024     4.2625  0.000e+00
     16.482    13.5677   3.818153    31.8728       1025     4.2667  0.000e+00
     16.435    13.5884   3.819216    31.8654       1026     4.2708  0.000e+00
     16.384    13.6066   3.820403    31.8613       1027     4.2750  0.000e+00
     16.332    13.6236   3.821971    31.8618       1028     4.2792  0.000e+00
     16.282    13.6405   3.823127    31.8584       1029     4.2833  0.000e+00
     16.238    13.6575   3.824118    31.8535       1030     4.2875  0.000e+00
     16.200    13.6725   3.825089    31.8500       1031     4.2917  0.000e+00
     16.171    13.6864   3.826166    31.8484       1032     4.2958  0.000e+00
     16.148    13.7002   3.826947    31.8442       1033     4.3000  0.000e+00
     16.133    13.7126   3.827453    31.8386       1034     4.3042  0.000e+00
     16.126    13.7231   3.827715    31.8323       1035     4.3083  0.000e+00
