HB2503/sbe049.cnv
* Sea-Bird SBE 19plus V2 Data File:
* FileName = C:\cruise\data\sbe049.hex
* Software Version Seasave V 7.26.7.121
* Temperature SN = 6128
* Conductivity SN = 6128
* System UpLoad Time = Jun 01 2025 14:28:11
* NMEA Latitude = 40 56.03 N
* NMEA Longitude = 070 52.25 W
* NMEA UTC (Time) = Jun 01 2025  14:26:24
** Ship: Henry Bigelow
** Cruise:  HB2502
** Program:  Spring Bottom Trawl
# nquan = 7
# nvalues = 1353                                  
# units = specified
# name 0 = depSM: Depth [salt water, m]
# name 1 = tv290C: Temperature [ITS-90, deg C]
# name 2 = c0S/m: Conductivity [S/m]
# name 3 = sal00: Salinity, Practical [PSU]
# name 4 = scan: Scan Count
# name 5 = timeM: Time, Elapsed [minutes]
# name 6 = flag:  0.000e+00
# span 0 =     -0.139,     48.620                 
# span 1 =     7.4902,    11.0265                 
# span 2 =   0.005961,   3.672562                 
# span 3 =     0.0398,    32.7450                 
# span 4 =         11,       1363                 
# span 5 =     0.0417,     5.6750                 
# span 6 = 0.0000e+00, 0.0000e+00                 
# interval = seconds: 0.25
# start_time = Jun 01 2025 14:26:24 [NMEA time, header]
# bad_flag = -9.990e-29
*END*
[from data line 206]
     18.866    10.7302   3.632952    32.5348        217     0.9000  0.000e+00
     19.058    10.7308   3.631299    32.5177        218     0.9042  0.000e+00
     19.255    10.7311   3.629249    32.4970        219     0.9083  0.000e+00
     19.453    10.7307   3.627018    32.4750        220     0.9125  0.000e+00
     19.652    10.7275   3.625302    32.4607        221     0.9167  0.000e+00
     19.847    10.7219   3.623966    32.4523        222     0.9208  0.000e+00
     20.034    10.7154   3.622893    32.4473        223     0.9250  0.000e+00
     20.211    10.7084   3.622200    32.4465        224     0.9292  0.000e+00
     20.383    10.7020   3.621892    32.4490        225     0.9333  0.000e+00
     20.539    10.6966   3.621693    32.4518        226     0.9375  0.000e+00
     20.685    10.6920   3.621583    32.4547        227     0.9417  0.000e+00
     20.827    10.6878   3.621468    32.4572        228     0.9458  0.000e+00
     20.972    10.6820   3.621295    32.4606        229     0.9500  0.000e+00
     21.114    10.6738   3.621179    32.4667        230     0.9542  0.000e+00
     21.255    10.6654   3.621134    32.4737        231     0.9583  0.000e+00
     21.387    10.6574   3.620646    32.4759        232     0.9625  0.000e+00
     21.519    10.6480   3.619979    32.4775        233     0.9667  0.000e+00
     21.630    10.6375   3.619247    32.4795        234     0.9708  0.000e+00
     21.740    10.6258   3.618290    32.4803        235     0.9750  0.000e+00
     21.845    10.6130   3.617468    32.4834        236     0.9792  0.000e+00
     21.949    10.5997   3.616981    32.4904        237     0.9833  0.000e+00
     22.048    10.5865   3.616885    32.5012        238     0.9875  0.000e+00
     22.157    10.5754   3.617315    32.5153        239     0.9917  0.000e+00
     22.272    10.5677   3.619781    32.5468        240     0.9958  0.000e+00
     22.405    10.5650   3.624052    32.5918        241     1.0000  0.000e+00
     22.547    10.5653   3.625948    32.6104        242     1.0042  0.000e+00
     22.703    10.5653   3.628602    32.6369        243     1.0083  0.000e+00
     22.873    10.5743   3.629920    32.6419        244     1.0125  0.000e+00
     23.049    10.5934   3.630299    32.6286        245     1.0167  0.000e+00
     23.246    10.6151   3.629920    32.6053        246     1.0208  0.000e+00
     23.445    10.6307   3.628287    32.5750        247     1.0250  0.000e+00
     23.648    10.6389   3.625350    32.5382        248     1.0292  0.000e+00
     23.859    10.6406   3.621206    32.4953        249     1.0333  0.000e+00
     24.071    10.6234   3.615222    32.4508        250     1.0375  0.000e+00
     24.277    10.5511   3.596237    32.3254        251     1.0417  0.000e+00
     24.481    10.4449   3.582421    32.2812        252     1.0458  0.000e+00
     24.668    10.3385   3.576796    32.3193        253     1.0500  0.000e+00
     24.830    10.2422   3.572088    32.3577        254     1.0542  0.000e+00
     24.984    10.1550   3.568008    32.3943        255     1.0583  0.000e+00
     25.105    10.0678   3.562736    32.4191        256     1.0625  0.000e+00
     25.213     9.9536   3.551641    32.4091        257     1.0667  0.000e+00
     25.315     9.8185   3.501116    32.0170        258     1.0708  0.000e+00
     25.409     9.6294   3.481994    31.9905        259     1.0750  0.000e+00
     25.495     9.4084   3.479196    32.1596        260     1.0792  0.000e+00
     25.593     9.2408   3.470693    32.2230        261     1.0833  0.000e+00
     25.694     9.1105   3.465467    32.2868        262     1.0875  0.000e+00
     25.807     9.0040   3.462029    32.3478        263     1.0917  0.000e+00
     25.939     8.9224   3.458642    32.3869        264     1.0958  0.000e+00
     26.083     8.8578   3.457495    32.4338        265     1.1000  0.000e+00
     26.230     8.8113   3.455888    32.4596        266     1.1042  0.000e+00
     26.393     8.7767   3.454407    32.4758        267     1.1083  0.000e+00
     26.566     8.7509   3.453279    32.4876        268     1.1125  0.000e+00
     26.749     8.7295   3.449769    32.4704        269     1.1167  0.000e+00
     26.942     8.7061   3.447457    32.4677        270     1.1208  0.000e+00
     27.142     8.6790   3.445631    32.4733        271     1.1250  0.000e+00
     27.339     8.6546   3.444454    32.4833        272     1.1292  0.000e+00
     27.537     8.6329   3.442773    32.4856        273     1.1333  0.000e+00
     27.723     8.6137   3.441351    32.4882        274     1.1375  0.000e+00
     27.893     8.5956   3.443177    32.5240        275     1.1417  0.000e+00
     28.047     8.5870   3.441716    32.5165        276     1.1458  0.000e+00
     28.179     8.5817   3.438771    32.4904        277     1.1500  0.000e+00
     28.290     8.5664   3.438255    32.4990        278     1.1542  0.000e+00
     28.395     8.5497   3.437268    32.5040        279     1.1583  0.000e+00
     28.492     8.5356   3.436179    32.5055        280     1.1625  0.000e+00
     28.592     8.5219   3.435519    32.5111        281     1.1667  0.000e+00
     28.688     8.5101   3.433727    32.5031        282     1.1708  0.000e+00
     28.794     8.4960   3.432457    32.5028        283     1.1750  0.000e+00
     28.908     8.4802   3.431319    32.5053        284     1.1792  0.000e+00
     29.040     8.4646   3.429967    32.5053        285     1.1833  0.000e+00
     29.185     8.4487   3.429119    32.5111        286     1.1875  0.000e+00
     29.343     8.4330   3.428906    32.5232        287     1.1917  0.000e+00
     29.513     8.4213   3.429094    32.5359        288     1.1958  0.000e+00
     29.692     8.4134   3.429358    32.5459        289     1.2000  0.000e+00
     29.882     8.4091   3.429654    32.5529        290     1.2042  0.000e+00
     30.078     8.4081   3.429868    32.5560        291     1.2083  0.000e+00
     30.273     8.4080   3.427882    32.5351        292     1.2125  0.000e+00
     30.472     8.4008   3.426191    32.5238        293     1.2167  0.000e+00
     30.671     8.3865   3.426355    32.5387        294     1.2208  0.000e+00
     30.859     8.3757   3.426129    32.5462        295     1.2250  0.000e+00
     31.042     8.3694   3.424225    32.5319        296     1.2292  0.000e+00
     31.207     8.3596   3.421920    32.5166        297     1.2333  0.000e+00
     31.353     8.3422   3.420294    32.5154        298     1.2375  0.000e+00
     31.478     8.3223   3.417670    32.5060        299     1.2417  0.000e+00
     31.592     8.2948   3.415474    32.5082        300     1.2458  0.000e+00
     31.691     8.2661   3.413974    32.5188        301     1.2500  0.000e+00
     31.771     8.2381   3.412833    32.5327        302     1.2542  0.000e+00
     31.853     8.2135   3.411403    32.5403        303     1.2583  0.000e+00
     31.928     8.1920   3.409979    32.5452        304     1.2625  0.000e+00
     32.004     8.1713   3.407584    32.5389        305     1.2667  0.000e+00
     32.096     8.1474   3.404481    32.5282        306     1.2708  0.000e+00
     32.199     8.1177   3.402288    32.5324        307     1.2750  0.000e+00
     32.313     8.0856   3.398886    32.5260        308     1.2792  0.000e+00
     32.445     8.0497   3.396332    32.5321        309     1.2833  0.000e+00
     32.581     8.0130   3.394754    32.5494        310     1.2875  0.000e+00
     32.738     7.9803   3.393196    32.5631        311     1.2917  0.000e+00
     32.910     7.9518   3.390480    32.5607        312     1.2958  0.000e+00
     33.098     7.9242   3.390249    32.5839        313     1.3000  0.000e+00
     33.286     7.9021   3.388835    32.5893        314     1.3042  0.000e+00
     33.482     7.8837   3.387553    32.5927        315     1.3083  0.000e+00
     33.685     7.8657   3.388961    32.6244        316     1.3125  0.000e+00
     33.876     7.8558   3.385045    32.5918        317     1.3167  0.000e+00
     34.064     7.8406   3.383182    32.5860        318     1.3208  0.000e+00
     34.240     7.8179   3.382476    32.5995        319     1.3250  0.000e+00
     34.397     7.7979   3.382513    32.6186        320     1.3292  0.000e+00
     34.531     7.7852   3.382189    32.6269        321     1.3333  0.000e+00
     34.648     7.7766   3.381301    32.6254        322     1.3375  0.000e+00
     34.757     7.7676   3.380851    32.6290        323     1.3417  0.000e+00
     34.869     7.7584   3.380026    32.6287        324     1.3458  0.000e+00
     34.983     7.7496   3.379295    32.6290        325     1.3500  0.000e+00
     35.090     7.7406   3.378945    32.6337        326     1.3542  0.000e+00
     35.208     7.7326   3.378264    32.6338        327     1.3583  0.000e+00
     35.341     7.7251   3.378039    32.6383        328     1.3625  0.000e+00
     35.482     7.7185   3.377815    32.6421        329     1.3667  0.000e+00
     35.636     7.7133   3.377846    32.6472        330     1.3708  0.000e+00
     35.799     7.7096   3.377671    32.6487        331     1.3750  0.000e+00
     35.970     7.7072   3.377302    32.6469        332     1.3792  0.000e+00
     36.151     7.7041   3.376790    32.6442        333     1.3833  0.000e+00
     36.338     7.6997   3.376334    32.6434        334     1.3875  0.000e+00
     36.531     7.6948   3.376028    32.6446        335     1.3917  0.000e+00
     36.721     7.6899   3.375579    32.6443        336     1.3958  0.000e+00
     36.910     7.6851   3.375460    32.6475        337     1.4000  0.000e+00
     37.087     7.6813   3.375104    32.6471        338     1.4042  0.000e+00
     37.252     7.6771   3.373961    32.6387        339     1.4083  0.000e+00
     37.402     7.6703   3.373399    32.6390        340     1.4125  0.000e+00
     37.527     7.6622   3.373000    32.6422        341     1.4167  0.000e+00
     37.631     7.6548   3.372712    32.6461        342     1.4208  0.000e+00
     37.725     7.6488   3.372300    32.6472        343     1.4250  0.000e+00
     37.820     7.6433   3.371614    32.6450        344     1.4292  0.000e+00
     37.921     7.6369   3.371014    32.6445        345     1.4333  0.000e+00
     38.026     7.6294   3.370165    32.6423        346     1.4375  0.000e+00
     38.138     7.6211   3.369460    32.6425        347     1.4417  0.000e+00
     38.258     7.6117   3.369154    32.6479        348     1.4458  0.000e+00
     38.390     7.6043   3.368599    32.6488        349     1.4500  0.000e+00
     38.536     7.5976   3.368886    32.6582        350     1.4542  0.000e+00
     38.694     7.5930   3.368406    32.6573        351     1.4583  0.000e+00
     38.845     7.5897   3.367800    32.6538        352     1.4625  0.000e+00
     39.008     7.5846   3.366920    32.6490        353     1.4667  0.000e+00
     39.175     7.5775   3.366758    32.6539        354     1.4708  0.000e+00
     39.338     7.5712   3.366534    32.6573        355     1.4750  0.000e+00
     39.493     7.5667   3.366247    32.6584        356     1.4792  0.000e+00
     39.648     7.5628   3.365947    32.6588        357     1.4833  0.000e+00
     39.790     7.5588   3.366022    32.6633        358     1.4875  0.000e+00
     39.922     7.5563   3.365948    32.6647        359     1.4917  0.000e+00
     40.057     7.5547   3.365879    32.6654        360     1.4958  0.000e+00
     40.186     7.5535   3.365910    32.6669        361     1.5000  0.000e+00
     40.322     7.5525   3.365498    32.6632        362     1.5042  0.000e+00
     40.459     7.5509   3.365573    32.6656        363     1.5083  0.000e+00
     40.602     7.5495   3.365524    32.6663        364     1.5125  0.000e+00
     40.747     7.5484   3.365411    32.6660        365     1.5167  0.000e+00
     40.894     7.5472   3.365330    32.6662        366     1.5208  0.000e+00
     41.040     7.5462   3.365268    32.6664        367     1.5250  0.000e+00
     41.192     7.5452   3.365262    32.6672        368     1.5292  0.000e+00
     41.348     7.5447   3.365287    32.6679        369     1.5333  0.000e+00
     41.499     7.5445   3.365174    32.6667        370     1.5375  0.000e+00
     41.657     7.5440   3.365106    32.6664        371     1.5417  0.000e+00
     41.811     7.5432   3.364707    32.6628        372     1.5458  0.000e+00
     41.969     7.5414   3.364513    32.6623        373     1.5500  0.000e+00
     42.141     7.5390   3.364164    32.6608        374     1.5542  0.000e+00
     42.317     7.5360   3.363971    32.6614        375     1.5583  0.000e+00
     42.491     7.5329   3.363515    32.6593        376     1.5625  0.000e+00
     42.675     7.5293   3.363522    32.6627        377     1.5667  0.000e+00
     42.860     7.5258   3.363129    32.6617        378     1.5708  0.000e+00
     43.040     7.5226   3.362967    32.6628        379     1.5750  0.000e+00
     43.215     7.5201   3.363248    32.6682        380     1.5792  0.000e+00
     43.377     7.5189   3.362942    32.6659        381     1.5833  0.000e+00
     43.517     7.5177   3.362512    32.6623        382     1.5875  0.000e+00
     43.649     7.5152   3.362081    32.6600        383     1.5917  0.000e+00
     43.758     7.5115   3.362019    32.6628        384     1.5958  0.000e+00
     43.854     7.5085   3.362144    32.6668        385     1.6000  0.000e+00
     43.938     7.5070   3.362275    32.6696        386     1.6042  0.000e+00
     44.027     7.5066   3.362331    32.6706        387     1.6083  0.000e+00
     44.122     7.5067   3.362256    32.6696        388     1.6125  0.000e+00
     44.234     7.5068   3.362231    32.6692        389     1.6167  0.000e+00
     44.351     7.5068   3.362150    32.6683        390     1.6208  0.000e+00
     44.475     7.5064   3.362188    32.6690        391     1.6250  0.000e+00
     44.623     7.5062   3.362150    32.6687        392     1.6292  0.000e+00
     44.777     7.5060   3.362213    32.6695        393     1.6333  0.000e+00
     44.945     7.5058   3.362313    32.6707        394     1.6375  0.000e+00
     45.119     7.5062   3.362275    32.6698        395     1.6417  0.000e+00
     45.300     7.5064   3.362107    32.6677        396     1.6458  0.000e+00
     45.489     7.5058   3.361932    32.6663        397     1.6500  0.000e+00
     45.681     7.5046   3.361901    32.6670        398     1.6542  0.000e+00
     45.879     7.5038   3.361845    32.6671        399     1.6583  0.000e+00
     46.072     7.5029   3.361964    32.6692        400     1.6625  0.000e+00
     46.257     7.5026   3.362082    32.6706        401     1.6667  0.000e+00
     46.440     7.5031   3.361933    32.6684        402     1.6708  0.000e+00
     46.600     7.5029   3.361821    32.6673        403     1.6750  0.000e+00
     46.736     7.5022   3.361677    32.6664        404     1.6792  0.000e+00
     46.857     7.5012   3.361559    32.6660        405     1.6833  0.000e+00
     46.962     7.4999   3.361571    32.6674        406     1.6875  0.000e+00
     47.052     7.4989   3.361640    32.6689        407     1.6917  0.000e+00
     47.139     7.4983   3.361571    32.6687        408     1.6958  0.000e+00
     47.224     7.4983   3.361659    32.6696        409     1.7000  0.000e+00
     47.316     7.4983   3.361615    32.6691        410     1.7042  0.000e+00
     47.412     7.4980   3.361434    32.6674        411     1.7083  0.000e+00
     47.522     7.4974   3.361378    32.6673        412     1.7125  0.000e+00
     47.643     7.4966   3.361422    32.6685        413     1.7167  0.000e+00
     47.771     7.4962   3.361478    32.6694        414     1.7208  0.000e+00
     47.909     7.4960   3.361484    32.6696        415     1.7250  0.000e+00
     48.054     7.4962   3.361559    32.6702        416     1.7292  0.000e+00
     48.208     7.4964   3.361503    32.6692        417     1.7333  0.000e+00
     48.362     7.4965   3.361416    32.6682        418     1.7375  0.000e+00
     48.457     7.4962   3.361397    32.6682        419     1.7417  0.000e+00
     48.531     7.4959   3.361416    32.6686        420     1.7458  0.000e+00
