HB2503/sbe010.cnv
* Sea-Bird SBE 19plus V2 Data File:
* FileName = C:\cruise\data\sbe010.hex
* Software Version Seasave V 7.26.7.121
* Temperature SN = 6128
* Conductivity SN = 6128
* System UpLoad Time = May 28 2025 18:27:19
* NMEA Latitude = 39 25.16 N
* NMEA Longitude = 072 43.10 W
* NMEA UTC (Time) = May 28 2025  18:25:29
** Ship: Henry Bigelow
** Cruise:  HB2502
** Program:  Spring Bottom Trawl
# nquan = 7
# nvalues = 1633                                  
# units = specified
# name 0 = depSM: Depth [salt water, m]
# name 1 = tv290C: Temperature [ITS-90, deg C]
# name 2 = c0S/m: Conductivity [S/m]
# name 3 = sal00: Salinity, Practical [PSU]
# name 4 = scan: Scan Count
# name 5 = timeM: Time, Elapsed [minutes]
# name 6 = flag:  0.000e+00
# span 0 =     -0.019,     79.522                 
# span 1 =     6.1533,    14.7461                 
# span 2 =   0.007829,   3.962057                 
# span 3 =     0.0484,    33.1791                 
# span 4 =         11,       1643                 
# span 5 =     0.0417,     6.8417                 
# span 6 = 0.0000e+00, 0.0000e+00                 
# interval = seconds: 0.25
# start_time = May 28 2025 18:25:29 [NMEA time, header]
# bad_flag = -9.990e-29
*END*
[from data line 1436]
     11.975    12.5551   3.783043    32.4022       1447     6.0250  0.000e+00
     11.895    12.5569   3.783108    32.4013       1448     6.0292  0.000e+00
     11.809    12.5587   3.783258    32.4013       1449     6.0333  0.000e+00
     11.730    12.5601   3.783572    32.4031       1450     6.0375  0.000e+00
     11.652    12.5623   3.783775    32.4032       1451     6.0417  0.000e+00
     11.580    12.5646   3.784226    32.4055       1452     6.0458  0.000e+00
     11.497    12.5677   3.784382    32.4044       1453     6.0500  0.000e+00
     11.420    12.5708   3.784605    32.4039       1454     6.0542  0.000e+00
     11.341    12.5733   3.784735    32.4029       1455     6.0583  0.000e+00
     11.259    12.5760   3.784781    32.4011       1456     6.0625  0.000e+00
     11.181    12.5777   3.785049    32.4023       1457     6.0667  0.000e+00
     11.105    12.5798   3.785363    32.4034       1458     6.0708  0.000e+00
     11.028    12.5822   3.785474    32.4024       1459     6.0750  0.000e+00
     10.954    12.5845   3.785696    32.4026       1460     6.0792  0.000e+00
     10.874    12.5868   3.785853    32.4021       1461     6.0833  0.000e+00
     10.807    12.5889   3.786114    32.4029       1462     6.0875  0.000e+00
     10.733    12.5912   3.786278    32.4025       1463     6.0917  0.000e+00
     10.669    12.5933   3.786631    32.4041       1464     6.0958  0.000e+00
     10.602    12.5962   3.787102    32.4061       1465     6.1000  0.000e+00
     10.538    12.5999   3.787147    32.4034       1466     6.1042  0.000e+00
     10.482    12.6031   3.787396    32.4030       1467     6.1083  0.000e+00
     10.433    12.6056   3.787926    32.4059       1468     6.1125  0.000e+00
     10.379    12.6089   3.788508    32.4086       1469     6.1167  0.000e+00
     10.326    12.6141   3.790143    32.4198       1470     6.1208  0.000e+00
     10.275    12.6229   3.791680    32.4268       1471     6.1250  0.000e+00
     10.224    12.6357   3.792027    32.4192       1472     6.1292  0.000e+00
     10.168    12.6462   3.793492    32.4241       1473     6.1333  0.000e+00
     10.104    12.6581   3.793728    32.4161       1474     6.1375  0.000e+00
     10.041    12.6675   3.793184    32.4029       1475     6.1417  0.000e+00
      9.970    12.6724   3.793099    32.3979       1476     6.1458  0.000e+00
      9.888    12.6740   3.793420    32.3995       1477     6.1500  0.000e+00
      9.801    12.6756   3.794486    32.4084       1478     6.1542  0.000e+00
      9.711    12.6797   3.793963    32.3999       1479     6.1583  0.000e+00
      9.622    12.6829   3.793433    32.3922       1480     6.1625  0.000e+00
      9.519    12.6826   3.794480    32.4024       1481     6.1667  0.000e+00
      9.428    12.6843   3.795245    32.4082       1482     6.1708  0.000e+00
      9.334    12.6886   3.796476    32.4163       1483     6.1750  0.000e+00
      9.238    12.6964   3.796659    32.4114       1484     6.1792  0.000e+00
      9.144    12.7041   3.797327    32.4112       1485     6.1833  0.000e+00
      9.057    12.7109   3.796547    32.3980       1486     6.1875  0.000e+00
      8.974    12.7135   3.797916    32.4087       1487     6.1917  0.000e+00
      8.892    12.7182   3.797693    32.4026       1488     6.1958  0.000e+00
      8.818    12.7219   3.798570    32.4078       1489     6.2000  0.000e+00
      8.751    12.7263   3.798406    32.4025       1490     6.2042  0.000e+00
      8.689    12.7301   3.799749    32.4120       1491     6.2083  0.000e+00
      8.633    12.7364   3.800967    32.4182       1492     6.2125  0.000e+00
      8.584    12.7452   3.801353    32.4143       1493     6.2167  0.000e+00
      8.537    12.7538   3.801457    32.4079       1494     6.2208  0.000e+00
      8.497    12.7599   3.801425    32.4024       1495     6.2250  0.000e+00
      8.453    12.7635   3.801012    32.3954       1496     6.2292  0.000e+00
      8.404    12.7642   3.800645    32.3913       1497     6.2333  0.000e+00
      8.357    12.7627   3.800632    32.3926       1498     6.2375  0.000e+00
      8.304    12.7616   3.801516    32.4019       1499     6.2417  0.000e+00
      8.252    12.7637   3.803547    32.4193       1500     6.2458  0.000e+00
      8.189    12.7722   3.803619    32.4127       1501     6.2500  0.000e+00
      8.118    12.7810   3.804582    32.4144       1502     6.2542  0.000e+00
      8.044    12.7894   3.805315    32.4142       1503     6.2583  0.000e+00
      7.962    12.7981   3.805551    32.4090       1504     6.2625  0.000e+00
      7.873    12.8050   3.805931    32.4067       1505     6.2667  0.000e+00
      7.781    12.8107   3.806809    32.4101       1506     6.2708  0.000e+00
      7.685    12.8175   3.808198    32.4175       1507     6.2750  0.000e+00
      7.590    12.8270   3.808447    32.4118       1508     6.2792  0.000e+00
      7.499    12.8358   3.809332    32.4126       1509     6.2833  0.000e+00
      7.400    12.8441   3.809666    32.4087       1510     6.2875  0.000e+00
      7.304    12.8517   3.810439    32.4095       1511     6.2917  0.000e+00
      7.219    12.8589   3.811016    32.4088       1512     6.2958  0.000e+00
      7.128    12.8662   3.811193    32.4044       1513     6.3000  0.000e+00
      7.043    12.8720   3.811108    32.3986       1514     6.3042  0.000e+00
      6.968    12.8760   3.811999    32.4036       1515     6.3083  0.000e+00
      6.892    12.8806   3.812570    32.4052       1516     6.3125  0.000e+00
      6.828    12.8869   3.813422    32.4078       1517     6.3167  0.000e+00
      6.767    12.8939   3.813448    32.4021       1518     6.3208  0.000e+00
      6.707    12.8993   3.814032    32.4030       1519     6.3250  0.000e+00
      6.656    12.9044   3.814123    32.3995       1520     6.3292  0.000e+00
      6.602    12.9086   3.813750    32.3924       1521     6.3333  0.000e+00
      6.551    12.9104   3.814235    32.3955       1522     6.3375  0.000e+00
      6.495    12.9123   3.814956    32.4007       1523     6.3417  0.000e+00
      6.442    12.9162   3.815186    32.3995       1524     6.3458  0.000e+00
      6.382    12.9204   3.815658    32.4004       1525     6.3500  0.000e+00
      6.322    12.9251   3.816117    32.4008       1526     6.3542  0.000e+00
      6.255    12.9300   3.817278    32.4076       1527     6.3583  0.000e+00
      6.177    12.9371   3.818321    32.4114       1528     6.3625  0.000e+00
      6.094    12.9461   3.819377    32.4137       1529     6.3667  0.000e+00
      6.010    12.9568   3.819981    32.4103       1530     6.3708  0.000e+00
      5.918    12.9667   3.821549    32.4166       1531     6.3750  0.000e+00
      5.828    12.9785   3.823538    32.4254       1532     6.3792  0.000e+00
      5.730    12.9938   3.826203    32.4375       1533     6.3833  0.000e+00
      5.641    13.0141   3.828219    32.4391       1534     6.3875  0.000e+00
      5.552    13.0360   3.829960    32.4368       1535     6.3917  0.000e+00
      5.454    13.0580   3.831227    32.4300       1536     6.3958  0.000e+00
      5.363    13.0779   3.833257    32.4322       1537     6.4000  0.000e+00
      5.285    13.0970   3.834085    32.4236       1538     6.4042  0.000e+00
      5.205    13.1140   3.835090    32.4186       1539     6.4083  0.000e+00
      5.129    13.1286   3.836149    32.4162       1540     6.4125  0.000e+00
      5.051    13.1419   3.837069    32.4135       1541     6.4167  0.000e+00
      4.974    13.1544   3.837331    32.4053       1542     6.4208  0.000e+00
      4.903    13.1639   3.837877    32.4023       1543     6.4250  0.000e+00
      4.839    13.1720   3.841099    32.4258       1544     6.4292  0.000e+00
      4.767    13.1862   3.842579    32.4276       1545     6.4333  0.000e+00
      4.700    13.2045   3.844776    32.4326       1546     6.4375  0.000e+00
      4.634    13.2252   3.845374    32.4206       1547     6.4417  0.000e+00
      4.567    13.2425   3.845650    32.4084       1548     6.4458  0.000e+00
      4.500    13.2548   3.846019    32.4015       1549     6.4500  0.000e+00
      4.433    13.2632   3.846084    32.3950       1550     6.4542  0.000e+00
      4.375    13.2690   3.846262    32.3917       1551     6.4583  0.000e+00
      4.302    13.2730   3.846538    32.3909       1552     6.4625  0.000e+00
      4.238    13.2760   3.846558    32.3886       1553     6.4667  0.000e+00
      4.170    13.2787   3.846617    32.3869       1554     6.4708  0.000e+00
      4.096    13.2802   3.846630    32.3857       1555     6.4750  0.000e+00
      4.020    13.2811   3.846907    32.3876       1556     6.4792  0.000e+00
      3.946    13.2829   3.849454    32.4100       1557     6.4833  0.000e+00
      3.866    13.2921   3.853555    32.4406       1558     6.4875  0.000e+00
      3.782    13.3138   3.855544    32.4408       1559     6.4917  0.000e+00
      3.695    13.3399   3.857184    32.4340       1560     6.4958  0.000e+00
      3.612    13.3631   3.858785    32.4292       1561     6.5000  0.000e+00
      3.520    13.3845   3.859602    32.4187       1562     6.5042  0.000e+00
      3.427    13.4026   3.861737    32.4233       1563     6.5083  0.000e+00
      3.337    13.4209   3.863562    32.4249       1564     6.5125  0.000e+00
      3.248    13.4407   3.863312    32.4057       1565     6.5167  0.000e+00
      3.164    13.4548   3.864228    32.4023       1566     6.5208  0.000e+00
      3.074    13.4655   3.864261    32.3936       1567     6.5250  0.000e+00
      2.985    13.4739   3.864709    32.3906       1568     6.5292  0.000e+00
      2.907    13.4805   3.865810    32.3954       1569     6.5333  0.000e+00
      2.835    13.4885   3.866713    32.3970       1570     6.5375  0.000e+00
      2.762    13.4972   3.867781    32.3996       1571     6.5417  0.000e+00
      2.688    13.5084   3.869569    32.4068       1572     6.5458  0.000e+00
      2.621    13.5251   3.869357    32.3908       1573     6.5500  0.000e+00
      2.548    13.5359   3.868790    32.3763       1574     6.5542  0.000e+00
      2.481    13.5401   3.867688    32.3625       1575     6.5583  0.000e+00
      2.409    13.5363   3.868229    32.3708       1576     6.5625  0.000e+00
      2.333    13.5345   3.869614    32.3853       1577     6.5667  0.000e+00
      2.259    13.5401   3.869839    32.3827       1578     6.5708  0.000e+00
      2.178    13.5460   3.870657    32.3853       1579     6.5750  0.000e+00
      2.108    13.5540   3.870920    32.3810       1580     6.5792  0.000e+00
      2.033    13.5610   3.871059    32.3764       1581     6.5833  0.000e+00
      1.957    13.5670   3.871065    32.3714       1582     6.5875  0.000e+00
      1.872    13.5708   3.871105    32.3686       1583     6.5917  0.000e+00
      1.794    13.5730   3.871309    32.3687       1584     6.5958  0.000e+00
      1.716    13.5752   3.871118    32.3650       1585     6.6000  0.000e+00
      1.646    13.5767   3.870623    32.3592       1586     6.6042  0.000e+00
      1.578    13.5747   3.870973    32.3642       1587     6.6083  0.000e+00
      1.519    13.5739   3.870458    32.3600       1588     6.6125  0.000e+00
      1.462    13.5717   3.870319    32.3607       1589     6.6167  0.000e+00
      1.417    13.5695   3.870564    32.3648       1590     6.6208  0.000e+00
      1.364    13.5683   3.870808    32.3681       1591     6.6250  0.000e+00
      1.310    13.5692   3.871679    32.3755       1592     6.6292  0.000e+00
      1.256    13.5737   3.871408    32.3692       1593     6.6333  0.000e+00
      1.199    13.5773   3.871771    32.3696       1594     6.6375  0.000e+00
      1.145    13.5813   3.871606    32.3646       1595     6.6417  0.000e+00
      1.087    13.5837   3.871889    32.3653       1596     6.6458  0.000e+00
      1.028    13.5858   3.871698    32.3617       1597     6.6500  0.000e+00
      0.958    13.5867   3.871744    32.3614       1598     6.6542  0.000e+00
      0.888    13.5866   3.871962    32.3636       1599     6.6583  0.000e+00
      0.824    13.5880   3.871975    32.3626       1600     6.6625  0.000e+00
      0.754    13.5896   3.871949    32.3610       1601     6.6667  0.000e+00
      0.695    13.5907   3.871718    32.3579       1602     6.6708  0.000e+00
      0.641    13.5903   3.871586    32.3571       1603     6.6750  0.000e+00
      0.585    13.5893   3.871493    32.3571       1604     6.6792  0.000e+00
      0.534    13.5883   3.871572    32.3586       1605     6.6833  0.000e+00
      0.493    13.5875   3.871401    32.3578       1606     6.6875  0.000e+00
      0.460    13.5869   3.871309    32.3574       1607     6.6917  0.000e+00
      0.434    13.5859   3.871137    32.3566       1608     6.6958  0.000e+00
      0.414    13.5852   3.871216    32.3580       1609     6.7000  0.000e+00
      0.398    13.5855   3.871262    32.3582       1610     6.7042  0.000e+00
      0.374    13.5857   3.871045    32.3560       1611     6.7083  0.000e+00
      0.360    13.5853   3.871216    32.3579       1612     6.7125  0.000e+00
      0.338    13.5848   3.871586    32.3618       1613     6.7167  0.000e+00
      0.321    13.5844   3.871599    32.3623       1614     6.7208  0.000e+00
      0.292    13.5841   3.871539    32.3620       1615     6.7250  0.000e+00
      0.267    13.5830   3.871421    32.3618       1616     6.7292  0.000e+00
      0.236    13.5815   3.871764    32.3663       1617     6.7333  0.000e+00
      0.200    13.5817   3.871817    32.3667       1618     6.7375  0.000e+00
      0.154    13.5836   3.871770    32.3646       1619     6.7417  0.000e+00
      0.118    13.5846   3.871691    32.3630       1620     6.7458  0.000e+00
      0.080    13.5853   3.871539    32.3611       1621     6.7500  0.000e+00
      0.047    13.5867   3.871882    32.3631       1622     6.7542  0.000e+00
      0.008    13.5882   3.871790    32.3609       1623     6.7583  0.000e+00
     -0.014    13.5898   2.866280    23.1970       1624     6.7625  0.000e+00
     -0.016    13.5903   0.808179     5.8674       1625     6.7667  0.000e+00
     -0.015    13.5909   0.409798     2.8394       1626     6.7708  0.000e+00
     -0.014    13.5912   0.342726     2.3484       1627     6.7750  0.000e+00
     -0.016    13.5911   0.295009     2.0034       1628     6.7792  0.000e+00
     -0.014    13.5898   0.273693     1.8506       1629     6.7833  0.000e+00
     -0.013    13.5887   0.257217     1.7331       1630     6.7875  0.000e+00
     -0.018    13.5872   0.238815     1.6025       1631     6.7917  0.000e+00
     -0.011    13.5857   0.222977     1.4906       1632     6.7958  0.000e+00
     -0.013    13.5845   0.208572     1.3893       1633     6.8000  0.000e+00
     -0.013    13.5829   0.195991     1.3012       1634     6.8042  0.000e+00
     -0.012    13.5814   0.185637     1.2290       1635     6.8083  0.000e+00
     -0.014    13.5798   0.176996     1.1690       1636     6.8125  0.000e+00
     -0.012    13.5778   0.169163     1.1147       1637     6.8167  0.000e+00
     -0.012    13.5761   0.162064     1.0656       1638     6.8208  0.000e+00
     -0.019    13.5744   0.156106     1.0246       1639     6.8250  0.000e+00
     -0.014    13.5725   0.150749     0.9878       1640     6.8292  0.000e+00
     -0.016    13.5702   0.145820     0.9540       1641     6.8333  0.000e+00
     -0.018    13.5682   0.140662     0.9187       1642     6.8375  0.000e+00
     -0.017    13.5665   0.135818     0.8856       1643     6.8417  0.000e+00
