HB2503/sbe045.cnv
* Sea-Bird SBE 19plus V2 Data File:
* FileName = C:\cruise\data\sbe045.hex
* Software Version Seasave V 7.26.7.121
* Temperature SN = 6128
* Conductivity SN = 6128
* System UpLoad Time = Jun 01 2025 08:17:01
* NMEA Latitude = 41 06.26 N
* NMEA Longitude = 070 15.52 W
* NMEA UTC (Time) = Jun 01 2025  08:15:14
** Ship: Henry Bigelow
** Cruise:  HB2502
** Program:  Spring Bottom Trawl
# nquan = 7
# nvalues = 1060                                  
# units = specified
# name 0 = depSM: Depth [salt water, m]
# name 1 = tv290C: Temperature [ITS-90, deg C]
# name 2 = c0S/m: Conductivity [S/m]
# name 3 = sal00: Salinity, Practical [PSU]
# name 4 = scan: Scan Count
# name 5 = timeM: Time, Elapsed [minutes]
# name 6 = flag:  0.000e+00
# span 0 =     -0.157,     26.372                 
# span 1 =    11.0530,    11.2184                 
# span 2 =   0.005479,   3.636652                 
# span 3 =     0.0367,    32.2105                 
# span 4 =         11,       1070                 
# span 5 =     0.0417,     4.4542                 
# span 6 = 0.0000e+00, 0.0000e+00                 
# interval = seconds: 0.25
# start_time = Jun 01 2025 08:15:14 [NMEA time, header]
# bad_flag = -9.990e-29
*END*
[from data line 616]
     15.902    11.0905   3.618039    32.0708        627     2.6083  0.000e+00
     15.942    11.0905   3.618039    32.0709        628     2.6125  0.000e+00
     15.996    11.0907   3.618039    32.0706        629     2.6167  0.000e+00
     16.041    11.0906   3.618039    32.0707        630     2.6208  0.000e+00
     16.086    11.0905   3.618039    32.0708        631     2.6250  0.000e+00
     16.115    11.0906   3.618000    32.0703        632     2.6292  0.000e+00
     16.142    11.0904   3.618039    32.0709        633     2.6333  0.000e+00
     16.142    11.0905   3.618103    32.0714        634     2.6375  0.000e+00
     16.125    11.0906   3.618103    32.0713        635     2.6417  0.000e+00
     16.086    11.0906   3.618103    32.0713        636     2.6458  0.000e+00
     16.020    11.0906   3.618103    32.0713        637     2.6500  0.000e+00
     15.947    11.0908   3.618084    32.0710        638     2.6542  0.000e+00
     15.862    11.0908   3.618058    32.0708        639     2.6583  0.000e+00
     15.763    11.0907   3.617949    32.0698        640     2.6625  0.000e+00
     15.639    11.0906   3.617814    32.0687        641     2.6667  0.000e+00
     15.517    11.0900   3.617595    32.0671        642     2.6708  0.000e+00
     15.376    11.0892   3.617929    32.0712        643     2.6750  0.000e+00
     15.231    11.0889   3.617974    32.0719        644     2.6792  0.000e+00
     15.085    11.0894   3.617993    32.0717        645     2.6833  0.000e+00
     14.954    11.0897   3.617974    32.0713        646     2.6875  0.000e+00
     14.833    11.0899   3.617852    32.0700        647     2.6917  0.000e+00
     14.741    11.0899   3.617839    32.0699        648     2.6958  0.000e+00
     14.677    11.0897   3.617884    32.0705        649     2.7000  0.000e+00
     14.633    11.0898   3.617884    32.0705        650     2.7042  0.000e+00
     14.629    11.0896   3.617929    32.0711        651     2.7083  0.000e+00
     14.650    11.0896   3.618013    32.0720        652     2.7125  0.000e+00
     14.694    11.0899   3.618013    32.0716        653     2.7167  0.000e+00
     14.754    11.0901   3.618013    32.0715        654     2.7208  0.000e+00
     14.823    11.0903   3.618013    32.0713        655     2.7250  0.000e+00
     14.886    11.0901   3.618013    32.0713        656     2.7292  0.000e+00
     14.933    11.0904   3.617993    32.0709        657     2.7333  0.000e+00
     14.967    11.0905   3.617974    32.0707        658     2.7375  0.000e+00
     14.978    11.0901   3.617859    32.0698        659     2.7417  0.000e+00
     14.980    11.0899   3.617660    32.0680        660     2.7458  0.000e+00
     14.957    11.0892   3.617570    32.0678        661     2.7500  0.000e+00
     14.932    11.0882   3.617724    32.0702        662     2.7542  0.000e+00
     14.884    11.0879   3.617993    32.0731        663     2.7583  0.000e+00
     14.828    11.0886   3.618013    32.0727        664     2.7625  0.000e+00
     14.753    11.0894   3.618083    32.0728        665     2.7667  0.000e+00
     14.665    11.0899   3.618038    32.0719        666     2.7708  0.000e+00
     14.572    11.0902   3.618012    32.0714        667     2.7750  0.000e+00
     14.470    11.0904   3.618012    32.0713        668     2.7792  0.000e+00
     14.374    11.0904   3.618012    32.0713        669     2.7833  0.000e+00
     14.286    11.0904   3.618012    32.0714        670     2.7875  0.000e+00
     14.203    11.0904   3.618012    32.0714        671     2.7917  0.000e+00
     14.138    11.0905   3.617993    32.0711        672     2.7958  0.000e+00
     14.099    11.0905   3.617993    32.0712        673     2.8000  0.000e+00
     14.084    11.0905   3.617974    32.0710        674     2.8042  0.000e+00
     14.092    11.0902   3.617993    32.0714        675     2.8083  0.000e+00
     14.113    11.0902   3.618012    32.0716        676     2.8125  0.000e+00
     14.137    11.0901   3.617955    32.0711        677     2.8167  0.000e+00
     14.160    11.0902   3.617948    32.0710        678     2.8208  0.000e+00
     14.172    11.0903   3.617974    32.0712        679     2.8250  0.000e+00
     14.168    11.0899   3.617948    32.0712        680     2.8292  0.000e+00
     14.154    11.0899   3.617884    32.0706        681     2.8333  0.000e+00
     14.117    11.0897   3.617884    32.0708        682     2.8375  0.000e+00
     14.069    11.0896   3.617903    32.0711        683     2.8417  0.000e+00
     14.005    11.0894   3.617929    32.0715        684     2.8458  0.000e+00
     13.934    11.0895   3.617948    32.0717        685     2.8500  0.000e+00
     13.850    11.0897   3.617974    32.0718        686     2.8542  0.000e+00
     13.754    11.0899   3.617974    32.0717        687     2.8583  0.000e+00
     13.674    11.0900   3.617948    32.0713        688     2.8625  0.000e+00
     13.601    11.0898   3.617974    32.0718        689     2.8667  0.000e+00
     13.549    11.0901   3.617974    32.0716        690     2.8708  0.000e+00
     13.519    11.0901   3.617974    32.0715        691     2.8750  0.000e+00
     13.515    11.0901   3.617974    32.0715        692     2.8792  0.000e+00
     13.548    11.0901   3.617954    32.0713        693     2.8833  0.000e+00
     13.591    11.0900   3.617974    32.0716        694     2.8875  0.000e+00
     13.645    11.0901   3.617974    32.0715        695     2.8917  0.000e+00
     13.705    11.0901   3.617948    32.0712        696     2.8958  0.000e+00
     13.751    11.0901   3.617685    32.0687        697     2.9000  0.000e+00
     13.774    11.0901   3.617948    32.0712        698     2.9042  0.000e+00
     13.768    11.0901   3.617993    32.0716        699     2.9083  0.000e+00
     13.735    11.0903   3.617974    32.0713        700     2.9125  0.000e+00
     13.673    11.0901   3.617974    32.0715        701     2.9167  0.000e+00
     13.582    11.0903   3.617948    32.0711        702     2.9208  0.000e+00
     13.461    11.0904   3.617948    32.0711        703     2.9250  0.000e+00
     13.311    11.0902   3.617929    32.0711        704     2.9292  0.000e+00
     13.150    11.0901   3.617884    32.0709        705     2.9333  0.000e+00
     12.991    11.0901   3.617928    32.0713        706     2.9375  0.000e+00
     12.834    11.0899   3.617903    32.0714        707     2.9417  0.000e+00
     12.691    11.0901   3.617916    32.0713        708     2.9458  0.000e+00
     12.569    11.0898   3.617883    32.0713        709     2.9500  0.000e+00
     12.475    11.0901   3.617948    32.0717        710     2.9542  0.000e+00
     12.417    11.0901   3.617858    32.0709        711     2.9583  0.000e+00
     12.382    11.0903   3.617928    32.0715        712     2.9625  0.000e+00
     12.386    11.0902   3.617948    32.0717        713     2.9667  0.000e+00
     12.433    11.0903   3.617973    32.0718        714     2.9708  0.000e+00
     12.507    11.0903   3.617993    32.0720        715     2.9750  0.000e+00
     12.599    11.0903   3.617973    32.0718        716     2.9792  0.000e+00
     12.711    11.0905   3.617973    32.0716        717     2.9833  0.000e+00
     12.824    11.0905   3.617993    32.0717        718     2.9875  0.000e+00
     12.937    11.0906   3.617993    32.0716        719     2.9917  0.000e+00
     13.037    11.0906   3.617993    32.0715        720     2.9958  0.000e+00
     13.120    11.0906   3.618012    32.0716        721     3.0000  0.000e+00
     13.177    11.0906   3.617993    32.0715        722     3.0042  0.000e+00
     13.206    11.0908   3.617935    32.0707        723     3.0083  0.000e+00
     13.193    11.0906   3.617903    32.0705        724     3.0125  0.000e+00
     13.157    11.0906   3.617813    32.0697        725     3.0167  0.000e+00
     13.086    11.0899   3.617993    32.0721        726     3.0208  0.000e+00
     12.983    11.0900   3.617993    32.0721        727     3.0250  0.000e+00
     12.845    11.0901   3.617948    32.0716        728     3.0292  0.000e+00
     12.668    11.0903   3.617928    32.0713        729     3.0333  0.000e+00
     12.470    11.0901   3.617928    32.0715        730     3.0375  0.000e+00
     12.271    11.0902   3.617928    32.0716        731     3.0417  0.000e+00
     12.055    11.0903   3.617928    32.0716        732     3.0458  0.000e+00
     11.850    11.0903   3.617947    32.0719        733     3.0500  0.000e+00
     11.672    11.0903   3.617928    32.0717        734     3.0542  0.000e+00
     11.532    11.0906   3.617902    32.0713        735     3.0583  0.000e+00
     11.438    11.0906   3.617928    32.0716        736     3.0625  0.000e+00
     11.392    11.0906   3.617928    32.0716        737     3.0667  0.000e+00
     11.402    11.0906   3.617928    32.0716        738     3.0708  0.000e+00
     11.455    11.0905   3.617934    32.0717        739     3.0750  0.000e+00
     11.543    11.0906   3.617928    32.0715        740     3.0792  0.000e+00
     11.650    11.0906   3.617973    32.0719        741     3.0833  0.000e+00
     11.773    11.0907   3.617973    32.0718        742     3.0875  0.000e+00
     11.890    11.0907   3.617723    32.0692        743     3.0917  0.000e+00
     12.007    11.0908   3.617992    32.0718        744     3.0958  0.000e+00
     12.098    11.0908   3.618012    32.0719        745     3.1000  0.000e+00
     12.166    11.0910   3.618057    32.0722        746     3.1042  0.000e+00
     12.205    11.0912   3.618057    32.0720        747     3.1083  0.000e+00
     12.219    11.0913   3.618057    32.0719        748     3.1125  0.000e+00
     12.205    11.0912   3.618037    32.0718        749     3.1167  0.000e+00
     12.172    11.0916   3.618057    32.0717        750     3.1208  0.000e+00
     12.099    11.0913   3.618057    32.0719        751     3.1250  0.000e+00
     11.997    11.0914   3.618057    32.0719        752     3.1292  0.000e+00
     11.861    11.0915   3.618082    32.0721        753     3.1333  0.000e+00
     11.713    11.0914   3.618063    32.0721        754     3.1375  0.000e+00
     11.558    11.0915   3.618056    32.0720        755     3.1417  0.000e+00
     11.413    11.0916   3.618037    32.0718        756     3.1458  0.000e+00
     11.288    11.0916   3.618056    32.0721        757     3.1500  0.000e+00
     11.187    11.0914   3.618037    32.0720        758     3.1542  0.000e+00
     11.113    11.0915   3.618037    32.0720        759     3.1583  0.000e+00
     11.071    11.0916   3.617928    32.0709        760     3.1625  0.000e+00
     11.059    11.0914   3.617992    32.0717        761     3.1667  0.000e+00
     11.078    11.0914   3.617992    32.0716        762     3.1708  0.000e+00
     11.114    11.0915   3.617973    32.0714        763     3.1750  0.000e+00
     11.163    11.0913   3.618037    32.0721        764     3.1792  0.000e+00
     11.214    11.0916   3.618037    32.0719        765     3.1833  0.000e+00
     11.255    11.0914   3.618011    32.0717        766     3.1875  0.000e+00
     11.291    11.0912   3.617928    32.0711        767     3.1917  0.000e+00
     11.309    11.0912   3.617992    32.0718        768     3.1958  0.000e+00
     11.316    11.0912   3.617998    32.0718        769     3.2000  0.000e+00
     11.296    11.0912   3.617947    32.0713        770     3.2042  0.000e+00
     11.261    11.0912   3.617947    32.0713        771     3.2083  0.000e+00
     11.194    11.0909   3.617947    32.0716        772     3.2125  0.000e+00
     11.109    11.0908   3.617947    32.0717        773     3.2167  0.000e+00
     11.007    11.0908   3.617992    32.0722        774     3.2208  0.000e+00
     10.894    11.0910   3.617928    32.0715        775     3.2250  0.000e+00
     10.779    11.0911   3.617973    32.0718        776     3.2292  0.000e+00
     10.671    11.0911   3.617902    32.0712        777     3.2333  0.000e+00
     10.580    11.0912   3.617992    32.0720        778     3.2375  0.000e+00
     10.505    11.0912   3.617973    32.0718        779     3.2417  0.000e+00
     10.455    11.0912   3.617973    32.0719        780     3.2458  0.000e+00
     10.433    11.0912   3.617973    32.0719        781     3.2500  0.000e+00
     10.444    11.0912   3.617973    32.0719        782     3.2542  0.000e+00
     10.470    11.0912   3.617973    32.0719        783     3.2583  0.000e+00
     10.500    11.0913   3.617979    32.0719        784     3.2625  0.000e+00
     10.538    11.0914   3.617992    32.0719        785     3.2667  0.000e+00
     10.583    11.0913   3.617992    32.0719        786     3.2708  0.000e+00
     10.630    11.0914   3.617992    32.0718        787     3.2750  0.000e+00
     10.671    11.0913   3.617992    32.0719        788     3.2792  0.000e+00
     10.710    11.0914   3.617992    32.0718        789     3.2833  0.000e+00
     10.729    11.0915   3.617947    32.0713        790     3.2875  0.000e+00
     10.736    11.0914   3.617973    32.0716        791     3.2917  0.000e+00
     10.729    11.0914   3.617973    32.0716        792     3.2958  0.000e+00
     10.704    11.0914   3.617973    32.0716        793     3.3000  0.000e+00
     10.670    11.0915   3.617947    32.0713        794     3.3042  0.000e+00
     10.613    11.0915   3.617973    32.0716        795     3.3083  0.000e+00
     10.537    11.0914   3.617947    32.0715        796     3.3125  0.000e+00
     10.453    11.0915   3.617992    32.0718        797     3.3167  0.000e+00
     10.346    11.0916   3.617972    32.0716        798     3.3208  0.000e+00
     10.225    11.0914   3.617947    32.0715        799     3.3250  0.000e+00
     10.109    11.0914   3.617915    32.0713        800     3.3292  0.000e+00
     10.012    11.0914   3.617927    32.0714        801     3.3333  0.000e+00
      9.917    11.0914   3.617927    32.0715        802     3.3375  0.000e+00
      9.829    11.0914   3.617902    32.0713        803     3.3417  0.000e+00
      9.747    11.0914   3.617882    32.0712        804     3.3458  0.000e+00
      9.679    11.0913   3.617927    32.0717        805     3.3500  0.000e+00
      9.624    11.0912   3.617947    32.0720        806     3.3542  0.000e+00
      9.595    11.0913   3.617902    32.0715        807     3.3583  0.000e+00
      9.579    11.0913   3.617882    32.0713        808     3.3625  0.000e+00
      9.592    11.0912   3.617902    32.0715        809     3.3667  0.000e+00
      9.615    11.0912   3.617902    32.0715        810     3.3708  0.000e+00
      9.658    11.0914   3.617857    32.0709        811     3.3750  0.000e+00
      9.712    11.0912   3.617767    32.0702        812     3.3792  0.000e+00
      9.768    11.0910   3.617748    32.0702        813     3.3833  0.000e+00
      9.833    11.0910   3.617748    32.0701        814     3.3875  0.000e+00
      9.900    11.0907   3.617786    32.0707        815     3.3917  0.000e+00
      9.959    11.0909   3.617812    32.0708        816     3.3958  0.000e+00
     10.010    11.0908   3.617793    32.0706        817     3.4000  0.000e+00
     10.061    11.0906   3.617748    32.0703        818     3.4042  0.000e+00
     10.077    11.0906   3.617703    32.0699        819     3.4083  0.000e+00
     10.074    11.0904   3.617812    32.0712        820     3.4125  0.000e+00
     10.041    11.0905   3.617838    32.0713        821     3.4167  0.000e+00
      9.973    11.0907   3.617793    32.0707        822     3.4208  0.000e+00
      9.875    11.0907   3.617767    32.0705        823     3.4250  0.000e+00
      9.742    11.0908   3.617722    32.0701        824     3.4292  0.000e+00
      9.586    11.0905   3.617683    32.0701        825     3.4333  0.000e+00
      9.411    11.0904   3.617683    32.0702        826     3.4375  0.000e+00
      9.221    11.0902   3.617722    32.0708        827     3.4417  0.000e+00
      9.041    11.0902   3.617722    32.0709        828     3.4458  0.000e+00
      8.880    11.0903   3.617548    32.0691        829     3.4500  0.000e+00
      8.743    11.0900   3.617471    32.0687        830     3.4542  0.000e+00
