HB2503/sbe045.cnv
* Sea-Bird SBE 19plus V2 Data File:
* FileName = C:\cruise\data\sbe045.hex
* Software Version Seasave V 7.26.7.121
* Temperature SN = 6128
* Conductivity SN = 6128
* System UpLoad Time = Jun 01 2025 08:17:01
* NMEA Latitude = 41 06.26 N
* NMEA Longitude = 070 15.52 W
* NMEA UTC (Time) = Jun 01 2025  08:15:14
** Ship: Henry Bigelow
** Cruise:  HB2502
** Program:  Spring Bottom Trawl
# nquan = 7
# nvalues = 1060                                  
# units = specified
# name 0 = depSM: Depth [salt water, m]
# name 1 = tv290C: Temperature [ITS-90, deg C]
# name 2 = c0S/m: Conductivity [S/m]
# name 3 = sal00: Salinity, Practical [PSU]
# name 4 = scan: Scan Count
# name 5 = timeM: Time, Elapsed [minutes]
# name 6 = flag:  0.000e+00
# span 0 =     -0.157,     26.372                 
# span 1 =    11.0530,    11.2184                 
# span 2 =   0.005479,   3.636652                 
# span 3 =     0.0367,    32.2105                 
# span 4 =         11,       1070                 
# span 5 =     0.0417,     4.4542                 
# span 6 = 0.0000e+00, 0.0000e+00                 
# interval = seconds: 0.25
# start_time = Jun 01 2025 08:15:14 [NMEA time, header]
# bad_flag = -9.990e-29
*END*
[from data line 206]
     16.462    11.1748   3.627185    32.0871        217     0.9000  0.000e+00
     16.680    11.1807   3.627545    32.0855        218     0.9042  0.000e+00
     16.932    11.1856   3.627944    32.0850        219     0.9083  0.000e+00
     17.228    11.1896   3.628259    32.0845        220     0.9125  0.000e+00
     17.565    11.1922   3.628278    32.0823        221     0.9167  0.000e+00
     17.887    11.1949   3.627501    32.0721        222     0.9208  0.000e+00
     18.202    11.1967   3.626633    32.0619        223     0.9250  0.000e+00
     18.540    11.1975   3.626010    32.0550        224     0.9292  0.000e+00
     18.850    11.1973   3.625849    32.0534        225     0.9333  0.000e+00
     19.120    11.1871   3.622194    32.0262        226     0.9375  0.000e+00
     19.346    11.1679   3.620460    32.0259        227     0.9417  0.000e+00
     19.525    11.1482   3.619683    32.0353        228     0.9458  0.000e+00
     19.650    11.1316   3.619215    32.0450        229     0.9500  0.000e+00
     19.727    11.1188   3.618906    32.0532        230     0.9542  0.000e+00
     19.769    11.1095   3.618842    32.0606        231     0.9583  0.000e+00
     19.794    11.1027   3.621354    32.0912        232     0.9625  0.000e+00
     19.916    11.0982   3.621752    32.0990        233     0.9667  0.000e+00
     19.894    11.0968   3.620018    32.0831        234     0.9708  0.000e+00
     19.796    11.0963   3.618348    32.0672        235     0.9750  0.000e+00
     19.590    11.0947   3.618194    32.0672        236     0.9792  0.000e+00
     19.465    11.0925   3.618419    32.0714        237     0.9833  0.000e+00
     19.397    11.0908   3.617642    32.0652        238     0.9875  0.000e+00
     19.346    11.0895   3.617462    32.0646        239     0.9917  0.000e+00
     19.313    11.0883   3.617417    32.0652        240     0.9958  0.000e+00
     19.299    11.0872   3.617366    32.0656        241     1.0000  0.000e+00
     19.331    11.0865   3.617372    32.0663        242     1.0042  0.000e+00
     19.422    11.0862   3.617372    32.0666        243     1.0083  0.000e+00
     19.565    11.0860   3.617417    32.0671        244     1.0125  0.000e+00
     19.747    11.0859   3.617462    32.0676        245     1.0167  0.000e+00
     19.954    11.0859   3.617482    32.0676        246     1.0208  0.000e+00
     20.185    11.0861   3.617507    32.0676        247     1.0250  0.000e+00
     20.431    11.0863   3.617507    32.0673        248     1.0292  0.000e+00
     20.685    11.0865   3.617527    32.0673        249     1.0333  0.000e+00
     20.961    11.0865   3.617552    32.0675        250     1.0375  0.000e+00
     21.251    11.0867   3.617572    32.0673        251     1.0417  0.000e+00
     21.540    11.0868   3.617598    32.0673        252     1.0458  0.000e+00
     21.813    11.0869   3.617617    32.0673        253     1.0500  0.000e+00
     22.041    11.0871   3.617598    32.0669        254     1.0542  0.000e+00
     22.235    11.0870   3.617572    32.0666        255     1.0583  0.000e+00
     22.461    11.0868   3.617579    32.0668        256     1.0625  0.000e+00
     22.638    11.0868   3.617572    32.0667        257     1.0667  0.000e+00
     22.781    11.0867   3.617572    32.0667        258     1.0708  0.000e+00
     22.893    11.0867   3.617553    32.0664        259     1.0750  0.000e+00
     22.969    11.0867   3.617553    32.0664        260     1.0792  0.000e+00
     23.024    11.0864   3.617553    32.0666        261     1.0833  0.000e+00
     23.070    11.0866   3.617553    32.0665        262     1.0875  0.000e+00
     23.116    11.0863   3.617528    32.0665        263     1.0917  0.000e+00
     23.156    11.0863   3.617528    32.0665        264     1.0958  0.000e+00
     23.197    11.0865   3.617528    32.0662        265     1.1000  0.000e+00
     23.243    11.0861   3.617553    32.0668        266     1.1042  0.000e+00
     23.297    11.0862   3.617553    32.0667        267     1.1083  0.000e+00
     23.357    11.0863   3.617553    32.0666        268     1.1125  0.000e+00
     23.415    11.0863   3.617553    32.0666        269     1.1167  0.000e+00
     23.486    11.0863   3.617573    32.0668        270     1.1208  0.000e+00
     23.556    11.0864   3.617573    32.0666        271     1.1250  0.000e+00
     23.629    11.0864   3.617579    32.0666        272     1.1292  0.000e+00
     23.716    11.0863   3.617573    32.0666        273     1.1333  0.000e+00
     23.817    11.0864   3.617598    32.0668        274     1.1375  0.000e+00
     23.920    11.0865   3.617598    32.0666        275     1.1417  0.000e+00
     24.027    11.0864   3.617599    32.0667        276     1.1458  0.000e+00
     24.146    11.0865   3.617618    32.0668        277     1.1500  0.000e+00
     24.271    11.0865   3.617599    32.0665        278     1.1542  0.000e+00
     24.403    11.0865   3.617599    32.0664        279     1.1583  0.000e+00
     24.546    11.0865   3.617644    32.0668        280     1.1625  0.000e+00
     24.700    11.0865   3.617663    32.0669        281     1.1667  0.000e+00
     24.861    11.0866   3.617663    32.0668        282     1.1708  0.000e+00
     25.034    11.0867   3.617663    32.0666        283     1.1750  0.000e+00
     25.217    11.0868   3.617708    32.0669        284     1.1792  0.000e+00
     25.416    11.0869   3.617708    32.0667        285     1.1833  0.000e+00
     25.626    11.0869   3.617708    32.0666        286     1.1875  0.000e+00
     25.836    11.0870   3.617728    32.0666        287     1.1917  0.000e+00
     26.046    11.0870   3.617728    32.0665        288     1.1958  0.000e+00
     26.214    11.0871   3.617708    32.0662        289     1.2000  0.000e+00
     26.340    11.0871   3.617728    32.0664        290     1.2042  0.000e+00
     26.372    11.0870   3.617689    32.0660        291     1.2083  0.000e+00
     26.334    11.0870   3.617689    32.0660        292     1.2125  0.000e+00
     26.264    11.0868   3.617689    32.0662        293     1.2167  0.000e+00
     26.203    11.0868   3.617689    32.0663        294     1.2208  0.000e+00
     26.143    11.0865   3.617689    32.0666        295     1.2250  0.000e+00
     26.067    11.0865   3.617663    32.0663        296     1.2292  0.000e+00
     25.965    11.0865   3.617644    32.0662        297     1.2333  0.000e+00
     25.856    11.0861   3.617644    32.0666        298     1.2375  0.000e+00
     25.757    11.0863   3.617644    32.0664        299     1.2417  0.000e+00
     25.674    11.0863   3.617618    32.0663        300     1.2458  0.000e+00
     25.612    11.0864   3.617618    32.0662        301     1.2500  0.000e+00
     25.560    11.0865   3.617625    32.0662        302     1.2542  0.000e+00
     25.533    11.0862   3.617618    32.0664        303     1.2583  0.000e+00
     25.534    11.0861   3.617599    32.0663        304     1.2625  0.000e+00
     25.556    11.0861   3.617618    32.0665        305     1.2667  0.000e+00
     25.600    11.0862   3.617618    32.0664        306     1.2708  0.000e+00
     25.658    11.0864   3.617644    32.0664        307     1.2750  0.000e+00
     25.731    11.0865   3.617644    32.0663        308     1.2792  0.000e+00
     25.807    11.0864   3.617644    32.0664        309     1.2833  0.000e+00
     25.884    11.0863   3.617663    32.0666        310     1.2875  0.000e+00
     25.955    11.0865   3.617663    32.0664        311     1.2917  0.000e+00
     26.014    11.0865   3.617663    32.0664        312     1.2958  0.000e+00
     26.067    11.0867   3.617644    32.0660        313     1.3000  0.000e+00
     26.097    11.0865   3.617663    32.0663        314     1.3042  0.000e+00
     26.113    11.0864   3.617644    32.0662        315     1.3083  0.000e+00
     26.116    11.0865   3.617663    32.0664        316     1.3125  0.000e+00
     26.110    11.0864   3.617663    32.0664        317     1.3167  0.000e+00
     26.096    11.0864   3.617625    32.0661        318     1.3208  0.000e+00
     26.074    11.0864   3.617240    32.0623        319     1.3250  0.000e+00
     26.058    11.0863   3.617618    32.0661        320     1.3292  0.000e+00
     26.040    11.0865   3.617644    32.0662        321     1.3333  0.000e+00
     26.020    11.0863   3.617644    32.0664        322     1.3375  0.000e+00
     26.000    11.0862   3.617708    32.0671        323     1.3417  0.000e+00
     25.982    11.0863   3.617753    32.0674        324     1.3458  0.000e+00
     25.960    11.0867   3.617843    32.0680        325     1.3500  0.000e+00
     25.945    11.0870   3.617907    32.0683        326     1.3542  0.000e+00
     25.924    11.0872   3.617888    32.0681        327     1.3583  0.000e+00
     25.898    11.0876   3.617907    32.0679        328     1.3625  0.000e+00
     25.872    11.0878   3.617772    32.0664        329     1.3667  0.000e+00
     25.830    11.0877   3.617817    32.0669        330     1.3708  0.000e+00
     25.779    11.0874   3.617728    32.0663        331     1.3750  0.000e+00
     25.728    11.0873   3.617689    32.0661        332     1.3792  0.000e+00
     25.661    11.0870   3.617689    32.0664        333     1.3833  0.000e+00
     25.598    11.0868   3.617644    32.0661        334     1.3875  0.000e+00
     25.531    11.0867   3.617618    32.0660        335     1.3917  0.000e+00
     25.480    11.0864   3.617618    32.0663        336     1.3958  0.000e+00
     25.446    11.0863   3.617644    32.0666        337     1.4000  0.000e+00
     25.431    11.0864   3.617727    32.0674        338     1.4042  0.000e+00
     25.438    11.0865   3.617772    32.0677        339     1.4083  0.000e+00
     25.460    11.0867   3.617772    32.0675        340     1.4125  0.000e+00
     25.494    11.0871   3.617772    32.0671        341     1.4167  0.000e+00
     25.545    11.0870   3.617753    32.0670        342     1.4208  0.000e+00
     25.596    11.0872   3.617753    32.0669        343     1.4250  0.000e+00
     25.641    11.0869   3.617772    32.0673        344     1.4292  0.000e+00
     25.670    11.0872   3.617817    32.0675        345     1.4333  0.000e+00
     25.690    11.0871   3.617798    32.0673        346     1.4375  0.000e+00
     25.697    11.0873   3.617798    32.0671        347     1.4417  0.000e+00
     25.683    11.0874   3.617856    32.0676        348     1.4458  0.000e+00
     25.656    11.0874   3.617978    32.0689        349     1.4500  0.000e+00
     25.617    11.0875   3.617933    32.0683        350     1.4542  0.000e+00
     25.562    11.0878   3.617907    32.0678        351     1.4583  0.000e+00
     25.493    11.0879   3.617888    32.0676        352     1.4625  0.000e+00
     25.404    11.0877   3.617888    32.0678        353     1.4667  0.000e+00
     25.310    11.0878   3.617997    32.0689        354     1.4708  0.000e+00
     25.197    11.0880   3.617753    32.0663        355     1.4750  0.000e+00
     25.071    11.0877   3.617663    32.0657        356     1.4792  0.000e+00
     24.939    11.0872   3.617599    32.0656        357     1.4833  0.000e+00
     24.801    11.0870   3.617618    32.0660        358     1.4875  0.000e+00
     24.667    11.0867   3.617618    32.0663        359     1.4917  0.000e+00
     24.553    11.0866   3.617599    32.0663        360     1.4958  0.000e+00
     24.468    11.0865   3.617554    32.0660        361     1.5000  0.000e+00
     24.412    11.0865   3.617573    32.0662        362     1.5042  0.000e+00
     24.377    11.0863   3.617573    32.0664        363     1.5083  0.000e+00
     24.383    11.0861   3.617560    32.0664        364     1.5125  0.000e+00
     24.410    11.0862   3.617599    32.0667        365     1.5167  0.000e+00
     24.464    11.0861   3.617573    32.0665        366     1.5208  0.000e+00
     24.535    11.0863   3.617573    32.0663        367     1.5250  0.000e+00
     24.621    11.0863   3.617618    32.0667        368     1.5292  0.000e+00
     24.717    11.0864   3.617618    32.0666        369     1.5333  0.000e+00
     24.819    11.0865   3.617663    32.0669        370     1.5375  0.000e+00
     24.924    11.0868   3.617689    32.0668        371     1.5417  0.000e+00
     25.025    11.0867   3.617663    32.0666        372     1.5458  0.000e+00
     25.107    11.0870   3.617689    32.0665        373     1.5500  0.000e+00
     25.169    11.0868   3.617689    32.0667        374     1.5542  0.000e+00
     25.199    11.0870   3.617644    32.0661        375     1.5583  0.000e+00
     25.196    11.0869   3.617618    32.0659        376     1.5625  0.000e+00
     25.154    11.0868   3.617599    32.0659        377     1.5667  0.000e+00
     25.082    11.0867   3.617573    32.0658        378     1.5708  0.000e+00
     24.977    11.0866   3.617580    32.0659        379     1.5750  0.000e+00
     24.840    11.0863   3.617708    32.0675        380     1.5792  0.000e+00
     24.681    11.0864   3.617753    32.0679        381     1.5833  0.000e+00
     24.505    11.0865   3.617708    32.0675        382     1.5875  0.000e+00
     24.330    11.0867   3.617688    32.0672        383     1.5917  0.000e+00
     24.163    11.0868   3.617753    32.0678        384     1.5958  0.000e+00
     24.008    11.0868   3.617772    32.0681        385     1.6000  0.000e+00
     23.875    11.0868   3.617727    32.0676        386     1.6042  0.000e+00
     23.770    11.0869   3.617772    32.0680        387     1.6083  0.000e+00
     23.701    11.0868   3.617772    32.0681        388     1.6125  0.000e+00
     23.667    11.0870   3.617772    32.0680        389     1.6167  0.000e+00
     23.667    11.0870   3.617772    32.0680        390     1.6208  0.000e+00
     23.696    11.0871   3.617797    32.0682        391     1.6250  0.000e+00
     23.755    11.0872   3.617797    32.0681        392     1.6292  0.000e+00
     23.833    11.0872   3.617797    32.0680        393     1.6333  0.000e+00
     23.929    11.0872   3.617797    32.0680        394     1.6375  0.000e+00
     24.032    11.0874   3.617810    32.0679        395     1.6417  0.000e+00
     24.135    11.0874   3.617817    32.0679        396     1.6458  0.000e+00
     24.223    11.0874   3.617843    32.0681        397     1.6500  0.000e+00
     24.307    11.0875   3.617843    32.0680        398     1.6542  0.000e+00
     24.361    11.0875   3.617817    32.0677        399     1.6583  0.000e+00
     24.390    11.0876   3.617817    32.0677        400     1.6625  0.000e+00
     24.391    11.0876   3.617817    32.0677        401     1.6667  0.000e+00
     24.367    11.0874   3.617817    32.0678        402     1.6708  0.000e+00
     24.314    11.0874   3.617817    32.0679        403     1.6750  0.000e+00
     24.240    11.0874   3.617708    32.0668        404     1.6792  0.000e+00
     24.137    11.0873   3.617663    32.0665        405     1.6833  0.000e+00
     24.015    11.0869   3.617727    32.0675        406     1.6875  0.000e+00
     23.877    11.0868   3.617817    32.0685        407     1.6917  0.000e+00
     23.743    11.0869   3.617797    32.0683        408     1.6958  0.000e+00
     23.605    11.0872   3.617752    32.0677        409     1.7000  0.000e+00
     23.480    11.0871   3.617746    32.0677        410     1.7042  0.000e+00
     23.362    11.0870   3.617817    32.0686        411     1.7083  0.000e+00
     23.266    11.0871   3.617861    32.0690        412     1.7125  0.000e+00
     23.187    11.0873   3.617887    32.0691        413     1.7167  0.000e+00
     23.141    11.0875   3.617861    32.0687        414     1.7208  0.000e+00
     23.125    11.0876   3.617861    32.0686        415     1.7250  0.000e+00
     23.138    11.0877   3.617861    32.0685        416     1.7292  0.000e+00
     23.177    11.0878   3.617887    32.0687        417     1.7333  0.000e+00
     23.231    11.0879   3.617861    32.0683        418     1.7375  0.000e+00
     23.291    11.0878   3.617887    32.0686        419     1.7417  0.000e+00
     23.358    11.0878   3.617887    32.0686        420     1.7458  0.000e+00
