HB2503/sbe011.cnv
* Sea-Bird SBE 19plus V2 Data File:
* FileName = C:\cruise\data\sbe011.hex
* Software Version Seasave V 7.26.7.121
* Temperature SN = 6128
* Conductivity SN = 6128
* System UpLoad Time = May 28 2025 22:09:11
* NMEA Latitude = 39 01.54 N
* NMEA Longitude = 072 35.50 W
* NMEA UTC (Time) = May 28 2025  22:07:20
** Ship: Henry Bigelow
** Cruise:  HB2502
** Program:  Spring Bottom Trawl
# nquan = 7
# nvalues = 4370                                  
# units = specified
# name 0 = depSM: Depth [salt water, m]
# name 1 = tv290C: Temperature [ITS-90, deg C]
# name 2 = c0S/m: Conductivity [S/m]
# name 3 = sal00: Salinity, Practical [PSU]
# name 4 = scan: Scan Count
# name 5 = timeM: Time, Elapsed [minutes]
# name 6 = flag:  0.000e+00
# span 0 =     -0.091,    200.638                 
# span 1 =    11.5644,    15.6117                 
# span 2 =   0.010113,   4.151968                 
# span 3 =     0.0605,    35.6549                 
# span 4 =         11,       4380                 
# span 5 =     0.0417,    18.2458                 
# span 6 = 0.0000e+00, 0.0000e+00                 
# interval = seconds: 0.25
# start_time = May 28 2025 22:07:20 [NMEA time, header]
# bad_flag = -9.990e-29
*END*
[from data line 411]
     43.712    12.2347   3.948377    34.2621        422     1.7542  0.000e+00
     43.902    12.2353   3.951058    34.2874        423     1.7583  0.000e+00
     44.079    12.2402   3.951757    34.2896        424     1.7625  0.000e+00
     44.250    12.2459   3.951856    34.2853        425     1.7667  0.000e+00
     44.412    12.2494   3.954046    34.3033        426     1.7708  0.000e+00
     44.568    12.2535   3.954917    34.3079        427     1.7750  0.000e+00
     44.711    12.2576   3.954611    34.3011        428     1.7792  0.000e+00
     44.850    12.2592   3.954092    34.2945        429     1.7833  0.000e+00
     44.988    12.2571   3.953972    34.2952        430     1.7875  0.000e+00
     45.125    12.2542   3.954824    34.3061        431     1.7917  0.000e+00
     45.261    12.2530   3.956402    34.3224        432     1.7958  0.000e+00
     45.397    12.2551   3.957740    34.3333        433     1.8000  0.000e+00
     45.547    12.2588   3.957886    34.3313        434     1.8042  0.000e+00
     45.693    12.2619   3.956069    34.3108        435     1.8083  0.000e+00
     45.845    12.2591   3.951577    34.2698        436     1.8125  0.000e+00
     46.004    12.2440   3.948285    34.2518        437     1.8167  0.000e+00
     46.176    12.2194   3.943052    34.2235        438     1.8208  0.000e+00
     46.346    12.1860   3.937125    34.1966        439     1.8250  0.000e+00
     46.521    12.1448   3.935014    34.2138        440     1.8292  0.000e+00
     46.699    12.1065   3.936562    34.2638        441     1.8333  0.000e+00
     46.878    12.0860   3.937851    34.2951        442     1.8375  0.000e+00
     47.065    12.0789   3.935406    34.2778        443     1.8417  0.000e+00
     47.245    12.0693   3.934198    34.2748        444     1.8458  0.000e+00
     47.423    12.0570   3.932724    34.2717        445     1.8500  0.000e+00
     47.600    12.0434   3.931489    34.2721        446     1.8542  0.000e+00
     47.779    12.0307   3.930786    34.2769        447     1.8583  0.000e+00
     47.958    12.0188   3.929591    34.2760        448     1.8625  0.000e+00
     48.136    12.0082   3.930182    34.2915        449     1.8667  0.000e+00
     48.315    12.0006   3.929432    34.2911        450     1.8708  0.000e+00
     48.490    11.9954   3.931537    34.3163        451     1.8750  0.000e+00
     48.669    11.9956   3.934857    34.3484        452     1.8792  0.000e+00
     48.850    12.0016   3.935534    34.3494        453     1.8833  0.000e+00
     49.033    12.0093   3.936637    34.3529        454     1.8875  0.000e+00
     49.212    12.0153   3.937733    34.3580        455     1.8917  0.000e+00
     49.400    12.0216   3.937946    34.3542        456     1.8958  0.000e+00
     49.581    12.0262   3.940291    34.3727        457     1.9000  0.000e+00
     49.761    12.0344   3.950730    34.4667        458     1.9042  0.000e+00
     49.940    12.0593   3.955867    34.4935        459     1.9083  0.000e+00
     50.119    12.0952   3.960647    34.5068        460     1.9125  0.000e+00
     50.289    12.1296   3.961992    34.4880        461     1.9167  0.000e+00
     50.452    12.1579   3.963404    34.4755        462     1.9208  0.000e+00
     50.608    12.1785   3.965742    34.4791        463     1.9250  0.000e+00
     50.762    12.1972   3.974467    34.5465        464     1.9292  0.000e+00
     50.903    12.2272   3.978949    34.5621        465     1.9333  0.000e+00
     51.041    12.2646   3.983360    34.5702        466     1.9375  0.000e+00
     51.169    12.3010   3.983874    34.5416        467     1.9417  0.000e+00
     51.300    12.3298   3.985309    34.5289        468     1.9458  0.000e+00
     51.433    12.3518   3.988514    34.5395        469     1.9500  0.000e+00
     51.571    12.3719   3.987538    34.5115        470     1.9542  0.000e+00
     51.714    12.3842   3.990584    34.5295        471     1.9583  0.000e+00
     51.861    12.3978   3.994465    34.5544        472     1.9625  0.000e+00
     52.016    12.4173   3.993490    34.5270        473     1.9667  0.000e+00
     52.179    12.4315   3.994104    34.5198        474     1.9708  0.000e+00
     52.344    12.4402   3.995227    34.5225        475     1.9750  0.000e+00
     52.521    12.4481   3.998729    34.5490        476     1.9792  0.000e+00
     52.699    12.4612   4.002267    34.5709        477     1.9833  0.000e+00
     52.886    12.4809   4.002480    34.5547        478     1.9875  0.000e+00
     53.085    12.4967   4.003316    34.5482        479     1.9917  0.000e+00
     53.276    12.5077   4.004320    34.5477        480     1.9958  0.000e+00
     53.479    12.5173   4.005945    34.5544        481     2.0000  0.000e+00
     53.680    12.5276   4.007859    34.5633        482     2.0042  0.000e+00
     53.875    12.5387   4.010489    34.5783        483     2.0083  0.000e+00
     54.067    12.5520   4.011085    34.5717        484     2.0125  0.000e+00
     54.256    12.5654   4.013100    34.5787        485     2.0167  0.000e+00
     54.440    12.5774   4.014606    34.5820        486     2.0208  0.000e+00
     54.612    12.5897   4.016762    34.5914        487     2.0250  0.000e+00
     54.780    12.6020   4.018182    34.5937        488     2.0292  0.000e+00
     54.952    12.6135   4.018490    34.5860        489     2.0333  0.000e+00
     55.114    12.6214   4.017606    34.5701        490     2.0375  0.000e+00
     55.275    12.6232   4.015590    34.5491        491     2.0417  0.000e+00
     55.427    12.6180   4.013240    34.5312        492     2.0458  0.000e+00
     55.578    12.6060   4.011252    34.5231        493     2.0500  0.000e+00
     55.729    12.5894   4.008334    34.5102        494     2.0542  0.000e+00
     55.870    12.5692   4.006374    34.5098        495     2.0583  0.000e+00
     56.015    12.5480   4.005812    34.5238        496     2.0625  0.000e+00
     56.150    12.5311   4.005344    34.5348        497     2.0667  0.000e+00
     56.286    12.5189   4.004441    34.5373        498     2.0708  0.000e+00
     56.426    12.5082   4.005177    34.5541        499     2.0750  0.000e+00
     56.563    12.5018   4.004582    34.5542        500     2.0792  0.000e+00
     56.703    12.4966   4.002602    34.5398        501     2.0833  0.000e+00
     56.841    12.4872   4.001666    34.5394        502     2.0875  0.000e+00
     56.978    12.4756   4.001098    34.5445        503     2.0917  0.000e+00
     57.116    12.4651   4.001834    34.5613        504     2.0958  0.000e+00
     57.264    12.4571   4.001646    34.5667        505     2.1000  0.000e+00
     57.421    12.4507   4.001453    34.5707        506     2.1042  0.000e+00
     57.582    12.4453   4.001145    34.5727        507     2.1083  0.000e+00
     57.742    12.4400   4.002028    34.5860        508     2.1125  0.000e+00
     57.921    12.4371   4.002697    34.5951        509     2.1167  0.000e+00
     58.102    12.4365   4.002363    34.5923        510     2.1208  0.000e+00
     58.290    12.4363   4.002102    34.5899        511     2.1250  0.000e+00
     58.482    12.4349   4.002289    34.5929        512     2.1292  0.000e+00
     58.679    12.4328   4.002791    34.5995        513     2.1333  0.000e+00
     58.889    12.4317   4.003607    34.6084        514     2.1375  0.000e+00
     59.091    12.4322   4.004537    34.6168        515     2.1417  0.000e+00
     59.301    12.4343   4.005634    34.6253        516     2.1458  0.000e+00
     59.509    12.4382   4.007019    34.6350        517     2.1500  0.000e+00
     59.710    12.4425   4.007240    34.6331        518     2.1542  0.000e+00
     59.911    12.4450   4.007380    34.6321        519     2.1583  0.000e+00
     60.101    12.4455   4.007715    34.6348        520     2.1625  0.000e+00
     60.287    12.4456   4.007976    34.6371        521     2.1667  0.000e+00
     60.457    12.4458   4.007762    34.6348        522     2.1708  0.000e+00
     60.622    12.4440   4.007073    34.6297        523     2.1750  0.000e+00
     60.776    12.4397   4.006424    34.6274        524     2.1792  0.000e+00
     60.915    12.4332   4.006264    34.6318        525     2.1833  0.000e+00
     61.040    12.4267   4.006257    34.6377        526     2.1875  0.000e+00
     61.154    12.4218   4.006378    34.6433        527     2.1917  0.000e+00
     61.271    12.4189   4.007140    34.6533        528     2.1958  0.000e+00
     61.376    12.4181   4.008312    34.6653        529     2.2000  0.000e+00
     61.488    12.4191   4.009054    34.6714        530     2.2042  0.000e+00
     61.602    12.4222   4.009510    34.6729        531     2.2083  0.000e+00
     61.723    12.4248   4.009630    34.6717        532     2.2125  0.000e+00
     61.858    12.4269   4.009536    34.6688        533     2.2167  0.000e+00
     61.990    12.4283   4.009751    34.6694        534     2.2208  0.000e+00
     62.135    12.4295   4.009992    34.6706        535     2.2250  0.000e+00
     62.281    12.4304   4.010299    34.6727        536     2.2292  0.000e+00
     62.440    12.4316   4.010755    34.6759        537     2.2333  0.000e+00
     62.616    12.4335   4.011116    34.6776        538     2.2375  0.000e+00
     62.790    12.4355   4.011023    34.6747        539     2.2417  0.000e+00
     62.975    12.4367   4.010828    34.6717        540     2.2458  0.000e+00
     63.158    12.4362   4.010875    34.6725        541     2.2500  0.000e+00
     63.348    12.4361   4.010708    34.6709        542     2.2542  0.000e+00
     63.541    12.4354   4.010588    34.6703        543     2.2583  0.000e+00
     63.738    12.4340   4.010400    34.6697        544     2.2625  0.000e+00
     63.937    12.4316   4.010233    34.6703        545     2.2667  0.000e+00
     64.128    12.4293   4.010160    34.6716        546     2.2708  0.000e+00
     64.324    12.4267   4.010086    34.6732        547     2.2750  0.000e+00
     64.518    12.4245   4.009892    34.6732        548     2.2792  0.000e+00
     64.708    12.4224   4.009919    34.6753        549     2.2833  0.000e+00
     64.890    12.4206   4.010160    34.6793        550     2.2875  0.000e+00
     65.071    12.4191   4.010542    34.6842        551     2.2917  0.000e+00
     65.251    12.4187   4.010682    34.6860        552     2.2958  0.000e+00
     65.424    12.4184   4.009893    34.6785        553     2.3000  0.000e+00
     65.587    12.4159   4.008795    34.6701        554     2.3042  0.000e+00
     65.748    12.4102   4.006453    34.6527        555     2.3083  0.000e+00
     65.904    12.3996   4.004895    34.6474        556     2.3125  0.000e+00
     66.050    12.3868   4.002962    34.6405        557     2.3167  0.000e+00
     66.188    12.3716   4.002320    34.6483        558     2.3208  0.000e+00
     66.313    12.3584   4.002153    34.6588        559     2.3250  0.000e+00
     66.437    12.3493   4.001625    34.6621        560     2.3292  0.000e+00
     66.556    12.3423   4.000816    34.6607        561     2.3333  0.000e+00
     66.674    12.3352   4.000408    34.6632        562     2.3375  0.000e+00
     66.786    12.3291   4.000074    34.6656        563     2.3417  0.000e+00
     66.899    12.3239   3.995542    34.6265        564     2.3458  0.000e+00
     67.016    12.3088   3.985956    34.5477        565     2.3500  0.000e+00
     67.141    12.2709   3.979048    34.5157        566     2.3542  0.000e+00
     67.273    12.2221   3.974453    34.5162        567     2.3583  0.000e+00
     67.418    12.1731   3.970853    34.5264        568     2.3625  0.000e+00
     67.572    12.1288   3.967948    34.5390        569     2.3667  0.000e+00
     67.747    12.0910   3.966316    34.5581        570     2.3708  0.000e+00
     67.926    12.0615   3.965890    34.5812        571     2.3750  0.000e+00
     68.118    12.0405   3.963718    34.5794        572     2.3792  0.000e+00
     68.330    12.0241   3.963272    34.5902        573     2.3833  0.000e+00
     68.551    12.0100   3.963885    34.6092        574     2.3875  0.000e+00
     68.784    12.0013   3.961434    34.5932        575     2.3917  0.000e+00
     69.021    11.9928   3.958298    34.5705        576     2.3958  0.000e+00
     69.264    11.9772   3.956435    34.5667        577     2.4000  0.000e+00
     69.492    11.9600   3.957520    34.5931        578     2.4042  0.000e+00
     69.720    11.9492   3.958818    34.6157        579     2.4083  0.000e+00
     69.926    11.9463   3.959757    34.6275        580     2.4125  0.000e+00
     70.125    11.9485   3.964786    34.6744        581     2.4167  0.000e+00
     70.317    11.9604   3.967025    34.6851        582     2.4208  0.000e+00
     70.475    11.9769   3.968611    34.6852        583     2.4250  0.000e+00
     70.610    11.9918   3.972677    34.7109        584     2.4292  0.000e+00
     70.719    12.0115   3.978746    34.7517        585     2.4333  0.000e+00
     70.808    12.0405   3.986361    34.7988        586     2.4375  0.000e+00
     70.887    12.0811   3.989266    34.7892        587     2.4417  0.000e+00
     70.969    12.1189   3.993140    34.7917        588     2.4458  0.000e+00
     71.056    12.1528   3.998433    34.8115        589     2.4500  0.000e+00
     71.146    12.1883   4.007750    34.8689        590     2.4542  0.000e+00
     71.244    12.2357   4.010379    34.8502        591     2.4583  0.000e+00
     71.353    12.2794   4.013706    34.8417        592     2.4625  0.000e+00
     71.479    12.3163   4.014495    34.8150        593     2.4667  0.000e+00
     71.617    12.3434   4.014977    34.7945        594     2.4708  0.000e+00
     71.768    12.3611   4.015171    34.7798        595     2.4750  0.000e+00
     71.934    12.3727   4.015218    34.7694        596     2.4792  0.000e+00
     72.115    12.3792   4.014883    34.7601        597     2.4833  0.000e+00
     72.314    12.3821   4.014020    34.7490        598     2.4875  0.000e+00
     72.531    12.3817   4.014488    34.7538        599     2.4917  0.000e+00
     72.752    12.3811   4.013518    34.7449        600     2.4958  0.000e+00
     72.984    12.3788   4.013417    34.7459        601     2.5000  0.000e+00
     73.221    12.3763   4.013752    34.7514        602     2.5042  0.000e+00
     73.455    12.3751   4.014114    34.7558        603     2.5083  0.000e+00
     73.690    12.3753   4.014328    34.7576        604     2.5125  0.000e+00
     73.916    12.3762   4.014476    34.7582        605     2.5167  0.000e+00
     74.137    12.3768   4.014402    34.7568        606     2.5208  0.000e+00
     74.350    12.3769   4.014476    34.7573        607     2.5250  0.000e+00
     74.553    12.3764   4.017061    34.7827        608     2.5292  0.000e+00
     74.750    12.3801   4.020926    34.8165        609     2.5333  0.000e+00
     74.931    12.3921   4.023044    34.8258        610     2.5375  0.000e+00
     75.099    12.4066   4.028119    34.8613        611     2.5417  0.000e+00
     75.253    12.4277   4.030546    34.8651        612     2.5458  0.000e+00
     75.391    12.4509   4.033920    34.8760        613     2.5500  0.000e+00
     75.512    12.4737   4.038013    34.8943        614     2.5542  0.000e+00
     75.626    12.4987   4.039201    34.8826        615     2.5583  0.000e+00
     75.740    12.5198   4.040745    34.8778        616     2.5625  0.000e+00
     75.848    12.5370   4.043263    34.8860        617     2.5667  0.000e+00
     75.953    12.5536   4.046964    34.9062        618     2.5708  0.000e+00
     76.060    12.5722   4.047784    34.8968        619     2.5750  0.000e+00
     76.167    12.5890   4.048852    34.8915        620     2.5792  0.000e+00
     76.278    12.6023   4.050693    34.8968        621     2.5833  0.000e+00
     76.401    12.6140   4.050861    34.8875        622     2.5875  0.000e+00
     76.524    12.6236   4.050834    34.8783        623     2.5917  0.000e+00
     76.658    12.6294   4.051298    34.8773        624     2.5958  0.000e+00
     76.805    12.6336   4.051224    34.8726        625     2.6000  0.000e+00
