HB2503/sbe044.cnv
* Sea-Bird SBE 19plus V2 Data File:
* FileName = C:\cruise\data\sbe044.hex
* Software Version Seasave V 7.26.7.121
* Temperature SN = 6128
* Conductivity SN = 6128
* System UpLoad Time = Jun 01 2025 06:18:27
* NMEA Latitude = 41 06.03 N
* NMEA Longitude = 070 37.86 W
* NMEA UTC (Time) = Jun 01 2025  06:16:40
** Ship: Henry Bigelow
** Cruise:  HB2502
** Program:  Spring Bottom Trawl
# nquan = 7
# nvalues = 1427                                  
# units = specified
# name 0 = depSM: Depth [salt water, m]
# name 1 = tv290C: Temperature [ITS-90, deg C]
# name 2 = c0S/m: Conductivity [S/m]
# name 3 = sal00: Salinity, Practical [PSU]
# name 4 = scan: Scan Count
# name 5 = timeM: Time, Elapsed [minutes]
# name 6 = flag:  0.000e+00
# span 0 =     -0.212,     38.227                 
# span 1 =     9.8839,    11.9461                 
# span 2 =   0.007247,   3.691866                 
# span 3 =     0.0474,    32.4168                 
# span 4 =         11,       1437                 
# span 5 =     0.0417,     5.9833                 
# span 6 = 0.0000e+00, 0.0000e+00                 
# interval = seconds: 0.25
# start_time = Jun 01 2025 06:16:40 [NMEA time, header]
# bad_flag = -9.990e-29
*END*
[from data line 411]
     37.448     9.9074   3.539302    32.3200        422     1.7542  0.000e+00
     37.403     9.9072   3.539251    32.3197        423     1.7583  0.000e+00
     37.345     9.9072   3.539315    32.3203        424     1.7625  0.000e+00
     37.278     9.9072   3.539289    32.3202        425     1.7667  0.000e+00
     37.209     9.9070   3.539207    32.3195        426     1.7708  0.000e+00
     37.142     9.9070   3.539289    32.3204        427     1.7750  0.000e+00
     37.073     9.9070   3.539378    32.3213        428     1.7792  0.000e+00
     37.000     9.9077   3.539359    32.3206        429     1.7833  0.000e+00
     36.940     9.9079   3.539321    32.3200        430     1.7875  0.000e+00
     36.874     9.9080   3.539334    32.3201        431     1.7917  0.000e+00
     36.805     9.9079   3.539270    32.3195        432     1.7958  0.000e+00
     36.733     9.9079   3.539251    32.3194        433     1.8000  0.000e+00
     36.660     9.9074   3.538901    32.3163        434     1.8042  0.000e+00
     36.574     9.9060   3.538945    32.3180        435     1.8083  0.000e+00
     36.483     9.9048   3.539009    32.3198        436     1.8125  0.000e+00
     36.391     9.9043   3.539009    32.3203        437     1.8167  0.000e+00
     36.297     9.9041   3.539092    32.3214        438     1.8208  0.000e+00
     36.199     9.9044   3.539073    32.3209        439     1.8250  0.000e+00
     36.098     9.9043   3.538379    32.3140        440     1.8292  0.000e+00
     36.003     9.9021   3.538271    32.3149        441     1.8333  0.000e+00
     35.909     9.8992   3.538207    32.3169        442     1.8375  0.000e+00
     35.813     9.8971   3.538423    32.3211        443     1.8417  0.000e+00
     35.712     9.8966   3.538531    32.3226        444     1.8458  0.000e+00
     35.613     9.8972   3.538684    32.3237        445     1.8500  0.000e+00
     35.505     9.8982   3.538977    32.3258        446     1.8542  0.000e+00
     35.387     9.9000   3.538920    32.3236        447     1.8583  0.000e+00
     35.264     9.9016   3.538576    32.3188        448     1.8625  0.000e+00
     35.137     9.9011   3.538054    32.3140        449     1.8667  0.000e+00
     35.009     9.8987   3.537863    32.3143        450     1.8708  0.000e+00
     34.869     9.8956   3.537882    32.3173        451     1.8750  0.000e+00
     34.725     9.8932   3.538054    32.3213        452     1.8792  0.000e+00
     34.585     9.8925   3.538270    32.3241        453     1.8833  0.000e+00
     34.440     9.8933   3.538340    32.3242        454     1.8875  0.000e+00
     34.313     9.8944   3.538232    32.3221        455     1.8917  0.000e+00
     34.192     9.8949   3.538512    32.3246        456     1.8958  0.000e+00
     34.073     9.8961   3.538620    32.3247        457     1.9000  0.000e+00
     33.966     9.8979   3.538556    32.3225        458     1.9042  0.000e+00
     33.869     9.8989   3.538378    32.3199        459     1.9083  0.000e+00
     33.782     9.8988   3.538486    32.3211        460     1.9125  0.000e+00
     33.705     9.8987   3.538594    32.3223        461     1.9167  0.000e+00
     33.646     9.8992   3.538467    32.3206        462     1.9208  0.000e+00
     33.589     9.8993   3.538429    32.3201        463     1.9250  0.000e+00
     33.546     9.8990   3.538403    32.3201        464     1.9292  0.000e+00
     33.512     9.8985   3.538556    32.3221        465     1.9333  0.000e+00
     33.479     9.8989   3.538683    32.3231        466     1.9375  0.000e+00
     33.458     9.8997   3.538556    32.3211        467     1.9417  0.000e+00
     33.429     9.9000   3.538467    32.3200        468     1.9458  0.000e+00
     33.403     9.8998   3.538486    32.3203        469     1.9500  0.000e+00
     33.351     9.8995   3.538422    32.3200        470     1.9542  0.000e+00
     33.299     9.8992   3.538206    32.3181        471     1.9583  0.000e+00
     33.234     9.8981   3.538034    32.3173        472     1.9625  0.000e+00
     33.147     9.8966   3.538098    32.3193        473     1.9667  0.000e+00
     33.049     9.8953   3.537901    32.3186        474     1.9708  0.000e+00
     32.936     9.8943   3.537792    32.3184        475     1.9750  0.000e+00
     32.806     9.8929   3.537621    32.3180        476     1.9792  0.000e+00
     32.650     9.8914   3.537430    32.3175        477     1.9833  0.000e+00
     32.486     9.8899   3.537296    32.3176        478     1.9875  0.000e+00
     32.308     9.8881   3.537385    32.3202        479     1.9917  0.000e+00
     32.122     9.8869   3.537404    32.3215        480     1.9958  0.000e+00
     31.934     9.8865   3.537385    32.3217        481     2.0000  0.000e+00
     31.739     9.8862   3.537468    32.3229        482     2.0042  0.000e+00
     31.545     9.8864   3.537467    32.3228        483     2.0083  0.000e+00
     31.356     9.8867   3.537404    32.3220        484     2.0125  0.000e+00
     31.168     9.8869   3.537404    32.3218        485     2.0167  0.000e+00
     30.992     9.8869   3.537359    32.3215        486     2.0208  0.000e+00
     30.835     9.8867   3.537321    32.3213        487     2.0250  0.000e+00
     30.681     9.8864   3.537276    32.3213        488     2.0292  0.000e+00
     30.562     9.8861   3.537187    32.3206        489     2.0333  0.000e+00
     30.457     9.8857   3.537060    32.3198        490     2.0375  0.000e+00
     30.372     9.8848   3.537060    32.3206        491     2.0417  0.000e+00
     30.307     9.8839   3.537232    32.3232        492     2.0458  0.000e+00
     30.253     9.8839   3.537359    32.3245        493     2.0500  0.000e+00
     30.213     9.8847   3.537289    32.3231        494     2.0542  0.000e+00
     30.189     9.8853   3.537295    32.3226        495     2.0583  0.000e+00
     30.167     9.8856   3.537276    32.3222        496     2.0625  0.000e+00
     30.149     9.8856   3.537251    32.3219        497     2.0667  0.000e+00
     30.136     9.8856   3.537276    32.3222        498     2.0708  0.000e+00
     30.114     9.8856   3.537321    32.3227        499     2.0750  0.000e+00
     30.080     9.8858   3.537251    32.3218        500     2.0792  0.000e+00
     30.037     9.8858   3.537276    32.3221        501     2.0833  0.000e+00
     29.974     9.8858   3.537359    32.3229        502     2.0875  0.000e+00
     29.899     9.8861   3.537321    32.3223        503     2.0917  0.000e+00
     29.818     9.8863   3.537187    32.3208        504     2.0958  0.000e+00
     29.717     9.8861   3.537168    32.3208        505     2.1000  0.000e+00
     29.610     9.8856   3.537168    32.3214        506     2.1042  0.000e+00
     29.483     9.8851   3.537187    32.3220        507     2.1083  0.000e+00
     29.351     9.8852   3.537168    32.3218        508     2.1125  0.000e+00
     29.205     9.8851   3.537231    32.3226        509     2.1167  0.000e+00
     29.040     9.8852   3.537174    32.3220        510     2.1208  0.000e+00
     28.874     9.8853   3.537034    32.3205        511     2.1250  0.000e+00
     28.690     9.8848   3.537123    32.3220        512     2.1292  0.000e+00
     28.503     9.8848   3.537123    32.3221        513     2.1333  0.000e+00
     28.314     9.8846   3.537078    32.3219        514     2.1375  0.000e+00
     28.124     9.8846   3.537231    32.3235        515     2.1417  0.000e+00
     27.942     9.8853   3.537275    32.3234        516     2.1458  0.000e+00
     27.758     9.8858   3.537212    32.3224        517     2.1500  0.000e+00
     27.587     9.8864   3.537243    32.3223        518     2.1542  0.000e+00
     27.426     9.8866   3.537231    32.3221        519     2.1583  0.000e+00
     27.273     9.8866   3.537211    32.3219        520     2.1625  0.000e+00
     27.128     9.8867   3.537167    32.3214        521     2.1667  0.000e+00
     27.007     9.8863   3.537078    32.3209        522     2.1708  0.000e+00
     26.896     9.8860   3.536906    32.3195        523     2.1750  0.000e+00
     26.798     9.8853   3.536950    32.3207        524     2.1792  0.000e+00
     26.719     9.8843   3.537059    32.3226        525     2.1833  0.000e+00
     26.656     9.8843   3.536995    32.3221        526     2.1875  0.000e+00
     26.599     9.8842   3.537014    32.3223        527     2.1917  0.000e+00
     26.556     9.8843   3.537141    32.3235        528     2.1958  0.000e+00
     26.520     9.8848   3.537141    32.3231        529     2.2000  0.000e+00
     26.498     9.8853   3.537211    32.3234        530     2.2042  0.000e+00
     26.489     9.8862   3.537294    32.3234        531     2.2083  0.000e+00
     26.484     9.8869   3.537275    32.3226        532     2.2125  0.000e+00
     26.471     9.8876   3.537186    32.3211        533     2.2167  0.000e+00
     26.448     9.8877   3.537109    32.3202        534     2.2208  0.000e+00
     26.419     9.8873   3.537186    32.3214        535     2.2250  0.000e+00
     26.372     9.8871   3.537186    32.3216        536     2.2292  0.000e+00
     26.300     9.8871   3.537186    32.3217        537     2.2333  0.000e+00
     26.203     9.8869   3.537427    32.3243        538     2.2375  0.000e+00
     26.081     9.8881   3.537555    32.3246        539     2.2417  0.000e+00
     25.926     9.8895   3.537682    32.3246        540     2.2458  0.000e+00
     25.753     9.8910   3.537535    32.3219        541     2.2500  0.000e+00
     25.565     9.8918   3.537745    32.3234        542     2.2542  0.000e+00
     25.369     9.8927   3.537427    32.3195        543     2.2583  0.000e+00
     25.167     9.8925   3.537166    32.3171        544     2.2625  0.000e+00
     24.968     9.8912   3.537166    32.3184        545     2.2667  0.000e+00
     24.769     9.8896   3.537185    32.3200        546     2.2708  0.000e+00
     24.577     9.8889   3.537357    32.3225        547     2.2750  0.000e+00
     24.411     9.8894   3.539094    32.3398        548     2.2792  0.000e+00
     24.262     9.8949   3.538973    32.3337        549     2.2833  0.000e+00
     24.145     9.9029   3.540284    32.3399        550     2.2875  0.000e+00
     24.056     9.9108   3.541347    32.3436        551     2.2917  0.000e+00
     24.003     9.9226   3.541239    32.3319        552     2.2958  0.000e+00
     23.969     9.9308   3.541105    32.3232        553     2.3000  0.000e+00
     23.951     9.9350   3.540914    32.3176        554     2.3042  0.000e+00
     23.945     9.9366   3.540844    32.3155        555     2.3083  0.000e+00
     23.949     9.9367   3.540914    32.3161        556     2.3125  0.000e+00
     23.951     9.9366   3.541410    32.3212        557     2.3167  0.000e+00
     23.946     9.9384   3.542009    32.3257        558     2.3208  0.000e+00
     23.932     9.9430   3.541996    32.3214        559     2.3250  0.000e+00
     23.897     9.9467   3.541907    32.3172        560     2.3292  0.000e+00
     23.847     9.9484   3.542970    32.3264        561     2.3333  0.000e+00
     23.766     9.9530   3.543511    32.3278        562     2.3375  0.000e+00
     23.660     9.9595   3.542168    32.3085        563     2.3417  0.000e+00
     23.521     9.9602   3.541238    32.2985        564     2.3458  0.000e+00
     23.374     9.9545   3.541779    32.3091        565     2.3500  0.000e+00
     23.205     9.9510   3.542212    32.3167        566     2.3542  0.000e+00
     23.052     9.9515   3.542601    32.3203        567     2.3583  0.000e+00
     22.889     9.9541   3.543294    32.3251        568     2.3625  0.000e+00
     22.740     9.9588   3.543447    32.3225        569     2.3667  0.000e+00
     22.600     9.9633   3.544880    32.3330        570     2.3708  0.000e+00
     22.474     9.9711   3.546701    32.3445        571     2.3750  0.000e+00
     22.355     9.9851   3.546294    32.3279        572     2.3792  0.000e+00
     22.253     9.9954   3.546637    32.3223        573     2.3833  0.000e+00
     22.161    10.0021   3.546962    32.3196        574     2.3875  0.000e+00
     22.076    10.0081   3.547879    32.3235        575     2.3917  0.000e+00
     21.998    10.0148   3.547535    32.3141        576     2.3958  0.000e+00
     21.916    10.0199   3.549421    32.3286        577     2.4000  0.000e+00
     21.839    10.0282   3.550135    32.3285        578     2.4042  0.000e+00
     21.753    10.0389   3.551874    32.3366        579     2.4083  0.000e+00
     21.658    10.0529   3.554182    32.3475        580     2.4125  0.000e+00
     21.549    10.0727   3.557752    32.3659        581     2.4167  0.000e+00
     21.442    10.1002   3.563558    32.4000        582     2.4208  0.000e+00
     21.328    10.1432   3.563927    32.3653        583     2.4250  0.000e+00
     21.213    10.1832   3.566595    32.3565        584     2.4292  0.000e+00
     21.093    10.2160   3.573377    32.3956        585     2.4333  0.000e+00
     20.982    10.2648   3.576405    32.3826        586     2.4375  0.000e+00
     20.872    10.3147   3.578354    32.3577        587     2.4417  0.000e+00
     20.771    10.3574   3.580220    32.3385        588     2.4458  0.000e+00
     20.672    10.3934   3.581058    32.3149        589     2.4500  0.000e+00
     20.572    10.4226   3.582528    32.3038        590     2.4542  0.000e+00
     20.480    10.4452   3.585189    32.3105        591     2.4583  0.000e+00
     20.372    10.4676   3.587940    32.3181        592     2.4625  0.000e+00
     20.273    10.4970   3.591306    32.3258        593     2.4667  0.000e+00
     20.164    10.5307   3.593028    32.3131        594     2.4708  0.000e+00
     20.058    10.5631   3.597370    32.3278        595     2.4750  0.000e+00
     19.946    10.6007   3.598894    32.3098        596     2.4792  0.000e+00
     19.835    10.6369   3.600707    32.2959        597     2.4833  0.000e+00
     19.722    10.6670   3.601770    32.2799        598     2.4875  0.000e+00
     19.617    10.6929   3.602142    32.2608        599     2.4917  0.000e+00
     19.509    10.7112   3.603295    32.2561        600     2.4958  0.000e+00
     19.403    10.7271   3.604731    32.2564        601     2.5000  0.000e+00
     19.305    10.7425   3.604731    32.2429        602     2.5042  0.000e+00
     19.209    10.7544   3.605064    32.2357        603     2.5083  0.000e+00
     19.124    10.7627   3.607077    32.2485        604     2.5125  0.000e+00
     19.049    10.7748   3.608411    32.2511        605     2.5167  0.000e+00
     18.979    10.7906   3.608744    32.2405        606     2.5208  0.000e+00
     18.908    10.8045   3.609187    32.2327        607     2.5250  0.000e+00
     18.837    10.8149   3.608962    32.2214        608     2.5292  0.000e+00
     18.765    10.8211   3.609918    32.2254        609     2.5333  0.000e+00
     18.698    10.8277   3.610694    32.2273        610     2.5375  0.000e+00
     18.614    10.8359   3.612202    32.2351        611     2.5417  0.000e+00
     18.547    10.8486   3.612375    32.2257        612     2.5458  0.000e+00
     18.484    10.8603   3.613555    32.2271        613     2.5500  0.000e+00
     18.426    10.8713   3.616662    32.2483        614     2.5542  0.000e+00
     18.366    10.8912   3.616687    32.2310        615     2.5583  0.000e+00
     18.306    10.9109   3.617496    32.2217        616     2.5625  0.000e+00
     18.247    10.9243   3.618240    32.2174        617     2.5667  0.000e+00
     18.173    10.9373   3.617906    32.2027        618     2.5708  0.000e+00
     18.102    10.9453   3.617797    32.1946        619     2.5750  0.000e+00
     18.014    10.9487   3.618041    32.1940        620     2.5792  0.000e+00
     17.924    10.9511   3.618349    32.1950        621     2.5833  0.000e+00
     17.829    10.9538   3.618105    32.1902        622     2.5875  0.000e+00
     17.730    10.9554   3.618240    32.1902        623     2.5917  0.000e+00
     17.627    10.9565   3.619017    32.1970        624     2.5958  0.000e+00
     17.529    10.9599   3.619132    32.1952        625     2.6000  0.000e+00
