HB2503/sbe042.cnv
* Sea-Bird SBE 19plus V2 Data File:
* FileName = C:\cruise\data\sbe042.hex
* Software Version Seasave V 7.26.7.121
* Temperature SN = 6128
* Conductivity SN = 6128
* System UpLoad Time = Jun 01 2025 02:26:42
* NMEA Latitude = 41 03.26 N
* NMEA Longitude = 071 03.88 W
* NMEA UTC (Time) = Jun 01 2025  02:24:55
** Ship: Henry Bigelow
** Cruise:  HB2502
** Program:  Spring Bottom Trawl
# nquan = 7
# nvalues = 1389                                  
# units = specified
# name 0 = depSM: Depth [salt water, m]
# name 1 = tv290C: Temperature [ITS-90, deg C]
# name 2 = c0S/m: Conductivity [S/m]
# name 3 = sal00: Salinity, Practical [PSU]
# name 4 = scan: Scan Count
# name 5 = timeM: Time, Elapsed [minutes]
# name 6 = flag:  0.000e+00
# span 0 =     -0.148,     28.534                 
# span 1 =     9.0270,    12.5505                 
# span 2 =   0.006360,   3.763164                 
# span 3 =     0.0414,    32.8979                 
# span 4 =         11,       1399                 
# span 5 =     0.0417,     5.8250                 
# span 6 = 0.0000e+00, 0.0000e+00                 
# interval = seconds: 0.25
# start_time = Jun 01 2025 02:24:55 [NMEA time, header]
# bad_flag = -9.990e-29
*END*
[from data line 411]
     20.821     9.1182   3.483991    32.4736        422     1.7542  0.000e+00
     20.745     9.0908   3.483422    32.4928        423     1.7583  0.000e+00
     20.658     9.0729   3.483188    32.5067        424     1.7625  0.000e+00
     20.568     9.0615   3.483004    32.5153        425     1.7667  0.000e+00
     20.479     9.0543   3.482872    32.5205        426     1.7708  0.000e+00
     20.410     9.0500   3.482783    32.5235        427     1.7750  0.000e+00
     20.367     9.0468   3.482764    32.5264        428     1.7792  0.000e+00
     20.354     9.0445   3.482777    32.5285        429     1.7833  0.000e+00
     20.360     9.0432   3.483043    32.5325        430     1.7875  0.000e+00
     20.410     9.0430   3.483251    32.5348        431     1.7917  0.000e+00
     20.500     9.0442   3.482872    32.5297        432     1.7958  0.000e+00
     20.627     9.0442   3.482644    32.5273        433     1.8000  0.000e+00
     20.786     9.0433   3.482701    32.5287        434     1.8042  0.000e+00
     20.974     9.0430   3.482828    32.5302        435     1.8083  0.000e+00
     21.185     9.0429   3.482853    32.5304        436     1.8125  0.000e+00
     21.413     9.0434   3.482847    32.5298        437     1.8167  0.000e+00
     21.649     9.0443   3.483062    32.5311        438     1.8208  0.000e+00
     21.894     9.0455   3.482936    32.5286        439     1.8250  0.000e+00
     22.142     9.0464   3.482936    32.5277        440     1.8292  0.000e+00
     22.384     9.0473   3.483163    32.5291        441     1.8333  0.000e+00
     22.640     9.0480   3.482873    32.5253        442     1.8375  0.000e+00
     22.886     9.0478   3.482658    32.5232        443     1.8417  0.000e+00
     23.094     9.0468   3.482594    32.5233        444     1.8458  0.000e+00
     23.279     9.0459   3.482512    32.5233        445     1.8500  0.000e+00
     23.425     9.0448   3.482512    32.5241        446     1.8542  0.000e+00
     23.543     9.0439   3.482468    32.5244        447     1.8583  0.000e+00
     23.635     9.0434   3.482361    32.5238        448     1.8625  0.000e+00
     23.704     9.0427   3.482310    32.5238        449     1.8667  0.000e+00
     23.749     9.0419   3.482297    32.5245        450     1.8708  0.000e+00
     23.775     9.0414   3.482279    32.5247        451     1.8750  0.000e+00
     23.774     9.0410   3.482253    32.5248        452     1.8792  0.000e+00
     23.749     9.0408   3.482089    32.5232        453     1.8833  0.000e+00
     23.720     9.0404   3.482019    32.5230        454     1.8875  0.000e+00
     23.684     9.0399   3.481937    32.5226        455     1.8917  0.000e+00
     23.637     9.0391   3.481886    32.5228        456     1.8958  0.000e+00
     23.591     9.0383   3.481874    32.5234        457     1.9000  0.000e+00
     23.550     9.0380   3.481893    32.5239        458     1.9042  0.000e+00
     23.510     9.0378   3.481855    32.5237        459     1.9083  0.000e+00
     23.477     9.0376   3.481886    32.5242        460     1.9125  0.000e+00
     23.461     9.0376   3.481893    32.5243        461     1.9167  0.000e+00
     23.468     9.0378   3.481937    32.5246        462     1.9208  0.000e+00
     23.482     9.0381   3.482089    32.5259        463     1.9250  0.000e+00
     23.535     9.0387   3.482044    32.5249        464     1.9292  0.000e+00
     23.607     9.0392   3.481956    32.5235        465     1.9333  0.000e+00
     23.705     9.0392   3.481893    32.5227        466     1.9375  0.000e+00
     23.830     9.0391   3.481811    32.5219        467     1.9417  0.000e+00
     23.980     9.0387   3.481861    32.5228        468     1.9458  0.000e+00
     24.141     9.0384   3.481937    32.5238        469     1.9500  0.000e+00
     24.326     9.0384   3.481956    32.5238        470     1.9542  0.000e+00
     24.519     9.0388   3.481855    32.5223        471     1.9583  0.000e+00
     24.718     9.0387   3.481843    32.5222        472     1.9625  0.000e+00
     24.922     9.0384   3.481811    32.5221        473     1.9667  0.000e+00
     25.126     9.0382   3.481792    32.5219        474     1.9708  0.000e+00
     25.336     9.0379   3.481830    32.5225        475     1.9750  0.000e+00
     25.543     9.0379   3.481818    32.5223        476     1.9792  0.000e+00
     25.746     9.0379   3.481792    32.5219        477     1.9833  0.000e+00
     25.923     9.0379   3.481767    32.5216        478     1.9875  0.000e+00
     26.072     9.0377   3.481729    32.5213        479     1.9917  0.000e+00
     26.180     9.0374   3.481704    32.5213        480     1.9958  0.000e+00
     26.253     9.0370   3.481660    32.5211        481     2.0000  0.000e+00
     26.274     9.0370   3.481685    32.5214        482     2.0042  0.000e+00
     26.296     9.0366   3.481729    32.5222        483     2.0083  0.000e+00
     26.292     9.0366   3.481641    32.5214        484     2.0125  0.000e+00
     26.271     9.0365   3.481559    32.5206        485     2.0167  0.000e+00
     26.224     9.0361   3.481514    32.5205        486     2.0208  0.000e+00
     26.183     9.0357   3.481464    32.5204        487     2.0250  0.000e+00
     26.146     9.0353   3.481426    32.5204        488     2.0292  0.000e+00
     26.128     9.0348   3.481426    32.5208        489     2.0333  0.000e+00
     26.127     9.0346   3.481451    32.5212        490     2.0375  0.000e+00
     26.143     9.0345   3.481527    32.5221        491     2.0417  0.000e+00
     26.186     9.0349   3.481641    32.5230        492     2.0458  0.000e+00
     26.262     9.0353   3.481622    32.5223        493     2.0500  0.000e+00
     26.354     9.0357   3.481559    32.5213        494     2.0542  0.000e+00
     26.479     9.0358   3.481508    32.5206        495     2.0583  0.000e+00
     26.613     9.0357   3.481533    32.5209        496     2.0625  0.000e+00
     26.754     9.0356   3.481533    32.5209        497     2.0667  0.000e+00
     26.909     9.0355   3.481597    32.5216        498     2.0708  0.000e+00
     27.069     9.0356   3.481616    32.5216        499     2.0750  0.000e+00
     27.231     9.0359   3.481559    32.5206        500     2.0792  0.000e+00
     27.389     9.0359   3.481534    32.5203        501     2.0833  0.000e+00
     27.537     9.0358   3.481553    32.5206        502     2.0875  0.000e+00
     27.670     9.0359   3.481559    32.5205        503     2.0917  0.000e+00
     27.789     9.0358   3.481578    32.5207        504     2.0958  0.000e+00
     27.894     9.0359   3.481559    32.5204        505     2.1000  0.000e+00
     27.990     9.0358   3.481572    32.5205        506     2.1042  0.000e+00
     28.071     9.0357   3.481534    32.5202        507     2.1083  0.000e+00
     28.149     9.0356   3.481490    32.5198        508     2.1125  0.000e+00
     28.225     9.0355   3.481471    32.5197        509     2.1167  0.000e+00
     28.294     9.0352   3.481464    32.5199        510     2.1208  0.000e+00
     28.361     9.0351   3.481452    32.5198        511     2.1250  0.000e+00
     28.430     9.0349   3.481490    32.5203        512     2.1292  0.000e+00
     28.502     9.0349   3.481534    32.5208        513     2.1333  0.000e+00
     28.529     9.0352   3.481509    32.5202        514     2.1375  0.000e+00
     28.534     9.0353   3.481471    32.5197        515     2.1417  0.000e+00
     28.489     9.0354   3.481363    32.5185        516     2.1458  0.000e+00
     28.439     9.0353   3.481300    32.5180        517     2.1500  0.000e+00
     28.390     9.0346   3.481281    32.5185        518     2.1542  0.000e+00
     28.346     9.0343   3.481281    32.5188        519     2.1583  0.000e+00
     28.286     9.0341   3.481281    32.5190        520     2.1625  0.000e+00
     28.225     9.0339   3.481256    32.5189        521     2.1667  0.000e+00
     28.165     9.0338   3.481281    32.5193        522     2.1708  0.000e+00
     28.118     9.0337   3.481300    32.5196        523     2.1750  0.000e+00
     28.076     9.0338   3.481325    32.5198        524     2.1792  0.000e+00
     28.038     9.0340   3.481306    32.5194        525     2.1833  0.000e+00
     27.995     9.0341   3.481325    32.5195        526     2.1875  0.000e+00
     27.962     9.0343   3.481325    32.5194        527     2.1917  0.000e+00
     27.944     9.0343   3.481344    32.5196        528     2.1958  0.000e+00
     27.934     9.0344   3.481350    32.5196        529     2.2000  0.000e+00
     27.946     9.0345   3.481363    32.5196        530     2.2042  0.000e+00
     27.966     9.0346   3.481363    32.5195        531     2.2083  0.000e+00
     28.000     9.0348   3.481452    32.5202        532     2.2125  0.000e+00
     28.044     9.0349   3.481509    32.5207        533     2.2167  0.000e+00
     28.080     9.0355   3.481515    32.5202        534     2.2208  0.000e+00
     28.120     9.0359   3.481515    32.5198        535     2.2250  0.000e+00
     28.138     9.0363   3.481490    32.5192        536     2.2292  0.000e+00
     28.143     9.0364   3.481483    32.5191        537     2.2333  0.000e+00
     28.121     9.0363   3.481407    32.5183        538     2.2375  0.000e+00
     28.071     9.0362   3.481325    32.5176        539     2.2417  0.000e+00
     27.984     9.0357   3.481256    32.5174        540     2.2458  0.000e+00
     27.870     9.0352   3.481237    32.5177        541     2.2500  0.000e+00
     27.745     9.0347   3.481218    32.5180        542     2.2542  0.000e+00
     27.595     9.0345   3.481236    32.5185        543     2.2583  0.000e+00
     27.432     9.0344   3.481192    32.5181        544     2.2625  0.000e+00
     27.278     9.0344   3.481236    32.5187        545     2.2667  0.000e+00
     27.126     9.0343   3.481217    32.5186        546     2.2708  0.000e+00
     26.981     9.0342   3.481192    32.5186        547     2.2750  0.000e+00
     26.850     9.0340   3.481173    32.5186        548     2.2792  0.000e+00
     26.745     9.0339   3.481154    32.5185        549     2.2833  0.000e+00
     26.658     9.0337   3.481192    32.5191        550     2.2875  0.000e+00
     26.592     9.0340   3.481154    32.5186        551     2.2917  0.000e+00
     26.558     9.0338   3.481173    32.5189        552     2.2958  0.000e+00
     26.547     9.0339   3.481192    32.5190        553     2.3000  0.000e+00
     26.547     9.0340   3.481192    32.5190        554     2.3042  0.000e+00
     26.574     9.0341   3.481255    32.5194        555     2.3083  0.000e+00
     26.607     9.0344   3.481261    32.5193        556     2.3125  0.000e+00
     26.654     9.0347   3.481236    32.5187        557     2.3167  0.000e+00
     26.702     9.0347   3.481236    32.5186        558     2.3208  0.000e+00
     26.760     9.0348   3.481217    32.5184        559     2.3250  0.000e+00
     26.815     9.0346   3.481217    32.5186        560     2.3292  0.000e+00
     26.861     9.0346   3.481217    32.5185        561     2.3333  0.000e+00
     26.889     9.0346   3.481236    32.5187        562     2.3375  0.000e+00
     26.893     9.0344   3.481255    32.5190        563     2.3417  0.000e+00
     26.866     9.0347   3.481192    32.5182        564     2.3458  0.000e+00
     26.808     9.0347   3.481154    32.5178        565     2.3500  0.000e+00
     26.724     9.0343   3.481129    32.5180        566     2.3542  0.000e+00
     26.626     9.0342   3.481034    32.5171        567     2.3583  0.000e+00
     26.508     9.0337   3.480983    32.5170        568     2.3625  0.000e+00
     26.371     9.0331   3.480920    32.5170        569     2.3667  0.000e+00
     26.229     9.0325   3.480939    32.5178        570     2.3708  0.000e+00
     26.083     9.0321   3.480926    32.5181        571     2.3750  0.000e+00
     25.931     9.0319   3.480939    32.5185        572     2.3792  0.000e+00
     25.779     9.0319   3.480920    32.5184        573     2.3833  0.000e+00
     25.638     9.0318   3.480920    32.5185        574     2.3875  0.000e+00
     25.519     9.0320   3.480926    32.5185        575     2.3917  0.000e+00
     25.426     9.0318   3.480958    32.5190        576     2.3958  0.000e+00
     25.356     9.0320   3.480958    32.5188        577     2.4000  0.000e+00
     25.321     9.0321   3.480958    32.5187        578     2.4042  0.000e+00
     25.321     9.0324   3.480945    32.5184        579     2.4083  0.000e+00
     25.339     9.0324   3.480958    32.5185        580     2.4125  0.000e+00
     25.368     9.0326   3.481002    32.5188        581     2.4167  0.000e+00
     25.411     9.0326   3.481065    32.5194        582     2.4208  0.000e+00
     25.447     9.0330   3.481084    32.5192        583     2.4250  0.000e+00
     25.489     9.0335   3.481109    32.5190        584     2.4292  0.000e+00
     25.522     9.0336   3.481109    32.5189        585     2.4333  0.000e+00
     25.538     9.0339   3.481065    32.5182        586     2.4375  0.000e+00
     25.543     9.0338   3.481033    32.5179        587     2.4417  0.000e+00
     25.537     9.0340   3.481002    32.5175        588     2.4458  0.000e+00
     25.510     9.0335   3.480920    32.5170        589     2.4500  0.000e+00
     25.469     9.0333   3.480901    32.5170        590     2.4542  0.000e+00
     25.410     9.0329   3.480920    32.5177        591     2.4583  0.000e+00
     25.334     9.0327   3.480875    32.5174        592     2.4625  0.000e+00
     25.249     9.0326   3.480894    32.5177        593     2.4667  0.000e+00
     25.141     9.0324   3.480856    32.5176        594     2.4708  0.000e+00
     25.028     9.0323   3.480856    32.5177        595     2.4750  0.000e+00
     24.902     9.0323   3.480919    32.5184        596     2.4792  0.000e+00
     24.764     9.0323   3.480894    32.5182        597     2.4833  0.000e+00
     24.621     9.0323   3.480768    32.5169        598     2.4875  0.000e+00
     24.476     9.0319   3.480685    32.5165        599     2.4917  0.000e+00
     24.326     9.0312   3.480856    32.5190        600     2.4958  0.000e+00
     24.183     9.0312   3.480856    32.5190        601     2.5000  0.000e+00
     24.044     9.0317   3.480812    32.5183        602     2.5042  0.000e+00
     23.910     9.0317   3.480767    32.5178        603     2.5083  0.000e+00
     23.787     9.0315   3.480831    32.5187        604     2.5125  0.000e+00
     23.676     9.0317   3.480812    32.5184        605     2.5167  0.000e+00
     23.592     9.0319   3.480812    32.5182        606     2.5208  0.000e+00
     23.511     9.0321   3.480793    32.5179        607     2.5250  0.000e+00
     23.456     9.0320   3.480793    32.5180        608     2.5292  0.000e+00
     23.422     9.0320   3.480723    32.5173        609     2.5333  0.000e+00
     23.404     9.0314   3.480660    32.5172        610     2.5375  0.000e+00
     23.402     9.0309   3.480641    32.5174        611     2.5417  0.000e+00
     23.407     9.0306   3.480641    32.5177        612     2.5458  0.000e+00
     23.430     9.0305   3.480634    32.5177        613     2.5500  0.000e+00
     23.460     9.0301   3.480641    32.5181        614     2.5542  0.000e+00
     23.502     9.0300   3.480723    32.5191        615     2.5583  0.000e+00
     23.543     9.0300   3.480723    32.5191        616     2.5625  0.000e+00
     23.583     9.0303   3.480698    32.5185        617     2.5667  0.000e+00
     23.617     9.0304   3.480704    32.5184        618     2.5708  0.000e+00
     23.644     9.0304   3.480641    32.5178        619     2.5750  0.000e+00
     23.670     9.0301   3.480559    32.5172        620     2.5792  0.000e+00
     23.679     9.0297   3.480546    32.5174        621     2.5833  0.000e+00
     23.671     9.0294   3.480533    32.5176        622     2.5875  0.000e+00
     23.641     9.0288   3.480451    32.5173        623     2.5917  0.000e+00
     23.588     9.0284   3.480470    32.5179        624     2.5958  0.000e+00
     23.525     9.0281   3.480457    32.5180        625     2.6000  0.000e+00
