HB2503/sbe032.cnv
* Sea-Bird SBE 19plus V2 Data File:
* FileName = C:\cruise\data\sbe032.hex
* Software Version Seasave V 7.26.7.121
* Temperature SN = 6128
* Conductivity SN = 6128
* System UpLoad Time = May 30 2025 21:15:57
* NMEA Latitude = 39 39.92 N
* NMEA Longitude = 073 46.30 W
* NMEA UTC (Time) = May 30 2025  21:14:09
** Ship: Henry Bigelow
** Cruise:  HB2502
** Program:  Spring Bottom Trawl
# nquan = 7
# nvalues = 1527                                  
# units = specified
# name 0 = depSM: Depth [salt water, m]
# name 1 = tv290C: Temperature [ITS-90, deg C]
# name 2 = c0S/m: Conductivity [S/m]
# name 3 = sal00: Salinity, Practical [PSU]
# name 4 = scan: Scan Count
# name 5 = timeM: Time, Elapsed [minutes]
# name 6 = flag:  0.000e+00
# span 0 =     -0.234,     15.606                 
# span 1 =    11.3780,    16.7452                 
# span 2 =   0.007874,   3.978616                 
# span 3 =     0.0472,    32.2118                 
# span 4 =         11,       1537                 
# span 5 =     0.0417,     6.4000                 
# span 6 = 0.0000e+00, 0.0000e+00                 
# interval = seconds: 0.25
# start_time = May 30 2025 21:14:09 [NMEA time, header]
# bad_flag = -9.990e-29
*END*
     -0.102    16.7252   0.008204     0.0489         11     0.0417  0.000e+00
     -0.106    16.7258   0.008213     0.0490         12     0.0458  0.000e+00
     -0.102    16.7261   0.008225     0.0490         13     0.0500  0.000e+00
     -0.102    16.7264   0.008231     0.0491         14     0.0542  0.000e+00
     -0.104    16.7271   0.008231     0.0491         15     0.0583  0.000e+00
     -0.102    16.7275   0.008237     0.0491         16     0.0625  0.000e+00
     -0.100    16.7277   0.008255     0.0492         17     0.0667  0.000e+00
     -0.100    16.7279   0.008246     0.0491         18     0.0708  0.000e+00
     -0.105    16.7284   0.008249     0.0492         19     0.0750  0.000e+00
     -0.102    16.7288   0.008258     0.0492         20     0.0792  0.000e+00
     -0.103    16.7292   0.008264     0.0492         21     0.0833  0.000e+00
     -0.100    16.7290   0.008276     0.0493         22     0.0875  0.000e+00
     -0.100    16.7296   0.008270     0.0493         23     0.0917  0.000e+00
     -0.103    16.7296   0.008282     0.0493         24     0.0958  0.000e+00
     -0.101    16.7306   0.008282     0.0493         25     0.1000  0.000e+00
     -0.097    16.7308   0.008294     0.0494         26     0.1042  0.000e+00
     -0.096    16.7309   0.008300     0.0494         27     0.1083  0.000e+00
     -0.101    16.7311   0.008297     0.0494         28     0.1125  0.000e+00
     -0.101    16.7311   0.008303     0.0494         29     0.1167  0.000e+00
     -0.101    16.7313   0.008309     0.0495         30     0.1208  0.000e+00
     -0.096    16.7318   0.008300     0.0494         31     0.1250  0.000e+00
     -0.103    16.7326   0.008288     0.0494         32     0.1292  0.000e+00
     -0.103    16.7326   0.008294     0.0494         33     0.1333  0.000e+00
     -0.105    16.7328   0.008297     0.0494         34     0.1375  0.000e+00
     -0.102    16.7329   0.008303     0.0494         35     0.1417  0.000e+00
     -0.102    16.7335   0.008303     0.0494         36     0.1458  0.000e+00
     -0.105    16.7332   0.008291     0.0494         37     0.1500  0.000e+00
     -0.106    16.7336   0.008282     0.0493         38     0.1542  0.000e+00
     -0.106    16.7346   0.008288     0.0494         39     0.1583  0.000e+00
     -0.109    16.7348   0.008285     0.0493         40     0.1625  0.000e+00
     -0.108    16.7350   0.008294     0.0494         41     0.1667  0.000e+00
     -0.106    16.7350   0.008282     0.0493         42     0.1708  0.000e+00
     -0.106    16.7352   0.008282     0.0493         43     0.1750  0.000e+00
     -0.103    16.7355   0.008282     0.0493         44     0.1792  0.000e+00
     -0.107    16.7362   0.008270     0.0493         45     0.1833  0.000e+00
     -0.107    16.7363   0.008276     0.0493         46     0.1875  0.000e+00
     -0.107    16.7359   0.008276     0.0493         47     0.1917  0.000e+00
     -0.106    16.7372   0.008270     0.0493         48     0.1958  0.000e+00
     -0.106    16.7376   0.008264     0.0492         49     0.2000  0.000e+00
     -0.105    16.7376   0.008264     0.0492         50     0.2042  0.000e+00
     -0.107    16.7374   0.008261     0.0492         51     0.2083  0.000e+00
     -0.111    16.7370   0.008258     0.0492         52     0.2125  0.000e+00
     -0.105    16.7379   0.008252     0.0492         53     0.2167  0.000e+00
     -0.107    16.7384   0.008261     0.0492         54     0.2208  0.000e+00
     -0.105    16.7383   0.008258     0.0492         55     0.2250  0.000e+00
     -0.103    16.7383   0.008246     0.0491         56     0.2292  0.000e+00
     -0.105    16.7389   0.008249     0.0491         57     0.2333  0.000e+00
     -0.109    16.7389   0.008252     0.0492         58     0.2375  0.000e+00
     -0.108    16.7391   0.008240     0.0491         59     0.2417  0.000e+00
     -0.112    16.7396   0.008240     0.0491         60     0.2458  0.000e+00
     -0.109    16.7401   0.008237     0.0491         61     0.2500  0.000e+00
     -0.106    16.7401   0.008240     0.0491         62     0.2542  0.000e+00
     -0.107    16.7408   0.008237     0.0491         63     0.2583  0.000e+00
     -0.108    16.7410   0.008237     0.0491         64     0.2625  0.000e+00
     -0.107    16.7408   0.008231     0.0490         65     0.2667  0.000e+00
     -0.107    16.7411   0.008225     0.0490         66     0.2708  0.000e+00
     -0.109    16.7412   0.008231     0.0490         67     0.2750  0.000e+00
     -0.111    16.7415   0.008225     0.0490         68     0.2792  0.000e+00
     -0.111    16.7411   0.008225     0.0490         69     0.2833  0.000e+00
     -0.111    16.7414   0.008231     0.0490         70     0.2875  0.000e+00
     -0.109    16.7414   0.008216     0.0490         71     0.2917  0.000e+00
     -0.109    16.7421   0.008213     0.0489         72     0.2958  0.000e+00
     -0.113    16.7420   0.008213     0.0489         73     0.3000  0.000e+00
     -0.109    16.7429   0.008216     0.0490         74     0.3042  0.000e+00
     -0.113    16.7424   0.008219     0.0490         75     0.3083  0.000e+00
     -0.111    16.7427   0.008219     0.0490         76     0.3125  0.000e+00
     -0.115    16.7428   0.008204     0.0489         77     0.3167  0.000e+00
     -0.111    16.7430   0.008201     0.0489         78     0.3208  0.000e+00
     -0.108    16.7435   0.008207     0.0489         79     0.3250  0.000e+00
     -0.114    16.7432   0.008210     0.0489         80     0.3292  0.000e+00
     -0.114    16.7434   0.008207     0.0489         81     0.3333  0.000e+00
     -0.111    16.7433   0.008204     0.0489         82     0.3375  0.000e+00
     -0.108    16.7431   0.008201     0.0489         83     0.3417  0.000e+00
     -0.112    16.7435   0.008201     0.0489         84     0.3458  0.000e+00
     -0.112    16.7442   0.008201     0.0489         85     0.3500  0.000e+00
     -0.110    16.7442   0.008195     0.0489         86     0.3542  0.000e+00
     -0.112    16.7442   0.008195     0.0489         87     0.3583  0.000e+00
     -0.109    16.7434   0.008204     0.0489         88     0.3625  0.000e+00
     -0.113    16.7430   0.008201     0.0489         89     0.3667  0.000e+00
     -0.115    16.7435   0.008189     0.0488         90     0.3708  0.000e+00
     -0.115    16.7446   0.008195     0.0489         91     0.3750  0.000e+00
     -0.115    16.7446   0.008189     0.0488         92     0.3792  0.000e+00
     -0.115    16.7445   0.008195     0.0489         93     0.3833  0.000e+00
     -0.114    16.7446   0.008201     0.0489         94     0.3875  0.000e+00
     -0.112    16.7440   0.008195     0.0489         95     0.3917  0.000e+00
     -0.112    16.7442   0.008189     0.0488         96     0.3958  0.000e+00
     -0.113    16.7442   0.008183     0.0488         97     0.4000  0.000e+00
     -0.115    16.7440   0.008183     0.0488         98     0.4042  0.000e+00
     -0.118    16.7441   0.008189     0.0488         99     0.4083  0.000e+00
     -0.116    16.7445   0.008195     0.0489        100     0.4125  0.000e+00
     -0.118    16.7450   0.008189     0.0488        101     0.4167  0.000e+00
     -0.116    16.7447   0.008183     0.0488        102     0.4208  0.000e+00
     -0.111    16.7452   0.008174     0.0487        103     0.4250  0.000e+00
     -0.111    16.7438   0.008183     0.0488        104     0.4292  0.000e+00
     -0.113    16.7449   0.008183     0.0488        105     0.4333  0.000e+00
     -0.111    16.7432   0.008180     0.0488        106     0.4375  0.000e+00
     -0.114    16.7441   0.008183     0.0488        107     0.4417  0.000e+00
     -0.113    16.7442   0.008174     0.0487        108     0.4458  0.000e+00
     -0.107    16.7442   0.008183     0.0488        109     0.4500  0.000e+00
     -0.113    16.7439   0.008180     0.0488        110     0.4542  0.000e+00
     -0.113    16.7440   0.008174     0.0487        111     0.4583  0.000e+00
     -0.111    16.7440   0.008174     0.0487        112     0.4625  0.000e+00
     -0.110    16.7442   0.008183     0.0488        113     0.4667  0.000e+00
     -0.113    16.7443   0.008180     0.0488        114     0.4708  0.000e+00
     -0.111    16.7443   0.008183     0.0488        115     0.4750  0.000e+00
     -0.115    16.7438   0.008174     0.0487        116     0.4792  0.000e+00
     -0.111    16.7438   0.008174     0.0487        117     0.4833  0.000e+00
     -0.119    16.7432   0.008174     0.0487        118     0.4875  0.000e+00
     -0.118    16.7435   0.008168     0.0487        119     0.4917  0.000e+00
     -0.116    16.7432   0.008189     0.0488        120     0.4958  0.000e+00
     -0.114    16.7436   0.008195     0.0489        121     0.5000  0.000e+00
     -0.115    16.7425   0.008189     0.0488        122     0.5042  0.000e+00
     -0.117    16.7432   0.008201     0.0489        123     0.5083  0.000e+00
     -0.119    16.7429   0.008207     0.0489        124     0.5125  0.000e+00
     -0.115    16.7429   0.008225     0.0490        125     0.5167  0.000e+00
     -0.130    16.7438   0.008240     0.0491        126     0.5208  0.000e+00
     -0.114    16.7431   0.008252     0.0492        127     0.5250  0.000e+00
     -0.110    16.7436   0.008267     0.0492        128     0.5292  0.000e+00
     -0.117    16.7429   0.008270     0.0493        129     0.5333  0.000e+00
     -0.122    16.7426   0.008246     0.0491        130     0.5375  0.000e+00
     -0.124    16.7431   0.008249     0.0491        131     0.5417  0.000e+00
     -0.117    16.7434   0.008264     0.0492        132     0.5458  0.000e+00
     -0.116    16.7423   0.008258     0.0492        133     0.5500  0.000e+00
     -0.118    16.7413   0.008267     0.0492        134     0.5542  0.000e+00
     -0.112    16.7420   0.008258     0.0492        135     0.5583  0.000e+00
     -0.113    16.7414   0.008270     0.0493        136     0.5625  0.000e+00
     -0.114    16.7408   0.008276     0.0493        137     0.5667  0.000e+00
     -0.116    16.7405   0.008270     0.0493        138     0.5708  0.000e+00
     -0.114    16.7406   0.008264     0.0492        139     0.5750  0.000e+00
     -0.115    16.7404   0.008267     0.0492        140     0.5792  0.000e+00
     -0.117    16.7406   0.008264     0.0492        141     0.5833  0.000e+00
     -0.121    16.7400   0.008270     0.0493        142     0.5875  0.000e+00
     -0.119    16.7405   0.008270     0.0493        143     0.5917  0.000e+00
     -0.114    16.7398   0.008270     0.0493        144     0.5958  0.000e+00
     -0.120    16.7399   0.008267     0.0492        145     0.6000  0.000e+00
     -0.122    16.7394   0.008264     0.0492        146     0.6042  0.000e+00
     -0.120    16.7394   0.008270     0.0493        147     0.6083  0.000e+00
     -0.118    16.7397   0.008267     0.0492        148     0.6125  0.000e+00
     -0.117    16.7403   0.008270     0.0493        149     0.6167  0.000e+00
     -0.125    16.7395   0.008252     0.0492        150     0.6208  0.000e+00
     -0.121    16.7397   0.008246     0.0491        151     0.6250  0.000e+00
     -0.119    16.7401   0.008246     0.0491        152     0.6292  0.000e+00
     -0.123    16.7391   0.008252     0.0492        153     0.6333  0.000e+00
     -0.119    16.7392   0.008261     0.0492        154     0.6375  0.000e+00
     -0.121    16.7391   0.008252     0.0492        155     0.6417  0.000e+00
     -0.118    16.7387   0.008252     0.0492        156     0.6458  0.000e+00
     -0.118    16.7376   0.008249     0.0491        157     0.6500  0.000e+00
     -0.121    16.7382   0.008252     0.0492        158     0.6542  0.000e+00
     -0.123    16.7368   0.008258     0.0492        159     0.6583  0.000e+00
     -0.120    16.7371   0.008255     0.0492        160     0.6625  0.000e+00
     -0.120    16.7364   0.008264     0.0492        161     0.6667  0.000e+00
     -0.118    16.7363   0.008252     0.0492        162     0.6708  0.000e+00
     -0.122    16.7353   0.008249     0.0491        163     0.6750  0.000e+00
     -0.124    16.7346   0.008246     0.0491        164     0.6792  0.000e+00
     -0.119    16.7346   0.008252     0.0492        165     0.6833  0.000e+00
     -0.123    16.7337   0.008246     0.0491        166     0.6875  0.000e+00
     -0.127    16.7340   0.008240     0.0491        167     0.6917  0.000e+00
     -0.119    16.7340   0.008225     0.0490        168     0.6958  0.000e+00
     -0.121    16.7333   0.008231     0.0491        169     0.7000  0.000e+00
     -0.125    16.7339   0.008225     0.0490        170     0.7042  0.000e+00
     -0.123    16.7331   0.008234     0.0491        171     0.7083  0.000e+00
     -0.126    16.7326   0.008225     0.0490        172     0.7125  0.000e+00
     -0.124    16.7324   0.008219     0.0490        173     0.7167  0.000e+00
     -0.124    16.7329   0.008219     0.0490        174     0.7208  0.000e+00
     -0.122    16.7331   0.008213     0.0490        175     0.7250  0.000e+00
     -0.124    16.7330   0.008213     0.0490        176     0.7292  0.000e+00
     -0.122    16.7323   0.008210     0.0489        177     0.7333  0.000e+00
     -0.120    16.7308   0.008219     0.0490        178     0.7375  0.000e+00
     -0.124    16.7302   0.008213     0.0490        179     0.7417  0.000e+00
     -0.120    16.7298   0.008210     0.0489        180     0.7458  0.000e+00
     -0.120    16.7298   0.008207     0.0489        181     0.7500  0.000e+00
     -0.120    16.7298   0.008207     0.0489        182     0.7542  0.000e+00
     -0.124    16.7297   0.008195     0.0489        183     0.7583  0.000e+00
     -0.126    16.7291   0.008195     0.0489        184     0.7625  0.000e+00
     -0.125    16.7296   0.008183     0.0488        185     0.7667  0.000e+00
     -0.121    16.7294   0.008183     0.0488        186     0.7708  0.000e+00
     -0.123    16.7294   0.008174     0.0487        187     0.7750  0.000e+00
     -0.123    16.7296   0.008180     0.0488        188     0.7792  0.000e+00
     -0.123    16.7302   0.008168     0.0487        189     0.7833  0.000e+00
     -0.131    16.7300   0.008156     0.0487        190     0.7875  0.000e+00
     -0.127    16.7291   0.008153     0.0486        191     0.7917  0.000e+00
     -0.125    16.7285   0.008150     0.0486        192     0.7958  0.000e+00
     -0.129    16.7277   0.008156     0.0487        193     0.8000  0.000e+00
     -0.121    16.7282   0.008138     0.0486        194     0.8042  0.000e+00
     -0.130    16.7274   0.008156     0.0487        195     0.8083  0.000e+00
     -0.127    16.7268   0.008156     0.0487        196     0.8125  0.000e+00
     -0.125    16.7266   0.008144     0.0486        197     0.8167  0.000e+00
     -0.127    16.7267   0.008150     0.0486        198     0.8208  0.000e+00
     -0.121    16.7270   0.008132     0.0485        199     0.8250  0.000e+00
     -0.125    16.7268   0.008129     0.0485        200     0.8292  0.000e+00
     -0.123    16.7267   0.008132     0.0485        201     0.8333  0.000e+00
     -0.123    16.7267   0.008126     0.0485        202     0.8375  0.000e+00
     -0.121    16.7266   0.008123     0.0485        203     0.8417  0.000e+00
     -0.123    16.7262   0.008123     0.0485        204     0.8458  0.000e+00
     -0.124    16.7253   0.008111     0.0484        205     0.8500  0.000e+00
     -0.119    16.7255   0.008117     0.0484        206     0.8542  0.000e+00
     -0.126    16.7257   0.008111     0.0484        207     0.8583  0.000e+00
     -0.126    16.7257   0.008105     0.0484        208     0.8625  0.000e+00
     -0.123    16.7254   0.008093     0.0483        209     0.8667  0.000e+00
     -0.125    16.7255   0.008093     0.0483        210     0.8708  0.000e+00
     -0.123    16.7249   0.008084     0.0483        211     0.8750  0.000e+00
     -0.123    16.7250   0.008075     0.0482        212     0.8792  0.000e+00
     -0.126    16.7247   0.008087     0.0483        213     0.8833  0.000e+00
     -0.126    16.7249   0.008078     0.0482        214     0.8875  0.000e+00
     -0.125    16.7253   0.008081     0.0482        215     0.8917  0.000e+00
