HB2503/sbe047.cnv
* Sea-Bird SBE 19plus V2 Data File:
* FileName = C:\cruise\data\sbe047.hex
* Software Version Seasave V 7.26.7.121
* Temperature SN = 6128
* Conductivity SN = 6128
* System UpLoad Time = Jun 01 2025 12:16:21
* NMEA Latitude = 40 58.51 N
* NMEA Longitude = 070 30.26 W
* NMEA UTC (Time) = Jun 01 2025  12:14:34
** Ship: Henry Bigelow
** Cruise:  HB2502
** Program:  Spring Bottom Trawl
# nquan = 7
# nvalues = 1247                                  
# units = specified
# name 0 = depSM: Depth [salt water, m]
# name 1 = tv290C: Temperature [ITS-90, deg C]
# name 2 = c0S/m: Conductivity [S/m]
# name 3 = sal00: Salinity, Practical [PSU]
# name 4 = scan: Scan Count
# name 5 = timeM: Time, Elapsed [minutes]
# name 6 = flag:  0.000e+00
# span 0 =     -0.008,     41.003                 
# span 1 =     8.8957,    12.1071                 
# span 2 =   0.006096,   3.666298                 
# span 3 =     0.0400,    32.7184                 
# span 4 =         11,       1257                 
# span 5 =     0.0417,     5.2333                 
# span 6 = 0.0000e+00, 0.0000e+00                 
# interval = seconds: 0.25
# start_time = Jun 01 2025 12:14:34 [NMEA time, header]
# bad_flag = -9.990e-29
*END*
      0.026    12.1067   0.006162     0.0404         11     0.0417  0.000e+00
      0.026    12.1071   0.006165     0.0404         12     0.0458  0.000e+00
      0.021    12.1053   0.006153     0.0403         13     0.0500  0.000e+00
      0.019    12.1035   0.006162     0.0404         14     0.0542  0.000e+00
      0.023    12.1033   0.006159     0.0404         15     0.0583  0.000e+00
      0.016    12.1041   0.006159     0.0404         16     0.0625  0.000e+00
      0.016    12.1043   0.006147     0.0403         17     0.0667  0.000e+00
      0.016    12.1030   0.006159     0.0404         18     0.0708  0.000e+00
      0.018    12.1009   0.006153     0.0403         19     0.0750  0.000e+00
      0.012    12.0996   0.006150     0.0403         20     0.0792  0.000e+00
      0.008    12.0993   0.006147     0.0403         21     0.0833  0.000e+00
      0.005    12.0994   0.006147     0.0403         22     0.0875  0.000e+00
      0.010    12.1008   0.006150     0.0403         23     0.0917  0.000e+00
      0.003    12.1022   0.006138     0.0403         24     0.0958  0.000e+00
      0.007    12.1030   0.006138     0.0403         25     0.1000  0.000e+00
      0.001    12.1006   0.006135     0.0402         26     0.1042  0.000e+00
     -0.002    12.0968   0.006147     0.0403         27     0.1083  0.000e+00
      0.001    12.0962   0.006138     0.0403         28     0.1125  0.000e+00
      0.002    12.0972   0.006135     0.0402         29     0.1167  0.000e+00
     -0.000    12.0984   0.006132     0.0402         30     0.1208  0.000e+00
     -0.002    12.0950   0.006132     0.0402         31     0.1250  0.000e+00
      0.000    12.0897   0.006132     0.0402         32     0.1292  0.000e+00
      0.002    12.0873   0.006132     0.0402         33     0.1333  0.000e+00
     -0.002    12.0871   0.006138     0.0403         34     0.1375  0.000e+00
      0.002    12.0878   0.006135     0.0402         35     0.1417  0.000e+00
      0.004    12.0895   0.006132     0.0402         36     0.1458  0.000e+00
      0.002    12.0898   0.006138     0.0403         37     0.1500  0.000e+00
      0.006    12.0902   0.006132     0.0402         38     0.1542  0.000e+00
      0.004    12.0876   0.006138     0.0403         39     0.1583  0.000e+00
      0.006    12.0857   0.006138     0.0403         40     0.1625  0.000e+00
      0.005    12.0859   0.006135     0.0402         41     0.1667  0.000e+00
      0.004    12.0865   0.006126     0.0402         42     0.1708  0.000e+00
      0.006    12.0881   0.006132     0.0402         43     0.1750  0.000e+00
      0.011    12.0891   0.006132     0.0402         44     0.1792  0.000e+00
      0.005    12.0849   0.006120     0.0402         45     0.1833  0.000e+00
      0.003    12.0798   0.006126     0.0402         46     0.1875  0.000e+00
      0.001    12.0791   0.006120     0.0402         47     0.1917  0.000e+00
     -0.000    12.0800   0.006114     0.0401         48     0.1958  0.000e+00
      0.002    12.0816   0.006120     0.0402         49     0.2000  0.000e+00
     -0.003    12.0822   0.006120     0.0402         50     0.2042  0.000e+00
     -0.003    12.0792   0.006114     0.0401         51     0.2083  0.000e+00
     -0.002    12.0743   0.006111     0.0401         52     0.2125  0.000e+00
     -0.003    12.0729   0.006114     0.0401         53     0.2167  0.000e+00
     -0.002    12.0729   0.006108     0.0401         54     0.2208  0.000e+00
     -0.003    12.0744   0.006111     0.0401         55     0.2250  0.000e+00
     -0.008    12.0740   0.006108     0.0401         56     0.2292  0.000e+00
     -0.005    12.0704   0.006114     0.0401         57     0.2333  0.000e+00
     -0.007    12.0694   0.006102     0.0401         58     0.2375  0.000e+00
     -0.001    12.0709   0.006102     0.0401         59     0.2417  0.000e+00
      0.003    12.0716   0.006108     0.0401         60     0.2458  0.000e+00
      0.001    12.0681   0.006105     0.0401         61     0.2500  0.000e+00
     -0.001    12.0604   0.006108     0.0401         62     0.2542  0.000e+00
     -0.003    12.0537   0.006096     0.0400         63     0.2583  0.000e+00
     -0.006    12.0515   0.006102     0.0401         64     0.2625  0.000e+00
     -0.002    12.0519   0.259716     1.8226         65     0.2667  0.000e+00
      0.045    12.0534   3.572550    30.8184         66     0.2708  0.000e+00
      0.247    12.0499   3.666298    31.7212         67     0.2750  0.000e+00
      0.456    12.0071   3.665021    31.7452         68     0.2792  0.000e+00
      0.606    11.9094   3.659293    31.7732         69     0.2833  0.000e+00
      0.675    11.7462   3.646572    31.7896         70     0.2875  0.000e+00
      0.700    11.5732   3.640206    31.8761         71     0.2917  0.000e+00
      0.669    11.4273   3.641572    32.0154         72     0.2958  0.000e+00
      0.690    11.3229   3.651402    32.2025         73     0.3000  0.000e+00
      0.803    11.2568   3.649128    32.2379         74     0.3042  0.000e+00
      0.981    11.2523   3.413253    29.9362         75     0.3083  0.000e+00
      1.182    11.2977   3.352956    29.3144         76     0.3125  0.000e+00
      1.392    11.3549   3.660699    32.2654         77     0.3167  0.000e+00
      1.613    11.3999   3.659525    32.2145         78     0.3208  0.000e+00
      1.822    11.4239   3.656532    32.1642         79     0.3250  0.000e+00
      2.020    11.4297   3.653290    32.1273         80     0.3292  0.000e+00
      2.191    11.3950   3.644219    32.0687         81     0.3333  0.000e+00
      2.350    11.3380   3.639495    32.0719         82     0.3375  0.000e+00
      2.499    11.2750   3.636201    32.0943         83     0.3417  0.000e+00
      2.647    11.2185   3.633725    32.1192         84     0.3458  0.000e+00
      2.793    11.1728   3.631893    32.1409         85     0.3500  0.000e+00
      2.937    11.1353   3.630955    32.1645         86     0.3542  0.000e+00
      3.084    11.1061   3.631090    32.1913         87     0.3583  0.000e+00
      3.252    11.0837   3.631914    32.2189         88     0.3625  0.000e+00
      3.455    11.0674   3.631560    32.2297         89     0.3667  0.000e+00
      3.661    11.0558   3.630821    32.2324         90     0.3708  0.000e+00
      3.853    11.0476   3.630332    32.2348         91     0.3750  0.000e+00
      4.029    11.0417   3.629529    32.2319         92     0.3792  0.000e+00
      4.199    11.0372   3.628995    32.2306         93     0.3833  0.000e+00
      4.358    11.0336   3.629066    32.2343         94     0.3875  0.000e+00
      4.518    11.0304   3.629079    32.2372         95     0.3917  0.000e+00
      4.682    11.0280   3.628481    32.2333         96     0.3958  0.000e+00
      4.842    11.0265   3.628167    32.2314         97     0.4000  0.000e+00
      4.989    11.0253   3.628276    32.2336         98     0.4042  0.000e+00
      5.114    11.0244   3.628212    32.2337         99     0.4083  0.000e+00
      5.225    11.0230   3.628392    32.2366        100     0.4125  0.000e+00
      5.323    11.0217   3.628321    32.2370        101     0.4167  0.000e+00
      5.419    11.0202   3.628501    32.2400        102     0.4208  0.000e+00
      5.509    11.0193   3.628655    32.2423        103     0.4250  0.000e+00
      5.606    11.0190   3.628996    32.2459        104     0.4292  0.000e+00
      5.699    11.0195   3.629305    32.2484        105     0.4333  0.000e+00
      5.795    11.0195   3.629928    32.2546        106     0.4375  0.000e+00
      5.889    11.0199   3.632500    32.2796        107     0.4417  0.000e+00
      5.995    11.0213   3.639590    32.3484        108     0.4458  0.000e+00
      6.109    11.0241   3.641939    32.3691        109     0.4500  0.000e+00
      6.230    11.0276   3.643729    32.3837        110     0.4542  0.000e+00
      6.369    11.0445   3.644296    32.3743        111     0.4583  0.000e+00
      6.515    11.0805   3.644675    32.3462        112     0.4625  0.000e+00
      6.678    11.1148   3.644784    32.3171        113     0.4667  0.000e+00
      6.851    11.1427   3.645389    32.2984        114     0.4708  0.000e+00
      7.019    11.1653   3.645769    32.2823        115     0.4750  0.000e+00
      7.194    11.1807   3.644558    32.2569        116     0.4792  0.000e+00
      7.359    11.1878   3.642453    32.2298        117     0.4833  0.000e+00
      7.518    11.1864   3.640528    32.2120        118     0.4875  0.000e+00
      7.659    11.1710   3.638218    32.2028        119     0.4917  0.000e+00
      7.795    11.1498   3.635716    32.1965        120     0.4958  0.000e+00
      7.923    11.1282   3.633973    32.1983        121     0.5000  0.000e+00
      8.056    11.1087   3.633111    32.2068        122     0.5042  0.000e+00
      8.202    11.0932   3.633079    32.2200        123     0.5083  0.000e+00
      8.352    11.0812   3.633748    32.2370        124     0.5125  0.000e+00
      8.512    11.0731   3.634488    32.2514        125     0.5167  0.000e+00
      8.682    11.0690   3.635112    32.2611        126     0.5208  0.000e+00
      8.856    11.0651   3.634868    32.2620        127     0.5250  0.000e+00
      9.045    11.0590   3.632411    32.2430        128     0.5292  0.000e+00
      9.229    11.0524   3.631363    32.2384        129     0.5333  0.000e+00
      9.410    11.0460   3.630399    32.2345        130     0.5375  0.000e+00
      9.584    11.0403   3.628837    32.2239        131     0.5417  0.000e+00
      9.752    11.0354   3.627435    32.2143        132     0.5458  0.000e+00
      9.922    11.0316   3.626433    32.2077        133     0.5500  0.000e+00
     10.090    11.0285   3.625893    32.2050        134     0.5542  0.000e+00
     10.255    11.0256   3.625514    32.2038        135     0.5583  0.000e+00
     10.404    11.0228   3.625585    32.2068        136     0.5625  0.000e+00
     10.535    11.0195   3.625270    32.2066        137     0.5667  0.000e+00
     10.643    11.0161   3.624981    32.2067        138     0.5708  0.000e+00
     10.727    11.0132   3.625296    32.2122        139     0.5750  0.000e+00
     10.784    11.0114   3.626363    32.2244        140     0.5792  0.000e+00
     10.843    11.0113   3.628439    32.2449        141     0.5833  0.000e+00
     10.906    11.0127   3.633145    32.2902        142     0.5875  0.000e+00
     10.978    11.0136   3.635519    32.3128        143     0.5917  0.000e+00
     11.066    11.0133   3.636703    32.3247        144     0.5958  0.000e+00
     11.164    11.0173   3.637977    32.3338        145     0.6000  0.000e+00
     11.276    11.0350   3.638337    32.3217        146     0.6042  0.000e+00
     11.406    11.0673   3.638356    32.2934        147     0.6083  0.000e+00
     11.553    11.1012   3.637596    32.2561        148     0.6125  0.000e+00
     11.709    11.1304   3.637190    32.2264        149     0.6167  0.000e+00
     11.873    11.1516   3.637107    32.2070        150     0.6208  0.000e+00
     12.044    11.1661   3.637396    32.1971        151     0.6250  0.000e+00
     12.223    11.1753   3.637840    32.1933        152     0.6292  0.000e+00
     12.401    11.1816   3.638426    32.1935        153     0.6333  0.000e+00
     12.581    11.1858   3.637621    32.1818        154     0.6375  0.000e+00
     12.753    11.1874   3.636412    32.1685        155     0.6417  0.000e+00
     12.922    11.1847   3.636032    32.1670        156     0.6458  0.000e+00
     13.092    11.1666   3.633125    32.1542        157     0.6500  0.000e+00
     13.266    11.1400   3.629930    32.1458        158     0.6542  0.000e+00
     13.428    11.1122   3.627526    32.1464        159     0.6583  0.000e+00
     13.600    11.0859   3.626209    32.1564        160     0.6625  0.000e+00
     13.776    11.0614   3.625207    32.1678        161     0.6667  0.000e+00
     13.952    11.0400   3.624211    32.1767        162     0.6708  0.000e+00
     14.142    11.0229   3.623492    32.1845        163     0.6750  0.000e+00
     14.329    11.0093   3.622824    32.1897        164     0.6792  0.000e+00
     14.526    10.9985   3.622201    32.1929        165     0.6833  0.000e+00
     14.718    10.9895   3.621642    32.1953        166     0.6875  0.000e+00
     14.909    10.9809   3.620910    32.1955        167     0.6917  0.000e+00
     15.090    10.9732   3.620217    32.1953        168     0.6958  0.000e+00
     15.261    10.9651   3.619331    32.1936        169     0.7000  0.000e+00
     15.422    10.9563   3.618637    32.1943        170     0.7042  0.000e+00
     15.561    10.9465   3.618104    32.1977        171     0.7083  0.000e+00
     15.678    10.9352   3.617572    32.2022        172     0.7125  0.000e+00
     15.768    10.9231   3.616904    32.2062        173     0.7167  0.000e+00
     15.845    10.9092   3.616063    32.2101        174     0.7208  0.000e+00
     15.905    10.8907   3.615261    32.2184        175     0.7250  0.000e+00
     15.951    10.8702   3.614710    32.2309        176     0.7292  0.000e+00
     15.994    10.8509   3.614466    32.2454        177     0.7333  0.000e+00
     16.034    10.8328   3.614043    32.2572        178     0.7375  0.000e+00
     16.065    10.8146   3.613908    32.2719        179     0.7417  0.000e+00
     16.108    10.7976   3.614178    32.2895        180     0.7458  0.000e+00
     16.163    10.7817   3.615577    32.3174        181     0.7500  0.000e+00
     16.240    10.7713   3.621067    32.3812        182     0.7542  0.000e+00
     16.331    10.7678   3.624343    32.4168        183     0.7583  0.000e+00
     16.443    10.7683   3.626278    32.4355        184     0.7625  0.000e+00
     16.576    10.7905   3.626592    32.4190        185     0.7667  0.000e+00
     16.721    10.8294   3.626438    32.3829        186     0.7708  0.000e+00
     16.891    10.8686   3.626592    32.3498        187     0.7750  0.000e+00
     17.069    10.9029   3.626790    32.3213        188     0.7792  0.000e+00
     17.264    10.9299   3.627189    32.3014        189     0.7833  0.000e+00
     17.467    10.9484   3.627484    32.2880        190     0.7875  0.000e+00
     17.688    10.9592   3.626790    32.2715        191     0.7917  0.000e+00
     17.905    10.9658   3.624515    32.2431        192     0.7958  0.000e+00
     18.137    10.9700   3.622999    32.2243        193     0.8000  0.000e+00
     18.363    10.9472   3.616815    32.1831        194     0.8042  0.000e+00
     18.585    10.8883   3.606588    32.1334        195     0.8083  0.000e+00
     18.791    10.8086   3.600948    32.1474        196     0.8125  0.000e+00
     18.996    10.7213   3.596752    32.1824        197     0.8167  0.000e+00
     19.186    10.6348   3.593667    32.2278        198     0.8208  0.000e+00
     19.364    10.5592   3.590908    32.2671        199     0.8250  0.000e+00
     19.524    10.4951   3.588771    32.3024        200     0.8292  0.000e+00
     19.663    10.4441   3.587191    32.3318        201     0.8333  0.000e+00
     19.770    10.4000   3.585426    32.3532        202     0.8375  0.000e+00
     19.862    10.3608   3.583405    32.3679        203     0.8417  0.000e+00
     19.943    10.3245   3.582331    32.3894        204     0.8458  0.000e+00
     20.017    10.2874   3.580662    32.4057        205     0.8500  0.000e+00
     20.094    10.2500   3.577894    32.4112        206     0.8542  0.000e+00
     20.163    10.2146   3.576182    32.4255        207     0.8583  0.000e+00
     20.236    10.1826   3.576317    32.4555        208     0.8625  0.000e+00
     20.312    10.1574   3.582307    32.5386        209     0.8667  0.000e+00
     20.404    10.1433   3.594621    32.6756        210     0.8708  0.000e+00
     20.509    10.1353   3.598150    32.7184        211     0.8750  0.000e+00
     20.626    10.1568   3.598682    32.7044        212     0.8792  0.000e+00
     20.745    10.2148   3.598527    32.6504        213     0.8833  0.000e+00
     20.881    10.2766   3.598744    32.5969        214     0.8875  0.000e+00
     21.029    10.3289   3.598436    32.5468        215     0.8917  0.000e+00
