HB2503/sbe030.cnv
* Sea-Bird SBE 19plus V2 Data File:
* FileName = C:\cruise\data\sbe030.hex
* Software Version Seasave V 7.26.7.121
* Temperature SN = 6128
* Conductivity SN = 6128
* System UpLoad Time = May 30 2025 19:23:33
* NMEA Latitude = 39 42.41 N
* NMEA Longitude = 073 59.09 W
* NMEA UTC (Time) = May 30 2025  19:21:45
** Ship: Henry Bigelow
** Cruise:  HB2502
** Program:  Spring Bottom Trawl
# nquan = 7
# nvalues = 1591                                  
# units = specified
# name 0 = depSM: Depth [salt water, m]
# name 1 = tv290C: Temperature [ITS-90, deg C]
# name 2 = c0S/m: Conductivity [S/m]
# name 3 = sal00: Salinity, Practical [PSU]
# name 4 = scan: Scan Count
# name 5 = timeM: Time, Elapsed [minutes]
# name 6 = flag:  0.000e+00
# span 0 =     -0.206,     15.817                 
# span 1 =    13.9058,    16.2740                 
# span 2 =   0.007064,   3.815780                 
# span 3 =     0.0431,    31.4076                 
# span 4 =         11,       1601                 
# span 5 =     0.0417,     6.6667                 
# span 6 = 0.0000e+00, 0.0000e+00                 
# interval = seconds: 0.25
# start_time = May 30 2025 19:21:45 [NMEA time, header]
# bad_flag = -9.990e-29
*END*
[from data line 616]
     15.036    13.9618   3.801288    31.3924        627     2.6083  0.000e+00
     15.056    13.9619   3.801412    31.3934        628     2.6125  0.000e+00
     15.076    13.9623   3.801537    31.3943        629     2.6167  0.000e+00
     15.094    13.9629   3.801602    31.3944        630     2.6208  0.000e+00
     15.099    13.9636   3.801406    31.3920        631     2.6250  0.000e+00
     15.097    13.9638   3.801196    31.3899        632     2.6292  0.000e+00
     15.095    13.9629   3.801248    31.3911        633     2.6333  0.000e+00
     15.079    13.9624   3.801294    31.3919        634     2.6375  0.000e+00
     15.056    13.9623   3.801406    31.3931        635     2.6417  0.000e+00
     15.034    13.9627   3.801530    31.3939        636     2.6458  0.000e+00
     14.994    13.9633   3.801360    31.3918        637     2.6500  0.000e+00
     14.961    13.9633   3.801314    31.3915        638     2.6542  0.000e+00
     14.921    13.9631   3.801445    31.3928        639     2.6583  0.000e+00
     14.889    13.9631   3.801668    31.3949        640     2.6625  0.000e+00
     14.856    13.9640   3.801785    31.3952        641     2.6667  0.000e+00
     14.824    13.9652   3.801766    31.3941        642     2.6708  0.000e+00
     14.791    13.9659   3.801785    31.3937        643     2.6750  0.000e+00
     14.762    13.9662   3.801884    31.3944        644     2.6792  0.000e+00
     14.735    13.9667   3.801897    31.3942        645     2.6833  0.000e+00
     14.713    13.9674   3.801884    31.3935        646     2.6875  0.000e+00
     14.691    13.9676   3.801897    31.3934        647     2.6917  0.000e+00
     14.678    13.9678   3.801811    31.3925        648     2.6958  0.000e+00
     14.671    13.9676   3.801805    31.3925        649     2.7000  0.000e+00
     14.682    13.9676   3.801929    31.3937        650     2.7042  0.000e+00
     14.695    13.9680   3.802054    31.3945        651     2.7083  0.000e+00
     14.716    13.9683   3.802139    31.3951        652     2.7125  0.000e+00
     14.749    13.9688   3.802119    31.3945        653     2.7167  0.000e+00
     14.787    13.9694   3.802047    31.3933        654     2.7208  0.000e+00
     14.829    13.9698   3.802054    31.3930        655     2.7250  0.000e+00
     14.866    13.9698   3.802074    31.3932        656     2.7292  0.000e+00
     14.901    13.9697   3.802054    31.3931        657     2.7333  0.000e+00
     14.930    13.9695   3.802001    31.3927        658     2.7375  0.000e+00
     14.955    13.9694   3.801720    31.3902        659     2.7417  0.000e+00
     14.982    13.9684   3.801432    31.3883        660     2.7458  0.000e+00
     14.991    13.9669   3.801091    31.3865        661     2.7500  0.000e+00
     14.993    13.9643   3.801131    31.3889        662     2.7542  0.000e+00
     14.984    13.9626   3.801406    31.3928        663     2.7583  0.000e+00
     14.962    13.9621   3.801504    31.3942        664     2.7625  0.000e+00
     14.948    13.9626   3.801602    31.3947        665     2.7667  0.000e+00
     14.917    13.9633   3.801504    31.3932        666     2.7708  0.000e+00
     14.890    13.9638   3.801406    31.3919        667     2.7750  0.000e+00
     14.859    13.9637   3.801530    31.3932        668     2.7792  0.000e+00
     14.830    13.9637   3.801720    31.3949        669     2.7833  0.000e+00
     14.800    13.9642   3.801785    31.3951        670     2.7875  0.000e+00
     14.772    13.9652   3.801740    31.3939        671     2.7917  0.000e+00
     14.742    13.9659   3.801739    31.3933        672     2.7958  0.000e+00
     14.718    13.9659   3.801766    31.3935        673     2.8000  0.000e+00
     14.693    13.9662   3.801536    31.3912        674     2.8042  0.000e+00
     14.678    13.9657   3.801530    31.3916        675     2.8083  0.000e+00
     14.653    13.9652   3.801785    31.3944        676     2.8125  0.000e+00
     14.633    13.9656   3.801884    31.3949        677     2.8167  0.000e+00
     14.621    13.9663   3.801916    31.3947        678     2.8208  0.000e+00
     14.604    13.9672   3.801884    31.3936        679     2.8250  0.000e+00
     14.594    13.9675   3.801851    31.3931        680     2.8292  0.000e+00
     14.586    13.9675   3.801838    31.3930        681     2.8333  0.000e+00
     14.597    13.9675   3.801805    31.3927        682     2.8375  0.000e+00
     14.608    13.9674   3.801838    31.3930        683     2.8417  0.000e+00
     14.639    13.9675   3.801916    31.3937        684     2.8458  0.000e+00
     14.675    13.9681   3.801838    31.3925        685     2.8500  0.000e+00
     14.724    13.9677   3.801648    31.3910        686     2.8542  0.000e+00
     14.772    13.9671   3.801458    31.3897        687     2.8583  0.000e+00
     14.821    13.9658   3.801379    31.3901        688     2.8625  0.000e+00
     14.868    13.9646   3.801366    31.3909        689     2.8667  0.000e+00
     14.914    13.9637   3.801314    31.3912        690     2.8708  0.000e+00
     14.962    13.9631   3.801294    31.3915        691     2.8750  0.000e+00
     14.999    13.9627   3.801379    31.3925        692     2.8792  0.000e+00
     15.020    13.9625   3.801412    31.3930        693     2.8833  0.000e+00
     15.018    13.9626   3.801406    31.3928        694     2.8875  0.000e+00
     15.016    13.9629   3.801314    31.3917        695     2.8917  0.000e+00
     14.998    13.9628   3.801248    31.3913        696     2.8958  0.000e+00
     14.971    13.9623   3.801268    31.3919        697     2.9000  0.000e+00
     14.937    13.9621   3.801471    31.3939        698     2.9042  0.000e+00
     14.897    13.9624   3.801812    31.3968        699     2.9083  0.000e+00
     14.850    13.9637   3.801962    31.3971        700     2.9125  0.000e+00
     14.801    13.9655   3.801929    31.3954        701     2.9167  0.000e+00
     14.752    13.9666   3.801916    31.3944        702     2.9208  0.000e+00
     14.691    13.9674   3.802073    31.3952        703     2.9250  0.000e+00
     14.635    13.9681   3.802231    31.3961        704     2.9292  0.000e+00
     14.580    13.9690   3.802329    31.3963        705     2.9333  0.000e+00
     14.538    13.9699   3.802322    31.3955        706     2.9375  0.000e+00
     14.513    13.9705   3.802283    31.3946        707     2.9417  0.000e+00
     14.501    13.9711   3.802211    31.3935        708     2.9458  0.000e+00
     14.502    13.9712   3.802165    31.3930        709     2.9500  0.000e+00
     14.520    13.9709   3.802054    31.3922        710     2.9542  0.000e+00
     14.547    13.9703   3.801903    31.3913        711     2.9583  0.000e+00
     14.600    13.9696   3.801759    31.3905        712     2.9625  0.000e+00
     14.650    13.9684   3.801622    31.3902        713     2.9667  0.000e+00
     14.714    13.9674   3.801674    31.3915        714     2.9708  0.000e+00
     14.771    13.9667   3.801739    31.3927        715     2.9750  0.000e+00
     14.829    13.9662   3.801740    31.3930        716     2.9792  0.000e+00
     14.881    13.9659   3.801622    31.3921        717     2.9833  0.000e+00
     14.932    13.9657   3.801674    31.3928        718     2.9875  0.000e+00
     14.970    13.9654   3.801720    31.3935        719     2.9917  0.000e+00
     14.995    13.9655   3.801720    31.3934        720     2.9958  0.000e+00
     15.001    13.9655   3.801668    31.3929        721     3.0000  0.000e+00
     14.999    13.9655   3.801628    31.3926        722     3.0042  0.000e+00
     14.975    13.9652   3.801720    31.3936        723     3.0083  0.000e+00
     14.937    13.9653   3.801805    31.3943        724     3.0125  0.000e+00
     14.903    13.9658   3.801903    31.3948        725     3.0167  0.000e+00
     14.858    13.9664   3.801916    31.3945        726     3.0208  0.000e+00
     14.821    13.9669   3.801884    31.3938        727     3.0250  0.000e+00
     14.780    13.9672   3.801897    31.3937        728     3.0292  0.000e+00
     14.749    13.9674   3.801884    31.3935        729     3.0333  0.000e+00
     14.722    13.9674   3.801877    31.3934        730     3.0375  0.000e+00
     14.707    13.9675   3.802001    31.3944        731     3.0417  0.000e+00
     14.693    13.9678   3.802100    31.3951        732     3.0458  0.000e+00
     14.689    13.9683   3.802165    31.3953        733     3.0500  0.000e+00
     14.693    13.9691   3.802191    31.3949        734     3.0542  0.000e+00
     14.700    13.9696   3.802119    31.3938        735     3.0583  0.000e+00
     14.711    13.9699   3.802073    31.3931        736     3.0625  0.000e+00
     14.727    13.9695   3.801785    31.3908        737     3.0667  0.000e+00
     14.744    13.9688   3.801739    31.3909        738     3.0708  0.000e+00
     14.766    13.9679   3.801667    31.3910        739     3.0750  0.000e+00
     14.787    13.9669   3.801674    31.3919        740     3.0792  0.000e+00
     14.814    13.9664   3.801720    31.3927        741     3.0833  0.000e+00
     14.842    13.9661   3.801851    31.3942        742     3.0875  0.000e+00
     14.858    13.9662   3.801884    31.3943        743     3.0917  0.000e+00
     14.881    13.9668   3.802008    31.3950        744     3.0958  0.000e+00
     14.892    13.9672   3.802074    31.3953        745     3.1000  0.000e+00
     14.905    13.9679   3.802119    31.3951        746     3.1042  0.000e+00
     14.912    13.9684   3.802119    31.3947        747     3.1083  0.000e+00
     14.925    13.9690   3.802008    31.3932        748     3.1125  0.000e+00
     14.925    13.9688   3.801785    31.3913        749     3.1167  0.000e+00
     14.931    13.9681   3.801517    31.3894        750     3.1208  0.000e+00
     14.934    13.9667   3.801458    31.3900        751     3.1250  0.000e+00
     14.937    13.9653   3.801563    31.3921        752     3.1292  0.000e+00
     14.941    13.9646   3.801530    31.3924        753     3.1333  0.000e+00
     14.950    13.9644   3.801471    31.3920        754     3.1375  0.000e+00
     14.956    13.9641   3.801386    31.3915        755     3.1417  0.000e+00
     14.968    13.9635   3.801334    31.3914        756     3.1458  0.000e+00
     14.972    13.9631   3.801340    31.3919        757     3.1500  0.000e+00
     14.981    13.9626   3.801406    31.3929        758     3.1542  0.000e+00
     14.988    13.9626   3.801484    31.3936        759     3.1583  0.000e+00
     14.997    13.9628   3.801491    31.3934        760     3.1625  0.000e+00
     15.006    13.9632   3.801530    31.3935        761     3.1667  0.000e+00
     15.010    13.9635   3.801517    31.3932        762     3.1708  0.000e+00
     15.010    13.9636   3.801366    31.3917        763     3.1750  0.000e+00
     15.002    13.9633   3.801360    31.3919        764     3.1792  0.000e+00
     14.999    13.9630   3.801314    31.3917        765     3.1833  0.000e+00
     14.993    13.9627   3.801406    31.3928        766     3.1875  0.000e+00
     14.982    13.9626   3.801576    31.3944        767     3.1917  0.000e+00
     14.969    13.9630   3.801877    31.3969        768     3.1958  0.000e+00
     14.959    13.9642   3.802047    31.3975        769     3.2000  0.000e+00
     14.951    13.9657   3.802165    31.3973        770     3.2042  0.000e+00
     14.946    13.9672   3.802119    31.3957        771     3.2083  0.000e+00
     14.948    13.9681   3.801988    31.3938        772     3.2125  0.000e+00
     14.955    13.9682   3.801956    31.3933        773     3.2167  0.000e+00
     14.962    13.9680   3.801897    31.3930        774     3.2208  0.000e+00
     14.969    13.9679   3.801838    31.3925        775     3.2250  0.000e+00
     14.982    13.9676   3.801740    31.3919        776     3.2292  0.000e+00
     14.997    13.9669   3.801720    31.3923        777     3.2333  0.000e+00
     15.009    13.9664   3.801674    31.3922        778     3.2375  0.000e+00
     15.026    13.9660   3.801504    31.3910        779     3.2417  0.000e+00
     15.037    13.9653   3.801563    31.3921        780     3.2458  0.000e+00
     15.046    13.9645   3.801550    31.3926        781     3.2500  0.000e+00
     15.053    13.9645   3.801537    31.3925        782     3.2542  0.000e+00
     15.066    13.9641   3.801432    31.3918        783     3.2583  0.000e+00
     15.073    13.9639   3.801471    31.3924        784     3.2625  0.000e+00
     15.080    13.9635   3.801386    31.3919        785     3.2667  0.000e+00
     15.078    13.9631   3.801425    31.3926        786     3.2708  0.000e+00
     15.074    13.9631   3.801432    31.3927        787     3.2750  0.000e+00
     15.065    13.9630   3.801425    31.3927        788     3.2792  0.000e+00
     15.060    13.9631   3.801458    31.3929        789     3.2833  0.000e+00
     15.047    13.9631   3.801674    31.3949        790     3.2875  0.000e+00
     15.034    13.9637   3.801812    31.3957        791     3.2917  0.000e+00
     15.025    13.9645   3.801851    31.3954        792     3.2958  0.000e+00
     15.018    13.9654   3.801740    31.3936        793     3.3000  0.000e+00
     15.018    13.9657   3.801759    31.3935        794     3.3042  0.000e+00
     15.027    13.9660   3.801740    31.3931        795     3.3083  0.000e+00
     15.038    13.9659   3.801582    31.3918        796     3.3125  0.000e+00
     15.041    13.9655   3.801386    31.3903        797     3.3167  0.000e+00
     15.038    13.9645   3.801131    31.3888        798     3.3208  0.000e+00
     15.029    13.9630   3.801104    31.3898        799     3.3250  0.000e+00
     15.018    13.9616   3.801131    31.3911        800     3.3292  0.000e+00
     15.011    13.9609   3.801196    31.3923        801     3.3333  0.000e+00
     14.993    13.9606   3.801268    31.3932        802     3.3375  0.000e+00
     14.974    13.9609   3.801432    31.3945        803     3.3417  0.000e+00
     14.943    13.9614   3.801537    31.3951        804     3.3458  0.000e+00
     14.913    13.9621   3.801694    31.3959        805     3.3500  0.000e+00
     14.878    13.9632   3.801740    31.3955        806     3.3542  0.000e+00
     14.844    13.9643   3.801648    31.3938        807     3.3583  0.000e+00
     14.809    13.9648   3.801785    31.3946        808     3.3625  0.000e+00
     14.789    13.9652   3.802047    31.3967        809     3.3667  0.000e+00
     14.764    13.9662   3.802231    31.3976        810     3.3708  0.000e+00
     14.744    13.9675   3.802283    31.3970        811     3.3750  0.000e+00
     14.726    13.9686   3.802257    31.3959        812     3.3792  0.000e+00
     14.719    13.9695   3.802257    31.3952        813     3.3833  0.000e+00
     14.702    13.9700   3.802231    31.3945        814     3.3875  0.000e+00
     14.685    13.9701   3.802165    31.3938        815     3.3917  0.000e+00
     14.668    13.9700   3.802100    31.3933        816     3.3958  0.000e+00
     14.650    13.9697   3.801956    31.3922        817     3.4000  0.000e+00
     14.628    13.9693   3.801916    31.3922        818     3.4042  0.000e+00
     14.608    13.9686   3.802001    31.3936        819     3.4083  0.000e+00
     14.587    13.9681   3.801962    31.3936        820     3.4125  0.000e+00
     14.563    13.9680   3.801975    31.3938        821     3.4167  0.000e+00
     14.538    13.9681   3.801942    31.3935        822     3.4208  0.000e+00
     14.520    13.9679   3.801956    31.3938        823     3.4250  0.000e+00
     14.500    13.9676   3.802008    31.3945        824     3.4292  0.000e+00
     14.480    13.9679   3.802073    31.3948        825     3.4333  0.000e+00
     14.457    13.9682   3.802008    31.3940        826     3.4375  0.000e+00
     14.435    13.9684   3.801857    31.3925        827     3.4417  0.000e+00
     14.404    13.9681   3.801674    31.3911        828     3.4458  0.000e+00
     14.370    13.9671   3.801602    31.3912        829     3.4500  0.000e+00
     14.332    13.9659   3.801602    31.3922        830     3.4542  0.000e+00
