HB2503/sbe086.cnv
* Sea-Bird SBE 19plus V2 Data File:
* FileName = C:\cruise\data\sbe086.hex
* Software Version Seasave V 7.26.7.121
* Temperature SN = 6128
* Conductivity SN = 6128
* System UpLoad Time = Jun 05 2025 09:58:14
* NMEA Latitude = 42 21.92 N
* NMEA Longitude = 070 27.65 W
* NMEA UTC (Time) = Jun 05 2025  09:56:32
** Ship: Henry Bigelow
** Cruise:  HB2502
** Program:  Spring Bottom Trawl
# nquan = 7
# nvalues = 1759                                  
# units = specified
# name 0 = depSM: Depth [salt water, m]
# name 1 = tv290C: Temperature [ITS-90, deg C]
# name 2 = c0S/m: Conductivity [S/m]
# name 3 = sal00: Salinity, Practical [PSU]
# name 4 = scan: Scan Count
# name 5 = timeM: Time, Elapsed [minutes]
# name 6 = flag:  0.000e+00
# span 0 =     -0.105,     73.740                 
# span 1 =     4.8752,    14.1885                 
# span 2 =   0.006183,   3.650026                 
# span 3 =     0.0394,    32.4349                 
# span 4 =         11,       1769                 
# span 5 =     0.0417,     7.3667                 
# span 6 = 0.0000e+00, 0.0000e+00                 
# interval = seconds: 0.25
# start_time = Jun 05 2025 09:56:32 [NMEA time, header]
# bad_flag = -9.990e-29
*END*
      0.128    14.1511   0.006204     0.0395         11     0.0417  0.000e+00
      0.125    14.1509   0.006198     0.0394         12     0.0458  0.000e+00
      0.125    14.1518   0.006201     0.0395         13     0.0500  0.000e+00
      0.123    14.1514   0.006204     0.0395         14     0.0542  0.000e+00
      0.127    14.1517   0.006204     0.0395         15     0.0583  0.000e+00
      0.123    14.1517   0.006201     0.0395         16     0.0625  0.000e+00
      0.118    14.1520   0.006198     0.0394         17     0.0667  0.000e+00
      0.123    14.1519   0.006198     0.0394         18     0.0708  0.000e+00
      0.123    14.1524   0.006201     0.0395         19     0.0750  0.000e+00
      0.118    14.1524   0.006204     0.0395         20     0.0792  0.000e+00
      0.116    14.1524   0.006204     0.0395         21     0.0833  0.000e+00
      0.117    14.1524   0.006198     0.0394         22     0.0875  0.000e+00
      0.114    14.1528   0.006195     0.0394         23     0.0917  0.000e+00
      0.114    14.1524   0.006198     0.0394         24     0.0958  0.000e+00
      0.112    14.1526   0.006192     0.0394         25     0.1000  0.000e+00
      0.112    14.1530   0.006195     0.0394         26     0.1042  0.000e+00
      0.109    14.1529   0.006195     0.0394         27     0.1083  0.000e+00
      0.112    14.1531   0.006198     0.0394         28     0.1125  0.000e+00
      0.110    14.1528   0.006195     0.0394         29     0.1167  0.000e+00
      0.108    14.1532   0.006198     0.0394         30     0.1208  0.000e+00
      0.111    14.1533   0.006189     0.0394         31     0.1250  0.000e+00
      0.106    14.1534   0.006189     0.0394         32     0.1292  0.000e+00
      0.109    14.1533   0.006183     0.0394         33     0.1333  0.000e+00
      0.105    14.1540   0.006198     0.0394         34     0.1375  0.000e+00
      0.107    14.1543   0.006195     0.0394         35     0.1417  0.000e+00
      0.110    14.1539   0.006192     0.0394         36     0.1458  0.000e+00
      0.108    14.1543   0.006189     0.0394         37     0.1500  0.000e+00
      0.105    14.1545   0.006195     0.0394         38     0.1542  0.000e+00
      0.103    14.1545   0.006186     0.0394         39     0.1583  0.000e+00
      0.103    14.1548   0.006195     0.0394         40     0.1625  0.000e+00
      0.100    14.1553   0.006195     0.0394         41     0.1667  0.000e+00
      0.111    14.1556   0.006198     0.0394         42     0.1708  0.000e+00
      0.110    14.1556   0.006195     0.0394         43     0.1750  0.000e+00
      0.112    14.1560   0.006198     0.0394         44     0.1792  0.000e+00
      0.106    14.1564   0.006198     0.0394         45     0.1833  0.000e+00
      0.106    14.1581   0.006195     0.0394         46     0.1875  0.000e+00
      0.110    14.1591   0.006195     0.0394         47     0.1917  0.000e+00
      0.110    14.1605   0.006192     0.0394         48     0.1958  0.000e+00
      0.106    14.1618   0.006189     0.0394         49     0.2000  0.000e+00
      0.106    14.1628   0.006198     0.0394         50     0.2042  0.000e+00
      0.108    14.1640   0.006198     0.0394         51     0.2083  0.000e+00
      0.104    14.1649   0.006198     0.0394         52     0.2125  0.000e+00
      0.104    14.1660   0.006198     0.0394         53     0.2167  0.000e+00
      0.106    14.1669   0.006198     0.0394         54     0.2208  0.000e+00
      0.113    14.1676   0.006198     0.0394         55     0.2250  0.000e+00
      0.110    14.1682   0.006198     0.0394         56     0.2292  0.000e+00
      0.108    14.1688   0.006201     0.0394         57     0.2333  0.000e+00
      0.102    14.1691   0.006198     0.0394         58     0.2375  0.000e+00
      0.108    14.1694   0.006195     0.0394         59     0.2417  0.000e+00
      0.104    14.1698   0.006192     0.0394         60     0.2458  0.000e+00
      0.110    14.1701   0.006195     0.0394         61     0.2500  0.000e+00
      0.104    14.1708   0.006198     0.0394         62     0.2542  0.000e+00
      0.103    14.1712   0.006198     0.0394         63     0.2583  0.000e+00
      0.108    14.1711   0.006198     0.0394         64     0.2625  0.000e+00
      0.107    14.1719   0.006195     0.0394         65     0.2667  0.000e+00
      0.103    14.1720   0.006192     0.0394         66     0.2708  0.000e+00
      0.103    14.1725   0.006189     0.0394         67     0.2750  0.000e+00
      0.108    14.1729   0.006198     0.0394         68     0.2792  0.000e+00
      0.110    14.1733   0.006192     0.0394         69     0.2833  0.000e+00
      0.112    14.1734   0.006198     0.0394         70     0.2875  0.000e+00
      0.105    14.1744   0.006198     0.0394         71     0.2917  0.000e+00
      0.101    14.1757   0.006198     0.0394         72     0.2958  0.000e+00
      0.099    14.1764   0.006189     0.0394         73     0.3000  0.000e+00
      0.097    14.1777   0.006189     0.0394         74     0.3042  0.000e+00
      0.105    14.1797   0.006201     0.0394         75     0.3083  0.000e+00
      0.134    14.1822   0.006210     0.0395         76     0.3125  0.000e+00
      0.396    14.1885   0.910385     6.5664         77     0.3167  0.000e+00
      0.630    14.1885   3.274665    26.4552         78     0.3208  0.000e+00
      0.850    14.0231   3.222273    26.0990         79     0.3250  0.000e+00
      1.074    13.7718   3.650026    30.1606         80     0.3292  0.000e+00
      1.301    13.5336   3.630456    30.1680         81     0.3333  0.000e+00
      1.512    13.3299   3.623794    30.2675         82     0.3375  0.000e+00
      1.681    13.1733   3.616854    30.3276         83     0.3417  0.000e+00
      1.802    13.0643   3.610617    30.3564         84     0.3458  0.000e+00
      1.894    12.9925   3.609328    30.4019         85     0.3500  0.000e+00
      1.983    12.9471   3.613422    30.4766         86     0.3542  0.000e+00
      2.090    12.9179   3.552625    29.9308         87     0.3583  0.000e+00
      2.211    12.8979   2.370887    19.1778         88     0.3625  0.000e+00
      2.348    12.8856   2.232361    17.9607         89     0.3667  0.000e+00
      2.484    12.8778   2.259616    18.2044         90     0.3708  0.000e+00
      2.619    12.8728   3.304537    27.6560         91     0.3750  0.000e+00
      2.754    12.8696   3.613635    30.5407         92     0.3792  0.000e+00
      2.897    12.8673   3.615593    30.5609         93     0.3833  0.000e+00
      3.054    12.8623   3.612102    30.5322         94     0.3875  0.000e+00
      3.214    12.8537   3.611172    30.5303         95     0.3917  0.000e+00
      3.380    12.8458   3.607977    30.5066         96     0.3958  0.000e+00
      3.556    12.8373   3.607580    30.5097         97     0.4000  0.000e+00
      3.738    12.8278   3.604989    30.4929         98     0.4042  0.000e+00
      3.946    12.8171   3.605342    30.5048         99     0.4083  0.000e+00
      4.149    12.8062   3.602977    30.4913        100     0.4125  0.000e+00
      4.357    12.7972   3.601894    30.4883        101     0.4167  0.000e+00
      4.578    12.7898   3.600946    30.4853        102     0.4208  0.000e+00
      4.799    12.7840   3.599107    30.4726        103     0.4250  0.000e+00
      5.016    12.7798   3.598338    30.4686        104     0.4292  0.000e+00
      5.233    12.7760   3.597339    30.4622        105     0.4333  0.000e+00
      5.443    12.7710   3.595731    30.4510        106     0.4375  0.000e+00
      5.631    12.7639   3.594341    30.4436        107     0.4417  0.000e+00
      5.794    12.7546   3.593080    30.4392        108     0.4458  0.000e+00
      5.933    12.7454   3.592312    30.4393        109     0.4500  0.000e+00
      6.049    12.7362   3.592133    30.4450        110     0.4542  0.000e+00
      6.150    12.7279   3.592620    30.4563        111     0.4583  0.000e+00
      6.244    12.7197   3.593478    30.4709        112     0.4625  0.000e+00
      6.338    12.7125   3.594650    30.4877        113     0.4667  0.000e+00
      6.442    12.7063   3.233768    27.1193        114     0.4708  0.000e+00
      6.547    12.7035   2.582331    21.1681        115     0.4750  0.000e+00
      6.655    12.7065   2.961986    24.6138        116     0.4792  0.000e+00
      6.771    12.7082   2.955811    24.5561        117     0.4833  0.000e+00
      6.899    12.7261   3.310731    27.8195        118     0.4875  0.000e+00
      7.031    12.7723   3.607896    30.5638        119     0.4917  0.000e+00
      7.174    12.8187   3.608473    30.5317        120     0.4958  0.000e+00
      7.330    12.8463   3.609043    30.5147        121     0.5000  0.000e+00
      7.496    12.8645   3.610378    30.5125        122     0.5042  0.000e+00
      7.672    12.8777   3.614324    30.5388        123     0.5083  0.000e+00
      7.860    12.8890   3.613701    30.5238        124     0.5125  0.000e+00
      8.048    12.8969   3.609357    30.4766        125     0.5167  0.000e+00
      8.250    12.8823   3.602471    30.4236        126     0.5208  0.000e+00
      8.457    12.8162   3.588036    30.3412        127     0.5250  0.000e+00
      8.674    12.7130   3.575184    30.3032        128     0.5292  0.000e+00
      8.853    12.5918   3.564878    30.3034        129     0.5333  0.000e+00
      8.992    12.4714   3.557267    30.3283        130     0.5375  0.000e+00
      9.032    12.3501   3.547975    30.3382        131     0.5417  0.000e+00
      9.017    12.2319   3.541723    30.3745        132     0.5458  0.000e+00
      8.953    12.1171   3.537676    30.4292        133     0.5500  0.000e+00
      8.929    12.0139   3.506468    30.2147        134     0.5542  0.000e+00
      8.936    11.9413   3.500428    30.2157        135     0.5583  0.000e+00
      8.945    11.8919   3.527776    30.5182        136     0.5625  0.000e+00
      8.934    11.8469   3.530885    30.5849        137     0.5667  0.000e+00
      8.894    11.7886   3.520921    30.5370        138     0.5708  0.000e+00
      8.842    11.7194   3.512237    30.5102        139     0.5750  0.000e+00
      8.786    11.6549   3.507778    30.5201        140     0.5792  0.000e+00
      8.743    11.5975   3.506898    30.5590        141     0.5833  0.000e+00
      8.685    11.5510   3.504989    30.5788        142     0.5875  0.000e+00
      8.638    11.5157   3.503215    30.5908        143     0.5917  0.000e+00
      8.591    11.4908   3.503405    30.6132        144     0.5958  0.000e+00
      8.541    11.4745   3.500978    30.6032        145     0.6000  0.000e+00
      8.519    11.4658   3.499812    30.5991        146     0.6042  0.000e+00
      8.512    11.4656   3.479717    30.4044        147     0.6083  0.000e+00
      8.535    11.4706   3.486092    30.4620        148     0.6125  0.000e+00
      8.584    11.4793   3.505776    30.6457        149     0.6167  0.000e+00
      8.655    11.4877   3.533440    30.9072        150     0.6208  0.000e+00
      8.747    11.5219   3.534069    30.8848        151     0.6250  0.000e+00
      8.841    11.5774   3.534908    30.8467        152     0.6292  0.000e+00
      8.961    11.6323   3.536466    30.8161        153     0.6333  0.000e+00
      9.083    11.6769   3.538158    30.7953        154     0.6375  0.000e+00
      9.219    11.7113   3.539654    30.7812        155     0.6417  0.000e+00
      9.366    11.7377   3.541970    30.7817        156     0.6458  0.000e+00
      9.505    11.7565   3.545912    30.8040        157     0.6500  0.000e+00
      9.644    11.7685   3.548001    30.8142        158     0.6542  0.000e+00
      9.787    11.7751   3.545549    30.7850        159     0.6583  0.000e+00
      9.927    11.7777   3.543250    30.7606        160     0.6625  0.000e+00
     10.070    11.7760   3.542944    30.7590        161     0.6667  0.000e+00
     10.212    11.7607   3.543250    30.7746        162     0.6708  0.000e+00
     10.350    11.7427   3.544900    30.8054        163     0.6750  0.000e+00
     10.484    11.7143   3.546614    30.8454        164     0.6792  0.000e+00
     10.621    11.6887   3.546353    30.8642        165     0.6833  0.000e+00
     10.755    11.6622   3.540686    30.8313        166     0.6875  0.000e+00
     10.882    11.6311   3.528256    30.7368        167     0.6917  0.000e+00
     11.003    11.5780   3.516365    30.6658        168     0.6958  0.000e+00
     11.135    11.5025   3.508162    30.6486        169     0.7000  0.000e+00
     11.268    11.4214   3.503946    30.6749        170     0.7042  0.000e+00
     11.398    11.3335   3.501095    30.7201        171     0.7083  0.000e+00
     11.541    11.2561   3.499632    30.7703        172     0.7125  0.000e+00
     11.687    11.1933   3.500114    30.8274        173     0.7167  0.000e+00
     11.841    11.1475   3.501401    30.8783        174     0.7208  0.000e+00
     11.999    11.1180   3.503366    30.9222        175     0.7250  0.000e+00
     12.158    11.0983   3.504723    30.9521        176     0.7292  0.000e+00
     12.322    11.0798   3.505535    30.9755        177     0.7333  0.000e+00
     12.485    11.0570   3.502835    30.9681        178     0.7375  0.000e+00
     12.647    11.0326   3.495821    30.9198        179     0.7417  0.000e+00
     12.806    11.0058   3.486143    30.8471        180     0.7458  0.000e+00
     12.970    10.9676   3.475717    30.7767        181     0.7500  0.000e+00
     13.128    10.9172   3.463353    30.6973        182     0.7542  0.000e+00
     13.285    10.8544   3.453925    30.6570        183     0.7583  0.000e+00
     13.437    10.7892   3.447606    30.6493        184     0.7625  0.000e+00
     13.584    10.7283   3.444193    30.6665        185     0.7667  0.000e+00
     13.728    10.6717   3.439813    30.6707        186     0.7708  0.000e+00
     13.872    10.6215   3.437296    30.6878        187     0.7750  0.000e+00
     14.015    10.5792   3.437718    30.7275        188     0.7792  0.000e+00
     14.161    10.5442   3.439896    30.7786        189     0.7833  0.000e+00
     14.309    10.5197   3.444517    30.8452        190     0.7875  0.000e+00
     14.455    10.5073   3.450035    30.9104        191     0.7917  0.000e+00
     14.605    10.5054   3.469191    31.1025        192     0.7958  0.000e+00
     14.757    10.5107   3.486592    31.2711        193     0.8000  0.000e+00
     14.916    10.5144   3.497259    31.3741        194     0.8042  0.000e+00
     15.077    10.5108   3.499483    31.3992        195     0.8083  0.000e+00
     15.245    10.5060   3.490136    31.3102        196     0.8125  0.000e+00
     15.417    10.5044   3.465378    31.0650        197     0.8167  0.000e+00
     15.587    10.5022   3.446130    30.8755        198     0.8208  0.000e+00
     15.768    10.4800   3.434040    30.7740        199     0.8250  0.000e+00
     15.940    10.4370   3.426478    30.7350        200     0.8292  0.000e+00
     16.119    10.3874   3.421265    30.7249        201     0.8333  0.000e+00
     16.287    10.3319   3.418672    30.7459        202     0.8375  0.000e+00
     16.451    10.2734   3.417292    30.7816        203     0.8417  0.000e+00
     16.609    10.2196   3.414882    30.8031        204     0.8458  0.000e+00
     16.762    10.1695   3.412417    30.8209        205     0.8500  0.000e+00
     16.900    10.1237   3.412041    30.8561        206     0.8542  0.000e+00
     17.045    10.0857   3.412920    30.8972        207     0.8583  0.000e+00
     17.182    10.0552   3.414201    30.9360        208     0.8625  0.000e+00
     17.311    10.0315   3.416422    30.9786        209     0.8667  0.000e+00
     17.441    10.0128   3.418607    31.0166        210     0.8708  0.000e+00
     17.562     9.9984   3.420629    31.0493        211     0.8750  0.000e+00
     17.692     9.9846   3.421967    31.0746        212     0.8792  0.000e+00
     17.816     9.9681   3.423958    31.1088        213     0.8833  0.000e+00
     17.946     9.9512   3.427383    31.1578        214     0.8875  0.000e+00
     18.071     9.9383   3.434965    31.2454        215     0.8917  0.000e+00
