HB2503/sbe035.cnv
* Sea-Bird SBE 19plus V2 Data File:
* FileName = C:\cruise\data\sbe035.hex
* Software Version Seasave V 7.26.7.121
* Temperature SN = 6128
* Conductivity SN = 6128
* System UpLoad Time = May 31 2025 00:28:05
* NMEA Latitude = 39 59.14 N
* NMEA Longitude = 073 25.29 W
* NMEA UTC (Time) = May 31 2025  00:26:17
** Ship: Henry Bigelow
** Cruise:  HB2502
** Program:  Spring Bottom Trawl
# nquan = 7
# nvalues = 1522                                  
# units = specified
# name 0 = depSM: Depth [salt water, m]
# name 1 = tv290C: Temperature [ITS-90, deg C]
# name 2 = c0S/m: Conductivity [S/m]
# name 3 = sal00: Salinity, Practical [PSU]
# name 4 = scan: Scan Count
# name 5 = timeM: Time, Elapsed [minutes]
# name 6 = flag:  0.000e+00
# span 0 =     -0.232,     50.274                 
# span 1 =     6.9812,    15.1112                 
# span 2 =   0.013478,   3.903909                 
# span 3 =     0.0805,    34.4286                 
# span 4 =         11,       1532                 
# span 5 =     0.0417,     6.3792                 
# span 6 = 0.0000e+00, 0.0000e+00                 
# interval = seconds: 0.25
# start_time = May 31 2025 00:26:17 [NMEA time, header]
# bad_flag = -9.990e-29
*END*
[from data line 411]
     36.297     7.0795   3.336699    32.8006        422     1.7542  0.000e+00
     36.450     7.0807   3.336730    32.7997        423     1.7583  0.000e+00
     36.610     7.0819   3.336681    32.7979        424     1.7625  0.000e+00
     36.767     7.0827   3.336730    32.7976        425     1.7667  0.000e+00
     36.939     7.0832   3.336699    32.7968        426     1.7708  0.000e+00
     37.118     7.0830   3.336699    32.7968        427     1.7750  0.000e+00
     37.295     7.0828   3.336793    32.7980        428     1.7792  0.000e+00
     37.476     7.0826   3.336917    32.7994        429     1.7833  0.000e+00
     37.657     7.0829   3.336855    32.7984        430     1.7875  0.000e+00
     37.833     7.0832   3.336998    32.7996        431     1.7917  0.000e+00
     38.005     7.0833   3.337191    32.8015        432     1.7958  0.000e+00
     38.169     7.0841   3.337079    32.7994        433     1.8000  0.000e+00
     38.325     7.0849   3.337172    32.7997        434     1.8042  0.000e+00
     38.470     7.0848   3.337172    32.7997        435     1.8083  0.000e+00
     38.609     7.0849   3.336955    32.7972        436     1.8125  0.000e+00
     38.743     7.0842   3.336917    32.7973        437     1.8167  0.000e+00
     38.864     7.0835   3.337079    32.7996        438     1.8208  0.000e+00
     38.980     7.0837   3.336806    32.7965        439     1.8250  0.000e+00
     39.091     7.0830   3.336743    32.7964        440     1.8292  0.000e+00
     39.194     7.0820   3.336756    32.7974        441     1.8333  0.000e+00
     39.297     7.0815   3.336744    32.7977        442     1.8375  0.000e+00
     39.393     7.0809   3.336856    32.7995        443     1.8417  0.000e+00
     39.494     7.0809   3.336918    32.8001        444     1.8458  0.000e+00
     39.592     7.0804   3.336936    32.8007        445     1.8500  0.000e+00
     39.702     7.0803   3.336918    32.8006        446     1.8542  0.000e+00
     39.822     7.0802   3.336955    32.8010        447     1.8583  0.000e+00
     39.954     7.0801   3.337086    32.8025        448     1.8625  0.000e+00
     40.097     7.0800   3.337279    32.8046        449     1.8667  0.000e+00
     40.247     7.0810   3.337621    32.8073        450     1.8708  0.000e+00
     40.412     7.0829   3.337403    32.8031        451     1.8750  0.000e+00
     40.588     7.0837   3.337490    32.8031        452     1.8792  0.000e+00
     40.767     7.0841   3.337428    32.8020        453     1.8833  0.000e+00
     40.948     7.0842   3.337360    32.8011        454     1.8875  0.000e+00
     41.136     7.0837   3.337360    32.8015        455     1.8917  0.000e+00
     41.314     7.0831   3.337403    32.8024        456     1.8958  0.000e+00
     41.493     7.0828   3.337491    32.8036        457     1.9000  0.000e+00
     41.660     7.0825   3.337621    32.8052        458     1.9042  0.000e+00
     41.819     7.0826   3.337789    32.8069        459     1.9083  0.000e+00
     41.971     7.0830   3.337895    32.8076        460     1.9125  0.000e+00
     42.120     7.0838   3.337970    32.8076        461     1.9167  0.000e+00
     42.259     7.0844   3.338001    32.8072        462     1.9208  0.000e+00
     42.396     7.0850   3.338107    32.8077        463     1.9250  0.000e+00
     42.523     7.0854   3.338032    32.8065        464     1.9292  0.000e+00
     42.653     7.0855   3.338131    32.8074        465     1.9333  0.000e+00
     42.772     7.0854   3.338237    32.8087        466     1.9375  0.000e+00
     42.890     7.0854   3.338312    32.8094        467     1.9417  0.000e+00
     43.009     7.0857   3.338281    32.8087        468     1.9458  0.000e+00
     43.123     7.0856   3.338312    32.8091        469     1.9500  0.000e+00
     43.243     7.0853   3.338343    32.8097        470     1.9542  0.000e+00
     43.362     7.0853   3.338511    32.8115        471     1.9583  0.000e+00
     43.489     7.0854   3.338741    32.8138        472     1.9625  0.000e+00
     43.615     7.0860   3.338940    32.8153        473     1.9667  0.000e+00
     43.753     7.0866   3.339164    32.8171        474     1.9708  0.000e+00
     43.887     7.0877   3.339388    32.8184        475     1.9750  0.000e+00
     44.026     7.0891   3.339363    32.8168        476     1.9792  0.000e+00
     44.173     7.0897   3.339469    32.8173        477     1.9833  0.000e+00
     44.332     7.0900   3.339793    32.8204        478     1.9875  0.000e+00
     44.492     7.0904   3.340297    32.8255        479     1.9917  0.000e+00
     44.653     7.0912   3.340496    32.8268        480     1.9958  0.000e+00
     44.821     7.0920   3.340751    32.8287        481     2.0000  0.000e+00
     44.999     7.0928   3.340969    32.8303        482     2.0042  0.000e+00
     45.175     7.0936   3.341243    32.8324        483     2.0083  0.000e+00
     45.348     7.0943   3.341454    32.8340        484     2.0125  0.000e+00
     45.522     7.0950   3.341628    32.8351        485     2.0167  0.000e+00
     45.694     7.0955   3.341709    32.8354        486     2.0208  0.000e+00
     45.857     7.0957   3.341778    32.8359        487     2.0250  0.000e+00
     46.009     7.0961   3.341884    32.8366        488     2.0292  0.000e+00
     46.155     7.0970   3.341958    32.8365        489     2.0333  0.000e+00
     46.295     7.0977   3.342008    32.8363        490     2.0375  0.000e+00
     46.421     7.0981   3.341946    32.8352        491     2.0417  0.000e+00
     46.550     7.0979   3.341977    32.8357        492     2.0458  0.000e+00
     46.669     7.0975   3.342139    32.8378        493     2.0500  0.000e+00
     46.788     7.0974   3.342388    32.8405        494     2.0542  0.000e+00
     46.906     7.0976   3.342394    32.8403        495     2.0583  0.000e+00
     47.022     7.0983   3.342307    32.8387        496     2.0625  0.000e+00
     47.146     7.0981   3.342407    32.8398        497     2.0667  0.000e+00
     47.268     7.0982   3.342867    32.8448        498     2.0708  0.000e+00
     47.398     7.0990   3.343073    32.8462        499     2.0750  0.000e+00
     47.530     7.1000   3.343353    32.8482        500     2.0792  0.000e+00
     47.671     7.1011   3.343465    32.8483        501     2.0833  0.000e+00
     47.818     7.1027   3.343620    32.8485        502     2.0875  0.000e+00
     47.970     7.1039   3.343720    32.8483        503     2.0917  0.000e+00
     48.129     7.1051   3.343701    32.8469        504     2.0958  0.000e+00
     48.297     7.1058   3.343677    32.8458        505     2.1000  0.000e+00
     48.471     7.1060   3.343764    32.8466        506     2.1042  0.000e+00
     48.645     7.1058   3.343944    32.8486        507     2.1083  0.000e+00
     48.817     7.1062   3.344144    32.8503        508     2.1125  0.000e+00
     48.996     7.1067   3.344293    32.8514        509     2.1167  0.000e+00
     49.166     7.1077   3.344337    32.8508        510     2.1208  0.000e+00
     49.338     7.1082   3.344337    32.8502        511     2.1250  0.000e+00
     49.502     7.1085   3.344330    32.8498        512     2.1292  0.000e+00
     49.656     7.1087   3.344250    32.8487        513     2.1333  0.000e+00
     49.810     7.1090   3.344555    32.8516        514     2.1375  0.000e+00
     49.959     7.1096   3.344486    32.8502        515     2.1417  0.000e+00
     50.114     7.1100   3.344443    32.8494        516     2.1458  0.000e+00
     50.214     7.1098   3.344436    32.8494        517     2.1500  0.000e+00
     50.274     7.1099   3.344617    32.8512        518     2.1542  0.000e+00
     50.261     7.1101   3.344598    32.8509        519     2.1583  0.000e+00
     50.190     7.1106   3.344548    32.8499        520     2.1625  0.000e+00
     50.138     7.1104   3.344511    32.8497        521     2.1667  0.000e+00
     50.100     7.1098   3.344374    32.8488        522     2.1708  0.000e+00
     50.048     7.1093   3.344293    32.8484        523     2.1750  0.000e+00
     49.983     7.1086   3.344312    32.8493        524     2.1792  0.000e+00
     49.881     7.1081   3.344399    32.8507        525     2.1833  0.000e+00
     49.765     7.1080   3.344393    32.8509        526     2.1875  0.000e+00
     49.662     7.1077   3.344250    32.8496        527     2.1917  0.000e+00
     49.597     7.1076   3.344187    32.8491        528     2.1958  0.000e+00
     49.561     7.1072   3.344150    32.8491        529     2.2000  0.000e+00
     49.538     7.1068   3.344125    32.8492        530     2.2042  0.000e+00
     49.512     7.1066   3.344169    32.8498        531     2.2083  0.000e+00
     49.467     7.1066   3.344144    32.8496        532     2.2125  0.000e+00
     49.418     7.1065   3.344038    32.8485        533     2.2167  0.000e+00
     49.365     7.1062   3.343926    32.8476        534     2.2208  0.000e+00
     49.324     7.1058   3.343801    32.8467        535     2.2250  0.000e+00
     49.278     7.1053   3.343783    32.8470        536     2.2292  0.000e+00
     49.236     7.1050   3.343826    32.8478        537     2.2333  0.000e+00
     49.196     7.1047   3.343801    32.8478        538     2.2375  0.000e+00
     49.158     7.1045   3.343702    32.8470        539     2.2417  0.000e+00
     49.124     7.1044   3.343615    32.8461        540     2.2458  0.000e+00
     49.091     7.1040   3.343602    32.8464        541     2.2500  0.000e+00
     49.066     7.1037   3.343633    32.8470        542     2.2542  0.000e+00
     49.044     7.1036   3.343652    32.8473        543     2.2583  0.000e+00
     49.026     7.1036   3.343683    32.8477        544     2.2625  0.000e+00
     49.008     7.1038   3.343720    32.8479        545     2.2667  0.000e+00
     48.982     7.1038   3.343683    32.8474        546     2.2708  0.000e+00
     48.955     7.1041   3.343677    32.8472        547     2.2750  0.000e+00
     48.912     7.1039   3.343652    32.8471        548     2.2792  0.000e+00
     48.863     7.1039   3.343683    32.8474        549     2.2833  0.000e+00
     48.795     7.1039   3.343677    32.8474        550     2.2875  0.000e+00
     48.726     7.1037   3.343639    32.8472        551     2.2917  0.000e+00
     48.653     7.1036   3.343614    32.8471        552     2.2958  0.000e+00
     48.568     7.1036   3.343652    32.8476        553     2.3000  0.000e+00
     48.478     7.1034   3.343639    32.8476        554     2.3042  0.000e+00
     48.389     7.1034   3.343527    32.8464        555     2.3083  0.000e+00
     48.295     7.1033   3.343558    32.8469        556     2.3125  0.000e+00
     48.203     7.1031   3.343614    32.8478        557     2.3167  0.000e+00
     48.113     7.1031   3.343502    32.8466        558     2.3208  0.000e+00
     48.015     7.1031   3.343726    32.8491        559     2.3250  0.000e+00
     47.920     7.1032   3.343633    32.8480        560     2.3292  0.000e+00
     47.823     7.1034   3.343683    32.8484        561     2.3333  0.000e+00
     47.733     7.1035   3.343739    32.8490        562     2.3375  0.000e+00
     47.650     7.1037   3.343378    32.8449        563     2.3417  0.000e+00
     47.563     7.1032   3.343259    32.8441        564     2.3458  0.000e+00
     47.494     7.1027   3.343141    32.8433        565     2.3500  0.000e+00
     47.431     7.1021   3.342992    32.8423        566     2.3542  0.000e+00
     47.385     7.1013   3.342948    32.8426        567     2.3583  0.000e+00
     47.333     7.1007   3.342948    32.8433        568     2.3625  0.000e+00
     47.293     7.1002   3.342929    32.8435        569     2.3667  0.000e+00
     47.252     7.1000   3.342929    32.8438        570     2.3708  0.000e+00
     47.212     7.1000   3.342954    32.8440        571     2.3750  0.000e+00
     47.174     7.1000   3.343035    32.8449        572     2.3792  0.000e+00
     47.134     7.0999   3.343166    32.8464        573     2.3833  0.000e+00
     47.082     7.1000   3.343278    32.8476        574     2.3875  0.000e+00
     47.023     7.1007   3.343290    32.8471        575     2.3917  0.000e+00
     46.960     7.1010   3.343135    32.8452        576     2.3958  0.000e+00
     46.893     7.1010   3.342992    32.8436        577     2.4000  0.000e+00
     46.820     7.1007   3.342973    32.8438        578     2.4042  0.000e+00
     46.738     7.1004   3.342911    32.8434        579     2.4083  0.000e+00
     46.653     7.1000   3.342973    32.8445        580     2.4125  0.000e+00
     46.568     7.1000   3.343054    32.8454        581     2.4167  0.000e+00
     46.481     7.1000   3.343079    32.8457        582     2.4208  0.000e+00
     46.395     7.1000   3.343079    32.8457        583     2.4250  0.000e+00
     46.306     7.1004   3.342711    32.8414        584     2.4292  0.000e+00
     46.219     7.0999   3.342568    32.8404        585     2.4333  0.000e+00
     46.128     7.0992   3.342506    32.8404        586     2.4375  0.000e+00
     46.039     7.0984   3.342500    32.8412        587     2.4417  0.000e+00
     45.954     7.0979   3.342525    32.8419        588     2.4458  0.000e+00
     45.866     7.0977   3.342525    32.8421        589     2.4500  0.000e+00
     45.779     7.0976   3.342568    32.8427        590     2.4542  0.000e+00
     45.690     7.0975   3.342282    32.8398        591     2.4583  0.000e+00
     45.611     7.0972   3.342201    32.8393        592     2.4625  0.000e+00
     45.524     7.0968   3.341927    32.8367        593     2.4667  0.000e+00
     45.441     7.0961   3.342244    32.8408        594     2.4708  0.000e+00
     45.354     7.0961   3.342095    32.8393        595     2.4750  0.000e+00
     45.270     7.0959   3.342163    32.8402        596     2.4792  0.000e+00
     45.193     7.0959   3.342157    32.8402        597     2.4833  0.000e+00
     45.109     7.0959   3.342008    32.8386        598     2.4875  0.000e+00
     45.028     7.0956   3.341653    32.8350        599     2.4917  0.000e+00
     44.953     7.0951   3.341753    32.8366        600     2.4958  0.000e+00
     44.876     7.0947   3.340259    32.8208        601     2.5000  0.000e+00
     44.805     7.0927   3.339731    32.8170        602     2.5042  0.000e+00
     44.735     7.0903   3.339581    32.8177        603     2.5083  0.000e+00
     44.668     7.0884   3.339525    32.8189        604     2.5125  0.000e+00
     44.608     7.0869   3.339494    32.8200        605     2.5167  0.000e+00
     44.550     7.0861   3.339488    32.8208        606     2.5208  0.000e+00
     44.496     7.0857   3.339432    32.8206        607     2.5250  0.000e+00
     44.447     7.0852   3.339432    32.8210        608     2.5292  0.000e+00
     44.405     7.0851   3.339364    32.8204        609     2.5333  0.000e+00
     44.367     7.0848   3.339388    32.8210        610     2.5375  0.000e+00
     44.327     7.0848   3.339364    32.8207        611     2.5417  0.000e+00
     44.291     7.0847   3.339301    32.8202        612     2.5458  0.000e+00
     44.245     7.0847   3.339133    32.8184        613     2.5500  0.000e+00
     44.200     7.0845   3.338903    32.8161        614     2.5542  0.000e+00
     44.151     7.0841   3.338791    32.8153        615     2.5583  0.000e+00
     44.097     7.0838   3.338741    32.8150        616     2.5625  0.000e+00
     44.027     7.0835   3.338685    32.8147        617     2.5667  0.000e+00
     43.951     7.0833   3.338729    32.8155        618     2.5708  0.000e+00
     43.862     7.0832   3.338741    32.8157        619     2.5750  0.000e+00
     43.779     7.0831   3.338685    32.8152        620     2.5792  0.000e+00
     43.679     7.0831   3.338617    32.8145        621     2.5833  0.000e+00
     43.586     7.0830   3.338536    32.8138        622     2.5875  0.000e+00
     43.478     7.0827   3.338493    32.8137        623     2.5917  0.000e+00
     43.379     7.0826   3.338412    32.8129        624     2.5958  0.000e+00
     43.277     7.0824   3.338362    32.8126        625     2.6000  0.000e+00
