HB2503/sbe019.cnv
* Sea-Bird SBE 19plus V2 Data File:
* FileName = C:\cruise\data\sbe019.hex
* Software Version Seasave V 7.26.7.121
* Temperature SN = 6128
* Conductivity SN = 6128
* System UpLoad Time = May 29 2025 16:07:03
* NMEA Latitude = 38 28.18 N
* NMEA Longitude = 074 02.06 W
* NMEA UTC (Time) = May 29 2025  16:05:13
** Ship: Henry Bigelow
** Cruise:  HB2502
** Program:  Spring Bottom Trawl
# nquan = 7
# nvalues = 1957                                  
# units = specified
# name 0 = depSM: Depth [salt water, m]
# name 1 = tv290C: Temperature [ITS-90, deg C]
# name 2 = c0S/m: Conductivity [S/m]
# name 3 = sal00: Salinity, Practical [PSU]
# name 4 = scan: Scan Count
# name 5 = timeM: Time, Elapsed [minutes]
# name 6 = flag:  0.000e+00
# span 0 =     -0.083,     50.689                 
# span 1 =     7.1866,    16.1415                 
# span 2 =   0.007286,   4.081238                 
# span 3 =     0.0443,    33.1815                 
# span 4 =         11,       1967                 
# span 5 =     0.0417,     8.1917                 
# span 6 = 0.0000e+00, 0.0000e+00                 
# interval = seconds: 0.25
# start_time = May 29 2025 16:05:13 [NMEA time, header]
# bad_flag = -9.990e-29
*END*
[from data line 1231]
     32.729     7.1909   3.375083    33.1141       1242     5.1708  0.000e+00
     32.698     7.1911   3.375071    33.1138       1243     5.1750  0.000e+00
     32.649     7.1914   3.375083    33.1136       1244     5.1792  0.000e+00
     32.596     7.1915   3.375070    33.1134       1245     5.1833  0.000e+00
     32.524     7.1914   3.375064    33.1135       1246     5.1875  0.000e+00
     32.437     7.1915   3.375052    33.1133       1247     5.1917  0.000e+00
     32.342     7.1917   3.375064    33.1133       1248     5.1958  0.000e+00
     32.247     7.1917   3.375070    33.1135       1249     5.2000  0.000e+00
     32.142     7.1917   3.375020    33.1130       1250     5.2042  0.000e+00
     32.040     7.1915   3.374970    33.1126       1251     5.2083  0.000e+00
     31.937     7.1921   3.374977    33.1122       1252     5.2125  0.000e+00
     31.835     7.1925   3.374927    33.1113       1253     5.2167  0.000e+00
     31.745     7.1928   3.374889    33.1106       1254     5.2208  0.000e+00
     31.663     7.1936   3.374845    33.1094       1255     5.2250  0.000e+00
     31.589     7.1939   3.374889    33.1096       1256     5.2292  0.000e+00
     31.520     7.1943   3.374826    33.1086       1257     5.2333  0.000e+00
     31.471     7.1946   3.374864    33.1088       1258     5.2375  0.000e+00
     31.426     7.1949   3.374826    33.1081       1259     5.2417  0.000e+00
     31.384     7.1951   3.374826    33.1079       1260     5.2458  0.000e+00
     31.355     7.1956   3.374783    33.1070       1261     5.2500  0.000e+00
     31.328     7.1960   3.374845    33.1074       1262     5.2542  0.000e+00
     31.295     7.1960   3.374826    33.1072       1263     5.2583  0.000e+00
     31.270     7.1959   3.374889    33.1079       1264     5.2625  0.000e+00
     31.244     7.1956   3.374870    33.1080       1265     5.2667  0.000e+00
     31.206     7.1955   3.374845    33.1078       1266     5.2708  0.000e+00
     31.161     7.1956   3.374808    33.1074       1267     5.2750  0.000e+00
     31.112     7.1960   3.374745    33.1063       1268     5.2792  0.000e+00
     31.056     7.1962   3.374608    33.1047       1269     5.2833  0.000e+00
     30.996     7.1968   3.374683    33.1050       1270     5.2875  0.000e+00
     30.930     7.1971   3.374695    33.1048       1271     5.2917  0.000e+00
     30.869     7.1974   3.374620    33.1038       1272     5.2958  0.000e+00
     30.805     7.1977   3.374545    33.1026       1273     5.3000  0.000e+00
     30.747     7.1982   3.374520    33.1019       1274     5.3042  0.000e+00
     30.685     7.1989   3.374483    33.1009       1275     5.3083  0.000e+00
     30.623     7.1995   3.374376    33.0992       1276     5.3125  0.000e+00
     30.560     7.2003   3.374351    33.0982       1277     5.3167  0.000e+00
     30.502     7.2010   3.374233    33.0963       1278     5.3208  0.000e+00
     30.442     7.2019   3.374139    33.0944       1279     5.3250  0.000e+00
     30.389     7.2028   3.374064    33.0928       1280     5.3292  0.000e+00
     30.336     7.2038   3.374008    33.0912       1281     5.3333  0.000e+00
     30.280     7.2048   3.373833    33.0883       1282     5.3375  0.000e+00
     30.226     7.2061   3.373577    33.0843       1283     5.3417  0.000e+00
     30.166     7.2081   3.373489    33.0815       1284     5.3458  0.000e+00
     30.110     7.2098   3.373308    33.0779       1285     5.3500  0.000e+00
     30.052     7.2115   3.373102    33.0741       1286     5.3542  0.000e+00
     30.001     7.2133   3.372958    33.0708       1287     5.3583  0.000e+00
     29.952     7.2149   3.372952    33.0693       1288     5.3625  0.000e+00
     29.909     7.2162   3.372921    33.0677       1289     5.3667  0.000e+00
     29.880     7.2171   3.372821    33.0657       1290     5.3708  0.000e+00
     29.862     7.2182   3.372777    33.0642       1291     5.3750  0.000e+00
     29.841     7.2194   3.372758    33.0629       1292     5.3792  0.000e+00
     29.830     7.2204   3.372615    33.0603       1293     5.3833  0.000e+00
     29.808     7.2219   3.372477    33.0575       1294     5.3875  0.000e+00
     29.784     7.2235   3.372490    33.0560       1295     5.3917  0.000e+00
     29.750     7.2251   3.372496    33.0546       1296     5.3958  0.000e+00
     29.703     7.2262   3.372427    33.0528       1297     5.4000  0.000e+00
     29.638     7.2273   3.372321    33.0507       1298     5.4042  0.000e+00
     29.556     7.2279   3.372040    33.0470       1299     5.4083  0.000e+00
     29.462     7.2301   3.371890    33.0434       1300     5.4125  0.000e+00
     29.342     7.2336   3.371828    33.0394       1301     5.4167  0.000e+00
     29.230     7.2375   3.371565    33.0329       1302     5.4208  0.000e+00
     29.120     7.2416   3.371378    33.0270       1303     5.4250  0.000e+00
     29.000     7.2459   3.371365    33.0228       1304     5.4292  0.000e+00
     28.893     7.2494   3.371290    33.0187       1305     5.4333  0.000e+00
     28.797     7.2527   3.371078    33.0133       1306     5.4375  0.000e+00
     28.721     7.2561   3.370947    33.0086       1307     5.4417  0.000e+00
     28.660     7.2603   3.370853    33.0036       1308     5.4458  0.000e+00
     28.607     7.2644   3.370816    32.9993       1309     5.4500  0.000e+00
     28.576     7.2678   3.370809    32.9961       1310     5.4542  0.000e+00
     28.551     7.2700   3.370859    32.9945       1311     5.4583  0.000e+00
     28.536     7.2717   3.370872    32.9930       1312     5.4625  0.000e+00
     28.529     7.2734   3.370922    32.9919       1313     5.4667  0.000e+00
     28.520     7.2752   3.370934    32.9903       1314     5.4708  0.000e+00
     28.500     7.2767   3.370965    32.9893       1315     5.4750  0.000e+00
     28.488     7.2777   3.371015    32.9889       1316     5.4792  0.000e+00
     28.460     7.2788   3.371028    32.9879       1317     5.4833  0.000e+00
     28.428     7.2800   3.371028    32.9869       1318     5.4875  0.000e+00
     28.386     7.2816   3.371015    32.9852       1319     5.4917  0.000e+00
     28.330     7.2832   3.371009    32.9836       1320     5.4958  0.000e+00
     28.270     7.2845   3.371096    32.9834       1321     5.5000  0.000e+00
     28.203     7.2863   3.371140    32.9822       1322     5.5042  0.000e+00
     28.141     7.2899   3.371196    32.9794       1323     5.5083  0.000e+00
     28.087     7.2941   3.371439    32.9780       1324     5.5125  0.000e+00
     28.040     7.2985   3.371527    32.9748       1325     5.5167  0.000e+00
     27.989     7.3024   3.371570    32.9716       1326     5.5208  0.000e+00
     27.959     7.3055   3.371564    32.9686       1327     5.5250  0.000e+00
     27.930     7.3073   3.371545    32.9667       1328     5.5292  0.000e+00
     27.910     7.3084   3.371464    32.9648       1329     5.5333  0.000e+00
     27.892     7.3093   3.371352    32.9627       1330     5.5375  0.000e+00
     27.872     7.3099   3.371221    32.9607       1331     5.5417  0.000e+00
     27.855     7.3102   3.371264    32.9609       1332     5.5458  0.000e+00
     27.829     7.3102   3.371239    32.9606       1333     5.5500  0.000e+00
     27.793     7.3105   3.371202    32.9599       1334     5.5542  0.000e+00
     27.751     7.3109   3.371139    32.9590       1335     5.5583  0.000e+00
     27.700     7.3113   3.371133    32.9585       1336     5.5625  0.000e+00
     27.633     7.3126   3.371183    32.9578       1337     5.5667  0.000e+00
     27.561     7.3140   3.371364    32.9585       1338     5.5708  0.000e+00
     27.476     7.3169   3.371782    32.9603       1339     5.5750  0.000e+00
     27.377     7.3224   3.372138    32.9590       1340     5.5792  0.000e+00
     27.276     7.3299   3.372625    32.9572       1341     5.5833  0.000e+00
     27.174     7.3390   3.372919    32.9517       1342     5.5875  0.000e+00
     27.084     7.3471   3.373206    32.9472       1343     5.5917  0.000e+00
     26.996     7.3536   3.373449    32.9437       1344     5.5958  0.000e+00
     26.922     7.3592   3.373743    32.9415       1345     5.6000  0.000e+00
     26.862     7.3650   3.374149    32.9405       1346     5.6042  0.000e+00
     26.811     7.3702   3.374454    32.9388       1347     5.6083  0.000e+00
     26.771     7.3752   3.374636    32.9361       1348     5.6125  0.000e+00
     26.737     7.3794   3.374929    32.9353       1349     5.6167  0.000e+00
     26.720     7.3832   3.375191    32.9346       1350     5.6208  0.000e+00
     26.710     7.3876   3.375235    32.9308       1351     5.6250  0.000e+00
     26.701     7.3907   3.375291    32.9284       1352     5.6292  0.000e+00
     26.693     7.3928   3.375210    32.9256       1353     5.6333  0.000e+00
     26.691     7.3934   3.375148    32.9244       1354     5.6375  0.000e+00
     26.682     7.3933   3.375210    32.9251       1355     5.6417  0.000e+00
     26.678     7.3936   3.375316    32.9260       1356     5.6458  0.000e+00
     26.658     7.3954   3.375579    32.9271       1357     5.6500  0.000e+00
     26.640     7.3997   3.376503    32.9331       1358     5.6542  0.000e+00
     26.610     7.4085   3.377528    32.9358       1359     5.6583  0.000e+00
     26.574     7.4216   3.378490    32.9338       1360     5.6625  0.000e+00
     26.533     7.4357   3.380071    32.9375       1361     5.6667  0.000e+00
     26.478     7.4513   3.382708    32.9512       1362     5.6708  0.000e+00
     26.426     7.4725   3.387474    32.9826       1363     5.6750  0.000e+00
     26.371     7.5044   3.393130    33.0134       1364     5.6792  0.000e+00
     26.310     7.5468   3.398258    33.0284       1365     5.6833  0.000e+00
     26.248     7.5952   3.402768    33.0310       1366     5.6875  0.000e+00
     26.190     7.6446   3.408058    33.0411       1367     5.6917  0.000e+00
     26.130     7.6961   3.413150    33.0470       1368     5.6958  0.000e+00
     26.079     7.7492   3.416513    33.0327       1369     5.7000  0.000e+00
     26.030     7.7985   3.419093    33.0137       1370     5.7042  0.000e+00
     25.973     7.8395   3.420524    32.9903       1371     5.7083  0.000e+00
     25.923     7.8712   3.421214    32.9677       1372     5.7125  0.000e+00
     25.863     7.8940   3.421610    32.9505       1373     5.7167  0.000e+00
     25.810     7.9091   3.422231    32.9429       1374     5.7208  0.000e+00
     25.752     7.9204   3.422903    32.9395       1375     5.7250  0.000e+00
     25.689     7.9298   3.423412    32.9361       1376     5.7292  0.000e+00
     25.627     7.9373   3.423820    32.9334       1377     5.7333  0.000e+00
     25.560     7.9435   3.424172    32.9313       1378     5.7375  0.000e+00
     25.505     7.9485   3.424316    32.9282       1379     5.7417  0.000e+00
     25.447     7.9525   3.424442    32.9257       1380     5.7458  0.000e+00
     25.389     7.9555   3.424599    32.9246       1381     5.7500  0.000e+00
     25.344     7.9578   3.424674    32.9233       1382     5.7542  0.000e+00
     25.289     7.9594   3.424756    32.9227       1383     5.7583  0.000e+00
     25.246     7.9607   3.424775    32.9217       1384     5.7625  0.000e+00
     25.192     7.9616   3.424837    32.9215       1385     5.7667  0.000e+00
     25.146     7.9622   3.424881    32.9215       1386     5.7708  0.000e+00
     25.096     7.9629   3.424963    32.9217       1387     5.7750  0.000e+00
     25.048     7.9635   3.425051    32.9221       1388     5.7792  0.000e+00
     24.997     7.9641   3.425082    32.9219       1389     5.7833  0.000e+00
     24.949     7.9648   3.425007    32.9204       1390     5.7875  0.000e+00
     24.903     7.9655   3.424712    32.9167       1391     5.7917  0.000e+00
     24.858     7.9663   3.424592    32.9147       1392     5.7958  0.000e+00
     24.815     7.9675   3.424592    32.9135       1393     5.8000  0.000e+00
     24.771     7.9697   3.424843    32.9141       1394     5.8042  0.000e+00
     24.733     7.9741   3.425233    32.9142       1395     5.8083  0.000e+00
     24.693     7.9811   3.425541    32.9110       1396     5.8125  0.000e+00
     24.662     7.9888   3.425880    32.9073       1397     5.8167  0.000e+00
     24.629     7.9960   3.426005    32.9019       1398     5.8208  0.000e+00
     24.588     8.0016   3.425873    32.8953       1399     5.8250  0.000e+00
     24.550     8.0044   3.426175    32.8959       1400     5.8292  0.000e+00
     24.515     8.0070   3.426640    32.8984       1401     5.8333  0.000e+00
     24.468     8.0122   3.427319    32.9008       1402     5.8375  0.000e+00
     24.430     8.0198   3.427884    32.8996       1403     5.8417  0.000e+00
     24.391     8.0283   3.428355    32.8967       1404     5.8458  0.000e+00
     24.354     8.0358   3.428449    32.8906       1405     5.8500  0.000e+00
     24.313     8.0413   3.428072    32.8815       1406     5.8542  0.000e+00
     24.277     8.0435   3.427274    32.8709       1407     5.8583  0.000e+00
     24.246     8.0412   3.426570    32.8656       1408     5.8625  0.000e+00
     24.221     8.0345   3.426005    32.8659       1409     5.8667  0.000e+00
     24.194     8.0257   3.425672    32.8706       1410     5.8708  0.000e+00
     24.172     8.0171   3.425528    32.8772       1411     5.8750  0.000e+00
     24.141     8.0102   3.425496    32.8833       1412     5.8792  0.000e+00
     24.125     8.0055   3.425779    32.8908       1413     5.8833  0.000e+00
     24.105     8.0045   3.426420    32.8986       1414     5.8875  0.000e+00
     24.074     8.0084   3.427614    32.9077       1415     5.8917  0.000e+00
     24.034     8.0174   3.429053    32.9145       1416     5.8958  0.000e+00
     23.983     8.0308   3.430021    32.9122       1417     5.9000  0.000e+00
     23.921     8.0449   3.430517    32.9043       1418     5.9042  0.000e+00
     23.840     8.0569   3.430838    32.8965       1419     5.9083  0.000e+00
     23.746     8.0656   3.431165    32.8918       1420     5.9125  0.000e+00
     23.639     8.0725   3.431347    32.8873       1421     5.9167  0.000e+00
     23.526     8.0776   3.432177    32.8914       1422     5.9208  0.000e+00
     23.415     8.0833   3.434321    32.9089       1423     5.9250  0.000e+00
     23.301     8.0954   3.446915    33.0316       1424     5.9292  0.000e+00
     23.198     8.1410   3.459142    33.1187       1425     5.9333  0.000e+00
     23.095     8.2246   3.471695    33.1731       1426     5.9375  0.000e+00
     22.997     8.3302   3.476527    33.1247       1427     5.9417  0.000e+00
     22.921     8.4295   3.477689    33.0437       1428     5.9458  0.000e+00
     22.858     8.5010   3.477928    32.9793       1429     5.9500  0.000e+00
     22.820     8.5465   3.478181    32.9395       1430     5.9542  0.000e+00
     22.796     8.5740   3.478439    32.9166       1431     5.9583  0.000e+00
     22.790     8.5910   3.478490    32.9013       1432     5.9625  0.000e+00
     22.799     8.6012   3.478540    32.8923       1433     5.9667  0.000e+00
     22.823     8.6071   3.478502    32.8863       1434     5.9708  0.000e+00
     22.853     8.6105   3.478477    32.8829       1435     5.9750  0.000e+00
     22.893     8.6120   3.478426    32.8810       1436     5.9792  0.000e+00
     22.936     8.6122   3.478521    32.8818       1437     5.9833  0.000e+00
     22.970     8.6119   3.478439    32.8811       1438     5.9875  0.000e+00
     22.992     8.6112   3.478110    32.8783       1439     5.9917  0.000e+00
     23.010     8.6092   3.477883    32.8778       1440     5.9958  0.000e+00
     23.012     8.6071   3.477396    32.8747       1441     6.0000  0.000e+00
     22.999     8.6037   3.477352    32.8774       1442     6.0042  0.000e+00
     22.966     8.6006   3.478022    32.8873       1443     6.0083  0.000e+00
     22.913     8.6008   3.478540    32.8926       1444     6.0125  0.000e+00
     22.843     8.6033   3.478521    32.8901       1445     6.0167  0.000e+00
