HB2503/sbe080.cnv
* Sea-Bird SBE 19plus V2 Data File:
* FileName = C:\cruise\data\sbe080.hex
* Software Version Seasave V 7.26.7.121
* Temperature SN = 6128
* Conductivity SN = 6128
* System UpLoad Time = Jun 04 2025 19:59:07
* NMEA Latitude = 43 03.29 N
* NMEA Longitude = 069 06.17 W
* NMEA UTC (Time) = Jun 04 2025  19:57:24
** Ship: Henry Bigelow
** Cruise:  HB2502
** Program:  Spring Bottom Trawl
# nquan = 7
# nvalues = 2633                                  
# units = specified
# name 0 = depSM: Depth [salt water, m]
# name 1 = tv290C: Temperature [ITS-90, deg C]
# name 2 = c0S/m: Conductivity [S/m]
# name 3 = sal00: Salinity, Practical [PSU]
# name 4 = scan: Scan Count
# name 5 = timeM: Time, Elapsed [minutes]
# name 6 = flag:  0.000e+00
# span 0 =     -0.135,     97.109                 
# span 1 =     5.6587,    13.2869                 
# span 2 =   0.006974,   3.833117                 
# span 3 =     0.0445,    34.4190                 
# span 4 =         11,       2643                 
# span 5 =     0.0417,    11.0083                 
# span 6 = 0.0000e+00, 0.0000e+00                 
# interval = seconds: 0.25
# start_time = Jun 04 2025 19:57:24 [NMEA time, header]
# bad_flag = -9.990e-29
*END*
[from data line 1436]
     59.425     5.7015   3.213273    32.7450       1447     6.0250  0.000e+00
     59.385     5.7027   3.213151    32.7424       1448     6.0292  0.000e+00
     59.341     5.7048   3.213261    32.7416       1449     6.0333  0.000e+00
     59.287     5.7046   3.213598    32.7457       1450     6.0375  0.000e+00
     59.240     5.6994   3.213561    32.7503       1451     6.0417  0.000e+00
     59.188     5.6943   3.213518    32.7549       1452     6.0458  0.000e+00
     59.138     5.6911   3.213500    32.7578       1453     6.0500  0.000e+00
     59.095     5.6897   3.213439    32.7584       1454     6.0542  0.000e+00
     59.059     5.6898   3.213439    32.7584       1455     6.0583  0.000e+00
     59.019     5.6904   3.213316    32.7564       1456     6.0625  0.000e+00
     58.981     5.6918   3.213334    32.7553       1457     6.0667  0.000e+00
     58.958     5.6933   3.213353    32.7541       1458     6.0708  0.000e+00
     58.930     5.6945   3.213377    32.7532       1459     6.0750  0.000e+00
     58.905     5.6954   3.213334    32.7518       1460     6.0792  0.000e+00
     58.888     5.6961   3.213322    32.7510       1461     6.0833  0.000e+00
     58.874     5.6968   3.213334    32.7505       1462     6.0875  0.000e+00
     58.867     5.6974   3.213334    32.7499       1463     6.0917  0.000e+00
     58.856     5.6977   3.213396    32.7503       1464     6.0958  0.000e+00
     58.852     5.6966   3.213475    32.7523       1465     6.1000  0.000e+00
     58.846     5.6943   3.213500    32.7548       1466     6.1042  0.000e+00
     58.845     5.6920   3.213518    32.7572       1467     6.1083  0.000e+00
     58.845     5.6900   3.213580    32.7599       1468     6.1125  0.000e+00
     58.838     5.6881   3.213537    32.7613       1469     6.1167  0.000e+00
     58.837     5.6871   3.213457    32.7613       1470     6.1208  0.000e+00
     58.828     5.6874   3.213396    32.7604       1471     6.1250  0.000e+00
     58.817     5.6888   3.213334    32.7583       1472     6.1292  0.000e+00
     58.802     5.6907   3.213243    32.7554       1473     6.1333  0.000e+00
     58.778     5.6935   3.213169    32.7518       1474     6.1375  0.000e+00
     58.747     5.6965   3.213193    32.7492       1475     6.1417  0.000e+00
     58.716     5.6977   3.213230    32.7486       1476     6.1458  0.000e+00
     58.677     5.6978   3.213193    32.7480       1477     6.1500  0.000e+00
     58.632     5.6984   3.213169    32.7472       1478     6.1542  0.000e+00
     58.594     5.6990   3.213273    32.7478       1479     6.1583  0.000e+00
     58.547     5.6985   3.213414    32.7499       1480     6.1625  0.000e+00
     58.501     5.6962   3.213475    32.7528       1481     6.1667  0.000e+00
     58.448     5.6933   3.213396    32.7548       1482     6.1708  0.000e+00
     58.407     5.6918   3.213334    32.7555       1483     6.1750  0.000e+00
     58.359     5.6918   3.213224    32.7544       1484     6.1792  0.000e+00
     58.310     5.6932   3.213255    32.7533       1485     6.1833  0.000e+00
     58.269     5.6948   3.213438    32.7539       1486     6.1875  0.000e+00
     58.223     5.6938   3.213475    32.7553       1487     6.1917  0.000e+00
     58.185     5.6919   3.213353    32.7558       1488     6.1958  0.000e+00
     58.151     5.6914   3.213230    32.7549       1489     6.2000  0.000e+00
     58.120     5.6921   3.213255    32.7545       1490     6.2042  0.000e+00
     58.094     5.6932   3.213230    32.7532       1491     6.2083  0.000e+00
     58.074     5.6941   3.213212    32.7521       1492     6.2125  0.000e+00
     58.060     5.6949   3.213193    32.7512       1493     6.2167  0.000e+00
     58.057     5.6955   3.213212    32.7508       1494     6.2208  0.000e+00
     58.052     5.6958   3.213212    32.7504       1495     6.2250  0.000e+00
     58.053     5.6960   3.213193    32.7501       1496     6.2292  0.000e+00
     58.048     5.6962   3.213169    32.7496       1497     6.2333  0.000e+00
     58.046     5.6969   3.213107    32.7482       1498     6.2375  0.000e+00
     58.041     5.6981   3.213089    32.7469       1499     6.2417  0.000e+00
     58.036     5.6992   3.213046    32.7453       1500     6.2458  0.000e+00
     58.025     5.7003   3.213009    32.7438       1501     6.2500  0.000e+00
     58.010     5.7020   3.212930    32.7413       1502     6.2542  0.000e+00
     57.986     5.7043   3.212807    32.7376       1503     6.2583  0.000e+00
     57.959     5.7077   3.212746    32.7337       1504     6.2625  0.000e+00
     57.921     5.7114   3.212684    32.7294       1505     6.2667  0.000e+00
     57.879     5.7144   3.212703    32.7267       1506     6.2708  0.000e+00
     57.832     5.7164   3.212641    32.7241       1507     6.2750  0.000e+00
     57.778     5.7181   3.212641    32.7225       1508     6.2792  0.000e+00
     57.724     5.7194   3.212660    32.7215       1509     6.2833  0.000e+00
     57.675     5.7202   3.212703    32.7212       1510     6.2875  0.000e+00
     57.626     5.7200   3.212807    32.7226       1511     6.2917  0.000e+00
     57.586     5.7189   3.212660    32.7221       1512     6.2958  0.000e+00
     57.549     5.7192   3.212684    32.7221       1513     6.3000  0.000e+00
     57.510     5.7202   3.212660    32.7208       1514     6.3042  0.000e+00
     57.483     5.7209   3.212684    32.7204       1515     6.3083  0.000e+00
     57.463     5.7216   3.212660    32.7195       1516     6.3125  0.000e+00
     57.450     5.7220   3.212684    32.7194       1517     6.3167  0.000e+00
     57.444     5.7219   3.212684    32.7195       1518     6.3208  0.000e+00
     57.444     5.7217   3.212703    32.7199       1519     6.3250  0.000e+00
     57.451     5.7210   3.212721    32.7207       1520     6.3292  0.000e+00
     57.456     5.7205   3.212684    32.7208       1521     6.3333  0.000e+00
     57.473     5.7203   3.212660    32.7208       1522     6.3375  0.000e+00
     57.487     5.7206   3.212641    32.7203       1523     6.3417  0.000e+00
     57.494     5.7207   3.212660    32.7203       1524     6.3458  0.000e+00
     57.499     5.7210   3.212703    32.7205       1525     6.3500  0.000e+00
     57.499     5.7207   3.212721    32.7210       1526     6.3542  0.000e+00
     57.491     5.7203   3.212684    32.7210       1527     6.3583  0.000e+00
     57.475     5.7197   3.212641    32.7211       1528     6.3625  0.000e+00
     57.455     5.7194   3.212580    32.7207       1529     6.3667  0.000e+00
     57.424     5.7192   3.212537    32.7205       1530     6.3708  0.000e+00
     57.388     5.7193   3.212598    32.7211       1531     6.3750  0.000e+00
     57.346     5.7197   3.212641    32.7212       1532     6.3792  0.000e+00
     57.306     5.7203   3.212457    32.7186       1533     6.3833  0.000e+00
     57.261     5.7214   3.212231    32.7150       1534     6.3875  0.000e+00
     57.212     5.7236   3.212139    32.7118       1535     6.3917  0.000e+00
     57.171     5.7257   3.211783    32.7058       1536     6.3958  0.000e+00
     57.125     5.7292   3.211765    32.7022       1537     6.4000  0.000e+00
     57.083     5.7321   3.211722    32.6989       1538     6.4042  0.000e+00
     57.044     5.7342   3.211722    32.6969       1539     6.4083  0.000e+00
     57.005     5.7354   3.211703    32.6956       1540     6.4125  0.000e+00
     56.983     5.7362   3.211685    32.6946       1541     6.4167  0.000e+00
     56.960     5.7369   3.211722    32.6943       1542     6.4208  0.000e+00
     56.942     5.7378   3.211869    32.6951       1543     6.4250  0.000e+00
     56.927     5.7392   3.211906    32.6942       1544     6.4292  0.000e+00
     56.910     5.7397   3.211948    32.6941       1545     6.4333  0.000e+00
     56.899     5.7401   3.212047    32.6949       1546     6.4375  0.000e+00
     56.891     5.7405   3.212047    32.6945       1547     6.4417  0.000e+00
     56.879     5.7412   3.212004    32.6933       1548     6.4458  0.000e+00
     56.871     5.7418   3.212071    32.6935       1549     6.4500  0.000e+00
     56.866     5.7428   3.212108    32.6930       1550     6.4542  0.000e+00
     56.853     5.7440   3.212046    32.6912       1551     6.4583  0.000e+00
     56.843     5.7451   3.211967    32.6892       1552     6.4625  0.000e+00
     56.836     5.7454   3.211887    32.6880       1553     6.4667  0.000e+00
     56.823     5.7448   3.211826    32.6879       1554     6.4708  0.000e+00
     56.816     5.7438   3.211722    32.6877       1555     6.4750  0.000e+00
     56.803     5.7428   3.211703    32.6885       1556     6.4792  0.000e+00
     56.791     5.7416   3.211660    32.6891       1557     6.4833  0.000e+00
     56.773     5.7407   3.211642    32.6898       1558     6.4875  0.000e+00
     56.753     5.7398   3.211624    32.6905       1559     6.4917  0.000e+00
     56.730     5.7393   3.211624    32.6910       1560     6.4958  0.000e+00
     56.708     5.7387   3.211618    32.6915       1561     6.5000  0.000e+00
     56.677     5.7384   3.211599    32.6916       1562     6.5042  0.000e+00
     56.652     5.7381   3.211581    32.6917       1563     6.5083  0.000e+00
     56.619     5.7377   3.211624    32.6926       1564     6.5125  0.000e+00
     56.596     5.7374   3.211581    32.6924       1565     6.5167  0.000e+00
     56.557     5.7372   3.211562    32.6925       1566     6.5208  0.000e+00
     56.527     5.7370   3.211538    32.6924       1567     6.5250  0.000e+00
     56.487     5.7368   3.211538    32.6925       1568     6.5292  0.000e+00
     56.451     5.7364   3.211562    32.6933       1569     6.5333  0.000e+00
     56.414     5.7365   3.211562    32.6932       1570     6.5375  0.000e+00
     56.380     5.7363   3.211538    32.6931       1571     6.5417  0.000e+00
     56.340     5.7364   3.211519    32.6928       1572     6.5458  0.000e+00
     56.305     5.7362   3.211519    32.6931       1573     6.5500  0.000e+00
     56.276     5.7360   3.211501    32.6930       1574     6.5542  0.000e+00
     56.247     5.7358   3.211458    32.6928       1575     6.5583  0.000e+00
     56.222     5.7356   3.211458    32.6930       1576     6.5625  0.000e+00
     56.202     5.7354   3.211458    32.6932       1577     6.5667  0.000e+00
     56.189     5.7350   3.211477    32.6937       1578     6.5708  0.000e+00
     56.173     5.7350   3.211477    32.6938       1579     6.5750  0.000e+00
     56.164     5.7349   3.211477    32.6939       1580     6.5792  0.000e+00
     56.152     5.7349   3.211458    32.6937       1581     6.5833  0.000e+00
     56.145     5.7349   3.211458    32.6937       1582     6.5875  0.000e+00
     56.139     5.7350   3.211477    32.6938       1583     6.5917  0.000e+00
     56.122     5.7350   3.211458    32.6936       1584     6.5958  0.000e+00
     56.106     5.7349   3.211477    32.6939       1585     6.6000  0.000e+00
     56.089     5.7349   3.211477    32.6939       1586     6.6042  0.000e+00
     56.070     5.7350   3.211458    32.6936       1587     6.6083  0.000e+00
     56.042     5.7351   3.211501    32.6940       1588     6.6125  0.000e+00
     56.012     5.7351   3.211519    32.6943       1589     6.6167  0.000e+00
     55.974     5.7352   3.211519    32.6942       1590     6.6208  0.000e+00
     55.928     5.7352   3.211501    32.6939       1591     6.6250  0.000e+00
     55.883     5.7354   3.211519    32.6941       1592     6.6292  0.000e+00
     55.841     5.7354   3.211519    32.6941       1593     6.6333  0.000e+00
     55.795     5.7352   3.211501    32.6940       1594     6.6375  0.000e+00
     55.746     5.7352   3.211519    32.6943       1595     6.6417  0.000e+00
     55.701     5.7354   3.211501    32.6939       1596     6.6458  0.000e+00
     55.663     5.7355   3.211458    32.6934       1597     6.6500  0.000e+00
     55.623     5.7354   3.211458    32.6934       1598     6.6542  0.000e+00
     55.588     5.7350   3.211476    32.6941       1599     6.6583  0.000e+00
     55.556     5.7346   3.211593    32.6958       1600     6.6625  0.000e+00
     55.525     5.7338   3.211660    32.6973       1601     6.6667  0.000e+00
     55.500     5.7332   3.211746    32.6989       1602     6.6708  0.000e+00
     55.477     5.7323   3.211826    32.7007       1603     6.6750  0.000e+00
     55.457     5.7314   3.211844    32.7018       1604     6.6792  0.000e+00
     55.442     5.7308   3.211887    32.7028       1605     6.6833  0.000e+00
     55.423     5.7302   3.211868    32.7032       1606     6.6875  0.000e+00
     55.408     5.7300   3.211887    32.7036       1607     6.6917  0.000e+00
     55.389     5.7298   3.211868    32.7037       1608     6.6958  0.000e+00
     55.369     5.7295   3.211868    32.7039       1609     6.7000  0.000e+00
     55.351     5.7296   3.211844    32.7036       1610     6.7042  0.000e+00
     55.322     5.7295   3.211764    32.7027       1611     6.7083  0.000e+00
     55.291     5.7298   3.211746    32.7023       1612     6.7125  0.000e+00
     55.260     5.7302   3.211770    32.7022       1613     6.7167  0.000e+00
     55.228     5.7303   3.211807    32.7026       1614     6.7208  0.000e+00
     55.187     5.7304   3.211783    32.7022       1615     6.7250  0.000e+00
     55.144     5.7304   3.211721    32.7015       1616     6.7292  0.000e+00
     55.102     5.7309   3.211807    32.7021       1617     6.7333  0.000e+00
     55.060     5.7308   3.211985    32.7041       1618     6.7375  0.000e+00
     55.017     5.7298   3.212009    32.7054       1619     6.7417  0.000e+00
     54.976     5.7287   3.212009    32.7065       1620     6.7458  0.000e+00
     54.934     5.7278   3.211948    32.7067       1621     6.7500  0.000e+00
     54.900     5.7273   3.211721    32.7046       1622     6.7542  0.000e+00
     54.862     5.7277   3.211623    32.7031       1623     6.7583  0.000e+00
     54.822     5.7287   3.211562    32.7015       1624     6.7625  0.000e+00
     54.786     5.7297   3.211599    32.7010       1625     6.7667  0.000e+00
     54.757     5.7302   3.211635    32.7009       1626     6.7708  0.000e+00
     54.726     5.7306   3.211746    32.7018       1627     6.7750  0.000e+00
     54.699     5.7305   3.211703    32.7014       1628     6.7792  0.000e+00
     54.671     5.7304   3.211684    32.7014       1629     6.7833  0.000e+00
     54.648     5.7303   3.211703    32.7016       1630     6.7875  0.000e+00
     54.624     5.7303   3.211721    32.7019       1631     6.7917  0.000e+00
     54.598     5.7299   3.211684    32.7018       1632     6.7958  0.000e+00
     54.569     5.7304   3.211562    32.7000       1633     6.8000  0.000e+00
     54.536     5.7309   3.211519    32.6991       1634     6.8042  0.000e+00
     54.497     5.7314   3.211537    32.6988       1635     6.8083  0.000e+00
     54.459     5.7319   3.211562    32.6986       1636     6.8125  0.000e+00
     54.415     5.7322   3.211562    32.6984       1637     6.8167  0.000e+00
     54.365     5.7323   3.211599    32.6987       1638     6.8208  0.000e+00
     54.315     5.7321   3.211690    32.7000       1639     6.8250  0.000e+00
     54.255     5.7332   3.211905    32.7013       1640     6.8292  0.000e+00
     54.201     5.7366   3.211825    32.6972       1641     6.8333  0.000e+00
     54.139     5.7392   3.211984    32.6965       1642     6.8375  0.000e+00
     54.077     5.7415   3.211984    32.6942       1643     6.8417  0.000e+00
     54.024     5.7431   3.212027    32.6932       1644     6.8458  0.000e+00
     53.968     5.7443   3.211782    32.6893       1645     6.8500  0.000e+00
     53.913     5.7440   3.211745    32.6892       1646     6.8542  0.000e+00
     53.861     5.7430   3.211660    32.6892       1647     6.8583  0.000e+00
     53.815     5.7419   3.211623    32.6899       1648     6.8625  0.000e+00
     53.777     5.7409   3.211580    32.6904       1649     6.8667  0.000e+00
     53.746     5.7396   3.211562    32.6915       1650     6.8708  0.000e+00
     53.713     5.7388   3.211537    32.6920       1651     6.8750  0.000e+00
