HB2503/sbe051.cnv
* Sea-Bird SBE 19plus V2 Data File:
* FileName = C:\cruise\data\sbe051.hex
* Software Version Seasave V 7.26.7.121
* Temperature SN = 6128
* Conductivity SN = 6128
* System UpLoad Time = Jun 01 2025 17:14:00
* NMEA Latitude = 40 39.95 N
* NMEA Longitude = 070 37.12 W
* NMEA UTC (Time) = Jun 01 2025  17:12:13
** Ship: Henry Bigelow
** Cruise:  HB2502
** Program:  Spring Bottom Trawl
# nquan = 7
# nvalues = 1650                                  
# units = specified
# name 0 = depSM: Depth [salt water, m]
# name 1 = tv290C: Temperature [ITS-90, deg C]
# name 2 = c0S/m: Conductivity [S/m]
# name 3 = sal00: Salinity, Practical [PSU]
# name 4 = scan: Scan Count
# name 5 = timeM: Time, Elapsed [minutes]
# name 6 = flag:  0.000e+00
# span 0 =     -0.136,     56.566                 
# span 1 =     7.6021,    12.7280                 
# span 2 =   0.007955,   3.770509                 
# span 3 =     0.0508,    33.4271                 
# span 4 =         11,       1660                 
# span 5 =     0.0417,     6.9125                 
# span 6 = 0.0000e+00, 0.0000e+00                 
# interval = seconds: 0.25
# start_time = Jun 01 2025 17:12:13 [NMEA time, header]
# bad_flag = -9.990e-29
*END*
      0.027    12.3440   0.008909     0.0569         11     0.0417  0.000e+00
      0.028    12.3446   0.008909     0.0569         12     0.0458  0.000e+00
      0.033    12.3452   0.008900     0.0569         13     0.0500  0.000e+00
      0.033    12.3452   0.008894     0.0569         14     0.0542  0.000e+00
      0.032    12.3461   0.008885     0.0568         15     0.0583  0.000e+00
      0.034    12.3463   0.008882     0.0568         16     0.0625  0.000e+00
      0.031    12.3469   0.008876     0.0567         17     0.0667  0.000e+00
      0.035    12.3472   0.008870     0.0567         18     0.0708  0.000e+00
      0.029    12.3476   0.008864     0.0567         19     0.0750  0.000e+00
      0.027    12.3478   0.008864     0.0567         20     0.0792  0.000e+00
      0.015    12.3484   0.008855     0.0566         21     0.0833  0.000e+00
      0.027    12.3487   0.008864     0.0567         22     0.0875  0.000e+00
      0.025    12.3490   0.008852     0.0566         23     0.0917  0.000e+00
      0.029    12.3495   0.008855     0.0566         24     0.0958  0.000e+00
      0.029    12.3506   0.008846     0.0566         25     0.1000  0.000e+00
      0.021    12.3515   0.008840     0.0565         26     0.1042  0.000e+00
      0.020    12.3537   0.008828     0.0564         27     0.1083  0.000e+00
      0.020    12.3564   0.008831     0.0565         28     0.1125  0.000e+00
      0.025    12.3605   0.008825     0.0564         29     0.1167  0.000e+00
      0.026    12.3643   0.008810     0.0563         30     0.1208  0.000e+00
      0.026    12.3681   0.008795     0.0562         31     0.1250  0.000e+00
      0.022    12.3723   0.008789     0.0562         32     0.1292  0.000e+00
      0.028    12.3757   0.008789     0.0562         33     0.1333  0.000e+00
      0.029    12.3774   0.008783     0.0561         34     0.1375  0.000e+00
      0.030    12.3778   0.008783     0.0561         35     0.1417  0.000e+00
      0.027    12.3778   0.008780     0.0561         36     0.1458  0.000e+00
      0.029    12.3776   0.008762     0.0560         37     0.1500  0.000e+00
      0.029    12.3767   0.008753     0.0560         38     0.1542  0.000e+00
      0.027    12.3759   0.008750     0.0559         39     0.1583  0.000e+00
      0.024    12.3756   0.008750     0.0559         40     0.1625  0.000e+00
      0.017    12.3758   0.008732     0.0558         41     0.1667  0.000e+00
      0.026    12.3766   0.008726     0.0558         42     0.1708  0.000e+00
      0.020    12.3794   0.008720     0.0558         43     0.1750  0.000e+00
      0.016    12.3844   0.008708     0.0557         44     0.1792  0.000e+00
      0.016    12.3896   0.008699     0.0556         45     0.1833  0.000e+00
      0.019    12.3960   0.008693     0.0556         46     0.1875  0.000e+00
      0.015    12.4020   0.008693     0.0556         47     0.1917  0.000e+00
      0.014    12.4076   0.008687     0.0555         48     0.1958  0.000e+00
      0.012    12.4132   0.008681     0.0555         49     0.2000  0.000e+00
      0.012    12.4182   0.008663     0.0554         50     0.2042  0.000e+00
      0.019    12.4207   0.008660     0.0553         51     0.2083  0.000e+00
      0.018    12.4239   0.008657     0.0553         52     0.2125  0.000e+00
      0.018    12.4270   0.008660     0.0553         53     0.2167  0.000e+00
      0.012    12.4286   0.008669     0.0554         54     0.2208  0.000e+00
      0.016    12.4308   0.008663     0.0554         55     0.2250  0.000e+00
      0.018    12.4326   0.008648     0.0553         56     0.2292  0.000e+00
      0.011    12.4343   0.008642     0.0552         57     0.2333  0.000e+00
      0.020    12.4371   0.008636     0.0552         58     0.2375  0.000e+00
      0.016    12.4392   0.008630     0.0551         59     0.2417  0.000e+00
      0.016    12.4427   0.008624     0.0551         60     0.2458  0.000e+00
      0.018    12.4467   0.008615     0.0550         61     0.2500  0.000e+00
      0.017    12.4516   0.008612     0.0550         62     0.2542  0.000e+00
      0.022    12.4531   0.008600     0.0549         63     0.2583  0.000e+00
      0.026    12.4549   0.008606     0.0550         64     0.2625  0.000e+00
      0.020    12.4583   0.008597     0.0549         65     0.2667  0.000e+00
      0.022    12.4600   0.008591     0.0549         66     0.2708  0.000e+00
      0.017    12.4626   0.008579     0.0548         67     0.2750  0.000e+00
      0.019    12.4655   0.008579     0.0548         68     0.2792  0.000e+00
      0.021    12.4664   0.008573     0.0548         69     0.2833  0.000e+00
      0.015    12.4671   0.008555     0.0547         70     0.2875  0.000e+00
      0.017    12.4691   0.008549     0.0546         71     0.2917  0.000e+00
      0.019    12.4712   0.008546     0.0546         72     0.2958  0.000e+00
      0.024    12.4733   0.008543     0.0546         73     0.3000  0.000e+00
      0.020    12.4771   0.008543     0.0546         74     0.3042  0.000e+00
      0.021    12.4797   0.008531     0.0545         75     0.3083  0.000e+00
      0.019    12.4823   0.008522     0.0544         76     0.3125  0.000e+00
      0.013    12.4865   0.008510     0.0544         77     0.3167  0.000e+00
      0.017    12.4904   0.008510     0.0544         78     0.3208  0.000e+00
      0.012    12.4945   0.008510     0.0544         79     0.3250  0.000e+00
      0.021    12.5004   0.008498     0.0543         80     0.3292  0.000e+00
      0.014    12.5039   0.008495     0.0543         81     0.3333  0.000e+00
      0.013    12.5080   0.008486     0.0542         82     0.3375  0.000e+00
      0.012    12.5119   0.008480     0.0542         83     0.3417  0.000e+00
      0.011    12.5141   0.008474     0.0541         84     0.3458  0.000e+00
      0.013    12.5159   0.008471     0.0541         85     0.3500  0.000e+00
      0.013    12.5175   0.008465     0.0541         86     0.3542  0.000e+00
      0.010    12.5180   0.008465     0.0541         87     0.3583  0.000e+00
      0.013    12.5173   0.008447     0.0539         88     0.3625  0.000e+00
      0.015    12.5165   0.008444     0.0539         89     0.3667  0.000e+00
      0.019    12.5161   0.008435     0.0539         90     0.3708  0.000e+00
      0.013    12.5166   0.008423     0.0538         91     0.3750  0.000e+00
      0.017    12.5169   0.008429     0.0538         92     0.3792  0.000e+00
      0.017    12.5177   0.008423     0.0538         93     0.3833  0.000e+00
      0.004    12.5193   0.008420     0.0538         94     0.3875  0.000e+00
      0.011    12.5219   0.008414     0.0537         95     0.3917  0.000e+00
      0.011    12.5250   0.008402     0.0537         96     0.3958  0.000e+00
      0.008    12.5280   0.008402     0.0537         97     0.4000  0.000e+00
      0.013    12.5283   0.008402     0.0537         98     0.4042  0.000e+00
      0.004    12.5265   0.008390     0.0536         99     0.4083  0.000e+00
      0.003    12.5241   0.008390     0.0536        100     0.4125  0.000e+00
      0.006    12.5227   0.008381     0.0535        101     0.4167  0.000e+00
      0.010    12.5219   0.008372     0.0535        102     0.4208  0.000e+00
      0.011    12.5267   0.008372     0.0535        103     0.4250  0.000e+00
      0.007    12.5339   0.008363     0.0534        104     0.4292  0.000e+00
      0.011    12.5388   0.008360     0.0534        105     0.4333  0.000e+00
      0.009    12.5419   0.008357     0.0534        106     0.4375  0.000e+00
      0.013    12.5429   0.008351     0.0533        107     0.4417  0.000e+00
      0.008    12.5425   0.008345     0.0533        108     0.4458  0.000e+00
      0.009    12.5415   0.008336     0.0532        109     0.4500  0.000e+00
      0.013    12.5411   0.008333     0.0532        110     0.4542  0.000e+00
      0.020    12.5403   0.008327     0.0532        111     0.4583  0.000e+00
      0.024    12.5400   0.008333     0.0532        112     0.4625  0.000e+00
      0.016    12.5395   0.008321     0.0532        113     0.4667  0.000e+00
      0.015    12.5394   0.008315     0.0531        114     0.4708  0.000e+00
      0.011    12.5395   0.008315     0.0531        115     0.4750  0.000e+00
      0.009    12.5401   0.008303     0.0530        116     0.4792  0.000e+00
      0.009    12.5404   0.008300     0.0530        117     0.4833  0.000e+00
      0.006    12.5426   0.008291     0.0530        118     0.4875  0.000e+00
      0.006    12.5459   0.008282     0.0529        119     0.4917  0.000e+00
      0.008    12.5508   0.008288     0.0529        120     0.4958  0.000e+00
      0.012    12.5567   0.008285     0.0529        121     0.5000  0.000e+00
      0.006    12.5642   0.008270     0.0528        122     0.5042  0.000e+00
      0.008    12.5760   0.008276     0.0529        123     0.5083  0.000e+00
      0.006    12.5866   0.008267     0.0528        124     0.5125  0.000e+00
      0.006    12.5932   0.008258     0.0527        125     0.5167  0.000e+00
      0.011    12.5962   0.008258     0.0527        126     0.5208  0.000e+00
      0.010    12.5992   0.008249     0.0527        127     0.5250  0.000e+00
      0.009    12.6000   0.008252     0.0527        128     0.5292  0.000e+00
      0.009    12.6010   0.008246     0.0526        129     0.5333  0.000e+00
      0.011    12.6008   0.008240     0.0526        130     0.5375  0.000e+00
      0.011    12.6006   0.008225     0.0525        131     0.5417  0.000e+00
      0.013    12.6008   0.008219     0.0525        132     0.5458  0.000e+00
      0.013    12.6015   0.008219     0.0525        133     0.5500  0.000e+00
      0.007    12.6018   0.008219     0.0525        134     0.5542  0.000e+00
      0.011    12.6020   0.008210     0.0524        135     0.5583  0.000e+00
      0.009    12.6017   0.008207     0.0524        136     0.5625  0.000e+00
      0.009    12.6008   0.008207     0.0524        137     0.5667  0.000e+00
      0.005    12.5987   0.008201     0.0524        138     0.5708  0.000e+00
      0.007    12.5978   0.008201     0.0524        139     0.5750  0.000e+00
      0.004    12.5972   0.008189     0.0523        140     0.5792  0.000e+00
      0.005    12.5968   0.008183     0.0523        141     0.5833  0.000e+00
      0.005    12.5969   0.008183     0.0523        142     0.5875  0.000e+00
      0.003    12.5989   0.008180     0.0522        143     0.5917  0.000e+00
      0.003    12.6002   0.008180     0.0522        144     0.5958  0.000e+00
     -0.000    12.6033   0.008174     0.0522        145     0.6000  0.000e+00
      0.005    12.6070   0.008168     0.0522        146     0.6042  0.000e+00
      0.003    12.6097   0.008165     0.0521        147     0.6083  0.000e+00
      0.003    12.6118   0.008162     0.0521        148     0.6125  0.000e+00
      0.001    12.6147   0.008150     0.0521        149     0.6167  0.000e+00
      0.001    12.6162   0.008150     0.0520        150     0.6208  0.000e+00
      0.005    12.6175   0.008138     0.0520        151     0.6250  0.000e+00
      0.003    12.6180   0.008138     0.0520        152     0.6292  0.000e+00
      0.005    12.6191   0.008132     0.0519        153     0.6333  0.000e+00
      0.003    12.6196   0.008132     0.0519        154     0.6375  0.000e+00
      0.005    12.6194   0.008129     0.0519        155     0.6417  0.000e+00
      0.005    12.6196   0.008132     0.0519        156     0.6458  0.000e+00
      0.009    12.6196   0.008126     0.0519        157     0.6500  0.000e+00
      0.009    12.6188   0.008123     0.0519        158     0.6542  0.000e+00
      0.009    12.6179   0.008117     0.0518        159     0.6583  0.000e+00
      0.007    12.6169   0.008117     0.0518        160     0.6625  0.000e+00
      0.007    12.6164   0.008114     0.0518        161     0.6667  0.000e+00
      0.007    12.6158   0.008111     0.0518        162     0.6708  0.000e+00
      0.005    12.6153   0.008111     0.0518        163     0.6750  0.000e+00
      0.003    12.6135   0.008102     0.0518        164     0.6792  0.000e+00
      0.002    12.6133   0.008105     0.0518        165     0.6833  0.000e+00
      0.005    12.6139   0.008099     0.0517        166     0.6875  0.000e+00
      0.002    12.6156   0.008093     0.0517        167     0.6917  0.000e+00
      0.003    12.6178   0.008081     0.0516        168     0.6958  0.000e+00
      0.003    12.6212   0.008087     0.0517        169     0.7000  0.000e+00
     -0.000    12.6246   0.008084     0.0516        170     0.7042  0.000e+00
      0.001    12.6275   0.008075     0.0516        171     0.7083  0.000e+00
     -0.001    12.6305   0.008063     0.0515        172     0.7125  0.000e+00
     -0.002    12.6334   0.008069     0.0515        173     0.7167  0.000e+00
     -0.004    12.6366   0.008063     0.0515        174     0.7208  0.000e+00
     -0.002    12.6399   0.008057     0.0515        175     0.7250  0.000e+00
     -0.015    12.6404   0.008054     0.0514        176     0.7292  0.000e+00
     -0.011    12.6403   0.008054     0.0514        177     0.7333  0.000e+00
     -0.006    12.6409   0.008048     0.0514        178     0.7375  0.000e+00
     -0.000    12.6406   0.008048     0.0514        179     0.7417  0.000e+00
      0.003    12.6389   0.008054     0.0514        180     0.7458  0.000e+00
      0.000    12.6378   0.008048     0.0514        181     0.7500  0.000e+00
     -0.005    12.6376   0.008048     0.0514        182     0.7542  0.000e+00
      0.002    12.6357   0.008048     0.0514        183     0.7583  0.000e+00
      0.004    12.6346   0.008036     0.0513        184     0.7625  0.000e+00
      0.000    12.6329   0.008036     0.0513        185     0.7667  0.000e+00
     -0.002    12.6327   0.008030     0.0513        186     0.7708  0.000e+00
     -0.001    12.6342   0.008021     0.0513        187     0.7750  0.000e+00
      0.004    12.6376   0.008030     0.0513        188     0.7792  0.000e+00
      0.006    12.6413   0.008024     0.0513        189     0.7833  0.000e+00
     -0.002    12.6445   0.008021     0.0512        190     0.7875  0.000e+00
     -0.002    12.6480   0.008012     0.0512        191     0.7917  0.000e+00
      0.002    12.6506   0.008012     0.0512        192     0.7958  0.000e+00
      0.000    12.6517   0.008012     0.0512        193     0.8000  0.000e+00
      0.002    12.6539   0.008006     0.0511        194     0.8042  0.000e+00
      0.004    12.6566   0.008006     0.0511        195     0.8083  0.000e+00
     -0.001    12.6564   0.008018     0.0512        196     0.8125  0.000e+00
     -0.004    12.6557   0.008006     0.0511        197     0.8167  0.000e+00
     -0.005    12.6556   0.008018     0.0512        198     0.8208  0.000e+00
     -0.009    12.6536   0.008018     0.0512        199     0.8250  0.000e+00
     -0.004    12.6514   0.008024     0.0513        200     0.8292  0.000e+00
     -0.002    12.6503   0.008018     0.0512        201     0.8333  0.000e+00
     -0.005    12.6477   0.008012     0.0512        202     0.8375  0.000e+00
     -0.012    12.6451   0.008003     0.0511        203     0.8417  0.000e+00
     -0.010    12.6444   0.008003     0.0511        204     0.8458  0.000e+00
     -0.020    12.6444   0.007997     0.0511        205     0.8500  0.000e+00
     -0.010    12.6416   0.008003     0.0511        206     0.8542  0.000e+00
     -0.018    12.6407   0.007991     0.0511        207     0.8583  0.000e+00
     -0.010    12.6422   0.007997     0.0511        208     0.8625  0.000e+00
     -0.007    12.6433   0.007985     0.0510        209     0.8667  0.000e+00
     -0.005    12.6426   0.007985     0.0510        210     0.8708  0.000e+00
     -0.007    12.6436   0.007979     0.0510        211     0.8750  0.000e+00
     -0.007    12.6458   0.007979     0.0510        212     0.8792  0.000e+00
     -0.001    12.6479   0.007982     0.0510        213     0.8833  0.000e+00
      0.004    12.6512   0.007991     0.0511        214     0.8875  0.000e+00
      0.002    12.6541   0.007997     0.0511        215     0.8917  0.000e+00
