HB2503/sbe012.cnv
* Sea-Bird SBE 19plus V2 Data File:
* FileName = C:\cruise\data\sbe012.hex
* Software Version Seasave V 7.26.7.121
* Temperature SN = 6128
* Conductivity SN = 6128
* System UpLoad Time = May 28 2025 23:37:17
* NMEA Latitude = 39 03.42 N
* NMEA Longitude = 072 44.24 W
* NMEA UTC (Time) = May 28 2025  23:35:27
** Ship: Henry Bigelow
** Cruise:  HB2502
** Program:  Spring Bottom Trawl
# nquan = 7
# nvalues = 4112                                  
# units = specified
# name 0 = depSM: Depth [salt water, m]
# name 1 = tv290C: Temperature [ITS-90, deg C]
# name 2 = c0S/m: Conductivity [S/m]
# name 3 = sal00: Salinity, Practical [PSU]
# name 4 = scan: Scan Count
# name 5 = timeM: Time, Elapsed [minutes]
# name 6 = flag:  0.000e+00
# span 0 =     -0.031,    200.866                 
# span 1 =    10.5547,    15.1681                 
# span 2 =   0.018543,   4.103804                 
# span 3 =     0.1100,    35.3548                 
# span 4 =         11,       4122                 
# span 5 =     0.0417,    17.1708                 
# span 6 = 0.0000e+00, 0.0000e+00                 
# interval = seconds: 0.25
# start_time = May 28 2025 23:35:27 [NMEA time, header]
# bad_flag = -9.990e-29
*END*
[from data line 2257]
    124.043    11.5868   3.982589    35.1653       2268     9.4458  0.000e+00
    123.951    11.5861   3.982376    35.1638       2269     9.4500  0.000e+00
    123.862    11.5851   3.982449    35.1656       2270     9.4542  0.000e+00
    123.785    11.5848   3.982516    35.1666       2271     9.4583  0.000e+00
    123.715    11.5846   3.982709    35.1687       2272     9.4625  0.000e+00
    123.656    11.5852   3.982709    35.1681       2273     9.4667  0.000e+00
    123.609    11.5856   3.982729    35.1680       2274     9.4708  0.000e+00
    123.572    11.5859   3.982683    35.1673       2275     9.4750  0.000e+00
    123.553    11.5862   3.982663    35.1668       2276     9.4792  0.000e+00
    123.536    11.5863   3.982663    35.1667       2277     9.4833  0.000e+00
    123.525    11.5864   3.982636    35.1664       2278     9.4875  0.000e+00
    123.516    11.5865   3.982636    35.1663       2279     9.4917  0.000e+00
    123.503    11.5865   3.982616    35.1660       2280     9.4958  0.000e+00
    123.483    11.5865   3.982616    35.1660       2281     9.5000  0.000e+00
    123.452    11.5864   3.982709    35.1671       2282     9.5042  0.000e+00
    123.411    11.5867   3.982876    35.1685       2283     9.5083  0.000e+00
    123.362    11.5875   3.983063    35.1696       2284     9.5125  0.000e+00
    123.297    11.5887   3.983397    35.1718       2285     9.5167  0.000e+00
    123.219    11.5906   3.983517    35.1712       2286     9.5208  0.000e+00
    123.123    11.5926   3.983657    35.1707       2287     9.5250  0.000e+00
    123.013    11.5944   3.983657    35.1691       2288     9.5292  0.000e+00
    122.889    11.5954   3.983416    35.1658       2289     9.5333  0.000e+00
    122.753    11.5956   3.982542    35.1570       2290     9.5375  0.000e+00
    122.603    11.5939   3.981754    35.1510       2291     9.5417  0.000e+00
    122.438    11.5905   3.981921    35.1559       2292     9.5458  0.000e+00
    122.277    11.5880   3.982041    35.1596       2293     9.5500  0.000e+00
    122.096    11.5866   3.981854    35.1591       2294     9.5542  0.000e+00
    121.909    11.5858   3.982115    35.1625       2295     9.5583  0.000e+00
    121.729    11.5852   3.982215    35.1641       2296     9.5625  0.000e+00
    121.560    11.5859   3.982348    35.1649       2297     9.5667  0.000e+00
    121.410    11.5867   3.982181    35.1625       2298     9.5708  0.000e+00
    121.276    11.5867   3.981781    35.1586       2299     9.5750  0.000e+00
    121.164    11.5859   3.982515    35.1667       2300     9.5792  0.000e+00
    121.089    11.5866   3.982922    35.1701       2301     9.5833  0.000e+00
    121.042    11.5892   3.983135    35.1697       2302     9.5875  0.000e+00
    121.024    11.5912   3.983155    35.1680       2303     9.5917  0.000e+00
    121.029    11.5931   3.983489    35.1695       2304     9.5958  0.000e+00
    121.045    11.5948   3.984464    35.1775       2305     9.6000  0.000e+00
    121.071    11.5986   3.984083    35.1702       2306     9.6042  0.000e+00
    121.101    11.6012   3.984056    35.1674       2307     9.6083  0.000e+00
    121.130    11.6019   3.983656    35.1628       2308     9.6125  0.000e+00
    121.155    11.6016   3.984036    35.1668       2309     9.6167  0.000e+00
    121.173    11.6015   3.984344    35.1699       2310     9.6208  0.000e+00
    121.170    11.6032   3.985559    35.1803       2311     9.6250  0.000e+00
    121.154    11.6069   3.987408    35.1950       2312     9.6292  0.000e+00
    121.123    11.6147   3.988697    35.2003       2313     9.6333  0.000e+00
    121.074    11.6242   3.991409    35.2180       2314     9.6375  0.000e+00
    121.003    11.6383   3.993667    35.2269       2315     9.6417  0.000e+00
    120.927    11.6550   3.994455    35.2189       2316     9.6458  0.000e+00
    120.836    11.6688   3.994882    35.2100       2317     9.6500  0.000e+00
    120.731    11.6789   3.991715    35.1693       2318     9.6542  0.000e+00
    120.619    11.6781   3.989931    35.1526       2319     9.6583  0.000e+00
    120.511    11.6696   3.991548    35.1765       2320     9.6625  0.000e+00
    120.402    11.6656   3.992450    35.1893       2321     9.6667  0.000e+00
    120.291    11.6680   3.992243    35.1850       2322     9.6708  0.000e+00
    120.181    11.6696   3.991334    35.1746       2323     9.6750  0.000e+00
    120.067    11.6683   3.988409    35.1471       2324     9.6792  0.000e+00
    119.956    11.6608   3.991074    35.1805       2325     9.6833  0.000e+00
    119.842    11.6591   3.994287    35.2138       2326     9.6875  0.000e+00
    119.726    11.6680   3.993332    35.1959       2327     9.6917  0.000e+00
    119.610    11.6747   3.992189    35.1784       2328     9.6958  0.000e+00
    119.494    11.6759   3.995069    35.2057       2329     9.7000  0.000e+00
    119.374    11.6811   3.995523    35.2053       2330     9.7042  0.000e+00
    119.249    11.6882   3.996118    35.2044       2331     9.7083  0.000e+00
    119.135    11.6952   3.997909    35.2155       2332     9.7125  0.000e+00
    119.023    11.7036   3.996646    35.1951       2333     9.7167  0.000e+00
    118.921    11.7078   3.994667    35.1718       2334     9.7208  0.000e+00
    118.833    11.7049   3.994641    35.1743       2335     9.7250  0.000e+00
    118.760    11.7012   3.993906    35.1706       2336     9.7292  0.000e+00
    118.709    11.6965   3.993117    35.1673       2337     9.7333  0.000e+00
    118.675    11.6915   3.992950    35.1704       2338     9.7375  0.000e+00
    118.661    11.6875   3.992643    35.1711       2339     9.7417  0.000e+00
    118.659    11.6842   3.992549    35.1734       2340     9.7458  0.000e+00
    118.662    11.6817   3.991975    35.1701       2341     9.7500  0.000e+00
    118.677    11.6788   3.991594    35.1691       2342     9.7542  0.000e+00
    118.689    11.6758   3.991120    35.1673       2343     9.7583  0.000e+00
    118.698    11.6726   3.990211    35.1613       2344     9.7625  0.000e+00
    118.698    11.6680   3.989784    35.1615       2345     9.7667  0.000e+00
    118.677    11.6636   3.989597    35.1639       2346     9.7708  0.000e+00
    118.642    11.6598   3.989357    35.1651       2347     9.7750  0.000e+00
    118.586    11.6567   3.988428    35.1589       2348     9.7792  0.000e+00
    118.516    11.6526   3.987220    35.1510       2349     9.7833  0.000e+00
    118.418    11.6468   3.987073    35.1551       2350     9.7875  0.000e+00
    118.306    11.6417   3.987907    35.1682       2351     9.7917  0.000e+00
    118.179    11.6400   3.987193    35.1627       2352     9.7958  0.000e+00
    118.039    11.6388   3.988168    35.1736       2353     9.8000  0.000e+00
    117.891    11.6394   3.990866    35.1997       2354     9.8042  0.000e+00
    117.738    11.6475   3.994334    35.2262       2355     9.8083  0.000e+00
    117.591    11.6636   3.997481    35.2420       2356     9.8125  0.000e+00
    117.441    11.6847   3.994166    35.1893       2357     9.8167  0.000e+00
    117.302    11.6933   3.993097    35.1708       2358     9.8208  0.000e+00
    117.173    11.6933   3.992068    35.1607       2359     9.8250  0.000e+00
    117.059    11.6890   3.990164    35.1461       2360     9.8292  0.000e+00
    116.961    11.6814   3.987219    35.1244       2361     9.8333  0.000e+00
    116.880    11.6678   3.987933    35.1443       2362     9.8375  0.000e+00
    116.811    11.6579   3.989476    35.1689       2363     9.8417  0.000e+00
    116.767    11.6583   3.990164    35.1753       2364     9.8458  0.000e+00
    116.725    11.6599   3.990859    35.1806       2365     9.8500  0.000e+00
    116.696    11.6639   3.991667    35.1848       2366     9.8542  0.000e+00
    116.682    11.6688   3.992048    35.1839       2367     9.8583  0.000e+00
    116.672    11.6733   3.992308    35.1822       2368     9.8625  0.000e+00
    116.666    11.6771   3.992428    35.1798       2369     9.8667  0.000e+00
    116.662    11.6801   3.992168    35.1745       2370     9.8708  0.000e+00
    116.662    11.6814   3.991593    35.1676       2371     9.8750  0.000e+00
    116.650    11.6804   3.989856    35.1514       2372     9.8792  0.000e+00
    116.636    11.6753   3.988881    35.1467       2373     9.8833  0.000e+00
    116.604    11.6686   3.990331    35.1673       2374     9.8875  0.000e+00
    116.562    11.6664   3.992141    35.1872       2375     9.8917  0.000e+00
    116.506    11.6703   3.992930    35.1912       2376     9.8958  0.000e+00
    116.435    11.6766   3.991834    35.1745       2377     9.9000  0.000e+00
    116.350    11.6780   3.985556    35.1115       2378     9.9042  0.000e+00
    116.254    11.6639   3.982612    35.0959       2379     9.9083  0.000e+00
    116.147    11.6417   3.982419    35.1150       2380     9.9125  0.000e+00
    116.031    11.6259   3.983153    35.1373       2381     9.9167  0.000e+00
    115.910    11.6182   3.983467    35.1478       2382     9.9208  0.000e+00
    115.796    11.6154   3.984255    35.1582       2383     9.9250  0.000e+00
    115.682    11.6168   3.984815    35.1624       2384     9.9292  0.000e+00
    115.567    11.6199   3.985176    35.1631       2385     9.9333  0.000e+00
    115.464    11.6236   3.985623    35.1641       2386     9.9375  0.000e+00
    115.364    11.6275   3.986003    35.1642       2387     9.9417  0.000e+00
    115.279    11.6315   3.986123    35.1616       2388     9.9458  0.000e+00
    115.197    11.6351   3.986504    35.1620       2389     9.9500  0.000e+00
    115.123    11.6381   3.986931    35.1633       2390     9.9542  0.000e+00
    115.051    11.6415   3.986597    35.1569       2391     9.9583  0.000e+00
    114.991    11.6435   3.986717    35.1563       2392     9.9625  0.000e+00
    114.930    11.6448   3.987171    35.1595       2393     9.9667  0.000e+00
    114.873    11.6470   3.987285    35.1585       2394     9.9708  0.000e+00
    114.810    11.6491   3.987479    35.1585       2395     9.9750  0.000e+00
    114.750    11.6508   3.987265    35.1548       2396     9.9792  0.000e+00
    114.691    11.6516   3.987271    35.1541       2397     9.9833  0.000e+00
    114.625    11.6519   3.987786    35.1589       2398     9.9875  0.000e+00
    114.551    11.6528   3.986884    35.1493       2399     9.9917  0.000e+00
    114.475    11.6518   3.987124    35.1525       2400     9.9958  0.000e+00
    114.393    11.6510   3.987124    35.1534       2401    10.0000  0.000e+00
    114.316    11.6508   3.986216    35.1447       2402    10.0042  0.000e+00
    114.225    11.6484   3.986690    35.1516       2403    10.0083  0.000e+00
    114.153    11.6475   3.987832    35.1638       2404    10.0125  0.000e+00
    114.075    11.6500   3.988360    35.1666       2405    10.0167  0.000e+00
    113.994    11.6543   3.988260    35.1616       2406    10.0208  0.000e+00
    113.919    11.6574   3.988907    35.1651       2407    10.0250  0.000e+00
    113.856    11.6604   3.988787    35.1611       2408    10.0292  0.000e+00
    113.789    11.6628   3.990069    35.1715       2409    10.0333  0.000e+00
    113.724    11.6670   3.989241    35.1593       2410    10.0375  0.000e+00
    113.664    11.6688   3.988760    35.1529       2411    10.0417  0.000e+00
    113.595    11.6684   3.990664    35.1721       2412    10.0458  0.000e+00
    113.532    11.6720   3.991833    35.1801       2413    10.0500  0.000e+00
    113.468    11.6792   3.992688    35.1818       2414    10.0542  0.000e+00
    113.401    11.6869   3.993810    35.1855       2415    10.0583  0.000e+00
    113.336    11.6952   3.994852    35.1880       2416    10.0625  0.000e+00
    113.265    11.7036   3.996115    35.1925       2417    10.0667  0.000e+00
    113.197    11.7132   3.996904    35.1911       2418    10.0708  0.000e+00
    113.122    11.7224   3.996904    35.1825       2419    10.0750  0.000e+00
    113.055    11.7289   3.997118    35.1785       2420    10.0792  0.000e+00
    112.990    11.7328   3.997405    35.1776       2421    10.0833  0.000e+00
    112.919    11.7358   3.998167    35.1823       2422    10.0875  0.000e+00
    112.850    11.7400   3.998261    35.1793       2423    10.0917  0.000e+00
    112.787    11.7440   4.001008    35.2025       2424    10.0958  0.000e+00
    112.725    11.7531   4.001844    35.2021       2425    10.1000  0.000e+00
    112.656    11.7639   4.002225    35.1957       2426    10.1042  0.000e+00
    112.593    11.7719   4.002366    35.1895       2427    10.1083  0.000e+00
    112.525    11.7773   4.002439    35.1851       2428    10.1125  0.000e+00
    112.458    11.7806   4.002011    35.1778       2429    10.1167  0.000e+00
    112.391    11.7817   3.999650    35.1536       2430    10.1208  0.000e+00
    112.321    11.7756   4.000025    35.1631       2431    10.1250  0.000e+00
    112.244    11.7706   4.000526    35.1728       2432    10.1292  0.000e+00
    112.168    11.7693   4.000266    35.1715       2433    10.1333  0.000e+00
    112.087    11.7681   4.000005    35.1701       2434    10.1375  0.000e+00
    112.001    11.7673   4.002245    35.1929       2435    10.1417  0.000e+00
    111.913    11.7714   4.003563    35.2020       2436    10.1458  0.000e+00
    111.822    11.7797   4.005068    35.2089       2437    10.1500  0.000e+00
    111.731    11.7907   4.005877    35.2065       2438    10.1542  0.000e+00
    111.639    11.8006   4.005950    35.1979       2439    10.1583  0.000e+00
    111.546    11.8077   4.005736    35.1891       2440    10.1625  0.000e+00
    111.461    11.8113   4.005355    35.1820       2441    10.1667  0.000e+00
    111.384    11.8121   4.005830    35.1860       2442    10.1708  0.000e+00
    111.313    11.8132   4.005997    35.1866       2443    10.1750  0.000e+00
    111.248    11.8149   4.006144    35.1864       2444    10.1792  0.000e+00
    111.183    11.8168   4.005903    35.1823       2445    10.1833  0.000e+00
    111.128    11.8175   4.005977    35.1823       2446    10.1875  0.000e+00
    111.063    11.8179   4.006311    35.1853       2447    10.1917  0.000e+00
    111.005    11.8192   4.006713    35.1881       2448    10.1958  0.000e+00
    110.934    11.8211   4.006833    35.1875       2449    10.2000  0.000e+00
    110.857    11.8224   4.007435    35.1922       2450    10.2042  0.000e+00
    110.779    11.8251   4.006164    35.1772       2451    10.2083  0.000e+00
    110.688    11.8248   4.007455    35.1902       2452    10.2125  0.000e+00
    110.598    11.8252   4.007836    35.1935       2453    10.2167  0.000e+00
    110.502    11.8281   4.008124    35.1936       2454    10.2208  0.000e+00
    110.397    11.8312   4.008439    35.1939       2455    10.2250  0.000e+00
    110.295    11.8341   4.009469    35.2013       2456    10.2292  0.000e+00
    110.199    11.8390   4.009850    35.2005       2457    10.2333  0.000e+00
    110.110    11.8440   4.009750    35.1947       2458    10.2375  0.000e+00
    110.031    11.8478   4.009777    35.1915       2459    10.2417  0.000e+00
    109.967    11.8495   4.009870    35.1908       2460    10.2458  0.000e+00
    109.918    11.8504   4.009777    35.1890       2461    10.2500  0.000e+00
    109.875    11.8506   4.009683    35.1880       2462    10.2542  0.000e+00
    109.842    11.8503   4.009730    35.1887       2463    10.2583  0.000e+00
    109.810    11.8501   4.009750    35.1891       2464    10.2625  0.000e+00
    109.786    11.8501   4.009991    35.1915       2465    10.2667  0.000e+00
    109.753    11.8504   4.010038    35.1917       2466    10.2708  0.000e+00
    109.723    11.8511   4.010064    35.1913       2467    10.2750  0.000e+00
    109.679    11.8516   4.009897    35.1892       2468    10.2792  0.000e+00
    109.634    11.8514   4.009609    35.1866       2469    10.2833  0.000e+00
    109.581    11.8506   4.009582    35.1871       2470    10.2875  0.000e+00
    109.518    11.8497   4.009683    35.1890       2471    10.2917  0.000e+00
