HB2503/sbe084.cnv
* Sea-Bird SBE 19plus V2 Data File:
* FileName = C:\cruise\data\sbe084.hex
* Software Version Seasave V 7.26.7.121
* Temperature SN = 6128
* Conductivity SN = 6128
* System UpLoad Time = Jun 05 2025 06:10:35
* NMEA Latitude = 42 31.79 N
* NMEA Longitude = 070 12.52 W
* NMEA UTC (Time) = Jun 05 2025  06:08:52
** Ship: Henry Bigelow
** Cruise:  HB2502
** Program:  Spring Bottom Trawl
# nquan = 7
# nvalues = 1734                                  
# units = specified
# name 0 = depSM: Depth [salt water, m]
# name 1 = tv290C: Temperature [ITS-90, deg C]
# name 2 = c0S/m: Conductivity [S/m]
# name 3 = sal00: Salinity, Practical [PSU]
# name 4 = scan: Scan Count
# name 5 = timeM: Time, Elapsed [minutes]
# name 6 = flag:  0.000e+00
# span 0 =     -0.078,     70.253                 
# span 1 =     4.8851,    13.4110                 
# span 2 =   0.007355,   3.675238                 
# span 3 =     0.0466,    32.3386                 
# span 4 =         11,       1744                 
# span 5 =     0.0417,     7.2625                 
# span 6 = 0.0000e+00, 0.0000e+00                 
# interval = seconds: 0.25
# start_time = Jun 05 2025 06:08:52 [NMEA time, header]
# bad_flag = -9.990e-29
*END*
      0.136    13.4085   0.007412     0.0470         11     0.0417  0.000e+00
      0.133    13.4085   0.007409     0.0470         12     0.0458  0.000e+00
      0.131    13.4082   0.007409     0.0470         13     0.0500  0.000e+00
      0.131    13.4084   0.007409     0.0470         14     0.0542  0.000e+00
      0.133    13.4086   0.007403     0.0469         15     0.0583  0.000e+00
      0.126    13.4080   0.007403     0.0469         16     0.0625  0.000e+00
      0.121    13.4076   0.007403     0.0469         17     0.0667  0.000e+00
      0.128    13.4071   0.007409     0.0470         18     0.0708  0.000e+00
      0.130    13.4072   0.007409     0.0470         19     0.0750  0.000e+00
      0.132    13.4070   0.007409     0.0470         20     0.0792  0.000e+00
      0.137    13.4072   0.007412     0.0470         21     0.0833  0.000e+00
      0.138    13.4064   0.007412     0.0470         22     0.0875  0.000e+00
      0.131    13.4057   0.007418     0.0470         23     0.0917  0.000e+00
      0.129    13.4057   0.007409     0.0470         24     0.0958  0.000e+00
      0.128    13.4061   0.007409     0.0470         25     0.1000  0.000e+00
      0.126    13.4060   0.007403     0.0469         26     0.1042  0.000e+00
      0.126    13.4060   0.007391     0.0468         27     0.1083  0.000e+00
      0.126    13.4045   0.007397     0.0469         28     0.1125  0.000e+00
      0.128    13.4047   0.007397     0.0469         29     0.1167  0.000e+00
      0.126    13.4055   0.007403     0.0469         30     0.1208  0.000e+00
      0.123    13.4057   0.007397     0.0469         31     0.1250  0.000e+00
      0.119    13.4051   0.007394     0.0469         32     0.1292  0.000e+00
      0.121    13.4044   0.007385     0.0468         33     0.1333  0.000e+00
      0.121    13.4035   0.007385     0.0468         34     0.1375  0.000e+00
      0.121    13.4039   0.007382     0.0468         35     0.1417  0.000e+00
      0.121    13.4042   0.007391     0.0469         36     0.1458  0.000e+00
      0.117    13.4044   0.007391     0.0469         37     0.1500  0.000e+00
      0.119    13.4042   0.007382     0.0468         38     0.1542  0.000e+00
      0.117    13.4037   0.007379     0.0468         39     0.1583  0.000e+00
      0.108    13.4037   0.007367     0.0467         40     0.1625  0.000e+00
      0.115    13.4034   0.007373     0.0467         41     0.1667  0.000e+00
      0.123    13.4031   0.007379     0.0468         42     0.1708  0.000e+00
      0.123    13.4031   0.007373     0.0467         43     0.1750  0.000e+00
      0.124    13.4024   0.007379     0.0468         44     0.1792  0.000e+00
      0.117    13.4022   0.007373     0.0467         45     0.1833  0.000e+00
      0.117    13.4020   0.007376     0.0468         46     0.1875  0.000e+00
      0.122    13.4023   0.007373     0.0467         47     0.1917  0.000e+00
      0.126    13.4024   0.007379     0.0468         48     0.1958  0.000e+00
      0.120    13.4022   0.007373     0.0467         49     0.2000  0.000e+00
      0.115    13.4016   0.007361     0.0467         50     0.2042  0.000e+00
      0.120    13.4008   0.007361     0.0467         51     0.2083  0.000e+00
      0.124    13.4010   0.007367     0.0467         52     0.2125  0.000e+00
      0.124    13.4014   0.007373     0.0467         53     0.2167  0.000e+00
      0.114    13.4017   0.007361     0.0467         54     0.2208  0.000e+00
      0.116    13.4013   0.007358     0.0467         55     0.2250  0.000e+00
      0.118    13.4005   0.007361     0.0467         56     0.2292  0.000e+00
      0.117    13.3998   0.007367     0.0467         57     0.2333  0.000e+00
      0.113    13.3997   0.007361     0.0467         58     0.2375  0.000e+00
      0.110    13.4003   0.007355     0.0466         59     0.2417  0.000e+00
      0.116    13.4004   0.007355     0.0466         60     0.2458  0.000e+00
      0.120    13.4003   0.007361     0.0467         61     0.2500  0.000e+00
      0.124    13.4001   0.007355     0.0466         62     0.2542  0.000e+00
      0.126    13.3994   0.007373     0.0467         63     0.2583  0.000e+00
      0.115    13.3988   0.007358     0.0467         64     0.2625  0.000e+00
      0.114    13.3985   0.007367     0.0467         65     0.2667  0.000e+00
      0.113    13.4007   0.007367     0.0467         66     0.2708  0.000e+00
      0.127    13.4034   0.007373     0.0467         67     0.2750  0.000e+00
      0.125    13.4064   0.227774     1.5315         68     0.2792  0.000e+00
      0.195    13.4110   2.701488    21.8357         69     0.2833  0.000e+00
      0.290    13.4039   2.639357    21.2884         70     0.2875  0.000e+00
      0.356    13.2610   2.957840    24.2217         71     0.2917  0.000e+00
      0.478    13.0445   3.607955    30.3479         72     0.2958  0.000e+00
      0.639    12.8862   3.590702    30.3131         73     0.3000  0.000e+00
      0.836    12.7718   3.228883    27.0290         74     0.3042  0.000e+00
      1.026    12.6715   3.341155    28.1454         75     0.3083  0.000e+00
      1.179    12.5574   3.602447    30.6892         76     0.3125  0.000e+00
      1.295    12.4427   3.595157    30.7137         77     0.3167  0.000e+00
      1.383    12.3432   3.586171    30.7097         78     0.3208  0.000e+00
      1.467    12.2613   3.583332    30.7497         79     0.3250  0.000e+00
      1.566    12.2010   3.028612    25.5677         80     0.3292  0.000e+00
      1.680    12.1637   2.682357    22.3903         81     0.3333  0.000e+00
      1.823    12.1372   3.144086    26.6914         82     0.3375  0.000e+00
      1.995    12.1209   2.748517    23.0244         83     0.3417  0.000e+00
      2.178    12.1358   2.621133    21.8455         84     0.3458  0.000e+00
      2.359    12.1912   2.502411    20.7312         85     0.3500  0.000e+00
      2.538    12.2502   2.716745    22.6535         86     0.3542  0.000e+00
      2.707    12.2834   3.583421    30.7320         87     0.3583  0.000e+00
      2.868    12.2941   3.238847    27.4666         88     0.3625  0.000e+00
      3.026    12.2772   3.242352    27.5118         89     0.3667  0.000e+00
      3.194    12.2401   3.585533    30.7875         90     0.3708  0.000e+00
      3.377    12.1995   3.582124    30.7883         91     0.3750  0.000e+00
      3.558    12.1608   3.580373    30.8033         92     0.3792  0.000e+00
      3.733    12.1276   3.579273    30.8201         93     0.3833  0.000e+00
      3.887    12.1020   3.577318    30.8224         94     0.3875  0.000e+00
      4.025    12.0804   3.575126    30.8192         95     0.3917  0.000e+00
      4.163    12.0615   3.573331    30.8175         96     0.3958  0.000e+00
      4.295    12.0459   3.572609    30.8234         97     0.4000  0.000e+00
      4.418    12.0328   3.572654    30.8346         98     0.4042  0.000e+00
      4.555    12.0215   3.569013    30.8090         99     0.4083  0.000e+00
      4.684    12.0131   3.354283    28.7665        100     0.4125  0.000e+00
      4.817    12.0069   3.264023    27.9154        101     0.4167  0.000e+00
      4.953    12.0036   3.220928    27.5104        102     0.4208  0.000e+00
      5.091    12.0019   2.925743    24.7417        103     0.4250  0.000e+00
      5.226    12.0013   2.446821    20.3286        104     0.4292  0.000e+00
      5.356    12.0025   2.372411    19.6515        105     0.4333  0.000e+00
      5.490    12.0062   2.783938    23.4216        106     0.4375  0.000e+00
      5.622    12.0122   2.796605    23.5350        107     0.4417  0.000e+00
      5.743    12.0195   2.765640    23.2439        108     0.4458  0.000e+00
      5.877    12.0251   2.763354    23.2193        109     0.4500  0.000e+00
      6.007    12.0285   2.817508    23.7183        110     0.4542  0.000e+00
      6.145    12.0305   2.839369    23.9196        111     0.4583  0.000e+00
      6.286    12.0306   2.996775    25.3850        112     0.4625  0.000e+00
      6.423    12.0294   3.387974    29.0734        113     0.4667  0.000e+00
      6.564    12.0281   2.751159    23.1045        114     0.4708  0.000e+00
      6.702    12.0276   2.837025    23.8996        115     0.4750  0.000e+00
      6.835    12.0289   2.840755    23.9333        116     0.4792  0.000e+00
      6.971    12.0340   2.868391    24.1865        117     0.4833  0.000e+00
      7.102    12.0451   2.873128    24.2233        118     0.4875  0.000e+00
      7.236    12.0648   2.825200    23.7661        119     0.4917  0.000e+00
      7.371    12.0879   2.846861    23.9520        120     0.4958  0.000e+00
      7.507    12.1049   2.857794    24.0424        121     0.5000  0.000e+00
      7.647    12.1131   2.824325    23.7273        122     0.5042  0.000e+00
      7.801    12.1177   2.921937    24.6290        123     0.5083  0.000e+00
      7.945    12.1262   3.210991    27.3257        124     0.5125  0.000e+00
      8.101    12.1461   3.607128    31.0695        125     0.5167  0.000e+00
      8.255    12.1757   3.605928    31.0333        126     0.5208  0.000e+00
      8.412    12.2104   3.606326    31.0084        127     0.5250  0.000e+00
      8.562    12.2479   3.609493    31.0075        128     0.5292  0.000e+00
      8.703    12.2747   3.611912    31.0083        129     0.5333  0.000e+00
      8.841    12.2761   3.609128    30.9806        130     0.5375  0.000e+00
      8.971    12.2491   3.604094    30.9548        131     0.5417  0.000e+00
      9.096    12.1985   3.595873    30.9181        132     0.5458  0.000e+00
      9.219    12.1317   3.587449    30.8927        133     0.5500  0.000e+00
      9.328    12.0467   3.579980    30.8914        134     0.5542  0.000e+00
      9.436    11.9594   3.575027    30.9162        135     0.5583  0.000e+00
      9.533    11.8865   3.572919    30.9564        136     0.5625  0.000e+00
      9.631    11.8311   3.572850    31.0017        137     0.5667  0.000e+00
      9.727    11.7832   3.573815    31.0510        138     0.5708  0.000e+00
      9.826    11.7464   3.577279    31.1151        139     0.5750  0.000e+00
      9.922    11.7273   3.586271    31.2180        140     0.5792  0.000e+00
     10.027    11.7270   3.593471    31.2879        141     0.5833  0.000e+00
     10.139    11.7232   3.595521    31.3109        142     0.5875  0.000e+00
     10.253    11.7337   3.602485    31.3693        143     0.5917  0.000e+00
     10.374    11.7851   3.607575    31.3752        144     0.5958  0.000e+00
     10.506    11.8732   3.610743    31.3315        145     0.6000  0.000e+00
     10.640    11.9657   3.611262    31.2586        146     0.6042  0.000e+00
     10.789    12.0641   3.611293    31.1766        147     0.6083  0.000e+00
     10.937    12.1524   3.611426    31.1042        148     0.6125  0.000e+00
     11.091    12.2142   3.610027    31.0395        149     0.6167  0.000e+00
     11.245    12.2504   3.605730    30.9684        150     0.6208  0.000e+00
     11.408    12.2625   3.602210    30.9248        151     0.6250  0.000e+00
     11.556    12.2509   3.597283    30.8874        152     0.6292  0.000e+00
     11.710    12.1961   3.593447    30.8959        153     0.6333  0.000e+00
     11.849    12.1109   3.588506    30.9189        154     0.6375  0.000e+00
     11.978    12.0155   3.582110    30.9366        155     0.6417  0.000e+00
     12.090    11.8774   3.573687    30.9702        156     0.6458  0.000e+00
     12.193    11.7349   3.566267    31.0174        157     0.6500  0.000e+00
     12.287    11.5921   3.561138    31.0872        158     0.6542  0.000e+00
     12.368    11.4603   3.558537    31.1727        159     0.6583  0.000e+00
     12.452    11.3484   3.560024    31.2817        160     0.6625  0.000e+00
     12.527    11.2661   3.570449    31.4535        161     0.6667  0.000e+00
     12.601    11.2225   3.583878    31.6223        162     0.6708  0.000e+00
     12.681    11.1918   3.589183    31.7007        163     0.6750  0.000e+00
     12.763    11.1579   3.599571    31.8319        164     0.6792  0.000e+00
     12.849    11.1847   3.609533    31.9065        165     0.6833  0.000e+00
     12.942    11.3170   3.613169    31.8278        166     0.6875  0.000e+00
     13.045    11.5347   3.611563    31.6253        167     0.6917  0.000e+00
     13.151    11.7656   3.609417    31.4082        168     0.6958  0.000e+00
     13.260    11.9531   3.609236    31.2487        169     0.7000  0.000e+00
     13.381    12.0891   3.615914    31.1990        170     0.7042  0.000e+00
     13.504    12.1820   3.622874    31.1881        171     0.7083  0.000e+00
     13.640    12.2506   3.625816    31.1590        172     0.7125  0.000e+00
     13.776    12.3289   3.627377    31.1088        173     0.7167  0.000e+00
     13.919    12.3982   3.628803    31.0650        174     0.7208  0.000e+00
     14.062    12.4445   3.626996    31.0095        175     0.7250  0.000e+00
     14.203    12.4720   3.621091    30.9307        176     0.7292  0.000e+00
     14.339    12.4831   3.614863    30.8624        177     0.7333  0.000e+00
     14.469    12.4843   3.612579    30.8397        178     0.7375  0.000e+00
     14.594    12.4781   3.610513    30.8252        179     0.7417  0.000e+00
     14.718    12.4417   3.608987    30.8406        180     0.7458  0.000e+00
     14.838    12.3432   3.611118    30.9418        181     0.7500  0.000e+00
     14.954    12.2759   3.615803    31.0420        182     0.7542  0.000e+00
     15.070    12.2517   3.619720    31.0994        183     0.7583  0.000e+00
     15.175    12.2460   3.623966    31.1446        184     0.7625  0.000e+00
     15.280    12.2452   3.630322    31.2059        185     0.7667  0.000e+00
     15.387    12.2474   3.634920    31.2480        186     0.7708  0.000e+00
     15.493    12.2851   3.637384    31.2401        187     0.7750  0.000e+00
     15.600    12.3501   3.638123    31.1930        188     0.7792  0.000e+00
     15.702    12.4235   3.638811    31.1385        189     0.7833  0.000e+00
     15.809    12.4918   3.642350    31.1155        190     0.7875  0.000e+00
     15.914    12.5444   3.648474    31.1301        191     0.7917  0.000e+00
     16.024    12.5822   3.652604    31.1379        192     0.7958  0.000e+00
     16.136    12.6231   3.653912    31.1164        193     0.8000  0.000e+00
     16.255    12.6816   3.655575    31.0839        194     0.8042  0.000e+00
     16.373    12.7324   3.656586    31.0516        195     0.8083  0.000e+00
     16.500    12.7717   3.657128    31.0243        196     0.8125  0.000e+00
     16.623    12.8091   3.658456    31.0061        197     0.8167  0.000e+00
     16.751    12.8348   3.659803    30.9976        198     0.8208  0.000e+00
     16.881    12.8521   3.661816    31.0024        199     0.8250  0.000e+00
     17.015    12.8673   3.663300    31.0039        200     0.8292  0.000e+00
     17.152    12.8817   3.664319    31.0015        201     0.8333  0.000e+00
     17.283    12.8944   3.664635    30.9941        202     0.8375  0.000e+00
     17.415    12.9023   3.663732    30.9790        203     0.8417  0.000e+00
     17.551    12.9068   3.659377    30.9344        204     0.8458  0.000e+00
     17.683    12.9081   3.654496    30.8874        205     0.8500  0.000e+00
     17.807    12.9065   3.651976    30.8650        206     0.8542  0.000e+00
     17.936    12.9008   3.651119    30.8616        207     0.8583  0.000e+00
     18.066    12.8936   3.651145    30.8676        208     0.8625  0.000e+00
     18.193    12.8867   3.653820    30.8984        209     0.8667  0.000e+00
     18.316    12.8810   3.658591    30.9478        210     0.8708  0.000e+00
     18.435    12.8732   3.659546    30.9631        211     0.8750  0.000e+00
     18.560    12.8567   3.660842    30.9888        212     0.8792  0.000e+00
     18.683    12.8405   3.663617    31.0281        213     0.8833  0.000e+00
     18.810    12.8418   3.665856    31.0481        214     0.8875  0.000e+00
     18.933    12.8528   3.667347    31.0530        215     0.8917  0.000e+00
