HB2503/sbe015.cnv
* Sea-Bird SBE 19plus V2 Data File:
* FileName = C:\cruise\data\sbe015.hex
* Software Version Seasave V 7.26.7.121
* Temperature SN = 6128
* Conductivity SN = 6128
* System UpLoad Time = May 29 2025 05:50:22
* NMEA Latitude = 39 11.00 N
* NMEA Longitude = 073 33.13 W
* NMEA UTC (Time) = May 29 2025  05:48:32
** Ship: Henry Bigelow
** Cruise:  HB2502
** Program:  Spring Bottom Trawl
# nquan = 7
# nvalues = 1403                                  
# units = specified
# name 0 = depSM: Depth [salt water, m]
# name 1 = tv290C: Temperature [ITS-90, deg C]
# name 2 = c0S/m: Conductivity [S/m]
# name 3 = sal00: Salinity, Practical [PSU]
# name 4 = scan: Scan Count
# name 5 = timeM: Time, Elapsed [minutes]
# name 6 = flag:  0.000e+00
# span 0 =     -0.053,     34.725                 
# span 1 =     7.6274,    14.6984                 
# span 2 =   0.018302,   3.973194                 
# span 3 =     0.1097,    33.8483                 
# span 4 =         11,       1413                 
# span 5 =     0.0417,     5.8833                 
# span 6 = 0.0000e+00, 0.0000e+00                 
# interval = seconds: 0.25
# start_time = May 29 2025 05:48:32 [NMEA time, header]
# bad_flag = -9.990e-29
*END*
      0.093    14.6979   0.020697     0.1241         11     0.0417  0.000e+00
      0.095    14.6982   0.020630     0.1237         12     0.0458  0.000e+00
      0.088    14.6984   0.020558     0.1232         13     0.0500  0.000e+00
      0.090    14.6982   0.020470     0.1227         14     0.0542  0.000e+00
      0.085    14.6984   0.020401     0.1223         15     0.0583  0.000e+00
      0.085    14.6984   0.020341     0.1219         16     0.0625  0.000e+00
      0.088    14.6983   0.020244     0.1213         17     0.0667  0.000e+00
      0.085    14.6981   0.020099     0.1205         18     0.0708  0.000e+00
      0.077    14.6982   0.019936     0.1195         19     0.0750  0.000e+00
      0.085    14.6979   0.019828     0.1189         20     0.0792  0.000e+00
      0.085    14.6981   0.019767     0.1185         21     0.0833  0.000e+00
      0.086    14.6982   0.019677     0.1180         22     0.0875  0.000e+00
      0.079    14.6981   0.019586     0.1174         23     0.0917  0.000e+00
      0.083    14.6980   0.019490     0.1168         24     0.0958  0.000e+00
      0.083    14.6978   0.019426     0.1165         25     0.1000  0.000e+00
      0.086    14.6982   0.019369     0.1161         26     0.1042  0.000e+00
      0.081    14.6981   0.019309     0.1157         27     0.1083  0.000e+00
      0.083    14.6981   0.019267     0.1155         28     0.1125  0.000e+00
      0.085    14.6981   0.019239     0.1153         29     0.1167  0.000e+00
      0.085    14.6982   0.019215     0.1152         30     0.1208  0.000e+00
      0.085    14.6980   0.019173     0.1149         31     0.1250  0.000e+00
      0.085    14.6979   0.019119     0.1146         32     0.1292  0.000e+00
      0.085    14.6981   0.019086     0.1144         33     0.1333  0.000e+00
      0.085    14.6981   0.019095     0.1145         34     0.1375  0.000e+00
      0.087    14.6981   0.019140     0.1147         35     0.1417  0.000e+00
      0.096    14.6981   0.019306     0.1157         36     0.1458  0.000e+00
      0.085    14.6978   0.019438     0.1165         37     0.1500  0.000e+00
      0.082    14.6981   0.019565     0.1173         38     0.1542  0.000e+00
      0.083    14.6975   0.019641     0.1177         39     0.1583  0.000e+00
      0.082    14.6977   0.019692     0.1180         40     0.1625  0.000e+00
      0.085    14.6976   0.019734     0.1183         41     0.1667  0.000e+00
      0.085    14.6977   0.019773     0.1185         42     0.1708  0.000e+00
      0.085    14.6981   0.019752     0.1184         43     0.1750  0.000e+00
      0.082    14.6978   0.019710     0.1181         44     0.1792  0.000e+00
      0.080    14.6975   0.019653     0.1178         45     0.1833  0.000e+00
      0.079    14.6973   0.019607     0.1175         46     0.1875  0.000e+00
      0.076    14.6971   0.019547     0.1172         47     0.1917  0.000e+00
      0.076    14.6970   0.019502     0.1169         48     0.1958  0.000e+00
      0.076    14.6973   0.019460     0.1167         49     0.2000  0.000e+00
      0.074    14.6970   0.019378     0.1162         50     0.2042  0.000e+00
      0.074    14.6969   0.019291     0.1156         51     0.2083  0.000e+00
      0.070    14.6965   0.019215     0.1152         52     0.2125  0.000e+00
      0.070    14.6967   0.019152     0.1148         53     0.2167  0.000e+00
      0.074    14.6965   0.019083     0.1144         54     0.2208  0.000e+00
      0.074    14.6965   0.019025     0.1141         55     0.2250  0.000e+00
      0.076    14.6968   0.018971     0.1137         56     0.2292  0.000e+00
      0.073    14.6962   0.018926     0.1135         57     0.2333  0.000e+00
      0.076    14.6968   0.018878     0.1132         58     0.2375  0.000e+00
      0.078    14.6963   0.018811     0.1128         59     0.2417  0.000e+00
      0.074    14.6960   0.018745     0.1124         60     0.2458  0.000e+00
      0.076    14.6962   0.018724     0.1123         61     0.2500  0.000e+00
      0.076    14.6964   0.018718     0.1122         62     0.2542  0.000e+00
      0.080    14.6961   0.018709     0.1122         63     0.2583  0.000e+00
      0.082    14.6959   0.018700     0.1121         64     0.2625  0.000e+00
      0.079    14.6957   0.018709     0.1122         65     0.2667  0.000e+00
      0.079    14.6957   0.018742     0.1124         66     0.2708  0.000e+00
      0.070    14.6955   0.018748     0.1124         67     0.2750  0.000e+00
      0.075    14.6955   0.018775     0.1126         68     0.2792  0.000e+00
      0.076    14.6953   0.018811     0.1128         69     0.2833  0.000e+00
      0.072    14.6954   0.018802     0.1127         70     0.2875  0.000e+00
      0.072    14.6952   0.018775     0.1126         71     0.2917  0.000e+00
      0.070    14.6953   0.018724     0.1123         72     0.2958  0.000e+00
      0.075    14.6948   0.018651     0.1118         73     0.3000  0.000e+00
      0.072    14.6949   0.018636     0.1117         74     0.3042  0.000e+00
      0.072    14.6949   0.018627     0.1117         75     0.3083  0.000e+00
      0.068    14.6950   0.018573     0.1114         76     0.3125  0.000e+00
      0.070    14.6947   0.018522     0.1111         77     0.3167  0.000e+00
      0.072    14.6943   0.018483     0.1108         78     0.3208  0.000e+00
      0.072    14.6941   0.018446     0.1106         79     0.3250  0.000e+00
      0.072    14.6937   0.018410     0.1104         80     0.3292  0.000e+00
      0.072    14.6941   0.018347     0.1100         81     0.3333  0.000e+00
      0.076    14.6942   0.018302     0.1097         82     0.3375  0.000e+00
      0.070    14.6937   0.018398     0.1103         83     0.3417  0.000e+00
      0.076    14.6940   0.018416     0.1104         84     0.3458  0.000e+00
      0.071    14.6940   0.018404     0.1104         85     0.3500  0.000e+00
      0.076    14.6941   0.018561     0.1113         86     0.3542  0.000e+00
      0.073    14.6942   0.018636     0.1117         87     0.3583  0.000e+00
      0.076    14.6937   0.018805     0.1127         88     0.3625  0.000e+00
      0.074    14.6938   0.018980     0.1138         89     0.3667  0.000e+00
      0.136    14.6936   0.019197     0.1151         90     0.3708  0.000e+00
      0.364    14.6947   0.950586     6.7904         91     0.3750  0.000e+00
      0.500    14.6981   1.962380    14.8864         92     0.3792  0.000e+00
      0.511    14.6926   3.467554    27.8221         93     0.3833  0.000e+00
      0.395    14.6697   3.923500    31.9340         94     0.3875  0.000e+00
      0.239    14.6426   3.934499    32.0561         95     0.3917  0.000e+00
      0.152    14.6265   3.587264    28.9384         96     0.3958  0.000e+00
      0.089    14.6174   2.392112    18.5209         97     0.4000  0.000e+00
      0.080    14.6071   0.970217     6.9571         98     0.4042  0.000e+00
      0.082    14.5951   0.452409     3.0745         99     0.4083  0.000e+00
      0.082    14.5894   0.354641     2.3737        100     0.4125  0.000e+00
      0.080    14.5867   0.300507     1.9916        101     0.4167  0.000e+00
      0.082    14.5858   0.269853     1.7773        102     0.4208  0.000e+00
      0.192    14.5854   2.914646    23.0278        103     0.4250  0.000e+00
      0.554    14.5917   3.315204    26.5405        104     0.4292  0.000e+00
      0.862    14.6160   2.721653    21.3389        105     0.4333  0.000e+00
      1.124    14.6439   3.941243    32.1160        106     0.4375  0.000e+00
      1.357    14.6615   3.950611    32.1864        107     0.4417  0.000e+00
      1.547    14.6554   3.962966    32.3036        108     0.4458  0.000e+00
      1.710    14.6332   3.965878    32.3484        109     0.4500  0.000e+00
      1.842    14.6072   3.955789    32.2783        110     0.4542  0.000e+00
      2.003    14.5852   3.617479    29.2395        111     0.4583  0.000e+00
      2.079    14.5695   3.966072    32.4032        112     0.4625  0.000e+00
      1.972    14.5577   3.968005    32.4307        113     0.4667  0.000e+00
      1.779    14.5490   3.968531    32.4428        114     0.4708  0.000e+00
      1.643    14.5433   3.500972    28.2272        115     0.4750  0.000e+00
      1.645    14.5404   3.965773    32.4249        116     0.4792  0.000e+00
      1.763    14.5424   3.967725    32.4410        117     0.4833  0.000e+00
      1.978    14.5466   3.963028    32.3947        118     0.4875  0.000e+00
      2.236    14.5523   3.963967    32.3983        119     0.4917  0.000e+00
      2.527    14.5584   3.958946    32.3474        120     0.4958  0.000e+00
      2.808    14.5639   3.959179    32.3448        121     0.5000  0.000e+00
      3.096    14.5683   3.964420    32.3888        122     0.5042  0.000e+00
      3.365    14.5711   3.969971    32.4369        123     0.5083  0.000e+00
      3.601    14.5705   3.969392    32.4320        124     0.5125  0.000e+00
      3.796    14.5644   3.964274    32.3904        125     0.5167  0.000e+00
      3.974    14.5571   3.969359    32.4428        126     0.5208  0.000e+00
      4.157    14.5505   3.969379    32.4484        127     0.5250  0.000e+00
      4.282    14.5457   3.969239    32.4511        128     0.5292  0.000e+00
      4.396    14.5420   3.965341    32.4186        129     0.5333  0.000e+00
      4.573    14.5393   3.952331    32.3023        130     0.5375  0.000e+00
      4.689    14.5374   3.967540    32.4424        131     0.5417  0.000e+00
      4.743    14.5361   3.969446    32.4609        132     0.5458  0.000e+00
      4.777    14.5353   3.956617    32.3445        133     0.5500  0.000e+00
      4.858    14.5345   3.951932    32.3025        134     0.5542  0.000e+00
      5.001    14.5342   3.970566    32.4725        135     0.5583  0.000e+00
      5.186    14.5366   3.971272    32.4769        136     0.5625  0.000e+00
      5.368    14.5427   3.971626    32.4749        137     0.5667  0.000e+00
      5.544    14.5489   3.972126    32.4742        138     0.5708  0.000e+00
      5.725    14.5552   3.972339    32.4708        139     0.5750  0.000e+00
      5.909    14.5620   3.972572    32.4672        140     0.5792  0.000e+00
      6.099    14.5685   3.972739    32.4632        141     0.5833  0.000e+00
      6.280    14.5731   3.972739    32.4593        142     0.5875  0.000e+00
      6.448    14.5757   3.972859    32.4581        143     0.5917  0.000e+00
      6.612    14.5767   3.972979    32.4584        144     0.5958  0.000e+00
      6.748    14.5771   3.972979    32.4579        145     0.6000  0.000e+00
      6.887    14.5775   3.972193    32.4504        146     0.6042  0.000e+00
      6.996    14.5769   3.971559    32.4451        147     0.6083  0.000e+00
      7.074    14.5708   3.970613    32.4415        148     0.6125  0.000e+00
      7.125    14.5607   3.969893    32.4434        149     0.6167  0.000e+00
      7.165    14.5502   3.969760    32.4509        150     0.6208  0.000e+00
      7.198    14.5411   3.969807    32.4590        151     0.6250  0.000e+00
      7.234    14.5341   3.969947    32.4661        152     0.6292  0.000e+00
      7.284    14.5291   3.970207    32.4727        153     0.6333  0.000e+00
      7.340    14.5264   3.970780    32.4801        154     0.6375  0.000e+00
      7.406    14.5252   3.971720    32.4897        155     0.6417  0.000e+00
      7.486    14.5238   3.972507    32.4980        156     0.6458  0.000e+00
      7.583    14.5243   3.973120    32.5031        157     0.6500  0.000e+00
      7.689    14.5323   3.973194    32.4970        158     0.6542  0.000e+00
      7.818    14.5456   3.973093    32.4849        159     0.6583  0.000e+00
      7.961    14.5582   3.973047    32.4739        160     0.6625  0.000e+00
      8.119    14.5686   3.973047    32.4651        161     0.6667  0.000e+00
      8.291    14.5763   3.972813    32.4565        162     0.6708  0.000e+00
      8.476    14.5805   3.972246    32.4478        163     0.6750  0.000e+00
      8.665    14.5819   3.971913    32.4435        164     0.6792  0.000e+00
      8.849    14.5791   3.971107    32.4384        165     0.6833  0.000e+00
      9.023    14.5690   3.969714    32.4341        166     0.6875  0.000e+00
      9.181    14.5567   3.969121    32.4389        167     0.6917  0.000e+00
      9.315    14.5452   3.968748    32.4451        168     0.6958  0.000e+00
      9.407    14.5350   3.968341    32.4498        169     0.7000  0.000e+00
      9.474    14.5256   3.968008    32.4547        170     0.7042  0.000e+00
      9.526    14.5181   3.968035    32.4611        171     0.7083  0.000e+00
      9.570    14.5127   3.968175    32.4670        172     0.7125  0.000e+00
      9.607    14.5087   3.968322    32.4716        173     0.7167  0.000e+00
      9.633    14.5054   3.968415    32.4752        174     0.7208  0.000e+00
      9.651    14.5030   3.968368    32.4768        175     0.7250  0.000e+00
      9.663    14.5010   3.968028    32.4754        176     0.7292  0.000e+00
      9.666    14.4992   3.967895    32.4756        177     0.7333  0.000e+00
      9.672    14.4979   3.967962    32.4774        178     0.7375  0.000e+00
      9.691    14.4971   3.968222    32.4804        179     0.7417  0.000e+00
      9.722    14.4966   3.969335    32.4909        180     0.7458  0.000e+00
      9.775    14.4971   3.970115    32.4976        181     0.7500  0.000e+00
      9.838    14.4971   3.970615    32.5021        182     0.7542  0.000e+00
      9.914    14.5001   3.970681    32.5002        183     0.7583  0.000e+00
      9.995    14.5066   3.970515    32.4932        184     0.7625  0.000e+00
     10.078    14.5136   3.970441    32.4867        185     0.7667  0.000e+00
     10.176    14.5200   3.970588    32.4826        186     0.7708  0.000e+00
     10.277    14.5240   3.970801    32.4811        187     0.7750  0.000e+00
     10.392    14.5275   3.970921    32.4793        188     0.7792  0.000e+00
     10.513    14.5317   3.971155    32.4778        189     0.7833  0.000e+00
     10.641    14.5356   3.971301    32.4759        190     0.7875  0.000e+00
     10.779    14.5384   3.971321    32.4737        191     0.7917  0.000e+00
     10.922    14.5399   3.971041    32.4698        192     0.7958  0.000e+00
     11.076    14.5408   3.970681    32.4657        193     0.8000  0.000e+00
     11.231    14.5412   3.970561    32.4642        194     0.8042  0.000e+00
     11.390    14.5405   3.970515    32.4643        195     0.8083  0.000e+00
     11.548    14.5374   3.970422    32.4660        196     0.8125  0.000e+00
     11.714    14.5335   3.970235    32.4675        197     0.8167  0.000e+00
     11.880    14.5290   3.969949    32.4686        198     0.8208  0.000e+00
     12.055    14.5246   3.969475    32.4679        199     0.8250  0.000e+00
     12.218    14.5202   3.968982    32.4670        200     0.8292  0.000e+00
     12.384    14.5161   3.968629    32.4672        201     0.8333  0.000e+00
     12.548    14.5121   3.968389    32.4683        202     0.8375  0.000e+00
     12.696    14.5074   3.968056    32.4691        203     0.8417  0.000e+00
     12.823    14.5024   3.967703    32.4700        204     0.8458  0.000e+00
     12.930    14.4976   3.967423    32.4714        205     0.8500  0.000e+00
     13.015    14.4932   3.967210    32.4731        206     0.8542  0.000e+00
     13.080    14.4897   3.967090    32.4749        207     0.8583  0.000e+00
     13.121    14.4864   3.967044    32.4773        208     0.8625  0.000e+00
     13.152    14.4825   3.966877    32.4790        209     0.8667  0.000e+00
     13.170    14.4790   3.966691    32.4802        210     0.8708  0.000e+00
     13.173    14.4762   3.966591    32.4817        211     0.8750  0.000e+00
     13.186    14.4736   3.966597    32.4839        212     0.8792  0.000e+00
     13.196    14.4708   3.966644    32.4866        213     0.8833  0.000e+00
     13.209    14.4683   3.966644    32.4887        214     0.8875  0.000e+00
     13.232    14.4662   3.966737    32.4914        215     0.8917  0.000e+00
