HB2503/sbe017.cnv
* Sea-Bird SBE 19plus V2 Data File:
* FileName = C:\cruise\data\sbe017.hex
* Software Version Seasave V 7.26.7.121
* Temperature SN = 6128
* Conductivity SN = 6128
* System UpLoad Time = May 29 2025 10:27:29
* NMEA Latitude = 38 46.98 N
* NMEA Longitude = 073 06.07 W
* NMEA UTC (Time) = May 29 2025  10:25:40
** Ship: Henry Bigelow
** Cruise:  HB2502
** Program:  Spring Bottom Trawl
# nquan = 7
# nvalues = 2036                                  
# units = specified
# name 0 = depSM: Depth [salt water, m]
# name 1 = tv290C: Temperature [ITS-90, deg C]
# name 2 = c0S/m: Conductivity [S/m]
# name 3 = sal00: Salinity, Practical [PSU]
# name 4 = scan: Scan Count
# name 5 = timeM: Time, Elapsed [minutes]
# name 6 = flag:  0.000e+00
# span 0 =     -0.020,    102.703                 
# span 1 =    10.3911,    14.1299                 
# span 2 =   0.017738,   3.926379                 
# span 3 =     0.1077,    34.6622                 
# span 4 =         11,       2046                 
# span 5 =     0.0417,     8.5208                 
# span 6 = 0.0000e+00, 0.0000e+00                 
# interval = seconds: 0.25
# start_time = May 29 2025 10:25:40 [NMEA time, header]
# bad_flag = -9.990e-29
*END*
[from data line 1231]
     43.714    10.5886   3.763404    33.9580       1242     5.1708  0.000e+00
     43.666    10.5603   3.762217    33.9724       1243     5.1750  0.000e+00
     43.624    10.5395   3.761194    33.9816       1244     5.1792  0.000e+00
     43.578    10.5242   3.760940    33.9933       1245     5.1833  0.000e+00
     43.535    10.5139   3.760705    34.0006       1246     5.1875  0.000e+00
     43.484    10.5075   3.760477    34.0043       1247     5.1917  0.000e+00
     43.434    10.5034   3.760705    34.0105       1248     5.1958  0.000e+00
     43.377    10.5021   3.760985    34.0145       1249     5.2000  0.000e+00
     43.310    10.5039   3.761742    34.0205       1250     5.2042  0.000e+00
     43.236    10.5085   3.762407    34.0229       1251     5.2083  0.000e+00
     43.152    10.5147   3.763229    34.0255       1252     5.2125  0.000e+00
     43.060    10.5213   3.764853    34.0356       1253     5.2167  0.000e+00
     42.968    10.5306   3.768161    34.0604       1254     5.2208  0.000e+00
     42.858    10.5468   3.772332    34.0872       1255     5.2250  0.000e+00
     42.741    10.5719   3.777249    34.1132       1256     5.2292  0.000e+00
     42.624    10.6048   3.782117    34.1315       1257     5.2333  0.000e+00
     42.505    10.6438   3.784345    34.1174       1258     5.2375  0.000e+00
     42.382    10.6794   3.786823    34.1091       1259     5.2417  0.000e+00
     42.252    10.7102   3.793148    34.1439       1260     5.2458  0.000e+00
     42.124    10.7462   3.794816    34.1270       1261     5.2500  0.000e+00
     42.006    10.7796   3.796439    34.1121       1262     5.2542  0.000e+00
     41.872    10.8063   3.798154    34.1045       1263     5.2583  0.000e+00
     41.748    10.8287   3.798514    34.0872       1264     5.2625  0.000e+00
     41.632    10.8453   3.798625    34.0729       1265     5.2667  0.000e+00
     41.528    10.8558   3.798605    34.0630       1266     5.2708  0.000e+00
     41.430    10.8624   3.798736    34.0582       1267     5.2750  0.000e+00
     41.351    10.8665   3.798985    34.0569       1268     5.2792  0.000e+00
     41.275    10.8697   3.799050    34.0547       1269     5.2833  0.000e+00
     41.231    10.8720   3.799057    34.0526       1270     5.2875  0.000e+00
     41.204    10.8735   3.799273    34.0534       1271     5.2917  0.000e+00
     41.189    10.8748   3.799312    34.0526       1272     5.2958  0.000e+00
     41.196    10.8760   3.799502    34.0533       1273     5.3000  0.000e+00
     41.222    10.8771   3.799338    34.0507       1274     5.3042  0.000e+00
     41.257    10.8775   3.799312    34.0500       1275     5.3083  0.000e+00
     41.310    10.8773   3.799587    34.0529       1276     5.3125  0.000e+00
     41.363    10.8776   3.799548    34.0522       1277     5.3167  0.000e+00
     41.412    10.8778   3.799495    34.0515       1278     5.3208  0.000e+00
     41.453    10.8778   3.799456    34.0511       1279     5.3250  0.000e+00
     41.489    10.8775   3.799567    34.0524       1280     5.3292  0.000e+00
     41.497    10.8775   3.799456    34.0514       1281     5.3333  0.000e+00
     41.482    10.8777   3.799227    34.0488       1282     5.3375  0.000e+00
     41.440    10.8778   3.799292    34.0495       1283     5.3417  0.000e+00
     41.355    10.8778   3.799364    34.0502       1284     5.3458  0.000e+00
     41.246    10.8779   3.799620    34.0527       1285     5.3500  0.000e+00
     41.103    10.8785   3.799476    34.0508       1286     5.3542  0.000e+00
     40.947    10.8791   3.799338    34.0489       1287     5.3583  0.000e+00
     40.786    10.8791   3.799004    34.0456       1288     5.3625  0.000e+00
     40.597    10.8791   3.798794    34.0437       1289     5.3667  0.000e+00
     40.427    10.8786   3.798781    34.0441       1290     5.3708  0.000e+00
     40.239    10.8780   3.798113    34.0380       1291     5.3750  0.000e+00
     40.069    10.8771   3.797275    34.0306       1292     5.3792  0.000e+00
     39.895    10.8750   3.796110    34.0210       1293     5.3833  0.000e+00
     39.743    10.8715   3.796110    34.0243       1294     5.3875  0.000e+00
     39.620    10.8686   3.796254    34.0285       1295     5.3917  0.000e+00
     39.506    10.8668   3.796045    34.0281       1296     5.3958  0.000e+00
     39.395    10.8658   3.795665    34.0253       1297     5.4000  0.000e+00
     39.311    10.8642   3.795462    34.0248       1298     5.4042  0.000e+00
     39.226    10.8629   3.795076    34.0222       1299     5.4083  0.000e+00
     39.163    10.8612   3.794539    34.0184       1300     5.4125  0.000e+00
     39.111    10.8593   3.794277    34.0176       1301     5.4167  0.000e+00
     39.071    10.8573   3.794251    34.0192       1302     5.4208  0.000e+00
     39.037    10.8559   3.794205    34.0201       1303     5.4250  0.000e+00
     39.019    10.8549   3.794114    34.0200       1304     5.4292  0.000e+00
     39.004    10.8541   3.794160    34.0213       1305     5.4333  0.000e+00
     39.010    10.8537   3.794160    34.0217       1306     5.4375  0.000e+00
     39.021    10.8535   3.794232    34.0225       1307     5.4417  0.000e+00
     39.050    10.8535   3.794428    34.0245       1308     5.4458  0.000e+00
     39.080    10.8539   3.794559    34.0254       1309     5.4500  0.000e+00
     39.120    10.8546   3.794834    34.0275       1310     5.4542  0.000e+00
     39.165    10.8553   3.795311    34.0316       1311     5.4583  0.000e+00
     39.197    10.8567   3.795829    34.0354       1312     5.4625  0.000e+00
     39.230    10.8588   3.795776    34.0330       1313     5.4667  0.000e+00
     39.243    10.8603   3.795639    34.0302       1314     5.4708  0.000e+00
     39.244    10.8606   3.796090    34.0344       1315     5.4750  0.000e+00
     39.224    10.8619   3.796090    34.0332       1316     5.4792  0.000e+00
     39.189    10.8624   3.795979    34.0316       1317     5.4833  0.000e+00
     39.120    10.8627   3.795665    34.0282       1318     5.4875  0.000e+00
     39.030    10.8627   3.794991    34.0215       1319     5.4917  0.000e+00
     38.916    10.8614   3.794886    34.0218       1320     5.4958  0.000e+00
     38.782    10.8597   3.794271    34.0173       1321     5.5000  0.000e+00
     38.628    10.8579   3.794559    34.0219       1322     5.5042  0.000e+00
     38.461    10.8568   3.793381    34.0112       1323     5.5083  0.000e+00
     38.289    10.8541   3.785139    33.9315       1324     5.5125  0.000e+00
     38.104    10.8363   3.777898    33.8757       1325     5.5167  0.000e+00
     37.922    10.8033   3.774371    33.8711       1326     5.5208  0.000e+00
     37.762    10.7683   3.772843    33.8884       1327     5.5250  0.000e+00
     37.592    10.7407   3.774208    33.9277       1328     5.5292  0.000e+00
     37.428    10.7253   3.773830    33.9383       1329     5.5333  0.000e+00
     37.285    10.7173   3.773242    33.9399       1330     5.5375  0.000e+00
     37.148    10.7110   3.772661    33.9400       1331     5.5417  0.000e+00
     37.030    10.7059   3.772929    33.9475       1332     5.5458  0.000e+00
     36.945    10.7030   3.773085    33.9518       1333     5.5500  0.000e+00
     36.871    10.7013   3.772354    33.9461       1334     5.5542  0.000e+00
     36.837    10.6990   3.773412    33.9588       1335     5.5583  0.000e+00
     36.805    10.6992   3.773738    33.9619       1336     5.5625  0.000e+00
     36.801    10.7010   3.773601    33.9589       1337     5.5667  0.000e+00
     36.808    10.7018   3.772759    33.9497       1338     5.5708  0.000e+00
     36.843    10.7001   3.771440    33.9380       1339     5.5750  0.000e+00
     36.890    10.6947   3.771074    33.9393       1340     5.5792  0.000e+00
     36.949    10.6894   3.770748    33.9409       1341     5.5833  0.000e+00
     36.997    10.6853   3.770676    33.9441       1342     5.5875  0.000e+00
     37.047    10.6822   3.770911    33.9492       1343     5.5917  0.000e+00
     37.080    10.6811   3.771349    33.9546       1344     5.5958  0.000e+00
     37.105    10.6824   3.771382    33.9538       1345     5.6000  0.000e+00
     37.107    10.6840   3.771218    33.9506       1346     5.6042  0.000e+00
     37.084    10.6848   3.770911    33.9468       1347     5.6083  0.000e+00
     37.035    10.6844   3.770683    33.9449       1348     5.6125  0.000e+00
     36.968    10.6833   3.770676    33.9459       1349     5.6167  0.000e+00
     36.883    10.6824   3.770676    33.9468       1350     5.6208  0.000e+00
     36.777    10.6818   3.770774    33.9484       1351     5.6250  0.000e+00
     36.673    10.6818   3.770866    33.9493       1352     5.6292  0.000e+00
     36.559    10.6827   3.770866    33.9486       1353     5.6333  0.000e+00
     36.430    10.6831   3.772452    33.9642       1354     5.6375  0.000e+00
     36.301    10.6866   3.773797    33.9744       1355     5.6417  0.000e+00
     36.169    10.6939   3.775214    33.9819       1356     5.6458  0.000e+00
     36.042    10.7040   3.775351    33.9740       1357     5.6500  0.000e+00
     35.922    10.7121   3.774600    33.9589       1358     5.6542  0.000e+00
     35.805    10.7160   3.774652    33.9559       1359     5.6583  0.000e+00
     35.702    10.7176   3.774600    33.9540       1360     5.6625  0.000e+00
     35.613    10.7186   3.774652    33.9535       1361     5.6667  0.000e+00
     35.529    10.7191   3.775200    33.9586       1362     5.6708  0.000e+00
     35.460    10.7207   3.774952    33.9547       1363     5.6750  0.000e+00
     35.400    10.7220   3.775958    33.9636       1364     5.6792  0.000e+00
     35.351    10.7246   3.776716    33.9688       1365     5.6833  0.000e+00
     35.304    10.7286   3.776565    33.9636       1366     5.6875  0.000e+00
     35.253    10.7315   3.775866    33.9539       1367     5.6917  0.000e+00
     35.201    10.7323   3.775749    33.9520       1368     5.6958  0.000e+00
     35.146    10.7316   3.775958    33.9548       1369     5.7000  0.000e+00
     35.089    10.7311   3.774064    33.9363       1370     5.7042  0.000e+00
     35.025    10.7273   3.773842    33.9376       1371     5.7083  0.000e+00
     34.960    10.7224   3.773829    33.9421       1372     5.7125  0.000e+00
     34.888    10.7184   3.773248    33.9399       1373     5.7167  0.000e+00
     34.808    10.7151   3.773777    33.9484       1374     5.7208  0.000e+00
     34.736    10.7132   3.774136    33.9538       1375     5.7250  0.000e+00
     34.661    10.7132   3.773352    33.9459       1376     5.7292  0.000e+00
     34.590    10.7118   3.772242    33.9362       1377     5.7333  0.000e+00
     34.519    10.7078   3.772085    33.9383       1378     5.7375  0.000e+00
     34.447    10.7044   3.772007    33.9408       1379     5.7417  0.000e+00
     34.391    10.7019   3.772105    33.9441       1380     5.7458  0.000e+00
     34.346    10.7011   3.772242    33.9462       1381     5.7500  0.000e+00
     34.297    10.7011   3.772196    33.9458       1382     5.7542  0.000e+00
     34.263    10.7017   3.772105    33.9443       1383     5.7583  0.000e+00
     34.229    10.7020   3.772053    33.9435       1384     5.7625  0.000e+00
     34.187    10.7019   3.771818    33.9413       1385     5.7667  0.000e+00
     34.147    10.7013   3.771726    33.9410       1386     5.7708  0.000e+00
     34.115    10.7004   3.771681    33.9414       1387     5.7750  0.000e+00
     34.066    10.7002   3.772040    33.9452       1388     5.7792  0.000e+00
     34.015    10.7004   3.772053    33.9451       1389     5.7833  0.000e+00
     33.961    10.7013   3.771909    33.9429       1390     5.7875  0.000e+00
     33.894    10.7016   3.771707    33.9406       1391     5.7917  0.000e+00
     33.814    10.7015   3.771308    33.9367       1392     5.7958  0.000e+00
     33.738    10.7003   3.770447    33.9292       1393     5.8000  0.000e+00
     33.651    10.6981   3.770564    33.9325       1394     5.8042  0.000e+00
     33.561    10.6962   3.770329    33.9319       1395     5.8083  0.000e+00
     33.469    10.6948   3.770394    33.9340       1396     5.8125  0.000e+00
     33.377    10.6939   3.771328    33.9442       1397     5.8167  0.000e+00
     33.283    10.6948   3.771778    33.9479       1398     5.8208  0.000e+00
     33.189    10.6971   3.771439    33.9424       1399     5.8250  0.000e+00
     33.096    10.6986   3.771171    33.9384       1400     5.8292  0.000e+00
     33.015    10.6986   3.771282    33.9395       1401     5.8333  0.000e+00
     32.931    10.6985   3.770596    33.9328       1402     5.8375  0.000e+00
     32.852    10.6976   3.770283    33.9305       1403     5.8417  0.000e+00
     32.772    10.6957   3.770707    33.9366       1404     5.8458  0.000e+00
     32.701    10.6951   3.770466    33.9347       1405     5.8500  0.000e+00
     32.634    10.6948   3.770329    33.9337       1406     5.8542  0.000e+00
     32.577    10.6939   3.770609    33.9374       1407     5.8583  0.000e+00
     32.522    10.6940   3.768880    33.9199       1408     5.8625  0.000e+00
     32.469    10.6910   3.768279    33.9167       1409     5.8667  0.000e+00
     32.413    10.6870   3.769115    33.9288       1410     5.8708  0.000e+00
     32.364    10.6852   3.768658    33.9260       1411     5.8750  0.000e+00
     32.313    10.6840   3.768416    33.9247       1412     5.8792  0.000e+00
     32.269    10.6828   3.768390    33.9255       1413     5.8833  0.000e+00
     32.222    10.6815   3.768194    33.9248       1414     5.8875  0.000e+00
     32.173    10.6806   3.768318    33.9269       1415     5.8917  0.000e+00
     32.128    10.6800   3.768860    33.9329       1416     5.8958  0.000e+00
     32.082    10.6808   3.768854    33.9322       1417     5.9000  0.000e+00
     32.039    10.6818   3.768703    33.9297       1418     5.9042  0.000e+00
     31.984    10.6823   3.768318    33.9254       1419     5.9083  0.000e+00
     31.937    10.6813   3.765963    33.9028       1420     5.9125  0.000e+00
     31.883    10.6766   3.766328    33.9108       1421     5.9167  0.000e+00
     31.823    10.6723   3.765845    33.9100       1422     5.9208  0.000e+00
     31.758    10.6690   3.766263    33.9173       1423     5.9250  0.000e+00
     31.678    10.6672   3.766387    33.9202       1424     5.9292  0.000e+00
     31.590    10.6668   3.765663    33.9134       1425     5.9333  0.000e+00
     31.501    10.6655   3.765525    33.9132       1426     5.9375  0.000e+00
     31.407    10.6639   3.765963    33.9191       1427     5.9417  0.000e+00
     31.313    10.6636   3.766263    33.9225       1428     5.9458  0.000e+00
     31.219    10.6642   3.765989    33.9192       1429     5.9500  0.000e+00
     31.128    10.6646   3.765264    33.9116       1430     5.9542  0.000e+00
     31.035    10.6634   3.765408    33.9142       1431     5.9583  0.000e+00
     30.941    10.6623   3.765310    33.9143       1432     5.9625  0.000e+00
     30.856    10.6614   3.764971    33.9118       1433     5.9667  0.000e+00
     30.772    10.6603   3.764449    33.9076       1434     5.9708  0.000e+00
     30.703    10.6579   3.764553    33.9109       1435     5.9750  0.000e+00
     30.631    10.6566   3.764103    33.9076       1436     5.9792  0.000e+00
     30.560    10.6548   3.763986    33.9081       1437     5.9833  0.000e+00
     30.502    10.6531   3.764155    33.9114       1438     5.9875  0.000e+00
     30.439    10.6522   3.764031    33.9111       1439     5.9917  0.000e+00
     30.393    10.6520   3.763842    33.9094       1440     5.9958  0.000e+00
     30.353    10.6511   3.763614    33.9080       1441     6.0000  0.000e+00
     30.314    10.6499   3.764357    33.9166       1442     6.0042  0.000e+00
     30.294    10.6502   3.764240    33.9151       1443     6.0083  0.000e+00
     30.278    10.6511   3.764331    33.9151       1444     6.0125  0.000e+00
     30.262    10.6518   3.764377    33.9150       1445     6.0167  0.000e+00
