HB2503/sbe077.cnv
* Sea-Bird SBE 19plus V2 Data File:
* FileName = C:\cruise\data\sbe077.hex
* Software Version Seasave V 7.26.7.121
* Temperature SN = 6128
* Conductivity SN = 6128
* System UpLoad Time = Jun 04 2025 14:36:11
* NMEA Latitude = 42 29.68 N
* NMEA Longitude = 069 39.67 W
* NMEA UTC (Time) = Jun 04 2025  14:34:27
** Ship: Henry Bigelow
** Cruise:  HB2502
** Program:  Spring Bottom Trawl
# nquan = 7
# nvalues = 4256                                  
# units = specified
# name 0 = depSM: Depth [salt water, m]
# name 1 = tv290C: Temperature [ITS-90, deg C]
# name 2 = c0S/m: Conductivity [S/m]
# name 3 = sal00: Salinity, Practical [PSU]
# name 4 = scan: Scan Count
# name 5 = timeM: Time, Elapsed [minutes]
# name 6 = flag:  0.000e+00
# span 0 =      0.023,    200.237                 
# span 1 =     5.3299,    13.4504                 
# span 2 =   0.008900,   3.708548                 
# span 3 =     0.0557,    34.0873                 
# span 4 =         11,       4266                 
# span 5 =     0.0417,    17.7708                 
# span 6 = 0.0000e+00, 0.0000e+00                 
# interval = seconds: 0.25
# start_time = Jun 04 2025 14:34:27 [NMEA time, header]
# bad_flag = -9.990e-29
*END*
[from data line 4103]
      9.168     9.9292   3.544354    32.3642       4114    17.1375  0.000e+00
      9.054     9.9440   3.548914    32.3972       4115    17.1417  0.000e+00
      8.949     9.9711   3.552795    32.4123       4116    17.1458  0.000e+00
      8.838    10.0067   3.557187    32.4248       4117    17.1500  0.000e+00
      8.728    10.0480   3.559847    32.4148       4118    17.1542  0.000e+00
      8.615    10.0893   3.561505    32.3946       4119    17.1583  0.000e+00
      8.510    10.1246   3.562902    32.3772       4120    17.1625  0.000e+00
      8.409    10.1526   3.563750    32.3608       4121    17.1667  0.000e+00
      8.318    10.1745   3.564471    32.3485       4122    17.1708  0.000e+00
      8.237    10.1914   3.565626    32.3451       4123    17.1750  0.000e+00
      8.159    10.2062   3.566635    32.3421       4124    17.1792  0.000e+00
      8.087    10.2200   3.567292    32.3365       4125    17.1833  0.000e+00
      8.023    10.2317   3.567726    32.3304       4126    17.1875  0.000e+00
      7.973    10.2413   3.568122    32.3259       4127    17.1917  0.000e+00
      7.924    10.2491   3.568492    32.3227       4128    17.1958  0.000e+00
      7.882    10.2556   3.568773    32.3197       4129    17.2000  0.000e+00
      7.838    10.2610   3.569016    32.3173       4130    17.2042  0.000e+00
      7.802    10.2655   3.569105    32.3143       4131    17.2083  0.000e+00
      7.764    10.2685   3.569367    32.3142       4132    17.2125  0.000e+00
      7.719    10.2715   3.569839    32.3163       4133    17.2167  0.000e+00
      7.668    10.2749   3.570414    32.3191       4134    17.2208  0.000e+00
      7.611    10.2793   3.570899    32.3201       4135    17.2250  0.000e+00
      7.554    10.2845   3.571423    32.3208       4136    17.2292  0.000e+00
      7.482    10.2900   3.571992    32.3216       4137    17.2333  0.000e+00
      7.403    10.2960   3.571928    32.3156       4138    17.2375  0.000e+00
      7.325    10.3008   3.572867    32.3208       4139    17.2417  0.000e+00
      7.231    10.3060   3.573505    32.3227       4140    17.2458  0.000e+00
      7.140    10.3128   3.573831    32.3200       4141    17.2500  0.000e+00
      7.037    10.3189   3.574272    32.3190       4142    17.2542  0.000e+00
      6.939    10.3247   3.574885    32.3200       4143    17.2583  0.000e+00
      6.839    10.3308   3.575237    32.3182       4144    17.2625  0.000e+00
      6.736    10.3366   3.576221    32.3229       4145    17.2667  0.000e+00
      6.634    10.3437   3.576463    32.3192       4146    17.2708  0.000e+00
      6.539    10.3505   3.577032    32.3189       4147    17.2750  0.000e+00
      6.444    10.3568   3.577825    32.3213       4148    17.2792  0.000e+00
      6.356    10.3639   3.578438    32.3211       4149    17.2833  0.000e+00
      6.271    10.3713   3.579269    32.3229       4150    17.2875  0.000e+00
      6.195    10.3795   3.579953    32.3225       4151    17.2917  0.000e+00
      6.125    10.3881   3.580874    32.3241       4152    17.2958  0.000e+00
      6.056    10.3971   3.580854    32.3160       4153    17.3000  0.000e+00
      6.004    10.4044   3.581666    32.3176       4154    17.3042  0.000e+00
      5.952    10.4111   3.582171    32.3168       4155    17.3083  0.000e+00
      5.906    10.4179   3.582280    32.3118       4156    17.3125  0.000e+00
      5.879    10.4236   3.582261    32.3066       4157    17.3167  0.000e+00
      5.838    10.4272   3.582478    32.3056       4158    17.3208  0.000e+00
      5.812    10.4299   3.582766    32.3061       4159    17.3250  0.000e+00
      5.786    10.4326   3.582785    32.3039       4160    17.3292  0.000e+00
      5.759    10.4348   3.582766    32.3017       4161    17.3333  0.000e+00
      5.721    10.4362   3.582804    32.3009       4162    17.3375  0.000e+00
      5.680    10.4368   3.582894    32.3013       4163    17.3417  0.000e+00
      5.629    10.4378   3.583092    32.3024       4164    17.3458  0.000e+00
      5.564    10.4390   3.583182    32.3023       4165    17.3500  0.000e+00
      5.519    10.4403   3.583552    32.3049       4166    17.3542  0.000e+00
      5.477    10.4422   3.584058    32.3082       4167    17.3583  0.000e+00
      5.462    10.4457   3.584390    32.3085       4168    17.3625  0.000e+00
      5.450    10.4496   3.584499    32.3061       4169    17.3667  0.000e+00
      5.435    10.4527   3.584525    32.3036       4170    17.3708  0.000e+00
      5.411    10.4552   3.584563    32.3018       4171    17.3750  0.000e+00
      5.380    10.4566   3.584608    32.3010       4172    17.3792  0.000e+00
      5.347    10.4576   3.584716    32.3012       4173    17.3833  0.000e+00
      5.324    10.4589   3.584806    32.3010       4174    17.3875  0.000e+00
      5.313    10.4597   3.584851    32.3007       4175    17.3917  0.000e+00
      5.307    10.4609   3.584876    32.2999       4176    17.3958  0.000e+00
      5.306    10.4616   3.584876    32.2993       4177    17.4000  0.000e+00
      5.316    10.4619   3.584876    32.2990       4178    17.4042  0.000e+00
      5.333    10.4623   3.584895    32.2989       4179    17.4083  0.000e+00
      5.366    10.4623   3.584915    32.2990       4180    17.4125  0.000e+00
      5.373    10.4625   3.584876    32.2984       4181    17.4167  0.000e+00
      5.330    10.4625   3.584876    32.2985       4182    17.4208  0.000e+00
      5.243    10.4622   3.585004    32.3001       4183    17.4250  0.000e+00
      5.119    10.4625   3.585113    32.3009       4184    17.4292  0.000e+00
      4.999    10.4632   3.585138    32.3006       4185    17.4333  0.000e+00
      4.879    10.4640   3.585356    32.3022       4186    17.4375  0.000e+00
      4.752    10.4654   3.585996    32.3073       4187    17.4417  0.000e+00
      4.614    10.4686   3.587538    32.3200       4188    17.4458  0.000e+00
      4.484    10.4759   3.589233    32.3306       4189    17.4500  0.000e+00
      4.357    10.4876   3.590750    32.3354       4190    17.4542  0.000e+00
      4.225    10.5020   3.592536    32.3405       4191    17.4583  0.000e+00
      4.080    10.5186   3.593663    32.3372       4192    17.4625  0.000e+00
      3.943    10.5351   3.594476    32.3307       4193    17.4667  0.000e+00
      3.791    10.5496   3.595250    32.3257       4194    17.4708  0.000e+00
      3.639    10.5619   3.595756    32.3198       4195    17.4750  0.000e+00
      3.494    10.5723   3.596723    32.3204       4196    17.4792  0.000e+00
      3.359    10.5822   3.597786    32.3223       4197    17.4833  0.000e+00
      3.232    10.5927   3.598401    32.3191       4198    17.4875  0.000e+00
      3.101    10.6025   3.598978    32.3163       4199    17.4917  0.000e+00
      2.972    10.6112   3.600612    32.3249       4200    17.4958  0.000e+00
      2.849    10.6217   3.602073    32.3303       4201    17.5000  0.000e+00
      2.735    10.6353   3.603489    32.3324       4202    17.5042  0.000e+00
      2.617    10.6498   3.604995    32.3346       4203    17.5083  0.000e+00
      2.517    10.6651   3.605790    32.3291       4204    17.5125  0.000e+00
      2.404    10.6790   3.606418    32.3230       4205    17.5167  0.000e+00
      2.327    10.6908   3.607431    32.3227       4206    17.5208  0.000e+00
      2.264    10.7019   3.608118    32.3198       4207    17.5250  0.000e+00
      2.230    10.7119   3.608560    32.3153       4208    17.5292  0.000e+00
      2.210    10.7204   3.608759    32.3098       4209    17.5333  0.000e+00
      2.188    10.7268   3.608938    32.3059       4210    17.5375  0.000e+00
      2.161    10.7317   3.609471    32.3069       4211    17.5417  0.000e+00
      2.127    10.7361   3.609843    32.3068       4212    17.5458  0.000e+00
      2.094    10.7406   3.609977    32.3041       4213    17.5500  0.000e+00
      2.061    10.7444   3.610086    32.3019       4214    17.5542  0.000e+00
      2.035    10.7474   3.610086    32.2992       4215    17.5583  0.000e+00
      2.007    10.7493   3.610266    32.2994       4216    17.5625  0.000e+00
      1.981    10.7509   3.610888    32.3041       4217    17.5667  0.000e+00
      1.958    10.7536   3.610997    32.3028       4218    17.5708  0.000e+00
      1.940    10.7568   3.611619    32.3062       4219    17.5750  0.000e+00
      1.924    10.7608   3.612331    32.3098       4220    17.5792  0.000e+00
      1.912    10.7659   3.612774    32.3096       4221    17.5833  0.000e+00
      1.908    10.7717   3.612485    32.3017       4222    17.5875  0.000e+00
      1.897    10.7752   3.612530    32.2990       4223    17.5917  0.000e+00
      1.882    10.7770   3.613063    32.3028       4224    17.5958  0.000e+00
      1.873    10.7794   3.613326    32.3032       4225    17.6000  0.000e+00
      1.863    10.7825   3.613384    32.3011       4226    17.6042  0.000e+00
      1.858    10.7851   3.613172    32.2967       4227    17.6083  0.000e+00
      1.841    10.7863   3.613640    32.3002       4228    17.6125  0.000e+00
      1.826    10.7877   3.613974    32.3023       4229    17.6167  0.000e+00
      1.795    10.7900   3.614282    32.3034       4230    17.6208  0.000e+00
      1.772    10.7931   3.614372    32.3016       4231    17.6250  0.000e+00
      1.741    10.7956   3.614346    32.2991       4232    17.6292  0.000e+00
      1.719    10.7973   3.614660    32.3007       4233    17.6333  0.000e+00
      1.699    10.7992   3.614969    32.3022       4234    17.6375  0.000e+00
      1.677    10.8015   3.615392    32.3044       4235    17.6417  0.000e+00
      1.661    10.8048   3.615373    32.3012       4236    17.6458  0.000e+00
      1.637    10.8073   3.615970    32.3049       4237    17.6500  0.000e+00
      1.593    10.8105   3.617061    32.3130       4238    17.6542  0.000e+00
      1.548    10.8163   3.617992    32.3172       4239    17.6583  0.000e+00
      1.487    10.8245   3.618345    32.3134       4240    17.6625  0.000e+00
      1.416    10.8323   3.618550    32.3086       4241    17.6667  0.000e+00
      1.360    10.8377   3.619205    32.3103       4242    17.6708  0.000e+00
      1.315    10.8437   3.620573    32.3187       4243    17.6750  0.000e+00
      1.281    10.8514   3.620772    32.3138       4244    17.6792  0.000e+00
      1.250    10.8590   3.620881    32.3082       4245    17.6833  0.000e+00
      1.205    10.8649   3.621414    32.3084       4246    17.6875  0.000e+00
      1.144    10.8702   3.621549    32.3050       4247    17.6917  0.000e+00
      1.040    10.8746   3.621684    32.3026       4248    17.6958  0.000e+00
      0.919    10.8775   3.622994    32.3130       4249    17.7000  0.000e+00
      0.808    10.8832   3.623598    32.3141       4250    17.7042  0.000e+00
      0.726    10.8905   3.624735    32.3189       4251    17.7083  0.000e+00
      0.685    10.8991   3.625294    32.3169       4252    17.7125  0.000e+00
      0.659    10.9079   3.625422    32.3104       4253    17.7167  0.000e+00
      0.635    10.9148   3.626630    32.3163       4254    17.7208  0.000e+00
      0.583    10.9223   3.627581    32.3191       4255    17.7250  0.000e+00
      0.506    10.9315   3.627768    32.3129       4256    17.7292  0.000e+00
      0.395    10.9396   3.628970    32.3177       4257    17.7333  0.000e+00
      0.285    10.9473   3.629619    32.3174       4258    17.7375  0.000e+00
      0.204    10.9563   3.632030    32.3333       4259    17.7417  0.000e+00
      0.133    10.9691   3.633522    32.3369       4260    17.7458  0.000e+00
      0.061    10.9853   3.632943    32.3169       4261    17.7500  0.000e+00
      0.032    10.9968   3.633077    32.3081       4262    17.7542  0.000e+00
      0.046    11.0026   3.632968    32.3019       4263    17.7583  0.000e+00
      0.073    11.0063   3.632093    32.2900       4264    17.7625  0.000e+00
      0.074    11.0058   3.632428    32.2937       4265    17.7667  0.000e+00
      0.023    11.0047   3.634955    32.3198       4266    17.7708  0.000e+00
