HB2503/sbe078.cnv
* Sea-Bird SBE 19plus V2 Data File:
* FileName = C:\cruise\data\sbe078.hex
* Software Version Seasave V 7.26.7.121
* Temperature SN = 6128
* Conductivity SN = 6128
* System UpLoad Time = Jun 04 2025 15:57:49
* NMEA Latitude = 42 37.66 N
* NMEA Longitude = 069 30.81 W
* NMEA UTC (Time) = Jun 04 2025  15:56:06
** Ship: Henry Bigelow
** Cruise:  HB2502
** Program:  Spring Bottom Trawl
# nquan = 7
# nvalues = 4630                                  
# units = specified
# name 0 = depSM: Depth [salt water, m]
# name 1 = tv290C: Temperature [ITS-90, deg C]
# name 2 = c0S/m: Conductivity [S/m]
# name 3 = sal00: Salinity, Practical [PSU]
# name 4 = scan: Scan Count
# name 5 = timeM: Time, Elapsed [minutes]
# name 6 = flag:  0.000e+00
# span 0 =     -0.158,    200.495                 
# span 1 =     5.2261,    15.0857                 
# span 2 =   0.007721,   3.891075                 
# span 3 =     0.0475,    34.5797                 
# span 4 =         11,       4640                 
# span 5 =     0.0417,    19.3292                 
# span 6 = 0.0000e+00, 0.0000e+00                 
# interval = seconds: 0.25
# start_time = Jun 04 2025 15:56:06 [NMEA time, header]
# bad_flag = -9.990e-29
*END*
      0.176    15.0773   0.007910     0.0486         11     0.0417  0.000e+00
      0.174    15.0768   0.007904     0.0485         12     0.0458  0.000e+00
      0.172    15.0764   0.007904     0.0485         13     0.0500  0.000e+00
      0.170    15.0758   0.007904     0.0485         14     0.0542  0.000e+00
      0.170    15.0751   0.007904     0.0485         15     0.0583  0.000e+00
      0.166    15.0747   0.007904     0.0485         16     0.0625  0.000e+00
      0.167    15.0740   0.007904     0.0485         17     0.0667  0.000e+00
      0.169    15.0737   0.007898     0.0485         18     0.0708  0.000e+00
      0.171    15.0731   0.007892     0.0485         19     0.0750  0.000e+00
      0.165    15.0727   0.007895     0.0485         20     0.0792  0.000e+00
      0.163    15.0725   0.007892     0.0485         21     0.0833  0.000e+00
      0.167    15.0721   0.007886     0.0484         22     0.0875  0.000e+00
      0.167    15.0714   0.007895     0.0485         23     0.0917  0.000e+00
      0.166    15.0708   0.007883     0.0484         24     0.0958  0.000e+00
      0.169    15.0703   0.007892     0.0485         25     0.1000  0.000e+00
      0.167    15.0700   0.007889     0.0484         26     0.1042  0.000e+00
      0.171    15.0700   0.007883     0.0484         27     0.1083  0.000e+00
      0.167    15.0690   0.007886     0.0484         28     0.1125  0.000e+00
      0.165    15.0687   0.007886     0.0484         29     0.1167  0.000e+00
      0.167    15.0684   0.007883     0.0484         30     0.1208  0.000e+00
      0.164    15.0680   0.007877     0.0484         31     0.1250  0.000e+00
      0.167    15.0674   0.007874     0.0484         32     0.1292  0.000e+00
      0.162    15.0670   0.007883     0.0484         33     0.1333  0.000e+00
      0.162    15.0661   0.007883     0.0484         34     0.1375  0.000e+00
      0.167    15.0654   0.007916     0.0486         35     0.1417  0.000e+00
      0.163    15.0651   0.007871     0.0483         36     0.1458  0.000e+00
      0.165    15.0646   0.007871     0.0483         37     0.1500  0.000e+00
      0.165    15.0642   0.007871     0.0483         38     0.1542  0.000e+00
      0.165    15.0637   0.007865     0.0483         39     0.1583  0.000e+00
      0.163    15.0634   0.007874     0.0484         40     0.1625  0.000e+00
      0.162    15.0630   0.007865     0.0483         41     0.1667  0.000e+00
      0.162    15.0621   0.007865     0.0483         42     0.1708  0.000e+00
      0.162    15.0619   0.007859     0.0483         43     0.1750  0.000e+00
      0.160    15.0610   0.007865     0.0483         44     0.1792  0.000e+00
      0.162    15.0607   0.007865     0.0483         45     0.1833  0.000e+00
      0.160    15.0604   0.007871     0.0483         46     0.1875  0.000e+00
      0.164    15.0599   0.007859     0.0483         47     0.1917  0.000e+00
      0.160    15.0593   0.007859     0.0483         48     0.1958  0.000e+00
      0.160    15.0593   0.007859     0.0483         49     0.2000  0.000e+00
      0.164    15.0593   0.007853     0.0482         50     0.2042  0.000e+00
      0.160    15.0608   0.007853     0.0482         51     0.2083  0.000e+00
      0.164    15.0625   0.007853     0.0482         52     0.2125  0.000e+00
      0.160    15.0642   0.007853     0.0482         53     0.2167  0.000e+00
      0.160    15.0650   0.007853     0.0482         54     0.2208  0.000e+00
      0.159    15.0649   0.007850     0.0482         55     0.2250  0.000e+00
      0.159    15.0650   0.007853     0.0482         56     0.2292  0.000e+00
      0.164    15.0659   0.007847     0.0482         57     0.2333  0.000e+00
      0.162    15.0678   0.007853     0.0482         58     0.2375  0.000e+00
      0.161    15.0696   0.007847     0.0482         59     0.2417  0.000e+00
      0.161    15.0711   0.007844     0.0482         60     0.2458  0.000e+00
      0.161    15.0732   0.007841     0.0482         61     0.2500  0.000e+00
      0.159    15.0749   0.007841     0.0482         62     0.2542  0.000e+00
      0.159    15.0761   0.007838     0.0481         63     0.2583  0.000e+00
      0.159    15.0775   0.007841     0.0482         64     0.2625  0.000e+00
      0.155    15.0790   0.007841     0.0482         65     0.2667  0.000e+00
      0.157    15.0806   0.007835     0.0481         66     0.2708  0.000e+00
      0.159    15.0823   0.007835     0.0481         67     0.2750  0.000e+00
      0.150    15.0841   0.007835     0.0481         68     0.2792  0.000e+00
      0.152    15.0848   0.007835     0.0481         69     0.2833  0.000e+00
      0.155    15.0857   0.007826     0.0481         70     0.2875  0.000e+00
      0.159    15.0855   0.007829     0.0481         71     0.2917  0.000e+00
      0.157    15.0847   0.007829     0.0481         72     0.2958  0.000e+00
      0.159    15.0833   0.007826     0.0481         73     0.3000  0.000e+00
      0.159    15.0825   0.007826     0.0481         74     0.3042  0.000e+00
      0.159    15.0811   0.007829     0.0481         75     0.3083  0.000e+00
      0.155    15.0801   0.007829     0.0481         76     0.3125  0.000e+00
      0.157    15.0784   0.007820     0.0480         77     0.3167  0.000e+00
      0.156    15.0773   0.007820     0.0480         78     0.3208  0.000e+00
      0.163    15.0762   0.007814     0.0480         79     0.3250  0.000e+00
      0.152    15.0752   0.007808     0.0480         80     0.3292  0.000e+00
      0.155    15.0744   0.007805     0.0480         81     0.3333  0.000e+00
      0.159    15.0731   0.007820     0.0480         82     0.3375  0.000e+00
      0.159    15.0720   0.007871     0.0483         83     0.3417  0.000e+00
      0.159    15.0709   0.007805     0.0480         84     0.3458  0.000e+00
      0.157    15.0700   0.007808     0.0480         85     0.3500  0.000e+00
      0.163    15.0692   0.007814     0.0480         86     0.3542  0.000e+00
      0.161    15.0679   0.007814     0.0480         87     0.3583  0.000e+00
      0.159    15.0672   0.007814     0.0480         88     0.3625  0.000e+00
      0.156    15.0659   0.007808     0.0480         89     0.3667  0.000e+00
      0.159    15.0650   0.007808     0.0480         90     0.3708  0.000e+00
      0.158    15.0640   0.007808     0.0480         91     0.3750  0.000e+00
      0.156    15.0632   0.007805     0.0480         92     0.3792  0.000e+00
      0.154    15.0622   0.007796     0.0479         93     0.3833  0.000e+00
      0.152    15.0614   0.007802     0.0480         94     0.3875  0.000e+00
      0.162    15.0602   0.007799     0.0479         95     0.3917  0.000e+00
      0.156    15.0596   0.007796     0.0479         96     0.3958  0.000e+00
      0.156    15.0589   0.007796     0.0479         97     0.4000  0.000e+00
      0.156    15.0575   0.007799     0.0479         98     0.4042  0.000e+00
      0.158    15.0570   0.007796     0.0479         99     0.4083  0.000e+00
      0.154    15.0560   0.007790     0.0479        100     0.4125  0.000e+00
      0.160    15.0550   0.007793     0.0479        101     0.4167  0.000e+00
      0.156    15.0540   0.007790     0.0479        102     0.4208  0.000e+00
      0.156    15.0533   0.007784     0.0479        103     0.4250  0.000e+00
      0.158    15.0525   0.007787     0.0479        104     0.4292  0.000e+00
      0.156    15.0518   0.007784     0.0479        105     0.4333  0.000e+00
      0.155    15.0506   0.007784     0.0479        106     0.4375  0.000e+00
      0.158    15.0499   0.007784     0.0479        107     0.4417  0.000e+00
      0.156    15.0489   0.007778     0.0478        108     0.4458  0.000e+00
      0.154    15.0482   0.007778     0.0478        109     0.4500  0.000e+00
      0.153    15.0473   0.007778     0.0478        110     0.4542  0.000e+00
      0.152    15.0465   0.007778     0.0478        111     0.4583  0.000e+00
      0.153    15.0456   0.007784     0.0479        112     0.4625  0.000e+00
      0.149    15.0449   0.007772     0.0478        113     0.4667  0.000e+00
      0.149    15.0438   0.007766     0.0478        114     0.4708  0.000e+00
      0.154    15.0431   0.007772     0.0478        115     0.4750  0.000e+00
      0.156    15.0425   0.007766     0.0478        116     0.4792  0.000e+00
      0.151    15.0413   0.007772     0.0478        117     0.4833  0.000e+00
      0.151    15.0405   0.007769     0.0478        118     0.4875  0.000e+00
      0.147    15.0399   0.007772     0.0478        119     0.4917  0.000e+00
      0.154    15.0391   0.007766     0.0478        120     0.4958  0.000e+00
      0.150    15.0383   0.007763     0.0478        121     0.5000  0.000e+00
      0.156    15.0394   0.007766     0.0478        122     0.5042  0.000e+00
      0.154    15.0408   0.007763     0.0478        123     0.5083  0.000e+00
      0.156    15.0428   0.007769     0.0478        124     0.5125  0.000e+00
      0.150    15.0458   0.007772     0.0478        125     0.5167  0.000e+00
      0.152    15.0481   0.007766     0.0478        126     0.5208  0.000e+00
      0.150    15.0504   0.007763     0.0477        127     0.5250  0.000e+00
      0.152    15.0522   0.007763     0.0477        128     0.5292  0.000e+00
      0.151    15.0545   0.007763     0.0477        129     0.5333  0.000e+00
      0.156    15.0561   0.007757     0.0477        130     0.5375  0.000e+00
      0.154    15.0580   0.007739     0.0476        131     0.5417  0.000e+00
      0.149    15.0597   0.007763     0.0477        132     0.5458  0.000e+00
      0.152    15.0612   0.007763     0.0477        133     0.5500  0.000e+00
      0.151    15.0626   0.007757     0.0477        134     0.5542  0.000e+00
      0.153    15.0645   0.007754     0.0477        135     0.5583  0.000e+00
      0.151    15.0662   0.007757     0.0477        136     0.5625  0.000e+00
      0.147    15.0678   0.007745     0.0476        137     0.5667  0.000e+00
      0.140    15.0698   0.007748     0.0476        138     0.5708  0.000e+00
      0.146    15.0715   0.007745     0.0476        139     0.5750  0.000e+00
      0.150    15.0733   0.007751     0.0477        140     0.5792  0.000e+00
      0.148    15.0747   0.007754     0.0477        141     0.5833  0.000e+00
      0.151    15.0766   0.007751     0.0477        142     0.5875  0.000e+00
      0.150    15.0780   0.007757     0.0477        143     0.5917  0.000e+00
      0.146    15.0796   0.007748     0.0476        144     0.5958  0.000e+00
      0.151    15.0795   0.007757     0.0477        145     0.6000  0.000e+00
      0.150    15.0785   0.007751     0.0477        146     0.6042  0.000e+00
      0.153    15.0768   0.007748     0.0476        147     0.6083  0.000e+00
      0.151    15.0749   0.007745     0.0476        148     0.6125  0.000e+00
      0.148    15.0725   0.007751     0.0477        149     0.6167  0.000e+00
      0.155    15.0705   0.007754     0.0477        150     0.6208  0.000e+00
      0.152    15.0681   0.007751     0.0477        151     0.6250  0.000e+00
      0.148    15.0664   0.007739     0.0476        152     0.6292  0.000e+00
      0.152    15.0646   0.007742     0.0476        153     0.6333  0.000e+00
      0.152    15.0631   0.007745     0.0476        154     0.6375  0.000e+00
      0.154    15.0625   0.007739     0.0476        155     0.6417  0.000e+00
      0.152    15.0615   0.007748     0.0477        156     0.6458  0.000e+00
      0.150    15.0604   0.007745     0.0476        157     0.6500  0.000e+00
      0.150    15.0585   0.007742     0.0476        158     0.6542  0.000e+00
      0.150    15.0568   0.007739     0.0476        159     0.6583  0.000e+00
      0.148    15.0552   0.007739     0.0476        160     0.6625  0.000e+00
      0.150    15.0529   0.007733     0.0476        161     0.6667  0.000e+00
      0.148    15.0509   0.007721     0.0475        162     0.6708  0.000e+00
      0.150    15.0491   0.007733     0.0476        163     0.6750  0.000e+00
      0.153    15.0469   0.007748     0.0477        164     0.6792  0.000e+00
      0.152    15.0452   0.007745     0.0476        165     0.6833  0.000e+00
      0.144    15.0424   0.007739     0.0476        166     0.6875  0.000e+00
      0.146    15.0383   0.007739     0.0476        167     0.6917  0.000e+00
      0.152    15.0355   0.007739     0.0476        168     0.6958  0.000e+00
      0.146    15.0334   0.007763     0.0478        169     0.7000  0.000e+00
      0.164    15.0293   0.007778     0.0478        170     0.7042  0.000e+00
      0.345    15.0202   0.010176     0.0615        171     0.7083  0.000e+00
      0.604    14.9155   1.474732    10.8516        172     0.7125  0.000e+00
      0.856    14.6388   2.396556    18.5482        173     0.7167  0.000e+00
      1.098    14.3112   2.555190    20.0664        174     0.7208  0.000e+00
      1.268    14.2321   2.320642    18.0938        175     0.7250  0.000e+00
      1.391    14.2883   2.612454    20.5725        176     0.7292  0.000e+00
      1.487    14.3452   3.006411    23.9752        177     0.7333  0.000e+00
      1.583    14.3636   3.804356    31.1002        178     0.7375  0.000e+00
      1.694    14.3509   3.878580    31.7868        179     0.7417  0.000e+00
      1.807    14.3110   3.862305    31.6708        180     0.7458  0.000e+00
      1.918    14.2533   3.866578    31.7572        181     0.7500  0.000e+00
      2.048    14.1815   3.863625    31.7892        182     0.7542  0.000e+00
      2.180    14.1013   3.861365    31.8346        183     0.7583  0.000e+00
      2.327    14.0183   3.859896    31.8898        184     0.7625  0.000e+00
      2.466    13.9398   3.865435    32.0059        185     0.7667  0.000e+00
      2.609    13.8633   3.881901    32.2219        186     0.7708  0.000e+00
      2.744    13.8140   3.887895    32.3188        187     0.7750  0.000e+00
      2.882    13.7866   3.889878    32.3602        188     0.7792  0.000e+00
      3.036    13.7820   3.891075    32.3751        189     0.7833  0.000e+00
      3.192    13.7886   3.887961    32.3406        190     0.7875  0.000e+00
      3.364    13.7930   3.876039    32.2263        191     0.7917  0.000e+00
      3.543    13.8010   3.855610    32.0305        192     0.7958  0.000e+00
      3.727    13.8066   3.848144    31.9566        193     0.8000  0.000e+00
      3.910    13.7595   3.848283    31.9972        194     0.8042  0.000e+00
      4.091    13.6775   3.837594    31.9665        195     0.8083  0.000e+00
      4.274    13.6014   3.832061    31.9787        196     0.8125  0.000e+00
      4.453    13.5158   3.829782    32.0291        197     0.8167  0.000e+00
      4.625    13.4288   3.829547    32.0999        198     0.8208  0.000e+00
      4.799    13.3548   3.829450    32.1613        199     0.8250  0.000e+00
      4.958    13.2955   3.830935    32.2253        200     0.8292  0.000e+00
      5.119    13.2545   3.839428    32.3397        201     0.8333  0.000e+00
      5.271    13.2339   3.839553    32.3583        202     0.8375  0.000e+00
      5.396    13.2309   3.838554    32.3514        203     0.8417  0.000e+00
      5.509    13.2496   3.840717    32.3558        204     0.8458  0.000e+00
      5.609    13.2755   3.850185    32.4224        205     0.8500  0.000e+00
      5.708    13.2979   3.856843    32.4657        206     0.8542  0.000e+00
      5.806    13.3208   3.862398    32.4983        207     0.8583  0.000e+00
      5.906    13.3429   3.865443    32.5079        208     0.8625  0.000e+00
      6.018    13.3574   3.866597    32.5062        209     0.8667  0.000e+00
      6.123    13.3653   3.864349    32.4784        210     0.8708  0.000e+00
      6.239    13.3739   3.856664    32.3992        211     0.8750  0.000e+00
      6.364    13.3874   3.847242    32.2995        212     0.8792  0.000e+00
      6.501    13.4068   3.840623    32.2212        213     0.8833  0.000e+00
      6.648    13.4255   3.836974    32.1712        214     0.8875  0.000e+00
      6.801    13.4292   3.833878    32.1391        215     0.8917  0.000e+00
