HB2503/sbe038.cnv
* Sea-Bird SBE 19plus V2 Data File:
* FileName = C:\cruise\data\sbe038.hex
* Software Version Seasave V 7.26.7.121
* Temperature SN = 6128
* Conductivity SN = 6128
* System UpLoad Time = May 31 2025 07:30:56
* NMEA Latitude = 40 30.12 N
* NMEA Longitude = 073 02.55 W
* NMEA UTC (Time) = May 31 2025  07:29:08
** Ship: Henry Bigelow
** Cruise:  HB2502
** Program:  Spring Bottom Trawl
# nquan = 7
# nvalues = 1262                                  
# units = specified
# name 0 = depSM: Depth [salt water, m]
# name 1 = tv290C: Temperature [ITS-90, deg C]
# name 2 = c0S/m: Conductivity [S/m]
# name 3 = sal00: Salinity, Practical [PSU]
# name 4 = scan: Scan Count
# name 5 = timeM: Time, Elapsed [minutes]
# name 6 = flag:  0.000e+00
# span 0 =     -0.176,     26.654                 
# span 1 =    11.5458,    14.7130                 
# span 2 =   0.002474,   3.773547                 
# span 3 =     0.0187,    32.0778                 
# span 4 =         11,       1272                 
# span 5 =     0.0417,     5.2958                 
# span 6 = 0.0000e+00, 0.0000e+00                 
# interval = seconds: 0.25
# start_time = May 31 2025 07:29:08 [NMEA time, header]
# bad_flag = -9.990e-29
*END*
[from data line 1026]
      5.566    13.8441   3.742280    30.9490       1037     4.3167  0.000e+00
      5.487    13.8509   3.744056    30.9599       1038     4.3208  0.000e+00
      5.419    13.8623   3.744883    30.9583       1039     4.3250  0.000e+00
      5.370    13.8743   3.745071    30.9504       1040     4.3292  0.000e+00
      5.341    13.8836   3.744980    30.9421       1041     4.3333  0.000e+00
      5.328    13.8894   3.745169    30.9391       1042     4.3375  0.000e+00
      5.328    13.8930   3.745280    30.9373       1043     4.3417  0.000e+00
      5.334    13.8957   3.745143    30.9338       1044     4.3458  0.000e+00
      5.335    13.8971   3.745253    30.9337       1045     4.3500  0.000e+00
      5.337    13.8981   3.745442    30.9346       1046     4.3542  0.000e+00
      5.335    13.8992   3.745585    30.9351       1047     4.3583  0.000e+00
      5.322    13.9008   3.745761    30.9354       1048     4.3625  0.000e+00
      5.308    13.9023   3.745904    30.9355       1049     4.3667  0.000e+00
      5.280    13.9041   3.745891    30.9339       1050     4.3708  0.000e+00
      5.239    13.9053   3.745976    30.9338       1051     4.3750  0.000e+00
      5.190    13.9065   3.746002    30.9331       1052     4.3792  0.000e+00
      5.128    13.9074   3.746113    30.9334       1053     4.3833  0.000e+00
      5.063    13.9089   3.746347    30.9344       1054     4.3875  0.000e+00
      5.016    13.9108   3.746855    30.9375       1055     4.3917  0.000e+00
      4.973    13.9141   3.747044    30.9366       1056     4.3958  0.000e+00
      4.938    13.9176   3.747252    30.9357       1057     4.4000  0.000e+00
      4.907    13.9211   3.747265    30.9331       1058     4.4042  0.000e+00
      4.876    13.9232   3.747323    30.9319       1059     4.4083  0.000e+00
      4.847    13.9246   3.747434    30.9318       1060     4.4125  0.000e+00
      4.824    13.9261   3.747525    30.9315       1061     4.4167  0.000e+00
      4.802    13.9273   3.747577    30.9309       1062     4.4208  0.000e+00
      4.782    13.9282   3.747597    30.9304       1063     4.4250  0.000e+00
      4.764    13.9292   3.747590    30.9296       1064     4.4292  0.000e+00
      4.748    13.9297   3.747688    30.9301       1065     4.4333  0.000e+00
      4.728    13.9304   3.747988    30.9323       1066     4.4375  0.000e+00
      4.714    13.9318   3.748411    30.9350       1067     4.4417  0.000e+00
      4.694    13.9343   3.748691    30.9356       1068     4.4458  0.000e+00
      4.668    13.9376   3.748854    30.9344       1069     4.4500  0.000e+00
      4.648    13.9407   3.748899    30.9323       1070     4.4542  0.000e+00
      4.625    13.9430   3.749153    30.9329       1071     4.4583  0.000e+00
      4.594    13.9456   3.749400    30.9330       1072     4.4625  0.000e+00
      4.561    13.9487   3.749316    30.9298       1073     4.4667  0.000e+00
      4.532    13.9511   3.749179    30.9266       1074     4.4708  0.000e+00
      4.507    13.9520   3.749218    30.9262       1075     4.4750  0.000e+00
      4.486    13.9524   3.749316    30.9269       1076     4.4792  0.000e+00
      4.457    13.9526   3.749270    30.9263       1077     4.4833  0.000e+00
      4.416    13.9530   3.749335    30.9266       1078     4.4875  0.000e+00
      4.372    13.9530   3.749316    30.9264       1079     4.4917  0.000e+00
      4.323    13.9532   3.749316    30.9262       1080     4.4958  0.000e+00
      4.278    13.9539   3.749732    30.9296       1081     4.5000  0.000e+00
      4.231    13.9555   3.750638    30.9366       1082     4.5042  0.000e+00
      4.180    13.9614   3.752123    30.9455       1083     4.5083  0.000e+00
      4.122    13.9756   3.752748    30.9398       1084     4.5125  0.000e+00
      4.069    13.9905   3.753361    30.9334       1085     4.5167  0.000e+00
      4.022    14.0040   3.753654    30.9253       1086     4.5208  0.000e+00
      3.984    14.0159   3.753816    30.9172       1087     4.5250  0.000e+00
      3.962    14.0252   3.754331    30.9145       1088     4.5292  0.000e+00
      3.946    14.0336   3.754416    30.9085       1089     4.5333  0.000e+00
      3.942    14.0412   3.754533    30.9035       1090     4.5375  0.000e+00
      3.944    14.0471   3.754513    30.8986       1091     4.5417  0.000e+00
      3.957    14.0503   3.754279    30.8939       1092     4.5458  0.000e+00
      3.985    14.0501   3.753933    30.8909       1093     4.5500  0.000e+00
      4.023    14.0467   3.753490    30.8896       1094     4.5542  0.000e+00
      4.061    14.0408   3.753288    30.8924       1095     4.5583  0.000e+00
      4.095    14.0349   3.752930    30.8939       1096     4.5625  0.000e+00
      4.117    14.0287   3.752467    30.8946       1097     4.5667  0.000e+00
      4.133    14.0216   3.752363    30.8993       1098     4.5708  0.000e+00
      4.114    14.0159   3.751959    30.9002       1099     4.5750  0.000e+00
      4.077    14.0101   3.752005    30.9053       1100     4.5792  0.000e+00
      4.016    14.0055   3.752253    30.9113       1101     4.5833  0.000e+00
      3.949    14.0042   3.752605    30.9156       1102     4.5875  0.000e+00
      3.860    14.0059   3.753139    30.9192       1103     4.5917  0.000e+00
      3.755    14.0106   3.753771    30.9212       1104     4.5958  0.000e+00
      3.643    14.0177   3.754116    30.9187       1105     4.6000  0.000e+00
      3.547    14.0261   3.754950    30.9196       1106     4.6042  0.000e+00
      3.470    14.0372   3.755393    30.9148       1107     4.6083  0.000e+00
      3.420    14.0478   3.755412    30.9065       1108     4.6125  0.000e+00
      3.414    14.0556   3.755601    30.9020       1109     4.6167  0.000e+00
      3.435    14.0610   3.755627    30.8979       1110     4.6208  0.000e+00
      3.468    14.0649   3.755503    30.8936       1111     4.6250  0.000e+00
      3.500    14.0667   3.755210    30.8895       1112     4.6292  0.000e+00
      3.531    14.0660   3.754884    30.8870       1113     4.6333  0.000e+00
      3.557    14.0634   3.754376    30.8844       1114     4.6375  0.000e+00
      3.578    14.0586   3.754044    30.8853       1115     4.6417  0.000e+00
      3.591    14.0522   3.753822    30.8884       1116     4.6458  0.000e+00
      3.571    14.0464   3.753770    30.8925       1117     4.6500  0.000e+00
      3.531    14.0423   3.754441    30.9020       1118     4.6542  0.000e+00
      3.464    14.0432   3.755015    30.9065       1119     4.6583  0.000e+00
      3.390    14.0488   3.755210    30.9038       1120     4.6625  0.000e+00
      3.309    14.0552   3.755484    30.9013       1121     4.6667  0.000e+00
      3.242    14.0612   3.755438    30.8960       1122     4.6708  0.000e+00
      3.191    14.0651   3.755510    30.8936       1123     4.6750  0.000e+00
      3.158    14.0675   3.755503    30.8916       1124     4.6792  0.000e+00
      3.149    14.0690   3.755555    30.8909       1125     4.6833  0.000e+00
      3.153    14.0701   3.755458    30.8891       1126     4.6875  0.000e+00
      3.170    14.0708   3.755301    30.8871       1127     4.6917  0.000e+00
      3.187    14.0707   3.755184    30.8862       1128     4.6958  0.000e+00
      3.198    14.0705   3.755125    30.8857       1129     4.7000  0.000e+00
      3.202    14.0702   3.755158    30.8863       1130     4.7042  0.000e+00
      3.203    14.0707   3.755184    30.8861       1131     4.7083  0.000e+00
      3.180    14.0720   3.755236    30.8856       1132     4.7125  0.000e+00
      3.149    14.0734   3.755373    30.8857       1133     4.7167  0.000e+00
      3.109    14.0758   3.755262    30.8828       1134     4.7208  0.000e+00
      3.056    14.0769   3.754513    30.8751       1135     4.7250  0.000e+00
      3.000    14.0739   3.754415    30.8766       1136     4.7292  0.000e+00
      2.944    14.0687   3.754395    30.8806       1137     4.7333  0.000e+00
      2.890    14.0644   3.754441    30.8845       1138     4.7375  0.000e+00
      2.845    14.0623   3.754597    30.8876       1139     4.7417  0.000e+00
      2.828    14.0632   3.754558    30.8866       1140     4.7458  0.000e+00
      2.835    14.0646   3.754604    30.8859       1141     4.7500  0.000e+00
      2.859    14.0656   3.754682    30.8857       1142     4.7542  0.000e+00
      2.884    14.0674   3.754741    30.8848       1143     4.7583  0.000e+00
      2.889    14.0692   3.754747    30.8835       1144     4.7625  0.000e+00
      2.893    14.0715   3.754858    30.8827       1145     4.7667  0.000e+00
      2.882    14.0739   3.754903    30.8811       1146     4.7708  0.000e+00
      2.858    14.0761   3.755125    30.8814       1147     4.7750  0.000e+00
      2.831    14.0780   3.755229    30.8809       1148     4.7792  0.000e+00
      2.773    14.0789   3.755092    30.8789       1149     4.7833  0.000e+00
      2.681    14.0786   3.754884    30.8772       1150     4.7875  0.000e+00
      2.579    14.0763   3.755047    30.8806       1151     4.7917  0.000e+00
      2.491    14.0758   3.755216    30.8826       1152     4.7958  0.000e+00
      2.428    14.0778   3.755138    30.8803       1153     4.8000  0.000e+00
      2.386    14.0799   3.755229    30.8795       1154     4.8042  0.000e+00
      2.366    14.0814   3.755281    30.8788       1155     4.8083  0.000e+00
      2.362    14.0824   3.755209    30.8773       1156     4.8125  0.000e+00
      2.364    14.0831   3.755190    30.8765       1157     4.8167  0.000e+00
      2.362    14.0829   3.755138    30.8762       1158     4.8208  0.000e+00
      2.368    14.0824   3.755112    30.8764       1159     4.8250  0.000e+00
      2.375    14.0817   3.755079    30.8766       1160     4.8292  0.000e+00
      2.377    14.0813   3.755066    30.8769       1161     4.8333  0.000e+00
      2.378    14.0810   3.755014    30.8766       1162     4.8375  0.000e+00
      2.378    14.0812   3.755021    30.8766       1163     4.8417  0.000e+00
      2.378    14.0816   3.755047    30.8765       1164     4.8458  0.000e+00
      2.369    14.0828   3.755060    30.8756       1165     4.8500  0.000e+00
      2.369    14.0840   3.755092    30.8749       1166     4.8542  0.000e+00
      2.362    14.0853   3.755183    30.8748       1167     4.8583  0.000e+00
      2.362    14.0863   3.755125    30.8734       1168     4.8625  0.000e+00
      2.352    14.0866   3.755157    30.8734       1169     4.8667  0.000e+00
      2.333    14.0867   3.755170    30.8735       1170     4.8708  0.000e+00
      2.307    14.0868   3.755157    30.8733       1171     4.8750  0.000e+00
      2.280    14.0871   3.755183    30.8733       1172     4.8792  0.000e+00
      2.251    14.0876   3.755170    30.8728       1173     4.8833  0.000e+00
      2.215    14.0882   3.755157    30.8722       1174     4.8875  0.000e+00
      2.173    14.0885   3.755105    30.8716       1175     4.8917  0.000e+00
      2.118    14.0890   3.754812    30.8685       1176     4.8958  0.000e+00
      2.058    14.0901   3.754440    30.8642       1177     4.9000  0.000e+00
      1.992    14.0919   3.754219    30.8607       1178     4.9042  0.000e+00
      1.925    14.0943   3.754043    30.8573       1179     4.9083  0.000e+00
      1.864    14.0964   3.753997    30.8552       1180     4.9125  0.000e+00
      1.827    14.0979   3.753997    30.8540       1181     4.9167  0.000e+00
      1.823    14.0988   3.753997    30.8533       1182     4.9208  0.000e+00
      1.834    14.0996   3.754043    30.8531       1183     4.9250  0.000e+00
      1.868    14.0997   3.754069    30.8532       1184     4.9292  0.000e+00
      1.899    14.1002   3.754043    30.8526       1185     4.9333  0.000e+00
      1.932    14.0998   3.754017    30.8526       1186     4.9375  0.000e+00
      1.964    14.0996   3.754043    30.8530       1187     4.9417  0.000e+00
      1.989    14.0994   3.754108    30.8538       1188     4.9458  0.000e+00
      1.997    14.0989   3.754206    30.8551       1189     4.9500  0.000e+00
      1.982    14.0985   3.754440    30.8575       1190     4.9542  0.000e+00
      1.922    14.0978   3.754460    30.8583       1191     4.9583  0.000e+00
      1.836    14.0972   3.754368    30.8580       1192     4.9625  0.000e+00
      1.756    14.0974   3.754127    30.8556       1193     4.9667  0.000e+00
      1.669    14.0979   3.754114    30.8551       1194     4.9708  0.000e+00
      1.593    14.0988   3.754323    30.8564       1195     4.9750  0.000e+00
      1.533    14.0988   3.754329    30.8564       1196     4.9792  0.000e+00
      1.484    14.0987   3.754277    30.8561       1197     4.9833  0.000e+00
      1.462    14.0985   3.754264    30.8561       1198     4.9875  0.000e+00
      1.464    14.0985   3.754251    30.8560       1199     4.9917  0.000e+00
      1.468    14.0987   3.754251    30.8558       1200     4.9958  0.000e+00
      1.479    14.0988   3.754264    30.8558       1201     5.0000  0.000e+00
      1.473    14.0990   3.754368    30.8567       1202     5.0042  0.000e+00
      1.464    14.0987   3.754486    30.8580       1203     5.0083  0.000e+00
      1.438    14.0982   3.754420    30.8578       1204     5.0125  0.000e+00
      1.371    14.0982   3.754394    30.8576       1205     5.0167  0.000e+00
      1.281    14.0981   3.754420    30.8579       1206     5.0208  0.000e+00
      1.190    14.0985   3.754394    30.8574       1207     5.0250  0.000e+00
      1.121    14.0983   3.754485    30.8584       1208     5.0292  0.000e+00
      1.097    14.0983   3.754505    30.8586       1209     5.0333  0.000e+00
      1.105    14.0983   3.754557    30.8591       1210     5.0375  0.000e+00
      1.119    14.0978   3.754531    30.8592       1211     5.0417  0.000e+00
      1.143    14.0977   3.754557    30.8596       1212     5.0458  0.000e+00
      1.162    14.0973   3.754577    30.8601       1213     5.0500  0.000e+00
      1.168    14.0968   3.754642    30.8610       1214     5.0542  0.000e+00
      1.167    14.0966   3.754674    30.8615       1215     5.0583  0.000e+00
      1.170    14.0963   3.754642    30.8614       1216     5.0625  0.000e+00
      1.154    14.0965   3.754622    30.8611       1217     5.0667  0.000e+00
      1.116    14.0965   3.754622    30.8611       1218     5.0708  0.000e+00
      1.051    14.0968   3.754440    30.8592       1219     5.0750  0.000e+00
      0.949    14.0973   3.754349    30.8581       1220     5.0792  0.000e+00
      0.830    14.0981   3.754277    30.8568       1221     5.0833  0.000e+00
      0.741    14.0987   3.754283    30.8564       1222     5.0875  0.000e+00
      0.707    14.0995   3.754251    30.8555       1223     5.0917  0.000e+00
      0.700    14.1000   3.754264    30.8552       1224     5.0958  0.000e+00
      0.734    14.1002   3.754251    30.8549       1225     5.1000  0.000e+00
      0.754    14.1002   3.754231    30.8547       1226     5.1042  0.000e+00
      0.771    14.1005   3.754238    30.8545       1227     5.1083  0.000e+00
      0.787    14.1005   3.754205    30.8542       1228     5.1125  0.000e+00
      0.797    14.1005   3.754264    30.8548       1229     5.1167  0.000e+00
      0.801    14.1004   3.754251    30.8547       1230     5.1208  0.000e+00
      0.783    14.1005   3.754322    30.8553       1231     5.1250  0.000e+00
      0.728    14.1005   3.754329    30.8554       1232     5.1292  0.000e+00
      0.647    14.1005   3.754322    30.8553       1233     5.1333  0.000e+00
      0.553    14.1005   3.754368    30.8558       1234     5.1375  0.000e+00
      0.473    14.1007   3.754440    30.8563       1235     5.1417  0.000e+00
      0.388    14.1008   3.754440    30.8563       1236     5.1458  0.000e+00
      0.319    14.1012   3.754420    30.8558       1237     5.1500  0.000e+00
      0.245    14.1012   3.754440    30.8560       1238     5.1542  0.000e+00
      0.225    14.1015   3.754439    30.8558       1239     5.1583  0.000e+00
      0.294    14.1018   3.754420    30.8553       1240     5.1625  0.000e+00
