HB2503/sbe028.cnv
* Sea-Bird SBE 19plus V2 Data File:
* FileName = C:\cruise\data\sbe028.hex
* Software Version Seasave V 7.26.7.121
* Temperature SN = 6128
* Conductivity SN = 6128
* System UpLoad Time = May 30 2025 14:43:25
* NMEA Latitude = 39 03.27 N
* NMEA Longitude = 073 58.59 W
* NMEA UTC (Time) = May 30 2025  14:41:36
** Ship: Henry Bigelow
** Cruise:  HB2502
** Program:  Spring Bottom Trawl
# nquan = 7
# nvalues = 1326                                  
# units = specified
# name 0 = depSM: Depth [salt water, m]
# name 1 = tv290C: Temperature [ITS-90, deg C]
# name 2 = c0S/m: Conductivity [S/m]
# name 3 = sal00: Salinity, Practical [PSU]
# name 4 = scan: Scan Count
# name 5 = timeM: Time, Elapsed [minutes]
# name 6 = flag:  0.000e+00
# span 0 =     -0.144,     36.351                 
# span 1 =     7.8318,    16.6898                 
# span 2 =   0.011759,   4.078221                 
# span 3 =     0.0684,    36.0026                 
# span 4 =         11,       1336                 
# span 5 =     0.0417,     5.5625                 
# span 6 = 0.0000e+00, 0.0000e+00                 
# interval = seconds: 0.25
# start_time = May 30 2025 14:41:36 [NMEA time, header]
# bad_flag = -9.990e-29
*END*
[from data line 1231]
      3.885    15.2215   4.000848    32.1769       1242     5.1708  0.000e+00
      3.863    15.2216   4.000848    32.1769       1243     5.1750  0.000e+00
      3.832    15.2215   4.000874    32.1772       1244     5.1792  0.000e+00
      3.795    15.2219   4.000894    32.1771       1245     5.1833  0.000e+00
      3.750    15.2220   4.000894    32.1770       1246     5.1875  0.000e+00
      3.703    15.2221   4.000941    32.1774       1247     5.1917  0.000e+00
      3.636    15.2225   4.000995    32.1775       1248     5.1958  0.000e+00
      3.569    15.2230   4.001041    32.1776       1249     5.2000  0.000e+00
      3.494    15.2235   4.001108    32.1778       1250     5.2042  0.000e+00
      3.420    15.2243   4.001155    32.1776       1251     5.2083  0.000e+00
      3.344    15.2253   4.001255    32.1777       1252     5.2125  0.000e+00
      3.271    15.2263   4.001302    32.1773       1253     5.2167  0.000e+00
      3.204    15.2273   4.001302    32.1765       1254     5.2208  0.000e+00
      3.143    15.2281   4.001322    32.1760       1255     5.2250  0.000e+00
      3.103    15.2288   4.001349    32.1757       1256     5.2292  0.000e+00
      3.065    15.2296   4.001302    32.1747       1257     5.2333  0.000e+00
      3.032    15.2306   4.001182    32.1728       1258     5.2375  0.000e+00
      3.005    15.2313   4.001041    32.1710       1259     5.2417  0.000e+00
      2.977    15.2325   4.000921    32.1689       1260     5.2458  0.000e+00
      2.939    15.2332   4.000727    32.1666       1261     5.2500  0.000e+00
      2.904    15.2340   4.000439    32.1634       1262     5.2542  0.000e+00
      2.859    15.2350   3.999871    32.1575       1263     5.2583  0.000e+00
      2.802    15.2360   3.999202    32.1507       1264     5.2625  0.000e+00
      2.741    15.2374   3.998393    32.1423       1265     5.2667  0.000e+00
      2.675    15.2395   3.998059    32.1377       1266     5.2708  0.000e+00
      2.606    15.2410   3.997725    32.1334       1267     5.2750  0.000e+00
      2.538    15.2427   3.997557    32.1306       1268     5.2792  0.000e+00
      2.474    15.2438   3.997457    32.1288       1269     5.2833  0.000e+00
      2.422    15.2449   3.997196    32.1256       1270     5.2875  0.000e+00
      2.375    15.2460   3.996909    32.1221       1271     5.2917  0.000e+00
      2.335    15.2469   3.996408    32.1169       1272     5.2958  0.000e+00
      2.299    15.2485   3.996007    32.1120       1273     5.3000  0.000e+00
      2.279    15.2504   3.995719    32.1079       1274     5.3042  0.000e+00
      2.253    15.2518   3.995412    32.1040       1275     5.3083  0.000e+00
      2.227    15.2533   3.995124    32.1003       1276     5.3125  0.000e+00
      2.205    15.2547   3.994864    32.0968       1277     5.3167  0.000e+00
      2.180    15.2561   3.994790    32.0949       1278     5.3208  0.000e+00
      2.149    15.2570   3.994803    32.0943       1279     5.3250  0.000e+00
      2.118    15.2578   3.994697    32.0928       1280     5.3292  0.000e+00
      2.077    15.2586   3.994596    32.0912       1281     5.3333  0.000e+00
      2.030    15.2592   3.994409    32.0891       1282     5.3375  0.000e+00
      1.975    15.2600   3.994048    32.0852       1283     5.3417  0.000e+00
      1.909    15.2614   3.993554    32.0796       1284     5.3458  0.000e+00
      1.841    15.2633   3.993286    32.0758       1285     5.3500  0.000e+00
      1.764    15.2657   3.993360    32.0744       1286     5.3542  0.000e+00
      1.695    15.2676   3.992979    32.0696       1287     5.3583  0.000e+00
      1.629    15.2694   3.992765    32.0662       1288     5.3625  0.000e+00
      1.563    15.2716   3.992792    32.0646       1289     5.3667  0.000e+00
      1.517    15.2734   3.992625    32.0617       1290     5.3708  0.000e+00
      1.475    15.2750   3.992357    32.0580       1291     5.3750  0.000e+00
      1.439    15.2769   3.992144    32.0546       1292     5.3792  0.000e+00
      1.401    15.2798   3.992077    32.0516       1293     5.3833  0.000e+00
      1.350    15.2832   3.992097    32.0490       1294     5.3875  0.000e+00
      1.288    15.2867   3.992290    32.0479       1295     5.3917  0.000e+00
      1.219    15.2909   3.992404    32.0455       1296     5.3958  0.000e+00
      1.135    15.2948   3.992431    32.0426       1297     5.4000  0.000e+00
      1.043    15.2975   3.992718    32.0430       1298     5.4042  0.000e+00
      0.939    15.3002   3.993052    32.0438       1299     5.4083  0.000e+00
      0.846    15.3037   3.993005    32.0406       1300     5.4125  0.000e+00
      0.758    15.3061   3.992457    32.0337       1301     5.4167  0.000e+00
      0.697    15.3047   3.992337    32.0339       1302     5.4208  0.000e+00
      0.653    15.3013   3.992383    32.0371       1303     5.4250  0.000e+00
      0.632    15.2995   3.992310    32.0379       1304     5.4292  0.000e+00
      0.635    15.2983   3.992457    32.0402       1305     5.4333  0.000e+00
      0.659    15.2984   3.992597    32.0413       1306     5.4375  0.000e+00
      0.679    15.2995   3.992671    32.0411       1307     5.4417  0.000e+00
      0.692    15.3008   3.992738    32.0406       1308     5.4458  0.000e+00
      0.698    15.3019   3.992931    32.0415       1309     5.4500  0.000e+00
      0.710    15.3033   3.993172    32.0425       1310     5.4542  0.000e+00
      0.712    15.3052   3.993239    32.0415       1311     5.4583  0.000e+00
      0.697    15.3069   3.993279    32.0405       1312     5.4625  0.000e+00
      0.669    15.3083   3.993145    32.0382       1313     5.4667  0.000e+00
      0.608    15.3089   3.992764    32.0343       1314     5.4708  0.000e+00
      0.545    15.3077   3.992737    32.0351       1315     5.4750  0.000e+00
      0.463    15.3070   3.993239    32.0402       1316     5.4792  0.000e+00
      0.375    15.3078   3.993218    32.0394       1317     5.4833  0.000e+00
      0.290    15.3093   3.993071    32.0368       1318     5.4875  0.000e+00
      0.195    15.3103   3.992978    32.0352       1319     5.4917  0.000e+00
      0.112    15.3104   3.993071    32.0360       1320     5.4958  0.000e+00
      0.043    15.3106   3.993238    32.0374       1321     5.5000  0.000e+00
     -0.000    15.3112   3.993071    32.0353       1322     5.5042  0.000e+00
     -0.017    15.3115   3.993098    32.0354       1323     5.5083  0.000e+00
     -0.008    15.3114   3.993051    32.0351       1324     5.5125  0.000e+00
     -0.011    15.3115   3.993025    32.0348       1325     5.5167  0.000e+00
     -0.040    15.3112   3.993218    32.0367       1326     5.5208  0.000e+00
     -0.097    15.3115   3.994287    32.0461       1327     5.5250  0.000e+00
     -0.137    15.3154   1.528098    11.1644       1328     5.5292  0.000e+00
     -0.140    15.3285   0.538458     3.6336       1329     5.5333  0.000e+00
     -0.142    15.3431   0.353047     2.3178       1330     5.5375  0.000e+00
     -0.144    15.3559   0.307135     1.9990       1331     5.5417  0.000e+00
     -0.140    15.3636   0.272012     1.7576       1332     5.5458  0.000e+00
     -0.142    15.3661   0.252968     1.6277       1333     5.5500  0.000e+00
     -0.138    15.3674   0.237970     1.5260       1334     5.5542  0.000e+00
     -0.139    15.3677   0.222531     1.4217       1335     5.5583  0.000e+00
     -0.140    15.3678   0.208499     1.3274       1336     5.5625  0.000e+00
