HB2503/sbe060.cnv
* Sea-Bird SBE 19plus V2 Data File:
* FileName = C:\cruise\data\sbe060.hex
* Software Version Seasave V 7.26.7.121
* Temperature SN = 6128
* Conductivity SN = 6128
* System UpLoad Time = Jun 02 2025 07:21:59
* NMEA Latitude = 39 50.45 N
* NMEA Longitude = 070 36.97 W
* NMEA UTC (Time) = Jun 02 2025  07:20:13
** Ship: Henry Bigelow
** Cruise:  HB2502
** Program:  Spring Bottom Trawl
# nquan = 7
# nvalues = 4357                                  
# units = specified
# name 0 = depSM: Depth [salt water, m]
# name 1 = tv290C: Temperature [ITS-90, deg C]
# name 2 = c0S/m: Conductivity [S/m]
# name 3 = sal00: Salinity, Practical [PSU]
# name 4 = scan: Scan Count
# name 5 = timeM: Time, Elapsed [minutes]
# name 6 = flag:  0.000e+00
# span 0 =      0.063,    201.826                 
# span 1 =    11.5018,    15.1110                 
# span 2 =   0.007751,   4.250935                 
# span 3 =     0.0486,    35.6418                 
# span 4 =         11,       4367                 
# span 5 =     0.0417,    18.1917                 
# span 6 = 0.0000e+00, 0.0000e+00                 
# interval = seconds: 0.25
# start_time = Jun 02 2025 07:20:13 [NMEA time, header]
# bad_flag = -9.990e-29
*END*
[from data line 3898]
     33.091    13.1372   4.048512    34.4039       3909    16.2833  0.000e+00
     33.098    13.1357   4.048102    34.4013       3910    16.2875  0.000e+00
     33.084    13.1330   4.047860    34.4014       3911    16.2917  0.000e+00
     33.053    13.1302   4.047860    34.4040       3912    16.2958  0.000e+00
     32.997    13.1281   4.048774    34.4146       3913    16.3000  0.000e+00
     32.914    13.1296   4.050931    34.4338       3914    16.3042  0.000e+00
     32.801    13.1376   4.054400    34.4595       3915    16.3083  0.000e+00
     32.662    13.1540   4.058307    34.4817       3916    16.3125  0.000e+00
     32.501    13.1793   4.066037    34.5321       3917    16.3167  0.000e+00
     32.315    13.2210   4.080574    34.6320       3918    16.3208  0.000e+00
     32.108    13.2968   4.096926    34.7178       3919    16.3250  0.000e+00
     31.893    13.4030   4.113015    34.7731       3920    16.3292  0.000e+00
     31.669    13.5289   4.127483    34.7948       3921    16.3333  0.000e+00
     31.453    13.6647   4.133735    34.7301       3922    16.3375  0.000e+00
     31.256    13.7847   4.139983    34.6799       3923    16.3417  0.000e+00
     31.088    13.8819   4.141739    34.6085       3924    16.3458  0.000e+00
     30.948    13.9538   4.143325    34.5586       3925    16.3500  0.000e+00
     30.841    14.0027   4.146418    34.5435       3926    16.3542  0.000e+00
     30.780    14.0413   4.146567    34.5102       3927    16.3583  0.000e+00
     30.753    14.0685   4.146885    34.4888       3928    16.3625  0.000e+00
     30.759    14.0844   4.147211    34.4775       3929    16.3667  0.000e+00
     30.794    14.0945   4.147041    34.4669       3930    16.3708  0.000e+00
     30.847    14.1002   4.146539    34.4572       3931    16.3750  0.000e+00
     30.912    14.1016   4.145989    34.4508       3932    16.3792  0.000e+00
     30.975    14.0999   4.145121    34.4442       3933    16.3833  0.000e+00
     31.026    14.0956   4.144497    34.4422       3934    16.3875  0.000e+00
     31.058    14.0900   4.143825    34.4410       3935    16.3917  0.000e+00
     31.067    14.0840   4.143601    34.4443       3936    16.3958  0.000e+00
     31.035    14.0786   4.143567    34.4488       3937    16.4000  0.000e+00
     30.970    14.0746   4.144022    34.4566       3938    16.4042  0.000e+00
     30.874    14.0739   4.146716    34.4824       3939    16.4083  0.000e+00
     30.738    14.0807   4.148487    34.4927       3940    16.4125  0.000e+00
     30.576    14.0944   4.151161    34.5054       3941    16.4167  0.000e+00
     30.376    14.1120   4.154746    34.5230       3942    16.4208  0.000e+00
     30.163    14.1359   4.159500    34.5458       3943    16.4250  0.000e+00
     29.946    14.1692   4.166344    34.5795       3944    16.4292  0.000e+00
     29.739    14.2135   4.168914    34.5636       3945    16.4333  0.000e+00
     29.544    14.2581   4.176070    34.5901       3946    16.4375  0.000e+00
     29.379    14.3071   4.183320    34.6133       3947    16.4417  0.000e+00
     29.261    14.3632   4.186194    34.5897       3948    16.4458  0.000e+00
     29.180    14.4140   4.186956    34.5513       3949    16.4500  0.000e+00
     29.142    14.4511   4.187126    34.5197       3950    16.4542  0.000e+00
     29.144    14.4746   4.188005    34.5069       3951    16.4583  0.000e+00
     29.169    14.4900   4.188154    34.4945       3952    16.4625  0.000e+00
     29.208    14.5002   4.187425    34.4787       3953    16.4667  0.000e+00
     29.258    14.5043   4.186996    34.4711       3954    16.4708  0.000e+00
     29.301    14.5042   4.186737    34.4688       3955    16.4750  0.000e+00
     29.343    14.5020   4.186240    34.4661       3956    16.4792  0.000e+00
     29.367    14.4987   4.185797    34.4650       3957    16.4833  0.000e+00
     29.374    14.4946   4.185381    34.4649       3958    16.4875  0.000e+00
     29.343    14.4904   4.185334    34.4681       3959    16.4917  0.000e+00
     29.280    14.4870   4.186519    34.4821       3960    16.4958  0.000e+00
     29.182    14.4882   4.189170    34.5054       3961    16.5000  0.000e+00
     29.052    14.4984   4.193184    34.5334       3962    16.5042  0.000e+00
     28.893    14.5195   4.197704    34.5562       3963    16.5083  0.000e+00
     28.705    14.5499   4.211927    34.6600       3964    16.5125  0.000e+00
     28.500    14.6108   4.219845    34.6785       3965    16.5167  0.000e+00
     28.291    14.6865   4.225669    34.6644       3966    16.5208  0.000e+00
     28.084    14.7578   4.229649    34.6374       3967    16.5250  0.000e+00
     27.905    14.8194   4.231769    34.6020       3968    16.5292  0.000e+00
     27.767    14.8680   4.233774    34.5772       3969    16.5333  0.000e+00
     27.675    14.9048   4.234197    34.5485       3970    16.5375  0.000e+00
     27.641    14.9309   4.234135    34.5248       3971    16.5417  0.000e+00
     27.650    14.9463   4.234272    34.5124       3972    16.5458  0.000e+00
     27.679    14.9552   4.234067    34.5026       3973    16.5500  0.000e+00
     27.737    14.9597   4.233711    34.4954       3974    16.5542  0.000e+00
     27.800    14.9610   4.233526    34.4926       3975    16.5583  0.000e+00
     27.852    14.9602   4.233451    34.4926       3976    16.5625  0.000e+00
     27.888    14.9587   4.233061    34.4903       3977    16.5667  0.000e+00
     27.905    14.9567   4.232739    34.4892       3978    16.5708  0.000e+00
     27.887    14.9537   4.232664    34.4911       3979    16.5750  0.000e+00
     27.834    14.9512   4.232671    34.4934       3980    16.5792  0.000e+00
     27.752    14.9496   4.232917    34.4971       3981    16.5833  0.000e+00
     27.651    14.9500   4.233697    34.5039       3982    16.5875  0.000e+00
     27.525    14.9535   4.235675    34.5189       3983    16.5917  0.000e+00
     27.376    14.9622   4.238557    34.5375       3984    16.5958  0.000e+00
     27.220    14.9771   4.239543    34.5333       3985    16.6000  0.000e+00
     27.049    14.9937   4.241070    34.5326       3986    16.6042  0.000e+00
     26.877    15.0096   4.242207    34.5290       3987    16.6083  0.000e+00
     26.714    15.0239   4.243371    34.5270       3988    16.6125  0.000e+00
     26.569    15.0368   4.244563    34.5265       3989    16.6167  0.000e+00
     26.459    15.0487   4.245036    34.5203       3990    16.6208  0.000e+00
     26.385    15.0584   4.245049    34.5119       3991    16.6250  0.000e+00
     26.354    15.0651   4.245036    34.5059       3992    16.6292  0.000e+00
     26.348    15.0686   4.245152    34.5038       3993    16.6333  0.000e+00
     26.365    15.0706   4.245131    34.5018       3994    16.6375  0.000e+00
     26.395    15.0719   4.245077    34.5002       3995    16.6417  0.000e+00
     26.426    15.0725   4.244940    34.4984       3996    16.6458  0.000e+00
     26.459    15.0721   4.244974    34.4991       3997    16.6500  0.000e+00
     26.490    15.0718   4.245083    34.5003       3998    16.6542  0.000e+00
     26.502    15.0716   4.245152    34.5011       3999    16.6583  0.000e+00
     26.500    15.0718   4.245303    34.5023       4000    16.6625  0.000e+00
     26.471    15.0722   4.245460    34.5034       4001    16.6667  0.000e+00
     26.421    15.0730   4.245522    34.5033       4002    16.6708  0.000e+00
     26.347    15.0738   4.245378    34.5012       4003    16.6750  0.000e+00
     26.249    15.0744   4.245303    34.5001       4004    16.6792  0.000e+00
     26.127    15.0749   4.246310    34.5088       4005    16.6833  0.000e+00
     25.995    15.0777   4.247098    34.5136       4006    16.6875  0.000e+00
     25.849    15.0830   4.247852    34.5158       4007    16.6917  0.000e+00
     25.698    15.0893   4.247845    34.5103       4008    16.6958  0.000e+00
     25.558    15.0947   4.247899    34.5061       4009    16.7000  0.000e+00
     25.413    15.0980   4.247872    34.5030       4010    16.7042  0.000e+00
     25.283    15.1005   4.248461    34.5062       4011    16.7083  0.000e+00
     25.154    15.1044   4.248461    34.5027       4012    16.7125  0.000e+00
     25.051    15.1076   4.248440    34.4998       4013    16.7167  0.000e+00
     24.969    15.1098   4.248077    34.4945       4014    16.7208  0.000e+00
     24.901    15.1107   4.247974    34.4929       4015    16.7250  0.000e+00
     24.850    15.1110   4.247947    34.4924       4016    16.7292  0.000e+00
     24.814    15.1109   4.247851    34.4916       4017    16.7333  0.000e+00
     24.794    15.1108   4.247816    34.4914       4018    16.7375  0.000e+00
     24.781    15.1103   4.247165    34.4859       4019    16.7417  0.000e+00
     24.772    15.1104   4.247796    34.4915       4020    16.7458  0.000e+00
     24.765    15.1101   4.247775    34.4917       4021    16.7500  0.000e+00
     24.756    15.1098   4.247714    34.4914       4022    16.7542  0.000e+00
     24.738    15.1097   4.247679    34.4911       4023    16.7583  0.000e+00
     24.711    15.1097   4.247638    34.4908       4024    16.7625  0.000e+00
     24.691    15.1092   4.247652    34.4914       4025    16.7667  0.000e+00
     24.671    15.1090   4.247638    34.4914       4026    16.7708  0.000e+00
     24.652    15.1089   4.247556    34.4908       4027    16.7750  0.000e+00
     24.629    15.1090   4.247563    34.4908       4028    16.7792  0.000e+00
     24.607    15.1084   4.247481    34.4905       4029    16.7833  0.000e+00
     24.578    15.1084   4.247405    34.4899       4030    16.7875  0.000e+00
     24.535    15.1079   4.247090    34.4875       4031    16.7917  0.000e+00
     24.477    15.1072   4.246124    34.4793       4032    16.7958  0.000e+00
     24.403    15.1051   4.244376    34.4654       4033    16.8000  0.000e+00
     24.296    15.1018   4.242410    34.4505       4034    16.8042  0.000e+00
     24.178    15.0966   4.234228    34.3808       4035    16.8083  0.000e+00
     24.037    15.0826   4.208947    34.1637       4036    16.8125  0.000e+00
     23.891    15.0385   4.198493    34.1074       4037    16.8167  0.000e+00
     23.727    14.9791   4.192466    34.1046       4038    16.8208  0.000e+00
     23.557    14.9269   4.181021    34.0462       4039    16.8250  0.000e+00
     23.391    14.8730   4.168630    33.9805       4040    16.8292  0.000e+00
     23.233    14.8119   4.152635    33.8880       4041    16.8333  0.000e+00
     23.080    14.7411   4.141249    33.8459       4042    16.8375  0.000e+00
     22.955    14.6675   4.133352    33.8379       4043    16.8417  0.000e+00
     22.857    14.6027   4.125535    33.8228       4044    16.8458  0.000e+00
     22.797    14.5463   4.125509    33.8718       4045    16.8500  0.000e+00
     22.779    14.5061   4.123180    33.8857       4046    16.8542  0.000e+00
     22.783    14.4801   4.121170    33.8899       4047    16.8583  0.000e+00
     22.817    14.4606   4.120906    33.9046       4048    16.8625  0.000e+00
     22.871    14.4472   4.121996    33.9263       4049    16.8667  0.000e+00
     22.931    14.4411   4.123926    33.9494       4050    16.8708  0.000e+00
     22.987    14.4416   4.125612    33.9644       4051    16.8750  0.000e+00
     23.027    14.4461   4.127244    33.9755       4052    16.8792  0.000e+00
     23.056    14.4525   4.129479    33.9904       4053    16.8833  0.000e+00
     23.061    14.4607   4.130495    33.9925       4054    16.8875  0.000e+00
     23.036    14.4692   4.132616    34.0045       4055    16.8917  0.000e+00
     22.980    14.4780   4.130766    33.9798       4056    16.8958  0.000e+00
     22.895    14.4820   4.121475    33.8910       4057    16.9000  0.000e+00
     22.784    14.4677   4.106317    33.7644       4058    16.9042  0.000e+00
     22.650    14.4288   4.097583    33.7181       4059    16.9083  0.000e+00
     22.493    14.3801   4.089976    33.6906       4060    16.9125  0.000e+00
     22.321    14.3320   4.075622    33.6005       4061    16.9167  0.000e+00
     22.136    14.2749   4.069499    33.5939       4062    16.9208  0.000e+00
     21.966    14.2205   4.062661    33.5783       4063    16.9250  0.000e+00
     21.802    14.1718   4.053676    33.5377       4064    16.9292  0.000e+00
     21.664    14.1238   4.050336    33.5487       4065    16.9333  0.000e+00
     21.558    14.0828   4.049463    33.5764       4066    16.9375  0.000e+00
     21.489    14.0532   4.049369    33.6014       4067    16.9417  0.000e+00
     21.453    14.0348   4.049295    33.6168       4068    16.9458  0.000e+00
     21.444    14.0245   4.049027    33.6233       4069    16.9500  0.000e+00
     21.442    14.0182   4.048980    33.6284       4070    16.9542  0.000e+00
     21.451    14.0145   4.049006    33.6319       4071    16.9583  0.000e+00
     21.464    14.0122   4.049007    33.6339       4072    16.9625  0.000e+00
     21.471    14.0110   4.048859    33.6335       4073    16.9667  0.000e+00
     21.464    14.0103   4.048785    33.6335       4074    16.9708  0.000e+00
     21.451    14.0095   4.048664    33.6331       4075    16.9750  0.000e+00
     21.424    14.0085   4.047649    33.6246       4076    16.9792  0.000e+00
     21.370    14.0061   4.043149    33.5850       4077    16.9833  0.000e+00
     21.299    13.9973   4.038966    33.5539       4078    16.9875  0.000e+00
     21.203    13.9815   4.037422    33.5534       4079    16.9917  0.000e+00
     21.089    13.9669   4.036751    33.5599       4080    16.9958  0.000e+00
     20.963    13.9565   4.035228    33.5550       4081    17.0000  0.000e+00
     20.818    13.9488   4.033591    33.5466       4082    17.0042  0.000e+00
     20.675    13.9414   4.029539    33.5155       4083    17.0083  0.000e+00
     20.537    13.9302   4.027521    33.5066       4084    17.0125  0.000e+00
     20.419    13.9158   4.027186    33.5160       4085    17.0167  0.000e+00
     20.313    13.9051   4.026489    33.5190       4086    17.0208  0.000e+00
     20.220    13.8967   4.024585    33.5087       4087    17.0250  0.000e+00
     20.148    13.8881   4.022735    33.4990       4088    17.0292  0.000e+00
     20.084    13.8778   4.021221    33.4939       4089    17.0333  0.000e+00
     20.037    13.8676   4.020189    33.4933       4090    17.0375  0.000e+00
     19.998    13.8583   4.019084    33.4911       4091    17.0417  0.000e+00
     19.948    13.8504   4.017670    33.4849       4092    17.0458  0.000e+00
     19.905    13.8426   4.015942    33.4756       4093    17.0500  0.000e+00
     19.851    13.8339   4.014456    33.4695       4094    17.0542  0.000e+00
     19.793    13.8249   4.013572    33.4691       4095    17.0583  0.000e+00
     19.730    13.8173   4.012688    33.4675       4096    17.0625  0.000e+00
     19.655    13.8111   4.011490    33.4619       4097    17.0667  0.000e+00
     19.572    13.8054   4.010821    33.4606       4098    17.0708  0.000e+00
     19.478    13.8001   4.009522    33.4532       4099    17.0750  0.000e+00
     19.371    13.7951   4.008043    33.4439       4100    17.0792  0.000e+00
     19.266    13.7890   4.007515    33.4443       4101    17.0833  0.000e+00
     19.158    13.7833   4.007133    33.4457       4102    17.0875  0.000e+00
     19.046    13.7789   4.006203    33.4410       4103    17.0917  0.000e+00
     18.930    13.7746   4.004263    33.4267       4104    17.0958  0.000e+00
     18.816    13.7689   4.001782    33.4086       4105    17.1000  0.000e+00
     18.708    13.7608   4.000083    33.3999       4106    17.1042  0.000e+00
     18.606    13.7517   4.000799    33.4145       4107    17.1083  0.000e+00
     18.510    13.7462   4.000063    33.4125       4108    17.1125  0.000e+00
     18.418    13.7423   3.999682    33.4124       4109    17.1167  0.000e+00
     18.335    13.7393   3.999301    33.4115       4110    17.1208  0.000e+00
     18.260    13.7367   3.999395    33.4147       4111    17.1250  0.000e+00
     18.187    13.7354   3.999395    33.4158       4112    17.1292  0.000e+00
