HB2503/sbe006.cnv
* Sea-Bird SBE 19plus V2 Data File:
* FileName = C:\cruise\data\sbe006.hex
* Software Version Seasave V 7.26.7.121
* Temperature SN = 6128
* Conductivity SN = 6128
* System UpLoad Time = May 28 2025 09:42:01
* NMEA Latitude = 39 50.56 N
* NMEA Longitude = 071 49.42 W
* NMEA UTC (Time) = May 28 2025  09:40:09
** Ship: Henry Bigelow
** Cruise:  HB2502
** Program:  Spring Bottom Trawl
# nquan = 7
# nvalues = 4487                                  
# units = specified
# name 0 = depSM: Depth [salt water, m]
# name 1 = tv290C: Temperature [ITS-90, deg C]
# name 2 = c0S/m: Conductivity [S/m]
# name 3 = sal00: Salinity, Practical [PSU]
# name 4 = scan: Scan Count
# name 5 = timeM: Time, Elapsed [minutes]
# name 6 = flag:  0.000e+00
# span 0 =     -0.054,    169.732                 
# span 1 =     6.4767,    13.0052                 
# span 2 =   0.009218,   3.983081                 
# span 3 =     0.0581,    35.3331                 
# span 4 =         11,       4497                 
# span 5 =     0.0417,    18.7333                 
# span 6 = 0.0000e+00, 0.0000e+00                 
# interval = seconds: 0.25
# start_time = May 28 2025 09:40:09 [NMEA time, header]
# bad_flag = -9.990e-29
*END*
[from data line 206]
     17.326    12.5933   3.704752    31.6228        217     0.9000  0.000e+00
     17.462    12.1789   3.697863    31.9077        218     0.9042  0.000e+00
     17.596    11.8431   3.695043    32.1688        219     0.9083  0.000e+00
     17.727    11.6180   3.690579    32.3208        220     0.9125  0.000e+00
     17.860    11.4672   3.688588    32.4332        221     0.9167  0.000e+00
     17.983    11.3672   3.685781    32.4935        222     0.9208  0.000e+00
     18.101    11.2983   3.684398    32.5405        223     0.9250  0.000e+00
     18.220    11.2504   3.682284    32.5620        224     0.9292  0.000e+00
     18.332    11.2143   3.681147    32.5827        225     0.9333  0.000e+00
     18.448    11.1860   3.680339    32.5997        226     0.9375  0.000e+00
     18.551    11.1655   3.679589    32.6105        227     0.9417  0.000e+00
     18.665    11.1502   3.678633    32.6145        228     0.9458  0.000e+00
     18.772    11.1373   3.677709    32.6168        229     0.9500  0.000e+00
     18.873    11.1258   3.676610    32.6161        230     0.9542  0.000e+00
     18.973    11.1150   3.676010    32.6197        231     0.9583  0.000e+00
     19.080    11.1060   3.675829    32.6259        232     0.9625  0.000e+00
     19.183    11.0992   3.675235    32.6261        233     0.9667  0.000e+00
     19.291    11.0937   3.674356    32.6222        234     0.9708  0.000e+00
     19.400    11.0878   3.674350    32.6273        235     0.9750  0.000e+00
     19.512    11.0834   3.674556    32.6332        236     0.9792  0.000e+00
     19.631    11.0815   3.673471    32.6241        237     0.9833  0.000e+00
     19.749    11.0782   3.672838    32.6208        238     0.9875  0.000e+00
     19.878    11.0737   3.672541    32.6217        239     0.9917  0.000e+00
     20.010    11.0695   3.672018    32.6203        240     0.9958  0.000e+00
     20.142    11.0651   3.671527    32.6193        241     1.0000  0.000e+00
     20.281    11.0608   3.671230    32.6200        242     1.0042  0.000e+00
     20.419    11.0571   3.670869    32.6197        243     1.0083  0.000e+00
     20.556    11.0534   3.670598    32.6203        244     1.0125  0.000e+00
     20.696    11.0501   3.670365    32.6209        245     1.0167  0.000e+00
     20.839    11.0473   3.670146    32.6211        246     1.0208  0.000e+00
     20.976    11.0447   3.670081    32.6227        247     1.0250  0.000e+00
     21.116    11.0425   3.670172    32.6255        248     1.0292  0.000e+00
     21.248    11.0417   3.670101    32.6255        249     1.0333  0.000e+00
     21.376    11.0408   3.669856    32.6237        250     1.0375  0.000e+00
     21.509    11.0396   3.669584    32.6221        251     1.0417  0.000e+00
     21.630    11.0378   3.669333    32.6212        252     1.0458  0.000e+00
     21.749    11.0356   3.669287    32.6226        253     1.0500  0.000e+00
     21.867    11.0339   3.669242    32.6236        254     1.0542  0.000e+00
     21.983    11.0328   3.669288    32.6250        255     1.0583  0.000e+00
     22.091    11.0319   3.669262    32.6255        256     1.0625  0.000e+00
     22.198    11.0316   3.669107    32.6242        257     1.0667  0.000e+00
     22.307    11.0307   3.668113    32.6151        258     1.0708  0.000e+00
     22.416    11.0269   3.667777    32.6151        259     1.0750  0.000e+00
     22.517    11.0220   3.666757    32.6093        260     1.0792  0.000e+00
     22.624    11.0147   3.665428    32.6026        261     1.0833  0.000e+00
     22.731    11.0040   3.664686    32.6047        262     1.0875  0.000e+00
     22.845    10.9927   3.662337    32.5914        263     1.0917  0.000e+00
     22.958    10.9769   3.659112    32.5735        264     1.0958  0.000e+00
     23.073    10.9512   3.656320    32.5686        265     1.1000  0.000e+00
     23.205    10.9197   3.653709    32.5706        266     1.1042  0.000e+00
     23.330    10.8853   3.650919    32.5735        267     1.1083  0.000e+00
     23.458    10.8502   3.648864    32.5843        268     1.1125  0.000e+00
     23.590    10.8177   3.646971    32.5943        269     1.1167  0.000e+00
     23.724    10.7886   3.644414    32.5947        270     1.1208  0.000e+00
     23.860    10.7601   3.641144    32.5876        271     1.1250  0.000e+00
     23.992    10.7283   3.638075    32.5853        272     1.1292  0.000e+00
     24.117    10.6928   3.633179    32.5681        273     1.1333  0.000e+00
     24.247    10.6494   3.629830    32.5733        274     1.1375  0.000e+00
     24.373    10.6028   3.627465    32.5913        275     1.1417  0.000e+00
     24.500    10.5602   3.626598    32.6207        276     1.1458  0.000e+00
     24.630    10.5279   3.625833    32.6419        277     1.1500  0.000e+00
     24.750    10.5046   3.625461    32.6590        278     1.1542  0.000e+00
     24.876    10.4879   3.624594    32.6652        279     1.1583  0.000e+00
     24.996    10.4741   3.623566    32.6673        280     1.1625  0.000e+00
     25.112    10.4594   3.622410    32.6688        281     1.1667  0.000e+00
     25.222    10.4437   3.621273    32.6714        282     1.1708  0.000e+00
     25.336    10.4268   3.620451    32.6783        283     1.1750  0.000e+00
     25.443    10.4103   3.619495    32.6835        284     1.1792  0.000e+00
     25.550    10.3944   3.617806    32.6808        285     1.1833  0.000e+00
     25.658    10.3763   3.616163    32.6805        286     1.1875  0.000e+00
     25.756    10.3560   3.614276    32.6797        287     1.1917  0.000e+00
     25.865    10.3342   3.612961    32.6861        288     1.1958  0.000e+00
     25.960    10.3128   3.611697    32.6926        289     1.2000  0.000e+00
     26.064    10.2934   3.610812    32.7011        290     1.2042  0.000e+00
     26.169    10.2768   3.609837    32.7062        291     1.2083  0.000e+00
     26.271    10.2621   3.608901    32.7099        292     1.2125  0.000e+00
     26.375    10.2486   3.608061    32.7136        293     1.2167  0.000e+00
     26.483    10.2360   3.607689    32.7212        294     1.2208  0.000e+00
     26.588    10.2256   3.607400    32.7276        295     1.2250  0.000e+00
     26.702    10.2171   3.607311    32.7343        296     1.2292  0.000e+00
     26.822    10.2102   3.607266    32.7400        297     1.2333  0.000e+00
     26.941    10.2054   3.607311    32.7448        298     1.2375  0.000e+00
     27.070    10.2020   3.607285    32.7475        299     1.2417  0.000e+00
     27.204    10.1998   3.607266    32.7493        300     1.2458  0.000e+00
     27.334    10.1986   3.607247    32.7501        301     1.2500  0.000e+00
     27.466    10.1975   3.607222    32.7508        302     1.2542  0.000e+00
     27.598    10.1966   3.607157    32.7509        303     1.2583  0.000e+00
     27.730    10.1961   3.607087    32.7506        304     1.2625  0.000e+00
     27.855    10.1952   3.606933    32.7498        305     1.2667  0.000e+00
     27.980    10.1942   3.606914    32.7505        306     1.2708  0.000e+00
     28.107    10.1930   3.606869    32.7511        307     1.2750  0.000e+00
     28.232    10.1921   3.606625    32.7494        308     1.2792  0.000e+00
     28.355    10.1898   3.606382    32.7489        309     1.2833  0.000e+00
     28.472    10.1859   3.605959    32.7481        310     1.2875  0.000e+00
     28.586    10.1799   3.605587    32.7497        311     1.2917  0.000e+00
     28.697    10.1728   3.605138    32.7516        312     1.2958  0.000e+00
     28.809    10.1653   3.604568    32.7525        313     1.3000  0.000e+00
     28.915    10.1568   3.603702    32.7514        314     1.3042  0.000e+00
     29.019    10.1468   3.602882    32.7522        315     1.3083  0.000e+00
     29.116    10.1350   3.601600    32.7498        316     1.3125  0.000e+00
     29.220    10.1212   3.600255    32.7486        317     1.3167  0.000e+00
     29.320    10.1052   3.598198    32.7423        318     1.3208  0.000e+00
     29.421    10.0848   3.594509    32.7234        319     1.3250  0.000e+00
     29.524    10.0549   3.590745    32.7123        320     1.3292  0.000e+00
     29.629    10.0171   3.585568    32.6939        321     1.3333  0.000e+00
     29.739     9.9705   3.581545    32.6952        322     1.3375  0.000e+00
     29.848     9.9191   3.578055    32.7063        323     1.3417  0.000e+00
     29.962     9.8695   3.573761    32.7076        324     1.3458  0.000e+00
     30.071     9.8194   3.571590    32.7309        325     1.3500  0.000e+00
     30.188     9.7737   3.568595    32.7419        326     1.3542  0.000e+00
     30.297     9.7331   3.562646    32.7181        327     1.3583  0.000e+00
     30.411     9.6867   3.555037    32.6825        328     1.3625  0.000e+00
     30.523     9.6262   3.546383    32.6489        329     1.3667  0.000e+00
     30.633     9.5514   3.538686    32.6381        330     1.3708  0.000e+00
     30.749     9.4716   3.530920    32.6310        331     1.3750  0.000e+00
     30.867     9.3906   3.523154    32.6250        332     1.3792  0.000e+00
     30.981     9.3084   3.519731    32.6647        333     1.3833  0.000e+00
     31.091     9.2397   3.517948    32.7092        334     1.3875  0.000e+00
     31.203     9.1875   3.515219    32.7287        335     1.3917  0.000e+00
     31.314     9.1464   3.508500    32.6968        336     1.3958  0.000e+00
     31.415     9.0992   3.499631    32.6482        337     1.4000  0.000e+00
     31.518     9.0393   3.491234    32.6160        338     1.4042  0.000e+00
     31.625     8.9661   3.482453    32.5919        339     1.4083  0.000e+00
     31.722     8.8824   3.472246    32.5624        340     1.4125  0.000e+00
     31.817     8.7928   3.465220    32.5714        341     1.4167  0.000e+00
     31.912     8.7050   3.455809    32.5538        342     1.4208  0.000e+00
     32.007     8.6155   3.447309    32.5471        343     1.4250  0.000e+00
     32.102     8.5252   3.441246    32.5666        344     1.4292  0.000e+00
     32.197     8.4424   3.435987    32.5878        345     1.4333  0.000e+00
     32.289     8.3698   3.433522    32.6290        346     1.4375  0.000e+00
     32.388     8.3110   3.432001    32.6674        347     1.4417  0.000e+00
     32.488     8.2672   3.430933    32.6968        348     1.4458  0.000e+00
     32.587     8.2338   3.432649    32.7460        349     1.4500  0.000e+00
     32.691     8.2150   3.433983    32.7777        350     1.4542  0.000e+00
     32.797     8.2076   3.435555    32.8012        351     1.4583  0.000e+00
     32.902     8.2079   3.435052    32.7956        352     1.4625  0.000e+00
     33.009     8.2076   3.432398    32.7677        353     1.4667  0.000e+00
     33.125     8.1986   3.428947    32.7394        354     1.4708  0.000e+00
     33.237     8.1803   3.425014    32.7147        355     1.4750  0.000e+00
     33.353     8.1528   3.420504    32.6925        356     1.4792  0.000e+00
     33.470     8.1180   3.416261    32.6799        357     1.4833  0.000e+00
     33.586     8.0799   3.411267    32.6622        358     1.4875  0.000e+00
     33.709     8.0373   3.406965    32.6562        359     1.4917  0.000e+00
     33.830     7.9931   3.402609    32.6510        360     1.4958  0.000e+00
     33.952     7.9489   3.400241    32.6670        361     1.5000  0.000e+00
     34.066     7.9100   3.398475    32.6845        362     1.5042  0.000e+00
     34.187     7.8787   3.396829    32.6961        363     1.5083  0.000e+00
     34.299     7.8533   3.395846    32.7093        364     1.5125  0.000e+00
     34.413     7.8333   3.394337    32.7119        365     1.5167  0.000e+00
     34.529     7.8161   3.393674    32.7209        366     1.5208  0.000e+00
     34.639     7.8016   3.392973    32.7270        367     1.5250  0.000e+00
     34.741     7.7896   3.393280    32.7415        368     1.5292  0.000e+00
     34.848     7.7814   3.393900    32.7558        369     1.5333  0.000e+00
     34.951     7.7782   3.395390    32.7746        370     1.5375  0.000e+00
     35.060     7.7801   3.396561    32.7853        371     1.5417  0.000e+00
     35.163     7.7858   3.396855    32.7831        372     1.5458  0.000e+00
     35.264     7.7909   3.396279    32.7721        373     1.5500  0.000e+00
     35.367     7.7927   3.394808    32.7546        374     1.5542  0.000e+00
     35.467     7.7882   3.392742    32.7366        375     1.5583  0.000e+00
     35.563     7.7777   3.390602    32.7235        376     1.5625  0.000e+00
     35.666     7.7623   3.388837    32.7190        377     1.5667  0.000e+00
     35.769     7.7450   3.386485    32.7100        378     1.5708  0.000e+00
     35.868     7.7255   3.382165    32.6820        379     1.5750  0.000e+00
     35.973     7.6983   3.375803    32.6392        380     1.5792  0.000e+00
     36.080     7.6574   3.367624    32.5897        381     1.5833  0.000e+00
     36.185     7.6017   3.364492    32.6082        382     1.5875  0.000e+00
     36.294     7.5488   3.363351    32.6455        383     1.5917  0.000e+00
     36.402     7.5085   3.365267    32.7040        384     1.5958  0.000e+00
     36.518     7.4870   3.364830    32.7195        385     1.6000  0.000e+00
     36.632     7.4729   3.362703    32.7098        386     1.6042  0.000e+00
     36.743     7.4546   3.362716    32.7272        387     1.6083  0.000e+00
     36.859     7.4359   3.365692    32.7770        388     1.6125  0.000e+00
     36.973     7.4263   3.365187    32.7805        389     1.6167  0.000e+00
     37.083     7.4158   3.363072    32.7675        390     1.6208  0.000e+00
     37.194     7.3970   3.360902    32.7618        391     1.6250  0.000e+00
     37.310     7.3718   3.356351    32.7364        392     1.6292  0.000e+00
     37.420     7.3395   3.351049    32.7094        393     1.6333  0.000e+00
     37.532     7.2981   3.343795    32.6699        394     1.6375  0.000e+00
     37.646     7.2454   3.339920    32.6776        395     1.6417  0.000e+00
     37.755     7.1919   3.334062    32.6645        396     1.6458  0.000e+00
     37.871     7.1390   3.329215    32.6618        397     1.6500  0.000e+00
     37.981     7.0866   3.324017    32.6548        398     1.6542  0.000e+00
     38.090     7.0335   3.319151    32.6520        399     1.6583  0.000e+00
     38.203     6.9801   3.314244    32.6490        400     1.6625  0.000e+00
     38.311     6.9279   3.309303    32.6445        401     1.6667  0.000e+00
     38.420     6.8741   3.303894    32.6364        402     1.6708  0.000e+00
     38.532     6.8191   3.299367    32.6389        403     1.6750  0.000e+00
     38.640     6.7644   3.296428    32.6587        404     1.6792  0.000e+00
     38.753     6.7152   3.294169    32.6807        405     1.6833  0.000e+00
     38.867     6.6746   3.292963    32.7062        406     1.6875  0.000e+00
     38.981     6.6437   3.292339    32.7287        407     1.6917  0.000e+00
     39.095     6.6221   3.292147    32.7473        408     1.6958  0.000e+00
     39.207     6.6071   3.292179    32.7618        409     1.7000  0.000e+00
     39.321     6.5981   3.292463    32.7736        410     1.7042  0.000e+00
     39.431     6.5935   3.292383    32.7771        411     1.7083  0.000e+00
     39.538     6.5905   3.292160    32.7774        412     1.7125  0.000e+00
     39.650     6.5867   3.291604    32.7748        413     1.7167  0.000e+00
     39.762     6.5814   3.290979    32.7730        414     1.7208  0.000e+00
     39.869     6.5743   3.290305    32.7724        415     1.7250  0.000e+00
     39.976     6.5658   3.289730    32.7741        416     1.7292  0.000e+00
     40.088     6.5572   3.289260    32.7771        417     1.7333  0.000e+00
     40.195     6.5499   3.288481    32.7754        418     1.7375  0.000e+00
     40.298     6.5419   3.287393    32.7710        419     1.7417  0.000e+00
     40.401     6.5330   3.286311    32.7675        420     1.7458  0.000e+00
