HB2503/sbe003.cnv
* Sea-Bird SBE 19plus V2 Data File:
* FileName = C:\cruise\data\sbe003.hex
* Software Version Seasave V 7.26.7.121
* Temperature SN = 6128
* Conductivity SN = 6128
* System UpLoad Time = May 28 2025 03:38:07
* NMEA Latitude = 40 27.49 N
* NMEA Longitude = 071 43.87 W
* NMEA UTC (Time) = May 28 2025  03:36:16
** Ship: Henry Bigelow
** Cruise:  HB2502
** Program:  Spring Bottom Trawl
# nquan = 7
# nvalues = 1669                                  
# units = specified
# name 0 = depSM: Depth [salt water, m]
# name 1 = tv290C: Temperature [ITS-90, deg C]
# name 2 = c0S/m: Conductivity [S/m]
# name 3 = sal00: Salinity, Practical [PSU]
# name 4 = scan: Scan Count
# name 5 = timeM: Time, Elapsed [minutes]
# name 6 = flag:  0.000e+00
# span 0 =      0.018,     63.455                 
# span 1 =     5.4322,    13.3038                 
# span 2 =   0.010239,   3.847671                 
# span 3 =     0.0639,    32.8324                 
# span 4 =         11,       1679                 
# span 5 =     0.0417,     6.9917                 
# span 6 = 0.0000e+00, 0.0000e+00                 
# interval = seconds: 0.25
# start_time = May 28 2025 03:36:16 [NMEA time, header]
# bad_flag = -9.990e-29
*END*
[from data line 1436]
     10.292    12.0966   3.740305    32.3896       1447     6.0250  0.000e+00
     10.234    12.0992   3.740558    32.3898       1448     6.0292  0.000e+00
     10.181    12.1016   3.740760    32.3897       1449     6.0333  0.000e+00
     10.123    12.1041   3.740910    32.3889       1450     6.0375  0.000e+00
     10.063    12.1063   3.741111    32.3890       1451     6.0417  0.000e+00
     10.003    12.1085   3.741326    32.3891       1452     6.0458  0.000e+00
      9.938    12.1110   3.741599    32.3897       1453     6.0500  0.000e+00
      9.879    12.1135   3.741749    32.3889       1454     6.0542  0.000e+00
      9.815    12.1159   3.741905    32.3885       1455     6.0583  0.000e+00
      9.750    12.1178   3.741970    32.3874       1456     6.0625  0.000e+00
      9.685    12.1195   3.742191    32.3881       1457     6.0667  0.000e+00
      9.618    12.1213   3.742413    32.3887       1458     6.0708  0.000e+00
      9.560    12.1234   3.742640    32.3891       1459     6.0750  0.000e+00
      9.500    12.1256   3.742809    32.3888       1460     6.0792  0.000e+00
      9.435    12.1280   3.742992    32.3885       1461     6.0833  0.000e+00
      9.377    12.1300   3.743291    32.3897       1462     6.0875  0.000e+00
      9.315    12.1327   3.743668    32.3910       1463     6.0917  0.000e+00
      9.250    12.1356   3.743870    32.3905       1464     6.0958  0.000e+00
      9.187    12.1388   3.744176    32.3907       1465     6.1000  0.000e+00
      9.128    12.1416   3.744423    32.3907       1466     6.1042  0.000e+00
      9.067    12.1447   3.744612    32.3898       1467     6.1083  0.000e+00
      9.007    12.1476   3.744833    32.3895       1468     6.1125  0.000e+00
      8.953    12.1502   3.744911    32.3880       1469     6.1167  0.000e+00
      8.898    12.1524   3.745139    32.3883       1470     6.1208  0.000e+00
      8.839    12.1545   3.745432    32.3893       1471     6.1250  0.000e+00
      8.780    12.1569   3.745771    32.3905       1472     6.1292  0.000e+00
      8.724    12.1598   3.746096    32.3912       1473     6.1333  0.000e+00
      8.671    12.1631   3.746604    32.3932       1474     6.1375  0.000e+00
      8.618    12.1669   3.746975    32.3935       1475     6.1417  0.000e+00
      8.564    12.1713   3.747261    32.3925       1476     6.1458  0.000e+00
      8.512    12.1751   3.747665    32.3931       1477     6.1500  0.000e+00
      8.457    12.1791   3.748082    32.3936       1478     6.1542  0.000e+00
      8.408    12.1835   3.748518    32.3941       1479     6.1583  0.000e+00
      8.350    12.1878   3.748824    32.3933       1480     6.1625  0.000e+00
      8.294    12.1918   3.749267    32.3941       1481     6.1667  0.000e+00
      8.238    12.1964   3.750087    32.3980       1482     6.1708  0.000e+00
      8.182    12.2024   3.752094    32.4122       1483     6.1750  0.000e+00
      8.132    12.2129   3.754003    32.4214       1484     6.1792  0.000e+00
      8.077    12.2281   3.758369    32.4502       1485     6.1833  0.000e+00
      8.021    12.2537   3.763351    32.4760       1486     6.1875  0.000e+00
      7.961    12.2899   3.767141    32.4810       1487     6.1917  0.000e+00
      7.899    12.3310   3.771116    32.4835       1488     6.1958  0.000e+00
      7.843    12.3737   3.773655    32.4708       1489     6.2000  0.000e+00
      7.780    12.4123   3.775202    32.4523       1490     6.2042  0.000e+00
      7.709    12.4446   3.778422    32.4552       1491     6.2083  0.000e+00
      7.644    12.4756   3.781872    32.4615       1492     6.2125  0.000e+00
      7.577    12.5079   3.784107    32.4549       1493     6.2167  0.000e+00
      7.520    12.5392   3.785597    32.4421       1494     6.2208  0.000e+00
      7.454    12.5664   3.786846    32.4306       1495     6.2250  0.000e+00
      7.394    12.5889   3.787637    32.4188       1496     6.2292  0.000e+00
      7.337    12.6067   3.792876    32.4534       1497     6.2333  0.000e+00
      7.278    12.6333   3.796076    32.4610       1498     6.2375  0.000e+00
      7.222    12.6662   3.798033    32.4513       1499     6.2417  0.000e+00
      7.167    12.6967   3.801458    32.4576       1500     6.2458  0.000e+00
      7.111    12.7274   3.801778    32.4342       1501     6.2500  0.000e+00
      7.060    12.7525   3.801457    32.4097       1502     6.2542  0.000e+00
      7.011    12.7670   3.803566    32.4172       1503     6.2583  0.000e+00
      6.962    12.7809   3.806154    32.4299       1504     6.2625  0.000e+00
      6.914    12.7998   3.808336    32.4343       1505     6.2667  0.000e+00
      6.859    12.8219   3.808853    32.4203       1506     6.2708  0.000e+00
      6.817    12.8397   3.808453    32.4013       1507     6.2750  0.000e+00
      6.772    12.8504   3.808787    32.3952       1508     6.2792  0.000e+00
      6.732    12.8566   3.808833    32.3904       1509     6.2833  0.000e+00
      6.698    12.8611   3.811265    32.4095       1510     6.2875  0.000e+00
      6.657    12.8709   3.812760    32.4153       1511     6.2917  0.000e+00
      6.626    12.8841   3.809954    32.3775       1512     6.2958  0.000e+00
      6.585    12.8857   3.810701    32.3832       1513     6.3000  0.000e+00
      6.536    12.8859   3.812399    32.3991       1514     6.3042  0.000e+00
      6.489    12.8906   3.813061    32.4014       1515     6.3083  0.000e+00
      6.434    12.8980   3.813395    32.3982       1516     6.3125  0.000e+00
      6.371    12.9046   3.814504    32.4031       1517     6.3167  0.000e+00
      6.311    12.9132   3.814792    32.3984       1518     6.3208  0.000e+00
      6.250    12.9205   3.818341    32.4257       1519     6.3250  0.000e+00
      6.195    12.9346   3.815356    32.3855       1520     6.3292  0.000e+00
      6.145    12.9407   3.814641    32.3735       1521     6.3333  0.000e+00
      6.090    12.9376   3.814884    32.3785       1522     6.3375  0.000e+00
      6.041    12.9351   3.814621    32.3782       1523     6.3417  0.000e+00
      5.990    12.9328   3.815500    32.3884       1524     6.3458  0.000e+00
      5.941    12.9339   3.815861    32.3910       1525     6.3500  0.000e+00
      5.885    12.9368   3.816569    32.3952       1526     6.3542  0.000e+00
      5.836    12.9413   3.817278    32.3981       1527     6.3583  0.000e+00
      5.785    12.9471   3.817658    32.3967       1528     6.3625  0.000e+00
      5.733    12.9524   3.818025    32.3957       1529     6.3667  0.000e+00
      5.684    12.9576   3.820578    32.4153       1530     6.3708  0.000e+00
      5.646    12.9679   3.821162    32.4121       1531     6.3750  0.000e+00
      5.608    12.9821   3.823945    32.4262       1532     6.3792  0.000e+00
      5.581    12.9977   3.824654    32.4196       1533     6.3833  0.000e+00
      5.552    13.0133   3.824076    32.4007       1534     6.3875  0.000e+00
      5.521    13.0230   3.823393    32.3860       1535     6.3917  0.000e+00
      5.492    13.0253   3.823826    32.3882       1536     6.3958  0.000e+00
      5.454    13.0268   3.823728    32.3859       1537     6.4000  0.000e+00
      5.410    13.0278   3.824371    32.3912       1538     6.4042  0.000e+00
      5.361    13.0304   3.825960    32.4040       1539     6.4083  0.000e+00
      5.304    13.0369   3.828107    32.4187       1540     6.4125  0.000e+00
      5.250    13.0491   3.827082    32.3987       1541     6.4167  0.000e+00
      5.199    13.0576   3.826051    32.3817       1542     6.4208  0.000e+00
      5.152    13.0589   3.827155    32.3910       1543     6.4250  0.000e+00
      5.109    13.0609   3.827765    32.3950       1544     6.4292  0.000e+00
      5.059    13.0648   3.828034    32.3943       1545     6.4333  0.000e+00
      5.016    13.0694   3.829644    32.4055       1546     6.4375  0.000e+00
      4.965    13.0770   3.829709    32.3997       1547     6.4417  0.000e+00
      4.915    13.0840   3.829374    32.3906       1548     6.4458  0.000e+00
      4.868    13.0873   3.829499    32.3889       1549     6.4500  0.000e+00
      4.817    13.0891   3.829801    32.3902       1550     6.4542  0.000e+00
      4.766    13.0914   3.830760    32.3973       1551     6.4583  0.000e+00
      4.723    13.0958   3.831752    32.4030       1552     6.4625  0.000e+00
      4.679    13.1031   3.832048    32.3995       1553     6.4667  0.000e+00
      4.643    13.1094   3.831883    32.3926       1554     6.4708  0.000e+00
      4.594    13.1132   3.832330    32.3935       1555     6.4750  0.000e+00
      4.549    13.1172   3.833243    32.3988       1556     6.4792  0.000e+00
      4.500    13.1226   3.834019    32.4015       1557     6.4833  0.000e+00
      4.463    13.1292   3.834190    32.3974       1558     6.4875  0.000e+00
      4.423    13.1348   3.834380    32.3945       1559     6.4917  0.000e+00
      4.394    13.1390   3.834262    32.3898       1560     6.4958  0.000e+00
      4.367    13.1417   3.834111    32.3861       1561     6.5000  0.000e+00
      4.336    13.1427   3.834833    32.3921       1562     6.5042  0.000e+00
      4.298    13.1447   3.835116    32.3931       1563     6.5083  0.000e+00
      4.264    13.1478   3.835267    32.3918       1564     6.5125  0.000e+00
      4.222    13.1506   3.835333    32.3900       1565     6.5167  0.000e+00
      4.175    13.1528   3.835379    32.3887       1566     6.5208  0.000e+00
      4.133    13.1543   3.835425    32.3878       1567     6.5250  0.000e+00
      4.087    13.1552   3.835444    32.3873       1568     6.5292  0.000e+00
      4.047    13.1559   3.835471    32.3869       1569     6.5333  0.000e+00
      4.008    13.1565   3.835425    32.3860       1570     6.5375  0.000e+00
      3.966    13.1568   3.835333    32.3848       1571     6.5417  0.000e+00
      3.929    13.1563   3.835306    32.3850       1572     6.5458  0.000e+00
      3.889    13.1561   3.835490    32.3870       1573     6.5500  0.000e+00
      3.847    13.1561   3.835425    32.3863       1574     6.5542  0.000e+00
      3.791    13.1564   3.835333    32.3853       1575     6.5583  0.000e+00
      3.736    13.1561   3.835425    32.3864       1576     6.5625  0.000e+00
      3.680    13.1563   3.835471    32.3867       1577     6.5667  0.000e+00
      3.620    13.1565   3.835444    32.3863       1578     6.5708  0.000e+00
      3.562    13.1565   3.835451    32.3864       1579     6.5750  0.000e+00
      3.509    13.1568   3.835444    32.3861       1580     6.5792  0.000e+00
      3.455    13.1568   3.835424    32.3860       1581     6.5833  0.000e+00
      3.403    13.1568   3.835398    32.3857       1582     6.5875  0.000e+00
      3.356    13.1565   3.835286    32.3849       1583     6.5917  0.000e+00
      3.305    13.1561   3.835306    32.3855       1584     6.5958  0.000e+00
      3.258    13.1555   3.835240    32.3854       1585     6.6000  0.000e+00
      3.218    13.1550   3.835260    32.3860       1586     6.6042  0.000e+00
      3.182    13.1547   3.835267    32.3864       1587     6.6083  0.000e+00
      3.153    13.1548   3.835194    32.3856       1588     6.6125  0.000e+00
      3.119    13.1544   3.835161    32.3856       1589     6.6167  0.000e+00
      3.088    13.1540   3.835175    32.3861       1590     6.6208  0.000e+00
      3.051    13.1538   3.835089    32.3855       1591     6.6250  0.000e+00
      3.014    13.1535   3.835129    32.3862       1592     6.6292  0.000e+00
      2.967    13.1533   3.835188    32.3869       1593     6.6333  0.000e+00
      2.919    13.1533   3.835267    32.3876       1594     6.6375  0.000e+00
      2.867    13.1537   3.835267    32.3873       1595     6.6417  0.000e+00
      2.809    13.1540   3.835260    32.3870       1596     6.6458  0.000e+00
      2.760    13.1542   3.835286    32.3871       1597     6.6500  0.000e+00
      2.710    13.1544   3.835260    32.3868       1598     6.6542  0.000e+00
      2.663    13.1546   3.835220    32.3862       1599     6.6583  0.000e+00
      2.626    13.1546   3.835260    32.3866       1600     6.6625  0.000e+00
      2.592    13.1546   3.835398    32.3879       1601     6.6667  0.000e+00
      2.554    13.1551   3.835444    32.3879       1602     6.6708  0.000e+00
      2.512    13.1554   3.835470    32.3880       1603     6.6750  0.000e+00
      2.459    13.1559   3.835490    32.3877       1604     6.6792  0.000e+00
      2.401    13.1564   3.835470    32.3871       1605     6.6833  0.000e+00
      2.333    13.1565   3.835470    32.3871       1606     6.6875  0.000e+00
      2.255    13.1566   3.835470    32.3870       1607     6.6917  0.000e+00
      2.180    13.1567   3.835352    32.3859       1608     6.6958  0.000e+00
      2.115    13.1566   3.835286    32.3854       1609     6.7000  0.000e+00
      2.059    13.1559   3.835332    32.3864       1610     6.7042  0.000e+00
      2.011    13.1557   3.835424    32.3875       1611     6.7083  0.000e+00
      1.970    13.1559   3.835542    32.3884       1612     6.7125  0.000e+00
      1.923    13.1566   3.835516    32.3876       1613     6.7167  0.000e+00
      1.877    13.1570   3.835496    32.3871       1614     6.7208  0.000e+00
      1.821    13.1572   3.835490    32.3869       1615     6.7250  0.000e+00
      1.766    13.1572   3.835424    32.3862       1616     6.7292  0.000e+00
      1.712    13.1569   3.835588    32.3881       1617     6.7333  0.000e+00
      1.665    13.1572   3.835582    32.3878       1618     6.7375  0.000e+00
      1.632    13.1576   3.835588    32.3875       1619     6.7417  0.000e+00
      1.601    13.1579   3.835555    32.3869       1620     6.7458  0.000e+00
      1.574    13.1583   3.835555    32.3867       1621     6.7500  0.000e+00
      1.547    13.1582   3.835641    32.3875       1622     6.7542  0.000e+00
      1.516    13.1585   3.835628    32.3872       1623     6.7583  0.000e+00
      1.489    13.1585   3.835614    32.3870       1624     6.7625  0.000e+00
      1.453    13.1586   3.835489    32.3858       1625     6.7667  0.000e+00
      1.404    13.1582   3.835496    32.3862       1626     6.7708  0.000e+00
      1.350    13.1580   3.835516    32.3866       1627     6.7750  0.000e+00
      1.275    13.1577   3.835332    32.3852       1628     6.7792  0.000e+00
      1.192    13.1572   3.835207    32.3845       1629     6.7833  0.000e+00
      1.121    13.1562   3.835062    32.3840       1630     6.7875  0.000e+00
      1.077    13.1548   3.835424    32.3886       1631     6.7917  0.000e+00
      1.051    13.1552   3.835535    32.3893       1632     6.7958  0.000e+00
      1.018    13.1559   3.835542    32.3888       1633     6.8000  0.000e+00
      0.982    13.1567   3.835581    32.3885       1634     6.8042  0.000e+00
      0.926    13.1574   3.835516    32.3873       1635     6.8083  0.000e+00
      0.845    13.1577   3.835568    32.3876       1636     6.8125  0.000e+00
      0.775    13.1578   3.835581    32.3876       1637     6.8167  0.000e+00
      0.709    13.1581   3.835469    32.3864       1638     6.8208  0.000e+00
      0.657    13.1578   3.835489    32.3868       1639     6.8250  0.000e+00
      0.586    13.1579   3.835640    32.3882       1640     6.8292  0.000e+00
      0.530    13.1581   3.835765    32.3892       1641     6.8333  0.000e+00
      0.510    13.1587   3.835739    32.3885       1642     6.8375  0.000e+00
      0.495    13.1594   3.835588    32.3865       1643     6.8417  0.000e+00
      0.463    13.1592   3.835627    32.3870       1644     6.8458  0.000e+00
      0.438    13.1590   3.835588    32.3868       1645     6.8500  0.000e+00
      0.423    13.1591   3.835627    32.3871       1646     6.8542  0.000e+00
      0.358    13.1590   3.835193    32.3832       1647     6.8583  0.000e+00
      0.276    13.1574   3.834707    32.3799       1648     6.8625  0.000e+00
      0.211    13.1550   3.834878    32.3837       1649     6.8667  0.000e+00
      0.190    13.1530   3.834851    32.3851       1650     6.8708  0.000e+00
      0.210    13.1519   3.835193    32.3893       1651     6.8750  0.000e+00
