HB2503/sbe036.cnv
* Sea-Bird SBE 19plus V2 Data File:
* FileName = C:\cruise\data\sbe036.hex
* Software Version Seasave V 7.26.7.121
* Temperature SN = 6128
* Conductivity SN = 6128
* System UpLoad Time = May 31 2025 03:20:39
* NMEA Latitude = 40 18.78 N
* NMEA Longitude = 073 52.89 W
* NMEA UTC (Time) = May 31 2025  03:18:50
** Ship: Henry Bigelow
** Cruise:  HB2502
** Program:  Spring Bottom Trawl
# nquan = 7
# nvalues = 1217                                  
# units = specified
# name 0 = depSM: Depth [salt water, m]
# name 1 = tv290C: Temperature [ITS-90, deg C]
# name 2 = c0S/m: Conductivity [S/m]
# name 3 = sal00: Salinity, Practical [PSU]
# name 4 = scan: Scan Count
# name 5 = timeM: Time, Elapsed [minutes]
# name 6 = flag:  0.000e+00
# span 0 =     -0.131,     16.007                 
# span 1 =    12.4375,    15.2559                 
# span 2 =   0.007751,   3.939992                 
# span 3 =     0.0475,    31.6769                 
# span 4 =         11,       1227                 
# span 5 =     0.0417,     5.1083                 
# span 6 = 0.0000e+00, 0.0000e+00                 
# interval = seconds: 0.25
# start_time = May 31 2025 03:18:50 [NMEA time, header]
# bad_flag = -9.990e-29
*END*
[from data line 821]
      8.097    13.3709   3.730293    31.2216        832     3.4625  0.000e+00
      8.076    13.3712   3.730143    31.2200        833     3.4667  0.000e+00
      8.050    13.3717   3.729831    31.2166        834     3.4708  0.000e+00
      8.021    13.3718   3.729305    31.2116        835     3.4750  0.000e+00
      7.994    13.3714   3.728434    31.2039        836     3.4792  0.000e+00
      7.965    13.3707   3.727921    31.1997        837     3.4833  0.000e+00
      7.937    13.3698   3.727459    31.1961        838     3.4875  0.000e+00
      7.901    13.3690   3.726615    31.1889        839     3.4917  0.000e+00
      7.865    13.3674   3.725874    31.1834        840     3.4958  0.000e+00
      7.831    13.3655   3.724101    31.1684        841     3.5000  0.000e+00
      7.798    13.3634   3.723503    31.1646        842     3.5042  0.000e+00
      7.763    13.3645   3.724146    31.1697        843     3.5083  0.000e+00
      7.723    13.3706   3.724464    31.1677        844     3.5125  0.000e+00
      7.681    13.3779   3.724724    31.1641        845     3.5167  0.000e+00
      7.641    13.3843   3.725270    31.1640        846     3.5208  0.000e+00
      7.600    13.3902   3.725822    31.1643        847     3.5250  0.000e+00
      7.573    13.3963   3.726504    31.1657        848     3.5292  0.000e+00
      7.549    13.4026   3.726881    31.1641        849     3.5333  0.000e+00
      7.538    13.4083   3.727160    31.1620        850     3.5375  0.000e+00
      7.533    13.4131   3.726939    31.1560        851     3.5417  0.000e+00
      7.533    13.4157   3.726192    31.1470        852     3.5458  0.000e+00
      7.545    13.4152   3.724860    31.1350        853     3.5500  0.000e+00
      7.556    13.4106   3.724224    31.1328        854     3.5542  0.000e+00
      7.564    13.4045   3.724237    31.1379        855     3.5583  0.000e+00
      7.570    13.4000   3.724516    31.1442        856     3.5625  0.000e+00
      7.587    13.3981   3.724536    31.1460        857     3.5667  0.000e+00
      7.607    13.3972   3.724815    31.1492        858     3.5708  0.000e+00
      7.614    13.3978   3.725594    31.1560        859     3.5750  0.000e+00
      7.619    13.4005   3.726309    31.1605        860     3.5792  0.000e+00
      7.601    13.4051   3.727050    31.1636        861     3.5833  0.000e+00
      7.574    13.4111   3.728193    31.1693        862     3.5875  0.000e+00
      7.530    13.4187   3.728011    31.1615        863     3.5917  0.000e+00
      7.483    13.4247   3.728407    31.1603        864     3.5958  0.000e+00
      7.431    13.4285   3.728472    31.1578        865     3.6000  0.000e+00
      7.369    13.4319   3.728518    31.1554        866     3.6042  0.000e+00
      7.302    13.4339   3.728147    31.1504        867     3.6083  0.000e+00
      7.237    13.4342   3.727939    31.1482        868     3.6125  0.000e+00
      7.176    13.4334   3.728446    31.1536        869     3.6167  0.000e+00
      7.123    13.4341   3.728388    31.1526        870     3.6208  0.000e+00
      7.083    13.4349   3.728609    31.1539        871     3.6250  0.000e+00
      7.038    13.4361   3.728700    31.1538        872     3.6292  0.000e+00
      7.003    13.4374   3.728654    31.1524        873     3.6333  0.000e+00
      6.980    13.4383   3.728771    31.1527        874     3.6375  0.000e+00
      6.971    13.4391   3.728933    31.1536        875     3.6417  0.000e+00
      6.964    13.4401   3.729219    31.1554        876     3.6458  0.000e+00
      6.960    13.4418   3.729369    31.1554        877     3.6500  0.000e+00
      6.958    13.4437   3.729369    31.1539        878     3.6542  0.000e+00
      6.951    13.4453   3.729460    31.1534        879     3.6583  0.000e+00
      6.954    13.4466   3.729531    31.1530        880     3.6625  0.000e+00
      6.959    13.4476   3.729622    31.1530        881     3.6667  0.000e+00
      6.967    13.4487   3.729817    31.1539        882     3.6708  0.000e+00
      6.968    13.4503   3.729902    31.1534        883     3.6750  0.000e+00
      6.972    13.4520   3.729967    31.1527        884     3.6792  0.000e+00
      6.976    13.4532   3.729967    31.1517        885     3.6833  0.000e+00
      6.972    13.4542   3.730084    31.1519        886     3.6875  0.000e+00
      6.963    13.4550   3.730246    31.1528        887     3.6917  0.000e+00
      6.954    13.4571   3.730363    31.1522        888     3.6958  0.000e+00
      6.936    13.4589   3.730408    31.1512        889     3.7000  0.000e+00
      6.905    13.4608   3.730499    31.1504        890     3.7042  0.000e+00
      6.879    13.4625   3.730493    31.1490        891     3.7083  0.000e+00
      6.846    13.4637   3.730499    31.1481        892     3.7125  0.000e+00
      6.818    13.4644   3.730454    31.1471        893     3.7167  0.000e+00
      6.792    13.4647   3.730233    31.1448        894     3.7208  0.000e+00
      6.767    13.4638   3.730174    31.1450        895     3.7250  0.000e+00
      6.735    13.4628   3.730428    31.1482        896     3.7292  0.000e+00
      6.700    13.4630   3.730668    31.1503        897     3.7333  0.000e+00
      6.675    13.4653   3.730824    31.1498        898     3.7375  0.000e+00
      6.642    13.4680   3.730798    31.1475        899     3.7417  0.000e+00
      6.617    13.4698   3.730844    31.1464        900     3.7458  0.000e+00
      6.577    13.4710   3.730824    31.1452        901     3.7500  0.000e+00
      6.539    13.4726   3.730844    31.1442        902     3.7542  0.000e+00
      6.499    13.4741   3.730759    31.1422        903     3.7583  0.000e+00
      6.450    13.4759   3.730337    31.1368        904     3.7625  0.000e+00
      6.410    13.4779   3.729901    31.1311        905     3.7667  0.000e+00
      6.378    13.4790   3.728933    31.1212        906     3.7708  0.000e+00
      6.354    13.4785   3.728127    31.1142        907     3.7750  0.000e+00
      6.338    13.4765   3.727873    31.1135        908     3.7792  0.000e+00
      6.323    13.4745   3.728016    31.1164        909     3.7833  0.000e+00
      6.312    13.4732   3.728426    31.1213        910     3.7875  0.000e+00
      6.318    13.4733   3.728634    31.1231        911     3.7917  0.000e+00
      6.330    13.4738   3.728848    31.1247        912     3.7958  0.000e+00
      6.341    13.4746   3.728933    31.1248        913     3.8000  0.000e+00
      6.353    13.4756   3.729206    31.1266        914     3.8042  0.000e+00
      6.363    13.4763   3.729355    31.1274        915     3.8083  0.000e+00
      6.372    13.4770   3.729485    31.1280        916     3.8125  0.000e+00
      6.372    13.4783   3.729557    31.1276        917     3.8167  0.000e+00
      6.373    13.4792   3.729505    31.1264        918     3.8208  0.000e+00
      6.373    13.4797   3.729459    31.1256        919     3.8250  0.000e+00
      6.361    13.4797   3.729258    31.1237        920     3.8292  0.000e+00
      6.352    13.4796   3.719118    31.0297        921     3.8333  0.000e+00
      6.326    13.4746   3.701315    30.8686        922     3.8375  0.000e+00
      6.301    13.4598   3.705450    30.9190        923     3.8417  0.000e+00
      6.281    13.4484   3.718028    31.0449        924     3.8458  0.000e+00
      6.254    13.4473   3.723937    31.1007        925     3.8500  0.000e+00
      6.229    13.4517   3.726698    31.1228        926     3.8542  0.000e+00
      6.198    13.4575   3.727438    31.1250        927     3.8583  0.000e+00
      6.154    13.4621   3.727464    31.1215        928     3.8625  0.000e+00
      6.100    13.4648   3.726697    31.1122        929     3.8667  0.000e+00
      6.049    13.4651   3.726977    31.1145        930     3.8708  0.000e+00
      6.005    13.4650   3.726522    31.1104        931     3.8750  0.000e+00
      5.955    13.4643   3.724443    31.0917        932     3.8792  0.000e+00
      5.904    13.4614   3.722858    31.0794        933     3.8833  0.000e+00
      5.842    13.4559   3.721417    31.0705        934     3.8875  0.000e+00
      5.799    13.4491   3.720787    31.0702        935     3.8917  0.000e+00
      5.779    13.4432   3.720696    31.0742        936     3.8958  0.000e+00
      5.777    13.4386   3.721248    31.0831        937     3.9000  0.000e+00
      5.774    13.4366   3.721768    31.0895        938     3.9042  0.000e+00
      5.772    13.4364   3.721729    31.0893        939     3.9083  0.000e+00
      5.775    13.4368   3.721865    31.0903        940     3.9125  0.000e+00
      5.786    13.4373   3.722690    31.0975        941     3.9167  0.000e+00
      5.802    13.4389   3.723567    31.1043        942     3.9208  0.000e+00
      5.821    13.4418   3.723800    31.1041        943     3.9250  0.000e+00
      5.827    13.4446   3.724021    31.1039        944     3.9292  0.000e+00
      5.829    13.4470   3.723911    31.1009        945     3.9333  0.000e+00
      5.826    13.4481   3.723657    31.0977        946     3.9375  0.000e+00
      5.819    13.4486   3.723937    31.0999        947     3.9417  0.000e+00
      5.808    13.4489   3.724417    31.1041        948     3.9458  0.000e+00
      5.799    13.4498   3.724580    31.1048        949     3.9500  0.000e+00
      5.788    13.4509   3.724658    31.1047        950     3.9542  0.000e+00
      5.773    13.4518   3.724281    31.1004        951     3.9583  0.000e+00
      5.759    13.4517   3.722807    31.0869        952     3.9625  0.000e+00
      5.726    13.4493   3.721222    31.0741        953     3.9667  0.000e+00
      5.691    13.4445   3.720326    31.0697        954     3.9708  0.000e+00
      5.646    13.4392   3.719476    31.0661        955     3.9750  0.000e+00
      5.610    13.4343   3.717729    31.0540        956     3.9792  0.000e+00
      5.564    13.4291   3.715666    31.0390        957     3.9833  0.000e+00
      5.517    13.4225   3.714128    31.0301        958     3.9875  0.000e+00
      5.454    13.4155   3.713466    31.0297        959     3.9917  0.000e+00
      5.393    13.4096   3.712240    31.0231        960     3.9958  0.000e+00
      5.336    13.4044   3.710210    31.0085        961     4.0000  0.000e+00
      5.288    13.3992   3.706961    30.9825        962     4.0042  0.000e+00
      5.260    13.3925   3.704511    30.9652        963     4.0083  0.000e+00
      5.244    13.3854   3.702586    30.9532        964     4.0125  0.000e+00
      5.228    13.3782   3.702230    30.9556        965     4.0167  0.000e+00
      5.211    13.3727   3.703396    30.9710        966     4.0208  0.000e+00
      5.207    13.3703   3.705088    30.9887        967     4.0250  0.000e+00
      5.215    13.3708   3.707247    31.0083        968     4.0292  0.000e+00
      5.231    13.3738   3.709114    31.0233        969     4.0333  0.000e+00
      5.254    13.3784   3.711151    31.0385        970     4.0375  0.000e+00
      5.275    13.3838   3.712720    31.0486        971     4.0417  0.000e+00
      5.282    13.3890   3.713278    31.0495        972     4.0458  0.000e+00
      5.280    13.3936   3.713577    31.0486        973     4.0500  0.000e+00
      5.276    13.3971   3.713635    31.0463        974     4.0542  0.000e+00
      5.262    13.3993   3.713739    31.0455        975     4.0583  0.000e+00
      5.244    13.4007   3.713304    31.0403        976     4.0625  0.000e+00
      5.217    13.4012   3.711124    31.0196        977     4.0667  0.000e+00
      5.175    13.3999   3.707791    30.9898        978     4.0708  0.000e+00
      5.121    13.3947   3.699644    30.9183        979     4.0750  0.000e+00
      5.060    13.3832   3.689415    30.8326        980     4.0792  0.000e+00
      5.007    13.3633   3.680373    30.7647        981     4.0833  0.000e+00
      4.964    13.3374   3.673368    30.7205        982     4.0875  0.000e+00
      4.921    13.3099   3.668215    30.6948        983     4.0917  0.000e+00
      4.879    13.2837   3.665459    30.6903        984     4.0958  0.000e+00
      4.852    13.2617   3.663471    30.6895        985     4.1000  0.000e+00
      4.844    13.2446   3.661852    30.6882        986     4.1042  0.000e+00
      4.846    13.2315   3.660207    30.6835        987     4.1083  0.000e+00
      4.857    13.2212   3.659279    30.6832        988     4.1125  0.000e+00
      4.858    13.2138   3.659801    30.6940        989     4.1167  0.000e+00
      4.863    13.2092   3.660924    30.7081        990     4.1208  0.000e+00
      4.875    13.2079   3.662214    30.7212        991     4.1250  0.000e+00
      4.884    13.2090   3.663498    30.7323        992     4.1292  0.000e+00
      4.904    13.2117   3.663543    30.7306        993     4.1333  0.000e+00
      4.902    13.2139   3.663040    30.7240        994     4.1375  0.000e+00
      4.881    13.2156   3.662549    30.7181        995     4.1417  0.000e+00
      4.849    13.2154   3.659956    30.6941        996     4.1458  0.000e+00
      4.814    13.2126   3.654958    30.6498        997     4.1500  0.000e+00
      4.773    13.2045   3.649519    30.6057        998     4.1542  0.000e+00
      4.727    13.1919   3.645229    30.5759        999     4.1583  0.000e+00
      4.671    13.1767   3.642396    30.5617       1000     4.1625  0.000e+00
      4.611    13.1618   3.640748    30.5583       1001     4.1667  0.000e+00
      4.561    13.1497   3.638663    30.5486       1002     4.1708  0.000e+00
      4.532    13.1397   3.635961    30.5315       1003     4.1750  0.000e+00
      4.499    13.1308   3.634192    30.5222       1004     4.1792  0.000e+00
      4.465    13.1222   3.631736    30.5061       1005     4.1833  0.000e+00
      4.423    13.1139   3.627853    30.4766       1006     4.1875  0.000e+00
      4.379    13.1040   3.624222    30.4506       1007     4.1917  0.000e+00
      4.367    13.0925   3.617613    30.3982       1008     4.1958  0.000e+00
      4.359    13.0816   3.607802    30.3153       1009     4.2000  0.000e+00
      4.345    13.0741   3.603967    30.2856       1010     4.2042  0.000e+00
      4.334    13.0692   3.608219    30.3291       1011     4.2083  0.000e+00
      4.318    13.0636   3.613788    30.3856       1012     4.2125  0.000e+00
      4.320    13.0563   3.617446    30.4256       1013     4.2167  0.000e+00
      4.323    13.0523   3.619809    30.4510       1014     4.2208  0.000e+00
      4.328    13.0517   3.621884    30.4708       1015     4.2250  0.000e+00
      4.332    13.0545   3.623888    30.4873       1016     4.2292  0.000e+00
      4.341    13.0593   3.625398    30.4976       1017     4.2333  0.000e+00
      4.341    13.0648   3.625957    30.4984       1018     4.2375  0.000e+00
      4.341    13.0696   3.626426    30.4989       1019     4.2417  0.000e+00
      4.330    13.0733   3.626825    30.4996       1020     4.2458  0.000e+00
      4.321    13.0762   3.626715    30.4963       1021     4.2500  0.000e+00
      4.296    13.0781   3.626182    30.4897       1022     4.2542  0.000e+00
      4.259    13.0788   3.623978    30.4686       1023     4.2583  0.000e+00
      4.207    13.0768   3.621126    30.4437       1024     4.2625  0.000e+00
      4.154    13.0706   3.617119    30.4112       1025     4.2667  0.000e+00
      4.091    13.0614   3.615264    30.4013       1026     4.2708  0.000e+00
      4.027    13.0509   3.610284    30.3632       1027     4.2750  0.000e+00
      3.955    13.0384   3.607289    30.3452       1028     4.2792  0.000e+00
      3.881    13.0249   3.605609    30.3404       1029     4.2833  0.000e+00
      3.810    13.0131   3.604372    30.3383       1030     4.2875  0.000e+00
      3.775    13.0040   3.603795    30.3402       1031     4.2917  0.000e+00
      3.752    12.9971   3.603481    30.3427       1032     4.2958  0.000e+00
      3.745    12.9923   3.603263    30.3445       1033     4.3000  0.000e+00
      3.739    12.9887   3.603237    30.3472       1034     4.3042  0.000e+00
      3.756    12.9864   3.603353    30.3501       1035     4.3083  0.000e+00
