HB2503/sbe013.cnv
* Sea-Bird SBE 19plus V2 Data File:
* FileName = C:\cruise\data\sbe013.hex
* Software Version Seasave V 7.26.7.121
* Temperature SN = 6128
* Conductivity SN = 6128
* System UpLoad Time = May 29 2025 01:17:57
* NMEA Latitude = 39 01.41 N
* NMEA Longitude = 073 01.48 W
* NMEA UTC (Time) = May 29 2025  01:16:07
** Ship: Henry Bigelow
** Cruise:  HB2502
** Program:  Spring Bottom Trawl
# nquan = 7
# nvalues = 1819                                  
# units = specified
# name 0 = depSM: Depth [salt water, m]
# name 1 = tv290C: Temperature [ITS-90, deg C]
# name 2 = c0S/m: Conductivity [S/m]
# name 3 = sal00: Salinity, Practical [PSU]
# name 4 = scan: Scan Count
# name 5 = timeM: Time, Elapsed [minutes]
# name 6 = flag:  0.000e+00
# span 0 =     -0.070,     76.410                 
# span 1 =     6.5247,    14.6251                 
# span 2 =   0.008714,   3.914882                 
# span 3 =     0.0535,    33.3439                 
# span 4 =         11,       1829                 
# span 5 =     0.0417,     7.6167                 
# span 6 = 0.0000e+00, 0.0000e+00                 
# interval = seconds: 0.25
# start_time = May 29 2025 01:16:07 [NMEA time, header]
# bad_flag = -9.990e-29
*END*
[from data line 1231]
     30.272     7.7118   3.383138    32.7080       1242     5.1708  0.000e+00
     30.227     7.7134   3.382907    32.7040       1243     5.1750  0.000e+00
     30.182     7.7134   3.382638    32.7011       1244     5.1792  0.000e+00
     30.136     7.7129   3.382513    32.7003       1245     5.1833  0.000e+00
     30.100     7.7122   3.382513    32.7009       1246     5.1875  0.000e+00
     30.064     7.7117   3.382701    32.7034       1247     5.1917  0.000e+00
     30.036     7.7124   3.383482    32.7112       1248     5.1958  0.000e+00
     30.013     7.7149   3.384695    32.7218       1249     5.2000  0.000e+00
     29.991     7.7208   3.386409    32.7347       1250     5.2042  0.000e+00
     29.961     7.7308   3.388354    32.7461       1251     5.2083  0.000e+00
     29.931     7.7446   3.390093    32.7518       1252     5.2125  0.000e+00
     29.905     7.7612   3.392333    32.7602       1253     5.2167  0.000e+00
     29.876     7.7808   3.395864    32.7796       1254     5.2208  0.000e+00
     29.843     7.8065   3.399371    32.7931       1255     5.2250  0.000e+00
     29.796     7.8381   3.402459    32.7965       1256     5.2292  0.000e+00
     29.740     7.8738   3.404044    32.7799       1257     5.2333  0.000e+00
     29.680     7.9078   3.405517    32.7637       1258     5.2375  0.000e+00
     29.609     7.9362   3.407843    32.7620       1259     5.2417  0.000e+00
     29.529     7.9638   3.409554    32.7544       1260     5.2458  0.000e+00
     29.437     7.9927   3.415049    32.7859       1261     5.2500  0.000e+00
     29.339     8.0349   3.419506    32.7940       1262     5.2542  0.000e+00
     29.232     8.0875   3.421879    32.7700       1263     5.2583  0.000e+00
     29.127     8.1344   3.423423    32.7426       1264     5.2625  0.000e+00
     29.024     8.1720   3.427010    32.7456       1265     5.2667  0.000e+00
     28.930     8.2090   3.429782    32.7405       1266     5.2708  0.000e+00
     28.834     8.2471   3.432604    32.7349       1267     5.2750  0.000e+00
     28.745     8.2835   3.433698    32.7127       1268     5.2792  0.000e+00
     28.678     8.3136   3.434276    32.6908       1269     5.2833  0.000e+00
     28.622     8.3361   3.434754    32.6749       1270     5.2875  0.000e+00
     28.571     8.3524   3.435590    32.6687       1271     5.2917  0.000e+00
     28.543     8.3651   3.436345    32.6648       1272     5.2958  0.000e+00
     28.525     8.3759   3.436659    32.6581       1273     5.3000  0.000e+00
     28.527     8.3842   3.436911    32.6531       1274     5.3042  0.000e+00
     28.546     8.3906   3.437118    32.6493       1275     5.3083  0.000e+00
     28.572     8.3954   3.437181    32.6456       1276     5.3125  0.000e+00
     28.606     8.3989   3.437175    32.6423       1277     5.3167  0.000e+00
     28.633     8.4009   3.436741    32.6358       1278     5.3208  0.000e+00
     28.658     8.4005   3.436118    32.6296       1279     5.3250  0.000e+00
     28.676     8.3975   3.435885    32.6299       1280     5.3292  0.000e+00
     28.692     8.3939   3.435867    32.6330       1281     5.3333  0.000e+00
     28.681     8.3913   3.436313    32.6402       1282     5.3375  0.000e+00
     28.646     8.3909   3.437118    32.6491       1283     5.3417  0.000e+00
     28.592     8.3939   3.438333    32.6590       1284     5.3458  0.000e+00
     28.511     8.4015   3.438742    32.6564       1285     5.3500  0.000e+00
     28.425     8.4109   3.443468    32.6976       1286     5.3542  0.000e+00
     28.320     8.4308   3.448632    32.7335       1287     5.3583  0.000e+00
     28.201     8.4648   3.450213    32.7187       1288     5.3625  0.000e+00
     28.074     8.4988   3.451158    32.6972       1289     5.3667  0.000e+00
     27.945     8.5261   3.454593    32.7080       1290     5.3708  0.000e+00
     27.822     8.5541   3.454567    32.6818       1291     5.3750  0.000e+00
     27.708     8.5759   3.455828    32.6749       1292     5.3792  0.000e+00
     27.592     8.5932   3.458463    32.6867       1293     5.3833  0.000e+00
     27.482     8.6129   3.459844    32.6830       1294     5.3875  0.000e+00
     27.393     8.6328   3.460954    32.6763       1295     5.3917  0.000e+00
     27.328     8.6508   3.461882    32.6694       1296     5.3958  0.000e+00
     27.274     8.6659   3.462626    32.6633       1297     5.4000  0.000e+00
     27.252     8.6782   3.463105    32.6570       1298     5.4042  0.000e+00
     27.244     8.6876   3.463490    32.6523       1299     5.4083  0.000e+00
     27.250     8.6948   3.463711    32.6480       1300     5.4125  0.000e+00
     27.265     8.7004   3.463888    32.6447       1301     5.4167  0.000e+00
     27.305     8.7045   3.463888    32.6408       1302     5.4208  0.000e+00
     27.345     8.7073   3.463471    32.6339       1303     5.4250  0.000e+00
     27.394     8.7075   3.462809    32.6267       1304     5.4292  0.000e+00
     27.435     8.7052   3.462411    32.6247       1305     5.4333  0.000e+00
     27.465     8.7016   3.462051    32.6243       1306     5.4375  0.000e+00
     27.496     8.6973   3.461692    32.6245       1307     5.4417  0.000e+00
     27.516     8.6932   3.461358    32.6246       1308     5.4458  0.000e+00
     27.523     8.6893   3.461124    32.6258       1309     5.4500  0.000e+00
     27.515     8.6856   3.461093    32.6289       1310     5.4542  0.000e+00
     27.488     8.6829   3.461459    32.6353       1311     5.4583  0.000e+00
     27.460     8.6822   3.462134    32.6430       1312     5.4625  0.000e+00
     27.418     8.6842   3.463093    32.6512       1313     5.4667  0.000e+00
     27.366     8.6893   3.464247    32.6586       1314     5.4708  0.000e+00
     27.313     8.6971   3.465876    32.6685       1315     5.4750  0.000e+00
     27.255     8.7081   3.468072    32.6813       1316     5.4792  0.000e+00
     27.195     8.7238   3.470421    32.6914       1317     5.4833  0.000e+00
     27.145     8.7442   3.471861    32.6877       1318     5.4875  0.000e+00
     27.099     8.7637   3.472966    32.6813       1319     5.4917  0.000e+00
     27.049     8.7807   3.473446    32.6707       1320     5.4958  0.000e+00
     27.016     8.7940   3.473794    32.6620       1321     5.5000  0.000e+00
     26.978     8.8038   3.474722    32.6627       1322     5.5042  0.000e+00
     26.943     8.8126   3.476163    32.6696       1323     5.5083  0.000e+00
     26.911     8.8230   3.477218    32.6711       1324     5.5125  0.000e+00
     26.880     8.8343   3.477970    32.6685       1325     5.5167  0.000e+00
     26.845     8.8450   3.478672    32.6660       1326     5.5208  0.000e+00
     26.820     8.8544   3.479202    32.6629       1327     5.5250  0.000e+00
     26.787     8.8625   3.479835    32.6620       1328     5.5292  0.000e+00
     26.758     8.8702   3.480580    32.6628       1329     5.5333  0.000e+00
     26.733     8.8780   3.481345    32.6635       1330     5.5375  0.000e+00
     26.715     8.8859   3.482250    32.6657       1331     5.5417  0.000e+00
     26.693     8.8946   3.483173    32.6673       1332     5.5458  0.000e+00
     26.671     8.9040   3.484128    32.6686       1333     5.5500  0.000e+00
     26.658     8.9137   3.485127    32.6701       1334     5.5542  0.000e+00
     26.647     8.9236   3.485962    32.6697       1335     5.5583  0.000e+00
     26.636     8.9337   3.486810    32.6692       1336     5.5625  0.000e+00
     26.627     8.9434   3.487835    32.6710       1337     5.5667  0.000e+00
     26.629     8.9532   3.488366    32.6675       1338     5.5708  0.000e+00
     26.625     8.9616   3.488923    32.6656       1339     5.5750  0.000e+00
     26.624     8.9692   3.489385    32.6634       1340     5.5792  0.000e+00
     26.623     8.9760   3.489619    32.6595       1341     5.5833  0.000e+00
     26.620     8.9813   3.489923    32.6579       1342     5.5875  0.000e+00
     26.606     8.9855   3.490581    32.6608       1343     5.5917  0.000e+00
     26.591     8.9902   3.491391    32.6650       1344     5.5958  0.000e+00
     26.569     8.9962   3.492562    32.6716       1345     5.6000  0.000e+00
     26.549     9.0043   3.493651    32.6755       1346     5.6042  0.000e+00
     26.518     9.0139   3.494804    32.6787       1347     5.6083  0.000e+00
     26.484     9.0241   3.495595    32.6775       1348     5.6125  0.000e+00
     26.450     9.0340   3.496767    32.6806       1349     5.6167  0.000e+00
     26.408     9.0442   3.498198    32.6861       1350     5.6208  0.000e+00
     26.377     9.0564   3.500124    32.6949       1351     5.6250  0.000e+00
     26.337     9.0704   3.502158    32.7031       1352     5.6292  0.000e+00
     26.283     9.0879   3.504897    32.7155       1353     5.6333  0.000e+00
     26.223     9.1097   3.508454    32.7324       1354     5.6375  0.000e+00
     26.162     9.1374   3.510813    32.7314       1355     5.6417  0.000e+00
     26.104     9.1653   3.513821    32.7370       1356     5.6458  0.000e+00
     26.048     9.1935   3.516563    32.7395       1357     5.6500  0.000e+00
     26.000     9.2220   3.518867    32.7371       1358     5.6542  0.000e+00
     25.943     9.2498   3.520613    32.7297       1359     5.6583  0.000e+00
     25.892     9.2750   3.522468    32.7258       1360     5.6625  0.000e+00
     25.850     9.2980   3.523992    32.7205       1361     5.6667  0.000e+00
     25.810     9.3189   3.525695    32.7189       1362     5.6708  0.000e+00
     25.781     9.3381   3.526718    32.7119       1363     5.6750  0.000e+00
     25.750     9.3547   3.527512    32.7050       1364     5.6792  0.000e+00
     25.724     9.3686   3.528046    32.6977       1365     5.6833  0.000e+00
     25.703     9.3797   3.528503    32.6923       1366     5.6875  0.000e+00
     25.686     9.3883   3.528802    32.6875       1367     5.6917  0.000e+00
     25.673     9.3949   3.528999    32.6835       1368     5.6958  0.000e+00
     25.658     9.3997   3.529190    32.6811       1369     5.7000  0.000e+00
     25.646     9.4035   3.529399    32.6798       1370     5.7042  0.000e+00
     25.619     9.4063   3.529622    32.6795       1371     5.7083  0.000e+00
     25.599     9.4093   3.530162    32.6824       1372     5.7125  0.000e+00
     25.562     9.4128   3.531288    32.6908       1373     5.7167  0.000e+00
     25.520     9.4185   3.532540    32.6985       1374     5.7208  0.000e+00
     25.473     9.4272   3.533278    32.6981       1375     5.7250  0.000e+00
     25.415     9.4361   3.534181    32.6993       1376     5.7292  0.000e+00
     25.350     9.4454   3.536796    32.7177       1377     5.7333  0.000e+00
     25.276     9.4595   3.539793    32.7357       1378     5.7375  0.000e+00
     25.207     9.4807   3.543409    32.7535       1379     5.7417  0.000e+00
     25.136     9.5086   3.547122    32.7661       1380     5.7458  0.000e+00
     25.060     9.5408   3.552429    32.7912       1381     5.7500  0.000e+00
     24.976     9.5806   3.556892    32.8006       1382     5.7542  0.000e+00
     24.891     9.6243   3.558173    32.7739       1383     5.7583  0.000e+00
     24.825     9.6600   3.559525    32.7551       1384     5.7625  0.000e+00
     24.757     9.6882   3.565249    32.7880       1385     5.7667  0.000e+00
     24.708     9.7220   3.568332    32.7887       1386     5.7708  0.000e+00
     24.662     9.7581   3.570119    32.7741       1387     5.7750  0.000e+00
     24.633     9.7892   3.571588    32.7607       1388     5.7792  0.000e+00
     24.608     9.8147   3.572687    32.7488       1389     5.7833  0.000e+00
     24.593     9.8348   3.573210    32.7359       1390     5.7875  0.000e+00
     24.582     9.8498   3.573280    32.7229       1391     5.7917  0.000e+00
     24.581     9.8598   3.573184    32.7129       1392     5.7958  0.000e+00
     24.589     9.8655   3.572858    32.7044       1393     5.8000  0.000e+00
     24.590     9.8674   3.572418    32.6982       1394     5.8042  0.000e+00
     24.589     9.8668   3.571939    32.6939       1395     5.8083  0.000e+00
     24.572     9.8642   3.571434    32.6911       1396     5.8125  0.000e+00
     24.555     9.8604   3.571217    32.6923       1397     5.8167  0.000e+00
     24.521     9.8573   3.572264    32.7058       1398     5.8208  0.000e+00
     24.472     9.8578   3.575031    32.7335       1399     5.8250  0.000e+00
     24.414     9.8669   3.577459    32.7500       1400     5.8292  0.000e+00
     24.333     9.8833   3.579262    32.7535       1401     5.8333  0.000e+00
     24.246     9.9018   3.583789    32.7828       1402     5.8375  0.000e+00
     24.149     9.9285   3.593958    32.8620       1403     5.8417  0.000e+00
     24.055     9.9807   3.608377    32.9609       1404     5.8458  0.000e+00
     23.954    10.0651   3.617097    32.9724       1405     5.8500  0.000e+00
     23.858    10.1609   3.622432    32.9393       1406     5.8542  0.000e+00
     23.771    10.2453   3.628510    32.9240       1407     5.8583  0.000e+00
     23.699    10.3204   3.633319    32.9044       1408     5.8625  0.000e+00
     23.637    10.3862   3.635955    32.8714       1409     5.8667  0.000e+00
     23.597    10.4386   3.638818    32.8528       1410     5.8708  0.000e+00
     23.555    10.4801   3.640723    32.8345       1411     5.8750  0.000e+00
     23.535    10.5122   3.642512    32.8235       1412     5.8792  0.000e+00
     23.517    10.5394   3.643767    32.8116       1413     5.8833  0.000e+00
     23.511    10.5617   3.644526    32.7991       1414     5.8875  0.000e+00
     23.503    10.5793   3.645202    32.7901       1415     5.8917  0.000e+00
     23.500    10.5924   3.645292    32.7792       1416     5.8958  0.000e+00
     23.492    10.6012   3.645163    32.7700       1417     5.9000  0.000e+00
     23.479    10.6062   3.645382    32.7677       1418     5.9042  0.000e+00
     23.459    10.6093   3.645917    32.7703       1419     5.9083  0.000e+00
     23.425    10.6123   3.647424    32.7826       1420     5.9125  0.000e+00
     23.380    10.6196   3.649692    32.7988       1421     5.9167  0.000e+00
     23.326    10.6321   3.652836    32.8190       1422     5.9208  0.000e+00
     23.257    10.6508   3.655601    32.8299       1423     5.9250  0.000e+00
     23.182    10.6739   3.658071    32.8338       1424     5.9292  0.000e+00
     23.103    10.6986   3.661276    32.8436       1425     5.9333  0.000e+00
     23.021    10.7258   3.667122    32.8775       1426     5.9375  0.000e+00
     22.945    10.7619   3.672682    32.9005       1427     5.9417  0.000e+00
     22.858    10.8064   3.676803    32.9015       1428     5.9458  0.000e+00
     22.784    10.8526   3.680997    32.9018       1429     5.9500  0.000e+00
     22.715    10.8979   3.683040    32.8814       1430     5.9542  0.000e+00
     22.657    10.9356   3.683997    32.8572       1431     5.9583  0.000e+00
     22.608    10.9626   3.684721    32.8401       1432     5.9625  0.000e+00
     22.564    10.9818   3.685561    32.8313       1433     5.9667  0.000e+00
     22.526    10.9962   3.686493    32.8277       1434     5.9708  0.000e+00
     22.490    11.0084   3.687333    32.8251       1435     5.9750  0.000e+00
     22.457    11.0187   3.688155    32.8241       1436     5.9792  0.000e+00
     22.430    11.0281   3.689041    32.8245       1437     5.9833  0.000e+00
     22.394    11.0371   3.690025    32.8262       1438     5.9875  0.000e+00
     22.358    11.0463   3.691203    32.8296       1439     5.9917  0.000e+00
     22.320    11.0566   3.693002    32.8382       1440     5.9958  0.000e+00
     22.278    11.0689   3.695073    32.8478       1441     6.0000  0.000e+00
     22.225    11.0843   3.697223    32.8553       1442     6.0042  0.000e+00
     22.171    11.1032   3.700067    32.8666       1443     6.0083  0.000e+00
     22.109    11.1259   3.702237    32.8677       1444     6.0125  0.000e+00
     22.038    11.1500   3.704408    32.8676       1445     6.0167  0.000e+00
