HB2503/sbe035.cnv
* Sea-Bird SBE 19plus V2 Data File:
* FileName = C:\cruise\data\sbe035.hex
* Software Version Seasave V 7.26.7.121
* Temperature SN = 6128
* Conductivity SN = 6128
* System UpLoad Time = May 31 2025 00:28:05
* NMEA Latitude = 39 59.14 N
* NMEA Longitude = 073 25.29 W
* NMEA UTC (Time) = May 31 2025  00:26:17
** Ship: Henry Bigelow
** Cruise:  HB2502
** Program:  Spring Bottom Trawl
# nquan = 7
# nvalues = 1522                                  
# units = specified
# name 0 = depSM: Depth [salt water, m]
# name 1 = tv290C: Temperature [ITS-90, deg C]
# name 2 = c0S/m: Conductivity [S/m]
# name 3 = sal00: Salinity, Practical [PSU]
# name 4 = scan: Scan Count
# name 5 = timeM: Time, Elapsed [minutes]
# name 6 = flag:  0.000e+00
# span 0 =     -0.232,     50.274                 
# span 1 =     6.9812,    15.1112                 
# span 2 =   0.013478,   3.903909                 
# span 3 =     0.0805,    34.4286                 
# span 4 =         11,       1532                 
# span 5 =     0.0417,     6.3792                 
# span 6 = 0.0000e+00, 0.0000e+00                 
# interval = seconds: 0.25
# start_time = May 31 2025 00:26:17 [NMEA time, header]
# bad_flag = -9.990e-29
*END*
[from data line 206]
      7.993    14.4805   3.879320    31.6849        217     0.9000  0.000e+00
      8.134    14.4396   3.877201    31.6990        218     0.9042  0.000e+00
      8.274    14.4010   3.875663    31.7166        219     0.9083  0.000e+00
      8.412    14.3697   3.874080    31.7277        220     0.9125  0.000e+00
      8.562    14.3434   3.873275    31.7419        221     0.9167  0.000e+00
      8.710    14.3221   3.872866    31.7556        222     0.9208  0.000e+00
      8.866    14.3058   3.872932    31.7695        223     0.9250  0.000e+00
      9.025    14.2935   3.873117    31.7813        224     0.9292  0.000e+00
      9.184    14.2837   3.873184    31.7898        225     0.9333  0.000e+00
      9.333    14.2747   3.872128    31.7875        226     0.9375  0.000e+00
      9.490    14.2664   3.869859    31.7735        227     0.9417  0.000e+00
      9.644    14.2601   3.868005    31.7617        228     0.9458  0.000e+00
      9.803    14.2538   3.866515    31.7532        229     0.9500  0.000e+00
      9.942    14.2479   3.865368    31.7475        230     0.9542  0.000e+00
     10.087    14.2413   3.864708    31.7468        231     0.9583  0.000e+00
     10.223    14.2353   3.863878    31.7441        232     0.9625  0.000e+00
     10.352    14.2303   3.863008    31.7403        233     0.9667  0.000e+00
     10.475    14.2242   3.862382    31.7395        234     0.9708  0.000e+00
     10.602    14.2175   3.861452    31.7364        235     0.9750  0.000e+00
     10.726    14.2109   3.860879    31.7366        236     0.9792  0.000e+00
     10.851    14.2036   3.860892    31.7427        237     0.9833  0.000e+00
     10.979    14.1965   3.860952    31.7490        238     0.9875  0.000e+00
     11.104    14.1898   3.860767    31.7528        239     0.9917  0.000e+00
     11.227    14.1839   3.860702    31.7569        240     0.9958  0.000e+00
     11.352    14.1785   3.860998    31.7641        241     1.0000  0.000e+00
     11.486    14.1735   3.861585    31.7735        242     1.0042  0.000e+00
     11.609    14.1694   3.862231    31.7828        243     1.0083  0.000e+00
     11.739    14.1667   3.862963    31.7916        244     1.0125  0.000e+00
     11.873    14.1650   3.864011    31.8026        245     1.0167  0.000e+00
     12.012    14.1635   3.864638    31.8096        246     1.0208  0.000e+00
     12.159    14.1625   3.865389    31.8172        247     1.0250  0.000e+00
     12.296    14.1605   3.866273    31.8268        248     1.0292  0.000e+00
     12.448    14.1585   3.866557    31.8310        249     1.0333  0.000e+00
     12.604    14.1568   3.867295    31.8391        250     1.0375  0.000e+00
     12.765    14.1546   3.868008    31.8474        251     1.0417  0.000e+00
     12.915    14.1531   3.868258    31.8510        252     1.0458  0.000e+00
     13.072    14.1520   3.868225    31.8515        253     1.0500  0.000e+00
     13.224    14.1500   3.867658    31.8479        254     1.0542  0.000e+00
     13.373    14.1468   3.865647    31.8321        255     1.0583  0.000e+00
     13.517    14.1397   3.862357    31.8077        256     1.0625  0.000e+00
     13.646    14.1247   3.859214    31.7912        257     1.0667  0.000e+00
     13.771    14.0935   3.856085    31.7881        258     1.0708  0.000e+00
     13.894    14.0444   3.853049    31.8007        259     1.0750  0.000e+00
     14.008    13.9904   3.849402    31.8118        260     1.0792  0.000e+00
     14.113    13.9375   3.846988    31.8333        261     1.0833  0.000e+00
     14.217    13.8916   3.846830    31.8698        262     1.0875  0.000e+00
     14.321    13.8490   3.849470    31.9295        263     1.0917  0.000e+00
     14.432    13.8190   3.856886    32.0230        264     1.0958  0.000e+00
     14.546    13.8105   3.865691    32.1115        265     1.1000  0.000e+00
     14.664    13.8049   3.869404    32.1505        266     1.1042  0.000e+00
     14.785    13.7930   3.874037    32.2033        267     1.1083  0.000e+00
     14.912    13.8131   3.879073    32.2330        268     1.1125  0.000e+00
     15.048    13.8577   3.882434    32.2266        269     1.1167  0.000e+00
     15.182    13.9184   3.884587    32.1955        270     1.1208  0.000e+00
     15.323    14.0014   3.884897    32.1289        271     1.1250  0.000e+00
     15.473    14.0939   3.884387    32.0471        272     1.1292  0.000e+00
     15.631    14.1768   3.883712    31.9720        273     1.1333  0.000e+00
     15.786    14.2420   3.883031    31.9118        274     1.1375  0.000e+00
     15.944    14.2916   3.882476    31.8657        275     1.1417  0.000e+00
     16.094    14.3280   3.881848    31.8299        276     1.1458  0.000e+00
     16.242    14.3561   3.879714    31.7873        277     1.1500  0.000e+00
     16.389    14.3751   3.875508    31.7332        278     1.1542  0.000e+00
     16.526    14.3764   3.872176    31.7017        279     1.1583  0.000e+00
     16.660    14.3289   3.870824    31.7283        280     1.1625  0.000e+00
     16.779    14.2054   3.863215    31.7601        281     1.1667  0.000e+00
     16.893    14.0666   3.850825    31.7608        282     1.1708  0.000e+00
     17.006    13.9412   3.842528    31.7880        283     1.1750  0.000e+00
     17.116    13.8177   3.838873    31.8565        284     1.1792  0.000e+00
     17.230    13.7041   3.838282    31.9455        285     1.1833  0.000e+00
     17.348    13.6136   3.840579    32.0424        286     1.1875  0.000e+00
     17.470    13.5496   3.849153    32.1759        287     1.1917  0.000e+00
     17.590    13.5196   3.856983    32.2741        288     1.1958  0.000e+00
     17.715    13.5019   3.862835    32.3436        289     1.2000  0.000e+00
     17.843    13.4782   3.864312    32.3774        290     1.2042  0.000e+00
     17.970    13.4515   3.866271    32.4183        291     1.2083  0.000e+00
     18.115    13.4513   3.868474    32.4390        292     1.2125  0.000e+00
     18.258    13.5023   3.869799    32.4080        293     1.2167  0.000e+00
     18.408    13.5596   3.870768    32.3683        294     1.2208  0.000e+00
     18.562    13.6065   3.871295    32.3336        295     1.2250  0.000e+00
     18.715    13.6415   3.871414    32.3050        296     1.2292  0.000e+00
     18.871    13.6652   3.871334    32.2842        297     1.2333  0.000e+00
     19.030    13.6793   3.871750    32.2761        298     1.2375  0.000e+00
     19.190    13.6868   3.872060    32.2725        299     1.2417  0.000e+00
     19.345    13.6922   3.871981    32.2673        300     1.2458  0.000e+00
     19.497    13.6951   3.871268    32.2581        301     1.2500  0.000e+00
     19.647    13.6923   3.870661    32.2548        302     1.2542  0.000e+00
     19.789    13.6831   3.869982    32.2561        303     1.2583  0.000e+00
     19.922    13.6703   3.867898    32.2476        304     1.2625  0.000e+00
     20.049    13.6538   3.864944    32.2339        305     1.2667  0.000e+00
     20.180    13.6351   3.861074    32.2137        306     1.2708  0.000e+00
     20.297    13.5967   3.855000    32.1895        307     1.2750  0.000e+00
     20.415    13.4970   3.847180    32.2007        308     1.2792  0.000e+00
     20.529    13.0864   3.838995    32.4728        309     1.2833  0.000e+00
     20.652    12.5491   3.834295    32.8931        310     1.2875  0.000e+00
     20.772    12.0952   3.839369    33.3430        311     1.2917  0.000e+00
     20.896    11.7706   3.850855    33.7470        312     1.2958  0.000e+00
     21.021    11.6454   3.858424    33.9353        313     1.3000  0.000e+00
     21.153    11.5455   3.862472    34.0667        314     1.3042  0.000e+00
     21.289    11.3692   3.864294    34.2476        315     1.3083  0.000e+00
     21.423    11.1912   3.865819    34.4286        316     1.3125  0.000e+00
     21.564    11.2268   3.865410    34.3911        317     1.3167  0.000e+00
     21.711    11.3875   3.864122    34.2287        318     1.3208  0.000e+00
     21.857    11.5217   3.862176    34.0854        319     1.3250  0.000e+00
     22.004    11.5886   3.859176    33.9944        320     1.3292  0.000e+00
     22.152    11.5775   3.856324    33.9764        321     1.3333  0.000e+00
     22.303    11.5194   3.852445    33.9916        322     1.3375  0.000e+00
     22.449    11.4454   3.843686    33.9734        323     1.3417  0.000e+00
     22.601    11.3482   3.833476    33.9620        324     1.3458  0.000e+00
     22.748    11.1808   3.789661    33.6824        325     1.3500  0.000e+00
     22.892    10.8587   3.396485    30.0848        326     1.3542  0.000e+00
     23.039    10.0215   3.340308    30.2204        327     1.3583  0.000e+00
     23.184     8.9929   3.334081    31.0351        328     1.3625  0.000e+00
     23.329     8.2399   3.331429    31.6752        329     1.3667  0.000e+00
     23.465     7.7629   3.329291    32.0870        330     1.3708  0.000e+00
     23.604     7.4730   3.328281    32.3447        331     1.3750  0.000e+00
     23.738     7.3000   3.327469    32.4978        332     1.3792  0.000e+00
     23.877     7.1966   3.326955    32.5895        333     1.3833  0.000e+00
     24.013     7.1342   3.326067    32.6387        334     1.3875  0.000e+00
     24.154     7.0941   3.325900    32.6748        335     1.3917  0.000e+00
     24.297     7.0687   3.325422    32.6936        336     1.3958  0.000e+00
     24.440     7.0524   3.324969    32.7041        337     1.4000  0.000e+00
     24.585     7.0420   3.324690    32.7109        338     1.4042  0.000e+00
     24.735     7.0347   3.324541    32.7161        339     1.4083  0.000e+00
     24.892     7.0300   3.324038    32.7150        340     1.4125  0.000e+00
     25.048     7.0256   3.323759    32.7161        341     1.4167  0.000e+00
     25.211     7.0221   3.323430    32.7157        342     1.4208  0.000e+00
     25.370     7.0192   3.323293    32.7169        343     1.4250  0.000e+00
     25.529     7.0172   3.323355    32.7194        344     1.4292  0.000e+00
     25.687     7.0166   3.322865    32.7145        345     1.4333  0.000e+00
     25.830     7.0154   3.322871    32.7157        346     1.4375  0.000e+00
     25.969     7.0141   3.322449    32.7122        347     1.4417  0.000e+00
     26.096     7.0122   3.322344    32.7128        348     1.4458  0.000e+00
     26.208     7.0104   3.322170    32.7126        349     1.4500  0.000e+00
     26.317     7.0092   3.322325    32.7154        350     1.4542  0.000e+00
     26.418     7.0089   3.322127    32.7134        351     1.4583  0.000e+00
     26.512     7.0086   3.321872    32.7109        352     1.4625  0.000e+00
     26.608     7.0078   3.321779    32.7106        353     1.4667  0.000e+00
     26.704     7.0066   3.321661    32.7104        354     1.4708  0.000e+00
     26.809     7.0056   3.321512    32.7097        355     1.4750  0.000e+00
     26.918     7.0041   3.321357    32.7093        356     1.4792  0.000e+00
     27.033     7.0030   3.321326    32.7100        357     1.4833  0.000e+00
     27.162     7.0022   3.321326    32.7108        358     1.4875  0.000e+00
     27.298     7.0016   3.321661    32.7149        359     1.4917  0.000e+00
     27.442     7.0023   3.322152    32.7195        360     1.4958  0.000e+00
     27.600     7.0044   3.322021    32.7160        361     1.5000  0.000e+00
     27.770     7.0064   3.322021    32.7140        362     1.5042  0.000e+00
     27.955     7.0078   3.321959    32.7119        363     1.5083  0.000e+00
     28.145     7.0088   3.321873    32.7100        364     1.5125  0.000e+00
     28.340     7.0085   3.322084    32.7125        365     1.5167  0.000e+00
     28.539     7.0084   3.322425    32.7162        366     1.5208  0.000e+00
     28.738     7.0088   3.322723    32.7190        367     1.5250  0.000e+00
     28.930     7.0092   3.323313    32.7250        368     1.5292  0.000e+00
     29.122     7.0098   3.323655    32.7279        369     1.5333  0.000e+00
     29.299     7.0117   3.324176    32.7318        370     1.5375  0.000e+00
     29.455     7.0139   3.324692    32.7353        371     1.5417  0.000e+00
     29.596     7.0163   3.325586    32.7426        372     1.5458  0.000e+00
     29.717     7.0189   3.327946    32.7659        373     1.5500  0.000e+00
     29.826     7.0243   3.331656    32.8012        374     1.5542  0.000e+00
     29.927     7.0345   3.333079    32.8070        375     1.5583  0.000e+00
     30.019     7.0456   3.333881    32.8051        376     1.5625  0.000e+00
     30.106     7.0552   3.334229    32.7998        377     1.5667  0.000e+00
     30.191     7.0620   3.334428    32.7954        378     1.5708  0.000e+00
     30.285     7.0667   3.334614    32.7929        379     1.5750  0.000e+00
     30.382     7.0701   3.334701    32.7905        380     1.5792  0.000e+00
     30.485     7.0726   3.334751    32.7887        381     1.5833  0.000e+00
     30.597     7.0744   3.334826    32.7878        382     1.5875  0.000e+00
     30.718     7.0753   3.334888    32.7875        383     1.5917  0.000e+00
     30.845     7.0759   3.334913    32.7871        384     1.5958  0.000e+00
     30.977     7.0761   3.335124    32.7892        385     1.6000  0.000e+00
     31.120     7.0771   3.335479    32.7920        386     1.6042  0.000e+00
     31.272     7.0788   3.335659    32.7924        387     1.6083  0.000e+00
     31.431     7.0806   3.335678    32.7908        388     1.6125  0.000e+00
     31.600     7.0818   3.335435    32.7868        389     1.6167  0.000e+00
     31.774     7.0816   3.335292    32.7854        390     1.6208  0.000e+00
     31.951     7.0806   3.335336    32.7867        391     1.6250  0.000e+00
     32.133     7.0793   3.335361    32.7882        392     1.6292  0.000e+00
     32.308     7.0789   3.335442    32.7894        393     1.6333  0.000e+00
     32.489     7.0788   3.335460    32.7896        394     1.6375  0.000e+00
     32.659     7.0789   3.335616    32.7911        395     1.6417  0.000e+00
     32.820     7.0795   3.335827    32.7928        396     1.6458  0.000e+00
     32.977     7.0805   3.335840    32.7919        397     1.6500  0.000e+00
     33.124     7.0819   3.335809    32.7901        398     1.6542  0.000e+00
     33.267     7.0820   3.335803    32.7899        399     1.6583  0.000e+00
     33.409     7.0816   3.335765    32.7898        400     1.6625  0.000e+00
     33.546     7.0809   3.335871    32.7915        401     1.6667  0.000e+00
     33.680     7.0807   3.335884    32.7918        402     1.6708  0.000e+00
     33.819     7.0804   3.335741    32.7905        403     1.6750  0.000e+00
     33.960     7.0795   3.335890    32.7929        404     1.6792  0.000e+00
     34.103     7.0793   3.335921    32.7933        405     1.6833  0.000e+00
     34.256     7.0798   3.335784    32.7913        406     1.6875  0.000e+00
     34.408     7.0795   3.335903    32.7928        407     1.6917  0.000e+00
     34.552     7.0793   3.335952    32.7934        408     1.6958  0.000e+00
     34.704     7.0794   3.335934    32.7931        409     1.7000  0.000e+00
     34.844     7.0794   3.336046    32.7942        410     1.7042  0.000e+00
     34.979     7.0797   3.336145    32.7950        411     1.7083  0.000e+00
     35.106     7.0802   3.336046    32.7933        412     1.7125  0.000e+00
     35.229     7.0800   3.336102    32.7941        413     1.7167  0.000e+00
     35.341     7.0799   3.336102    32.7942        414     1.7208  0.000e+00
     35.450     7.0796   3.336208    32.7955        415     1.7250  0.000e+00
     35.562     7.0794   3.336170    32.7952        416     1.7292  0.000e+00
     35.665     7.0793   3.336170    32.7953        417     1.7333  0.000e+00
     35.781     7.0793   3.336208    32.7957        418     1.7375  0.000e+00
     35.898     7.0792   3.336214    32.7958        419     1.7417  0.000e+00
     36.029     7.0790   3.336245    32.7963        420     1.7458  0.000e+00
