HB2503/sbe009.cnv
* Sea-Bird SBE 19plus V2 Data File:
* FileName = C:\cruise\data\sbe009.hex
* Software Version Seasave V 7.26.7.121
* Temperature SN = 6128
* Conductivity SN = 6128
* System UpLoad Time = May 28 2025 16:12:43
* NMEA Latitude = 39 43.62 N
* NMEA Longitude = 072 27.17 W
* NMEA UTC (Time) = May 28 2025  16:10:52
** Ship: Henry Bigelow
** Cruise:  HB2502
** Program:  Spring Bottom Trawl
# nquan = 7
# nvalues = 2092                                  
# units = specified
# name 0 = depSM: Depth [salt water, m]
# name 1 = tv290C: Temperature [ITS-90, deg C]
# name 2 = c0S/m: Conductivity [S/m]
# name 3 = sal00: Salinity, Practical [PSU]
# name 4 = scan: Scan Count
# name 5 = timeM: Time, Elapsed [minutes]
# name 6 = flag:  0.000e+00
# span 0 =     -0.015,     81.767                 
# span 1 =     5.9736,    15.2301                 
# span 2 =   0.009386,   3.997013                 
# span 3 =     0.0568,    33.3906                 
# span 4 =         11,       2102                 
# span 5 =     0.0417,     8.7542                 
# span 6 = 0.0000e+00, 0.0000e+00                 
# interval = seconds: 0.25
# start_time = May 28 2025 16:10:52 [NMEA time, header]
# bad_flag = -9.990e-29
*END*
[from data line 2052]
      0.040    13.4378   3.864187    32.4176       2063     8.5917  0.000e+00
      0.005    13.4379   3.864345    32.4191       2064     8.5958  0.000e+00
     -0.015    13.4384   1.312296     9.9337       2065     8.6000  0.000e+00
     -0.013    13.4377   0.501758     3.5367       2066     8.6042  0.000e+00
     -0.013    13.4328   0.342412     2.3558       2067     8.6083  0.000e+00
     -0.013    13.4244   0.293360     2.0001       2068     8.6125  0.000e+00
     -0.015    13.4189   0.267357     1.8133       2069     8.6167  0.000e+00
     -0.013    13.4166   0.251433     1.6995       2070     8.6208  0.000e+00
     -0.013    13.4155   0.233828     1.5741       2071     8.6250  0.000e+00
     -0.010    13.4146   0.217891     1.4612       2072     8.6292  0.000e+00
     -0.010    13.4140   0.204475     1.3665       2073     8.6333  0.000e+00
     -0.008    13.4136   0.192869     1.2850       2074     8.6375  0.000e+00
     -0.010    13.4129   0.182705     1.2138       2075     8.6417  0.000e+00
     -0.006    13.4121   0.174210     1.1546       2076     8.6458  0.000e+00
     -0.010    13.4111   0.167121     1.1053       2077     8.6500  0.000e+00
     -0.010    13.4102   0.160781     1.0613       2078     8.6542  0.000e+00
     -0.006    13.4091   0.155621     1.0256       2079     8.6583  0.000e+00
     -0.007    13.4076   0.151124     0.9946       2080     8.6625  0.000e+00
     -0.010    13.4062   0.147815     0.9718       2081     8.6667  0.000e+00
     -0.006    13.4050   0.144392     0.9482       2082     8.6708  0.000e+00
     -0.009    13.4033   0.140388     0.9207       2083     8.6750  0.000e+00
     -0.009    13.4017   0.137151     0.8985       2084     8.6792  0.000e+00
     -0.007    13.3997   0.134151     0.8780       2085     8.6833  0.000e+00
     -0.011    13.3983   0.131575     0.8603       2086     8.6875  0.000e+00
     -0.009    13.3963   0.128639     0.8403       2087     8.6917  0.000e+00
     -0.007    13.3942   0.125368     0.8180       2088     8.6958  0.000e+00
     -0.003    13.3922   0.121467     0.7914       2089     8.7000  0.000e+00
     -0.005    13.3901   0.117666     0.7655       2090     8.7042  0.000e+00
     -0.006    13.3881   0.114194     0.7420       2091     8.7083  0.000e+00
     -0.007    13.3860   0.111441     0.7233       2092     8.7125  0.000e+00
     -0.004    13.3839   0.107696     0.6980       2093     8.7167  0.000e+00
     -0.008    13.3814   0.102815     0.6650       2094     8.7208  0.000e+00
     -0.002    13.3793   0.098727     0.6375       2095     8.7250  0.000e+00
     -0.006    13.3768   0.095437     0.6154       2096     8.7292  0.000e+00
     -0.004    13.3742   0.091846     0.5913       2097     8.7333  0.000e+00
     -0.001    13.3718   0.089535     0.5759       2098     8.7375  0.000e+00
     -0.003    13.3696   0.087719     0.5637       2099     8.7417  0.000e+00
     -0.005    13.3669   0.085683     0.5501       2100     8.7458  0.000e+00
     -0.005    13.3649   0.084090     0.5395       2101     8.7500  0.000e+00
     -0.005    13.3624   0.084081     0.5395       2102     8.7542  0.000e+00
