HB2407/CTD055.cnv
* Sea-Bird SBE 9 Data File:
* FileName = C:\cruise\data\CTD055.hex
* Software Version Seasave V 7.26.7.121
* Temperature SN = 4591
* Conductivity SN = 6006
* Number of Bytes Per Scan = 37
* Number of Voltage Words = 4
* Number of Scans Averaged by the Deck Unit = 1
* NMEA Latitude = 34 57.97 N
* NMEA Longitude = 075 32.15 W
* NMEA UTC (Time) = Sep 19 2024 22:07:34
* NMEA baud rate = 4800
** Ship: Bigelow HB2407
** Program:  Fall Bottom Trawl Survey
** Chief Scientist: John Galbraith
# nquan = 9
# nvalues = 79                          
# units = specified
# name 0 = depSM: Depth [salt water, m]
# name 1 = t090C: Temperature [ITS-90, deg C]
# name 2 = c0S/m: Conductivity [S/m]
# name 3 = sal00: Salinity, Practical [PSU]
# name 4 = scan: Scan Count
# name 5 = timeM: Time, Elapsed [minutes]
# name 6 = sbeox0V: Oxygen raw, SBE 43 [V]
# name 7 = sbeox1V: Oxygen raw, SBE 43, 2 [V]
# name 8 = flag: flag
# span 0 =      1.000,     41.000       
# span 1 =    27.5366,    28.5068       
# span 2 =   5.711605,   5.848228       
# span 3 =    35.9679,    36.1917       
# span 4 =        -17,       3979       
# span 5 =    -0.0123,     2.7624       
# span 6 =     2.5169,     2.5622       
# span 7 =     2.3412,     2.3861       
# span 8 = 0.0000e+00, 0.0000e+00       
# interval = meters: 1                  
# start_time = Sep 19 2024 22:07:34 [NMEA time, header]
# bad_flag = -9.990e-29
*END*
      3.000    28.4334   5.831835    36.1367        -17    -0.0123     2.5508     2.3861 0.0000e+00
      4.000    28.4313   5.831608    36.1364        145     0.1001     2.5495     2.3808 0.0000e+00
      5.000    28.4312   5.831531    36.1357        294     0.2037     2.5420     2.3712 0.0000e+00
      6.000    28.4337   5.831830    36.1355        317     0.2196     2.5419     2.3638 0.0000e+00
      7.000    28.4353   5.832037    36.1355        344     0.2385     2.5520     2.3717 0.0000e+00
      8.000    28.4365   5.832332    36.1363        384     0.2659     2.5622     2.3734 0.0000e+00
      9.000    28.4288   5.831004    36.1326        423     0.2931     2.5576     2.3768 0.0000e+00
     10.000    28.4293   5.830771    36.1302        448     0.3102     2.5558     2.3786 0.0000e+00
     11.000    28.4275   5.830616    36.1302        467     0.3239     2.5510     2.3778 0.0000e+00
     12.000    28.4266   5.830549    36.1301        486     0.3371     2.5524     2.3748 0.0000e+00
     13.000    28.4392   5.833067    36.1378        506     0.3510     2.5484     2.3723 0.0000e+00
     14.000    28.4398   5.833298    36.1387        529     0.3668     2.5564     2.3691 0.0000e+00
     15.000    28.4675   5.838987    36.1570        559     0.3875     2.5490     2.3694 0.0000e+00
     16.000    28.5068   5.848228    36.1913        596     0.4131     2.5485     2.3720 0.0000e+00
     17.000    28.4789   5.844911    36.1891        628     0.4355     2.5517     2.3702 0.0000e+00
     18.000    28.4361   5.838256    36.1750        654     0.4535     2.5470     2.3709 0.0000e+00
     19.000    28.4608   5.843250    36.1907        678     0.4702     2.5429     2.3693 0.0000e+00
     20.000    28.4181   5.838765    36.1917        703     0.4872     2.5472     2.3725 0.0000e+00
     21.000    28.3281   5.827217    36.1794        729     0.5053     2.5367     2.3689 0.0000e+00
     22.000    28.2580   5.818085    36.1687        756     0.5241     2.5357     2.3625 0.0000e+00
     23.000    28.1486   5.803138    36.1473        781     0.5418     2.5349     2.3591 0.0000e+00
     24.000    28.1334   5.800943    36.1431        807     0.5600     2.5383     2.3576 0.0000e+00
     25.000    28.1316   5.800716    36.1426        837     0.5804     2.5396     2.3630 0.0000e+00
     26.000    28.1144   5.798348    36.1389        866     0.6008     2.5378     2.3628 0.0000e+00
     27.000    28.1031   5.796792    36.1363        893     0.6192     2.5429     2.3674 0.0000e+00
     28.000    28.0450   5.789209    36.1271        918     0.6369     2.5434     2.3684 0.0000e+00
     29.000    28.0070   5.784400    36.1221        946     0.6562     2.5367     2.3612 0.0000e+00
     30.000    27.9285   5.772413    36.0975        977     0.6781     2.5266     2.3593 0.0000e+00
     31.000    27.7533   5.745303    36.0402       1005     0.6974     2.5253     2.3549 0.0000e+00
     32.000    27.5715   5.718064    35.9866       1027     0.7125     2.5315     2.3484 0.0000e+00
     33.000    27.5446   5.714203    35.9796       1048     0.7270     2.5328     2.3527 0.0000e+00
     34.000    27.5422   5.713846    35.9785       1072     0.7436     2.5310     2.3534 0.0000e+00
     35.000    27.5452   5.714472    35.9804       1107     0.7681     2.5261     2.3558 0.0000e+00
     36.000    27.5461   5.714585    35.9802       1148     0.7966     2.5283     2.3566 0.0000e+00
     37.000    27.5461   5.714572    35.9798       1175     0.8155     2.5312     2.3553 0.0000e+00
     38.000    27.5470   5.714982    35.9817       1196     0.8301     2.5301     2.3563 0.0000e+00
     39.000    27.5504   5.715619    35.9833       1216     0.8436     2.5263     2.3517 0.0000e+00
     40.000    27.5540   5.716272    35.9849       1236     0.8577     2.5198     2.3514 0.0000e+00
     41.000    27.5564   5.716681    35.9856       1249     0.8670     2.5181     2.3498 0.0000e+00
     40.000    27.5565   5.716362    35.9835       1284     0.8907     2.5169     2.3444 0.0000e+00
     39.000    27.5561   5.716074    35.9821       2371     1.6461     2.5275     2.3412 0.0000e+00
     38.000    27.5543   5.715587    35.9804       2668     1.8524     2.5230     2.3498 0.0000e+00
     37.000    27.5532   5.715283    35.9794       2693     1.8697     2.5179     2.3431 0.0000e+00
     36.000    27.5505   5.714706    35.9777       2718     1.8867     2.5249     2.3461 0.0000e+00
     35.000    27.5487   5.714283    35.9763       2745     1.9053     2.5288     2.3517 0.0000e+00
     34.000    27.5471   5.713930    35.9754       2773     1.9253     2.5310     2.3470 0.0000e+00
     33.000    27.5423   5.713009    35.9729       2797     1.9420     2.5253     2.3495 0.0000e+00
     32.000    27.5384   5.712050    35.9694       2818     1.9566     2.5280     2.3531 0.0000e+00
     31.000    27.5366   5.711605    35.9679       2840     1.9717     2.5345     2.3517 0.0000e+00
     30.000    27.5576   5.713872    35.9681       2867     1.9904     2.5384     2.3539 0.0000e+00
     29.000    27.6238   5.723936    35.9890       2903     2.0149     2.5329     2.3547 0.0000e+00
     28.000    27.9274   5.768305    36.0700       2933     2.0362     2.5376     2.3544 0.0000e+00
     27.000    27.9819   5.778259    36.0987       2955     2.0514     2.5460     2.3635 0.0000e+00
     26.000    28.0006   5.781106    36.1047       2974     2.0648     2.5455     2.3676 0.0000e+00
     25.000    28.0551   5.787772    36.1102       2995     2.0792     2.5435     2.3660 0.0000e+00
     24.000    28.1079   5.795835    36.1268       3023     2.0985     2.5441     2.3616 0.0000e+00
     23.000    28.1196   5.797985    36.1332       3060     2.1244     2.5441     2.3611 0.0000e+00
     22.000    28.1364   5.799952    36.1345       3092     2.1464     2.5352     2.3597 0.0000e+00
     21.000    28.1472   5.801168    36.1351       3116     2.1634     2.5382     2.3576 0.0000e+00
     20.000    28.1806   5.805276    36.1387       3140     2.1797     2.5441     2.3629 0.0000e+00
     19.000    28.2407   5.813542    36.1510       3163     2.1957     2.5473     2.3632 0.0000e+00
     18.000    28.3367   5.825764    36.1635       3186     2.2115     2.5517     2.3661 0.0000e+00
     17.000    28.4051   5.835173    36.1774       3210     2.2283     2.5430     2.3685 0.0000e+00
     16.000    28.4304   5.838204    36.1795       3240     2.2496     2.5415     2.3677 0.0000e+00
     15.000    28.4385   5.838794    36.1778       3277     2.2753     2.5359     2.3643 0.0000e+00
     14.000    28.4649   5.840086    36.1670       3307     2.2956     2.5411     2.3704 0.0000e+00
     13.000    28.4501   5.836055    36.1504       3328     2.3105     2.5530     2.3741 0.0000e+00
     12.000    28.4449   5.834915    36.1467       3347     2.3236     2.5558     2.3722 0.0000e+00
     11.000    28.4419   5.834074    36.1434       3367     2.3373     2.5514     2.3707 0.0000e+00
     10.000    28.4401   5.833162    36.1388       3391     2.3540     2.5477     2.3731 0.0000e+00
      9.000    28.4421   5.833352    36.1388       3428     2.3799     2.5511     2.3746 0.0000e+00
      8.000    28.4357   5.832434    36.1376       3467     2.4067     2.5519     2.3741 0.0000e+00
      7.000    28.4322   5.831786    36.1361       3489     2.4221     2.5512     2.3741 0.0000e+00
      6.000    28.4310   5.831547    36.1356       3507     2.4345     2.5604     2.3747 0.0000e+00
      5.000    28.4303   5.831391    36.1353       3524     2.4467     2.5604     2.3757 0.0000e+00
      4.000    28.4275   5.831010    36.1351       3575     2.4820     2.5572     2.3765 0.0000e+00
      3.000    28.4246   5.830643    36.1351       3668     2.5462     2.5563     2.3791 0.0000e+00
      2.000    28.4112   5.828976    36.1339       3975     2.7598     2.5596     2.3736 0.0000e+00
      1.000    28.4140   5.829285    36.1343       3979     2.7624     2.5533     2.3754 0.0000e+00
