HB2407/CTD071.cnv
* Sea-Bird SBE 9 Data File:
* FileName = C:\cruise\data\CTD071.hex
* Software Version Seasave V 7.26.7.121
* Temperature SN = 4591
* Conductivity SN = 6006
* Number of Bytes Per Scan = 37
* Number of Voltage Words = 4
* Number of Scans Averaged by the Deck Unit = 1
* NMEA Latitude = 36 02.39 N
* NMEA Longitude = 075 30.21 W
* NMEA UTC (Time) = Sep 21 2024 17:15:07
* NMEA baud rate = 4800
** Ship: Bigelow HB2407
** Program:  Fall Bottom Trawl Survey
** Chief Scientist: John Galbraith
# nquan = 9
# nvalues = 37                          
# units = specified
# name 0 = depSM: Depth [salt water, m]
# name 1 = t090C: Temperature [ITS-90, deg C]
# name 2 = c0S/m: Conductivity [S/m]
# name 3 = sal00: Salinity, Practical [PSU]
# name 4 = scan: Scan Count
# name 5 = timeM: Time, Elapsed [minutes]
# name 6 = sbeox0V: Oxygen raw, SBE 43 [V]
# name 7 = sbeox1V: Oxygen raw, SBE 43, 2 [V]
# name 8 = flag: flag
# span 0 =      1.000,     20.000       
# span 1 =    22.2385,    22.6657       
# span 2 =   4.496797,   4.525364       
# span 3 =    30.8486,    30.9293       
# span 4 =         32,       3507       
# span 5 =     0.0218,     2.4344       
# span 6 =     2.4643,     2.5515       
# span 7 =     2.2914,     2.3622       
# span 8 = 0.0000e+00, 0.0000e+00       
# interval = meters: 1                  
# start_time = Sep 21 2024 17:15:07 [NMEA time, header]
# bad_flag = -9.990e-29
*END*
      3.000    22.6085   4.519896    30.8486         32     0.0218     2.5446     2.3535 0.0000e+00
      4.000    22.5041   4.510593    30.8509        334     0.2312     2.5366     2.3617 0.0000e+00
      5.000    22.4110   4.503948    30.8656        374     0.2590     2.5346     2.3564 0.0000e+00
      6.000    22.4008   4.503105    30.8660        424     0.2940     2.5220     2.3429 0.0000e+00
      7.000    22.4553   4.507497    30.8608        458     0.3171     2.5105     2.3397 0.0000e+00
      8.000    22.3819   4.501830    30.8690        483     0.3346     2.5146     2.3368 0.0000e+00
      9.000    22.4157   4.504516    30.8654        517     0.3581     2.5163     2.3333 0.0000e+00
     10.000    22.4478   4.507215    30.8631        568     0.3935     2.5118     2.3297 0.0000e+00
     11.000    22.4327   4.506272    30.8662        610     0.4229     2.5191     2.3329 0.0000e+00
     12.000    22.3504   4.501674    30.8889        638     0.4427     2.5157     2.3348 0.0000e+00
     13.000    22.3346   4.500545    30.8911        665     0.4614     2.5089     2.3302 0.0000e+00
     14.000    22.3675   4.502353    30.8814        698     0.4844     2.4932     2.3145 0.0000e+00
     15.000    22.3271   4.500652    30.8967        753     0.5223     2.4880     2.3082 0.0000e+00
     16.000    22.2778   4.498240    30.9128        806     0.5587     2.4765     2.3042 0.0000e+00
     17.000    22.2680   4.498125    30.9185        829     0.5749     2.4665     2.2978 0.0000e+00
     18.000    22.2500   4.497616    30.9271        850     0.5893     2.4643     2.2962 0.0000e+00
     19.000    22.2431   4.497301    30.9293        876     0.6074     2.4689     2.2982 0.0000e+00
     20.000    22.2483   4.497230    30.9247       1972     1.3691     2.4724     2.2919 0.0000e+00
     19.000    22.2385   4.496814    30.9288       2830     1.9644     2.4662     2.2947 0.0000e+00
     18.000    22.2395   4.496797    30.9283       2632     1.8271     2.4706     2.2925 0.0000e+00
     17.000    22.2427   4.496882    30.9270       2666     1.8504     2.4752     2.2914 0.0000e+00
     16.000    22.2477   4.497003    30.9247       2701     1.8753     2.4732     2.2946 0.0000e+00
     15.000    22.2607   4.497380    30.9186       2727     1.8932     2.4672     2.2967 0.0000e+00
     14.000    22.2649   4.497460    30.9166       2747     1.9070     2.4668     2.2971 0.0000e+00
     13.000    22.2739   4.497604    30.9116       2767     1.9207     2.4686     2.2977 0.0000e+00
     12.000    22.2846   4.497954    30.9070       2791     1.9374     2.4742     2.2972 0.0000e+00
     11.000    22.3025   4.498546    30.8992       2826     1.9619     2.4780     2.2968 0.0000e+00
     10.000    22.3118   4.498817    30.8950       2862     1.9866     2.4750     2.2998 0.0000e+00
      9.000    22.3301   4.499175    30.8850       2886     2.0037     2.4773     2.2995 0.0000e+00
      8.000    22.3298   4.498062    30.8770       2907     2.0181     2.4830     2.3004 0.0000e+00
      7.000    22.3338   4.498399    30.8771       2926     2.0313     2.4833     2.3012 0.0000e+00
      6.000    22.3349   4.498272    30.8756       2945     2.0445     2.4884     2.3041 0.0000e+00
      5.000    22.3444   4.498368    30.8700       2967     2.0597     2.4940     2.3058 0.0000e+00
      4.000    22.3867   4.500924    30.8599       2995     2.0793     2.5009     2.3086 0.0000e+00
      3.000    22.5947   4.518620    30.8486       3109     2.1586     2.5314     2.3395 0.0000e+00
      2.000    22.6657   4.525364    30.8503       3417     2.3721     2.5495     2.3620 0.0000e+00
      1.000    22.6630   4.525190    30.8512       3507     2.4344     2.5515     2.3622 0.0000e+00
