HB2407/CTD093.cnv
* Sea-Bird SBE 9 Data File:
* FileName = C:\cruise\data\CTD093.hex
* Software Version Seasave V 7.26.7.121
* Temperature SN = 4591
* Conductivity SN = 6006
* Number of Bytes Per Scan = 37
* Number of Voltage Words = 4
* Number of Scans Averaged by the Deck Unit = 1
* NMEA Latitude = 41 18.09 N
* NMEA Longitude = 071 24.16 W
* NMEA UTC (Time) = Oct 02 2024 17:54:36
* NMEA baud rate = 4800
** Ship: Bigelow HB2407
** Program:  Fall Bottom Trawl Survey
** Chief Scientist: John Galbraith
# nquan = 9
# nvalues = 58                          
# units = specified
# name 0 = depSM: Depth [salt water, m]
# name 1 = t090C: Temperature [ITS-90, deg C]
# name 2 = c0S/m: Conductivity [S/m]
# name 3 = sal00: Salinity, Practical [PSU]
# name 4 = scan: Scan Count
# name 5 = timeM: Time, Elapsed [minutes]
# name 6 = sbeox0V: Oxygen raw, SBE 43 [V]
# name 7 = sbeox1V: Oxygen raw, SBE 43, 2 [V]
# name 8 = flag: flag
# span 0 =      2.000,     31.000       
# span 1 =    17.9881,    18.2692       
# span 2 =   4.197687,   4.224639       
# span 3 =    31.6703,    31.6895       
# span 4 =       -628,       4149       
# span 5 =    -0.4366,     2.8807       
# span 6 =     2.5686,     2.6007       
# span 7 =     2.3814,     2.4075       
# span 8 = 0.0000e+00, 0.0000e+00       
# interval = meters: 1                  
# start_time = Oct 02 2024 17:54:36 [NMEA time, header]
# bad_flag = -9.990e-29
*END*
      3.000    18.2392   4.221590    31.6877       -628    -0.4366     2.5858     2.3872 0.0000e+00
      4.000    18.2644   4.224080    31.6888        914     0.6341     2.5920     2.4023 0.0000e+00
      5.000    18.2589   4.223625    31.6888       1007     0.6985     2.5890     2.4040 0.0000e+00
      6.000    18.2580   4.223564    31.6887       1027     0.7127     2.5916     2.3982 0.0000e+00
      7.000    18.2636   4.224090    31.6884       1050     0.7287     2.5910     2.3992 0.0000e+00
      8.000    18.2692   4.224639    31.6883       1074     0.7449     2.5915     2.4014 0.0000e+00
      9.000    18.2615   4.224060    31.6891       1120     0.7770     2.5844     2.4032 0.0000e+00
     10.000    18.2295   4.221192    31.6895       1170     0.8121     2.5860     2.4030 0.0000e+00
     11.000    18.2252   4.220804    31.6891       1192     0.8272     2.5879     2.3997 0.0000e+00
     12.000    18.2255   4.220849    31.6889       1215     0.8429     2.5874     2.3991 0.0000e+00
     13.000    18.2204   4.220391    31.6888       1244     0.8630     2.5836     2.3982 0.0000e+00
     14.000    18.2119   4.219634    31.6886       1281     0.8886     2.5855     2.3991 0.0000e+00
     15.000    18.2018   4.218712    31.6883       1324     0.9185     2.5857     2.3938 0.0000e+00
     16.000    18.1732   4.216107    31.6882       1368     0.9492     2.5782     2.3929 0.0000e+00
     17.000    18.1648   4.215350    31.6881       1396     0.9689     2.5782     2.3897 0.0000e+00
     18.000    18.1448   4.213464    31.6873       1420     0.9855     2.5775     2.3870 0.0000e+00
     19.000    18.1131   4.210394    31.6857       1445     1.0029     2.5718     2.3856 0.0000e+00
     20.000    18.0872   4.207789    31.6835       1472     1.0219     2.5686     2.3826 0.0000e+00
     21.000    18.0687   4.205762    31.6805       1500     1.0411     2.5711     2.3814 0.0000e+00
     22.000    18.0528   4.204062    31.6781       1544     1.0713     2.5813     2.3931 0.0000e+00
     23.000    18.0429   4.202995    31.6765       1602     1.1118     2.5981     2.4046 0.0000e+00
     24.000    18.0311   4.201794    31.6751       1622     1.1257     2.5982     2.4028 0.0000e+00
     25.000    18.0224   4.200918    31.6741       1640     1.1379     2.5994     2.4020 0.0000e+00
     26.000    18.0195   4.200624    31.6736       1664     1.1547     2.5929     2.3989 0.0000e+00
     27.000    18.0099   4.199668    31.6726       1744     1.2102     2.5812     2.3982 0.0000e+00
     28.000    18.0055   4.199362    31.6731       1764     1.2244     2.5884     2.3898 0.0000e+00
     29.000    18.0009   4.199018    31.6734       1785     1.2388     2.5861     2.3904 0.0000e+00
     30.000    17.9928   4.198181    31.6723       2232     1.5493     2.5783     2.3894 0.0000e+00
     31.000    17.9978   4.198655    31.6721       3082     2.1394     2.5811     2.3990 0.0000e+00
     30.000    17.9881   4.197687    31.6718       2922     2.0286     2.5715     2.3818 0.0000e+00
     29.000    17.9907   4.197876    31.6717       2904     2.0156     2.5773     2.3876 0.0000e+00
     28.000    18.0015   4.198770    31.6712       2983     2.0705     2.5820     2.3887 0.0000e+00
     27.000    18.0066   4.199113    31.6705       3059     2.1233     2.5868     2.3992 0.0000e+00
     26.000    18.0074   4.199121    31.6703       3081     2.1387     2.5873     2.4028 0.0000e+00
     25.000    18.0113   4.199508    31.6709       3111     2.1600     2.5909     2.4029 0.0000e+00
     24.000    18.0191   4.200253    31.6715       3159     2.1934     2.5937     2.4055 0.0000e+00
     23.000    18.0226   4.200497    31.6712       3198     2.2200     2.6000     2.4075 0.0000e+00
     22.000    18.0364   4.201954    31.6730       3251     2.2572     2.6007     2.4033 0.0000e+00
     21.000    18.0461   4.202946    31.6742       3312     2.2995     2.5983     2.3988 0.0000e+00
     20.000    18.0668   4.205100    31.6767       3335     2.3151     2.5984     2.4024 0.0000e+00
     19.000    18.0757   4.206026    31.6780       3358     2.3312     2.5944     2.4009 0.0000e+00
     18.000    18.1290   4.211351    31.6818       3403     2.3626     2.5826     2.3962 0.0000e+00
     17.000    18.1956   4.217494    31.6822       3457     2.4000     2.5768     2.3970 0.0000e+00
     16.000    18.2333   4.221136    31.6840       3483     2.4181     2.5835     2.3939 0.0000e+00
     15.000    18.2300   4.220989    31.6857       3509     2.4359     2.5858     2.3964 0.0000e+00
     14.000    18.2298   4.220972    31.6860       3538     2.4560     2.5861     2.3947 0.0000e+00
     13.000    18.2370   4.221649    31.6865       3578     2.4837     2.5890     2.3852 0.0000e+00
     12.000    18.2413   4.222025    31.6866       3624     2.5160     2.5887     2.3916 0.0000e+00
     11.000    18.2438   4.222285    31.6872       3659     2.5404     2.5895     2.3940 0.0000e+00
     10.000    18.2372   4.221650    31.6873       3690     2.5618     2.5893     2.3981 0.0000e+00
      9.000    18.2416   4.221934    31.6867       3715     2.5792     2.5893     2.3979 0.0000e+00
      8.000    18.2434   4.222106    31.6871       3737     2.5947     2.5844     2.3947 0.0000e+00
      7.000    18.2559   4.223236    31.6872       3776     2.6217     2.5863     2.3949 0.0000e+00
      6.000    18.2598   4.223608    31.6877       3834     2.6619     2.5909     2.4004 0.0000e+00
      5.000    18.2594   4.223508    31.6875       3859     2.6790     2.5858     2.3970 0.0000e+00
      4.000    18.2601   4.223550    31.6876       3881     2.6945     2.5843     2.3950 0.0000e+00
      3.000    18.2624   4.223707    31.6875       3998     2.7756     2.5902     2.3993 0.0000e+00
      2.000    18.2633   4.223768    31.6877       4149     2.8807     2.5805     2.4019 0.0000e+00
