HB2407/CTD069.cnv
* Sea-Bird SBE 9 Data File:
* FileName = C:\cruise\data\CTD069.hex
* Software Version Seasave V 7.26.7.121
* Temperature SN = 4591
* Conductivity SN = 6006
* Number of Bytes Per Scan = 37
* Number of Voltage Words = 4
* Number of Scans Averaged by the Deck Unit = 1
* NMEA Latitude = 36 11.92 N
* NMEA Longitude = 074 46.76 W
* NMEA UTC (Time) = Sep 21 2024 10:41:13
* NMEA baud rate = 4800
** Ship: Bigelow HB2407
** Program:  Fall Bottom Trawl Survey
** Chief Scientist: John Galbraith
# nquan = 9
# nvalues = 394                         
# units = specified
# name 0 = depSM: Depth [salt water, m]
# name 1 = t090C: Temperature [ITS-90, deg C]
# name 2 = c0S/m: Conductivity [S/m]
# name 3 = sal00: Salinity, Practical [PSU]
# name 4 = scan: Scan Count
# name 5 = timeM: Time, Elapsed [minutes]
# name 6 = sbeox0V: Oxygen raw, SBE 43 [V]
# name 7 = sbeox1V: Oxygen raw, SBE 43, 2 [V]
# name 8 = flag: flag
# span 0 =      1.000,    198.000       
# span 1 =     8.2313,    22.8159       
# span 2 =   3.374611,   4.846573       
# span 3 =    31.8283,    35.7827       
# span 4 =        -20,      11894       
# span 5 =    -0.0145,     8.2587       
# span 6 =     1.5757,     2.6847       
# span 7 =     1.4639,     2.4289       
# span 8 = 0.0000e+00, 0.0000e+00       
# interval = meters: 1                  
# start_time = Sep 21 2024 10:41:13 [NMEA time, header]
# bad_flag = -9.990e-29
*END*
[from data line 321]
     73.000     8.5041   3.398839    32.1222       9594     6.6617     2.1501     1.9760 0.0000e+00
     72.000     8.5067   3.398538    32.1171       9617     6.6781     2.1560     1.9813 0.0000e+00
     71.000     8.5103   3.398712    32.1161       9641     6.6947     2.1606     1.9870 0.0000e+00
     70.000     8.5141   3.398713    32.1132       9663     6.7096     2.1643     1.9925 0.0000e+00
     69.000     8.5213   3.399255    32.1127       9683     6.7239     2.1677     1.9958 0.0000e+00
     68.000     8.5222   3.398833    32.1079       9707     6.7403     2.1711     1.9990 0.0000e+00
     67.000     8.5227   3.398693    32.1065       9750     6.7704     2.1744     2.0034 0.0000e+00
     66.000     8.5250   3.398695    32.1049       9796     6.8018     2.1747     2.0076 0.0000e+00
     65.000     8.5333   3.398921    32.1002       9817     6.8166     2.1755     2.0088 0.0000e+00
     64.000     8.5344   3.398885    32.0992       9836     6.8300     2.1762     2.0110 0.0000e+00
     63.000     8.5468   3.399661    32.0965       9855     6.8434     2.1777     2.0123 0.0000e+00
     62.000     8.5587   3.400609    32.0961       9875     6.8569     2.1792     2.0135 0.0000e+00
     61.000     8.5673   3.401260    32.0955       9894     6.8704     2.1810     2.0151 0.0000e+00
     60.000     8.5730   3.401590    32.0943       9915     6.8846     2.1830     2.0169 0.0000e+00
     59.000     8.5730   3.401612    32.0950       9938     6.9010     2.1855     2.0189 0.0000e+00
     58.000     8.5731   3.401477    32.0939       9971     6.9237     2.1852     2.0201 0.0000e+00
     57.000     8.5746   3.401482    32.0931      10016     6.9545     2.1847     2.0219 0.0000e+00
     56.000     8.6248   3.404884    32.0836      10054     6.9814     2.1872     2.0241 0.0000e+00
     55.000     8.6454   3.406808    32.0854      10081     7.0001     2.1916     2.0246 0.0000e+00
     54.000     8.5777   3.399533    32.0712      10102     7.0144     2.1943     2.0247 0.0000e+00
     53.000     8.5586   3.396358    32.0557      10119     7.0261     2.1952     2.0253 0.0000e+00
     52.000     8.5652   3.396711    32.0539      10134     7.0366     2.1945     2.0259 0.0000e+00
     51.000     8.5726   3.397229    32.0530      10149     7.0472     2.1937     2.0265 0.0000e+00
     50.000     8.5764   3.397360    32.0514      10166     7.0591     2.1931     2.0274 0.0000e+00
     49.000     8.5768   3.397309    32.0510      10192     7.0772     2.1956     2.0281 0.0000e+00
     48.000     8.5838   3.397502    32.0472      10244     7.1129     2.1975     2.0275 0.0000e+00
     47.000     8.5844   3.397449    32.0464      10284     7.1412     2.1981     2.0304 0.0000e+00
     46.000     8.5785   3.396368    32.0410      10313     7.1609     2.1993     2.0320 0.0000e+00
     45.000     8.5701   3.394480    32.0293      10338     7.1786     2.1985     2.0319 0.0000e+00
     44.000     8.5811   3.394668    32.0217      10360     7.1938     2.1991     2.0319 0.0000e+00
     43.000     8.6125   3.396403    32.0119      10378     7.2065     2.1995     2.0315 0.0000e+00
     42.000     8.6523   3.399274    32.0063      10394     7.2174     2.2014     2.0307 0.0000e+00
     41.000     8.6842   3.402112    32.0075      10408     7.2273     2.2043     2.0318 0.0000e+00
     40.000     8.7421   3.405643    31.9925      10423     7.2372     2.2063     2.0331 0.0000e+00
     39.000     8.9263   3.420880    31.9853      10439     7.2488     2.2128     2.0355 0.0000e+00
     38.000     9.3766   3.455224    31.9365      10520     7.3048     2.2619     2.0676 0.0000e+00
     37.000     9.4971   3.464519    31.9247      10564     7.3354     2.2594     2.0871 0.0000e+00
     36.000     9.4945   3.464425    31.9266      10577     7.3442     2.2567     2.0868 0.0000e+00
     35.000     9.5418   3.467541    31.9167      10589     7.3529     2.2551     2.0869 0.0000e+00
     34.000     9.6411   3.474581    31.9008      10601     7.3613     2.2530     2.0858 0.0000e+00
     33.000     9.8255   3.489026    31.8848      10614     7.3698     2.2502     2.0831 0.0000e+00
     32.000    10.0495   3.506416    31.8634      10627     7.3790     2.2482     2.0796 0.0000e+00
     31.000    10.0271   3.506379    31.8833      10643     7.3903     2.2524     2.0763 0.0000e+00
     30.000    10.7464   3.563831    31.8283      10702     7.4310     2.3039     2.1064 0.0000e+00
     29.000    11.1533   3.600395    31.8373      10769     7.4776     2.3363     2.1445 0.0000e+00
     28.000    11.2521   3.609907    31.8456      10782     7.4865     2.3397     2.1482 0.0000e+00
     27.000    11.4333   3.625167    31.8391      10795     7.4960     2.3437     2.1543 0.0000e+00
     26.000    11.7945   3.658992    31.8580      10809     7.5055     2.3487     2.1603 0.0000e+00
     25.000    12.1578   3.692280    31.8691      10825     7.5166     2.3640     2.1702 0.0000e+00
     24.000    12.9938   3.769266    31.8928      10852     7.5353     2.4310     2.1971 0.0000e+00
     23.000    16.2664   4.086096    32.0806      10897     7.5669     2.6034     2.2806 0.0000e+00
     22.000    17.8456   4.233261    32.0853      10922     7.5837     2.6288     2.3494 0.0000e+00
     21.000    19.9157   4.472624    32.4562      10940     7.5967     2.6664     2.3677 0.0000e+00
     20.000    21.0288   4.609043    32.6968      10960     7.6107     2.6847     2.4087 0.0000e+00
     19.000    21.1717   4.633712    32.7835      10989     7.6307     2.6464     2.4289 0.0000e+00
     18.000    21.8196   4.709235    32.8840      11029     7.6584     2.5980     2.3923 0.0000e+00
     17.000    22.3461   4.769898    32.9568      11063     7.6819     2.5707     2.3759 0.0000e+00
     16.000    22.6034   4.806772    33.0475      11090     7.7006     2.5772     2.3749 0.0000e+00
     15.000    22.6214   4.810921    33.0661      11112     7.7160     2.5726     2.3798 0.0000e+00
     14.000    22.6494   4.815237    33.0785      11132     7.7297     2.5753     2.3739 0.0000e+00
     13.000    22.6731   4.819216    33.0915      11150     7.7427     2.5769     2.3718 0.0000e+00
     12.000    22.6773   4.820842    33.1012      11169     7.7554     2.5713     2.3717 0.0000e+00
     11.000    22.7017   4.823939    33.1069      11189     7.7696     2.5606     2.3720 0.0000e+00
     10.000    22.7329   4.828264    33.1169      11220     7.7912     2.5660     2.3716 0.0000e+00
      9.000    22.7269   4.829460    33.1309      11262     7.8202     2.5609     2.3753 0.0000e+00
      8.000    22.7365   4.830035    33.1285      11290     7.8398     2.5640     2.3742 0.0000e+00
      7.000    22.7617   4.833059    33.1329      11313     7.8555     2.5693     2.3754 0.0000e+00
      6.000    22.7627   4.833702    33.1374      11334     7.8698     2.5681     2.3765 0.0000e+00
      5.000    22.7617   4.834036    33.1410      11356     7.8856     2.5665     2.3722 0.0000e+00
      4.000    22.7725   4.835374    33.1436      11388     7.9078     2.5678     2.3735 0.0000e+00
      3.000    22.7625   4.834869    33.1475      11432     7.9379     2.5683     2.3787 0.0000e+00
      2.000    22.7846   4.837461    33.1510      11480     7.9717     2.5733     2.3754 0.0000e+00
      1.000    22.7869   4.840046    33.1695      11894     8.2587     2.5629     2.3804 0.0000e+00
