HB2407/CTD075.cnv
* Sea-Bird SBE 9 Data File:
* FileName = C:\cruise\data\CTD075.hex
* Software Version Seasave V 7.26.7.121
* Temperature SN = 4591
* Conductivity SN = 6006
* Number of Bytes Per Scan = 37
* Number of Voltage Words = 4
* Number of Scans Averaged by the Deck Unit = 1
* NMEA Latitude = 39 50.16 N
* NMEA Longitude = 073 35.75 W
* NMEA UTC (Time) = Sep 22 2024 22:45:29
* NMEA baud rate = 4800
** Ship: Bigelow HB2407
** Program:  Fall Bottom Trawl Survey
** Chief Scientist: John Galbraith
# nquan = 9
# nvalues = 47                          
# units = specified
# name 0 = depSM: Depth [salt water, m]
# name 1 = t090C: Temperature [ITS-90, deg C]
# name 2 = c0S/m: Conductivity [S/m]
# name 3 = sal00: Salinity, Practical [PSU]
# name 4 = scan: Scan Count
# name 5 = timeM: Time, Elapsed [minutes]
# name 6 = sbeox0V: Oxygen raw, SBE 43 [V]
# name 7 = sbeox1V: Oxygen raw, SBE 43, 2 [V]
# name 8 = flag: flag
# span 0 =      1.000,     25.000       
# span 1 =    18.9331,    21.0599       
# span 2 =   4.292485,   4.500209       
# span 3 =    31.6328,    31.8170       
# span 4 =       -123,       3905       
# span 5 =    -0.0865,     2.7113       
# span 6 =     2.4527,     2.5839       
# span 7 =     2.2943,     2.3979       
# span 8 = 0.0000e+00, 0.0000e+00       
# interval = meters: 1                  
# start_time = Sep 22 2024 22:45:29 [NMEA time, header]
# bad_flag = -9.990e-29
*END*
      3.000    21.0571   4.499952    31.8170       -123    -0.0865     2.5803     2.3979 0.0000e+00
      4.000    21.0586   4.499936    31.8154        326     0.2260     2.5791     2.3858 0.0000e+00
      5.000    21.0599   4.500174    31.8160        380     0.2629     2.5786     2.3897 0.0000e+00
      6.000    21.0599   4.500209    31.8160        413     0.2861     2.5780     2.3901 0.0000e+00
      7.000    21.0534   4.499237    31.8128        452     0.3135     2.5803     2.3904 0.0000e+00
      8.000    21.0305   4.495588    31.8007        509     0.3530     2.5839     2.3850 0.0000e+00
      9.000    21.0349   4.496350    31.8031        524     0.3633     2.5810     2.3802 0.0000e+00
     10.000    21.0354   4.496708    31.8052        539     0.3733     2.5771     2.3829 0.0000e+00
     11.000    21.0287   4.495570    31.8009        556     0.3855     2.5756     2.3852 0.0000e+00
     12.000    20.9987   4.491462    31.7904        636     0.4410     2.5790     2.3884 0.0000e+00
     13.000    20.9250   4.481720    31.7677        696     0.4827     2.5729     2.3883 0.0000e+00
     14.000    20.9102   4.479808    31.7633        719     0.4990     2.5699     2.3848 0.0000e+00
     15.000    20.9101   4.479941    31.7641        743     0.5154     2.5600     2.3805 0.0000e+00
     16.000    20.9405   4.484253    31.7753        766     0.5311     2.5622     2.3743 0.0000e+00
     17.000    20.9892   4.490806    31.7906        786     0.5449     2.5657     2.3762 0.0000e+00
     18.000    20.9260   4.482776    31.7737        806     0.5590     2.5688     2.3783 0.0000e+00
     19.000    20.8877   4.477782    31.7624        885     0.6137     2.5622     2.3817 0.0000e+00
     20.000    20.8050   4.467759    31.7441        950     0.6590     2.5620     2.3778 0.0000e+00
     21.000    20.6861   4.455340    31.7336        963     0.6680     2.5604     2.3735 0.0000e+00
     22.000    20.4368   4.429267    31.7113        976     0.6769     2.5610     2.3703 0.0000e+00
     23.000    20.0216   4.386728    31.6806        988     0.6857     2.5568     2.3677 0.0000e+00
     24.000    19.4650   4.335101    31.6812       1004     0.6966     2.5368     2.3609 0.0000e+00
     25.000    18.9331   4.292485    31.7364       1039     0.7209     2.4846     2.3262 0.0000e+00
     24.000    19.2956   4.315775    31.6519       1075     0.7457     2.4527     2.2943 0.0000e+00
     23.000    19.8687   4.366595    31.6328       1789     1.2418     2.4992     2.3032 0.0000e+00
     22.000    20.2383   4.402916    31.6487       3046     2.1145     2.5241     2.3298 0.0000e+00
     21.000    20.5661   4.435498    31.6649       2954     2.0508     2.5213     2.3263 0.0000e+00
     20.000    20.6809   4.450383    31.6983       2971     2.0624     2.5265     2.3274 0.0000e+00
     19.000    20.7830   4.461748    31.7130       2988     2.0745     2.5333     2.3274 0.0000e+00
     18.000    20.8299   4.468050    31.7285       3012     2.0913     2.5491     2.3358 0.0000e+00
     17.000    20.9923   4.489078    31.7747       3062     2.1259     2.5613     2.3598 0.0000e+00
     16.000    21.0017   4.490385    31.7783       3100     2.1522     2.5667     2.3692 0.0000e+00
     15.000    21.0113   4.492073    31.7849       3117     2.1640     2.5699     2.3746 0.0000e+00
     14.000    21.0111   4.491974    31.7846       3131     2.1739     2.5716     2.3754 0.0000e+00
     13.000    21.0114   4.492070    31.7854       3145     2.1835     2.5720     2.3767 0.0000e+00
     12.000    21.0120   4.492211    31.7864       3161     2.1941     2.5757     2.3799 0.0000e+00
     11.000    21.0322   4.494474    31.7896       3182     2.2090     2.5752     2.3815 0.0000e+00
     10.000    21.0444   4.496440    31.7964       3225     2.2391     2.5766     2.3865 0.0000e+00
      9.000    21.0444   4.496537    31.7975       3267     2.2682     2.5769     2.3885 0.0000e+00
      8.000    21.0328   4.495047    31.7947       3301     2.2918     2.5745     2.3887 0.0000e+00
      7.000    21.0302   4.494678    31.7940       3334     2.3145     2.5763     2.3898 0.0000e+00
      6.000    21.0399   4.496224    31.7993       3358     2.3310     2.5715     2.3875 0.0000e+00
      5.000    21.0454   4.497344    31.8045       3382     2.3476     2.5688     2.3836 0.0000e+00
      4.000    21.0427   4.497310    31.8065       3405     2.3638     2.5728     2.3861 0.0000e+00
      3.000    21.0496   4.498086    31.8079       3427     2.3794     2.5772     2.3875 0.0000e+00
      2.000    21.0527   4.498995    31.8131       3834     2.6619     2.5772     2.3894 0.0000e+00
      1.000    21.0524   4.498676    31.8111       3905     2.7113     2.5752     2.3900 0.0000e+00
