HB2407/CTD032.cnv
* Sea-Bird SBE 9 Data File:
* FileName = C:\cruise\data\CTD032.hex
* Software Version Seasave V 7.26.7.121
* Temperature SN = 4591
* Conductivity SN = 6006
* Number of Bytes Per Scan = 37
* Number of Voltage Words = 4
* Number of Scans Averaged by the Deck Unit = 1
* NMEA Latitude = 37 17.55 N
* NMEA Longitude = 075 29.79 W
* NMEA UTC (Time) = Sep 16 2024 01:58:08
* NMEA baud rate = 4800
** Ship: Bigelow HB2407
** Program:  Fall Bottom Trawl Survey
** Chief Scientist: John Galbraith
# nquan = 9
# nvalues = 32                          
# units = specified
# name 0 = depSM: Depth [salt water, m]
# name 1 = t090C: Temperature [ITS-90, deg C]
# name 2 = c0S/m: Conductivity [S/m]
# name 3 = sal00: Salinity, Practical [PSU]
# name 4 = scan: Scan Count
# name 5 = timeM: Time, Elapsed [minutes]
# name 6 = sbeox0V: Oxygen raw, SBE 43 [V]
# name 7 = sbeox1V: Oxygen raw, SBE 43, 2 [V]
# name 8 = flag: flag
# span 0 =      1.000,     18.000       
# span 1 =    21.9584,    22.0095       
# span 2 =   4.463031,   4.466539       
# span 3 =    30.8386,    30.8951       
# span 4 =        106,       3458       
# span 5 =     0.0729,     2.4004       
# span 6 =     2.5987,     2.6144       
# span 7 =     2.4088,     2.4221       
# span 8 = 0.0000e+00, 0.0000e+00       
# interval = meters: 1                  
# start_time = Sep 16 2024 01:58:08 [NMEA time, header]
# bad_flag = -9.990e-29
*END*
      4.000    22.0026   4.463031    30.8408        106     0.0729     2.6112     2.4174 0.0000e+00
      5.000    22.0051   4.463553    30.8428        246     0.1700     2.6042     2.4172 0.0000e+00
      6.000    22.0050   4.463644    30.8432        352     0.2436     2.6048     2.4221 0.0000e+00
      7.000    22.0053   4.464119    30.8463        386     0.2675     2.6094     2.4215 0.0000e+00
      8.000    22.0068   4.464161    30.8453        445     0.3080     2.6108     2.4184 0.0000e+00
      9.000    22.0068   4.464133    30.8448        510     0.3533     2.6101     2.4163 0.0000e+00
     10.000    22.0068   4.464267    30.8455        545     0.3780     2.6023     2.4196 0.0000e+00
     11.000    22.0056   4.464322    30.8465        571     0.3960     2.6043     2.4141 0.0000e+00
     12.000    22.0042   4.464341    30.8473        604     0.4188     2.6104     2.4138 0.0000e+00
     13.000    22.0024   4.464397    30.8488        663     0.4600     2.6123     2.4170 0.0000e+00
     14.000    22.0059   4.464256    30.8449        729     0.5053     2.6070     2.4176 0.0000e+00
     15.000    21.9977   4.464689    30.8538        775     0.5377     2.6043     2.4147 0.0000e+00
     16.000    21.9797   4.465584    30.8732        811     0.5625     2.6119     2.4150 0.0000e+00
     17.000    21.9796   4.465588    30.8729        916     0.6356     2.6045     2.4128 0.0000e+00
     18.000    21.9584   4.466539    30.8951       1920     1.3324     2.6013     2.4088 0.0000e+00
     17.000    21.9826   4.465322    30.8687       2338     1.6232     2.5993     2.4097 0.0000e+00
     16.000    21.9896   4.465487    30.8654       2332     1.6190     2.5987     2.4102 0.0000e+00
     15.000    21.9959   4.464948    30.8570       2351     1.6319     2.5998     2.4128 0.0000e+00
     14.000    22.0085   4.463680    30.8386       2480     1.7216     2.6064     2.4143 0.0000e+00
     13.000    22.0082   4.463740    30.8396       2593     1.7999     2.6040     2.4139 0.0000e+00
     12.000    22.0088   4.463825    30.8401       2658     1.8455     2.6058     2.4178 0.0000e+00
     11.000    22.0090   4.463940    30.8411       2713     1.8832     2.5997     2.4186 0.0000e+00
     10.000    22.0095   4.463710    30.8393       2786     1.9338     2.6009     2.4171 0.0000e+00
      9.000    22.0089   4.463764    30.8405       2839     1.9710     2.5995     2.4199 0.0000e+00
      8.000    22.0088   4.463770    30.8409       2852     1.9801     2.6029     2.4181 0.0000e+00
      7.000    22.0086   4.463664    30.8405       2866     1.9893     2.6019     2.4168 0.0000e+00
      6.000    22.0064   4.464039    30.8453       2956     2.0524     2.6123     2.4100 0.0000e+00
      5.000    22.0067   4.464051    30.8455       3033     2.1058     2.6121     2.4162 0.0000e+00
      4.000    22.0053   4.463521    30.8426       3050     2.1176     2.6144     2.4134 0.0000e+00
      3.000    22.0052   4.463139    30.8401       3285     2.2804     2.6085     2.4138 0.0000e+00
      2.000    22.0055   4.463181    30.8405       3440     2.3880     2.6129     2.4118 0.0000e+00
      1.000    22.0054   4.463059    30.8400       3458     2.4004     2.6124     2.4110 0.0000e+00
