HB2407/CTD028.cnv
* Sea-Bird SBE 9 Data File:
* FileName = C:\cruise\data\CTD028.hex
* Software Version Seasave V 7.26.7.121
* Temperature SN = 4591
* Conductivity SN = 6006
* Number of Bytes Per Scan = 37
* Number of Voltage Words = 4
* Number of Scans Averaged by the Deck Unit = 1
* NMEA Latitude = 35 35.63 N
* NMEA Longitude = 075 20.00 W
* NMEA UTC (Time) = Sep 12 2024 00:12:17
* NMEA baud rate = 4800
** Ship: Bigelow HB2407
** Program:  Fall Bottom Trawl Survey
** Chief Scientist: John Galbraith
# nquan = 9
# nvalues = 53                          
# units = specified
# name 0 = depSM: Depth [salt water, m]
# name 1 = t090C: Temperature [ITS-90, deg C]
# name 2 = c0S/m: Conductivity [S/m]
# name 3 = sal00: Salinity, Practical [PSU]
# name 4 = scan: Scan Count
# name 5 = timeM: Time, Elapsed [minutes]
# name 6 = sbeox0V: Oxygen raw, SBE 43 [V]
# name 7 = sbeox1V: Oxygen raw, SBE 43, 2 [V]
# name 8 = flag: flag
# span 0 =      1.000,     28.000       
# span 1 =    22.9048,    26.7817       
# span 2 =   4.603796,   5.471513       
# span 3 =    31.2346,    34.8299       
# span 4 =        124,       3673       
# span 5 =     0.0854,     2.5497       
# span 6 =     2.2034,     2.5874       
# span 7 =     2.1894,     2.4003       
# span 8 = 0.0000e+00, 0.0000e+00       
# interval = meters: 1                  
# start_time = Sep 12 2024 00:12:17 [NMEA time, header]
# bad_flag = -9.990e-29
*END*
      3.000    22.9714   4.604392    31.2346        124     0.0854     2.5769     2.3964 0.0000e+00
      4.000    22.9720   4.604754    31.2366        315     0.2179     2.5792     2.3935 0.0000e+00
      5.000    22.9722   4.604810    31.2366        343     0.2378     2.5753     2.3977 0.0000e+00
      6.000    22.9724   4.604829    31.2363        371     0.2570     2.5817     2.3963 0.0000e+00
      7.000    22.9753   4.605291    31.2374        396     0.2745     2.5874     2.4003 0.0000e+00
      8.000    22.9760   4.605543    31.2385        427     0.2960     2.5847     2.3992 0.0000e+00
      9.000    22.9772   4.605691    31.2385        459     0.3177     2.5836     2.3981 0.0000e+00
     10.000    22.9774   4.605593    31.2373        488     0.3380     2.5796     2.3945 0.0000e+00
     11.000    22.9786   4.605503    31.2355        533     0.3697     2.5779     2.3961 0.0000e+00
     12.000    22.9535   4.606121    31.2577        579     0.4013     2.5773     2.3979 0.0000e+00
     13.000    22.9302   4.605389    31.2684        600     0.4163     2.5703     2.3976 0.0000e+00
     14.000    22.9096   4.604094    31.2729        618     0.4286     2.5776     2.3995 0.0000e+00
     15.000    22.9056   4.603796    31.2732        640     0.4437     2.5816     2.3973 0.0000e+00
     16.000    22.9051   4.603922    31.2742        695     0.4821     2.5744     2.3931 0.0000e+00
     17.000    22.9048   4.604047    31.2751        740     0.5129     2.5695     2.3938 0.0000e+00
     18.000    22.9105   4.605380    31.2808        761     0.5281     2.5705     2.3893 0.0000e+00
     19.000    22.9867   4.624643    31.3724        792     0.5490     2.5718     2.3878 0.0000e+00
     20.000    23.1469   4.665768    31.5694        842     0.5838     2.5694     2.3876 0.0000e+00
     21.000    23.2192   4.683021    31.6478        870     0.6034     2.5654     2.3770 0.0000e+00
     22.000    23.5251   4.746574    31.9065        888     0.6159     2.5616     2.3760 0.0000e+00
     23.000    24.8810   5.051089    33.1792        909     0.6305     2.5647     2.3761 0.0000e+00
     24.000    26.6649   5.455798    34.8179        980     0.6797     2.4884     2.3214 0.0000e+00
     25.000    26.5191   5.414831    34.6210       1015     0.7041     2.4012     2.2242 0.0000e+00
     26.000    26.5769   5.425337    34.6529       1034     0.7173     2.3807     2.2124 0.0000e+00
     27.000    26.6898   5.445560    34.7132       1055     0.7321     2.3702     2.2046 0.0000e+00
     28.000    26.7817   5.471513    34.8299       2785     1.9332     2.3319     2.2012 0.0000e+00
     27.000    26.7209   5.456639    34.7693       2690     1.8674     2.2034     2.2047 0.0000e+00
     26.000    26.6712   5.448402    34.7478       2749     1.9086     2.3516     2.1997 0.0000e+00
     25.000    26.5921   5.434124    34.7050       2787     1.9347     2.3448     2.1939 0.0000e+00
     24.000    26.5594   5.428425    34.6889       2817     1.9559     2.3438     2.1952 0.0000e+00
     23.000    26.4957   5.417895    34.6613       2842     1.9727     2.3412     2.1974 0.0000e+00
     22.000    25.9114   5.305832    34.2874       2867     1.9905     2.3282     2.1976 0.0000e+00
     21.000    25.1111   5.124996    33.5635       2894     2.0092     2.3431     2.1894 0.0000e+00
     20.000    24.2554   4.933046    32.7722       2921     2.0279     2.3586     2.2046 0.0000e+00
     19.000    23.6315   4.780244    32.0845       2946     2.0453     2.4040     2.2392 0.0000e+00
     18.000    23.4401   4.734964    31.8821       2970     2.0621     2.4495     2.2710 0.0000e+00
     17.000    23.2120   4.679901    31.6306       2997     2.0805     2.4796     2.3117 0.0000e+00
     16.000    23.0652   4.637779    31.4170       3030     2.1034     2.5148     2.3443 0.0000e+00
     15.000    23.0498   4.628392    31.3571       3060     2.1243     2.5396     2.3626 0.0000e+00
     14.000    23.0007   4.617427    31.3093       3081     2.1392     2.5513     2.3743 0.0000e+00
     13.000    23.0031   4.618250    31.3141       3101     2.1526     2.5552     2.3765 0.0000e+00
     12.000    22.9991   4.616169    31.3015       3121     2.1668     2.5563     2.3811 0.0000e+00
     11.000    22.9786   4.612355    31.2874       3146     2.1841     2.5577     2.3854 0.0000e+00
     10.000    22.9831   4.610988    31.2742       3177     2.2054     2.5608     2.3923 0.0000e+00
      9.000    22.9939   4.610995    31.2668       3209     2.2277     2.5673     2.3965 0.0000e+00
      8.000    22.9906   4.609440    31.2577       3239     2.2483     2.5654     2.3980 0.0000e+00
      7.000    22.9854   4.608201    31.2523       3264     2.2659     2.5642     2.3958 0.0000e+00
      6.000    22.9863   4.608091    31.2511       3285     2.2808     2.5689     2.3958 0.0000e+00
      5.000    22.9871   4.607994    31.2501       3305     2.2945     2.5724     2.3911 0.0000e+00
      4.000    22.9879   4.607856    31.2488       3325     2.3084     2.5694     2.3918 0.0000e+00
      3.000    22.9713   4.605523    31.2433       3478     2.4148     2.5733     2.3956 0.0000e+00
      2.000    22.9722   4.605332    31.2415       3626     2.5175     2.5713     2.3975 0.0000e+00
      1.000    22.9726   4.605230    31.2407       3673     2.5497     2.5685     2.3933 0.0000e+00
