HB2407/CTD066.cnv
* Sea-Bird SBE 9 Data File:
* FileName = C:\cruise\data\CTD066.hex
* Software Version Seasave V 7.26.7.121
* Temperature SN = 4591
* Conductivity SN = 6006
* Number of Bytes Per Scan = 37
* Number of Voltage Words = 4
* Number of Scans Averaged by the Deck Unit = 1
* NMEA Latitude = 36 00.84 N
* NMEA Longitude = 074 51.05 W
* NMEA UTC (Time) = Sep 21 2024 05:10:06
* NMEA baud rate = 4800
** Ship: Bigelow HB2407
** Program:  Fall Bottom Trawl Survey
** Chief Scientist: John Galbraith
# nquan = 9
# nvalues = 183                         
# units = specified
# name 0 = depSM: Depth [salt water, m]
# name 1 = t090C: Temperature [ITS-90, deg C]
# name 2 = c0S/m: Conductivity [S/m]
# name 3 = sal00: Salinity, Practical [PSU]
# name 4 = scan: Scan Count
# name 5 = timeM: Time, Elapsed [minutes]
# name 6 = sbeox0V: Oxygen raw, SBE 43 [V]
# name 7 = sbeox1V: Oxygen raw, SBE 43, 2 [V]
# name 8 = flag: flag
# span 0 =      2.000,     93.000       
# span 1 =     9.9863,    23.6599       
# span 2 =   3.524577,   4.978070       
# span 3 =   -55.4278,    33.5674       
# span 4 =         42,       6220       
# span 5 =     0.0285,     4.3184       
# span 6 =     2.1604,     2.6582       
# span 7 =     1.9931,     2.3990       
# span 8 = 0.0000e+00, 0.0000e+00       
# interval = meters: 1                  
# start_time = Sep 21 2024 05:10:06 [NMEA time, header]
# bad_flag = -9.990e-29
*END*
      2.000    23.6324   4.967567    33.5020         42     0.0285     2.5633     2.3860 0.0000e+00
      3.000    23.6327   4.967643    33.5021        173     0.1197     2.5640     2.3775 0.0000e+00
      4.000    23.6328   4.967699    33.5020        229     0.1584     2.5643     2.3826 0.0000e+00
      5.000    23.6345   4.967938    33.5022        275     0.1901     2.5703     2.3852 0.0000e+00
      6.000    23.6360   4.968066    33.5018        294     0.2036     2.5712     2.3832 0.0000e+00
      7.000    23.6379   4.968413    33.5027        310     0.2145     2.5696     2.3817 0.0000e+00
      8.000    23.6395   4.968787    33.5039        330     0.2283     2.5674     2.3794 0.0000e+00
      9.000    23.6360   4.968070    33.5009        363     0.2517     2.5638     2.3837 0.0000e+00
     10.000    23.6351   4.968187    33.5021        401     0.2779     2.5573     2.3837 0.0000e+00
     11.000    23.6479   4.971716    33.5188        425     0.2946     2.5640     2.3790 0.0000e+00
     12.000    23.6599   4.975425    33.5375        445     0.3085     2.5631     2.3781 0.0000e+00
     13.000    23.6518   4.977324    33.5576        466     0.3232     2.5636     2.3815 0.0000e+00
     14.000    23.6459   4.978070    33.5674        492     0.3411     2.5631     2.3774 0.0000e+00
     15.000    23.5932   4.972559    33.5653        529     0.3665     2.5641     2.3834 0.0000e+00
     16.000    23.5524   4.966846    33.5526        565     0.3917     2.5609     2.3830 0.0000e+00
     17.000    23.5257   4.963268    33.5454        587     0.4073     2.5633     2.3831 0.0000e+00
     18.000    23.5186   4.962817    33.5470        605     0.4196     2.5631     2.3827 0.0000e+00
     19.000    22.9073   4.886352    33.4269        623     0.4318     2.5654     2.3868 0.0000e+00
     20.000    20.3788   4.570352    32.8755        653     0.4527     2.5235     2.3628 0.0000e+00
     21.000    18.6657   4.356141    32.4762        726     0.5033     2.4523     2.3073 0.0000e+00
     22.000    15.5001   4.025964    32.1638        742     0.5143     2.4806     2.3340 0.0000e+00
     23.000    14.3645   3.907989    32.0349        757     0.5249     2.4426     2.3225 0.0000e+00
     24.000    13.1013   3.782369    31.9260        770     0.5342     2.3920     2.2858 0.0000e+00
     25.000    12.4458   3.718520    31.8748        784     0.5439     2.3515     2.2563 0.0000e+00
     26.000    11.8340   3.657495    31.8095        801     0.5556     2.3205     2.2233 0.0000e+00
     27.000    11.6560   3.638659    31.7791        835     0.5790     2.2965     2.1872 0.0000e+00
     28.000    11.8042   3.653685    31.7976        897     0.6221     2.3228     2.1676 0.0000e+00
     29.000    11.8128   3.654793    31.8005        936     0.6492     2.3824     2.1988 0.0000e+00
     30.000    11.7768   3.651130    31.7954        961     0.6665     2.4265     2.2346 0.0000e+00
     31.000    11.7397   3.647404    31.7907        980     0.6800     2.4447     2.2564 0.0000e+00
     32.000    11.7184   3.645518    31.7902        996     0.6912     2.4498     2.2658 0.0000e+00
     33.000    11.6459   3.638668    31.7855       1012     0.7023     2.4518     2.2699 0.0000e+00
     34.000    11.5573   3.629450    31.7713       1029     0.7141     2.4532     2.2709 0.0000e+00
     35.000    11.3754   3.610442    31.7417       1050     0.7285     2.4476     2.2695 0.0000e+00
     36.000    11.2806   3.600629    31.7268       1083     0.7511     2.4159     2.2491 0.0000e+00
     37.000    11.2335   3.594790    31.7097       1142     0.7921     2.3361     2.1765 0.0000e+00
     38.000    11.0462   3.576398    31.6899       1176     0.8157     2.3135     2.1481 0.0000e+00
     39.000    11.0044   3.572025    31.6825       1200     0.8324     2.2948     2.1322 0.0000e+00
     40.000    10.9558   3.567037    31.6748       1221     0.8471     2.2713     2.1151 0.0000e+00
     41.000    10.9204   3.563459    31.6695       1240     0.8604     2.2483     2.0960 0.0000e+00
     42.000    10.8988   3.561057    31.6641       1259     0.8738     2.2303     2.0767 0.0000e+00
     43.000    10.8848   3.559740    31.6628       1278     0.8871     2.2149     2.0587 0.0000e+00
     44.000    10.8829   3.560633    31.6728       1298     0.9005     2.1998     2.0425 0.0000e+00
     45.000    10.8700   3.559477    31.6721       1319     0.9155     2.1844     2.0285 0.0000e+00
     46.000    10.8475   3.556783    31.6645       1371     0.9515     2.1708     2.0119 0.0000e+00
     47.000    10.8259   3.554370    31.6588       1432     0.9938     2.1639     2.0005 0.0000e+00
     48.000    10.8245   3.554221    31.6581       1450     1.0061     2.1630     1.9992 0.0000e+00
     49.000    10.8357   3.556350    31.6691       1464     1.0158     2.1620     1.9979 0.0000e+00
     50.000    10.8698   3.560618    31.6815       1476     1.0246     2.1612     1.9965 0.0000e+00
     51.000    10.9332   3.568574    31.7049       1490     1.0340     2.1604     1.9943 0.0000e+00
     52.000    10.9760   3.574074    31.7217       1509     1.0469     2.1633     1.9931 0.0000e+00
     53.000    11.0565   3.584280    31.7523       1549     1.0751     2.1921     2.0126 0.0000e+00
     54.000    11.1228   3.592752    31.7780       1598     1.1087     2.2322     2.0514 0.0000e+00
     55.000    11.0607   3.586909    31.7738       1631     1.1322     2.2535     2.0745 0.0000e+00
     56.000    11.0709   3.588218    31.7774       1654     1.1482     2.2588     2.0850 0.0000e+00
     57.000    11.0834   3.589802    31.7818       1672     1.1601     2.2610     2.0887 0.0000e+00
     58.000    11.0948   3.591596    31.7891       1687     1.1707     2.2620     2.0906 0.0000e+00
     59.000    11.0896   3.591693    31.7942       1703     1.1819     2.2629     2.0931 0.0000e+00
     60.000    11.0791   3.591522    31.8012       1727     1.1983     2.2641     2.0958 0.0000e+00
     61.000    11.0463   3.589813    31.8123       1790     1.2427     2.2706     2.1031 0.0000e+00
     62.000    11.0500   3.591909    31.8293       1821     1.2640     2.2723     2.1041 0.0000e+00
     63.000    10.9993   3.589774    31.8518       1841     1.2777     2.2747     2.1023 0.0000e+00
     64.000    10.9397   3.586088    31.8667       1861     1.2917     2.2746     2.1013 0.0000e+00
     65.000    10.7652   3.571488    31.8735       1882     1.3063     2.2745     2.1028 0.0000e+00
     66.000    10.5809   3.555472    31.8746       1903     1.3206     2.2722     2.1044 0.0000e+00
     67.000    10.4100   3.539005    31.8593       1923     1.3346     2.2662     2.1026 0.0000e+00
     68.000    10.3301   3.535608    31.8948       1946     1.3504     2.2563     2.0975 0.0000e+00
     69.000    10.2390   3.531604    31.9343       1989     1.3809     2.2456     2.0860 0.0000e+00
     70.000    10.1286   3.525801    31.9727       2046     1.4202     2.2525     2.0860 0.0000e+00
     71.000    10.1009   3.525061    31.9894       2068     1.4357     2.2610     2.0912 0.0000e+00
     72.000    10.0757   3.524577    32.0063       2085     1.4476     2.2665     2.0942 0.0000e+00
     73.000     9.9898   3.526841    32.1049       2102     1.4587     2.2737     2.0990 0.0000e+00
     74.000    10.0966   3.550494    32.2483       2118     1.4704     2.2824     2.1039 0.0000e+00
     75.000    10.2482   3.570932    32.3189       2138     1.4840     2.2932     2.1120 0.0000e+00
     76.000    10.3776   3.589542    32.3901       2162     1.5010     2.3027     2.1219 0.0000e+00
     77.000    10.4110   3.598409    32.4490       2196     1.5245     2.3100     2.1267 0.0000e+00
     78.000    10.3057   3.598548    32.5440       2241     1.5556     2.3120     2.1308 0.0000e+00
     79.000    10.2066   3.597073    32.6176       2290     1.5898     2.3009     2.1287 0.0000e+00
     80.000    10.0555   3.587447    32.6561       2318     1.6090     2.2950     2.1257 0.0000e+00
     81.000     9.9863   3.584913    32.6925       2336     1.6213     2.2906     2.1223 0.0000e+00
     82.000    10.1282   3.603278    32.7497       2350     1.6313     2.2850     2.1168 0.0000e+00
     83.000    10.1891   3.611788    32.7801       2364     1.6410     2.2822     2.1114 0.0000e+00
     84.000    10.2083   3.614822    32.7930       2379     1.6517     2.2788     2.1064 0.0000e+00
     85.000    10.2762   3.624849    32.8321       2401     1.6669     2.2697     2.0987 0.0000e+00
     86.000    10.3724   3.637945    32.8766       2453     1.7027     2.2533     2.0820 0.0000e+00
     87.000    10.4949   3.654499    32.9315       2507     1.7406     2.2397     2.0697 0.0000e+00
     88.000    10.5435   3.660642    32.9488       2531     1.7568     2.2393     2.0652 0.0000e+00
     89.000    10.5825   3.665456    32.9613       2550     1.7704     2.2377     2.0628 0.0000e+00
     90.000    10.6822   3.678488    33.0011       2568     1.7826     2.2348     2.0597 0.0000e+00
     91.000    10.7778   3.690958    33.0387       2585     1.7945     2.2328     2.0571 0.0000e+00
     92.000    10.9323   3.712846    33.1165       2605     1.8086     2.2323     2.0562 0.0000e+00
     93.000    10.9780   3.720333    33.1491       2663     1.8487     2.2176     2.0472 0.0000e+00
     92.000    11.0033   3.724153    33.1646       3217     2.2334     2.1651     2.0060 0.0000e+00
     91.000    10.9848   3.721723    33.1576       3392     2.3546     2.1795     2.0135 0.0000e+00
     90.000    10.9569   3.718006    33.1464       3421     2.3747     2.1783     2.0114 0.0000e+00
     89.000    10.9135   3.712502    33.1313       3449     2.3942     2.1807     2.0119 0.0000e+00
     88.000    10.7311   3.688521    33.0579       3473     2.4112     2.1818     2.0148 0.0000e+00
     87.000    10.6277   3.673549    33.0023       3496     2.4270     2.1835     2.0169 0.0000e+00
     86.000    10.5472   3.662533    32.9652       3525     2.4473     2.1875     2.0183 0.0000e+00
     85.000    10.4506   3.648982    32.9172       3575     2.4822     2.2037     2.0319 0.0000e+00
     84.000    10.3268   3.634047    32.8794       3607     2.5043     2.2096     2.0389 0.0000e+00
     83.000    10.2450   3.620509    32.8175       3624     2.5162     2.2102     2.0433 0.0000e+00
     82.000    10.2411   3.619930    32.8157       3639     2.5264     2.2110     2.0456 0.0000e+00
     81.000    10.1965   3.613402    32.7906       3654     2.5368     2.2151     2.0478 0.0000e+00
     80.000    10.1149   3.603280    32.7626       3672     2.5491     2.2199     2.0517 0.0000e+00
     79.000    10.0803   3.594047    32.7009       3697     2.5667     2.2254     2.0557 0.0000e+00
     78.000    10.1538   3.596055    32.6554       3732     2.5911     2.2337     2.0615 0.0000e+00
     77.000    10.3004   3.597186    32.5356       3769     2.6165     2.2470     2.0733 0.0000e+00
     76.000    10.3772   3.596308    32.4584       3811     2.6457     2.2699     2.0910 0.0000e+00
     75.000    10.3220   3.583145    32.3759       3846     2.6701     2.2870     2.1063 0.0000e+00
     74.000    10.2434   3.570953    32.3239       3866     2.6839     2.2924     2.1133 0.0000e+00
     73.000    10.1778   3.562771    32.3003       3881     2.6947     2.2944     2.1179 0.0000e+00
     72.000    10.0798   3.545937    32.2182       3896     2.7045     2.2921     2.1208 0.0000e+00
     71.000    10.0542   3.532660    32.1073       3911     2.7149     2.2901     2.1220 0.0000e+00
     70.000    10.0558   3.528063    32.0600       3929     2.7275     2.2904     2.1220 0.0000e+00
     69.000    10.1055   3.526788    32.0036       3962     2.7505     2.2959     2.1245 0.0000e+00
     68.000    10.2411   3.530085    31.9177       4020     2.7907     2.3009     2.1333 0.0000e+00
     67.000    10.3060   3.531355    31.8738       4052     2.8131     2.2925     2.1252 0.0000e+00
     66.000    10.3634   3.533311    31.8435       4080     2.8327     2.2856     2.1158 0.0000e+00
     65.000    10.4697   3.541366    31.8315       4106     2.8505     2.2787     2.1064 0.0000e+00
     64.000    10.6143   3.554415    31.8358       4126     2.8643     2.2740     2.1018 0.0000e+00
     63.000    10.7053   3.562353    31.8358       4142     2.8755     2.2723     2.0994 0.0000e+00
     62.000    10.8428   3.573361    31.8259       4156     2.8856     2.2712     2.0972 0.0000e+00
     61.000    10.9522   3.582118    31.8179       4171     2.8957     2.2729     2.0965 0.0000e+00
     60.000    11.0045   3.586478    31.8160       4187     2.9070     2.2773     2.0973 0.0000e+00
     59.000    11.0663   3.588550    31.7834       4247     2.9483     2.2857     2.1050 0.0000e+00
     58.000    11.0872   3.589566    31.7758       4308     2.9911     2.2827     2.1077 0.0000e+00
     57.000    11.0804   3.588689    31.7734       4323     3.0015     2.2816     2.1071 0.0000e+00
     56.000    11.0682   3.586897    31.7667       4338     3.0118     2.2811     2.1063 0.0000e+00
     55.000    11.0661   3.586385    31.7639       4353     3.0222     2.2804     2.1058 0.0000e+00
     54.000    11.0722   3.586696    31.7621       4369     3.0333     2.2794     2.1055 0.0000e+00
     53.000    11.0745   3.586872    31.7623       4386     3.0451     2.2793     2.1058 0.0000e+00
     52.000    11.0619   3.585175    31.7569       4405     3.0581     2.2783     2.1054 0.0000e+00
     51.000    11.0448   3.581837    31.7392       4447     3.0875     2.2724     2.1016 0.0000e+00
     50.000    10.9973   3.575052    31.7137       4523     3.1401     2.2575     2.0914 0.0000e+00
     49.000    10.9740   3.572094    31.7051       4539     3.1515     2.2523     2.0850 0.0000e+00
     48.000    10.9507   3.569394    31.6990       4555     3.1628     2.2496     2.0813 0.0000e+00
     47.000    10.9152   3.564935    31.6861       4571     3.1739     2.2477     2.0788 0.0000e+00
     46.000    10.8894   3.561355    31.6734       4588     3.1852     2.2452     2.0757 0.0000e+00
     45.000    10.8587   3.557617    31.6634       4605     3.1972     2.2377     2.0714 0.0000e+00
     44.000    10.8357   3.554105    31.6490       4623     3.2101     2.2244     2.0655 0.0000e+00
     43.000    10.8320   3.552788    31.6396       4645     3.2249     2.2084     2.0553 0.0000e+00
     42.000    10.8701   3.555848    31.6374       4699     3.2628     2.1793     2.0238 0.0000e+00
     41.000    10.8836   3.556814    31.6357       4767     3.3100     2.1680     2.0059 0.0000e+00
     40.000    10.8842   3.555703    31.6246       4781     3.3191     2.1678     2.0073 0.0000e+00
     39.000    10.8949   3.556150    31.6202       4793     3.3277     2.1674     2.0073 0.0000e+00
     38.000    10.9064   3.556936    31.6185       4804     3.3354     2.1663     2.0075 0.0000e+00
     37.000    10.9198   3.558155    31.6194       4815     3.3431     2.1665     2.0067 0.0000e+00
     36.000    10.9414   3.560065    31.6201       4827     3.3514     2.1671     2.0052 0.0000e+00
     35.000    10.9529   3.561229    31.6220       4842     3.3621     2.1676     2.0038 0.0000e+00
     34.000    11.1721   3.581604    31.6343       4897     3.3998     2.1956     2.0140 0.0000e+00
     33.000    11.3934   3.602068    31.6453       4957     3.4417     2.2460     2.0521 0.0000e+00
     32.000    11.5399   3.617871    31.6744       4979     3.4568     2.2607     2.0711 0.0000e+00
     31.000    11.5726   3.621740    31.6845       4998     3.4703     2.2846     2.0866 0.0000e+00
     30.000    11.6279   3.627248    31.6912       5019     3.4844     2.3187     2.1094 0.0000e+00
     29.000    11.6700   3.631133    31.6933       5041     3.5003     2.3571     2.1446 0.0000e+00
     28.000    11.7409   3.637337    31.6934       5068     3.5187     2.3933     2.1790 0.0000e+00
     27.000    11.7566   3.638634    31.6929       5095     3.5376     2.4246     2.2067 0.0000e+00
     26.000    11.6546   3.626163    31.6595       5120     3.5546     2.4416     2.2290 0.0000e+00
     25.000    11.6449   3.620446    31.6127       5142     3.5701     2.4403     2.2441 0.0000e+00
