HB2407/CTD053.cnv
* Sea-Bird SBE 9 Data File:
* FileName = C:\cruise\data\CTD053.hex
* Software Version Seasave V 7.26.7.121
* Temperature SN = 4591
* Conductivity SN = 6006
* Number of Bytes Per Scan = 37
* Number of Voltage Words = 4
* Number of Scans Averaged by the Deck Unit = 1
* NMEA Latitude = 35 02.42 N
* NMEA Longitude = 075 14.25 W
* NMEA UTC (Time) = Sep 19 2024 17:31:25
* NMEA baud rate = 4800
** Ship: Bigelow HB2407
** Program:  Fall Bottom Trawl Survey
** Chief Scientist: John Galbraith
# nquan = 9
# nvalues = 291                         
# units = specified
# name 0 = depSM: Depth [salt water, m]
# name 1 = t090C: Temperature [ITS-90, deg C]
# name 2 = c0S/m: Conductivity [S/m]
# name 3 = sal00: Salinity, Practical [PSU]
# name 4 = scan: Scan Count
# name 5 = timeM: Time, Elapsed [minutes]
# name 6 = sbeox0V: Oxygen raw, SBE 43 [V]
# name 7 = sbeox1V: Oxygen raw, SBE 43, 2 [V]
# name 8 = flag: flag
# span 0 =      1.000,    147.000       
# span 1 =    18.8073,    28.1537       
# span 2 =   4.833473,   5.806122       
# span 3 =    36.0365,    36.5029       
# span 4 =         29,      10275       
# span 5 =     0.0196,     7.1344       
# span 6 =     1.8355,     2.5550       
# span 7 =     1.7035,     2.3740       
# span 8 = 0.0000e+00, 0.0000e+00       
# interval = meters: 1                  
# start_time = Sep 19 2024 17:31:25 [NMEA time, header]
# bad_flag = -9.990e-29
*END*
[from data line 161]
    130.000    20.2637   4.993456    36.3818       6417     4.4552     1.9436     1.7961 0.0000e+00
    129.000    20.3645   5.004629    36.3868       6434     4.4675     1.9489     1.8021 0.0000e+00
    128.000    20.3915   5.008003    36.3915       6450     4.4787     1.9524     1.8052 0.0000e+00
    127.000    20.4035   5.009390    36.3929       6467     4.4903     1.9545     1.8104 0.0000e+00
    126.000    20.4178   5.011375    36.3971       6486     4.5034     1.9568     1.8145 0.0000e+00
    125.000    20.4182   5.011392    36.3973       6510     4.5198     1.9608     1.8185 0.0000e+00
    124.000    20.5702   5.027458    36.3980       6555     4.5512     1.9687     1.8229 0.0000e+00
    123.000    20.6964   5.042959    36.4162       6620     4.5965     1.9883     1.8328 0.0000e+00
    122.000    20.6912   5.040899    36.4043       6634     4.6061     1.9902     1.8398 0.0000e+00
    121.000    20.7850   5.051184    36.4077       6647     4.6154     1.9926     1.8447 0.0000e+00
    120.000    20.8332   5.057024    36.4142       6660     4.6240     1.9920     1.8458 0.0000e+00
    119.000    20.8416   5.058274    36.4175       6673     4.6334     1.9924     1.8462 0.0000e+00
    118.000    20.8447   5.058780    36.4192       6691     4.6456     1.9991     1.8504 0.0000e+00
    117.000    20.8845   5.063353    36.4226       6740     4.6798     2.0043     1.8588 0.0000e+00
    116.000    20.9002   5.065201    36.4245       6787     4.7123     2.0075     1.8673 0.0000e+00
    115.000    20.9112   5.066118    36.4229       6806     4.7260     2.0114     1.8685 0.0000e+00
    114.000    20.9658   5.071950    36.4238       6827     4.7400     2.0144     1.8683 0.0000e+00
    113.000    20.9971   5.075611    36.4269       6848     4.7546     2.0185     1.8669 0.0000e+00
    112.000    21.0440   5.080419    36.4260       6870     4.7705     2.0238     1.8680 0.0000e+00
    111.000    21.0813   5.084940    36.4310       6895     4.7876     2.0233     1.8718 0.0000e+00
    110.000    21.1549   5.093084    36.4342       6924     4.8076     2.0255     1.8758 0.0000e+00
    109.000    21.1965   5.098092    36.4394       6964     4.8355     2.0315     1.8811 0.0000e+00
    108.000    21.3740   5.114876    36.4235       6992     4.8550     2.0411     1.8873 0.0000e+00
    107.000    21.4230   5.122273    36.4415       7011     4.8679     2.0421     1.8907 0.0000e+00
    106.000    21.5659   5.137434    36.4419       7030     4.8815     2.0500     1.8977 0.0000e+00
    105.000    21.6089   5.143443    36.4537       7057     4.9000     2.0630     1.9033 0.0000e+00
    104.000    21.6760   5.149326    36.4442       7086     4.9200     2.0758     1.9087 0.0000e+00
    103.000    21.9451   5.175774    36.4273       7109     4.9358     2.0817     1.9143 0.0000e+00
    102.000    21.9437   5.178512    36.4506       7130     4.9508     2.0857     1.9229 0.0000e+00
    101.000    22.0612   5.190514    36.4469       7166     4.9756     2.1035     1.9371 0.0000e+00
    100.000    22.1364   5.199539    36.4553       7209     5.0058     2.1153     1.9514 0.0000e+00
     99.000    22.1989   5.204185    36.4398       7233     5.0221     2.1219     1.9530 0.0000e+00
     98.000    22.2876   5.214174    36.4444       7251     5.0345     2.1282     1.9561 0.0000e+00
     97.000    22.3212   5.218362    36.4495       7268     5.0462     2.1322     1.9604 0.0000e+00
     96.000    22.3984   5.225696    36.4427       7286     5.0588     2.1344     1.9629 0.0000e+00
     95.000    22.6391   5.249111    36.4253       7309     5.0750     2.1405     1.9699 0.0000e+00
     94.000    22.7130   5.258047    36.4338       7342     5.0979     2.1595     1.9851 0.0000e+00
     93.000    22.8530   5.270981    36.4184       7374     5.1203     2.1719     2.0026 0.0000e+00
     92.000    23.0657   5.291468    36.4012       7402     5.1394     2.1752     2.0082 0.0000e+00
     91.000    23.0674   5.293348    36.4147       7431     5.1596     2.1909     2.0191 0.0000e+00
     90.000    23.1921   5.305496    36.4058       7463     5.1819     2.1961     2.0288 0.0000e+00
     89.000    23.4431   5.326930    36.3642       7490     5.2005     2.2031     2.0338 0.0000e+00
     88.000    23.6342   5.347398    36.3646       7511     5.2151     2.2127     2.0410 0.0000e+00
     87.000    23.8583   5.367429    36.3343       7531     5.2291     2.2289     2.0520 0.0000e+00
     86.000    24.2623   5.402805    36.2741       7552     5.2435     2.2553     2.0598 0.0000e+00
     85.000    24.3130   5.414138    36.3191       7573     5.2586     2.2789     2.0763 0.0000e+00
     84.000    24.6068   5.438783    36.2671       7596     5.2746     2.2885     2.0964 0.0000e+00
     83.000    24.9000   5.466219    36.2368       7631     5.2989     2.3068     2.1146 0.0000e+00
     82.000    25.0839   5.485543    36.2336       7676     5.3298     2.3269     2.1359 0.0000e+00
     81.000    25.3454   5.506500    36.1805       7702     5.3479     2.3323     2.1491 0.0000e+00
     80.000    25.5767   5.529308    36.1652       7722     5.3618     2.3383     2.1525 0.0000e+00
     79.000    25.8125   5.549786    36.1293       7741     5.3750     2.3601     2.1689 0.0000e+00
     78.000    25.9356   5.563143    36.1302       7761     5.3891     2.3791     2.1832 0.0000e+00
     77.000    26.0877   5.576906    36.1111       7784     5.4049     2.3927     2.1938 0.0000e+00
     76.000    26.2096   5.587849    36.0954       7809     5.4220     2.3988     2.2124 0.0000e+00
     75.000    26.2875   5.594317    36.0816       7837     5.4417     2.4029     2.2287 0.0000e+00
     74.000    26.4459   5.608324    36.0594       7876     5.4686     2.4211     2.2398 0.0000e+00
     73.000    26.4772   5.611335    36.0571       7918     5.4978     2.4327     2.2494 0.0000e+00
     72.000    26.5430   5.616487    36.0433       7937     5.5114     2.4372     2.2561 0.0000e+00
     71.000    26.5578   5.618572    36.0472       7951     5.5211     2.4355     2.2590 0.0000e+00
     70.000    26.6453   5.626506    36.0365       7964     5.5298     2.4372     2.2614 0.0000e+00
     69.000    26.7338   5.637480    36.0470       7976     5.5385     2.4395     2.2613 0.0000e+00
     68.000    26.7934   5.643828    36.0467       7992     5.5496     2.4424     2.2636 0.0000e+00
     67.000    27.0265   5.668306    36.0417       8063     5.5984     2.4486     2.2740 0.0000e+00
     66.000    27.1288   5.681099    36.0544       8103     5.6265     2.4552     2.2774 0.0000e+00
     65.000    27.2018   5.689172    36.0559       8116     5.6352     2.4607     2.2803 0.0000e+00
     64.000    27.3060   5.700852    36.0589       8129     5.6442     2.4638     2.2824 0.0000e+00
     63.000    27.3518   5.707532    36.0715       8144     5.6545     2.4731     2.2828 0.0000e+00
     62.000    27.3723   5.710248    36.0753       8163     5.6682     2.4802     2.2860 0.0000e+00
     61.000    27.5310   5.727784    36.0778       8194     5.6893     2.4791     2.2906 0.0000e+00
     60.000    27.6497   5.741656    36.0851       8225     5.7114     2.4822     2.3026 0.0000e+00
     59.000    27.8221   5.763054    36.1043       8261     5.7363     2.4960     2.3053 0.0000e+00
     58.000    27.8705   5.769903    36.1158       8314     5.7727     2.5047     2.3189 0.0000e+00
     57.000    27.9068   5.774167    36.1183       8336     5.7885     2.5069     2.3313 0.0000e+00
     56.000    27.9109   5.774949    36.1210       8352     5.7993     2.5107     2.3316 0.0000e+00
     55.000    27.9173   5.775530    36.1205       8365     5.8085     2.5103     2.3310 0.0000e+00
     54.000    27.9259   5.776105    36.1182       8378     5.8175     2.5139     2.3306 0.0000e+00
     53.000    27.9558   5.778811    36.1146       8392     5.8271     2.5177     2.3291 0.0000e+00
     52.000    27.9923   5.783556    36.1204       8412     5.8407     2.5195     2.3305 0.0000e+00
     51.000    28.0554   5.792191    36.1331       8483     5.8905     2.5185     2.3394 0.0000e+00
     50.000    28.0417   5.790708    36.1335       8520     5.9156     2.5217     2.3426 0.0000e+00
     49.000    28.0464   5.791256    36.1341       8539     5.9290     2.5298     2.3380 0.0000e+00
     48.000    28.0539   5.792280    36.1358       8557     5.9413     2.5331     2.3391 0.0000e+00
     47.000    28.0567   5.792824    36.1378       8573     5.9531     2.5258     2.3405 0.0000e+00
     46.000    28.0684   5.794121    36.1382       8590     5.9649     2.5267     2.3456 0.0000e+00
     45.000    28.0793   5.795659    36.1410       8609     5.9778     2.5312     2.3505 0.0000e+00
     44.000    28.0862   5.796666    36.1432       8636     5.9967     2.5340     2.3531 0.0000e+00
     43.000    28.0907   5.797497    36.1458       8691     6.0350     2.5209     2.3496 0.0000e+00
     42.000    28.0952   5.798078    36.1468       8724     6.0575     2.5267     2.3537 0.0000e+00
     41.000    28.0963   5.798255    36.1475       8743     6.0706     2.5269     2.3521 0.0000e+00
     40.000    28.0965   5.798282    36.1478       8761     6.0837     2.5239     2.3510 0.0000e+00
     39.000    28.0993   5.798667    36.1487       8785     6.1003     2.5275     2.3530 0.0000e+00
     38.000    28.1013   5.799007    36.1499       8814     6.1204     2.5286     2.3593 0.0000e+00
     37.000    28.1040   5.799171    36.1493       8839     6.1375     2.5268     2.3605 0.0000e+00
     36.000    28.1054   5.799275    36.1492       8862     6.1533     2.5318     2.3617 0.0000e+00
     35.000    28.1058   5.799274    36.1492       8886     6.1701     2.5350     2.3594 0.0000e+00
     34.000    28.1066   5.799299    36.1491       8912     6.1884     2.5383     2.3598 0.0000e+00
     33.000    28.1069   5.799343    36.1494       8943     6.2098     2.5318     2.3591 0.0000e+00
     32.000    28.1078   5.799492    36.1501       8980     6.2356     2.5341     2.3564 0.0000e+00
     31.000    28.1091   5.799630    36.1504       9015     6.2594     2.5321     2.3554 0.0000e+00
     30.000    28.1144   5.800359    36.1518       9036     6.2740     2.5391     2.3529 0.0000e+00
     29.000    28.1145   5.800390    36.1522       9053     6.2859     2.5423     2.3521 0.0000e+00
     28.000    28.1146   5.800353    36.1522       9070     6.2980     2.5408     2.3504 0.0000e+00
     27.000    28.1148   5.800330    36.1522       9092     6.3129     2.5398     2.3548 0.0000e+00
     26.000    28.1193   5.800926    36.1533       9122     6.3339     2.5345     2.3565 0.0000e+00
     25.000    28.1214   5.801221    36.1540       9158     6.3593     2.5346     2.3548 0.0000e+00
     24.000    28.1263   5.801842    36.1549       9189     6.3808     2.5395     2.3511 0.0000e+00
     23.000    28.1260   5.801816    36.1553       9217     6.4002     2.5426     2.3555 0.0000e+00
     22.000    28.1260   5.801823    36.1556       9244     6.4189     2.5456     2.3630 0.0000e+00
     21.000    28.1259   5.801751    36.1555       9268     6.4354     2.5430     2.3636 0.0000e+00
     20.000    28.1259   5.801726    36.1557       9290     6.4505     2.5383     2.3630 0.0000e+00
     19.000    28.1272   5.801818    36.1556       9312     6.4657     2.5429     2.3652 0.0000e+00
     18.000    28.1278   5.801912    36.1561       9335     6.4820     2.5462     2.3626 0.0000e+00
     17.000    28.1277   5.801879    36.1562       9363     6.5011     2.5411     2.3579 0.0000e+00
     16.000    28.1276   5.801816    36.1562       9402     6.5284     2.5421     2.3643 0.0000e+00
     15.000    28.1273   5.801733    36.1562       9437     6.5530     2.5354     2.3695 0.0000e+00
     14.000    28.1278   5.801734    36.1561       9457     6.5669     2.5389     2.3661 0.0000e+00
     13.000    28.1290   5.801859    36.1564       9474     6.5787     2.5419     2.3653 0.0000e+00
     12.000    28.1312   5.802264    36.1578       9493     6.5913     2.5462     2.3641 0.0000e+00
     11.000    28.1350   5.802933    36.1599       9517     6.6085     2.5451     2.3647 0.0000e+00
     10.000    28.1363   5.803223    36.1613       9552     6.6329     2.5433     2.3703 0.0000e+00
      9.000    28.1372   5.803380    36.1620       9598     6.6646     2.5441     2.3677 0.0000e+00
      8.000    28.1384   5.803566    36.1627       9634     6.6895     2.5381     2.3693 0.0000e+00
      7.000    28.1392   5.803661    36.1631       9670     6.7145     2.5512     2.3693 0.0000e+00
      6.000    28.1364   5.803248    36.1626       9738     6.7616     2.5498     2.3715 0.0000e+00
      5.000    28.1353   5.803058    36.1624       9817     6.8164     2.5502     2.3691 0.0000e+00
      4.000    28.1322   5.802646    36.1622       9879     6.8597     2.5456     2.3699 0.0000e+00
      3.000    28.1257   5.801744    36.1611      10102     7.0144     2.5530     2.3684 0.0000e+00
      2.000    28.1282   5.801978    36.1612      10233     7.1058     2.5537     2.3713 0.0000e+00
      1.000    28.1277   5.801889    36.1613      10275     7.1344     2.5550     2.3735 0.0000e+00
