HB2407/CTD039.cnv
* Sea-Bird SBE 9 Data File:
* FileName = C:\cruise\data\CTD039.hex
* Software Version Seasave V 7.26.7.121
* Temperature SN = 4591
* Conductivity SN = 6006
* Number of Bytes Per Scan = 37
* Number of Voltage Words = 4
* Number of Scans Averaged by the Deck Unit = 1
* NMEA Latitude = 38 32.06 N
* NMEA Longitude = 074 52.75 W
* NMEA UTC (Time) = Sep 17 2024 16:52:02
* NMEA baud rate = 4800
** Ship: Bigelow HB2407
** Program:  Fall Bottom Trawl Survey
** Chief Scientist: John Galbraith
# nquan = 9
# nvalues = 27                          
# units = specified
# name 0 = depSM: Depth [salt water, m]
# name 1 = t090C: Temperature [ITS-90, deg C]
# name 2 = c0S/m: Conductivity [S/m]
# name 3 = sal00: Salinity, Practical [PSU]
# name 4 = scan: Scan Count
# name 5 = timeM: Time, Elapsed [minutes]
# name 6 = sbeox0V: Oxygen raw, SBE 43 [V]
# name 7 = sbeox1V: Oxygen raw, SBE 43, 2 [V]
# name 8 = flag: flag
# span 0 =      1.000,     15.000       
# span 1 =    22.0285,    22.1084       
# span 2 =   4.464896,   4.471637       
# span 3 =    30.8289,    30.8341       
# span 4 =         11,       3190       
# span 5 =     0.0072,     2.2146       
# span 6 =     2.4668,     2.4977       
# span 7 =     2.2831,     2.3126       
# span 8 = 0.0000e+00, 0.0000e+00       
# interval = meters: 1                  
# start_time = Sep 17 2024 16:52:02 [NMEA time, header]
# bad_flag = -9.990e-29
*END*
      3.000    22.0585   4.467174    30.8334         11     0.0072     2.4842     2.2990 0.0000e+00
      4.000    22.0630   4.467610    30.8332        262     0.1814     2.4828     2.2997 0.0000e+00
      5.000    22.0686   4.467610    30.8289        428     0.2962     2.4831     2.3026 0.0000e+00
      6.000    22.0701   4.468264    30.8326        438     0.3033     2.4872     2.2973 0.0000e+00
      7.000    22.0716   4.468485    30.8330        458     0.3176     2.4887     2.2989 0.0000e+00
      8.000    22.0715   4.468420    30.8322        547     0.3789     2.4827     2.2982 0.0000e+00
      9.000    22.0674   4.468216    30.8333        600     0.4157     2.4860     2.3006 0.0000e+00
     10.000    22.0635   4.467938    30.8335        642     0.4453     2.4867     2.3007 0.0000e+00
     11.000    22.0487   4.466660    30.8339        694     0.4815     2.4774     2.2967 0.0000e+00
     12.000    22.0462   4.466481    30.8340        750     0.5199     2.4767     2.2969 0.0000e+00
     13.000    22.0421   4.466151    30.8341        796     0.5521     2.4806     2.2960 0.0000e+00
     14.000    22.0447   4.466391    30.8338        825     0.5722     2.4773     2.2945 0.0000e+00
     15.000    22.0315   4.465223    30.8338       1016     0.7052     2.4769     2.2907 0.0000e+00
     14.000    22.0285   4.464896    30.8338       1093     0.7581     2.4668     2.2913 0.0000e+00
     13.000    22.0579   4.467423    30.8326       2202     1.5284     2.4759     2.2831 0.0000e+00
     12.000    22.0898   4.470181    30.8316       2301     1.5975     2.4763     2.2907 0.0000e+00
     11.000    22.0909   4.470266    30.8318       2312     1.6046     2.4806     2.2932 0.0000e+00
     10.000    22.0909   4.470251    30.8320       2331     1.6183     2.4827     2.2911 0.0000e+00
      9.000    22.0740   4.468442    30.8303       2409     1.6725     2.4873     2.2940 0.0000e+00
      8.000    22.0791   4.468935    30.8308       2448     1.6996     2.4851     2.2956 0.0000e+00
      7.000    22.0821   4.469192    30.8310       2508     1.7409     2.4931     2.2982 0.0000e+00
      6.000    22.0860   4.469462    30.8305       2555     1.7738     2.4898     2.2961 0.0000e+00
      5.000    22.0943   4.470258    30.8311       2569     1.7832     2.4862     2.2974 0.0000e+00
      4.000    22.0922   4.470058    30.8314       2581     1.7918     2.4898     2.2993 0.0000e+00
      3.000    22.0903   4.469862    30.8315       2595     1.8017     2.4901     2.2983 0.0000e+00
      2.000    22.1084   4.471637    30.8326       3190     2.2146     2.4977     2.3126 0.0000e+00
      1.000    22.1032   4.471110    30.8326       3123     2.1682     2.4925     2.3054 0.0000e+00
