HB2407/CTD043.cnv
* Sea-Bird SBE 9 Data File:
* FileName = C:\cruise\data\CTD043.hex
* Software Version Seasave V 7.26.7.121
* Temperature SN = 4591
* Conductivity SN = 6006
* Number of Bytes Per Scan = 37
* Number of Voltage Words = 4
* Number of Scans Averaged by the Deck Unit = 1
* NMEA Latitude = 38 02.38 N
* NMEA Longitude = 074 58.67 W
* NMEA UTC (Time) = Sep 18 2024 01:34:11
* NMEA baud rate = 4800
** Ship: Bigelow HB2407
** Program:  Fall Bottom Trawl Survey
** Chief Scientist: John Galbraith
# nquan = 9
# nvalues = 28                          
# units = specified
# name 0 = depSM: Depth [salt water, m]
# name 1 = t090C: Temperature [ITS-90, deg C]
# name 2 = c0S/m: Conductivity [S/m]
# name 3 = sal00: Salinity, Practical [PSU]
# name 4 = scan: Scan Count
# name 5 = timeM: Time, Elapsed [minutes]
# name 6 = sbeox0V: Oxygen raw, SBE 43 [V]
# name 7 = sbeox1V: Oxygen raw, SBE 43, 2 [V]
# name 8 = flag: flag
# span 0 =      1.000,     16.000       
# span 1 =    21.7005,    21.7122       
# span 2 =   4.431987,   4.434733       
# span 3 =    30.8150,    30.8281       
# span 4 =        228,       3069       
# span 5 =     0.1575,     2.1308       
# span 6 =     2.5448,     2.5608       
# span 7 =     2.3604,     2.3700       
# span 8 = 0.0000e+00, 0.0000e+00       
# interval = meters: 1                  
# start_time = Sep 18 2024 01:34:11 [NMEA time, header]
# bad_flag = -9.990e-29
*END*
      4.000    21.7011   4.432306    30.8176        228     0.1575     2.5583     2.3698 0.0000e+00
      5.000    21.7006   4.432263    30.8173        362     0.2509     2.5608     2.3660 0.0000e+00
      6.000    21.7013   4.432373    30.8174        411     0.2847     2.5530     2.3673 0.0000e+00
      7.000    21.7017   4.432495    30.8177        455     0.3153     2.5533     2.3676 0.0000e+00
      8.000    21.7019   4.432563    30.8178        546     0.3786     2.5532     2.3632 0.0000e+00
      9.000    21.7020   4.432593    30.8176        588     0.4078     2.5539     2.3636 0.0000e+00
     10.000    21.7022   4.432627    30.8175        610     0.4228     2.5509     2.3634 0.0000e+00
     11.000    21.7022   4.432660    30.8174        671     0.4651     2.5529     2.3678 0.0000e+00
     12.000    21.7026   4.432771    30.8176        748     0.5187     2.5538     2.3626 0.0000e+00
     13.000    21.7028   4.432925    30.8184        803     0.5572     2.5504     2.3604 0.0000e+00
     14.000    21.7024   4.432876    30.8180        843     0.5845     2.5554     2.3621 0.0000e+00
     15.000    21.7050   4.433639    30.8218       1243     0.8622     2.5536     2.3652 0.0000e+00
     16.000    21.7076   4.434733    30.8281       1909     1.3247     2.5507     2.3619 0.0000e+00
     15.000    21.7066   4.434118    30.8244       1725     1.1975     2.5563     2.3693 0.0000e+00
     14.000    21.7020   4.432601    30.8162       2080     1.4440     2.5534     2.3657 0.0000e+00
     13.000    21.7016   4.432446    30.8156       2397     1.6640     2.5448     2.3643 0.0000e+00
     12.000    21.7029   4.432562    30.8159       2411     1.6734     2.5477     2.3691 0.0000e+00
     11.000    21.7029   4.432538    30.8160       2428     1.6854     2.5531     2.3700 0.0000e+00
     10.000    21.7031   4.432532    30.8161       2444     1.6962     2.5556     2.3673 0.0000e+00
      9.000    21.7030   4.432489    30.8161       2460     1.7073     2.5528     2.3638 0.0000e+00
      8.000    21.7024   4.432395    30.8162       2483     1.7237     2.5520     2.3653 0.0000e+00
      7.000    21.7018   4.432296    30.8161       2541     1.7641     2.5557     2.3662 0.0000e+00
      6.000    21.7014   4.432194    30.8159       2575     1.7872     2.5510     2.3663 0.0000e+00
      5.000    21.7005   4.432046    30.8157       2598     1.8038     2.5560     2.3685 0.0000e+00
      4.000    21.7005   4.431989    30.8156       2623     1.8205     2.5581     2.3690 0.0000e+00
      3.000    21.7005   4.431987    30.8158       2645     1.8361     2.5587     2.3694 0.0000e+00
      2.000    21.7122   4.432970    30.8155       2937     2.0390     2.5582     2.3686 0.0000e+00
      1.000    21.7031   4.432031    30.8150       3069     2.1308     2.5523     2.3651 0.0000e+00
