HB2407/CTD047.cnv
* Sea-Bird SBE 9 Data File:
* FileName = C:\cruise\data\CTD047.hex
* Software Version Seasave V 7.26.7.121
* Temperature SN = 4591
* Conductivity SN = 6006
* Number of Bytes Per Scan = 37
* Number of Voltage Words = 4
* Number of Scans Averaged by the Deck Unit = 1
* NMEA Latitude = 37 26.63 N
* NMEA Longitude = 075 25.20 W
* NMEA UTC (Time) = Sep 18 2024 17:39:03
* NMEA baud rate = 4800
** Ship: Bigelow HB2407
** Program:  Fall Bottom Trawl Survey
** Chief Scientist: John Galbraith
# nquan = 9
# nvalues = 33                          
# units = specified
# name 0 = depSM: Depth [salt water, m]
# name 1 = t090C: Temperature [ITS-90, deg C]
# name 2 = c0S/m: Conductivity [S/m]
# name 3 = sal00: Salinity, Practical [PSU]
# name 4 = scan: Scan Count
# name 5 = timeM: Time, Elapsed [minutes]
# name 6 = sbeox0V: Oxygen raw, SBE 43 [V]
# name 7 = sbeox1V: Oxygen raw, SBE 43, 2 [V]
# name 8 = flag: flag
# span 0 =      1.000,     18.000       
# span 1 =    21.8035,    22.1635       
# span 2 =   4.438604,   4.471353       
# span 3 =    30.7857,    30.8117       
# span 4 =        136,       3399       
# span 5 =     0.0937,     2.3598       
# span 6 =     2.5081,     2.6156       
# span 7 =     2.3228,     2.4242       
# span 8 = 0.0000e+00, 0.0000e+00       
# interval = meters: 1                  
# start_time = Sep 18 2024 17:39:03 [NMEA time, header]
# bad_flag = -9.990e-29
*END*
      3.000    22.1467   4.469837    30.7914        136     0.0937     2.6156     2.4192 0.0000e+00
      4.000    22.1495   4.470194    30.7918        260     0.1801     2.6136     2.4213 0.0000e+00
      5.000    22.1464   4.469933    30.7917        291     0.2011     2.6104     2.4242 0.0000e+00
      6.000    22.1505   4.470317    30.7914        326     0.2258     2.6147     2.4215 0.0000e+00
      7.000    22.1155   4.467421    30.7937        382     0.2647     2.6106     2.4220 0.0000e+00
      8.000    22.0226   4.460317    30.8045        460     0.3185     2.6138     2.4215 0.0000e+00
      9.000    21.9122   4.451142    30.8117        472     0.3272     2.6077     2.4191 0.0000e+00
     10.000    21.8801   4.448099    30.8107        487     0.3378     2.6055     2.4163 0.0000e+00
     11.000    21.8517   4.445135    30.8076        505     0.3503     2.5970     2.4109 0.0000e+00
     12.000    21.8397   4.443747    30.8051        576     0.3996     2.5438     2.3700 0.0000e+00
     13.000    21.8294   4.442695    30.8040        667     0.4628     2.5265     2.3406 0.0000e+00
     14.000    21.8298   4.442751    30.8038        679     0.4710     2.5309     2.3392 0.0000e+00
     15.000    21.8255   4.442120    30.8017        693     0.4808     2.5283     2.3358 0.0000e+00
     16.000    21.8217   4.441571    30.7998        708     0.4913     2.5183     2.3347 0.0000e+00
     17.000    21.8136   4.440262    30.7952        731     0.5067     2.5121     2.3367 0.0000e+00
     18.000    21.8035   4.438604    30.7892        754     0.5231     2.5195     2.3362 0.0000e+00
     17.000    21.8221   4.441306    30.7972        760     0.5271     2.5166     2.3307 0.0000e+00
     16.000    21.8279   4.442196    30.8003        793     0.5498     2.5142     2.3228 0.0000e+00
     15.000    21.8220   4.441370    30.7983       1560     1.0828     2.5081     2.3293 0.0000e+00
     14.000    21.8310   4.442639    30.8021       2415     1.6766     2.5176     2.3350 0.0000e+00
     13.000    21.8553   4.445568    30.8078       2543     1.7653     2.5210     2.3365 0.0000e+00
     12.000    21.8740   4.447172    30.8072       2604     1.8075     2.5398     2.3532 0.0000e+00
     11.000    21.9398   4.452050    30.7985       2622     1.8201     2.5426     2.3594 0.0000e+00
     10.000    21.9933   4.456768    30.7972       2641     1.8333     2.5488     2.3619 0.0000e+00
      9.000    22.0182   4.458777    30.7954       2664     1.8492     2.5643     2.3699 0.0000e+00
      8.000    22.0045   4.458211    30.8011       2694     1.8699     2.5756     2.3813 0.0000e+00
      7.000    21.9939   4.457237    30.8014       2730     1.8952     2.5832     2.3930 0.0000e+00
      6.000    22.0224   4.459181    30.7965       2771     1.9233     2.5878     2.3971 0.0000e+00
      5.000    22.1145   4.466223    30.7857       2805     1.9471     2.5983     2.4062 0.0000e+00
      4.000    22.1384   4.468845    30.7893       2835     1.9681     2.6057     2.4183 0.0000e+00
      3.000    22.1500   4.469978    30.7901       2935     2.0376     2.6106     2.4221 0.0000e+00
      2.000    22.1635   4.471353    30.7915       3211     2.2291     2.6149     2.4212 0.0000e+00
      1.000    22.1583   4.470851    30.7916       3399     2.3598     2.6110     2.4228 0.0000e+00
