HB2407/CTD046.cnv
* Sea-Bird SBE 9 Data File:
* FileName = C:\cruise\data\CTD046.hex
* Software Version Seasave V 7.26.7.121
* Temperature SN = 4591
* Conductivity SN = 6006
* Number of Bytes Per Scan = 37
* Number of Voltage Words = 4
* Number of Scans Averaged by the Deck Unit = 1
* NMEA Latitude = 37 28.51 N
* NMEA Longitude = 075 19.34 W
* NMEA UTC (Time) = Sep 18 2024 15:20:14
* NMEA baud rate = 4800
** Ship: Bigelow HB2407
** Program:  Fall Bottom Trawl Survey
** Chief Scientist: John Galbraith
# nquan = 9
# nvalues = 49                          
# units = specified
# name 0 = depSM: Depth [salt water, m]
# name 1 = t090C: Temperature [ITS-90, deg C]
# name 2 = c0S/m: Conductivity [S/m]
# name 3 = sal00: Salinity, Practical [PSU]
# name 4 = scan: Scan Count
# name 5 = timeM: Time, Elapsed [minutes]
# name 6 = sbeox0V: Oxygen raw, SBE 43 [V]
# name 7 = sbeox1V: Oxygen raw, SBE 43, 2 [V]
# name 8 = flag: flag
# span 0 =      1.000,     26.000       
# span 1 =    21.5465,    21.8381       
# span 2 =   4.448668,   4.462506       
# span 3 =    30.9489,    31.0582       
# span 4 =         94,       2468       
# span 5 =     0.0645,     1.7134       
# span 6 =     2.4940,     2.5797       
# span 7 =     2.3065,     2.3894       
# span 8 = 0.0000e+00, 0.0000e+00       
# interval = meters: 1                  
# start_time = Sep 18 2024 15:20:14 [NMEA time, header]
# bad_flag = -9.990e-29
*END*
      3.000    21.8320   4.461727    30.9527         94     0.0645     2.5768     2.3888 0.0000e+00
      4.000    21.8306   4.461639    30.9527        199     0.1372     2.5730     2.3889 0.0000e+00
      5.000    21.8305   4.461667    30.9526        247     0.1709     2.5764     2.3868 0.0000e+00
      6.000    21.8325   4.461864    30.9524        273     0.1889     2.5797     2.3876 0.0000e+00
      7.000    21.8333   4.461978    30.9524        294     0.2038     2.5784     2.3879 0.0000e+00
      8.000    21.8367   4.462317    30.9523        318     0.2203     2.5790     2.3894 0.0000e+00
      9.000    21.8381   4.462506    30.9525        346     0.2392     2.5713     2.3874 0.0000e+00
     10.000    21.8375   4.462474    30.9524        369     0.2556     2.5749     2.3819 0.0000e+00
     11.000    21.8243   4.461521    30.9541        389     0.2693     2.5731     2.3805 0.0000e+00
     12.000    21.7797   4.457567    30.9550        410     0.2842     2.5717     2.3744 0.0000e+00
     13.000    21.7598   4.455697    30.9544        440     0.3047     2.5709     2.3736 0.0000e+00
     14.000    21.7466   4.454507    30.9543        478     0.3311     2.5678     2.3720 0.0000e+00
     15.000    21.7286   4.454104    30.9638        509     0.3527     2.5525     2.3657 0.0000e+00
     16.000    21.6789   4.452613    30.9875        533     0.3697     2.5438     2.3551 0.0000e+00
     17.000    21.6377   4.450802    31.0027        556     0.3857     2.5380     2.3473 0.0000e+00
     18.000    21.5998   4.450228    31.0252        580     0.4019     2.5287     2.3374 0.0000e+00
     19.000    21.5688   4.449682    31.0429        604     0.4187     2.5225     2.3302 0.0000e+00
     20.000    21.5599   4.449191    31.0452        629     0.4359     2.5179     2.3271 0.0000e+00
     21.000    21.5516   4.448949    31.0490        654     0.4532     2.5112     2.3252 0.0000e+00
     22.000    21.5470   4.448852    31.0512        679     0.4710     2.5075     2.3205 0.0000e+00
     23.000    21.5465   4.449184    31.0539        711     0.4927     2.5054     2.3173 0.0000e+00
     24.000    21.5488   4.449672    31.0557        748     0.5188     2.4961     2.3158 0.0000e+00
     25.000    21.5512   4.450236    31.0580        804     0.5579     2.4992     2.3113 0.0000e+00
     26.000    21.5519   4.450360    31.0582       1377     0.9559     2.4940     2.3113 0.0000e+00
     25.000    21.5503   4.449750    31.0549       1449     1.0057     2.4989     2.3065 0.0000e+00
     24.000    21.5497   4.449629    31.0547       1586     1.1004     2.4956     2.3108 0.0000e+00
     23.000    21.5491   4.449425    31.0539       1642     1.1394     2.5021     2.3158 0.0000e+00
     22.000    21.5486   4.449314    31.0537       1669     1.1583     2.5015     2.3168 0.0000e+00
     21.000    21.5481   4.449065    31.0524       1698     1.1785     2.5000     2.3152 0.0000e+00
     20.000    21.5485   4.448728    31.0498       1724     1.1966     2.4984     2.3136 0.0000e+00
     19.000    21.5526   4.448668    31.0467       1746     1.2118     2.5016     2.3173 0.0000e+00
     18.000    21.5513   4.448680    31.0480       1765     1.2249     2.5020     2.3165 0.0000e+00
     17.000    21.5791   4.448976    31.0307       1783     1.2375     2.4990     2.3153 0.0000e+00
     16.000    21.6284   4.450323    31.0060       1811     1.2573     2.5051     2.3155 0.0000e+00
     15.000    21.7272   4.453406    30.9594       1865     1.2947     2.5142     2.3260 0.0000e+00
     14.000    21.7114   4.452689    30.9654       1891     1.3125     2.5262     2.3305 0.0000e+00
     13.000    21.7368   4.453356    30.9527       1908     1.3243     2.5336     2.3322 0.0000e+00
     12.000    21.7422   4.453615    30.9512       1924     1.3353     2.5390     2.3378 0.0000e+00
     11.000    21.7475   4.453947    30.9503       1940     1.3468     2.5404     2.3394 0.0000e+00
     10.000    21.7585   4.454813    30.9494       1960     1.3607     2.5498     2.3441 0.0000e+00
      9.000    21.7876   4.457463    30.9495       1995     1.3849     2.5638     2.3519 0.0000e+00
      8.000    21.8041   4.458872    30.9489       2042     1.4172     2.5744     2.3680 0.0000e+00
      7.000    21.8167   4.459995    30.9489       2066     1.4338     2.5745     2.3754 0.0000e+00
      6.000    21.8252   4.460768    30.9491       2083     1.4459     2.5727     2.3812 0.0000e+00
      5.000    21.8281   4.461074    30.9498       2100     1.4574     2.5739     2.3838 0.0000e+00
      4.000    21.8270   4.460978    30.9501       2119     1.4707     2.5765     2.3806 0.0000e+00
      3.000    21.8311   4.461443    30.9511       2363     1.6404     2.5785     2.3874 0.0000e+00
      2.000    21.8289   4.461216    30.9513       2459     1.7071     2.5769     2.3779 0.0000e+00
      1.000    21.8315   4.461367    30.9508       2468     1.7134     2.5736     2.3805 0.0000e+00
