HB2407/CTD050.cnv
* Sea-Bird SBE 9 Data File:
* FileName = C:\cruise\data\CTD050.hex
* Software Version Seasave V 7.26.7.121
* Temperature SN = 4591
* Conductivity SN = 6006
* Number of Bytes Per Scan = 37
* Number of Voltage Words = 4
* Number of Scans Averaged by the Deck Unit = 1
* NMEA Latitude = 36 16.51 N
* NMEA Longitude = 075 08.93 W
* NMEA UTC (Time) = Sep 19 2024 06:33:50
* NMEA baud rate = 4800
** Ship: Bigelow HB2407
** Program:  Fall Bottom Trawl Survey
** Chief Scientist: John Galbraith
# nquan = 9
# nvalues = 60                          
# units = specified
# name 0 = depSM: Depth [salt water, m]
# name 1 = t090C: Temperature [ITS-90, deg C]
# name 2 = c0S/m: Conductivity [S/m]
# name 3 = sal00: Salinity, Practical [PSU]
# name 4 = scan: Scan Count
# name 5 = timeM: Time, Elapsed [minutes]
# name 6 = sbeox0V: Oxygen raw, SBE 43 [V]
# name 7 = sbeox1V: Oxygen raw, SBE 43, 2 [V]
# name 8 = flag: flag
# span 0 =      2.000,     32.000       
# span 1 =    17.4512,    22.5136       
# span 2 =   4.181730,   4.688721       
# span 3 =    31.8354,    32.5206       
# span 4 =       -289,       2310       
# span 5 =    -0.2012,     1.6037       
# span 6 =     2.4308,     2.5948       
# span 7 =     2.2623,     2.3960       
# span 8 = 0.0000e+00, 0.0000e+00       
# interval = meters: 1                  
# start_time = Sep 19 2024 06:33:50 [NMEA time, header]
# bad_flag = -9.990e-29
*END*
      3.000    22.5056   4.659874    31.9941       -289    -0.2012     2.5745     2.3878 0.0000e+00
      4.000    22.5088   4.659987    31.9923        358     0.2479     2.5766     2.3809 0.0000e+00
      5.000    22.5092   4.660046    31.9921        300     0.2074     2.5786     2.3896 0.0000e+00
      6.000    22.5096   4.660121    31.9921        328     0.2270     2.5818     2.3942 0.0000e+00
      7.000    22.5122   4.660482    31.9926        352     0.2435     2.5768     2.3960 0.0000e+00
      8.000    22.5125   4.660523    31.9925        370     0.2561     2.5751     2.3936 0.0000e+00
      9.000    22.5136   4.660696    31.9926        387     0.2677     2.5787     2.3924 0.0000e+00
     10.000    22.5118   4.660584    31.9928        407     0.2817     2.5817     2.3912 0.0000e+00
     11.000    22.5058   4.659876    31.9914        440     0.3047     2.5758     2.3904 0.0000e+00
     12.000    22.4259   4.649897    31.9730        479     0.3321     2.5679     2.3852 0.0000e+00
     13.000    21.9567   4.596001    31.9005        501     0.3474     2.5652     2.3872 0.0000e+00
     14.000    21.7390   4.571614    31.8710        521     0.3608     2.5566     2.3815 0.0000e+00
     15.000    21.6543   4.564085    31.8744        546     0.3784     2.5470     2.3732 0.0000e+00
     16.000    21.6019   4.564102    31.9130        587     0.4071     2.5455     2.3687 0.0000e+00
     17.000    21.5542   4.574323    32.0280        620     0.4301     2.5443     2.3710 0.0000e+00
     18.000    21.5128   4.589788    32.1797        642     0.4452     2.5482     2.3706 0.0000e+00
     19.000    21.9825   4.670630    32.4594        663     0.4595     2.5519     2.3654 0.0000e+00
     20.000    22.0884   4.688721    32.5206        685     0.4747     2.5631     2.3695 0.0000e+00
     21.000    21.9635   4.676394    32.5180        708     0.4911     2.5728     2.3761 0.0000e+00
     22.000    21.4893   4.623797    32.4628        731     0.5068     2.5706     2.3774 0.0000e+00
     23.000    19.5356   4.412195    32.2548        753     0.5220     2.5554     2.3702 0.0000e+00
     24.000    18.0708   4.257254    32.1099        781     0.5415     2.4840     2.3360 0.0000e+00
     25.000    17.7027   4.214968    32.0426        838     0.5812     2.4308     2.2895 0.0000e+00
     26.000    17.6446   4.207556    32.0249        871     0.6041     2.4546     2.2862 0.0000e+00
     27.000    17.6237   4.204827    32.0178        888     0.6160     2.4535     2.2826 0.0000e+00
     28.000    17.5531   4.196952    32.0060        904     0.6268     2.4528     2.2809 0.0000e+00
     29.000    17.5254   4.193647    31.9994        920     0.6380     2.4565     2.2790 0.0000e+00
     30.000    17.4620   4.186571    31.9887        939     0.6513     2.4583     2.2765 0.0000e+00
     31.000    17.4512   4.184783    31.9816        964     0.6685     2.4511     2.2713 0.0000e+00
     32.000    17.4523   4.184353    31.9767        984     0.6826     2.4529     2.2674 0.0000e+00
     31.000    17.4879   4.187500    31.9759        999     0.6932     2.4545     2.2678 0.0000e+00
     30.000    17.4530   4.181730    31.9546       1412     0.9798     2.4466     2.2641 0.0000e+00
     29.000    17.4718   4.183382    31.9541       1625     1.1276     2.4459     2.2677 0.0000e+00
     28.000    17.4729   4.183161    31.9518       1646     1.1422     2.4444     2.2655 0.0000e+00
     27.000    17.4952   4.185180    31.9518       1668     1.1576     2.4458     2.2623 0.0000e+00
     26.000    17.5267   4.188413    31.9549       1691     1.1740     2.4503     2.2632 0.0000e+00
     25.000    17.5784   4.193781    31.9602       1716     1.1913     2.4527     2.2677 0.0000e+00
     24.000    17.6372   4.199564    31.9636       1746     1.2119     2.4538     2.2724 0.0000e+00
     23.000    17.8529   4.221271    31.9786       1782     1.2367     2.4608     2.2740 0.0000e+00
     22.000    18.6055   4.291930    31.9847       1810     1.2563     2.4749     2.2809 0.0000e+00
     21.000    19.7119   4.410572    32.1094       1831     1.2707     2.5117     2.2904 0.0000e+00
     20.000    20.9148   4.536243    32.2049       1849     1.2831     2.5713     2.3085 0.0000e+00
     19.000    21.5128   4.610155    32.3393       1866     1.2955     2.5948     2.3311 0.0000e+00
     18.000    21.6617   4.633295    32.4092       1887     1.3096     2.5903     2.3612 0.0000e+00
     17.000    21.6192   4.611082    32.2671       1924     1.3356     2.5763     2.3743 0.0000e+00
     16.000    21.4616   4.576312    32.1130       1977     1.3723     2.5558     2.3661 0.0000e+00
     15.000    21.5811   4.567293    31.9537       2000     1.3883     2.5578     2.3613 0.0000e+00
     14.000    21.5697   4.559511    31.9015       2020     1.4019     2.5588     2.3616 0.0000e+00
     13.000    21.5930   4.556766    31.8632       2038     1.4147     2.5581     2.3638 0.0000e+00
     12.000    21.6451   4.559499    31.8464       2056     1.4272     2.5518     2.3655 0.0000e+00
     11.000    21.7331   4.566361    31.8354       2075     1.4404     2.5492     2.3651 0.0000e+00
     10.000    21.8877   4.583622    31.8561       2097     1.4558     2.5540     2.3669 0.0000e+00
      9.000    22.2802   4.628355    31.9146       2128     1.4773     2.5648     2.3719 0.0000e+00
      8.000    22.3605   4.639130    31.9392       2167     1.5039     2.5712     2.3777 0.0000e+00
      7.000    22.4472   4.649364    31.9548       2200     1.5273     2.5747     2.3789 0.0000e+00
      6.000    22.4755   4.653678    31.9675       2229     1.5474     2.5808     2.3836 0.0000e+00
      5.000    22.4811   4.654573    31.9707       2250     1.5619     2.5792     2.3857 0.0000e+00
      4.000    22.4783   4.654341    31.9712       2267     1.5738     2.5804     2.3867 0.0000e+00
      3.000    22.4844   4.655288    31.9743       2284     1.5857     2.5814     2.3882 0.0000e+00
      2.000    22.4904   4.656184    31.9772       2310     1.6037     2.5749     2.3849 0.0000e+00
