HB2407/CTD024.cnv
* Sea-Bird SBE 9 Data File:
* FileName = C:\cruise\data\CTD024.hex
* Software Version Seasave V 7.26.7.121
* Temperature SN = 4591
* Conductivity SN = 6006
* Number of Bytes Per Scan = 37
* Number of Voltage Words = 4
* Number of Scans Averaged by the Deck Unit = 1
* NMEA Latitude = 36 52.97 N
* NMEA Longitude = 074 37.70 W
* NMEA UTC (Time) = Sep 10 2024 21:32:17
* NMEA baud rate = 4800
** Ship: Bigelow HB2407
** Program:  Fall Bottom Trawl Survey
** Chief Scientist: John Galbraith
# nquan = 9
# nvalues = 687                         
# units = specified
# name 0 = depSM: Depth [salt water, m]
# name 1 = t090C: Temperature [ITS-90, deg C]
# name 2 = c0S/m: Conductivity [S/m]
# name 3 = sal00: Salinity, Practical [PSU]
# name 4 = scan: Scan Count
# name 5 = timeM: Time, Elapsed [minutes]
# name 6 = sbeox0V: Oxygen raw, SBE 43 [V]
# name 7 = sbeox1V: Oxygen raw, SBE 43, 2 [V]
# name 8 = flag: flag
# span 0 =      1.000,    345.000       
# span 1 =    -2.7708,    23.2182       
# span 2 =   3.395104,   4.858425       
# span 3 =    32.1731,   102.5950       
# span 4 =        163,      20576       
# span 5 =     0.1125,    14.2883       
# span 6 =     1.5821,     2.9225       
# span 7 =     1.4624,     2.6310       
# span 8 = 0.0000e+00, 0.0000e+00       
# interval = meters: 1                  
# start_time = Sep 10 2024 21:32:17 [NMEA time, header]
# bad_flag = -9.990e-29
*END*
[from data line 161]
    164.000    12.7814   4.139086    35.5410       4615     3.2041     1.7031     1.5754 0.0000e+00
    165.000    12.7695   4.137783    35.5393       4639     3.2205     1.7019     1.5724 0.0000e+00
    166.000    12.7352   4.134318    35.5379       4662     3.2365     1.7012     1.5721 0.0000e+00
    167.000    12.7047   4.131134    35.5355       4684     3.2520     1.7010     1.5718 0.0000e+00
    168.000    12.6213   4.122846    35.5339       4708     3.2686     1.6988     1.5721 0.0000e+00
    169.000    12.4748   4.107772    35.5263       4737     3.2891     1.6942     1.5699 0.0000e+00
    170.000    12.1617   4.074611    35.5008       4773     3.3141     1.6855     1.5634 0.0000e+00
    171.000    11.9246   4.049919    35.4847       4806     3.3369     1.6745     1.5547 0.0000e+00
    172.000    11.8105   4.036861    35.4650       4833     3.3555     1.6637     1.5468 0.0000e+00
    173.000    11.8781   4.042693    35.4573       4857     3.3721     1.6578     1.5400 0.0000e+00
    174.000    11.8762   4.042659    35.4583       4880     3.3881     1.6543     1.5347 0.0000e+00
    175.000    11.8418   4.039385    35.4586       4903     3.4043     1.6524     1.5311 0.0000e+00
    176.000    11.8071   4.035373    35.4518       4927     3.4212     1.6512     1.5288 0.0000e+00
    177.000    11.8000   4.034276    35.4474       4955     3.4400     1.6490     1.5265 0.0000e+00
    178.000    11.7927   4.033507    35.4464       4984     3.4607     1.6463     1.5253 0.0000e+00
    179.000    11.7895   4.032992    35.4439       5012     3.4802     1.6457     1.5234 0.0000e+00
    180.000    11.7939   4.033259    35.4419       5037     3.4973     1.6444     1.5219 0.0000e+00
    181.000    11.7995   4.034005    35.4435       5060     3.5135     1.6430     1.5219 0.0000e+00
    182.000    11.7962   4.033588    35.4420       5085     3.5304     1.6435     1.5220 0.0000e+00
    183.000    11.7926   4.033259    35.4418       5113     3.5502     1.6417     1.5213 0.0000e+00
    184.000    11.7785   4.031643    35.4389       5146     3.5732     1.6415     1.5188 0.0000e+00
    185.000    11.7776   4.031506    35.4380       5177     3.5944     1.6418     1.5183 0.0000e+00
    186.000    11.7743   4.031154    35.4372       5204     3.6133     1.6407     1.5170 0.0000e+00
    187.000    11.7649   4.030201    35.4364       5229     3.6303     1.6404     1.5170 0.0000e+00
    188.000    11.7590   4.029472    35.4344       5252     3.6463     1.6413     1.5187 0.0000e+00
    189.000    11.7523   4.028800    35.4338       5275     3.6623     1.6403     1.5191 0.0000e+00
    190.000    11.7614   4.029706    35.4335       5299     3.6788     1.6391     1.5191 0.0000e+00
    191.000    11.7428   4.027925    35.4333       5325     3.6973     1.6389     1.5177 0.0000e+00
    192.000    11.7234   4.025896    35.4314       5355     3.7178     1.6376     1.5171 0.0000e+00
    193.000    11.6980   4.023141    35.4281       5384     3.7384     1.6382     1.5142 0.0000e+00
    194.000    11.6667   4.020372    35.4303       5412     3.7574     1.6384     1.5135 0.0000e+00
    195.000    11.5488   4.008475    35.4251       5437     3.7747     1.6378     1.5123 0.0000e+00
    196.000    11.4529   3.998491    35.4178       5462     3.7921     1.6328     1.5088 0.0000e+00
    197.000    11.3605   3.988381    35.4057       5488     3.8107     1.6276     1.5046 0.0000e+00
    198.000    11.2711   3.979087    35.3987       5518     3.8312     1.6225     1.5027 0.0000e+00
    199.000    11.2237   3.973885    35.3920       5548     3.8519     1.6179     1.4994 0.0000e+00
    200.000    11.1767   3.968796    35.3861       5575     3.8706     1.6142     1.4958 0.0000e+00
    201.000    11.1205   3.963086    35.3827       5599     3.8872     1.6118     1.4934 0.0000e+00
    202.000    11.0527   3.956248    35.3793       5621     3.9031     1.6098     1.4920 0.0000e+00
    203.000    10.9585   3.946127    35.3683       5645     3.9195     1.6067     1.4897 0.0000e+00
    204.000    10.9360   3.943297    35.3613       5672     3.9380     1.6039     1.4879 0.0000e+00
    205.000    10.9160   3.941150    35.3585       5701     3.9583     1.6014     1.4858 0.0000e+00
    206.000    10.8767   3.937276    35.3571       5730     3.9784     1.6008     1.4840 0.0000e+00
    207.000    10.7612   3.925602    35.3510       5759     3.9983     1.6012     1.4828 0.0000e+00
    208.000    10.7157   3.920361    35.3418       5787     4.0182     1.5984     1.4815 0.0000e+00
    209.000    10.6791   3.916576    35.3386       5814     4.0367     1.5962     1.4804 0.0000e+00
    210.000    10.6538   3.913910    35.3356       5838     4.0537     1.5945     1.4795 0.0000e+00
    211.000    10.6083   3.909478    35.3346       5862     4.0702     1.5942     1.4773 0.0000e+00
    212.000    10.5592   3.904174    35.3281       5886     4.0870     1.5941     1.4759 0.0000e+00
    213.000    10.5235   3.900481    35.3249       5912     4.1047     1.5939     1.4742 0.0000e+00
    214.000    10.4773   3.895334    35.3172       5940     4.1245     1.5916     1.4733 0.0000e+00
    215.000    10.4309   3.890506    35.3128       5971     4.1458     1.5901     1.4718 0.0000e+00
    216.000    10.3403   3.881287    35.3067       6001     4.1668     1.5896     1.4708 0.0000e+00
    217.000    10.2090   3.867199    35.2906       6029     4.1861     1.5867     1.4697 0.0000e+00
    218.000    10.1344   3.859339    35.2826       6054     4.2032     1.5836     1.4686 0.0000e+00
    219.000    10.0850   3.853478    35.2705       6076     4.2188     1.5835     1.4682 0.0000e+00
    220.000    10.0715   3.851726    35.2653       6098     4.2339     1.5847     1.4673 0.0000e+00
    221.000    10.0657   3.850955    35.2626       6122     4.2505     1.5862     1.4681 0.0000e+00
    222.000    10.0342   3.847570    35.2581       6151     4.2708     1.5849     1.4681 0.0000e+00
    223.000    10.0275   3.846560    35.2539       6186     4.2949     1.5862     1.4685 0.0000e+00
    224.000     9.9757   3.841590    35.2530       6217     4.3168     1.5866     1.4684 0.0000e+00
    225.000     9.9267   3.835861    35.2417       6243     4.3345     1.5854     1.4667 0.0000e+00
    226.000     9.9364   3.836621    35.2395       6266     4.3504     1.5858     1.4658 0.0000e+00
    227.000     9.9430   3.837349    35.2401       6288     4.3661     1.5854     1.4652 0.0000e+00
    228.000     9.8807   3.831465    35.2401       6313     4.3833     1.5850     1.4648 0.0000e+00
    229.000     9.8333   3.825914    35.2289       6340     4.4022     1.5830     1.4650 0.0000e+00
    230.000     9.8274   3.825197    35.2269       6367     4.4211     1.5829     1.4643 0.0000e+00
    231.000     9.8230   3.824698    35.2255       6393     4.4387     1.5832     1.4639 0.0000e+00
    232.000     9.8143   3.823804    35.2244       6418     4.4562     1.5832     1.4644 0.0000e+00
    233.000     9.7997   3.822368    35.2234       6445     4.4750     1.5834     1.4652 0.0000e+00
    234.000     9.7601   3.818480    35.2217       6477     4.4974     1.5826     1.4649 0.0000e+00
    235.000     9.7234   3.814538    35.2166       6511     4.5210     1.5821     1.4636 0.0000e+00
    236.000     9.6948   3.811706    35.2148       6540     4.5410     1.5822     1.4631 0.0000e+00
    237.000     9.6533   3.807833    35.2151       6563     4.5570     1.5835     1.4624 0.0000e+00
    238.000     9.6149   3.803645    35.2090       6583     4.5710     1.5843     1.4629 0.0000e+00
    239.000     9.6097   3.802953    35.2065       6602     4.5844     1.5834     1.4633 0.0000e+00
    240.000     9.5994   3.801965    35.2058       6624     4.5990     1.5826     1.4635 0.0000e+00
    241.000     9.5698   3.799043    35.2042       6650     4.6171     1.5826     1.4643 0.0000e+00
    242.000     9.5345   3.795381    35.2004       6684     4.6408     1.5828     1.4652 0.0000e+00
    243.000     9.5180   3.793631    35.1981       6720     4.6660     1.5843     1.4657 0.0000e+00
    244.000     9.5154   3.793335    35.1970       6750     4.6871     1.5841     1.4660 0.0000e+00
    245.000     9.5163   3.793467    35.1970       6776     4.7047     1.5836     1.4664 0.0000e+00
    246.000     9.5148   3.793593    35.1994       6799     4.7206     1.5845     1.4674 0.0000e+00
    247.000     9.5139   3.793648    35.2004       6821     4.7361     1.5845     1.4683 0.0000e+00
    248.000     9.5137   3.793747    35.2011       6844     4.7522     1.5846     1.4672 0.0000e+00
    249.000     9.4791   3.790982    35.2060       6869     4.7695     1.5860     1.4673 0.0000e+00
    250.000     9.4442   3.787420    35.2028       6896     4.7880     1.5849     1.4680 0.0000e+00
    251.000     9.4192   3.785038    35.2022       6924     4.8079     1.5845     1.4677 0.0000e+00
    252.000     9.4071   3.783745    35.2002       6953     4.8275     1.5867     1.4672 0.0000e+00
    253.000     9.3949   3.782446    35.1982       6980     4.8467     1.5887     1.4690 0.0000e+00
    254.000     9.3922   3.782133    35.1972       7009     4.8666     1.5898     1.4701 0.0000e+00
    255.000     9.3943   3.782302    35.1964       7039     4.8874     1.5895     1.4709 0.0000e+00
    256.000     9.3909   3.781998    35.1962       7067     4.9067     1.5897     1.4720 0.0000e+00
    257.000     9.3911   3.782012    35.1956       7091     4.9236     1.5891     1.4722 0.0000e+00
    258.000     9.3894   3.781878    35.1954       7113     4.9388     1.5895     1.4723 0.0000e+00
    259.000     9.3886   3.781814    35.1951       7135     4.9539     1.5904     1.4725 0.0000e+00
    260.000     9.3833   3.781349    35.1949       7158     4.9701     1.5898     1.4726 0.0000e+00
    261.000     9.3807   3.781079    35.1942       7186     4.9893     1.5908     1.4719 0.0000e+00
    262.000     9.3850   3.781591    35.1949       7221     5.0140     1.5908     1.4720 0.0000e+00
    263.000     9.3805   3.781255    35.1953       7257     5.0388     1.5917     1.4722 0.0000e+00
    264.000     9.3766   3.780919    35.1952       7285     5.0582     1.5919     1.4720 0.0000e+00
    265.000     9.3745   3.780793    35.1955       7309     5.0747     1.5917     1.4708 0.0000e+00
    266.000     9.3717   3.780662    35.1964       7331     5.0906     1.5919     1.4711 0.0000e+00
    267.000     9.3645   3.780126    35.1975       7354     5.1063     1.5918     1.4722 0.0000e+00
    268.000     9.3454   3.778475    35.1985       7377     5.1226     1.5902     1.4735 0.0000e+00
    269.000     9.3281   3.776809    35.1978       7403     5.1401     1.5902     1.4731 0.0000e+00
    270.000     9.3277   3.776681    35.1964       7432     5.1603     1.5917     1.4736 0.0000e+00
    271.000     9.3271   3.776650    35.1962       7466     5.1838     1.5941     1.4767 0.0000e+00
    272.000     9.3231   3.776278    35.1958       7500     5.2079     1.5949     1.4768 0.0000e+00
    273.000     9.3212   3.776143    35.1958       7530     5.2281     1.5944     1.4753 0.0000e+00
    274.000     9.3089   3.775067    35.1962       7554     5.2448     1.5936     1.4763 0.0000e+00
    275.000     9.3071   3.774761    35.1943       7575     5.2598     1.5931     1.4764 0.0000e+00
    276.000     9.3119   3.775320    35.1949       7596     5.2746     1.5939     1.4759 0.0000e+00
    277.000     9.3052   3.774734    35.1950       7619     5.2906     1.5948     1.4759 0.0000e+00
    278.000     9.3029   3.774459    35.1939       7646     5.3091     1.5950     1.4752 0.0000e+00
    279.000     9.2971   3.773962    35.1939       7678     5.3311     1.5951     1.4747 0.0000e+00
    280.000     9.2942   3.773660    35.1932       7713     5.3553     1.5955     1.4748 0.0000e+00
    281.000     9.2751   3.771973    35.1940       7744     5.3769     1.5955     1.4743 0.0000e+00
    282.000     9.2742   3.771767    35.1923       7770     5.3951     1.5950     1.4742 0.0000e+00
    283.000     9.2725   3.771624    35.1920       7794     5.4117     1.5942     1.4754 0.0000e+00
    284.000     9.2750   3.771883    35.1918       7817     5.4279     1.5935     1.4767 0.0000e+00
    285.000     9.2694   3.771421    35.1919       7841     5.4442     1.5937     1.4771 0.0000e+00
    286.000     9.2609   3.770658    35.1919       7866     5.4615     1.5949     1.4774 0.0000e+00
    287.000     9.2361   3.768464    35.1930       7893     5.4807     1.5956     1.4775 0.0000e+00
    288.000     9.1793   3.762819    35.1896       7924     5.5023     1.5963     1.4770 0.0000e+00
    289.000     9.1739   3.762197    35.1880       7958     5.5256     1.5961     1.4764 0.0000e+00
    290.000     9.1679   3.761568    35.1869       7988     5.5464     1.5974     1.4780 0.0000e+00
    291.000     9.1670   3.761487    35.1864       8013     5.5639     1.5983     1.4786 0.0000e+00
    292.000     9.1440   3.759589    35.1888       8036     5.5797     1.5981     1.4793 0.0000e+00
    293.000     9.0620   3.751917    35.1891       8058     5.5952     1.5983     1.4792 0.0000e+00
    294.000     9.0254   3.747810    35.1817       8082     5.6116     1.5973     1.4784 0.0000e+00
    295.000     8.9894   3.744272    35.1798       8109     5.6302     1.5976     1.4790 0.0000e+00
    296.000     8.9597   3.741197    35.1764       8139     5.6517     1.5991     1.4816 0.0000e+00
    297.000     8.9460   3.739642    35.1731       8172     5.6744     1.6016     1.4833 0.0000e+00
    298.000     8.9234   3.737496    35.1725       8203     5.6957     1.6030     1.4842 0.0000e+00
    299.000     8.8790   3.733069    35.1694       8230     5.7144     1.6042     1.4847 0.0000e+00
    300.000     8.8124   3.726513    35.1659       8254     5.7314     1.6059     1.4850 0.0000e+00
    301.000     8.7769   3.722872    35.1623       8277     5.7475     1.6055     1.4856 0.0000e+00
    302.000     8.7472   3.719899    35.1600       8301     5.7636     1.6058     1.4858 0.0000e+00
    303.000     8.7248   3.717685    35.1583       8326     5.7812     1.6065     1.4858 0.0000e+00
    304.000     8.6995   3.715031    35.1549       8355     5.8014     1.6080     1.4870 0.0000e+00
    305.000     8.6627   3.711166    35.1502       8387     5.8235     1.6101     1.4889 0.0000e+00
    306.000     8.6514   3.709867    35.1472       8417     5.8448     1.6121     1.4894 0.0000e+00
    307.000     8.6165   3.707342    35.1547       8446     5.8646     1.6150     1.4904 0.0000e+00
    308.000     8.3632   3.681605    35.1332       8473     5.8831     1.6156     1.4916 0.0000e+00
    309.000     8.3558   3.679984    35.1229       8498     5.9004     1.6128     1.4903 0.0000e+00
    310.000     8.3448   3.678703    35.1197       8521     5.9164     1.6143     1.4905 0.0000e+00
    311.000     8.3454   3.678674    35.1183       8544     5.9327     1.6173     1.4934 0.0000e+00
    312.000     8.3182   3.676235    35.1190       8571     5.9512     1.6198     1.4961 0.0000e+00
    313.000     8.2457   3.669018    35.1138       8600     5.9718     1.6222     1.4976 0.0000e+00
    314.000     8.1829   3.662660    35.1082       8630     5.9923     1.6235     1.4989 0.0000e+00
    315.000     8.1351   3.657786    35.1034       8658     6.0120     1.6249     1.5004 0.0000e+00
    316.000     8.1300   3.656991    35.0994       8687     6.0317     1.6271     1.5032 0.0000e+00
    317.000     8.1015   3.654341    35.0990       8715     6.0516     1.6313     1.5060 0.0000e+00
    318.000     8.0496   3.649226    35.0957       8743     6.0707     1.6335     1.5080 0.0000e+00
    319.000     8.0402   3.648047    35.0920       8769     6.0887     1.6333     1.5098 0.0000e+00
    320.000     8.0363   3.647607    35.0907       8793     6.1057     1.6355     1.5123 0.0000e+00
    321.000     8.0351   3.647426    35.0894       8817     6.1225     1.6385     1.5135 0.0000e+00
    322.000     8.0341   3.647291    35.0885       8843     6.1403     1.6402     1.5148 0.0000e+00
