HB2407/CTD030.cnv
* Sea-Bird SBE 9 Data File:
* FileName = C:\cruise\data\CTD030.hex
* Software Version Seasave V 7.26.7.121
* Temperature SN = 4591
* Conductivity SN = 6006
* Number of Bytes Per Scan = 37
* Number of Voltage Words = 4
* Number of Scans Averaged by the Deck Unit = 1
* NMEA Latitude = 35 24.89 N
* NMEA Longitude = 075 11.19 W
* NMEA UTC (Time) = Sep 12 2024 04:16:55
* NMEA baud rate = 4800
** Ship: Bigelow HB2407
** Program:  Fall Bottom Trawl Survey
** Chief Scientist: John Galbraith
# nquan = 9
# nvalues = 50                          
# units = specified
# name 0 = depSM: Depth [salt water, m]
# name 1 = t090C: Temperature [ITS-90, deg C]
# name 2 = c0S/m: Conductivity [S/m]
# name 3 = sal00: Salinity, Practical [PSU]
# name 4 = scan: Scan Count
# name 5 = timeM: Time, Elapsed [minutes]
# name 6 = sbeox0V: Oxygen raw, SBE 43 [V]
# name 7 = sbeox1V: Oxygen raw, SBE 43, 2 [V]
# name 8 = flag: flag
# span 0 =      2.000,     27.000       
# span 1 =    25.8998,    27.2671       
# span 2 =   5.284442,   5.653278       
# span 3 =    34.1462,    35.8706       
# span 4 =        114,       2412       
# span 5 =     0.0785,     1.6741       
# span 6 =     2.4923,     2.5592       
# span 7 =     2.3325,     2.3831       
# span 8 = 0.0000e+00, 0.0000e+00       
# interval = meters: 1                  
# start_time = Sep 12 2024 04:16:55 [NMEA time, header]
# bad_flag = -9.990e-29
*END*
      3.000    25.9135   5.287892    34.1632        114     0.0785     2.5477     2.3772 0.0000e+00
      4.000    25.9148   5.288164    34.1639        263     0.1822     2.5544     2.3816 0.0000e+00
      5.000    25.9126   5.287762    34.1624        309     0.2137     2.5550     2.3812 0.0000e+00
      6.000    25.9102   5.286908    34.1576        328     0.2268     2.5488     2.3805 0.0000e+00
      7.000    25.9070   5.285894    34.1524        346     0.2397     2.5441     2.3808 0.0000e+00
      8.000    25.9246   5.288217    34.1557        364     0.2520     2.5430     2.3800 0.0000e+00
      9.000    25.9282   5.290126    34.1667        385     0.2667     2.5467     2.3787 0.0000e+00
     10.000    25.8998   5.284442    34.1462        418     0.2895     2.5570     2.3769 0.0000e+00
     11.000    25.9338   5.290486    34.1644        466     0.3229     2.5490     2.3809 0.0000e+00
     12.000    26.0289   5.310909    34.2413        492     0.3413     2.5540     2.3813 0.0000e+00
     13.000    26.1158   5.328763    34.3054        511     0.3541     2.5545     2.3804 0.0000e+00
     14.000    26.2380   5.357235    34.4196        529     0.3666     2.5512     2.3831 0.0000e+00
     15.000    26.5586   5.436397    34.7493        550     0.3815     2.5494     2.3791 0.0000e+00
     16.000    26.8269   5.503066    35.0256        579     0.4014     2.5543     2.3830 0.0000e+00
     17.000    27.0575   5.563495    35.2831        611     0.4235     2.5466     2.3811 0.0000e+00
     18.000    27.1594   5.592946    35.4156        639     0.4430     2.5447     2.3739 0.0000e+00
     19.000    27.2671   5.628617    35.5876        665     0.4613     2.5351     2.3660 0.0000e+00
     20.000    27.2632   5.647347    35.7238        698     0.4843     2.5305     2.3600 0.0000e+00
     21.000    27.1870   5.652244    35.8170        732     0.5073     2.5127     2.3533 0.0000e+00
     22.000    27.1376   5.652367    35.8557        755     0.5235     2.5152     2.3445 0.0000e+00
     23.000    27.1284   5.652254    35.8617        773     0.5363     2.5133     2.3442 0.0000e+00
     24.000    27.1224   5.652064    35.8645        792     0.5490     2.5053     2.3447 0.0000e+00
     25.000    27.1205   5.652043    35.8656        814     0.5646     2.5011     2.3404 0.0000e+00
     26.000    27.1200   5.652159    35.8665        854     0.5926     2.5008     2.3387 0.0000e+00
     27.000    27.1162   5.652103    35.8687        977     0.6777     2.5011     2.3328 0.0000e+00
     26.000    27.1206   5.652695    35.8699       1453     1.0084     2.4945     2.3335 0.0000e+00
     25.000    27.1204   5.652736    35.8706       1772     1.2296     2.5079     2.3325 0.0000e+00
     24.000    27.1230   5.652806    35.8694       1805     1.2528     2.5037     2.3329 0.0000e+00
     23.000    27.1270   5.652890    35.8673       1835     1.2735     2.4948     2.3396 0.0000e+00
     22.000    27.1305   5.652983    35.8656       1860     1.2913     2.4923     2.3394 0.0000e+00
     21.000    27.1383   5.653135    35.8609       1886     1.3088     2.4972     2.3354 0.0000e+00
     20.000    27.1609   5.653278    35.8449       1910     1.3260     2.5015     2.3359 0.0000e+00
     19.000    27.2210   5.650003    35.7755       1936     1.3435     2.5020     2.3410 0.0000e+00
     18.000    27.2520   5.638859    35.6725       1962     1.3621     2.5077     2.3416 0.0000e+00
     17.000    27.2122   5.616844    35.5462       1991     1.3822     2.5134     2.3454 0.0000e+00
     16.000    27.1429   5.593601    35.4335       2020     1.4023     2.5161     2.3508 0.0000e+00
     15.000    27.0959   5.577158    35.3521       2046     1.4200     2.5195     2.3546 0.0000e+00
     14.000    27.0700   5.567769    35.3051       2068     1.4355     2.5245     2.3582 0.0000e+00
     13.000    26.9291   5.532737    35.1616       2091     1.4515     2.5238     2.3587 0.0000e+00
     12.000    26.5789   5.450015    34.8328       2117     1.4695     2.5218     2.3641 0.0000e+00
     11.000    26.3014   5.378554    34.5270       2144     1.4885     2.5281     2.3596 0.0000e+00
     10.000    26.1713   5.346230    34.3912       2172     1.5079     2.5308     2.3667 0.0000e+00
      9.000    26.0981   5.328926    34.3211       2200     1.5272     2.5395     2.3732 0.0000e+00
      8.000    26.0502   5.317426    34.2739       2227     1.5458     2.5429     2.3780 0.0000e+00
      7.000    26.0077   5.307150    34.2314       2250     1.5621     2.5431     2.3768 0.0000e+00
      6.000    25.9832   5.301582    34.2096       2272     1.5774     2.5422     2.3794 0.0000e+00
      5.000    25.9582   5.295887    34.1873       2306     1.6008     2.5466     2.3785 0.0000e+00
      4.000    25.9462   5.293778    34.1813       2341     1.6248     2.5484     2.3785 0.0000e+00
      3.000    25.9382   5.291752    34.1728       2362     1.6399     2.5592     2.3768 0.0000e+00
      2.000    25.9255   5.290103    34.1706       2412     1.6741     2.5524     2.3765 0.0000e+00
