HB2407/CTD088.cnv
* Sea-Bird SBE 9 Data File:
* FileName = C:\cruise\data\CTD088.hex
* Software Version Seasave V 7.26.7.121
* Temperature SN = 4591
* Conductivity SN = 6006
* Number of Bytes Per Scan = 37
* Number of Voltage Words = 4
* Number of Scans Averaged by the Deck Unit = 1
* NMEA Latitude = 40 52.25 N
* NMEA Longitude = 072 15.31 W
* NMEA UTC (Time) = Sep 24 2024 13:31:45
* NMEA baud rate = 4800
** Ship: Bigelow HB2407
** Program:  Fall Bottom Trawl Survey
** Chief Scientist: John Galbraith
# nquan = 9
# nvalues = 41                          
# units = specified
# name 0 = depSM: Depth [salt water, m]
# name 1 = t090C: Temperature [ITS-90, deg C]
# name 2 = c0S/m: Conductivity [S/m]
# name 3 = sal00: Salinity, Practical [PSU]
# name 4 = scan: Scan Count
# name 5 = timeM: Time, Elapsed [minutes]
# name 6 = sbeox0V: Oxygen raw, SBE 43 [V]
# name 7 = sbeox1V: Oxygen raw, SBE 43, 2 [V]
# name 8 = flag: flag
# span 0 =      1.000,     22.000       
# span 1 =    18.5942,    18.6034       
# span 2 =   4.208724,   4.210727       
# span 3 =    31.3080,    31.3132       
# span 4 =         28,       2196       
# span 5 =     0.0186,     1.5241       
# span 6 =     2.5387,     2.5543       
# span 7 =     2.3482,     2.3625       
# span 8 = 0.0000e+00, 0.0000e+00       
# interval = meters: 1                  
# start_time = Sep 24 2024 13:31:45 [NMEA time, header]
# bad_flag = -9.990e-29
*END*
      3.000    18.5970   4.208896    31.3080         28     0.0186     2.5519     2.3608 0.0000e+00
      4.000    18.5968   4.208955    31.3083        219     0.1517     2.5466     2.3575 0.0000e+00
      5.000    18.5976   4.209044    31.3081        241     0.1665     2.5456     2.3593 0.0000e+00
      6.000    18.5977   4.209104    31.3082        275     0.1905     2.5492     2.3583 0.0000e+00
      7.000    18.5971   4.209116    31.3084        298     0.2061     2.5515     2.3588 0.0000e+00
      8.000    18.5973   4.209189    31.3085        315     0.2181     2.5506     2.3594 0.0000e+00
      9.000    18.5976   4.209252    31.3084        332     0.2301     2.5499     2.3575 0.0000e+00
     10.000    18.5978   4.209298    31.3084        353     0.2443     2.5524     2.3573 0.0000e+00
     11.000    18.5981   4.209366    31.3084        383     0.2654     2.5540     2.3583 0.0000e+00
     12.000    18.5980   4.209402    31.3084        430     0.2980     2.5537     2.3625 0.0000e+00
     13.000    18.5981   4.209449    31.3084        459     0.3181     2.5502     2.3592 0.0000e+00
     14.000    18.5981   4.209493    31.3084        479     0.3320     2.5493     2.3590 0.0000e+00
     15.000    18.5975   4.209476    31.3084        501     0.3473     2.5529     2.3578 0.0000e+00
     16.000    18.5990   4.209672    31.3086        532     0.3685     2.5519     2.3561 0.0000e+00
     17.000    18.5998   4.209822    31.3088        561     0.3887     2.5528     2.3565 0.0000e+00
     18.000    18.5990   4.209771    31.3087        580     0.4023     2.5543     2.3549 0.0000e+00
     19.000    18.5987   4.209808    31.3088        597     0.4138     2.5516     2.3521 0.0000e+00
     20.000    18.5993   4.210026    31.3098        615     0.4264     2.5467     2.3513 0.0000e+00
     21.000    18.5995   4.210084    31.3099        639     0.4433     2.5436     2.3525 0.0000e+00
     22.000    18.5998   4.210163    31.3099        657     0.4557     2.5392     2.3532 0.0000e+00
     21.000    18.5989   4.209965    31.3093        664     0.4607     2.5387     2.3527 0.0000e+00
     20.000    18.6019   4.210494    31.3118       1072     0.7436     2.5457     2.3529 0.0000e+00
     19.000    18.6034   4.210727    31.3129       1356     0.9412     2.5459     2.3487 0.0000e+00
     18.000    18.6030   4.210655    31.3130       1372     0.9520     2.5454     2.3507 0.0000e+00
     17.000    18.6025   4.210556    31.3129       1411     0.9789     2.5472     2.3511 0.0000e+00
     16.000    18.6020   4.210419    31.3125       1482     1.0286     2.5453     2.3502 0.0000e+00
     15.000    18.6027   4.210513    31.3130       1498     1.0394     2.5464     2.3518 0.0000e+00
     14.000    18.6020   4.210347    31.3125       1513     1.0498     2.5472     2.3494 0.0000e+00
     13.000    18.6027   4.210446    31.3132       1527     1.0600     2.5486     2.3482 0.0000e+00
     12.000    18.6024   4.210388    31.3132       1545     1.0724     2.5489     2.3498 0.0000e+00
     11.000    18.6013   4.210196    31.3128       1571     1.0905     2.5459     2.3500 0.0000e+00
     10.000    18.5993   4.209834    31.3117       1600     1.1101     2.5428     2.3505 0.0000e+00
      9.000    18.5957   4.209268    31.3100       1620     1.1244     2.5399     2.3521 0.0000e+00
      8.000    18.5951   4.209079    31.3092       1638     1.1370     2.5435     2.3544 0.0000e+00
      7.000    18.5948   4.209002    31.3092       1670     1.1592     2.5476     2.3549 0.0000e+00
      6.000    18.5942   4.208877    31.3090       1726     1.1982     2.5457     2.3598 0.0000e+00
      5.000    18.5944   4.208864    31.3090       1748     1.2131     2.5447     2.3619 0.0000e+00
      4.000    18.5944   4.208820    31.3091       1765     1.2247     2.5483     2.3624 0.0000e+00
      3.000    18.5947   4.208792    31.3089       1782     1.2369     2.5518     2.3604 0.0000e+00
      2.000    18.5954   4.208774    31.3086       2135     1.4817     2.5527     2.3588 0.0000e+00
      1.000    18.5953   4.208724    31.3086       2196     1.5241     2.5522     2.3558 0.0000e+00
