HB2407/CTD007.cnv
* Sea-Bird SBE 9 Data File:
* FileName = C:\cruise\data\CTD007.hex
* Software Version Seasave V 7.26.7.121
* Temperature SN = 4591
* Conductivity SN = 6006
* Number of Bytes Per Scan = 37
* Number of Voltage Words = 4
* Number of Scans Averaged by the Deck Unit = 1
* NMEA Latitude = 38 57.00 N
* NMEA Longitude = 072 51.32 W
* NMEA UTC (Time) = Sep 08 2024 00:57:19
* NMEA baud rate = 4800
** Ship: Bigelow HB2407
** Program:  Fall Bottom Trawl Survey
** Chief Scientist: John Galbraith
# nquan = 9
# nvalues = 286                         
# units = specified
# name 0 = depSM: Depth [salt water, m]
# name 1 = t090C: Temperature [ITS-90, deg C]
# name 2 = c0S/m: Conductivity [S/m]
# name 3 = sal00: Salinity, Practical [PSU]
# name 4 = scan: Scan Count
# name 5 = timeM: Time, Elapsed [minutes]
# name 6 = sbeox0V: Oxygen raw, SBE 43 [V]
# name 7 = sbeox1V: Oxygen raw, SBE 43, 2 [V]
# name 8 = flag: flag
# span 0 =      1.000,    145.000       
# span 1 =    10.9999,    22.8568       
# span 2 =   3.936759,   4.821761       
# span 3 =    32.9204,    35.5218       
# span 4 =        198,       9157       
# span 5 =     0.1371,     6.3585       
# span 6 =     1.6742,     3.0790       
# span 7 =     1.5496,     2.7900       
# span 8 = 0.0000e+00, 0.0000e+00       
# interval = meters: 1                  
# start_time = Sep 08 2024 00:57:19 [NMEA time, header]
# bad_flag = -9.990e-29
*END*
[from data line 161]
    125.000    11.5696   3.989245    35.2469       5575     3.8708     1.7168     1.5878 0.0000e+00
    124.000    11.5753   3.989853    35.2479       5591     3.8823     1.7194     1.5902 0.0000e+00
    123.000    11.5783   3.990151    35.2484       5607     3.8931     1.7213     1.5919 0.0000e+00
    122.000    11.5797   3.990342    35.2494       5622     3.9036     1.7216     1.5931 0.0000e+00
    121.000    11.5802   3.990392    35.2499       5637     3.9142     1.7225     1.5942 0.0000e+00
    120.000    11.5813   3.990498    35.2503       5653     3.9249     1.7228     1.5945 0.0000e+00
    119.000    11.5839   3.990717    35.2505       5671     3.9372     1.7238     1.5958 0.0000e+00
    118.000    11.6162   3.993589    35.2485       5697     3.9556     1.7258     1.5972 0.0000e+00
    117.000    11.8300   4.014341    35.2500       5784     4.0160     1.7356     1.6013 0.0000e+00
    116.000    11.8549   4.016324    35.2462       5817     4.0387     1.7361     1.6048 0.0000e+00
    115.000    11.8797   4.019319    35.2526       5836     4.0524     1.7390     1.6078 0.0000e+00
    114.000    11.8993   4.021188    35.2528       5854     4.0648     1.7423     1.6109 0.0000e+00
    113.000    11.9161   4.022840    35.2534       5871     4.0763     1.7442     1.6133 0.0000e+00
    112.000    11.9218   4.023091    35.2510       5887     4.0872     1.7452     1.6155 0.0000e+00
    111.000    11.9177   4.022308    35.2476       5902     4.0981     1.7468     1.6173 0.0000e+00
    110.000    11.9131   4.021706    35.2465       5918     4.1094     1.7486     1.6190 0.0000e+00
    109.000    11.8977   4.019576    35.2407       5937     4.1220     1.7512     1.6214 0.0000e+00
    108.000    11.8880   4.018273    35.2376       5960     4.1385     1.7587     1.6242 0.0000e+00
    107.000    11.8701   4.015091    35.2238       6034     4.1893     1.7762     1.6362 0.0000e+00
    106.000    11.9524   4.023408    35.2278       6080     4.2213     1.7792     1.6441 0.0000e+00
    105.000    11.9746   4.026310    35.2356       6095     4.2320     1.7789     1.6455 0.0000e+00
    104.000    11.9838   4.027270    35.2368       6109     4.2417     1.7791     1.6460 0.0000e+00
    103.000    11.9867   4.027452    35.2362       6123     4.2511     1.7792     1.6454 0.0000e+00
    102.000    11.9924   4.027909    35.2357       6137     4.2610     1.7782     1.6442 0.0000e+00
    101.000    11.9986   4.028498    35.2361       6154     4.2727     1.7762     1.6426 0.0000e+00
    100.000    12.0171   4.030123    35.2349       6181     4.2913     1.7748     1.6397 0.0000e+00
     99.000    12.0664   4.035368    35.2399       6233     4.3279     1.7727     1.6413 0.0000e+00
     98.000    12.0769   4.036188    35.2385       6267     4.3517     1.7737     1.6418 0.0000e+00
     97.000    12.0812   4.036771    35.2406       6288     4.3659     1.7727     1.6421 0.0000e+00
     96.000    12.0846   4.037051    35.2405       6307     4.3790     1.7729     1.6410 0.0000e+00
     95.000    12.0855   4.037177    35.2413       6327     4.3932     1.7724     1.6398 0.0000e+00
     94.000    12.0922   4.037515    35.2388       6354     4.4119     1.7722     1.6401 0.0000e+00
     93.000    12.0959   4.037086    35.2315       6392     4.4385     1.7731     1.6426 0.0000e+00
     92.000    12.0897   4.035746    35.2248       6424     4.4603     1.7752     1.6424 0.0000e+00
     91.000    12.0910   4.034114    35.2080       6445     4.4749     1.7751     1.6429 0.0000e+00
     90.000    12.1035   4.034839    35.2038       6463     4.4875     1.7777     1.6435 0.0000e+00
     89.000    12.1278   4.036624    35.1987       6481     4.5000     1.7841     1.6459 0.0000e+00
     88.000    12.1396   4.037633    35.1979       6502     4.5146     1.7920     1.6528 0.0000e+00
     87.000    12.1521   4.038490    35.1949       6532     4.5356     1.8028     1.6615 0.0000e+00
     86.000    12.1642   4.039192    35.1907       6573     4.5637     1.8107     1.6698 0.0000e+00
     85.000    12.1672   4.038954    35.1861       6606     4.5865     1.8145     1.6738 0.0000e+00
     84.000    12.1702   4.038260    35.1769       6632     4.6051     1.8191     1.6775 0.0000e+00
     83.000    12.1748   4.038387    35.1743       6657     4.6224     1.8247     1.6806 0.0000e+00
     82.000    12.1897   4.039489    35.1714       6680     4.6382     1.8301     1.6850 0.0000e+00
     81.000    12.1855   4.038652    35.1677       6701     4.6528     1.8313     1.6900 0.0000e+00
     80.000    12.1778   4.037198    35.1612       6721     4.6667     1.8300     1.6934 0.0000e+00
     79.000    12.1644   4.035138    35.1542       6742     4.6815     1.8295     1.6951 0.0000e+00
     78.000    12.1659   4.034542    35.1474       6769     4.6999     1.8359     1.6983 0.0000e+00
     77.000    12.1864   4.036113    35.1438       6803     4.7234     1.8442     1.7046 0.0000e+00
     76.000    12.2194   4.038955    35.1409       6836     4.7467     1.8495     1.7098 0.0000e+00
     75.000    12.2433   4.041299    35.1417       6865     4.7669     1.8501     1.7120 0.0000e+00
     74.000    12.2491   4.041143    35.1351       6892     4.7853     1.8492     1.7127 0.0000e+00
     73.000    12.2340   4.039169    35.1306       6916     4.8021     1.8478     1.7110 0.0000e+00
     72.000    12.1930   4.033253    35.1121       6941     4.8194     1.8499     1.7111 0.0000e+00
     71.000    12.1557   4.028192    35.0983       6967     4.8377     1.8566     1.7141 0.0000e+00
     70.000    12.0855   4.017128    35.0569       6992     4.8549     1.8753     1.7209 0.0000e+00
     69.000    12.0159   4.003861    34.9934       7013     4.8695     1.8997     1.7324 0.0000e+00
     68.000    11.9815   3.997256    34.9616       7032     4.8826     1.9243     1.7477 0.0000e+00
     67.000    11.9074   3.983691    34.8990       7052     4.8965     1.9518     1.7722 0.0000e+00
     66.000    11.8728   3.976136    34.8579       7080     4.9159     2.0016     1.8141 0.0000e+00
     65.000    11.8818   3.975105    34.8398       7128     4.9496     2.0702     1.8854 0.0000e+00
     64.000    11.9022   3.976495    34.8347       7163     4.9733     2.0961     1.9222 0.0000e+00
     63.000    11.9424   3.981070    34.8424       7183     4.9878     2.1069     1.9351 0.0000e+00
     62.000    12.0199   3.988485    34.8427       7202     5.0008     2.1128     1.9428 0.0000e+00
     61.000    12.2069   4.008237    34.8607       7222     5.0146     2.1192     1.9502 0.0000e+00
     60.000    12.3427   4.023803    34.8856       7247     5.0321     2.1244     1.9566 0.0000e+00
     59.000    12.6380   4.054848    34.9111       7278     5.0537     2.1206     1.9585 0.0000e+00
     58.000    13.1054   4.107593    34.9837       7305     5.0721     2.1138     1.9557 0.0000e+00
     57.000    13.4109   4.145420    35.0613       7326     5.0865     2.1142     1.9538 0.0000e+00
     56.000    13.7516   4.184010    35.1122       7345     5.1002     2.1159     1.9485 0.0000e+00
     55.000    14.1123   4.227054    35.1847       7368     5.1159     2.1054     1.9397 0.0000e+00
     54.000    14.5354   4.277330    35.2650       7402     5.1397     2.0783     1.9239 0.0000e+00
     53.000    14.7735   4.306894    35.3210       7445     5.1691     2.0677     1.9077 0.0000e+00
     52.000    15.3078   4.368331    35.3984       7474     5.1895     2.0578     1.8974 0.0000e+00
     51.000    15.3382   4.372709    35.4111       7496     5.2048     2.0613     1.8983 0.0000e+00
     50.000    15.3552   4.374312    35.4106       7516     5.2189     2.0635     1.9002 0.0000e+00
     49.000    15.3468   4.372714    35.4041       7537     5.2331     2.0628     1.9012 0.0000e+00
     48.000    15.3572   4.371247    35.3818       7559     5.2489     2.0627     1.9024 0.0000e+00
     47.000    15.3549   4.369147    35.3653       7586     5.2670     2.0665     1.9052 0.0000e+00
     46.000    15.3466   4.365836    35.3432       7612     5.2854     2.0773     1.9127 0.0000e+00
     45.000    15.3399   4.364054    35.3334       7636     5.3024     2.0886     1.9196 0.0000e+00
     44.000    15.3339   4.362220    35.3227       7661     5.3191     2.0970     1.9290 0.0000e+00
     43.000    15.3153   4.359340    35.3137       7689     5.3389     2.1074     1.9367 0.0000e+00
     42.000    15.2489   4.348559    35.2761       7729     5.3669     2.1149     1.9508 0.0000e+00
     41.000    15.1696   4.335224    35.2267       7767     5.3932     2.1275     1.9591 0.0000e+00
     40.000    15.1123   4.319051    35.1316       7791     5.4097     2.1347     1.9651 0.0000e+00
     39.000    15.1470   4.321886    35.1265       7809     5.4221     2.1392     1.9694 0.0000e+00
     38.000    15.1635   4.322165    35.1147       7825     5.4330     2.1486     1.9772 0.0000e+00
     37.000    15.0843   4.309521    35.0711       7840     5.4437     2.1609     1.9889 0.0000e+00
     36.000    15.0417   4.300562    35.0282       7857     5.4555     2.1754     2.0025 0.0000e+00
     35.000    15.1421   4.307907    35.0054       7880     5.4717     2.2004     2.0191 0.0000e+00
     34.000    15.8101   4.377603    35.0398       7934     5.5088     2.2910     2.0724 0.0000e+00
     33.000    15.9379   4.388435    35.0237       7971     5.5350     2.3521     2.1302 0.0000e+00
     32.000    15.8663   4.372673    34.9466       7992     5.5493     2.3750     2.1553 0.0000e+00
     31.000    15.9025   4.375072    34.9363       8011     5.5628     2.3955     2.1769 0.0000e+00
     30.000    15.7378   4.348748    34.8465       8032     5.5772     2.4268     2.2080 0.0000e+00
     29.000    15.4859   4.303915    34.6661       8057     5.5943     2.4555     2.2454 0.0000e+00
     28.000    15.6129   4.305196    34.5664       8087     5.6150     2.5123     2.2865 0.0000e+00
     27.000    15.8348   4.325856    34.5576       8118     5.6369     2.5630     2.3369 0.0000e+00
     26.000    15.9377   4.327369    34.4817       8145     5.6557     2.6007     2.3809 0.0000e+00
     25.000    15.8955   4.315599    34.4138       8168     5.6716     2.6299     2.4118 0.0000e+00
     24.000    15.8481   4.308134    34.3889       8190     5.6865     2.6668     2.4420 0.0000e+00
     23.000    15.7872   4.292955    34.3066       8213     5.7025     2.7110     2.4725 0.0000e+00
     22.000    15.7788   4.284260    34.2366       8239     5.7207     2.7583     2.5014 0.0000e+00
     21.000    15.8318   4.282750    34.1776       8268     5.7410     2.7921     2.5366 0.0000e+00
     20.000    15.9704   4.291477    34.1360       8298     5.7617     2.8190     2.5733 0.0000e+00
     19.000    16.1260   4.305084    34.1234       8330     5.7841     2.8537     2.6116 0.0000e+00
     18.000    16.4480   4.331047    34.0773       8362     5.8063     2.8787     2.6416 0.0000e+00
     17.000    16.8511   4.366085    34.0415       8388     5.8243     2.9010     2.6589 0.0000e+00
     16.000    17.1509   4.387716    33.9766       8409     5.8387     2.9284     2.6761 0.0000e+00
     15.000    17.6135   4.426586    33.9238       8427     5.8515     2.9767     2.6943 0.0000e+00
     14.000    17.9534   4.456081    33.8931       8446     5.8644     3.0185     2.7188 0.0000e+00
     13.000    18.1315   4.472266    33.8833       8466     5.8788     3.0406     2.7457 0.0000e+00
     12.000    18.7937   4.518635    33.7304       8493     5.8971     3.0442     2.7679 0.0000e+00
     11.000    19.3307   4.564136    33.6742       8527     5.9207     3.0790     2.7875 0.0000e+00
     10.000    21.0136   4.676754    33.2512       8563     5.9456     2.9780     2.7900 0.0000e+00
      9.000    22.1893   4.752657    32.9451       8594     5.9675     2.8636     2.7789 0.0000e+00
      8.000    22.5559   4.785301    32.9204       8618     5.9843     2.8496     2.7263 0.0000e+00
      7.000    22.5673   4.788607    32.9376       8638     5.9978     2.8047     2.6717 0.0000e+00
      6.000    22.5923   4.792087    32.9459       8656     6.0103     2.7621     2.6045 0.0000e+00
      5.000    22.6401   4.795969    32.9401       8675     6.0236     2.7222     2.5486 0.0000e+00
      4.000    22.7444   4.804950    32.9310       8701     6.0414     2.6949     2.5092 0.0000e+00
      3.000    22.8074   4.813269    32.9478       8837     6.1359     2.6627     2.4740 0.0000e+00
      2.000    22.8178   4.816352    32.9640       9069     6.2972     2.6655     2.4652 0.0000e+00
      1.000    22.8182   4.816820    32.9676       9157     6.3585     2.6634     2.4676 0.0000e+00
