HB2407/CTD076.cnv
* Sea-Bird SBE 9 Data File:
* FileName = C:\cruise\data\CTD076.hex
* Software Version Seasave V 7.26.7.121
* Temperature SN = 4591
* Conductivity SN = 6006
* Number of Bytes Per Scan = 37
* Number of Voltage Words = 4
* Number of Scans Averaged by the Deck Unit = 1
* NMEA Latitude = 39 45.40 N
* NMEA Longitude = 073 55.07 W
* NMEA UTC (Time) = Sep 23 2024 01:12:34
* NMEA baud rate = 4800
** Ship: Bigelow HB2407
** Program:  Fall Bottom Trawl Survey
** Chief Scientist: John Galbraith
# nquan = 9
# nvalues = 36                          
# units = specified
# name 0 = depSM: Depth [salt water, m]
# name 1 = t090C: Temperature [ITS-90, deg C]
# name 2 = c0S/m: Conductivity [S/m]
# name 3 = sal00: Salinity, Practical [PSU]
# name 4 = scan: Scan Count
# name 5 = timeM: Time, Elapsed [minutes]
# name 6 = sbeox0V: Oxygen raw, SBE 43 [V]
# name 7 = sbeox1V: Oxygen raw, SBE 43, 2 [V]
# name 8 = flag: flag
# span 0 =      1.000,     19.000       
# span 1 =    20.9393,    21.1132       
# span 2 =   4.414093,   4.441851       
# span 3 =    31.2249,    31.3124       
# span 4 =         29,       3595       
# span 5 =     0.0194,     2.4962       
# span 6 =     2.4016,     2.5127       
# span 7 =     2.2296,     2.3278       
# span 8 = 0.0000e+00, 0.0000e+00       
# interval = meters: 1                  
# start_time = Sep 23 2024 01:12:34 [NMEA time, header]
# bad_flag = -9.990e-29
*END*
      2.000    20.9411   4.414168    31.2249         29     0.0194     2.4016     2.2309 0.0000e+00
      3.000    20.9406   4.414184    31.2251         59     0.0403     2.4059     2.2296 0.0000e+00
      4.000    20.9393   4.414093    31.2250        185     0.1280     2.4054     2.2309 0.0000e+00
      5.000    20.9425   4.414435    31.2250        359     0.2484     2.4054     2.2304 0.0000e+00
      6.000    20.9521   4.415376    31.2251        422     0.2920     2.4111     2.2320 0.0000e+00
      7.000    20.9668   4.416767    31.2250        478     0.3311     2.4120     2.2376 0.0000e+00
      8.000    20.9646   4.416670    31.2256        515     0.3569     2.4115     2.2418 0.0000e+00
      9.000    20.9642   4.416583    31.2249        542     0.3759     2.4168     2.2456 0.0000e+00
     10.000    20.9928   4.420210    31.2323        570     0.3948     2.4127     2.2420 0.0000e+00
     11.000    20.9913   4.420115    31.2323        619     0.4292     2.4296     2.2501 0.0000e+00
     12.000    20.9698   4.417232    31.2249        676     0.4689     2.4457     2.2599 0.0000e+00
     13.000    20.9691   4.417331    31.2259        703     0.4875     2.4366     2.2519 0.0000e+00
     14.000    20.9780   4.418638    31.2294        750     0.5203     2.4277     2.2444 0.0000e+00
     15.000    20.9758   4.418565    31.2301        814     0.5647     2.4250     2.2439 0.0000e+00
     16.000    20.9715   4.417999    31.2285        837     0.5804     2.4317     2.2466 0.0000e+00
     17.000    21.0378   4.428405    31.2618        859     0.5959     2.4299     2.2433 0.0000e+00
     18.000    21.1132   4.441851    31.3124        887     0.6149     2.4217     2.2436 0.0000e+00
     19.000    21.0761   4.438219    31.3106       2407     1.6706     2.5127     2.3278 0.0000e+00
     18.000    21.0857   4.437670    31.2995       2666     1.8508     2.4990     2.3204 0.0000e+00
     17.000    21.0653   4.432849    31.2768       2658     1.8449     2.4992     2.3191 0.0000e+00
     16.000    21.0532   4.430693    31.2689       2672     1.8549     2.4976     2.3166 0.0000e+00
     15.000    20.9937   4.420252    31.2303       2750     1.9088     2.4741     2.2908 0.0000e+00
     14.000    20.9793   4.418492    31.2273       2819     1.9573     2.4483     2.2683 0.0000e+00
     13.000    20.9813   4.418569    31.2268       2843     1.9737     2.4432     2.2674 0.0000e+00
     12.000    20.9802   4.418428    31.2268       2882     2.0008     2.4328     2.2581 0.0000e+00
     11.000    20.9791   4.418266    31.2267       2923     2.0293     2.4350     2.2528 0.0000e+00
     10.000    20.9799   4.418245    31.2262       2959     2.0540     2.4340     2.2530 0.0000e+00
      9.000    20.9800   4.418222    31.2263       2989     2.0751     2.4311     2.2549 0.0000e+00
      8.000    20.9801   4.418212    31.2264       3011     2.0904     2.4328     2.2542 0.0000e+00
      7.000    20.9798   4.418127    31.2263       3032     2.1047     2.4382     2.2524 0.0000e+00
      6.000    20.9826   4.418291    31.2259       3107     2.1567     2.4350     2.2571 0.0000e+00
      5.000    20.9817   4.418184    31.2260       3194     2.2173     2.4343     2.2610 0.0000e+00
      4.000    20.9789   4.417896    31.2261       3209     2.2277     2.4321     2.2575 0.0000e+00
      3.000    20.9770   4.417685    31.2261       3226     2.2397     2.4294     2.2543 0.0000e+00
      2.000    20.9753   4.417450    31.2259       3536     2.4546     2.4355     2.2547 0.0000e+00
      1.000    20.9778   4.417646    31.2259       3595     2.4962     2.4335     2.2575 0.0000e+00
