HB2407/CTD062.cnv
* Sea-Bird SBE 9 Data File:
* FileName = C:\cruise\data\CTD062.hex
* Software Version Seasave V 7.26.7.121
* Temperature SN = 4591
* Conductivity SN = 6006
* Number of Bytes Per Scan = 37
* Number of Voltage Words = 4
* Number of Scans Averaged by the Deck Unit = 1
* NMEA Latitude = 35 36.58 N
* NMEA Longitude = 074 48.88 W
* NMEA UTC (Time) = Sep 20 2024 19:54:37
* NMEA baud rate = 4800
** Ship: Bigelow HB2407
** Program:  Fall Bottom Trawl Survey
** Chief Scientist: John Galbraith
# nquan = 9
# nvalues = 240                         
# units = specified
# name 0 = depSM: Depth [salt water, m]
# name 1 = t090C: Temperature [ITS-90, deg C]
# name 2 = c0S/m: Conductivity [S/m]
# name 3 = sal00: Salinity, Practical [PSU]
# name 4 = scan: Scan Count
# name 5 = timeM: Time, Elapsed [minutes]
# name 6 = sbeox0V: Oxygen raw, SBE 43 [V]
# name 7 = sbeox1V: Oxygen raw, SBE 43, 2 [V]
# name 8 = flag: flag
# span 0 =      3.000,    123.000       
# span 1 =    13.4117,    24.0503       
# span 2 =   4.009042,   5.135191       
# span 3 =    31.5680,    35.4838       
# span 4 =        231,       8348       
# span 5 =     0.1601,     5.7964       
# span 6 =     1.9425,     2.5812       
# span 7 =     1.8028,     2.4022       
# span 8 = 0.0000e+00, 0.0000e+00       
# interval = meters: 1                  
# start_time = Sep 20 2024 19:54:37 [NMEA time, header]
# bad_flag = -9.990e-29
*END*
      4.000    22.8964   4.664950    31.7482        231     0.1601     2.5802     2.3986 0.0000e+00
      5.000    22.8989   4.665170    31.7478        418     0.2894     2.5769     2.4022 0.0000e+00
      6.000    22.8985   4.665156    31.7477        454     0.3143     2.5802     2.3983 0.0000e+00
      7.000    22.8993   4.665263    31.7476        503     0.3486     2.5807     2.3967 0.0000e+00
      8.000    22.9016   4.665609    31.7483        539     0.3734     2.5765     2.3930 0.0000e+00
      9.000    22.8983   4.665278    31.7479        556     0.3857     2.5798     2.3939 0.0000e+00
     10.000    22.8969   4.665177    31.7478        573     0.3969     2.5812     2.3953 0.0000e+00
     11.000    22.8946   4.664998    31.7477        595     0.4124     2.5755     2.3948 0.0000e+00
     12.000    22.8917   4.664726    31.7475        641     0.4447     2.5682     2.3974 0.0000e+00
     13.000    22.8914   4.664730    31.7474        673     0.4668     2.5670     2.3908 0.0000e+00
     14.000    22.8964   4.665285    31.7477        693     0.4802     2.5672     2.3913 0.0000e+00
     15.000    22.8954   4.665239    31.7477        710     0.4925     2.5701     2.3906 0.0000e+00
     16.000    22.8804   4.663559    31.7456        729     0.5058     2.5760     2.3869 0.0000e+00
     17.000    22.8913   4.664845    31.7471        754     0.5228     2.5759     2.3829 0.0000e+00
     18.000    22.8867   4.664353    31.7464        804     0.5579     2.5673     2.3924 0.0000e+00
     19.000    22.8796   4.663563    31.7452        846     0.5869     2.5734     2.3954 0.0000e+00
     20.000    22.8786   4.663487    31.7451        859     0.5956     2.5778     2.3928 0.0000e+00
     21.000    22.8802   4.663727    31.7454        875     0.6072     2.5749     2.3901 0.0000e+00
     22.000    22.8802   4.663773    31.7455        894     0.6199     2.5745     2.3850 0.0000e+00
     23.000    22.8704   4.662634    31.7435        916     0.6357     2.5808     2.3833 0.0000e+00
     24.000    22.8497   4.660117    31.7390        945     0.6553     2.5740     2.3771 0.0000e+00
     25.000    22.8269   4.657252    31.7334        971     0.6736     2.5633     2.3784 0.0000e+00
     26.000    22.8095   4.655080    31.7291       1015     0.7039     2.5647     2.3771 0.0000e+00
     27.000    22.6611   4.636698    31.6957       1070     0.7423     2.5588     2.3832 0.0000e+00
     28.000    22.2010   4.583559    31.6208       1085     0.7529     2.5533     2.3819 0.0000e+00
     29.000    22.0562   4.574125    31.6531       1099     0.7625     2.5437     2.3792 0.0000e+00
     30.000    22.0586   4.584380    31.7304       1112     0.7715     2.5337     2.3696 0.0000e+00
     31.000    21.9933   4.582913    31.7665       1127     0.7816     2.5263     2.3551 0.0000e+00
     32.000    21.9693   4.583750    31.7903       1147     0.7961     2.5216     2.3479 0.0000e+00
     33.000    21.9113   4.577975    31.7877       1195     0.8294     2.5178     2.3431 0.0000e+00
     34.000    21.9125   4.582434    31.8211       1246     0.8646     2.5189     2.3425 0.0000e+00
     35.000    22.0740   4.607486    31.8964       1275     0.8851     2.5168     2.3388 0.0000e+00
     36.000    21.9865   4.596725    31.8771       1299     0.9013     2.5182     2.3410 0.0000e+00
     37.000    21.8855   4.585422    31.8633       1321     0.9164     2.5136     2.3360 0.0000e+00
     38.000    21.8139   4.577677    31.8554       1340     0.9300     2.5073     2.3297 0.0000e+00
     39.000    21.6624   4.559292    31.8234       1358     0.9423     2.5021     2.3289 0.0000e+00
     40.000    21.5404   4.545050    31.8017       1376     0.9546     2.4949     2.3242 0.0000e+00
     41.000    21.6113   4.557523    31.8465       1399     0.9711     2.4872     2.3146 0.0000e+00
     42.000    21.7975   4.589456    31.9580       1475     1.0235     2.4802     2.3010 0.0000e+00
     43.000    21.4271   4.544639    31.8813       1495     1.0375     2.4812     2.3052 0.0000e+00
     44.000    20.9923   4.497108    31.8294       1510     1.0480     2.4776     2.3031 0.0000e+00
     45.000    20.7673   4.474745    31.8196       1527     1.0595     2.4640     2.2950 0.0000e+00
     46.000    20.6567   4.464008    31.8165       1552     1.0771     2.4381     2.2745 0.0000e+00
     47.000    20.6364   4.463385    31.8263       1593     1.1059     2.4291     2.2613 0.0000e+00
     48.000    20.8083   4.491558    31.9212       1615     1.1210     2.4358     2.2630 0.0000e+00
     49.000    21.1906   4.563467    32.2040       1631     1.1323     2.4372     2.2663 0.0000e+00
     50.000    21.3044   4.581317    32.2589       1652     1.1466     2.4502     2.2701 0.0000e+00
     51.000    21.8244   4.670498    32.5667       1708     1.1856     2.4386     2.2613 0.0000e+00
     52.000    22.5341   4.792757    32.9802       1740     1.2078     2.4259     2.2543 0.0000e+00
     53.000    22.8794   4.847862    33.1427       1757     1.2197     2.4221     2.2511 0.0000e+00
     54.000    23.2382   4.906350    33.3183       1774     1.2311     2.4125     2.2438 0.0000e+00
     55.000    23.4826   4.950978    33.4726       1792     1.2437     2.4012     2.2318 0.0000e+00
     56.000    23.6355   4.980851    33.5829       1822     1.2645     2.3770     2.2090 0.0000e+00
     57.000    23.8030   5.018019    33.7365       1872     1.2991     2.3503     2.1813 0.0000e+00
     58.000    24.0503   5.085386    34.0556       1897     1.3168     2.3375     2.1767 0.0000e+00
     59.000    22.9303   4.951330    33.8943       1916     1.3299     2.3297     2.1722 0.0000e+00
     60.000    21.9685   4.831124    33.7091       1936     1.3436     2.3037     2.1550 0.0000e+00
     61.000    22.5497   4.964751    34.2952       1958     1.3593     2.2716     2.1220 0.0000e+00
     62.000    23.2614   5.135191    35.0458       1986     1.3784     2.3104     2.1438 0.0000e+00
     63.000    22.4844   5.049934    35.0081       2019     1.4012     2.3516     2.1839 0.0000e+00
     64.000    20.1163   4.737639    34.4298       2051     1.4236     2.3416     2.1847 0.0000e+00
     65.000    18.3187   4.505695    33.9919       2076     1.4408     2.3000     2.1702 0.0000e+00
     66.000    17.4909   4.404808    33.8193       2096     1.4547     2.2967     2.1601 0.0000e+00
     67.000    16.5137   4.278909    33.5447       2116     1.4689     2.3131     2.1794 0.0000e+00
     68.000    15.8479   4.204589    33.4489       2145     1.4886     2.3318     2.1931 0.0000e+00
     69.000    15.4940   4.166007    33.4046       2180     1.5131     2.3609     2.2142 0.0000e+00
     70.000    15.4812   4.166539    33.4198       2207     1.5318     2.3807     2.2285 0.0000e+00
     71.000    15.4058   4.160564    33.4299       2235     1.5512     2.3969     2.2369 0.0000e+00
     72.000    15.1889   4.138590    33.4165       2265     1.5720     2.3986     2.2350 0.0000e+00
     73.000    15.4940   4.172107    33.4563       2287     1.5874     2.3949     2.2268 0.0000e+00
     74.000    16.8156   4.351061    33.9181       2305     1.5999     2.3968     2.2206 0.0000e+00
     75.000    17.2299   4.415868    34.1312       2324     1.6133     2.4250     2.2332 0.0000e+00
     76.000    17.3090   4.429768    34.1842       2354     1.6340     2.4159     2.2331 0.0000e+00
     77.000    17.3266   4.433560    34.2017       2391     1.6596     2.3593     2.1912 0.0000e+00
     78.000    17.2030   4.422478    34.2101       2416     1.6774     2.3356     2.1703 0.0000e+00
     79.000    15.6086   4.245990    34.0182       2442     1.6955     2.3192     2.1570 0.0000e+00
     80.000    14.8330   4.153773    33.8566       2471     1.7150     2.2697     2.1267 0.0000e+00
     81.000    13.7137   4.025114    33.6491       2496     1.7326     2.2501     2.1135 0.0000e+00
     82.000    13.7180   4.020816    33.6046       2518     1.7477     2.2364     2.1003 0.0000e+00
     83.000    14.0662   4.070212    33.7582       2539     1.7626     2.2463     2.1022 0.0000e+00
     84.000    13.7147   4.037558    33.7630       2562     1.7784     2.2721     2.1128 0.0000e+00
     85.000    13.5444   4.018284    33.7327       2589     1.7973     2.2638     2.1075 0.0000e+00
     86.000    13.4686   4.009042    33.7126       2637     1.8307     2.2524     2.0898 0.0000e+00
     87.000    13.5499   4.019181    33.7355       2679     1.8596     2.2521     2.0865 0.0000e+00
     88.000    13.5382   4.021976    33.7716       2693     1.8692     2.2545     2.0890 0.0000e+00
     89.000    13.4675   4.019792    33.8133       2704     1.8774     2.2551     2.0892 0.0000e+00
     90.000    13.4544   4.019981    33.8262       2716     1.8853     2.2523     2.0898 0.0000e+00
     91.000    13.4463   4.020310    33.8360       2729     1.8944     2.2470     2.0887 0.0000e+00
     92.000    13.4894   4.024899    33.8405       2778     1.9285     2.2349     2.0750 0.0000e+00
     93.000    13.4719   4.025126    33.8578       2848     1.9773     2.2289     2.0615 0.0000e+00
     94.000    13.4365   4.023546    33.8739       2861     1.9859     2.2289     2.0613 0.0000e+00
     95.000    13.4117   4.023123    33.8916       2873     1.9947     2.2266     2.0601 0.0000e+00
     96.000    13.4151   4.024419    33.9003       2885     2.0031     2.2237     2.0579 0.0000e+00
     97.000    13.4478   4.029616    33.9197       2899     2.0125     2.2217     2.0566 0.0000e+00
     98.000    13.4558   4.030891    33.9242       2922     2.0282     2.2168     2.0543 0.0000e+00
     99.000    13.5173   4.041519    33.9689       2965     2.0584     2.2093     2.0488 0.0000e+00
    100.000    13.5403   4.047852    34.0074       2995     2.0793     2.2079     2.0433 0.0000e+00
    101.000    13.6018   4.057196    34.0398       3025     2.1000     2.1992     2.0361 0.0000e+00
    102.000    13.7015   4.072565    34.0945       3065     2.1276     2.1933     2.0317 0.0000e+00
    103.000    13.7704   4.084290    34.1423       3093     2.1473     2.1881     2.0278 0.0000e+00
    104.000    13.8254   4.093837    34.1819       3113     2.1608     2.1845     2.0243 0.0000e+00
    105.000    13.9068   4.108671    34.2472       3130     2.1731     2.1792     2.0202 0.0000e+00
    106.000    14.0653   4.135514    34.3550       3149     2.1861     2.1732     2.0143 0.0000e+00
    107.000    14.1623   4.153913    34.4386       3172     2.2018     2.1653     2.0054 0.0000e+00
    108.000    14.2183   4.164113    34.4827       3201     2.2222     2.1486     1.9912 0.0000e+00
    109.000    14.3073   4.178812    34.5387       3237     2.2471     2.1245     1.9699 0.0000e+00
    110.000    14.4519   4.201653    34.6197       3266     2.2676     2.1161     1.9558 0.0000e+00
    111.000    14.5145   4.212142    34.6599       3288     2.2825     2.1116     1.9509 0.0000e+00
    112.000    14.6372   4.234867    34.7586       3313     2.3000     2.1014     1.9469 0.0000e+00
    113.000    14.6818   4.244151    34.8035       3360     2.3323     2.0793     1.9318 0.0000e+00
    114.000    14.7893   4.259929    34.8513       3386     2.3509     2.0584     1.9157 0.0000e+00
    115.000    14.9523   4.288512    34.9662       3401     2.3608     2.0519     1.9084 0.0000e+00
    116.000    15.2004   4.327378    35.0970       3414     2.3701     2.0498     1.9025 0.0000e+00
    117.000    15.3857   4.363032    35.2536       3430     2.3809     2.0506     1.8992 0.0000e+00
    118.000    15.5244   4.388798    35.3615       3462     2.4032     2.0352     1.8870 0.0000e+00
    119.000    15.6198   4.407252    35.4418       3504     2.4325     1.9955     1.8528 0.0000e+00
    120.000    15.6270   4.409187    35.4524       3528     2.4496     1.9814     1.8376 0.0000e+00
    121.000    15.6178   4.409013    35.4586       3606     2.5037     1.9591     1.8135 0.0000e+00
    122.000    15.6066   4.410036    35.4775       4009     2.7835     1.9481     1.8060 0.0000e+00
    123.000    15.6039   4.410503    35.4838       4704     3.2662     1.9458     1.8079 0.0000e+00
    122.000    15.6146   4.410199    35.4717       4677     3.2473     1.9432     1.8052 0.0000e+00
    121.000    15.6186   4.409925    35.4661       4682     3.2508     1.9425     1.8028 0.0000e+00
    120.000    15.6180   4.409706    35.4651       4803     3.3344     1.9436     1.8028 0.0000e+00
    119.000    15.6146   4.408844    35.4608       5043     3.5015     1.9460     1.8055 0.0000e+00
    118.000    15.6138   4.408632    35.4600       5085     3.5307     1.9475     1.8073 0.0000e+00
    117.000    15.6059   4.407304    35.4556       5121     3.5553     1.9511     1.8087 0.0000e+00
    116.000    15.5422   4.397222    35.4223       5149     3.5748     1.9534     1.8069 0.0000e+00
    115.000    15.4039   4.374118    35.3384       5168     3.5880     1.9517     1.8068 0.0000e+00
    114.000    15.3700   4.366335    35.2989       5184     3.5996     1.9496     1.8060 0.0000e+00
    113.000    15.2273   4.343887    35.2240       5204     3.6129     1.9499     1.8068 0.0000e+00
    112.000    15.0130   4.304584    35.0591       5241     3.6392     1.9641     1.8149 0.0000e+00
    111.000    14.8764   4.277833    34.9384       5282     3.6675     1.9841     1.8285 0.0000e+00
    110.000    14.6592   4.243282    34.8170       5303     3.6818     1.9958     1.8396 0.0000e+00
    109.000    14.6332   4.236423    34.7777       5323     3.6959     2.0045     1.8500 0.0000e+00
    108.000    14.5694   4.225518    34.7351       5348     3.7131     2.0173     1.8577 0.0000e+00
    107.000    14.5117   4.215829    34.6980       5376     3.7327     2.0341     1.8727 0.0000e+00
    106.000    14.3400   4.188933    34.6041       5401     3.7502     2.0477     1.8863 0.0000e+00
    105.000    14.2359   4.169496    34.5179       5425     3.7667     2.0553     1.8935 0.0000e+00
    104.000    14.1734   4.157202    34.4605       5451     3.7847     2.0650     1.9057 0.0000e+00
    103.000    14.0818   4.142297    34.4044       5478     3.8031     2.0764     1.9192 0.0000e+00
    102.000    13.9514   4.118023    34.2957       5503     3.8211     2.0876     1.9292 0.0000e+00
    101.000    13.8684   4.102168    34.2225       5529     3.8387     2.0993     1.9370 0.0000e+00
    100.000    13.8220   4.093079    34.1795       5558     3.8590     2.1154     1.9486 0.0000e+00
     99.000    13.7437   4.080474    34.1320       5593     3.8832     2.1308     1.9630 0.0000e+00
     98.000    13.6497   4.064933    34.0709       5618     3.9005     2.1405     1.9719 0.0000e+00
     97.000    13.5806   4.051084    34.0030       5636     3.9134     2.1455     1.9795 0.0000e+00
     96.000    13.5519   4.046093    33.9822       5656     3.9268     2.1524     1.9847 0.0000e+00
     95.000    13.5165   4.038591    33.9437       5682     3.9451     2.1671     1.9974 0.0000e+00
     94.000    13.5025   4.036690    33.9388       5713     3.9669     2.1775     2.0127 0.0000e+00
     93.000    13.4546   4.027797    33.8982       5737     3.9837     2.1843     2.0193 0.0000e+00
     92.000    13.4531   4.025358    33.8771       5759     3.9987     2.1904     2.0229 0.0000e+00
     91.000    13.4551   4.024680    33.8693       5787     4.0182     2.1966     2.0292 0.0000e+00
     90.000    13.4676   4.024355    33.8556       5828     4.0467     2.2044     2.0376 0.0000e+00
     89.000    13.5071   4.025425    33.8310       5857     4.0668     2.2095     2.0429 0.0000e+00
     88.000    13.5237   4.024971    33.8125       5876     4.0800     2.2121     2.0469 0.0000e+00
     87.000    13.5301   4.024531    33.8031       5893     4.0916     2.2129     2.0497 0.0000e+00
     86.000    13.5574   4.024305    33.7773       5910     4.1037     2.2164     2.0516 0.0000e+00
     85.000    13.5568   4.021495    33.7519       5935     4.1207     2.2224     2.0529 0.0000e+00
     84.000    13.5520   4.016216    33.7071       5974     4.1477     2.2310     2.0593 0.0000e+00
     83.000    13.6758   4.025285    33.6832       6005     4.1696     2.2328     2.0658 0.0000e+00
