HB2407/CTD037.cnv
* Sea-Bird SBE 9 Data File:
* FileName = C:\cruise\data\CTD037.hex
* Software Version Seasave V 7.26.7.121
* Temperature SN = 4591
* Conductivity SN = 6006
* Number of Bytes Per Scan = 37
* Number of Voltage Words = 4
* Number of Scans Averaged by the Deck Unit = 1
* NMEA Latitude = 38 49.48 N
* NMEA Longitude = 074 43.05 W
* NMEA UTC (Time) = Sep 17 2024 11:34:16
* NMEA baud rate = 4800
** Ship: Bigelow HB2407
** Program:  Fall Bottom Trawl Survey
** Chief Scientist: John Galbraith
# nquan = 9
# nvalues = 37                          
# units = specified
# name 0 = depSM: Depth [salt water, m]
# name 1 = t090C: Temperature [ITS-90, deg C]
# name 2 = c0S/m: Conductivity [S/m]
# name 3 = sal00: Salinity, Practical [PSU]
# name 4 = scan: Scan Count
# name 5 = timeM: Time, Elapsed [minutes]
# name 6 = sbeox0V: Oxygen raw, SBE 43 [V]
# name 7 = sbeox1V: Oxygen raw, SBE 43, 2 [V]
# name 8 = flag: flag
# span 0 =      1.000,     20.000       
# span 1 =    21.8300,    21.8329       
# span 2 =   4.440727,   4.441850       
# span 3 =    30.7918,    30.7932       
# span 4 =        147,       1710       
# span 5 =     0.1013,     1.1871       
# span 6 =     2.5398,     2.5599       
# span 7 =     2.3596,     2.3775       
# span 8 = 0.0000e+00, 0.0000e+00       
# interval = meters: 1                  
# start_time = Sep 17 2024 11:34:16 [NMEA time, header]
# bad_flag = -9.990e-29
*END*
      3.000    21.8308   4.440881    30.7920        147     0.1013     2.5496     2.3717 0.0000e+00
      4.000    21.8309   4.440924    30.7919        269     0.1859     2.5467     2.3715 0.0000e+00
      5.000    21.8310   4.440996    30.7921        314     0.2171     2.5501     2.3684 0.0000e+00
      6.000    21.8311   4.441052    30.7922        371     0.2566     2.5486     2.3692 0.0000e+00
      7.000    21.8306   4.441039    30.7921        396     0.2743     2.5432     2.3748 0.0000e+00
      8.000    21.8306   4.441037    30.7918        415     0.2875     2.5449     2.3775 0.0000e+00
      9.000    21.8307   4.441155    30.7924        430     0.2976     2.5428     2.3747 0.0000e+00
     10.000    21.8312   4.441273    30.7926        443     0.3069     2.5422     2.3745 0.0000e+00
     11.000    21.8311   4.441252    30.7923        458     0.3176     2.5399     2.3737 0.0000e+00
     12.000    21.8313   4.441401    30.7929        480     0.3326     2.5398     2.3665 0.0000e+00
     13.000    21.8315   4.441457    30.7929        531     0.3683     2.5439     2.3681 0.0000e+00
     14.000    21.8319   4.441538    30.7930        573     0.3969     2.5461     2.3682 0.0000e+00
     15.000    21.8321   4.441592    30.7929        595     0.4128     2.5477     2.3656 0.0000e+00
     16.000    21.8323   4.441632    30.7928        622     0.4315     2.5457     2.3623 0.0000e+00
     17.000    21.8322   4.441686    30.7929        654     0.4532     2.5464     2.3607 0.0000e+00
     18.000    21.8321   4.441752    30.7932        678     0.4702     2.5455     2.3596 0.0000e+00
     19.000    21.8325   4.441774    30.7928        927     0.6430     2.5435     2.3615 0.0000e+00
     20.000    21.8329   4.441850    30.7928       1447     1.0041     2.5527     2.3634 0.0000e+00
     19.000    21.8329   4.441768    30.7925       1236     0.8576     2.5528     2.3599 0.0000e+00
     18.000    21.8329   4.441721    30.7924       1254     0.8701     2.5528     2.3605 0.0000e+00
     17.000    21.8326   4.441671    30.7925       1269     0.8807     2.5485     2.3614 0.0000e+00
     16.000    21.8324   4.441593    30.7924       1285     0.8918     2.5427     2.3610 0.0000e+00
     15.000    21.8321   4.441539    30.7925       1305     0.9054     2.5459     2.3645 0.0000e+00
     14.000    21.8319   4.441473    30.7924       1341     0.9307     2.5493     2.3671 0.0000e+00
     13.000    21.8319   4.441398    30.7922       1389     0.9637     2.5476     2.3642 0.0000e+00
     12.000    21.8318   4.441381    30.7924       1412     0.9796     2.5464     2.3638 0.0000e+00
     11.000    21.8316   4.441331    30.7925       1428     0.9908     2.5465     2.3623 0.0000e+00
     10.000    21.8315   4.441285    30.7925       1442     1.0008     2.5504     2.3625 0.0000e+00
      9.000    21.8312   4.441223    30.7925       1456     1.0105     2.5546     2.3622 0.0000e+00
      8.000    21.8311   4.441184    30.7926       1473     1.0220     2.5552     2.3647 0.0000e+00
      7.000    21.8307   4.441114    30.7926       1526     1.0590     2.5527     2.3684 0.0000e+00
      6.000    21.8309   4.441039    30.7923       1571     1.0903     2.5576     2.3707 0.0000e+00
      5.000    21.8308   4.440969    30.7921       1589     1.1028     2.5550     2.3706 0.0000e+00
      4.000    21.8305   4.440916    30.7922       1612     1.1186     2.5532     2.3684 0.0000e+00
      3.000    21.8304   4.440855    30.7921       1638     1.1369     2.5558     2.3660 0.0000e+00
      2.000    21.8304   4.440807    30.7920       1663     1.1545     2.5599     2.3672 0.0000e+00
      1.000    21.8300   4.440727    30.7921       1710     1.1871     2.5589     2.3697 0.0000e+00
