HB2407/CTD026.cnv
* Sea-Bird SBE 9 Data File:
* FileName = C:\cruise\data\CTD026.hex
* Software Version Seasave V 7.26.7.121
* Temperature SN = 4591
* Conductivity SN = 6006
* Number of Bytes Per Scan = 37
* Number of Voltage Words = 4
* Number of Scans Averaged by the Deck Unit = 1
* NMEA Latitude = 36 47.30 N
* NMEA Longitude = 074 38.74 W
* NMEA UTC (Time) = Sep 11 2024 01:51:03
* NMEA baud rate = 4800
** Ship: Bigelow HB2407
** Program:  Fall Bottom Trawl Survey
** Chief Scientist: John Galbraith
# nquan = 9
# nvalues = 689                         
# units = specified
# name 0 = depSM: Depth [salt water, m]
# name 1 = t090C: Temperature [ITS-90, deg C]
# name 2 = c0S/m: Conductivity [S/m]
# name 3 = sal00: Salinity, Practical [PSU]
# name 4 = scan: Scan Count
# name 5 = timeM: Time, Elapsed [minutes]
# name 6 = sbeox0V: Oxygen raw, SBE 43 [V]
# name 7 = sbeox1V: Oxygen raw, SBE 43, 2 [V]
# name 8 = flag: flag
# span 0 =      1.000,    346.000       
# span 1 =     7.2990,    23.0982       
# span 2 =   3.575892,   4.836294       
# span 3 =    32.8493,    36.0777       
# span 4 =        124,      20770       
# span 5 =     0.0857,    14.4229       
# span 6 =     1.5669,     2.9942       
# span 7 =     1.4542,     2.7153       
# span 8 = 0.0000e+00, 0.0000e+00       
# interval = meters: 1                  
# start_time = Sep 11 2024 01:51:03 [NMEA time, header]
# bad_flag = -9.990e-29
*END*
[from data line 161]
    164.000    11.9684   4.051118    35.4579       4578     3.1785     1.6636     1.5403 0.0000e+00
    165.000    12.0034   4.055396    35.4660       4602     3.1952     1.6597     1.5371 0.0000e+00
    166.000    11.9300   4.047647    35.4595       4630     3.2145     1.6558     1.5349 0.0000e+00
    167.000    11.8717   4.041057    35.4501       4662     3.2368     1.6551     1.5319 0.0000e+00
    168.000    11.8453   4.038368    35.4484       4693     3.2582     1.6513     1.5298 0.0000e+00
    169.000    11.7997   4.033030    35.4391       4719     3.2765     1.6477     1.5283 0.0000e+00
    170.000    11.8085   4.033925    35.4390       4743     3.2930     1.6462     1.5257 0.0000e+00
    171.000    11.8189   4.034612    35.4354       4765     3.3086     1.6460     1.5238 0.0000e+00
    172.000    11.7708   4.030329    35.4387       4788     3.3243     1.6438     1.5223 0.0000e+00
    173.000    11.7507   4.027698    35.4316       4812     3.3412     1.6413     1.5234 0.0000e+00
    174.000    11.7500   4.027429    35.4292       4839     3.3598     1.6387     1.5228 0.0000e+00
    175.000    11.7431   4.026745    35.4285       4869     3.3806     1.6389     1.5223 0.0000e+00
    176.000    11.7373   4.026110    35.4274       4901     3.4030     1.6393     1.5204 0.0000e+00
    177.000    11.7288   4.025174    35.4258       4933     3.4248     1.6387     1.5175 0.0000e+00
    178.000    11.7221   4.024363    35.4238       4960     3.4436     1.6366     1.5164 0.0000e+00
    179.000    11.7128   4.023533    35.4241       4983     3.4599     1.6371     1.5163 0.0000e+00
    180.000    11.7108   4.023240    35.4227       5005     3.4749     1.6362     1.5161 0.0000e+00
    181.000    11.7107   4.023177    35.4217       5027     3.4902     1.6342     1.5155 0.0000e+00
    182.000    11.7074   4.022856    35.4212       5051     3.5070     1.6331     1.5153 0.0000e+00
    183.000    11.7227   4.024267    35.4201       5078     3.5260     1.6338     1.5148 0.0000e+00
    184.000    11.7312   4.025272    35.4214       5108     3.5465     1.6366     1.5146 0.0000e+00
    185.000    11.6479   4.017029    35.4193       5137     3.5669     1.6371     1.5137 0.0000e+00
    186.000    11.6455   4.016069    35.4117       5166     3.5867     1.6361     1.5115 0.0000e+00
    187.000    11.6484   4.016420    35.4119       5194     3.6060     1.6335     1.5116 0.0000e+00
    188.000    11.6357   4.015115    35.4108       5221     3.6251     1.6318     1.5123 0.0000e+00
    189.000    11.6288   4.014474    35.4106       5247     3.6429     1.6298     1.5123 0.0000e+00
    190.000    11.6254   4.013988    35.4086       5270     3.6592     1.6294     1.5133 0.0000e+00
    191.000    11.5816   4.009776    35.4084       5293     3.6753     1.6285     1.5125 0.0000e+00
    192.000    11.5642   4.007971    35.4068       5319     3.6930     1.6256     1.5122 0.0000e+00
    193.000    11.3941   3.990732    35.3985       5347     3.7127     1.6236     1.5114 0.0000e+00
    194.000    11.4130   3.991641    35.3890       5376     3.7324     1.6208     1.5085 0.0000e+00
    195.000    11.3569   3.987148    35.3978       5402     3.7504     1.6192     1.5054 0.0000e+00
    196.000    11.1329   3.963626    35.3785       5426     3.7673     1.6162     1.5022 0.0000e+00
    197.000    11.1064   3.960308    35.3704       5452     3.7857     1.6110     1.4965 0.0000e+00
    198.000    11.0888   3.958294    35.3668       5482     3.8060     1.6078     1.4921 0.0000e+00
    199.000    11.0559   3.954972    35.3648       5512     3.8269     1.6044     1.4878 0.0000e+00
    200.000    11.0102   3.950685    35.3655       5540     3.8462     1.5996     1.4844 0.0000e+00
    201.000    10.9300   3.942591    35.3613       5565     3.8640     1.5956     1.4817 0.0000e+00
    202.000    10.8457   3.933786    35.3538       5589     3.8808     1.5900     1.4784 0.0000e+00
    203.000    10.7959   3.928398    35.3474       5612     3.8969     1.5866     1.4747 0.0000e+00
    204.000    10.7453   3.923017    35.3418       5635     3.9128     1.5840     1.4716 0.0000e+00
    205.000    10.6941   3.917361    35.3338       5660     3.9296     1.5802     1.4687 0.0000e+00
    206.000    10.6524   3.912802    35.3277       5687     3.9487     1.5769     1.4666 0.0000e+00
    207.000    10.6348   3.910645    35.3226       5719     3.9711     1.5748     1.4650 0.0000e+00
    208.000    10.5761   3.904833    35.3203       5751     3.9933     1.5747     1.4635 0.0000e+00
    209.000    10.5264   3.899489    35.3139       5778     4.0121     1.5737     1.4616 0.0000e+00
    210.000    10.4509   3.891637    35.3071       5803     4.0292     1.5737     1.4600 0.0000e+00
    211.000    10.3904   3.884922    35.2973       5827     4.0457     1.5721     1.4588 0.0000e+00
    212.000    10.3667   3.882185    35.2921       5851     4.0624     1.5712     1.4572 0.0000e+00
    213.000    10.3488   3.880160    35.2884       5876     4.0801     1.5719     1.4574 0.0000e+00
    214.000    10.2977   3.875336    35.2886       5904     4.0992     1.5732     1.4574 0.0000e+00
    215.000    10.2274   3.867711    35.2789       5932     4.1188     1.5718     1.4571 0.0000e+00
    216.000    10.1345   3.858520    35.2750       5959     4.1377     1.5691     1.4567 0.0000e+00
    217.000    10.0668   3.850792    35.2616       5986     4.1565     1.5685     1.4552 0.0000e+00
    218.000    10.0350   3.847368    35.2572       6013     4.1752     1.5672     1.4544 0.0000e+00
    219.000    10.0012   3.843716    35.2523       6039     4.1930     1.5669     1.4542 0.0000e+00
    220.000     9.9548   3.838914    35.2480       6063     4.2097     1.5678     1.4554 0.0000e+00
    221.000     9.8885   3.832176    35.2430       6086     4.2260     1.5686     1.4562 0.0000e+00
    222.000     9.8485   3.827603    35.2347       6112     4.2439     1.5685     1.4561 0.0000e+00
    223.000     9.8145   3.824060    35.2310       6143     4.2651     1.5692     1.4551 0.0000e+00
    224.000     9.7808   3.820343    35.2253       6174     4.2871     1.5695     1.4560 0.0000e+00
    225.000     9.7456   3.816808    35.2229       6202     4.3063     1.5708     1.4572 0.0000e+00
    226.000     9.7050   3.812395    35.2167       6227     4.3237     1.5707     1.4584 0.0000e+00
    227.000     9.7014   3.811768    35.2132       6252     4.3408     1.5696     1.4580 0.0000e+00
    228.000     9.6846   3.810090    35.2120       6277     4.3584     1.5711     1.4576 0.0000e+00
    229.000     9.6748   3.808972    35.2095       6303     4.3765     1.5726     1.4581 0.0000e+00
    230.000     9.6635   3.807756    35.2076       6329     4.3945     1.5737     1.4596 0.0000e+00
    231.000     9.6482   3.806201    35.2060       6354     4.4116     1.5755     1.4608 0.0000e+00
    232.000     9.6403   3.805257    35.2036       6378     4.4287     1.5760     1.4610 0.0000e+00
    233.000     9.6334   3.804578    35.2028       6405     4.4472     1.5763     1.4611 0.0000e+00
    234.000     9.6095   3.802248    35.2017       6434     4.4674     1.5761     1.4620 0.0000e+00
    235.000     9.5703   3.798225    35.1980       6463     4.4878     1.5772     1.4623 0.0000e+00
    236.000     9.5580   3.796821    35.1951       6491     4.5070     1.5786     1.4620 0.0000e+00
    237.000     9.5380   3.794892    35.1943       6519     4.5261     1.5793     1.4611 0.0000e+00
    238.000     9.5204   3.793032    35.1918       6546     4.5454     1.5808     1.4623 0.0000e+00
    239.000     9.5136   3.792165    35.1891       6572     4.5634     1.5813     1.4622 0.0000e+00
    240.000     9.5056   3.791468    35.1892       6595     4.5791     1.5811     1.4630 0.0000e+00
    241.000     9.5022   3.790941    35.1866       6616     4.5936     1.5813     1.4639 0.0000e+00
    242.000     9.4980   3.790652    35.1873       6638     4.6089     1.5820     1.4637 0.0000e+00
    243.000     9.4896   3.789732    35.1856       6666     4.6285     1.5826     1.4638 0.0000e+00
    244.000     9.4755   3.788441    35.1856       6705     4.6555     1.5823     1.4624 0.0000e+00
    245.000     9.4592   3.786599    35.1820       6738     4.6787     1.5812     1.4605 0.0000e+00
    246.000     9.4378   3.784722    35.1830       6762     4.6950     1.5804     1.4599 0.0000e+00
    247.000     9.4267   3.783518    35.1809       6782     4.7093     1.5790     1.4608 0.0000e+00
    248.000     9.3971   3.780629    35.1795       6803     4.7237     1.5777     1.4623 0.0000e+00
    249.000     9.3690   3.777688    35.1762       6826     4.7398     1.5782     1.4636 0.0000e+00
    250.000     9.3492   3.775642    35.1739       6853     4.7584     1.5780     1.4633 0.0000e+00
    251.000     9.3408   3.774607    35.1709       6883     4.7788     1.5773     1.4636 0.0000e+00
    252.000     9.3377   3.774379    35.1711       6912     4.7994     1.5786     1.4651 0.0000e+00
    253.000     9.3273   3.773341    35.1701       6941     4.8195     1.5803     1.4664 0.0000e+00
    254.000     9.3239   3.772940    35.1688       6970     4.8394     1.5814     1.4668 0.0000e+00
    255.000     9.3216   3.772712    35.1682       6997     4.8586     1.5819     1.4660 0.0000e+00
    256.000     9.3207   3.772562    35.1671       7023     4.8762     1.5832     1.4660 0.0000e+00
    257.000     9.3245   3.772993    35.1673       7047     4.8928     1.5828     1.4661 0.0000e+00
    258.000     9.3299   3.773651    35.1684       7070     4.9092     1.5833     1.4661 0.0000e+00
    259.000     9.3316   3.773883    35.1686       7095     4.9264     1.5839     1.4660 0.0000e+00
    260.000     9.3294   3.773703    35.1685       7122     4.9449     1.5827     1.4671 0.0000e+00
    261.000     9.3253   3.773257    35.1674       7149     4.9639     1.5828     1.4685 0.0000e+00
    262.000     9.3272   3.773543    35.1680       7177     4.9833     1.5845     1.4684 0.0000e+00
    263.000     9.3216   3.772996    35.1674       7207     5.0040     1.5851     1.4683 0.0000e+00
    264.000     9.3195   3.772789    35.1668       7238     5.0255     1.5842     1.4680 0.0000e+00
    265.000     9.3134   3.772290    35.1672       7267     5.0457     1.5846     1.4677 0.0000e+00
    266.000     9.3127   3.772190    35.1663       7293     5.0638     1.5836     1.4667 0.0000e+00
    267.000     9.3138   3.772293    35.1659       7317     5.0805     1.5826     1.4661 0.0000e+00
    268.000     9.3243   3.773561    35.1682       7340     5.0969     1.5833     1.4667 0.0000e+00
    269.000     9.3267   3.773926    35.1692       7365     5.1137     1.5839     1.4659 0.0000e+00
    270.000     9.3205   3.773359    35.1689       7391     5.1323     1.5846     1.4654 0.0000e+00
    271.000     9.3132   3.772580    35.1675       7421     5.1529     1.5858     1.4651 0.0000e+00
    272.000     9.3095   3.772266    35.1674       7451     5.1736     1.5849     1.4660 0.0000e+00
    273.000     9.2900   3.770732    35.1702       7478     5.1924     1.5834     1.4655 0.0000e+00
    274.000     9.2453   3.766227    35.1668       7504     5.2103     1.5808     1.4647 0.0000e+00
    275.000     9.2248   3.764203    35.1654       7531     5.2294     1.5802     1.4653 0.0000e+00
    276.000     9.1411   3.756731    35.1694       7562     5.2504     1.5790     1.4659 0.0000e+00
    277.000     9.0518   3.747298    35.1584       7591     5.2706     1.5799     1.4657 0.0000e+00
    278.000     9.0010   3.742257    35.1553       7615     5.2878     1.5809     1.4649 0.0000e+00
    279.000     8.9885   3.740764    35.1515       7638     5.3037     1.5827     1.4661 0.0000e+00
    280.000     8.9861   3.740458    35.1502       7662     5.3200     1.5850     1.4678 0.0000e+00
    281.000     8.9834   3.740111    35.1487       7689     5.3391     1.5875     1.4703 0.0000e+00
    282.000     8.9768   3.739503    35.1484       7721     5.3612     1.5894     1.4719 0.0000e+00
    283.000     8.9726   3.739064    35.1474       7752     5.3824     1.5908     1.4716 0.0000e+00
    284.000     8.9625   3.738106    35.1469       7778     5.4008     1.5905     1.4724 0.0000e+00
    285.000     8.9637   3.738146    35.1457       7803     5.4182     1.5896     1.4724 0.0000e+00
    286.000     8.9621   3.738038    35.1456       7829     5.4360     1.5903     1.4721 0.0000e+00
    287.000     8.9414   3.736346    35.1478       7855     5.4544     1.5912     1.4722 0.0000e+00
    288.000     8.8458   3.727333    35.1472       7882     5.4731     1.5904     1.4732 0.0000e+00
    289.000     8.7232   3.715748    35.1461       7909     5.4920     1.5884     1.4728 0.0000e+00
    290.000     8.6410   3.706974    35.1346       7938     5.5116     1.5884     1.4723 0.0000e+00
    291.000     8.5846   3.701968    35.1371       7966     5.5310     1.5900     1.4735 0.0000e+00
    292.000     8.4484   3.688911    35.1337       7992     5.5491     1.5937     1.4772 0.0000e+00
    293.000     8.4195   3.685143    35.1220       8017     5.5668     1.5962     1.4808 0.0000e+00
    294.000     8.4132   3.684458    35.1205       8044     5.5855     1.5997     1.4842 0.0000e+00
    295.000     8.4006   3.682991    35.1169       8074     5.6061     1.6053     1.4893 0.0000e+00
    296.000     8.3993   3.682772    35.1155       8103     5.6263     1.6111     1.4930 0.0000e+00
    297.000     8.3908   3.682209    35.1174       8130     5.6449     1.6144     1.4948 0.0000e+00
    298.000     8.3237   3.675841    35.1161       8156     5.6629     1.6153     1.4955 0.0000e+00
    299.000     8.2174   3.666405    35.1209       8182     5.6810     1.6136     1.4947 0.0000e+00
    300.000     8.1265   3.656534    35.1058       8208     5.6993     1.6150     1.4958 0.0000e+00
    301.000     8.1256   3.656414    35.1049       8233     5.7167     1.6173     1.4974 0.0000e+00
    302.000     8.1340   3.656801    35.1002       8258     5.7341     1.6233     1.5021 0.0000e+00
    303.000     8.1444   3.657782    35.0998       8284     5.7522     1.6297     1.5079 0.0000e+00
    304.000     8.1344   3.656902    35.0999       8313     5.7724     1.6341     1.5120 0.0000e+00
    305.000     8.1177   3.655262    35.0986       8345     5.7947     1.6337     1.5144 0.0000e+00
    306.000     8.1186   3.655221    35.0968       8377     5.8165     1.6340     1.5157 0.0000e+00
    307.000     8.1321   3.656440    35.0958       8404     5.8354     1.6363     1.5151 0.0000e+00
    308.000     8.1392   3.657171    35.0961       8428     5.8520     1.6376     1.5149 0.0000e+00
    309.000     8.1367   3.657133    35.0976       8451     5.8679     1.6373     1.5159 0.0000e+00
    310.000     8.1227   3.655738    35.0963       8475     5.8845     1.6373     1.5172 0.0000e+00
    311.000     8.1027   3.653952    35.0967       8502     5.9035     1.6372     1.5162 0.0000e+00
    312.000     8.0997   3.653334    35.0925       8533     5.9248     1.6373     1.5153 0.0000e+00
    313.000     8.1463   3.657711    35.0923       8562     5.9453     1.6383     1.5161 0.0000e+00
    314.000     8.1224   3.656002    35.0974       8589     5.9637     1.6395     1.5172 0.0000e+00
    315.000     8.0945   3.653391    35.0969       8613     5.9807     1.6388     1.5184 0.0000e+00
    316.000     8.0500   3.649085    35.0947       8637     5.9976     1.6374     1.5174 0.0000e+00
    317.000     8.0742   3.651021    35.0908       8663     6.0153     1.6353     1.5155 0.0000e+00
    318.000     8.0025   3.645241    35.1001       8692     6.0357     1.6354     1.5168 0.0000e+00
    319.000     7.7902   3.624831    35.0929       8725     6.0585     1.6350     1.5188 0.0000e+00
    320.000     7.6530   3.611759    35.0891       8757     6.0804     1.6373     1.5185 0.0000e+00
    321.000     7.5329   3.599913    35.0812       8783     6.0986     1.6430     1.5219 0.0000e+00
    322.000     7.4438   3.590679    35.0702       8806     6.1144     1.6498     1.5260 0.0000e+00
