HB2407/CTD041.cnv
* Sea-Bird SBE 9 Data File:
* FileName = C:\cruise\data\CTD041.hex
* Software Version Seasave V 7.26.7.121
* Temperature SN = 4591
* Conductivity SN = 6006
* Number of Bytes Per Scan = 37
* Number of Voltage Words = 4
* Number of Scans Averaged by the Deck Unit = 1
* NMEA Latitude = 38 17.08 N
* NMEA Longitude = 074 44.21 W
* NMEA UTC (Time) = Sep 17 2024 20:44:19
* NMEA baud rate = 4800
** Ship: Bigelow HB2407
** Program:  Fall Bottom Trawl Survey
** Chief Scientist: John Galbraith
# nquan = 9
# nvalues = 51                          
# units = specified
# name 0 = depSM: Depth [salt water, m]
# name 1 = t090C: Temperature [ITS-90, deg C]
# name 2 = c0S/m: Conductivity [S/m]
# name 3 = sal00: Salinity, Practical [PSU]
# name 4 = scan: Scan Count
# name 5 = timeM: Time, Elapsed [minutes]
# name 6 = sbeox0V: Oxygen raw, SBE 43 [V]
# name 7 = sbeox1V: Oxygen raw, SBE 43, 2 [V]
# name 8 = flag: flag
# span 0 =      1.000,     27.000       
# span 1 =    21.1985,    21.2978       
# span 2 =   4.416603,   4.426335       
# span 3 =    30.9996,    31.1224       
# span 4 =         67,       4454       
# span 5 =     0.0459,     3.0925       
# span 6 =     2.4965,     2.5618       
# span 7 =     2.3003,     2.3644       
# span 8 = 0.0000e+00, 0.0000e+00       
# interval = meters: 1                  
# start_time = Sep 17 2024 20:44:19 [NMEA time, header]
# bad_flag = -9.990e-29
*END*
      3.000    21.2792   4.417327    31.0038         67     0.0459     2.5531     2.3629 0.0000e+00
      4.000    21.2788   4.417392    31.0043        164     0.1130     2.5564     2.3633 0.0000e+00
      5.000    21.2774   4.417404    31.0051        314     0.2176     2.5503     2.3639 0.0000e+00
      6.000    21.2749   4.417635    31.0084        346     0.2398     2.5471     2.3644 0.0000e+00
      7.000    21.2754   4.416603    30.9996        404     0.2797     2.5506     2.3629 0.0000e+00
      8.000    21.2718   4.417928    31.0123        458     0.3174     2.5518     2.3500 0.0000e+00
      9.000    21.2735   4.417948    31.0109        491     0.3400     2.5510     2.3452 0.0000e+00
     10.000    21.2624   4.418557    31.0234        521     0.3611     2.5465     2.3504 0.0000e+00
     11.000    21.2609   4.418901    31.0268        549     0.3804     2.5466     2.3463 0.0000e+00
     12.000    21.2554   4.419776    31.0374        573     0.3972     2.5432     2.3363 0.0000e+00
     13.000    21.2505   4.420517    31.0464        595     0.4123     2.5439     2.3383 0.0000e+00
     14.000    21.2392   4.421943    31.0655        628     0.4358     2.5399     2.3355 0.0000e+00
     15.000    21.2199   4.423917    31.0946        715     0.4959     2.5237     2.3294 0.0000e+00
     16.000    21.2206   4.423986    31.0944        731     0.5072     2.5247     2.3281 0.0000e+00
     17.000    21.2210   4.424186    31.0953        751     0.5205     2.5264     2.3257 0.0000e+00
     18.000    21.2209   4.424317    31.0961        776     0.5383     2.5161     2.3215 0.0000e+00
     19.000    21.2201   4.424293    31.0962        825     0.5723     2.5088     2.3176 0.0000e+00
     20.000    21.2196   4.424291    31.0963        858     0.5951     2.5148     2.3205 0.0000e+00
     21.000    21.2177   4.424209    31.0966        879     0.6097     2.5159     2.3206 0.0000e+00
     22.000    21.2114   4.423816    31.0978        921     0.6386     2.5093     2.3155 0.0000e+00
     23.000    21.2111   4.423834    31.0979        996     0.6913     2.5036     2.3107 0.0000e+00
     24.000    21.2125   4.423954    31.0975       1017     0.7057     2.5088     2.3137 0.0000e+00
     25.000    21.2028   4.423623    31.1016       1038     0.7199     2.5011     2.3106 0.0000e+00
     26.000    21.2014   4.424839    31.1119       1060     0.7351     2.5023     2.3089 0.0000e+00
     27.000    21.2025   4.426335    31.1224       1082     0.7508     2.5054     2.3071 0.0000e+00
     26.000    21.2023   4.425569    31.1169       1123     0.7794     2.5016     2.3060 0.0000e+00
     25.000    21.2002   4.423584    31.1032       2695     1.8711     2.5059     2.3060 0.0000e+00
     24.000    21.1985   4.422969    31.0999       2888     2.0047     2.5022     2.3030 0.0000e+00
     23.000    21.2026   4.422842    31.0963       2929     2.0336     2.4965     2.3064 0.0000e+00
     22.000    21.2082   4.422971    31.0935       2975     2.0650     2.5001     2.3093 0.0000e+00
     21.000    21.2132   4.423242    31.0923       3069     2.1306     2.5070     2.3103 0.0000e+00
     20.000    21.2181   4.423503    31.0911       3122     2.1673     2.5022     2.3042 0.0000e+00
     19.000    21.2198   4.423595    31.0909       3156     2.1907     2.5078     2.3056 0.0000e+00
     18.000    21.2210   4.423647    31.0908       3229     2.2415     2.5045     2.3123 0.0000e+00
     17.000    21.2217   4.423616    31.0904       3305     2.2945     2.5127     2.3116 0.0000e+00
     16.000    21.2219   4.423550    31.0900       3328     2.3104     2.5160     2.3107 0.0000e+00
     15.000    21.2235   4.423001    31.0848       3404     2.3632     2.5144     2.3037 0.0000e+00
     14.000    21.2253   4.423156    31.0850       3475     2.4126     2.5176     2.3034 0.0000e+00
     13.000    21.2267   4.423067    31.0837       3571     2.4789     2.5186     2.3003 0.0000e+00
     12.000    21.2283   4.422930    31.0818       3604     2.5023     2.5186     2.3070 0.0000e+00
     11.000    21.2328   4.422614    31.0763       3695     2.5651     2.5216     2.3053 0.0000e+00
     10.000    21.2611   4.420770    31.0417       3738     2.5953     2.5236     2.3111 0.0000e+00
      9.000    21.2682   4.420257    31.0329       3791     2.6318     2.5336     2.3212 0.0000e+00
      8.000    21.2735   4.419869    31.0263       3856     2.6772     2.5455     2.3293 0.0000e+00
      7.000    21.2813   4.419343    31.0168       3890     2.7010     2.5460     2.3331 0.0000e+00
      6.000    21.2868   4.418758    31.0086       3933     2.7303     2.5490     2.3344 0.0000e+00
      5.000    21.2888   4.418424    31.0049       3985     2.7669     2.5536     2.3440 0.0000e+00
      4.000    21.2897   4.418405    31.0044       4036     2.8022     2.5528     2.3422 0.0000e+00
      3.000    21.2906   4.418513    31.0049       4211     2.9234     2.5568     2.3537 0.0000e+00
      2.000    21.2967   4.418700    31.0023       4422     3.0700     2.5596     2.3570 0.0000e+00
      1.000    21.2978   4.418732    31.0020       4454     3.0925     2.5618     2.3558 0.0000e+00
