HB2407/CTD020.cnv
* Sea-Bird SBE 9 Data File:
* FileName = C:\cruise\data\CTD020.hex
* Software Version Seasave V 7.26.7.121
* Temperature SN = 4591
* Conductivity SN = 6006
* Number of Bytes Per Scan = 37
* Number of Voltage Words = 4
* Number of Scans Averaged by the Deck Unit = 1
* NMEA Latitude = 37 17.77 N
* NMEA Longitude = 074 29.55 W
* NMEA UTC (Time) = Sep 10 2024 12:06:19
* NMEA baud rate = 4800
** Ship: Bigelow HB2407
** Program:  Fall Bottom Trawl Survey
** Chief Scientist: John Galbraith
# nquan = 9
# nvalues = 424                         
# units = specified
# name 0 = depSM: Depth [salt water, m]
# name 1 = t090C: Temperature [ITS-90, deg C]
# name 2 = c0S/m: Conductivity [S/m]
# name 3 = sal00: Salinity, Practical [PSU]
# name 4 = scan: Scan Count
# name 5 = timeM: Time, Elapsed [minutes]
# name 6 = sbeox0V: Oxygen raw, SBE 43 [V]
# name 7 = sbeox1V: Oxygen raw, SBE 43, 2 [V]
# name 8 = flag: flag
# span 0 =      1.000,    213.000       
# span 1 =     9.9909,    24.4798       
# span 2 =   3.599963,   5.100220       
# span 3 =    32.6840,    35.5625       
# span 4 =       -230,      12694       
# span 5 =    -0.1605,     8.8147       
# span 6 =     1.5836,     2.8577       
# span 7 =     1.4724,     2.6372       
# span 8 = 0.0000e+00, 0.0000e+00       
# interval = meters: 1                  
# start_time = Sep 10 2024 12:06:19 [NMEA time, header]
# bad_flag = -9.990e-29
*END*
[from data line 321]
    103.000    13.8839   4.233197    35.4317       9683     6.7238     1.8530     1.7127 0.0000e+00
    102.000    13.8860   4.233330    35.4315       9708     6.7409     1.8537     1.7133 0.0000e+00
    101.000    13.8848   4.233053    35.4304       9733     6.7582     1.8536     1.7147 0.0000e+00
    100.000    13.8762   4.231998    35.4289       9758     6.7760     1.8523     1.7161 0.0000e+00
     99.000    13.8615   4.229933    35.4235       9784     6.7935     1.8549     1.7178 0.0000e+00
     98.000    13.8376   4.227195    35.4204       9808     6.8102     1.8563     1.7182 0.0000e+00
     97.000    13.8041   4.221838    35.4015       9832     6.8274     1.8563     1.7189 0.0000e+00
     96.000    13.7503   4.215360    35.3908       9860     6.8467     1.8584     1.7200 0.0000e+00
     95.000    13.6936   4.207320    35.3681       9890     6.8676     1.8615     1.7204 0.0000e+00
     94.000    13.6837   4.205657    35.3621       9919     6.8877     1.8657     1.7227 0.0000e+00
     93.000    13.6593   4.202456    35.3549       9946     6.9061     1.8668     1.7261 0.0000e+00
     92.000    13.6009   4.195216    35.3411       9972     6.9244     1.8669     1.7273 0.0000e+00
     91.000    13.5684   4.190378    35.3261       9998     6.9426     1.8648     1.7304 0.0000e+00
     90.000    13.5413   4.186761    35.3175      10024     6.9601     1.8666     1.7320 0.0000e+00
     89.000    13.5226   4.184074    35.3098      10047     6.9765     1.8715     1.7330 0.0000e+00
     88.000    13.5164   4.183034    35.3062      10071     6.9928     1.8733     1.7353 0.0000e+00
     87.000    13.5135   4.182531    35.3045      10096     7.0103     1.8751     1.7362 0.0000e+00
     86.000    13.4890   4.179535    35.2993      10124     7.0296     1.8826     1.7373 0.0000e+00
     85.000    13.4184   4.169269    35.2681      10152     7.0496     1.8814     1.7387 0.0000e+00
     84.000    13.3350   4.156627    35.2260      10180     7.0685     1.8920     1.7419 0.0000e+00
     83.000    13.3273   4.155014    35.2183      10205     7.0864     1.9118     1.7518 0.0000e+00
     82.000    13.3131   4.153016    35.2130      10232     7.1047     1.9307     1.7699 0.0000e+00
     81.000    13.3048   4.151335    35.2051      10261     7.1247     1.9500     1.7875 0.0000e+00
     80.000    13.3001   4.150552    35.2025      10289     7.1447     1.9701     1.8031 0.0000e+00
     79.000    13.2879   4.148684    35.1965      10315     7.1628     1.9777     1.8165 0.0000e+00
     78.000    13.2796   4.146926    35.1879      10339     7.1794     1.9834     1.8270 0.0000e+00
     77.000    13.2739   4.145664    35.1816      10363     7.1955     1.9899     1.8365 0.0000e+00
     76.000    13.2437   4.141447    35.1701      10386     7.2121     2.0007     1.8455 0.0000e+00
     75.000    13.2154   4.136741    35.1519      10412     7.2296     2.0115     1.8553 0.0000e+00
     74.000    13.1717   4.130184    35.1305      10439     7.2487     2.0226     1.8627 0.0000e+00
     73.000    13.0910   4.118883    35.0982      10469     7.2691     2.0303     1.8695 0.0000e+00
     72.000    13.0270   4.108915    35.0628      10496     7.2885     2.0342     1.8757 0.0000e+00
     71.000    13.0351   4.108288    35.0498      10522     7.3064     2.0366     1.8817 0.0000e+00
     70.000    13.0630   4.110294    35.0435      10547     7.3239     2.0368     1.8856 0.0000e+00
     69.000    13.1462   4.117888    35.0393      10574     7.3421     2.0315     1.8868 0.0000e+00
     68.000    13.4021   4.143765    35.0491      10602     7.3615     2.0329     1.8838 0.0000e+00
     67.000    13.7534   4.185675    35.1215      10629     7.3808     2.0451     1.8845 0.0000e+00
     66.000    14.0375   4.216752    35.1526      10655     7.3990     2.0465     1.8895 0.0000e+00
     65.000    14.1027   4.219396    35.1181      10680     7.4160     2.0349     1.8898 0.0000e+00
     64.000    14.1248   4.217151    35.0775      10704     7.4329     2.0260     1.8817 0.0000e+00
     63.000    14.1533   4.217478    35.0549      10730     7.4505     2.0269     1.8746 0.0000e+00
     62.000    14.1352   4.214539    35.0445      10756     7.4688     2.0328     1.8756 0.0000e+00
     61.000    14.0360   4.201614    35.0149      10783     7.4875     2.0362     1.8791 0.0000e+00
     60.000    13.8656   4.178930    34.9587      10811     7.5066     2.0360     1.8811 0.0000e+00
     59.000    13.5084   4.130969    34.8347      10838     7.5260     2.0371     1.8850 0.0000e+00
     58.000    13.2794   4.096876    34.7223      10866     7.5450     2.0601     1.8919 0.0000e+00
     57.000    13.2163   4.088385    34.6999      10891     7.5628     2.0930     1.9093 0.0000e+00
     56.000    13.1152   4.071913    34.6363      10917     7.5803     2.1161     1.9311 0.0000e+00
     55.000    13.0892   4.061414    34.5607      10944     7.5990     2.1366     1.9557 0.0000e+00
     54.000    13.1336   4.059224    34.5000      10971     7.6184     2.1737     1.9803 0.0000e+00
     53.000    13.1787   4.061190    34.4780      10999     7.6372     2.2255     2.0106 0.0000e+00
     52.000    13.3056   4.071154    34.4576      11024     7.6545     2.2705     2.0462 0.0000e+00
     51.000    13.6148   4.104530    34.4929      11047     7.6711     2.3068     2.0854 0.0000e+00
     50.000    13.9063   4.126155    34.4332      11071     7.6878     2.3371     2.1160 0.0000e+00
     49.000    14.4738   4.185561    34.4769      11097     7.7054     2.3749     2.1416 0.0000e+00
     48.000    14.8736   4.223383    34.4692      11123     7.7239     2.4269     2.1787 0.0000e+00
     47.000    14.8515   4.215140    34.4139      11150     7.7426     2.4613     2.2200 0.0000e+00
     46.000    14.7756   4.203622    34.3762      11178     7.7621     2.4836     2.2558 0.0000e+00
     45.000    13.8126   4.091325    34.1925      11208     7.7828     2.4641     2.2862 0.0000e+00
     44.000    12.9249   3.977774    33.9180      11237     7.8027     2.4261     2.2901 0.0000e+00
     43.000    12.5322   3.925892    33.7758      11263     7.8208     2.3927     2.2740 0.0000e+00
     42.000    12.1355   3.867852    33.5735      11287     7.8377     2.3281     2.2505 0.0000e+00
     41.000    11.6961   3.832623    33.6261      11311     7.8542     2.2902     2.2280 0.0000e+00
     40.000    10.8030   3.710200    33.2297      11335     7.8706     2.2722     2.2096 0.0000e+00
     39.000    10.5601   3.668846    33.0373      11359     7.8873     2.2721     2.1811 0.0000e+00
     38.000    10.5114   3.656109    32.9542      11384     7.9047     2.2785     2.1560 0.0000e+00
     37.000    10.5725   3.659570    32.9341      11411     7.9233     2.2876     2.1416 0.0000e+00
     36.000    10.5362   3.654253    32.9141      11439     7.9429     2.3003     2.1342 0.0000e+00
     35.000    10.4258   3.637078    32.8419      11468     7.9629     2.3068     2.1340 0.0000e+00
     34.000    10.3444   3.623515    32.7795      11496     7.9825     2.3129     2.1349 0.0000e+00
     33.000    10.3055   3.615356    32.7329      11522     8.0008     2.3220     2.1383 0.0000e+00
     32.000    10.3644   3.615719    32.6840      11546     8.0177     2.3376     2.1431 0.0000e+00
     31.000    10.6155   3.638420    32.6864      11570     8.0340     2.3679     2.1523 0.0000e+00
     30.000    11.0473   3.681839    32.7327      11595     8.0511     2.4233     2.1640 0.0000e+00
     29.000    11.5547   3.731851    32.7746      11621     8.0697     2.5010     2.1838 0.0000e+00
     28.000    13.3871   3.928009    33.0478      11649     8.0888     2.5431     2.2117 0.0000e+00
     27.000    13.7245   3.961173    33.0655      11675     8.1066     2.6017     2.2594 0.0000e+00
     26.000    14.6079   4.076876    33.3718      11700     8.1240     2.6559     2.3007 0.0000e+00
     25.000    15.7470   4.217004    33.6619      11725     8.1420     2.6787     2.3456 0.0000e+00
     24.000    16.6207   4.313320    33.7724      11751     8.1596     2.7367     2.3910 0.0000e+00
     23.000    18.4481   4.523034    34.0453      11775     8.1766     2.8105     2.4370 0.0000e+00
     22.000    18.9134   4.587610    34.2039      11801     8.1942     2.8176     2.4943 0.0000e+00
     21.000    19.8691   4.710236    34.4322      11829     8.2137     2.7812     2.5295 0.0000e+00
     20.000    20.0830   4.720170    34.3387      11859     8.2345     2.7608     2.5508 0.0000e+00
     19.000    20.4351   4.751803    34.3109      11886     8.2536     2.7904     2.5536 0.0000e+00
     18.000    22.7229   4.936324    33.9538      11911     8.2707     2.7924     2.5701 0.0000e+00
     17.000    23.0340   4.964901    33.9341      11934     8.2869     2.8244     2.6141 0.0000e+00
     16.000    23.3807   4.991268    33.8695      11958     8.3035     2.8577     2.6124 0.0000e+00
     15.000    23.2859   4.996780    33.9848      11984     8.3212     2.8296     2.5620 0.0000e+00
     14.000    23.4606   5.010319    33.9537      12010     8.3396     2.7670     2.5042 0.0000e+00
     13.000    23.8218   5.034184    33.8585      12036     8.3577     2.7177     2.4712 0.0000e+00
     12.000    24.1575   5.062600    33.8176      12061     8.3748     2.6779     2.4582 0.0000e+00
     11.000    24.2227   5.064671    33.7842      12085     8.3918     2.6435     2.4476 0.0000e+00
     10.000    24.2096   5.056748    33.7351      12110     8.4093     2.6160     2.4265 0.0000e+00
      9.000    24.2137   5.051191    33.6906      12138     8.4282     2.5990     2.4065 0.0000e+00
      8.000    24.1284   5.027893    33.5806      12165     8.4474     2.5839     2.4006 0.0000e+00
      7.000    24.0610   5.010752    33.5030      12192     8.4660     2.5804     2.3990 0.0000e+00
      6.000    24.0112   4.999459    33.4560      12217     8.4834     2.5797     2.3980 0.0000e+00
      5.000    24.0065   4.997688    33.4465      12241     8.4999     2.5688     2.3924 0.0000e+00
      4.000    24.0206   4.996510    33.4274      12267     8.5178     2.5598     2.3907 0.0000e+00
      3.000    24.0040   4.990512    33.3951      12420     8.6243     2.5670     2.3896 0.0000e+00
      2.000    23.9700   4.986047    33.3874      12694     8.8147     2.5728     2.3933 0.0000e+00
      1.000    23.9732   4.986436    33.3882      12692     8.8134     2.5681     2.3887 0.0000e+00
