HB2407/CTD096.cnv
* Sea-Bird SBE 9 Data File:
* FileName = C:\cruise\data\CTD096.hex
* Software Version Seasave V 7.26.7.121
* Temperature SN = 4591
* Conductivity SN = 6006
* Number of Bytes Per Scan = 37
* Number of Voltage Words = 4
* Number of Scans Averaged by the Deck Unit = 1
* NMEA Latitude = 41 18.27 N
* NMEA Longitude = 070 59.81 W
* NMEA UTC (Time) = Oct 03 2024 00:13:08
* NMEA baud rate = 4800
** Ship: Bigelow HB2407
** Program:  Fall Bottom Trawl Survey
** Chief Scientist: John Galbraith
# nquan = 9
# nvalues = 59                          
# units = specified
# name 0 = depSM: Depth [salt water, m]
# name 1 = t090C: Temperature [ITS-90, deg C]
# name 2 = c0S/m: Conductivity [S/m]
# name 3 = sal00: Salinity, Practical [PSU]
# name 4 = scan: Scan Count
# name 5 = timeM: Time, Elapsed [minutes]
# name 6 = sbeox0V: Oxygen raw, SBE 43 [V]
# name 7 = sbeox1V: Oxygen raw, SBE 43, 2 [V]
# name 8 = flag: flag
# span 0 =      1.000,     31.000       
# span 1 =    17.5397,    18.0228       
# span 2 =   4.186545,   4.199901       
# span 3 =    31.6176,    31.9273       
# span 4 =         86,       2482       
# span 5 =     0.0588,     1.7228       
# span 6 =     2.4074,     2.6282       
# span 7 =     2.2181,     2.4343       
# span 8 = 0.0000e+00, 0.0000e+00       
# interval = meters: 1                  
# start_time = Oct 03 2024 00:13:08 [NMEA time, header]
# bad_flag = -9.990e-29
*END*
      3.000    17.9793   4.189955    31.6229         86     0.0588     2.6264     2.4306 0.0000e+00
      4.000    17.9782   4.189803    31.6221        298     0.2063     2.6217     2.4302 0.0000e+00
      5.000    17.9787   4.189990    31.6229        461     0.3198     2.6239     2.4287 0.0000e+00
      6.000    17.9780   4.189942    31.6227        468     0.3240     2.6229     2.4274 0.0000e+00
      7.000    17.9765   4.189726    31.6217        481     0.3334     2.6199     2.4246 0.0000e+00
      8.000    17.9749   4.189495    31.6207        498     0.3449     2.6167     2.4229 0.0000e+00
      9.000    17.9700   4.188788    31.6181        522     0.3616     2.6195     2.4289 0.0000e+00
     10.000    17.9715   4.188903    31.6176        561     0.3889     2.6192     2.4323 0.0000e+00
     11.000    17.9772   4.189842    31.6207        588     0.4074     2.6202     2.4243 0.0000e+00
     12.000    17.9909   4.191971    31.6277        607     0.4207     2.6199     2.4245 0.0000e+00
     13.000    17.9987   4.193624    31.6352        627     0.4348     2.6209     2.4252 0.0000e+00
     14.000    18.0159   4.197140    31.6512        663     0.4594     2.6187     2.4248 0.0000e+00
     15.000    18.0218   4.198868    31.6608        710     0.4923     2.6211     2.4293 0.0000e+00
     16.000    18.0228   4.199547    31.6654        731     0.5069     2.6230     2.4313 0.0000e+00
     17.000    18.0212   4.199901    31.6693        748     0.5189     2.6260     2.4299 0.0000e+00
     18.000    18.0184   4.199888    31.6711        766     0.5311     2.6282     2.4316 0.0000e+00
     19.000    18.0113   4.199707    31.6746        788     0.5466     2.6272     2.4343 0.0000e+00
     20.000    18.0088   4.199559    31.6750        822     0.5705     2.6235     2.4285 0.0000e+00
     21.000    18.0043   4.199218    31.6752        861     0.5970     2.6194     2.4277 0.0000e+00
     22.000    17.9857   4.197414    31.6741        885     0.6138     2.6192     2.4301 0.0000e+00
     23.000    17.9792   4.196972    31.6751        905     0.6279     2.6150     2.4293 0.0000e+00
     24.000    17.9538   4.195132    31.6790        926     0.6424     2.6119     2.4235 0.0000e+00
     25.000    17.8892   4.192755    31.7087        951     0.6597     2.6066     2.4112 0.0000e+00
     26.000    17.8430   4.191097    31.7302        983     0.6823     2.5865     2.3988 0.0000e+00
     27.000    17.7706   4.189281    31.7709       1020     0.7077     2.5580     2.3771 0.0000e+00
     28.000    17.6830   4.188841    31.8351       1048     0.7269     2.5339     2.3600 0.0000e+00
     29.000    17.6288   4.189426    31.8822       1071     0.7431     2.5105     2.3410 0.0000e+00
     30.000    17.5397   4.186545    31.9273       1284     0.8912     2.4265     2.2507 0.0000e+00
     31.000    17.5502   4.186749    31.9204       2081     1.4443     2.4130     2.2181 0.0000e+00
     30.000    17.5680   4.187602    31.9141       1717     1.1916     2.4101     2.2278 0.0000e+00
     29.000    17.6125   4.188525    31.8873       1736     1.2046     2.4074     2.2282 0.0000e+00
     28.000    17.6496   4.188130    31.8553       1753     1.2168     2.4100     2.2281 0.0000e+00
     27.000    17.6948   4.187971    31.8190       1779     1.2345     2.4230     2.2362 0.0000e+00
     26.000    17.8196   4.188711    31.7282       1833     1.2719     2.4613     2.2701 0.0000e+00
     25.000    17.8308   4.189286    31.7247       1860     1.2909     2.4892     2.2911 0.0000e+00
     24.000    17.8515   4.190145    31.7162       1876     1.3021     2.4991     2.3029 0.0000e+00
     23.000    17.8929   4.191327    31.6944       1891     1.3123     2.5101     2.3124 0.0000e+00
     22.000    17.9262   4.192764    31.6810       1907     1.3236     2.5230     2.3221 0.0000e+00
     21.000    17.9479   4.194130    31.6761       1931     1.3403     2.5419     2.3374 0.0000e+00
     20.000    17.9893   4.197189    31.6702       1974     1.3700     2.5743     2.3706 0.0000e+00
     19.000    17.9955   4.197634    31.6695       2009     1.3941     2.5948     2.3881 0.0000e+00
     18.000    18.0059   4.198521    31.6692       2033     1.4113     2.5924     2.3994 0.0000e+00
     17.000    18.0088   4.198762    31.6693       2056     1.4273     2.5941     2.4052 0.0000e+00
     16.000    18.0123   4.199072    31.6696       2081     1.4442     2.6064     2.4081 0.0000e+00
     15.000    18.0190   4.199463    31.6680       2107     1.4623     2.6115     2.4128 0.0000e+00
     14.000    18.0228   4.199276    31.6639       2130     1.4786     2.6102     2.4191 0.0000e+00
     13.000    18.0179   4.198056    31.6577       2152     1.4937     2.6159     2.4227 0.0000e+00
     12.000    18.0102   4.196232    31.6487       2178     1.5119     2.6205     2.4245 0.0000e+00
     11.000    17.9985   4.193810    31.6377       2218     1.5394     2.6187     2.4255 0.0000e+00
     10.000    17.9844   4.191428    31.6289       2244     1.5577     2.6201     2.4251 0.0000e+00
      9.000    17.9789   4.190018    31.6216       2263     1.5706     2.6197     2.4246 0.0000e+00
      8.000    17.9753   4.189428    31.6198       2281     1.5832     2.6212     2.4233 0.0000e+00
      7.000    17.9738   4.189165    31.6191       2302     1.5979     2.6223     2.4250 0.0000e+00
      6.000    17.9751   4.189355    31.6200       2337     1.6219     2.6183     2.4258 0.0000e+00
      5.000    17.9757   4.189447    31.6207       2386     1.6561     2.6156     2.4235 0.0000e+00
      4.000    17.9752   4.189353    31.6206       2409     1.6722     2.6181     2.4239 0.0000e+00
      3.000    17.9748   4.189284    31.6207       2424     1.6829     2.6211     2.4228 0.0000e+00
      2.000    17.9743   4.189222    31.6209       2442     1.6951     2.6226     2.4246 0.0000e+00
      1.000    17.9710   4.188835    31.6206       2482     1.7228     2.6214     2.4237 0.0000e+00
