HB2407/CTD086.cnv
* Sea-Bird SBE 9 Data File:
* FileName = C:\cruise\data\CTD086.hex
* Software Version Seasave V 7.26.7.121
* Temperature SN = 4591
* Conductivity SN = 6006
* Number of Bytes Per Scan = 37
* Number of Voltage Words = 4
* Number of Scans Averaged by the Deck Unit = 1
* NMEA Latitude = 40 12.84 N
* NMEA Longitude = 073 11.93 W
* NMEA UTC (Time) = Sep 24 2024 02:33:09
* NMEA baud rate = 4800
** Ship: Bigelow HB2407
** Program:  Fall Bottom Trawl Survey
** Chief Scientist: John Galbraith
# nquan = 9
# nvalues = 67                          
# units = specified
# name 0 = depSM: Depth [salt water, m]
# name 1 = t090C: Temperature [ITS-90, deg C]
# name 2 = c0S/m: Conductivity [S/m]
# name 3 = sal00: Salinity, Practical [PSU]
# name 4 = scan: Scan Count
# name 5 = timeM: Time, Elapsed [minutes]
# name 6 = sbeox0V: Oxygen raw, SBE 43 [V]
# name 7 = sbeox1V: Oxygen raw, SBE 43, 2 [V]
# name 8 = flag: flag
# span 0 =      1.000,     35.000       
# span 1 =    12.1251,    19.9402       
# span 2 =   3.678880,   4.433703       
# span 3 =    31.5715,    32.2780       
# span 4 =       -173,       4456       
# span 5 =    -0.1212,     3.0935       
# span 6 =     1.9239,     2.5762       
# span 7 =     1.7736,     2.3798       
# span 8 = 0.0000e+00, 0.0000e+00       
# interval = meters: 1                  
# start_time = Sep 24 2024 02:33:09 [NMEA time, header]
# bad_flag = -9.990e-29
*END*
      3.000    19.9400   4.412201    31.9548       -173    -0.1212     2.5597     2.3798 0.0000e+00
      4.000    19.9402   4.411832    31.9512        247     0.1712     2.5733     2.3736 0.0000e+00
      5.000    19.9387   4.411987    31.9534        327     0.2263     2.5717     2.3735 0.0000e+00
      6.000    19.9333   4.412021    31.9574        349     0.2418     2.5662     2.3749 0.0000e+00
      7.000    19.9244   4.412172    31.9650        368     0.2546     2.5641     2.3753 0.0000e+00
      8.000    19.9105   4.412435    31.9774        387     0.2680     2.5640     2.3771 0.0000e+00
      9.000    19.8612   4.412816    32.0176        414     0.2867     2.5642     2.3766 0.0000e+00
     10.000    19.8415   4.412503    32.0298        462     0.3201     2.5665     2.3744 0.0000e+00
     11.000    19.8719   4.412475    32.0060        499     0.3456     2.5679     2.3736 0.0000e+00
     12.000    19.8520   4.412493    32.0210        517     0.3587     2.5687     2.3780 0.0000e+00
     13.000    19.8615   4.412451    32.0131        532     0.3689     2.5686     2.3798 0.0000e+00
     14.000    19.7989   4.412094    32.0576        546     0.3783     2.5670     2.3774 0.0000e+00
     15.000    19.7688   4.411375    32.0744        560     0.3883     2.5688     2.3748 0.0000e+00
     16.000    19.7589   4.411183    32.0801        580     0.4018     2.5662     2.3739 0.0000e+00
     17.000    19.7591   4.423574    32.1811        656     0.4547     2.5668     2.3761 0.0000e+00
     18.000    19.8053   4.429711    32.1944        688     0.4771     2.5752     2.3767 0.0000e+00
     19.000    19.7793   4.430023    32.2166        708     0.4912     2.5728     2.3766 0.0000e+00
     20.000    19.7329   4.426844    32.2260        728     0.5050     2.5691     2.3791 0.0000e+00
     21.000    19.7427   4.432369    32.2631        749     0.5195     2.5687     2.3793 0.0000e+00
     22.000    19.7370   4.433703    32.2780        770     0.5337     2.5719     2.3778 0.0000e+00
     23.000    19.6579   4.425704    32.2734        791     0.5485     2.5762     2.3785 0.0000e+00
     24.000    18.9033   4.340783    32.1579        816     0.5661     2.5718     2.3787 0.0000e+00
     25.000    18.0128   4.240960    32.0188        853     0.5918     2.5419     2.3595 0.0000e+00
     26.000    17.8313   4.219303    31.9777        893     0.6197     2.5345     2.3518 0.0000e+00
     27.000    16.7392   4.107698    31.8840        919     0.6375     2.5441     2.3588 0.0000e+00
     28.000    15.7113   4.010264    31.8532        939     0.6513     2.5281     2.3534 0.0000e+00
     29.000    15.2464   3.963829    31.8156        962     0.6675     2.4667     2.3236 0.0000e+00
     30.000    14.6693   3.905416    31.7586       1011     0.7014     2.2996     2.1857 0.0000e+00
     31.000    13.5775   3.808604    31.7702       1049     0.7279     2.2072     2.0906 0.0000e+00
     32.000    13.0118   3.760414    31.7916       1070     0.7426     2.1624     2.0491 0.0000e+00
     33.000    12.5467   3.720997    31.8101       1090     0.7561     2.1106     2.0068 0.0000e+00
     34.000    12.2627   3.696422    31.8158       1114     0.7728     2.0404     1.9439 0.0000e+00
     35.000    12.1251   3.678880    31.7641       1339     0.9289     1.9286     1.7777 0.0000e+00
     34.000    12.1881   3.681418    31.7354       1863     1.2932     1.9306     1.7832 0.0000e+00
     33.000    12.2528   3.685800    31.7229       2519     1.7484     1.9324     1.7865 0.0000e+00
     32.000    12.5970   3.713642    31.6981       2989     2.0747     1.9239     1.7758 0.0000e+00
     31.000    12.8115   3.731174    31.6844       3063     2.1264     1.9255     1.7736 0.0000e+00
     30.000    13.2553   3.768001    31.6602       3107     2.1568     1.9437     1.7824 0.0000e+00
     29.000    14.3342   3.854656    31.5715       3138     2.1787     1.9731     1.7942 0.0000e+00
     28.000    14.9637   3.916914    31.6244       3158     2.1926     2.0086     1.8135 0.0000e+00
     27.000    15.1675   3.939853    31.6657       3176     2.2045     2.0557     1.8442 0.0000e+00
     26.000    15.9000   4.010026    31.6999       3208     2.2272     2.1544     1.9247 0.0000e+00
     25.000    17.2601   4.135632    31.7137       3261     2.2639     2.3246     2.1772 0.0000e+00
     24.000    18.0322   4.227260    31.8887       3279     2.2764     2.3840     2.1183 0.0000e+00
     23.000    18.2330   4.250037    31.9239       3295     2.2874     2.4450     2.1757 0.0000e+00
     22.000    18.8671   4.316944    31.9897       3312     2.2993     2.4996     2.2346 0.0000e+00
     21.000    19.4350   4.387150    32.1306       3339     2.3181     2.5549     2.3080 0.0000e+00
     20.000    19.5002   4.393108    32.1297       3382     2.3479     2.5720     2.3581 0.0000e+00
     19.000    19.5703   4.400141    32.1337       3415     2.3708     2.5593     2.3641 0.0000e+00
     18.000    19.6345   4.407184    32.1421       3447     2.3932     2.5622     2.3632 0.0000e+00
     17.000    19.7003   4.413734    32.1454       3481     2.4169     2.5608     2.3656 0.0000e+00
     16.000    19.7482   4.413372    32.1060       3508     2.4353     2.5651     2.3713 0.0000e+00
     15.000    19.7374   4.408191    32.0725       3528     2.4495     2.5697     2.3717 0.0000e+00
     14.000    19.7240   4.405113    32.0581       3547     2.4624     2.5710     2.3736 0.0000e+00
     13.000    19.7353   4.404689    32.0463       3568     2.4770     2.5704     2.3712 0.0000e+00
     12.000    19.7521   4.405562    32.0409       3608     2.5050     2.5620     2.3696 0.0000e+00
     11.000    19.7955   4.407494    32.0239       3652     2.5353     2.5659     2.3706 0.0000e+00
     10.000    19.8136   4.408126    32.0155       3676     2.5522     2.5693     2.3705 0.0000e+00
      9.000    19.8385   4.408751    32.0020       3717     2.5807     2.5671     2.3750 0.0000e+00
      8.000    19.8514   4.408982    31.9943       3780     2.6246     2.5658     2.3739 0.0000e+00
      7.000    19.8611   4.409568    31.9920       3811     2.6457     2.5694     2.3744 0.0000e+00
      6.000    19.8603   4.409758    31.9945       3838     2.6647     2.5716     2.3747 0.0000e+00
      5.000    19.8606   4.409864    31.9955       3861     2.6802     2.5710     2.3709 0.0000e+00
      4.000    19.8887   4.410115    31.9765       3955     2.7455     2.5686     2.3786 0.0000e+00
      3.000    19.9007   4.410515    31.9709       4290     2.9782     2.5695     2.3776 0.0000e+00
      2.000    19.8978   4.410622    31.9743       4442     3.0839     2.5667     2.3746 0.0000e+00
      1.000    19.8975   4.410583    31.9746       4456     3.0935     2.5691     2.3739 0.0000e+00
