HB2407/CTD005.cnv
* Sea-Bird SBE 9 Data File:
* FileName = C:\cruise\data\CTD005.hex
* Software Version Seasave V 7.26.7.121
* Temperature SN = 4591
* Conductivity SN = 6006
* Number of Bytes Per Scan = 37
* Number of Voltage Words = 4
* Number of Scans Averaged by the Deck Unit = 1
* NMEA Latitude = 39 07.67 N
* NMEA Longitude = 073 16.11 W
* NMEA UTC (Time) = Sep 07 2024 17:24:47
* NMEA baud rate = 4800
** Ship: Bigelow HB2407
** Program:  Fall Bottom Trawl Survey
** Chief Scientist: John Galbraith
# nquan = 9
# nvalues = 108                         
# units = specified
# name 0 = depSM: Depth [salt water, m]
# name 1 = t090C: Temperature [ITS-90, deg C]
# name 2 = c0S/m: Conductivity [S/m]
# name 3 = sal00: Salinity, Practical [PSU]
# name 4 = scan: Scan Count
# name 5 = timeM: Time, Elapsed [minutes]
# name 6 = sbeox0V: Oxygen raw, SBE 43 [V]
# name 7 = sbeox1V: Oxygen raw, SBE 43, 2 [V]
# name 8 = flag: flag
# span 0 =      2.000,     56.000       
# span 1 =     8.0013,    21.2067       
# span 2 =   3.374853,   4.629351       
# span 3 =    31.9798,    32.7302       
# span 4 =        251,       4274       
# span 5 =     0.1735,     2.9670       
# span 6 =     2.1400,     2.8157       
# span 7 =     1.9715,     2.5884       
# span 8 = 0.0000e+00, 0.0000e+00       
# interval = meters: 1                  
# start_time = Sep 07 2024 17:24:47 [NMEA time, header]
# bad_flag = -9.990e-29
*END*
      3.000    21.2043   4.629351    32.7295        251     0.1735     2.6505     2.4595 0.0000e+00
      4.000    21.1938   4.628427    32.7299        391     0.2708     2.6472     2.4622 0.0000e+00
      5.000    21.1657   4.625799    32.7302        408     0.2824     2.6497     2.4584 0.0000e+00
      6.000    21.0817   4.617569    32.7289        434     0.3007     2.6496     2.4579 0.0000e+00
      7.000    20.9999   4.608924    32.7226        467     0.3237     2.6555     2.4539 0.0000e+00
      8.000    21.0023   4.609318    32.7235        494     0.3426     2.6558     2.4574 0.0000e+00
      9.000    20.9969   4.609025    32.7250        515     0.3572     2.6572     2.4629 0.0000e+00
     10.000    20.9835   4.607759    32.7249        537     0.3719     2.6623     2.4657 0.0000e+00
     11.000    20.9705   4.606588    32.7252        561     0.3892     2.6654     2.4622 0.0000e+00
     12.000    20.9427   4.603626    32.7226        595     0.4125     2.6663     2.4562 0.0000e+00
     13.000    20.9194   4.601143    32.7204        631     0.4374     2.6637     2.4564 0.0000e+00
     14.000    20.8872   4.597994    32.7197        657     0.4557     2.6660     2.4624 0.0000e+00
     15.000    20.4397   4.554406    32.7147        678     0.4699     2.6660     2.4614 0.0000e+00
     16.000    19.6722   4.465804    32.5919        697     0.4835     2.6576     2.4514 0.0000e+00
     17.000    19.3980   4.433879    32.5437        718     0.4982     2.6416     2.4423 0.0000e+00
     18.000    18.6600   4.361950    32.5267        744     0.5161     2.6519     2.4550 0.0000e+00
     19.000    17.3452   4.236785    32.5145        777     0.5391     2.6521     2.4754 0.0000e+00
     20.000    16.3729   4.140921    32.4705        810     0.5618     2.6600     2.4829 0.0000e+00
     21.000    15.7411   4.080918    32.4579        836     0.5797     2.6752     2.4947 0.0000e+00
     22.000    15.1598   4.024325    32.4315        858     0.5954     2.6794     2.5034 0.0000e+00
     23.000    14.7178   3.981654    32.4128        882     0.6118     2.6895     2.5147 0.0000e+00
     24.000    14.2426   3.933355    32.3691        910     0.6315     2.7063     2.5250 0.0000e+00
     25.000    13.7733   3.890006    32.3635        945     0.6556     2.7252     2.5338 0.0000e+00
     26.000    13.1342   3.829126    32.3370        976     0.6773     2.7353     2.5405 0.0000e+00
     27.000    12.3544   3.762187    32.3697        999     0.6929     2.7318     2.5411 0.0000e+00
     28.000    11.0791   3.650988    32.3997       1017     0.7053     2.7282     2.5398 0.0000e+00
     29.000    10.2394   3.573845    32.3757       1034     0.7172     2.7046     2.5277 0.0000e+00
     30.000     9.4823   3.503832    32.3436       1054     0.7312     2.6703     2.5137 0.0000e+00
     31.000     9.2907   3.483286    32.3052       1089     0.7558     2.6434     2.4947 0.0000e+00
     32.000     9.0460   3.458501    32.2703       1147     0.7959     2.5554     2.4065 0.0000e+00
     33.000     8.7270   3.431365    32.2776       1175     0.8152     2.5123     2.3534 0.0000e+00
     34.000     8.4527   3.405212    32.2538       1193     0.8276     2.4844     2.3265 0.0000e+00
     35.000     8.5871   3.418004    32.2645       1208     0.8382     2.4230     2.3015 0.0000e+00
     36.000     8.6051   3.424316    32.3139       1223     0.8488     2.4150     2.2739 0.0000e+00
     37.000     8.6655   3.431306    32.3314       1241     0.8610     2.3961     2.2456 0.0000e+00
     38.000     8.3655   3.406722    32.3477       1272     0.8825     2.3605     2.2007 0.0000e+00
     39.000     8.3024   3.403085    32.3670       1334     0.9254     2.2822     2.1221 0.0000e+00
     40.000     8.2539   3.399872    32.3772       1360     0.9435     2.2593     2.0952 0.0000e+00
     41.000     8.0894   3.385771    32.3792       1377     0.9554     2.2480     2.0813 0.0000e+00
     42.000     8.0478   3.382102    32.3783       1393     0.9664     2.2357     2.0698 0.0000e+00
     43.000     8.0116   3.380176    32.3908       1411     0.9788     2.2224     2.0582 0.0000e+00
     44.000     8.0030   3.379488    32.3910       1440     0.9993     2.2027     2.0412 0.0000e+00
     45.000     8.0021   3.378846    32.3845       1485     1.0304     2.1815     2.0175 0.0000e+00
     46.000     8.0013   3.378676    32.3830       1511     1.0489     2.1743     2.0070 0.0000e+00
     47.000     8.0028   3.378697    32.3814       1531     1.0625     2.1699     2.0005 0.0000e+00
     48.000     8.0028   3.378554    32.3793       1551     1.0765     2.1649     1.9952 0.0000e+00
     49.000     8.0032   3.378436    32.3773       1578     1.0952     2.1605     1.9909 0.0000e+00
     50.000     8.0044   3.378449    32.3759       1615     1.1210     2.1566     1.9859 0.0000e+00
     51.000     8.0048   3.378365    32.3742       1646     1.1427     2.1550     1.9833 0.0000e+00
     52.000     8.0087   3.379040    32.3773       1669     1.1584     2.1533     1.9815 0.0000e+00
     53.000     8.0094   3.379110    32.3769       1689     1.1725     2.1526     1.9817 0.0000e+00
     54.000     8.0100   3.379139    32.3762       1710     1.1870     2.1507     1.9809 0.0000e+00
     55.000     8.0107   3.379199    32.3757       1734     1.2036     2.1503     1.9805 0.0000e+00
     56.000     8.0168   3.378610    32.3634       2094     1.4538     2.1434     1.9735 0.0000e+00
     55.000     8.0137   3.377642    32.3564       2600     1.8050     2.1405     1.9715 0.0000e+00
     54.000     8.0150   3.377680    32.3561       2860     1.9851     2.1400     1.9753 0.0000e+00
     53.000     8.0135   3.377472    32.3557       2873     1.9944     2.1405     1.9739 0.0000e+00
     52.000     8.0141   3.377417    32.3550       2893     2.0086     2.1419     1.9734 0.0000e+00
     51.000     8.0127   3.377286    32.3554       2916     2.0240     2.1430     1.9736 0.0000e+00
     50.000     8.0122   3.377110    32.3545       2943     2.0431     2.1418     1.9736 0.0000e+00
     49.000     8.0103   3.376773    32.3531       2985     2.0719     2.1430     1.9745 0.0000e+00
     48.000     8.0084   3.376371    32.3510       3024     2.0990     2.1446     1.9755 0.0000e+00
     47.000     8.0058   3.375710    32.3468       3047     2.1151     2.1433     1.9745 0.0000e+00
     46.000     8.0049   3.375481    32.3457       3065     2.1279     2.1433     1.9749 0.0000e+00
     45.000     8.0038   3.375205    32.3442       3082     2.1394     2.1441     1.9754 0.0000e+00
     44.000     8.0040   3.375047    32.3429       3098     2.1508     2.1454     1.9753 0.0000e+00
     43.000     8.0044   3.374997    32.3424       3117     2.1636     2.1474     1.9755 0.0000e+00
     42.000     8.0063   3.374853    32.3396       3141     2.1806     2.1482     1.9769 0.0000e+00
     41.000     8.0613   3.377752    32.3201       3187     2.2126     2.1509     1.9776 0.0000e+00
     40.000     8.1778   3.386116    32.3019       3227     2.2405     2.1588     1.9818 0.0000e+00
     39.000     8.2675   3.393296    32.2957       3248     2.2547     2.1660     1.9862 0.0000e+00
     38.000     8.2995   3.393682    32.2709       3266     2.2673     2.1745     1.9915 0.0000e+00
     37.000     8.5017   3.408880    32.2460       3285     2.2803     2.1831     1.9974 0.0000e+00
     36.000     8.5878   3.415226    32.2345       3308     2.2964     2.1969     2.0072 0.0000e+00
     35.000     8.5988   3.415912    32.2321       3338     2.3174     2.2218     2.0240 0.0000e+00
     34.000     8.5319   3.406022    32.1899       3368     2.3383     2.2472     2.0471 0.0000e+00
     33.000     8.7100   3.416902    32.1421       3394     2.3561     2.2630     2.0664 0.0000e+00
     32.000     8.9194   3.434800    32.1391       3420     2.3740     2.2848     2.0835 0.0000e+00
     31.000     9.2023   3.457397    32.1181       3446     2.3927     2.3251     2.1055 0.0000e+00
     30.000     9.7672   3.501433    32.0637       3473     2.4110     2.3780     2.1357 0.0000e+00
     29.000    11.0042   3.601773    31.9798       3497     2.4281     2.4461     2.1784 0.0000e+00
     28.000    11.8041   3.679125    32.0440       3521     2.4443     2.5454     2.2434 0.0000e+00
     27.000    12.5274   3.747824    32.0842       3545     2.4612     2.6526     2.3386 0.0000e+00
     26.000    13.2307   3.815703    32.1291       3573     2.4805     2.7449     2.4361 0.0000e+00
     25.000    14.1623   3.896539    32.0977       3605     2.5025     2.7928     2.5053 0.0000e+00
     24.000    14.9209   3.972974    32.1657       3634     2.5232     2.8039     2.5424 0.0000e+00
     23.000    15.0900   3.992598    32.2037       3660     2.5413     2.8062     2.5617 0.0000e+00
     22.000    15.7381   4.049397    32.1804       3685     2.5581     2.8114     2.5619 0.0000e+00
     21.000    16.5656   4.126650    32.1898       3708     2.5744     2.8105     2.5608 0.0000e+00
     20.000    18.1176   4.269994    32.1828       3732     2.5907     2.8110     2.5688 0.0000e+00
     19.000    18.6464   4.336660    32.3268       3756     2.6078     2.8157     2.5884 0.0000e+00
     18.000    18.7175   4.341961    32.3156       3784     2.6269     2.8149     2.5848 0.0000e+00
     17.000    19.8299   4.459647    32.4189       3813     2.6472     2.7758     2.5501 0.0000e+00
     16.000    20.3313   4.522432    32.5410       3841     2.6668     2.7793     2.5420 0.0000e+00
     15.000    20.3671   4.530446    32.5783       3869     2.6858     2.7857     2.5256 0.0000e+00
     14.000    20.2871   4.524156    32.5896       3895     2.7043     2.7573     2.4971 0.0000e+00
     13.000    20.2168   4.515604    32.5753       3920     2.7217     2.7145     2.4774 0.0000e+00
     12.000    20.6743   4.562468    32.6001       3942     2.7368     2.7006     2.4675 0.0000e+00
     11.000    20.8391   4.583232    32.6400       3963     2.7513     2.7037     2.4729 0.0000e+00
     10.000    20.8703   4.587858    32.6532       3986     2.7672     2.6961     2.4823 0.0000e+00
      9.000    20.9087   4.592653    32.6624       4013     2.7858     2.6776     2.4755 0.0000e+00
      8.000    20.9239   4.595455    32.6733       4043     2.8068     2.6714     2.4685 0.0000e+00
      7.000    20.9098   4.594871    32.6798       4073     2.8280     2.6681     2.4660 0.0000e+00
      6.000    20.9427   4.597695    32.6775       4101     2.8473     2.6663     2.4598 0.0000e+00
      5.000    20.9195   4.595835    32.6807       4128     2.8660     2.6619     2.4534 0.0000e+00
      4.000    21.0639   4.609425    32.6786       4149     2.8806     2.6619     2.4552 0.0000e+00
      3.000    21.1183   4.615199    32.6831       4165     2.8919     2.6628     2.4580 0.0000e+00
      2.000    21.2067   4.625986    32.7014       4274     2.9670     2.6585     2.4628 0.0000e+00
