HB2407/CTD073.cnv
* Sea-Bird SBE 9 Data File:
* FileName = C:\cruise\data\CTD073.hex
* Software Version Seasave V 7.26.7.121
* Temperature SN = 4591
* Conductivity SN = 6006
* Number of Bytes Per Scan = 37
* Number of Voltage Words = 4
* Number of Scans Averaged by the Deck Unit = 1
* NMEA Latitude = 36 16.91 N
* NMEA Longitude = 075 33.55 W
* NMEA UTC (Time) = Sep 21 2024 20:51:48
** Ship: Bigelow HB2407
** Program:  Fall Bottom Trawl Survey
** Chief Scientist: John Galbraith
# nquan = 9
# nvalues = 40                          
# units = specified
# name 0 = depSM: Depth [salt water, m]
# name 1 = t090C: Temperature [ITS-90, deg C]
# name 2 = c0S/m: Conductivity [S/m]
# name 3 = sal00: Salinity, Practical [PSU]
# name 4 = scan: Scan Count
# name 5 = timeM: Time, Elapsed [minutes]
# name 6 = sbeox0V: Oxygen raw, SBE 43 [V]
# name 7 = sbeox1V: Oxygen raw, SBE 43, 2 [V]
# name 8 = flag: flag
# span 0 =      1.000,     21.000       
# span 1 =    22.0801,    22.6011       
# span 2 =   4.486041,   4.530304       
# span 3 =    30.9111,    31.0210       
# span 4 =        -17,       3788       
# span 5 =    -0.0128,     2.6301       
# span 6 =     2.4468,     2.5035       
# span 7 =     2.2766,     2.3148       
# span 8 = 0.0000e+00, 0.0000e+00       
# interval = meters: 1                  
# start_time = Sep 21 2024 20:51:48 [NMEA time, header]
# bad_flag = -9.990e-29
*END*
      2.000    22.5446   4.524485    30.9291        -17    -0.0128     2.4955     2.3043 0.0000e+00
      3.000    22.5840   4.528762    30.9336        272     0.1883     2.5013     2.3133 0.0000e+00
      4.000    22.5322   4.524019    30.9337        310     0.2143     2.4988     2.3100 0.0000e+00
      5.000    22.4692   4.517795    30.9304        345     0.2390     2.5035     2.3124 0.0000e+00
      6.000    22.5525   4.525598    30.9308        368     0.2552     2.4986     2.3116 0.0000e+00
      7.000    22.4623   4.517918    30.9356        391     0.2708     2.4922     2.3130 0.0000e+00
      8.000    22.4615   4.517325    30.9313        418     0.2896     2.4928     2.3148 0.0000e+00
      9.000    22.4966   4.520462    30.9302        458     0.3177     2.4910     2.3116 0.0000e+00
     10.000    22.3843   4.511842    30.9434        500     0.3466     2.4973     2.3090 0.0000e+00
     11.000    22.1264   4.487685    30.9407        536     0.3715     2.4812     2.3083 0.0000e+00
     12.000    22.1177   4.486849    30.9402        571     0.3960     2.4598     2.2934 0.0000e+00
     13.000    22.1150   4.486041    30.9356        604     0.4189     2.4522     2.2864 0.0000e+00
     14.000    22.1089   4.487076    30.9476        633     0.4388     2.4510     2.2829 0.0000e+00
     15.000    22.1027   4.488256    30.9608        662     0.4590     2.4551     2.2811 0.0000e+00
     16.000    22.1054   4.490090    30.9726        695     0.4817     2.4663     2.2819 0.0000e+00
     17.000    22.1026   4.491835    30.9878        729     0.5056     2.4661     2.2848 0.0000e+00
     18.000    22.0994   4.492899    30.9980        774     0.5366     2.4744     2.2945 0.0000e+00
     19.000    22.0972   4.493649    31.0050        817     0.5668     2.4868     2.3069 0.0000e+00
     20.000    22.0968   4.493925    31.0071        843     0.5847     2.4855     2.3056 0.0000e+00
     21.000    22.0965   4.494278    31.0098       1315     0.9123     2.4988     2.3100 0.0000e+00
     20.000    22.0801   4.493909    31.0210       2705     1.8775     2.4937     2.3103 0.0000e+00
     19.000    22.0950   4.493994    31.0093       2559     1.7762     2.4908     2.3057 0.0000e+00
     18.000    22.0952   4.493861    31.0084       2619     1.8180     2.4896     2.3097 0.0000e+00
     17.000    22.0968   4.493317    31.0034       2650     1.8395     2.4809     2.3074 0.0000e+00
     16.000    22.1006   4.492171    30.9921       2673     1.8552     2.4810     2.3061 0.0000e+00
     15.000    22.1021   4.491409    30.9855       2696     1.8715     2.4885     2.3034 0.0000e+00
     14.000    22.1024   4.490876    30.9815       2726     1.8926     2.4874     2.3061 0.0000e+00
     13.000    22.1032   4.489456    30.9703       2765     1.9193     2.4816     2.3092 0.0000e+00
     12.000    22.1082   4.487898    30.9550       2796     1.9412     2.4786     2.3029 0.0000e+00
     11.000    22.1156   4.486704    30.9409       2819     1.9571     2.4747     2.2968 0.0000e+00
     10.000    22.1170   4.486473    30.9384       2839     1.9711     2.4662     2.2921 0.0000e+00
      9.000    22.1195   4.486146    30.9344       2861     1.9863     2.4582     2.2908 0.0000e+00
      8.000    22.1250   4.486307    30.9321       2892     2.0075     2.4553     2.2856 0.0000e+00
      7.000    22.1375   4.486870    30.9278       2933     2.0363     2.4506     2.2791 0.0000e+00
      6.000    22.1649   4.488638    30.9222       2964     2.0575     2.4489     2.2766 0.0000e+00
      5.000    22.2360   4.494630    30.9181       2985     2.0723     2.4468     2.2778 0.0000e+00
      4.000    22.3548   4.504666    30.9111       3005     2.0860     2.4579     2.2798 0.0000e+00
      3.000    22.5929   4.529288    30.9313       3244     2.2520     2.4928     2.3076 0.0000e+00
      2.000    22.6011   4.530304    30.9336       3742     2.5976     2.4984     2.3121 0.0000e+00
      1.000    22.6002   4.530110    30.9331       3788     2.6301     2.4997     2.3110 0.0000e+00
