HB2407/CTD018.cnv
* Sea-Bird SBE 9 Data File:
* FileName = C:\cruise\data\CTD018.hex
* Software Version Seasave V 7.26.7.121
* Temperature SN = 4591
* Conductivity SN = 6006
* Number of Bytes Per Scan = 37
* Number of Voltage Words = 4
* Number of Scans Averaged by the Deck Unit = 1
* NMEA Latitude = 37 55.65 N
* NMEA Longitude = 074 28.05 W
* NMEA UTC (Time) = Sep 10 2024 05:57:31
* NMEA baud rate = 4800
** Ship: Bigelow HB2407
** Program:  Fall Bottom Trawl Survey
** Chief Scientist: John Galbraith
# nquan = 9
# nvalues = 101                         
# units = specified
# name 0 = depSM: Depth [salt water, m]
# name 1 = t090C: Temperature [ITS-90, deg C]
# name 2 = c0S/m: Conductivity [S/m]
# name 3 = sal00: Salinity, Practical [PSU]
# name 4 = scan: Scan Count
# name 5 = timeM: Time, Elapsed [minutes]
# name 6 = sbeox0V: Oxygen raw, SBE 43 [V]
# name 7 = sbeox1V: Oxygen raw, SBE 43, 2 [V]
# name 8 = flag: flag
# span 0 =      1.000,     52.000       
# span 1 =     8.0831,    21.3250       
# span 2 =   3.350056,   4.624112       
# span 3 =    31.9941,    32.9159       
# span 4 =        134,       4373       
# span 5 =     0.0922,     3.0359       
# span 6 =     2.1432,     2.8647       
# span 7 =     1.9786,     2.5833       
# span 8 = 0.0000e+00, 0.0000e+00       
# interval = meters: 1                  
# start_time = Sep 10 2024 05:57:31 [NMEA time, header]
# bad_flag = -9.990e-29
*END*
      3.000    21.3028   4.620416    32.5839        134     0.0922     2.6102     2.4214 0.0000e+00
      4.000    21.3050   4.620613    32.5834        218     0.1508     2.6134     2.4217 0.0000e+00
      5.000    21.3051   4.620795    32.5845        241     0.1667     2.6133     2.4198 0.0000e+00
      6.000    21.3070   4.621381    32.5873        267     0.1846     2.6062     2.4184 0.0000e+00
      7.000    21.3081   4.621716    32.5888        295     0.2040     2.6103     2.4173 0.0000e+00
      8.000    21.3121   4.622226    32.5895        323     0.2238     2.6145     2.4184 0.0000e+00
      9.000    21.3184   4.622985    32.5904        350     0.2424     2.6097     2.4176 0.0000e+00
     10.000    21.3164   4.622821    32.5902        376     0.2602     2.6056     2.4196 0.0000e+00
     11.000    21.3181   4.623104    32.5909        401     0.2775     2.6101     2.4208 0.0000e+00
     12.000    21.3198   4.623387    32.5915        427     0.2959     2.6131     2.4178 0.0000e+00
     13.000    21.3208   4.623553    32.5917        454     0.3145     2.6157     2.4172 0.0000e+00
     14.000    21.3250   4.624112    32.5926        479     0.3322     2.6128     2.4182 0.0000e+00
     15.000    21.3202   4.624093    32.5957        505     0.3502     2.6126     2.4179 0.0000e+00
     16.000    21.2999   4.623658    32.6074        532     0.3688     2.6121     2.4179 0.0000e+00
     17.000    21.2178   4.619026    32.6330        560     0.3881     2.6035     2.4190 0.0000e+00
     18.000    20.9511   4.600328    32.6879        588     0.4080     2.6046     2.4231 0.0000e+00
     19.000    20.5087   4.571989    32.8019        615     0.4264     2.6111     2.4251 0.0000e+00
     20.000    18.9059   4.432346    32.9159        640     0.4438     2.6253     2.4320 0.0000e+00
     21.000    16.8903   4.219713    32.7336        665     0.4614     2.6074     2.4300 0.0000e+00
     22.000    16.2192   4.142694    32.6107        693     0.4804     2.5954     2.4325 0.0000e+00
     23.000    15.8613   4.104986    32.5717        719     0.4986     2.6246     2.4681 0.0000e+00
     24.000    15.5334   4.071981    32.5484        744     0.5156     2.6578     2.5009 0.0000e+00
     25.000    13.3334   3.874906    32.5931        771     0.5345     2.6837     2.5119 0.0000e+00
     26.000    11.6683   3.704768    32.4108        801     0.5554     2.6385     2.4839 0.0000e+00
     27.000    11.2911   3.666809    32.3703        830     0.5756     2.6142     2.4733 0.0000e+00
     28.000    10.6691   3.609481    32.3511        856     0.5937     2.6236     2.4826 0.0000e+00
     29.000    10.2618   3.569104    32.3083        879     0.6096     2.6258     2.4780 0.0000e+00
     30.000    10.0775   3.551161    32.2913        901     0.6248     2.6096     2.4570 0.0000e+00
     31.000     9.7577   3.522179    32.2828        925     0.6417     2.5774     2.4262 0.0000e+00
     32.000     9.4313   3.489435    32.2411        955     0.6626     2.5306     2.3798 0.0000e+00
     33.000     9.3223   3.477331    32.2145        987     0.6850     2.4728     2.3220 0.0000e+00
     34.000     9.1401   3.460189    32.2017       1016     0.7047     2.4311     2.2756 0.0000e+00
     35.000     8.9084   3.437818    32.1791       1041     0.7224     2.4051     2.2417 0.0000e+00
     36.000     8.7435   3.420486    32.1477       1066     0.7396     2.3775     2.2123 0.0000e+00
     37.000     8.6660   3.412626    32.1356       1092     0.7574     2.3453     2.1856 0.0000e+00
     38.000     8.5080   3.396736    32.1124       1118     0.7758     2.3171     2.1574 0.0000e+00
     39.000     8.3324   3.381140    32.1080       1145     0.7948     2.2936     2.1314 0.0000e+00
     40.000     8.1296   3.360433    32.0741       1172     0.8135     2.2711     2.1072 0.0000e+00
     41.000     8.1073   3.357462    32.0626       1197     0.8309     2.2459     2.0846 0.0000e+00
     42.000     8.0926   3.355543    32.0553       1222     0.8482     2.2222     2.0635 0.0000e+00
     43.000     8.0889   3.354685    32.0492       1250     0.8672     2.2012     2.0430 0.0000e+00
     44.000     8.0885   3.354230    32.0442       1279     0.8878     2.1863     2.0248 0.0000e+00
     45.000     8.0862   3.353726    32.0405       1310     0.9090     2.1756     2.0124 0.0000e+00
     46.000     8.0831   3.353366    32.0391       1337     0.9275     2.1699     2.0056 0.0000e+00
     47.000     8.0831   3.353201    32.0368       1360     0.9435     2.1681     2.0028 0.0000e+00
     48.000     8.0832   3.353096    32.0352       1383     0.9597     2.1659     1.9996 0.0000e+00
     49.000     8.0836   3.353075    32.0342       1408     0.9774     2.1635     1.9960 0.0000e+00
     50.000     8.0861   3.353272    32.0336       1436     0.9965     2.1605     1.9917 0.0000e+00
     51.000     8.0877   3.353367    32.0326       1465     1.0170     2.1569     1.9881 0.0000e+00
     52.000     8.0945   3.352481    32.0166       1919     1.3318     2.1485     1.9810 0.0000e+00
     51.000     8.0911   3.350907    32.0035       2577     1.7891     2.1448     1.9808 0.0000e+00
     50.000     8.0903   3.350772    32.0032       2598     1.8034     2.1453     1.9817 0.0000e+00
     49.000     8.0905   3.350756    32.0032       2626     1.8226     2.1443     1.9826 0.0000e+00
     48.000     8.0894   3.350594    32.0031       2672     1.8547     2.1450     1.9821 0.0000e+00
     47.000     8.0898   3.350542    32.0026       2712     1.8825     2.1476     1.9802 0.0000e+00
     46.000     8.0886   3.350372    32.0024       2736     1.8992     2.1452     1.9805 0.0000e+00
     45.000     8.0891   3.350353    32.0021       2758     1.9147     2.1440     1.9803 0.0000e+00
     44.000     8.0887   3.350219    32.0016       2781     1.9305     2.1432     1.9786 0.0000e+00
     43.000     8.0884   3.350107    32.0011       2807     1.9485     2.1455     1.9802 0.0000e+00
     42.000     8.0902   3.350056    31.9994       2835     1.9683     2.1462     1.9808 0.0000e+00
     41.000     8.0948   3.350148    31.9966       2863     1.9874     2.1440     1.9819 0.0000e+00
     40.000     8.1041   3.350691    31.9943       2889     2.0055     2.1452     1.9830 0.0000e+00
     39.000     8.1170   3.351742    31.9941       2914     2.0231     2.1473     1.9843 0.0000e+00
     38.000     8.1575   3.355332    31.9956       2939     2.0402     2.1503     1.9859 0.0000e+00
     37.000     8.3091   3.369088    32.0032       2963     2.0566     2.1550     1.9881 0.0000e+00
     36.000     8.4047   3.377680    32.0072       2987     2.0733     2.1644     1.9925 0.0000e+00
     35.000     8.5283   3.389382    32.0183       3013     2.0918     2.1825     2.0007 0.0000e+00
     34.000     8.6227   3.398266    32.0261       3041     2.1114     2.2026     2.0129 0.0000e+00
     33.000     8.7392   3.408654    32.0296       3068     2.1299     2.2194     2.0252 0.0000e+00
     32.000     8.8850   3.423748    32.0554       3094     2.1479     2.2361     2.0387 0.0000e+00
     31.000     8.9998   3.433702    32.0556       3120     2.1663     2.2547     2.0564 0.0000e+00
     30.000     9.2461   3.454688    32.0512       3148     2.1854     2.2786     2.0735 0.0000e+00
     29.000     9.4750   3.477121    32.0770       3175     2.2039     2.3083     2.0943 0.0000e+00
     28.000     9.7492   3.502230    32.0888       3200     2.2215     2.3419     2.1165 0.0000e+00
     27.000    10.0321   3.526478    32.0836       3225     2.2390     2.3801     2.1428 0.0000e+00
     26.000    10.2937   3.551588    32.1053       3250     2.2563     2.4221     2.1748 0.0000e+00
     25.000    10.7056   3.587049    32.0971       3275     2.2734     2.4724     2.2128 0.0000e+00
     24.000    11.0123   3.618727    32.1426       3301     2.2914     2.5342     2.2597 0.0000e+00
     23.000    11.5450   3.662216    32.1056       3328     2.3103     2.5910     2.3107 0.0000e+00
     22.000    12.0866   3.713608    32.1362       3355     2.3294     2.6487     2.3599 0.0000e+00
     21.000    13.4654   3.835136    32.1140       3382     2.3479     2.7119     2.4076 0.0000e+00
     20.000    14.6676   3.947839    32.1488       3408     2.3659     2.7986     2.4593 0.0000e+00
     19.000    16.4511   4.123891    32.2583       3434     2.3839     2.8339     2.5067 0.0000e+00
     18.000    18.1236   4.285715    32.3107       3459     2.4016     2.8556     2.5511 0.0000e+00
     17.000    18.9415   4.382904    32.4805       3485     2.4194     2.8647     2.5808 0.0000e+00
     16.000    19.9895   4.477504    32.4412       3511     2.4377     2.8215     2.5833 0.0000e+00
     15.000    20.4659   4.526762    32.4729       3538     2.4559     2.7643     2.5628 0.0000e+00
     14.000    20.8803   4.564425    32.4578       3562     2.4732     2.7186     2.5297 0.0000e+00
     13.000    21.0485   4.582939    32.4772       3587     2.4904     2.6764     2.4966 0.0000e+00
     12.000    21.0923   4.590382    32.5033       3612     2.5073     2.6476     2.4693 0.0000e+00
     11.000    21.1488   4.596371    32.5081       3637     2.5249     2.6309     2.4458 0.0000e+00
     10.000    21.1899   4.601489    32.5178       3663     2.5432     2.6210     2.4313 0.0000e+00
      9.000    21.2111   4.604584    32.5265       3689     2.5612     2.6106     2.4239 0.0000e+00
      8.000    21.2239   4.606661    32.5335       3715     2.5795     2.6147     2.4186 0.0000e+00
      7.000    21.2576   4.609945    32.5342       3743     2.5983     2.6139     2.4168 0.0000e+00
      6.000    21.2668   4.611994    32.5437       3769     2.6168     2.6112     2.4179 0.0000e+00
      5.000    21.2536   4.611206    32.5478       3795     2.6349     2.6130     2.4192 0.0000e+00
      4.000    21.2534   4.611339    32.5494       3819     2.6517     2.6105     2.4154 0.0000e+00
      3.000    21.2619   4.612390    32.5515       3844     2.6687     2.6011     2.4140 0.0000e+00
      2.000    21.3109   4.619772    32.5730       4161     2.8886     2.6132     2.4204 0.0000e+00
      1.000    21.2944   4.619338    32.5824       4373     3.0359     2.6044     2.4191 0.0000e+00
