HB2407/CTD074.cnv
* Sea-Bird SBE 9 Data File:
* FileName = C:\cruise\data\CTD074.hex
* Software Version Seasave V 7.26.7.121
* Temperature SN = 4591
* Conductivity SN = 6006
* Number of Bytes Per Scan = 37
* Number of Voltage Words = 4
* Number of Scans Averaged by the Deck Unit = 1
* NMEA Latitude = 36 41.04 N
* NMEA Longitude = 075 41.27 W
* NMEA UTC (Time) = Sep 22 2024 01:16:23
* NMEA baud rate = 4800
** Ship: Bigelow HB2407
** Program:  Fall Bottom Trawl Survey
** Chief Scientist: John Galbraith
# nquan = 9
# nvalues = 30                          
# units = specified
# name 0 = depSM: Depth [salt water, m]
# name 1 = t090C: Temperature [ITS-90, deg C]
# name 2 = c0S/m: Conductivity [S/m]
# name 3 = sal00: Salinity, Practical [PSU]
# name 4 = scan: Scan Count
# name 5 = timeM: Time, Elapsed [minutes]
# name 6 = sbeox0V: Oxygen raw, SBE 43 [V]
# name 7 = sbeox1V: Oxygen raw, SBE 43, 2 [V]
# name 8 = flag: flag
# span 0 =      1.000,     16.000       
# span 1 =    22.2024,    22.6599       
# span 2 =   4.483125,   4.525015       
# span 3 =    30.8198,    30.8720       
# span 4 =       -232,       3086       
# span 5 =    -0.1616,     2.1422       
# span 6 =     2.4819,     2.5856       
# span 7 =     2.3006,     2.3942       
# span 8 = 0.0000e+00, 0.0000e+00       
# interval = meters: 1                  
# start_time = Sep 22 2024 01:16:23 [NMEA time, header]
# bad_flag = -9.990e-29
*END*
      2.000    22.6055   4.518676    30.8419       -232    -0.1616     2.5856     2.3796 0.0000e+00
      3.000    22.6247   4.521257    30.8476        279     0.1932     2.5739     2.3901 0.0000e+00
      4.000    22.6313   4.521852    30.8472        365     0.2529     2.5717     2.3884 0.0000e+00
      5.000    22.6599   4.525015    30.8509        406     0.2809     2.5757     2.3896 0.0000e+00
      6.000    22.3513   4.494543    30.8354        452     0.3135     2.5747     2.3900 0.0000e+00
      7.000    22.2817   4.487282    30.8287        486     0.3369     2.5676     2.3812 0.0000e+00
      8.000    22.2776   4.486968    30.8289        521     0.3608     2.5660     2.3833 0.0000e+00
      9.000    22.2636   4.485563    30.8276        552     0.3826     2.5621     2.3844 0.0000e+00
     10.000    22.2415   4.484216    30.8327        580     0.4020     2.5552     2.3803 0.0000e+00
     11.000    22.2322   4.483450    30.8331        608     0.4218     2.5562     2.3745 0.0000e+00
     12.000    22.2304   4.483824    30.8369        644     0.4462     2.5346     2.3569 0.0000e+00
     13.000    22.2184   4.484067    30.8470        682     0.4728     2.5148     2.3433 0.0000e+00
     14.000    22.2085   4.485067    30.8613        710     0.4924     2.5073     2.3338 0.0000e+00
     15.000    22.2047   4.485688    30.8685        737     0.5111     2.5020     2.3191 0.0000e+00
     16.000    22.2024   4.485968    30.8720       1417     0.9832     2.4826     2.3018 0.0000e+00
     15.000    22.2064   4.484430    30.8577       2529     1.7553     2.4819     2.3006 0.0000e+00
     14.000    22.2082   4.484898    30.8603       2453     1.7024     2.4873     2.3082 0.0000e+00
     13.000    22.2138   4.484061    30.8501       2463     1.7099     2.4901     2.3078 0.0000e+00
     12.000    22.2180   4.483703    30.8448       2487     1.7263     2.4914     2.3075 0.0000e+00
     11.000    22.2242   4.483281    30.8374       2510     1.7422     2.4925     2.3105 0.0000e+00
     10.000    22.2272   4.483125    30.8344       2533     1.7586     2.5001     2.3135 0.0000e+00
      9.000    22.2400   4.483518    30.8287       2559     1.7763     2.5051     2.3178 0.0000e+00
      8.000    22.2581   4.484701    30.8252       2587     1.7956     2.5236     2.3235 0.0000e+00
      7.000    22.2906   4.487280    30.8224       2616     1.8157     2.5305     2.3376 0.0000e+00
      6.000    22.4379   4.500491    30.8198       2641     1.8336     2.5435     2.3521 0.0000e+00
      5.000    22.5461   4.512113    30.8326       2664     1.8495     2.5606     2.3625 0.0000e+00
      4.000    22.5535   4.513530    30.8386       2690     1.8673     2.5659     2.3741 0.0000e+00
      3.000    22.5892   4.517152    30.8413       2768     1.9218     2.5740     2.3824 0.0000e+00
      2.000    22.6134   4.519889    30.8454       2974     2.0649     2.5733     2.3865 0.0000e+00
      1.000    22.6205   4.520695    30.8468       3086     2.1422     2.5772     2.3942 0.0000e+00
