HB2407/CTD012.cnv
* Sea-Bird SBE 9 Data File:
* FileName = C:\cruise\data\CTD012.hex
* Software Version Seasave V 7.26.7.121
* Temperature SN = 4591
* Conductivity SN = 6006
* Number of Bytes Per Scan = 37
* Number of Voltage Words = 4
* Number of Scans Averaged by the Deck Unit = 1
* NMEA Latitude = 38 01.17 N
* NMEA Longitude = 074 03.24 W
* NMEA UTC (Time) = Sep 09 2024 14:03:30
* NMEA baud rate = 4800
** Ship: Bigelow HB2407
** Program:  Fall Bottom Trawl Survey
** Chief Scientist: John Galbraith
# nquan = 9
# nvalues = 205                         
# units = specified
# name 0 = depSM: Depth [salt water, m]
# name 1 = t090C: Temperature [ITS-90, deg C]
# name 2 = c0S/m: Conductivity [S/m]
# name 3 = sal00: Salinity, Practical [PSU]
# name 4 = scan: Scan Count
# name 5 = timeM: Time, Elapsed [minutes]
# name 6 = sbeox0V: Oxygen raw, SBE 43 [V]
# name 7 = sbeox1V: Oxygen raw, SBE 43, 2 [V]
# name 8 = flag: flag
# span 0 =      1.000,    107.000       
# span 1 =     9.5911,    22.0490       
# span 2 =   3.570252,   4.716252       
# span 3 =    32.6095,    35.0121       
# span 4 =        447,       7674       
# span 5 =     0.3099,     5.3288       
# span 6 =     1.9898,     2.9196       
# span 7 =     1.8395,     2.6596       
# span 8 = 0.0000e+00, 0.0000e+00       
# interval = meters: 1                  
# start_time = Sep 09 2024 14:03:30 [NMEA time, header]
# bad_flag = -9.990e-29
*END*
[from data line 161]
     44.000    11.0854   3.760085    33.4671       6218     4.3175     2.2590     2.0839 0.0000e+00
     43.000    10.7602   3.720118    33.3664       6243     4.3349     2.2531     2.0879 0.0000e+00
     42.000    10.4203   3.674151    33.2165       6269     4.3526     2.2333     2.0853 0.0000e+00
     41.000    10.3176   3.657900    33.1471       6295     4.3711     2.2102     2.0743 0.0000e+00
     40.000    10.1846   3.641989    33.1082       6322     4.3894     2.1947     2.0607 0.0000e+00
     39.000    10.0042   3.618849    33.0391       6347     4.4066     2.1791     2.0457 0.0000e+00
     38.000     9.9074   3.604875    32.9860       6371     4.4236     2.1655     2.0327 0.0000e+00
     37.000     9.9246   3.602671    32.9484       6396     4.4411     2.1618     2.0226 0.0000e+00
     36.000    10.1423   3.619043    32.9165       6422     4.4589     2.1704     2.0138 0.0000e+00
     35.000    10.4715   3.651493    32.9453       6448     4.4771     2.1916     2.0109 0.0000e+00
     34.000    10.9646   3.701418    32.9990       6476     4.4966     2.2291     2.0171 0.0000e+00
     33.000    11.2633   3.730219    33.0161       6505     4.5170     2.2754     2.0391 0.0000e+00
     32.000    11.4525   3.751181    33.0533       6533     4.5358     2.2996     2.0679 0.0000e+00
     31.000    11.2407   3.725577    32.9915       6557     4.5526     2.3082     2.0961 0.0000e+00
     30.000    11.1996   3.718533    32.9593       6580     4.5686     2.3125     2.1174 0.0000e+00
     29.000    11.3359   3.726597    32.9173       6603     4.5849     2.3240     2.1339 0.0000e+00
     28.000    11.4591   3.735400    32.8944       6628     4.6018     2.3410     2.1460 0.0000e+00
     27.000    11.5836   3.747091    32.8986       6653     4.6197     2.3649     2.1580 0.0000e+00
     26.000    11.8571   3.773252    32.9115       6681     4.6392     2.4019     2.1722 0.0000e+00
     25.000    12.1363   3.801245    32.9367       6711     4.6599     2.4435     2.1945 0.0000e+00
     24.000    12.8843   3.870594    32.9446       6740     4.6797     2.4900     2.2205 0.0000e+00
     23.000    13.2529   3.912773    33.0229       6767     4.6983     2.5432     2.2532 0.0000e+00
     22.000    13.7741   3.959832    33.0124       6792     4.7158     2.5955     2.2930 0.0000e+00
     21.000    14.1503   3.995769    33.0224       6815     4.7319     2.6447     2.3366 0.0000e+00
     20.000    14.5375   4.029742    33.0041       6837     4.7471     2.6774     2.3766 0.0000e+00
     19.000    14.6937   4.044170    33.0032       6860     4.7631     2.7188     2.4212 0.0000e+00
     18.000    14.9171   4.058285    32.9427       6886     4.7812     2.7554     2.4657 0.0000e+00
     17.000    15.5654   4.113227    32.8927       6915     4.8011     2.7954     2.4948 0.0000e+00
     16.000    15.8850   4.148502    32.9405       6944     4.8216     2.8268     2.5296 0.0000e+00
     15.000    16.4585   4.193896    32.8659       6973     4.8415     2.8482     2.5615 0.0000e+00
     14.000    16.8314   4.227365    32.8520       6998     4.8592     2.8638     2.5860 0.0000e+00
     13.000    17.1733   4.259787    32.8537       7022     4.8754     2.8710     2.6059 0.0000e+00
     12.000    17.3185   4.271185    32.8342       7045     4.8917     2.8788     2.6249 0.0000e+00
     11.000    18.0140   4.328018    32.7579       7069     4.9085     2.8930     2.6294 0.0000e+00
     10.000    19.4927   4.450628    32.6095       7094     4.9255     2.9196     2.6418 0.0000e+00
      9.000    20.5933   4.560268    32.6457       7119     4.9429     2.9132     2.6596 0.0000e+00
      8.000    20.8938   4.593500    32.6809       7146     4.9616     2.8050     2.6496 0.0000e+00
      7.000    21.4862   4.646778    32.6510       7173     4.9805     2.7480     2.5898 0.0000e+00
      6.000    21.7640   4.676123    32.6711       7198     4.9981     2.7152     2.5369 0.0000e+00
      5.000    21.7728   4.679200    32.6889       7223     5.0156     2.6902     2.5021 0.0000e+00
      4.000    21.8590   4.688169    32.6941       7249     5.0331     2.6689     2.4639 0.0000e+00
      3.000    22.0347   4.710067    32.7324       7443     5.1683     2.6288     2.4270 0.0000e+00
      2.000    22.0490   4.713452    32.7483       7654     5.3143     2.6179     2.4204 0.0000e+00
      1.000    22.0325   4.712469    32.7534       7674     5.3288     2.6229     2.4185 0.0000e+00
