HB2407/CTD064.cnv
* Sea-Bird SBE 9 Data File:
* FileName = C:\cruise\data\CTD064.hex
* Software Version Seasave V 7.26.7.121
* Temperature SN = 4591
* Conductivity SN = 6006
* Number of Bytes Per Scan = 37
* Number of Voltage Words = 4
* Number of Scans Averaged by the Deck Unit = 1
* NMEA Latitude = 35 54.03 N
* NMEA Longitude = 074 52.68 W
* NMEA UTC (Time) = Sep 21 2024 01:58:03
* NMEA baud rate = 4800
** Ship: Bigelow HB2407
** Program:  Fall Bottom Trawl Survey
** Chief Scientist: John Galbraith
# nquan = 9
# nvalues = 156                         
# units = specified
# name 0 = depSM: Depth [salt water, m]
# name 1 = t090C: Temperature [ITS-90, deg C]
# name 2 = c0S/m: Conductivity [S/m]
# name 3 = sal00: Salinity, Practical [PSU]
# name 4 = scan: Scan Count
# name 5 = timeM: Time, Elapsed [minutes]
# name 6 = sbeox0V: Oxygen raw, SBE 43 [V]
# name 7 = sbeox1V: Oxygen raw, SBE 43, 2 [V]
# name 8 = flag: flag
# span 0 =      4.000,     86.000       
# span 1 =     9.4698,    23.0263       
# span 2 =   3.519175,   4.833087       
# span 3 =    31.9857,    33.1829       
# span 4 =        -99,       6058       
# span 5 =    -0.0691,     4.2064       
# span 6 =     2.2510,     2.6697       
# span 7 =     2.0726,     2.4526       
# span 8 = 0.0000e+00, 0.0000e+00       
# interval = meters: 1                  
# start_time = Sep 21 2024 01:58:03 [NMEA time, header]
# bad_flag = -9.990e-29
*END*
      4.000    23.0197   4.832101    32.9323        -99    -0.0691     2.5790     2.4023 0.0000e+00
      5.000    23.0253   4.832884    32.9338        202     0.1396     2.5786     2.3980 0.0000e+00
      6.000    23.0263   4.833087    32.9343        326     0.2255     2.5757     2.3935 0.0000e+00
      7.000    23.0254   4.832949    32.9336        346     0.2394     2.5789     2.3896 0.0000e+00
      8.000    23.0257   4.833035    32.9337        375     0.2599     2.5826     2.3912 0.0000e+00
      9.000    23.0241   4.832899    32.9336        432     0.2991     2.5797     2.3930 0.0000e+00
     10.000    23.0241   4.832967    32.9338        458     0.3171     2.5774     2.3932 0.0000e+00
     11.000    23.0234   4.832877    32.9333        473     0.3280     2.5788     2.3900 0.0000e+00
     12.000    23.0237   4.832914    32.9330        488     0.3380     2.5805     2.3894 0.0000e+00
     13.000    23.0243   4.833012    32.9330        504     0.3491     2.5834     2.3898 0.0000e+00
     14.000    23.0229   4.832855    32.9325        541     0.3753     2.5815     2.3897 0.0000e+00
     15.000    23.0207   4.832597    32.9319        613     0.4247     2.5817     2.3932 0.0000e+00
     16.000    23.0238   4.833031    32.9326        628     0.4352     2.5831     2.3920 0.0000e+00
     17.000    23.0181   4.832404    32.9317        644     0.4467     2.5837     2.3887 0.0000e+00
     18.000    22.9931   4.829357    32.9269        662     0.4592     2.5819     2.3910 0.0000e+00
     19.000    22.9849   4.828257    32.9243        686     0.4757     2.5787     2.3896 0.0000e+00
     20.000    22.9259   4.820846    32.9115        720     0.4994     2.5778     2.3841 0.0000e+00
     21.000    22.9152   4.819413    32.9082        758     0.5255     2.5781     2.3869 0.0000e+00
     22.000    22.8212   4.807447    32.8867        791     0.5489     2.5794     2.3898 0.0000e+00
     23.000    22.4399   4.760411    32.8107        823     0.5707     2.5754     2.3889 0.0000e+00
     24.000    20.7014   4.561920    32.5704        848     0.5882     2.5594     2.3832 0.0000e+00
     25.000    19.7938   4.463438    32.4751        869     0.6025     2.5254     2.3685 0.0000e+00
     26.000    18.0247   4.294304    32.4563        889     0.6165     2.5077     2.3451 0.0000e+00
     27.000    16.4309   4.131264    32.3360        914     0.6337     2.4682     2.3302 0.0000e+00
     28.000    16.1211   4.096287    32.2808        949     0.6585     2.4677     2.3253 0.0000e+00
     29.000    15.7964   4.061544    32.2380        992     0.6879     2.5186     2.3603 0.0000e+00
     30.000    15.3805   4.020063    32.2084       1020     0.7077     2.5411     2.3697 0.0000e+00
     31.000    14.4993   3.934073    32.1590       1040     0.7213     2.5488     2.3726 0.0000e+00
     32.000    14.1235   3.897670    32.1380       1058     0.7338     2.5401     2.3676 0.0000e+00
     33.000    13.9028   3.875818    32.1206       1076     0.7468     2.5439     2.3607 0.0000e+00
     34.000    13.7099   3.857206    32.1095       1098     0.7619     2.5577     2.3704 0.0000e+00
     35.000    13.5013   3.841889    32.1420       1126     0.7816     2.5820     2.3926 0.0000e+00
     36.000    13.7087   3.869778    32.2263       1165     0.8080     2.6125     2.4167 0.0000e+00
     37.000    13.8814   3.889964    32.2676       1203     0.8350     2.6247     2.4281 0.0000e+00
     38.000    13.9900   3.902947    32.2959       1234     0.8563     2.6242     2.4237 0.0000e+00
     39.000    14.1069   3.917402    32.3306       1256     0.8717     2.6202     2.4173 0.0000e+00
     40.000    14.1916   3.928409    32.3603       1273     0.8836     2.6164     2.4153 0.0000e+00
     41.000    14.2971   3.943616    32.4108       1289     0.8945     2.6122     2.4140 0.0000e+00
     42.000    14.6641   3.995290    32.5742       1306     0.9059     2.6085     2.4105 0.0000e+00
     43.000    14.9577   4.038049    32.7155       1327     0.9210     2.6087     2.4082 0.0000e+00
     44.000    15.1772   4.067424    32.7963       1380     0.9577     2.5874     2.3863 0.0000e+00
     45.000    15.4213   4.098809    32.8734       1429     0.9915     2.5617     2.3608 0.0000e+00
     46.000    15.5022   4.107901    32.8867       1450     1.0066     2.5635     2.3546 0.0000e+00
     47.000    16.0625   4.183943    33.0941       1468     1.0189     2.5584     2.3533 0.0000e+00
     48.000    16.0690   4.194624    33.1829       1484     1.0296     2.5602     2.3552 0.0000e+00
     49.000    15.8812   4.176791    33.1818       1498     1.0398     2.5670     2.3631 0.0000e+00
     50.000    15.3806   4.125747    33.1470       1514     1.0506     2.5604     2.3636 0.0000e+00
     51.000    15.1395   4.097715    33.0980       1536     1.0658     2.5371     2.3493 0.0000e+00
     52.000    14.7084   4.052095    33.0501       1624     1.1273     2.5069     2.3171 0.0000e+00
     53.000    14.5066   4.036631    33.0803       1649     1.1443     2.5057     2.3208 0.0000e+00
     54.000    14.3308   4.019338    33.0715       1662     1.1533     2.4964     2.3193 0.0000e+00
     55.000    14.1160   3.996586    33.0457       1674     1.1620     2.4873     2.3154 0.0000e+00
     56.000    13.9508   3.978501    33.0200       1687     1.1706     2.4770     2.3083 0.0000e+00
     57.000    13.7934   3.962036    33.0023       1701     1.1803     2.4650     2.2979 0.0000e+00
     58.000    13.4798   3.927332    32.9486       1720     1.1940     2.4504     2.2857 0.0000e+00
     59.000    13.1164   3.884174    32.8573       1786     1.2399     2.4295     2.2602 0.0000e+00
     60.000    12.6011   3.828319    32.7744       1832     1.2717     2.4370     2.2614 0.0000e+00
     61.000    12.2220   3.787291    32.7117       1851     1.2844     2.4299     2.2539 0.0000e+00
     62.000    12.1339   3.777693    32.6959       1867     1.2955     2.4182     2.2464 0.0000e+00
     63.000    11.7690   3.738822    32.6390       1882     1.3060     2.4125     2.2415 0.0000e+00
     64.000    11.5573   3.714854    32.5912       1898     1.3174     2.4078     2.2393 0.0000e+00
     65.000    11.2591   3.682489    32.5364       1918     1.3315     2.4020     2.2345 0.0000e+00
     66.000    10.9336   3.646034    32.4638       1953     1.3559     2.3945     2.2268 0.0000e+00
     67.000    10.4934   3.598965    32.3855       2004     1.3910     2.3926     2.2199 0.0000e+00
     68.000    10.2462   3.572999    32.3445       2034     1.4122     2.3896     2.2178 0.0000e+00
     69.000    10.1746   3.564922    32.3266       2057     1.4278     2.3864     2.2150 0.0000e+00
     70.000    10.2177   3.568997    32.3288       2078     1.4422     2.3874     2.2122 0.0000e+00
     71.000    10.2529   3.572446    32.3317       2100     1.4575     2.3908     2.2112 0.0000e+00
     72.000    10.4777   3.597252    32.3801       2125     1.4747     2.3958     2.2126 0.0000e+00
     73.000    10.7680   3.630910    32.4576       2150     1.4926     2.4034     2.2171 0.0000e+00
     74.000    10.8025   3.640704    32.5239       2175     1.5097     2.4159     2.2223 0.0000e+00
     75.000    10.7740   3.641243    32.5541       2198     1.5259     2.4169     2.2233 0.0000e+00
     76.000    10.3718   3.604161    32.5419       2222     1.5426     2.4063     2.2180 0.0000e+00
     77.000     9.9006   3.558081    32.4992       2262     1.5701     2.3656     2.1923 0.0000e+00
     78.000     9.6273   3.532928    32.4893       2315     1.6073     2.3231     2.1598 0.0000e+00
     79.000     9.5539   3.525560    32.4799       2339     1.6239     2.3138     2.1499 0.0000e+00
     80.000     9.5169   3.523056    32.4873       2356     1.6356     2.2796     2.1429 0.0000e+00
     81.000     9.4698   3.519175    32.4898       2370     1.6454     2.2913     2.1383 0.0000e+00
     82.000     9.6519   3.538630    32.5234       2384     1.6548     2.2963     2.1343 0.0000e+00
     83.000     9.9890   3.577055    32.6093       2399     1.6653     2.2976     2.1295 0.0000e+00
     84.000    10.3376   3.621285    32.7413       2500     1.7352     2.2980     2.1162 0.0000e+00
     85.000    10.6041   3.654001    32.8290       3208     2.2269     2.2762     2.0969 0.0000e+00
     86.000    10.9956   3.703007    32.9647       3904     2.7105     2.2869     2.1022 0.0000e+00
     85.000    10.5862   3.656013    32.8652       3834     2.6618     2.2694     2.0957 0.0000e+00
     84.000    10.4840   3.640415    32.8016       3852     2.6745     2.2583     2.0825 0.0000e+00
     83.000    10.4037   3.630780    32.7777       3872     2.6878     2.2510     2.0726 0.0000e+00
     82.000     9.9828   3.580351    32.6490       4143     2.8762     2.2564     2.0840 0.0000e+00
     81.000     9.6889   3.546854    32.5745       4308     2.9909     2.2666     2.0945 0.0000e+00
     80.000     9.5637   3.530820    32.5245       4317     2.9972     2.2650     2.0936 0.0000e+00
     79.000     9.5178   3.523843    32.4950       4330     3.0066     2.2618     2.0918 0.0000e+00
     78.000     9.5111   3.521276    32.4752       4343     3.0154     2.2594     2.0903 0.0000e+00
     77.000     9.5268   3.522103    32.4699       4357     3.0247     2.2600     2.0911 0.0000e+00
     76.000     9.5562   3.524060    32.4638       4372     3.0351     2.2653     2.0922 0.0000e+00
     75.000     9.5998   3.527494    32.4599       4391     3.0489     2.2731     2.0970 0.0000e+00
     74.000    10.2417   3.586010    32.4763       4427     3.0736     2.2964     2.1096 0.0000e+00
     73.000    10.5719   3.615672    32.4801       4488     3.1157     2.3449     2.1428 0.0000e+00
     72.000    10.7801   3.631026    32.4485       4517     3.1362     2.3582     2.1558 0.0000e+00
     71.000    10.6151   3.611721    32.4030       4538     3.1507     2.3661     2.1662 0.0000e+00
     70.000    10.5397   3.603003    32.3834       4557     3.1642     2.3703     2.1720 0.0000e+00
     69.000    10.4015   3.587454    32.3510       4577     3.1778     2.3749     2.1799 0.0000e+00
     68.000    10.3609   3.581541    32.3283       4598     3.1923     2.3784     2.1872 0.0000e+00
     67.000    10.3748   3.581522    32.3162       4622     3.2091     2.3842     2.1917 0.0000e+00
     66.000    10.5648   3.598373    32.3166       4648     3.2273     2.3932     2.1986 0.0000e+00
     65.000    10.8696   3.631108    32.3730       4677     3.2470     2.4076     2.2048 0.0000e+00
     64.000    11.0772   3.652445    32.4015       4710     3.2700     2.4216     2.2154 0.0000e+00
     63.000    11.2343   3.669716    32.4336       4738     3.2895     2.4224     2.2220 0.0000e+00
     62.000    11.4817   3.695420    32.4687       4759     3.3042     2.4230     2.2277 0.0000e+00
     61.000    11.7736   3.726236    32.5135       4778     3.3173     2.4314     2.2303 0.0000e+00
     60.000    11.9842   3.750138    32.5616       4799     3.3317     2.4460     2.2352 0.0000e+00
     59.000    12.5253   3.808182    32.6479       4833     3.3556     2.4518     2.2433 0.0000e+00
     58.000    12.7923   3.840068    32.7208       4877     3.3860     2.4545     2.2560 0.0000e+00
     57.000    13.5266   3.918333    32.8246       4901     3.4027     2.4549     2.2554 0.0000e+00
     56.000    13.7089   3.940962    32.8794       4921     3.4165     2.4681     2.2614 0.0000e+00
     55.000    13.8747   3.959039    32.9055       4941     3.4304     2.4770     2.2680 0.0000e+00
     54.000    14.0474   3.978400    32.9371       4963     3.4458     2.4784     2.2699 0.0000e+00
     53.000    14.2762   4.003262    32.9710       4988     3.4629     2.4809     2.2712 0.0000e+00
     52.000    14.4551   4.020744    32.9792       5013     3.4804     2.4780     2.2740 0.0000e+00
     51.000    14.5660   4.031074    32.9797       5039     3.4988     2.4813     2.2794 0.0000e+00
     50.000    14.9322   4.065268    32.9805       5073     3.5220     2.4975     2.2865 0.0000e+00
     49.000    15.1068   4.084937    33.0113       5114     3.5504     2.5173     2.3010 0.0000e+00
     48.000    15.6479   4.141675    33.0655       5141     3.5696     2.5228     2.3088 0.0000e+00
     47.000    15.8109   4.161664    33.1071       5162     3.5840     2.5366     2.3198 0.0000e+00
     46.000    15.9383   4.173230    33.1036       5181     3.5971     2.5454     2.3305 0.0000e+00
     45.000    15.8918   4.165189    33.0716       5201     3.6110     2.5528     2.3362 0.0000e+00
     44.000    15.7385   4.142502    32.9985       5223     3.6263     2.5451     2.3390 0.0000e+00
     43.000    15.5591   4.119293    32.9419       5250     3.6451     2.5361     2.3359 0.0000e+00
     42.000    15.3122   4.082221    32.8170       5287     3.6706     2.5280     2.3309 0.0000e+00
     41.000    15.0230   4.048617    32.7564       5323     3.6959     2.5294     2.3304 0.0000e+00
     40.000    14.3214   3.949224    32.4422       5349     3.7138     2.5232     2.3314 0.0000e+00
     39.000    14.2009   3.929123    32.3594       5372     3.7295     2.5162     2.3251 0.0000e+00
     38.000    14.1380   3.919938    32.3282       5393     3.7445     2.5249     2.3329 0.0000e+00
     37.000    14.0494   3.908972    32.3020       5414     3.7590     2.5422     2.3484 0.0000e+00
     36.000    13.9540   3.896116    32.2639       5436     3.7745     2.5582     2.3626 0.0000e+00
     35.000    13.7042   3.865097    32.1870       5466     3.7948     2.5720     2.3722 0.0000e+00
     34.000    13.6025   3.846259    32.0980       5502     3.8202     2.5864     2.3850 0.0000e+00
     33.000    13.7344   3.850996    32.0319       5532     3.8407     2.6121     2.4013 0.0000e+00
     32.000    13.8565   3.860584    32.0190       5558     3.8593     2.6277     2.4171 0.0000e+00
     31.000    14.0338   3.874225    31.9975       5587     3.8791     2.6424     2.4281 0.0000e+00
     30.000    14.5771   3.922057    31.9857       5613     3.8973     2.6485     2.4329 0.0000e+00
     29.000    15.0551   3.970790    32.0340       5634     3.9121     2.6529     2.4402 0.0000e+00
     28.000    15.3298   4.001145    32.0819       5654     3.9256     2.6628     2.4477 0.0000e+00
     27.000    15.5208   4.016848    32.0665       5675     3.9399     2.6663     2.4487 0.0000e+00
     26.000    15.9427   4.057476    32.0846       5698     3.9563     2.6465     2.4375 0.0000e+00
     25.000    17.1437   4.174846    32.1420       5726     3.9754     2.6470     2.4308 0.0000e+00
     24.000    18.8794   4.344594    32.2086       5760     3.9994     2.6697     2.4376 0.0000e+00
     23.000    20.7150   4.527565    32.2842       5797     4.0250     2.6555     2.4370 0.0000e+00
     22.000    22.3904   4.734499    32.6487       5826     4.0449     2.6622     2.4382 0.0000e+00
     21.000    22.5166   4.756751    32.7257       5850     4.0618     2.6683     2.4526 0.0000e+00
     20.000    22.5895   4.769295    32.7680       5872     4.0771     2.6397     2.4326 0.0000e+00
     19.000    22.7223   4.785617    32.7943       5893     4.0914     2.6158     2.4151 0.0000e+00
     18.000    22.7731   4.793712    32.8187       5912     4.1045     2.6016     2.4008 0.0000e+00
     17.000    22.8520   4.802582    32.8280       5930     4.1174     2.5969     2.3924 0.0000e+00
     16.000    22.9200   4.811888    32.8486       5951     4.1323     2.5898     2.3905 0.0000e+00
     15.000    22.9590   4.818671    32.8717       5995     4.1623     2.5803     2.3848 0.0000e+00
     14.000    22.9522   4.819170    32.8809       6038     4.1920     2.5763     2.3881 0.0000e+00
     13.000    22.9463   4.819688    32.8896       6058     4.2064     2.5799     2.3908 0.0000e+00
