HB2407/CTD029.cnv
* Sea-Bird SBE 9 Data File:
* FileName = C:\cruise\data\CTD029.hex
* Software Version Seasave V 7.26.7.121
* Temperature SN = 4591
* Conductivity SN = 6006
* Number of Bytes Per Scan = 37
* Number of Voltage Words = 4
* Number of Scans Averaged by the Deck Unit = 1
* NMEA Latitude = 35 25.58 N
* NMEA Longitude = 075 21.39 W
* NMEA UTC (Time) = Sep 12 2024 02:12:40
* NMEA baud rate = 4800
** Ship: Bigelow HB2407
** Program:  Fall Bottom Trawl Survey
** Chief Scientist: John Galbraith
# nquan = 9
# nvalues = 34                          
# units = specified
# name 0 = depSM: Depth [salt water, m]
# name 1 = t090C: Temperature [ITS-90, deg C]
# name 2 = c0S/m: Conductivity [S/m]
# name 3 = sal00: Salinity, Practical [PSU]
# name 4 = scan: Scan Count
# name 5 = timeM: Time, Elapsed [minutes]
# name 6 = sbeox0V: Oxygen raw, SBE 43 [V]
# name 7 = sbeox1V: Oxygen raw, SBE 43, 2 [V]
# name 8 = flag: flag
# span 0 =      1.000,     18.000       
# span 1 =    23.6866,    26.6160       
# span 2 =   4.592690,   5.407520       
# span 3 =    30.5113,    34.4998       
# span 4 =        -18,       3281       
# span 5 =    -0.0129,     2.2778       
# span 6 =     2.3391,     2.5655       
# span 7 =     2.1683,     2.3864       
# span 8 = 0.0000e+00, 0.0000e+00       
# interval = meters: 1                  
# start_time = Sep 12 2024 02:12:40 [NMEA time, header]
# bad_flag = -9.990e-29
*END*
      2.000    23.8907   4.593336    30.5113        -18    -0.0129     2.5655     2.3819 0.0000e+00
      3.000    23.8755   4.592690    30.5166        175     0.1212     2.5527     2.3831 0.0000e+00
      4.000    23.8756   4.592729    30.5165        280     0.1940     2.5531     2.3805 0.0000e+00
      5.000    23.8824   4.594241    30.5228        309     0.2140     2.5548     2.3784 0.0000e+00
      6.000    23.8815   4.593901    30.5206        353     0.2444     2.5568     2.3860 0.0000e+00
      7.000    23.8973   4.598050    30.5403        398     0.2756     2.5636     2.3854 0.0000e+00
      8.000    23.8978   4.597997    30.5392        429     0.2969     2.5546     2.3817 0.0000e+00
      9.000    23.9028   4.599554    30.5471        456     0.3157     2.5520     2.3836 0.0000e+00
     10.000    23.8983   4.598493    30.5420        485     0.3359     2.5560     2.3834 0.0000e+00
     11.000    23.9314   4.606956    30.5818        520     0.3607     2.5515     2.3842 0.0000e+00
     12.000    23.9741   4.618960    30.6413        561     0.3887     2.5483     2.3859 0.0000e+00
     13.000    23.9947   4.628651    30.6987        601     0.4164     2.5524     2.3827 0.0000e+00
     14.000    23.9624   4.632163    30.7467        635     0.4401     2.5556     2.3823 0.0000e+00
     15.000    23.6866   4.604048    30.7274        665     0.4612     2.5543     2.3819 0.0000e+00
     16.000    24.7378   4.943905    32.4878        698     0.4839     2.5392     2.3700 0.0000e+00
     17.000    26.4475   5.357521    34.2758        739     0.5124     2.4989     2.3481 0.0000e+00
     18.000    26.6160   5.407520    34.4998       2451     1.7015     2.3391     2.1683 0.0000e+00
     17.000    26.3766   5.344871    34.2263       2534     1.7588     2.3932     2.2424 0.0000e+00
     16.000    25.9322   5.237069    33.7742       2379     1.6514     2.3875     2.2349 0.0000e+00
     15.000    24.3997   4.871131    32.2030       2444     1.6967     2.3458     2.2005 0.0000e+00
     14.000    23.7473   4.625136    30.8426       2476     1.7191     2.3554     2.1987 0.0000e+00
     13.000    23.9338   4.636958    30.8023       2514     1.7448     2.4455     2.2737 0.0000e+00
     12.000    24.0028   4.635398    30.7435       2560     1.7773     2.5185     2.3516 0.0000e+00
     11.000    23.9940   4.625868    30.6792       2601     1.8053     2.5430     2.3738 0.0000e+00
     10.000    23.9761   4.618449    30.6368       2644     1.8357     2.5486     2.3815 0.0000e+00
      9.000    23.9520   4.611870    30.6047       2682     1.8617     2.5532     2.3812 0.0000e+00
      8.000    23.9171   4.603434    30.5664       2720     1.8879     2.5556     2.3847 0.0000e+00
      7.000    23.9070   4.600193    30.5496       2765     1.9195     2.5565     2.3807 0.0000e+00
      6.000    23.8941   4.597319    30.5374       2806     1.9477     2.5501     2.3797 0.0000e+00
      5.000    23.8843   4.595405    30.5301       2846     1.9756     2.5547     2.3855 0.0000e+00
      4.000    23.8850   4.595637    30.5316       2882     2.0006     2.5489     2.3819 0.0000e+00
      3.000    23.8825   4.594892    30.5281       3030     2.1035     2.5543     2.3848 0.0000e+00
      2.000    23.8832   4.594739    30.5268       3210     2.2283     2.5526     2.3816 0.0000e+00
      1.000    23.8767   4.594091    30.5267       3281     2.2778     2.5556     2.3864 0.0000e+00
