HB2407/CTD079.cnv
* Sea-Bird SBE 9 Data File:
* FileName = C:\cruise\data\CTD079.hex
* Software Version Seasave V 7.26.7.121
* Temperature SN = 4591
* Conductivity SN = 6006
* Number of Bytes Per Scan = 37
* Number of Voltage Words = 4
* Number of Scans Averaged by the Deck Unit = 1
* NMEA Latitude = 40 20.29 N
* NMEA Longitude = 073 41.76 W
* NMEA UTC (Time) = Sep 23 2024 12:49:37
* NMEA baud rate = 4800
** Ship: Bigelow HB2407
** Program:  Fall Bottom Trawl Survey
** Chief Scientist: John Galbraith
# nquan = 9
# nvalues = 42                          
# units = specified
# name 0 = depSM: Depth [salt water, m]
# name 1 = t090C: Temperature [ITS-90, deg C]
# name 2 = c0S/m: Conductivity [S/m]
# name 3 = sal00: Salinity, Practical [PSU]
# name 4 = scan: Scan Count
# name 5 = timeM: Time, Elapsed [minutes]
# name 6 = sbeox0V: Oxygen raw, SBE 43 [V]
# name 7 = sbeox1V: Oxygen raw, SBE 43, 2 [V]
# name 8 = flag: flag
# span 0 =      1.000,     22.000       
# span 1 =    20.5116,    20.5239       
# span 2 =   4.400803,   4.409288       
# span 3 =    31.4273,    31.4952       
# span 4 =          3,       2319       
# span 5 =     0.0010,     1.6099       
# span 6 =     2.4438,     2.4661       
# span 7 =     2.2642,     2.2835       
# span 8 = 0.0000e+00, 0.0000e+00       
# interval = meters: 1                  
# start_time = Sep 23 2024 12:49:37 [NMEA time, header]
# bad_flag = -9.990e-29
*END*
      2.000    20.5191   4.407978    31.4865          3     0.0010     2.4584     2.2746 0.0000e+00
      3.000    20.5218   4.408272    31.4865         20     0.0132     2.4598     2.2724 0.0000e+00
      4.000    20.5225   4.407757    31.4815        205     0.1417     2.4579     2.2835 0.0000e+00
      5.000    20.5231   4.408480    31.4865        325     0.2252     2.4509     2.2716 0.0000e+00
      6.000    20.5234   4.408604    31.4870        384     0.2659     2.4537     2.2723 0.0000e+00
      7.000    20.5229   4.408625    31.4872        418     0.2894     2.4477     2.2766 0.0000e+00
      8.000    20.5235   4.408710    31.4871        435     0.3011     2.4505     2.2726 0.0000e+00
      9.000    20.5239   4.408793    31.4872        451     0.3128     2.4503     2.2695 0.0000e+00
     10.000    20.5236   4.408799    31.4871        470     0.3258     2.4548     2.2690 0.0000e+00
     11.000    20.5235   4.408830    31.4870        497     0.3447     2.4541     2.2712 0.0000e+00
     12.000    20.5235   4.408935    31.4876        537     0.3719     2.4536     2.2711 0.0000e+00
     13.000    20.5223   4.408986    31.4886        567     0.3929     2.4510     2.2708 0.0000e+00
     14.000    20.5237   4.409047    31.4877        588     0.4078     2.4500     2.2732 0.0000e+00
     15.000    20.5230   4.409109    31.4884        609     0.4225     2.4544     2.2732 0.0000e+00
     16.000    20.5223   4.409023    31.4879        634     0.4397     2.4506     2.2728 0.0000e+00
     17.000    20.5213   4.409214    31.4899        662     0.4591     2.4514     2.2716 0.0000e+00
     18.000    20.5218   4.409277    31.4897        689     0.4778     2.4465     2.2720 0.0000e+00
     19.000    20.5199   4.409242    31.4905        714     0.4949     2.4518     2.2721 0.0000e+00
     20.000    20.5162   4.409141    31.4921        739     0.5124     2.4496     2.2713 0.0000e+00
     21.000    20.5160   4.409168    31.4921        772     0.5356     2.4438     2.2696 0.0000e+00
     22.000    20.5116   4.409192    31.4952       1250     0.8672     2.4480     2.2683 0.0000e+00
     21.000    20.5171   4.409288    31.4922       1453     1.0085     2.4477     2.2642 0.0000e+00
     20.000    20.5153   4.409194    31.4932       1581     1.0972     2.4476     2.2715 0.0000e+00
     19.000    20.5147   4.409173    31.4938       1606     1.1149     2.4540     2.2700 0.0000e+00
     18.000    20.5155   4.409123    31.4931       1625     1.1279     2.4541     2.2727 0.0000e+00
     17.000    20.5164   4.409092    31.4925       1643     1.1404     2.4518     2.2735 0.0000e+00
     16.000    20.5168   4.409069    31.4923       1661     1.1530     2.4494     2.2724 0.0000e+00
     15.000    20.5168   4.409015    31.4923       1681     1.1666     2.4481     2.2730 0.0000e+00
     14.000    20.5181   4.408978    31.4913       1704     1.1824     2.4527     2.2737 0.0000e+00
     13.000    20.5201   4.408966    31.4901       1734     1.2032     2.4497     2.2721 0.0000e+00
     12.000    20.5196   4.408909    31.4903       1765     1.2248     2.4491     2.2701 0.0000e+00
     11.000    20.5199   4.408880    31.4901       1789     1.2417     2.4482     2.2712 0.0000e+00
     10.000    20.5199   4.408815    31.4900       1813     1.2587     2.4521     2.2721 0.0000e+00
      9.000    20.5207   4.408800    31.4896       1848     1.2825     2.4472     2.2683 0.0000e+00
      8.000    20.5216   4.408778    31.4890       1881     1.3057     2.4470     2.2692 0.0000e+00
      7.000    20.5227   4.408754    31.4883       1905     1.3219     2.4539     2.2741 0.0000e+00
      6.000    20.5228   4.408739    31.4885       1924     1.3353     2.4544     2.2737 0.0000e+00
      5.000    20.5226   4.408688    31.4885       1942     1.3482     2.4565     2.2722 0.0000e+00
      4.000    20.5226   4.408648    31.4886       1963     1.3627     2.4498     2.2685 0.0000e+00
      3.000    20.5227   4.408597    31.4884       1988     1.3800     2.4440     2.2708 0.0000e+00
      2.000    20.5222   4.406442    31.4719       2215     1.5376     2.4603     2.2728 0.0000e+00
      1.000    20.5222   4.400803    31.4273       2319     1.6099     2.4661     2.2720 0.0000e+00
