HB2407/CTD067.cnv
* Sea-Bird SBE 9 Data File:
* FileName = C:\cruise\data\CTD067.hex
* Software Version Seasave V 7.26.7.121
* Temperature SN = 4591
* Conductivity SN = 6006
* Number of Bytes Per Scan = 37
* Number of Voltage Words = 4
* Number of Scans Averaged by the Deck Unit = 1
* NMEA Latitude = 36 05.64 N
* NMEA Longitude = 074 51.19 W
* NMEA UTC (Time) = Sep 21 2024 06:32:27
* NMEA baud rate = 4800
** Ship: Bigelow HB2407
** Program:  Fall Bottom Trawl Survey
** Chief Scientist: John Galbraith
# nquan = 9
# nvalues = 178                         
# units = specified
# name 0 = depSM: Depth [salt water, m]
# name 1 = t090C: Temperature [ITS-90, deg C]
# name 2 = c0S/m: Conductivity [S/m]
# name 3 = sal00: Salinity, Practical [PSU]
# name 4 = scan: Scan Count
# name 5 = timeM: Time, Elapsed [minutes]
# name 6 = sbeox0V: Oxygen raw, SBE 43 [V]
# name 7 = sbeox1V: Oxygen raw, SBE 43, 2 [V]
# name 8 = flag: flag
# span 0 =      1.000,     90.000       
# span 1 =     8.1641,    22.3626       
# span 2 =   3.366131,   4.777721       
# span 3 =    31.6098,    33.0107       
# span 4 =        123,       6020       
# span 5 =     0.0849,     4.1801       
# span 6 =     2.1392,     2.6144       
# span 7 =     1.9753,     2.3841       
# span 8 = 0.0000e+00, 0.0000e+00       
# interval = meters: 1                  
# start_time = Sep 21 2024 06:32:27 [NMEA time, header]
# bad_flag = -9.990e-29
*END*
      2.000    22.3615   4.777721    33.0107        123     0.0849     2.5603     2.3722 0.0000e+00
      3.000    22.3613   4.777558    33.0093        262     0.1810     2.5619     2.3812 0.0000e+00
      4.000    22.3585   4.777277    33.0089        288     0.1993     2.5622     2.3807 0.0000e+00
      5.000    22.3575   4.777071    33.0077        310     0.2147     2.5620     2.3797 0.0000e+00
      6.000    22.3587   4.777246    33.0078        331     0.2290     2.5609     2.3820 0.0000e+00
      7.000    22.3600   4.777397    33.0077        355     0.2456     2.5635     2.3814 0.0000e+00
      8.000    22.3623   4.777636    33.0075        395     0.2738     2.5662     2.3805 0.0000e+00
      9.000    22.3626   4.777719    33.0076        430     0.2981     2.5675     2.3796 0.0000e+00
     10.000    22.3606   4.777499    33.0070        453     0.3137     2.5579     2.3791 0.0000e+00
     11.000    22.3556   4.776970    33.0064        475     0.3292     2.5586     2.3745 0.0000e+00
     12.000    22.3614   4.777645    33.0069        498     0.3452     2.5585     2.3726 0.0000e+00
     13.000    22.3571   4.777218    33.0066        523     0.3628     2.5562     2.3753 0.0000e+00
     14.000    22.3527   4.776774    33.0062        549     0.3807     2.5549     2.3814 0.0000e+00
     15.000    22.3527   4.776736    33.0055        575     0.3988     2.5562     2.3730 0.0000e+00
     16.000    22.3517   4.776600    33.0049        601     0.4169     2.5597     2.3719 0.0000e+00
     17.000    22.3454   4.775814    33.0032        628     0.4354     2.5587     2.3751 0.0000e+00
     18.000    22.3402   4.775149    33.0017        659     0.4570     2.5603     2.3773 0.0000e+00
     19.000    22.2800   4.767617    32.9887        695     0.4819     2.5616     2.3735 0.0000e+00
     20.000    22.0807   4.743441    32.9518        721     0.5001     2.5570     2.3742 0.0000e+00
     21.000    21.5012   4.676732    32.8705        740     0.5134     2.5540     2.3712 0.0000e+00
     22.000    20.6112   4.573331    32.7319        758     0.5257     2.5445     2.3639 0.0000e+00
     23.000    19.7205   4.472933    32.6094        779     0.5402     2.5221     2.3516 0.0000e+00
     24.000    18.7703   4.365171    32.4647        827     0.5736     2.4992     2.3407 0.0000e+00
     25.000    17.7469   4.255353    32.3496        871     0.6041     2.4965     2.3386 0.0000e+00
     26.000    16.6050   4.138557    32.2589        888     0.6159     2.4869     2.3361 0.0000e+00
     27.000    14.3736   3.921315    32.1473        902     0.6258     2.4673     2.3228 0.0000e+00
     28.000    12.6792   3.752429    31.9971        916     0.6357     2.4324     2.3000 0.0000e+00
     29.000    12.0539   3.679643    31.8342        934     0.6482     2.3702     2.2581 0.0000e+00
     30.000    11.6815   3.642773    31.7960        963     0.6680     2.3254     2.2214 0.0000e+00
     31.000    11.5829   3.631812    31.7736       1008     0.6992     2.3280     2.2055 0.0000e+00
     32.000    11.4739   3.619985    31.7515       1051     0.7293     2.3448     2.1950 0.0000e+00
     33.000    11.4066   3.612289    31.7338       1087     0.7538     2.3536     2.1869 0.0000e+00
     34.000    11.3906   3.610940    31.7340       1111     0.7710     2.3389     2.1751 0.0000e+00
     35.000    11.3737   3.609061    31.7297       1129     0.7835     2.3260     2.1635 0.0000e+00
     36.000    11.2332   3.595682    31.7191       1144     0.7936     2.3196     2.1560 0.0000e+00
     37.000    11.1395   3.587520    31.7193       1158     0.8033     2.3157     2.1500 0.0000e+00
     38.000    11.1176   3.585776    31.7206       1172     0.8132     2.3089     2.1443 0.0000e+00
     39.000    11.0824   3.582666    31.7199       1190     0.8255     2.2964     2.1364 0.0000e+00
     40.000    11.0466   3.578618    31.7105       1238     0.8587     2.2675     2.1034 0.0000e+00
     41.000    10.9636   3.570217    31.6990       1302     0.9031     2.2429     2.0759 0.0000e+00
     42.000    10.9620   3.569997    31.6978       1324     0.9187     2.2379     2.0709 0.0000e+00
     43.000    11.0633   3.583054    31.7385       1344     0.9324     2.2327     2.0648 0.0000e+00
     44.000    11.1499   3.594073    31.7717       1363     0.9458     2.2279     2.0592 0.0000e+00
     45.000    11.2133   3.601689    31.7914       1382     0.9593     2.2285     2.0567 0.0000e+00
     46.000    11.2733   3.609665    31.8174       1402     0.9731     2.2412     2.0634 0.0000e+00
     47.000    11.2385   3.606773    31.8187       1423     0.9878     2.2618     2.0791 0.0000e+00
     48.000    11.2093   3.604499    31.8211       1449     1.0056     2.2793     2.0952 0.0000e+00
     49.000    11.1927   3.602930    31.8197       1480     1.0271     2.2913     2.1084 0.0000e+00
     50.000    11.0885   3.594022    31.8218       1510     1.0478     2.2955     2.1166 0.0000e+00
     51.000    10.9196   3.578489    31.8145       1540     1.0689     2.2918     2.1203 0.0000e+00
     52.000    10.7608   3.563387    31.8025       1581     1.0970     2.2800     2.1136 0.0000e+00
     53.000    10.5717   3.546783    31.8016       1621     1.1253     2.2681     2.1027 0.0000e+00
     54.000    10.2398   3.519954    31.8230       1642     1.1398     2.2605     2.0954 0.0000e+00
     55.000    10.0590   3.505654    31.8375       1657     1.1501     2.2540     2.0883 0.0000e+00
     56.000    10.0199   3.502113    31.8357       1671     1.1594     2.2448     2.0792 0.0000e+00
     57.000     9.9923   3.499576    31.8340       1684     1.1691     2.2309     2.0683 0.0000e+00
     58.000     9.9667   3.497381    31.8339       1701     1.1808     2.2122     2.0549 0.0000e+00
     59.000     9.9621   3.496341    31.8270       1744     1.2107     2.1854     2.0280 0.0000e+00
     60.000     9.9610   3.495671    31.8208       1809     1.2552     2.1656     2.0055 0.0000e+00
     61.000     9.9569   3.495332    31.8205       1833     1.2721     2.1647     2.0045 0.0000e+00
     62.000     9.9507   3.495036    31.8225       1850     1.2842     2.1641     2.0045 0.0000e+00
     63.000     9.8862   3.495363    31.8823       1865     1.2947     2.1634     2.0029 0.0000e+00
     64.000     9.8258   3.494620    31.9278       1880     1.3051     2.1641     2.0001 0.0000e+00
     65.000     9.7664   3.490895    31.9421       1898     1.3173     2.1638     1.9979 0.0000e+00
     66.000     9.6779   3.485232    31.9627       1927     1.3374     2.1845     2.0100 0.0000e+00
     67.000     9.5813   3.478753    31.9821       1975     1.3711     2.2308     2.0505 0.0000e+00
     68.000     9.3887   3.464702    32.0098       2012     1.3967     2.2574     2.0782 0.0000e+00
     69.000     9.3257   3.461085    32.0285       2037     1.4136     2.2634     2.0875 0.0000e+00
     70.000     9.3167   3.460952    32.0348       2056     1.4271     2.2622     2.0897 0.0000e+00
     71.000     9.2366   3.457820    32.0740       2075     1.4399     2.2592     2.0901 0.0000e+00
     72.000     9.0623   3.445360    32.1016       2095     1.4540     2.2528     2.0849 0.0000e+00
     73.000     8.8277   3.424310    32.0947       2120     1.4712     2.2440     2.0748 0.0000e+00
     74.000     8.5984   3.405096    32.1015       2148     1.4912     2.2303     2.0643 0.0000e+00
     75.000     8.4307   3.390344    32.0989       2181     1.5140     2.2112     2.0536 0.0000e+00
     76.000     8.2476   3.373982    32.0932       2216     1.5382     2.1899     2.0370 0.0000e+00
     77.000     8.1641   3.366131    32.0860       2249     1.5609     2.1704     2.0159 0.0000e+00
     78.000     8.3488   3.385671    32.1231       2275     1.5789     2.1528     1.9997 0.0000e+00
     79.000     8.4400   3.396750    32.1560       2295     1.5930     2.1432     1.9893 0.0000e+00
     80.000     8.4423   3.397132    32.1574       2313     1.6057     2.1400     1.9829 0.0000e+00
     81.000     8.3619   3.390944    32.1653       2332     1.6187     2.1392     1.9777 0.0000e+00
     82.000     8.5244   3.408427    32.1999       2356     1.6354     2.1408     1.9753 0.0000e+00
     83.000     9.0261   3.466882    32.3523       2394     1.6617     2.1478     1.9799 0.0000e+00
     84.000     9.4767   3.516984    32.4596       2431     1.6878     2.1614     1.9882 0.0000e+00
     85.000     9.5580   3.527954    32.4980       2455     1.7043     2.1750     1.9976 0.0000e+00
     86.000     9.6008   3.533288    32.5134       2475     1.7181     2.1837     2.0060 0.0000e+00
     87.000     9.6177   3.535548    32.5208       2500     1.7352     2.1925     2.0165 0.0000e+00
     88.000     9.6232   3.536548    32.5256       2537     1.7610     2.2019     2.0265 0.0000e+00
     89.000     9.6789   3.542971    32.5404       2583     1.7930     2.2103     2.0309 0.0000e+00
     90.000     9.7177   3.548437    32.5606       2840     1.9716     2.2147     2.0471 0.0000e+00
     89.000     9.7094   3.547046    32.5543       2860     1.9856     2.2154     2.0443 0.0000e+00
     88.000     9.6810   3.543938    32.5488       3117     2.1637     2.2098     2.0428 0.0000e+00
     87.000     9.6563   3.541021    32.5418       3470     2.4091     2.2100     2.0441 0.0000e+00
     86.000     9.6363   3.538879    32.5385       3497     2.4274     2.2092     2.0425 0.0000e+00
     85.000     9.6222   3.537193    32.5344       3516     2.4412     2.2078     2.0421 0.0000e+00
     84.000     9.6195   3.536749    32.5327       3544     2.4604     2.2086     2.0414 0.0000e+00
     83.000     9.5756   3.531842    32.5228       3584     2.4880     2.2086     2.0399 0.0000e+00
     82.000     9.4318   3.518662    32.5185       3612     2.5075     2.2090     2.0409 0.0000e+00
     81.000     8.9775   3.466809    32.3967       3631     2.5208     2.2056     2.0403 0.0000e+00
     80.000     8.8352   3.449699    32.3489       3649     2.5331     2.1920     2.0352 0.0000e+00
     79.000     8.5693   3.418046    32.2613       3667     2.5462     2.1789     2.0280 0.0000e+00
     78.000     8.5151   3.407908    32.2051       3698     2.5671     2.1632     2.0116 0.0000e+00
     77.000     8.4269   3.395582    32.1565       3762     2.6115     2.1540     1.9896 0.0000e+00
     76.000     8.3272   3.385906    32.1462       3782     2.6257     2.1489     1.9880 0.0000e+00
     75.000     8.2682   3.375732    32.0933       3797     2.6358     2.1475     1.9865 0.0000e+00
     74.000     8.2956   3.376305    32.0748       3809     2.6447     2.1455     1.9841 0.0000e+00
     73.000     8.3559   3.380428    32.0638       3822     2.6534     2.1432     1.9813 0.0000e+00
     72.000     8.4159   3.385729    32.0653       3836     2.6629     2.1413     1.9779 0.0000e+00
     71.000     8.5095   3.393152    32.0586       3854     2.6756     2.1413     1.9756 0.0000e+00
     70.000     8.9806   3.431714    32.0348       3920     2.7212     2.1760     1.9921 0.0000e+00
     69.000     9.2106   3.449668    32.0142       3968     2.7552     2.2082     2.0236 0.0000e+00
     68.000     9.2539   3.451766    31.9974       3986     2.7672     2.2161     2.0330 0.0000e+00
     67.000     9.3000   3.454677    31.9865       4002     2.7783     2.2235     2.0414 0.0000e+00
     66.000     9.3682   3.458976    31.9702       4018     2.7893     2.2293     2.0473 0.0000e+00
     65.000     9.4225   3.463242    31.9659       4035     2.8015     2.2362     2.0534 0.0000e+00
     64.000     9.5180   3.469490    31.9452       4057     2.8169     2.2473     2.0591 0.0000e+00
     63.000     9.5991   3.475093    31.9307       4087     2.8377     2.2606     2.0688 0.0000e+00
     62.000     9.6481   3.479013    31.9276       4121     2.8613     2.2671     2.0790 0.0000e+00
     61.000     9.6999   3.481010    31.9024       4155     2.8845     2.2687     2.0858 0.0000e+00
     60.000     9.8467   3.486686    31.8306       4186     2.9063     2.2645     2.0879 0.0000e+00
     59.000     9.8815   3.488218    31.8159       4210     2.9227     2.2610     2.0868 0.0000e+00
     58.000     9.8828   3.488311    31.8161       4229     2.9363     2.2459     2.0820 0.0000e+00
     57.000     9.9137   3.489608    31.8024       4248     2.9495     2.2277     2.0713 0.0000e+00
     56.000     9.9435   3.491153    31.7922       4270     2.9648     2.2090     2.0566 0.0000e+00
     55.000     9.9465   3.491723    31.7958       4300     2.9855     2.1924     2.0394 0.0000e+00
     54.000     9.9759   3.493710    31.7904       4337     3.0109     2.1833     2.0220 0.0000e+00
     53.000    10.1516   3.506390    31.7644       4372     3.0352     2.1790     2.0149 0.0000e+00
     52.000    10.5342   3.535602    31.7233       4400     3.0548     2.1844     2.0133 0.0000e+00
     51.000    10.5882   3.543168    31.7521       4421     3.0694     2.1961     2.0164 0.0000e+00
     50.000    10.7641   3.557625    31.7433       4439     3.0817     2.2081     2.0232 0.0000e+00
     49.000    10.8222   3.562880    31.7455       4455     3.0932     2.2219     2.0319 0.0000e+00
     48.000    10.9925   3.577844    31.7463       4472     3.1051     2.2364     2.0424 0.0000e+00
     47.000    11.0395   3.583515    31.7620       4491     3.1179     2.2523     2.0554 0.0000e+00
     46.000    11.1090   3.589876    31.7650       4514     3.1341     2.2677     2.0720 0.0000e+00
     45.000    11.2631   3.603066    31.7620       4588     3.1856     2.2962     2.1087 0.0000e+00
     44.000    11.1771   3.594107    31.7486       4629     3.2138     2.3018     2.1197 0.0000e+00
     43.000    11.1595   3.591948    31.7430       4645     3.2247     2.3002     2.1197 0.0000e+00
     42.000    11.1193   3.587916    31.7385       4659     3.2347     2.2989     2.1200 0.0000e+00
     41.000    11.0509   3.578281    31.7031       4672     3.2439     2.2962     2.1198 0.0000e+00
     40.000    10.9949   3.570242    31.6726       4685     3.2530     2.2924     2.1190 0.0000e+00
     39.000    10.9926   3.569175    31.6645       4699     3.2622     2.2868     2.1162 0.0000e+00
     38.000    11.0097   3.569643    31.6548       4713     3.2724     2.2768     2.1115 0.0000e+00
     37.000    11.0419   3.572167    31.6524       4733     3.2860     2.2623     2.1000 0.0000e+00
     36.000    11.1580   3.580355    31.6334       4813     3.3418     2.2420     2.0664 0.0000e+00
     35.000    11.2094   3.583270    31.6182       4863     3.3764     2.2420     2.0718 0.0000e+00
     34.000    11.2947   3.591642    31.6275       4878     3.3870     2.2443     2.0736 0.0000e+00
     33.000    11.3379   3.595776    31.6313       4892     3.3968     2.2473     2.0746 0.0000e+00
     32.000    11.3700   3.597961    31.6257       4906     3.4061     2.2499     2.0754 0.0000e+00
     31.000    11.3801   3.598794    31.6256       4920     3.4158     2.2571     2.0785 0.0000e+00
     30.000    11.4207   3.601880    31.6214       4936     3.4271     2.2683     2.0835 0.0000e+00
     29.000    11.4512   3.603619    31.6127       4957     3.4414     2.2812     2.0917 0.0000e+00
     28.000    11.6552   3.621183    31.6098       4985     3.4609     2.3004     2.1032 0.0000e+00
     27.000    13.9046   3.836974    31.7553       5039     3.4989     2.3823     2.1451 0.0000e+00
     26.000    15.3740   3.982270    31.8791       5091     3.5349     2.4871     2.2398 0.0000e+00
     25.000    15.8211   4.032039    31.9586       5108     3.5463     2.4866     2.2550 0.0000e+00
     24.000    16.3601   4.078053    31.9295       5122     3.5565     2.4973     2.2680 0.0000e+00
     23.000    17.9134   4.232447    32.0247       5137     3.5666     2.5074     2.2795 0.0000e+00
     22.000    18.1875   4.276510    32.1824       5154     3.5785     2.5375     2.2985 0.0000e+00
     21.000    19.6943   4.436856    32.3350       5178     3.5952     2.5849     2.3322 0.0000e+00
     20.000    21.0813   4.602646    32.6059       5209     3.6168     2.6144     2.3631 0.0000e+00
     19.000    21.6174   4.672463    32.7491       5239     3.6378     2.6078     2.3841 0.0000e+00
