HB2407/CTD082.cnv
* Sea-Bird SBE 9 Data File:
* FileName = C:\cruise\data\CTD082.hex
* Software Version Seasave V 7.26.7.121
* Temperature SN = 4591
* Conductivity SN = 6006
* Number of Bytes Per Scan = 37
* Number of Voltage Words = 4
* Number of Scans Averaged by the Deck Unit = 1
* NMEA Latitude = 40 33.40 N
* NMEA Longitude = 073 14.72 W
* NMEA UTC (Time) = Sep 23 2024 18:32:47
* NMEA baud rate = 4800
** Ship: Bigelow HB2407
** Program:  Fall Bottom Trawl Survey
** Chief Scientist: John Galbraith
# nquan = 9
# nvalues = 37                          
# units = specified
# name 0 = depSM: Depth [salt water, m]
# name 1 = t090C: Temperature [ITS-90, deg C]
# name 2 = c0S/m: Conductivity [S/m]
# name 3 = sal00: Salinity, Practical [PSU]
# name 4 = scan: Scan Count
# name 5 = timeM: Time, Elapsed [minutes]
# name 6 = sbeox0V: Oxygen raw, SBE 43 [V]
# name 7 = sbeox1V: Oxygen raw, SBE 43, 2 [V]
# name 8 = flag: flag
# span 0 =      1.000,     20.000       
# span 1 =    20.5159,    20.5798       
# span 2 =   4.362453,   4.367213       
# span 3 =    31.1130,    31.1205       
# span 4 =        157,       3766       
# span 5 =     0.1081,     2.6149       
# span 6 =     2.6022,     2.6471       
# span 7 =     2.4097,     2.4456       
# span 8 = 0.0000e+00, 0.0000e+00       
# interval = meters: 1                  
# start_time = Sep 23 2024 18:32:47 [NMEA time, header]
# bad_flag = -9.990e-29
*END*
      3.000    20.5733   4.366559    31.1162        157     0.1081     2.6424     2.4424 0.0000e+00
      4.000    20.5727   4.366535    31.1161        313     0.2166     2.6450     2.4418 0.0000e+00
      5.000    20.5710   4.366391    31.1159        358     0.2477     2.6471     2.4375 0.0000e+00
      6.000    20.5733   4.366626    31.1157        458     0.3174     2.6415     2.4426 0.0000e+00
      7.000    20.5742   4.366733    31.1156        483     0.3348     2.6379     2.4408 0.0000e+00
      8.000    20.5748   4.366818    31.1156        517     0.3581     2.6357     2.4441 0.0000e+00
      9.000    20.5728   4.366685    31.1156        569     0.3942     2.6402     2.4404 0.0000e+00
     10.000    20.5727   4.366724    31.1157        608     0.4218     2.6341     2.4391 0.0000e+00
     11.000    20.5702   4.366559    31.1159        646     0.4476     2.6384     2.4388 0.0000e+00
     12.000    20.5675   4.366376    31.1161        689     0.4779     2.6352     2.4413 0.0000e+00
     13.000    20.5654   4.366229    31.1161        730     0.5061     2.6262     2.4337 0.0000e+00
     14.000    20.5693   4.366569    31.1157        764     0.5297     2.6302     2.4328 0.0000e+00
     15.000    20.5641   4.366187    31.1161        792     0.5491     2.6322     2.4362 0.0000e+00
     16.000    20.5639   4.366223    31.1162        826     0.5732     2.6307     2.4360 0.0000e+00
     17.000    20.5481   4.365002    31.1177        879     0.6100     2.6265     2.4334 0.0000e+00
     18.000    20.5306   4.363663    31.1196        914     0.6341     2.6209     2.4286 0.0000e+00
     19.000    20.5201   4.362834    31.1203        945     0.6554     2.6225     2.4207 0.0000e+00
     20.000    20.5159   4.362511    31.1205       1252     0.8689     2.6022     2.4100 0.0000e+00
     19.000    20.5164   4.362453    31.1200       2715     1.8849     2.6105     2.4097 0.0000e+00
     18.000    20.5187   4.362552    31.1194       2514     1.7455     2.6085     2.4115 0.0000e+00
     17.000    20.5257   4.362974    31.1180       2551     1.7708     2.6114     2.4125 0.0000e+00
     16.000    20.5436   4.364466    31.1171       2581     1.7919     2.6182     2.4210 0.0000e+00
     15.000    20.5566   4.365505    31.1162       2609     1.8113     2.6229     2.4233 0.0000e+00
     14.000    20.5700   4.366542    31.1149       2648     1.8380     2.6252     2.4278 0.0000e+00
     13.000    20.5755   4.367045    31.1152       2710     1.8813     2.6297     2.4305 0.0000e+00
     12.000    20.5779   4.367153    31.1147       2743     1.9044     2.6356     2.4336 0.0000e+00
     11.000    20.5781   4.367178    31.1150       2774     1.9254     2.6378     2.4394 0.0000e+00
     10.000    20.5787   4.367200    31.1151       2821     1.9580     2.6399     2.4415 0.0000e+00
      9.000    20.5792   4.367185    31.1149       2859     1.9844     2.6432     2.4415 0.0000e+00
      8.000    20.5798   4.367213    31.1150       2883     2.0017     2.6443     2.4420 0.0000e+00
      7.000    20.5790   4.367116    31.1151       2913     2.0221     2.6467     2.4431 0.0000e+00
      6.000    20.5764   4.366874    31.1154       2963     2.0568     2.6446     2.4419 0.0000e+00
      5.000    20.5746   4.366684    31.1156       3015     2.0930     2.6413     2.4391 0.0000e+00
      4.000    20.5725   4.366474    31.1158       3058     2.1228     2.6425     2.4456 0.0000e+00
      3.000    20.5706   4.366275    31.1159       3083     2.1405     2.6466     2.4448 0.0000e+00
      2.000    20.5708   4.365890    31.1130       3546     2.4621     2.6362     2.4378 0.0000e+00
      1.000    20.5697   4.366129    31.1160       3766     2.6149     2.6448     2.4366 0.0000e+00
