HB2407/CTD025.cnv
* Sea-Bird SBE 9 Data File:
* FileName = C:\cruise\data\CTD025.hex
* Software Version Seasave V 7.26.7.121
* Temperature SN = 4591
* Conductivity SN = 6006
* Number of Bytes Per Scan = 37
* Number of Voltage Words = 4
* Number of Scans Averaged by the Deck Unit = 1
* NMEA Latitude = 36 46.55 N
* NMEA Longitude = 074 39.99 W
* NMEA UTC (Time) = Sep 11 2024 00:03:01
* NMEA baud rate = 4800
** Ship: Bigelow HB2407
** Program:  Fall Bottom Trawl Survey
** Chief Scientist: John Galbraith
# nquan = 9
# nvalues = 231                         
# units = specified
# name 0 = depSM: Depth [salt water, m]
# name 1 = t090C: Temperature [ITS-90, deg C]
# name 2 = c0S/m: Conductivity [S/m]
# name 3 = sal00: Salinity, Practical [PSU]
# name 4 = scan: Scan Count
# name 5 = timeM: Time, Elapsed [minutes]
# name 6 = sbeox0V: Oxygen raw, SBE 43 [V]
# name 7 = sbeox1V: Oxygen raw, SBE 43, 2 [V]
# name 8 = flag: flag
# span 0 =      1.000,    117.000       
# span 1 =     9.5273,    23.2027       
# span 2 =   3.571123,   4.821711       
# span 3 =    32.5972,    35.6133       
# span 4 =        201,       8778       
# span 5 =     0.1389,     6.0948       
# span 6 =     1.9503,     2.9865       
# span 7 =     1.8068,     2.7671       
# span 8 = 0.0000e+00, 0.0000e+00       
# interval = meters: 1                  
# start_time = Sep 11 2024 00:03:01 [NMEA time, header]
# bad_flag = -9.990e-29
*END*
      3.000    23.2023   4.821502    32.7158        201     0.1389     2.6172     2.4238 0.0000e+00
      4.000    23.2027   4.821711    32.7168        339     0.2350     2.6210     2.4230 0.0000e+00
      5.000    23.1666   4.817814    32.7136        361     0.2503     2.6198     2.4256 0.0000e+00
      6.000    23.0431   4.803714    32.6977        387     0.2684     2.6165     2.4269 0.0000e+00
      7.000    23.0145   4.801964    32.7052        415     0.2875     2.6089     2.4252 0.0000e+00
      8.000    23.0170   4.806012    32.7339        442     0.3062     2.6097     2.4228 0.0000e+00
      9.000    23.0282   4.811450    32.7668        467     0.3233     2.6163     2.4223 0.0000e+00
     10.000    23.0612   4.820206    32.8087        490     0.3397     2.6156     2.4219 0.0000e+00
     11.000    23.0459   4.820149    32.8194        514     0.3565     2.6099     2.4206 0.0000e+00
     12.000    23.0362   4.821329    32.8352        541     0.3750     2.6127     2.4247 0.0000e+00
     13.000    23.0156   4.819768    32.8384        569     0.3943     2.6199     2.4241 0.0000e+00
     14.000    22.9180   4.809958    32.8360        596     0.4131     2.6173     2.4252 0.0000e+00
     15.000    22.1449   4.736100    32.8473        622     0.4310     2.6154     2.4230 0.0000e+00
     16.000    21.4066   4.674511    32.9273        648     0.4495     2.6119     2.4185 0.0000e+00
     17.000    21.1785   4.658727    32.9774        677     0.4694     2.6672     2.4637 0.0000e+00
     18.000    20.7819   4.629792    33.0537        706     0.4894     2.7248     2.5175 0.0000e+00
     19.000    19.2996   4.509889    33.2457        732     0.5079     2.7537     2.5473 0.0000e+00
     20.000    18.8088   4.452593    33.1633        757     0.5249     2.7572     2.5647 0.0000e+00
     21.000    18.3634   4.402766    33.1040        780     0.5410     2.8180     2.6066 0.0000e+00
     22.000    17.9743   4.365812    33.1061        804     0.5575     2.8665     2.6585 0.0000e+00
     23.000    17.3810   4.325406    33.2454        829     0.5751     2.8915     2.6902 0.0000e+00
     24.000    16.5376   4.277142    33.5257        858     0.5949     2.9042     2.7072 0.0000e+00
     25.000    16.3876   4.280838    33.6836        889     0.6164     2.9211     2.7214 0.0000e+00
     26.000    16.3749   4.311609    33.9650        920     0.6379     2.9723     2.7522 0.0000e+00
     27.000    15.3751   4.203773    33.8618        949     0.6585     2.9845     2.7671 0.0000e+00
     28.000    14.7948   4.140166    33.7870        976     0.6769     2.9314     2.7443 0.0000e+00
     29.000    13.8248   4.033251    33.6482        999     0.6934     2.8781     2.7076 0.0000e+00
     30.000    12.2482   3.872644    33.5232       1021     0.7087     2.8151     2.6607 0.0000e+00
     31.000    11.8753   3.825331    33.3993       1044     0.7240     2.7249     2.5988 0.0000e+00
     32.000    11.2047   3.758720    33.3501       1069     0.7413     2.6232     2.5135 0.0000e+00
     33.000    10.7314   3.704348    33.2395       1099     0.7625     2.5199     2.4122 0.0000e+00
     34.000    10.4953   3.676928    33.1795       1132     0.7857     2.4351     2.3161 0.0000e+00
     35.000    10.3550   3.660534    33.1421       1161     0.8053     2.3854     2.2522 0.0000e+00
     36.000    10.1797   3.641180    33.1063       1185     0.8219     2.3579     2.2125 0.0000e+00
     37.000     9.5814   3.579865    33.0298       1209     0.8386     2.3357     2.1824 0.0000e+00
     38.000     9.5273   3.571123    32.9897       1236     0.8574     2.3015     2.1515 0.0000e+00
     39.000     9.6025   3.579228    33.0032       1267     0.8789     2.2687     2.1197 0.0000e+00
     40.000     9.6473   3.584205    33.0125       1295     0.8989     2.2495     2.0943 0.0000e+00
     41.000     9.7319   3.593927    33.0338       1320     0.9158     2.2395     2.0803 0.0000e+00
     42.000     9.9546   3.620934    33.1044       1342     0.9313     2.2357     2.0700 0.0000e+00
     43.000    10.1177   3.641716    33.1654       1365     0.9473     2.2385     2.0664 0.0000e+00
     44.000    10.2377   3.657842    33.2182       1390     0.9648     2.2402     2.0653 0.0000e+00
     45.000    10.3684   3.675690    33.2781       1420     0.9854     2.2377     2.0638 0.0000e+00
     46.000    10.4640   3.688399    33.3181       1452     1.0078     2.2305     2.0596 0.0000e+00
     47.000    10.5495   3.699423    33.3500       1481     1.0279     2.2264     2.0520 0.0000e+00
     48.000    10.6509   3.711801    33.3809       1507     1.0457     2.2218     2.0463 0.0000e+00
     49.000    10.7224   3.720373    33.4008       1530     1.0620     2.2185     2.0429 0.0000e+00
     50.000    10.8923   3.741534    33.4562       1555     1.0788     2.2161     2.0408 0.0000e+00
     51.000    11.0823   3.768124    33.5467       1580     1.0968     2.2173     2.0387 0.0000e+00
     52.000    11.1051   3.771657    33.5604       1608     1.1160     2.2195     2.0406 0.0000e+00
     53.000    11.1132   3.772901    33.5649       1637     1.1362     2.2159     2.0393 0.0000e+00
     54.000    11.1190   3.773730    33.5674       1666     1.1559     2.2104     2.0362 0.0000e+00
     55.000    11.1207   3.774030    33.5684       1691     1.1736     2.2084     2.0341 0.0000e+00
     56.000    11.1229   3.774357    33.5692       1714     1.1896     2.2080     2.0334 0.0000e+00
     57.000    11.1238   3.774496    33.5693       1738     1.2060     2.2070     2.0328 0.0000e+00
     58.000    11.1295   3.775209    33.5707       1765     1.2252     2.2045     2.0338 0.0000e+00
     59.000    11.1485   3.777363    33.5743       1799     1.2483     2.2053     2.0334 0.0000e+00
     60.000    11.2673   3.792334    33.6135       1830     1.2700     2.2072     2.0301 0.0000e+00
     61.000    11.3461   3.803374    33.6502       1855     1.2874     2.2081     2.0313 0.0000e+00
     62.000    11.3653   3.806488    33.6629       1877     1.3029     2.2074     2.0330 0.0000e+00
     63.000    11.3859   3.809314    33.6716       1899     1.3184     2.2058     2.0336 0.0000e+00
     64.000    11.4208   3.813570    33.6812       1923     1.3346     2.2041     2.0321 0.0000e+00
     65.000    11.4672   3.819951    33.7013       1948     1.3523     2.2036     2.0314 0.0000e+00
     66.000    11.4951   3.823857    33.7137       1977     1.3720     2.2030     2.0297 0.0000e+00
     67.000    11.5844   3.835890    33.7500       2010     1.3952     2.2028     2.0286 0.0000e+00
     68.000    11.6790   3.849098    33.7929       2045     1.4197     2.2069     2.0294 0.0000e+00
     69.000    11.7669   3.861273    33.8314       2073     1.4391     2.2099     2.0303 0.0000e+00
     70.000    11.8738   3.876181    33.8791       2095     1.4543     2.2089     2.0303 0.0000e+00
     71.000    12.0250   3.895878    33.9327       2115     1.4680     2.2094     2.0304 0.0000e+00
     72.000    12.2003   3.919125    33.9982       2135     1.4820     2.2119     2.0317 0.0000e+00
     73.000    12.3516   3.939441    34.0566       2158     1.4980     2.2124     2.0328 0.0000e+00
     74.000    12.6245   3.975060    34.1508       2188     1.5189     2.2130     2.0342 0.0000e+00
     75.000    12.7567   3.993854    34.2106       2225     1.5443     2.2147     2.0349 0.0000e+00
     76.000    12.8475   4.006734    34.2508       2255     1.5656     2.2088     2.0335 0.0000e+00
     77.000    12.9003   4.013759    34.2695       2280     1.5826     2.2056     2.0309 0.0000e+00
     78.000    12.9549   4.021537    34.2937       2303     1.5988     2.2046     2.0281 0.0000e+00
     79.000    13.0553   4.035189    34.3321       2328     1.6157     2.2006     2.0258 0.0000e+00
     80.000    13.1005   4.041636    34.3520       2355     1.6344     2.1977     2.0249 0.0000e+00
     81.000    13.1306   4.046006    34.3658       2384     1.6547     2.1955     2.0242 0.0000e+00
     82.000    13.1929   4.053548    34.3804       2413     1.6747     2.1950     2.0245 0.0000e+00
     83.000    13.6174   4.106724    34.4975       2438     1.6922     2.1940     2.0244 0.0000e+00
     84.000    13.8994   4.146676    34.6167       2461     1.7080     2.2029     2.0264 0.0000e+00
     85.000    14.1771   4.183766    34.7111       2484     1.7244     2.2102     2.0286 0.0000e+00
     86.000    14.3308   4.206928    34.7869       2511     1.7430     2.2106     2.0311 0.0000e+00
     87.000    14.4288   4.221208    34.8302       2542     1.7646     2.2047     2.0304 0.0000e+00
     88.000    14.5255   4.235161    34.8714       2574     1.7865     2.1986     2.0255 0.0000e+00
     89.000    14.6060   4.246545    34.9034       2602     1.8063     2.1931     2.0221 0.0000e+00
     90.000    14.7427   4.265367    34.9529       2628     1.8242     2.1926     2.0219 0.0000e+00
     91.000    14.8942   4.286266    35.0076       2652     1.8409     2.1907     2.0200 0.0000e+00
     92.000    15.0221   4.304490    35.0586       2675     1.8572     2.1906     2.0174 0.0000e+00
     93.000    15.1420   4.320983    35.1008       2699     1.8737     2.1875     2.0131 0.0000e+00
     94.000    15.3091   4.345001    35.1684       2724     1.8913     2.1797     2.0074 0.0000e+00
     95.000    15.3926   4.357559    35.2069       2753     1.9114     2.1735     2.0037 0.0000e+00
     96.000    15.4378   4.364719    35.2307       2786     1.9342     2.1685     1.9986 0.0000e+00
     97.000    15.5097   4.374726    35.2562       2816     1.9552     2.1635     1.9900 0.0000e+00
     98.000    15.8133   4.415728    35.3528       2842     1.9728     2.1583     1.9890 0.0000e+00
     99.000    15.9169   4.433272    35.4169       2864     1.9882     2.1625     1.9890 0.0000e+00
    100.000    15.9641   4.441924    35.4517       2886     2.0033     2.1611     1.9878 0.0000e+00
    101.000    15.9879   4.446921    35.4747       2909     2.0198     2.1525     1.9804 0.0000e+00
    102.000    16.0315   4.456795    35.5234       2938     2.0397     2.1392     1.9735 0.0000e+00
    103.000    15.9151   4.445720    35.5284       2972     2.0634     2.1238     1.9639 0.0000e+00
    104.000    15.8114   4.432973    35.5069       3003     2.0845     2.1081     1.9500 0.0000e+00
    105.000    15.5729   4.407548    35.4923       3027     2.1011     2.0988     1.9404 0.0000e+00
    106.000    15.3881   4.384248    35.4480       3048     2.1159     2.0890     1.9346 0.0000e+00
    107.000    15.2735   4.372980    35.4490       3070     2.1312     2.0772     1.9272 0.0000e+00
    108.000    15.2317   4.369017    35.4505       3096     2.1492     2.0662     1.9191 0.0000e+00
    109.000    15.2477   4.371901    35.4618       3128     2.1715     2.0574     1.9079 0.0000e+00
    110.000    15.2498   4.372267    35.4628       3160     2.1938     2.0474     1.8981 0.0000e+00
    111.000    15.2637   4.374632    35.4713       3187     2.2128     2.0382     1.8884 0.0000e+00
    112.000    15.3310   4.389192    35.5421       3212     2.2301     2.0354     1.8863 0.0000e+00
    113.000    15.2907   4.391019    35.5948       3240     2.2491     2.0319     1.8844 0.0000e+00
    114.000    15.1916   4.383197    35.6133       3272     2.2718     2.0163     1.8681 0.0000e+00
    115.000    15.1575   4.379767    35.6127       3311     2.2985     1.9873     1.8452 0.0000e+00
    116.000    15.1604   4.380141    35.6130       3451     2.3956     1.9650     1.8193 0.0000e+00
    117.000    15.1508   4.378983    35.6108       4068     2.8244     1.9503     1.8068 0.0000e+00
    116.000    15.1438   4.377498    35.6041       5036     3.4964     1.9568     1.8090 0.0000e+00
    115.000    15.1486   4.377702    35.6020       5453     3.7863     1.9551     1.8091 0.0000e+00
    114.000    15.1622   4.378997    35.6019       5487     3.8100     1.9560     1.8092 0.0000e+00
    113.000    15.1871   4.381214    35.5998       5509     3.8247     1.9576     1.8106 0.0000e+00
    112.000    15.2091   4.383494    35.6010       5532     3.8410     1.9607     1.8118 0.0000e+00
    111.000    15.2068   4.383306    35.6017       5560     3.8605     1.9630     1.8152 0.0000e+00
    110.000    15.2207   4.383337    35.5898       5594     3.8840     1.9663     1.8163 0.0000e+00
    109.000    15.2599   4.378959    35.5148       5626     3.9063     1.9715     1.8178 0.0000e+00
    108.000    15.2615   4.377264    35.4984       5652     3.9241     1.9728     1.8258 0.0000e+00
    107.000    15.2551   4.376947    35.5017       5673     3.9392     1.9835     1.8348 0.0000e+00
    106.000    15.2491   4.374645    35.4866       5695     3.9541     1.9975     1.8436 0.0000e+00
    105.000    15.2528   4.372901    35.4679       5719     3.9706     2.0043     1.8517 0.0000e+00
    104.000    15.2754   4.372715    35.4461       5748     3.9911     2.0126     1.8600 0.0000e+00
    103.000    15.3461   4.379600    35.4451       5780     4.0135     2.0223     1.8682 0.0000e+00
    102.000    15.5904   4.403036    35.4371       5807     4.0319     2.0284     1.8758 0.0000e+00
    101.000    15.8076   4.430260    35.4871       5829     4.0474     2.0377     1.8846 0.0000e+00
    100.000    15.7586   4.426382    35.4967       5850     4.0622     2.0504     1.8945 0.0000e+00
     99.000    15.8944   4.439259    35.4907       5872     4.0770     2.0625     1.9035 0.0000e+00
     98.000    15.8411   4.429645    35.4527       5895     4.0930     2.0745     1.9112 0.0000e+00
     97.000    15.8180   4.424910    35.4314       5921     4.1114     2.0890     1.9217 0.0000e+00
     96.000    15.8106   4.423469    35.4255       5955     4.1347     2.1036     1.9391 0.0000e+00
     95.000    15.6872   4.405584    35.3759       5992     4.1606     2.1131     1.9531 0.0000e+00
     94.000    15.5008   4.379305    35.3068       6022     4.1812     2.1107     1.9588 0.0000e+00
     93.000    15.4820   4.374771    35.2831       6045     4.1974     2.1146     1.9616 0.0000e+00
     92.000    15.3698   4.361942    35.2683       6066     4.2120     2.1201     1.9653 0.0000e+00
     91.000    15.2140   4.337764    35.1895       6087     4.2262     2.1218     1.9696 0.0000e+00
     90.000    15.1022   4.323466    35.1604       6107     4.2405     2.1234     1.9719 0.0000e+00
     89.000    14.9797   4.306177    35.1133       6129     4.2552     2.1263     1.9757 0.0000e+00
     88.000    14.8884   4.291073    35.0579       6151     4.2706     2.1342     1.9796 0.0000e+00
     87.000    14.7553   4.271836    35.0020       6178     4.2895     2.1430     1.9868 0.0000e+00
     86.000    14.7678   4.272974    35.0016       6220     4.3188     2.1557     1.9988 0.0000e+00
     85.000    14.7515   4.272217    35.0097       6257     4.3445     2.1596     2.0060 0.0000e+00
     84.000    14.5014   4.240329    34.9423       6281     4.3614     2.1621     2.0070 0.0000e+00
     83.000    14.3527   4.217486    34.8659       6303     4.3761     2.1622     2.0031 0.0000e+00
     82.000    13.9855   4.170773    34.7644       6323     4.3904     2.1563     2.0002 0.0000e+00
     81.000    13.8129   4.144470    34.6756       6344     4.4050     2.1549     1.9992 0.0000e+00
     80.000    13.5010   4.104158    34.5801       6366     4.4205     2.1580     1.9999 0.0000e+00
     79.000    13.3172   4.079082    34.5105       6390     4.4369     2.1609     2.0048 0.0000e+00
     78.000    13.2369   4.064345    34.4445       6416     4.4552     2.1650     2.0079 0.0000e+00
     77.000    13.3819   4.081427    34.4749       6446     4.4756     2.1691     2.0143 0.0000e+00
     76.000    13.3741   4.081808    34.4860       6478     4.4982     2.1746     2.0192 0.0000e+00
     75.000    13.3223   4.070696    34.4285       6509     4.5193     2.1786     2.0178 0.0000e+00
     74.000    13.1155   4.050147    34.4216       6535     4.5377     2.1759     2.0180 0.0000e+00
     73.000    12.9991   4.033359    34.3682       6560     4.5549     2.1753     2.0195 0.0000e+00
     72.000    12.7610   4.002087    34.2866       6584     4.5718     2.1793     2.0177 0.0000e+00
