HB2407/CTD092.cnv
* Sea-Bird SBE 9 Data File:
* FileName = C:\cruise\data\CTD092.hex
* Software Version Seasave V 7.26.7.121
* Temperature SN = 4591
* Conductivity SN = 6006
* Number of Bytes Per Scan = 37
* Number of Voltage Words = 4
* Number of Scans Averaged by the Deck Unit = 1
* NMEA Latitude = 41 07.39 N
* NMEA Longitude = 071 32.24 W
* NMEA UTC (Time) = Sep 25 2024 00:14:15
* NMEA baud rate = 4800
** Ship: Bigelow HB2407
** Program:  Fall Bottom Trawl Survey
** Chief Scientist: John Galbraith
# nquan = 9
# nvalues = 43                          
# units = specified
# name 0 = depSM: Depth [salt water, m]
# name 1 = t090C: Temperature [ITS-90, deg C]
# name 2 = c0S/m: Conductivity [S/m]
# name 3 = sal00: Salinity, Practical [PSU]
# name 4 = scan: Scan Count
# name 5 = timeM: Time, Elapsed [minutes]
# name 6 = sbeox0V: Oxygen raw, SBE 43 [V]
# name 7 = sbeox1V: Oxygen raw, SBE 43, 2 [V]
# name 8 = flag: flag
# span 0 =      1.000,     23.000       
# span 1 =    17.1949,    17.9411       
# span 2 =   4.144697,   4.190203       
# span 3 =    31.6545,    31.8455       
# span 4 =         78,       4084       
# span 5 =     0.0535,     2.8356       
# span 6 =     2.4769,     2.5267       
# span 7 =     2.2925,     2.3339       
# span 8 = 0.0000e+00, 0.0000e+00       
# interval = meters: 1                  
# start_time = Sep 25 2024 00:14:15 [NMEA time, header]
# bad_flag = -9.990e-29
*END*
      3.000    17.8500   4.185389    31.6845         78     0.0535     2.5248     2.3315 0.0000e+00
      4.000    17.8583   4.185994    31.6829        257     0.1776     2.5207     2.3302 0.0000e+00
      5.000    17.7902   4.182467    31.7056        350     0.2420     2.5152     2.3271 0.0000e+00
      6.000    17.7660   4.181195    31.7134        370     0.2560     2.5150     2.3212 0.0000e+00
      7.000    17.7363   4.179308    31.7202        400     0.2772     2.5137     2.3191 0.0000e+00
      8.000    17.7733   4.181461    31.7092        437     0.3026     2.5133     2.3188 0.0000e+00
      9.000    17.6274   4.173146    31.7521        467     0.3233     2.5146     2.3227 0.0000e+00
     10.000    17.6261   4.172938    31.7510        506     0.3506     2.5163     2.3242 0.0000e+00
     11.000    17.6044   4.171512    31.7555        558     0.3870     2.5164     2.3318 0.0000e+00
     12.000    17.5951   4.170979    31.7579        589     0.4081     2.5160     2.3339 0.0000e+00
     13.000    17.5897   4.170733    31.7597        616     0.4271     2.5134     2.3287 0.0000e+00
     14.000    17.5764   4.170005    31.7635        650     0.4506     2.5193     2.3308 0.0000e+00
     15.000    17.5709   4.169645    31.7644        694     0.4814     2.5247     2.3312 0.0000e+00
     16.000    17.5653   4.169323    31.7657        726     0.5038     2.5267     2.3324 0.0000e+00
     17.000    17.5538   4.168645    31.7686        751     0.5205     2.5253     2.3279 0.0000e+00
     18.000    17.5426   4.167986    31.7714        778     0.5396     2.5163     2.3244 0.0000e+00
     19.000    17.5075   4.165785    31.7797        817     0.5664     2.5051     2.3135 0.0000e+00
     20.000    17.4084   4.159476    31.8034        856     0.5940     2.4937     2.3088 0.0000e+00
     21.000    17.3080   4.153000    31.8265        887     0.6156     2.4835     2.2976 0.0000e+00
     22.000    17.2445   4.148573    31.8383        925     0.6417     2.4769     2.2925 0.0000e+00
     23.000    17.1949   4.144903    31.8455       1078     0.7477     2.4948     2.3030 0.0000e+00
     22.000    17.2002   4.144697    31.8399       2216     1.5379     2.5009     2.3074 0.0000e+00
     21.000    17.2049   4.145013    31.8393       2441     1.6941     2.4928     2.3080 0.0000e+00
     20.000    17.2099   4.145297    31.8382       2462     1.7088     2.4949     2.3075 0.0000e+00
     19.000    17.2157   4.145648    31.8370       2483     1.7238     2.4957     2.3079 0.0000e+00
     18.000    17.2313   4.146551    31.8327       2505     1.7388     2.4939     2.3074 0.0000e+00
     17.000    17.2603   4.148318    31.8254       2530     1.7565     2.4936     2.3064 0.0000e+00
     16.000    17.4513   4.160460    31.7795       2568     1.7825     2.4936     2.3043 0.0000e+00
     15.000    17.5087   4.164399    31.7684       2607     1.8096     2.4971     2.3007 0.0000e+00
     14.000    17.5235   4.164933    31.7618       2639     1.8321     2.4946     2.2993 0.0000e+00
     13.000    17.6105   4.170605    31.7423       2670     1.8536     2.4954     2.3014 0.0000e+00
     12.000    17.6280   4.171640    31.7378       2698     1.8728     2.5000     2.3048 0.0000e+00
     11.000    17.6787   4.174607    31.7238       2727     1.8931     2.5065     2.3105 0.0000e+00
     10.000    17.7327   4.177750    31.7087       2764     1.9185     2.5156     2.3160 0.0000e+00
      9.000    17.7666   4.179481    31.6973       2795     1.9401     2.5215     2.3181 0.0000e+00
      8.000    17.8158   4.182620    31.6860       2820     1.9574     2.5215     2.3207 0.0000e+00
      7.000    17.8177   4.182870    31.6870       2846     1.9757     2.5212     2.3207 0.0000e+00
      6.000    17.8810   4.186275    31.6669       2899     2.0128     2.5198     2.3233 0.0000e+00
      5.000    17.9147   4.188151    31.6570       2960     2.0549     2.5194     2.3236 0.0000e+00
      4.000    17.9187   4.188661    31.6585       3013     2.0914     2.5207     2.3247 0.0000e+00
      3.000    17.9074   4.189773    31.6842       3587     2.4904     2.5197     2.3244 0.0000e+00
      2.000    17.9411   4.190203    31.6545       4084     2.8356     2.5225     2.3264 0.0000e+00
      1.000    17.9402   4.190194    31.6559       4084     2.8352     2.5236     2.3255 0.0000e+00
