HB2407/CTD091.cnv
* Sea-Bird SBE 9 Data File:
* FileName = C:\cruise\data\CTD091.hex
* Software Version Seasave V 7.26.7.121
* Temperature SN = 4591
* Conductivity SN = 6006
* Number of Bytes Per Scan = 37
* Number of Voltage Words = 4
* Number of Scans Averaged by the Deck Unit = 1
* NMEA Latitude = 41 05.98 N
* NMEA Longitude = 071 38.32 W
* NMEA UTC (Time) = Sep 24 2024 22:58:27
* NMEA baud rate = 4800
** Ship: Bigelow HB2407
** Program:  Fall Bottom Trawl Survey
** Chief Scientist: John Galbraith
# nquan = 9
# nvalues = 50                          
# units = specified
# name 0 = depSM: Depth [salt water, m]
# name 1 = t090C: Temperature [ITS-90, deg C]
# name 2 = c0S/m: Conductivity [S/m]
# name 3 = sal00: Salinity, Practical [PSU]
# name 4 = scan: Scan Count
# name 5 = timeM: Time, Elapsed [minutes]
# name 6 = sbeox0V: Oxygen raw, SBE 43 [V]
# name 7 = sbeox1V: Oxygen raw, SBE 43, 2 [V]
# name 8 = flag: flag
# span 0 =      1.000,     27.000       
# span 1 =    17.0046,    17.1420       
# span 2 =   4.139190,   4.147118       
# span 3 =    31.8948,    31.9467       
# span 4 =        196,       3897       
# span 5 =     0.1357,     2.7055       
# span 6 =     2.4944,     2.5655       
# span 7 =     2.3089,     2.3683       
# span 8 = 0.0000e+00, 0.0000e+00       
# interval = meters: 1                  
# start_time = Sep 24 2024 22:58:27 [NMEA time, header]
# bad_flag = -9.990e-29
*END*
      4.000    17.1420   4.147118    31.9130        196     0.1357     2.5528     2.3627 0.0000e+00
      5.000    17.1369   4.146644    31.9127        272     0.1884     2.5508     2.3586 0.0000e+00
      6.000    17.0898   4.141240    31.9031        292     0.2024     2.5526     2.3585 0.0000e+00
      7.000    17.0909   4.141100    31.9007        321     0.2224     2.5533     2.3595 0.0000e+00
      8.000    17.0861   4.140772    31.9013        385     0.2665     2.5579     2.3656 0.0000e+00
      9.000    17.0733   4.139851    31.9031        426     0.2953     2.5631     2.3621 0.0000e+00
     10.000    17.0789   4.140102    31.9006        451     0.3124     2.5579     2.3615 0.0000e+00
     11.000    17.0791   4.140163    31.9005        476     0.3296     2.5545     2.3601 0.0000e+00
     12.000    17.0779   4.140145    31.9009        513     0.3554     2.5556     2.3585 0.0000e+00
     13.000    17.0777   4.140189    31.9011        563     0.3901     2.5580     2.3647 0.0000e+00
     14.000    17.0782   4.140230    31.9008        594     0.4120     2.5589     2.3648 0.0000e+00
     15.000    17.0844   4.140534    31.8981        623     0.4317     2.5576     2.3609 0.0000e+00
     16.000    17.0880   4.140735    31.8967        650     0.4508     2.5559     2.3601 0.0000e+00
     17.000    17.0810   4.140507    31.8998        675     0.4683     2.5558     2.3598 0.0000e+00
     18.000    17.0686   4.140082    31.9056        705     0.4888     2.5540     2.3625 0.0000e+00
     19.000    17.0649   4.139963    31.9072        754     0.5232     2.5476     2.3594 0.0000e+00
     20.000    17.0598   4.139866    31.9100        799     0.5542     2.5465     2.3567 0.0000e+00
     21.000    17.0436   4.139539    31.9196        837     0.5806     2.5491     2.3537 0.0000e+00
     22.000    17.0316   4.139437    31.9280        872     0.6050     2.5412     2.3485 0.0000e+00
     23.000    17.0399   4.139573    31.9222        891     0.6180     2.5333     2.3453 0.0000e+00
     24.000    17.0341   4.139546    31.9262        905     0.6280     2.5253     2.3400 0.0000e+00
     25.000    17.0148   4.139299    31.9390        925     0.6415     2.5269     2.3369 0.0000e+00
     26.000    17.0103   4.139190    31.9413       1080     0.7490     2.5073     2.3159 0.0000e+00
     27.000    17.0061   4.139237    31.9447       1253     0.8698     2.4983     2.3089 0.0000e+00
     26.000    17.0046   4.139256    31.9467       1309     0.9084     2.5080     2.3149 0.0000e+00
     25.000    17.0236   4.139283    31.9317       2426     1.6840     2.5032     2.3219 0.0000e+00
     24.000    17.0326   4.139241    31.9248       2593     1.7998     2.4944     2.3136 0.0000e+00
     23.000    17.0413   4.139276    31.9186       2618     1.8172     2.5035     2.3134 0.0000e+00
     22.000    17.0443   4.139291    31.9166       2647     1.8373     2.5169     2.3194 0.0000e+00
     21.000    17.0486   4.139368    31.9142       2688     1.8661     2.5235     2.3298 0.0000e+00
     20.000    17.0644   4.139660    31.9046       2743     1.9045     2.5344     2.3387 0.0000e+00
     19.000    17.0718   4.139850    31.9008       2776     1.9272     2.5414     2.3474 0.0000e+00
     18.000    17.0718   4.139819    31.9008       2799     1.9432     2.5469     2.3513 0.0000e+00
     17.000    17.0713   4.139763    31.9011       2821     1.9585     2.5504     2.3549 0.0000e+00
     16.000    17.0710   4.139746    31.9016       2848     1.9773     2.5510     2.3541 0.0000e+00
     15.000    17.0707   4.139707    31.9019       2885     2.0029     2.5545     2.3552 0.0000e+00
     14.000    17.0694   4.139639    31.9026       2922     2.0286     2.5529     2.3583 0.0000e+00
     13.000    17.0742   4.139783    31.9005       2955     2.0515     2.5513     2.3622 0.0000e+00
     12.000    17.0798   4.139945    31.8977       2993     2.0776     2.5507     2.3634 0.0000e+00
     11.000    17.0825   4.140003    31.8965       3033     2.1058     2.5552     2.3631 0.0000e+00
     10.000    17.0842   4.139967    31.8952       3060     2.1241     2.5514     2.3636 0.0000e+00
      9.000    17.0840   4.139945    31.8955       3081     2.1392     2.5533     2.3662 0.0000e+00
      8.000    17.0839   4.139973    31.8962       3110     2.1591     2.5590     2.3659 0.0000e+00
      7.000    17.0849   4.140039    31.8963       3165     2.1975     2.5615     2.3656 0.0000e+00
      6.000    17.0875   4.140069    31.8948       3193     2.2164     2.5627     2.3669 0.0000e+00
      5.000    17.0932   4.141051    31.8992       3232     2.2435     2.5620     2.3651 0.0000e+00
      4.000    17.0952   4.141239    31.8996       3277     2.2751     2.5628     2.3627 0.0000e+00
      3.000    17.1033   4.142253    31.9023       3345     2.3220     2.5620     2.3646 0.0000e+00
      2.000    17.0901   4.140594    31.8988       3721     2.5832     2.5603     2.3633 0.0000e+00
      1.000    17.0859   4.139975    31.8972       3897     2.7055     2.5655     2.3683 0.0000e+00
