HB2407/CTD051.cnv
* Sea-Bird SBE 9 Data File:
* FileName = C:\cruise\data\CTD051.hex
* Software Version Seasave V 7.26.7.121
* Temperature SN = 4591
* Conductivity SN = 6006
* Number of Bytes Per Scan = 37
* Number of Voltage Words = 4
* Number of Scans Averaged by the Deck Unit = 1
* NMEA Latitude = 35 57.79 N
* NMEA Longitude = 075 08.91 W
* NMEA UTC (Time) = Sep 19 2024 09:10:31
* NMEA baud rate = 4800
** Ship: Bigelow HB2407
** Program:  Fall Bottom Trawl Survey
** Chief Scientist: John Galbraith
# nquan = 9
# nvalues = 60                          
# units = specified
# name 0 = depSM: Depth [salt water, m]
# name 1 = t090C: Temperature [ITS-90, deg C]
# name 2 = c0S/m: Conductivity [S/m]
# name 3 = sal00: Salinity, Practical [PSU]
# name 4 = scan: Scan Count
# name 5 = timeM: Time, Elapsed [minutes]
# name 6 = sbeox0V: Oxygen raw, SBE 43 [V]
# name 7 = sbeox1V: Oxygen raw, SBE 43, 2 [V]
# name 8 = flag: flag
# span 0 =      1.000,     31.000       
# span 1 =    22.1414,    22.4194       
# span 2 =   4.588352,   4.615532       
# span 3 =    31.6117,    31.8993       
# span 4 =        136,       3226       
# span 5 =     0.0940,     2.2398       
# span 6 =     2.4662,     2.5485       
# span 7 =     2.2898,     2.3682       
# span 8 = 0.0000e+00, 0.0000e+00       
# interval = meters: 1                  
# start_time = Sep 19 2024 09:10:31 [NMEA time, header]
# bad_flag = -9.990e-29
*END*
      2.000    22.4193   4.602788    31.6186        136     0.0940     2.5413     2.3682 0.0000e+00
      3.000    22.4194   4.602863    31.6188        278     0.1925     2.5369     2.3638 0.0000e+00
      4.000    22.4122   4.602588    31.6216        297     0.2056     2.5388     2.3647 0.0000e+00
      5.000    22.4011   4.602081    31.6254        317     0.2192     2.5446     2.3611 0.0000e+00
      6.000    22.3950   4.601799    31.6274        348     0.2413     2.5424     2.3576 0.0000e+00
      7.000    22.3752   4.600760    31.6335        388     0.2686     2.5364     2.3549 0.0000e+00
      8.000    22.3290   4.598070    31.6460        416     0.2883     2.5333     2.3557 0.0000e+00
      9.000    22.2883   4.595230    31.6534        438     0.3035     2.5308     2.3532 0.0000e+00
     10.000    22.2535   4.592550    31.6577        458     0.3175     2.5301     2.3520 0.0000e+00
     11.000    22.2085   4.589494    31.6666        479     0.3320     2.5247     2.3461 0.0000e+00
     12.000    22.1869   4.588586    31.6750        501     0.3470     2.5166     2.3368 0.0000e+00
     13.000    22.1579   4.588789    31.6974        524     0.3629     2.4982     2.3279 0.0000e+00
     14.000    22.1547   4.589741    31.7067        550     0.3811     2.4891     2.3214 0.0000e+00
     15.000    22.1509   4.589555    31.7078        584     0.4048     2.4848     2.3126 0.0000e+00
     16.000    22.1478   4.589258    31.7074        626     0.4342     2.4844     2.3040 0.0000e+00
     17.000    22.1481   4.589338    31.7075        655     0.4542     2.4795     2.3033 0.0000e+00
     18.000    22.1457   4.589371    31.7092        675     0.4682     2.4803     2.3040 0.0000e+00
     19.000    22.1414   4.590090    31.7176        693     0.4809     2.4821     2.3011 0.0000e+00
     20.000    22.1449   4.592896    31.7364        712     0.4938     2.4779     2.2982 0.0000e+00
     21.000    22.1478   4.596114    31.7589        735     0.5096     2.4776     2.3005 0.0000e+00
     22.000    22.1508   4.599752    31.7845        766     0.5310     2.4773     2.2994 0.0000e+00
     23.000    22.1565   4.604123    31.8137        802     0.5561     2.4796     2.3000 0.0000e+00
     24.000    22.1603   4.606174    31.8265        831     0.5767     2.4803     2.3008 0.0000e+00
     25.000    22.1642   4.609044    31.8456        856     0.5940     2.4795     2.3025 0.0000e+00
     26.000    22.1653   4.610542    31.8560        882     0.6116     2.4811     2.2993 0.0000e+00
     27.000    22.1639   4.612280    31.8701        909     0.6305     2.4805     2.3004 0.0000e+00
     28.000    22.1622   4.613288    31.8788        935     0.6487     2.4829     2.2991 0.0000e+00
     29.000    22.1619   4.613578    31.8810        959     0.6650     2.4824     2.2979 0.0000e+00
     30.000    22.1599   4.614390    31.8884        982     0.6813     2.4754     2.2971 0.0000e+00
     31.000    22.1588   4.614829    31.8923       1306     0.9063     2.4682     2.2937 0.0000e+00
     30.000    22.1571   4.615532    31.8993       1892     1.3131     2.4694     2.2917 0.0000e+00
     29.000    22.1584   4.614906    31.8938       2072     1.4384     2.4662     2.2935 0.0000e+00
     28.000    22.1584   4.614662    31.8922       2099     1.4568     2.4702     2.2954 0.0000e+00
     27.000    22.1606   4.613701    31.8835       2132     1.4799     2.4712     2.2946 0.0000e+00
     26.000    22.1624   4.612624    31.8742       2159     1.4987     2.4729     2.2946 0.0000e+00
     25.000    22.1629   4.612184    31.8707       2181     1.5141     2.4730     2.2898 0.0000e+00
     24.000    22.1634   4.611114    31.8624       2203     1.5289     2.4700     2.2913 0.0000e+00
     23.000    22.1632   4.609930    31.8537       2226     1.5455     2.4718     2.2919 0.0000e+00
     22.000    22.1624   4.610040    31.8554       2256     1.5663     2.4792     2.2971 0.0000e+00
     21.000    22.1603   4.608090    31.8423       2288     1.5881     2.4821     2.2992 0.0000e+00
     20.000    22.1518   4.601135    31.7950       2313     1.6054     2.4757     2.2997 0.0000e+00
     19.000    22.1488   4.596910    31.7649       2335     1.6206     2.4763     2.3012 0.0000e+00
     18.000    22.1450   4.593219    31.7395       2357     1.6362     2.4736     2.3001 0.0000e+00
     17.000    22.1448   4.591920    31.7299       2384     1.6546     2.4785     2.3004 0.0000e+00
     16.000    22.1471   4.590155    31.7149       2412     1.6745     2.4780     2.2982 0.0000e+00
     15.000    22.1477   4.589472    31.7095       2438     1.6925     2.4823     2.3004 0.0000e+00
     14.000    22.1497   4.589689    31.7100       2463     1.7100     2.4839     2.3020 0.0000e+00
     13.000    22.1536   4.589252    31.7041       2489     1.7280     2.4777     2.3042 0.0000e+00
     12.000    22.1573   4.588362    31.6948       2517     1.7471     2.4802     2.3031 0.0000e+00
     11.000    22.1908   4.588352    31.6706       2545     1.7664     2.4820     2.3033 0.0000e+00
     10.000    22.2256   4.590021    31.6585       2568     1.7829     2.4861     2.3068 0.0000e+00
      9.000    22.2348   4.590766    31.6579       2589     1.7974     2.4920     2.3098 0.0000e+00
      8.000    22.2463   4.591619    31.6564       2612     1.8132     2.4976     2.3141 0.0000e+00
      7.000    22.2516   4.592662    31.6609       2641     1.8337     2.4998     2.3223 0.0000e+00
      6.000    22.3056   4.595385    31.6429       2675     1.8567     2.5033     2.3231 0.0000e+00
      5.000    22.3750   4.599514    31.6247       2701     1.8747     2.5113     2.3263 0.0000e+00
      4.000    22.4015   4.601166    31.6185       2721     1.8889     2.5191     2.3328 0.0000e+00
      3.000    22.4104   4.601743    31.6168       2741     1.9025     2.5214     2.3367 0.0000e+00
      2.000    22.4145   4.602526    31.6202       3001     2.0830     2.5455     2.3588 0.0000e+00
      1.000    22.4151   4.601446    31.6117       3226     2.2398     2.5485     2.3618 0.0000e+00
