HB2407/CTD061.cnv
* Sea-Bird SBE 9 Data File:
* FileName = C:\cruise\data\CTD061.hex
* Software Version Seasave V 7.26.7.121
* Temperature SN = 4591
* Conductivity SN = 6006
* Number of Bytes Per Scan = 37
* Number of Voltage Words = 4
* Number of Scans Averaged by the Deck Unit = 1
* NMEA Latitude = 35 28.53 N
* NMEA Longitude = 074 54.20 W
* NMEA UTC (Time) = Sep 20 2024 17:42:05
* NMEA baud rate = 4800
** Ship: Bigelow HB2407
** Program:  Fall Bottom Trawl Survey
** Chief Scientist: John Galbraith
# nquan = 9
# nvalues = 79                          
# units = specified
# name 0 = depSM: Depth [salt water, m]
# name 1 = t090C: Temperature [ITS-90, deg C]
# name 2 = c0S/m: Conductivity [S/m]
# name 3 = sal00: Salinity, Practical [PSU]
# name 4 = scan: Scan Count
# name 5 = timeM: Time, Elapsed [minutes]
# name 6 = sbeox0V: Oxygen raw, SBE 43 [V]
# name 7 = sbeox1V: Oxygen raw, SBE 43, 2 [V]
# name 8 = flag: flag
# span 0 =      1.000,     41.000       
# span 1 =    22.4701,    23.5685       
# span 2 =   4.592291,   4.821391       
# span 3 =    31.3574,    32.4339       
# span 4 =         49,       4472       
# span 5 =     0.0336,     3.1049       
# span 6 =     2.4402,     2.5853       
# span 7 =     2.2647,     2.4019       
# span 8 = 0.0000e+00, 0.0000e+00       
# interval = meters: 1                  
# start_time = Sep 20 2024 17:42:05 [NMEA time, header]
# bad_flag = -9.990e-29
*END*
      3.000    22.8718   4.611551    31.3599         49     0.0336     2.5853     2.4019 0.0000e+00
      4.000    22.8717   4.611554    31.3596        241     0.1667     2.5831     2.3981 0.0000e+00
      5.000    22.8718   4.611603    31.3597        346     0.2399     2.5790     2.3981 0.0000e+00
      6.000    22.8748   4.611923    31.3596        360     0.2491     2.5736     2.3987 0.0000e+00
      7.000    22.8741   4.611876    31.3595        380     0.2630     2.5744     2.3973 0.0000e+00
      8.000    22.8801   4.612435    31.3591        413     0.2862     2.5785     2.3982 0.0000e+00
      9.000    22.8801   4.612506    31.3594        461     0.3194     2.5754     2.3967 0.0000e+00
     10.000    22.8632   4.611022    31.3598        482     0.3338     2.5790     2.3980 0.0000e+00
     11.000    22.8436   4.609304    31.3605        498     0.3448     2.5778     2.3988 0.0000e+00
     12.000    22.8345   4.608489    31.3605        515     0.3566     2.5783     2.3987 0.0000e+00
     13.000    22.8277   4.607882    31.3604        537     0.3721     2.5759     2.3980 0.0000e+00
     14.000    22.8103   4.606388    31.3612        574     0.3979     2.5744     2.3979 0.0000e+00
     15.000    22.8029   4.605727    31.3611        615     0.4266     2.5691     2.3997 0.0000e+00
     16.000    22.7988   4.605440    31.3616        643     0.4456     2.5657     2.3975 0.0000e+00
     17.000    22.7757   4.603936    31.3663        665     0.4610     2.5687     2.3911 0.0000e+00
     18.000    22.7433   4.602440    31.3778        686     0.4760     2.5719     2.3877 0.0000e+00
     19.000    22.7201   4.601763    31.3889        711     0.4929     2.5774     2.3879 0.0000e+00
     20.000    22.6983   4.601818    31.4047        740     0.5133     2.5716     2.3858 0.0000e+00
     21.000    22.6507   4.601702    31.4376        771     0.5348     2.5705     2.3832 0.0000e+00
     22.000    22.5966   4.598801    31.4540        801     0.5553     2.5705     2.3788 0.0000e+00
     23.000    22.5576   4.596358    31.4630        830     0.5756     2.5561     2.3778 0.0000e+00
     24.000    22.5343   4.594810    31.4676        858     0.5955     2.5477     2.3661 0.0000e+00
     25.000    22.5135   4.593797    31.4745        890     0.6171     2.5410     2.3535 0.0000e+00
     26.000    22.5107   4.593653    31.4751        918     0.6371     2.5262     2.3467 0.0000e+00
     27.000    22.5088   4.593633    31.4760        940     0.6521     2.5221     2.3429 0.0000e+00
     28.000    22.5060   4.593517    31.4768        960     0.6657     2.5165     2.3341 0.0000e+00
     29.000    22.5036   4.593544    31.4784        980     0.6799     2.5095     2.3323 0.0000e+00
     30.000    22.5014   4.593532    31.4796       1017     0.7058     2.5077     2.3283 0.0000e+00
     31.000    22.4965   4.593591    31.4833       1089     0.7554     2.5006     2.3224 0.0000e+00
     32.000    22.4701   4.592291    31.4920       1102     0.7644     2.4973     2.3227 0.0000e+00
     33.000    22.4773   4.595050    31.5077       1116     0.7741     2.4923     2.3201 0.0000e+00
     34.000    22.5243   4.605207    31.5513       1129     0.7832     2.4887     2.3183 0.0000e+00
     35.000    22.5940   4.620258    31.6160       1144     0.7937     2.4929     2.3179 0.0000e+00
     36.000    22.6573   4.634880    31.6818       1180     0.8186     2.4897     2.3171 0.0000e+00
     37.000    22.7191   4.649214    31.7463       1250     0.8672     2.4778     2.3022 0.0000e+00
     38.000    22.7926   4.665119    31.8142       1265     0.8780     2.4810     2.3032 0.0000e+00
     39.000    22.9117   4.689024    31.9097       1282     0.8896     2.4790     2.3033 0.0000e+00
     40.000    23.1800   4.742967    32.1243       1918     1.3309     2.4517     2.2769 0.0000e+00
     41.000    23.5685   4.821391    32.4339       3009     2.0891     2.4477     2.2712 0.0000e+00
     40.000    23.3229   4.772068    32.2404       2938     2.0397     2.4442     2.2680 0.0000e+00
     39.000    23.1884   4.745254    32.1358       3062     2.1256     2.4402     2.2647 0.0000e+00
     38.000    23.1251   4.733433    32.0926       3084     2.1407     2.4457     2.2685 0.0000e+00
     37.000    23.0103   4.711197    32.0074       3113     2.1612     2.4463     2.2688 0.0000e+00
     36.000    22.8721   4.682205    31.8874       3148     2.1851     2.4493     2.2731 0.0000e+00
     35.000    22.8055   4.667453    31.8235       3185     2.2113     2.4603     2.2854 0.0000e+00
     34.000    22.6852   4.642767    31.7225       3217     2.2333     2.4650     2.2898 0.0000e+00
     33.000    22.6440   4.632264    31.6723       3242     2.2505     2.4634     2.2911 0.0000e+00
     32.000    22.6132   4.624283    31.6338       3263     2.2650     2.4724     2.2930 0.0000e+00
     31.000    22.5709   4.614118    31.5869       3282     2.2782     2.4716     2.2926 0.0000e+00
     30.000    22.5269   4.602659    31.5312       3300     2.2911     2.4707     2.2999 0.0000e+00
     29.000    22.5102   4.598583    31.5123       3321     2.3054     2.4713     2.3006 0.0000e+00
     28.000    22.5077   4.596031    31.4949       3344     2.3214     2.4791     2.3029 0.0000e+00
     27.000    22.5079   4.594992    31.4871       3371     2.3401     2.4841     2.3071 0.0000e+00
     26.000    22.5100   4.594358    31.4810       3424     2.3771     2.4961     2.3179 0.0000e+00
     25.000    22.5126   4.593988    31.4766       3469     2.4086     2.5079     2.3245 0.0000e+00
     24.000    22.5144   4.593881    31.4748       3484     2.4185     2.5077     2.3282 0.0000e+00
     23.000    22.5203   4.594062    31.4723       3497     2.4276     2.5067     2.3286 0.0000e+00
     22.000    22.5483   4.595360    31.4624       3509     2.4363     2.5112     2.3271 0.0000e+00
     21.000    22.5813   4.597440    31.4549       3523     2.4456     2.5170     2.3235 0.0000e+00
     20.000    22.6267   4.599123    31.4354       3540     2.4576     2.5223     2.3241 0.0000e+00
     19.000    22.7463   4.602644    31.3769       3592     2.4935     2.5474     2.3565 0.0000e+00
     18.000    22.7804   4.603967    31.3628       3652     2.5353     2.5668     2.3877 0.0000e+00
     17.000    22.7861   4.604408    31.3624       3669     2.5476     2.5692     2.3846 0.0000e+00
     16.000    22.7857   4.604434    31.3632       3686     2.5588     2.5730     2.3817 0.0000e+00
     15.000    22.7902   4.604712    31.3624       3703     2.5707     2.5744     2.3801 0.0000e+00
     14.000    22.8019   4.605575    31.3609       3723     2.5847     2.5784     2.3800 0.0000e+00
     13.000    22.8128   4.606521    31.3607       3750     2.6033     2.5780     2.3840 0.0000e+00
     12.000    22.8239   4.607329    31.3592       3780     2.6246     2.5763     2.3887 0.0000e+00
     11.000    22.8599   4.610462    31.3576       3809     2.6445     2.5766     2.3925 0.0000e+00
     10.000    22.8746   4.611772    31.3574       3841     2.6669     2.5772     2.3936 0.0000e+00
      9.000    22.8798   4.612311    31.3581       3877     2.6920     2.5831     2.3960 0.0000e+00
      8.000    22.8884   4.613058    31.3580       3904     2.7103     2.5808     2.3958 0.0000e+00
      7.000    22.8903   4.613220    31.3582       3923     2.7237     2.5794     2.3942 0.0000e+00
      6.000    22.8895   4.613174    31.3587       3941     2.7358     2.5841     2.3955 0.0000e+00
      5.000    22.8912   4.613266    31.3585       3964     2.7518     2.5814     2.3946 0.0000e+00
      4.000    22.8901   4.613163    31.3588       4012     2.7852     2.5847     2.3946 0.0000e+00
      3.000    22.8895   4.613071    31.3588       4041     2.8058     2.5779     2.4005 0.0000e+00
      2.000    22.8866   4.612852    31.3595       4472     3.1049     2.5803     2.4012 0.0000e+00
      1.000    22.8855   4.612694    31.3594       4471     3.1043     2.5830     2.3935 0.0000e+00
