HB2407/CTD021.cnv
* Sea-Bird SBE 9 Data File:
* FileName = C:\cruise\data\CTD021.hex
* Software Version Seasave V 7.26.7.121
* Temperature SN = 4591
* Conductivity SN = 6006
* Number of Bytes Per Scan = 37
* Number of Voltage Words = 4
* Number of Scans Averaged by the Deck Unit = 1
* NMEA Latitude = 37 17.80 N
* NMEA Longitude = 074 42.23 W
* NMEA UTC (Time) = Sep 10 2024 15:13:49
* NMEA baud rate = 4800
** Ship: Bigelow HB2407
** Program:  Fall Bottom Trawl Survey
** Chief Scientist: John Galbraith
# nquan = 9
# nvalues = 114                         
# units = specified
# name 0 = depSM: Depth [salt water, m]
# name 1 = t090C: Temperature [ITS-90, deg C]
# name 2 = c0S/m: Conductivity [S/m]
# name 3 = sal00: Salinity, Practical [PSU]
# name 4 = scan: Scan Count
# name 5 = timeM: Time, Elapsed [minutes]
# name 6 = sbeox0V: Oxygen raw, SBE 43 [V]
# name 7 = sbeox1V: Oxygen raw, SBE 43, 2 [V]
# name 8 = flag: flag
# span 0 =      1.000,     58.000       
# span 1 =     8.0248,    21.6441       
# span 2 =   3.360328,   4.632887       
# span 3 =    31.6910,    33.0602       
# span 4 =       -246,       4569       
# span 5 =    -0.1715,     3.1720       
# span 6 =     2.1464,     2.9932       
# span 7 =     1.9913,     2.6078       
# span 8 = 0.0000e+00, 0.0000e+00       
# interval = meters: 1                  
# start_time = Sep 10 2024 15:13:49 [NMEA time, header]
# bad_flag = -9.990e-29
*END*
      2.000    21.2036   4.564790    32.2201       -246    -0.1715     2.5956     2.4194 0.0000e+00
      3.000    21.2862   4.571507    32.2106        374     0.2588     2.6291     2.4255 0.0000e+00
      4.000    21.2517   4.567990    32.2084        344     0.2380     2.6210     2.4275 0.0000e+00
      5.000    21.2491   4.568397    32.2133        370     0.2563     2.6139     2.4253 0.0000e+00
      6.000    21.2425   4.568157    32.2160        397     0.2749     2.6156     2.4223 0.0000e+00
      7.000    21.2663   4.571014    32.2204        427     0.2956     2.6124     2.4229 0.0000e+00
      8.000    21.2766   4.572050    32.2205        455     0.3151     2.6078     2.4246 0.0000e+00
      9.000    21.2820   4.573034    32.2239        480     0.3328     2.6106     2.4251 0.0000e+00
     10.000    21.2900   4.575750    32.2389        505     0.3499     2.6144     2.4295 0.0000e+00
     11.000    21.2983   4.577236    32.2441        530     0.3672     2.6114     2.4259 0.0000e+00
     12.000    21.2895   4.574683    32.2302        557     0.3858     2.6089     2.4262 0.0000e+00
     13.000    21.2957   4.576464    32.2393        584     0.4050     2.6102     2.4233 0.0000e+00
     14.000    21.3128   4.579543    32.2504        610     0.4232     2.6096     2.4232 0.0000e+00
     15.000    21.4069   4.594370    32.2960        635     0.4401     2.6104     2.4248 0.0000e+00
     16.000    21.6441   4.632887    32.4198        659     0.4572     2.6167     2.4278 0.0000e+00
     17.000    21.4917   4.621579    32.4455        685     0.4750     2.6217     2.4283 0.0000e+00
     18.000    20.7189   4.548003    32.4484        713     0.4946     2.6082     2.4193 0.0000e+00
     19.000    17.5778   4.269396    32.5998        743     0.5155     2.5925     2.4152 0.0000e+00
     20.000    12.9018   3.828562    32.5268        773     0.5361     2.5476     2.4024 0.0000e+00
     21.000    11.3089   3.668124    32.3699        801     0.5553     2.5293     2.4023 0.0000e+00
     22.000    10.1303   3.562510    32.3620        826     0.5731     2.5935     2.4686 0.0000e+00
     23.000     8.9220   3.447098    32.2680        850     0.5898     2.6411     2.5273 0.0000e+00
     24.000     8.6470   3.415145    32.1851        876     0.6074     2.6361     2.5254 0.0000e+00
     25.000     8.6197   3.410056    32.1563        902     0.6260     2.5789     2.4778 0.0000e+00
     26.000     8.6117   3.407184    32.1331        930     0.6450     2.4952     2.3849 0.0000e+00
     27.000     8.6101   3.405440    32.1158        956     0.6631     2.4317     2.3052 0.0000e+00
     28.000     8.6017   3.403351    32.1011        981     0.6807     2.3936     2.2531 0.0000e+00
     29.000     8.5959   3.401902    32.0907       1007     0.6990     2.3738     2.2168 0.0000e+00
     30.000     8.5907   3.401575    32.0915       1037     0.7192     2.3442     2.1941 0.0000e+00
     31.000     8.5264   3.397548    32.1074       1067     0.7405     2.3503     2.1820 0.0000e+00
     32.000     8.3999   3.388145    32.1234       1095     0.7600     2.3472     2.1735 0.0000e+00
     33.000     8.3546   3.386228    32.1441       1121     0.7778     2.3377     2.1646 0.0000e+00
     34.000     8.3155   3.385284    32.1695       1145     0.7943     2.3309     2.1578 0.0000e+00
     35.000     8.2612   3.381144    32.1750       1169     0.8111     2.3340     2.1560 0.0000e+00
     36.000     8.2525   3.380075    32.1712       1194     0.8287     2.3394     2.1616 0.0000e+00
     37.000     8.2477   3.379475    32.1688       1220     0.8467     2.3292     2.1588 0.0000e+00
     38.000     8.2336   3.378128    32.1671       1247     0.8656     2.3154     2.1477 0.0000e+00
     39.000     8.2157   3.376418    32.1649       1276     0.8856     2.3046     2.1347 0.0000e+00
     40.000     8.2020   3.375071    32.1628       1306     0.9059     2.2965     2.1248 0.0000e+00
     41.000     8.1905   3.373941    32.1609       1333     0.9253     2.2905     2.1165 0.0000e+00
     42.000     8.1746   3.372573    32.1606       1360     0.9438     2.2843     2.1091 0.0000e+00
     43.000     8.1101   3.367457    32.1651       1387     0.9625     2.2800     2.1026 0.0000e+00
     44.000     8.0460   3.361749    32.1629       1414     0.9815     2.2697     2.0962 0.0000e+00
     45.000     8.0888   3.366713    32.1758       1441     0.9998     2.2587     2.0895 0.0000e+00
     46.000     8.0644   3.364418    32.1734       1467     1.0180     2.2495     2.0791 0.0000e+00
     47.000     8.0259   3.360628    32.1680       1492     1.0356     2.2398     2.0683 0.0000e+00
     48.000     8.0248   3.360328    32.1655       1518     1.0535     2.2325     2.0604 0.0000e+00
     49.000     8.0799   3.366216    32.1768       1545     1.0725     2.2243     2.0532 0.0000e+00
     50.000     8.1868   3.377382    32.1966       1573     1.0916     2.2186     2.0467 0.0000e+00
     51.000     8.2329   3.382596    32.2089       1601     1.1114     2.2196     2.0465 0.0000e+00
     52.000     8.2697   3.387488    32.2264       1631     1.1318     2.2300     2.0550 0.0000e+00
     53.000     8.3225   3.394871    32.2555       1659     1.1511     2.2396     2.0636 0.0000e+00
     54.000     8.3864   3.404230    32.2950       1684     1.1690     2.2459     2.0692 0.0000e+00
     55.000     8.4371   3.411760    32.3273       1710     1.1866     2.2469     2.0708 0.0000e+00
     56.000     8.5346   3.425740    32.3842       1736     1.2050     2.2444     2.0689 0.0000e+00
     57.000     9.1655   3.510839    32.6911       1765     1.2248     2.2406     2.0634 0.0000e+00
     58.000     9.8998   3.610617    33.0407       2179     1.5123     2.1876     2.0185 0.0000e+00
     57.000     9.8546   3.608260    33.0602       2766     1.9204     2.1693     1.9983 0.0000e+00
     56.000     9.5839   3.570154    32.9196       2778     1.9282     2.1602     1.9936 0.0000e+00
     55.000     9.2867   3.532113    32.8015       2803     1.9460     2.1507     1.9913 0.0000e+00
     54.000     9.0387   3.497560    32.6718       2830     1.9646     2.1465     1.9913 0.0000e+00
     53.000     8.6730   3.448571    32.4977       2857     1.9833     2.1464     1.9933 0.0000e+00
     52.000     8.5348   3.426871    32.3978       2883     2.0015     2.1568     1.9952 0.0000e+00
     51.000     8.4518   3.414769    32.3473       2909     2.0191     2.1743     2.0044 0.0000e+00
     50.000     8.3943   3.405926    32.3074       2933     2.0364     2.1886     2.0148 0.0000e+00
     49.000     8.3278   3.396137    32.2658       2958     2.0534     2.1961     2.0249 0.0000e+00
     48.000     8.2894   3.390290    32.2397       2982     2.0704     2.2064     2.0361 0.0000e+00
     47.000     8.2349   3.383808    32.2217       3008     2.0879     2.2185     2.0453 0.0000e+00
     46.000     8.1551   3.374375    32.1957       3034     2.1065     2.2226     2.0499 0.0000e+00
     45.000     8.0842   3.366548    32.1783       3064     2.1270     2.2238     2.0544 0.0000e+00
     44.000     8.0776   3.364466    32.1627       3094     2.1481     2.2182     2.0544 0.0000e+00
     43.000     8.0848   3.364745    32.1595       3121     2.1664     2.2144     2.0498 0.0000e+00
     42.000     8.0878   3.364003    32.1494       3144     2.1825     2.2137     2.0471 0.0000e+00
     41.000     8.1014   3.364258    32.1401       3166     2.1978     2.2138     2.0453 0.0000e+00
     40.000     8.1390   3.366793    32.1329       3189     2.2142     2.2171     2.0441 0.0000e+00
     39.000     8.1661   3.368762    32.1294       3215     2.2323     2.2249     2.0485 0.0000e+00
     38.000     8.1897   3.370398    32.1255       3243     2.2517     2.2374     2.0560 0.0000e+00
     37.000     8.2080   3.371647    32.1224       3271     2.2712     2.2482     2.0644 0.0000e+00
     36.000     8.2216   3.372629    32.1208       3299     2.2900     2.2561     2.0721 0.0000e+00
     35.000     8.2327   3.373320    32.1184       3325     2.3082     2.2602     2.0782 0.0000e+00
     34.000     8.2451   3.373997    32.1148       3350     2.3258     2.2649     2.0836 0.0000e+00
     33.000     8.2486   3.374120    32.1132       3376     2.3439     2.2719     2.0901 0.0000e+00
     32.000     8.2735   3.375629    32.1069       3404     2.3634     2.2773     2.0971 0.0000e+00
     31.000     8.3137   3.377554    32.0910       3433     2.3831     2.2871     2.1005 0.0000e+00
     30.000     8.3604   3.378581    32.0596       3458     2.4010     2.3023     2.1060 0.0000e+00
     29.000     8.3935   3.379981    32.0448       3482     2.4175     2.3156     2.1161 0.0000e+00
     28.000     8.4439   3.383394    32.0353       3505     2.4336     2.3228     2.1282 0.0000e+00
     27.000     8.4838   3.385937    32.0261       3530     2.4505     2.3254     2.1380 0.0000e+00
     26.000     8.5542   3.389436    31.9994       3557     2.4695     2.3265     2.1430 0.0000e+00
     25.000     8.5729   3.390393    31.9929       3588     2.4906     2.3293     2.1453 0.0000e+00
     24.000     8.5885   3.391163    31.9873       3617     2.5108     2.3324     2.1481 0.0000e+00
     23.000     8.5966   3.391784    31.9869       3642     2.5284     2.3340     2.1506 0.0000e+00
     22.000     8.6069   3.392301    31.9834       3666     2.5453     2.3349     2.1521 0.0000e+00
     21.000     8.6182   3.392763    31.9786       3692     2.5630     2.3371     2.1539 0.0000e+00
     20.000     8.7619   3.402627    31.9521       3719     2.5819     2.3384     2.1560 0.0000e+00
     19.000     9.2693   3.444756    31.9330       3746     2.6009     2.3503     2.1584 0.0000e+00
     18.000    10.0650   3.512633    31.9184       3773     2.6192     2.4033     2.1750 0.0000e+00
     17.000    10.5676   3.553224    31.8851       3798     2.6368     2.5184     2.2219 0.0000e+00
     16.000    13.2015   3.766341    31.6910       3823     2.6541     2.6704     2.2959 0.0000e+00
     15.000    16.6926   4.099829    31.8556       3847     2.6712     2.8399     2.3999 0.0000e+00
     14.000    17.1005   4.169714    32.1370       3872     2.6880     2.9932     2.5398 0.0000e+00
     13.000    19.3120   4.372856    32.1107       3897     2.7054     2.9636     2.6061 0.0000e+00
     12.000    20.2917   4.473638    32.1802       3923     2.7238     2.8511     2.6078 0.0000e+00
     11.000    20.6638   4.511223    32.1990       3951     2.7429     2.7588     2.5759 0.0000e+00
     10.000    20.8585   4.529838    32.2005       3979     2.7627     2.6848     2.5166 0.0000e+00
      9.000    20.9861   4.540999    32.1932       4007     2.7820     2.6459     2.4724 0.0000e+00
      8.000    21.0137   4.543362    32.1915       4033     2.7998     2.6237     2.4460 0.0000e+00
      7.000    21.0638   4.547417    32.1862       4057     2.8166     2.6226     2.4348 0.0000e+00
      6.000    21.0995   4.549813    32.1786       4080     2.8326     2.6224     2.4302 0.0000e+00
      5.000    21.1244   4.548901    32.1530       4104     2.8492     2.6145     2.4239 0.0000e+00
      4.000    21.1306   4.550080    32.1580       4129     2.8669     2.6142     2.4225 0.0000e+00
      3.000    21.2848   4.565722    32.1661       4310     2.9923     2.6165     2.4217 0.0000e+00
      2.000    21.2766   4.567387    32.1857       4528     3.1440     2.6189     2.4254 0.0000e+00
      1.000    21.2552   4.565916    32.1905       4569     3.1720     2.6181     2.4234 0.0000e+00
