HB2407/CTD081.cnv
* Sea-Bird SBE 9 Data File:
* FileName = C:\cruise\data\CTD081.hex
* Software Version Seasave V 7.26.7.121
* Temperature SN = 4591
* Conductivity SN = 6006
* Number of Bytes Per Scan = 37
* Number of Voltage Words = 4
* Number of Scans Averaged by the Deck Unit = 1
* NMEA Latitude = 40 21.45 N
* NMEA Longitude = 073 35.02 W
* NMEA UTC (Time) = Sep 23 2024 15:05:23
* NMEA baud rate = 4800
** Ship: Bigelow HB2407
** Program:  Fall Bottom Trawl Survey
** Chief Scientist: John Galbraith
# nquan = 9
# nvalues = 40                          
# units = specified
# name 0 = depSM: Depth [salt water, m]
# name 1 = t090C: Temperature [ITS-90, deg C]
# name 2 = c0S/m: Conductivity [S/m]
# name 3 = sal00: Salinity, Practical [PSU]
# name 4 = scan: Scan Count
# name 5 = timeM: Time, Elapsed [minutes]
# name 6 = sbeox0V: Oxygen raw, SBE 43 [V]
# name 7 = sbeox1V: Oxygen raw, SBE 43, 2 [V]
# name 8 = flag: flag
# span 0 =      1.000,     22.000       
# span 1 =    20.6508,    20.6656       
# span 2 =   4.418532,   4.420379       
# span 3 =    31.4695,    31.4813       
# span 4 =        164,       2276       
# span 5 =     0.1135,     1.5798       
# span 6 =     2.5149,     2.5383       
# span 7 =     2.3300,     2.3436       
# span 8 = 0.0000e+00, 0.0000e+00       
# interval = meters: 1                  
# start_time = Sep 23 2024 15:05:23 [NMEA time, header]
# bad_flag = -9.990e-29
*END*
      4.000    20.6523   4.418552    31.4714        164     0.1135     2.5293     2.3407 0.0000e+00
      5.000    20.6526   4.418666    31.4718        322     0.2227     2.5291     2.3428 0.0000e+00
      6.000    20.6533   4.418754    31.4716        351     0.2432     2.5245     2.3419 0.0000e+00
      7.000    20.6513   4.418532    31.4710        367     0.2540     2.5215     2.3386 0.0000e+00
      8.000    20.6520   4.418608    31.4708        381     0.2640     2.5225     2.3342 0.0000e+00
      9.000    20.6526   4.418686    31.4707        398     0.2759     2.5231     2.3300 0.0000e+00
     10.000    20.6525   4.418686    31.4704        446     0.3089     2.5238     2.3310 0.0000e+00
     11.000    20.6524   4.418811    31.4711        496     0.3440     2.5251     2.3345 0.0000e+00
     12.000    20.6519   4.418768    31.4708        514     0.3561     2.5257     2.3352 0.0000e+00
     13.000    20.6518   4.418782    31.4708        531     0.3684     2.5258     2.3384 0.0000e+00
     14.000    20.6521   4.418859    31.4708        551     0.3822     2.5276     2.3390 0.0000e+00
     15.000    20.6518   4.418949    31.4714        574     0.3979     2.5287     2.3391 0.0000e+00
     16.000    20.6528   4.418997    31.4707        598     0.4143     2.5247     2.3381 0.0000e+00
     17.000    20.6528   4.418970    31.4701        624     0.4325     2.5213     2.3372 0.0000e+00
     18.000    20.6515   4.418923    31.4705        653     0.4531     2.5192     2.3349 0.0000e+00
     19.000    20.6516   4.419121    31.4716        683     0.4733     2.5163     2.3357 0.0000e+00
     20.000    20.6515   4.419734    31.4762        710     0.4922     2.5149     2.3354 0.0000e+00
     21.000    20.6516   4.419935    31.4774        773     0.5363     2.5181     2.3349 0.0000e+00
     22.000    20.6513   4.420275    31.4800       1291     0.8957     2.5204     2.3314 0.0000e+00
     21.000    20.6511   4.420379    31.4813       1475     1.0237     2.5244     2.3359 0.0000e+00
     20.000    20.6510   4.420302    31.4811       1513     1.0497     2.5221     2.3325 0.0000e+00
     19.000    20.6508   4.420262    31.4813       1534     1.0646     2.5178     2.3320 0.0000e+00
     18.000    20.6509   4.420111    31.4803       1554     1.0782     2.5173     2.3320 0.0000e+00
     17.000    20.6512   4.419864    31.4785       1573     1.0914     2.5212     2.3341 0.0000e+00
     16.000    20.6509   4.419806    31.4786       1594     1.1060     2.5231     2.3365 0.0000e+00
     15.000    20.6522   4.419299    31.4738       1629     1.1303     2.5184     2.3385 0.0000e+00
     14.000    20.6528   4.419087    31.4721       1677     1.1637     2.5235     2.3383 0.0000e+00
     13.000    20.6528   4.418993    31.4716       1702     1.1811     2.5275     2.3400 0.0000e+00
     12.000    20.6528   4.418938    31.4715       1720     1.1939     2.5286     2.3394 0.0000e+00
     11.000    20.6529   4.418868    31.4712       1736     1.2051     2.5315     2.3395 0.0000e+00
     10.000    20.6528   4.418836    31.4713       1752     1.2158     2.5319     2.3403 0.0000e+00
      9.000    20.6530   4.418813    31.4713       1779     1.2347     2.5325     2.3391 0.0000e+00
      8.000    20.6534   4.418803    31.4713       1828     1.2690     2.5364     2.3401 0.0000e+00
      7.000    20.6534   4.418807    31.4716       1847     1.2819     2.5317     2.3412 0.0000e+00
      6.000    20.6535   4.418748    31.4714       1863     1.2929     2.5297     2.3391 0.0000e+00
      5.000    20.6539   4.418766    31.4716       1878     1.3034     2.5308     2.3374 0.0000e+00
      4.000    20.6542   4.418757    31.4716       1896     1.3157     2.5330     2.3379 0.0000e+00
      3.000    20.6553   4.418851    31.4719       2000     1.3883     2.5300     2.3436 0.0000e+00
      2.000    20.6608   4.419021    31.4695       2207     1.5317     2.5339     2.3420 0.0000e+00
      1.000    20.6656   4.419641    31.4712       2276     1.5798     2.5383     2.3386 0.0000e+00
