HB2407/CTD056.cnv
* Sea-Bird SBE 9 Data File:
* FileName = C:\cruise\data\CTD056.hex
* Software Version Seasave V 7.26.7.121
* Temperature SN = 4591
* Conductivity SN = 6006
* Number of Bytes Per Scan = 37
* Number of Voltage Words = 4
* Number of Scans Averaged by the Deck Unit = 1
* NMEA Latitude = 34 54.99 N
* NMEA Longitude = 075 47.49 W
* NMEA UTC (Time) = Sep 20 2024 00:25:13
* NMEA baud rate = 4800
** Ship: Bigelow HB2407
** Program:  Fall Bottom Trawl Survey
** Chief Scientist: John Galbraith
# nquan = 9
# nvalues = 42                          
# units = specified
# name 0 = depSM: Depth [salt water, m]
# name 1 = t090C: Temperature [ITS-90, deg C]
# name 2 = c0S/m: Conductivity [S/m]
# name 3 = sal00: Salinity, Practical [PSU]
# name 4 = scan: Scan Count
# name 5 = timeM: Time, Elapsed [minutes]
# name 6 = sbeox0V: Oxygen raw, SBE 43 [V]
# name 7 = sbeox1V: Oxygen raw, SBE 43, 2 [V]
# name 8 = flag: flag
# span 0 =      1.000,     23.000       
# span 1 =    25.7434,    27.2968       
# span 2 =   5.125270,   5.677059       
# span 3 =    33.1075,    35.9167       
# span 4 =        254,       3878       
# span 5 =     0.1755,     2.6926       
# span 6 =     2.5212,     2.6073       
# span 7 =     2.3439,     2.4211       
# span 8 = 0.0000e+00, 0.0000e+00       
# interval = meters: 1                  
# start_time = Sep 20 2024 00:25:13 [NMEA time, header]
# bad_flag = -9.990e-29
*END*
      4.000    25.7463   5.126272    33.1129        254     0.1755     2.6050     2.4179 0.0000e+00
      5.000    25.7434   5.125270    33.1075        383     0.2652     2.6033     2.4193 0.0000e+00
      6.000    25.7846   5.137709    33.1674        438     0.3035     2.6071     2.4185 0.0000e+00
      7.000    26.0140   5.276651    34.0056        474     0.3284     2.6048     2.4175 0.0000e+00
      8.000    25.9816   5.331181    34.4251        502     0.3478     2.6054     2.4211 0.0000e+00
      9.000    26.0098   5.364208    34.6434        530     0.3672     2.5915     2.4154 0.0000e+00
     10.000    26.0701   5.389869    34.7839        567     0.3934     2.5862     2.4094 0.0000e+00
     11.000    26.0746   5.419657    34.9966        617     0.4279     2.5866     2.3993 0.0000e+00
     12.000    26.1323   5.440568    35.1040        662     0.4594     2.5792     2.3971 0.0000e+00
     13.000    26.7595   5.562647    35.5054        701     0.4861     2.5854     2.4003 0.0000e+00
     14.000    27.1299   5.638484    35.7648        734     0.5090     2.5846     2.3989 0.0000e+00
     15.000    27.2728   5.669797    35.8782        763     0.5291     2.5648     2.3870 0.0000e+00
     16.000    27.2968   5.675812    35.9023        794     0.5507     2.5470     2.3723 0.0000e+00
     17.000    27.2961   5.676638    35.9084        839     0.5822     2.5275     2.3533 0.0000e+00
     18.000    27.2956   5.677001    35.9111        891     0.6183     2.5348     2.3506 0.0000e+00
     19.000    27.2930   5.676908    35.9121        933     0.6471     2.5316     2.3501 0.0000e+00
     20.000    27.2926   5.677059    35.9132        971     0.6737     2.5292     2.3522 0.0000e+00
     21.000    27.2753   5.674505    35.9080       1003     0.6961     2.5287     2.3495 0.0000e+00
     22.000    27.2663   5.673176    35.9052       1033     0.7168     2.5239     2.3444 0.0000e+00
     23.000    27.2581   5.672291    35.9048       1107     0.7680     2.5280     2.3439 0.0000e+00
     22.000    27.2776   5.675732    35.9147       2576     1.7884     2.5236     2.3472 0.0000e+00
     21.000    27.2833   5.676596    35.9167       3036     2.1075     2.5291     2.3502 0.0000e+00
     20.000    27.2797   5.676001    35.9156       2987     2.0733     2.5277     2.3491 0.0000e+00
     19.000    27.2782   5.675712    35.9150       3017     2.0942     2.5212     2.3468 0.0000e+00
     18.000    27.2769   5.675453    35.9144       3050     2.1173     2.5253     2.3504 0.0000e+00
     17.000    27.2801   5.675921    35.9156       3088     2.1441     2.5288     2.3506 0.0000e+00
     16.000    27.2818   5.676037    35.9155       3130     2.1728     2.5316     2.3483 0.0000e+00
     15.000    27.2809   5.675563    35.9131       3172     2.2023     2.5311     2.3470 0.0000e+00
     14.000    27.2387   5.666816    35.8835       3207     2.2265     2.5281     2.3475 0.0000e+00
     13.000    27.1380   5.645766    35.8109       3238     2.2479     2.5231     2.3500 0.0000e+00
     12.000    26.7700   5.572447    35.5681       3274     2.2729     2.5244     2.3493 0.0000e+00
     11.000    26.3580   5.490869    35.2962       3309     2.2974     2.5336     2.3495 0.0000e+00
     10.000    26.1321   5.433566    35.0541       3336     2.3160     2.5388     2.3605 0.0000e+00
      9.000    26.1403   5.414176    34.9074       3360     2.3329     2.5581     2.3729 0.0000e+00
      8.000    26.0553   5.380714    34.7292       3392     2.3546     2.5696     2.3886 0.0000e+00
      7.000    26.0507   5.338114    34.4238       3442     2.3895     2.5777     2.3931 0.0000e+00
      6.000    25.9094   5.207998    33.5858       3479     2.4153     2.5880     2.4030 0.0000e+00
      5.000    25.8339   5.161174    33.3020       3509     2.4363     2.5935     2.4072 0.0000e+00
      4.000    25.8061   5.150213    33.2431       3541     2.4582     2.5942     2.4099 0.0000e+00
      3.000    25.7749   5.136468    33.1664       3568     2.4771     2.5983     2.4188 0.0000e+00
      2.000    25.7520   5.128055    33.1224       3762     2.6120     2.6073     2.4148 0.0000e+00
      1.000    25.7577   5.129745    33.1307       3878     2.6926     2.6033     2.4118 0.0000e+00
