HB2407/CTD070.cnv
* Sea-Bird SBE 9 Data File:
* FileName = C:\cruise\data\CTD070.hex
* Software Version Seasave V 7.26.7.121
* Temperature SN = 4591
* Conductivity SN = 6006
* Number of Bytes Per Scan = 37
* Number of Voltage Words = 4
* Number of Scans Averaged by the Deck Unit = 1
* NMEA Latitude = 35 55.80 N
* NMEA Longitude = 075 22.11 W
* NMEA UTC (Time) = Sep 21 2024 15:27:06
* NMEA baud rate = 4800
** Ship: Bigelow HB2407
** Program:  Fall Bottom Trawl Survey
** Chief Scientist: John Galbraith
# nquan = 9
# nvalues = 41                          
# units = specified
# name 0 = depSM: Depth [salt water, m]
# name 1 = t090C: Temperature [ITS-90, deg C]
# name 2 = c0S/m: Conductivity [S/m]
# name 3 = sal00: Salinity, Practical [PSU]
# name 4 = scan: Scan Count
# name 5 = timeM: Time, Elapsed [minutes]
# name 6 = sbeox0V: Oxygen raw, SBE 43 [V]
# name 7 = sbeox1V: Oxygen raw, SBE 43, 2 [V]
# name 8 = flag: flag
# span 0 =      1.000,     22.000       
# span 1 =    22.2149,    22.4952       
# span 2 =   4.529054,   4.544208       
# span 3 =    31.0977,    31.2014       
# span 4 =       -195,       3114       
# span 5 =    -0.1360,     2.1615       
# span 6 =     2.5024,     2.5299       
# span 7 =     2.2577,     2.2879       
# span 8 = 0.0000e+00, 0.0000e+00       
# interval = meters: 1                  
# start_time = Sep 21 2024 15:27:06 [NMEA time, header]
# bad_flag = -9.990e-29
*END*
      3.000    22.4298   4.543324    31.1544       -195    -0.1360     2.5066     2.2583 0.0000e+00
      4.000    22.4613   4.538886    31.0977        250     0.1728     2.5043     2.2703 0.0000e+00
      5.000    22.4937   4.544208    31.1151        312     0.2161     2.5089     2.2641 0.0000e+00
      6.000    22.4777   4.543264    31.1189        339     0.2346     2.5041     2.2577 0.0000e+00
      7.000    22.3474   4.533551    31.1371        383     0.2651     2.5057     2.2729 0.0000e+00
      8.000    22.3669   4.533119    31.1196        425     0.2943     2.5053     2.2675 0.0000e+00
      9.000    22.3420   4.534198    31.1453        450     0.3115     2.5027     2.2700 0.0000e+00
     10.000    22.2898   4.530260    31.1521        467     0.3235     2.5046     2.2768 0.0000e+00
     11.000    22.2630   4.530581    31.1734        482     0.3337     2.5024     2.2823 0.0000e+00
     12.000    22.2432   4.530626    31.1876        496     0.3439     2.5027     2.2844 0.0000e+00
     13.000    22.2376   4.530397    31.1896        514     0.3564     2.5046     2.2817 0.0000e+00
     14.000    22.2285   4.530045    31.1931        543     0.3766     2.5181     2.2855 0.0000e+00
     15.000    22.2268   4.529822    31.1922        595     0.4123     2.5231     2.2797 0.0000e+00
     16.000    22.2241   4.529832    31.1940        631     0.4378     2.5299     2.2849 0.0000e+00
     17.000    22.2209   4.529851    31.1961        659     0.4567     2.5271     2.2849 0.0000e+00
     18.000    22.2196   4.529883    31.1970        683     0.4734     2.5193     2.2879 0.0000e+00
     19.000    22.2162   4.529934    31.1995        703     0.4877     2.5208     2.2818 0.0000e+00
     20.000    22.2149   4.529981    31.2005        721     0.5001     2.5221     2.2773 0.0000e+00
     21.000    22.2150   4.530157    31.2014        738     0.5119     2.5209     2.2813 0.0000e+00
     22.000    22.2163   4.530313    31.2014        787     0.5458     2.5175     2.2819 0.0000e+00
     21.000    22.2204   4.530122    31.1973        829     0.5752     2.5185     2.2767 0.0000e+00
     20.000    22.2173   4.529726    31.1967       2114     1.4677     2.5184     2.2779 0.0000e+00
     19.000    22.2191   4.529574    31.1946       2505     1.7389     2.5176     2.2825 0.0000e+00
     18.000    22.2196   4.529533    31.1943       2516     1.7467     2.5212     2.2790 0.0000e+00
     17.000    22.2198   4.529474    31.1940       2535     1.7598     2.5271     2.2809 0.0000e+00
     16.000    22.2197   4.529425    31.1940       2559     1.7763     2.5245     2.2831 0.0000e+00
     15.000    22.2195   4.529369    31.1940       2593     1.7999     2.5237     2.2733 0.0000e+00
     14.000    22.2192   4.529299    31.1939       2627     1.8237     2.5196     2.2737 0.0000e+00
     13.000    22.2225   4.529240    31.1915       2653     1.8417     2.5211     2.2752 0.0000e+00
     12.000    22.2288   4.529215    31.1871       2675     1.8567     2.5152     2.2775 0.0000e+00
     11.000    22.2380   4.529204    31.1807       2694     1.8699     2.5152     2.2781 0.0000e+00
     10.000    22.2402   4.529172    31.1792       2712     1.8830     2.5196     2.2710 0.0000e+00
      9.000    22.2495   4.529109    31.1724       2733     1.8973     2.5253     2.2734 0.0000e+00
      8.000    22.2517   4.529054    31.1706       2757     1.9142     2.5263     2.2842 0.0000e+00
      7.000    22.2774   4.529333    31.1547       2787     1.9348     2.5219     2.2831 0.0000e+00
      6.000    22.3698   4.533669    31.1224       2825     1.9614     2.5154     2.2836 0.0000e+00
      5.000    22.4413   4.538389    31.1079       2862     1.9868     2.5146     2.2806 0.0000e+00
      4.000    22.4609   4.540608    31.1112       2887     2.0042     2.5122     2.2820 0.0000e+00
      3.000    22.4803   4.541600    31.1053       2909     2.0191     2.5069     2.2759 0.0000e+00
      2.000    22.4929   4.543489    31.1111       2956     2.0520     2.5028     2.2785 0.0000e+00
      1.000    22.4952   4.543774    31.1119       3114     2.1615     2.5051     2.2727 0.0000e+00
