HB2407/CTD013.cnv
* Sea-Bird SBE 9 Data File:
* FileName = C:\cruise\data\CTD013.hex
* Software Version Seasave V 7.26.7.121
* Temperature SN = 4591
* Conductivity SN = 6006
* Number of Bytes Per Scan = 37
* Number of Voltage Words = 4
* Number of Scans Averaged by the Deck Unit = 1
* NMEA Latitude = 38 02.85 N
* NMEA Longitude = 073 50.73 W
* NMEA UTC (Time) = Sep 09 2024 16:39:29
* NMEA baud rate = 4800
** Ship: Bigelow HB2407
** Program:  Fall Bottom Trawl Survey
** Chief Scientist: John Galbraith
# nquan = 9
# nvalues = 561                         
# units = specified
# name 0 = depSM: Depth [salt water, m]
# name 1 = t090C: Temperature [ITS-90, deg C]
# name 2 = c0S/m: Conductivity [S/m]
# name 3 = sal00: Salinity, Practical [PSU]
# name 4 = scan: Scan Count
# name 5 = timeM: Time, Elapsed [minutes]
# name 6 = sbeox0V: Oxygen raw, SBE 43 [V]
# name 7 = sbeox1V: Oxygen raw, SBE 43, 2 [V]
# name 8 = flag: flag
# span 0 =      1.000,    282.000       
# span 1 =     9.6523,    23.1772       
# span 2 =   3.807637,   4.893751       
# span 3 =    32.9497,    35.4004       
# span 4 =        192,      16741       
# span 5 =     0.1329,    11.6251       
# span 6 =     1.5572,     3.0050       
# span 7 =     1.4424,     2.7243       
# span 8 = 0.0000e+00, 0.0000e+00       
# interval = meters: 1                  
# start_time = Sep 09 2024 16:39:29 [NMEA time, header]
# bad_flag = -9.990e-29
*END*
[from data line 481]
     80.000    12.2994   4.028069    34.9586      14280     9.9156     1.9883     1.8340 0.0000e+00
     79.000    12.2983   4.026463    34.9445      14301     9.9308     2.0000     1.8403 0.0000e+00
     78.000    12.2896   4.024057    34.9297      14323     9.9460     2.0175     1.8510 0.0000e+00
     77.000    12.2854   4.021430    34.9086      14348     9.9629     2.0349     1.8644 0.0000e+00
     76.000    12.2821   4.020231    34.9005      14377     9.9831     2.0511     1.8765 0.0000e+00
     75.000    12.2804   4.018781    34.8885      14407    10.0038     2.0643     1.8900 0.0000e+00
     74.000    12.2773   4.017079    34.8752      14433    10.0225     2.0697     1.9007 0.0000e+00
     73.000    12.2735   4.015781    34.8666      14459    10.0405     2.0750     1.9086 0.0000e+00
     72.000    12.2720   4.015269    34.8636      14486    10.0588     2.0825     1.9159 0.0000e+00
     71.000    12.2701   4.014518    34.8584      14512    10.0767     2.0869     1.9227 0.0000e+00
     70.000    12.2661   4.012812    34.8461      14536    10.0938     2.0921     1.9286 0.0000e+00
     69.000    12.2640   4.011828    34.8389      14560    10.1104     2.0974     1.9325 0.0000e+00
     68.000    12.2576   4.009411    34.8219      14585    10.1275     2.1008     1.9335 0.0000e+00
     67.000    12.2513   4.007337    34.8081      14610    10.1453     2.1070     1.9377 0.0000e+00
     66.000    12.2447   4.005612    34.7979      14637    10.1639     2.1166     1.9431 0.0000e+00
     65.000    12.2327   4.002212    34.7766      14665    10.1834     2.1225     1.9476 0.0000e+00
     64.000    12.2266   4.000148    34.7626      14695    10.2043     2.1275     1.9537 0.0000e+00
     63.000    12.2263   3.998387    34.7462      14725    10.2252     2.1327     1.9595 0.0000e+00
     62.000    12.2321   3.996982    34.7276      14751    10.2431     2.1336     1.9658 0.0000e+00
     61.000    12.2324   3.994874    34.7073      14773    10.2581     2.1329     1.9716 0.0000e+00
     60.000    12.2277   3.992431    34.6884      14793    10.2720     2.1382     1.9744 0.0000e+00
     59.000    12.2239   3.991277    34.6813      14813    10.2859     2.1455     1.9760 0.0000e+00
     58.000    12.2102   3.986777    34.6507      14836    10.3023     2.1535     1.9805 0.0000e+00
     57.000    12.1891   3.979432    34.5994      14871    10.3267     2.1650     1.9860 0.0000e+00
     56.000    12.1742   3.974014    34.5611      14913    10.3554     2.1730     1.9939 0.0000e+00
     55.000    12.1662   3.971702    34.5464      14939    10.3738     2.1814     1.9995 0.0000e+00
     54.000    12.1363   3.961814    34.4784      14960    10.3878     2.1876     2.0046 0.0000e+00
     53.000    12.1172   3.956164    34.4417      14978    10.4007     2.1901     2.0099 0.0000e+00
     52.000    12.1082   3.953418    34.4237      14997    10.4139     2.1960     2.0145 0.0000e+00
     51.000    12.1066   3.952650    34.4182      15019    10.4292     2.2031     2.0222 0.0000e+00
     50.000    12.1015   3.951265    34.4098      15046    10.4482     2.2123     2.0322 0.0000e+00
     49.000    12.0990   3.950448    34.4046      15080    10.4712     2.2204     2.0406 0.0000e+00
     48.000    12.0958   3.949428    34.3981      15115    10.4961     2.2226     2.0470 0.0000e+00
     47.000    12.0743   3.944011    34.3657      15147    10.5178     2.2251     2.0517 0.0000e+00
     46.000    12.0616   3.940376    34.3425      15171    10.5344     2.2271     2.0539 0.0000e+00
     45.000    12.0585   3.939580    34.3380      15191    10.5483     2.2305     2.0557 0.0000e+00
     44.000    12.0508   3.937332    34.3236      15209    10.5613     2.2340     2.0590 0.0000e+00
     43.000    12.0460   3.935826    34.3138      15228    10.5746     2.2355     2.0596 0.0000e+00
     42.000    11.9993   3.923755    34.2398      15251    10.5901     2.2372     2.0594 0.0000e+00
     41.000    11.9911   3.917662    34.1884      15282    10.6116     2.2444     2.0649 0.0000e+00
     40.000    11.9854   3.910169    34.1211      15322    10.6399     2.2567     2.0721 0.0000e+00
     39.000    12.0398   3.904421    34.0160      15354    10.6618     2.2694     2.0819 0.0000e+00
     38.000    12.1926   3.902393    33.8579      15378    10.6783     2.2841     2.0895 0.0000e+00
     37.000    12.2227   3.898938    33.7977      15399    10.6930     2.3073     2.1012 0.0000e+00
     36.000    12.1989   3.886898    33.7031      15420    10.7074     2.3376     2.1186 0.0000e+00
     35.000    12.1300   3.874313    33.6440      15441    10.7225     2.3690     2.1411 0.0000e+00
     34.000    12.0698   3.861807    33.5775      15465    10.7390     2.3914     2.1673 0.0000e+00
     33.000    12.1125   3.864076    33.5615      15493    10.7581     2.4115     2.1964 0.0000e+00
     32.000    12.3069   3.879197    33.5335      15525    10.7804     2.4376     2.2230 0.0000e+00
     31.000    12.9652   3.937002    33.5004      15557    10.8027     2.4683     2.2423 0.0000e+00
     30.000    13.6955   4.013297    33.5757      15584    10.8216     2.5307     2.2690 0.0000e+00
     29.000    14.0507   4.056071    33.6628      15607    10.8378     2.6102     2.3092 0.0000e+00
     28.000    14.0156   4.050747    33.6444      15630    10.8533     2.6758     2.3574 0.0000e+00
     27.000    14.9031   4.128647    33.5894      15652    10.8690     2.7286     2.3973 0.0000e+00
     26.000    15.5896   4.183436    33.4961      15676    10.8855     2.7792     2.4388 0.0000e+00
     25.000    15.9765   4.212334    33.4263      15702    10.9035     2.8366     2.4959 0.0000e+00
     24.000    16.2181   4.234097    33.4156      15732    10.9246     2.8947     2.5675 0.0000e+00
     23.000    16.4126   4.247574    33.3716      15765    10.9472     2.9180     2.6219 0.0000e+00
     22.000    17.0038   4.284953    33.2068      15792    10.9663     2.9185     2.6515 0.0000e+00
     21.000    17.5140   4.329968    33.1758      15816    10.9826     2.9475     2.6734 0.0000e+00
     20.000    18.2179   4.385499    33.0764      15839    10.9983     2.9814     2.6955 0.0000e+00
     19.000    18.6243   4.427464    33.1021      15862    11.0148     3.0050     2.7136 0.0000e+00
     18.000    19.3440   4.481835    32.9799      15887    11.0322     2.9759     2.7243 0.0000e+00
     17.000    20.4301   4.582752    32.9497      15913    11.0498     2.9422     2.7187 0.0000e+00
     16.000    21.2117   4.666848    33.0163      15938    11.0676     2.9014     2.7114 0.0000e+00
     15.000    21.9064   4.739461    33.0552      15966    11.0866     2.8360     2.6797 0.0000e+00
     14.000    22.2047   4.775196    33.1064      15994    11.1060     2.7575     2.6232 0.0000e+00
     13.000    22.5617   4.815381    33.1463      16021    11.1247     2.7009     2.5636 0.0000e+00
     12.000    22.7693   4.840473    33.1825      16047    11.1429     2.6675     2.5209 0.0000e+00
     11.000    22.8101   4.844860    33.1857      16072    11.1607     2.6493     2.4896 0.0000e+00
     10.000    22.9307   4.854853    33.1715      16098    11.1783     2.6244     2.4593 0.0000e+00
      9.000    23.0012   4.862186    33.1746      16123    11.1961     2.6099     2.4392 0.0000e+00
      8.000    23.0229   4.863501    33.1687      16148    11.2133     2.6068     2.4279 0.0000e+00
      7.000    23.0304   4.863118    33.1604      16172    11.2298     2.6021     2.4174 0.0000e+00
      6.000    23.0315   4.862298    33.1536      16196    11.2462     2.5953     2.4180 0.0000e+00
      5.000    23.0342   4.861483    33.1457      16220    11.2635     2.6001     2.4141 0.0000e+00
      4.000    23.0403   4.860860    33.1366      16246    11.2813     2.6013     2.4128 0.0000e+00
      3.000    23.0460   4.853341    33.0752      16566    11.5031     2.6116     2.4070 0.0000e+00
      2.000    23.0272   4.851351    33.0744      16723    11.6127     2.6152     2.4162 0.0000e+00
      1.000    23.0582   4.853619    33.0688      16741    11.6251     2.6123     2.4155 0.0000e+00
