HB2407/CTD010.cnv
* Sea-Bird SBE 9 Data File:
* FileName = C:\cruise\data\CTD010.hex
* Software Version Seasave V 7.26.7.121
* Temperature SN = 4591
* Conductivity SN = 6006
* Number of Bytes Per Scan = 37
* Number of Voltage Words = 4
* Number of Scans Averaged by the Deck Unit = 1
* NMEA Latitude = 38 35.53 N
* NMEA Longitude = 073 45.16 W
* NMEA UTC (Time) = Sep 08 2024 23:41:38
* NMEA baud rate = 4800
** Ship: Bigelow HB2407
** Program:  Fall Bottom Trawl Survey
** Chief Scientist: John Galbraith
# nquan = 9
# nvalues = 109                         
# units = specified
# name 0 = depSM: Depth [salt water, m]
# name 1 = t090C: Temperature [ITS-90, deg C]
# name 2 = c0S/m: Conductivity [S/m]
# name 3 = sal00: Salinity, Practical [PSU]
# name 4 = scan: Scan Count
# name 5 = timeM: Time, Elapsed [minutes]
# name 6 = sbeox0V: Oxygen raw, SBE 43 [V]
# name 7 = sbeox1V: Oxygen raw, SBE 43, 2 [V]
# name 8 = flag: flag
# span 0 =      1.000,     56.000       
# span 1 =     7.6493,    20.4930       
# span 2 =   3.319960,   4.443081       
# span 3 =    31.5519,    32.3099       
# span 4 =        170,       4550       
# span 5 =     0.1176,     3.1588       
# span 6 =     2.0811,     2.9673       
# span 7 =     1.9206,     2.6839       
# span 8 = 0.0000e+00, 0.0000e+00       
# interval = meters: 1                  
# start_time = Sep 08 2024 23:41:38 [NMEA time, header]
# bad_flag = -9.990e-29
*END*
      3.000    20.4880   4.442293    31.7835        170     0.1176     2.6443     2.4450 0.0000e+00
      4.000    20.4872   4.442278    31.7836        306     0.2115     2.6438     2.4436 0.0000e+00
      5.000    20.4887   4.442437    31.7834        350     0.2426     2.6422     2.4420 0.0000e+00
      6.000    20.4860   4.442274    31.7838        403     0.2793     2.6426     2.4436 0.0000e+00
      7.000    20.4815   4.441855    31.7835        444     0.3078     2.6428     2.4438 0.0000e+00
      8.000    20.4910   4.442746    31.7832        481     0.3336     2.6435     2.4456 0.0000e+00
      9.000    20.4889   4.442645    31.7836        510     0.3537     2.6452     2.4442 0.0000e+00
     10.000    20.4901   4.442774    31.7834        535     0.3707     2.6379     2.4498 0.0000e+00
     11.000    20.4922   4.442999    31.7833        559     0.3875     2.6362     2.4515 0.0000e+00
     12.000    20.4930   4.443081    31.7831        585     0.4055     2.6371     2.4486 0.0000e+00
     13.000    20.4769   4.441963    31.7859        613     0.4251     2.6320     2.4512 0.0000e+00
     14.000    19.0711   4.322728    31.8823        639     0.4433     2.6356     2.4463 0.0000e+00
     15.000    16.7563   4.117962    31.9635        662     0.4589     2.5944     2.4303 0.0000e+00
     16.000    15.1063   3.986243    32.1357        685     0.4748     2.5719     2.4072 0.0000e+00
     17.000    13.2822   3.827473    32.1982        715     0.4958     2.6080     2.4408 0.0000e+00
     18.000    11.8656   3.701424    32.2108        750     0.5204     2.6519     2.5086 0.0000e+00
     19.000    11.3451   3.655137    32.2119        778     0.5396     2.6785     2.5409 0.0000e+00
     20.000    10.8893   3.614570    32.2110        801     0.5559     2.7044     2.5625 0.0000e+00
     21.000    10.5412   3.586307    32.2363        828     0.5745     2.7078     2.5683 0.0000e+00
     22.000    10.3575   3.571327    32.2486        860     0.5962     2.7082     2.5538 0.0000e+00
     23.000    10.2545   3.565352    32.2797        887     0.6155     2.6987     2.5282 0.0000e+00
     24.000     9.8418   3.531940    32.3099        912     0.6327     2.6795     2.5043 0.0000e+00
     25.000     9.4783   3.498567    32.2955        939     0.6512     2.6313     2.4707 0.0000e+00
     26.000     9.1877   3.471405    32.2780        969     0.6725     2.5379     2.3991 0.0000e+00
     27.000     8.8114   3.435958    32.2514       1001     0.6943     2.4465     2.3120 0.0000e+00
     28.000     8.6220   3.417638    32.2321       1029     0.7137     2.3771     2.2423 0.0000e+00
     29.000     8.5149   3.406993    32.2179       1053     0.7308     2.3258     2.1899 0.0000e+00
     30.000     8.3563   3.391302    32.1974       1079     0.7484     2.2878     2.1451 0.0000e+00
     31.000     8.2142   3.377059    32.1768       1109     0.7691     2.2560     2.1054 0.0000e+00
     32.000     8.1387   3.369080    32.1611       1138     0.7898     2.2310     2.0780 0.0000e+00
     33.000     8.1046   3.365483    32.1537       1162     0.8065     2.2161     2.0603 0.0000e+00
     34.000     8.0751   3.362201    32.1455       1186     0.8229     2.2050     2.0463 0.0000e+00
     35.000     8.0496   3.359183    32.1365       1218     0.8449     2.1911     2.0315 0.0000e+00
     36.000     7.8738   3.342859    32.1239       1251     0.8683     2.1805     2.0205 0.0000e+00
     37.000     7.7308   3.330493    32.1232       1276     0.8857     2.1728     2.0125 0.0000e+00
     38.000     7.6899   3.326715    32.1200       1300     0.9021     2.1602     2.0034 0.0000e+00
     39.000     7.6761   3.325349    32.1176       1325     0.9192     2.1443     1.9880 0.0000e+00
     40.000     7.6720   3.324716    32.1141       1351     0.9374     2.1294     1.9723 0.0000e+00
     41.000     7.6658   3.323995    32.1117       1382     0.9592     2.1178     1.9585 0.0000e+00
     42.000     7.6665   3.323748    32.1079       1415     0.9818     2.1110     1.9485 0.0000e+00
     43.000     7.6653   3.323513    32.1060       1440     0.9995     2.1060     1.9421 0.0000e+00
     44.000     7.6628   3.323200    32.1046       1464     1.0162     2.1015     1.9392 0.0000e+00
     45.000     7.6626   3.323007    32.1023       1492     1.0352     2.0994     1.9371 0.0000e+00
     46.000     7.6632   3.322864    32.0997       1522     1.0564     2.0985     1.9345 0.0000e+00
     47.000     7.6621   3.322707    32.0985       1550     1.0756     2.0975     1.9322 0.0000e+00
     48.000     7.6632   3.322718    32.0971       1575     1.0934     2.0969     1.9313 0.0000e+00
     49.000     7.6635   3.322640    32.0956       1601     1.1113     2.0954     1.9311 0.0000e+00
     50.000     7.6569   3.321984    32.0942       1628     1.1297     2.0950     1.9298 0.0000e+00
     51.000     7.6524   3.321505    32.0927       1655     1.1484     2.0954     1.9281 0.0000e+00
     52.000     7.6502   3.321223    32.0912       1683     1.1677     2.0946     1.9281 0.0000e+00
     53.000     7.6494   3.321061    32.0897       1713     1.1892     2.0943     1.9280 0.0000e+00
     54.000     7.6493   3.320984    32.0886       1741     1.2087     2.0924     1.9276 0.0000e+00
     55.000     7.6500   3.321039    32.0880       1766     1.2256     2.0904     1.9264 0.0000e+00
     56.000     7.6536   3.320140    32.0747       2543     1.7655     2.0811     1.9216 0.0000e+00
     55.000     7.6538   3.320180    32.0754       2790     1.9366     2.0850     1.9209 0.0000e+00
     54.000     7.6533   3.320092    32.0754       2810     1.9509     2.0847     1.9210 0.0000e+00
     53.000     7.6525   3.319960    32.0752       2841     1.9723     2.0849     1.9207 0.0000e+00
     52.000     7.6546   3.320091    32.0751       2873     1.9942     2.0845     1.9211 0.0000e+00
     51.000     7.6578   3.320331    32.0752       2896     2.0108     2.0854     1.9206 0.0000e+00
     50.000     7.6598   3.320498    32.0756       2916     2.0245     2.0847     1.9211 0.0000e+00
     49.000     7.6618   3.320611    32.0754       2937     2.0391     2.0867     1.9233 0.0000e+00
     48.000     7.6626   3.320652    32.0756       2965     2.0584     2.0891     1.9246 0.0000e+00
     47.000     7.6647   3.320755    32.0752       2996     2.0799     2.0891     1.9237 0.0000e+00
     46.000     7.6666   3.320871    32.0752       3021     2.0973     2.0869     1.9226 0.0000e+00
     45.000     7.6667   3.320845    32.0753       3045     2.1136     2.0854     1.9230 0.0000e+00
     44.000     7.6666   3.320812    32.0755       3072     2.1329     2.0875     1.9242 0.0000e+00
     43.000     7.6660   3.320719    32.0755       3101     2.1526     2.0887     1.9242 0.0000e+00
     42.000     7.6654   3.320625    32.0755       3124     2.1689     2.0882     1.9249 0.0000e+00
     41.000     7.6680   3.320704    32.0744       3147     2.1845     2.0871     1.9249 0.0000e+00
     40.000     7.6724   3.320943    32.0734       3172     2.2023     2.0856     1.9263 0.0000e+00
     39.000     7.6781   3.321189    32.0713       3203     2.2235     2.0849     1.9270 0.0000e+00
     38.000     7.6820   3.321297    32.0693       3231     2.2432     2.0878     1.9273 0.0000e+00
     37.000     7.7285   3.324431    32.0604       3255     2.2595     2.0916     1.9286 0.0000e+00
     36.000     7.8417   3.333837    32.0573       3277     2.2753     2.0942     1.9294 0.0000e+00
     35.000     7.9828   3.346490    32.0629       3304     2.2935     2.1008     1.9321 0.0000e+00
     34.000     8.0705   3.355047    32.0739       3332     2.3133     2.1152     1.9401 0.0000e+00
     33.000     8.1128   3.358975    32.0773       3358     2.3315     2.1292     1.9512 0.0000e+00
     32.000     8.1336   3.361191    32.0822       3383     2.3489     2.1435     1.9642 0.0000e+00
     31.000     8.1542   3.362950    32.0825       3410     2.3676     2.1549     1.9769 0.0000e+00
     30.000     8.2256   3.369790    32.0900       3440     2.3879     2.1618     1.9875 0.0000e+00
     29.000     8.3414   3.380627    32.0990       3468     2.4079     2.1718     1.9955 0.0000e+00
     28.000     8.4971   3.394576    32.1043       3494     2.4255     2.1801     2.0026 0.0000e+00
     27.000     8.5904   3.403734    32.1159       3516     2.4413     2.1886     2.0083 0.0000e+00
     26.000     8.7457   3.417424    32.1183       3539     2.4572     2.1996     2.0171 0.0000e+00
     25.000     9.0113   3.441335    32.1270       3565     2.4751     2.2163     2.0291 0.0000e+00
     24.000     9.1991   3.459983    32.1508       3596     2.4967     2.2400     2.0455 0.0000e+00
     23.000     9.6597   3.497047    32.1180       3625     2.5170     2.2701     2.0664 0.0000e+00
     22.000     9.9859   3.527819    32.1403       3651     2.5348     2.3075     2.0930 0.0000e+00
     21.000    10.2106   3.546149    32.1263       3678     2.5533     2.3600     2.1295 0.0000e+00
     20.000    10.3306   3.553305    32.0924       3704     2.5717     2.4286     2.1829 0.0000e+00
     19.000    10.5333   3.566230    32.0437       3728     2.5883     2.4941     2.2404 0.0000e+00
     18.000    10.7765   3.585387    32.0214       3751     2.6045     2.5541     2.3020 0.0000e+00
     17.000    11.1930   3.619089    31.9915       3779     2.6234     2.6292     2.3684 0.0000e+00
     16.000    11.9335   3.681956    31.9654       3810     2.6453     2.7116     2.4380 0.0000e+00
     15.000    13.5020   3.812634    31.8770       3841     2.6664     2.7865     2.5065 0.0000e+00
     14.000    15.4901   3.974281    31.7174       3867     2.6848     2.8537     2.5681 0.0000e+00
     13.000    17.6621   4.152865    31.5519       3894     2.7036     2.9400     2.6365 0.0000e+00
     12.000    19.0285   4.285296    31.6090       3924     2.7243     2.9673     2.6839 0.0000e+00
     11.000    20.0857   4.383715    31.6122       3952     2.7440     2.8983     2.6552 0.0000e+00
     10.000    20.2810   4.407425    31.6569       3978     2.7619     2.8158     2.6029 0.0000e+00
      9.000    20.3019   4.411608    31.6751       4004     2.7798     2.7531     2.5376 0.0000e+00
      8.000    20.3346   4.416668    31.6915       4030     2.7982     2.7057     2.4909 0.0000e+00
      7.000    20.3665   4.421342    31.7054       4058     2.8172     2.6802     2.4662 0.0000e+00
      6.000    20.3700   4.422641    31.7135       4085     2.8363     2.6616     2.4519 0.0000e+00
      5.000    20.3951   4.425433    31.7174       4110     2.8536     2.6522     2.4468 0.0000e+00
      4.000    20.4234   4.428769    31.7233       4134     2.8700     2.6492     2.4445 0.0000e+00
      3.000    20.4169   4.429454    31.7339       4162     2.8897     2.6461     2.4452 0.0000e+00
      2.000    20.4818   4.438106    31.7549       4378     3.0396     2.6460     2.4483 0.0000e+00
      1.000    20.4778   4.438984    31.7653       4550     3.1588     2.6428     2.4497 0.0000e+00
