HB2407/CTD036.cnv
* Sea-Bird SBE 9 Data File:
* FileName = C:\cruise\data\CTD036.hex
* Software Version Seasave V 7.26.7.121
* Temperature SN = 4591
* Conductivity SN = 6006
* Number of Bytes Per Scan = 37
* Number of Voltage Words = 4
* Number of Scans Averaged by the Deck Unit = 1
* NMEA Latitude = 38 54.47 N
* NMEA Longitude = 074 34.82 W
* NMEA UTC (Time) = Sep 17 2024 09:03:49
* NMEA baud rate = 4800
** Ship: Bigelow HB2407
** Program:  Fall Bottom Trawl Survey
** Chief Scientist: John Galbraith
# nquan = 9
# nvalues = 34                          
# units = specified
# name 0 = depSM: Depth [salt water, m]
# name 1 = t090C: Temperature [ITS-90, deg C]
# name 2 = c0S/m: Conductivity [S/m]
# name 3 = sal00: Salinity, Practical [PSU]
# name 4 = scan: Scan Count
# name 5 = timeM: Time, Elapsed [minutes]
# name 6 = sbeox0V: Oxygen raw, SBE 43 [V]
# name 7 = sbeox1V: Oxygen raw, SBE 43, 2 [V]
# name 8 = flag: flag
# span 0 =      1.000,     19.000       
# span 1 =    21.6787,    21.7021       
# span 2 =   4.432022,   4.434106       
# span 3 =    30.8155,    30.8408       
# span 4 =         96,       1978       
# span 5 =     0.0658,     1.3731       
# span 6 =     2.5462,     2.5703       
# span 7 =     2.3585,     2.3794       
# span 8 = 0.0000e+00, 0.0000e+00       
# interval = meters: 1                  
# start_time = Sep 17 2024 09:03:49 [NMEA time, header]
# bad_flag = -9.990e-29
*END*
      4.000    21.6978   4.433116    30.8263         96     0.0658     2.5621     2.3758 0.0000e+00
      5.000    21.6970   4.432963    30.8253        220     0.1523     2.5670     2.3794 0.0000e+00
      6.000    21.6984   4.432975    30.8242        244     0.1684     2.5669     2.3790 0.0000e+00
      7.000    21.6990   4.433118    30.8245        275     0.1903     2.5658     2.3758 0.0000e+00
      8.000    21.6998   4.433194    30.8242        324     0.2246     2.5669     2.3706 0.0000e+00
      9.000    21.6992   4.433227    30.8246        342     0.2371     2.5652     2.3702 0.0000e+00
     10.000    21.6997   4.433723    30.8277        357     0.2472     2.5616     2.3705 0.0000e+00
     11.000    21.7020   4.433604    30.8249        372     0.2579     2.5637     2.3712 0.0000e+00
     12.000    21.7021   4.433697    30.8252        395     0.2734     2.5647     2.3731 0.0000e+00
     13.000    21.7020   4.433848    30.8262        453     0.3141     2.5642     2.3717 0.0000e+00
     14.000    21.6963   4.434007    30.8311        487     0.3373     2.5642     2.3707 0.0000e+00
     15.000    21.6962   4.434106    30.8317        503     0.3484     2.5641     2.3714 0.0000e+00
     16.000    21.6928   4.434053    30.8334        517     0.3584     2.5621     2.3713 0.0000e+00
     17.000    21.6887   4.434011    30.8356        532     0.3687     2.5615     2.3689 0.0000e+00
     18.000    21.6801   4.433931    30.8408        550     0.3810     2.5611     2.3670 0.0000e+00
     19.000    21.6787   4.433823    30.8407        586     0.4063     2.5543     2.3663 0.0000e+00
     18.000    21.6825   4.433911    30.8390        609     0.4225     2.5481     2.3636 0.0000e+00
     17.000    21.6827   4.433947    30.8395       1060     0.7355     2.5482     2.3585 0.0000e+00
     16.000    21.6890   4.434053    30.8361       1333     0.9247     2.5462     2.3635 0.0000e+00
     15.000    21.6906   4.434027    30.8351       1336     0.9271     2.5468     2.3645 0.0000e+00
     14.000    21.6935   4.434042    30.8334       1350     0.9371     2.5492     2.3647 0.0000e+00
     13.000    21.6938   4.433978    30.8330       1365     0.9474     2.5540     2.3631 0.0000e+00
     12.000    21.6972   4.433776    30.8293       1382     0.9588     2.5598     2.3602 0.0000e+00
     11.000    21.6974   4.433701    30.8289       1402     0.9731     2.5629     2.3623 0.0000e+00
     10.000    21.6993   4.433548    30.8267       1427     0.9901     2.5592     2.3687 0.0000e+00
      9.000    21.6997   4.433508    30.8264       1472     1.0216     2.5603     2.3708 0.0000e+00
      8.000    21.7003   4.433461    30.8259       1543     1.0707     2.5649     2.3687 0.0000e+00
      7.000    21.7008   4.433191    30.8238       1556     1.0795     2.5610     2.3692 0.0000e+00
      6.000    21.7009   4.433182    30.8239       1568     1.0882     2.5617     2.3693 0.0000e+00
      5.000    21.7006   4.432022    30.8155       1579     1.0960     2.5621     2.3721 0.0000e+00
      4.000    21.7002   4.432997    30.8236       1591     1.1045     2.5622     2.3727 0.0000e+00
      3.000    21.6996   4.432920    30.8238       1609     1.1164     2.5624     2.3726 0.0000e+00
      2.000    21.6991   4.432872    30.8241       1796     1.2468     2.5703     2.3771 0.0000e+00
      1.000    21.6986   4.432861    30.8246       1978     1.3731     2.5672     2.3764 0.0000e+00
