HB2407/CTD019.cnv
* Sea-Bird SBE 9 Data File:
* FileName = C:\cruise\data\CTD019.hex
* Software Version Seasave V 7.26.7.121
* Temperature SN = 4591
* Conductivity SN = 6006
* Number of Bytes Per Scan = 37
* Number of Voltage Words = 4
* Number of Scans Averaged by the Deck Unit = 1
* NMEA Latitude = 37 50.03 N
* NMEA Longitude = 074 27.29 W
* NMEA UTC (Time) = Sep 10 2024 07:28:33
** Ship: Bigelow HB2407
** Program:  Fall Bottom Trawl Survey
** Chief Scientist: John Galbraith
# nquan = 9
# nvalues = 107                         
# units = specified
# name 0 = depSM: Depth [salt water, m]
# name 1 = t090C: Temperature [ITS-90, deg C]
# name 2 = c0S/m: Conductivity [S/m]
# name 3 = sal00: Salinity, Practical [PSU]
# name 4 = scan: Scan Count
# name 5 = timeM: Time, Elapsed [minutes]
# name 6 = sbeox0V: Oxygen raw, SBE 43 [V]
# name 7 = sbeox1V: Oxygen raw, SBE 43, 2 [V]
# name 8 = flag: flag
# span 0 =      1.000,     55.000       
# span 1 =     7.9213,    21.3750       
# span 2 =   3.335630,   4.636140       
# span 3 =    31.9873,    32.7270       
# span 4 =        178,       4328       
# span 5 =     0.1232,     3.0047       
# span 6 =     2.1203,     2.8734       
# span 7 =     1.9628,     2.5877       
# span 8 = 0.0000e+00, 0.0000e+00       
# interval = meters: 1                  
# start_time = Sep 10 2024 07:28:33 [NMEA time, header]
# bad_flag = -9.990e-29
*END*
      3.000    21.2767   4.611733    32.5352        178     0.1232     2.6094     2.4197 0.0000e+00
      4.000    21.2784   4.612012    32.5357        338     0.2340     2.6124     2.4176 0.0000e+00
      5.000    21.2785   4.612044    32.5356        364     0.2524     2.6062     2.4191 0.0000e+00
      6.000    21.2807   4.612256    32.5353        390     0.2701     2.6058     2.4172 0.0000e+00
      7.000    21.2753   4.611845    32.5358        414     0.2870     2.6109     2.4164 0.0000e+00
      8.000    21.2860   4.613085    32.5371        439     0.3041     2.6149     2.4182 0.0000e+00
      9.000    21.3246   4.618863    32.5531        467     0.3238     2.6120     2.4169 0.0000e+00
     10.000    21.3212   4.618316    32.5511        497     0.3444     2.6096     2.4177 0.0000e+00
     11.000    21.3750   4.628132    32.5873        524     0.3629     2.6073     2.4193 0.0000e+00
     12.000    21.3240   4.636140    32.6889        549     0.3803     2.6052     2.4183 0.0000e+00
     13.000    21.1631   4.625481    32.7270        574     0.3979     2.6085     2.4178 0.0000e+00
     14.000    19.4899   4.455726    32.6512        600     0.4158     2.6070     2.4187 0.0000e+00
     15.000    18.3331   4.347366    32.6647        626     0.4338     2.5749     2.4071 0.0000e+00
     16.000    16.9362   4.217825    32.6828        652     0.4523     2.5989     2.4171 0.0000e+00
     17.000    15.5424   4.077496    32.5911        679     0.4705     2.6254     2.4460 0.0000e+00
     18.000    13.2750   3.855053    32.4590        705     0.4886     2.6313     2.4723 0.0000e+00
     19.000    11.4041   3.673340    32.3385        731     0.5071     2.5996     2.4725 0.0000e+00
     20.000    10.7167   3.609803    32.3158        759     0.5267     2.5884     2.4664 0.0000e+00
     21.000    10.3588   3.574928    32.2840        789     0.5476     2.6026     2.4760 0.0000e+00
     22.000    10.0282   3.543943    32.2658        818     0.5675     2.6074     2.4687 0.0000e+00
     23.000     9.7829   3.521279    32.2548        843     0.5850     2.5936     2.4497 0.0000e+00
     24.000     9.4123   3.487520    32.2420        867     0.6016     2.5616     2.4165 0.0000e+00
     25.000     9.1871   3.466297    32.2263        891     0.6184     2.5145     2.3709 0.0000e+00
     26.000     8.8117   3.430452    32.1942        917     0.6361     2.4612     2.3184 0.0000e+00
     27.000     8.6648   3.415656    32.1729        944     0.6547     2.3997     2.2604 0.0000e+00
     28.000     8.3781   3.388194    32.1456        972     0.6743     2.3425     2.2036 0.0000e+00
     29.000     8.2811   3.377511    32.1212       1000     0.6937     2.2924     2.1529 0.0000e+00
     30.000     8.2239   3.371206    32.1065       1027     0.7122     2.2549     2.1131 0.0000e+00
     31.000     8.1781   3.366227    32.0953       1053     0.7307     2.2329     2.0825 0.0000e+00
     32.000     8.1322   3.361121    32.0827       1081     0.7497     2.2190     2.0614 0.0000e+00
     33.000     8.1140   3.358693    32.0732       1107     0.7680     2.2093     2.0488 0.0000e+00
     34.000     8.1110   3.357940    32.0675       1134     0.7866     2.2015     2.0388 0.0000e+00
     35.000     8.0996   3.356554    32.0628       1162     0.8060     2.1958     2.0309 0.0000e+00
     36.000     8.0328   3.350152    32.0556       1188     0.8242     2.1926     2.0255 0.0000e+00
     37.000     7.9816   3.344824    32.0455       1212     0.8408     2.1877     2.0221 0.0000e+00
     38.000     7.9502   3.341437    32.0378       1234     0.8564     2.1812     2.0175 0.0000e+00
     39.000     7.9327   3.339384    32.0315       1259     0.8733     2.1722     2.0119 0.0000e+00
     40.000     7.9256   3.338320    32.0263       1289     0.8942     2.1631     2.0049 0.0000e+00
     41.000     7.9227   3.337701    32.0218       1323     0.9178     2.1579     1.9978 0.0000e+00
     42.000     7.9213   3.337323    32.0186       1350     0.9369     2.1529     1.9927 0.0000e+00
     43.000     7.9228   3.337323    32.0168       1374     0.9532     2.1505     1.9899 0.0000e+00
     44.000     7.9241   3.337329    32.0153       1397     0.9692     2.1507     1.9881 0.0000e+00
     45.000     7.9276   3.337560    32.0140       1422     0.9867     2.1511     1.9861 0.0000e+00
     46.000     7.9490   3.339543    32.0150       1450     1.0064     2.1512     1.9854 0.0000e+00
     47.000     8.0801   3.353719    32.0451       1479     1.0267     2.1501     1.9838 0.0000e+00
     48.000     8.1175   3.358639    32.0626       1506     1.0451     2.1508     1.9842 0.0000e+00
     49.000     8.1166   3.358904    32.0657       1531     1.0625     2.1501     1.9841 0.0000e+00
     50.000     8.1148   3.358992    32.0679       1557     1.0802     2.1473     1.9822 0.0000e+00
     51.000     8.1295   3.360885    32.0740       1583     1.0985     2.1419     1.9790 0.0000e+00
     52.000     8.1572   3.364875    32.0905       1609     1.1169     2.1397     1.9763 0.0000e+00
     53.000     8.1548   3.365430    32.0981       1637     1.1361     2.1391     1.9742 0.0000e+00
     54.000     8.1887   3.371025    32.1258       1669     1.1587     2.1378     1.9730 0.0000e+00
     55.000     8.2503   3.379987    32.1636       2149     1.4920     2.1283     1.9648 0.0000e+00
     54.000     8.2285   3.376281    32.1450       2571     1.7846     2.1295     1.9649 0.0000e+00
     53.000     8.2064   3.372859    32.1294       2610     1.8118     2.1268     1.9655 0.0000e+00
     52.000     8.1823   3.369288    32.1142       2636     1.8296     2.1240     1.9653 0.0000e+00
     51.000     8.1799   3.367400    32.0968       2664     1.8492     2.1227     1.9637 0.0000e+00
     50.000     8.1651   3.365972    32.0957       2692     1.8688     2.1203     1.9628 0.0000e+00
     49.000     8.1377   3.361294    32.0718       2719     1.8874     2.1212     1.9633 0.0000e+00
     48.000     8.1323   3.359825    32.0616       2748     1.9073     2.1246     1.9633 0.0000e+00
     47.000     8.1345   3.359883    32.0607       2777     1.9280     2.1255     1.9640 0.0000e+00
     46.000     8.0871   3.354754    32.0502       2804     1.9465     2.1286     1.9654 0.0000e+00
     45.000     8.0586   3.350374    32.0302       2826     1.9620     2.1315     1.9661 0.0000e+00
     44.000     8.0125   3.346310    32.0298       2846     1.9759     2.1313     1.9668 0.0000e+00
     43.000     7.9836   3.341792    32.0087       2867     1.9904     2.1298     1.9672 0.0000e+00
     42.000     7.9544   3.338591    32.0018       2892     2.0075     2.1313     1.9681 0.0000e+00
     41.000     7.9466   3.337317    31.9959       2924     2.0298     2.1348     1.9707 0.0000e+00
     40.000     7.9489   3.337470    31.9958       2957     2.0526     2.1354     1.9735 0.0000e+00
     39.000     7.9358   3.335945    31.9921       2982     2.0704     2.1375     1.9759 0.0000e+00
     38.000     7.9361   3.335630    31.9889       3004     2.0853     2.1395     1.9766 0.0000e+00
     37.000     7.9421   3.336133    31.9893       3025     2.1002     2.1393     1.9768 0.0000e+00
     36.000     7.9477   3.336511    31.9886       3051     2.1179     2.1396     1.9767 0.0000e+00
     35.000     7.9642   3.338053    31.9903       3084     2.1408     2.1438     1.9776 0.0000e+00
     34.000     8.0291   3.343436    31.9887       3115     2.1625     2.1487     1.9797 0.0000e+00
     33.000     8.0710   3.347887    31.9980       3140     2.1798     2.1522     1.9825 0.0000e+00
     32.000     8.0742   3.347997    31.9968       3162     2.1954     2.1564     1.9869 0.0000e+00
     31.000     8.0862   3.349434    32.0015       3184     2.2106     2.1592     1.9898 0.0000e+00
     30.000     8.1302   3.353219    32.0018       3207     2.2266     2.1618     1.9936 0.0000e+00
     29.000     8.1426   3.354435    32.0038       3234     2.2450     2.1673     1.9983 0.0000e+00
     28.000     8.1847   3.358226    32.0060       3262     2.2646     2.1707     2.0014 0.0000e+00
     27.000     8.2145   3.360873    32.0073       3289     2.2836     2.1748     2.0050 0.0000e+00
     26.000     8.4463   3.379838    31.9966       3315     2.3017     2.1838     2.0097 0.0000e+00
     25.000     8.7173   3.406068    32.0261       3341     2.3195     2.1964     2.0151 0.0000e+00
     24.000     8.7785   3.412962    32.0431       3368     2.3380     2.2144     2.0246 0.0000e+00
     23.000     8.8929   3.421115    32.0250       3395     2.3570     2.2420     2.0399 0.0000e+00
     22.000     9.2433   3.451037    32.0197       3421     2.3753     2.2780     2.0561 0.0000e+00
     21.000     9.6971   3.492148    32.0357       3447     2.3929     2.3222     2.0758 0.0000e+00
     20.000    10.0304   3.520915    32.0320       3472     2.4103     2.3727     2.1039 0.0000e+00
     19.000    10.2781   3.543913    32.0450       3496     2.4269     2.4298     2.1395 0.0000e+00
     18.000    10.9948   3.604595    32.0207       3519     2.4430     2.4966     2.1884 0.0000e+00
     17.000    11.5721   3.659834    32.0615       3544     2.4603     2.6004     2.2505 0.0000e+00
     16.000    12.9043   3.796470    32.2285       3573     2.4803     2.7165     2.3279 0.0000e+00
     15.000    14.4210   3.907602    31.9873       3601     2.5002     2.7717     2.4101 0.0000e+00
     14.000    17.0852   4.173867    32.1836       3627     2.5181     2.8125     2.4607 0.0000e+00
     13.000    17.8726   4.257301    32.2712       3652     2.5355     2.8734     2.5379 0.0000e+00
     12.000    19.8297   4.447326    32.3208       3676     2.5522     2.8694     2.5731 0.0000e+00
     11.000    20.4036   4.517677    32.4490       3700     2.5685     2.7964     2.5877 0.0000e+00
     10.000    20.8148   4.557936    32.4572       3725     2.5859     2.7573     2.5673 0.0000e+00
      9.000    21.0608   4.578570    32.4346       3753     2.6058     2.6956     2.5110 0.0000e+00
      8.000    21.0365   4.579001    32.4568       3782     2.6257     2.6521     2.4680 0.0000e+00
      7.000    21.0963   4.583259    32.4455       3806     2.6425     2.6322     2.4431 0.0000e+00
      6.000    21.0856   4.583736    32.4577       3828     2.6578     2.6248     2.4305 0.0000e+00
      5.000    21.1614   4.590022    32.4503       3852     2.6740     2.6218     2.4272 0.0000e+00
      4.000    21.2092   4.596342    32.4644       3877     2.6920     2.6165     2.4199 0.0000e+00
      3.000    21.2572   4.604597    32.4936       4059     2.8180     2.6132     2.4091 0.0000e+00
      2.000    21.2380   4.605382    32.5147       4262     2.9592     2.6098     2.4108 0.0000e+00
      1.000    21.2515   4.606530    32.5138       4328     3.0047     2.6105     2.4120 0.0000e+00
