HB2407/CTD059.cnv
* Sea-Bird SBE 9 Data File:
* FileName = C:\cruise\data\CTD059.hex
* Software Version Seasave V 7.26.7.121
* Temperature SN = 4591
* Conductivity SN = 6006
* Number of Bytes Per Scan = 37
* Number of Voltage Words = 4
* Number of Scans Averaged by the Deck Unit = 1
* NMEA Latitude = 34 49.87 N
* NMEA Longitude = 075 24.73 W
* NMEA UTC (Time) = Sep 20 2024 06:42:50
* NMEA baud rate = 4800
** Ship: Bigelow HB2407
** Program:  Fall Bottom Trawl Survey
** Chief Scientist: John Galbraith
# nquan = 9
# nvalues = 559                         
# units = specified
# name 0 = depSM: Depth [salt water, m]
# name 1 = t090C: Temperature [ITS-90, deg C]
# name 2 = c0S/m: Conductivity [S/m]
# name 3 = sal00: Salinity, Practical [PSU]
# name 4 = scan: Scan Count
# name 5 = timeM: Time, Elapsed [minutes]
# name 6 = sbeox0V: Oxygen raw, SBE 43 [V]
# name 7 = sbeox1V: Oxygen raw, SBE 43, 2 [V]
# name 8 = flag: flag
# span 0 =      1.000,    281.000       
# span 1 =    12.5831,    29.7599       
# span 2 =   4.132211,   6.005197       
# span 3 =    35.6110,    36.6701       
# span 4 =        192,      16308       
# span 5 =     0.1327,    11.3246       
# span 6 =     1.5018,     2.6492       
# span 7 =     1.3956,     2.4612       
# span 8 = 0.0000e+00, 0.0000e+00       
# interval = meters: 1                  
# start_time = Sep 20 2024 06:42:50 [NMEA time, header]
# bad_flag = -9.990e-29
*END*
[from data line 161]
    164.000    19.6825   4.945707    36.4793       4560     3.1658     1.8872     1.7578 0.0000e+00
    165.000    19.6640   4.943618    36.4778       4590     3.1869     1.8807     1.7529 0.0000e+00
    166.000    19.6619   4.943296    36.4766       4618     3.2060     1.8765     1.7414 0.0000e+00
    167.000    19.6084   4.938314    36.4815       4640     3.2213     1.8743     1.7384 0.0000e+00
    168.000    19.5550   4.932498    36.4793       4659     3.2349     1.8702     1.7366 0.0000e+00
    169.000    19.5378   4.930442    36.4769       4681     3.2500     1.8657     1.7337 0.0000e+00
    170.000    19.5077   4.926975    36.4740       4713     3.2722     1.8615     1.7299 0.0000e+00
    171.000    19.4774   4.923589    36.4719       4754     3.3010     1.8550     1.7240 0.0000e+00
    172.000    19.4407   4.919552    36.4700       4780     3.3189     1.8546     1.7224 0.0000e+00
    173.000    19.3926   4.914909    36.4730       4799     3.3321     1.8565     1.7195 0.0000e+00
    174.000    19.3031   4.904764    36.4662       4817     3.3443     1.8557     1.7181 0.0000e+00
    175.000    19.2327   4.896888    36.4616       4836     3.3576     1.8524     1.7181 0.0000e+00
    176.000    19.1145   4.883217    36.4504       4860     3.3745     1.8438     1.7148 0.0000e+00
    177.000    19.0421   4.874210    36.4380       4901     3.4028     1.8316     1.7034 0.0000e+00
    178.000    18.9763   4.866505    36.4306       4942     3.4313     1.8249     1.6976 0.0000e+00
    179.000    18.9569   4.864236    36.4282       4963     3.4461     1.8224     1.6941 0.0000e+00
    180.000    18.9314   4.861541    36.4276       4982     3.4587     1.8211     1.6913 0.0000e+00
    181.000    18.8821   4.855999    36.4239       5001     3.4719     1.8160     1.6885 0.0000e+00
    182.000    18.8593   4.853027    36.4185       5025     3.4889     1.8133     1.6872 0.0000e+00
    183.000    18.8553   4.852438    36.4167       5057     3.5110     1.8141     1.6825 0.0000e+00
    184.000    18.8457   4.851263    36.4149       5085     3.5308     1.8134     1.6785 0.0000e+00
    185.000    18.8127   4.847926    36.4154       5110     3.5480     1.8113     1.6788 0.0000e+00
    186.000    18.7382   4.839705    36.4112       5138     3.5674     1.8069     1.6785 0.0000e+00
    187.000    18.7212   4.837282    36.4053       5171     3.5903     1.8012     1.6753 0.0000e+00
    188.000    18.6867   4.833946    36.4072       5198     3.6089     1.7993     1.6722 0.0000e+00
    189.000    18.5328   4.817604    36.4041       5219     3.6238     1.7997     1.6707 0.0000e+00
    190.000    18.3977   4.801089    36.3829       5241     3.6392     1.7965     1.6696 0.0000e+00
    191.000    18.2479   4.784300    36.3722       5270     3.6588     1.7904     1.6649 0.0000e+00
    192.000    18.0264   4.756487    36.3304       5302     3.6814     1.7808     1.6550 0.0000e+00
    193.000    17.9596   4.750991    36.3422       5328     3.6995     1.7715     1.6474 0.0000e+00
    194.000    17.6358   4.711705    36.2920       5349     3.7142     1.7668     1.6400 0.0000e+00
    195.000    17.6219   4.708789    36.2788       5369     3.7280     1.7589     1.6315 0.0000e+00
    196.000    17.5973   4.705649    36.2732       5394     3.7453     1.7489     1.6244 0.0000e+00
    197.000    17.6217   4.707626    36.2681       5438     3.7754     1.7386     1.6189 0.0000e+00
    198.000    17.6148   4.706539    36.2645       5471     3.7989     1.7381     1.6163 0.0000e+00
    199.000    17.5712   4.702668    36.2695       5490     3.8121     1.7390     1.6161 0.0000e+00
    200.000    17.4581   4.689682    36.2577       5508     3.8246     1.7392     1.6157 0.0000e+00
    201.000    17.4429   4.687427    36.2513       5529     3.8390     1.7347     1.6137 0.0000e+00
    202.000    17.4282   4.685801    36.2499       5558     3.8590     1.7314     1.6086 0.0000e+00
    203.000    17.4228   4.685143    36.2487       5592     3.8829     1.7256     1.6049 0.0000e+00
    204.000    17.4088   4.683667    36.2480       5619     3.9016     1.7240     1.6009 0.0000e+00
    205.000    17.4032   4.683753    36.2534       5642     3.9174     1.7251     1.6000 0.0000e+00
    206.000    17.3830   4.682290    36.2584       5668     3.9353     1.7239     1.6002 0.0000e+00
    207.000    17.3283   4.676791    36.2591       5702     3.9589     1.7198     1.5980 0.0000e+00
    208.000    17.3075   4.674737    36.2595       5732     3.9801     1.7129     1.5953 0.0000e+00
    209.000    17.2126   4.666472    36.2722       5754     3.9949     1.7137     1.5927 0.0000e+00
    210.000    16.9867   4.641301    36.2548       5773     4.0085     1.7115     1.5886 0.0000e+00
    211.000    16.8817   4.628740    36.2389       5795     4.0236     1.7033     1.5830 0.0000e+00
    212.000    16.7607   4.614048    36.2184       5826     4.0449     1.6934     1.5747 0.0000e+00
    213.000    16.7202   4.608536    36.2060       5861     4.0695     1.6825     1.5657 0.0000e+00
    214.000    16.6313   4.598550    36.1978       5887     4.0873     1.6783     1.5629 0.0000e+00
    215.000    16.5515   4.588635    36.1820       5909     4.1026     1.6760     1.5622 0.0000e+00
    216.000    16.4555   4.577365    36.1686       5936     4.1215     1.6762     1.5592 0.0000e+00
    217.000    16.3344   4.563588    36.1557       5976     4.1496     1.6734     1.5543 0.0000e+00
    218.000    16.1463   4.543728    36.1492       6007     4.1707     1.6704     1.5530 0.0000e+00
    219.000    15.9136   4.517942    36.1301       6025     4.1835     1.6684     1.5496 0.0000e+00
    220.000    15.8027   4.505125    36.1158       6041     4.1942     1.6626     1.5458 0.0000e+00
    221.000    15.7065   4.493855    36.1019       6057     4.2054     1.6548     1.5409 0.0000e+00
    222.000    15.5712   4.477809    36.0805       6079     4.2209     1.6471     1.5356 0.0000e+00
    223.000    15.5260   4.470818    36.0584       6133     4.2586     1.6412     1.5287 0.0000e+00
    224.000    15.4852   4.466525    36.0564       6171     4.2847     1.6386     1.5253 0.0000e+00
    225.000    15.4336   4.460222    36.0462       6192     4.2991     1.6371     1.5234 0.0000e+00
    226.000    15.4102   4.457480    36.0425       6212     4.3130     1.6371     1.5212 0.0000e+00
    227.000    15.3776   4.453766    36.0382       6233     4.3276     1.6350     1.5187 0.0000e+00
    228.000    15.3108   4.446191    36.0303       6257     4.3443     1.6334     1.5162 0.0000e+00
    229.000    15.2743   4.441558    36.0213       6286     4.3647     1.6297     1.5134 0.0000e+00
    230.000    15.2537   4.439004    36.0166       6318     4.3869     1.6263     1.5122 0.0000e+00
    231.000    15.2144   4.434602    36.0122       6347     4.4066     1.6248     1.5114 0.0000e+00
    232.000    15.1242   4.424763    36.0051       6372     4.4242     1.6254     1.5115 0.0000e+00
    233.000    14.9388   4.403724    35.9831       6397     4.4416     1.6247     1.5092 0.0000e+00
    234.000    14.8734   4.395300    35.9658       6425     4.4611     1.6184     1.5046 0.0000e+00
    235.000    14.8291   4.390112    35.9587       6457     4.4833     1.6152     1.5004 0.0000e+00
    236.000    14.7522   4.381253    35.9478       6487     4.5040     1.6130     1.4983 0.0000e+00
    237.000    14.7007   4.375115    35.9385       6511     4.5205     1.6114     1.4960 0.0000e+00
    238.000    14.6858   4.372998    35.9324       6532     4.5356     1.6085     1.4949 0.0000e+00
    239.000    14.6659   4.370795    35.9301       6556     4.5519     1.6058     1.4936 0.0000e+00
    240.000    14.6231   4.365783    35.9231       6590     4.5759     1.6045     1.4905 0.0000e+00
    241.000    14.5586   4.358501    35.9150       6628     4.6023     1.6009     1.4877 0.0000e+00
    242.000    14.5163   4.353356    35.9063       6653     4.6192     1.6007     1.4853 0.0000e+00
    243.000    14.4477   4.346155    35.9028       6674     4.6339     1.5985     1.4835 0.0000e+00
    244.000    14.3877   4.339011    35.8919       6696     4.6495     1.5968     1.4805 0.0000e+00
    245.000    14.1708   4.315903    35.8782       6722     4.6674     1.5938     1.4804 0.0000e+00
    246.000    13.9707   4.291477    35.8361       6751     4.6877     1.5870     1.4786 0.0000e+00
    247.000    13.9150   4.284697    35.8241       6782     4.7092     1.5806     1.4733 0.0000e+00
    248.000    13.8764   4.280123    35.8168       6813     4.7305     1.5750     1.4661 0.0000e+00
    249.000    13.8134   4.272461    35.8033       6843     4.7514     1.5714     1.4626 0.0000e+00
    250.000    13.7179   4.261843    35.7923       6872     4.7714     1.5698     1.4590 0.0000e+00
    251.000    13.7024   4.259848    35.7876       6898     4.7896     1.5646     1.4550 0.0000e+00
    252.000    13.6328   4.252211    35.7803       6922     4.8065     1.5608     1.4518 0.0000e+00
    253.000    13.5810   4.245802    35.7679       6948     4.8241     1.5585     1.4490 0.0000e+00
    254.000    13.6045   4.248197    35.7680       6976     4.8434     1.5550     1.4456 0.0000e+00
    255.000    13.6094   4.248655    35.7674       7004     4.8632     1.5513     1.4420 0.0000e+00
    256.000    13.5681   4.244099    35.7626       7030     4.8815     1.5518     1.4394 0.0000e+00
    257.000    13.5164   4.238117    35.7541       7056     4.8993     1.5515     1.4382 0.0000e+00
    258.000    13.5193   4.238347    35.7531       7087     4.9208     1.5494     1.4384 0.0000e+00
    259.000    13.5286   4.239256    35.7526       7124     4.9469     1.5444     1.4364 0.0000e+00
    260.000    13.4403   4.229468    35.7423       7154     4.9676     1.5443     1.4340 0.0000e+00
    261.000    13.3771   4.222237    35.7326       7176     4.9829     1.5429     1.4324 0.0000e+00
    262.000    13.3411   4.218201    35.7277       7198     4.9977     1.5404     1.4311 0.0000e+00
    263.000    13.3040   4.213942    35.7216       7224     5.0158     1.5369     1.4293 0.0000e+00
    264.000    13.2573   4.208565    35.7140       7261     5.0420     1.5332     1.4276 0.0000e+00
    265.000    13.2384   4.206255    35.7093       7295     5.0654     1.5321     1.4250 0.0000e+00
    266.000    13.2169   4.203887    35.7066       7318     5.0814     1.5314     1.4227 0.0000e+00
    267.000    13.2213   4.204226    35.7052       7340     5.0963     1.5314     1.4207 0.0000e+00
    268.000    13.2201   4.204055    35.7043       7366     5.1148     1.5305     1.4185 0.0000e+00
    269.000    13.2199   4.203965    35.7032       7408     5.1437     1.5277     1.4177 0.0000e+00
    270.000    13.2185   4.203748    35.7020       7443     5.1679     1.5255     1.4193 0.0000e+00
    271.000    13.1610   4.197216    35.6935       7467     5.1845     1.5265     1.4193 0.0000e+00
    272.000    12.9315   4.172364    35.6718       7491     5.2011     1.5253     1.4181 0.0000e+00
    273.000    12.8513   4.163256    35.6597       7519     5.2205     1.5214     1.4150 0.0000e+00
    274.000    12.8239   4.159863    35.6525       7548     5.2408     1.5176     1.4113 0.0000e+00
    275.000    12.8414   4.161593    35.6522       7576     5.2601     1.5147     1.4082 0.0000e+00
    276.000    12.8064   4.157798    35.6483       7605     5.2803     1.5086     1.4065 0.0000e+00
    277.000    12.7475   4.151145    35.6396       7634     5.3004     1.5018     1.4040 0.0000e+00
    278.000    12.7485   4.151217    35.6390       7661     5.3192     1.5091     1.4021 0.0000e+00
    279.000    12.6776   4.143292    35.6292       7693     5.3414     1.5103     1.4012 0.0000e+00
    280.000    12.6363   4.138464    35.6214       7732     5.3687     1.5066     1.4018 0.0000e+00
    281.000    12.5831   4.132211    35.6110       7815     5.4265     1.5022     1.3976 0.0000e+00
    280.000    12.6332   4.137232    35.6125       8207     5.6983     1.5034     1.3956 0.0000e+00
    279.000    12.6878   4.142887    35.6158       8418     5.8451     1.5042     1.3971 0.0000e+00
    278.000    12.6957   4.144036    35.6197       8439     5.8596     1.5051     1.3973 0.0000e+00
    277.000    12.7155   4.145923    35.6197       8462     5.8755     1.5061     1.3980 0.0000e+00
    276.000    12.7580   4.150598    35.6250       8487     5.8930     1.5086     1.3993 0.0000e+00
    275.000    12.7772   4.152707    35.6275       8520     5.9159     1.5099     1.3991 0.0000e+00
    274.000    12.8099   4.156288    35.6315       8550     5.9369     1.5096     1.3988 0.0000e+00
    273.000    12.8600   4.161705    35.6367       8573     5.9528     1.5109     1.4007 0.0000e+00
    272.000    12.8757   4.163601    35.6404       8595     5.9682     1.5128     1.4028 0.0000e+00
    271.000    12.9074   4.167042    35.6440       8622     5.9867     1.5149     1.4048 0.0000e+00
    270.000    12.9733   4.174437    35.6531       8655     6.0100     1.5175     1.4064 0.0000e+00
    269.000    13.0554   4.182361    35.6520       8684     6.0299     1.5196     1.4081 0.0000e+00
    268.000    13.1578   4.194491    35.6718       8707     6.0456     1.5222     1.4091 0.0000e+00
    267.000    13.1938   4.199311    35.6844       8731     6.0622     1.5246     1.4105 0.0000e+00
    266.000    13.2357   4.203659    35.6868       8758     6.0816     1.5286     1.4130 0.0000e+00
    265.000    13.2788   4.208581    35.6935       8788     6.1019     1.5314     1.4165 0.0000e+00
    264.000    13.2993   4.211188    35.6995       8816     6.1217     1.5314     1.4185 0.0000e+00
    263.000    13.3212   4.213519    35.7015       8847     6.1427     1.5307     1.4198 0.0000e+00
    262.000    13.3423   4.216076    35.7064       8877     6.1642     1.5327     1.4216 0.0000e+00
    261.000    13.3745   4.219506    35.7092       8904     6.1824     1.5323     1.4216 0.0000e+00
    260.000    13.3869   4.221172    35.7137       8926     6.1980     1.5316     1.4228 0.0000e+00
    259.000    13.4054   4.222955    35.7138       8948     6.2133     1.5321     1.4236 0.0000e+00
    258.000    13.4525   4.228627    35.7237       8974     6.2311     1.5349     1.4247 0.0000e+00
    257.000    13.4911   4.232808    35.7276       9006     6.2532     1.5372     1.4264 0.0000e+00
    256.000    13.4915   4.233199    35.7314       9039     6.2761     1.5387     1.4282 0.0000e+00
    255.000    13.5231   4.236420    35.7326       9068     6.2964     1.5418     1.4299 0.0000e+00
    254.000    13.5839   4.242805    35.7365       9096     6.3157     1.5439     1.4320 0.0000e+00
    253.000    13.6415   4.249560    35.7467       9123     6.3347     1.5471     1.4335 0.0000e+00
    252.000    13.6573   4.251831    35.7538       9148     6.3522     1.5493     1.4357 0.0000e+00
    251.000    13.6507   4.251200    35.7545       9173     6.3692     1.5519     1.4384 0.0000e+00
    250.000    13.6535   4.251474    35.7549       9200     6.3879     1.5537     1.4388 0.0000e+00
    249.000    13.7102   4.257722    35.7612       9230     6.4087     1.5540     1.4384 0.0000e+00
    248.000    13.8246   4.269819    35.7685       9257     6.4279     1.5551     1.4387 0.0000e+00
    247.000    13.8991   4.278543    35.7813       9282     6.4450     1.5588     1.4415 0.0000e+00
    246.000    13.9776   4.287877    35.7960       9307     6.4623     1.5639     1.4455 0.0000e+00
    245.000    14.0822   4.298990    35.8030       9338     6.4841     1.5701     1.4508 0.0000e+00
    244.000    14.2729   4.320031    35.8222       9373     6.5086     1.5766     1.4564 0.0000e+00
    243.000    14.3756   4.332754    35.8455       9400     6.5274     1.5826     1.4615 0.0000e+00
    242.000    14.4505   4.341722    35.8596       9424     6.5436     1.5869     1.4666 0.0000e+00
    241.000    14.4892   4.346626    35.8696       9447     6.5598     1.5911     1.4704 0.0000e+00
    240.000    14.5161   4.349812    35.8746       9471     6.5766     1.5941     1.4737 0.0000e+00
