HB2407/CTD033.cnv
* Sea-Bird SBE 9 Data File:
* FileName = C:\cruise\data\CTD033.hex
* Software Version Seasave V 7.26.7.121
* Temperature SN = 4591
* Conductivity SN = 6006
* Number of Bytes Per Scan = 37
* Number of Voltage Words = 4
* Number of Scans Averaged by the Deck Unit = 1
* NMEA Latitude = 39 28.48 N
* NMEA Longitude = 073 56.37 W
* NMEA UTC (Time) = Sep 16 2024 19:39:00
* NMEA baud rate = 4800
** Ship: Bigelow HB2407
** Program:  Fall Bottom Trawl Survey
** Chief Scientist: John Galbraith
# nquan = 9
# nvalues = 34                          
# units = specified
# name 0 = depSM: Depth [salt water, m]
# name 1 = t090C: Temperature [ITS-90, deg C]
# name 2 = c0S/m: Conductivity [S/m]
# name 3 = sal00: Salinity, Practical [PSU]
# name 4 = scan: Scan Count
# name 5 = timeM: Time, Elapsed [minutes]
# name 6 = sbeox0V: Oxygen raw, SBE 43 [V]
# name 7 = sbeox1V: Oxygen raw, SBE 43, 2 [V]
# name 8 = flag: flag
# span 0 =      2.000,     20.000       
# span 1 =    18.0561,    21.8687       
# span 2 =   4.156267,   4.428723       
# span 3 =    30.4499,    31.2928       
# span 4 =        260,       4437       
# span 5 =     0.1797,     3.0806       
# span 6 =     2.0837,     2.6453       
# span 7 =     1.9032,     2.4466       
# span 8 = 0.0000e+00, 0.0000e+00       
# interval = meters: 1                  
# start_time = Sep 16 2024 19:39:00 [NMEA time, header]
# bad_flag = -9.990e-29
*END*
      5.000    21.8623   4.409355    30.5252        260     0.1797     2.6344     2.4374 0.0000e+00
      6.000    21.8628   4.409458    30.5253        372     0.2577     2.6317     2.4360 0.0000e+00
      7.000    21.8617   4.409121    30.5232        389     0.2697     2.6327     2.4379 0.0000e+00
      8.000    21.8614   4.408601    30.5191        431     0.2987     2.6303     2.4389 0.0000e+00
      9.000    21.8606   4.409093    30.5232        483     0.3351     2.6361     2.4397 0.0000e+00
     10.000    21.8588   4.409123    30.5244        512     0.3550     2.6333     2.4374 0.0000e+00
     11.000    21.8607   4.409361    30.5246        605     0.4196     2.6321     2.4408 0.0000e+00
     12.000    21.8602   4.409424    30.5250        625     0.4332     2.6393     2.4398 0.0000e+00
     13.000    21.8570   4.409382    30.5267        643     0.4459     2.6357     2.4380 0.0000e+00
     14.000    21.5519   4.420741    30.8323        664     0.4607     2.6325     2.4415 0.0000e+00
     15.000    21.1122   4.420560    31.1466        698     0.4841     2.6212     2.4360 0.0000e+00
     16.000    21.0720   4.428723    31.2397        797     0.5530     2.6422     2.4466 0.0000e+00
     17.000    20.5800   4.387334    31.2721        846     0.5865     2.6190     2.4287 0.0000e+00
     18.000    19.6717   4.305171    31.2841        860     0.5964     2.6010     2.4233 0.0000e+00
     19.000    18.9129   4.236611    31.2928        876     0.6074     2.5556     2.4068 0.0000e+00
     20.000    18.0561   4.156267    31.2747       1111     0.7711     2.1844     2.0745 0.0000e+00
     19.000    18.6416   4.204069    31.2288       1243     0.8627     2.0837     1.9493 0.0000e+00
     18.000    19.1644   4.249613    31.2106       1348     0.9353     2.1259     1.9600 0.0000e+00
     17.000    19.6456   4.271045    31.0272       2923     2.0290     2.1126     1.9119 0.0000e+00
     16.000    20.3637   4.322453    30.9135       3554     2.4670     2.1450     1.9079 0.0000e+00
     15.000    20.6619   4.361191    31.0049       3567     2.4765     2.2376     1.9032 0.0000e+00
     14.000    21.3036   4.409482    30.9213       3653     2.5362     2.6232     2.0411 0.0000e+00
     13.000    21.6970   4.403902    30.5976       3689     2.5614     2.6277     2.1974 0.0000e+00
     12.000    21.8172   4.395913    30.4509       3713     2.5779     2.6453     2.2580 0.0000e+00
     11.000    21.8383   4.397656    30.4499       3743     2.5988     2.6395     2.2898 0.0000e+00
     10.000    21.8571   4.401541    30.4669       3822     2.6534     2.6238     2.3113 0.0000e+00
      9.000    21.8602   4.404091    30.4848       3911     2.7150     2.6237     2.3406 0.0000e+00
      8.000    21.8625   4.404801    30.4889       3930     2.7286     2.6271     2.3417 0.0000e+00
      7.000    21.8677   4.406506    30.4988       4022     2.7921     2.6287     2.3566 0.0000e+00
      6.000    21.8687   4.407645    30.5072       4112     2.8551     2.6286     2.3492 0.0000e+00
      5.000    21.8670   4.407821    30.5101       4146     2.8787     2.6275     2.3531 0.0000e+00
      4.000    21.8637   4.407844    30.5128       4242     2.9451     2.6289     2.3684 0.0000e+00
      3.000    21.8632   4.408199    30.5163       4351     3.0207     2.6336     2.3648 0.0000e+00
      2.000    21.8647   4.408505    30.5179       4437     3.0806     2.6292     2.3590 0.0000e+00
