HB2407/CTD035.cnv
* Sea-Bird SBE 9 Data File:
* FileName = C:\cruise\data\CTD035.hex
* Software Version Seasave V 7.26.7.121
* Temperature SN = 4591
* Conductivity SN = 6006
* Number of Bytes Per Scan = 37
* Number of Voltage Words = 4
* Number of Scans Averaged by the Deck Unit = 1
* NMEA Latitude = 39 06.24 N
* NMEA Longitude = 074 26.33 W
* NMEA UTC (Time) = Sep 17 2024 06:31:02
* NMEA baud rate = 4800
** Ship: Bigelow HB2407
** Program:  Fall Bottom Trawl Survey
** Chief Scientist: John Galbraith
# nquan = 9
# nvalues = 30                          
# units = specified
# name 0 = depSM: Depth [salt water, m]
# name 1 = t090C: Temperature [ITS-90, deg C]
# name 2 = c0S/m: Conductivity [S/m]
# name 3 = sal00: Salinity, Practical [PSU]
# name 4 = scan: Scan Count
# name 5 = timeM: Time, Elapsed [minutes]
# name 6 = sbeox0V: Oxygen raw, SBE 43 [V]
# name 7 = sbeox1V: Oxygen raw, SBE 43, 2 [V]
# name 8 = flag: flag
# span 0 =      1.000,     17.000       
# span 1 =    21.8400,    21.8490       
# span 2 =   4.429095,   4.430427       
# span 3 =    30.6935,    30.6958       
# span 4 =        212,       2529       
# span 5 =     0.1466,     1.7556       
# span 6 =     2.5410,     2.5607       
# span 7 =     2.3607,     2.3684       
# span 8 = 0.0000e+00, 0.0000e+00       
# interval = meters: 1                  
# start_time = Sep 17 2024 06:31:02 [NMEA time, header]
# bad_flag = -9.990e-29
*END*
      4.000    21.8406   4.429095    30.6935        212     0.1466     2.5516     2.3660 0.0000e+00
      5.000    21.8432   4.429614    30.6954        321     0.2222     2.5496     2.3655 0.0000e+00
      6.000    21.8433   4.429652    30.6953        355     0.2456     2.5504     2.3641 0.0000e+00
      7.000    21.8430   4.429675    30.6954        371     0.2570     2.5533     2.3652 0.0000e+00
      8.000    21.8429   4.429694    30.6953        386     0.2674     2.5556     2.3661 0.0000e+00
      9.000    21.8438   4.429780    30.6950        399     0.2764     2.5573     2.3623 0.0000e+00
     10.000    21.8468   4.430082    30.6949        419     0.2905     2.5575     2.3620 0.0000e+00
     11.000    21.8476   4.430202    30.6950        456     0.3158     2.5559     2.3636 0.0000e+00
     12.000    21.8475   4.430230    30.6950        493     0.3417     2.5516     2.3651 0.0000e+00
     13.000    21.8484   4.430311    30.6947        522     0.3619     2.5505     2.3656 0.0000e+00
     14.000    21.8482   4.430399    30.6951        551     0.3818     2.5500     2.3642 0.0000e+00
     15.000    21.8481   4.430419    30.6951        576     0.3995     2.5549     2.3607 0.0000e+00
     16.000    21.8473   4.430381    30.6950        623     0.4322     2.5532     2.3612 0.0000e+00
     17.000    21.8459   4.430322    30.6953        730     0.5061     2.5410     2.3674 0.0000e+00
     16.000    21.8465   4.430319    30.6951        716     0.4968     2.5495     2.3627 0.0000e+00
     15.000    21.8485   4.430427    30.6949       1096     0.7604     2.5518     2.3632 0.0000e+00
     14.000    21.8486   4.430386    30.6948       1204     0.8358     2.5577     2.3631 0.0000e+00
     13.000    21.8490   4.430384    30.6948       1228     0.8520     2.5607     2.3650 0.0000e+00
     12.000    21.8489   4.430332    30.6948       1275     0.8850     2.5596     2.3659 0.0000e+00
     11.000    21.8485   4.430281    30.6949       1326     0.9199     2.5571     2.3670 0.0000e+00
     10.000    21.8481   4.430207    30.6950       1350     0.9368     2.5525     2.3655 0.0000e+00
      9.000    21.8472   4.430072    30.6949       1371     0.9516     2.5495     2.3639 0.0000e+00
      8.000    21.8462   4.429954    30.6950       1392     0.9662     2.5473     2.3630 0.0000e+00
      7.000    21.8456   4.429862    30.6950       1414     0.9815     2.5544     2.3667 0.0000e+00
      6.000    21.8465   4.429884    30.6948       1439     0.9983     2.5545     2.3668 0.0000e+00
      5.000    21.8459   4.429789    30.6948       1471     1.0205     2.5588     2.3655 0.0000e+00
      4.000    21.8431   4.429554    30.6953       1505     1.0447     2.5579     2.3655 0.0000e+00
      3.000    21.8402   4.429315    30.6958       1528     1.0606     2.5577     2.3655 0.0000e+00
      2.000    21.8400   4.429246    30.6957       1546     1.0730     2.5561     2.3659 0.0000e+00
      1.000    21.8421   4.429219    30.6943       2529     1.7556     2.5601     2.3684 0.0000e+00
