HB2407/CTD057.cnv
* Sea-Bird SBE 9 Data File:
* FileName = C:\cruise\data\CTD057.hex
* Software Version Seasave V 7.26.7.121
* Temperature SN = 4591
* Conductivity SN = 6006
* Number of Bytes Per Scan = 37
* Number of Voltage Words = 4
* Number of Scans Averaged by the Deck Unit = 1
* NMEA Latitude = 34 46.52 N
* NMEA Longitude = 075 35.15 W
* NMEA UTC (Time) = Sep 20 2024 02:43:05
* NMEA baud rate = 4800
** Ship: Bigelow HB2407
** Program:  Fall Bottom Trawl Survey
** Chief Scientist: John Galbraith
# nquan = 9
# nvalues = 139                         
# units = specified
# name 0 = depSM: Depth [salt water, m]
# name 1 = t090C: Temperature [ITS-90, deg C]
# name 2 = c0S/m: Conductivity [S/m]
# name 3 = sal00: Salinity, Practical [PSU]
# name 4 = scan: Scan Count
# name 5 = timeM: Time, Elapsed [minutes]
# name 6 = sbeox0V: Oxygen raw, SBE 43 [V]
# name 7 = sbeox1V: Oxygen raw, SBE 43, 2 [V]
# name 8 = flag: flag
# span 0 =      1.000,     71.000       
# span 1 =    27.3030,    28.4493       
# span 2 =   5.709665,   5.852494       
# span 3 =    36.1221,    36.2544       
# span 4 =       -279,       6705       
# span 5 =    -0.1944,     4.6557       
# span 6 =     2.4494,     2.5513       
# span 7 =     2.2780,     2.3795       
# span 8 = 0.0000e+00, 0.0000e+00       
# interval = meters: 1                  
# start_time = Sep 20 2024 02:43:05 [NMEA time, header]
# bad_flag = -9.990e-29
*END*
      3.000    28.4250   5.847743    36.2544       -279    -0.1944     2.5395     2.3795 0.0000e+00
      4.000    28.4250   5.847627    36.2533        381     0.2637     2.5468     2.3599 0.0000e+00
      5.000    28.4434   5.849582    36.2526        375     0.2599     2.5398     2.3724 0.0000e+00
      6.000    28.4441   5.849727    36.2527        404     0.2799     2.5484     2.3695 0.0000e+00
      7.000    28.4437   5.849751    36.2529        434     0.3010     2.5484     2.3716 0.0000e+00
      8.000    28.4436   5.849786    36.2529        461     0.3197     2.5512     2.3721 0.0000e+00
      9.000    28.4439   5.849864    36.2530        485     0.3359     2.5488     2.3683 0.0000e+00
     10.000    28.4438   5.849868    36.2527        508     0.3522     2.5445     2.3722 0.0000e+00
     11.000    28.4437   5.849938    36.2530        536     0.3714     2.5388     2.3676 0.0000e+00
     12.000    28.4444   5.850050    36.2529        569     0.3944     2.5410     2.3653 0.0000e+00
     13.000    28.4450   5.850167    36.2530        599     0.4153     2.5420     2.3677 0.0000e+00
     14.000    28.4453   5.850237    36.2530        623     0.4322     2.5455     2.3650 0.0000e+00
     15.000    28.4453   5.850285    36.2530        647     0.4486     2.5394     2.3569 0.0000e+00
     16.000    28.4455   5.850350    36.2530        674     0.4675     2.5335     2.3482 0.0000e+00
     17.000    28.4450   5.850343    36.2530        703     0.4874     2.5410     2.3514 0.0000e+00
     18.000    28.4453   5.850429    36.2531        728     0.5049     2.5409     2.3549 0.0000e+00
     19.000    28.4455   5.850495    36.2531        752     0.5213     2.5339     2.3577 0.0000e+00
     20.000    28.4459   5.850575    36.2531        779     0.5400     2.5303     2.3595 0.0000e+00
     21.000    28.4461   5.850633    36.2530        813     0.5639     2.5276     2.3563 0.0000e+00
     22.000    28.4466   5.850748    36.2531        846     0.5867     2.5346     2.3577 0.0000e+00
     23.000    28.4465   5.850781    36.2531        871     0.6043     2.5320     2.3563 0.0000e+00
     24.000    28.4464   5.850829    36.2532        894     0.6198     2.5394     2.3584 0.0000e+00
     25.000    28.4471   5.850920    36.2530        917     0.6359     2.5402     2.3615 0.0000e+00
     26.000    28.4473   5.850995    36.2531        941     0.6529     2.5407     2.3645 0.0000e+00
     27.000    28.4475   5.851060    36.2530        967     0.6706     2.5374     2.3620 0.0000e+00
     28.000    28.4467   5.851045    36.2532        996     0.6906     2.5417     2.3545 0.0000e+00
     29.000    28.4482   5.851241    36.2531       1031     0.7153     2.5413     2.3613 0.0000e+00
     30.000    28.4479   5.851236    36.2531       1065     0.7391     2.5393     2.3611 0.0000e+00
     31.000    28.4465   5.851156    36.2533       1091     0.7569     2.5420     2.3613 0.0000e+00
     32.000    28.4473   5.851276    36.2532       1113     0.7720     2.5413     2.3632 0.0000e+00
     33.000    28.4471   5.851297    36.2532       1134     0.7869     2.5372     2.3644 0.0000e+00
     34.000    28.4457   5.851219    36.2534       1158     0.8032     2.5360     2.3599 0.0000e+00
     35.000    28.4452   5.851199    36.2534       1186     0.8226     2.5410     2.3543 0.0000e+00
     36.000    28.4467   5.851406    36.2533       1217     0.8441     2.5405     2.3593 0.0000e+00
     37.000    28.4466   5.851407    36.2532       1247     0.8653     2.5441     2.3685 0.0000e+00
     38.000    28.4457   5.851385    36.2534       1276     0.8851     2.5316     2.3651 0.0000e+00
     39.000    28.4467   5.851537    36.2534       1302     0.9032     2.5341     2.3590 0.0000e+00
     40.000    28.4462   5.851552    36.2535       1326     0.9205     2.5302     2.3534 0.0000e+00
     41.000    28.4461   5.851566    36.2534       1353     0.9391     2.5332     2.3569 0.0000e+00
     42.000    28.4464   5.851648    36.2534       1383     0.9594     2.5388     2.3524 0.0000e+00
     43.000    28.4458   5.851625    36.2534       1412     0.9797     2.5405     2.3484 0.0000e+00
     44.000    28.4452   5.851622    36.2536       1438     0.9979     2.5300     2.3543 0.0000e+00
     45.000    28.4436   5.851514    36.2538       1462     1.0147     2.5293     2.3524 0.0000e+00
     46.000    28.4414   5.851330    36.2539       1487     1.0316     2.5365     2.3518 0.0000e+00
     47.000    28.4413   5.851363    36.2538       1513     1.0502     2.5343     2.3549 0.0000e+00
     48.000    28.4485   5.852102    36.2532       1542     1.0703     2.5348     2.3585 0.0000e+00
     49.000    28.4475   5.852062    36.2533       1573     1.0914     2.5280     2.3566 0.0000e+00
     50.000    28.4480   5.852158    36.2533       1604     1.1133     2.5328     2.3591 0.0000e+00
     51.000    28.4479   5.852206    36.2534       1635     1.1345     2.5269     2.3608 0.0000e+00
     52.000    28.4484   5.852275    36.2533       1660     1.1518     2.5277     2.3615 0.0000e+00
     53.000    28.4493   5.852418    36.2532       1680     1.1659     2.5309     2.3613 0.0000e+00
     54.000    28.4490   5.852422    36.2532       1700     1.1796     2.5353     2.3597 0.0000e+00
     55.000    28.4478   5.852335    36.2532       1723     1.1957     2.5328     2.3577 0.0000e+00
     56.000    28.4485   5.852419    36.2530       1760     1.2212     2.5305     2.3569 0.0000e+00
     57.000    28.4482   5.852494    36.2534       1800     1.2492     2.5315     2.3598 0.0000e+00
     58.000    28.4460   5.852276    36.2533       1825     1.2663     2.5364     2.3573 0.0000e+00
     59.000    28.4427   5.851943    36.2532       1846     1.2813     2.5360     2.3532 0.0000e+00
     60.000    28.4208   5.849484    36.2524       1869     1.2974     2.5278     2.3520 0.0000e+00
     61.000    28.2691   5.831302    36.2410       1896     1.3159     2.5279     2.3467 0.0000e+00
     62.000    28.1600   5.818133    36.2319       1923     1.3350     2.5186     2.3430 0.0000e+00
     63.000    27.8988   5.787069    36.2137       1949     1.3527     2.5063     2.3327 0.0000e+00
     64.000    27.6227   5.753118    36.1861       1975     1.3706     2.4935     2.3254 0.0000e+00
     65.000    27.6132   5.751232    36.1798       2006     1.3924     2.4746     2.3095 0.0000e+00
     66.000    27.4837   5.735382    36.1669       2039     1.4151     2.4684     2.3019 0.0000e+00
     67.000    27.4549   5.731646    36.1623       2064     1.4326     2.4612     2.2970 0.0000e+00
     68.000    27.4418   5.729637    36.1578       2085     1.4475     2.4617     2.2931 0.0000e+00
     69.000    27.4218   5.727238    36.1559       2109     1.4638     2.4555     2.2895 0.0000e+00
     70.000    27.4273   5.726994    36.1496       2325     1.6141     2.4553     2.2829 0.0000e+00
     71.000    27.3030   5.709665    36.1221       3278     2.2754     2.4523     2.2807 0.0000e+00
     70.000    27.3813   5.719857    36.1344       4140     2.8746     2.4517     2.2780 0.0000e+00
     69.000    27.4729   5.731151    36.1442       4309     2.9916     2.4578     2.2819 0.0000e+00
     68.000    27.4942   5.734455    36.1515       4341     3.0137     2.4549     2.2839 0.0000e+00
     67.000    27.4861   5.733642    36.1523       4368     3.0327     2.4607     2.2811 0.0000e+00
     66.000    27.5038   5.735128    36.1495       4390     3.0479     2.4494     2.2839 0.0000e+00
     65.000    27.5618   5.742606    36.1582       4413     3.0636     2.4556     2.2865 0.0000e+00
     64.000    27.6660   5.754747    36.1642       4440     3.0825     2.4595     2.2894 0.0000e+00
     63.000    27.6876   5.757899    36.1702       4471     3.1039     2.4647     2.2917 0.0000e+00
     62.000    27.7204   5.761538    36.1710       4498     3.1228     2.4760     2.2984 0.0000e+00
     61.000    27.7792   5.769119    36.1796       4521     3.1391     2.4723     2.3037 0.0000e+00
     60.000    27.8006   5.771429    36.1797       4545     3.1553     2.4766     2.3074 0.0000e+00
     59.000    27.9131   5.783528    36.1789       4571     3.1734     2.4847     2.3042 0.0000e+00
     58.000    28.1019   5.807212    36.2010       4600     3.1940     2.4992     2.3061 0.0000e+00
     57.000    28.2337   5.823116    36.2120       4629     3.2138     2.5025     2.3175 0.0000e+00
     56.000    28.3153   5.833845    36.2249       4653     3.2305     2.5143     2.3314 0.0000e+00
     55.000    28.3632   5.839867    36.2307       4675     3.2457     2.5209     2.3391 0.0000e+00
     54.000    28.3839   5.842941    36.2367       4697     3.2613     2.5336     2.3443 0.0000e+00
     53.000    28.4158   5.846878    36.2401       4722     3.2782     2.5268     2.3511 0.0000e+00
     52.000    28.4322   5.849203    36.2441       4748     3.2966     2.5235     2.3509 0.0000e+00
     51.000    28.4371   5.849884    36.2455       4775     3.3155     2.5236     2.3535 0.0000e+00
     50.000    28.4385   5.850137    36.2465       4803     3.3349     2.5310     2.3568 0.0000e+00
     49.000    28.4384   5.850278    36.2478       4832     3.3551     2.5314     2.3612 0.0000e+00
     48.000    28.4360   5.849980    36.2479       4859     3.3738     2.5378     2.3546 0.0000e+00
     47.000    28.4373   5.850062    36.2478       4883     3.3901     2.5398     2.3536 0.0000e+00
     46.000    28.4385   5.850243    36.2485       4905     3.4056     2.5339     2.3556 0.0000e+00
     45.000    28.4395   5.850375    36.2489       4929     3.4223     2.5337     2.3546 0.0000e+00
     44.000    28.4394   5.850386    36.2493       4957     3.4419     2.5279     2.3550 0.0000e+00
     43.000    28.4365   5.850114    36.2500       4986     3.4619     2.5293     2.3572 0.0000e+00
     42.000    28.4351   5.849933    36.2501       5012     3.4799     2.5370     2.3589 0.0000e+00
     41.000    28.4366   5.850021    36.2499       5037     3.4972     2.5386     2.3561 0.0000e+00
     40.000    28.4369   5.850083    36.2504       5063     3.5153     2.5379     2.3522 0.0000e+00
     39.000    28.4361   5.849989    36.2506       5091     3.5347     2.5341     2.3536 0.0000e+00
     38.000    28.4346   5.849805    36.2508       5117     3.5528     2.5351     2.3544 0.0000e+00
     37.000    28.4345   5.849774    36.2509       5140     3.5688     2.5353     2.3507 0.0000e+00
     36.000    28.4354   5.849830    36.2509       5163     3.5846     2.5349     2.3551 0.0000e+00
     35.000    28.4365   5.849908    36.2510       5189     3.6030     2.5380     2.3602 0.0000e+00
     34.000    28.4369   5.849926    36.2511       5223     3.6265     2.5364     2.3623 0.0000e+00
     33.000    28.4381   5.849980    36.2509       5255     3.6486     2.5281     2.3594 0.0000e+00
     32.000    28.4385   5.849952    36.2506       5279     3.6650     2.5290     2.3559 0.0000e+00
     31.000    28.4384   5.849903    36.2507       5299     3.6794     2.5395     2.3557 0.0000e+00
     30.000    28.4375   5.849762    36.2507       5320     3.6940     2.5416     2.3597 0.0000e+00
     29.000    28.4381   5.849790    36.2507       5346     3.7115     2.5377     2.3639 0.0000e+00
     28.000    28.4383   5.849784    36.2509       5378     3.7343     2.5326     2.3608 0.0000e+00
     27.000    28.4382   5.849737    36.2509       5411     3.7568     2.5459     2.3549 0.0000e+00
     26.000    28.4403   5.849997    36.2514       5436     3.7745     2.5424     2.3523 0.0000e+00
     25.000    28.4385   5.849697    36.2510       5459     3.7902     2.5453     2.3546 0.0000e+00
     24.000    28.4358   5.849271    36.2504       5482     3.8061     2.5386     2.3582 0.0000e+00
     23.000    28.4341   5.848979    36.2500       5508     3.8242     2.5386     2.3561 0.0000e+00
     22.000    28.4334   5.848815    36.2497       5539     3.8461     2.5436     2.3580 0.0000e+00
     21.000    28.4351   5.848999    36.2500       5572     3.8685     2.5418     2.3553 0.0000e+00
     20.000    28.4377   5.849379    36.2510       5598     3.8868     2.5385     2.3573 0.0000e+00
     19.000    28.4374   5.849351    36.2512       5621     3.9025     2.5443     2.3550 0.0000e+00
     18.000    28.4374   5.849296    36.2512       5643     3.9180     2.5436     2.3552 0.0000e+00
     17.000    28.4373   5.848818    36.2482       5668     3.9354     2.5449     2.3571 0.0000e+00
     16.000    28.4372   5.849218    36.2514       5698     3.9562     2.5378     2.3641 0.0000e+00
     15.000    28.4365   5.849114    36.2515       5730     3.9785     2.5362     2.3672 0.0000e+00
     14.000    28.4362   5.849040    36.2515       5759     3.9985     2.5380     2.3626 0.0000e+00
     13.000    28.4359   5.848974    36.2516       5784     4.0159     2.5401     2.3672 0.0000e+00
     12.000    28.4358   5.848908    36.2516       5807     4.0322     2.5420     2.3683 0.0000e+00
     11.000    28.4357   5.848825    36.2514       5832     4.0491     2.5402     2.3578 0.0000e+00
     10.000    28.4360   5.848799    36.2512       5858     4.0677     2.5513     2.3618 0.0000e+00
      9.000    28.4360   5.848725    36.2510       5888     4.0883     2.5465     2.3631 0.0000e+00
      8.000    28.4343   5.848544    36.2514       5917     4.1084     2.5423     2.3630 0.0000e+00
      7.000    28.4332   5.848386    36.2514       5950     4.1313     2.5382     2.3625 0.0000e+00
      6.000    28.4321   5.848220    36.2514       5996     4.1634     2.5367     2.3669 0.0000e+00
      5.000    28.4207   5.847105    36.2526       6058     4.2063     2.5455     2.3728 0.0000e+00
      4.000    28.4089   5.845782    36.2527       6093     4.2309     2.5478     2.3735 0.0000e+00
      3.000    28.4332   5.848167    36.2511       6339     4.4011     2.5457     2.3707 0.0000e+00
      2.000    28.4223   5.847146    36.2526       6565     4.5585     2.5486     2.3669 0.0000e+00
      1.000    28.4276   5.847443    36.2509       6705     4.6557     2.5471     2.3706 0.0000e+00
