HB2407/CTD006.cnv
* Sea-Bird SBE 9 Data File:
* FileName = C:\cruise\data\CTD006.hex
* Software Version Seasave V 7.26.7.121
* Temperature SN = 4591
* Conductivity SN = 6006
* Number of Bytes Per Scan = 37
* Number of Voltage Words = 4
* Number of Scans Averaged by the Deck Unit = 1
* NMEA Latitude = 39 02.71 N
* NMEA Longitude = 072 45.09 W
* NMEA UTC (Time) = Sep 07 2024 20:49:24
* NMEA baud rate = 4800
** Ship: Bigelow HB2407
** Program:  Fall Bottom Trawl Survey
** Chief Scientist: John Galbraith
# nquan = 9
# nvalues = 406                         
# units = specified
# name 0 = depSM: Depth [salt water, m]
# name 1 = t090C: Temperature [ITS-90, deg C]
# name 2 = c0S/m: Conductivity [S/m]
# name 3 = sal00: Salinity, Practical [PSU]
# name 4 = scan: Scan Count
# name 5 = timeM: Time, Elapsed [minutes]
# name 6 = sbeox0V: Oxygen raw, SBE 43 [V]
# name 7 = sbeox1V: Oxygen raw, SBE 43, 2 [V]
# name 8 = flag: flag
# span 0 =      2.000,    205.000       
# span 1 =    10.5980,    22.8282       
# span 2 =   3.899097,   4.820918       
# span 3 =    32.9323,    35.5144       
# span 4 =        200,      11985       
# span 5 =     0.1381,     8.3223       
# span 6 =     1.6322,     3.0690       
# span 7 =     1.5119,     2.8199       
# span 8 = 0.0000e+00, 0.0000e+00       
# interval = meters: 1                  
# start_time = Sep 07 2024 20:49:24 [NMEA time, header]
# bad_flag = -9.990e-29
*END*
      3.000    22.8277   4.820489    32.9879        200     0.1381     2.6673     2.4738 0.0000e+00
      4.000    22.8273   4.820515    32.9881        356     0.2466     2.6681     2.4764 0.0000e+00
      5.000    22.8281   4.820703    32.9886        383     0.2651     2.6680     2.4772 0.0000e+00
      6.000    22.8282   4.820785    32.9888        413     0.2862     2.6673     2.4796 0.0000e+00
      7.000    22.8278   4.820843    32.9893        445     0.3083     2.6711     2.4789 0.0000e+00
      8.000    22.8275   4.820918    32.9898        470     0.3260     2.6790     2.4825 0.0000e+00
      9.000    22.8251   4.820761    32.9900        493     0.3415     2.6789     2.4796 0.0000e+00
     10.000    22.8197   4.820235    32.9898        516     0.3574     2.6786     2.4774 0.0000e+00
     11.000    22.7993   4.818269    32.9897        542     0.3755     2.6779     2.4713 0.0000e+00
     12.000    22.5110   4.796385    33.0386        572     0.3964     2.6712     2.4701 0.0000e+00
     13.000    21.5947   4.743384    33.3269        602     0.4171     2.6622     2.4711 0.0000e+00
     14.000    20.3932   4.667468    33.6636        628     0.4355     2.6637     2.4738 0.0000e+00
     15.000    19.3010   4.586594    33.8801        651     0.4513     2.7064     2.5004 0.0000e+00
     16.000    19.0220   4.561439    33.8986        672     0.4662     2.7731     2.5501 0.0000e+00
     17.000    18.4993   4.519379    33.9758        695     0.4822     2.8620     2.6341 0.0000e+00
     18.000    17.7689   4.459885    34.0779        723     0.5017     2.9279     2.7109 0.0000e+00
     19.000    17.2563   4.419763    34.1638        757     0.5251     2.9769     2.7652 0.0000e+00
     20.000    16.8749   4.394715    34.2699        786     0.5452     2.9963     2.7893 0.0000e+00
     21.000    16.5779   4.384580    34.4357        812     0.5635     3.0056     2.7990 0.0000e+00
     22.000    16.3027   4.364304    34.4940        840     0.5825     2.9719     2.7830 0.0000e+00
     23.000    16.0408   4.338017    34.4879        867     0.6013     2.9056     2.7303 0.0000e+00
     24.000    15.8353   4.317087    34.4799        889     0.6167     2.8577     2.6758 0.0000e+00
     25.000    15.7425   4.309169    34.4898        908     0.6299     2.8276     2.6419 0.0000e+00
     26.000    15.7787   4.315996    34.5189        928     0.6436     2.8003     2.6169 0.0000e+00
     27.000    15.6246   4.312299    34.6204        956     0.6630     2.7737     2.5872 0.0000e+00
     28.000    15.2017   4.268243    34.5951       1008     0.6996     2.6990     2.5188 0.0000e+00
     29.000    14.8935   4.235053    34.5658       1038     0.7205     2.6524     2.4699 0.0000e+00
     30.000    14.8531   4.230809    34.5624       1056     0.7327     2.6357     2.4530 0.0000e+00
     31.000    14.9259   4.241329    34.5934       1073     0.7441     2.6185     2.4373 0.0000e+00
     32.000    14.9912   4.253844    34.6491       1091     0.7567     2.6005     2.4208 0.0000e+00
     33.000    14.9792   4.255735    34.6766       1115     0.7739     2.5772     2.3983 0.0000e+00
     34.000    14.9864   4.258646    34.6964       1151     0.7983     2.5370     2.3591 0.0000e+00
     35.000    15.1202   4.277616    34.7496       1187     0.8235     2.5055     2.3235 0.0000e+00
     36.000    15.3509   4.311341    34.8499       1215     0.8433     2.4875     2.3038 0.0000e+00
     37.000    15.2571   4.309084    34.9126       1239     0.8598     2.4738     2.2883 0.0000e+00
     38.000    15.2098   4.308202    34.9463       1262     0.8756     2.4550     2.2733 0.0000e+00
     39.000    15.3473   4.333305    35.0507       1285     0.8920     2.4242     2.2519 0.0000e+00
     40.000    15.2774   4.329785    35.0809       1311     0.9098     2.3839     2.2209 0.0000e+00
     41.000    15.3060   4.335214    35.1042       1337     0.9281     2.3419     2.1809 0.0000e+00
     42.000    15.1572   4.321183    35.1097       1364     0.9465     2.3118     2.1472 0.0000e+00
     43.000    14.7432   4.278020    35.0878       1392     0.9663     2.2807     2.1212 0.0000e+00
     44.000    14.6629   4.268392    35.0714       1423     0.9877     2.2474     2.0915 0.0000e+00
     45.000    14.5671   4.259302    35.0740       1452     1.0077     2.2201     2.0661 0.0000e+00
     46.000    14.4553   4.249804    35.0873       1478     1.0254     2.2030     2.0479 0.0000e+00
     47.000    14.4275   4.249441    35.1087       1503     1.0429     2.1909     2.0338 0.0000e+00
     48.000    14.2042   4.225993    35.0940       1527     1.0599     2.1795     2.0205 0.0000e+00
     49.000    13.7559   4.177014    35.0455       1550     1.0759     2.1624     2.0072 0.0000e+00
     50.000    13.5838   4.153664    34.9834       1572     1.0911     2.1450     1.9920 0.0000e+00
     51.000    13.5657   4.150854    34.9731       1597     1.1081     2.1321     1.9799 0.0000e+00
     52.000    13.3303   4.125733    34.9513       1631     1.1322     2.1297     1.9772 0.0000e+00
     53.000    12.9978   4.088663    34.9049       1671     1.1599     2.1227     1.9715 0.0000e+00
     54.000    12.8698   4.074087    34.8833       1696     1.1768     2.1194     1.9651 0.0000e+00
     55.000    12.6214   4.047418    34.8568       1714     1.1895     2.1180     1.9629 0.0000e+00
     56.000    12.4474   4.026878    34.8197       1732     1.2018     2.1154     1.9616 0.0000e+00
     57.000    12.3393   4.013549    34.7908       1754     1.2174     2.1091     1.9578 0.0000e+00
     58.000    12.2619   4.003701    34.7669       1793     1.2446     2.1126     1.9578 0.0000e+00
     59.000    12.2517   4.002017    34.7596       1830     1.2703     2.1194     1.9579 0.0000e+00
     60.000    12.2400   4.001243    34.7625       1851     1.2847     2.1211     1.9585 0.0000e+00
     61.000    12.2116   3.998829    34.7650       1868     1.2969     2.1211     1.9596 0.0000e+00
     62.000    12.1853   3.995944    34.7610       1888     1.3104     2.1210     1.9591 0.0000e+00
     63.000    12.1681   3.994412    34.7618       1920     1.3323     2.1175     1.9557 0.0000e+00
     64.000    12.1750   3.995308    34.7636       1961     1.3614     2.1137     1.9518 0.0000e+00
     65.000    12.2086   3.999010    34.7678       1985     1.3778     2.1100     1.9515 0.0000e+00
     66.000    12.3518   4.019114    34.8291       2004     1.3911     2.1097     1.9515 0.0000e+00
     67.000    12.4593   4.035712    34.8892       2025     1.4056     2.1101     1.9508 0.0000e+00
     68.000    12.3583   4.026466    34.8933       2054     1.4256     2.1108     1.9493 0.0000e+00
     69.000    12.2035   4.008402    34.8620       2089     1.4498     2.1113     1.9484 0.0000e+00
     70.000    12.2625   4.015700    34.8775       2116     1.4688     2.1114     1.9488 0.0000e+00
     71.000    12.2438   4.014988    34.8875       2139     1.4847     2.1186     1.9537 0.0000e+00
     72.000    12.1310   4.003296    34.8787       2163     1.5011     2.1198     1.9577 0.0000e+00
     73.000    12.0653   3.996043    34.8690       2189     1.5191     2.1152     1.9560 0.0000e+00
     74.000    12.0159   3.990114    34.8570       2216     1.5383     2.1101     1.9547 0.0000e+00
     75.000    11.9999   3.988236    34.8533       2247     1.5594     2.1073     1.9536 0.0000e+00
     76.000    11.9628   3.983910    34.8453       2280     1.5826     2.1100     1.9542 0.0000e+00
     77.000    11.9454   3.982152    34.8439       2306     1.6006     2.1109     1.9512 0.0000e+00
     78.000    11.9344   3.981151    34.8440       2325     1.6141     2.1128     1.9524 0.0000e+00
     79.000    11.9529   3.983791    34.8520       2343     1.6265     2.1140     1.9544 0.0000e+00
     80.000    11.9648   3.986879    34.8706       2363     1.6403     2.1141     1.9546 0.0000e+00
     81.000    11.9691   3.987885    34.8760       2395     1.6627     2.1132     1.9534 0.0000e+00
     82.000    12.0292   3.995073    34.8894       2444     1.6969     2.1127     1.9492 0.0000e+00
     83.000    12.2284   4.021304    34.9579       2472     1.7159     2.1110     1.9483 0.0000e+00
     84.000    12.4471   4.047751    35.0094       2492     1.7300     2.1133     1.9482 0.0000e+00
     85.000    12.6145   4.072160    35.0883       2512     1.7439     2.1114     1.9454 0.0000e+00
     86.000    12.6719   4.080971    35.1191       2534     1.7593     2.1026     1.9400 0.0000e+00
     87.000    12.7403   4.090065    35.1423       2559     1.7765     2.0798     1.9231 0.0000e+00
     88.000    12.8472   4.103764    35.1737       2586     1.7952     2.0540     1.9008 0.0000e+00
     89.000    12.9594   4.118755    35.2122       2615     1.8152     2.0347     1.8848 0.0000e+00
     90.000    13.0832   4.136419    35.2651       2645     1.8364     2.0175     1.8677 0.0000e+00
     91.000    13.1383   4.143604    35.2818       2674     1.8560     2.0037     1.8527 0.0000e+00
     92.000    13.3784   4.175722    35.3632       2698     1.8732     1.9915     1.8410 0.0000e+00
     93.000    13.5003   4.193914    35.4217       2722     1.8896     1.9821     1.8325 0.0000e+00
     94.000    13.6657   4.217562    35.4907       2748     1.9073     1.9615     1.8176 0.0000e+00
     95.000    13.6165   4.215267    35.5144       2780     1.9301     1.9259     1.7878 0.0000e+00
     96.000    13.4914   4.202030    35.5054       2817     1.9559     1.8790     1.7479 0.0000e+00
     97.000    13.4538   4.196976    35.4922       2841     1.9725     1.8583     1.7263 0.0000e+00
     98.000    13.4512   4.196607    35.4907       2859     1.9850     1.8477     1.7146 0.0000e+00
     99.000    13.4556   4.197080    35.4906       2877     1.9971     1.8410     1.7083 0.0000e+00
    100.000    13.0223   4.151890    35.4648       2899     2.0122     1.8338     1.7021 0.0000e+00
    101.000    12.1545   4.049427    35.2926       2934     2.0366     1.8224     1.6916 0.0000e+00
    102.000    11.8445   4.011074    35.2109       2971     2.0625     1.8209     1.6863 0.0000e+00
    103.000    11.8389   4.011018    35.2151       2996     2.0801     1.8359     1.6988 0.0000e+00
    104.000    11.8443   4.012152    35.2207       3020     2.0968     1.8476     1.7097 0.0000e+00
    105.000    11.8508   4.012620    35.2188       3048     2.1158     1.8433     1.7118 0.0000e+00
    106.000    11.8738   4.015120    35.2210       3076     2.1356     1.8297     1.7003 0.0000e+00
    107.000    11.8880   4.017040    35.2259       3101     2.1527     1.8195     1.6904 0.0000e+00
    108.000    11.8730   4.016134    35.2308       3124     2.1690     1.8122     1.6827 0.0000e+00
    109.000    11.8249   4.012507    35.2404       3150     2.1867     1.8033     1.6745 0.0000e+00
    110.000    11.7906   4.009094    35.2390       3178     2.2063     1.7932     1.6652 0.0000e+00
    111.000    11.7829   4.008213    35.2372       3208     2.2267     1.7855     1.6556 0.0000e+00
    112.000    11.7736   4.007555    35.2391       3237     2.2469     1.7814     1.6487 0.0000e+00
    113.000    11.7575   4.006024    35.2389       3264     2.2661     1.7778     1.6439 0.0000e+00
    114.000    11.7507   4.005423    35.2390       3290     2.2844     1.7743     1.6405 0.0000e+00
    115.000    11.7558   4.006876    35.2480       3315     2.3011     1.7725     1.6378 0.0000e+00
    116.000    11.7557   4.008027    35.2589       3337     2.3168     1.7706     1.6368 0.0000e+00
    117.000    11.7590   4.008698    35.2619       3361     2.3335     1.7662     1.6358 0.0000e+00
    118.000    11.7577   4.008864    35.2643       3392     2.3551     1.7590     1.6306 0.0000e+00
    119.000    11.7449   4.008400    35.2715       3425     2.3778     1.7429     1.6244 0.0000e+00
    120.000    11.7474   4.009322    35.2778       3450     2.3951     1.7397     1.6202 0.0000e+00
    121.000    11.7296   4.008166    35.2828       3472     2.4107     1.7409     1.6157 0.0000e+00
    122.000    11.7167   4.007189    35.2851       3500     2.4296     1.7390     1.6111 0.0000e+00
    123.000    11.6920   4.005119    35.2877       3535     2.4543     1.7331     1.6064 0.0000e+00
    124.000    11.6668   4.003105    35.2914       3564     2.4742     1.7294     1.6019 0.0000e+00
    125.000    11.6542   4.001976    35.2919       3584     2.4884     1.7256     1.5987 0.0000e+00
    126.000    11.6419   4.000814    35.2917       3603     2.5011     1.7223     1.5966 0.0000e+00
    127.000    11.6254   3.999247    35.2915       3624     2.5159     1.7206     1.5935 0.0000e+00
    128.000    11.6185   3.998461    35.2898       3660     2.5409     1.7167     1.5886 0.0000e+00
    129.000    11.6140   3.998009    35.2892       3705     2.5720     1.7164     1.5858 0.0000e+00
    130.000    11.6129   3.998000    35.2898       3728     2.5881     1.7148     1.5843 0.0000e+00
    131.000    11.6283   4.000896    35.3032       3746     2.6009     1.7119     1.5835 0.0000e+00
    132.000    11.6007   4.000121    35.3214       3765     2.6137     1.7108     1.5833 0.0000e+00
    133.000    11.5130   3.990801    35.3126       3786     2.6284     1.7109     1.5829 0.0000e+00
    134.000    11.4590   3.984614    35.3025       3816     2.6490     1.7052     1.5803 0.0000e+00
    135.000    11.4476   3.983294    35.2999       3851     2.6736     1.6990     1.5762 0.0000e+00
    136.000    11.4155   3.980020    35.2976       3882     2.6949     1.6981     1.5714 0.0000e+00
    137.000    11.3760   3.975819    35.2933       3909     2.7138     1.6959     1.5694 0.0000e+00
    138.000    11.3563   3.973740    35.2910       3935     2.7319     1.6948     1.5681 0.0000e+00
    139.000    11.3501   3.973040    35.2896       3962     2.7504     1.6927     1.5666 0.0000e+00
    140.000    11.3467   3.972642    35.2885       3989     2.7694     1.6921     1.5648 0.0000e+00
    141.000    11.3341   3.971429    35.2881       4015     2.7878     1.6908     1.5641 0.0000e+00
    142.000    11.3102   3.969118    35.2875       4038     2.8038     1.6878     1.5623 0.0000e+00
    143.000    11.2819   3.966661    35.2897       4059     2.8182     1.6874     1.5612 0.0000e+00
    144.000    11.2590   3.964430    35.2891       4080     2.8328     1.6859     1.5609 0.0000e+00
    145.000    11.2343   3.961873    35.2868       4107     2.8512     1.6845     1.5600 0.0000e+00
    146.000    11.2143   3.959793    35.2849       4148     2.8802     1.6799     1.5557 0.0000e+00
    147.000    11.2133   3.959877    35.2862       4189     2.9081     1.6747     1.5526 0.0000e+00
    148.000    11.2066   3.959339    35.2868       4212     2.9240     1.6722     1.5513 0.0000e+00
    149.000    11.1977   3.958456    35.2861       4230     2.9371     1.6720     1.5506 0.0000e+00
    150.000    11.1842   3.957030    35.2843       4250     2.9504     1.6719     1.5499 0.0000e+00
    151.000    11.1704   3.955538    35.2823       4274     2.9672     1.6710     1.5478 0.0000e+00
    152.000    11.1660   3.955270    35.2834       4307     2.9902     1.6695     1.5463 0.0000e+00
    153.000    11.1527   3.954007    35.2831       4337     3.0111     1.6688     1.5455 0.0000e+00
    154.000    11.1260   3.951428    35.2825       4360     3.0270     1.6691     1.5453 0.0000e+00
    155.000    11.0631   3.945405    35.2823       4382     3.0424     1.6684     1.5443 0.0000e+00
    156.000    11.0197   3.940669    35.2763       4407     3.0600     1.6674     1.5423 0.0000e+00
    157.000    10.9872   3.937343    35.2738       4440     3.0823     1.6658     1.5408 0.0000e+00
    158.000    10.9764   3.936123    35.2715       4472     3.1048     1.6630     1.5392 0.0000e+00
    159.000    10.9651   3.935000    35.2706       4499     3.1237     1.6609     1.5380 0.0000e+00
    160.000    10.9568   3.934095    35.2691       4524     3.1410     1.6602     1.5365 0.0000e+00
    161.000    10.9477   3.933138    35.2678       4549     3.1582     1.6606     1.5355 0.0000e+00
    162.000    10.9140   3.929863    35.2670       4576     3.1771     1.6597     1.5357 0.0000e+00
