HB2407/CTD027.cnv
* Sea-Bird SBE 9 Data File:
* FileName = C:\cruise\data\CTD027.hex
* Software Version Seasave V 7.26.7.121
* Temperature SN = 4591
* Conductivity SN = 6006
* Number of Bytes Per Scan = 37
* Number of Voltage Words = 4
* Number of Scans Averaged by the Deck Unit = 1
* NMEA Latitude = 36 52.00 N
* NMEA Longitude = 074 46.22 W
* NMEA UTC (Time) = Sep 11 2024 04:31:40
* NMEA baud rate = 4800
** Ship: Bigelow HB2407
** Program:  Fall Bottom Trawl Survey
** Chief Scientist: John Galbraith
# nquan = 9
# nvalues = 129                         
# units = specified
# name 0 = depSM: Depth [salt water, m]
# name 1 = t090C: Temperature [ITS-90, deg C]
# name 2 = c0S/m: Conductivity [S/m]
# name 3 = sal00: Salinity, Practical [PSU]
# name 4 = scan: Scan Count
# name 5 = timeM: Time, Elapsed [minutes]
# name 6 = sbeox0V: Oxygen raw, SBE 43 [V]
# name 7 = sbeox1V: Oxygen raw, SBE 43, 2 [V]
# name 8 = flag: flag
# span 0 =      1.000,     66.000       
# span 1 =     8.3047,    22.6741       
# span 2 =   3.399816,   4.794392       
# span 3 =    31.5586,    34.4569       
# span 4 =        161,       5175       
# span 5 =     0.1111,     3.5932       
# span 6 =     2.0843,     2.8151       
# span 7 =     1.9250,     2.5051       
# span 8 = 0.0000e+00, 0.0000e+00       
# interval = meters: 1                  
# start_time = Sep 11 2024 04:31:40 [NMEA time, header]
# bad_flag = -9.990e-29
*END*
      3.000    22.6670   4.790693    32.8799        161     0.1111     2.6309     2.4361 0.0000e+00
      4.000    22.6736   4.791524    32.8810        291     0.2012     2.6292     2.4377 0.0000e+00
      5.000    22.6708   4.791152    32.8800        318     0.2198     2.6272     2.4409 0.0000e+00
      6.000    22.6698   4.791110    32.8801        342     0.2368     2.6214     2.4420 0.0000e+00
      7.000    22.6741   4.792392    32.8864        365     0.2531     2.6278     2.4361 0.0000e+00
      8.000    22.6612   4.794392    32.9111        390     0.2701     2.6289     2.4354 0.0000e+00
      9.000    22.4773   4.779959    32.9381        416     0.2881     2.6244     2.4342 0.0000e+00
     10.000    22.4432   4.779012    32.9562        442     0.3064     2.6225     2.4321 0.0000e+00
     11.000    22.4402   4.779639    32.9630        468     0.3246     2.6283     2.4365 0.0000e+00
     12.000    22.4038   4.775357    32.9571        495     0.3429     2.6325     2.4391 0.0000e+00
     13.000    22.3566   4.771771    32.9648        522     0.3618     2.6333     2.4433 0.0000e+00
     14.000    22.1753   4.755597    32.9764        551     0.3816     2.6313     2.4422 0.0000e+00
     15.000    21.4263   4.685540    32.9990        578     0.4009     2.6383     2.4470 0.0000e+00
     16.000    18.6425   4.396539    32.8225        604     0.4188     2.6416     2.4537 0.0000e+00
     17.000    13.4103   3.871642    32.4846        629     0.4358     2.6065     2.4374 0.0000e+00
     18.000    10.5549   3.570109    32.0614        654     0.4533     2.4827     2.3972 0.0000e+00
     19.000    10.3317   3.536883    31.9272        680     0.4717     2.3845     2.3419 0.0000e+00
     20.000    10.2420   3.526519    31.9016        707     0.4903     2.3640     2.3086 0.0000e+00
     21.000     9.9936   3.502269    31.8755        733     0.5082     2.3617     2.2750 0.0000e+00
     22.000     9.9591   3.496763    31.8499        758     0.5260     2.3513     2.2416 0.0000e+00
     23.000     9.9161   3.491523    31.8344        786     0.5450     2.3395     2.2068 0.0000e+00
     24.000     9.8818   3.487392    31.8223        816     0.5661     2.3292     2.1770 0.0000e+00
     25.000     9.8856   3.486791    31.8125        845     0.5864     2.3197     2.1577 0.0000e+00
     26.000     9.8829   3.486191    31.8083        872     0.6047     2.3134     2.1449 0.0000e+00
     27.000     9.8671   3.486177    31.8217        896     0.6214     2.3093     2.1386 0.0000e+00
     28.000     9.5207   3.468891    31.9525        920     0.6384     2.3072     2.1349 0.0000e+00
     29.000     9.3382   3.456238    31.9852        946     0.6562     2.2925     2.1253 0.0000e+00
     30.000     9.2614   3.450924    31.9988        973     0.6747     2.2869     2.1160 0.0000e+00
     31.000     9.1842   3.446506    32.0221        999     0.6929     2.2947     2.1168 0.0000e+00
     32.000     8.9605   3.439520    32.1510       1025     0.7112     2.3018     2.1211 0.0000e+00
     33.000     8.9300   3.439048    32.1732       1053     0.7304     2.3055     2.1217 0.0000e+00
     34.000     8.9716   3.444553    32.1923       1083     0.7515     2.3284     2.1359 0.0000e+00
     35.000     8.9550   3.443626    32.1972       1113     0.7719     2.3573     2.1632 0.0000e+00
     36.000     8.8988   3.438205    32.1914       1139     0.7903     2.3782     2.1823 0.0000e+00
     37.000     8.7394   3.426789    32.2168       1164     0.8075     2.3874     2.1940 0.0000e+00
     38.000     8.6096   3.414729    32.2085       1188     0.8241     2.3885     2.1991 0.0000e+00
     39.000     8.6170   3.415194    32.2062       1212     0.8412     2.3793     2.1972 0.0000e+00
     40.000     8.5999   3.414494    32.2140       1238     0.8591     2.3692     2.1903 0.0000e+00
     41.000     8.5901   3.415426    32.2322       1264     0.8772     2.3600     2.1812 0.0000e+00
     42.000     8.5329   3.412713    32.2555       1291     0.8962     2.3541     2.1722 0.0000e+00
     43.000     8.4154   3.404767    32.2791       1320     0.9161     2.3472     2.1660 0.0000e+00
     44.000     8.3695   3.401135    32.2825       1351     0.9372     2.3308     2.1551 0.0000e+00
     45.000     8.3650   3.401624    32.2913       1380     0.9579     2.3082     2.1372 0.0000e+00
     46.000     8.3047   3.399816    32.3271       1407     0.9766     2.2908     2.1201 0.0000e+00
     47.000     8.7134   3.448842    32.4663       1431     0.9933     2.2786     2.1084 0.0000e+00
     48.000     8.4729   3.429687    32.4860       1454     1.0088     2.2747     2.1012 0.0000e+00
     49.000     8.4446   3.427025    32.4838       1476     1.0244     2.2585     2.0877 0.0000e+00
     50.000     8.5169   3.436693    32.5183       1501     1.0416     2.2383     2.0693 0.0000e+00
     51.000     8.6197   3.449367    32.5561       1531     1.0626     2.2190     2.0509 0.0000e+00
     52.000     8.7126   3.459671    32.5779       1564     1.0857     2.2057     2.0358 0.0000e+00
     53.000     8.8669   3.476999    32.6166       1596     1.1074     2.1980     2.0280 0.0000e+00
     54.000     8.8936   3.481133    32.6346       1623     1.1263     2.2010     2.0239 0.0000e+00
     55.000     8.9811   3.491049    32.6568       1648     1.1435     2.2040     2.0251 0.0000e+00
     56.000     9.3053   3.532142    32.7843       1671     1.1597     2.2073     2.0274 0.0000e+00
     57.000     9.7420   3.586009    32.9361       1694     1.1758     2.2164     2.0314 0.0000e+00
     58.000    10.0275   3.625702    33.0789       1718     1.1926     2.2286     2.0362 0.0000e+00
     59.000    10.1737   3.644256    33.1328       1745     1.2108     2.2373     2.0439 0.0000e+00
     60.000    10.4225   3.678218    33.2472       1773     1.2306     2.2402     2.0494 0.0000e+00
     61.000    10.9316   3.747261    33.4722       1807     1.2539     2.2431     2.0525 0.0000e+00
     62.000    11.3979   3.812996    33.6973       1846     1.2813     2.2383     2.0504 0.0000e+00
     63.000    12.0447   3.899634    33.9538       1880     1.3045     2.2225     2.0384 0.0000e+00
     64.000    12.4223   3.955503    34.1510       1908     1.3244     2.2162     2.0292 0.0000e+00
     65.000    12.5332   3.970724    34.1959       1935     1.3433     2.2009     2.0204 0.0000e+00
     66.000    12.9428   4.036888    34.4569       2030     1.4089     2.1413     1.9762 0.0000e+00
     65.000    12.5107   3.977607    34.2833       2899     2.0128     2.0843     1.9250 0.0000e+00
     64.000    12.5828   3.985661    34.2948       3249     2.2553     2.1241     1.9637 0.0000e+00
     63.000    12.5854   3.985362    34.2900       3291     2.2846     2.1222     1.9634 0.0000e+00
     62.000    12.5491   3.980642    34.2782       3315     2.3015     2.1263     1.9637 0.0000e+00
     61.000    12.4199   3.965106    34.2470       3343     2.3206     2.1234     1.9660 0.0000e+00
     60.000    11.9785   3.900160    34.0213       3374     2.3420     2.1246     1.9673 0.0000e+00
     59.000    11.6434   3.863179    33.9655       3403     2.3625     2.1296     1.9623 0.0000e+00
     58.000    10.6988   3.728781    33.5021       3428     2.3802     2.1252     1.9649 0.0000e+00
     57.000    10.5973   3.714352    33.4514       3452     2.3963     2.1114     1.9621 0.0000e+00
     56.000    10.3573   3.679416    33.3205       3475     2.4123     2.1239     1.9700 0.0000e+00
     55.000     9.9799   3.628390    33.1512       3499     2.4293     2.1454     1.9849 0.0000e+00
     54.000     9.7656   3.600133    33.0604       3525     2.4472     2.1640     1.9981 0.0000e+00
     53.000     9.3206   3.544517    32.8991       3550     2.4649     2.1764     2.0091 0.0000e+00
     52.000     9.1637   3.521075    32.8018       3575     2.4817     2.1781     2.0141 0.0000e+00
     51.000     9.0669   3.507130    32.7467       3599     2.4989     2.1745     2.0155 0.0000e+00
     50.000     8.9726   3.494530    32.7031       3629     2.5192     2.1727     2.0197 0.0000e+00
     49.000     8.8547   3.479655    32.6573       3663     2.5429     2.1787     2.0220 0.0000e+00
     48.000     8.6672   3.458375    32.6081       3692     2.5630     2.1855     2.0217 0.0000e+00
     47.000     8.6259   3.447948    32.5373       3714     2.5787     2.1840     2.0214 0.0000e+00
     46.000     8.6812   3.451564    32.5248       3735     2.5929     2.1824     2.0192 0.0000e+00
     45.000     8.5442   3.436161    32.4898       3755     2.6072     2.1860     2.0182 0.0000e+00
     44.000     8.4445   3.418419    32.3956       3778     2.6230     2.1887     2.0185 0.0000e+00
     43.000     8.4524   3.414724    32.3499       3805     2.6414     2.1960     2.0192 0.0000e+00
     42.000     8.4127   3.406118    32.2963       3835     2.6624     2.2111     2.0273 0.0000e+00
     41.000     8.4569   3.408701    32.2834       3866     2.6840     2.2261     2.0404 0.0000e+00
     40.000     8.5352   3.412059    32.2475       3895     2.7044     2.2410     2.0548 0.0000e+00
     39.000     8.5698   3.412844    32.2246       3923     2.7234     2.2601     2.0680 0.0000e+00
     38.000     8.5884   3.412499    32.2045       3948     2.7411     2.2800     2.0790 0.0000e+00
     37.000     8.5917   3.412036    32.1970       3972     2.7577     2.2960     2.0943 0.0000e+00
     36.000     8.6156   3.412314    32.1787       3995     2.7736     2.3064     2.1091 0.0000e+00
     35.000     8.6987   3.417796    32.1608       4018     2.7893     2.3195     2.1211 0.0000e+00
     34.000     8.8047   3.425692    32.1474       4041     2.8057     2.3373     2.1306 0.0000e+00
     33.000     8.8524   3.429843    32.1478       4067     2.8238     2.3560     2.1417 0.0000e+00
     32.000     8.8797   3.431284    32.1385       4096     2.8439     2.3699     2.1578 0.0000e+00
     31.000     8.8991   3.431013    32.1186       4126     2.8648     2.3741     2.1727 0.0000e+00
     30.000     8.9596   3.432170    32.0764       4155     2.8849     2.3763     2.1825 0.0000e+00
     29.000     9.0056   3.433455    32.0487       4182     2.9037     2.3794     2.1889 0.0000e+00
     28.000     9.0239   3.434650    32.0450       4208     2.9214     2.3733     2.1913 0.0000e+00
     27.000     9.1458   3.438910    31.9800       4232     2.9380     2.3649     2.1897 0.0000e+00
     26.000     9.2878   3.445022    31.9163       4255     2.9541     2.3626     2.1868 0.0000e+00
     25.000     9.5682   3.457799    31.7982       4279     2.9706     2.3515     2.1848 0.0000e+00
     24.000     9.7363   3.466602    31.7398       4304     2.9880     2.3359     2.1817 0.0000e+00
     23.000     9.7769   3.469314    31.7319       4331     3.0067     2.3173     2.1717 0.0000e+00
     22.000     9.8408   3.472405    31.7074       4359     3.0261     2.3103     2.1550 0.0000e+00
     21.000     9.8947   3.475854    31.6955       4386     3.0453     2.3091     2.1408 0.0000e+00
     20.000     9.9845   3.481551    31.6747       4413     3.0637     2.3050     2.1320 0.0000e+00
     19.000    10.0552   3.489449    31.6929       4439     3.0818     2.3039     2.1291 0.0000e+00
     18.000    10.2452   3.501244    31.6459       4465     3.1001     2.3096     2.1308 0.0000e+00
     17.000    11.0379   3.561496    31.5586       4491     3.1183     2.3216     2.1370 0.0000e+00
     16.000    13.2522   3.760269    31.5928       4517     3.1358     2.3476     2.1563 0.0000e+00
     15.000    15.0344   3.958200    31.9422       4541     3.1524     2.4244     2.2034 0.0000e+00
     14.000    17.8013   4.245972    32.2310       4564     3.1689     2.6507     2.2828 0.0000e+00
     13.000    19.4725   4.438682    32.5267       4589     3.1861     2.8151     2.3850 0.0000e+00
     12.000    20.6730   4.558458    32.5690       4615     3.2041     2.8120     2.4723 0.0000e+00
     11.000    21.0590   4.608249    32.6708       4643     3.2233     2.7390     2.5051 0.0000e+00
     10.000    21.7070   4.674394    32.6990       4670     3.2426     2.6758     2.4916 0.0000e+00
      9.000    21.9340   4.709685    32.8036       4697     3.2609     2.6565     2.4696 0.0000e+00
      8.000    22.0218   4.719449    32.8136       4721     3.2778     2.6434     2.4563 0.0000e+00
      7.000    22.1104   4.727366    32.8085       4746     3.2950     2.6400     2.4423 0.0000e+00
      6.000    22.2567   4.736760    32.7713       4771     3.3127     2.6348     2.4357 0.0000e+00
      5.000    22.3606   4.751203    32.8052       4796     3.3302     2.6336     2.4324 0.0000e+00
      4.000    22.4690   4.761360    32.8025       4821     3.3473     2.6313     2.4345 0.0000e+00
      3.000    22.6136   4.780132    32.8388       4986     3.4618     2.6340     2.4348 0.0000e+00
      2.000    22.6049   4.781370    32.8552       5147     3.5734     2.6196     2.4403 0.0000e+00
      1.000    22.6064   4.781864    32.8581       5175     3.5932     2.6176     2.4329 0.0000e+00
