HB2407/CTD063.cnv
* Sea-Bird SBE 9 Data File:
* FileName = C:\cruise\data\CTD063.hex
* Software Version Seasave V 7.26.7.121
* Temperature SN = 4591
* Conductivity SN = 6006
* Number of Bytes Per Scan = 37
* Number of Voltage Words = 4
* Number of Scans Averaged by the Deck Unit = 1
* NMEA Latitude = 35 44.24 N
* NMEA Longitude = 074 49.76 W
* NMEA UTC (Time) = Sep 20 2024 23:54:21
* NMEA baud rate = 4800
** Ship: Bigelow HB2407
** Program:  Fall Bottom Trawl Survey
** Chief Scientist: John Galbraith
# nquan = 9
# nvalues = 374                         
# units = specified
# name 0 = depSM: Depth [salt water, m]
# name 1 = t090C: Temperature [ITS-90, deg C]
# name 2 = c0S/m: Conductivity [S/m]
# name 3 = sal00: Salinity, Practical [PSU]
# name 4 = scan: Scan Count
# name 5 = timeM: Time, Elapsed [minutes]
# name 6 = sbeox0V: Oxygen raw, SBE 43 [V]
# name 7 = sbeox1V: Oxygen raw, SBE 43, 2 [V]
# name 8 = flag: flag
# span 0 =      1.000,    203.000       
# span 1 =     9.5866,    22.8861       
# span 2 =   3.541695,   4.757780       
# span 3 =    31.7676,    35.9221       
# span 4 =         64,      13254       
# span 5 =     0.0437,     9.2034       
# span 6 =     1.5952,     2.5867       
# span 7 =     1.4789,     2.4023       
# span 8 = 0.0000e+00, 0.0000e+00       
# interval = meters: 1                  
# start_time = Sep 20 2024 23:54:21 [NMEA time, header]
# bad_flag = -9.990e-29
*END*
[from data line 161]
    193.000    12.7590   4.147153    35.6270       5374     3.7311     1.6042     1.4937 0.0000e+00
    194.000    12.7489   4.146156    35.6265       5396     3.7467     1.6059     1.4920 0.0000e+00
    195.000    12.7278   4.143968    35.6250       5417     3.7611     1.6072     1.4916 0.0000e+00
    196.000    12.7100   4.141967    35.6221       5438     3.7755     1.6076     1.4905 0.0000e+00
    197.000    12.6833   4.139247    35.6207       5460     3.7913     1.6058     1.4887 0.0000e+00
    198.000    12.6356   4.133878    35.6136       5492     3.8131     1.6045     1.4880 0.0000e+00
    199.000    12.5468   4.124217    35.6040       5537     3.8441     1.6036     1.4886 0.0000e+00
    200.000    12.5259   4.121666    35.5987       5566     3.8645     1.6028     1.4878 0.0000e+00
    201.000    12.5181   4.120700    35.5964       5586     3.8787     1.6008     1.4869 0.0000e+00
    202.000    12.5105   4.119875    35.5952       5606     3.8920     1.6007     1.4860 0.0000e+00
    203.000    12.4368   4.111029    35.5789       6262     4.3476     1.5963     1.4789 0.0000e+00
    202.000    12.4453   4.111752    35.5783       6899     4.7902     1.5969     1.4793 0.0000e+00
    201.000    12.4500   4.112009    35.5768       7382     5.1257     1.5972     1.4798 0.0000e+00
    200.000    12.4722   4.114513    35.5804       7363     5.1124     1.5965     1.4797 0.0000e+00
    199.000    12.4755   4.114829    35.5809       7383     5.1266     1.5952     1.4797 0.0000e+00
    198.000    12.4857   4.115871    35.5817       7406     5.1427     1.5961     1.4814 0.0000e+00
    197.000    12.5063   4.118041    35.5836       7436     5.1629     1.5980     1.4816 0.0000e+00
    196.000    12.5334   4.120572    35.5828       7463     5.1820     1.5995     1.4810 0.0000e+00
    195.000    12.6290   4.130981    35.5933       7487     5.1983     1.6013     1.4804 0.0000e+00
    194.000    12.6430   4.133002    35.6000       7514     5.2174     1.6032     1.4822 0.0000e+00
    193.000    12.6411   4.133526    35.6073       7552     5.2439     1.6038     1.4855 0.0000e+00
    192.000    12.6731   4.135685    35.5983       7582     5.2646     1.6041     1.4860 0.0000e+00
    191.000    12.7139   4.140972    35.6110       7601     5.2779     1.6053     1.4851 0.0000e+00
    190.000    12.7118   4.140459    35.6085       7617     5.2890     1.6067     1.4844 0.0000e+00
    189.000    12.7394   4.143515    35.6123       7633     5.3002     1.6077     1.4849 0.0000e+00
    188.000    12.7386   4.143757    35.6158       7651     5.3128     1.6074     1.4854 0.0000e+00
    187.000    12.7508   4.144935    35.6160       7678     5.3310     1.6074     1.4870 0.0000e+00
    186.000    12.7958   4.149904    35.6218       7729     5.3665     1.6065     1.4900 0.0000e+00
    185.000    12.8023   4.150517    35.6219       7766     5.3924     1.6045     1.4926 0.0000e+00
    184.000    12.8270   4.153383    35.6266       7788     5.4075     1.6053     1.4939 0.0000e+00
    183.000    12.8400   4.154633    35.6268       7806     5.4204     1.6051     1.4937 0.0000e+00
    182.000    12.8492   4.155741    35.6291       7824     5.4323     1.6048     1.4939 0.0000e+00
    181.000    12.8514   4.156028    35.6302       7841     5.4447     1.6054     1.4939 0.0000e+00
    180.000    12.8553   4.156455    35.6311       7864     5.4602     1.6082     1.4935 0.0000e+00
    179.000    12.8650   4.157545    35.6328       7904     5.4883     1.6100     1.4919 0.0000e+00
    178.000    12.8677   4.157936    35.6345       7944     5.5161     1.6092     1.4917 0.0000e+00
    177.000    12.8938   4.160384    35.6338       7966     5.5312     1.6107     1.4919 0.0000e+00
    176.000    12.9144   4.162756    35.6376       7985     5.5443     1.6095     1.4925 0.0000e+00
    175.000    12.9395   4.165531    35.6408       8005     5.5583     1.6108     1.4933 0.0000e+00
    174.000    12.9382   4.165633    35.6435       8030     5.5755     1.6135     1.4935 0.0000e+00
    173.000    12.9466   4.166558    35.6449       8056     5.5938     1.6151     1.4934 0.0000e+00
    172.000    12.9472   4.166529    35.6445       8079     5.6101     1.6168     1.4942 0.0000e+00
    171.000    12.9560   4.167500    35.6460       8104     5.6269     1.6167     1.4964 0.0000e+00
    170.000    12.9586   4.167829    35.6470       8138     5.6507     1.6174     1.4983 0.0000e+00
    169.000    12.9606   4.168006    35.6473       8182     5.6811     1.6167     1.4986 0.0000e+00
    168.000    12.9769   4.169397    35.6457       8210     5.7007     1.6182     1.4978 0.0000e+00
    167.000    13.0053   4.172537    35.6494       8229     5.7138     1.6197     1.4986 0.0000e+00
    166.000    13.0498   4.176943    35.6500       8245     5.7248     1.6234     1.4991 0.0000e+00
    165.000    13.0858   4.180778    35.6533       8260     5.7353     1.6305     1.4988 0.0000e+00
    164.000    13.0986   4.182542    35.6585       8276     5.7465     1.6263     1.5002 0.0000e+00
    163.000    13.1173   4.184585    35.6608       8296     5.7607     1.6256     1.5040 0.0000e+00
    162.000    13.1716   4.190440    35.6660       8341     5.7918     1.6332     1.5105 0.0000e+00
    161.000    13.2237   4.195316    35.6640       8397     5.8304     1.6420     1.5176 0.0000e+00
    160.000    13.2980   4.201709    35.6554       8418     5.8448     1.6437     1.5192 0.0000e+00
    159.000    13.3509   4.207788    35.6641       8435     5.8566     1.6474     1.5206 0.0000e+00
    158.000    13.4668   4.218300    35.6556       8450     5.8677     1.6530     1.5234 0.0000e+00
    157.000    13.5565   4.228524    35.6687       8467     5.8793     1.6603     1.5269 0.0000e+00
    156.000    13.5664   4.231379    35.6869       8488     5.8935     1.6681     1.5341 0.0000e+00
    155.000    13.7866   4.255569    35.7096       8516     5.9132     1.6781     1.5463 0.0000e+00
    154.000    13.8863   4.266906    35.7236       8553     5.9389     1.6854     1.5571 0.0000e+00
    153.000    14.0681   4.288920    35.7609       8591     5.9655     1.6897     1.5618 0.0000e+00
    152.000    14.2749   4.309889    35.7648       8620     5.9851     1.6915     1.5638 0.0000e+00
    151.000    14.2363   4.308352    35.7868       8640     5.9990     1.6959     1.5660 0.0000e+00
    150.000    14.4683   4.331147    35.7839       8657     6.0112     1.6979     1.5687 0.0000e+00
    149.000    14.5519   4.343948    35.8254       8676     6.0241     1.7007     1.5729 0.0000e+00
    148.000    14.6386   4.353446    35.8334       8705     6.0445     1.7091     1.5783 0.0000e+00
    147.000    14.7141   4.362136    35.8443       8749     6.0749     1.7114     1.5823 0.0000e+00
    146.000    14.7828   4.370340    35.8568       8772     6.0912     1.7111     1.5833 0.0000e+00
    145.000    14.9002   4.380539    35.8428       8789     6.1027     1.7128     1.5845 0.0000e+00
    144.000    15.1406   4.399470    35.7958       8804     6.1132     1.7145     1.5855 0.0000e+00
    143.000    15.1681   4.403705    35.8096       8821     6.1253     1.7214     1.5874 0.0000e+00
    142.000    15.2203   4.409391    35.8140       8866     6.1561     1.7630     1.6181 0.0000e+00
    141.000    15.2142   4.409240    35.8187       8916     6.1908     1.7875     1.6561 0.0000e+00
    140.000    15.2409   4.411496    35.8152       8936     6.2045     1.7915     1.6624 0.0000e+00
    139.000    15.2635   4.413464    35.8128       8953     6.2166     1.7967     1.6654 0.0000e+00
    138.000    15.3096   4.418812    35.8198       8969     6.2281     1.7995     1.6672 0.0000e+00
    137.000    15.3207   4.419885    35.8197       8987     6.2403     1.8040     1.6697 0.0000e+00
    136.000    15.3370   4.422559    35.8296       9008     6.2550     1.8080     1.6734 0.0000e+00
    135.000    15.3896   4.428058    35.8318       9037     6.2752     1.8116     1.6771 0.0000e+00
    134.000    15.3803   4.427786    35.8382       9070     6.2979     1.8110     1.6789 0.0000e+00
    133.000    15.3880   4.428544    35.8386       9103     6.3206     1.8121     1.6767 0.0000e+00
    132.000    15.4099   4.430759    35.8390       9145     6.3498     1.8132     1.6770 0.0000e+00
    131.000    15.4034   4.430074    35.8392       9178     6.3730     1.8096     1.6756 0.0000e+00
    130.000    15.4110   4.430751    35.8388       9196     6.3857     1.8087     1.6760 0.0000e+00
    129.000    15.4253   4.431553    35.8334       9211     6.3959     1.8083     1.6782 0.0000e+00
    128.000    15.4459   4.433140    35.8295       9225     6.4053     1.8098     1.6778 0.0000e+00
    127.000    15.4773   4.436023    35.8273       9239     6.4151     1.8128     1.6767 0.0000e+00
    126.000    15.4771   4.435109    35.8196       9255     6.4267     1.8168     1.6782 0.0000e+00
    125.000    15.5962   4.442578    35.7792       9303     6.4600     1.8289     1.6881 0.0000e+00
    124.000    15.7421   4.455391    35.7627       9363     6.5014     1.8453     1.7169 0.0000e+00
    123.000    15.7328   4.454341    35.7621       9380     6.5132     1.8567     1.7294 0.0000e+00
    122.000    15.8430   4.464178    35.7512       9396     6.5241     1.8674     1.7414 0.0000e+00
    121.000    15.9189   4.471058    35.7447       9411     6.5348     1.8771     1.7500 0.0000e+00
    120.000    15.9164   4.471409    35.7505       9427     6.5462     1.8887     1.7553 0.0000e+00
    119.000    15.9326   4.472413    35.7453       9448     6.5601     1.9044     1.7642 0.0000e+00
    118.000    15.9417   4.472627    35.7393       9483     6.5850     1.9282     1.7829 0.0000e+00
    117.000    15.9436   4.471536    35.7282       9535     6.6206     1.9428     1.7954 0.0000e+00
    116.000    15.9192   4.467180    35.7116       9559     6.6376     1.9424     1.8010 0.0000e+00
    115.000    15.8457   4.454701    35.6664       9578     6.6504     1.9413     1.8017 0.0000e+00
    114.000    15.4956   4.400779    35.4972       9595     6.6622     1.9430     1.8030 0.0000e+00
    113.000    15.3775   4.376363    35.3833       9613     6.6747     1.9426     1.8025 0.0000e+00
    112.000    15.2623   4.359976    35.3389       9635     6.6903     1.9500     1.8043 0.0000e+00
    111.000    15.1475   4.340132    35.2626       9671     6.7152     1.9800     1.8259 0.0000e+00
    110.000    15.0514   4.325046    35.2123       9707     6.7405     2.0077     1.8487 0.0000e+00
    109.000    14.7229   4.277401    35.0733       9732     6.7575     2.0180     1.8589 0.0000e+00
    108.000    14.4727   4.245576    35.0061       9755     6.7736     2.0249     1.8671 0.0000e+00
    107.000    14.1293   4.189836    34.8015       9780     6.7910     2.0322     1.8735 0.0000e+00
    106.000    14.2127   4.198387    34.8060       9807     6.8100     2.0363     1.8852 0.0000e+00
    105.000    13.9867   4.163873    34.6896       9835     6.8290     2.0557     1.9050 0.0000e+00
    104.000    13.9000   4.151139    34.6496       9861     6.8471     2.0782     1.9154 0.0000e+00
    103.000    13.7619   4.132290    34.5984       9883     6.8627     2.0786     1.9229 0.0000e+00
    102.000    13.6138   4.107754    34.5027       9903     6.8765     2.0813     1.9295 0.0000e+00
    101.000    13.4727   4.091391    34.4766       9922     6.8899     2.0847     1.9341 0.0000e+00
    100.000    13.1877   4.044703    34.2939       9945     6.9053     2.0885     1.9415 0.0000e+00
     99.000    12.6366   3.967366    34.0553       9981     6.9309     2.1164     1.9488 0.0000e+00
     98.000    12.1612   3.898126    33.8196      10028     6.9633     2.1531     1.9682 0.0000e+00
     97.000    12.0332   3.880831    33.7679      10057     6.9836     2.1584     1.9877 0.0000e+00
     96.000    11.9122   3.862326    33.6981      10078     6.9980     2.1640     2.0009 0.0000e+00
     95.000    11.6319   3.825491    33.5929      10096     7.0103     2.1680     2.0085 0.0000e+00
     94.000    11.5490   3.811618    33.5326      10113     7.0220     2.1733     2.0155 0.0000e+00
     93.000    11.5298   3.807840    33.5133      10130     7.0341     2.1800     2.0189 0.0000e+00
     92.000    11.4075   3.793103    33.4797      10149     7.0474     2.1880     2.0254 0.0000e+00
     91.000    11.2504   3.771428    33.4090      10177     7.0664     2.1994     2.0362 0.0000e+00
     90.000    10.8050   3.711483    33.2191      10229     7.1027     2.2082     2.0480 0.0000e+00
     89.000    10.8225   3.712304    33.2117      10266     7.1286     2.2151     2.0512 0.0000e+00
     88.000    10.6006   3.683231    33.1232      10290     7.1448     2.2187     2.0576 0.0000e+00
     87.000    10.1799   3.633103    33.0017      10309     7.1585     2.2272     2.0614 0.0000e+00
     86.000     9.9517   3.596440    32.8387      10326     7.1703     2.2266     2.0596 0.0000e+00
     85.000     9.9401   3.592118    32.8057      10342     7.1815     2.2196     2.0545 0.0000e+00
     84.000     9.8398   3.580001    32.7741      10359     7.1932     2.2141     2.0512 0.0000e+00
     83.000     9.7907   3.571907    32.7367      10379     7.2067     2.2137     2.0521 0.0000e+00
     82.000     9.6908   3.560326    32.7098      10423     7.2375     2.2212     2.0572 0.0000e+00
     81.000     9.6553   3.552520    32.6628      10485     7.2808     2.2364     2.0621 0.0000e+00
     80.000     9.6913   3.555209    32.6580      10503     7.2929     2.2361     2.0610 0.0000e+00
     79.000     9.7335   3.552829    32.5959      10518     7.3033     2.2354     2.0612 0.0000e+00
     78.000     9.8138   3.557119    32.5675      10531     7.3128     2.2379     2.0626 0.0000e+00
     77.000     9.8772   3.563041    32.5709      10546     7.3231     2.2457     2.0648 0.0000e+00
     76.000     9.8725   3.563303    32.5782      10565     7.3358     2.2568     2.0701 0.0000e+00
     75.000     9.8922   3.564852    32.5766      10593     7.3559     2.2677     2.0827 0.0000e+00
     74.000     9.9283   3.568395    32.5805      10637     7.3864     2.2815     2.0987 0.0000e+00
     73.000    10.1554   3.592930    32.6244      10671     7.4099     2.3347     2.1053 0.0000e+00
     72.000    12.0042   3.778039    32.8078      10697     7.4281     2.3579     2.1116 0.0000e+00
     71.000    13.2084   3.899502    32.9152      10721     7.4443     2.3713     2.1352 0.0000e+00
     70.000    14.0328   4.003556    33.1753      10744     7.4606     2.3782     2.1594 0.0000e+00
     69.000    14.3323   4.040450    33.2582      10771     7.4790     2.3755     2.1791 0.0000e+00
     68.000    14.3646   4.044891    33.2717      10796     7.4968     2.3495     2.1768 0.0000e+00
     67.000    14.5405   4.060099    33.2603      10817     7.5109     2.3402     2.1674 0.0000e+00
     66.000    14.5676   4.058976    33.2273      10835     7.5234     2.3434     2.1631 0.0000e+00
     65.000    14.7165   4.068724    33.1893      10854     7.5367     2.3463     2.1603 0.0000e+00
     64.000    14.9392   4.087497    33.1706      10882     7.5563     2.3565     2.1597 0.0000e+00
     63.000    15.0961   4.087050    33.0340      10927     7.5874     2.3625     2.1703 0.0000e+00
     62.000    15.2482   4.075198    32.7999      10960     7.6108     2.3740     2.1825 0.0000e+00
     61.000    15.2611   4.059391    32.6476      10983     7.6265     2.3952     2.1921 0.0000e+00
     60.000    15.1283   4.034209    32.5321      11004     7.6408     2.4051     2.2000 0.0000e+00
     59.000    14.8188   3.985012    32.3456      11024     7.6552     2.4058     2.2072 0.0000e+00
     58.000    14.5189   3.937570    32.1640      11046     7.6705     2.4058     2.2126 0.0000e+00
     57.000    14.3063   3.901474    32.0114      11072     7.6879     2.4241     2.2239 0.0000e+00
     56.000    14.2988   3.892306    31.9342      11100     7.7073     2.4462     2.2379 0.0000e+00
     55.000    14.3944   3.899227    31.9189      11128     7.7269     2.4498     2.2556 0.0000e+00
