HB2407/CTD004.cnv
* Sea-Bird SBE 9 Data File:
* FileName = C:\cruise\data\CTD004.hex
* Software Version Seasave V 7.26.7.121
* Temperature SN = 4591
* Conductivity SN = 6006
* Number of Bytes Per Scan = 37
* Number of Voltage Words = 4
* Number of Scans Averaged by the Deck Unit = 1
* NMEA Latitude = 38 58.50 N
* NMEA Longitude = 073 18.31 W
* NMEA UTC (Time) = Sep 07 2024 15:20:30
* NMEA baud rate = 4800
** Ship: Bigelow HB2407
** Program:  Fall Bottom Trawl Survey
** Chief Scientist: John Galbraith
# nquan = 9
# nvalues = 125                         
# units = specified
# name 0 = depSM: Depth [salt water, m]
# name 1 = t090C: Temperature [ITS-90, deg C]
# name 2 = c0S/m: Conductivity [S/m]
# name 3 = sal00: Salinity, Practical [PSU]
# name 4 = scan: Scan Count
# name 5 = timeM: Time, Elapsed [minutes]
# name 6 = sbeox0V: Oxygen raw, SBE 43 [V]
# name 7 = sbeox1V: Oxygen raw, SBE 43, 2 [V]
# name 8 = flag: flag
# span 0 =      1.000,     64.000       
# span 1 =     7.4319,    21.2699       
# span 2 =   3.298747,   4.630713       
# span 3 =    32.0018,    32.7207       
# span 4 =        135,       5311       
# span 5 =     0.0931,     3.6873       
# span 6 =     2.1106,     2.8907       
# span 7 =     1.9444,     2.6201       
# span 8 = 0.0000e+00, 0.0000e+00       
# interval = meters: 1                  
# start_time = Sep 07 2024 15:20:30 [NMEA time, header]
# bad_flag = -9.990e-29
*END*
      3.000    21.2567   4.630513    32.6987        135     0.0931     2.6626     2.4567 0.0000e+00
      4.000    21.2579   4.630713    32.6991        279     0.1931     2.6611     2.4559 0.0000e+00
      5.000    21.2400   4.629201    32.7004        307     0.2126     2.6663     2.4544 0.0000e+00
      6.000    21.2302   4.628094    32.6988        335     0.2322     2.6683     2.4496 0.0000e+00
      7.000    21.2449   4.629406    32.6977        362     0.2507     2.6682     2.4576 0.0000e+00
      8.000    21.2308   4.628354    32.6997        387     0.2677     2.6648     2.4595 0.0000e+00
      9.000    21.2039   4.625453    32.6970        411     0.2851     2.6551     2.4561 0.0000e+00
     10.000    21.1762   4.622183    32.6920        437     0.3030     2.6549     2.4537 0.0000e+00
     11.000    21.1589   4.620465    32.6912        464     0.3214     2.6560     2.4537 0.0000e+00
     12.000    21.1378   4.618451    32.6911        489     0.3389     2.6558     2.4519 0.0000e+00
     13.000    21.1278   4.617542    32.6912        514     0.3560     2.6600     2.4551 0.0000e+00
     14.000    21.1277   4.617769    32.6927        539     0.3739     2.6643     2.4568 0.0000e+00
     15.000    21.1285   4.618327    32.6961        570     0.3949     2.6658     2.4585 0.0000e+00
     16.000    20.9976   4.607429    32.7094        602     0.4171     2.6713     2.4631 0.0000e+00
     17.000    20.3900   4.550444    32.7207        628     0.4352     2.6638     2.4603 0.0000e+00
     18.000    19.3858   4.452526    32.7057        650     0.4507     2.6490     2.4552 0.0000e+00
     19.000    18.4243   4.355561    32.6596        672     0.4660     2.6411     2.4519 0.0000e+00
     20.000    17.8639   4.294836    32.5938        698     0.4838     2.6495     2.4616 0.0000e+00
     21.000    17.3471   4.244573    32.5794        729     0.5054     2.6850     2.4980 0.0000e+00
     22.000    16.5713   4.176493    32.6184        759     0.5264     2.7148     2.5300 0.0000e+00
     23.000    13.9603   3.923359    32.5141        783     0.5434     2.7139     2.5389 0.0000e+00
     24.000    11.7652   3.712952    32.4064        806     0.5590     2.6619     2.5147 0.0000e+00
     25.000    11.1855   3.655935    32.3569        832     0.5768     2.6275     2.4922 0.0000e+00
     26.000    10.2103   3.569319    32.3568        865     0.6002     2.6591     2.5091 0.0000e+00
     27.000     9.1790   3.479211    32.3663        899     0.6234     2.6650     2.5167 0.0000e+00
     28.000     8.9591   3.458472    32.3508        923     0.6405     2.6308     2.4876 0.0000e+00
     29.000     8.2044   3.388150    32.3039        944     0.6550     2.5846     2.4500 0.0000e+00
     30.000     8.0156   3.367454    32.2579        965     0.6698     2.5183     2.3918 0.0000e+00
     31.000     7.9032   3.354551    32.2238        991     0.6872     2.4266     2.3148 0.0000e+00
     32.000     7.7505   3.338117    32.1887       1023     0.7099     2.3430     2.2230 0.0000e+00
     33.000     7.5096   3.314555    32.1584       1059     0.7345     2.2902     2.1510 0.0000e+00
     34.000     7.4339   3.306826    32.1450       1090     0.7562     2.2502     2.1043 0.0000e+00
     35.000     7.4319   3.305859    32.1359       1117     0.7748     2.2188     2.0689 0.0000e+00
     36.000     7.4350   3.305659    32.1304       1140     0.7907     2.1981     2.0419 0.0000e+00
     37.000     7.4427   3.306144    32.1281       1160     0.8050     2.1846     2.0257 0.0000e+00
     38.000     7.4600   3.307953    32.1310       1181     0.8196     2.1763     2.0140 0.0000e+00
     39.000     7.4897   3.311112    32.1370       1208     0.8379     2.1704     2.0035 0.0000e+00
     40.000     7.4999   3.311865    32.1353       1244     0.8634     2.1645     1.9926 0.0000e+00
     41.000     7.5145   3.313552    32.1394       1283     0.8901     2.1570     1.9871 0.0000e+00
     42.000     7.5190   3.313970    32.1393       1307     0.9072     2.1545     1.9854 0.0000e+00
     43.000     7.5193   3.313908    32.1379       1327     0.9207     2.1538     1.9842 0.0000e+00
     44.000     7.5210   3.314024    32.1371       1346     0.9340     2.1523     1.9834 0.0000e+00
     45.000     7.5252   3.314484    32.1376       1371     0.9511     2.1513     1.9810 0.0000e+00
     46.000     7.5338   3.315399    32.1391       1410     0.9785     2.1497     1.9784 0.0000e+00
     47.000     7.5599   3.318861    32.1517       1445     1.0030     2.1472     1.9766 0.0000e+00
     48.000     7.5701   3.319921    32.1531       1468     1.0190     2.1474     1.9778 0.0000e+00
     49.000     7.5726   3.320084    32.1522       1489     1.0335     2.1482     1.9782 0.0000e+00
     50.000     7.5755   3.320293    32.1512       1513     1.0502     2.1473     1.9777 0.0000e+00
     51.000     7.5755   3.320169    32.1494       1544     1.0715     2.1451     1.9766 0.0000e+00
     52.000     7.5748   3.320033    32.1481       1575     1.0930     2.1422     1.9765 0.0000e+00
     53.000     7.5774   3.320263    32.1477       1600     1.1102     2.1421     1.9750 0.0000e+00
     54.000     7.5855   3.322197    32.1605       1622     1.1254     2.1427     1.9743 0.0000e+00
     55.000     7.5814   3.324005    32.1832       1646     1.1424     2.1427     1.9743 0.0000e+00
     56.000     7.5931   3.325541    32.1885       1681     1.1670     2.1450     1.9745 0.0000e+00
     57.000     7.6080   3.327137    32.1914       1720     1.1939     2.1437     1.9745 0.0000e+00
     58.000     7.6257   3.329872    32.2039       1746     1.2121     2.1443     1.9744 0.0000e+00
     59.000     7.6792   3.337683    32.2376       1768     1.2269     2.1464     1.9748 0.0000e+00
     60.000     7.6912   3.340317    32.2542       1787     1.2406     2.1484     1.9756 0.0000e+00
     61.000     7.6791   3.341693    32.2797       1808     1.2546     2.1493     1.9756 0.0000e+00
     62.000     7.7209   3.348911    32.3177       1831     1.2705     2.1469     1.9750 0.0000e+00
     63.000     7.7543   3.353374    32.3341       1862     1.2926     2.1414     1.9728 0.0000e+00
     64.000     7.7609   3.354027    32.3345       2024     1.4047     2.1195     1.9528 0.0000e+00
     63.000     7.7581   3.353127    32.3279       2976     2.0662     2.1106     1.9444 0.0000e+00
     62.000     7.7585   3.353086    32.3276       3335     2.3151     2.1122     1.9469 0.0000e+00
     61.000     7.7541   3.352495    32.3258       3362     2.3340     2.1128     1.9463 0.0000e+00
     60.000     7.7341   3.349737    32.3153       3386     2.3508     2.1131     1.9465 0.0000e+00
     59.000     7.7072   3.344050    32.2798       3416     2.3716     2.1136     1.9459 0.0000e+00
     58.000     7.7003   3.341517    32.2596       3449     2.3944     2.1162     1.9472 0.0000e+00
     57.000     7.6851   3.337966    32.2361       3484     2.4185     2.1215     1.9498 0.0000e+00
     56.000     7.6362   3.330537    32.2022       3514     2.4397     2.1250     1.9552 0.0000e+00
     55.000     7.6077   3.326340    32.1840       3539     2.4568     2.1297     1.9586 0.0000e+00
     54.000     7.5963   3.324662    32.1770       3560     2.4718     2.1318     1.9610 0.0000e+00
     53.000     7.5879   3.322338    32.1603       3581     2.4862     2.1333     1.9635 0.0000e+00
     52.000     7.5817   3.320175    32.1433       3604     2.5021     2.1364     1.9671 0.0000e+00
     51.000     7.5758   3.318826    32.1347       3630     2.5202     2.1385     1.9709 0.0000e+00
     50.000     7.5734   3.318157    32.1302       3657     2.5390     2.1413     1.9714 0.0000e+00
     49.000     7.5716   3.317779    32.1283       3682     2.5563     2.1418     1.9722 0.0000e+00
     48.000     7.5692   3.317405    32.1269       3706     2.5732     2.1408     1.9728 0.0000e+00
     47.000     7.5688   3.317257    32.1262       3732     2.5912     2.1385     1.9715 0.0000e+00
     46.000     7.5562   3.315591    32.1205       3763     2.6123     2.1381     1.9708 0.0000e+00
     45.000     7.5445   3.313762    32.1120       3800     2.6380     2.1389     1.9695 0.0000e+00
     44.000     7.5248   3.311002    32.1011       3831     2.6598     2.1368     1.9706 0.0000e+00
     43.000     7.5206   3.310177    32.0965       3854     2.6754     2.1361     1.9711 0.0000e+00
     42.000     7.5197   3.309936    32.0953       3872     2.6882     2.1368     1.9713 0.0000e+00
     41.000     7.5180   3.309610    32.0938       3889     2.7001     2.1373     1.9712 0.0000e+00
     40.000     7.5172   3.309418    32.0929       3907     2.7125     2.1376     1.9717 0.0000e+00
     39.000     7.5157   3.309141    32.0918       3929     2.7275     2.1391     1.9721 0.0000e+00
     38.000     7.5142   3.308790    32.0898       3966     2.7538     2.1410     1.9720 0.0000e+00
     37.000     7.5102   3.307987    32.0854       4015     2.7873     2.1407     1.9718 0.0000e+00
     36.000     7.5044   3.307067    32.0814       4042     2.8065     2.1384     1.9719 0.0000e+00
     35.000     7.4989   3.306450    32.0802       4064     2.8213     2.1390     1.9723 0.0000e+00
     34.000     7.4802   3.304311    32.0750       4083     2.8349     2.1398     1.9729 0.0000e+00
     33.000     7.4609   3.301685    32.0651       4103     2.8486     2.1404     1.9729 0.0000e+00
     32.000     7.4473   3.299876    32.0586       4125     2.8636     2.1404     1.9714 0.0000e+00
     31.000     7.4397   3.298747    32.0539       4151     2.8822     2.1395     1.9708 0.0000e+00
     30.000     7.4582   3.299959    32.0503       4184     2.9051     2.1375     1.9716 0.0000e+00
     29.000     7.6146   3.313159    32.0483       4218     2.9283     2.1401     1.9732 0.0000e+00
     28.000     7.9982   3.347136    32.0588       4249     2.9501     2.1518     1.9794 0.0000e+00
     27.000     8.5265   3.393716    32.0687       4278     2.9702     2.1797     1.9931 0.0000e+00
     26.000     8.7715   3.421308    32.1355       4303     2.9872     2.2170     2.0136 0.0000e+00
     25.000     8.8675   3.430507    32.1446       4324     3.0019     2.2553     2.0401 0.0000e+00
     24.000     9.2762   3.461745    32.0995       4345     3.0166     2.2970     2.0725 0.0000e+00
     23.000     9.8859   3.514618    32.0950       4371     3.0349     2.3728     2.1178 0.0000e+00
     22.000    10.7739   3.589418    32.0620       4403     3.0571     2.5095     2.1883 0.0000e+00
     21.000    12.2082   3.710489    32.0018       4431     3.0763     2.6097     2.2759 0.0000e+00
     20.000    13.5862   3.844226    32.0973       4455     3.0931     2.7055     2.3687 0.0000e+00
     19.000    14.7536   3.962589    32.2115       4481     3.1111     2.8148     2.4742 0.0000e+00
     18.000    16.5952   4.135466    32.2424       4516     3.1353     2.8907     2.5677 0.0000e+00
     17.000    17.2431   4.209355    32.3628       4554     3.1620     2.8544     2.6201 0.0000e+00
     16.000    18.6318   4.337211    32.3435       4580     3.1797     2.8373     2.6022 0.0000e+00
     15.000    19.3088   4.410976    32.4259       4599     3.1929     2.8608     2.5999 0.0000e+00
     14.000    19.9570   4.477986    32.4709       4616     3.2050     2.8630     2.6039 0.0000e+00
     13.000    20.2146   4.510237    32.5336       4635     3.2183     2.8415     2.5941 0.0000e+00
     12.000    20.5195   4.540704    32.5446       4660     3.2352     2.8117     2.5675 0.0000e+00
     11.000    20.6905   4.560073    32.5689       4690     3.2562     2.7587     2.5247 0.0000e+00
     10.000    20.8832   4.580988    32.5887       4719     3.2767     2.7036     2.4936 0.0000e+00
      9.000    20.9817   4.592577    32.6060       4749     3.2969     2.6809     2.4813 0.0000e+00
      8.000    21.0645   4.601072    32.6105       4779     3.3180     2.6804     2.4711 0.0000e+00
      7.000    21.0820   4.604153    32.6219       4805     3.3360     2.6753     2.4646 0.0000e+00
      6.000    21.1062   4.607764    32.6324       4827     3.3517     2.6714     2.4591 0.0000e+00
      5.000    21.1416   4.611837    32.6380       4851     3.3681     2.6674     2.4630 0.0000e+00
      4.000    21.1699   4.615641    32.6469       4878     3.3868     2.6675     2.4624 0.0000e+00
      3.000    21.1963   4.618921    32.6531       4903     3.4040     2.6669     2.4630 0.0000e+00
      2.000    21.2699   4.628756    32.6751       5179     3.5957     2.6651     2.4511 0.0000e+00
      1.000    21.2508   4.627772    32.6822       5311     3.6873     2.6654     2.4612 0.0000e+00
