HB2407/CTD023.cnv
* Sea-Bird SBE 9 Data File:
* FileName = C:\cruise\data\CTD023.hex
* Software Version Seasave V 7.26.7.121
* Temperature SN = 4591
* Conductivity SN = 6006
* Number of Bytes Per Scan = 37
* Number of Voltage Words = 4
* Number of Scans Averaged by the Deck Unit = 1
* NMEA Latitude = 37 06.52 N
* NMEA Longitude = 074 34.94 W
* NMEA UTC (Time) = Sep 10 2024 18:51:27
* NMEA baud rate = 4800
** Ship: Bigelow HB2407
** Program:  Fall Bottom Trawl Survey
** Chief Scientist: John Galbraith
# nquan = 9
# nvalues = 229                         
# units = specified
# name 0 = depSM: Depth [salt water, m]
# name 1 = t090C: Temperature [ITS-90, deg C]
# name 2 = c0S/m: Conductivity [S/m]
# name 3 = sal00: Salinity, Practical [PSU]
# name 4 = scan: Scan Count
# name 5 = timeM: Time, Elapsed [minutes]
# name 6 = sbeox0V: Oxygen raw, SBE 43 [V]
# name 7 = sbeox1V: Oxygen raw, SBE 43, 2 [V]
# name 8 = flag: flag
# span 0 =      1.000,    116.000       
# span 1 =     8.3148,    23.1122       
# span 2 =   3.401096,   4.835690       
# span 3 =    32.0877,    35.5840       
# span 4 =        189,       8355       
# span 5 =     0.1307,     5.8016       
# span 6 =     1.7696,     2.9466       
# span 7 =     1.6351,     2.6425       
# span 8 = 0.0000e+00, 0.0000e+00       
# interval = meters: 1                  
# start_time = Sep 10 2024 18:51:27 [NMEA time, header]
# bad_flag = -9.990e-29
*END*
      3.000    23.1122   4.835690    32.8909        189     0.1307     2.6175     2.4265 0.0000e+00
      4.000    23.0080   4.827195    32.9036        346     0.2395     2.6191     2.4309 0.0000e+00
      5.000    22.8330   4.810639    32.9077        378     0.2616     2.6199     2.4248 0.0000e+00
      6.000    22.7450   4.801806    32.9057        407     0.2820     2.6044     2.4231 0.0000e+00
      7.000    22.7269   4.799928    32.9046        434     0.3010     2.6096     2.4216 0.0000e+00
      8.000    22.7172   4.799072    32.9050        462     0.3203     2.6119     2.4249 0.0000e+00
      9.000    22.7023   4.797588    32.9045        489     0.3386     2.6056     2.4247 0.0000e+00
     10.000    22.6664   4.793995    32.9035        513     0.3558     2.6054     2.4230 0.0000e+00
     11.000    22.1337   4.740000    32.8874        538     0.3732     2.6053     2.4237 0.0000e+00
     12.000    20.6602   4.586037    32.7986        564     0.3913     2.5896     2.4145 0.0000e+00
     13.000    19.7341   4.486977    32.7171        592     0.4103     2.5801     2.4046 0.0000e+00
     14.000    18.8999   4.399081    32.6481        620     0.4295     2.6099     2.4275 0.0000e+00
     15.000    17.8663   4.300330    32.6393        646     0.4481     2.6379     2.4603 0.0000e+00
     16.000    16.0043   4.119517    32.5843        672     0.4659     2.6446     2.4805 0.0000e+00
     17.000    13.7612   3.907010    32.5343        697     0.4833     2.6319     2.4844 0.0000e+00
     18.000    12.8881   3.823745    32.4999        722     0.5007     2.6208     2.4869 0.0000e+00
     19.000    12.3765   3.776050    32.4865        748     0.5188     2.6499     2.5039 0.0000e+00
     20.000    11.4998   3.694443    32.4607        776     0.5384     2.6860     2.5260 0.0000e+00
     21.000    10.6166   3.611348    32.4192        806     0.5589     2.6965     2.5309 0.0000e+00
     22.000    10.1781   3.568137    32.3763        834     0.5785     2.6898     2.5236 0.0000e+00
     23.000     9.9354   3.544236    32.3513        862     0.5976     2.6944     2.5223 0.0000e+00
     24.000     9.8258   3.532825    32.3333        888     0.6156     2.6990     2.5215 0.0000e+00
     25.000     9.5649   3.508453    32.3188        914     0.6339     2.6948     2.5160 0.0000e+00
     26.000     9.3756   3.490395    32.3038        940     0.6523     2.6831     2.5045 0.0000e+00
     27.000     9.3393   3.486292    32.2940        966     0.6700     2.6674     2.4901 0.0000e+00
     28.000     9.2581   3.479109    32.2930        991     0.6872     2.6380     2.4730 0.0000e+00
     29.000     9.0989   3.465539    32.2966       1017     0.7056     2.6423     2.4587 0.0000e+00
     30.000     8.9311   3.450997    32.2976       1045     0.7251     2.6175     2.4370 0.0000e+00
     31.000     8.8142   3.440737    32.2969       1073     0.7443     2.5748     2.4044 0.0000e+00
     32.000     8.7576   3.435724    32.2957       1099     0.7623     2.5246     2.3612 0.0000e+00
     33.000     8.6224   3.424269    32.2989       1126     0.7812     2.4772     2.3152 0.0000e+00
     34.000     8.4170   3.409034    32.3267       1154     0.8008     2.4322     2.2700 0.0000e+00
     35.000     8.3148   3.401096    32.3364       1182     0.8201     2.3845     2.2280 0.0000e+00
     36.000     8.3989   3.410124    32.3538       1208     0.8383     2.3362     2.1855 0.0000e+00
     37.000     8.5434   3.426003    32.3877       1233     0.8559     2.2960     2.1425 0.0000e+00
     38.000     8.6447   3.437617    32.4160       1259     0.8734     2.2726     2.1095 0.0000e+00
     39.000     8.8457   3.464601    32.5130       1286     0.8922     2.2566     2.0869 0.0000e+00
     40.000     8.9432   3.478944    32.5727       1312     0.9103     2.2491     2.0749 0.0000e+00
     41.000     8.9680   3.483242    32.5941       1337     0.9279     2.2424     2.0679 0.0000e+00
     42.000     8.9581   3.482591    32.5960       1363     0.9455     2.2325     2.0617 0.0000e+00
     43.000     8.9612   3.483512    32.6022       1390     0.9645     2.2242     2.0556 0.0000e+00
     44.000     9.0031   3.489390    32.6244       1420     0.9851     2.2197     2.0503 0.0000e+00
     45.000     9.0839   3.500787    32.6681       1449     1.0057     2.2146     2.0457 0.0000e+00
     46.000     9.1345   3.508394    32.7000       1476     1.0246     2.2136     2.0435 0.0000e+00
     47.000     9.2824   3.526274    32.7487       1502     1.0422     2.2138     2.0436 0.0000e+00
     48.000     9.4142   3.542010    32.7896       1526     1.0592     2.2159     2.0463 0.0000e+00
     49.000     9.6258   3.568357    32.8659       1551     1.0764     2.2198     2.0473 0.0000e+00
     50.000     9.8613   3.599835    32.9716       1577     1.0946     2.2274     2.0477 0.0000e+00
     51.000     9.8915   3.604569    32.9917       1604     1.1133     2.2309     2.0486 0.0000e+00
     52.000     9.8964   3.605461    32.9959       1632     1.1324     2.2235     2.0436 0.0000e+00
     53.000     9.9012   3.606190    32.9985       1658     1.1506     2.2146     2.0360 0.0000e+00
     54.000     9.9051   3.606790    33.0005       1684     1.1689     2.2081     2.0334 0.0000e+00
     55.000     9.9135   3.607884    33.0035       1712     1.1884     2.2054     2.0322 0.0000e+00
     56.000     9.9235   3.609117    33.0064       1741     1.2083     2.2028     2.0294 0.0000e+00
     57.000     9.9654   3.613876    33.0161       1768     1.2270     2.2017     2.0280 0.0000e+00
     58.000    10.0949   3.630260    33.0635       1793     1.2444     2.2034     2.0277 0.0000e+00
     59.000    10.1870   3.642921    33.1071       1817     1.2614     2.2075     2.0291 0.0000e+00
     60.000    10.1848   3.644656    33.1262       1843     1.2793     2.2112     2.0318 0.0000e+00
     61.000    10.2963   3.663018    33.2091       1870     1.2980     2.2103     2.0347 0.0000e+00
     62.000    10.5702   3.702460    33.3549       1898     1.3176     2.2118     2.0364 0.0000e+00
     63.000    10.6842   3.717563    33.4015       1926     1.3371     2.2170     2.0391 0.0000e+00
     64.000    10.8098   3.734952    33.4599       1953     1.3554     2.2151     2.0363 0.0000e+00
     65.000    10.9073   3.748238    33.5028       1978     1.3728     2.2135     2.0334 0.0000e+00
     66.000    10.9342   3.752762    33.5228       2003     1.3906     2.2132     2.0341 0.0000e+00
     67.000    11.0105   3.764052    33.5649       2031     1.4100     2.2131     2.0381 0.0000e+00
     68.000    11.0551   3.773851    33.6209       2060     1.4301     2.2152     2.0410 0.0000e+00
     69.000    11.0420   3.773413    33.6281       2089     1.4497     2.2118     2.0399 0.0000e+00
     70.000    11.0594   3.776361    33.6410       2115     1.4678     2.1998     2.0328 0.0000e+00
     71.000    11.0973   3.781403    33.6559       2140     1.4854     2.1904     2.0245 0.0000e+00
     72.000    11.1032   3.782797    33.6639       2165     1.5029     2.1847     2.0185 0.0000e+00
     73.000    11.1019   3.782930    33.6659       2191     1.5207     2.1782     2.0123 0.0000e+00
     74.000    11.1519   3.789555    33.6853       2218     1.5396     2.1781     2.0091 0.0000e+00
     75.000    11.2054   3.796395    33.7036       2246     1.5592     2.1799     2.0074 0.0000e+00
     76.000    11.2980   3.807606    33.7293       2273     1.5780     2.1805     2.0084 0.0000e+00
     77.000    11.4252   3.824253    33.7766       2300     1.5963     2.1820     2.0095 0.0000e+00
     78.000    11.5205   3.836157    33.8061       2326     1.6147     2.1863     2.0129 0.0000e+00
     79.000    11.7152   3.860471    33.8663       2354     1.6341     2.1930     2.0169 0.0000e+00
     80.000    11.8140   3.873203    33.9003       2383     1.6539     2.1989     2.0222 0.0000e+00
     81.000    12.3693   3.942814    34.0692       2409     1.6725     2.1983     2.0240 0.0000e+00
     82.000    12.7902   3.994535    34.1833       2435     1.6901     2.2091     2.0253 0.0000e+00
     83.000    13.3338   4.066798    34.3777       2460     1.7075     2.2187     2.0292 0.0000e+00
     84.000    13.6508   4.110552    34.5030       2486     1.7255     2.2255     2.0361 0.0000e+00
     85.000    14.2530   4.197167    34.7667       2512     1.7438     2.2259     2.0390 0.0000e+00
     86.000    14.5604   4.244328    34.9252       2539     1.7624     2.2342     2.0442 0.0000e+00
     87.000    14.5954   4.251856    34.9626       2565     1.7808     2.2274     2.0445 0.0000e+00
     88.000    14.6092   4.255741    34.9854       2593     1.7998     2.2034     2.0321 0.0000e+00
     89.000    14.6188   4.259144    35.0076       2621     1.8198     2.1833     2.0178 0.0000e+00
     90.000    14.6468   4.264884    35.0347       2650     1.8399     2.1725     2.0068 0.0000e+00
     91.000    14.6903   4.273689    35.0759       2678     1.8591     2.1608     1.9973 0.0000e+00
     92.000    14.7588   4.290889    35.1715       2704     1.8771     2.1489     1.9870 0.0000e+00
     93.000    14.8183   4.306538    35.2607       2729     1.8943     2.1367     1.9775 0.0000e+00
     94.000    14.8410   4.312433    35.2937       2753     1.9114     2.1117     1.9638 0.0000e+00
     95.000    14.8246   4.312244    35.3065       2779     1.9293     2.0812     1.9419 0.0000e+00
     96.000    14.7927   4.310340    35.3175       2806     1.9480     2.0609     1.9185 0.0000e+00
     97.000    14.7482   4.307846    35.3347       2833     1.9666     2.0482     1.9029 0.0000e+00
     98.000    14.4512   4.286347    35.4071       2859     1.9847     2.0349     1.8908 0.0000e+00
     99.000    14.1608   4.270291    35.5244       2885     2.0027     2.0158     1.8767 0.0000e+00
    100.000    14.0961   4.266119    35.5447       2912     2.0217     1.9738     1.8486 0.0000e+00
    101.000    14.0369   4.261134    35.5525       2941     2.0417     1.9265     1.8070 0.0000e+00
    102.000    14.0123   4.259193    35.5566       2970     2.0617     1.8985     1.7727 0.0000e+00
    103.000    13.9834   4.256601    35.5588       2998     2.0815     1.8798     1.7507 0.0000e+00
    104.000    13.9571   4.253850    35.5569       3026     2.1004     1.8682     1.7372 0.0000e+00
    105.000    13.9484   4.253115    35.5577       3051     2.1180     1.8641     1.7278 0.0000e+00
    106.000    13.9209   4.251160    35.5644       3075     2.1345     1.8602     1.7207 0.0000e+00
    107.000    13.8710   4.247012    35.5714       3099     2.1511     1.8554     1.7169 0.0000e+00
    108.000    13.8012   4.240603    35.5756       3127     2.1707     1.8474     1.7122 0.0000e+00
    109.000    13.7552   4.236281    35.5773       3161     2.1941     1.8363     1.7038 0.0000e+00
    110.000    13.7416   4.235250    35.5798       3197     2.2198     1.8236     1.6940 0.0000e+00
    111.000    13.7099   4.232608    35.5840       3231     2.2431     1.8182     1.6876 0.0000e+00
    112.000    13.6786   4.229459    35.5830       3265     2.2664     1.8134     1.6816 0.0000e+00
    113.000    13.6429   4.225942    35.5827       3301     2.2919     1.8078     1.6758 0.0000e+00
    114.000    13.5732   4.218732    35.5792       3337     2.3164     1.8023     1.6722 0.0000e+00
    115.000    13.5721   4.218413    35.5768       3375     2.3429     1.7959     1.6666 0.0000e+00
    116.000    13.5606   4.216736    35.5713       5102     3.5423     1.7696     1.6351 0.0000e+00
    115.000    13.5624   4.217057    35.5730       5595     3.8845     1.7761     1.6452 0.0000e+00
    114.000    13.5628   4.217028    35.5729       5133     3.5641     1.7799     1.6475 0.0000e+00
    113.000    13.5657   4.217264    35.5728       5162     3.5839     1.7789     1.6473 0.0000e+00
    112.000    13.5809   4.218526    35.5709       5189     3.6025     1.7797     1.6476 0.0000e+00
    111.000    13.6321   4.223550    35.5711       5215     3.6211     1.7797     1.6487 0.0000e+00
    110.000    13.6888   4.228748    35.5677       5242     3.6396     1.7826     1.6503 0.0000e+00
    109.000    13.7213   4.231698    35.5657       5268     3.6574     1.7859     1.6544 0.0000e+00
    108.000    13.7685   4.236201    35.5646       5292     3.6744     1.7898     1.6595 0.0000e+00
    107.000    13.8187   4.240520    35.5590       5316     3.6909     1.7955     1.6643 0.0000e+00
    106.000    13.8580   4.243671    35.5525       5340     3.7080     1.8016     1.6700 0.0000e+00
    105.000    13.8838   4.246563    35.5562       5367     3.7266     1.8097     1.6757 0.0000e+00
    104.000    13.9153   4.249192    35.5520       5395     3.7459     1.8156     1.6815 0.0000e+00
    103.000    13.9612   4.253127    35.5468       5422     3.7643     1.8195     1.6871 0.0000e+00
    102.000    14.0422   4.259777    35.5345       5446     3.7816     1.8226     1.6940 0.0000e+00
    101.000    14.0637   4.261213    35.5285       5471     3.7986     1.8274     1.7009 0.0000e+00
    100.000    14.2996   4.272889    35.4204       5496     3.8163     1.8371     1.7074 0.0000e+00
     99.000    14.3690   4.279885    35.4222       5523     3.8350     1.8485     1.7161 0.0000e+00
     98.000    14.4824   4.288216    35.3958       5551     3.8539     1.8611     1.7336 0.0000e+00
     97.000    14.7049   4.302884    35.3285       5577     3.8722     1.8823     1.7569 0.0000e+00
     96.000    14.7717   4.307887    35.3142       5603     3.8900     1.9134     1.7781 0.0000e+00
     95.000    14.7733   4.306629    35.3016       5628     3.9074     1.9468     1.8023 0.0000e+00
     94.000    14.7453   4.300962    35.2753       5652     3.9244     1.9729     1.8272 0.0000e+00
     93.000    14.7104   4.288024    35.1886       5677     3.9414     1.9897     1.8477 0.0000e+00
     92.000    14.6754   4.279626    35.1435       5702     3.9591     2.0086     1.8624 0.0000e+00
     91.000    14.6533   4.273897    35.1113       5729     3.9779     2.0354     1.8789 0.0000e+00
     90.000    14.6212   4.265937    35.0675       5757     3.9973     2.0641     1.9015 0.0000e+00
     89.000    14.5692   4.256706    35.0300       5784     4.0161     2.0864     1.9207 0.0000e+00
     88.000    14.2862   4.215058    34.9014       5810     4.0338     2.1058     1.9390 0.0000e+00
     87.000    14.1575   4.193796    34.8211       5833     4.0503     2.1166     1.9508 0.0000e+00
     86.000    13.9959   4.174021    34.7837       5857     4.0668     2.1297     1.9655 0.0000e+00
     85.000    13.6985   4.130069    34.6424       5882     4.0840     2.1439     1.9826 0.0000e+00
     84.000    13.3117   4.081675    34.5380       5909     4.1026     2.1497     1.9918 0.0000e+00
     83.000    12.9951   4.036530    34.3976       5937     4.1221     2.1527     1.9975 0.0000e+00
     82.000    12.3915   3.958635    34.2014       5964     4.1410     2.1519     2.0030 0.0000e+00
     81.000    12.1579   3.924074    34.0809       5990     4.1589     2.1530     2.0019 0.0000e+00
     80.000    11.8680   3.890740    34.0219       6015     4.1764     2.1519     2.0028 0.0000e+00
     79.000    11.7338   3.868725    33.9300       6041     4.1945     2.1548     2.0047 0.0000e+00
     78.000    11.6289   3.855452    33.8965       6067     4.2127     2.1623     2.0048 0.0000e+00
     77.000    11.4555   3.832746    33.8325       6092     4.2301     2.1694     2.0082 0.0000e+00
     76.000    11.4516   3.830289    33.8124       6117     4.2469     2.1755     2.0110 0.0000e+00
     75.000    11.3329   3.816155    33.7822       6141     4.2639     2.1774     2.0146 0.0000e+00
     74.000    11.2742   3.807830    33.7541       6167     4.2821     2.1801     2.0168 0.0000e+00
     73.000    11.2261   3.800940    33.7305       6196     4.3021     2.1792     2.0171 0.0000e+00
     72.000    11.1717   3.793626    33.7084       6224     4.3218     2.1775     2.0159 0.0000e+00
     71.000    11.1382   3.788895    33.6927       6250     4.3395     2.1756     2.0138 0.0000e+00
     70.000    11.1015   3.783714    33.6754       6273     4.3558     2.1730     2.0111 0.0000e+00
