HB2407/CTD099.cnv
* Sea-Bird SBE 9 Data File:
* FileName = C:\cruise\data\CTD099.hex
* Software Version Seasave V 7.26.7.121
* Temperature SN = 4591
* Conductivity SN = 6006
* Number of Bytes Per Scan = 37
* Number of Voltage Words = 4
* Number of Scans Averaged by the Deck Unit = 1
* NMEA Latitude = 41 06.20 N
* NMEA Longitude = 070 12.71 W
* NMEA UTC (Time) = Oct 03 2024 15:10:39
* NMEA baud rate = 4800
** Ship: Bigelow HB2407
** Program:  Fall Bottom Trawl Survey
** Chief Scientist: John Galbraith
# nquan = 9
# nvalues = 36                          
# units = specified
# name 0 = depSM: Depth [salt water, m]
# name 1 = t090C: Temperature [ITS-90, deg C]
# name 2 = c0S/m: Conductivity [S/m]
# name 3 = sal00: Salinity, Practical [PSU]
# name 4 = scan: Scan Count
# name 5 = timeM: Time, Elapsed [minutes]
# name 6 = sbeox0V: Oxygen raw, SBE 43 [V]
# name 7 = sbeox1V: Oxygen raw, SBE 43, 2 [V]
# name 8 = flag: flag
# span 0 =      2.000,     20.000       
# span 1 =    17.0208,    17.1488       
# span 2 =   4.099498,   4.114119       
# span 3 =    31.5700,    31.6905       
# span 4 =        192,       2350       
# span 5 =     0.1324,     1.6313       
# span 6 =     2.3969,     2.6204       
# span 7 =     2.2261,     2.4466       
# span 8 = 0.0000e+00, 0.0000e+00       
# interval = meters: 1                  
# start_time = Oct 03 2024 15:10:39 [NMEA time, header]
# bad_flag = -9.990e-29
*END*
      3.000    17.0606   4.101155    31.5828        192     0.1324     2.5745     2.3865 0.0000e+00
      4.000    17.0353   4.099498    31.5880        331     0.2294     2.5726     2.3928 0.0000e+00
      5.000    17.0217   4.099791    31.6009        377     0.2613     2.5675     2.3851 0.0000e+00
      6.000    17.0208   4.101320    31.6143        417     0.2888     2.5537     2.3741 0.0000e+00
      7.000    17.0222   4.103101    31.6282        446     0.3090     2.5387     2.3605 0.0000e+00
      8.000    17.0239   4.104172    31.6357        473     0.3280     2.5218     2.3496 0.0000e+00
      9.000    17.0254   4.104890    31.6403        506     0.3510     2.5033     2.3320 0.0000e+00
     10.000    17.0269   4.105309    31.6424        549     0.3807     2.4825     2.3120 0.0000e+00
     11.000    17.0382   4.108510    31.6607        586     0.4060     2.4723     2.3020 0.0000e+00
     12.000    17.0458   4.110754    31.6737        614     0.4259     2.4670     2.2936 0.0000e+00
     13.000    17.0432   4.110031    31.6692        644     0.4465     2.4502     2.2774 0.0000e+00
     14.000    17.0439   4.110157    31.6693        683     0.4738     2.4345     2.2605 0.0000e+00
     15.000    17.0556   4.113255    31.6864        723     0.5016     2.4274     2.2603 0.0000e+00
     16.000    17.0562   4.113518    31.6878        757     0.5252     2.4210     2.2518 0.0000e+00
     17.000    17.0578   4.113938    31.6899        794     0.5504     2.4108     2.2396 0.0000e+00
     18.000    17.0582   4.114095    31.6905        828     0.5742     2.4080     2.2325 0.0000e+00
     19.000    17.0583   4.114119    31.6902        860     0.5967     2.4059     2.2308 0.0000e+00
     20.000    17.0579   4.113970    31.6890        886     0.6143     2.4024     2.2294 0.0000e+00
     19.000    17.0582   4.114081    31.6900       1100     0.7632     2.3987     2.2261 0.0000e+00
     18.000    17.0578   4.113818    31.6885       1257     0.8720     2.3969     2.2280 0.0000e+00
     17.000    17.0575   4.113751    31.6885       1281     0.8889     2.3991     2.2282 0.0000e+00
     16.000    17.0573   4.113696    31.6885       1317     0.9138     2.4002     2.2280 0.0000e+00
     15.000    17.0568   4.113575    31.6882       1356     0.9412     2.4056     2.2289 0.0000e+00
     14.000    17.0551   4.113114    31.6859       1381     0.9583     2.4074     2.2288 0.0000e+00
     13.000    17.0544   4.112966    31.6855       1401     0.9721     2.4085     2.2300 0.0000e+00
     12.000    17.0472   4.111186    31.6763       1420     0.9856     2.4082     2.2286 0.0000e+00
     11.000    17.0453   4.110446    31.6717       1442     1.0005     2.4074     2.2299 0.0000e+00
     10.000    17.0442   4.110142    31.6704       1467     1.0184     2.4152     2.2345 0.0000e+00
      9.000    17.0443   4.110122    31.6705       1501     1.0413     2.4251     2.2408 0.0000e+00
      8.000    17.0392   4.108907    31.6644       1535     1.0653     2.4419     2.2447 0.0000e+00
      7.000    17.0278   4.105514    31.6446       1560     1.0828     2.4527     2.2508 0.0000e+00
      6.000    17.0285   4.105291    31.6424       1580     1.0966     2.4565     2.2542 0.0000e+00
      5.000    17.0254   4.104189    31.6358       1599     1.1100     2.4602     2.2618 0.0000e+00
      4.000    17.0239   4.102759    31.6250       1625     1.1277     2.4712     2.2735 0.0000e+00
      3.000    17.0367   4.100477    31.5957       1686     1.1702     2.5146     2.3046 0.0000e+00
      2.000    17.1488   4.107665    31.5700       2350     1.6313     2.6204     2.4466 0.0000e+00
