HB2407/CTD022.cnv
* Sea-Bird SBE 9 Data File:
* FileName = C:\cruise\data\CTD022.hex
* Software Version Seasave V 7.26.7.121
* Temperature SN = 4591
* Conductivity SN = 6006
* Number of Bytes Per Scan = 37
* Number of Voltage Words = 4
* Number of Scans Averaged by the Deck Unit = 1
* NMEA Latitude = 37 06.70 N
* NMEA Longitude = 074 42.55 W
* NMEA UTC (Time) = Sep 10 2024 17:17:18
* NMEA baud rate = 4800
** Ship: Bigelow HB2407
** Program:  Fall Bottom Trawl Survey
** Chief Scientist: John Galbraith
# nquan = 9
# nvalues = 207                         
# units = specified
# name 0 = depSM: Depth [salt water, m]
# name 1 = t090C: Temperature [ITS-90, deg C]
# name 2 = c0S/m: Conductivity [S/m]
# name 3 = sal00: Salinity, Practical [PSU]
# name 4 = scan: Scan Count
# name 5 = timeM: Time, Elapsed [minutes]
# name 6 = sbeox0V: Oxygen raw, SBE 43 [V]
# name 7 = sbeox1V: Oxygen raw, SBE 43, 2 [V]
# name 8 = flag: flag
# span 0 =      1.000,    105.000       
# span 1 =     8.1538,    21.7404       
# span 2 =   3.389920,   4.652113       
# span 3 =    32.0183,    35.5346       
# span 4 =        200,       7855       
# span 5 =     0.1382,     5.4538       
# span 6 =     1.9477,     2.9097       
# span 7 =     1.8019,     2.5596       
# span 8 = 0.0000e+00, 0.0000e+00       
# interval = meters: 1                  
# start_time = Sep 10 2024 17:17:18 [NMEA time, header]
# bad_flag = -9.990e-29
*END*
[from data line 161]
     46.000     8.5008   3.434967    32.5168       6327     4.3927     2.1560     1.9978 0.0000e+00
     45.000     8.5010   3.434356    32.5107       6361     4.4168     2.1573     2.0004 0.0000e+00
     44.000     8.3621   3.417557    32.4623       6389     4.4364     2.1632     2.0023 0.0000e+00
     43.000     8.3387   3.413076    32.4371       6413     4.4531     2.1666     2.0018 0.0000e+00
     42.000     8.3238   3.411438    32.4341       6436     4.4688     2.1694     2.0027 0.0000e+00
     41.000     8.3091   3.408467    32.4167       6458     4.4842     2.1722     2.0047 0.0000e+00
     40.000     8.3054   3.407682    32.4122       6481     4.5001     2.1733     2.0075 0.0000e+00
     39.000     8.3034   3.406956    32.4069       6506     4.5173     2.1738     2.0093 0.0000e+00
     38.000     8.3065   3.406655    32.4013       6533     4.5364     2.1757     2.0093 0.0000e+00
     37.000     8.2862   3.403646    32.3887       6562     4.5561     2.1785     2.0111 0.0000e+00
     36.000     8.2351   3.395840    32.3538       6589     4.5750     2.1804     2.0129 0.0000e+00
     35.000     8.2067   3.390920    32.3284       6615     4.5932     2.1804     2.0142 0.0000e+00
     34.000     8.2087   3.389920    32.3164       6641     4.6112     2.1860     2.0157 0.0000e+00
     33.000     8.2400   3.391572    32.3055       6667     4.6293     2.1948     2.0191 0.0000e+00
     32.000     8.3221   3.397736    32.2957       6693     4.6475     2.1998     2.0233 0.0000e+00
     31.000     8.4743   3.410050    32.2862       6719     4.6650     2.2019     2.0274 0.0000e+00
     30.000     8.8044   3.440760    32.3065       6744     4.6827     2.2094     2.0314 0.0000e+00
     29.000     8.9181   3.453637    32.3374       6771     4.7015     2.2219     2.0371 0.0000e+00
     28.000     9.2959   3.484532    32.3147       6800     4.7213     2.2413     2.0434 0.0000e+00
     27.000     9.6319   3.511889    32.2928       6827     4.7400     2.2755     2.0559 0.0000e+00
     26.000     9.7934   3.522995    32.2615       6851     4.7567     2.3142     2.0749 0.0000e+00
     25.000     9.9515   3.535701    32.2495       6873     4.7725     2.3505     2.1004 0.0000e+00
     24.000    10.1584   3.554401    32.2544       6896     4.7882     2.3911     2.1321 0.0000e+00
     23.000    10.5298   3.581666    32.1992       6921     4.8056     2.4568     2.1705 0.0000e+00
     22.000    11.1347   3.641080    32.2566       6951     4.8267     2.5397     2.2227 0.0000e+00
     21.000    11.8681   3.697045    32.1674       6984     4.8494     2.6108     2.2845 0.0000e+00
     20.000    15.0312   3.966637    32.0183       7011     4.8683     2.6926     2.3414 0.0000e+00
     19.000    15.3038   4.004150    32.1367       7035     4.8844     2.8539     2.4275 0.0000e+00
     18.000    17.3357   4.203238    32.2349       7058     4.9005     2.9097     2.4945 0.0000e+00
     17.000    18.6278   4.338138    32.3538       7083     4.9182     2.8467     2.5402 0.0000e+00
     16.000    19.5575   4.420037    32.3067       7112     4.9381     2.7440     2.5596 0.0000e+00
     15.000    20.5352   4.525314    32.4086       7139     4.9572     2.6838     2.5374 0.0000e+00
     14.000    20.9114   4.568726    32.4683       7163     4.9738     2.6558     2.5193 0.0000e+00
     13.000    20.8807   4.570283    32.5044       7186     4.9894     2.6528     2.4936 0.0000e+00
     12.000    20.9775   4.577174    32.4858       7209     5.0052     2.6486     2.4684 0.0000e+00
     11.000    21.1964   4.592811    32.4439       7234     5.0227     2.6353     2.4471 0.0000e+00
     10.000    21.1762   4.593116    32.4620       7263     5.0433     2.6295     2.4371 0.0000e+00
      9.000    21.2045   4.594805    32.4541       7293     5.0641     2.6307     2.4297 0.0000e+00
      8.000    21.2467   4.598974    32.4555       7319     5.0820     2.6306     2.4271 0.0000e+00
      7.000    21.2357   4.598966    32.4641       7343     5.0983     2.6246     2.4286 0.0000e+00
      6.000    21.2674   4.601315    32.4590       7366     5.1149     2.6213     2.4292 0.0000e+00
      5.000    21.2941   4.604223    32.4621       7393     5.1330     2.6239     2.4225 0.0000e+00
      4.000    21.3320   4.607150    32.4568       7421     5.1527     2.6238     2.4252 0.0000e+00
      3.000    21.3792   4.611621    32.4567       7458     5.1782     2.6304     2.4291 0.0000e+00
      2.000    21.6871   4.641380    32.4586       7794     5.4116     2.6340     2.4356 0.0000e+00
      1.000    21.7404   4.646998    32.4627       7855     5.4538     2.6370     2.4372 0.0000e+00
