HB2407/CTD068.cnv
* Sea-Bird SBE 9 Data File:
* FileName = C:\cruise\data\CTD068.hex
* Software Version Seasave V 7.26.7.121
* Temperature SN = 4591
* Conductivity SN = 6006
* Number of Bytes Per Scan = 37
* Number of Voltage Words = 4
* Number of Scans Averaged by the Deck Unit = 1
* NMEA Latitude = 36 02.18 N
* NMEA Longitude = 074 47.56 W
* NMEA UTC (Time) = Sep 21 2024 08:16:22
* NMEA baud rate = 4800
** Ship: Bigelow HB2407
** Program:  Fall Bottom Trawl Survey
** Chief Scientist: John Galbraith
# nquan = 9
# nvalues = 427                         
# units = specified
# name 0 = depSM: Depth [salt water, m]
# name 1 = t090C: Temperature [ITS-90, deg C]
# name 2 = c0S/m: Conductivity [S/m]
# name 3 = sal00: Salinity, Practical [PSU]
# name 4 = scan: Scan Count
# name 5 = timeM: Time, Elapsed [minutes]
# name 6 = sbeox0V: Oxygen raw, SBE 43 [V]
# name 7 = sbeox1V: Oxygen raw, SBE 43, 2 [V]
# name 8 = flag: flag
# span 0 =      1.000,    215.000       
# span 1 =     8.7092,    23.2436       
# span 2 =   3.415627,   4.909297       
# span 3 =    31.6460,    35.7775       
# span 4 =        113,      13023       
# span 5 =     0.0775,     9.0431       
# span 6 =     1.5721,     2.7120       
# span 7 =     1.4580,     2.4225       
# span 8 = 0.0000e+00, 0.0000e+00       
# interval = meters: 1                  
# start_time = Sep 21 2024 08:16:22 [NMEA time, header]
# bad_flag = -9.990e-29
*END*
      3.000    23.1862   4.902682    33.3461        113     0.0775     2.5635     2.3787 0.0000e+00
      4.000    23.1771   4.900950    33.3394        210     0.1452     2.5666     2.3800 0.0000e+00
      5.000    23.1728   4.900551    33.3393        235     0.1625     2.5582     2.3824 0.0000e+00
      6.000    23.1660   4.899658    33.3374        260     0.1796     2.5561     2.3787 0.0000e+00
      7.000    23.1432   4.896262    33.3284        288     0.1994     2.5557     2.3769 0.0000e+00
      8.000    23.1554   4.897726    33.3301        313     0.2168     2.5561     2.3765 0.0000e+00
      9.000    23.1563   4.897867    33.3301        336     0.2326     2.5609     2.3720 0.0000e+00
     10.000    23.1552   4.897700    33.3293        361     0.2503     2.5652     2.3724 0.0000e+00
     11.000    23.1564   4.897861    33.3293        398     0.2754     2.5628     2.3720 0.0000e+00
     12.000    23.1608   4.898465    33.3303        435     0.3017     2.5689     2.3714 0.0000e+00
     13.000    23.1619   4.898656    33.3306        458     0.3175     2.5672     2.3739 0.0000e+00
     14.000    23.1610   4.898734    33.3316        475     0.3293     2.5607     2.3734 0.0000e+00
     15.000    23.1613   4.898898    33.3323        490     0.3399     2.5590     2.3767 0.0000e+00
     16.000    23.1641   4.899363    33.3333        507     0.3516     2.5589     2.3776 0.0000e+00
     17.000    23.1699   4.900196    33.3350        542     0.3754     2.5626     2.3752 0.0000e+00
     18.000    23.1730   4.900843    33.3373        621     0.4304     2.5577     2.3745 0.0000e+00
     19.000    22.9243   4.867469    33.2700        634     0.4394     2.5574     2.3727 0.0000e+00
     20.000    22.4579   4.806801    33.1566        648     0.4496     2.5502     2.3714 0.0000e+00
     21.000    21.2591   4.656189    32.8929        662     0.4592     2.5414     2.3694 0.0000e+00
     22.000    19.4378   4.449252    32.6307        678     0.4704     2.5207     2.3582 0.0000e+00
     23.000    14.4921   3.931560    32.1304        701     0.4861     2.4553     2.3253 0.0000e+00
     24.000    12.6568   3.744508    31.9444        733     0.5083     2.3026     2.2280 0.0000e+00
     25.000    12.5301   3.729521    31.9085        761     0.5280     2.3112     2.2281 0.0000e+00
     26.000    12.4697   3.720615    31.8744        791     0.5486     2.3661     2.2525 0.0000e+00
     27.000    12.4305   3.713143    31.8360        840     0.5830     2.4142     2.2629 0.0000e+00
     28.000    12.4204   3.710039    31.8146        883     0.6124     2.4346     2.2611 0.0000e+00
     29.000    12.4096   3.708538    31.8090        900     0.6242     2.4364     2.2615 0.0000e+00
     30.000    12.2979   3.697721    31.8000        913     0.6334     2.4374     2.2589 0.0000e+00
     31.000    12.2457   3.692238    31.7914        926     0.6425     2.4402     2.2555 0.0000e+00
     32.000    12.1896   3.686549    31.7841        942     0.6533     2.4396     2.2525 0.0000e+00
     33.000    12.0117   3.669912    31.7751        979     0.6793     2.4373     2.2512 0.0000e+00
     34.000    11.8924   3.657886    31.7604       1036     0.7191     2.4468     2.2605 0.0000e+00
     35.000    11.8831   3.656968    31.7591       1056     0.7325     2.4489     2.2636 0.0000e+00
     36.000    11.8837   3.656700    31.7556       1074     0.7454     2.4454     2.2641 0.0000e+00
     37.000    11.8825   3.656204    31.7514       1096     0.7606     2.4308     2.2532 0.0000e+00
     38.000    11.8924   3.656717    31.7475       1129     0.7835     2.4191     2.2372 0.0000e+00
     39.000    11.9063   3.657759    31.7453       1168     0.8104     2.4095     2.2241 0.0000e+00
     40.000    11.9139   3.658498    31.7455       1193     0.8275     2.4020     2.2220 0.0000e+00
     41.000    11.9487   3.662261    31.7518       1212     0.8408     2.3986     2.2186 0.0000e+00
     42.000    11.9505   3.662808    31.7552       1230     0.8533     2.3969     2.2148 0.0000e+00
     43.000    11.9239   3.660764    31.7577       1249     0.8670     2.3951     2.2116 0.0000e+00
     44.000    11.8249   3.651581    31.7530       1281     0.8892     2.3871     2.2060 0.0000e+00
     45.000    11.5888   3.627879    31.7245       1339     0.9289     2.3621     2.1876 0.0000e+00
     46.000    11.4102   3.610102    31.7040       1368     0.9490     2.3430     2.1739 0.0000e+00
     47.000    11.3350   3.602536    31.6942       1386     0.9617     2.3271     2.1645 0.0000e+00
     48.000    11.3126   3.601623    31.7040       1402     0.9728     2.3122     2.1536 0.0000e+00
     49.000    11.3030   3.601608    31.7117       1418     0.9843     2.3014     2.1417 0.0000e+00
     50.000    11.2831   3.603529    31.7473       1438     0.9980     2.2903     2.1286 0.0000e+00
     51.000    11.0992   3.592765    31.7998       1474     1.0227     2.2877     2.1185 0.0000e+00
     52.000    10.8936   3.578461    31.8363       1540     1.0689     2.2845     2.1171 0.0000e+00
     53.000    10.7978   3.580850    31.9430       1565     1.0861     2.2809     2.1164 0.0000e+00
     54.000    10.5211   3.564504    32.0222       1583     1.0984     2.2821     2.1138 0.0000e+00
     55.000    10.2466   3.545904    32.0773       1599     1.1096     2.2855     2.1128 0.0000e+00
     56.000    10.0553   3.531227    32.0984       1615     1.1205     2.2947     2.1192 0.0000e+00
     57.000     9.8876   3.517669    32.1098       1631     1.1320     2.3151     2.1347 0.0000e+00
     58.000     9.8680   3.515441    32.1042       1652     1.1468     2.3509     2.1649 0.0000e+00
     59.000     9.8444   3.512725    32.0972       1686     1.1702     2.4017     2.2120 0.0000e+00
     60.000     9.8124   3.509615    32.0937       1737     1.2052     2.4391     2.2533 0.0000e+00
     61.000     9.7330   3.501982    32.0863       1784     1.2385     2.4519     2.2701 0.0000e+00
     62.000     9.5146   3.483025    32.0874       1810     1.2563     2.4557     2.2721 0.0000e+00
     63.000     9.3826   3.471753    32.0898       1827     1.2684     2.4527     2.2698 0.0000e+00
     64.000     9.2447   3.460234    32.0947       1842     1.2786     2.4465     2.2649 0.0000e+00
     65.000     8.9105   3.431423    32.0974       1856     1.2882     2.4381     2.2593 0.0000e+00
     66.000     8.8512   3.425527    32.0892       1870     1.2980     2.4247     2.2512 0.0000e+00
     67.000     8.8083   3.423614    32.1077       1886     1.3094     2.4061     2.2396 0.0000e+00
     68.000     8.8160   3.425755    32.1225       1912     1.3268     2.3763     2.2152 0.0000e+00
     69.000     8.8226   3.425493    32.1135       2010     1.3954     2.2684     2.1051 0.0000e+00
     70.000     8.7937   3.423470    32.1181       2032     1.4107     2.2708     2.1031 0.0000e+00
     71.000     8.7092   3.415627    32.1124       2049     1.4220     2.2652     2.0975 0.0000e+00
     72.000     8.7676   3.421677    32.1221       2064     1.4326     2.2591     2.0929 0.0000e+00
     73.000     8.8394   3.429187    32.1349       2079     1.4430     2.2555     2.0888 0.0000e+00
     74.000     8.9449   3.440837    32.1599       2094     1.4536     2.2557     2.0867 0.0000e+00
     75.000     9.0111   3.448427    32.1784       2110     1.4645     2.2566     2.0852 0.0000e+00
     76.000     9.1278   3.461465    32.2073       2127     1.4767     2.2585     2.0835 0.0000e+00
     77.000     9.3511   3.488077    32.2795       2185     1.5164     2.2727     2.0906 0.0000e+00
     78.000     9.4479   3.503008    32.3451       2254     1.5645     2.2799     2.1021 0.0000e+00
     79.000     9.5070   3.511303    32.3763       2272     1.5769     2.2802     2.1024 0.0000e+00
     80.000     9.3379   3.498078    32.3930       2288     1.5885     2.2812     2.1025 0.0000e+00
     81.000     9.2785   3.496364    32.4287       2304     1.5994     2.2771     2.1019 0.0000e+00
     82.000     9.3893   3.511792    32.4865       2320     1.6103     2.2690     2.0987 0.0000e+00
     83.000     9.4096   3.517246    32.5237       2337     1.6221     2.2604     2.0934 0.0000e+00
     84.000     9.4059   3.517108    32.5252       2357     1.6360     2.2505     2.0852 0.0000e+00
     85.000     9.3996   3.516654    32.5258       2392     1.6607     2.2347     2.0672 0.0000e+00
     86.000     9.3968   3.516553    32.5269       2448     1.6994     2.2207     2.0502 0.0000e+00
     87.000     9.3874   3.515726    32.5265       2476     1.7188     2.2165     2.0469 0.0000e+00
     88.000     9.3803   3.515195    32.5269       2497     1.7332     2.2149     2.0444 0.0000e+00
     89.000     9.3548   3.512955    32.5267       2520     1.7494     2.2132     2.0417 0.0000e+00
     90.000     9.2995   3.508288    32.5285       2557     1.7752     2.2081     2.0405 0.0000e+00
     91.000     9.3110   3.511752    32.5532       2590     1.7979     2.2063     2.0408 0.0000e+00
     92.000     9.3683   3.520838    32.5941       2607     1.8099     2.2070     2.0403 0.0000e+00
     93.000     9.4806   3.533060    32.6170       2622     1.8202     2.2077     2.0399 0.0000e+00
     94.000     9.6058   3.551265    32.6892       2637     1.8304     2.2079     2.0391 0.0000e+00
     95.000     9.5127   3.547650    32.7365       2653     1.8418     2.2096     2.0380 0.0000e+00
     96.000     9.4723   3.543548    32.7309       2694     1.8699     2.1983     2.0310 0.0000e+00
     97.000     9.4909   3.546139    32.7400       2764     1.9186     2.1780     2.0148 0.0000e+00
     98.000     9.5393   3.552381    32.7595       2793     1.9390     2.1780     2.0108 0.0000e+00
     99.000     9.5639   3.555622    32.7698       2815     1.9540     2.1781     2.0085 0.0000e+00
    100.000     9.6198   3.561991    32.7836       2832     1.9656     2.1780     2.0084 0.0000e+00
    101.000     9.6950   3.571501    32.8117       2846     1.9756     2.1782     2.0085 0.0000e+00
    102.000     9.7552   3.579015    32.8331       2860     1.9854     2.1769     2.0087 0.0000e+00
    103.000     9.8659   3.592731    32.8715       2876     1.9965     2.1756     2.0095 0.0000e+00
    104.000     9.9455   3.603638    32.9094       2899     2.0126     2.1765     2.0103 0.0000e+00
    105.000    10.1082   3.624335    32.9706       2947     2.0457     2.1826     2.0120 0.0000e+00
    106.000    10.2904   3.646692    33.0301       2994     2.0782     2.1772     2.0122 0.0000e+00
    107.000    10.4233   3.663174    33.0748       3025     2.1000     2.1774     2.0112 0.0000e+00
    108.000    10.4814   3.670583    33.0959       3051     2.1180     2.1815     2.0109 0.0000e+00
    109.000    10.5293   3.676397    33.1103       3074     2.1338     2.1812     2.0104 0.0000e+00
    110.000    10.6299   3.688227    33.1370       3092     2.1467     2.1796     2.0098 0.0000e+00
    111.000    10.8074   3.710757    33.2004       3109     2.1585     2.1790     2.0102 0.0000e+00
    112.000    10.8969   3.724276    33.2534       3126     2.1702     2.1820     2.0113 0.0000e+00
    113.000    10.9313   3.729097    33.2697       3144     2.1826     2.1846     2.0137 0.0000e+00
    114.000    10.9652   3.733971    33.2869       3188     2.2133     2.1745     2.0096 0.0000e+00
    115.000    11.0239   3.741794    33.3109       3263     2.2649     2.1632     2.0005 0.0000e+00
    116.000    11.1001   3.751702    33.3395       3280     2.2771     2.1642     1.9995 0.0000e+00
    117.000    11.1995   3.764207    33.3726       3296     2.2879     2.1651     1.9986 0.0000e+00
    118.000    11.2876   3.777420    33.4228       3310     2.2978     2.1657     1.9985 0.0000e+00
    119.000    11.3142   3.781012    33.4336       3325     2.3080     2.1672     1.9990 0.0000e+00
    120.000    11.4143   3.793081    33.4613       3341     2.3191     2.1683     1.9992 0.0000e+00
    121.000    11.4952   3.805321    33.5079       3359     2.3321     2.1674     1.9982 0.0000e+00
    122.000    11.6109   3.823226    33.5782       3385     2.3503     2.1651     1.9971 0.0000e+00
    123.000    11.9081   3.864150    33.7082       3457     2.3998     2.1567     1.9890 0.0000e+00
    124.000    12.0285   3.879800    33.7508       3504     2.4326     2.1465     1.9817 0.0000e+00
    125.000    12.0513   3.884444    33.7748       3519     2.4431     2.1443     1.9793 0.0000e+00
    126.000    12.1387   3.895579    33.8032       3533     2.4525     2.1435     1.9771 0.0000e+00
    127.000    12.3179   3.919335    33.8702       3545     2.4613     2.1412     1.9751 0.0000e+00
    128.000    12.4902   3.943747    33.9490       3558     2.4704     2.1395     1.9735 0.0000e+00
    129.000    13.2841   4.047618    34.2208       3574     2.4811     2.1390     1.9741 0.0000e+00
    130.000    13.8936   4.149708    34.6303       3598     2.4980     2.1497     1.9798 0.0000e+00
    131.000    14.2306   4.205793    34.8480       3648     2.5328     2.1174     1.9582 0.0000e+00
    132.000    14.6917   4.284387    35.1560       3693     2.5636     2.0617     1.9072 0.0000e+00
    133.000    14.8146   4.314766    35.3230       3725     2.5859     2.0348     1.8809 0.0000e+00
    134.000    14.8274   4.320986    35.3680       3751     2.6041     1.9941     1.8501 0.0000e+00
    135.000    14.8338   4.324261    35.3918       3771     2.6178     1.9640     1.8236 0.0000e+00
    136.000    14.8442   4.328428    35.4201       3787     2.6292     1.9434     1.8031 0.0000e+00
    137.000    14.8560   4.333403    35.4546       3802     2.6396     1.9277     1.7875 0.0000e+00
    138.000    14.8601   4.335795    35.4723       3818     2.6507     1.9133     1.7751 0.0000e+00
    139.000    14.8668   4.339111    35.4962       3838     2.6646     1.8989     1.7629 0.0000e+00
    140.000    14.8714   4.342568    35.5233       3872     2.6883     1.8823     1.7463 0.0000e+00
    141.000    14.8739   4.347045    35.5615       3926     2.7258     1.8664     1.7299 0.0000e+00
    142.000    14.8736   4.347905    35.5693       3959     2.7483     1.8595     1.7241 0.0000e+00
    143.000    14.8722   4.349873    35.5882       3979     2.7627     1.8560     1.7209 0.0000e+00
    144.000    14.8660   4.351808    35.6112       3997     2.7750     1.8552     1.7191 0.0000e+00
    145.000    14.8551   4.354683    35.6471       4015     2.7873     1.8543     1.7173 0.0000e+00
    146.000    14.7025   4.347301    35.7188       4034     2.8005     1.8490     1.7143 0.0000e+00
    147.000    14.4604   4.328485    35.7678       4054     2.8147     1.8402     1.7085 0.0000e+00
    148.000    14.2656   4.309838    35.7746       4078     2.8310     1.8203     1.6954 0.0000e+00
    149.000    14.1014   4.293833    35.7775       4108     2.8518     1.7794     1.6647 0.0000e+00
    150.000    13.9362   4.276111    35.7652       4143     2.8767     1.7416     1.6264 0.0000e+00
    151.000    13.8354   4.265661    35.7606       4173     2.8973     1.7171     1.6032 0.0000e+00
    152.000    13.7721   4.258655    35.7535       4199     2.9149     1.7032     1.5871 0.0000e+00
    153.000    13.7143   4.252393    35.7481       4223     2.9322     1.6947     1.5765 0.0000e+00
    154.000    13.6767   4.247929    35.7407       4249     2.9497     1.6890     1.5693 0.0000e+00
    155.000    13.6532   4.245292    35.7374       4274     2.9671     1.6821     1.5636 0.0000e+00
    156.000    13.6325   4.242979    35.7345       4296     2.9824     1.6776     1.5592 0.0000e+00
    157.000    13.6150   4.240921    35.7311       4315     2.9960     1.6741     1.5548 0.0000e+00
    158.000    13.5824   4.237742    35.7312       4335     3.0100     1.6708     1.5515 0.0000e+00
    159.000    13.5327   4.232144    35.7244       4358     3.0259     1.6693     1.5491 0.0000e+00
    160.000    13.5135   4.229854    35.7203       4386     3.0455     1.6647     1.5455 0.0000e+00
    161.000    13.4864   4.227012    35.7183       4421     3.0694     1.6582     1.5407 0.0000e+00
    162.000    13.4007   4.217857    35.7115       4461     3.0975     1.6541     1.5357 0.0000e+00
