HB2407/CTD094.cnv
* Sea-Bird SBE 9 Data File:
* FileName = C:\cruise\data\CTD094.hex
* Software Version Seasave V 7.26.7.121
* Temperature SN = 4591
* Conductivity SN = 6006
* Number of Bytes Per Scan = 37
* Number of Voltage Words = 4
* Number of Scans Averaged by the Deck Unit = 1
* NMEA Latitude = 41 22.93 N
* NMEA Longitude = 071 14.86 W
* NMEA UTC (Time) = Oct 02 2024 20:20:41
* NMEA baud rate = 4800
** Ship: Bigelow HB2407
** Program:  Fall Bottom Trawl Survey
** Chief Scientist: John Galbraith
# nquan = 9
# nvalues = 46                          
# units = specified
# name 0 = depSM: Depth [salt water, m]
# name 1 = t090C: Temperature [ITS-90, deg C]
# name 2 = c0S/m: Conductivity [S/m]
# name 3 = sal00: Salinity, Practical [PSU]
# name 4 = scan: Scan Count
# name 5 = timeM: Time, Elapsed [minutes]
# name 6 = sbeox0V: Oxygen raw, SBE 43 [V]
# name 7 = sbeox1V: Oxygen raw, SBE 43, 2 [V]
# name 8 = flag: flag
# span 0 =      2.000,     25.000       
# span 1 =    17.8870,    18.0899       
# span 2 =   4.182848,   4.200617       
# span 3 =    31.6229,    31.6332       
# span 4 =        113,       2099       
# span 5 =     0.0775,     1.4567       
# span 6 =     2.4885,     2.6547       
# span 7 =     2.3128,     2.4653       
# span 8 = 0.0000e+00, 0.0000e+00       
# interval = meters: 1                  
# start_time = Oct 02 2024 20:20:41 [NMEA time, header]
# bad_flag = -9.990e-29
*END*
      3.000    18.0867   4.200345    31.6273        113     0.0775     2.6547     2.4602 0.0000e+00
      4.000    18.0884   4.200471    31.6266        267     0.1850     2.6516     2.4584 0.0000e+00
      5.000    18.0888   4.200572    31.6268        331     0.2293     2.6502     2.4648 0.0000e+00
      6.000    18.0890   4.200617    31.6267        349     0.2414     2.6534     2.4653 0.0000e+00
      7.000    18.0880   4.200574    31.6268        367     0.2544     2.6496     2.4608 0.0000e+00
      8.000    18.0819   4.200135    31.6274        387     0.2682     2.6507     2.4591 0.0000e+00
      9.000    18.0546   4.197824    31.6288        411     0.2850     2.6543     2.4602 0.0000e+00
     10.000    18.0265   4.195474    31.6304        441     0.3055     2.6538     2.4594 0.0000e+00
     11.000    18.0080   4.193957    31.6316        475     0.3288     2.6437     2.4562 0.0000e+00
     12.000    17.9913   4.192596    31.6327        504     0.3495     2.6352     2.4495 0.0000e+00
     13.000    17.9591   4.189736    31.6332        530     0.3673     2.6253     2.4483 0.0000e+00
     14.000    17.9340   4.187280    31.6315        555     0.3844     2.6148     2.4366 0.0000e+00
     15.000    17.9122   4.185125    31.6299        581     0.4029     2.5934     2.4230 0.0000e+00
     16.000    17.9028   4.184168    31.6288        610     0.4233     2.5776     2.4045 0.0000e+00
     17.000    17.9020   4.184089    31.6284        638     0.4426     2.5633     2.3874 0.0000e+00
     18.000    17.9020   4.184094    31.6281        663     0.4594     2.5540     2.3717 0.0000e+00
     19.000    17.9015   4.184078    31.6280        686     0.4758     2.5481     2.3634 0.0000e+00
     20.000    17.9007   4.184041    31.6280        715     0.4959     2.5388     2.3614 0.0000e+00
     21.000    17.9006   4.184100    31.6281        753     0.5220     2.5344     2.3590 0.0000e+00
     22.000    17.9008   4.184169    31.6283        785     0.5442     2.5315     2.3537 0.0000e+00
     23.000    17.8988   4.184064    31.6286        810     0.5615     2.5302     2.3496 0.0000e+00
     24.000    17.8918   4.183438    31.6283        832     0.5770     2.5265     2.3468 0.0000e+00
     25.000    17.8870   4.182848    31.6267        912     0.6327     2.4885     2.3207 0.0000e+00
     24.000    17.8963   4.183733    31.6274       1202     0.8338     2.4942     2.3128 0.0000e+00
     23.000    17.8985   4.183913    31.6275       1385     0.9611     2.5046     2.3278 0.0000e+00
     22.000    17.8983   4.183855    31.6275       1411     0.9792     2.5003     2.3277 0.0000e+00
     21.000    17.8992   4.183883    31.6274       1439     0.9986     2.5025     2.3281 0.0000e+00
     20.000    17.9005   4.183924    31.6271       1466     1.0173     2.5144     2.3293 0.0000e+00
     19.000    17.9007   4.183852    31.6267       1492     1.0354     2.5193     2.3321 0.0000e+00
     18.000    17.9006   4.183773    31.6265       1518     1.0534     2.5254     2.3368 0.0000e+00
     17.000    17.9006   4.183703    31.6262       1544     1.0715     2.5267     2.3435 0.0000e+00
     16.000    17.9011   4.183692    31.6261       1570     1.0895     2.5236     2.3450 0.0000e+00
     15.000    17.9021   4.183724    31.6259       1593     1.1058     2.5265     2.3450 0.0000e+00
     14.000    17.9052   4.183952    31.6258       1617     1.1225     2.5327     2.3444 0.0000e+00
     13.000    17.9201   4.185189    31.6250       1648     1.1439     2.5400     2.3495 0.0000e+00
     12.000    17.9410   4.187526    31.6289       1681     1.1667     2.5568     2.3535 0.0000e+00
     11.000    17.9802   4.190646    31.6252       1706     1.1839     2.5746     2.3622 0.0000e+00
     10.000    18.0012   4.192529    31.6252       1728     1.1992     2.5840     2.3719 0.0000e+00
      9.000    18.0299   4.194896    31.6232       1753     1.2163     2.6036     2.3879 0.0000e+00
      8.000    18.0608   4.197734    31.6236       1783     1.2373     2.6219     2.4114 0.0000e+00
      7.000    18.0741   4.198830    31.6229       1811     1.2569     2.6337     2.4266 0.0000e+00
      6.000    18.0874   4.200063    31.6233       1836     1.2742     2.6425     2.4389 0.0000e+00
      5.000    18.0899   4.200339    31.6240       1863     1.2931     2.6423     2.4457 0.0000e+00
      4.000    18.0874   4.200152    31.6247       1891     1.3123     2.6463     2.4507 0.0000e+00
      3.000    18.0866   4.200100    31.6253       1918     1.3315     2.6515     2.4548 0.0000e+00
      2.000    18.0893   4.200401    31.6260       2099     1.4567     2.6494     2.4591 0.0000e+00
