HB2407/CTD080.cnv
* Sea-Bird SBE 9 Data File:
* FileName = C:\cruise\data\CTD080.hex
* Software Version Seasave V 7.26.7.121
* Temperature SN = 4591
* Conductivity SN = 6006
* Number of Bytes Per Scan = 37
* Number of Voltage Words = 4
* Number of Scans Averaged by the Deck Unit = 1
* NMEA Latitude = 40 18.97 N
* NMEA Longitude = 073 39.33 W
* NMEA UTC (Time) = Sep 23 2024 13:59:21
* NMEA baud rate = 4800
** Ship: Bigelow HB2407
** Program:  Fall Bottom Trawl Survey
** Chief Scientist: John Galbraith
# nquan = 9
# nvalues = 37                          
# units = specified
# name 0 = depSM: Depth [salt water, m]
# name 1 = t090C: Temperature [ITS-90, deg C]
# name 2 = c0S/m: Conductivity [S/m]
# name 3 = sal00: Salinity, Practical [PSU]
# name 4 = scan: Scan Count
# name 5 = timeM: Time, Elapsed [minutes]
# name 6 = sbeox0V: Oxygen raw, SBE 43 [V]
# name 7 = sbeox1V: Oxygen raw, SBE 43, 2 [V]
# name 8 = flag: flag
# span 0 =      1.000,     20.000       
# span 1 =    20.6799,    20.6900       
# span 2 =   4.464483,   4.465907       
# span 3 =    31.8156,    31.8167       
# span 4 =         -8,       2194       
# span 5 =    -0.0059,     1.5227       
# span 6 =     2.5456,     2.5619       
# span 7 =     2.3569,     2.3652       
# span 8 = 0.0000e+00, 0.0000e+00       
# interval = meters: 1                  
# start_time = Sep 23 2024 13:59:21 [NMEA time, header]
# bad_flag = -9.990e-29
*END*
      3.000    20.6854   4.464920    31.8162         -8    -0.0059     2.5517     2.3652 0.0000e+00
      4.000    20.6877   4.465105    31.8157        222     0.1533     2.5506     2.3569 0.0000e+00
      5.000    20.6880   4.465209    31.8160        315     0.2180     2.5567     2.3635 0.0000e+00
      6.000    20.6880   4.465263    31.8161        342     0.2367     2.5530     2.3644 0.0000e+00
      7.000    20.6884   4.465340    31.8160        366     0.2534     2.5531     2.3644 0.0000e+00
      8.000    20.6884   4.465375    31.8160        389     0.2693     2.5526     2.3637 0.0000e+00
      9.000    20.6885   4.465428    31.8160        414     0.2866     2.5501     2.3601 0.0000e+00
     10.000    20.6892   4.465490    31.8157        449     0.3114     2.5544     2.3634 0.0000e+00
     11.000    20.6891   4.465523    31.8156        494     0.3423     2.5618     2.3625 0.0000e+00
     12.000    20.6891   4.465588    31.8159        518     0.3588     2.5572     2.3634 0.0000e+00
     13.000    20.6894   4.465653    31.8158        535     0.3710     2.5527     2.3640 0.0000e+00
     14.000    20.6887   4.465635    31.8159        552     0.3829     2.5520     2.3634 0.0000e+00
     15.000    20.6881   4.465676    31.8163        572     0.3968     2.5528     2.3627 0.0000e+00
     16.000    20.6885   4.465763    31.8164        599     0.4151     2.5456     2.3595 0.0000e+00
     17.000    20.6889   4.465762    31.8157        628     0.4352     2.5510     2.3599 0.0000e+00
     18.000    20.6890   4.465793    31.8157        654     0.4535     2.5525     2.3591 0.0000e+00
     19.000    20.6887   4.465805    31.8156        793     0.5500     2.5512     2.3593 0.0000e+00
     20.000    20.6885   4.465838    31.8157       1011     0.7015     2.5464     2.3642 0.0000e+00
     19.000    20.6896   4.465907    31.8158       1177     0.8164     2.5498     2.3588 0.0000e+00
     18.000    20.6900   4.465904    31.8158       1430     0.9924     2.5533     2.3606 0.0000e+00
     17.000    20.6899   4.465859    31.8158       1471     1.0210     2.5536     2.3616 0.0000e+00
     16.000    20.6900   4.465815    31.8157       1507     1.0455     2.5551     2.3618 0.0000e+00
     15.000    20.6899   4.465785    31.8158       1526     1.0587     2.5497     2.3584 0.0000e+00
     14.000    20.6896   4.465713    31.8158       1541     1.0692     2.5460     2.3605 0.0000e+00
     13.000    20.6895   4.465653    31.8158       1554     1.0788     2.5475     2.3620 0.0000e+00
     12.000    20.6891   4.465580    31.8158       1569     1.0886     2.5536     2.3603 0.0000e+00
     11.000    20.6885   4.465495    31.8159       1587     1.1011     2.5561     2.3598 0.0000e+00
     10.000    20.6868   4.465330    31.8162       1621     1.1252     2.5544     2.3606 0.0000e+00
      9.000    20.6864   4.465247    31.8161       1667     1.1570     2.5576     2.3587 0.0000e+00
      8.000    20.6874   4.465274    31.8159       1701     1.1807     2.5515     2.3593 0.0000e+00
      7.000    20.6867   4.465182    31.8160       1726     1.1982     2.5543     2.3599 0.0000e+00
      6.000    20.6860   4.465072    31.8160       1747     1.2122     2.5526     2.3595 0.0000e+00
      5.000    20.6822   4.464753    31.8167       1764     1.2245     2.5575     2.3618 0.0000e+00
      4.000    20.6799   4.464483    31.8165       1783     1.2378     2.5619     2.3632 0.0000e+00
      3.000    20.6856   4.464920    31.8161       1827     1.2684     2.5599     2.3592 0.0000e+00
      2.000    20.6852   4.464806    31.8158       2050     1.4228     2.5547     2.3591 0.0000e+00
      1.000    20.6863   4.464836    31.8156       2194     1.5227     2.5602     2.3629 0.0000e+00
