HB2407/CTD044.cnv
* Sea-Bird SBE 9 Data File:
* FileName = C:\cruise\data\CTD044.hex
* Software Version Seasave V 7.26.7.121
* Temperature SN = 4591
* Conductivity SN = 6006
* Number of Bytes Per Scan = 37
* Number of Voltage Words = 4
* Number of Scans Averaged by the Deck Unit = 1
* NMEA Latitude = 37 43.43 N
* NMEA Longitude = 075 17.12 W
* NMEA UTC (Time) = Sep 18 2024 11:45:21
* NMEA baud rate = 4800
** Ship: Bigelow HB2407
** Program:  Fall Bottom Trawl Survey
** Chief Scientist: John Galbraith
# nquan = 9
# nvalues = 33                          
# units = specified
# name 0 = depSM: Depth [salt water, m]
# name 1 = t090C: Temperature [ITS-90, deg C]
# name 2 = c0S/m: Conductivity [S/m]
# name 3 = sal00: Salinity, Practical [PSU]
# name 4 = scan: Scan Count
# name 5 = timeM: Time, Elapsed [minutes]
# name 6 = sbeox0V: Oxygen raw, SBE 43 [V]
# name 7 = sbeox1V: Oxygen raw, SBE 43, 2 [V]
# name 8 = flag: flag
# span 0 =      1.000,     18.000       
# span 1 =    21.8256,    21.8289       
# span 2 =   4.456469,   4.457647       
# span 3 =    30.9165,    30.9203       
# span 4 =         72,       2205       
# span 5 =     0.0492,     1.5304       
# span 6 =     2.5014,     2.5186       
# span 7 =     2.3243,     2.3416       
# span 8 = 0.0000e+00, 0.0000e+00       
# interval = meters: 1                  
# start_time = Sep 18 2024 11:45:21 [NMEA time, header]
# bad_flag = -9.990e-29
*END*
      3.000    21.8260   4.456921    30.9197         72     0.0492     2.5186     2.3368 0.0000e+00
      4.000    21.8256   4.456964    30.9200        136     0.0937     2.5122     2.3416 0.0000e+00
      5.000    21.8258   4.457004    30.9199        246     0.1701     2.5136     2.3289 0.0000e+00
      6.000    21.8256   4.457056    30.9201        287     0.1987     2.5095     2.3330 0.0000e+00
      7.000    21.8257   4.457041    30.9196        314     0.2173     2.5103     2.3362 0.0000e+00
      8.000    21.8259   4.457184    30.9203        335     0.2322     2.5069     2.3318 0.0000e+00
      9.000    21.8260   4.457168    30.9198        356     0.2462     2.5058     2.3313 0.0000e+00
     10.000    21.8262   4.457262    30.9200        379     0.2626     2.5066     2.3337 0.0000e+00
     11.000    21.8266   4.457313    30.9198        405     0.2806     2.5079     2.3331 0.0000e+00
     12.000    21.8269   4.457343    30.9195        431     0.2984     2.5073     2.3289 0.0000e+00
     13.000    21.8271   4.457416    30.9197        457     0.3163     2.5086     2.3307 0.0000e+00
     14.000    21.8274   4.457434    30.9193        488     0.3385     2.5126     2.3318 0.0000e+00
     15.000    21.8275   4.457493    30.9193        523     0.3627     2.5059     2.3303 0.0000e+00
     16.000    21.8272   4.457534    30.9195        547     0.3794     2.5091     2.3243 0.0000e+00
     17.000    21.8274   4.457635    30.9199        566     0.3925     2.5098     2.3254 0.0000e+00
     18.000    21.8279   4.457647    30.9194        700     0.4857     2.5079     2.3251 0.0000e+00
     17.000    21.8286   4.457615    30.9189       1074     0.7453     2.5094     2.3252 0.0000e+00
     16.000    21.8289   4.457583    30.9187       1527     1.0597     2.5112     2.3281 0.0000e+00
     15.000    21.8287   4.457536    30.9189       1541     1.0693     2.5062     2.3260 0.0000e+00
     14.000    21.8284   4.457465    30.9188       1573     1.0916     2.5063     2.3283 0.0000e+00
     13.000    21.8281   4.457387    30.9187       1609     1.1168     2.5014     2.3328 0.0000e+00
     12.000    21.8278   4.457386    30.9193       1633     1.1333     2.5051     2.3338 0.0000e+00
     11.000    21.8275   4.457326    30.9193       1651     1.1456     2.5076     2.3326 0.0000e+00
     10.000    21.8281   4.457331    30.9192       1666     1.1565     2.5104     2.3323 0.0000e+00
      9.000    21.8277   4.457281    30.9194       1683     1.1680     2.5140     2.3303 0.0000e+00
      8.000    21.8281   4.457289    30.9195       1701     1.1808     2.5159     2.3297 0.0000e+00
      7.000    21.8276   4.457121    30.9189       1746     1.2119     2.5155     2.3250 0.0000e+00
      6.000    21.8277   4.457144    30.9193       1793     1.2443     2.5132     2.3330 0.0000e+00
      5.000    21.8274   4.457095    30.9195       1811     1.2571     2.5116     2.3330 0.0000e+00
      4.000    21.8271   4.457038    30.9195       1829     1.2697     2.5104     2.3339 0.0000e+00
      3.000    21.8269   4.456971    30.9194       1851     1.2850     2.5088     2.3347 0.0000e+00
      2.000    21.8265   4.456893    30.9195       2045     1.4192     2.5086     2.3350 0.0000e+00
      1.000    21.8265   4.456469    30.9165       2205     1.5304     2.5127     2.3386 0.0000e+00
