HB2407/CTD084.cnv
* Sea-Bird SBE 9 Data File:
* FileName = C:\cruise\data\CTD084.hex
* Software Version Seasave V 7.26.7.121
* Temperature SN = 4591
* Conductivity SN = 6006
* Number of Bytes Per Scan = 37
* Number of Voltage Words = 4
* Number of Scans Averaged by the Deck Unit = 1
* NMEA Latitude = 40 32.97 N
* NMEA Longitude = 073 05.89 W
* NMEA UTC (Time) = Sep 23 2024 20:47:05
* NMEA baud rate = 4800
** Ship: Bigelow HB2407
** Program:  Fall Bottom Trawl Survey
** Chief Scientist: John Galbraith
# nquan = 9
# nvalues = 46                          
# units = specified
# name 0 = depSM: Depth [salt water, m]
# name 1 = t090C: Temperature [ITS-90, deg C]
# name 2 = c0S/m: Conductivity [S/m]
# name 3 = sal00: Salinity, Practical [PSU]
# name 4 = scan: Scan Count
# name 5 = timeM: Time, Elapsed [minutes]
# name 6 = sbeox0V: Oxygen raw, SBE 43 [V]
# name 7 = sbeox1V: Oxygen raw, SBE 43, 2 [V]
# name 8 = flag: flag
# span 0 =      1.000,     25.000       
# span 1 =    19.9518,    19.9770       
# span 2 =   4.311147,   4.315284       
# span 3 =    31.1296,    31.1396       
# span 4 =        186,       3622       
# span 5 =     0.1283,     2.5145       
# span 6 =     2.5795,     2.6114       
# span 7 =     2.3902,     2.4177       
# span 8 = 0.0000e+00, 0.0000e+00       
# interval = meters: 1                  
# start_time = Sep 23 2024 20:47:05 [NMEA time, header]
# bad_flag = -9.990e-29
*END*
      4.000    19.9622   4.312254    31.1306        186     0.1283     2.6002     2.4177 0.0000e+00
      5.000    19.9655   4.312565    31.1304        309     0.2139     2.5982     2.4130 0.0000e+00
      6.000    19.9658   4.312672    31.1307        327     0.2265     2.5965     2.4119 0.0000e+00
      7.000    19.9647   4.312664    31.1310        347     0.2400     2.5964     2.4114 0.0000e+00
      8.000    19.9579   4.312136    31.1315        368     0.2547     2.6000     2.4098 0.0000e+00
      9.000    19.9612   4.312320    31.1302        400     0.2770     2.5996     2.4109 0.0000e+00
     10.000    19.9629   4.312516    31.1302        460     0.3185     2.6003     2.4151 0.0000e+00
     11.000    19.9656   4.312811    31.1302        496     0.3434     2.6038     2.4147 0.0000e+00
     12.000    19.9644   4.312788    31.1306        521     0.3614     2.6007     2.4082 0.0000e+00
     13.000    19.9671   4.313155    31.1313        544     0.3773     2.6018     2.4039 0.0000e+00
     14.000    19.9671   4.313196    31.1313        567     0.3930     2.6012     2.4057 0.0000e+00
     15.000    19.9701   4.313659    31.1325        597     0.4138     2.5985     2.4051 0.0000e+00
     16.000    19.9714   4.313893    31.1331        649     0.4497     2.5939     2.4036 0.0000e+00
     17.000    19.9711   4.313915    31.1332        682     0.4730     2.5987     2.4016 0.0000e+00
     18.000    19.9699   4.313723    31.1322        706     0.4894     2.5998     2.3994 0.0000e+00
     19.000    19.9701   4.313826    31.1326        731     0.5071     2.5967     2.3981 0.0000e+00
     20.000    19.9728   4.314286    31.1339        764     0.5295     2.5926     2.4014 0.0000e+00
     21.000    19.9749   4.314781    31.1360        795     0.5515     2.5902     2.4035 0.0000e+00
     22.000    19.9760   4.315027    31.1369        836     0.5802     2.5920     2.4035 0.0000e+00
     23.000    19.9740   4.315157    31.1390        894     0.6205     2.5928     2.4003 0.0000e+00
     24.000    19.9742   4.315284    31.1396       1462     1.0145     2.5823     2.3904 0.0000e+00
     25.000    19.9748   4.314910    31.1358       2659     1.8455     2.5880     2.4000 0.0000e+00
     24.000    19.9770   4.315198    31.1369       2536     1.7604     2.5822     2.3905 0.0000e+00
     23.000    19.9760   4.315107    31.1371       2551     1.7705     2.5795     2.3902 0.0000e+00
     22.000    19.9709   4.314041    31.1327       2626     1.8227     2.5878     2.3982 0.0000e+00
     21.000    19.9683   4.313525    31.1308       2724     1.8911     2.5874     2.3994 0.0000e+00
     20.000    19.9672   4.313313    31.1302       2758     1.9143     2.5962     2.4001 0.0000e+00
     19.000    19.9666   4.313284    31.1308       2788     1.9356     2.6000     2.4053 0.0000e+00
     18.000    19.9652   4.313134    31.1309       2809     1.9502     2.6043     2.4087 0.0000e+00
     17.000    19.9648   4.313024    31.1307       2828     1.9632     2.6028     2.4072 0.0000e+00
     16.000    19.9640   4.312892    31.1305       2848     1.9774     2.5974     2.4063 0.0000e+00
     15.000    19.9615   4.312557    31.1299       2888     2.0046     2.5972     2.4064 0.0000e+00
     14.000    19.9612   4.312442    31.1296       2951     2.0485     2.6027     2.4120 0.0000e+00
     13.000    19.9612   4.312428    31.1298       2977     2.0667     2.5976     2.4123 0.0000e+00
     12.000    19.9607   4.312348    31.1299       3002     2.0838     2.5953     2.4118 0.0000e+00
     11.000    19.9605   4.312288    31.1298       3024     2.0994     2.5997     2.4089 0.0000e+00
     10.000    19.9589   4.312142    31.1301       3044     2.1130     2.6030     2.4066 0.0000e+00
      9.000    19.9605   4.312229    31.1300       3063     2.1263     2.5992     2.4066 0.0000e+00
      8.000    19.9614   4.312250    31.1298       3084     2.1408     2.5982     2.4078 0.0000e+00
      7.000    19.9611   4.312162    31.1297       3115     2.1627     2.5976     2.4099 0.0000e+00
      6.000    19.9603   4.312039    31.1296       3158     2.1926     2.6035     2.4133 0.0000e+00
      5.000    19.9576   4.311784    31.1299       3226     2.2398     2.6044     2.4107 0.0000e+00
      4.000    19.9565   4.311672    31.1301       3270     2.2703     2.6081     2.4131 0.0000e+00
      3.000    19.9559   4.311573    31.1301       3286     2.2816     2.6114     2.4151 0.0000e+00
      2.000    19.9529   4.311298    31.1304       3415     2.3706     2.6058     2.4164 0.0000e+00
      1.000    19.9518   4.311147    31.1303       3622     2.5145     2.6024     2.4155 0.0000e+00
