HB2407/CTD083.cnv
* Sea-Bird SBE 9 Data File:
* FileName = C:\cruise\data\CTD083.hex
* Software Version Seasave V 7.26.7.121
* Temperature SN = 4591
* Conductivity SN = 6006
* Number of Bytes Per Scan = 37
* Number of Voltage Words = 4
* Number of Scans Averaged by the Deck Unit = 1
* NMEA Latitude = 40 33.35 N
* NMEA Longitude = 073 10.66 W
* NMEA UTC (Time) = Sep 23 2024 19:40:32
* NMEA baud rate = 4800
** Ship: Bigelow HB2407
** Program:  Fall Bottom Trawl Survey
** Chief Scientist: John Galbraith
# nquan = 9
# nvalues = 39                          
# units = specified
# name 0 = depSM: Depth [salt water, m]
# name 1 = t090C: Temperature [ITS-90, deg C]
# name 2 = c0S/m: Conductivity [S/m]
# name 3 = sal00: Salinity, Practical [PSU]
# name 4 = scan: Scan Count
# name 5 = timeM: Time, Elapsed [minutes]
# name 6 = sbeox0V: Oxygen raw, SBE 43 [V]
# name 7 = sbeox1V: Oxygen raw, SBE 43, 2 [V]
# name 8 = flag: flag
# span 0 =      1.000,     21.000       
# span 1 =    20.0840,    20.1068       
# span 2 =   4.326638,   4.328822       
# span 3 =    31.1436,    31.1632       
# span 4 =        142,       3800       
# span 5 =     0.0978,     2.6385       
# span 6 =     2.4945,     2.6019       
# span 7 =     2.3742,     2.4156       
# span 8 = 0.0000e+00, 0.0000e+00       
# interval = meters: 1                  
# start_time = Sep 23 2024 19:40:32 [NMEA time, header]
# bad_flag = -9.990e-29
*END*
      3.000    20.1036   4.328566    31.1577        142     0.0978     2.5998     2.4067 0.0000e+00
      4.000    20.1048   4.328732    31.1579        299     0.2070     2.5929     2.4092 0.0000e+00
      5.000    20.1009   4.328369    31.1574        322     0.2231     2.5950     2.4079 0.0000e+00
      6.000    20.1008   4.328369    31.1573        354     0.2451     2.5960     2.4052 0.0000e+00
      7.000    20.1016   4.328496    31.1573        382     0.2645     2.6011     2.4061 0.0000e+00
      8.000    20.0994   4.328321    31.1572        410     0.2838     2.5980     2.4052 0.0000e+00
      9.000    20.0991   4.328326    31.1571        451     0.3123     2.5958     2.4086 0.0000e+00
     10.000    20.0981   4.328281    31.1572        491     0.3406     2.6019     2.4087 0.0000e+00
     11.000    20.0956   4.328094    31.1572        521     0.3611     2.5961     2.4122 0.0000e+00
     12.000    20.0970   4.328184    31.1566        549     0.3808     2.5977     2.4104 0.0000e+00
     13.000    20.0993   4.328459    31.1568        581     0.4028     2.5978     2.4085 0.0000e+00
     14.000    20.1012   4.328536    31.1557        615     0.4266     2.5952     2.4103 0.0000e+00
     15.000    20.1023   4.328704    31.1559        647     0.4488     2.5969     2.4109 0.0000e+00
     16.000    20.1021   4.328709    31.1558        681     0.4722     2.5980     2.4066 0.0000e+00
     17.000    20.1017   4.328726    31.1559        718     0.4980     2.5997     2.4054 0.0000e+00
     18.000    20.1015   4.328789    31.1561        761     0.5276     2.6013     2.4089 0.0000e+00
     19.000    20.1011   4.328822    31.1564        801     0.5557     2.5972     2.4077 0.0000e+00
     20.000    20.0840   4.328120    31.1631        827     0.5734     2.5995     2.4045 0.0000e+00
     21.000    20.0865   4.328267    31.1621       1805     1.2526     2.5643     2.3782 0.0000e+00
     20.000    20.0887   4.328571    31.1632       3026     2.1007     2.4945     2.3742 0.0000e+00
     19.000    20.0970   4.328659    31.1581       3076     2.1356     2.5629     2.3759 0.0000e+00
     18.000    20.0992   4.328710    31.1572       3087     2.1434     2.5625     2.3795 0.0000e+00
     17.000    20.1000   4.328699    31.1569       3110     2.1587     2.5675     2.3847 0.0000e+00
     16.000    20.1004   4.328644    31.1565       3135     2.1762     2.5733     2.3900 0.0000e+00
     15.000    20.1019   4.328529    31.1548       3163     2.1959     2.5776     2.3922 0.0000e+00
     14.000    20.1026   4.328407    31.1536       3189     2.2138     2.5807     2.3953 0.0000e+00
     13.000    20.1029   4.328358    31.1533       3212     2.2296     2.5901     2.4004 0.0000e+00
     12.000    20.1027   4.328322    31.1535       3238     2.2478     2.5957     2.4055 0.0000e+00
     11.000    20.1019   4.328131    31.1529       3276     2.2740     2.5965     2.4101 0.0000e+00
     10.000    20.1000   4.327902    31.1528       3305     2.2943     2.5975     2.4102 0.0000e+00
      9.000    20.0991   4.327801    31.1529       3325     2.3081     2.5947     2.4104 0.0000e+00
      8.000    20.0981   4.327673    31.1530       3343     2.3206     2.5956     2.4119 0.0000e+00
      7.000    20.0974   4.327586    31.1531       3363     2.3350     2.5943     2.4133 0.0000e+00
      6.000    20.1023   4.327984    31.1530       3389     2.3530     2.5938     2.4142 0.0000e+00
      5.000    20.1068   4.328463    31.1539       3417     2.3720     2.5923     2.4134 0.0000e+00
      4.000    20.1062   4.328413    31.1542       3443     2.3901     2.5908     2.4156 0.0000e+00
      3.000    20.1043   4.328298    31.1551       3588     2.4912     2.5979     2.4084 0.0000e+00
      2.000    20.1026   4.327843    31.1529       3794     2.6342     2.5913     2.4067 0.0000e+00
      1.000    20.1027   4.326638    31.1436       3800     2.6385     2.5998     2.4021 0.0000e+00
