HB2407/CTD052.cnv
* Sea-Bird SBE 9 Data File:
* FileName = C:\cruise\data\CTD052.hex
* Software Version Seasave V 7.26.7.121
* Temperature SN = 4591
* Conductivity SN = 6006
* Number of Bytes Per Scan = 37
* Number of Voltage Words = 4
* Number of Scans Averaged by the Deck Unit = 1
* NMEA Latitude = 35 43.07 N
* NMEA Longitude = 075 17.77 W
* NMEA UTC (Time) = Sep 19 2024 13:11:55
* NMEA baud rate = 4800
** Ship: Bigelow HB2407
** Program:  Fall Bottom Trawl Survey
** Chief Scientist: John Galbraith
# nquan = 9
# nvalues = 48                          
# units = specified
# name 0 = depSM: Depth [salt water, m]
# name 1 = t090C: Temperature [ITS-90, deg C]
# name 2 = c0S/m: Conductivity [S/m]
# name 3 = sal00: Salinity, Practical [PSU]
# name 4 = scan: Scan Count
# name 5 = timeM: Time, Elapsed [minutes]
# name 6 = sbeox0V: Oxygen raw, SBE 43 [V]
# name 7 = sbeox1V: Oxygen raw, SBE 43, 2 [V]
# name 8 = flag: flag
# span 0 =      1.000,     25.000       
# span 1 =    22.6677,    22.8253       
# span 2 =   4.589102,   4.593018       
# span 3 =    31.2230,    31.3543       
# span 4 =       -110,       2314       
# span 5 =    -0.0773,     1.6062       
# span 6 =     2.4862,     2.5621       
# span 7 =     2.2979,     2.3758       
# span 8 = 0.0000e+00, 0.0000e+00       
# interval = meters: 1                  
# start_time = Sep 19 2024 13:11:55 [NMEA time, header]
# bad_flag = -9.990e-29
*END*
      2.000    22.8190   4.589695    31.2315       -110    -0.0773     2.5621     2.3758 0.0000e+00
      3.000    22.8181   4.589710    31.2320        158     0.1094     2.5491     2.3709 0.0000e+00
      4.000    22.8176   4.589741    31.2323        247     0.1709     2.5562     2.3707 0.0000e+00
      5.000    22.8175   4.589787    31.2324        268     0.1855     2.5524     2.3698 0.0000e+00
      6.000    22.8148   4.589743    31.2337        295     0.2044     2.5560     2.3665 0.0000e+00
      7.000    22.8123   4.589774    31.2355        322     0.2228     2.5595     2.3677 0.0000e+00
      8.000    22.7856   4.590516    31.2598        344     0.2381     2.5536     2.3687 0.0000e+00
      9.000    22.7717   4.590905    31.2723        366     0.2538     2.5463     2.3675 0.0000e+00
     10.000    22.7593   4.591431    31.2849        395     0.2733     2.5453     2.3610 0.0000e+00
     11.000    22.7367   4.592033    31.3052        430     0.2977     2.5409     2.3545 0.0000e+00
     12.000    22.7032   4.592897    31.3355        459     0.3180     2.5326     2.3518 0.0000e+00
     13.000    22.6835   4.593018    31.3502        481     0.3336     2.5278     2.3447 0.0000e+00
     14.000    22.6773   4.592952    31.3539        503     0.3486     2.5184     2.3382 0.0000e+00
     15.000    22.6763   4.592954    31.3543        528     0.3660     2.5031     2.3232 0.0000e+00
     16.000    22.6765   4.592819    31.3528        558     0.3867     2.4937     2.3138 0.0000e+00
     17.000    22.6759   4.592906    31.3536        587     0.4067     2.4942     2.3156 0.0000e+00
     18.000    22.6760   4.592924    31.3533        615     0.4267     2.4965     2.3187 0.0000e+00
     19.000    22.6746   4.592859    31.3536        648     0.4494     2.4941     2.3206 0.0000e+00
     20.000    22.6737   4.592827    31.3536        677     0.4694     2.4947     2.3174 0.0000e+00
     21.000    22.6712   4.592537    31.3529        699     0.4848     2.4971     2.3172 0.0000e+00
     22.000    22.6704   4.592475    31.3527        720     0.4990     2.4929     2.3134 0.0000e+00
     23.000    22.6692   4.592342    31.3522        741     0.5138     2.4888     2.3095 0.0000e+00
     24.000    22.6696   4.592374    31.3519        862     0.5982     2.4870     2.3077 0.0000e+00
     25.000    22.6677   4.592131    31.3511       1190     0.8256     2.4894     2.3011 0.0000e+00
     24.000    22.6681   4.592136    31.3512       1247     0.8650     2.4882     2.2979 0.0000e+00
     23.000    22.6698   4.592333    31.3517       1318     0.9148     2.4882     2.3023 0.0000e+00
     22.000    22.6717   4.592528    31.3522       1445     1.0029     2.4862     2.3069 0.0000e+00
     21.000    22.6719   4.592532    31.3524       1459     1.0127     2.4867     2.3047 0.0000e+00
     20.000    22.6715   4.592454    31.3523       1478     1.0255     2.4883     2.3027 0.0000e+00
     19.000    22.6721   4.592512    31.3527       1505     1.0447     2.4954     2.3073 0.0000e+00
     18.000    22.6725   4.592539    31.3529       1544     1.0716     2.5009     2.3138 0.0000e+00
     17.000    22.6739   4.592651    31.3531       1574     1.0924     2.4988     2.3102 0.0000e+00
     16.000    22.6749   4.592730    31.3532       1597     1.1085     2.4900     2.3142 0.0000e+00
     15.000    22.6750   4.592702    31.3532       1619     1.1238     2.4873     2.3144 0.0000e+00
     14.000    22.6753   4.592655    31.3530       1643     1.1406     2.4932     2.3101 0.0000e+00
     13.000    22.6780   4.592711    31.3518       1670     1.1593     2.4965     2.3101 0.0000e+00
     12.000    22.6872   4.592679    31.3453       1698     1.1785     2.4961     2.3118 0.0000e+00
     11.000    22.7064   4.592372    31.3295       1725     1.1973     2.4935     2.3163 0.0000e+00
     10.000    22.7307   4.591744    31.3077       1753     1.2169     2.5024     2.3208 0.0000e+00
      9.000    22.7569   4.591133    31.2846       1781     1.2364     2.5143     2.3254 0.0000e+00
      8.000    22.7697   4.590580    31.2716       1808     1.2551     2.5233     2.3249 0.0000e+00
      7.000    22.7818   4.590189    31.2603       1832     1.2718     2.5221     2.3343 0.0000e+00
      6.000    22.7931   4.589633    31.2483       1854     1.2867     2.5247     2.3468 0.0000e+00
      5.000    22.8033   4.589328    31.2390       1876     1.3018     2.5383     2.3535 0.0000e+00
      4.000    22.8129   4.589102    31.2307       1900     1.3184     2.5454     2.3548 0.0000e+00
      3.000    22.8253   4.589204    31.2230       2167     1.5044     2.5601     2.3716 0.0000e+00
      2.000    22.8215   4.589183    31.2259       2263     1.5705     2.5569     2.3707 0.0000e+00
      1.000    22.8224   4.589156    31.2254       2314     1.6062     2.5578     2.3719 0.0000e+00
