HB2407/CTD008.cnv
* Sea-Bird SBE 9 Data File:
* FileName = C:\cruise\data\CTD008.hex
* Software Version Seasave V 7.26.7.121
* Temperature SN = 4591
* Conductivity SN = 6006
* Number of Bytes Per Scan = 37
* Number of Voltage Words = 4
* Number of Scans Averaged by the Deck Unit = 1
* NMEA Latitude = 38 54.21 N
* NMEA Longitude = 072 53.82 W
* NMEA UTC (Time) = Sep 08 2024 03:01:23
* NMEA baud rate = 4800
** Ship: Bigelow HB2407
** Program:  Fall Bottom Trawl Survey
** Chief Scientist: John Galbraith
# nquan = 9
# nvalues = 616                         
# units = specified
# name 0 = depSM: Depth [salt water, m]
# name 1 = t090C: Temperature [ITS-90, deg C]
# name 2 = c0S/m: Conductivity [S/m]
# name 3 = sal00: Salinity, Practical [PSU]
# name 4 = scan: Scan Count
# name 5 = timeM: Time, Elapsed [minutes]
# name 6 = sbeox0V: Oxygen raw, SBE 43 [V]
# name 7 = sbeox1V: Oxygen raw, SBE 43, 2 [V]
# name 8 = flag: flag
# span 0 =      2.000,    310.000       
# span 1 =     9.9818,    22.7274       
# span 2 =   3.840834,   4.814062       
# span 3 =    32.9747,    35.2723       
# span 4 =        210,      18471       
# span 5 =     0.1454,    12.8267       
# span 6 =     1.5897,     3.0584       
# span 7 =     1.4725,     2.7948       
# span 8 = 0.0000e+00, 0.0000e+00       
# interval = meters: 1                  
# start_time = Sep 08 2024 03:01:23 [NMEA time, header]
# bad_flag = -9.990e-29
*END*
      3.000    22.7215   4.813171    33.0117        210     0.1454     2.6583     2.4611 0.0000e+00
      4.000    22.7200   4.813104    33.0120        567     0.3927     2.6551     2.4642 0.0000e+00
      5.000    22.7226   4.813383    33.0119        545     0.3776     2.6645     2.4624 0.0000e+00
      6.000    22.7238   4.813580    33.0122        563     0.3905     2.6712     2.4576 0.0000e+00
      7.000    22.7221   4.813487    33.0124        585     0.4052     2.6678     2.4585 0.0000e+00
      8.000    22.7212   4.813409    33.0122        615     0.4264     2.6632     2.4621 0.0000e+00
      9.000    22.7214   4.813456    33.0120        656     0.4551     2.6601     2.4630 0.0000e+00
     10.000    22.7274   4.814062    33.0118        688     0.4769     2.6601     2.4647 0.0000e+00
     11.000    22.7168   4.813665    33.0165        712     0.4936     2.6591     2.4675 0.0000e+00
     12.000    22.7117   4.813366    33.0177        734     0.5091     2.6601     2.4721 0.0000e+00
     13.000    22.7003   4.812846    33.0220        756     0.5246     2.6641     2.4718 0.0000e+00
     14.000    22.4836   4.803495    33.1137        780     0.5408     2.6645     2.4694 0.0000e+00
     15.000    21.3433   4.751094    33.5828        806     0.5588     2.6592     2.4653 0.0000e+00
     16.000    19.0702   4.588176    34.0814        834     0.5786     2.6670     2.4752 0.0000e+00
     17.000    18.7447   4.558812    34.1042        861     0.5970     2.7233     2.5192 0.0000e+00
     18.000    18.6738   4.552009    34.1054        884     0.6134     2.8341     2.6173 0.0000e+00
     19.000    18.3250   4.528765    34.1989        907     0.6288     2.8983     2.6936 0.0000e+00
     20.000    17.6206   4.471553    34.3019        932     0.6464     2.9236     2.7353 0.0000e+00
     21.000    17.0921   4.416562    34.2745        968     0.6714     2.9171     2.7296 0.0000e+00
     22.000    16.6538   4.369183    34.2348       1012     0.7018     2.9065     2.7134 0.0000e+00
     23.000    16.7336   4.382491    34.2826       1041     0.7221     2.9081     2.7089 0.0000e+00
     24.000    17.1963   4.449853    34.4735       1060     0.7356     2.9130     2.7075 0.0000e+00
     25.000    17.1949   4.469587    34.6457       1077     0.7472     2.9215     2.7102 0.0000e+00
     26.000    16.8724   4.448723    34.7415       1094     0.7589     2.9138     2.7097 0.0000e+00
     27.000    16.3308   4.401436    34.7961       1112     0.7718     2.8705     2.6796 0.0000e+00
     28.000    15.9666   4.362339    34.7674       1134     0.7868     2.7959     2.6230 0.0000e+00
     29.000    15.9551   4.365637    34.8066       1162     0.8063     2.7125     2.5513 0.0000e+00
     30.000    16.1110   4.399108    34.9672       1204     0.8354     2.6488     2.4806 0.0000e+00
     31.000    16.2428   4.425540    35.0856       1247     0.8652     2.6070     2.4300 0.0000e+00
     32.000    16.1602   4.419421    35.1037       1275     0.8849     2.5741     2.3979 0.0000e+00
     33.000    15.9389   4.395298    35.0842       1298     0.9008     2.5427     2.3722 0.0000e+00
     34.000    15.8651   4.387258    35.0774       1319     0.9154     2.5147     2.3458 0.0000e+00
     35.000    15.7763   4.380409    35.0944       1340     0.9300     2.4934     2.3227 0.0000e+00
     36.000    15.7003   4.375153    35.1144       1364     0.9464     2.4728     2.2995 0.0000e+00
     37.000    15.6677   4.375366    35.1451       1391     0.9653     2.4379     2.2724 0.0000e+00
     38.000    15.6559   4.375062    35.1524       1416     0.9829     2.4018     2.2412 0.0000e+00
     39.000    15.6310   4.375901    35.1818       1437     0.9973     2.3769     2.2161 0.0000e+00
     40.000    15.2166   4.341629    35.2430       1457     1.0112     2.3557     2.1942 0.0000e+00
     41.000    14.7771   4.292834    35.1937       1488     1.0324     2.2998     2.1532 0.0000e+00
     42.000    14.5200   4.261669    35.1387       1551     1.0762     2.1784     2.0416 0.0000e+00
     43.000    13.1744   4.110471    34.9534       1575     1.0929     2.1605     2.0215 0.0000e+00
     44.000    12.8909   4.070724    34.8360       1593     1.1054     2.1372     2.0038 0.0000e+00
     45.000    13.0008   4.080138    34.8241       1610     1.1173     2.1234     1.9870 0.0000e+00
     46.000    13.3130   4.119843    34.9140       1628     1.1297     2.1266     1.9820 0.0000e+00
     47.000    13.3978   4.133073    34.9610       1648     1.1435     2.1414     1.9872 0.0000e+00
     48.000    13.3320   4.125597    34.9503       1672     1.1602     2.1437     1.9919 0.0000e+00
     49.000    13.1120   4.100840    34.9171       1703     1.1821     2.1316     1.9834 0.0000e+00
     50.000    12.7471   4.057496    34.8394       1737     1.2054     2.1191     1.9695 0.0000e+00
     51.000    12.5590   4.034992    34.7967       1768     1.2269     2.1144     1.9634 0.0000e+00
     52.000    12.4655   4.024386    34.7806       1797     1.2473     2.1178     1.9649 0.0000e+00
     53.000    12.2313   3.998321    34.7453       1825     1.2664     2.1213     1.9667 0.0000e+00
     54.000    12.0828   3.981181    34.7164       1850     1.2838     2.1223     1.9660 0.0000e+00
     55.000    12.0295   3.975165    34.7069       1874     1.3010     2.1243     1.9673 0.0000e+00
     56.000    11.9905   3.970697    34.6992       1902     1.3198     2.1328     1.9739 0.0000e+00
     57.000    11.9446   3.965995    34.6957       1929     1.3390     2.1410     1.9805 0.0000e+00
     58.000    11.9354   3.967075    34.7143       1953     1.3555     2.1513     1.9861 0.0000e+00
     59.000    11.8762   3.965199    34.7508       1973     1.3694     2.1623     1.9937 0.0000e+00
     60.000    11.7784   3.956521    34.7569       1993     1.3834     2.1684     2.0016 0.0000e+00
     61.000    11.7967   3.960808    34.7813       2016     1.3992     2.1733     2.0072 0.0000e+00
     62.000    11.8407   3.968988    34.8198       2048     1.4216     2.1799     2.0124 0.0000e+00
     63.000    11.8570   3.971898    34.8326       2098     1.4565     2.1625     2.0033 0.0000e+00
     64.000    11.8578   3.972853    34.8408       2133     1.4807     2.1495     1.9899 0.0000e+00
     65.000    11.8608   3.973343    34.8423       2153     1.4945     2.1476     1.9826 0.0000e+00
     66.000    11.8692   3.974460    34.8449       2171     1.5066     2.1445     1.9783 0.0000e+00
     67.000    11.8903   3.978257    34.8618       2188     1.5185     2.1420     1.9762 0.0000e+00
     68.000    11.9590   3.990789    34.9195       2206     1.5313     2.1399     1.9735 0.0000e+00
     69.000    12.0411   4.006361    34.9940       2228     1.5465     2.1354     1.9718 0.0000e+00
     70.000    12.0982   4.019224    35.0655       2256     1.5661     2.1198     1.9628 0.0000e+00
     71.000    12.1335   4.027783    35.1152       2292     1.5911     2.0743     1.9289 0.0000e+00
     72.000    12.1666   4.034112    35.1452       2330     1.6177     2.0239     1.8847 0.0000e+00
     73.000    12.1991   4.038423    35.1561       2358     1.6367     1.9910     1.8549 0.0000e+00
     74.000    12.2032   4.039182    35.1592       2381     1.6526     1.9621     1.8285 0.0000e+00
     75.000    12.1993   4.039142    35.1621       2406     1.6703     1.9261     1.7963 0.0000e+00
     76.000    12.1771   4.038064    35.1720       2436     1.6910     1.8937     1.7630 0.0000e+00
     77.000    12.1749   4.037918    35.1723       2464     1.7102     1.8753     1.7409 0.0000e+00
     78.000    12.1750   4.037930    35.1717       2487     1.7263     1.8663     1.7295 0.0000e+00
     79.000    12.1743   4.037858    35.1713       2509     1.7414     1.8614     1.7225 0.0000e+00
     80.000    12.1648   4.037080    35.1723       2529     1.7557     1.8579     1.7188 0.0000e+00
     81.000    12.1415   4.035040    35.1739       2550     1.7701     1.8554     1.7176 0.0000e+00
     82.000    12.1303   4.034402    35.1778       2575     1.7872     1.8569     1.7171 0.0000e+00
     83.000    12.1397   4.035819    35.1823       2611     1.8127     1.8605     1.7215 0.0000e+00
     84.000    12.1459   4.036888    35.1864       2651     1.8405     1.8567     1.7179 0.0000e+00
     85.000    12.1473   4.037149    35.1872       2680     1.8602     1.8495     1.7107 0.0000e+00
     86.000    12.1472   4.037181    35.1872       2705     1.8777     1.8409     1.7046 0.0000e+00
     87.000    12.1474   4.037253    35.1873       2731     1.8957     1.8324     1.6983 0.0000e+00
     88.000    12.1470   4.037290    35.1876       2757     1.9138     1.8258     1.6929 0.0000e+00
     89.000    12.1397   4.037231    35.1934       2781     1.9306     1.8238     1.6892 0.0000e+00
     90.000    12.1314   4.036596    35.1946       2803     1.9458     1.8235     1.6858 0.0000e+00
     91.000    12.1221   4.035478    35.1920       2824     1.9601     1.8215     1.6828 0.0000e+00
     92.000    12.1212   4.035310    35.1908       2844     1.9740     1.8171     1.6794 0.0000e+00
     93.000    12.1208   4.035274    35.1904       2865     1.9889     1.8143     1.6771 0.0000e+00
     94.000    12.1197   4.035183    35.1902       2895     2.0100     1.8148     1.6771 0.0000e+00
     95.000    12.1169   4.034919    35.1898       2947     2.0458     1.8136     1.6764 0.0000e+00
     96.000    12.1131   4.034598    35.1897       2982     2.0703     1.8104     1.6769 0.0000e+00
     97.000    12.1120   4.034588    35.1902       3005     2.0859     1.8096     1.6772 0.0000e+00
     98.000    12.1132   4.034768    35.1904       3024     2.0990     1.8102     1.6763 0.0000e+00
     99.000    12.1125   4.034879    35.1917       3042     2.1116     1.8102     1.6762 0.0000e+00
    100.000    12.1135   4.035042    35.1919       3061     2.1252     1.8114     1.6769 0.0000e+00
    101.000    12.1120   4.035008    35.1926       3086     2.1426     1.8113     1.6762 0.0000e+00
    102.000    12.1130   4.035239    35.1934       3120     2.1659     1.8116     1.6757 0.0000e+00
    103.000    12.1065   4.034659    35.1935       3156     2.1911     1.8086     1.6750 0.0000e+00
    104.000    12.1202   4.036919    35.2022       3184     2.2102     1.8088     1.6732 0.0000e+00
    105.000    12.1312   4.039555    35.2170       3205     2.2252     1.8106     1.6731 0.0000e+00
    106.000    12.1275   4.039812    35.2225       3226     2.2395     1.8095     1.6737 0.0000e+00
    107.000    12.1286   4.040693    35.2296       3248     2.2547     1.8079     1.6725 0.0000e+00
    108.000    12.0950   4.039188    35.2463       3273     2.2723     1.8061     1.6700 0.0000e+00
    109.000    12.0424   4.034712    35.2518       3304     2.2940     1.8010     1.6637 0.0000e+00
    110.000    12.0380   4.034237    35.2509       3342     2.3199     1.7911     1.6571 0.0000e+00
    111.000    12.0502   4.035715    35.2533       3379     2.3455     1.7847     1.6525 0.0000e+00
    112.000    12.0644   4.037848    35.2603       3409     2.3663     1.7833     1.6501 0.0000e+00
    113.000    12.0527   4.037349    35.2660       3432     2.3826     1.7800     1.6488 0.0000e+00
    114.000    11.9783   4.029451    35.2588       3451     2.3961     1.7762     1.6468 0.0000e+00
    115.000    11.9552   4.026733    35.2536       3468     2.4079     1.7724     1.6429 0.0000e+00
    116.000    11.9443   4.025524    35.2517       3485     2.4193     1.7691     1.6400 0.0000e+00
    117.000    11.9358   4.024443    35.2487       3503     2.4321     1.7674     1.6376 0.0000e+00
    118.000    11.9226   4.022949    35.2462       3528     2.4490     1.7666     1.6367 0.0000e+00
    119.000    11.9193   4.022487    35.2443       3575     2.4821     1.7664     1.6370 0.0000e+00
    120.000    11.9332   4.023983    35.2454       3625     2.5164     1.7644     1.6366 0.0000e+00
    121.000    11.9370   4.024436    35.2458       3649     2.5335     1.7645     1.6359 0.0000e+00
    122.000    11.9095   4.022157    35.2490       3671     2.5485     1.7657     1.6360 0.0000e+00
    123.000    11.8388   4.014313    35.2387       3693     2.5641     1.7651     1.6354 0.0000e+00
    124.000    11.8353   4.013666    35.2352       3717     2.5803     1.7651     1.6338 0.0000e+00
    125.000    11.8189   4.011977    35.2337       3739     2.5960     1.7642     1.6326 0.0000e+00
    126.000    11.7558   4.006469    35.2391       3761     2.6111     1.7650     1.6317 0.0000e+00
    127.000    11.6733   3.998742    35.2410       3784     2.6273     1.7641     1.6314 0.0000e+00
    128.000    11.6248   3.994446    35.2443       3811     2.6456     1.7609     1.6302 0.0000e+00
    129.000    11.5278   3.985855    35.2514       3840     2.6662     1.7544     1.6254 0.0000e+00
    130.000    11.4576   3.979743    35.2574       3871     2.6872     1.7483     1.6201 0.0000e+00
    131.000    11.2953   3.965496    35.2707       3903     2.7094     1.7394     1.6143 0.0000e+00
    132.000    11.1713   3.953767    35.2723       3935     2.7323     1.7273     1.6052 0.0000e+00
    133.000    11.1411   3.950595    35.2693       3969     2.7556     1.7140     1.5947 0.0000e+00
    134.000    11.1201   3.948400    35.2671       4000     2.7774     1.7056     1.5856 0.0000e+00
    135.000    11.0874   3.945165    35.2657       4025     2.7946     1.7005     1.5797 0.0000e+00
    136.000    11.0536   3.942213    35.2682       4045     2.8083     1.6982     1.5764 0.0000e+00
    137.000    11.0214   3.939228    35.2688       4063     2.8206     1.6965     1.5745 0.0000e+00
    138.000    10.9687   3.934253    35.2693       4080     2.8328     1.6956     1.5730 0.0000e+00
    139.000    10.9269   3.929912    35.2655       4101     2.8469     1.6914     1.5697 0.0000e+00
    140.000    10.8920   3.926293    35.2624       4128     2.8660     1.6864     1.5631 0.0000e+00
    141.000    10.8767   3.924563    35.2593       4174     2.8978     1.6809     1.5554 0.0000e+00
    142.000    10.8769   3.924458    35.2576       4218     2.9283     1.6775     1.5527 0.0000e+00
    143.000    10.8744   3.924200    35.2570       4243     2.9459     1.6767     1.5528 0.0000e+00
    144.000    10.8739   3.924114    35.2561       4266     2.9616     1.6757     1.5529 0.0000e+00
    145.000    10.8737   3.924087    35.2556       4288     2.9772     1.6746     1.5529 0.0000e+00
    146.000    10.8735   3.924073    35.2551       4311     2.9932     1.6744     1.5529 0.0000e+00
    147.000    10.8736   3.924078    35.2547       4336     3.0105     1.6749     1.5530 0.0000e+00
    148.000    10.8733   3.924072    35.2544       4366     3.0310     1.6729     1.5516 0.0000e+00
    149.000    10.8736   3.924094    35.2540       4394     3.0504     1.6703     1.5504 0.0000e+00
    150.000    10.8641   3.923233    35.2540       4415     3.0651     1.6696     1.5503 0.0000e+00
    151.000    10.8491   3.921816    35.2537       4433     3.0780     1.6706     1.5503 0.0000e+00
    152.000    10.8374   3.920641    35.2528       4453     3.0920     1.6718     1.5503 0.0000e+00
    153.000    10.8241   3.919226    35.2509       4489     3.1166     1.6720     1.5499 0.0000e+00
    154.000    10.8190   3.918630    35.2493       4565     3.1695     1.6693     1.5472 0.0000e+00
    155.000    10.8131   3.918072    35.2490       4590     3.1871     1.6691     1.5466 0.0000e+00
    156.000    10.8075   3.917573    35.2489       4606     3.1979     1.6702     1.5456 0.0000e+00
    157.000    10.8043   3.917244    35.2482       4619     3.2071     1.6701     1.5455 0.0000e+00
    158.000    10.7977   3.916677    35.2485       4632     3.2158     1.6699     1.5459 0.0000e+00
    159.000    10.7930   3.916213    35.2479       4645     3.2249     1.6709     1.5459 0.0000e+00
    160.000    10.7901   3.915920    35.2472       4660     3.2357     1.6715     1.5464 0.0000e+00
    161.000    10.7890   3.915826    35.2469       4683     3.2516     1.6723     1.5463 0.0000e+00
    162.000    10.7890   3.915789    35.2461       4751     3.2986     1.6674     1.5461 0.0000e+00
