HB2407/CTD011.cnv
* Sea-Bird SBE 9 Data File:
* FileName = C:\cruise\data\CTD011.hex
* Software Version Seasave V 7.26.7.121
* Temperature SN = 4591
* Conductivity SN = 6006
* Number of Bytes Per Scan = 37
* Number of Voltage Words = 4
* Number of Scans Averaged by the Deck Unit = 1
* NMEA Latitude = 38 28.55 N
* NMEA Longitude = 073 47.69 W
* NMEA UTC (Time) = Sep 09 2024 01:50:27
* NMEA baud rate = 4800
** Ship: Bigelow HB2407
** Program:  Fall Bottom Trawl Survey
** Chief Scientist: John Galbraith
# nquan = 9
# nvalues = 110                         
# units = specified
# name 0 = depSM: Depth [salt water, m]
# name 1 = t090C: Temperature [ITS-90, deg C]
# name 2 = c0S/m: Conductivity [S/m]
# name 3 = sal00: Salinity, Practical [PSU]
# name 4 = scan: Scan Count
# name 5 = timeM: Time, Elapsed [minutes]
# name 6 = sbeox0V: Oxygen raw, SBE 43 [V]
# name 7 = sbeox1V: Oxygen raw, SBE 43, 2 [V]
# name 8 = flag: flag
# span 0 =      1.000,     57.000       
# span 1 =     7.9083,    20.9824       
# span 2 =   3.356121,   4.533280       
# span 3 =    31.9081,    32.3342       
# span 4 =        169,       4696       
# span 5 =     0.1170,     3.2607       
# span 6 =     2.1260,     2.9331       
# span 7 =     1.9634,     2.6494       
# span 8 = 0.0000e+00, 0.0000e+00       
# interval = meters: 1                  
# start_time = Sep 09 2024 01:50:27 [NMEA time, header]
# bad_flag = -9.990e-29
*END*
      4.000    20.9705   4.531655    32.1325        169     0.1170     2.6327     2.4441 0.0000e+00
      5.000    20.9680   4.531447    32.1323        269     0.1860     2.6311     2.4412 0.0000e+00
      6.000    20.9732   4.532023    32.1328        305     0.2109     2.6230     2.4409 0.0000e+00
      7.000    20.9760   4.532363    32.1330        333     0.2308     2.6354     2.4396 0.0000e+00
      8.000    20.9758   4.532361    32.1327        357     0.2469     2.6313     2.4418 0.0000e+00
      9.000    20.9818   4.532897    32.1322        378     0.2620     2.6277     2.4458 0.0000e+00
     10.000    20.9818   4.532978    32.1325        403     0.2788     2.6323     2.4469 0.0000e+00
     11.000    20.9824   4.533089    32.1326        430     0.2977     2.6391     2.4439 0.0000e+00
     12.000    20.9821   4.533181    32.1332        459     0.3180     2.6432     2.4384 0.0000e+00
     13.000    20.9813   4.533280    32.1343        490     0.3393     2.6395     2.4374 0.0000e+00
     14.000    20.8132   4.521255    32.1651        517     0.3583     2.6365     2.4386 0.0000e+00
     15.000    20.4887   4.493396    32.1880        540     0.3742     2.6302     2.4371 0.0000e+00
     16.000    19.8761   4.435360    32.1864        563     0.3901     2.6254     2.4349 0.0000e+00
     17.000    18.0772   4.264485    32.1684        589     0.4082     2.6205     2.4404 0.0000e+00
     18.000    16.4336   4.114572    32.1916        618     0.4288     2.5987     2.4324 0.0000e+00
     19.000    15.3911   4.021967    32.2210        647     0.4487     2.6263     2.4513 0.0000e+00
     20.000    13.7862   3.876935    32.2328        676     0.4689     2.6734     2.5068 0.0000e+00
     21.000    11.2129   3.649453    32.2698        707     0.4904     2.6926     2.5440 0.0000e+00
     22.000    10.2096   3.561197    32.2782        736     0.5101     2.6785     2.5419 0.0000e+00
     23.000     9.8812   3.532767    32.2835        761     0.5275     2.6855     2.5530 0.0000e+00
     24.000     9.8029   3.524489    32.2690        788     0.5463     2.6871     2.5529 0.0000e+00
     25.000     9.7890   3.522462    32.2605        817     0.5666     2.6618     2.5198 0.0000e+00
     26.000     9.6680   3.511430    32.2560        844     0.5856     2.6230     2.4691 0.0000e+00
     27.000     9.4987   3.497178    32.2620        874     0.6064     2.5735     2.4139 0.0000e+00
     28.000     9.2259   3.476132    32.2914        907     0.6291     2.4923     2.3432 0.0000e+00
     29.000     9.0007   3.457833    32.3059        933     0.6470     2.4334     2.2858 0.0000e+00
     30.000     8.9308   3.451599    32.3043        957     0.6639     2.4037     2.2490 0.0000e+00
     31.000     8.9020   3.448657    32.2993        987     0.6850     2.3748     2.2141 0.0000e+00
     32.000     8.8642   3.445009    32.2954       1020     0.7080     2.3453     2.1795 0.0000e+00
     33.000     8.7313   3.432607    32.2867       1047     0.7264     2.3220     2.1572 0.0000e+00
     34.000     8.4882   3.410971    32.2818       1073     0.7443     2.3007     2.1381 0.0000e+00
     35.000     8.3034   3.393809    32.2700       1101     0.7640     2.2737     2.1131 0.0000e+00
     36.000     8.0074   3.366119    32.2484       1128     0.7824     2.2439     2.0879 0.0000e+00
     37.000     7.9083   3.357157    32.2440       1151     0.7987     2.2130     2.0623 0.0000e+00
     38.000     7.9218   3.357923    32.2393       1178     0.8173     2.1836     2.0361 0.0000e+00
     39.000     7.9562   3.360832    32.2381       1211     0.8401     2.1586     2.0093 0.0000e+00
     40.000     7.9724   3.362252    32.2378       1240     0.8607     2.1462     1.9916 0.0000e+00
     41.000     7.9776   3.362685    32.2372       1266     0.8788     2.1402     1.9824 0.0000e+00
     42.000     7.9705   3.361910    32.2350       1293     0.8974     2.1379     1.9765 0.0000e+00
     43.000     8.0069   3.365596    32.2402       1320     0.9162     2.1366     1.9733 0.0000e+00
     44.000     8.0303   3.367891    32.2425       1347     0.9350     2.1380     1.9706 0.0000e+00
     45.000     8.0351   3.368303    32.2420       1375     0.9539     2.1386     1.9688 0.0000e+00
     46.000     8.0328   3.367977    32.2403       1404     0.9741     2.1365     1.9691 0.0000e+00
     47.000     8.0179   3.366468    32.2375       1432     0.9936     2.1355     1.9696 0.0000e+00
     48.000     8.0113   3.365795    32.2360       1457     1.0112     2.1356     1.9695 0.0000e+00
     49.000     8.0091   3.365539    32.2348       1482     1.0282     2.1349     1.9689 0.0000e+00
     50.000     8.0151   3.366054    32.2343       1507     1.0461     2.1317     1.9669 0.0000e+00
     51.000     8.0028   3.364923    32.2331       1539     1.0683     2.1301     1.9653 0.0000e+00
     52.000     8.0439   3.369536    32.2438       1573     1.0918     2.1283     1.9648 0.0000e+00
     53.000     8.1782   3.384985    32.2835       1602     1.1115     2.1303     1.9647 0.0000e+00
     54.000     8.2500   3.393419    32.3062       1629     1.1307     2.1337     1.9671 0.0000e+00
     55.000     8.2696   3.396460    32.3198       1658     1.1510     2.1355     1.9696 0.0000e+00
     56.000     8.2659   3.397320    32.3319       1686     1.1703     2.1387     1.9723 0.0000e+00
     57.000     8.2686   3.397815    32.3342       1701     1.1807     2.1419     1.9738 0.0000e+00
     56.000     8.2754   3.397893    32.3292       2225     1.5442     2.1407     1.9767 0.0000e+00
     55.000     8.2932   3.399076    32.3258       2966     2.0590     2.1446     1.9758 0.0000e+00
     54.000     8.2862   3.397533    32.3164       3006     2.0868     2.1458     1.9768 0.0000e+00
     53.000     8.2301   3.390636    32.2956       3032     2.1046     2.1472     1.9770 0.0000e+00
     52.000     8.1675   3.382761    32.2702       3052     2.1186     2.1479     1.9770 0.0000e+00
     51.000     8.1190   3.376860    32.2529       3072     2.1326     2.1448     1.9761 0.0000e+00
     50.000     8.0827   3.372341    32.2388       3096     2.1495     2.1382     1.9757 0.0000e+00
     49.000     8.0727   3.370698    32.2310       3126     2.1704     2.1327     1.9727 0.0000e+00
     48.000     8.0674   3.369877    32.2276       3157     2.1916     2.1311     1.9695 0.0000e+00
     47.000     8.0626   3.369166    32.2249       3185     2.2114     2.1308     1.9683 0.0000e+00
     46.000     8.0633   3.369062    32.2237       3212     2.2298     2.1298     1.9675 0.0000e+00
     45.000     8.0657   3.369176    32.2232       3235     2.2459     2.1293     1.9668 0.0000e+00
     44.000     8.0662   3.369072    32.2221       3257     2.2614     2.1292     1.9667 0.0000e+00
     43.000     8.0603   3.368335    32.2201       3281     2.2780     2.1295     1.9669 0.0000e+00
     42.000     8.0559   3.367716    32.2180       3311     2.2986     2.1319     1.9661 0.0000e+00
     41.000     8.0506   3.367030    32.2161       3344     2.3216     2.1343     1.9663 0.0000e+00
     40.000     8.0453   3.366440    32.2152       3372     2.3410     2.1327     1.9656 0.0000e+00
     39.000     8.0448   3.366273    32.2143       3395     2.3571     2.1312     1.9649 0.0000e+00
     38.000     8.0407   3.365725    32.2128       3417     2.3720     2.1297     1.9658 0.0000e+00
     37.000     7.9973   3.361027    32.2033       3439     2.3877     2.1300     1.9662 0.0000e+00
     36.000     7.9588   3.356121    32.1869       3466     2.4064     2.1286     1.9656 0.0000e+00
     35.000     8.0457   3.363516    32.1861       3499     2.4291     2.1260     1.9635 0.0000e+00
     34.000     8.3674   3.389737    32.1689       3530     2.4504     2.1298     1.9634 0.0000e+00
     33.000     8.6639   3.417999    32.1955       3555     2.4682     2.1449     1.9675 0.0000e+00
     32.000     8.7928   3.430058    32.2046       3579     2.4849     2.1665     1.9775 0.0000e+00
     31.000     8.8448   3.434992    32.2092       3604     2.5020     2.1895     1.9955 0.0000e+00
     30.000     8.8768   3.437566    32.2074       3628     2.5189     2.2131     2.0166 0.0000e+00
     29.000     8.9177   3.440637    32.2027       3652     2.5354     2.2339     2.0371 0.0000e+00
     28.000     9.0625   3.450921    32.1787       3678     2.5536     2.2525     2.0596 0.0000e+00
     27.000     9.1894   3.461136    32.1701       3708     2.5743     2.2789     2.0834 0.0000e+00
     26.000     9.4350   3.479079    32.1342       3739     2.5959     2.3099     2.1081 0.0000e+00
     25.000     9.5968   3.491951    32.1214       3767     2.6154     2.3277     2.1285 0.0000e+00
     24.000     9.7286   3.503274    32.1196       3792     2.6324     2.3428     2.1420 0.0000e+00
     23.000     9.8041   3.510268    32.1239       3814     2.6479     2.3640     2.1586 0.0000e+00
     22.000     9.9625   3.521042    32.0926       3837     2.6636     2.3925     2.1784 0.0000e+00
     21.000    10.2794   3.546644    32.0704       3863     2.6817     2.4309     2.2072 0.0000e+00
     20.000    10.5887   3.574632    32.0783       3894     2.7037     2.5213     2.2655 0.0000e+00
     19.000    12.3397   3.718351    31.9649       3927     2.7261     2.6424     2.3594 0.0000e+00
     18.000    14.8341   3.936332    31.9081       3953     2.7447     2.7809     2.4492 0.0000e+00
     17.000    15.4447   4.000013    31.9821       3980     2.7634     2.9002     2.5624 0.0000e+00
     16.000    16.7571   4.115734    31.9426       4012     2.7855     2.9331     2.6292 0.0000e+00
     15.000    18.7856   4.301347    31.9256       4045     2.8083     2.9045     2.6494 0.0000e+00
     14.000    20.1883   4.442248    32.0052       4075     2.8294     2.8837     2.6455 0.0000e+00
     13.000    20.5756   4.481420    32.0270       4106     2.8504     2.8094     2.6015 0.0000e+00
     12.000    20.7869   4.501340    32.0272       4133     2.8697     2.7466     2.5352 0.0000e+00
     11.000    20.8498   4.508816    32.0396       4159     2.8873     2.6997     2.4917 0.0000e+00
     10.000    20.8849   4.512917    32.0462       4184     2.9051     2.6736     2.4688 0.0000e+00
      9.000    20.8809   4.514414    32.0614       4213     2.9247     2.6557     2.4524 0.0000e+00
      8.000    20.8881   4.515589    32.0656       4240     2.9436     2.6455     2.4447 0.0000e+00
      7.000    20.9131   4.518571    32.0708       4266     2.9618     2.6380     2.4429 0.0000e+00
      6.000    20.9175   4.520065    32.0797       4297     2.9833     2.6347     2.4428 0.0000e+00
      5.000    20.9192   4.520465    32.0819       4327     3.0038     2.6324     2.4401 0.0000e+00
      4.000    20.9092   4.520155    32.0873       4347     3.0182     2.6310     2.4404 0.0000e+00
      3.000    20.9094   4.520555    32.0907       4367     3.0320     2.6335     2.4381 0.0000e+00
      2.000    20.9493   4.527107    32.1130       4627     3.2123     2.6360     2.4396 0.0000e+00
      1.000    20.9438   4.526665    32.1139       4696     3.2607     2.6370     2.4437 0.0000e+00
