HB2407/CTD095.cnv
* Sea-Bird SBE 9 Data File:
* FileName = C:\cruise\data\CTD095.hex
* Software Version Seasave V 7.26.7.121
* Temperature SN = 4591
* Conductivity SN = 6006
* Number of Bytes Per Scan = 37
* Number of Voltage Words = 4
* Number of Scans Averaged by the Deck Unit = 1
* NMEA Latitude = 41 23.83 N
* NMEA Longitude = 071 09.72 W
* NMEA UTC (Time) = Oct 02 2024 21:58:49
* NMEA baud rate = 4800
** Ship: Bigelow HB2407
** Program:  Fall Bottom Trawl Survey
** Chief Scientist: John Galbraith
# nquan = 9
# nvalues = 34                          
# units = specified
# name 0 = depSM: Depth [salt water, m]
# name 1 = t090C: Temperature [ITS-90, deg C]
# name 2 = c0S/m: Conductivity [S/m]
# name 3 = sal00: Salinity, Practical [PSU]
# name 4 = scan: Scan Count
# name 5 = timeM: Time, Elapsed [minutes]
# name 6 = sbeox0V: Oxygen raw, SBE 43 [V]
# name 7 = sbeox1V: Oxygen raw, SBE 43, 2 [V]
# name 8 = flag: flag
# span 0 =      1.000,     19.000       
# span 1 =    17.9769,    18.1256       
# span 2 =   4.185868,   4.198520       
# span 3 =    31.5803,    31.5873       
# span 4 =        166,       1957       
# span 5 =     0.1142,     1.3586       
# span 6 =     2.5449,     2.6867       
# span 7 =     2.3568,     2.4883       
# span 8 = 0.0000e+00, 0.0000e+00       
# interval = meters: 1                  
# start_time = Oct 02 2024 21:58:49 [NMEA time, header]
# bad_flag = -9.990e-29
*END*
      4.000    18.1208   4.198148    31.5822        166     0.1142     2.6791     2.4876 0.0000e+00
      5.000    18.1237   4.198467    31.5822        282     0.1952     2.6815     2.4876 0.0000e+00
      6.000    18.1147   4.197779    31.5830        322     0.2226     2.6829     2.4856 0.0000e+00
      7.000    18.1102   4.197405    31.5830        361     0.2499     2.6793     2.4836 0.0000e+00
      8.000    18.1071   4.197190    31.5833        394     0.2730     2.6751     2.4805 0.0000e+00
      9.000    18.1002   4.196585    31.5832        428     0.2966     2.6660     2.4838 0.0000e+00
     10.000    18.0949   4.196202    31.5837        457     0.3169     2.6691     2.4799 0.0000e+00
     11.000    18.0935   4.195982    31.5826        481     0.3330     2.6695     2.4743 0.0000e+00
     12.000    18.0936   4.196137    31.5834        503     0.3484     2.6647     2.4686 0.0000e+00
     13.000    18.0967   4.196375    31.5827        555     0.3844     2.6606     2.4667 0.0000e+00
     14.000    18.0988   4.196634    31.5830        621     0.4308     2.6586     2.4626 0.0000e+00
     15.000    18.0753   4.194666    31.5842        637     0.4414     2.6605     2.4663 0.0000e+00
     16.000    18.0324   4.191065    31.5867        651     0.4513     2.6633     2.4683 0.0000e+00
     17.000    18.0004   4.188246    31.5873        666     0.4616     2.6583     2.4661 0.0000e+00
     18.000    17.9924   4.187448    31.5864        700     0.4853     2.6287     2.4471 0.0000e+00
     19.000    17.9769   4.185868    31.5848       1074     0.7450     2.5449     2.3568 0.0000e+00
     18.000    17.9815   4.186267    31.5849       1151     0.7987     2.5661     2.3731 0.0000e+00
     17.000    17.9867   4.186601    31.5840       1243     0.8624     2.5693     2.3732 0.0000e+00
     16.000    17.9935   4.187163    31.5838       1272     0.8828     2.5656     2.3790 0.0000e+00
     15.000    17.9971   4.187421    31.5836       1300     0.9021     2.5698     2.3815 0.0000e+00
     14.000    18.0033   4.187890    31.5831       1324     0.9190     2.5752     2.3835 0.0000e+00
     13.000    18.0107   4.188450    31.5825       1346     0.9337     2.5813     2.3891 0.0000e+00
     12.000    18.0248   4.189639    31.5819       1365     0.9473     2.5875     2.3955 0.0000e+00
     11.000    18.0428   4.191189    31.5814       1385     0.9614     2.5921     2.3988 0.0000e+00
     10.000    18.0645   4.193080    31.5809       1410     0.9785     2.6073     2.4085 0.0000e+00
      9.000    18.0847   4.194919    31.5812       1452     1.0075     2.6337     2.4246 0.0000e+00
      8.000    18.0954   4.195763    31.5803       1493     1.0362     2.6520     2.4428 0.0000e+00
      7.000    18.1073   4.196871    31.5808       1513     1.0499     2.6556     2.4473 0.0000e+00
      6.000    18.1067   4.196836    31.5813       1528     1.0603     2.6553     2.4500 0.0000e+00
      5.000    18.1107   4.197128    31.5810       1543     1.0708     2.6551     2.4528 0.0000e+00
      4.000    18.1120   4.197259    31.5815       1565     1.0858     2.6598     2.4561 0.0000e+00
      3.000    18.1256   4.198520    31.5819       1796     1.2466     2.6863     2.4878 0.0000e+00
      2.000    18.1197   4.197983    31.5823       1913     1.3281     2.6792     2.4874 0.0000e+00
      1.000    18.1170   4.197704    31.5823       1957     1.3586     2.6867     2.4883 0.0000e+00
