HB2407/CTD098.cnv
* Sea-Bird SBE 9 Data File:
* FileName = C:\cruise\data\CTD098.hex
* Software Version Seasave V 7.26.7.121
* Temperature SN = 4591
* Conductivity SN = 6006
* Number of Bytes Per Scan = 37
* Number of Voltage Words = 4
* Number of Scans Averaged by the Deck Unit = 1
* NMEA Latitude = 41 09.79 N
* NMEA Longitude = 070 40.16 W
* NMEA UTC (Time) = Oct 03 2024 07:09:28
* NMEA baud rate = 4800
** Ship: Bigelow HB2407
** Program:  Fall Bottom Trawl Survey
** Chief Scientist: John Galbraith
# nquan = 9
# nvalues = 62                          
# units = specified
# name 0 = depSM: Depth [salt water, m]
# name 1 = t090C: Temperature [ITS-90, deg C]
# name 2 = c0S/m: Conductivity [S/m]
# name 3 = sal00: Salinity, Practical [PSU]
# name 4 = scan: Scan Count
# name 5 = timeM: Time, Elapsed [minutes]
# name 6 = sbeox0V: Oxygen raw, SBE 43 [V]
# name 7 = sbeox1V: Oxygen raw, SBE 43, 2 [V]
# name 8 = flag: flag
# span 0 =      2.000,     33.000       
# span 1 =    17.2832,    17.4119       
# span 2 =   4.146913,   4.184040       
# span 3 =    31.7994,    32.0728       
# span 4 =        130,       2859       
# span 5 =     0.0897,     1.9850       
# span 6 =     2.3586,     2.6036       
# span 7 =     2.1854,     2.4161       
# span 8 = 0.0000e+00, 0.0000e+00       
# interval = meters: 1                  
# start_time = Oct 03 2024 07:09:28 [NMEA time, header]
# bad_flag = -9.990e-29
*END*
      3.000    17.2865   4.147105    31.7994        130     0.0897     2.5956     2.4105 0.0000e+00
      4.000    17.2870   4.147245    31.7999        643     0.4458     2.5946     2.4134 0.0000e+00
      5.000    17.2832   4.146913    31.7996        611     0.4237     2.5973     2.4113 0.0000e+00
      6.000    17.2843   4.147052    31.7996        643     0.4461     2.5930     2.4102 0.0000e+00
      7.000    17.2849   4.147125    31.7994        680     0.4719     2.5956     2.4115 0.0000e+00
      8.000    17.2857   4.147254    31.7995        709     0.4916     2.5907     2.4125 0.0000e+00
      9.000    17.2884   4.147565    31.7997        733     0.5086     2.5936     2.4122 0.0000e+00
     10.000    17.2964   4.148628    31.8022        758     0.5256     2.5942     2.4118 0.0000e+00
     11.000    17.2913   4.148079    31.8011        783     0.5428     2.5892     2.4151 0.0000e+00
     12.000    17.2911   4.148107    31.8011        807     0.5596     2.5851     2.4161 0.0000e+00
     13.000    17.2910   4.148124    31.8010        835     0.5789     2.5909     2.4121 0.0000e+00
     14.000    17.2903   4.148054    31.8006        867     0.6012     2.5952     2.4103 0.0000e+00
     15.000    17.2920   4.148403    31.8019        895     0.6209     2.5925     2.4078 0.0000e+00
     16.000    17.2959   4.148929    31.8030        917     0.6363     2.5864     2.4088 0.0000e+00
     17.000    17.2972   4.149217    31.8041        939     0.6512     2.5841     2.4097 0.0000e+00
     18.000    17.2971   4.149270    31.8043        964     0.6688     2.5889     2.4074 0.0000e+00
     19.000    17.2944   4.149008    31.8037        996     0.6909     2.5938     2.4034 0.0000e+00
     20.000    17.2903   4.148317    31.8007       1028     0.7129     2.5957     2.4062 0.0000e+00
     21.000    17.2906   4.148353    31.8004       1057     0.7334     2.5925     2.4076 0.0000e+00
     22.000    17.2937   4.148816    31.8016       1084     0.7524     2.5969     2.4094 0.0000e+00
     23.000    17.2969   4.149352    31.8034       1109     0.7694     2.5954     2.4100 0.0000e+00
     24.000    17.3025   4.150256    31.8063       1130     0.7844     2.5920     2.4112 0.0000e+00
     25.000    17.3138   4.151504    31.8077       1151     0.7983     2.5902     2.4088 0.0000e+00
     26.000    17.3336   4.155080    31.8224       1175     0.8151     2.5877     2.4043 0.0000e+00
     27.000    17.3462   4.157178    31.8301       1218     0.8451     2.5854     2.3947 0.0000e+00
     28.000    17.3931   4.168063    31.8857       1256     0.8718     2.5760     2.3895 0.0000e+00
     29.000    17.4119   4.177979    31.9552       1274     0.8843     2.5753     2.3899 0.0000e+00
     30.000    17.4020   4.182214    31.9988       1289     0.8947     2.5681     2.3853 0.0000e+00
     31.000    17.3764   4.184040    32.0343       1304     0.9052     2.5515     2.3742 0.0000e+00
     32.000    17.3411   4.183834    32.0601       1324     0.9189     2.5163     2.3472 0.0000e+00
     33.000    17.3143   4.182879    32.0728       1343     0.9316     2.4751     2.3153 0.0000e+00
     32.000    17.3563   4.183008    32.0411       1351     0.9377     2.4558     2.2946 0.0000e+00
     31.000    17.3692   4.183443    32.0350       1601     1.1111     2.3705     2.1922 0.0000e+00
     30.000    17.3806   4.183908    32.0303       1816     1.2603     2.3586     2.1886 0.0000e+00
     29.000    17.3890   4.183753    32.0227       1838     1.2760     2.3609     2.1854 0.0000e+00
     28.000    17.3926   4.182565    32.0100       1862     1.2921     2.3733     2.1903 0.0000e+00
     27.000    17.3935   4.181987    32.0047       1890     1.3120     2.3825     2.2026 0.0000e+00
     26.000    17.3878   4.176942    31.9665       1919     1.3318     2.4053     2.2150 0.0000e+00
     25.000    17.3644   4.164617    31.8800       1942     1.3480     2.4336     2.2247 0.0000e+00
     24.000    17.3277   4.157369    31.8473       1964     1.3632     2.4628     2.2326 0.0000e+00
     23.000    17.3247   4.156091    31.8391       1987     1.3795     2.4943     2.2627 0.0000e+00
     22.000    17.3169   4.154848    31.8349       2017     1.3998     2.5303     2.3107 0.0000e+00
     21.000    17.3044   4.151881    31.8198       2051     1.4236     2.5530     2.3486 0.0000e+00
     20.000    17.3012   4.151652    31.8206       2078     1.4427     2.5620     2.3640 0.0000e+00
     19.000    17.2921   4.148941    31.8050       2101     1.4584     2.5687     2.3755 0.0000e+00
     18.000    17.2926   4.148915    31.8048       2124     1.4742     2.5775     2.3785 0.0000e+00
     17.000    17.2921   4.148753    31.8041       2149     1.4918     2.5817     2.3848 0.0000e+00
     16.000    17.2912   4.148516    31.8031       2175     1.5099     2.5804     2.3887 0.0000e+00
     15.000    17.2900   4.148242    31.8021       2200     1.5273     2.5856     2.3887 0.0000e+00
     14.000    17.2888   4.148011    31.8014       2226     1.5453     2.5845     2.3906 0.0000e+00
     13.000    17.2886   4.147908    31.8010       2254     1.5647     2.5821     2.3949 0.0000e+00
     12.000    17.2877   4.147755    31.8008       2283     1.5847     2.5862     2.4013 0.0000e+00
     11.000    17.2873   4.147620    31.8003       2309     1.6027     2.5914     2.4052 0.0000e+00
     10.000    17.2876   4.147563    31.7999       2332     1.6187     2.5946     2.4092 0.0000e+00
      9.000    17.2870   4.147509    31.8003       2354     1.6342     2.5969     2.4133 0.0000e+00
      8.000    17.2873   4.147490    31.8003       2379     1.6514     2.5929     2.4138 0.0000e+00
      7.000    17.2878   4.147504    31.8003       2414     1.6755     2.5964     2.4142 0.0000e+00
      6.000    17.2875   4.147433    31.8003       2445     1.6974     2.5990     2.4138 0.0000e+00
      5.000    17.2872   4.147349    31.8002       2467     1.7128     2.6032     2.4101 0.0000e+00
      4.000    17.2868   4.147253    31.8001       2488     1.7271     2.6036     2.4059 0.0000e+00
      3.000    17.2860   4.147125    31.8000       2595     1.8016     2.5971     2.4108 0.0000e+00
      2.000    17.2859   4.147081    31.8000       2859     1.9850     2.6034     2.4147 0.0000e+00
