HB2407/CTD015.cnv
* Sea-Bird SBE 9 Data File:
* FileName = C:\cruise\data\CTD015.hex
* Software Version Seasave V 7.26.7.121
* Temperature SN = 4591
* Conductivity SN = 6006
* Number of Bytes Per Scan = 37
* Number of Voltage Words = 4
* Number of Scans Averaged by the Deck Unit = 1
* NMEA Latitude = 37 58.68 N
* NMEA Longitude = 073 58.43 W
* NMEA UTC (Time) = Sep 09 2024 21:29:27
* NMEA baud rate = 4800
** Ship: Bigelow HB2407
** Program:  Fall Bottom Trawl Survey
** Chief Scientist: John Galbraith
# nquan = 9
# nvalues = 271                         
# units = specified
# name 0 = depSM: Depth [salt water, m]
# name 1 = t090C: Temperature [ITS-90, deg C]
# name 2 = c0S/m: Conductivity [S/m]
# name 3 = sal00: Salinity, Practical [PSU]
# name 4 = scan: Scan Count
# name 5 = timeM: Time, Elapsed [minutes]
# name 6 = sbeox0V: Oxygen raw, SBE 43 [V]
# name 7 = sbeox1V: Oxygen raw, SBE 43, 2 [V]
# name 8 = flag: flag
# span 0 =      1.000,    137.000       
# span 1 =    11.8125,    23.6180       
# span 2 =   3.873264,   4.955290       
# span 3 =    32.9707,    35.3569       
# span 4 =        220,       9357       
# span 5 =     0.1523,     6.4970       
# span 6 =     1.7509,     2.9789       
# span 7 =     1.6206,     2.7300       
# span 8 = 0.0000e+00, 0.0000e+00       
# interval = meters: 1                  
# start_time = Sep 09 2024 21:29:27 [NMEA time, header]
# bad_flag = -9.990e-29
*END*
      3.000    23.5528   4.949794    33.4272        220     0.1523     2.6175     2.4128 0.0000e+00
      4.000    23.5397   4.948855    33.4297        346     0.2392     2.6162     2.4144 0.0000e+00
      5.000    23.5221   4.947255    33.4306        370     0.2563     2.6143     2.4132 0.0000e+00
      6.000    23.5182   4.946881    33.4303        398     0.2758     2.6148     2.4172 0.0000e+00
      7.000    23.5127   4.946510    33.4313        427     0.2960     2.6142     2.4179 0.0000e+00
      8.000    23.4946   4.945152    33.4344        454     0.3143     2.6142     2.4232 0.0000e+00
      9.000    23.4884   4.944836    33.4364        477     0.3307     2.6086     2.4229 0.0000e+00
     10.000    23.4829   4.944877    33.4405        501     0.3470     2.6062     2.4208 0.0000e+00
     11.000    23.4871   4.945749    33.4436        526     0.3645     2.6057     2.4238 0.0000e+00
     12.000    23.4636   4.944788    33.4538        553     0.3836     2.6120     2.4168 0.0000e+00
     13.000    23.4306   4.943867    33.4715        582     0.4033     2.6088     2.4155 0.0000e+00
     14.000    23.4210   4.943515    33.4757        609     0.4225     2.5984     2.4125 0.0000e+00
     15.000    23.4162   4.943134    33.4762        636     0.4409     2.5943     2.4190 0.0000e+00
     16.000    23.4119   4.943402    33.4811        661     0.4586     2.5953     2.4137 0.0000e+00
     17.000    23.4061   4.942835    33.4809        686     0.4759     2.6032     2.4135 0.0000e+00
     18.000    23.3959   4.942214    33.4836        713     0.4941     2.6060     2.4121 0.0000e+00
     19.000    23.3322   4.935438    33.4800        741     0.5141     2.6049     2.4061 0.0000e+00
     20.000    23.2288   4.923800    33.4694        770     0.5341     2.5979     2.4097 0.0000e+00
     21.000    22.4701   4.834969    33.3645        796     0.5520     2.5968     2.4113 0.0000e+00
     22.000    21.6702   4.742538    33.2579        819     0.5683     2.5930     2.4079 0.0000e+00
     23.000    19.9400   4.573721    33.2575        843     0.5848     2.5998     2.4125 0.0000e+00
     24.000    17.9983   4.391315    33.3021        871     0.6039     2.6103     2.4339 0.0000e+00
     25.000    17.3099   4.335687    33.3910        904     0.6271     2.7239     2.5162 0.0000e+00
     26.000    16.9732   4.306338    33.4159        936     0.6492     2.8216     2.6267 0.0000e+00
     27.000    16.9029   4.304302    33.4563        961     0.6664     2.8703     2.6705 0.0000e+00
     28.000    16.4737   4.274755    33.5569        982     0.6814     2.8992     2.6936 0.0000e+00
     29.000    15.8286   4.217464    33.5953       1005     0.6969     2.8992     2.7006 0.0000e+00
     30.000    15.3091   4.167912    33.5943       1032     0.7160     2.8753     2.6899 0.0000e+00
     31.000    14.4713   4.091097    33.6182       1065     0.7388     2.8504     2.6702 0.0000e+00
     32.000    14.0584   4.053385    33.6297       1095     0.7598     2.8155     2.6419 0.0000e+00
     33.000    13.5766   4.012846    33.6747       1120     0.7773     2.7819     2.6141 0.0000e+00
     34.000    13.4258   3.998914    33.6767       1144     0.7938     2.7410     2.5765 0.0000e+00
     35.000    13.1606   3.974039    33.6766       1169     0.8113     2.6907     2.5299 0.0000e+00
     36.000    12.9140   3.951569    33.6824       1198     0.8311     2.6390     2.4806 0.0000e+00
     37.000    12.7075   3.934217    33.7009       1227     0.8511     2.5979     2.4353 0.0000e+00
     38.000    12.5372   3.922622    33.7421       1254     0.8699     2.5628     2.3961 0.0000e+00
     39.000    12.4089   3.911432    33.7495       1279     0.8876     2.5318     2.3625 0.0000e+00
     40.000    12.2150   3.896987    33.7845       1305     0.9055     2.5018     2.3312 0.0000e+00
     41.000    12.0244   3.881486    33.8064       1331     0.9237     2.4708     2.3008 0.0000e+00
     42.000    11.9342   3.876985    33.8441       1357     0.9419     2.4363     2.2707 0.0000e+00
     43.000    11.8905   3.875766    33.8715       1385     0.9612     2.4079     2.2402 0.0000e+00
     44.000    11.8549   3.876797    33.9136       1414     0.9814     2.3823     2.2115 0.0000e+00
     45.000    11.8445   3.879417    33.9482       1442     1.0004     2.3622     2.1884 0.0000e+00
     46.000    11.8450   3.881772    33.9702       1466     1.0175     2.3457     2.1753 0.0000e+00
     47.000    11.8562   3.886278    34.0035       1490     1.0341     2.3333     2.1641 0.0000e+00
     48.000    11.8125   3.891074    34.0899       1515     1.0511     2.3208     2.1538 0.0000e+00
     49.000    11.8311   3.896886    34.1292       1543     1.0706     2.3107     2.1419 0.0000e+00
     50.000    11.8707   3.902885    34.1510       1574     1.0926     2.2952     2.1253 0.0000e+00
     51.000    11.9014   3.907207    34.1646       1604     1.1134     2.2854     2.1104 0.0000e+00
     52.000    12.0019   3.924278    34.2381       1630     1.1315     2.2807     2.1042 0.0000e+00
     53.000    12.0845   3.942953    34.3434       1653     1.1475     2.2814     2.1013 0.0000e+00
     54.000    12.1023   3.947334    34.3691       1676     1.1630     2.2760     2.0989 0.0000e+00
     55.000    12.2198   3.964207    34.4242       1700     1.1798     2.2574     2.0880 0.0000e+00
     56.000    12.4135   3.992744    34.5214       1727     1.1987     2.2430     2.0730 0.0000e+00
     57.000    12.6743   4.030564    34.6452       1758     1.2198     2.2319     2.0595 0.0000e+00
     58.000    12.8440   4.056367    34.7358       1788     1.2411     2.2148     2.0458 0.0000e+00
     59.000    13.0511   4.087096    34.8382       1816     1.2607     2.2002     2.0313 0.0000e+00
     60.000    13.1275   4.098474    34.8758       1842     1.2785     2.1916     2.0214 0.0000e+00
     61.000    13.0569   4.093378    34.8918       1867     1.2956     2.1783     2.0114 0.0000e+00
     62.000    12.7357   4.058116    34.8508       1892     1.3129     2.1632     1.9984 0.0000e+00
     63.000    12.4975   4.031367    34.8135       1917     1.3305     2.1434     1.9834 0.0000e+00
     64.000    12.3866   4.019349    34.7999       1943     1.3489     2.1259     1.9686 0.0000e+00
     65.000    12.3733   4.019002    34.8085       1971     1.3678     2.1158     1.9596 0.0000e+00
     66.000    12.3779   4.021304    34.8260       1998     1.3869     2.1133     1.9519 0.0000e+00
     67.000    12.3757   4.022619    34.8404       2025     1.4054     2.1100     1.9453 0.0000e+00
     68.000    12.3687   4.024177    34.8615       2051     1.4236     2.1032     1.9417 0.0000e+00
     69.000    12.3721   4.025991    34.8755       2077     1.4416     2.0961     1.9384 0.0000e+00
     70.000    12.3766   4.027802    34.8884       2104     1.4607     2.0870     1.9304 0.0000e+00
     71.000    12.3776   4.028713    34.8958       2134     1.4810     2.0767     1.9212 0.0000e+00
     72.000    12.3768   4.029307    34.9019       2163     1.5012     2.0696     1.9146 0.0000e+00
     73.000    12.3779   4.029986    34.9070       2189     1.5194     2.0665     1.9089 0.0000e+00
     74.000    12.3803   4.030579    34.9101       2213     1.5363     2.0633     1.9041 0.0000e+00
     75.000    12.3801   4.030745    34.9114       2238     1.5534     2.0586     1.9022 0.0000e+00
     76.000    12.3798   4.031063    34.9143       2264     1.5715     2.0580     1.8991 0.0000e+00
     77.000    12.3830   4.032857    34.9282       2290     1.5895     2.0577     1.8984 0.0000e+00
     78.000    12.3857   4.034363    34.9399       2316     1.6073     2.0542     1.8973 0.0000e+00
     79.000    12.3861   4.034603    34.9413       2342     1.6259     2.0500     1.8972 0.0000e+00
     80.000    12.3865   4.034904    34.9435       2373     1.6469     2.0485     1.8933 0.0000e+00
     81.000    12.3866   4.035153    34.9454       2404     1.6684     2.0493     1.8904 0.0000e+00
     82.000    12.3868   4.035400    34.9472       2430     1.6867     2.0467     1.8864 0.0000e+00
     83.000    12.3929   4.037687    34.9632       2453     1.7025     2.0436     1.8859 0.0000e+00
     84.000    12.4007   4.041338    34.9907       2474     1.7176     2.0408     1.8867 0.0000e+00
     85.000    12.4000   4.042027    34.9976       2499     1.7348     2.0379     1.8871 0.0000e+00
     86.000    12.3969   4.042182    35.0016       2531     1.7571     2.0306     1.8798 0.0000e+00
     87.000    12.3965   4.042427    35.0039       2566     1.7816     2.0238     1.8719 0.0000e+00
     88.000    12.3958   4.042686    35.0066       2593     1.8003     2.0213     1.8684 0.0000e+00
     89.000    12.3957   4.042943    35.0087       2615     1.8152     2.0187     1.8657 0.0000e+00
     90.000    12.3988   4.043491    35.0107       2635     1.8294     2.0162     1.8629 0.0000e+00
     91.000    12.4056   4.045037    35.0189       2657     1.8444     2.0153     1.8618 0.0000e+00
     92.000    12.4223   4.047818    35.0298       2683     1.8622     2.0131     1.8616 0.0000e+00
     93.000    12.4371   4.050952    35.0458       2715     1.8849     2.0047     1.8558 0.0000e+00
     94.000    12.4379   4.051544    35.0503       2751     1.9095     1.9935     1.8468 0.0000e+00
     95.000    12.4219   4.050220    35.0521       2779     1.9294     1.9867     1.8394 0.0000e+00
     96.000    12.3700   4.045638    35.0558       2803     1.9459     1.9836     1.8336 0.0000e+00
     97.000    12.3522   4.045178    35.0675       2825     1.9609     1.9793     1.8306 0.0000e+00
     98.000    12.3671   4.047483    35.0755       2848     1.9768     1.9728     1.8262 0.0000e+00
     99.000    12.4127   4.055218    35.1072       2874     1.9953     1.9648     1.8206 0.0000e+00
    100.000    12.3982   4.056454    35.1323       2905     2.0164     1.9550     1.8129 0.0000e+00
    101.000    12.3992   4.057504    35.1411       2934     2.0365     1.9461     1.8027 0.0000e+00
    102.000    12.4033   4.059484    35.1560       2959     2.0540     1.9408     1.7958 0.0000e+00
    103.000    12.4053   4.060530    35.1638       2983     2.0706     1.9349     1.7911 0.0000e+00
    104.000    12.4152   4.062501    35.1732       3009     2.0887     1.9282     1.7857 0.0000e+00
    105.000    12.4192   4.063934    35.1828       3039     2.1094     1.9221     1.7782 0.0000e+00
    106.000    12.4234   4.065864    35.1971       3067     2.1292     1.9161     1.7719 0.0000e+00
    107.000    12.4193   4.065868    35.2005       3092     2.1463     1.9087     1.7670 0.0000e+00
    108.000    12.4228   4.066995    35.2078       3114     2.1620     1.9000     1.7617 0.0000e+00
    109.000    12.4524   4.070936    35.2177       3139     2.1790     1.8947     1.7543 0.0000e+00
    110.000    12.4729   4.075234    35.2395       3171     2.2013     1.8885     1.7475 0.0000e+00
    111.000    12.4587   4.075124    35.2514       3206     2.2259     1.8818     1.7414 0.0000e+00
    112.000    12.4498   4.074721    35.2554       3233     2.2443     1.8756     1.7370 0.0000e+00
    113.000    12.4479   4.074844    35.2579       3254     2.2592     1.8710     1.7339 0.0000e+00
    114.000    12.4488   4.075104    35.2592       3275     2.2734     1.8698     1.7315 0.0000e+00
    115.000    12.4499   4.075422    35.2607       3298     2.2892     1.8669     1.7263 0.0000e+00
    116.000    12.4497   4.075701    35.2632       3327     2.3100     1.8650     1.7239 0.0000e+00
    117.000    12.4488   4.076069    35.2672       3363     2.3344     1.8612     1.7215 0.0000e+00
    118.000    12.4267   4.077944    35.3056       3392     2.3549     1.8582     1.7184 0.0000e+00
    119.000    12.4014   4.079558    35.3446       3416     2.3713     1.8549     1.7160 0.0000e+00
    120.000    12.4010   4.079544    35.3444       3437     2.3864     1.8465     1.7121 0.0000e+00
    121.000    12.4011   4.079592    35.3443       3461     2.4028     1.8297     1.6988 0.0000e+00
    122.000    12.4003   4.079569    35.3445       3489     2.4225     1.8139     1.6814 0.0000e+00
    123.000    12.3995   4.079552    35.3446       3522     2.4453     1.8027     1.6684 0.0000e+00
    124.000    12.3990   4.079534    35.3445       3553     2.4667     1.7972     1.6623 0.0000e+00
    125.000    12.3994   4.079627    35.3446       3580     2.4851     1.7941     1.6593 0.0000e+00
    126.000    12.3990   4.079612    35.3443       3604     2.5022     1.7925     1.6567 0.0000e+00
    127.000    12.3974   4.079511    35.3444       3628     2.5184     1.7917     1.6564 0.0000e+00
    128.000    12.3976   4.079583    35.3445       3651     2.5349     1.7884     1.6552 0.0000e+00
    129.000    12.3960   4.079464    35.3443       3677     2.5528     1.7872     1.6543 0.0000e+00
    130.000    12.3964   4.079561    35.3445       3705     2.5723     1.7874     1.6552 0.0000e+00
    131.000    12.3951   4.079507    35.3448       3734     2.5925     1.7867     1.6541 0.0000e+00
    132.000    12.3870   4.078887    35.3460       3764     2.6131     1.7867     1.6528 0.0000e+00
    133.000    12.3820   4.078447    35.3460       3793     2.6332     1.7855     1.6528 0.0000e+00
    134.000    12.3770   4.078222    35.3481       3823     2.6541     1.7828     1.6515 0.0000e+00
    135.000    12.3557   4.076573    35.3517       3855     2.6763     1.7781     1.6492 0.0000e+00
    136.000    12.3144   4.073137    35.3569       3885     2.6975     1.7759     1.6465 0.0000e+00
    137.000    12.3070   4.072119    35.3536       4851     3.3677     1.7509     1.6206 0.0000e+00
    136.000    12.3173   4.072924    35.3522       5591     3.8817     1.7519     1.6254 0.0000e+00
    135.000    12.3213   4.073178    35.3512       5522     3.8339     1.7538     1.6259 0.0000e+00
    134.000    12.3312   4.073897    35.3494       5551     3.8543     1.7565     1.6265 0.0000e+00
    133.000    12.3440   4.074867    35.3471       5578     3.8733     1.7569     1.6253 0.0000e+00
    132.000    12.3530   4.075613    35.3463       5603     3.8904     1.7591     1.6256 0.0000e+00
    131.000    12.3683   4.076763    35.3435       5626     3.9061     1.7634     1.6290 0.0000e+00
    130.000    12.3714   4.077177    35.3450       5648     3.9216     1.7647     1.6331 0.0000e+00
    129.000    12.3690   4.076957    35.3455       5672     3.9379     1.7655     1.6358 0.0000e+00
    128.000    12.3702   4.077034    35.3456       5697     3.9557     1.7689     1.6369 0.0000e+00
    127.000    12.3738   4.077339    35.3456       5726     3.9759     1.7701     1.6382 0.0000e+00
    126.000    12.3760   4.077546    35.3460       5758     3.9979     1.7697     1.6404 0.0000e+00
    125.000    12.3789   4.077791    35.3461       5787     4.0178     1.7731     1.6409 0.0000e+00
    124.000    12.3832   4.078165    35.3461       5811     4.0347     1.7762     1.6410 0.0000e+00
    123.000    12.3874   4.078538    35.3462       5833     4.0503     1.7771     1.6417 0.0000e+00
    122.000    12.3895   4.078712    35.3464       5856     4.0661     1.7767     1.6434 0.0000e+00
    121.000    12.3896   4.078701    35.3466       5880     4.0829     1.7779     1.6450 0.0000e+00
    120.000    12.3915   4.078820    35.3464       5906     4.1006     1.7806     1.6461 0.0000e+00
    119.000    12.4008   4.079601    35.3456       5932     4.1186     1.7838     1.6472 0.0000e+00
    118.000    12.4089   4.080173    35.3439       5959     4.1377     1.7850     1.6490 0.0000e+00
    117.000    12.4129   4.079732    35.3364       5989     4.1581     1.7866     1.6494 0.0000e+00
    116.000    12.4221   4.078516    35.3163       6018     4.1782     1.7877     1.6490 0.0000e+00
    115.000    12.4322   4.076574    35.2885       6044     4.1966     1.7926     1.6509 0.0000e+00
    114.000    12.4397   4.075350    35.2700       6068     4.2135     1.8027     1.6562 0.0000e+00
    113.000    12.4407   4.075273    35.2688       6091     4.2295     1.8176     1.6662 0.0000e+00
    112.000    12.4427   4.074946    35.2642       6114     4.2454     1.8303     1.6777 0.0000e+00
