HB2407/CTD001.cnv
* Sea-Bird SBE 9 Data File:
* FileName = C:\cruise\data\CTD001.hex
* Software Version Seasave V 7.26.7.121
* Temperature SN = 4591
* Conductivity SN = 6006
* Number of Bytes Per Scan = 37
* Number of Voltage Words = 4
* Number of Scans Averaged by the Deck Unit = 1
* NMEA Latitude = 39 21.58 N
* NMEA Longitude = 073 34.40 W
* NMEA UTC (Time) = Sep 07 2024 04:56:35
* NMEA baud rate = 4800
** Ship: Bigelow HB2407
** Program:  Fall Bottom Trawl Survey
** Chief Scientist: John Galbraith
# nquan = 9
# nvalues = 87                          
# units = specified
# name 0 = depSM: Depth [salt water, m]
# name 1 = t090C: Temperature [ITS-90, deg C]
# name 2 = c0S/m: Conductivity [S/m]
# name 3 = sal00: Salinity, Practical [PSU]
# name 4 = scan: Scan Count
# name 5 = timeM: Time, Elapsed [minutes]
# name 6 = sbeox0V: Oxygen raw, SBE 43 [V]
# name 7 = sbeox1V: Oxygen raw, SBE 43, 2 [V]
# name 8 = flag: flag
# span 0 =      1.000,     45.000       
# span 1 =     8.7323,    20.8177       
# span 2 =   3.373465,   4.460016       
# span 3 =    31.2359,    31.8318       
# span 4 =        176,       3924       
# span 5 =     0.1214,     2.7245       
# span 6 =     1.8294,     2.6654       
# span 7 =     1.6995,     2.4716       
# span 8 = 0.0000e+00, 0.0000e+00       
# interval = meters: 1                  
# start_time = Sep 07 2024 04:56:35 [NMEA time, header]
# bad_flag = -9.990e-29
*END*
      3.000    20.8171   4.458360    31.6660        176     0.1214     2.6464     2.4651 0.0000e+00
      4.000    20.8176   4.459927    31.6777        373     0.2582     2.6476     2.4653 0.0000e+00
      5.000    20.8177   4.460016    31.6780        391     0.2706     2.6498     2.4630 0.0000e+00
      6.000    20.8027   4.459190    31.6822        409     0.2835     2.6450     2.4641 0.0000e+00
      7.000    20.7799   4.457278    31.6837        433     0.2998     2.6501     2.4623 0.0000e+00
      8.000    20.7685   4.456145    31.6828        479     0.3320     2.6612     2.4600 0.0000e+00
      9.000    20.7509   4.454279    31.6808        527     0.3654     2.6617     2.4684 0.0000e+00
     10.000    20.7428   4.453293    31.6787        548     0.3798     2.6633     2.4708 0.0000e+00
     11.000    20.7361   4.452513    31.6771        567     0.3932     2.6654     2.4706 0.0000e+00
     12.000    20.6471   4.443952    31.6749        587     0.4069     2.6642     2.4716 0.0000e+00
     13.000    20.4878   4.429602    31.6789        609     0.4219     2.6614     2.4684 0.0000e+00
     14.000    19.7223   4.358266    31.6785        631     0.4374     2.6511     2.4646 0.0000e+00
     15.000    18.5257   4.254677    31.7389        652     0.4519     2.6324     2.4570 0.0000e+00
     16.000    16.5453   4.076191    31.7680        672     0.4660     2.6109     2.4430 0.0000e+00
     17.000    14.3602   3.874764    31.7334        696     0.4827     2.5598     2.4219 0.0000e+00
     18.000    10.4985   3.539890    31.8093        736     0.5104     2.4318     2.3539 0.0000e+00
     19.000     9.4851   3.451994    31.8152        783     0.5431     2.2602     2.2168 0.0000e+00
     20.000     8.9924   3.410985    31.8318        812     0.5629     2.2005     2.1309 0.0000e+00
     21.000     8.8832   3.398641    31.8012        836     0.5801     2.1422     2.0621 0.0000e+00
     22.000     8.8719   3.396008    31.7836        860     0.5964     2.0806     1.9932 0.0000e+00
     23.000     8.8710   3.394672    31.7701        881     0.6111     2.0285     1.9313 0.0000e+00
     24.000     8.8664   3.393430    31.7608        899     0.6236     1.9951     1.8880 0.0000e+00
     25.000     8.8662   3.392704    31.7530        915     0.6346     1.9740     1.8585 0.0000e+00
     26.000     8.8659   3.392024    31.7457        931     0.6458     1.9582     1.8363 0.0000e+00
     27.000     8.8576   3.390900    31.7411        951     0.6600     1.9463     1.8158 0.0000e+00
     28.000     8.8297   3.387102    31.7261       1010     0.7009     1.9264     1.7874 0.0000e+00
     29.000     8.7816   3.382507    31.7209       1062     0.7370     1.9154     1.7717 0.0000e+00
     30.000     8.7690   3.381081    31.7170       1081     0.7502     1.9101     1.7674 0.0000e+00
     31.000     8.7622   3.380330    31.7148       1098     0.7618     1.9060     1.7632 0.0000e+00
     32.000     8.7613   3.379941    31.7111       1115     0.7737     1.9011     1.7584 0.0000e+00
     33.000     8.7600   3.379633    31.7086       1134     0.7867     1.8939     1.7516 0.0000e+00
     34.000     8.7596   3.379366    31.7057       1155     0.8010     1.8855     1.7457 0.0000e+00
     35.000     8.7593   3.379076    31.7026       1177     0.8165     1.8784     1.7408 0.0000e+00
     36.000     8.7564   3.378622    31.7000       1202     0.8337     1.8755     1.7360 0.0000e+00
     37.000     8.7536   3.378078    31.6963       1238     0.8587     1.8715     1.7294 0.0000e+00
     38.000     8.7536   3.377708    31.6920       1282     0.8893     1.8652     1.7230 0.0000e+00
     39.000     8.7482   3.377144    31.6906       1310     0.9088     1.8602     1.7202 0.0000e+00
     40.000     8.7452   3.376739    31.6886       1333     0.9248     1.8595     1.7194 0.0000e+00
     41.000     8.7444   3.376597    31.6874       1355     0.9402     1.8595     1.7173 0.0000e+00
     42.000     8.7429   3.376402    31.6863       1377     0.9555     1.8584     1.7151 0.0000e+00
     43.000     8.7381   3.376001    31.6860       1400     0.9712     1.8563     1.7133 0.0000e+00
     44.000     8.7419   3.375357    31.6754       1667     1.1569     1.8437     1.7051 0.0000e+00
     45.000     8.7323   3.373465    31.6638       2191     1.5208     1.8393     1.6995 0.0000e+00
     44.000     8.7458   3.374906    31.6672       2009     1.3943     1.8421     1.7022 0.0000e+00
     43.000     8.7447   3.374620    31.6656       2281     1.5832     1.8423     1.7014 0.0000e+00
     42.000     8.7472   3.374576    31.6634       2489     1.7279     1.8456     1.7003 0.0000e+00
     41.000     8.7514   3.374833    31.6628       2534     1.7588     1.8461     1.7008 0.0000e+00
     40.000     8.7498   3.374633    31.6625       2559     1.7762     1.8450     1.7022 0.0000e+00
     39.000     8.7506   3.374613    31.6621       2580     1.7907     1.8435     1.7035 0.0000e+00
     38.000     8.7517   3.374630    31.6618       2600     1.8048     1.8329     1.7038 0.0000e+00
     37.000     8.7532   3.374701    31.6616       2622     1.8200     1.8294     1.7040 0.0000e+00
     36.000     8.7546   3.374768    31.6614       2644     1.8353     1.8450     1.7052 0.0000e+00
     35.000     8.7553   3.374779    31.6614       2665     1.8501     1.8481     1.7063 0.0000e+00
     34.000     8.7558   3.374762    31.6612       2687     1.8655     1.8495     1.7072 0.0000e+00
     33.000     8.7563   3.374776    31.6613       2715     1.8844     1.8496     1.7083 0.0000e+00
     32.000     8.7548   3.374615    31.6614       2754     1.9117     1.8490     1.7097 0.0000e+00
     31.000     8.7570   3.374697    31.6608       2796     1.9409     1.8532     1.7112 0.0000e+00
     30.000     8.7622   3.375100    31.6608       2822     1.9587     1.8536     1.7110 0.0000e+00
     29.000     8.7733   3.375772    31.6583       2840     1.9717     1.8535     1.7107 0.0000e+00
     28.000     8.8078   3.378104    31.6522       2857     1.9835     1.8542     1.7120 0.0000e+00
     27.000     8.8390   3.380650    31.6513       2875     1.9959     1.8547     1.7139 0.0000e+00
     26.000     8.8517   3.381755    31.6518       2897     2.0112     1.8581     1.7158 0.0000e+00
     25.000     8.8454   3.381617    31.6564       2926     2.0312     1.8697     1.7237 0.0000e+00
     24.000     8.8598   3.382335    31.6515       2955     2.0516     1.8830     1.7344 0.0000e+00
     23.000     8.8659   3.382770    31.6510       2981     2.0696     1.8874     1.7416 0.0000e+00
     22.000     8.8613   3.382459    31.6523       3009     2.0887     1.8897     1.7456 0.0000e+00
     21.000     8.8711   3.383054    31.6503       3043     2.1125     1.8910     1.7495 0.0000e+00
     20.000     8.8970   3.384844    31.6462       3076     2.1358     1.8932     1.7521 0.0000e+00
     19.000     9.0569   3.395963    31.6194       3100     2.1521     1.8960     1.7528 0.0000e+00
     18.000     9.3767   3.419855    31.5825       3119     2.1652     1.8973     1.7548 0.0000e+00
     17.000    10.3320   3.497031    31.5282       3137     2.1777     1.9016     1.7588 0.0000e+00
     16.000    12.7762   3.683317    31.2667       3157     2.1916     1.9351     1.7745 0.0000e+00
     15.000    13.2157   3.740215    31.4407       3183     2.2094     2.0587     1.8416 0.0000e+00
     14.000    13.8502   3.787748    31.3600       3216     2.2325     2.2986     1.9788 0.0000e+00
     13.000    16.2178   3.985290    31.2359       3247     2.2540     2.5125     2.0949 0.0000e+00
     12.000    18.2217   4.171614    31.2782       3272     2.2715     2.5477     2.1833 0.0000e+00
     11.000    18.6483   4.229446    31.4370       3295     2.2873     2.6036     2.2707 0.0000e+00
     10.000    18.9101   4.262151    31.5089       3319     2.3040     2.6313     2.3449 0.0000e+00
      9.000    18.5278   4.228658    31.5230       3348     2.3240     2.6594     2.3881 0.0000e+00
      8.000    19.6697   4.334382    31.5266       3377     2.3443     2.6605     2.3975 0.0000e+00
      7.000    20.4324   4.406583    31.5381       3401     2.3610     2.6455     2.4141 0.0000e+00
      6.000    20.4549   4.411409    31.5603       3422     2.3760     2.6552     2.4340 0.0000e+00
      5.000    20.5734   4.425403    31.5842       3444     2.3908     2.6597     2.4411 0.0000e+00
      4.000    20.6257   4.430783    31.5886       3468     2.4076     2.6599     2.4443 0.0000e+00
      3.000    20.8052   4.453657    31.6375       3705     2.5723     2.6532     2.4573 0.0000e+00
      2.000    20.7625   4.450760    31.6465       3901     2.7083     2.6477     2.4633 0.0000e+00
      1.000    20.7714   4.451741    31.6480       3924     2.7245     2.6444     2.4602 0.0000e+00
