HB2407/CTD090.cnv
* Sea-Bird SBE 9 Data File:
* FileName = C:\cruise\data\CTD090.hex
* Software Version Seasave V 7.26.7.121
* Temperature SN = 4591
* Conductivity SN = 6006
* Number of Bytes Per Scan = 37
* Number of Voltage Words = 4
* Number of Scans Averaged by the Deck Unit = 1
* NMEA Latitude = 41 05.64 N
* NMEA Longitude = 071 40.89 W
* NMEA UTC (Time) = Sep 24 2024 21:35:05
* NMEA baud rate = 4800
** Ship: Bigelow HB2407
** Program:  Fall Bottom Trawl Survey
** Chief Scientist: John Galbraith
# nquan = 9
# nvalues = 46                          
# units = specified
# name 0 = depSM: Depth [salt water, m]
# name 1 = t090C: Temperature [ITS-90, deg C]
# name 2 = c0S/m: Conductivity [S/m]
# name 3 = sal00: Salinity, Practical [PSU]
# name 4 = scan: Scan Count
# name 5 = timeM: Time, Elapsed [minutes]
# name 6 = sbeox0V: Oxygen raw, SBE 43 [V]
# name 7 = sbeox1V: Oxygen raw, SBE 43, 2 [V]
# name 8 = flag: flag
# span 0 =      1.000,     25.000       
# span 1 =    16.9569,    17.8275       
# span 2 =   4.142494,   4.187458       
# span 3 =    31.7128,    32.0226       
# span 4 =        141,       3758       
# span 5 =     0.0972,     2.6092       
# span 6 =     2.4418,     2.5502       
# span 7 =     2.2540,     2.3486       
# span 8 = 0.0000e+00, 0.0000e+00       
# interval = meters: 1                  
# start_time = Sep 24 2024 21:35:05 [NMEA time, header]
# bad_flag = -9.990e-29
*END*
      4.000    17.8243   4.187056    31.7183        141     0.0972     2.5446     2.3484 0.0000e+00
      5.000    17.8275   4.187345    31.7178        252     0.1746     2.5502     2.3461 0.0000e+00
      6.000    17.8272   4.187389    31.7181        275     0.1902     2.5494     2.3450 0.0000e+00
      7.000    17.8258   4.187399    31.7189        336     0.2327     2.5466     2.3478 0.0000e+00
      8.000    17.8261   4.187458    31.7189        383     0.2654     2.5412     2.3486 0.0000e+00
      9.000    17.8109   4.186349    31.7210        407     0.2818     2.5394     2.3469 0.0000e+00
     10.000    17.8071   4.186032    31.7209        430     0.2982     2.5405     2.3463 0.0000e+00
     11.000    17.8161   4.186756    31.7197        456     0.3161     2.5403     2.3456 0.0000e+00
     12.000    17.8186   4.187016    31.7196        485     0.3362     2.5416     2.3452 0.0000e+00
     13.000    17.7397   4.181796    31.7365        516     0.3580     2.5401     2.3462 0.0000e+00
     14.000    17.5035   4.167280    31.7974        549     0.3808     2.5345     2.3455 0.0000e+00
     15.000    17.3333   4.158878    31.8590        590     0.4090     2.5106     2.3290 0.0000e+00
     16.000    17.2740   4.161260    31.9257        628     0.4354     2.4949     2.3083 0.0000e+00
     17.000    17.1934   4.160200    31.9800        658     0.4565     2.4795     2.2978 0.0000e+00
     18.000    17.1309   4.158377    32.0135        692     0.4800     2.4536     2.2765 0.0000e+00
     19.000    17.0824   4.154994    32.0226        739     0.5127     2.4429     2.2579 0.0000e+00
     20.000    17.0368   4.150827    32.0225        768     0.5327     2.4424     2.2540 0.0000e+00
     21.000    16.9953   4.147026    32.0225        788     0.5467     2.4418     2.2548 0.0000e+00
     22.000    16.9808   4.145501    32.0205        813     0.5637     2.4426     2.2589 0.0000e+00
     23.000    16.9575   4.142784    32.0153        865     0.5998     2.4522     2.2689 0.0000e+00
     24.000    16.9569   4.142510    32.0130        952     0.6603     2.4694     2.2804 0.0000e+00
     25.000    16.9624   4.142744    32.0103       1257     0.8723     2.4654     2.2735 0.0000e+00
     24.000    16.9603   4.142558    32.0107       1283     0.8902     2.4686     2.2727 0.0000e+00
     23.000    16.9615   4.142494    32.0096       2157     1.4973     2.4635     2.2751 0.0000e+00
     22.000    16.9684   4.143081    32.0095       2789     1.9363     2.4666     2.2729 0.0000e+00
     21.000    16.9776   4.144009    32.0105       2788     1.9352     2.4672     2.2754 0.0000e+00
     20.000    16.9832   4.144568    32.0113       2819     1.9572     2.4659     2.2733 0.0000e+00
     19.000    16.9986   4.145922    32.0111       2867     1.9901     2.4671     2.2703 0.0000e+00
     18.000    17.0690   4.151555    32.0040       2902     2.0147     2.4650     2.2698 0.0000e+00
     17.000    17.1373   4.156146    31.9896       2922     2.0286     2.4616     2.2723 0.0000e+00
     16.000    17.1728   4.156843    31.9679       2941     2.0413     2.4606     2.2723 0.0000e+00
     15.000    17.2367   4.157015    31.9192       2964     2.0574     2.4548     2.2689 0.0000e+00
     14.000    17.5217   4.165434    31.7673       3035     2.1068     2.4677     2.2706 0.0000e+00
     13.000    17.6507   4.172709    31.7288       3071     2.1317     2.4818     2.2933 0.0000e+00
     12.000    17.7513   4.180146    31.7138       3090     2.1451     2.4893     2.2961 0.0000e+00
     11.000    17.7662   4.181940    31.7177       3108     2.1574     2.5012     2.3014 0.0000e+00
     10.000    17.7801   4.182988    31.7162       3127     2.1705     2.5166     2.3100 0.0000e+00
      9.000    17.8007   4.184448    31.7128       3151     2.1873     2.5249     2.3148 0.0000e+00
      8.000    17.8052   4.185034    31.7146       3203     2.2240     2.5379     2.3279 0.0000e+00
      7.000    17.8059   4.185117    31.7151       3255     2.2598     2.5416     2.3398 0.0000e+00
      6.000    17.8085   4.185373    31.7156       3282     2.2782     2.5385     2.3402 0.0000e+00
      5.000    17.8088   4.185424    31.7161       3305     2.2942     2.5361     2.3417 0.0000e+00
      4.000    17.8092   4.185448    31.7164       3330     2.3119     2.5392     2.3416 0.0000e+00
      3.000    17.8121   4.185864    31.7180       3609     2.5053     2.5420     2.3454 0.0000e+00
      2.000    17.8112   4.185824    31.7187       3739     2.5958     2.5441     2.3454 0.0000e+00
      1.000    17.8113   4.185816    31.7189       3758     2.6092     2.5463     2.3450 0.0000e+00
