HB2407/CTD048.cnv
* Sea-Bird SBE 9 Data File:
* FileName = C:\cruise\data\CTD048.hex
* Software Version Seasave V 7.26.7.121
* Temperature SN = 4591
* Conductivity SN = 6006
* Number of Bytes Per Scan = 37
* Number of Voltage Words = 4
* Number of Scans Averaged by the Deck Unit = 1
* NMEA Latitude = 36 26.71 N
* NMEA Longitude = 075 15.65 W
* NMEA UTC (Time) = Sep 19 2024 01:20:45
* NMEA baud rate = 4800
** Ship: Bigelow HB2407
** Program:  Fall Bottom Trawl Survey
** Chief Scientist: John Galbraith
# nquan = 9
# nvalues = 50                          
# units = specified
# name 0 = depSM: Depth [salt water, m]
# name 1 = t090C: Temperature [ITS-90, deg C]
# name 2 = c0S/m: Conductivity [S/m]
# name 3 = sal00: Salinity, Practical [PSU]
# name 4 = scan: Scan Count
# name 5 = timeM: Time, Elapsed [minutes]
# name 6 = sbeox0V: Oxygen raw, SBE 43 [V]
# name 7 = sbeox1V: Oxygen raw, SBE 43, 2 [V]
# name 8 = flag: flag
# span 0 =      1.000,     27.000       
# span 1 =    20.3189,    22.0546       
# span 2 =   4.426465,   4.598162       
# span 3 =    31.7502,    31.9970       
# span 4 =        233,       3532       
# span 5 =     0.1609,     2.4519       
# span 6 =     2.4224,     2.5742       
# span 7 =     2.2527,     2.3876       
# span 8 = 0.0000e+00, 0.0000e+00       
# interval = meters: 1                  
# start_time = Sep 19 2024 01:20:45 [NMEA time, header]
# bad_flag = -9.990e-29
*END*
      4.000    21.9411   4.585385    31.8325        233     0.1609     2.5729     2.3801 0.0000e+00
      5.000    21.9304   4.584189    31.8307        372     0.2575     2.5717     2.3813 0.0000e+00
      6.000    21.9098   4.582250    31.8306        391     0.2706     2.5699     2.3836 0.0000e+00
      7.000    21.9053   4.581664    31.8289        414     0.2870     2.5644     2.3795 0.0000e+00
      8.000    21.8937   4.579963    31.8240        469     0.3247     2.5666     2.3840 0.0000e+00
      9.000    21.8745   4.578403    31.8257        521     0.3612     2.5684     2.3876 0.0000e+00
     10.000    21.8973   4.580226    31.8227        538     0.3730     2.5661     2.3862 0.0000e+00
     11.000    21.9118   4.582582    31.8300        554     0.3837     2.5617     2.3788 0.0000e+00
     12.000    21.7312   4.564376    31.8209        571     0.3960     2.5567     2.3730 0.0000e+00
     13.000    21.6518   4.567252    31.9017        609     0.4223     2.5504     2.3737 0.0000e+00
     14.000    21.6790   4.581035    31.9888        675     0.4681     2.5557     2.3721 0.0000e+00
     15.000    21.7090   4.584970    31.9970        700     0.4856     2.5569     2.3692 0.0000e+00
     16.000    21.6838   4.581316    31.9868        724     0.5023     2.5591     2.3715 0.0000e+00
     17.000    21.0471   4.507185    31.8768        754     0.5231     2.5490     2.3734 0.0000e+00
     18.000    20.5300   4.449334    31.8032        792     0.5491     2.5091     2.3477 0.0000e+00
     19.000    20.3967   4.433362    31.7752        826     0.5732     2.4702     2.3115 0.0000e+00
     20.000    20.3980   4.433310    31.7734        856     0.5939     2.4525     2.2906 0.0000e+00
     21.000    20.3870   4.432036    31.7712        887     0.6153     2.4461     2.2720 0.0000e+00
     22.000    20.3714   4.430306    31.7686        924     0.6408     2.4445     2.2683 0.0000e+00
     23.000    20.3677   4.429826    31.7672        967     0.6710     2.4415     2.2692 0.0000e+00
     24.000    20.3534   4.429184    31.7725       1005     0.6975     2.4423     2.2687 0.0000e+00
     25.000    20.3262   4.427184    31.7766       1033     0.7165     2.4424     2.2614 0.0000e+00
     26.000    20.3189   4.426615    31.7771       1057     0.7335     2.4355     2.2571 0.0000e+00
     27.000    20.3297   4.426972    31.7716       1731     1.2017     2.4238     2.2536 0.0000e+00
     26.000    20.3269   4.426465    31.7700       1721     1.1948     2.4324     2.2530 0.0000e+00
     25.000    20.3444   4.428109    31.7703       2519     1.7483     2.4288     2.2535 0.0000e+00
     24.000    20.3432   4.427805    31.7691       2584     1.7940     2.4224     2.2527 0.0000e+00
     23.000    20.3483   4.428151    31.7684       2607     1.8095     2.4262     2.2529 0.0000e+00
     22.000    20.3614   4.429044    31.7661       2626     1.8229     2.4296     2.2565 0.0000e+00
     21.000    20.3922   4.430989    31.7589       2664     1.8490     2.4337     2.2572 0.0000e+00
     20.000    20.4057   4.431765    31.7553       2714     1.8842     2.4387     2.2559 0.0000e+00
     19.000    20.4093   4.431931    31.7542       2738     1.9007     2.4390     2.2589 0.0000e+00
     18.000    20.4094   4.431882    31.7541       2756     1.9134     2.4397     2.2597 0.0000e+00
     17.000    20.4276   4.433051    31.7502       2774     1.9255     2.4396     2.2611 0.0000e+00
     16.000    20.6889   4.459999    31.7702       2792     1.9380     2.4396     2.2618 0.0000e+00
     15.000    21.0286   4.500683    31.8401       2813     1.9524     2.4570     2.2650 0.0000e+00
     14.000    21.4129   4.545199    31.9055       2842     1.9727     2.4955     2.2818 0.0000e+00
     13.000    21.5032   4.556238    31.9255       2886     2.0037     2.5364     2.3251 0.0000e+00
     12.000    21.5798   4.562050    31.9146       2927     2.0319     2.5472     2.3491 0.0000e+00
     11.000    21.5659   4.557607    31.8904       2951     2.0487     2.5479     2.3565 0.0000e+00
     10.000    21.4935   4.546254    31.8554       2971     2.0627     2.5478     2.3647 0.0000e+00
      9.000    21.4473   4.536277    31.8117       2989     2.0750     2.5495     2.3668 0.0000e+00
      8.000    21.4543   4.532415    31.7766       3007     2.0875     2.5530     2.3656 0.0000e+00
      7.000    21.4893   4.534003    31.7635       3027     2.1015     2.5474     2.3665 0.0000e+00
      6.000    21.6459   4.549426    31.7690       3053     2.1196     2.5523     2.3671 0.0000e+00
      5.000    21.8784   4.576500    31.8092       3104     2.1550     2.5622     2.3726 0.0000e+00
      4.000    22.0200   4.593030    31.8339       3166     2.1982     2.5696     2.3848 0.0000e+00
      3.000    22.0418   4.596196    31.8427       3194     2.2171     2.5696     2.3832 0.0000e+00
      2.000    22.0458   4.597189    31.8479       3401     2.3609     2.5734     2.3774 0.0000e+00
      1.000    22.0546   4.598162    31.8493       3532     2.4519     2.5742     2.3872 0.0000e+00
