HB2407/CTD085.cnv
* Sea-Bird SBE 9 Data File:
* FileName = C:\cruise\data\CTD085.hex
* Software Version Seasave V 7.26.7.121
* Temperature SN = 4591
* Conductivity SN = 6006
* Number of Bytes Per Scan = 37
* Number of Voltage Words = 4
* Number of Scans Averaged by the Deck Unit = 1
* NMEA Latitude = 40 38.99 N
* NMEA Longitude = 072 56.11 W
* NMEA UTC (Time) = Sep 23 2024 23:03:38
* NMEA baud rate = 4800
** Ship: Bigelow HB2407
** Program:  Fall Bottom Trawl Survey
** Chief Scientist: John Galbraith
# nquan = 9
# nvalues = 36                          
# units = specified
# name 0 = depSM: Depth [salt water, m]
# name 1 = t090C: Temperature [ITS-90, deg C]
# name 2 = c0S/m: Conductivity [S/m]
# name 3 = sal00: Salinity, Practical [PSU]
# name 4 = scan: Scan Count
# name 5 = timeM: Time, Elapsed [minutes]
# name 6 = sbeox0V: Oxygen raw, SBE 43 [V]
# name 7 = sbeox1V: Oxygen raw, SBE 43, 2 [V]
# name 8 = flag: flag
# span 0 =      1.000,     20.000       
# span 1 =    19.5679,    19.7695       
# span 2 =   4.272874,   4.296559       
# span 3 =    30.9622,    31.2916       
# span 4 =        155,       3107       
# span 5 =     0.1072,     2.1566       
# span 6 =     2.5894,     2.6546       
# span 7 =     2.3899,     2.4540       
# span 8 = 0.0000e+00, 0.0000e+00       
# interval = meters: 1                  
# start_time = Sep 23 2024 23:03:38 [NMEA time, header]
# bad_flag = -9.990e-29
*END*
      4.000    19.7521   4.273242    30.9708        155     0.1072     2.6504     2.4535 0.0000e+00
      5.000    19.7548   4.273415    30.9698        254     0.1756     2.6495     2.4528 0.0000e+00
      6.000    19.7647   4.274192    30.9685        282     0.1954     2.6546     2.4509 0.0000e+00
      7.000    19.7639   4.274185    30.9687        317     0.2192     2.6533     2.4540 0.0000e+00
      8.000    19.7650   4.274338    30.9688        347     0.2406     2.6486     2.4535 0.0000e+00
      9.000    19.7678   4.274591    30.9685        371     0.2571     2.6451     2.4518 0.0000e+00
     10.000    19.7663   4.274518    30.9687        392     0.2718     2.6472     2.4524 0.0000e+00
     11.000    19.7656   4.274518    30.9689        413     0.2863     2.6443     2.4522 0.0000e+00
     12.000    19.7666   4.274650    30.9688        434     0.3008     2.6401     2.4517 0.0000e+00
     13.000    19.7682   4.274751    30.9682        458     0.3171     2.6369     2.4484 0.0000e+00
     14.000    19.7695   4.274936    30.9684        499     0.3461     2.6417     2.4447 0.0000e+00
     15.000    19.7688   4.275010    30.9692        545     0.3775     2.6480     2.4493 0.0000e+00
     16.000    19.7689   4.275339    30.9715        564     0.3907     2.6501     2.4506 0.0000e+00
     17.000    19.7673   4.277759    30.9918        580     0.4023     2.6490     2.4489 0.0000e+00
     18.000    19.7669   4.279912    31.0092        599     0.4150     2.6489     2.4463 0.0000e+00
     19.000    19.7304   4.285756    31.0832        626     0.4340     2.6406     2.4431 0.0000e+00
     20.000    19.5679   4.296559    31.2916       1854     1.2869     2.5969     2.4068 0.0000e+00
     19.000    19.6474   4.291350    31.1902       2405     1.6698     2.5894     2.3951 0.0000e+00
     18.000    19.7208   4.283916    31.0757       2469     1.7139     2.5928     2.3899 0.0000e+00
     17.000    19.7461   4.280498    31.0296       2491     1.7291     2.6018     2.3913 0.0000e+00
     16.000    19.7635   4.277616    30.9938       2521     1.7497     2.6114     2.4032 0.0000e+00
     15.000    19.7621   4.275096    30.9748       2562     1.7787     2.6247     2.4226 0.0000e+00
     14.000    19.7613   4.273666    30.9641       2594     1.8006     2.6327     2.4333 0.0000e+00
     13.000    19.7602   4.273402    30.9632       2621     1.8194     2.6415     2.4396 0.0000e+00
     12.000    19.7613   4.273459    30.9631       2648     1.8385     2.6429     2.4429 0.0000e+00
     11.000    19.7613   4.273400    30.9630       2671     1.8545     2.6406     2.4465 0.0000e+00
     10.000    19.7598   4.273128    30.9622       2690     1.8676     2.6464     2.4471 0.0000e+00
      9.000    19.7588   4.273032    30.9625       2708     1.8798     2.6463     2.4473 0.0000e+00
      8.000    19.7578   4.272874    30.9623       2727     1.8927     2.6410     2.4469 0.0000e+00
      7.000    19.7582   4.272945    30.9629       2754     1.9117     2.6434     2.4494 0.0000e+00
      6.000    19.7600   4.273357    30.9652       2800     1.9435     2.6411     2.4477 0.0000e+00
      5.000    19.7614   4.273644    30.9668       2835     1.9682     2.6396     2.4489 0.0000e+00
      4.000    19.7616   4.273691    30.9674       2861     1.9860     2.6460     2.4448 0.0000e+00
      3.000    19.7613   4.273666    30.9678       2881     2.0001     2.6495     2.4422 0.0000e+00
      2.000    19.7605   4.273663    30.9687       2977     2.0670     2.6495     2.4451 0.0000e+00
      1.000    19.7613   4.273730    30.9689       3107     2.1566     2.6511     2.4466 0.0000e+00
