HB2407/CTD016.cnv
* Sea-Bird SBE 9 Data File:
* FileName = C:\cruise\data\CTD016.hex
* Software Version Seasave V 7.26.7.121
* Temperature SN = 4591
* Conductivity SN = 6006
* Number of Bytes Per Scan = 37
* Number of Voltage Words = 4
* Number of Scans Averaged by the Deck Unit = 1
* NMEA Latitude = 37 56.63 N
* NMEA Longitude = 073 56.12 W
* NMEA UTC (Time) = Sep 09 2024 23:58:38
* NMEA baud rate = 4800
** Ship: Bigelow HB2407
** Program:  Fall Bottom Trawl Survey
** Chief Scientist: John Galbraith
# nquan = 9
# nvalues = 833                         
# units = specified
# name 0 = depSM: Depth [salt water, m]
# name 1 = t090C: Temperature [ITS-90, deg C]
# name 2 = c0S/m: Conductivity [S/m]
# name 3 = sal00: Salinity, Practical [PSU]
# name 4 = scan: Scan Count
# name 5 = timeM: Time, Elapsed [minutes]
# name 6 = sbeox0V: Oxygen raw, SBE 43 [V]
# name 7 = sbeox1V: Oxygen raw, SBE 43, 2 [V]
# name 8 = flag: flag
# span 0 =      1.000,    418.000       
# span 1 =     6.3010,    23.7753       
# span 2 =   3.482770,   4.982996       
# span 3 =    33.0862,    35.4479       
# span 4 =        221,      24754       
# span 5 =     0.1527,    17.1894       
# span 6 =     1.5441,     2.9930       
# span 7 =     1.4320,     2.7447       
# span 8 = 0.0000e+00, 0.0000e+00       
# interval = meters: 1                  
# start_time = Sep 09 2024 23:58:38 [NMEA time, header]
# bad_flag = -9.990e-29
*END*
[from data line 321]
    324.000     8.8402   3.726888    35.1309       8992     6.2435     1.5711     1.4547 0.0000e+00
    325.000     8.8364   3.726490    35.1301       9022     6.2648     1.5724     1.4550 0.0000e+00
    326.000     8.8256   3.725476    35.1296       9058     6.2896     1.5737     1.4556 0.0000e+00
    327.000     8.8090   3.723864    35.1286       9089     6.3114     1.5738     1.4564 0.0000e+00
    328.000     8.7954   3.722548    35.1277       9115     6.3291     1.5740     1.4568 0.0000e+00
    329.000     8.7779   3.720874    35.1269       9139     6.3457     1.5735     1.4575 0.0000e+00
    330.000     8.7449   3.717738    35.1260       9165     6.3638     1.5729     1.4587 0.0000e+00
    331.000     8.7017   3.713288    35.1215       9196     6.3857     1.5728     1.4582 0.0000e+00
    332.000     8.6957   3.712603    35.1198       9229     6.4081     1.5733     1.4586 0.0000e+00
    333.000     8.6843   3.711595    35.1199       9255     6.4264     1.5759     1.4601 0.0000e+00
    334.000     8.6488   3.708115    35.1178       9278     6.4427     1.5777     1.4603 0.0000e+00
    335.000     8.6387   3.706951    35.1151       9303     6.4595     1.5784     1.4615 0.0000e+00
    336.000     8.6380   3.706857    35.1143       9332     6.4795     1.5774     1.4636 0.0000e+00
    337.000     8.6347   3.706526    35.1136       9364     6.5021     1.5804     1.4652 0.0000e+00
    338.000     8.6333   3.706391    35.1131       9394     6.5230     1.5827     1.4664 0.0000e+00
    339.000     8.6336   3.706436    35.1128       9421     6.5414     1.5831     1.4677 0.0000e+00
    340.000     8.6340   3.706486    35.1125       9446     6.5591     1.5845     1.4687 0.0000e+00
    341.000     8.6347   3.706573    35.1122       9474     6.5782     1.5849     1.4683 0.0000e+00
    342.000     8.6370   3.706826    35.1121       9503     6.5986     1.5849     1.4687 0.0000e+00
    343.000     8.6391   3.707068    35.1121       9531     6.6183     1.5840     1.4690 0.0000e+00
    344.000     8.6379   3.706985    35.1119       9560     6.6380     1.5828     1.4690 0.0000e+00
    345.000     8.6371   3.706941    35.1118       9589     6.6582     1.5826     1.4685 0.0000e+00
    346.000     8.6355   3.706820    35.1116       9616     6.6773     1.5832     1.4675 0.0000e+00
    347.000     8.6332   3.706644    35.1116       9641     6.6948     1.5838     1.4675 0.0000e+00
    348.000     8.5924   3.703053    35.1136       9667     6.7126     1.5837     1.4681 0.0000e+00
    349.000     8.5482   3.698605    35.1099       9696     6.7324     1.5831     1.4676 0.0000e+00
    350.000     8.5179   3.695565    35.1073       9726     6.7538     1.5822     1.4669 0.0000e+00
    351.000     8.4702   3.691104    35.1069       9754     6.7731     1.5830     1.4662 0.0000e+00
    352.000     8.4068   3.685065    35.1054       9778     6.7899     1.5820     1.4670 0.0000e+00
    353.000     8.3458   3.678858    35.0996       9803     6.8072     1.5822     1.4682 0.0000e+00
    354.000     8.3312   3.677232    35.0963       9835     6.8288     1.5856     1.4704 0.0000e+00
    355.000     8.3159   3.675734    35.0951       9872     6.8550     1.5920     1.4738 0.0000e+00
    356.000     8.2695   3.671438    35.0952       9902     6.8756     1.5944     1.4753 0.0000e+00
    357.000     8.2452   3.668912    35.0920       9924     6.8912     1.5960     1.4769 0.0000e+00
    358.000     8.2197   3.666536    35.0916       9946     6.9062     1.5975     1.4781 0.0000e+00
    359.000     8.1711   3.662009    35.0912       9970     6.9231     1.5991     1.4799 0.0000e+00
    360.000     8.1054   3.655318    35.0848       9999     6.9432     1.6005     1.4815 0.0000e+00
    361.000     8.0543   3.650679    35.0857      10028     6.9631     1.6030     1.4830 0.0000e+00
    362.000     7.9149   3.637491    35.0832      10054     6.9811     1.6068     1.4855 0.0000e+00
    363.000     7.8659   3.632569    35.0789      10082     7.0005     1.6091     1.4884 0.0000e+00
    364.000     7.8530   3.631172    35.0762      10120     7.0268     1.6160     1.4938 0.0000e+00
    365.000     7.8275   3.628967    35.0776      10155     7.0512     1.6239     1.5006 0.0000e+00
    366.000     7.7685   3.623549    35.0779      10178     7.0677     1.6270     1.5037 0.0000e+00
    367.000     7.7490   3.621456    35.0744      10199     7.0821     1.6284     1.5049 0.0000e+00
    368.000     7.7411   3.620541    35.0720      10220     7.0968     1.6287     1.5055 0.0000e+00
    369.000     7.7385   3.620224    35.0707      10245     7.1138     1.6294     1.5074 0.0000e+00
    370.000     7.7218   3.618581    35.0692      10276     7.1352     1.6324     1.5105 0.0000e+00
    371.000     7.6544   3.612123    35.0667      10311     7.1598     1.6346     1.5132 0.0000e+00
    372.000     7.5997   3.606824    35.0638      10343     7.1820     1.6374     1.5139 0.0000e+00
    373.000     7.5642   3.603523    35.0632      10369     7.2000     1.6396     1.5160 0.0000e+00
    374.000     7.5096   3.598335    35.0615      10392     7.2160     1.6415     1.5187 0.0000e+00
    375.000     7.4781   3.595075    35.0573      10416     7.2324     1.6439     1.5215 0.0000e+00
    376.000     7.4502   3.592073    35.0523      10444     7.2522     1.6486     1.5262 0.0000e+00
    377.000     7.4213   3.589032    35.0479      10479     7.2761     1.6571     1.5325 0.0000e+00
    378.000     7.4087   3.587659    35.0452      10509     7.2975     1.6637     1.5382 0.0000e+00
    379.000     7.3898   3.585735    35.0428      10534     7.3149     1.6673     1.5427 0.0000e+00
    380.000     7.3796   3.584761    35.0421      10559     7.3320     1.6693     1.5450 0.0000e+00
    381.000     7.3657   3.583375    35.0405      10586     7.3510     1.6726     1.5483 0.0000e+00
    382.000     7.3473   3.581634    35.0395      10616     7.3719     1.6749     1.5506 0.0000e+00
    383.000     7.2913   3.576128    35.0356      10645     7.3915     1.6778     1.5520 0.0000e+00
    384.000     7.2582   3.572792    35.0321      10671     7.4096     1.6792     1.5524 0.0000e+00
    385.000     7.2190   3.569119    35.0311      10698     7.4285     1.6810     1.5536 0.0000e+00
    386.000     7.1238   3.559936    35.0264      10727     7.4484     1.6843     1.5564 0.0000e+00
    387.000     7.1162   3.559055    35.0240      10755     7.4681     1.6885     1.5608 0.0000e+00
    388.000     7.1137   3.558769    35.0229      10783     7.4875     1.6959     1.5663 0.0000e+00
    389.000     7.1246   3.559871    35.0234      10813     7.5083     1.7033     1.5716 0.0000e+00
    390.000     7.1273   3.560253    35.0244      10843     7.5288     1.7073     1.5748 0.0000e+00
    391.000     7.1174   3.559406    35.0246      10869     7.5474     1.7089     1.5772 0.0000e+00
    392.000     7.1015   3.558043    35.0253      10895     7.5652     1.7091     1.5777 0.0000e+00
    393.000     7.0658   3.554811    35.0256      10922     7.5838     1.7081     1.5777 0.0000e+00
    394.000     7.0381   3.552304    35.0255      10950     7.6033     1.7079     1.5789 0.0000e+00
    395.000     7.0131   3.549873    35.0237      10976     7.6219     1.7089     1.5802 0.0000e+00
    396.000     6.9810   3.547026    35.0245      11002     7.6398     1.7106     1.5810 0.0000e+00
    397.000     6.9645   3.545362    35.0224      11030     7.6589     1.7121     1.5833 0.0000e+00
    398.000     6.9367   3.542746    35.0214      11061     7.6809     1.7145     1.5856 0.0000e+00
    399.000     6.9004   3.539300    35.0198      11095     7.7038     1.7171     1.5881 0.0000e+00
    400.000     6.8301   3.532912    35.0204      11122     7.7232     1.7188     1.5895 0.0000e+00
    401.000     6.7236   3.523252    35.0214      11147     7.7402     1.7200     1.5913 0.0000e+00
    402.000     6.6437   3.515193    35.0132      11172     7.7578     1.7214     1.5929 0.0000e+00
    403.000     6.6358   3.514365    35.0115      11201     7.7775     1.7277     1.5972 0.0000e+00
    404.000     6.5531   3.506903    35.0126      11230     7.7978     1.7388     1.6052 0.0000e+00
    405.000     6.5047   3.502155    35.0087      11256     7.8161     1.7461     1.6120 0.0000e+00
    406.000     6.4678   3.498809    35.0086      11281     7.8334     1.7520     1.6171 0.0000e+00
    407.000     6.4179   3.493986    35.0055      11306     7.8510     1.7579     1.6232 0.0000e+00
    408.000     6.4025   3.492417    35.0032      11334     7.8704     1.7638     1.6302 0.0000e+00
    409.000     6.3916   3.491398    35.0025      11365     7.8918     1.7720     1.6375 0.0000e+00
    410.000     6.3674   3.489119    35.0014      11396     7.9134     1.7788     1.6434 0.0000e+00
    411.000     6.3593   3.488352    35.0006      11426     7.9338     1.7840     1.6482 0.0000e+00
    412.000     6.3452   3.487025    34.9997      11455     7.9538     1.7881     1.6519 0.0000e+00
    413.000     6.3360   3.486158    34.9989      11483     7.9734     1.7909     1.6544 0.0000e+00
    414.000     6.3307   3.485671    34.9985      11510     7.9921     1.7941     1.6566 0.0000e+00
    415.000     6.3333   3.485815    34.9968      11536     8.0106     1.7952     1.6593 0.0000e+00
    416.000     6.3315   3.485705    34.9970      11566     8.0313     1.7976     1.6613 0.0000e+00
    417.000     6.3087   3.483722    34.9976      11596     8.0521     1.7986     1.6617 0.0000e+00
    418.000     6.3010   3.482770    34.9943      11659     8.0956     1.7995     1.6642 0.0000e+00
    417.000     6.3076   3.483071    34.9915      12215     8.4818     1.8074     1.6696 0.0000e+00
    416.000     6.3685   3.488558    34.9909      13101     9.0969     1.7992     1.6625 0.0000e+00
    415.000     6.3641   3.488002    34.9898      13226     9.1841     1.8022     1.6624 0.0000e+00
    414.000     6.3714   3.488670    34.9902      13253     9.2027     1.8015     1.6630 0.0000e+00
    413.000     6.3734   3.488833    34.9905      13281     9.2222     1.8013     1.6635 0.0000e+00
    412.000     6.3758   3.489014    34.9906      13308     9.2407     1.8006     1.6636 0.0000e+00
    411.000     6.3852   3.489674    34.9889      13331     9.2571     1.8004     1.6625 0.0000e+00
    410.000     6.3999   3.491027    34.9894      13352     9.2717     1.7999     1.6625 0.0000e+00
    409.000     6.4039   3.491396    34.9900      13373     9.2860     1.7999     1.6627 0.0000e+00
    408.000     6.4066   3.491704    34.9911      13395     9.3015     1.7994     1.6630 0.0000e+00
    407.000     6.4141   3.492261    34.9901      13421     9.3192     1.7978     1.6627 0.0000e+00
    406.000     6.4550   3.495789    34.9881      13448     9.3384     1.7963     1.6621 0.0000e+00
    405.000     6.4995   3.499999    34.9901      13475     9.3572     1.7951     1.6614 0.0000e+00
    404.000     6.5584   3.504963    34.9856      13503     9.3762     1.7944     1.6604 0.0000e+00
    403.000     6.5942   3.508561    34.9895      13533     9.3973     1.7936     1.6576 0.0000e+00
    402.000     6.6140   3.510488    34.9912      13567     9.4206     1.7873     1.6534 0.0000e+00
    401.000     6.6671   3.515026    34.9880      13597     9.4415     1.7820     1.6481 0.0000e+00
    400.000     6.7069   3.519354    34.9958      13621     9.4586     1.7788     1.6445 0.0000e+00
    399.000     6.7553   3.523423    34.9921      13644     9.4744     1.7756     1.6415 0.0000e+00
    398.000     6.8065   3.528258    34.9939      13666     9.4899     1.7717     1.6389 0.0000e+00
    397.000     6.8357   3.531359    34.9990      13690     9.5062     1.7681     1.6354 0.0000e+00
    396.000     6.8838   3.535580    34.9972      13714     9.5230     1.7646     1.6318 0.0000e+00
    395.000     6.9635   3.542968    34.9982      13739     9.5402     1.7602     1.6267 0.0000e+00
    394.000     6.9804   3.544918    35.0029      13764     9.5578     1.7525     1.6224 0.0000e+00
    393.000     6.9949   3.546317    35.0041      13791     9.5764     1.7440     1.6171 0.0000e+00
    392.000     7.0051   3.547235    35.0044      13821     9.5969     1.7374     1.6110 0.0000e+00
    391.000     7.0152   3.548237    35.0056      13850     9.6175     1.7319     1.6062 0.0000e+00
    390.000     7.0208   3.548737    35.0060      13878     9.6366     1.7282     1.6033 0.0000e+00
    389.000     7.0225   3.548938    35.0069      13906     9.6560     1.7269     1.6008 0.0000e+00
    388.000     7.0309   3.549576    35.0059      13935     9.6767     1.7261     1.5984 0.0000e+00
    387.000     7.0366   3.550042    35.0057      13963     9.6960     1.7261     1.5965 0.0000e+00
    386.000     7.0494   3.551160    35.0055      13987     9.7127     1.7270     1.5958 0.0000e+00
    385.000     7.0588   3.551993    35.0056      14010     9.7281     1.7270     1.5957 0.0000e+00
    384.000     7.0739   3.553316    35.0053      14032     9.7436     1.7257     1.5945 0.0000e+00
    383.000     7.0993   3.555571    35.0049      14055     9.7599     1.7248     1.5938 0.0000e+00
    382.000     7.1190   3.557468    35.0062      14080     9.7770     1.7244     1.5938 0.0000e+00
    381.000     7.1272   3.558270    35.0072      14106     9.7953     1.7228     1.5934 0.0000e+00
    380.000     7.1297   3.558589    35.0087      14134     9.8149     1.7203     1.5915 0.0000e+00
    379.000     7.1296   3.558491    35.0082      14165     9.8358     1.7180     1.5892 0.0000e+00
    378.000     7.1257   3.558046    35.0077      14195     9.8570     1.7167     1.5876 0.0000e+00
    377.000     7.1220   3.557599    35.0071      14224     9.8774     1.7171     1.5866 0.0000e+00
    376.000     7.1214   3.557420    35.0062      14252     9.8967     1.7177     1.5872 0.0000e+00
    375.000     7.1300   3.558110    35.0056      14278     9.9148     1.7179     1.5879 0.0000e+00
    374.000     7.1545   3.560376    35.0061      14302     9.9316     1.7186     1.5882 0.0000e+00
    373.000     7.1705   3.561978    35.0080      14325     9.9473     1.7187     1.5885 0.0000e+00
    372.000     7.1804   3.562906    35.0086      14347     9.9627     1.7171     1.5885 0.0000e+00
    371.000     7.1991   3.564752    35.0104      14371     9.9792     1.7162     1.5883 0.0000e+00
    370.000     7.2300   3.567586    35.0106      14398     9.9977     1.7162     1.5871 0.0000e+00
    369.000     7.2571   3.570255    35.0129      14426    10.0173     1.7153     1.5859 0.0000e+00
    368.000     7.2903   3.573446    35.0147      14453    10.0361     1.7136     1.5840 0.0000e+00
    367.000     7.3648   3.580487    35.0168      14479    10.0540     1.7118     1.5818 0.0000e+00
    366.000     7.4455   3.588680    35.0251      14506    10.0731     1.7097     1.5797 0.0000e+00
    365.000     7.6071   3.603421    35.0229      14538    10.0955     1.7029     1.5767 0.0000e+00
    364.000     7.6903   3.612583    35.0390      14570    10.1177     1.6893     1.5714 0.0000e+00
    363.000     7.7512   3.618418    35.0414      14596    10.1354     1.6775     1.5640 0.0000e+00
    362.000     7.7915   3.622797    35.0487      14618    10.1509     1.6709     1.5555 0.0000e+00
    361.000     7.8106   3.624429    35.0476      14640    10.1660     1.6653     1.5482 0.0000e+00
    360.000     7.8419   3.627411    35.0488      14663    10.1821     1.6593     1.5407 0.0000e+00
    359.000     7.8599   3.629248    35.0510      14689    10.2000     1.6538     1.5343 0.0000e+00
    358.000     7.9081   3.633449    35.0485      14717    10.2195     1.6488     1.5293 0.0000e+00
    357.000     7.9521   3.637936    35.0532      14744    10.2385     1.6458     1.5245 0.0000e+00
    356.000     8.0302   3.644967    35.0510      14770    10.2561     1.6439     1.5221 0.0000e+00
    355.000     8.0682   3.649222    35.0591      14794    10.2729     1.6422     1.5206 0.0000e+00
    354.000     8.1131   3.653419    35.0597      14819    10.2905     1.6388     1.5179 0.0000e+00
