HB2407/CTD003.cnv
* Sea-Bird SBE 9 Data File:
* FileName = C:\cruise\data\CTD003.hex
* Software Version Seasave V 7.26.7.121
* Temperature SN = 4591
* Conductivity SN = 6006
* Number of Bytes Per Scan = 37
* Number of Voltage Words = 4
* Number of Scans Averaged by the Deck Unit = 1
* NMEA Latitude = 38 53.46 N
* NMEA Longitude = 073 16.10 W
* NMEA UTC (Time) = Sep 07 2024 13:49:45
* NMEA baud rate = 4800
** Ship: Bigelow HB2407
** Program:  Fall Bottom Trawl Survey
** Chief Scientist: John Galbraith
# nquan = 9
# nvalues = 139                         
# units = specified
# name 0 = depSM: Depth [salt water, m]
# name 1 = t090C: Temperature [ITS-90, deg C]
# name 2 = c0S/m: Conductivity [S/m]
# name 3 = sal00: Salinity, Practical [PSU]
# name 4 = scan: Scan Count
# name 5 = timeM: Time, Elapsed [minutes]
# name 6 = sbeox0V: Oxygen raw, SBE 43 [V]
# name 7 = sbeox1V: Oxygen raw, SBE 43, 2 [V]
# name 8 = flag: flag
# span 0 =      1.000,     71.000       
# span 1 =     7.7545,    21.6286       
# span 2 =   3.353689,   4.664473       
# span 3 =    32.1114,    34.2144       
# span 4 =        143,       5068       
# span 5 =     0.0985,     3.5189       
# span 6 =     2.0860,     2.8757       
# span 7 =     1.9242,     2.6247       
# span 8 = 0.0000e+00, 0.0000e+00       
# interval = meters: 1                  
# start_time = Sep 07 2024 13:49:45 [NMEA time, header]
# bad_flag = -9.990e-29
*END*
      3.000    21.6260   4.664137    32.6827        143     0.0985     2.6360     2.4544 0.0000e+00
      4.000    21.6258   4.664174    32.6828        214     0.1482     2.6342     2.4549 0.0000e+00
      5.000    21.6268   4.664315    32.6828        238     0.1649     2.6356     2.4569 0.0000e+00
      6.000    21.6274   4.664418    32.6829        265     0.1835     2.6381     2.4540 0.0000e+00
      7.000    21.6277   4.664473    32.6828        294     0.2034     2.6357     2.4478 0.0000e+00
      8.000    21.6265   4.664433    32.6830        319     0.2211     2.6311     2.4447 0.0000e+00
      9.000    21.6153   4.663511    32.6839        343     0.2372     2.6343     2.4417 0.0000e+00
     10.000    21.4942   4.654132    32.7019        367     0.2541     2.6451     2.4418 0.0000e+00
     11.000    20.8700   4.596515    32.7220        396     0.2743     2.6390     2.4384 0.0000e+00
     12.000    20.0457   4.515626    32.7079        428     0.2965     2.6235     2.4340 0.0000e+00
     13.000    19.1833   4.430004    32.6812        454     0.3146     2.6292     2.4439 0.0000e+00
     14.000    17.6160   4.285860    32.7175        474     0.3287     2.6393     2.4515 0.0000e+00
     15.000    16.5163   4.171261    32.6206        493     0.3415     2.6453     2.4588 0.0000e+00
     16.000    16.2306   4.141012    32.5889        513     0.3558     2.6430     2.4650 0.0000e+00
     17.000    15.4800   4.069891    32.5763        545     0.3777     2.6925     2.5134 0.0000e+00
     18.000    14.2833   3.956561    32.5499        593     0.4114     2.7406     2.5622 0.0000e+00
     19.000    12.9848   3.835059    32.5232        626     0.4338     2.7455     2.5719 0.0000e+00
     20.000    12.5944   3.807654    32.5996        648     0.4495     2.7262     2.5600 0.0000e+00
     21.000    11.6442   3.719469    32.5750        668     0.4629     2.7154     2.5527 0.0000e+00
     22.000     9.8923   3.540335    32.3510        686     0.4756     2.6991     2.5468 0.0000e+00
     23.000     9.6089   3.512399    32.3204        705     0.4887     2.6308     2.5034 0.0000e+00
     24.000     9.4103   3.492141    32.2913        726     0.5035     2.5790     2.4573 0.0000e+00
     25.000     9.5136   3.505367    32.3332        756     0.5246     2.5579     2.4229 0.0000e+00
     26.000     9.8851   3.556114    32.5159        811     0.5626     2.5019     2.3453 0.0000e+00
     27.000    10.0401   3.574049    32.5576        850     0.5892     2.4334     2.2695 0.0000e+00
     28.000     9.6781   3.538147    32.5184        871     0.6039     2.3978     2.2299 0.0000e+00
     29.000     8.7972   3.452598    32.4370        888     0.6160     2.3677     2.2012 0.0000e+00
     30.000     8.4987   3.424212    32.4129        905     0.6280     2.3225     2.1691 0.0000e+00
     31.000     7.9029   3.367997    32.3673        924     0.6408     2.2810     2.1354 0.0000e+00
     32.000     7.8661   3.365620    32.3757        945     0.6556     2.2385     2.1009 0.0000e+00
     33.000     7.9171   3.370873    32.3840        975     0.6766     2.2040     2.0633 0.0000e+00
     34.000     7.8879   3.367034    32.3695       1022     0.7087     2.1812     2.0271 0.0000e+00
     35.000     7.7774   3.355565    32.3491       1058     0.7342     2.1692     2.0094 0.0000e+00
     36.000     7.7545   3.354212    32.3555       1082     0.7504     2.1620     2.0030 0.0000e+00
     37.000     7.7646   3.358414    32.3905       1102     0.7645     2.1575     1.9960 0.0000e+00
     38.000     7.7713   3.359188    32.3921       1122     0.7784     2.1535     1.9893 0.0000e+00
     39.000     7.7924   3.361463    32.3964       1144     0.7934     2.1477     1.9836 0.0000e+00
     40.000     7.8352   3.366255    32.4074       1171     0.8123     2.1399     1.9734 0.0000e+00
     41.000     7.8643   3.369416    32.4136       1205     0.8361     2.1320     1.9643 0.0000e+00
     42.000     7.8900   3.372287    32.4199       1235     0.8573     2.1254     1.9587 0.0000e+00
     43.000     7.9159   3.375239    32.4269       1260     0.8743     2.1221     1.9564 0.0000e+00
     44.000     7.9684   3.381506    32.4445       1285     0.8916     2.1202     1.9541 0.0000e+00
     45.000     8.0629   3.392687    32.4753       1313     0.9113     2.1199     1.9504 0.0000e+00
     46.000     8.1115   3.398341    32.4898       1342     0.9310     2.1209     1.9494 0.0000e+00
     47.000     8.1196   3.399274    32.4918       1366     0.9479     2.1189     1.9475 0.0000e+00
     48.000     8.1218   3.399535    32.4920       1389     0.9638     2.1148     1.9452 0.0000e+00
     49.000     8.1264   3.400019    32.4925       1415     0.9819     2.1115     1.9435 0.0000e+00
     50.000     8.1464   3.402398    32.4987       1447     1.0041     2.1085     1.9417 0.0000e+00
     51.000     8.1931   3.407797    32.5122       1479     1.0267     2.1057     1.9393 0.0000e+00
     52.000     8.2719   3.416962    32.5357       1506     1.0450     2.1061     1.9394 0.0000e+00
     53.000     8.3655   3.428105    32.5663       1528     1.0603     2.1078     1.9410 0.0000e+00
     54.000     8.6018   3.456224    32.6431       1549     1.0749     2.1091     1.9404 0.0000e+00
     55.000     8.8111   3.482611    32.7254       1572     1.0907     2.1137     1.9415 0.0000e+00
     56.000     9.1530   3.527101    32.8717       1603     1.1122     2.1210     1.9446 0.0000e+00
     57.000     9.6820   3.597213    33.1060       1641     1.1387     2.1341     1.9517 0.0000e+00
     58.000    10.1578   3.660850    33.3155       1669     1.1580     2.1418     1.9577 0.0000e+00
     59.000    10.4561   3.700896    33.4451       1690     1.1730     2.1491     1.9613 0.0000e+00
     60.000    10.7102   3.735609    33.5594       1711     1.1874     2.1545     1.9659 0.0000e+00
     61.000    10.9162   3.765082    33.6641       1733     1.2028     2.1553     1.9683 0.0000e+00
     62.000    11.0286   3.781554    33.7243       1758     1.2202     2.1565     1.9707 0.0000e+00
     63.000    11.2742   3.818360    33.8628       1786     1.2397     2.1543     1.9715 0.0000e+00
     64.000    11.5468   3.859979    34.0222       1822     1.2648     2.1494     1.9727 0.0000e+00
     65.000    11.5996   3.868751    34.0594       1860     1.2912     2.1362     1.9681 0.0000e+00
     66.000    11.6457   3.875690    34.0847       1883     1.3070     2.1288     1.9612 0.0000e+00
     67.000    11.7057   3.884673    34.1171       1901     1.3193     2.1245     1.9564 0.0000e+00
     68.000    11.7573   3.893147    34.1521       1918     1.3315     2.1200     1.9524 0.0000e+00
     69.000    11.7844   3.898101    34.1753       1939     1.3459     2.1153     1.9476 0.0000e+00
     70.000    11.7898   3.900829    34.1966       2046     1.4201     2.0980     1.9320 0.0000e+00
     71.000    11.7890   3.902619    34.2144       2752     1.9103     2.0860     1.9242 0.0000e+00
     70.000    11.7856   3.901231    34.2043       2916     2.0244     2.0895     1.9256 0.0000e+00
     69.000    11.7854   3.900977    34.2025       2918     2.0260     2.0884     1.9253 0.0000e+00
     68.000    11.7795   3.899807    34.1970       2938     2.0393     2.0874     1.9250 0.0000e+00
     67.000    11.7687   3.898158    34.1912       2966     2.0590     2.0884     1.9258 0.0000e+00
     66.000    11.7060   3.888257    34.1524       3022     2.0977     2.0902     1.9260 0.0000e+00
     65.000    11.6827   3.884770    34.1401       3061     2.1251     2.0909     1.9276 0.0000e+00
     64.000    11.6360   3.877462    34.1119       3083     2.1400     2.0938     1.9290 0.0000e+00
     63.000    11.5669   3.869157    34.0943       3101     2.1527     2.0951     1.9305 0.0000e+00
     62.000    11.3827   3.841948    33.9965       3119     2.1651     2.0957     1.9337 0.0000e+00
     61.000    11.3311   3.832763    33.9538       3138     2.1783     2.0959     1.9345 0.0000e+00
     60.000    11.0773   3.798722    33.8506       3158     2.1926     2.0956     1.9335 0.0000e+00
     59.000    11.0001   3.782693    33.7630       3180     2.2077     2.0994     1.9372 0.0000e+00
     58.000    10.7235   3.748172    33.6737       3202     2.2233     2.1027     1.9397 0.0000e+00
     57.000    10.5635   3.723410    33.5734       3231     2.2430     2.1027     1.9426 0.0000e+00
     56.000     9.9211   3.636933    33.2915       3281     2.2778     2.1000     1.9464 0.0000e+00
     55.000     9.2849   3.557597    33.0660       3314     2.3007     2.1008     1.9443 0.0000e+00
     54.000     8.8739   3.496583    32.8139       3333     2.3137     2.0987     1.9438 0.0000e+00
     53.000     8.7660   3.483582    32.7781       3350     2.3256     2.0905     1.9388 0.0000e+00
     52.000     8.6040   3.459957    32.6812       3368     2.3380     2.0875     1.9356 0.0000e+00
     51.000     8.5099   3.448913    32.6527       3388     2.3521     2.0877     1.9365 0.0000e+00
     50.000     8.3803   3.433094    32.6066       3413     2.3692     2.0887     1.9380 0.0000e+00
     49.000     8.2762   3.419949    32.5647       3441     2.3891     2.0905     1.9387 0.0000e+00
     48.000     8.2380   3.414325    32.5411       3473     2.4108     2.0955     1.9373 0.0000e+00
     47.000     8.2218   3.411367    32.5252       3506     2.4338     2.0964     1.9364 0.0000e+00
     46.000     8.1946   3.408278    32.5181       3535     2.4542     2.0971     1.9360 0.0000e+00
     45.000     8.1298   3.400997    32.5015       3558     2.4703     2.0977     1.9363 0.0000e+00
     44.000     8.0832   3.394918    32.4807       3578     2.4839     2.0983     1.9373 0.0000e+00
     43.000     8.0295   3.388666    32.4645       3597     2.4974     2.0974     1.9376 0.0000e+00
     42.000     7.9786   3.381751    32.4386       3620     2.5134     2.0968     1.9357 0.0000e+00
     41.000     7.9276   3.375334    32.4181       3654     2.5367     2.0999     1.9345 0.0000e+00
     40.000     7.9058   3.372848    32.4122       3689     2.5610     2.1041     1.9382 0.0000e+00
     39.000     7.8520   3.365929    32.3887       3712     2.5770     2.1045     1.9407 0.0000e+00
     38.000     7.8332   3.363316    32.3788       3732     2.5908     2.1037     1.9413 0.0000e+00
     37.000     7.8325   3.362818    32.3746       3753     2.6055     2.1034     1.9414 0.0000e+00
     36.000     7.8069   3.359819    32.3668       3779     2.6238     2.1038     1.9436 0.0000e+00
     35.000     7.7910   3.357224    32.3543       3812     2.6465     2.1056     1.9443 0.0000e+00
     34.000     7.7874   3.353689    32.3203       3844     2.6687     2.1094     1.9447 0.0000e+00
     33.000     7.8421   3.356919    32.3045       3874     2.6892     2.1138     1.9461 0.0000e+00
     32.000     7.9090   3.362998    32.3079       3899     2.7071     2.1206     1.9497 0.0000e+00
     31.000     7.8902   3.360729    32.3016       3920     2.7216     2.1284     1.9544 0.0000e+00
     30.000     7.9127   3.359951    32.2729       3938     2.7344     2.1327     1.9587 0.0000e+00
     29.000     8.1937   3.383324    32.2626       3957     2.7473     2.1369     1.9629 0.0000e+00
     28.000     8.4192   3.402921    32.2630       3979     2.7624     2.1510     1.9695 0.0000e+00
     27.000     9.1341   3.472928    32.3416       4019     2.7905     2.1883     1.9905 0.0000e+00
     26.000     9.4897   3.507565    32.3771       4069     2.8253     2.2432     2.0258 0.0000e+00
     25.000     9.5230   3.508661    32.3587       4094     2.8423     2.2522     2.0434 0.0000e+00
     24.000     9.4259   3.491075    32.2664       4113     2.8556     2.2557     2.0556 0.0000e+00
     23.000     9.4108   3.483768    32.2054       4130     2.8674     2.2606     2.0640 0.0000e+00
     22.000     9.4550   3.483261    32.1609       4148     2.8796     2.2705     2.0718 0.0000e+00
     21.000     9.7995   3.508561    32.1114       4167     2.8932     2.3073     2.0886 0.0000e+00
     20.000    10.8476   3.610304    32.2043       4193     2.9114     2.4087     2.1337 0.0000e+00
     19.000    11.8928   3.712162    32.2909       4234     2.9395     2.5745     2.2530 0.0000e+00
     18.000    13.4268   3.838546    32.1797       4273     2.9666     2.6545     2.3606 0.0000e+00
     17.000    14.7053   3.960460    32.2332       4300     2.9853     2.7265     2.4296 0.0000e+00
     16.000    15.2972   4.020747    32.2884       4323     3.0012     2.8062     2.4950 0.0000e+00
     15.000    15.7508   4.065492    32.3155       4345     3.0164     2.8493     2.5463 0.0000e+00
     14.000    16.1575   4.105302    32.3356       4366     3.0315     2.8548     2.5760 0.0000e+00
     13.000    16.8102   4.163599    32.3164       4390     3.0478     2.8644     2.5896 0.0000e+00
     12.000    18.2585   4.299147    32.3194       4416     3.0660     2.8757     2.6015 0.0000e+00
     11.000    19.2408   4.402489    32.4104       4445     3.0859     2.8538     2.6247 0.0000e+00
     10.000    20.2116   4.501948    32.4699       4472     3.1049     2.8331     2.6160 0.0000e+00
      9.000    20.8574   4.565697    32.4868       4497     3.1221     2.8093     2.5928 0.0000e+00
      8.000    21.2687   4.612011    32.5418       4522     3.1396     2.7639     2.5613 0.0000e+00
      7.000    21.3672   4.625203    32.5715       4550     3.1591     2.7152     2.5245 0.0000e+00
      6.000    21.4750   4.638543    32.5951       4581     3.1808     2.6801     2.4794 0.0000e+00
      5.000    21.4724   4.639232    32.6028       4609     3.2000     2.6655     2.4567 0.0000e+00
      4.000    21.5054   4.642718    32.6055       4631     3.2149     2.6558     2.4457 0.0000e+00
      3.000    21.5050   4.643976    32.6161       4649     3.2280     2.6495     2.4389 0.0000e+00
      2.000    21.6286   4.659388    32.6438       4885     3.3918     2.6397     2.4386 0.0000e+00
      1.000    21.6033   4.659575    32.6647       5068     3.5189     2.6356     2.4423 0.0000e+00
