HB2407/CTD031.cnv
* Sea-Bird SBE 9 Data File:
* FileName = C:\cruise\data\CTD031.hex
* Software Version Seasave V 7.26.7.121
* Temperature SN = 4591
* Conductivity SN = 6006
* Number of Bytes Per Scan = 37
* Number of Voltage Words = 4
* Number of Scans Averaged by the Deck Unit = 1
* NMEA Latitude = 36 55.25 N
* NMEA Longitude = 075 39.97 W
* NMEA UTC (Time) = Sep 15 2024 21:39:52
* NMEA baud rate = 4800
** Ship: Bigelow HB2407
** Program:  Fall Bottom Trawl Survey
** Chief Scientist: John Galbraith
# nquan = 9
# nvalues = 24                          
# units = specified
# name 0 = depSM: Depth [salt water, m]
# name 1 = t090C: Temperature [ITS-90, deg C]
# name 2 = c0S/m: Conductivity [S/m]
# name 3 = sal00: Salinity, Practical [PSU]
# name 4 = scan: Scan Count
# name 5 = timeM: Time, Elapsed [minutes]
# name 6 = sbeox0V: Oxygen raw, SBE 43 [V]
# name 7 = sbeox1V: Oxygen raw, SBE 43, 2 [V]
# name 8 = flag: flag
# span 0 =      1.000,     16.000       
# span 1 =    22.1468,    22.3804       
# span 2 =   4.481857,   4.531824       
# span 3 =    30.8805,    31.2239       
# span 4 =       -114,       4292       
# span 5 =    -0.0799,     2.9796       
# span 6 =     2.5593,     2.5894       
# span 7 =     2.3726,     2.3994       
# span 8 = 0.0000e+00, 0.0000e+00       
# interval = meters: 1                  
# start_time = Sep 15 2024 21:39:52 [NMEA time, header]
# bad_flag = -9.990e-29
*END*
      4.000    22.1580   4.483249    30.8863       -114    -0.0799     2.5665     2.3836 0.0000e+00
      5.000    22.1562   4.483141    30.8864        621     0.4302     2.5658     2.3803 0.0000e+00
      6.000    22.1587   4.483406    30.8864        645     0.4475     2.5675     2.3822 0.0000e+00
      7.000    22.1592   4.483482    30.8863        668     0.4631     2.5665     2.3754 0.0000e+00
      8.000    22.1586   4.483459    30.8862        693     0.4807     2.5716     2.3726 0.0000e+00
      9.000    22.1555   4.483108    30.8854        725     0.5026     2.5652     2.3795 0.0000e+00
     10.000    22.1567   4.483341    30.8861        764     0.5302     2.5675     2.3806 0.0000e+00
     11.000    22.1577   4.483487    30.8862        863     0.5989     2.5593     2.3771 0.0000e+00
     12.000    22.1610   4.483833    30.8862        903     0.6264     2.5626     2.3757 0.0000e+00
     13.000    22.1580   4.483620    30.8864        923     0.6404     2.5663     2.3730 0.0000e+00
     14.000    22.1468   4.481857    30.8805        947     0.6569     2.5611     2.3761 0.0000e+00
     16.000    22.3804   4.531824    31.2239        951     0.6596     2.5894     2.3994 0.0000e+00
     12.000    22.1813   4.487646    30.9110       3259     2.2628     2.5708     2.3780 0.0000e+00
     11.000    22.1632   4.483926    30.8857       3409     2.3663     2.5715     2.3756 0.0000e+00
     10.000    22.1604   4.483660    30.8858       3425     2.3781     2.5750     2.3739 0.0000e+00
      9.000    22.1636   4.483901    30.8857       3501     2.4307     2.5688     2.3785 0.0000e+00
      8.000    22.1623   4.483658    30.8851       3614     2.5092     2.5624     2.3780 0.0000e+00
      7.000    22.1621   4.483705    30.8860       3625     2.5169     2.5629     2.3798 0.0000e+00
      6.000    22.1619   4.483659    30.8860       3642     2.5286     2.5613     2.3767 0.0000e+00
      5.000    22.1617   4.483543    30.8856       3749     2.6027     2.5673     2.3775 0.0000e+00
      4.000    22.1617   4.483573    30.8861       3827     2.6568     2.5689     2.3799 0.0000e+00
      3.000    22.1616   4.483489    30.8858       3943     2.7376     2.5641     2.3794 0.0000e+00
      2.000    22.1614   4.483494    30.8863       4280     2.9715     2.5678     2.3785 0.0000e+00
      1.000    22.1613   4.483428    30.8862       4292     2.9796     2.5714     2.3746 0.0000e+00
