HB2407/CTD045.cnv
* Sea-Bird SBE 9 Data File:
* FileName = C:\cruise\data\CTD045.hex
* Software Version Seasave V 7.26.7.121
* Temperature SN = 4591
* Conductivity SN = 6006
* Number of Bytes Per Scan = 37
* Number of Voltage Words = 4
* Number of Scans Averaged by the Deck Unit = 1
* NMEA Latitude = 37 37.80 N
* NMEA Longitude = 075 20.20 W
* NMEA UTC (Time) = Sep 18 2024 13:31:06
* NMEA baud rate = 4800
** Ship: Bigelow HB2407
** Program:  Fall Bottom Trawl Survey
** Chief Scientist: John Galbraith
# nquan = 9
# nvalues = 33                          
# units = specified
# name 0 = depSM: Depth [salt water, m]
# name 1 = t090C: Temperature [ITS-90, deg C]
# name 2 = c0S/m: Conductivity [S/m]
# name 3 = sal00: Salinity, Practical [PSU]
# name 4 = scan: Scan Count
# name 5 = timeM: Time, Elapsed [minutes]
# name 6 = sbeox0V: Oxygen raw, SBE 43 [V]
# name 7 = sbeox1V: Oxygen raw, SBE 43, 2 [V]
# name 8 = flag: flag
# span 0 =      1.000,     18.000       
# span 1 =    21.8512,    21.8667       
# span 2 =   4.465474,   4.466195       
# span 3 =    30.9627,    30.9638       
# span 4 =        136,       2329       
# span 5 =     0.0941,     1.6168       
# span 6 =     2.4989,     2.5162       
# span 7 =     2.3201,     2.3294       
# span 8 = 0.0000e+00, 0.0000e+00       
# interval = meters: 1                  
# start_time = Sep 18 2024 13:31:06 [NMEA time, header]
# bad_flag = -9.990e-29
*END*
      3.000    21.8628   4.465938    30.9633        136     0.0941     2.5068     2.3294 0.0000e+00
      4.000    21.8618   4.465907    30.9634        237     0.1642     2.5081     2.3275 0.0000e+00
      5.000    21.8614   4.465904    30.9634        263     0.1820     2.5081     2.3263 0.0000e+00
      6.000    21.8603   4.465848    30.9634        290     0.2010     2.5045     2.3254 0.0000e+00
      7.000    21.8626   4.466104    30.9634        321     0.2223     2.5100     2.3244 0.0000e+00
      8.000    21.8616   4.466055    30.9635        351     0.2431     2.5119     2.3227 0.0000e+00
      9.000    21.8617   4.466097    30.9634        375     0.2599     2.5130     2.3238 0.0000e+00
     10.000    21.8609   4.466070    30.9634        398     0.2758     2.5094     2.3230 0.0000e+00
     11.000    21.8604   4.466063    30.9635        422     0.2924     2.5091     2.3227 0.0000e+00
     12.000    21.8603   4.466104    30.9635        443     0.3068     2.5035     2.3245 0.0000e+00
     13.000    21.8608   4.466179    30.9634        462     0.3200     2.4989     2.3266 0.0000e+00
     14.000    21.8565   4.465847    30.9636        486     0.3366     2.5016     2.3243 0.0000e+00
     15.000    21.8535   4.465586    30.9635        545     0.3776     2.5072     2.3203 0.0000e+00
     16.000    21.8514   4.465478    30.9638        583     0.4041     2.4992     2.3228 0.0000e+00
     17.000    21.8512   4.465482    30.9637        626     0.4341     2.5033     2.3239 0.0000e+00
     18.000    21.8518   4.465573    30.9636        885     0.6138     2.4999     2.3231 0.0000e+00
     17.000    21.8524   4.465559    30.9634        905     0.6276     2.5058     2.3232 0.0000e+00
     16.000    21.8525   4.465548    30.9636       1121     0.7779     2.5043     2.3201 0.0000e+00
     15.000    21.8542   4.465669    30.9636       1289     0.8943     2.5052     2.3240 0.0000e+00
     14.000    21.8535   4.465555    30.9636       1320     0.9162     2.5132     2.3270 0.0000e+00
     13.000    21.8536   4.465513    30.9635       1349     0.9365     2.5154     2.3256 0.0000e+00
     12.000    21.8541   4.465518    30.9634       1373     0.9525     2.5087     2.3242 0.0000e+00
     11.000    21.8548   4.465531    30.9634       1394     0.9671     2.5065     2.3223 0.0000e+00
     10.000    21.8549   4.465504    30.9634       1416     0.9824     2.5100     2.3232 0.0000e+00
      9.000    21.8561   4.465564    30.9633       1441     1.0003     2.5080     2.3262 0.0000e+00
      8.000    21.8564   4.465560    30.9634       1465     1.0168     2.5030     2.3276 0.0000e+00
      7.000    21.8562   4.465474    30.9632       1485     1.0303     2.5085     2.3286 0.0000e+00
      6.000    21.8571   4.465502    30.9630       1502     1.0424     2.5159     2.3273 0.0000e+00
      5.000    21.8583   4.465574    30.9630       1519     1.0540     2.5162     2.3240 0.0000e+00
      4.000    21.8610   4.465787    30.9630       1588     1.1023     2.5099     2.3272 0.0000e+00
      3.000    21.8621   4.465823    30.9629       1642     1.1396     2.5046     2.3283 0.0000e+00
      2.000    21.8640   4.465933    30.9627       2053     1.4252     2.5141     2.3273 0.0000e+00
      1.000    21.8667   4.466195    30.9630       2329     1.6168     2.5134     2.3294 0.0000e+00
