HB2407/CTD002.cnv
* Sea-Bird SBE 9 Data File:
* FileName = C:\cruise\data\CTD002.hex
* Software Version Seasave V 7.26.7.121
* Temperature SN = 4591
* Conductivity SN = 6006
* Number of Bytes Per Scan = 37
* Number of Voltage Words = 4
* Number of Scans Averaged by the Deck Unit = 1
* NMEA Latitude = 39 16.87 N
* NMEA Longitude = 073 32.50 W
* NMEA UTC (Time) = Sep 07 2024 06:40:15
* NMEA baud rate = 4800
** Ship: Bigelow HB2407
** Program:  Fall Bottom Trawl Survey
** Chief Scientist: John Galbraith
# nquan = 9
# nvalues = 83                          
# units = specified
# name 0 = depSM: Depth [salt water, m]
# name 1 = t090C: Temperature [ITS-90, deg C]
# name 2 = c0S/m: Conductivity [S/m]
# name 3 = sal00: Salinity, Practical [PSU]
# name 4 = scan: Scan Count
# name 5 = timeM: Time, Elapsed [minutes]
# name 6 = sbeox0V: Oxygen raw, SBE 43 [V]
# name 7 = sbeox1V: Oxygen raw, SBE 43, 2 [V]
# name 8 = flag: flag
# span 0 =      1.000,     43.000       
# span 1 =     7.9781,    20.9980       
# span 2 =   3.331867,   4.475876       
# span 3 =    31.1809,    34.0121       
# span 4 =        171,       3559       
# span 5 =     0.1183,     2.4709       
# span 6 =     1.9443,     2.7587       
# span 7 =     1.8076,     2.4640       
# span 8 = 0.0000e+00, 0.0000e+00       
# interval = meters: 1                  
# start_time = Sep 07 2024 06:40:15 [NMEA time, header]
# bad_flag = -9.990e-29
*END*
      3.000    20.9932   4.474461    31.6629        171     0.1183     2.6517     2.4567 0.0000e+00
      4.000    20.9869   4.473699    31.6612        318     0.2204     2.6594     2.4565 0.0000e+00
      5.000    20.9921   4.474185    31.6609        342     0.2371     2.6539     2.4575 0.0000e+00
      6.000    20.9980   4.475876    31.6696        376     0.2603     2.6513     2.4599 0.0000e+00
      7.000    20.9904   4.475419    31.6713        407     0.2822     2.6508     2.4571 0.0000e+00
      8.000    20.9839   4.474739    31.6704        432     0.2991     2.6549     2.4569 0.0000e+00
      9.000    20.9817   4.474502    31.6698        455     0.3152     2.6575     2.4578 0.0000e+00
     10.000    20.9228   4.472021    31.6936        478     0.3316     2.6573     2.4559 0.0000e+00
     11.000    20.8582   4.467867    31.7083        502     0.3476     2.6626     2.4552 0.0000e+00
     12.000    20.8150   4.465949    31.7248        526     0.3647     2.6614     2.4562 0.0000e+00
     13.000    20.6882   4.457867    31.7548        556     0.3854     2.6657     2.4588 0.0000e+00
     14.000    20.3130   4.426353    31.7835        590     0.4087     2.6688     2.4616 0.0000e+00
     15.000    18.9315   4.301886    31.8185        617     0.4276     2.6582     2.4640 0.0000e+00
     16.000    16.9260   4.127424    31.9093        639     0.4433     2.6395     2.4539 0.0000e+00
     17.000    13.5424   3.851699    32.2048        661     0.4581     2.6209     2.4530 0.0000e+00
     18.000     9.7231   3.499073    32.0827        683     0.4740     2.5786     2.4410 0.0000e+00
     19.000     8.8841   3.417561    31.9975        712     0.4934     2.4322     2.3772 0.0000e+00
     20.000     8.6361   3.389649    31.9302        745     0.5164     2.2768     2.2506 0.0000e+00
     21.000     8.5595   3.379295    31.8907        774     0.5365     2.1633     2.1158 0.0000e+00
     22.000     8.5422   3.375804    31.8693        798     0.5534     2.0950     2.0193 0.0000e+00
     23.000     8.4642   3.368394    31.8616        822     0.5700     2.0438     1.9473 0.0000e+00
     24.000     8.3541   3.359353    31.8658        849     0.5886     2.0007     1.8888 0.0000e+00
     25.000     8.3871   3.361869    31.8619        878     0.6092     1.9616     1.8405 0.0000e+00
     26.000     8.4251   3.365551    31.8658        908     0.6295     1.9443     1.8092 0.0000e+00
     27.000     8.4063   3.364788    31.8743        934     0.6481     1.9645     1.8076 0.0000e+00
     28.000     8.3945   3.364908    31.8858        959     0.6654     2.0016     1.8313 0.0000e+00
     29.000     8.4080   3.366927    31.8944        984     0.6824     2.0382     1.8637 0.0000e+00
     30.000     8.4378   3.370696    31.9065       1008     0.6994     2.0725     1.8951 0.0000e+00
     31.000     8.4294   3.369213    31.8981       1033     0.7168     2.1088     1.9274 0.0000e+00
     32.000     8.4496   3.372152    31.9102       1059     0.7349     2.1454     1.9605 0.0000e+00
     33.000     8.3371   3.367025    31.9578       1087     0.7542     2.1723     1.9883 0.0000e+00
     34.000     8.1426   3.350471    31.9596       1118     0.7754     2.1941     2.0071 0.0000e+00
     35.000     8.0865   3.345218    31.9547       1148     0.7965     2.1993     2.0220 0.0000e+00
     36.000     8.0580   3.342445    31.9508       1175     0.8153     2.1856     2.0171 0.0000e+00
     37.000     8.0451   3.340931    31.9461       1201     0.8335     2.1699     2.0047 0.0000e+00
     38.000     8.0154   3.338123    31.9430       1228     0.8524     2.1563     1.9900 0.0000e+00
     39.000     7.9986   3.336327    31.9388       1253     0.8697     2.1457     1.9788 0.0000e+00
     40.000     7.9890   3.335332    31.9365       1274     0.8838     2.1381     1.9711 0.0000e+00
     41.000     7.9808   3.334522    31.9349       1292     0.8963     2.1316     1.9653 0.0000e+00
     42.000     7.9781   3.334096    31.9325       1312     0.9104     2.1243     1.9587 0.0000e+00
     43.000     7.9855   3.333812    31.9222       1445     1.0025     2.1061     1.9414 0.0000e+00
     42.000     7.9836   3.332079    31.9059       2020     1.4019     2.0948     1.9286 0.0000e+00
     41.000     7.9850   3.331929    31.9036       2212     1.5352     2.0927     1.9310 0.0000e+00
     40.000     7.9849   3.331867    31.9035       2234     1.5504     2.0942     1.9296 0.0000e+00
     39.000     7.9860   3.331888    31.9031       2262     1.5704     2.0953     1.9286 0.0000e+00
     38.000     7.9885   3.332001    31.9025       2293     1.5914     2.0966     1.9284 0.0000e+00
     37.000     7.9963   3.332574    31.9019       2318     1.6088     2.0970     1.9298 0.0000e+00
     36.000     8.0022   3.333083    31.9024       2341     1.6247     2.0981     1.9316 0.0000e+00
     35.000     8.0087   3.333567    31.9021       2364     1.6407     2.1007     1.9338 0.0000e+00
     34.000     8.0149   3.334026    31.9017       2387     1.6569     2.1042     1.9363 0.0000e+00
     33.000     8.0467   3.336183    31.8961       2409     1.6723     2.1072     1.9390 0.0000e+00
     32.000     8.0739   3.338883    31.9004       2433     1.6890     2.1103     1.9404 0.0000e+00
     31.000     8.1194   3.342314    31.8958       2464     1.7104     2.1177     1.9447 0.0000e+00
     30.000     8.1935   3.349109    31.9008       2504     1.7385     2.1337     1.9557 0.0000e+00
     29.000     8.3082   3.354175    31.8506       2535     1.7596     2.1544     1.9660 0.0000e+00
     28.000     8.3735   3.358183    31.8341       2556     1.7741     2.1727     1.9746 0.0000e+00
     27.000     8.3756   3.357234    31.8227       2574     1.7867     2.1821     1.9831 0.0000e+00
     26.000     8.3782   3.355391    31.8014       2592     1.7993     2.1842     1.9912 0.0000e+00
     25.000     8.3851   3.354759    31.7890       2613     1.8138     2.1768     1.9979 0.0000e+00
     24.000     8.3691   3.351954    31.7744       2639     1.8319     2.1554     1.9950 0.0000e+00
     23.000     8.3708   3.351000    31.7633       2672     1.8546     2.1237     1.9754 0.0000e+00
     22.000     8.3897   3.351728    31.7544       2706     1.8782     2.0908     1.9366 0.0000e+00
     21.000     8.5035   3.357627    31.7142       2732     1.8965     2.0657     1.9025 0.0000e+00
     20.000     8.5292   3.360100    31.7174       2753     1.9113     2.0375     1.8801 0.0000e+00
     19.000     8.6140   3.365815    31.7015       2775     1.9264     2.0111     1.8617 0.0000e+00
     18.000     9.0438   3.400071    31.6738       2804     1.9467     1.9941     1.8384 0.0000e+00
     17.000     8.5647   3.503068    34.0121       2841     1.9720     2.0402     1.8344 0.0000e+00
     16.000    15.5212   3.921448    31.1809       2867     1.9901     2.1882     1.8647 0.0000e+00
     15.000    16.8458   4.065456    31.4401       2886     2.0035     2.3831     1.9448 0.0000e+00
     14.000    18.1153   4.171585    31.3592       2904     2.0159     2.5836     2.0671 0.0000e+00
     13.000    19.2598   4.284503    31.4265       2923     2.0293     2.7293     2.2173 0.0000e+00
     12.000    19.8799   4.355211    31.5360       2949     2.0471     2.7587     2.3767 0.0000e+00
     11.000    20.2824   4.399984    31.5958       2987     2.0735     2.7041     2.4590 0.0000e+00
     10.000    20.4103   4.411816    31.5955       3021     2.0975     2.6829     2.4582 0.0000e+00
      9.000    20.6706   4.433911    31.5785       3044     2.1132     2.6729     2.4541 0.0000e+00
      8.000    20.6797   4.437086    31.5973       3064     2.1268     2.6764     2.4542 0.0000e+00
      7.000    20.7679   4.444392    31.5902       3085     2.1413     2.6708     2.4515 0.0000e+00
      6.000    20.7990   4.448914    31.6034       3112     2.1606     2.6637     2.4483 0.0000e+00
      5.000    20.8559   4.454782    31.6081       3145     2.1832     2.6644     2.4496 0.0000e+00
      4.000    20.8721   4.456138    31.6072       3169     2.1998     2.6604     2.4495 0.0000e+00
      3.000    20.9195   4.460314    31.6055       3188     2.2135     2.6562     2.4524 0.0000e+00
      2.000    20.9169   4.462703    31.6267       3520     2.4440     2.6539     2.4507 0.0000e+00
      1.000    20.9435   4.467110    31.6422       3559     2.4709     2.6557     2.4531 0.0000e+00
