HB2407/CTD014.cnv
* Sea-Bird SBE 9 Data File:
* FileName = C:\cruise\data\CTD014.hex
* Software Version Seasave V 7.26.7.121
* Temperature SN = 4591
* Conductivity SN = 6006
* Number of Bytes Per Scan = 37
* Number of Voltage Words = 4
* Number of Scans Averaged by the Deck Unit = 1
* NMEA Latitude = 38 10.01 N
* NMEA Longitude = 073 45.18 W
* NMEA UTC (Time) = Sep 09 2024 18:53:39
* NMEA baud rate = 4800
** Ship: Bigelow HB2407
** Program:  Fall Bottom Trawl Survey
** Chief Scientist: John Galbraith
# nquan = 9
# nvalues = 247                         
# units = specified
# name 0 = depSM: Depth [salt water, m]
# name 1 = t090C: Temperature [ITS-90, deg C]
# name 2 = c0S/m: Conductivity [S/m]
# name 3 = sal00: Salinity, Practical [PSU]
# name 4 = scan: Scan Count
# name 5 = timeM: Time, Elapsed [minutes]
# name 6 = sbeox0V: Oxygen raw, SBE 43 [V]
# name 7 = sbeox1V: Oxygen raw, SBE 43, 2 [V]
# name 8 = flag: flag
# span 0 =      1.000,    125.000       
# span 1 =    11.7761,    21.6283       
# span 2 =   3.899450,   4.671695       
# span 3 =    32.5155,    35.3243       
# span 4 =        150,       8458       
# span 5 =     0.1035,     5.8729       
# span 6 =     1.7530,     2.9106       
# span 7 =     1.6170,     2.6680       
# span 8 = 0.0000e+00, 0.0000e+00       
# interval = meters: 1                  
# start_time = Sep 09 2024 18:53:39 [NMEA time, header]
# bad_flag = -9.990e-29
*END*
[from data line 161]
     86.000    12.1073   4.012336    34.9827       5917     4.1085     2.0244     1.8646 0.0000e+00
     85.000    12.1858   4.017218    34.9572       5944     4.1271     2.0311     1.8696 0.0000e+00
     84.000    12.2388   4.021922    34.9537       5967     4.1432     2.0342     1.8725 0.0000e+00
     83.000    12.2476   4.022897    34.9555       5990     4.1588     2.0400     1.8755 0.0000e+00
     82.000    12.2634   4.023944    34.9513       6013     4.1748     2.0483     1.8817 0.0000e+00
     81.000    12.2814   4.024837    34.9435       6038     4.1921     2.0584     1.8898 0.0000e+00
     80.000    12.3042   4.024991    34.9242       6068     4.2133     2.0670     1.8985 0.0000e+00
     79.000    12.3217   4.025958    34.9177       6102     4.2365     2.0778     1.9096 0.0000e+00
     78.000    12.3855   4.029184    34.8900       6128     4.2547     2.0861     1.9199 0.0000e+00
     77.000    12.4043   4.030020    34.8810       6150     4.2705     2.0929     1.9268 0.0000e+00
     76.000    12.4013   4.029393    34.8782       6174     4.2868     2.1032     1.9340 0.0000e+00
     75.000    12.4051   4.028374    34.8652       6199     4.3041     2.1093     1.9421 0.0000e+00
     74.000    12.4027   4.027513    34.8596       6224     4.3218     2.1168     1.9498 0.0000e+00
     73.000    12.3913   4.023743    34.8341       6251     4.3401     2.1262     1.9571 0.0000e+00
     72.000    12.3966   4.022179    34.8145       6278     4.3587     2.1367     1.9623 0.0000e+00
     71.000    12.4002   4.019974    34.7904       6303     4.3766     2.1418     1.9677 0.0000e+00
     70.000    12.4011   4.018546    34.7761       6328     4.3938     2.1453     1.9749 0.0000e+00
     69.000    12.4232   4.017383    34.7449       6354     4.4121     2.1520     1.9842 0.0000e+00
     68.000    12.4410   4.018051    34.7352       6383     4.4322     2.1603     1.9922 0.0000e+00
     67.000    12.4430   4.011331    34.6690       6410     4.4510     2.1704     1.9976 0.0000e+00
     66.000    12.3306   3.993933    34.6052       6435     4.4683     2.1725     2.0017 0.0000e+00
     65.000    12.3500   3.990127    34.5508       6461     4.4858     2.1747     2.0064 0.0000e+00
     64.000    12.4064   3.993108    34.5281       6487     4.5039     2.1830     2.0112 0.0000e+00
     63.000    12.3902   3.987722    34.4914       6513     4.5219     2.1929     2.0202 0.0000e+00
     62.000    12.4034   3.982814    34.4324       6538     4.5398     2.2013     2.0277 0.0000e+00
     61.000    12.4719   3.988510    34.4249       6564     4.5576     2.2124     2.0335 0.0000e+00
     60.000    12.4742   3.983392    34.3739       6590     4.5757     2.2214     2.0411 0.0000e+00
     59.000    12.2738   3.955781    34.2913       6616     4.5935     2.2249     2.0483 0.0000e+00
     58.000    12.0978   3.929399    34.1974       6641     4.6109     2.2217     2.0524 0.0000e+00
     57.000    12.1011   3.926554    34.1671       6667     4.6291     2.2212     2.0537 0.0000e+00
     56.000    12.0861   3.921193    34.1293       6696     4.6494     2.2284     2.0529 0.0000e+00
     55.000    12.0747   3.913532    34.0658       6723     4.6681     2.2365     2.0556 0.0000e+00
     54.000    12.0714   3.909925    34.0342       6747     4.6845     2.2376     2.0591 0.0000e+00
     53.000    12.0660   3.909307    34.0335       6771     4.7015     2.2446     2.0637 0.0000e+00
     52.000    12.0923   3.908249    33.9997       6800     4.7213     2.2506     2.0691 0.0000e+00
     51.000    12.1227   3.906666    33.9571       6826     4.7397     2.2548     2.0730 0.0000e+00
     50.000    12.1553   3.905178    33.9135       6851     4.7571     2.2609     2.0748 0.0000e+00
     49.000    12.1618   3.904899    33.9054       6878     4.7760     2.2641     2.0791 0.0000e+00
     48.000    12.1755   3.904404    33.8886       6906     4.7949     2.2673     2.0850 0.0000e+00
     47.000    12.1846   3.902913    33.8663       6930     4.8117     2.2695     2.0893 0.0000e+00
     46.000    12.1877   3.901730    33.8524       6953     4.8276     2.2722     2.0945 0.0000e+00
     45.000    12.1983   3.900113    33.8276       6977     4.8447     2.2815     2.1000 0.0000e+00
     44.000    12.2215   3.899678    33.8030       7005     4.8636     2.3017     2.1026 0.0000e+00
     43.000    12.2597   3.899450    33.7666       7034     4.8837     2.3093     2.1077 0.0000e+00
     42.000    12.3081   3.900644    33.7349       7061     4.9027     2.3181     2.1161 0.0000e+00
     41.000    12.3503   3.903165    33.7217       7088     4.9213     2.3300     2.1288 0.0000e+00
     40.000    12.4463   3.909590    33.6977       7114     4.9396     2.3476     2.1438 0.0000e+00
     39.000    12.5701   3.919362    33.6809       7139     4.9570     2.3652     2.1562 0.0000e+00
     38.000    12.6478   3.926921    33.6842       7164     4.9740     2.3796     2.1669 0.0000e+00
     37.000    12.6902   3.930780    33.6836       7188     4.9909     2.3985     2.1815 0.0000e+00
     36.000    12.7980   3.939835    33.6742       7213     5.0082     2.4238     2.1974 0.0000e+00
     35.000    12.8644   3.945230    33.6668       7240     5.0269     2.4526     2.2137 0.0000e+00
     34.000    13.0813   3.966664    33.6777       7268     5.0466     2.4856     2.2331 0.0000e+00
     33.000    13.2943   3.981474    33.6292       7295     5.0656     2.5100     2.2597 0.0000e+00
     32.000    13.4041   3.987462    33.5891       7321     5.0832     2.5351     2.2906 0.0000e+00
     31.000    13.5643   3.996599    33.5343       7345     5.1002     2.5658     2.3193 0.0000e+00
     30.000    13.6629   4.004713    33.5241       7370     5.1173     2.5963     2.3469 0.0000e+00
     29.000    13.8158   4.018204    33.5165       7395     5.1348     2.6332     2.3751 0.0000e+00
     28.000    14.1312   4.043817    33.4795       7423     5.1540     2.6650     2.4045 0.0000e+00
     27.000    14.5335   4.081007    33.4735       7452     5.1744     2.7210     2.4314 0.0000e+00
     26.000    14.7711   4.101556    33.4569       7479     5.1928     2.7638     2.4620 0.0000e+00
     25.000    15.0692   4.128368    33.4449       7503     5.2098     2.7981     2.4993 0.0000e+00
     24.000    15.3411   4.145631    33.3691       7528     5.2274     2.8359     2.5375 0.0000e+00
     23.000    15.5554   4.155219    33.2739       7554     5.2450     2.8615     2.5740 0.0000e+00
     22.000    15.6733   4.158872    33.2074       7577     5.2614     2.8717     2.6031 0.0000e+00
     21.000    15.6553   4.149203    33.1366       7601     5.2778     2.8735     2.6232 0.0000e+00
     20.000    15.6353   4.142297    33.0923       7628     5.2967     2.8654     2.6363 0.0000e+00
     19.000    15.6046   4.133469    33.0397       7658     5.3174     2.8617     2.6405 0.0000e+00
     18.000    15.6062   4.122202    32.9382       7687     5.3375     2.8580     2.6411 0.0000e+00
     17.000    15.7363   4.120383    32.8140       7712     5.3552     2.8599     2.6427 0.0000e+00
     16.000    15.8790   4.132314    32.8019       7736     5.3716     2.8716     2.6450 0.0000e+00
     15.000    16.2428   4.155568    32.7072       7760     5.3883     2.8916     2.6502 0.0000e+00
     14.000    16.3243   4.165061    32.7240       7785     5.4057     2.9012     2.6548 0.0000e+00
     13.000    16.4953   4.176955    32.6884       7811     5.4236     2.8949     2.6554 0.0000e+00
     12.000    16.5631   4.183503    32.6904       7838     5.4426     2.8917     2.6620 0.0000e+00
     11.000    16.7716   4.199585    32.6607       7866     5.4617     2.8949     2.6648 0.0000e+00
     10.000    17.1313   4.228246    32.6171       7890     5.4788     2.9014     2.6674 0.0000e+00
      9.000    17.4115   4.253947    32.6122       7913     5.4945     2.9106     2.6680 0.0000e+00
      8.000    17.5982   4.271640    32.6137       7939     5.5127     2.8974     2.6651 0.0000e+00
      7.000    18.0044   4.301606    32.5440       7967     5.5319     2.8644     2.6577 0.0000e+00
      6.000    19.8875   4.476596    32.5155       7992     5.5495     2.8720     2.6505 0.0000e+00
      5.000    20.0503   4.507557    32.6416       8018     5.5672     2.8827     2.6626 0.0000e+00
      4.000    20.7763   4.570829    32.5914       8047     5.5877     2.7898     2.6197 0.0000e+00
      3.000    21.0396   4.603550    32.6509       8070     5.6034     2.7342     2.5713 0.0000e+00
      2.000    21.5590   4.662602    32.7220       8314     5.7726     2.6430     2.4415 0.0000e+00
      1.000    21.5448   4.661448    32.7239       8458     5.8729     2.6497     2.4496 0.0000e+00
