HB2407/CTD038.cnv
* Sea-Bird SBE 9 Data File:
* FileName = C:\cruise\data\CTD038.hex
* Software Version Seasave V 7.26.7.121
* Temperature SN = 4591
* Conductivity SN = 6006
* Number of Bytes Per Scan = 37
* Number of Voltage Words = 4
* Number of Scans Averaged by the Deck Unit = 1
* NMEA Latitude = 38 40.38 N
* NMEA Longitude = 074 54.31 W
* NMEA UTC (Time) = Sep 17 2024 14:34:14
** Ship: Bigelow HB2407
** Program:  Fall Bottom Trawl Survey
** Chief Scientist: John Galbraith
# nquan = 9
# nvalues = 36                          
# units = specified
# name 0 = depSM: Depth [salt water, m]
# name 1 = t090C: Temperature [ITS-90, deg C]
# name 2 = c0S/m: Conductivity [S/m]
# name 3 = sal00: Salinity, Practical [PSU]
# name 4 = scan: Scan Count
# name 5 = timeM: Time, Elapsed [minutes]
# name 6 = sbeox0V: Oxygen raw, SBE 43 [V]
# name 7 = sbeox1V: Oxygen raw, SBE 43, 2 [V]
# name 8 = flag: flag
# span 0 =      1.000,     20.000       
# span 1 =    21.9120,    21.9771       
# span 2 =   4.455294,   4.460120       
# span 3 =    30.8362,    30.8420       
# span 4 =        137,       2076       
# span 5 =     0.0945,     1.4409       
# span 6 =     2.4849,     2.5196       
# span 7 =     2.2982,     2.3337       
# span 8 = 0.0000e+00, 0.0000e+00       
# interval = meters: 1                  
# start_time = Sep 17 2024 14:34:14 [NMEA time, header]
# bad_flag = -9.990e-29
*END*
      4.000    21.9687   4.459459    30.8373        137     0.0945     2.5130     2.3301 0.0000e+00
      5.000    21.9706   4.459653    30.8372        261     0.1804     2.5109     2.3300 0.0000e+00
      6.000    21.9717   4.459804    30.8372        327     0.2261     2.5172     2.3311 0.0000e+00
      7.000    21.9715   4.459819    30.8372        347     0.2401     2.5193     2.3322 0.0000e+00
      8.000    21.9741   4.460119    30.8374        361     0.2503     2.5196     2.3321 0.0000e+00
      9.000    21.9720   4.459965    30.8374        377     0.2610     2.5138     2.3328 0.0000e+00
     10.000    21.9671   4.459601    30.8377        398     0.2759     2.5070     2.3337 0.0000e+00
     11.000    21.9588   4.458930    30.8381        434     0.3009     2.5064     2.3308 0.0000e+00
     12.000    21.9464   4.457918    30.8389        466     0.3232     2.5078     2.3292 0.0000e+00
     13.000    21.9362   4.457088    30.8393        491     0.3401     2.5074     2.3296 0.0000e+00
     14.000    21.9311   4.456667    30.8394        519     0.3595     2.4995     2.3251 0.0000e+00
     15.000    21.9303   4.456651    30.8396        549     0.3808     2.5023     2.3162 0.0000e+00
     16.000    21.9282   4.456480    30.8394        573     0.3976     2.5004     2.3173 0.0000e+00
     17.000    21.9248   4.456329    30.8403        594     0.4116     2.5054     2.3187 0.0000e+00
     18.000    21.9190   4.455938    30.8412        615     0.4267     2.5026     2.3221 0.0000e+00
     19.000    21.9120   4.455431    30.8420        641     0.4447     2.4959     2.3212 0.0000e+00
     20.000    21.9138   4.455552    30.8413        666     0.4617     2.4920     2.3167 0.0000e+00
     19.000    21.9148   4.455566    30.8409       1049     0.7277     2.4923     2.3108 0.0000e+00
     18.000    21.9134   4.455367    30.8408       1342     0.9312     2.4849     2.3106 0.0000e+00
     17.000    21.9135   4.455335    30.8408       1357     0.9416     2.4901     2.3087 0.0000e+00
     16.000    21.9139   4.455294    30.8404       1385     0.9613     2.4931     2.3078 0.0000e+00
     15.000    21.9199   4.455546    30.8384       1412     0.9797     2.4966     2.3095 0.0000e+00
     14.000    21.9303   4.456400    30.8379       1438     0.9976     2.4992     2.3126 0.0000e+00
     13.000    21.9462   4.457671    30.8368       1468     1.0187     2.4996     2.3117 0.0000e+00
     12.000    21.9457   4.457713    30.8378       1498     1.0399     2.5004     2.3175 0.0000e+00
     11.000    21.9463   4.457691    30.8374       1519     1.0543     2.5061     2.3202 0.0000e+00
     10.000    21.9452   4.457569    30.8376       1536     1.0658     2.5085     2.3213 0.0000e+00
      9.000    21.9503   4.457870    30.8366       1551     1.0766     2.5086     2.3199 0.0000e+00
      8.000    21.9622   4.458870    30.8362       1569     1.0892     2.5097     2.3155 0.0000e+00
      7.000    21.9723   4.459785    30.8364       1607     1.1156     2.5103     2.3183 0.0000e+00
      6.000    21.9745   4.459940    30.8363       1660     1.1524     2.5129     2.3293 0.0000e+00
      5.000    21.9768   4.460120    30.8364       1681     1.1664     2.5108     2.3272 0.0000e+00
      4.000    21.9771   4.460114    30.8364       1697     1.1778     2.5111     2.3268 0.0000e+00
      3.000    21.9770   4.460068    30.8364       1713     1.1888     2.5110     2.3277 0.0000e+00
      2.000    21.9770   4.460063    30.8367       1979     1.3739     2.5144     2.3211 0.0000e+00
      1.000    21.9749   4.459800    30.8365       2076     1.4409     2.5091     2.2982 0.0000e+00
