HB2407/CTD078.cnv
* Sea-Bird SBE 9 Data File:
* FileName = C:\cruise\data\CTD078.hex
* Software Version Seasave V 7.26.7.121
* Temperature SN = 4591
* Conductivity SN = 6006
* Number of Bytes Per Scan = 37
* Number of Voltage Words = 4
* Number of Scans Averaged by the Deck Unit = 1
* NMEA Latitude = 40 03.16 N
* NMEA Longitude = 073 57.46 W
* NMEA UTC (Time) = Sep 23 2024 04:52:27
* NMEA baud rate = 4800
** Ship: Bigelow HB2407
** Program:  Fall Bottom Trawl Survey
** Chief Scientist: John Galbraith
# nquan = 9
# nvalues = 29                          
# units = specified
# name 0 = depSM: Depth [salt water, m]
# name 1 = t090C: Temperature [ITS-90, deg C]
# name 2 = c0S/m: Conductivity [S/m]
# name 3 = sal00: Salinity, Practical [PSU]
# name 4 = scan: Scan Count
# name 5 = timeM: Time, Elapsed [minutes]
# name 6 = sbeox0V: Oxygen raw, SBE 43 [V]
# name 7 = sbeox1V: Oxygen raw, SBE 43, 2 [V]
# name 8 = flag: flag
# span 0 =      1.000,     16.000       
# span 1 =    20.9596,    20.9723       
# span 2 =   4.417803,   4.424128       
# span 3 =    31.2350,    31.2793       
# span 4 =        -31,       2063       
# span 5 =    -0.0222,     1.4323       
# span 6 =     2.5461,     2.5684       
# span 7 =     2.3535,     2.3800       
# span 8 = 0.0000e+00, 0.0000e+00       
# interval = meters: 1                  
# start_time = Sep 23 2024 04:52:27 [NMEA time, header]
# bad_flag = -9.990e-29
*END*
      3.000    20.9625   4.417982    31.2390        -31    -0.0222     2.5601     2.3738 0.0000e+00
      4.000    20.9613   4.417968    31.2395        182     0.1256     2.5635     2.3759 0.0000e+00
      5.000    20.9619   4.418091    31.2398        300     0.2074     2.5583     2.3694 0.0000e+00
      6.000    20.9603   4.418003    31.2399        311     0.2151     2.5590     2.3705 0.0000e+00
      7.000    20.9596   4.417929    31.2395        332     0.2296     2.5574     2.3727 0.0000e+00
      8.000    20.9604   4.417967    31.2389        370     0.2562     2.5574     2.3741 0.0000e+00
      9.000    20.9683   4.418553    31.2374        408     0.2826     2.5599     2.3705 0.0000e+00
     10.000    20.9716   4.419171    31.2396        430     0.2978     2.5568     2.3668 0.0000e+00
     11.000    20.9714   4.419371    31.2410        450     0.3119     2.5572     2.3649 0.0000e+00
     12.000    20.9721   4.419342    31.2400        473     0.3274     2.5541     2.3674 0.0000e+00
     13.000    20.9723   4.419376    31.2397        499     0.3461     2.5505     2.3633 0.0000e+00
     14.000    20.9721   4.419851    31.2433        529     0.3668     2.5525     2.3642 0.0000e+00
     15.000    20.9695   4.420984    31.2538        767     0.5319     2.5537     2.3652 0.0000e+00
     16.000    20.9682   4.424128    31.2793       1082     0.7505     2.5467     2.3631 0.0000e+00
     15.000    20.9687   4.421219    31.2563        977     0.6776     2.5461     2.3546 0.0000e+00
     14.000    20.9684   4.419893    31.2463       1062     0.7365     2.5491     2.3565 0.0000e+00
     13.000    20.9666   4.420207    31.2505       1203     0.8348     2.5473     2.3540 0.0000e+00
     12.000    20.9664   4.419600    31.2461       1223     0.8483     2.5519     2.3535 0.0000e+00
     11.000    20.9696   4.418444    31.2350       1279     0.8877     2.5641     2.3616 0.0000e+00
     10.000    20.9710   4.418593    31.2355       1313     0.9112     2.5646     2.3706 0.0000e+00
      9.000    20.9717   4.418602    31.2353       1330     0.9227     2.5682     2.3734 0.0000e+00
      8.000    20.9713   4.418609    31.2360       1347     0.9347     2.5681     2.3754 0.0000e+00
      7.000    20.9681   4.418456    31.2374       1375     0.9540     2.5684     2.3789 0.0000e+00
      6.000    20.9651   4.418282    31.2386       1406     0.9758     2.5654     2.3800 0.0000e+00
      5.000    20.9651   4.418175    31.2381       1426     0.9896     2.5645     2.3790 0.0000e+00
      4.000    20.9638   4.418077    31.2386       1442     1.0005     2.5645     2.3768 0.0000e+00
      3.000    20.9627   4.418020    31.2393       1461     1.0136     2.5635     2.3718 0.0000e+00
      2.000    20.9611   4.417863    31.2395       1710     1.1869     2.5624     2.3789 0.0000e+00
      1.000    20.9609   4.417803    31.2395       2063     1.4323     2.5645     2.3754 0.0000e+00
