HB2407/CTD060.cnv
* Sea-Bird SBE 9 Data File:
* FileName = C:\cruise\data\CTD060.hex
* Software Version Seasave V 7.26.7.121
* Temperature SN = 4591
* Conductivity SN = 6006
* Number of Bytes Per Scan = 37
* Number of Voltage Words = 4
* Number of Scans Averaged by the Deck Unit = 1
* NMEA Latitude = 35 03.18 N
* NMEA Longitude = 075 10.12 W
* NMEA UTC (Time) = Sep 20 2024 10:13:59
* NMEA baud rate = 4800
** Ship: Bigelow HB2407
** Program:  Fall Bottom Trawl Survey
** Chief Scientist: John Galbraith
# nquan = 9
# nvalues = 639                         
# units = specified
# name 0 = depSM: Depth [salt water, m]
# name 1 = t090C: Temperature [ITS-90, deg C]
# name 2 = c0S/m: Conductivity [S/m]
# name 3 = sal00: Salinity, Practical [PSU]
# name 4 = scan: Scan Count
# name 5 = timeM: Time, Elapsed [minutes]
# name 6 = sbeox0V: Oxygen raw, SBE 43 [V]
# name 7 = sbeox1V: Oxygen raw, SBE 43, 2 [V]
# name 8 = flag: flag
# span 0 =      1.000,    321.000       
# span 1 =    10.9164,    29.6782       
# span 2 =   3.948646,   5.989644       
# span 3 =    35.3773,    36.6520       
# span 4 =        289,      19856       
# span 5 =     0.2000,    13.7884       
# span 6 =     1.4501,     2.6669       
# span 7 =     1.3477,     2.4807       
# span 8 = 0.0000e+00, 0.0000e+00       
# interval = meters: 1                  
# start_time = Sep 20 2024 10:13:59 [NMEA time, header]
# bad_flag = -9.990e-29
*END*
      3.000    29.6581   5.979568    36.2302        289     0.2000     2.5424     2.3846 0.0000e+00
      4.000    29.6599   5.979730    36.2297        484     0.3356     2.5484     2.3873 0.0000e+00
      5.000    29.6529   5.979075    36.2302        499     0.3458     2.5403     2.3931 0.0000e+00
      6.000    29.6519   5.979028    36.2303        525     0.3637     2.5482     2.3858 0.0000e+00
      7.000    29.6552   5.979391    36.2300        554     0.3839     2.5503     2.3838 0.0000e+00
      8.000    29.6572   5.979644    36.2300        581     0.4031     2.5594     2.3873 0.0000e+00
      9.000    29.6531   5.979272    36.2302        607     0.4209     2.5646     2.3837 0.0000e+00
     10.000    29.6562   5.979627    36.2300        632     0.4384     2.5586     2.3839 0.0000e+00
     11.000    29.6608   5.980125    36.2296        658     0.4564     2.5536     2.3832 0.0000e+00
     12.000    29.6692   5.981016    36.2291        689     0.4778     2.5506     2.3833 0.0000e+00
     13.000    29.6769   5.981855    36.2288        722     0.5004     2.5574     2.3808 0.0000e+00
     14.000    29.6768   5.981908    36.2289        748     0.5188     2.5590     2.3830 0.0000e+00
     15.000    29.6765   5.981920    36.2289        772     0.5355     2.5581     2.3820 0.0000e+00
     16.000    29.6740   5.981724    36.2292        796     0.5524     2.5463     2.3784 0.0000e+00
     17.000    29.6758   5.981951    36.2291        823     0.5705     2.5507     2.3806 0.0000e+00
     18.000    29.6754   5.981960    36.2291        853     0.5918     2.5554     2.3853 0.0000e+00
     19.000    29.6773   5.982195    36.2290        886     0.6149     2.5549     2.3854 0.0000e+00
     20.000    29.6772   5.982253    36.2291        914     0.6338     2.5574     2.3847 0.0000e+00
     21.000    29.6774   5.982306    36.2291        937     0.6503     2.5559     2.3818 0.0000e+00
     22.000    29.6771   5.982325    36.2291        961     0.6666     2.5472     2.3797 0.0000e+00
     23.000    29.6775   5.982393    36.2290        989     0.6858     2.5492     2.3836 0.0000e+00
     24.000    29.6778   5.982484    36.2291       1022     0.7090     2.5431     2.3861 0.0000e+00
     25.000    29.6766   5.982425    36.2293       1052     0.7298     2.5448     2.3825 0.0000e+00
     26.000    29.6752   5.982348    36.2295       1076     0.7462     2.5475     2.3780 0.0000e+00
     27.000    29.6759   5.982488    36.2297       1099     0.7623     2.5438     2.3796 0.0000e+00
     28.000    29.6771   5.982648    36.2296       1126     0.7812     2.5520     2.3801 0.0000e+00
     29.000    29.6775   5.982737    36.2296       1156     0.8022     2.5569     2.3765 0.0000e+00
     30.000    29.6779   5.982807    36.2295       1184     0.8218     2.5566     2.3736 0.0000e+00
     31.000    29.6771   5.982761    36.2295       1216     0.8441     2.5570     2.3817 0.0000e+00
     32.000    29.6766   5.982778    36.2296       1246     0.8645     2.5492     2.3899 0.0000e+00
     33.000    29.6774   5.982914    36.2297       1269     0.8803     2.5568     2.3852 0.0000e+00
     34.000    29.6782   5.983050    36.2297       1291     0.8958     2.5485     2.3720 0.0000e+00
     35.000    29.6780   5.983068    36.2297       1316     0.9133     2.5457     2.3699 0.0000e+00
     36.000    29.6770   5.983011    36.2297       1343     0.9320     2.5503     2.3806 0.0000e+00
     37.000    29.6762   5.982974    36.2298       1372     0.9520     2.5471     2.3864 0.0000e+00
     38.000    29.6772   5.983126    36.2298       1410     0.9784     2.5466     2.3800 0.0000e+00
     39.000    29.6748   5.982923    36.2299       1442     1.0004     2.5442     2.3854 0.0000e+00
     40.000    29.6746   5.982952    36.2300       1463     1.0151     2.5547     2.3775 0.0000e+00
     41.000    29.6748   5.982974    36.2297       1482     1.0282     2.5510     2.3725 0.0000e+00
     42.000    29.6752   5.983046    36.2295       1503     1.0430     2.5480     2.3753 0.0000e+00
     43.000    29.6744   5.982999    36.2295       1534     1.0645     2.5429     2.3754 0.0000e+00
     44.000    29.6746   5.983082    36.2297       1570     1.0897     2.5471     2.3800 0.0000e+00
     45.000    29.6757   5.983240    36.2297       1597     1.1084     2.5407     2.3757 0.0000e+00
     46.000    29.6775   5.983485    36.2297       1625     1.1277     2.5429     2.3737 0.0000e+00
     47.000    29.6778   5.983595    36.2299       1652     1.1465     2.5410     2.3768 0.0000e+00
     48.000    29.6774   5.983613    36.2300       1673     1.1609     2.5459     2.3735 0.0000e+00
     49.000    29.6764   5.983605    36.2304       1694     1.1756     2.5530     2.3764 0.0000e+00
     50.000    29.6748   5.983599    36.2313       1732     1.2018     2.5484     2.3692 0.0000e+00
     51.000    29.6781   5.983806    36.2299       1774     1.2314     2.5527     2.3777 0.0000e+00
     52.000    29.6778   5.983832    36.2300       1794     1.2450     2.5440     2.3729 0.0000e+00
     53.000    29.6736   5.984071    36.2345       1812     1.2575     2.5465     2.3692 0.0000e+00
     54.000    29.6252   5.986802    36.2894       1833     1.2719     2.5472     2.3736 0.0000e+00
     55.000    29.5797   5.988980    36.3384       1857     1.2891     2.5489     2.3759 0.0000e+00
     56.000    29.5050   5.989644    36.3991       1889     1.3114     2.5694     2.3893 0.0000e+00
     57.000    29.3789   5.982291    36.4439       1930     1.3399     2.5873     2.4101 0.0000e+00
     58.000    29.3567   5.979382    36.4406       1958     1.3588     2.5965     2.4229 0.0000e+00
     59.000    29.3477   5.978170    36.4387       1977     1.3721     2.6072     2.4298 0.0000e+00
     60.000    29.3401   5.977263    36.4380       1998     1.3870     2.6094     2.4299 0.0000e+00
     61.000    29.3302   5.976185    36.4378       2035     1.4123     2.6084     2.4299 0.0000e+00
     62.000    29.3189   5.974997    36.4378       2067     1.4349     2.6106     2.4344 0.0000e+00
     63.000    29.2984   5.972835    36.4382       2084     1.4465     2.6079     2.4377 0.0000e+00
     64.000    29.2118   5.964967    36.4496       2100     1.4575     2.6007     2.4316 0.0000e+00
     65.000    29.0663   5.952921    36.4770       2121     1.4721     2.6090     2.4257 0.0000e+00
     66.000    28.7283   5.921423    36.5169       2167     1.5042     2.6035     2.4207 0.0000e+00
     67.000    28.5277   5.901748    36.5337       2206     1.5311     2.6072     2.4378 0.0000e+00
     68.000    28.3785   5.887847    36.5512       2226     1.5453     2.6232     2.4429 0.0000e+00
     69.000    28.3349   5.883097    36.5513       2247     1.5596     2.6271     2.4479 0.0000e+00
     70.000    28.3051   5.879734    36.5505       2278     1.5810     2.6423     2.4558 0.0000e+00
     71.000    28.2594   5.875308    36.5544       2315     1.6068     2.6529     2.4621 0.0000e+00
     72.000    28.1808   5.867634    36.5610       2338     1.6232     2.6480     2.4653 0.0000e+00
     73.000    28.1169   5.860812    36.5622       2357     1.6363     2.6534     2.4730 0.0000e+00
     74.000    27.9743   5.845050    36.5614       2377     1.6499     2.6489     2.4744 0.0000e+00
     75.000    27.8573   5.831461    36.5560       2401     1.6667     2.6485     2.4736 0.0000e+00
     76.000    27.8003   5.824638    36.5518       2434     1.6896     2.6446     2.4744 0.0000e+00
     77.000    27.7142   5.814335    36.5455       2468     1.7130     2.6448     2.4695 0.0000e+00
     78.000    27.6107   5.801910    36.5377       2501     1.7358     2.6359     2.4615 0.0000e+00
     79.000    27.4956   5.788536    36.5321       2535     1.7596     2.6265     2.4464 0.0000e+00
     80.000    27.2794   5.765627    36.5375       2563     1.7790     2.6083     2.4360 0.0000e+00
     81.000    27.1880   5.756346    36.5424       2584     1.7939     2.5897     2.4247 0.0000e+00
     82.000    27.1600   5.753941    36.5469       2603     1.8072     2.5823     2.4197 0.0000e+00
     83.000    27.1376   5.751735    36.5484       2622     1.8203     2.5921     2.4218 0.0000e+00
     84.000    27.0762   5.745224    36.5496       2642     1.8343     2.6040     2.4235 0.0000e+00
     85.000    26.9542   5.731999    36.5502       2686     1.8648     2.6083     2.4293 0.0000e+00
     86.000    26.7167   5.707637    36.5616       2744     1.9045     2.6122     2.4404 0.0000e+00
     87.000    26.5395   5.689602    36.5711       2760     1.9157     2.6133     2.4371 0.0000e+00
     88.000    26.3811   5.673167    36.5771       2775     1.9265     2.5997     2.4303 0.0000e+00
     89.000    26.3314   5.667657    36.5762       2793     1.9386     2.5837     2.4184 0.0000e+00
     90.000    26.2621   5.660480    36.5787       2816     1.9549     2.5695     2.3997 0.0000e+00
     91.000    26.1906   5.652725    36.5787       2852     1.9801     2.5472     2.3832 0.0000e+00
     92.000    26.1254   5.646007    36.5813       2889     2.0057     2.5348     2.3679 0.0000e+00
     93.000    25.9165   5.624631    36.5913       2915     2.0236     2.5342     2.3595 0.0000e+00
     94.000    25.6109   5.596263    36.6274       2939     2.0401     2.5243     2.3485 0.0000e+00
     95.000    25.4880   5.583334    36.6304       2969     2.0609     2.4926     2.3289 0.0000e+00
     96.000    25.4366   5.577826    36.6308       2999     2.0822     2.4595     2.3012 0.0000e+00
     97.000    25.3914   5.573012    36.6313       3020     2.0962     2.4511     2.2921 0.0000e+00
     98.000    25.3727   5.571542    36.6351       3037     2.1081     2.4440     2.2810 0.0000e+00
     99.000    25.1909   5.550607    36.6262       3059     2.1238     2.4364     2.2782 0.0000e+00
    100.000    24.9474   5.519571    36.5917       3130     2.1732     2.4425     2.2831 0.0000e+00
    101.000    24.6800   5.489242    36.5812       3155     2.1902     2.4766     2.2984 0.0000e+00
    102.000    24.3852   5.454607    36.5604       3170     2.2008     2.4783     2.2980 0.0000e+00
    103.000    24.2809   5.441815    36.5485       3186     2.2115     2.4734     2.2982 0.0000e+00
    104.000    24.2295   5.435353    36.5412       3203     2.2235     2.4727     2.2992 0.0000e+00
    105.000    24.1797   5.429295    36.5358       3224     2.2383     2.4769     2.3055 0.0000e+00
    106.000    24.1091   5.420333    36.5252       3256     2.2603     2.4815     2.3073 0.0000e+00
    107.000    24.0308   5.410497    36.5144       3319     2.3043     2.4742     2.3082 0.0000e+00
    108.000    24.0180   5.409582    36.5175       3353     2.3276     2.4732     2.3049 0.0000e+00
    109.000    24.0154   5.409405    36.5179       3369     2.3387     2.4720     2.3044 0.0000e+00
    110.000    24.0021   5.407921    36.5172       3384     2.3492     2.4752     2.3018 0.0000e+00
    111.000    23.9782   5.405249    36.5162       3400     2.3602     2.4732     2.3006 0.0000e+00
    112.000    23.9107   5.398131    36.5170       3419     2.3737     2.4712     2.2975 0.0000e+00
    113.000    23.7641   5.382547    36.5182       3450     2.3950     2.4683     2.2919 0.0000e+00
    114.000    23.6507   5.370495    36.5191       3506     2.4341     2.4492     2.2780 0.0000e+00
    115.000    23.5449   5.359816    36.5241       3543     2.4595     2.4395     2.2688 0.0000e+00
    116.000    23.4977   5.354828    36.5244       3565     2.4750     2.4390     2.2633 0.0000e+00
    117.000    23.4745   5.351990    36.5214       3584     2.4880     2.4315     2.2588 0.0000e+00
    118.000    23.4452   5.349385    36.5253       3600     2.4996     2.4206     2.2524 0.0000e+00
    119.000    23.3599   5.341254    36.5330       3616     2.5107     2.4151     2.2484 0.0000e+00
    120.000    23.3114   5.335770    36.5305       3635     2.5233     2.4124     2.2439 0.0000e+00
    121.000    23.2566   5.329077    36.5239       3695     2.5655     2.3999     2.2263 0.0000e+00
    122.000    23.2350   5.326406    36.5208       3741     2.5969     2.4008     2.2251 0.0000e+00
    123.000    23.1350   5.316927    36.5302       3755     2.6068     2.3975     2.2189 0.0000e+00
    124.000    23.0344   5.306112    36.5297       3771     2.6182     2.3898     2.2132 0.0000e+00
    125.000    22.9827   5.301463    36.5363       3793     2.6332     2.3809     2.2073 0.0000e+00
    126.000    22.9411   5.297520    36.5400       3822     2.6535     2.3640     2.1969 0.0000e+00
    127.000    22.8272   5.287016    36.5529       3849     2.6722     2.3536     2.1897 0.0000e+00
    128.000    22.7392   5.277773    36.5540       3879     2.6930     2.3392     2.1765 0.0000e+00
    129.000    22.7195   5.275199    36.5500       3926     2.7258     2.3148     2.1590 0.0000e+00
    130.000    22.6618   5.269750    36.5554       3952     2.7436     2.3104     2.1496 0.0000e+00
    131.000    22.6036   5.264802    36.5651       3969     2.7553     2.3060     2.1446 0.0000e+00
    132.000    22.5227   5.256811    36.5700       3985     2.7668     2.3028     2.1425 0.0000e+00
    133.000    22.4861   5.253255    36.5725       4008     2.7824     2.2841     2.1348 0.0000e+00
    134.000    22.4349   5.248004    36.5740       4058     2.8175     2.2619     2.1117 0.0000e+00
    135.000    22.3953   5.243893    36.5746       4098     2.8453     2.2573     2.1000 0.0000e+00
    136.000    22.3138   5.235857    36.5796       4118     2.8594     2.2520     2.0950 0.0000e+00
    137.000    22.2854   5.233202    36.5823       4137     2.8725     2.2467     2.0899 0.0000e+00
    138.000    22.2648   5.231300    36.5843       4156     2.8857     2.2410     2.0875 0.0000e+00
    139.000    22.2382   5.228586    36.5850       4177     2.8997     2.2323     2.0847 0.0000e+00
    140.000    22.2291   5.227553    36.5841       4201     2.9167     2.2236     2.0775 0.0000e+00
    141.000    22.2121   5.225691    36.5834       4247     2.9484     2.2163     2.0638 0.0000e+00
    142.000    22.1920   5.223692    36.5842       4292     2.9795     2.2147     2.0581 0.0000e+00
    143.000    22.2012   5.225669    36.5917       4317     2.9971     2.2119     2.0548 0.0000e+00
    144.000    22.2099   5.227314    36.5970       4338     3.0120     2.2122     2.0579 0.0000e+00
    145.000    22.1844   5.225058    36.6004       4357     3.0252     2.2100     2.0550 0.0000e+00
    146.000    22.1437   5.220758    36.6004       4376     3.0380     2.2051     2.0515 0.0000e+00
    147.000    22.0938   5.215246    36.5987       4396     3.0521     2.2037     2.0461 0.0000e+00
    148.000    22.0037   5.206336    36.6040       4430     3.0758     2.1914     2.0384 0.0000e+00
    149.000    21.9235   5.201464    36.6330       4478     3.1090     2.1778     2.0265 0.0000e+00
    150.000    21.8335   5.193663    36.6470       4508     3.1300     2.1565     2.0112 0.0000e+00
    151.000    21.7587   5.186340    36.6520       4534     3.1480     2.1262     1.9840 0.0000e+00
    152.000    21.7068   5.180396    36.6484       4557     3.1636     2.1044     1.9597 0.0000e+00
    153.000    21.6427   5.173224    36.6454       4575     3.1766     2.0893     1.9483 0.0000e+00
    154.000    21.6236   5.171288    36.6458       4594     3.1897     2.0805     1.9390 0.0000e+00
    155.000    21.5702   5.165837    36.6474       4619     3.2072     2.0715     1.9276 0.0000e+00
    156.000    21.5038   5.158265    36.6432       4663     3.2375     2.0544     1.9115 0.0000e+00
    157.000    21.4831   5.156030    36.6426       4696     3.2603     2.0400     1.9015 0.0000e+00
    158.000    21.4690   5.154545    36.6424       4717     3.2749     2.0378     1.8966 0.0000e+00
    159.000    21.4468   5.152053    36.6410       4738     3.2893     2.0360     1.8938 0.0000e+00
    160.000    21.4308   5.150129    36.6389       4766     3.3093     2.0318     1.8896 0.0000e+00
    161.000    21.4137   5.147949    36.6357       4812     3.3411     2.0323     1.8863 0.0000e+00
    162.000    21.3579   5.141983    36.6351       4838     3.3587     2.0312     1.8880 0.0000e+00
