HB2407/CTD009.cnv
* Sea-Bird SBE 9 Data File:
* FileName = C:\cruise\data\CTD009.hex
* Software Version Seasave V 7.26.7.121
* Temperature SN = 4591
* Conductivity SN = 6006
* Number of Bytes Per Scan = 37
* Number of Voltage Words = 4
* Number of Scans Averaged by the Deck Unit = 1
* NMEA Latitude = 38 50.45 N
* NMEA Longitude = 072 59.59 W
* NMEA UTC (Time) = Sep 08 2024 05:38:27
* NMEA baud rate = 4800
** Ship: Bigelow HB2407
** Program:  Fall Bottom Trawl Survey
** Chief Scientist: John Galbraith
# nquan = 9
# nvalues = 219                         
# units = specified
# name 0 = depSM: Depth [salt water, m]
# name 1 = t090C: Temperature [ITS-90, deg C]
# name 2 = c0S/m: Conductivity [S/m]
# name 3 = sal00: Salinity, Practical [PSU]
# name 4 = scan: Scan Count
# name 5 = timeM: Time, Elapsed [minutes]
# name 6 = sbeox0V: Oxygen raw, SBE 43 [V]
# name 7 = sbeox1V: Oxygen raw, SBE 43, 2 [V]
# name 8 = flag: flag
# span 0 =      1.000,    111.000       
# span 1 =    11.7952,    22.3890       
# span 2 =   3.921692,   4.797877       
# span 3 =    33.0320,    35.0852       
# span 4 =        -69,       8362       
# span 5 =    -0.0486,     5.8060       
# span 6 =     1.8741,     2.8975       
# span 7 =     1.7363,     2.6661       
# span 8 = 0.0000e+00, 0.0000e+00       
# interval = meters: 1                  
# start_time = Sep 08 2024 05:38:27 [NMEA time, header]
# bad_flag = -9.990e-29
*END*
[from data line 161]
     58.000    12.0301   3.980606    34.7581       6263     4.3488     2.0254     1.8728 0.0000e+00
     57.000    11.8714   3.954197    34.6486       6295     4.3711     2.0399     1.8822 0.0000e+00
     56.000    11.8080   3.941053    34.5795       6323     4.3903     2.0690     1.8976 0.0000e+00
     55.000    11.8048   3.938912    34.5619       6348     4.4076     2.0921     1.9149 0.0000e+00
     54.000    11.8067   3.936975    34.5416       6375     4.4261     2.1118     1.9334 0.0000e+00
     53.000    11.8105   3.935202    34.5211       6411     4.4516     2.1304     1.9577 0.0000e+00
     52.000    11.8462   3.935362    34.4900       6452     4.4797     2.1497     1.9820 0.0000e+00
     51.000    12.0720   3.952855    34.4520       6480     4.4991     2.1644     1.9940 0.0000e+00
     50.000    12.2036   3.966042    34.4592       6504     4.5159     2.1845     2.0061 0.0000e+00
     49.000    12.2386   3.969338    34.4593       6531     4.5348     2.1991     2.0188 0.0000e+00
     48.000    12.2471   3.970224    34.4604       6566     4.5593     2.2002     2.0253 0.0000e+00
     47.000    12.2459   3.969909    34.4590       6606     4.5865     2.1939     2.0251 0.0000e+00
     46.000    12.2093   3.965156    34.4470       6636     4.6074     2.1905     2.0230 0.0000e+00
     45.000    12.1732   3.959831    34.4292       6660     4.6245     2.1897     2.0238 0.0000e+00
     44.000    12.2323   3.959938    34.3762       6684     4.6407     2.1907     2.0250 0.0000e+00
     43.000    12.4522   3.980528    34.3738       6714     4.6615     2.1940     2.0262 0.0000e+00
     42.000    12.5827   3.993800    34.3825       6760     4.6939     2.2006     2.0306 0.0000e+00
     41.000    12.7055   4.002467    34.3540       6798     4.7203     2.2011     2.0314 0.0000e+00
     40.000    12.7632   4.005782    34.3336       6828     4.7408     2.2048     2.0333 0.0000e+00
     39.000    12.7666   4.003877    34.3127       6854     4.7592     2.2111     2.0384 0.0000e+00
     38.000    12.7588   4.000941    34.2921       6879     4.7762     2.2172     2.0404 0.0000e+00
     37.000    12.7516   3.998939    34.2799       6903     4.7931     2.2233     2.0461 0.0000e+00
     36.000    12.7407   3.997196    34.2736       6932     4.8132     2.2310     2.0536 0.0000e+00
     35.000    12.7320   3.995898    34.2696       6968     4.8382     2.2352     2.0616 0.0000e+00
     34.000    12.7073   3.992147    34.2565       7005     4.8638     2.2380     2.0654 0.0000e+00
     33.000    12.6628   3.985049    34.2294       7035     4.8846     2.2390     2.0638 0.0000e+00
     32.000    12.6144   3.977206    34.1986       7062     4.9033     2.2362     2.0628 0.0000e+00
     31.000    12.5465   3.966581    34.1587       7092     4.9241     2.2364     2.0613 0.0000e+00
     30.000    12.4111   3.947625    34.0997       7125     4.9469     2.2396     2.0649 0.0000e+00
     29.000    12.2573   3.921692    33.9897       7150     4.9645     2.2352     2.0687 0.0000e+00
     28.000    12.3960   3.932486    33.9685       7171     4.9793     2.2305     2.0660 0.0000e+00
     27.000    13.0344   3.996013    34.0003       7194     4.9949     2.2372     2.0672 0.0000e+00
     26.000    14.3724   4.148406    34.2321       7225     5.0169     2.2917     2.0897 0.0000e+00
     25.000    15.4413   4.269878    34.4000       7270     5.0478     2.4192     2.1702 0.0000e+00
     24.000    16.2321   4.363424    34.5470       7306     5.0731     2.5188     2.2576 0.0000e+00
     23.000    16.4685   4.383565    34.5201       7332     5.0911     2.5893     2.3243 0.0000e+00
     22.000    16.6433   4.398538    34.5013       7353     5.1056     2.6333     2.3746 0.0000e+00
     21.000    17.0154   4.434696    34.4978       7374     5.1205     2.6725     2.4200 0.0000e+00
     20.000    17.2628   4.454322    34.4572       7402     5.1393     2.7168     2.4683 0.0000e+00
     19.000    17.5538   4.465469    34.3065       7447     5.1707     2.7550     2.5162 0.0000e+00
     18.000    17.8694   4.468208    34.0650       7480     5.1937     2.7741     2.5447 0.0000e+00
     17.000    18.2648   4.485338    33.8823       7501     5.2085     2.7962     2.5639 0.0000e+00
     16.000    18.9255   4.541535    33.8116       7522     5.2228     2.8330     2.5868 0.0000e+00
     15.000    20.0014   4.638975    33.7445       7549     5.2416     2.8842     2.6306 0.0000e+00
     14.000    21.2027   4.713036    33.3918       7594     5.2729     2.8975     2.6661 0.0000e+00
     13.000    22.3052   4.775432    33.0320       7630     5.2981     2.8010     2.6322 0.0000e+00
     12.000    22.3207   4.780180    33.0575       7654     5.3144     2.7723     2.5887 0.0000e+00
     11.000    22.3165   4.781490    33.0711       7677     5.3306     2.7094     2.5215 0.0000e+00
     10.000    22.3227   4.782976    33.0783       7701     5.3469     2.6664     2.4765 0.0000e+00
      9.000    22.3379   4.784925    33.0821       7723     5.3623     2.6511     2.4584 0.0000e+00
      8.000    22.3430   4.786218    33.0886       7749     5.3802     2.6437     2.4493 0.0000e+00
      7.000    22.3362   4.786625    33.0972       7802     5.4172     2.6359     2.4364 0.0000e+00
      6.000    22.3408   4.787341    33.0996       7828     5.4356     2.6401     2.4328 0.0000e+00
      5.000    22.3433   4.788022    33.1033       7846     5.4476     2.6370     2.4343 0.0000e+00
      4.000    22.3486   4.788683    33.1047       7864     5.4605     2.6344     2.4378 0.0000e+00
      3.000    22.3629   4.790135    33.1054       7901     5.4863     2.6392     2.4360 0.0000e+00
      2.000    22.3662   4.793013    33.1256       8303     5.7654     2.6331     2.4337 0.0000e+00
      1.000    22.3660   4.793060    33.1264       8362     5.8060     2.6357     2.4345 0.0000e+00
