HB2407/CTD097.cnv
* Sea-Bird SBE 9 Data File:
* FileName = C:\cruise\data\CTD097.hex
* Software Version Seasave V 7.26.7.121
* Temperature SN = 4591
* Conductivity SN = 6006
* Number of Bytes Per Scan = 37
* Number of Voltage Words = 4
* Number of Scans Averaged by the Deck Unit = 1
* NMEA Latitude = 41 19.93 N
* NMEA Longitude = 070 55.77 W
* NMEA UTC (Time) = Oct 03 2024 01:51:50
* NMEA baud rate = 4800
** Ship: Bigelow HB2407
** Program:  Fall Bottom Trawl Survey
** Chief Scientist: John Galbraith
# nquan = 9
# nvalues = 56                          
# units = specified
# name 0 = depSM: Depth [salt water, m]
# name 1 = t090C: Temperature [ITS-90, deg C]
# name 2 = c0S/m: Conductivity [S/m]
# name 3 = sal00: Salinity, Practical [PSU]
# name 4 = scan: Scan Count
# name 5 = timeM: Time, Elapsed [minutes]
# name 6 = sbeox0V: Oxygen raw, SBE 43 [V]
# name 7 = sbeox1V: Oxygen raw, SBE 43, 2 [V]
# name 8 = flag: flag
# span 0 =      1.000,     30.000       
# span 1 =    17.6014,    18.0195       
# span 2 =   4.165972,   4.186325       
# span 3 =    31.5574,    31.7040       
# span 4 =         71,       2372       
# span 5 =     0.0485,     1.6463       
# span 6 =     2.2389,     2.6434       
# span 7 =     2.0615,     2.4423       
# span 8 = 0.0000e+00, 0.0000e+00       
# interval = meters: 1                  
# start_time = Oct 03 2024 01:51:50 [NMEA time, header]
# bad_flag = -9.990e-29
*END*
      4.000    18.0109   4.185283    31.5588         71     0.0485     2.6434     2.4419 0.0000e+00
      5.000    18.0141   4.185626    31.5589        230     0.1593     2.6414     2.4423 0.0000e+00
      6.000    18.0178   4.185952    31.5584        258     0.1783     2.6371     2.4402 0.0000e+00
      7.000    18.0195   4.186197    31.5588        280     0.1934     2.6367     2.4404 0.0000e+00
      8.000    18.0189   4.186207    31.5590        310     0.2147     2.6340     2.4393 0.0000e+00
      9.000    18.0188   4.186233    31.5590        346     0.2392     2.6358     2.4322 0.0000e+00
     10.000    18.0193   4.186325    31.5590        370     0.2563     2.6390     2.4326 0.0000e+00
     11.000    18.0133   4.186041    31.5609        390     0.2703     2.6414     2.4366 0.0000e+00
     12.000    17.9826   4.184203    31.5687        411     0.2846     2.6398     2.4395 0.0000e+00
     13.000    17.9234   4.179959    31.5784        437     0.3025     2.6353     2.4405 0.0000e+00
     14.000    17.9003   4.177994    31.5793        474     0.3286     2.6006     2.4150 0.0000e+00
     15.000    17.8764   4.176098    31.5815        508     0.3523     2.5536     2.3732 0.0000e+00
     16.000    17.8654   4.175414    31.5838        532     0.3687     2.5260     2.3487 0.0000e+00
     17.000    17.8640   4.175377    31.5843        554     0.3844     2.4931     2.3201 0.0000e+00
     18.000    17.8645   4.175491    31.5845        578     0.4008     2.4654     2.2942 0.0000e+00
     19.000    17.8638   4.175556    31.5853        603     0.4178     2.4555     2.2802 0.0000e+00
     20.000    17.8614   4.175615    31.5873        631     0.4375     2.4560     2.2775 0.0000e+00
     21.000    17.8558   4.175864    31.5933        666     0.4621     2.4646     2.2786 0.0000e+00
     22.000    17.8544   4.175987    31.5951        695     0.4819     2.4625     2.2778 0.0000e+00
     23.000    17.8530   4.176125    31.5970        719     0.4985     2.4547     2.2694 0.0000e+00
     24.000    17.8508   4.176592    31.6023        750     0.5203     2.4403     2.2571 0.0000e+00
     25.000    17.8433   4.177030    31.6115        792     0.5490     2.4192     2.2430 0.0000e+00
     26.000    17.8356   4.177532    31.6213        824     0.5712     2.4049     2.2305 0.0000e+00
     27.000    17.8231   4.177458    31.6301        847     0.5873     2.3906     2.2203 0.0000e+00
     28.000    17.7958   4.176298    31.6411        869     0.6026     2.3812     2.2088 0.0000e+00
     29.000    17.7045   4.171666    31.6725        894     0.6200     2.3722     2.1978 0.0000e+00
     30.000    17.6014   4.165972    31.7040        922     0.6393     2.3557     2.1881 0.0000e+00
     29.000    17.6903   4.169509    31.6652       1333     0.9249     2.2389     2.0615 0.0000e+00
     28.000    17.7300   4.172033    31.6561       1456     1.0106     2.2935     2.1160 0.0000e+00
     27.000    17.7986   4.175313    31.6310       1461     1.0141     2.3035     2.1238 0.0000e+00
     26.000    17.8120   4.176244    31.6287       1484     1.0297     2.3196     2.1293 0.0000e+00
     25.000    17.8247   4.176558    31.6220       1504     1.0439     2.3303     2.1386 0.0000e+00
     24.000    17.8325   4.176628    31.6168       1524     1.0579     2.3364     2.1504 0.0000e+00
     23.000    17.8344   4.176452    31.6142       1547     1.0733     2.3473     2.1656 0.0000e+00
     22.000    17.8439   4.176100    31.6042       1575     1.0930     2.3671     2.1811 0.0000e+00
     21.000    17.8467   4.175810    31.6000       1611     1.1182     2.3840     2.1922 0.0000e+00
     20.000    17.8515   4.175576    31.5946       1641     1.1391     2.3933     2.2077 0.0000e+00
     19.000    17.8563   4.175277    31.5887       1664     1.1545     2.4026     2.2165 0.0000e+00
     18.000    17.8571   4.175301    31.5886       1683     1.1682     2.4144     2.2259 0.0000e+00
     17.000    17.8600   4.174937    31.5837       1704     1.1823     2.4294     2.2357 0.0000e+00
     16.000    17.8607   4.175039    31.5843       1729     1.1999     2.4453     2.2481 0.0000e+00
     15.000    17.8625   4.175029    31.5833       1764     1.2243     2.4548     2.2622 0.0000e+00
     14.000    17.8643   4.175028    31.5821       1799     1.2487     2.4582     2.2668 0.0000e+00
     13.000    17.8839   4.176098    31.5764       1824     1.2657     2.4546     2.2677 0.0000e+00
     12.000    17.8921   4.176860    31.5768       1843     1.2792     2.4569     2.2685 0.0000e+00
     11.000    17.9092   4.177839    31.5722       1861     1.2918     2.4716     2.2713 0.0000e+00
     10.000    17.9483   4.180576    31.5654       1882     1.3061     2.5011     2.2814 0.0000e+00
      9.000    17.9835   4.183185    31.5606       1916     1.3299     2.5633     2.3081 0.0000e+00
      8.000    18.0031   4.184686    31.5584       1957     1.3580     2.6090     2.3572 0.0000e+00
      7.000    18.0009   4.184425    31.5582       1978     1.3730     2.6211     2.3790 0.0000e+00
      6.000    18.0066   4.184814    31.5574       1997     1.3858     2.6256     2.3950 0.0000e+00
      5.000    18.0078   4.184917    31.5577       2016     1.3997     2.6259     2.4066 0.0000e+00
      4.000    18.0109   4.185132    31.5575       2047     1.4208     2.6319     2.4190 0.0000e+00
      3.000    18.0095   4.185081    31.5585       2203     1.5294     2.6379     2.4386 0.0000e+00
      2.000    18.0084   4.184974    31.5588       2343     1.6266     2.6395     2.4374 0.0000e+00
      1.000    18.0099   4.185097    31.5591       2372     1.6463     2.6412     2.4379 0.0000e+00
