HB2407/CTD089.cnv
* Sea-Bird SBE 9 Data File:
* FileName = C:\cruise\data\CTD089.hex
* Software Version Seasave V 7.26.7.121
* Temperature SN = 4591
* Conductivity SN = 6006
* Number of Bytes Per Scan = 37
* Number of Voltage Words = 4
* Number of Scans Averaged by the Deck Unit = 1
* NMEA Latitude = 40 57.46 N
* NMEA Longitude = 071 56.90 W
* NMEA UTC (Time) = Sep 24 2024 19:15:27
* NMEA baud rate = 4800
** Ship: Bigelow HB2407
** Program:  Fall Bottom Trawl Survey
** Chief Scientist: John Galbraith
# nquan = 9
# nvalues = 45                          
# units = specified
# name 0 = depSM: Depth [salt water, m]
# name 1 = t090C: Temperature [ITS-90, deg C]
# name 2 = c0S/m: Conductivity [S/m]
# name 3 = sal00: Salinity, Practical [PSU]
# name 4 = scan: Scan Count
# name 5 = timeM: Time, Elapsed [minutes]
# name 6 = sbeox0V: Oxygen raw, SBE 43 [V]
# name 7 = sbeox1V: Oxygen raw, SBE 43, 2 [V]
# name 8 = flag: flag
# span 0 =      1.000,     24.000       
# span 1 =    18.2627,    18.5470       
# span 2 =   4.195141,   4.212594       
# span 3 =    31.2326,    31.5868       
# span 4 =        113,       5221       
# span 5 =     0.0779,     3.6250       
# span 6 =     2.4725,     2.6396       
# span 7 =     2.2772,     2.4466       
# span 8 = 0.0000e+00, 0.0000e+00       
# interval = meters: 1                  
# start_time = Sep 24 2024 19:15:27 [NMEA time, header]
# bad_flag = -9.990e-29
*END*
      3.000    18.5458   4.195141    31.2326        113     0.0779     2.6386     2.4417 0.0000e+00
      4.000    18.5426   4.195245    31.2356        289     0.1998     2.6329     2.4466 0.0000e+00
      5.000    18.5404   4.195688    31.2405        331     0.2293     2.6396     2.4399 0.0000e+00
      6.000    18.5470   4.195462    31.2334        360     0.2492     2.6381     2.4370 0.0000e+00
      7.000    18.5404   4.195584    31.2390        379     0.2625     2.6361     2.4360 0.0000e+00
      8.000    18.5039   4.196215    31.2717        400     0.2771     2.6319     2.4333 0.0000e+00
      9.000    18.5047   4.196140    31.2700        430     0.2982     2.6268     2.4293 0.0000e+00
     10.000    18.5184   4.196010    31.2582        469     0.3249     2.6181     2.4224 0.0000e+00
     11.000    18.5170   4.195992    31.2588        499     0.3458     2.6223     2.4188 0.0000e+00
     12.000    18.4637   4.196374    31.3021        524     0.3629     2.6256     2.4212 0.0000e+00
     13.000    18.4610   4.196196    31.3023        547     0.3792     2.6181     2.4223 0.0000e+00
     14.000    18.4503   4.196235    31.3105        572     0.3967     2.6065     2.4127 0.0000e+00
     15.000    18.4232   4.196296    31.3312        600     0.4157     2.5946     2.3998 0.0000e+00
     16.000    18.3967   4.196571    31.3534        632     0.4383     2.5756     2.3905 0.0000e+00
     17.000    18.3653   4.197382    31.3837        676     0.4684     2.5612     2.3793 0.0000e+00
     18.000    18.3532   4.198326    31.4005        711     0.4929     2.5571     2.3667 0.0000e+00
     19.000    18.3434   4.199363    31.4163        734     0.5092     2.5506     2.3592 0.0000e+00
     20.000    18.3327   4.201403    31.4412        756     0.5241     2.5453     2.3508 0.0000e+00
     21.000    18.2962   4.207004    31.5156        778     0.5397     2.5393     2.3457 0.0000e+00
     22.000    18.2668   4.210997    31.5712        803     0.5570     2.5257     2.3368 0.0000e+00
     23.000    18.2634   4.212594    31.5868        830     0.5760     2.5059     2.3242 0.0000e+00
     24.000    18.2770   4.211626    31.5679        859     0.5957     2.4867     2.2995 0.0000e+00
     23.000    18.2698   4.211690    31.5743        888     0.6162     2.4781     2.2976 0.0000e+00
     22.000    18.2627   4.211699    31.5802       2311     1.6042     2.4725     2.2772 0.0000e+00
     21.000    18.2675   4.210361    31.5657       2681     1.8614     2.4729     2.2807 0.0000e+00
     20.000    18.2867   4.207785    31.5297       2781     1.9306     2.4800     2.2927 0.0000e+00
     19.000    18.3120   4.204528    31.4835       2826     1.9616     2.4870     2.2978 0.0000e+00
     18.000    18.3250   4.202523    31.4571       2860     1.9855     2.4915     2.3059 0.0000e+00
     17.000    18.3328   4.201050    31.4392       2910     2.0204     2.5076     2.3148 0.0000e+00
     16.000    18.3398   4.199445    31.4208       2987     2.0738     2.5135     2.3224 0.0000e+00
     15.000    18.3489   4.197954    31.4017       3040     2.1105     2.5156     2.3262 0.0000e+00
     14.000    18.3525   4.197325    31.3941       3073     2.1335     2.5250     2.3266 0.0000e+00
     13.000    18.3556   4.196938    31.3888       3108     2.1573     2.5327     2.3326 0.0000e+00
     12.000    18.3919   4.195784    31.3519       3173     2.2028     2.5428     2.3453 0.0000e+00
     11.000    18.4134   4.195310    31.3319       3235     2.2461     2.5477     2.3564 0.0000e+00
     10.000    18.4352   4.195263    31.3152       3299     2.2904     2.5595     2.3661 0.0000e+00
      9.000    18.4952   4.196541    31.2806       4806     3.3369     2.6001     2.4004 0.0000e+00
      8.000    18.4692   4.195742    31.2941       4663     3.2375     2.5934     2.3920 0.0000e+00
      7.000    18.4760   4.195889    31.2904       4709     3.2697     2.5968     2.3924 0.0000e+00
      6.000    18.4861   4.196258    31.2862       4795     3.3292     2.5987     2.3950 0.0000e+00
      5.000    18.4898   4.196261    31.2837       4821     3.3471     2.6024     2.3979 0.0000e+00
      4.000    18.4953   4.196227    31.2796       4843     3.3628     2.6005     2.4002 0.0000e+00
      3.000    18.4965   4.196383    31.2804       5020     3.4851     2.6012     2.4092 0.0000e+00
      2.000    18.4975   4.196494    31.2809       5214     3.6205     2.6069     2.4071 0.0000e+00
      1.000    18.4985   4.195957    31.2759       5221     3.6250     2.6080     2.4116 0.0000e+00
