HB2407/CTD065.cnv
* Sea-Bird SBE 9 Data File:
* FileName = C:\cruise\data\CTD065.hex
* Software Version Seasave V 7.26.7.121
* Temperature SN = 4591
* Conductivity SN = 6006
* Number of Bytes Per Scan = 37
* Number of Voltage Words = 4
* Number of Scans Averaged by the Deck Unit = 1
* NMEA Latitude = 35 58.33 N
* NMEA Longitude = 074 48.33 W
* NMEA UTC (Time) = Sep 21 2024 03:37:03
* NMEA baud rate = 4800
** Ship: Bigelow HB2407
** Program:  Fall Bottom Trawl Survey
** Chief Scientist: John Galbraith
# nquan = 9
# nvalues = 329                         
# units = specified
# name 0 = depSM: Depth [salt water, m]
# name 1 = t090C: Temperature [ITS-90, deg C]
# name 2 = c0S/m: Conductivity [S/m]
# name 3 = sal00: Salinity, Practical [PSU]
# name 4 = scan: Scan Count
# name 5 = timeM: Time, Elapsed [minutes]
# name 6 = sbeox0V: Oxygen raw, SBE 43 [V]
# name 7 = sbeox1V: Oxygen raw, SBE 43, 2 [V]
# name 8 = flag: flag
# span 0 =      1.000,    166.000       
# span 1 =    10.5640,    23.2655       
# span 2 =   3.552326,   4.913770       
# span 3 =    31.5866,    35.8293       
# span 4 =         31,      10354       
# span 5 =     0.0211,     7.1894       
# span 6 =     1.5992,     2.6959       
# span 7 =     1.4822,     2.3956       
# span 8 = 0.0000e+00, 0.0000e+00       
# interval = meters: 1                  
# start_time = Sep 21 2024 03:37:03 [NMEA time, header]
# bad_flag = -9.990e-29
*END*
      3.000    22.9557   4.853644    33.1455         31     0.0211     2.5646     2.3856 0.0000e+00
      4.000    22.9563   4.853794    33.1459        192     0.1326     2.5640     2.3872 0.0000e+00
      5.000    22.9576   4.854037    33.1464        243     0.1680     2.5670     2.3866 0.0000e+00
      6.000    22.9576   4.854056    33.1463        282     0.1952     2.5677     2.3869 0.0000e+00
      7.000    22.9583   4.854201    33.1466        313     0.2168     2.5690     2.3909 0.0000e+00
      8.000    22.9533   4.853748    33.1466        332     0.2302     2.5709     2.3937 0.0000e+00
      9.000    22.9535   4.853422    33.1436        348     0.2408     2.5725     2.3921 0.0000e+00
     10.000    22.9536   4.853422    33.1432        364     0.2519     2.5723     2.3919 0.0000e+00
     11.000    22.9546   4.853573    33.1432        393     0.2722     2.5678     2.3902 0.0000e+00
     12.000    22.9568   4.853992    33.1445        460     0.3191     2.5676     2.3846 0.0000e+00
     13.000    22.9570   4.853979    33.1439        481     0.3336     2.5638     2.3873 0.0000e+00
     14.000    23.0096   4.862859    33.1718        497     0.3444     2.5655     2.3875 0.0000e+00
     15.000    23.2586   4.906624    33.3176        512     0.3547     2.5691     2.3884 0.0000e+00
     16.000    23.2655   4.913770    33.3665        528     0.3660     2.5773     2.3902 0.0000e+00
     17.000    23.1969   4.906640    33.3637        549     0.3806     2.5777     2.3895 0.0000e+00
     18.000    23.1435   4.899789    33.3516        586     0.4064     2.5701     2.3824 0.0000e+00
     19.000    23.0965   4.893495    33.3388        629     0.4359     2.5597     2.3830 0.0000e+00
     20.000    23.0747   4.890644    33.3332        655     0.4540     2.5668     2.3843 0.0000e+00
     21.000    23.0576   4.888471    33.3292        679     0.4709     2.5610     2.3849 0.0000e+00
     22.000    22.6575   4.837535    33.2403        706     0.4898     2.5672     2.3819 0.0000e+00
     23.000    18.0244   4.309546    32.5773        732     0.5079     2.5423     2.3765 0.0000e+00
     24.000    14.7542   3.950962    32.1025        755     0.5234     2.4245     2.3177 0.0000e+00
     25.000    13.9933   3.867141    31.9680        779     0.5401     2.3273     2.2413 0.0000e+00
     26.000    13.4120   3.803121    31.8588        813     0.5642     2.3320     2.2409 0.0000e+00
     27.000    12.9012   3.750064    31.7891        847     0.5873     2.3577     2.2447 0.0000e+00
     28.000    12.8012   3.739105    31.7692        867     0.6017     2.3638     2.2380 0.0000e+00
     29.000    12.6929   3.727323    31.7484        885     0.6138     2.3645     2.2295 0.0000e+00
     30.000    12.5302   3.711283    31.7328        903     0.6265     2.3679     2.2235 0.0000e+00
     31.000    12.3512   3.693380    31.7129        929     0.6447     2.3682     2.2155 0.0000e+00
     32.000    12.2423   3.681056    31.6868        981     0.6805     2.3712     2.2028 0.0000e+00
     33.000    12.1312   3.670199    31.6764       1017     0.7054     2.3696     2.1975 0.0000e+00
     34.000    12.0214   3.660531    31.6761       1041     0.7222     2.3658     2.1929 0.0000e+00
     35.000    11.5965   3.625272    31.6967       1063     0.7372     2.3650     2.1916 0.0000e+00
     36.000    11.5403   3.626365    31.7550       1083     0.7511     2.3532     2.1870 0.0000e+00
     37.000    11.5317   3.627570    31.7738       1101     0.7636     2.3388     2.1775 0.0000e+00
     38.000    11.1837   3.599914    31.8024       1119     0.7762     2.3369     2.1691 0.0000e+00
     39.000    11.0591   3.587425    31.7869       1142     0.7924     2.3389     2.1713 0.0000e+00
     40.000    10.9486   3.576934    31.7787       1191     0.8263     2.3191     2.1612 0.0000e+00
     41.000    10.8743   3.570787    31.7819       1228     0.8519     2.2924     2.1348 0.0000e+00
     42.000    10.8453   3.568489    31.7839       1250     0.8674     2.2808     2.1200 0.0000e+00
     43.000    10.8201   3.569061    31.8110       1273     0.8836     2.2703     2.1072 0.0000e+00
     44.000    11.0944   3.602580    31.9034       1298     0.9006     2.2643     2.0975 0.0000e+00
     45.000    10.9181   3.586306    31.8956       1322     0.9176     2.2737     2.0963 0.0000e+00
     46.000    10.6480   3.560430    31.8739       1345     0.9336     2.2954     2.1081 0.0000e+00
     47.000    10.6341   3.558845    31.8698       1369     0.9498     2.3079     2.1259 0.0000e+00
     48.000    10.6309   3.558635    31.8701       1398     0.9703     2.3045     2.1322 0.0000e+00
     49.000    10.5996   3.555594    31.8667       1442     1.0005     2.2917     2.1278 0.0000e+00
     50.000    10.5640   3.552326    31.8648       1477     1.0247     2.2892     2.1232 0.0000e+00
     51.000    10.6242   3.560233    31.8905       1497     1.0389     2.2922     2.1203 0.0000e+00
     52.000    10.8521   3.586960    31.9565       1513     1.0503     2.2899     2.1194 0.0000e+00
     53.000    10.9218   3.596253    31.9873       1529     1.0609     2.2920     2.1184 0.0000e+00
     54.000    10.9293   3.597456    31.9923       1545     1.0725     2.2981     2.1201 0.0000e+00
     55.000    10.9968   3.605673    32.0141       1588     1.1018     2.3177     2.1358 0.0000e+00
     56.000    11.1790   3.627513    32.0700       1665     1.1552     2.3468     2.1655 0.0000e+00
     57.000    11.3442   3.647845    32.1254       1676     1.1634     2.3491     2.1669 0.0000e+00
     58.000    11.5726   3.673316    32.1752       1690     1.1728     2.3550     2.1710 0.0000e+00
     59.000    11.6766   3.687915    32.2267       1702     1.1815     2.3621     2.1738 0.0000e+00
     60.000    11.7045   3.692379    32.2455       1715     1.1906     2.3737     2.1793 0.0000e+00
     61.000    11.7253   3.697077    32.2726       1732     1.2018     2.3888     2.1888 0.0000e+00
     62.000    11.8364   3.711558    32.3161       1764     1.2244     2.4113     2.2088 0.0000e+00
     63.000    12.0628   3.737429    32.3694       1820     1.2634     2.4373     2.2367 0.0000e+00
     64.000    12.0323   3.733836    32.3607       1846     1.2813     2.4358     2.2429 0.0000e+00
     65.000    12.6364   3.806178    32.5305       1872     1.2990     2.4391     2.2458 0.0000e+00
     66.000    12.7987   3.827804    32.5958       1906     1.3226     2.4570     2.2607 0.0000e+00
     67.000    12.8321   3.834244    32.6277       1936     1.3440     2.4633     2.2685 0.0000e+00
     68.000    12.8260   3.833922    32.6295       1958     1.3592     2.4643     2.2697 0.0000e+00
     69.000    12.8343   3.835235    32.6344       1977     1.3720     2.4664     2.2715 0.0000e+00
     70.000    12.8507   3.837361    32.6400       1995     1.3845     2.4679     2.2747 0.0000e+00
     71.000    12.8445   3.836943    32.6410       2014     1.3979     2.4692     2.2781 0.0000e+00
     72.000    12.8179   3.834469    32.6400       2036     1.4135     2.4719     2.2829 0.0000e+00
     73.000    12.8017   3.833214    32.6418       2079     1.4428     2.4740     2.2881 0.0000e+00
     74.000    12.7306   3.825895    32.6333       2140     1.4855     2.4769     2.2866 0.0000e+00
     75.000    12.4785   3.799679    32.6014       2161     1.5002     2.4774     2.2822 0.0000e+00
     76.000    12.2760   3.778921    32.5780       2178     1.5118     2.4697     2.2808 0.0000e+00
     77.000    12.1524   3.765111    32.5524       2194     1.5229     2.4589     2.2770 0.0000e+00
     78.000    12.0687   3.755762    32.5348       2212     1.5352     2.4455     2.2705 0.0000e+00
     79.000    11.7112   3.718606    32.4865       2236     1.5519     2.4304     2.2626 0.0000e+00
     80.000    11.4461   3.697229    32.5101       2276     1.5799     2.4062     2.2407 0.0000e+00
     81.000    11.3228   3.688853    32.5360       2309     1.6029     2.3885     2.2224 0.0000e+00
     82.000    11.4402   3.717562    32.7135       2333     1.6192     2.3786     2.2092 0.0000e+00
     83.000    11.1940   3.697491    32.7341       2354     1.6340     2.3741     2.2015 0.0000e+00
     84.000    11.0123   3.680613    32.7287       2377     1.6503     2.3613     2.1908 0.0000e+00
     85.000    10.9176   3.671529    32.7227       2411     1.6734     2.3374     2.1704 0.0000e+00
     86.000    10.8337   3.663650    32.7190       2457     1.7054     2.3188     2.1485 0.0000e+00
     87.000    10.8210   3.664188    32.7353       2487     1.7265     2.3127     2.1394 0.0000e+00
     88.000    10.8190   3.666560    32.7602       2506     1.7392     2.3092     2.1365 0.0000e+00
     89.000    10.7581   3.664567    32.7944       2520     1.7496     2.3084     2.1347 0.0000e+00
     90.000    10.6887   3.663835    32.8490       2536     1.7601     2.3067     2.1309 0.0000e+00
     91.000    10.6533   3.662692    32.8690       2553     1.7723     2.3008     2.1259 0.0000e+00
     92.000    10.5917   3.658119    32.8783       2604     1.8073     2.2789     2.1105 0.0000e+00
     93.000    10.5831   3.659010    32.8945       2672     1.8551     2.2564     2.0871 0.0000e+00
     94.000    10.6052   3.663408    32.9182       2684     1.8635     2.2556     2.0857 0.0000e+00
     95.000    10.6179   3.666715    32.9393       2697     1.8723     2.2551     2.0840 0.0000e+00
     96.000    10.7088   3.680845    32.9980       2709     1.8807     2.2555     2.0832 0.0000e+00
     97.000    10.8205   3.696353    33.0512       2722     1.8895     2.2546     2.0821 0.0000e+00
     98.000    10.9543   3.716189    33.1271       2738     1.9007     2.2552     2.0799 0.0000e+00
     99.000    11.1446   3.743916    33.2295       2802     1.9450     2.2412     2.0688 0.0000e+00
    100.000    11.3530   3.771536    33.3134       2863     1.9878     2.2315     2.0602 0.0000e+00
    101.000    11.6267   3.808604    33.4299       2880     1.9991     2.2321     2.0599 0.0000e+00
    102.000    11.7218   3.823801    33.4922       2895     2.0097     2.2325     2.0594 0.0000e+00
    103.000    11.7770   3.831574    33.5178       2910     2.0199     2.2340     2.0618 0.0000e+00
    104.000    11.9172   3.849871    33.5691       2925     2.0302     2.2318     2.0615 0.0000e+00
    105.000    11.9851   3.861524    33.6207       2941     2.0418     2.2285     2.0583 0.0000e+00
    106.000    12.2059   3.891282    33.7093       2961     2.0556     2.2238     2.0526 0.0000e+00
    107.000    12.5410   3.939258    33.8687       2998     2.0812     2.2177     2.0447 0.0000e+00
    108.000    12.7140   3.965696    33.9661       3095     2.1487     2.1742     2.0110 0.0000e+00
    109.000    12.7105   3.964829    33.9604       3112     2.1604     2.1651     2.0044 0.0000e+00
    110.000    12.7033   3.965549    33.9734       3128     2.1716     2.1645     2.0019 0.0000e+00
    111.000    12.8735   3.990091    34.0538       3143     2.1817     2.1645     1.9995 0.0000e+00
    112.000    13.0030   4.011495    34.1404       3157     2.1913     2.1644     1.9969 0.0000e+00
    113.000    13.0025   4.013148    34.1561       3171     2.2014     2.1666     1.9941 0.0000e+00
    114.000    13.0200   4.016576    34.1725       3187     2.2122     2.1631     1.9910 0.0000e+00
    115.000    13.0721   4.024326    34.1986       3206     2.2256     2.1513     1.9832 0.0000e+00
    116.000    13.0844   4.026616    34.2089       3254     2.2592     2.1245     1.9654 0.0000e+00
    117.000    13.1003   4.029333    34.2199       3330     2.3120     2.1039     1.9456 0.0000e+00
    118.000    13.1096   4.030627    34.2234       3354     2.3287     2.1032     1.9442 0.0000e+00
    119.000    13.1649   4.038336    34.2461       3379     2.3458     2.0984     1.9402 0.0000e+00
    120.000    13.2644   4.051665    34.2820       3401     2.3612     2.0975     1.9378 0.0000e+00
    121.000    13.3135   4.058739    34.3042       3419     2.3735     2.0962     1.9370 0.0000e+00
    122.000    13.3237   4.060017    34.3067       3434     2.3839     2.0935     1.9352 0.0000e+00
    123.000    13.3401   4.062347    34.3135       3448     2.3936     2.0893     1.9313 0.0000e+00
    124.000    13.3343   4.061699    34.3122       3462     2.4037     2.0850     1.9277 0.0000e+00
    125.000    13.3436   4.062983    34.3155       3480     2.4160     2.0792     1.9228 0.0000e+00
    126.000    13.4847   4.083292    34.3792       3547     2.4623     2.0625     1.9119 0.0000e+00
    127.000    13.8202   4.136286    34.5733       3628     2.5189     2.0503     1.9000 0.0000e+00
    128.000    13.9956   4.165723    34.6893       3644     2.5297     2.0530     1.8988 0.0000e+00
    129.000    14.1056   4.185521    34.7738       3658     2.5396     2.0538     1.8957 0.0000e+00
    130.000    14.2046   4.202505    34.8415       3671     2.5485     2.0505     1.8931 0.0000e+00
    131.000    14.3665   4.228225    34.9330       3683     2.5570     2.0464     1.8905 0.0000e+00
    132.000    14.5221   4.251338    35.0053       3695     2.5654     2.0366     1.8851 0.0000e+00
    133.000    14.7805   4.294427    35.1674       3708     2.5741     2.0261     1.8781 0.0000e+00
    134.000    14.9297   4.321390    35.2789       3722     2.5839     2.0141     1.8688 0.0000e+00
    135.000    14.9945   4.335650    35.3502       3779     2.6239     1.9575     1.8196 0.0000e+00
    136.000    15.0470   4.343971    35.3782       3875     2.6905     1.8963     1.7590 0.0000e+00
    137.000    15.1425   4.361512    35.4511       3885     2.6969     1.8963     1.7594 0.0000e+00
    138.000    15.1551   4.364726    35.4685       3895     2.7042     1.8986     1.7603 0.0000e+00
    139.000    15.2215   4.378858    35.5364       3905     2.7111     1.9004     1.7610 0.0000e+00
    140.000    15.2987   4.403165    35.6867       3916     2.7189     1.8984     1.7608 0.0000e+00
    141.000    15.2121   4.407498    35.8047       3931     2.7293     1.8923     1.7565 0.0000e+00
    142.000    15.0867   4.397383    35.8268       3983     2.7651     1.8317     1.7136 0.0000e+00
    143.000    14.9660   4.385431    35.8279       4035     2.8015     1.7911     1.6702 0.0000e+00
    144.000    14.8267   4.371660    35.8293       4067     2.8237     1.7835     1.6590 0.0000e+00
    145.000    14.5123   4.339689    35.8243       4099     2.8457     1.7729     1.6486 0.0000e+00
    146.000    14.4440   4.332187    35.8177       4128     2.8657     1.7573     1.6367 0.0000e+00
    147.000    14.3367   4.320540    35.8086       4152     2.8827     1.7452     1.6250 0.0000e+00
    148.000    14.0821   4.293496    35.7927       4173     2.8974     1.7381     1.6177 0.0000e+00
    149.000    13.8634   4.269575    35.7721       4193     2.9111     1.7287     1.6106 0.0000e+00
    150.000    13.6526   4.246682    35.7532       4213     2.9249     1.7167     1.5999 0.0000e+00
    151.000    13.5288   4.232950    35.7391       4235     2.9403     1.7005     1.5878 0.0000e+00
    152.000    13.4617   4.225104    35.7273       4262     2.9593     1.6840     1.5717 0.0000e+00
    153.000    13.3805   4.215723    35.7141       4295     2.9818     1.6700     1.5560 0.0000e+00
    154.000    13.3293   4.209615    35.7037       4334     3.0088     1.6554     1.5440 0.0000e+00
    155.000    13.2820   4.204095    35.6952       4373     3.0364     1.6464     1.5348 0.0000e+00
    156.000    13.2383   4.199061    35.6880       4407     3.0598     1.6454     1.5292 0.0000e+00
    157.000    13.1046   4.184043    35.6702       4432     3.0773     1.6446     1.5271 0.0000e+00
    158.000    13.0352   4.176258    35.6607       4454     3.0921     1.6398     1.5246 0.0000e+00
    159.000    12.9870   4.170795    35.6535       4474     3.1065     1.6367     1.5215 0.0000e+00
    160.000    12.9135   4.162480    35.6427       4495     3.1205     1.6348     1.5174 0.0000e+00
    161.000    12.8192   4.151971    35.6304       4514     3.1343     1.6307     1.5142 0.0000e+00
    162.000    12.5406   4.121358    35.5984       4534     3.1479     1.6265     1.5105 0.0000e+00
