HB2407/CTD034.cnv
* Sea-Bird SBE 9 Data File:
* FileName = C:\cruise\data\CTD034.hex
* Software Version Seasave V 7.26.7.121
* Temperature SN = 4591
* Conductivity SN = 6006
* Number of Bytes Per Scan = 37
* Number of Voltage Words = 4
* Number of Scans Averaged by the Deck Unit = 1
* NMEA Latitude = 39 22.80 N
* NMEA Longitude = 074 00.15 W
* NMEA UTC (Time) = Sep 16 2024 21:31:14
* NMEA baud rate = 4800
** Ship: Bigelow HB2407
** Program:  Fall Bottom Trawl Survey
** Chief Scientist: John Galbraith
# nquan = 9
# nvalues = 43                          
# units = specified
# name 0 = depSM: Depth [salt water, m]
# name 1 = t090C: Temperature [ITS-90, deg C]
# name 2 = c0S/m: Conductivity [S/m]
# name 3 = sal00: Salinity, Practical [PSU]
# name 4 = scan: Scan Count
# name 5 = timeM: Time, Elapsed [minutes]
# name 6 = sbeox0V: Oxygen raw, SBE 43 [V]
# name 7 = sbeox1V: Oxygen raw, SBE 43, 2 [V]
# name 8 = flag: flag
# span 0 =      1.000,     23.000       
# span 1 =    18.1201,    21.3877       
# span 2 =   4.137399,   4.400658       
# span 3 =    30.7804,    31.0688       
# span 4 =         27,       3769       
# span 5 =     0.0180,     2.6168       
# span 6 =     2.1352,     2.6287       
# span 7 =     2.0321,     2.4289       
# span 8 = 0.0000e+00, 0.0000e+00       
# interval = meters: 1                  
# start_time = Sep 16 2024 21:31:14 [NMEA time, header]
# bad_flag = -9.990e-29
*END*
      3.000    21.3877   4.400621    30.7951         27     0.0180     2.6260     2.4289 0.0000e+00
      4.000    21.3842   4.400658    30.7976         71     0.0487     2.6287     2.4264 0.0000e+00
      5.000    21.3723   4.400249    30.8026        427     0.2958     2.6200     2.4231 0.0000e+00
      6.000    21.3715   4.400295    30.8032        438     0.3036     2.6219     2.4158 0.0000e+00
      7.000    21.3709   4.400330    30.8036        461     0.3196     2.6249     2.4198 0.0000e+00
      8.000    21.3579   4.399734    30.8079        487     0.3376     2.6239     2.4211 0.0000e+00
      9.000    21.3655   4.400134    30.8053        519     0.3595     2.6179     2.4199 0.0000e+00
     10.000    21.3732   4.400573    30.8029        545     0.3779     2.6168     2.4197 0.0000e+00
     11.000    21.3732   4.400628    30.8030        568     0.3936     2.6160     2.4173 0.0000e+00
     12.000    21.3636   4.400237    30.8065        639     0.4429     2.6138     2.4172 0.0000e+00
     13.000    21.3633   4.400214    30.8063        704     0.4882     2.6079     2.4208 0.0000e+00
     14.000    21.3629   4.400275    30.8067        724     0.5021     2.6022     2.4170 0.0000e+00
     15.000    21.3618   4.400263    30.8071        744     0.5162     2.6016     2.4161 0.0000e+00
     16.000    21.3604   4.400246    30.8076        768     0.5328     2.6070     2.4167 0.0000e+00
     17.000    21.3423   4.399433    30.8139        823     0.5711     2.5979     2.4145 0.0000e+00
     18.000    21.3320   4.398943    30.8172        907     0.6290     2.5979     2.4099 0.0000e+00
     19.000    21.3210   4.398313    30.8198        931     0.6457     2.5994     2.4107 0.0000e+00
     20.000    21.2836   4.396286    30.8305       1016     0.7051     2.5971     2.3976 0.0000e+00
     21.000    20.8122   4.363948    30.9156       1045     0.7248     2.5936     2.3981 0.0000e+00
     22.000    19.3013   4.238091    31.0130       1067     0.7402     2.5716     2.3916 0.0000e+00
     23.000    18.1201   4.137399    31.0688       1109     0.7693     2.3258     2.2722 0.0000e+00
     22.000    19.0663   4.219380    31.0351       1123     0.7791     2.1909     2.1306 0.0000e+00
     21.000    19.4675   4.243631    30.9353       1144     0.7940     2.1352     2.0321 0.0000e+00
     20.000    21.0072   4.371992    30.8386       1356     0.9409     2.2464     2.0505 0.0000e+00
     19.000    21.2421   4.386059    30.7804       2407     1.6711     2.4180     2.1604 0.0000e+00
     18.000    21.3002   4.392247    30.7875       2626     1.8231     2.5056     2.2263 0.0000e+00
     17.000    21.3095   4.393689    30.7925       2649     1.8388     2.5432     2.2659 0.0000e+00
     16.000    21.3313   4.395127    30.7884       2669     1.8528     2.5652     2.3055 0.0000e+00
     15.000    21.3415   4.396362    30.7911       2691     1.8682     2.5809     2.3336 0.0000e+00
     14.000    21.3592   4.398272    30.7937       2747     1.9068     2.5959     2.3745 0.0000e+00
     13.000    21.3585   4.398301    30.7947       2801     1.9443     2.5976     2.3929 0.0000e+00
     12.000    21.3628   4.398833    30.7961       2828     1.9634     2.6062     2.3897 0.0000e+00
     11.000    21.3657   4.399057    30.7961       2856     1.9829     2.6039     2.3840 0.0000e+00
     10.000    21.3639   4.399031    30.7975       2881     2.0001     2.6078     2.3888 0.0000e+00
      9.000    21.3653   4.399092    30.7973       2901     2.0141     2.6071     2.3948 0.0000e+00
      8.000    21.3706   4.399489    30.7969       2924     2.0301     2.6071     2.3985 0.0000e+00
      7.000    21.3769   4.399903    30.7959       2977     2.0670     2.6102     2.4060 0.0000e+00
      6.000    21.3771   4.399771    30.7951       3030     2.1036     2.6174     2.4093 0.0000e+00
      5.000    21.3763   4.399687    30.7953       3062     2.1256     2.6237     2.4119 0.0000e+00
      4.000    21.3773   4.398639    30.7867       3083     2.1402     2.6246     2.4066 0.0000e+00
      3.000    21.3770   4.399631    30.7950       3100     2.1519     2.6232     2.4098 0.0000e+00
      2.000    21.3791   4.400220    30.7984       3547     2.4622     2.6212     2.4042 0.0000e+00
      1.000    21.3775   4.400055    30.7986       3769     2.6168     2.6242     2.4130 0.0000e+00
