HB2407/CTD058.cnv
* Sea-Bird SBE 9 Data File:
* FileName = C:\cruise\data\CTD058.hex
* Software Version Seasave V 7.26.7.121
* Temperature SN = 4591
* Conductivity SN = 6006
* Number of Bytes Per Scan = 37
* Number of Voltage Words = 4
* Number of Scans Averaged by the Deck Unit = 1
* NMEA Latitude = 34 43.71 N
* NMEA Longitude = 075 33.60 W
* NMEA UTC (Time) = Sep 20 2024 04:09:48
* NMEA baud rate = 4800
** Ship: Bigelow HB2407
** Program:  Fall Bottom Trawl Survey
** Chief Scientist: John Galbraith
# nquan = 9
# nvalues = 331                         
# units = specified
# name 0 = depSM: Depth [salt water, m]
# name 1 = t090C: Temperature [ITS-90, deg C]
# name 2 = c0S/m: Conductivity [S/m]
# name 3 = sal00: Salinity, Practical [PSU]
# name 4 = scan: Scan Count
# name 5 = timeM: Time, Elapsed [minutes]
# name 6 = sbeox0V: Oxygen raw, SBE 43 [V]
# name 7 = sbeox1V: Oxygen raw, SBE 43, 2 [V]
# name 8 = flag: flag
# span 0 =      1.000,    167.000       
# span 1 =    18.9597,    29.6682       
# span 2 =   4.851637,   5.975225       
# span 3 =    35.8744,    36.5783       
# span 4 =        121,      10720       
# span 5 =     0.0832,     7.4438       
# span 6 =     1.8530,     2.5819       
# span 7 =     1.7160,     2.4001       
# span 8 = 0.0000e+00, 0.0000e+00       
# interval = meters: 1                  
# start_time = Sep 20 2024 04:09:48 [NMEA time, header]
# bad_flag = -9.990e-29
*END*
      3.000    29.6547   5.972563    36.1848        121     0.0832     2.5604     2.3848 0.0000e+00
      4.000    29.6582   5.973081    36.1855        234     0.1617     2.5560     2.3826 0.0000e+00
      5.000    29.6576   5.973097    36.1857        258     0.1783     2.5617     2.3789 0.0000e+00
      6.000    29.6579   5.973201    36.1859        294     0.2037     2.5682     2.3860 0.0000e+00
      7.000    29.6577   5.973247    36.1861        334     0.2311     2.5622     2.3932 0.0000e+00
      8.000    29.6563   5.973150    36.1862        358     0.2479     2.5556     2.3908 0.0000e+00
      9.000    29.6564   5.973187    36.1861        378     0.2618     2.5502     2.3912 0.0000e+00
     10.000    29.6562   5.973203    36.1860        398     0.2757     2.5600     2.3892 0.0000e+00
     11.000    29.6566   5.973296    36.1860        420     0.2913     2.5659     2.3835 0.0000e+00
     12.000    29.6583   5.973466    36.1857        447     0.3095     2.5662     2.3816 0.0000e+00
     13.000    29.6565   5.973426    36.1865        474     0.3286     2.5679     2.3773 0.0000e+00
     14.000    29.6564   5.973513    36.1868        501     0.3472     2.5645     2.3756 0.0000e+00
     15.000    29.6561   5.973537    36.1869        531     0.3681     2.5636     2.3830 0.0000e+00
     16.000    29.6570   5.973681    36.1869        565     0.3917     2.5715     2.3866 0.0000e+00
     17.000    29.6580   5.973831    36.1869        593     0.4109     2.5674     2.3909 0.0000e+00
     18.000    29.6579   5.973861    36.1869        614     0.4256     2.5608     2.3879 0.0000e+00
     19.000    29.6583   5.973939    36.1868        634     0.4395     2.5598     2.3856 0.0000e+00
     20.000    29.6571   5.973813    36.1865        657     0.4554     2.5665     2.3803 0.0000e+00
     21.000    29.6577   5.973955    36.1867        688     0.4770     2.5659     2.3809 0.0000e+00
     22.000    29.6579   5.974064    36.1871        723     0.5013     2.5485     2.3816 0.0000e+00
     23.000    29.6578   5.974064    36.1869        751     0.5206     2.5588     2.3822 0.0000e+00
     24.000    29.6581   5.974020    36.1861        774     0.5366     2.5587     2.3785 0.0000e+00
     25.000    29.6585   5.974180    36.1865        796     0.5522     2.5579     2.3746 0.0000e+00
     26.000    29.6579   5.974226    36.1869        822     0.5702     2.5583     2.3813 0.0000e+00
     27.000    29.6582   5.974301    36.1870        855     0.5927     2.5502     2.3837 0.0000e+00
     28.000    29.6597   5.974428    36.1864        885     0.6138     2.5538     2.3858 0.0000e+00
     29.000    29.6576   5.974163    36.1859        909     0.6305     2.5485     2.3868 0.0000e+00
     30.000    29.6554   5.973946    36.1858        931     0.6460     2.5641     2.3803 0.0000e+00
     31.000    29.6557   5.973978    36.1855        958     0.6644     2.5599     2.3779 0.0000e+00
     32.000    29.6459   5.972682    36.1837        990     0.6867     2.5583     2.3806 0.0000e+00
     33.000    29.6308   5.970565    36.1802       1019     0.7072     2.5571     2.3767 0.0000e+00
     34.000    29.6319   5.970714    36.1801       1042     0.7232     2.5588     2.3754 0.0000e+00
     35.000    29.6227   5.969406    36.1778       1063     0.7375     2.5625     2.3776 0.0000e+00
     36.000    29.6201   5.968938    36.1763       1087     0.7544     2.5563     2.3795 0.0000e+00
     37.000    29.6171   5.968504    36.1752       1124     0.7801     2.5525     2.3810 0.0000e+00
     38.000    29.6223   5.969348    36.1768       1160     0.8048     2.5511     2.3783 0.0000e+00
     39.000    29.6251   5.969847    36.1779       1184     0.8215     2.5578     2.3749 0.0000e+00
     40.000    29.6069   5.967245    36.1734       1205     0.8358     2.5595     2.3797 0.0000e+00
     41.000    29.6074   5.967247    36.1727       1224     0.8495     2.5563     2.3780 0.0000e+00
     42.000    29.5986   5.966240    36.1722       1246     0.8646     2.5587     2.3726 0.0000e+00
     43.000    29.5324   5.957852    36.1642       1275     0.8847     2.5589     2.3802 0.0000e+00
     44.000    29.4155   5.945923    36.1701       1315     0.9124     2.5575     2.3846 0.0000e+00
     45.000    29.2062   5.922149    36.1641       1345     0.9333     2.5639     2.3837 0.0000e+00
     46.000    29.0616   5.904918    36.1543       1367     0.9484     2.5581     2.3785 0.0000e+00
     47.000    28.9715   5.891799    36.1314       1388     0.9634     2.5598     2.3804 0.0000e+00
     48.000    28.8544   5.877823    36.1230       1415     0.9819     2.5591     2.3774 0.0000e+00
     49.000    28.7853   5.868527    36.1106       1447     1.0041     2.5530     2.3758 0.0000e+00
     50.000    28.6663   5.854302    36.1017       1474     1.0227     2.5457     2.3750 0.0000e+00
     51.000    28.5895   5.843731    36.0862       1496     1.0379     2.5476     2.3790 0.0000e+00
     52.000    28.5550   5.840050    36.0865       1518     1.0536     2.5431     2.3774 0.0000e+00
     53.000    28.5434   5.838974    36.0875       1547     1.0738     2.5403     2.3715 0.0000e+00
     54.000    28.5381   5.838621    36.0888       1582     1.0980     2.5331     2.3672 0.0000e+00
     55.000    28.4999   5.833863    36.0844       1609     1.1169     2.5311     2.3663 0.0000e+00
     56.000    28.3963   5.821040    36.0733       1631     1.1318     2.5332     2.3672 0.0000e+00
     57.000    28.2774   5.806037    36.0586       1652     1.1464     2.5326     2.3638 0.0000e+00
     58.000    28.2176   5.798799    36.0533       1676     1.1634     2.5256     2.3566 0.0000e+00
     59.000    28.1667   5.791733    36.0423       1710     1.1869     2.5280     2.3527 0.0000e+00
     60.000    28.1545   5.789891    36.0383       1745     1.2110     2.5339     2.3544 0.0000e+00
     61.000    28.1340   5.787485    36.0368       1769     1.2280     2.5276     2.3579 0.0000e+00
     62.000    27.9728   5.767653    36.0202       1790     1.2423     2.5234     2.3547 0.0000e+00
     63.000    27.7935   5.743444    35.9864       1812     1.2578     2.5240     2.3528 0.0000e+00
     64.000    27.6985   5.730583    35.9680       1840     1.2769     2.5282     2.3551 0.0000e+00
     65.000    27.6221   5.720475    35.9547       1870     1.2980     2.5214     2.3532 0.0000e+00
     66.000    27.5530   5.712483    35.9507       1896     1.3160     2.5227     2.3503 0.0000e+00
     67.000    27.5289   5.709430    35.9472       1919     1.3320     2.5279     2.3488 0.0000e+00
     68.000    27.5151   5.707588    35.9445       1944     1.3492     2.5250     2.3464 0.0000e+00
     69.000    27.5061   5.706320    35.9421       1975     1.3708     2.5215     2.3447 0.0000e+00
     70.000    27.4545   5.700055    35.9369       2008     1.3935     2.5209     2.3439 0.0000e+00
     71.000    27.3904   5.690993    35.9214       2034     1.4115     2.5229     2.3444 0.0000e+00
     72.000    27.3039   5.677847    35.8940       2057     1.4275     2.5185     2.3478 0.0000e+00
     73.000    27.2800   5.674397    35.8875       2081     1.4441     2.5202     2.3441 0.0000e+00
     74.000    27.2727   5.673310    35.8851       2108     1.4634     2.5195     2.3387 0.0000e+00
     75.000    27.2700   5.673320    35.8869       2138     1.4841     2.5087     2.3328 0.0000e+00
     76.000    27.2571   5.672752    35.8925       2163     1.5012     2.5092     2.3345 0.0000e+00
     77.000    27.2269   5.669116    35.8894       2185     1.5165     2.5126     2.3361 0.0000e+00
     78.000    27.2155   5.668104    35.8907       2208     1.5326     2.5064     2.3381 0.0000e+00
     79.000    27.2297   5.672713    35.9124       2236     1.5518     2.5097     2.3345 0.0000e+00
     80.000    27.4697   5.717534    36.0462       2269     1.5748     2.5087     2.3290 0.0000e+00
     81.000    27.7879   5.786472    36.2896       2302     1.5982     2.5170     2.3345 0.0000e+00
     82.000    27.8157   5.802897    36.3840       2329     1.6165     2.5324     2.3503 0.0000e+00
     83.000    27.7436   5.807362    36.4713       2350     1.6315     2.5368     2.3612 0.0000e+00
     84.000    27.5784   5.794900    36.5111       2372     1.6462     2.5485     2.3666 0.0000e+00
     85.000    27.4538   5.781968    36.5161       2396     1.6633     2.5552     2.3742 0.0000e+00
     86.000    27.3759   5.774041    36.5201       2428     1.6854     2.5597     2.3823 0.0000e+00
     87.000    27.2245   5.759162    36.5321       2461     1.7083     2.5601     2.3849 0.0000e+00
     88.000    27.1249   5.749463    36.5405       2487     1.7262     2.5651     2.3822 0.0000e+00
     89.000    26.9952   5.736100    36.5461       2507     1.7406     2.5577     2.3782 0.0000e+00
     90.000    26.8853   5.725571    36.5567       2527     1.7544     2.5476     2.3753 0.0000e+00
     91.000    26.7501   5.710547    36.5547       2552     1.7718     2.5467     2.3761 0.0000e+00
     92.000    26.6490   5.700222    36.5597       2596     1.8019     2.5600     2.3774 0.0000e+00
     93.000    26.5702   5.692237    36.5639       2632     1.8270     2.5592     2.3737 0.0000e+00
     94.000    26.5027   5.685407    36.5676       2654     1.8422     2.5588     2.3771 0.0000e+00
     95.000    26.4193   5.677094    36.5731       2673     1.8556     2.5544     2.3741 0.0000e+00
     96.000    26.2939   5.664165    36.5783       2693     1.8698     2.5507     2.3725 0.0000e+00
     97.000    26.1723   5.650560    36.5756       2718     1.8871     2.5493     2.3664 0.0000e+00
     98.000    26.0286   5.632506    36.5578       2751     1.9096     2.5417     2.3650 0.0000e+00
     99.000    25.7164   5.595448    36.5349       2784     1.9325     2.5365     2.3571 0.0000e+00
    100.000    25.4030   5.559261    36.5190       2810     1.9507     2.5307     2.3613 0.0000e+00
    101.000    25.3050   5.547613    36.5112       2832     1.9662     2.5164     2.3515 0.0000e+00
    102.000    25.3410   5.551096    36.5077       2856     1.9825     2.5152     2.3405 0.0000e+00
    103.000    25.3293   5.550250    36.5105       2884     2.0024     2.5180     2.3439 0.0000e+00
    104.000    25.2669   5.543709    36.5119       2919     2.0262     2.5266     2.3503 0.0000e+00
    105.000    25.2170   5.539580    36.5211       2950     2.0476     2.5299     2.3491 0.0000e+00
    106.000    25.1405   5.532524    36.5300       2975     2.0651     2.5293     2.3460 0.0000e+00
    107.000    25.1023   5.529098    36.5350       2997     2.0807     2.5187     2.3459 0.0000e+00
    108.000    24.8311   5.502904    36.5586       3019     2.0961     2.5192     2.3418 0.0000e+00
    109.000    24.5774   5.473617    36.5446       3042     2.1121     2.5148     2.3383 0.0000e+00
    110.000    24.4553   5.458020    36.5263       3071     2.1320     2.4852     2.3219 0.0000e+00
    111.000    24.3897   5.449650    36.5162       3109     2.1582     2.4271     2.2757 0.0000e+00
    112.000    24.3131   5.440646    36.5104       3140     2.1802     2.4065     2.2433 0.0000e+00
    113.000    24.2652   5.436510    36.5178       3164     2.1962     2.4083     2.2344 0.0000e+00
    114.000    24.2287   5.432691    36.5184       3185     2.2112     2.3984     2.2290 0.0000e+00
    115.000    24.1826   5.428371    36.5230       3209     2.2275     2.3814     2.2179 0.0000e+00
    116.000    24.0741   5.417065    36.5257       3236     2.2465     2.3787     2.2073 0.0000e+00
    117.000    23.7910   5.387079    36.5294       3265     2.2668     2.3828     2.2083 0.0000e+00
    118.000    23.7127   5.378978    36.5316       3293     2.2861     2.3534     2.1962 0.0000e+00
    119.000    23.5832   5.366275    36.5407       3319     2.3043     2.3246     2.1718 0.0000e+00
    120.000    23.4217   5.349392    36.5441       3348     2.3240     2.3031     2.1525 0.0000e+00
    121.000    23.3271   5.338790    36.5404       3379     2.3460     2.2840     2.1291 0.0000e+00
    122.000    23.1995   5.325587    36.5440       3407     2.3655     2.2697     2.1153 0.0000e+00
    123.000    22.8791   5.293310    36.5600       3431     2.3817     2.2637     2.1125 0.0000e+00
    124.000    22.7368   5.278062    36.5596       3452     2.3968     2.2551     2.1054 0.0000e+00
    125.000    22.6321   5.266810    36.5590       3477     2.4138     2.2332     2.0914 0.0000e+00
    126.000    22.5300   5.256036    36.5599       3508     2.4356     2.2124     2.0659 0.0000e+00
    127.000    22.4011   5.242381    36.5606       3542     2.4589     2.1916     2.0353 0.0000e+00
    128.000    22.1342   5.213008    36.5536       3569     2.4778     2.1818     2.0269 0.0000e+00
    129.000    22.0888   5.208309    36.5545       3593     2.4941     2.1662     2.0195 0.0000e+00
    130.000    22.0440   5.202997    36.5499       3614     2.5092     2.1527     2.0092 0.0000e+00
    131.000    22.0237   5.200556    36.5474       3637     2.5252     2.1436     1.9985 0.0000e+00
    132.000    21.9918   5.196643    36.5429       3668     2.5464     2.1361     1.9889 0.0000e+00
    133.000    21.9613   5.192861    36.5384       3709     2.5748     2.1344     1.9833 0.0000e+00
    134.000    21.9228   5.188522    36.5362       3740     2.5965     2.1292     1.9759 0.0000e+00
    135.000    21.8088   5.177253    36.5429       3760     2.6101     2.1230     1.9755 0.0000e+00
    136.000    21.5330   5.148102    36.5442       3776     2.6218     2.1224     1.9730 0.0000e+00
    137.000    21.3193   5.124277    36.5350       3794     2.6339     2.1155     1.9687 0.0000e+00
    138.000    21.1907   5.108575    36.5182       3817     2.6503     2.0928     1.9551 0.0000e+00
    139.000    21.1435   5.101846    36.5040       3862     2.6812     2.0576     1.9270 0.0000e+00
    140.000    21.0729   5.093925    36.5001       3899     2.7069     2.0530     1.9122 0.0000e+00
    141.000    20.8665   5.072387    36.5024       3922     2.7226     2.0528     1.9047 0.0000e+00
    142.000    20.6545   5.047710    36.4838       3943     2.7376     2.0436     1.8968 0.0000e+00
    143.000    20.5838   5.038401    36.4685       3967     2.7541     2.0317     1.8899 0.0000e+00
    144.000    20.5259   5.031209    36.4594       3993     2.7725     2.0159     1.8754 0.0000e+00
    145.000    20.4301   5.020582    36.4548       4019     2.7905     2.0018     1.8695 0.0000e+00
    146.000    20.3164   5.007015    36.4415       4044     2.8073     1.9958     1.8636 0.0000e+00
    147.000    20.2822   5.002646    36.4349       4071     2.8263     1.9875     1.8553 0.0000e+00
    148.000    20.2321   4.997117    36.4324       4104     2.8494     1.9828     1.8432 0.0000e+00
    149.000    20.2027   4.993920    36.4312       4134     2.8698     1.9800     1.8376 0.0000e+00
    150.000    20.1510   4.988577    36.4317       4157     2.8859     1.9790     1.8366 0.0000e+00
    151.000    20.0324   4.976428    36.4340       4179     2.9015     1.9732     1.8327 0.0000e+00
    152.000    19.8074   4.950448    36.4144       4206     2.9203     1.9610     1.8274 0.0000e+00
    153.000    19.8599   4.954858    36.4050       4236     2.9413     1.9463     1.8151 0.0000e+00
    154.000    19.8582   4.954866    36.4061       4262     2.9590     1.9451     1.8049 0.0000e+00
    155.000    19.8004   4.949280    36.4097       4286     2.9755     1.9434     1.8025 0.0000e+00
    156.000    19.5465   4.921314    36.3982       4313     2.9944     1.9362     1.7976 0.0000e+00
    157.000    19.4744   4.912066    36.3838       4345     3.0165     1.9233     1.7890 0.0000e+00
    158.000    19.3860   4.903063    36.3855       4372     3.0356     1.9092     1.7793 0.0000e+00
    159.000    19.2066   4.883288    36.3767       4395     3.0516     1.9028     1.7724 0.0000e+00
    160.000    19.1807   4.879127    36.3641       4419     3.0684     1.8945     1.7662 0.0000e+00
    161.000    19.1594   4.876712    36.3621       4449     3.0886     1.8810     1.7542 0.0000e+00
    162.000    19.1169   4.871598    36.3561       4478     3.1092     1.8741     1.7441 0.0000e+00
