HB2407/CTD017.cnv
* Sea-Bird SBE 9 Data File:
* FileName = C:\cruise\data\CTD017.hex
* Software Version Seasave V 7.26.7.121
* Temperature SN = 4591
* Conductivity SN = 6006
* Number of Bytes Per Scan = 37
* Number of Voltage Words = 4
* Number of Scans Averaged by the Deck Unit = 1
* NMEA Latitude = 37 54.22 N
* NMEA Longitude = 074 13.14 W
* NMEA UTC (Time) = Sep 10 2024 03:20:45
* NMEA baud rate = 4800
** Ship: Bigelow HB2407
** Program:  Fall Bottom Trawl Survey
** Chief Scientist: John Galbraith
# nquan = 9
# nvalues = 171                         
# units = specified
# name 0 = depSM: Depth [salt water, m]
# name 1 = t090C: Temperature [ITS-90, deg C]
# name 2 = c0S/m: Conductivity [S/m]
# name 3 = sal00: Salinity, Practical [PSU]
# name 4 = scan: Scan Count
# name 5 = timeM: Time, Elapsed [minutes]
# name 6 = sbeox0V: Oxygen raw, SBE 43 [V]
# name 7 = sbeox1V: Oxygen raw, SBE 43, 2 [V]
# name 8 = flag: flag
# span 0 =      1.000,     87.000       
# span 1 =     8.7353,    21.2790       
# span 2 =   3.456293,   4.587199       
# span 3 =    31.9852,    34.8960       
# span 4 =        177,       6593       
# span 5 =     0.1220,     4.5778       
# span 6 =     2.0166,     2.9778       
# span 7 =     1.8580,     2.6391       
# span 8 = 0.0000e+00, 0.0000e+00       
# interval = meters: 1                  
# start_time = Sep 10 2024 03:20:45 [NMEA time, header]
# bad_flag = -9.990e-29
*END*
      3.000    21.2748   4.586540    32.3377        177     0.1220     2.6179     2.4256 0.0000e+00
      4.000    21.2755   4.586656    32.3378        312     0.2161     2.6273     2.4212 0.0000e+00
      5.000    21.2731   4.586315    32.3366        337     0.2332     2.6249     2.4226 0.0000e+00
      6.000    21.2704   4.585960    32.3355        366     0.2534     2.6200     2.4271 0.0000e+00
      7.000    21.2709   4.586051    32.3355        393     0.2726     2.6212     2.4267 0.0000e+00
      8.000    21.2724   4.586261    32.3357        418     0.2897     2.6214     2.4292 0.0000e+00
      9.000    21.2790   4.587199    32.3378        440     0.3049     2.6221     2.4294 0.0000e+00
     10.000    21.2735   4.586820    32.3386        462     0.3202     2.6156     2.4275 0.0000e+00
     11.000    21.2629   4.585813    32.3384        488     0.3385     2.6147     2.4310 0.0000e+00
     12.000    21.2398   4.583497    32.3372        521     0.3609     2.6167     2.4322 0.0000e+00
     13.000    21.1931   4.578719    32.3344        553     0.3835     2.6169     2.4328 0.0000e+00
     14.000    20.7718   4.539894    32.3448        579     0.4014     2.6159     2.4336 0.0000e+00
     15.000    19.5489   4.429186    32.3884        602     0.4171     2.6077     2.4309 0.0000e+00
     16.000    17.3306   4.215323    32.3414        625     0.4335     2.5992     2.4191 0.0000e+00
     17.000    14.6595   3.962913    32.2925        652     0.4520     2.5826     2.4233 0.0000e+00
     18.000    13.4669   3.872450    32.4629        680     0.4716     2.5916     2.4476 0.0000e+00
     19.000    13.0919   3.844589    32.5214        709     0.4915     2.6515     2.5072 0.0000e+00
     20.000    12.8176   3.820780    32.5315        737     0.5110     2.7100     2.5526 0.0000e+00
     21.000    11.8279   3.720203    32.4242        762     0.5288     2.7335     2.5721 0.0000e+00
     22.000    11.3541   3.675575    32.4032        787     0.5456     2.7127     2.5568 0.0000e+00
     23.000    10.9250   3.636160    32.3920        811     0.5627     2.6956     2.5351 0.0000e+00
     24.000    10.5256   3.602813    32.4138        837     0.5808     2.6807     2.5144 0.0000e+00
     25.000    10.4442   3.601266    32.4705        867     0.6012     2.6497     2.4859 0.0000e+00
     26.000    10.4839   3.607834    32.5004        898     0.6230     2.5990     2.4421 0.0000e+00
     27.000    10.3937   3.598768    32.4896        926     0.6423     2.5463     2.3890 0.0000e+00
     28.000    10.1269   3.574216    32.4808        952     0.6604     2.5030     2.3412 0.0000e+00
     29.000     9.7225   3.537481    32.4715        977     0.6777     2.4595     2.2985 0.0000e+00
     30.000     9.8149   3.556683    32.5827       1001     0.6943     2.4168     2.2582 0.0000e+00
     31.000    10.5403   3.637828    32.7479       1025     0.7112     2.3842     2.2231 0.0000e+00
     32.000     9.8635   3.561514    32.5855       1052     0.7296     2.3721     2.1995 0.0000e+00
     33.000     8.7353   3.456293    32.5306       1079     0.7485     2.3304     2.1701 0.0000e+00
     34.000     8.7602   3.459849    32.5442       1105     0.7665     2.2712     2.1283 0.0000e+00
     35.000     9.2885   3.527779    32.7639       1133     0.7862     2.2277     2.0858 0.0000e+00
     36.000     9.6334   3.569726    32.8788       1164     0.8076     2.2162     2.0559 0.0000e+00
     37.000     9.8339   3.597151    32.9751       1191     0.8265     2.2198     2.0474 0.0000e+00
     38.000     9.8761   3.604412    33.0100       1217     0.8444     2.2237     2.0479 0.0000e+00
     39.000    10.0162   3.625721    33.0977       1243     0.8628     2.2228     2.0483 0.0000e+00
     40.000    10.2305   3.654494    33.1927       1273     0.8831     2.2206     2.0467 0.0000e+00
     41.000    10.2299   3.657252    33.2207       1302     0.9033     2.2210     2.0469 0.0000e+00
     42.000    10.1740   3.655047    33.2492       1326     0.9201     2.2179     2.0435 0.0000e+00
     43.000    10.1857   3.657649    33.2643       1347     0.9347     2.2116     2.0411 0.0000e+00
     44.000    10.2490   3.666557    33.2959       1369     0.9498     2.2015     2.0353 0.0000e+00
     45.000    10.3450   3.679395    33.3369       1395     0.9682     2.1918     2.0241 0.0000e+00
     46.000    10.4069   3.687543    33.3617       1428     0.9911     2.1845     2.0135 0.0000e+00
     47.000    10.5205   3.702922    33.4118       1460     1.0129     2.1805     2.0090 0.0000e+00
     48.000    10.6196   3.716208    33.4537       1486     1.0314     2.1802     2.0090 0.0000e+00
     49.000    10.6632   3.722236    33.4737       1512     1.0490     2.1800     2.0106 0.0000e+00
     50.000    10.6876   3.726066    33.4892       1538     1.0671     2.1799     2.0121 0.0000e+00
     51.000    10.7115   3.729355    33.4998       1567     1.0872     2.1817     2.0116 0.0000e+00
     52.000    10.7208   3.731238    33.5096       1597     1.1083     2.1829     2.0104 0.0000e+00
     53.000    10.7435   3.735161    33.5276       1624     1.1272     2.1797     2.0092 0.0000e+00
     54.000    10.7552   3.737230    33.5371       1648     1.1435     2.1760     2.0075 0.0000e+00
     55.000    10.7725   3.739775    33.5463       1671     1.1595     2.1755     2.0080 0.0000e+00
     56.000    10.7930   3.742999    33.5592       1693     1.1753     2.1734     2.0076 0.0000e+00
     57.000    10.8096   3.746053    33.5740       1717     1.1918     2.1739     2.0066 0.0000e+00
     58.000    10.8315   3.749732    33.5902       1748     1.2132     2.1734     2.0072 0.0000e+00
     59.000    10.8816   3.756908    33.6153       1784     1.2379     2.1718     2.0043 0.0000e+00
     60.000    10.9913   3.771050    33.6550       1813     1.2584     2.1735     2.0036 0.0000e+00
     61.000    11.0522   3.778297    33.6707       1838     1.2758     2.1763     2.0042 0.0000e+00
     62.000    11.0765   3.781376    33.6786       1863     1.2930     2.1789     2.0055 0.0000e+00
     63.000    11.0946   3.783906    33.6866       1889     1.3113     2.1822     2.0078 0.0000e+00
     64.000    11.2136   3.800316    33.7397       1916     1.3302     2.1830     2.0108 0.0000e+00
     65.000    11.3185   3.815115    33.7894       1942     1.3479     2.1868     2.0152 0.0000e+00
     66.000    11.3878   3.825494    33.8278       1967     1.3655     2.1944     2.0201 0.0000e+00
     67.000    11.4830   3.839715    33.8803       1996     1.3853     2.1990     2.0231 0.0000e+00
     68.000    11.5584   3.851369    33.9253       2024     1.4050     2.2033     2.0245 0.0000e+00
     69.000    11.6798   3.870807    34.0041       2050     1.4230     2.2060     2.0248 0.0000e+00
     70.000    11.7882   3.887514    34.0679       2076     1.4408     2.2049     2.0274 0.0000e+00
     71.000    11.9324   3.910548    34.1599       2101     1.4586     2.2026     2.0279 0.0000e+00
     72.000    11.9824   3.918508    34.1912       2129     1.4775     2.2030     2.0282 0.0000e+00
     73.000    12.0334   3.927647    34.2328       2159     1.4989     2.1993     2.0259 0.0000e+00
     74.000    12.1383   3.944698    34.3017       2191     1.5211     2.1970     2.0217 0.0000e+00
     75.000    12.1794   3.951357    34.3282       2221     1.5418     2.1941     2.0193 0.0000e+00
     76.000    12.2393   3.961256    34.3687       2248     1.5606     2.1936     2.0184 0.0000e+00
     77.000    12.2989   3.971122    34.4089       2273     1.5777     2.1924     2.0186 0.0000e+00
     78.000    12.3741   3.982752    34.4518       2297     1.5943     2.1898     2.0196 0.0000e+00
     79.000    12.4633   3.997608    34.5127       2320     1.6106     2.1863     2.0187 0.0000e+00
     80.000    12.5434   4.015002    34.6062       2345     1.6278     2.1829     2.0165 0.0000e+00
     81.000    12.5767   4.023865    34.6603       2374     1.6480     2.1766     2.0119 0.0000e+00
     82.000    12.5954   4.028470    34.6870       2408     1.6714     2.1522     1.9961 0.0000e+00
     83.000    12.6121   4.032469    34.7096       2437     1.6915     2.1290     1.9762 0.0000e+00
     84.000    12.6313   4.037156    34.7364       2463     1.7094     2.1148     1.9612 0.0000e+00
     85.000    12.6477   4.041377    34.7614       2490     1.7282     2.1059     1.9509 0.0000e+00
     86.000    12.6637   4.045493    34.7858       2518     1.7482     2.0919     1.9403 0.0000e+00
     87.000    12.7280   4.063209    34.8960       3845     2.6691     2.0166     1.8580 0.0000e+00
     86.000    12.6883   4.052422    34.8295       3946     2.7396     2.0385     1.8899 0.0000e+00
     85.000    12.6751   4.049181    34.8110       4020     2.7912     2.0355     1.8875 0.0000e+00
     84.000    12.6579   4.044564    34.7831       4051     2.8127     2.0385     1.8865 0.0000e+00
     83.000    12.6483   4.042048    34.7682       4078     2.8312     2.0398     1.8896 0.0000e+00
     82.000    12.6400   4.039970    34.7564       4106     2.8508     2.0471     1.8966 0.0000e+00
     81.000    12.6254   4.036515    34.7370       4137     2.8724     2.0603     1.9044 0.0000e+00
     80.000    12.6114   4.033268    34.7192       4165     2.8919     2.0720     1.9117 0.0000e+00
     79.000    12.5946   4.029505    34.6989       4188     2.9075     2.0777     1.9156 0.0000e+00
     78.000    12.5865   4.027429    34.6869       4208     2.9214     2.0810     1.9188 0.0000e+00
     77.000    12.5764   4.024539    34.6688       4229     2.9359     2.0876     1.9223 0.0000e+00
     76.000    12.5399   4.015907    34.6198       4255     2.9540     2.0954     1.9285 0.0000e+00
     75.000    12.4679   4.001257    34.5454       4290     2.9788     2.1110     1.9401 0.0000e+00
     74.000    12.3692   3.984514    34.4750       4324     3.0022     2.1346     1.9550 0.0000e+00
     73.000    12.2639   3.967301    34.4059       4348     3.0188     2.1421     1.9637 0.0000e+00
     72.000    12.2227   3.960356    34.3769       4369     3.0337     2.1487     1.9743 0.0000e+00
     71.000    12.1908   3.955034    34.3551       4391     3.0489     2.1565     1.9852 0.0000e+00
     70.000    12.1114   3.942281    34.3048       4415     3.0654     2.1656     1.9948 0.0000e+00
     69.000    12.0170   3.927027    34.2437       4443     3.0850     2.1734     2.0026 0.0000e+00
     68.000    11.9159   3.910127    34.1723       4473     3.1054     2.1767     2.0068 0.0000e+00
     67.000    11.7528   3.884618    34.0733       4500     3.1244     2.1771     2.0087 0.0000e+00
     66.000    11.6061   3.861347    33.9803       4527     3.1431     2.1748     2.0119 0.0000e+00
     65.000    11.5119   3.847022    33.9265       4554     3.1617     2.1782     2.0139 0.0000e+00
     64.000    11.4248   3.833034    33.8691       4580     3.1801     2.1817     2.0167 0.0000e+00
     63.000    11.3556   3.823148    33.8356       4608     3.1993     2.1859     2.0194 0.0000e+00
     62.000    11.2461   3.807025    33.7772       4634     3.2177     2.1887     2.0211 0.0000e+00
     61.000    11.1732   3.796648    33.7418       4659     3.2345     2.1883     2.0232 0.0000e+00
     60.000    11.1331   3.790591    33.7190       4684     3.2523     2.1879     2.0214 0.0000e+00
     59.000    11.0772   3.783777    33.7030       4713     3.2724     2.1889     2.0195 0.0000e+00
     58.000    11.0063   3.773813    33.6696       4743     3.2930     2.1870     2.0183 0.0000e+00
     57.000    10.9225   3.763058    33.6399       4770     3.3119     2.1823     2.0173 0.0000e+00
     56.000    10.8599   3.754086    33.6084       4793     3.3279     2.1776     2.0142 0.0000e+00
     55.000    10.8293   3.749019    33.5864       4815     3.3433     2.1735     2.0117 0.0000e+00
     54.000    10.8010   3.744753    33.5703       4842     3.3617     2.1728     2.0094 0.0000e+00
     53.000    10.7830   3.741498    33.5547       4874     3.3840     2.1681     2.0078 0.0000e+00
     52.000    10.7700   3.738847    33.5406       4902     3.4034     2.1662     2.0054 0.0000e+00
     51.000    10.7428   3.734609    33.5236       4926     3.4200     2.1670     2.0026 0.0000e+00
     50.000    10.7338   3.733066    33.5169       4949     3.4364     2.1691     2.0017 0.0000e+00
     49.000    10.7217   3.730892    33.5067       4976     3.4546     2.1698     2.0020 0.0000e+00
     48.000    10.6722   3.723907    33.4827       5007     3.4767     2.1697     2.0042 0.0000e+00
     47.000    10.5946   3.713115    33.4461       5038     3.4982     2.1695     2.0047 0.0000e+00
     46.000    10.4724   3.696913    33.3959       5063     3.5153     2.1673     2.0058 0.0000e+00
     45.000    10.4273   3.690037    33.3686       5085     3.5306     2.1634     2.0060 0.0000e+00
     44.000    10.3581   3.681123    33.3428       5107     3.5462     2.1602     2.0043 0.0000e+00
     43.000    10.2868   3.670914    33.3056       5134     3.5644     2.1574     2.0013 0.0000e+00
     42.000    10.2278   3.662361    33.2738       5164     3.5851     2.1559     1.9986 0.0000e+00
     41.000    10.2366   3.660249    33.2448       5192     3.6048     2.1562     1.9971 0.0000e+00
     40.000    10.2587   3.659967    33.2222       5217     3.6221     2.1611     1.9979 0.0000e+00
     39.000    10.2232   3.653359    33.1884       5241     3.6390     2.1681     2.0001 0.0000e+00
     38.000    10.0744   3.632870    33.1175       5267     3.6573     2.1746     2.0057 0.0000e+00
     37.000     9.9803   3.618598    33.0593       5296     3.6772     2.1806     2.0128 0.0000e+00
     36.000     9.8899   3.603101    32.9849       5324     3.6962     2.1833     2.0173 0.0000e+00
     35.000     9.7886   3.587360    32.9175       5349     3.7141     2.1881     2.0211 0.0000e+00
     34.000     9.5803   3.561933    32.8484       5375     3.7319     2.1904     2.0239 0.0000e+00
     33.000     9.1793   3.509576    32.6769       5401     3.7499     2.1857     2.0264 0.0000e+00
     32.000     9.2737   3.509285    32.5882       5428     3.7687     2.1809     2.0236 0.0000e+00
     31.000     9.7739   3.556692    32.6199       5456     3.7881     2.1904     2.0215 0.0000e+00
     30.000    10.0784   3.582940    32.6117       5482     3.8059     2.2149     2.0284 0.0000e+00
     29.000     9.8917   3.560127    32.5493       5505     3.8224     2.2326     2.0417 0.0000e+00
     28.000     9.7693   3.543685    32.4929       5529     3.8392     2.2433     2.0546 0.0000e+00
     27.000     9.8809   3.547563    32.4322       5555     3.8573     2.2589     2.0698 0.0000e+00
     26.000    10.1206   3.566149    32.4058       5583     3.8766     2.2810     2.0841 0.0000e+00
     25.000    10.2734   3.579643    32.4057       5610     3.8953     2.3044     2.1029 0.0000e+00
     24.000    10.3176   3.583608    32.4066       5636     3.9135     2.3296     2.1257 0.0000e+00
     23.000    10.3581   3.582134    32.3561       5665     3.9333     2.3636     2.1514 0.0000e+00
     22.000    10.6419   3.599228    32.2758       5694     3.9535     2.4078     2.1783 0.0000e+00
     21.000    10.8899   3.620520    32.2690       5720     3.9715     2.4612     2.2076 0.0000e+00
     20.000    11.3539   3.657947    32.2313       5744     3.9880     2.5214     2.2485 0.0000e+00
     19.000    12.2161   3.737722    32.2577       5767     4.0043     2.6062     2.2982 0.0000e+00
     18.000    12.6088   3.776777    32.2939       5792     4.0212     2.6832     2.3606 0.0000e+00
     17.000    13.1654   3.820777    32.2356       5818     4.0398     2.7361     2.4284 0.0000e+00
     16.000    13.9477   3.880785    32.1355       5848     4.0602     2.7872     2.4893 0.0000e+00
     15.000    14.3052   3.912398    32.1280       5876     4.0795     2.7987     2.5390 0.0000e+00
     14.000    16.4252   4.090118    31.9852       5899     4.0961     2.8562     2.5647 0.0000e+00
     13.000    17.8080   4.229854    32.0902       5922     4.1117     2.9778     2.5988 0.0000e+00
     12.000    18.8264   4.328963    32.1248       5946     4.1283     2.9320     2.6391 0.0000e+00
