HB2407/CTD077.cnv
* Sea-Bird SBE 9 Data File:
* FileName = C:\cruise\data\CTD077.hex
* Software Version Seasave V 7.26.7.121
* Temperature SN = 4591
* Conductivity SN = 6006
* Number of Bytes Per Scan = 37
* Number of Voltage Words = 4
* Number of Scans Averaged by the Deck Unit = 1
* NMEA Latitude = 39 53.65 N
* NMEA Longitude = 073 50.83 W
* NMEA UTC (Time) = Sep 23 2024 02:54:29
* NMEA baud rate = 4800
** Ship: Bigelow HB2407
** Program:  Fall Bottom Trawl Survey
** Chief Scientist: John Galbraith
# nquan = 9
# nvalues = 40                          
# units = specified
# name 0 = depSM: Depth [salt water, m]
# name 1 = t090C: Temperature [ITS-90, deg C]
# name 2 = c0S/m: Conductivity [S/m]
# name 3 = sal00: Salinity, Practical [PSU]
# name 4 = scan: Scan Count
# name 5 = timeM: Time, Elapsed [minutes]
# name 6 = sbeox0V: Oxygen raw, SBE 43 [V]
# name 7 = sbeox1V: Oxygen raw, SBE 43, 2 [V]
# name 8 = flag: flag
# span 0 =      2.000,     22.000       
# span 1 =    20.4951,    21.1591       
# span 2 =   4.338558,   4.379900       
# span 3 =    30.4895,    31.0790       
# span 4 =       -199,       5075       
# span 5 =    -0.1390,     3.5235       
# span 6 =     2.0512,     2.6487       
# span 7 =     1.8896,     2.4501       
# span 8 = 0.0000e+00, 0.0000e+00       
# interval = meters: 1                  
# start_time = Sep 23 2024 02:54:29 [NMEA time, header]
# bad_flag = -9.990e-29
*END*
      3.000    21.1293   4.342707    30.5262       -199    -0.1390     2.6405     2.4159 0.0000e+00
      4.000    21.1242   4.342088    30.5246        263     0.1817     2.6149     2.4303 0.0000e+00
      5.000    21.1186   4.341135    30.5208        292     0.2020     2.6229     2.4290 0.0000e+00
      6.000    21.1134   4.340482    30.5191        337     0.2332     2.6290     2.4322 0.0000e+00
      7.000    21.1132   4.340594    30.5198        381     0.2638     2.6299     2.4326 0.0000e+00
      8.000    21.1147   4.340477    30.5175        399     0.2761     2.6284     2.4328 0.0000e+00
      9.000    21.1206   4.340770    30.5153        415     0.2877     2.6258     2.4307 0.0000e+00
     10.000    21.1228   4.342441    30.5265        460     0.3184     2.6276     2.4333 0.0000e+00
     11.000    21.1229   4.345309    30.5486        529     0.3666     2.6237     2.4349 0.0000e+00
     12.000    21.1224   4.345602    30.5510        543     0.3762     2.6219     2.4320 0.0000e+00
     13.000    21.1247   4.349428    30.5791        559     0.3876     2.6129     2.4246 0.0000e+00
     14.000    21.1121   4.360600    30.6754        580     0.4022     2.6065     2.4176 0.0000e+00
     15.000    21.1008   4.366571    30.7301        628     0.4352     2.5337     2.3699 0.0000e+00
     16.000    21.0821   4.370077    30.7708        674     0.4670     2.4728     2.3053 0.0000e+00
     17.000    21.0048   4.368472    30.8135        699     0.4847     2.4606     2.2890 0.0000e+00
     18.000    20.9174   4.364281    30.8431        740     0.5135     2.4204     2.2526 0.0000e+00
     19.000    20.6552   4.347148    30.8971        809     0.5613     2.3111     2.1684 0.0000e+00
     20.000    20.4951   4.338558    30.9449        984     0.6829     2.1269     2.0068 0.0000e+00
     21.000    20.7139   4.370355    31.0379       1446     1.0033     2.0512     1.8896 0.0000e+00
     22.000    20.7608   4.379900    31.0790       1888     1.3107     2.0700     1.9207 0.0000e+00
     21.000    20.6996   4.367881    31.0286       1732     1.2019     2.1169     1.9366 0.0000e+00
     20.000    20.6446   4.361565    31.0189       1750     1.2148     2.1452     1.9724 0.0000e+00
     19.000    20.5485   4.344497    30.9536       1771     1.2292     2.1511     1.9885 0.0000e+00
     18.000    20.8374   4.357098    30.8442       2861     1.9863     2.1421     1.9538 0.0000e+00
     17.000    20.9253   4.362556    30.8242       3005     2.0861     2.2871     2.0847 0.0000e+00
     16.000    21.0320   4.367158    30.7838       3071     2.1316     2.3458     2.1327 0.0000e+00
     15.000    21.0809   4.366350    30.7427       3104     2.1547     2.3763     2.1639 0.0000e+00
     14.000    21.0839   4.364030    30.7226       3134     2.1755     2.4036     2.1937 0.0000e+00
     13.000    21.1378   4.351449    30.5855       3213     2.2304     2.4617     2.2635 0.0000e+00
     12.000    21.1582   4.344184    30.5144       3238     2.2479     2.4924     2.2900 0.0000e+00
     11.000    21.1576   4.343304    30.5082       3261     2.2636     2.5413     2.3258 0.0000e+00
     10.000    21.1591   4.341397    30.4925       3310     2.2980     2.6050     2.3918 0.0000e+00
      9.000    21.1585   4.340959    30.4898       3355     2.3292     2.6264     2.4226 0.0000e+00
      8.000    21.1585   4.340886    30.4895       3374     2.3427     2.6320     2.4303 0.0000e+00
      7.000    21.1524   4.340637    30.4922       3840     2.6657     2.6444     2.4368 0.0000e+00
      6.000    21.1534   4.340450    30.4904       4459     3.0960     2.6487     2.4456 0.0000e+00
      5.000    21.1486   4.340589    30.4952       4628     3.2135     2.6422     2.4501 0.0000e+00
      4.000    21.1500   4.340720    30.4956       4666     3.2399     2.6387     2.4471 0.0000e+00
      3.000    21.1500   4.340696    30.4957       4724     3.2800     2.6402     2.4433 0.0000e+00
      2.000    21.1502   4.340420    30.4937       5075     3.5235     2.6449     2.4413 0.0000e+00
