HB2407/CTD054.cnv
* Sea-Bird SBE 9 Data File:
* FileName = C:\cruise\data\CTD054.hex
* Software Version Seasave V 7.26.7.121
* Temperature SN = 4591
* Conductivity SN = 6006
* Number of Bytes Per Scan = 37
* Number of Voltage Words = 4
* Number of Scans Averaged by the Deck Unit = 1
* NMEA Latitude = 35 03.61 N
* NMEA Longitude = 075 31.13 W
* NMEA UTC (Time) = Sep 19 2024 19:59:28
* NMEA baud rate = 4800
** Ship: Bigelow HB2407
** Program:  Fall Bottom Trawl Survey
** Chief Scientist: John Galbraith
# nquan = 9
# nvalues = 41                          
# units = specified
# name 0 = depSM: Depth [salt water, m]
# name 1 = t090C: Temperature [ITS-90, deg C]
# name 2 = c0S/m: Conductivity [S/m]
# name 3 = sal00: Salinity, Practical [PSU]
# name 4 = scan: Scan Count
# name 5 = timeM: Time, Elapsed [minutes]
# name 6 = sbeox0V: Oxygen raw, SBE 43 [V]
# name 7 = sbeox1V: Oxygen raw, SBE 43, 2 [V]
# name 8 = flag: flag
# span 0 =      1.000,     22.000       
# span 1 =    23.7422,    28.5553       
# span 2 =   4.436473,   5.849159       
# span 3 =    29.4132,    36.1721       
# span 4 =        184,       3307       
# span 5 =     0.1270,     2.2955       
# span 6 =     2.5218,     2.6297       
# span 7 =     2.3384,     2.4248       
# span 8 = 0.0000e+00, 0.0000e+00       
# interval = meters: 1                  
# start_time = Sep 19 2024 19:59:28 [NMEA time, header]
# bad_flag = -9.990e-29
*END*
      3.000    23.7918   4.436816    29.4175        184     0.1270     2.5638     2.3850 0.0000e+00
      4.000    23.7941   4.436473    29.4132        297     0.2055     2.5661     2.3827 0.0000e+00
      5.000    23.7692   4.441795    29.4688        323     0.2240     2.5687     2.3838 0.0000e+00
      6.000    23.7807   4.543027    30.2115        354     0.2449     2.5670     2.3789 0.0000e+00
      7.000    23.7493   4.507726    29.9702        382     0.2644     2.5537     2.3801 0.0000e+00
      8.000    23.7422   4.489592    29.8401        405     0.2805     2.5497     2.3810 0.0000e+00
      9.000    24.0656   4.639539    30.7300        425     0.2945     2.5545     2.3789 0.0000e+00
     10.000    24.7208   4.829221    31.6740        447     0.3096     2.5681     2.3802 0.0000e+00
     11.000    26.0193   5.104974    32.7561        476     0.3295     2.5949     2.3953 0.0000e+00
     12.000    27.1251   5.398085    34.0522        517     0.3586     2.6297     2.4160 0.0000e+00
     13.000    28.3392   5.742255    35.5793        556     0.3852     2.6238     2.4248 0.0000e+00
     14.000    28.5453   5.812360    35.9122        580     0.4022     2.6149     2.4218 0.0000e+00
     15.000    28.5535   5.841554    36.1093        602     0.4172     2.5939     2.4021 0.0000e+00
     16.000    28.5225   5.839680    36.1196        624     0.4329     2.5764     2.3873 0.0000e+00
     17.000    28.5028   5.838034    36.1228        653     0.4525     2.5560     2.3808 0.0000e+00
     18.000    28.4813   5.836311    36.1269        686     0.4759     2.5456     2.3705 0.0000e+00
     19.000    28.4843   5.838673    36.1408        715     0.4955     2.5465     2.3670 0.0000e+00
     20.000    28.4905   5.840603    36.1492        740     0.5133     2.5441     2.3634 0.0000e+00
     21.000    28.4930   5.841669    36.1545        771     0.5350     2.5346     2.3470 0.0000e+00
     22.000    28.4929   5.842093    36.1572        792     0.5495     2.5242     2.3393 0.0000e+00
     21.000    28.4778   5.840307    36.1565        807     0.5595     2.5218     2.3429 0.0000e+00
     20.000    28.4889   5.843703    36.1721       1799     1.2484     2.5234     2.3384 0.0000e+00
     19.000    28.4841   5.842860    36.1702       2358     1.6367     2.5297     2.3411 0.0000e+00
     18.000    28.4809   5.841998    36.1669       2366     1.6424     2.5307     2.3402 0.0000e+00
     17.000    28.4803   5.840822    36.1594       2398     1.6646     2.5281     2.3467 0.0000e+00
     16.000    28.4927   5.841871    36.1576       2428     1.6858     2.5363     2.3477 0.0000e+00
     15.000    28.5143   5.844868    36.1623       2457     1.7053     2.5449     2.3516 0.0000e+00
     14.000    28.5278   5.846438    36.1634       2485     1.7247     2.5420     2.3539 0.0000e+00
     13.000    28.5553   5.849159    36.1616       2512     1.7437     2.5491     2.3642 0.0000e+00
     12.000    28.5279   5.819081    35.9729       2543     1.7656     2.5450     2.3674 0.0000e+00
     11.000    28.1109   5.695499    35.4226       2580     1.7907     2.5474     2.3677 0.0000e+00
     10.000    26.7466   5.312612    33.7228       2612     1.8129     2.5426     2.3724 0.0000e+00
      9.000    25.5959   5.033277    32.5407       2649     1.8391     2.5437     2.3704 0.0000e+00
      8.000    24.6110   4.793560    31.4910       2704     1.8773     2.5384     2.3846 0.0000e+00
      7.000    24.0099   4.617377    30.6066       2741     1.9025     2.5396     2.3864 0.0000e+00
      6.000    23.8247   4.551257    30.2427       2769     1.9223     2.5393     2.3774 0.0000e+00
      5.000    23.7584   4.517684    30.0386       2801     1.9444     2.5425     2.3787 0.0000e+00
      4.000    23.7761   4.469571    29.6704       2868     1.9908     2.5492     2.3784 0.0000e+00
      3.000    23.8132   4.441909    29.4410       2959     2.0539     2.5664     2.3776 0.0000e+00
      2.000    23.8002   4.442493    29.4543       2982     2.0701     2.5691     2.3776 0.0000e+00
      1.000    23.7860   4.438570    29.4349       3307     2.2955     2.5661     2.3832 0.0000e+00
