HB2407/CTD087.cnv
* Sea-Bird SBE 9 Data File:
* FileName = C:\cruise\data\CTD087.hex
* Software Version Seasave V 7.26.7.121
* Temperature SN = 4591
* Conductivity SN = 6006
* Number of Bytes Per Scan = 37
* Number of Voltage Words = 4
* Number of Scans Averaged by the Deck Unit = 1
* NMEA Latitude = 40 12.54 N
* NMEA Longitude = 073 01.92 W
* NMEA UTC (Time) = Sep 24 2024 04:56:52
* NMEA baud rate = 4800
** Ship: Bigelow HB2407
** Program:  Fall Bottom Trawl Survey
** Chief Scientist: John Galbraith
# nquan = 9
# nvalues = 72                          
# units = specified
# name 0 = depSM: Depth [salt water, m]
# name 1 = t090C: Temperature [ITS-90, deg C]
# name 2 = c0S/m: Conductivity [S/m]
# name 3 = sal00: Salinity, Practical [PSU]
# name 4 = scan: Scan Count
# name 5 = timeM: Time, Elapsed [minutes]
# name 6 = sbeox0V: Oxygen raw, SBE 43 [V]
# name 7 = sbeox1V: Oxygen raw, SBE 43, 2 [V]
# name 8 = flag: flag
# span 0 =      1.000,  16637.000       
# span 1 =    -1.4950,    19.5751       
# span 2 =   4.021479,   4.412430       
# span 3 =    32.1554,    48.9287       
# span 4 =        106,       3792       
# span 5 =     0.0728,     2.6325       
# span 6 =     2.3772,    36.9889       
# span 7 =     2.1325,     2.3925       
# span 8 = 0.0000e+00, 0.0000e+00       
# interval = meters: 1                  
# start_time = Sep 24 2024 04:56:52 [NMEA time, header]
# bad_flag = -9.990e-29
*END*
      4.000    19.5656   4.405122    32.1830        106     0.0728     2.5782     2.3894 0.0000e+00
      5.000    19.5663   4.405205    32.1828        252     0.1745     2.5777     2.3917 0.0000e+00
      6.000    19.5684   4.405301    32.1816        272     0.1881     2.5768     2.3910 0.0000e+00
      7.000    19.5677   4.404977    32.1792        344     0.2379     2.5882     2.3890 0.0000e+00
      8.000    19.5663   4.404881    32.1791        381     0.2639     2.5889     2.3913 0.0000e+00
      9.000    19.5672   4.405036    32.1793        401     0.2775     2.5861     2.3922 0.0000e+00
     10.000    19.5698   4.405317    32.1794        417     0.2890     2.5845     2.3903 0.0000e+00
     11.000    19.5704   4.405426    32.1794        433     0.3000     2.5806     2.3874 0.0000e+00
     12.000    19.5710   4.405542    32.1796        449     0.3111     2.5747     2.3861 0.0000e+00
     13.000    19.5698   4.405476    32.1796        469     0.3250     2.5719     2.3870 0.0000e+00
     14.000    19.5672   4.405309    32.1799        496     0.3440     2.5766     2.3854 0.0000e+00
     15.000    19.5678   4.405376    32.1797        531     0.3678     2.5768     2.3868 0.0000e+00
     16.000    19.5671   4.405385    32.1799        563     0.3904     2.5780     2.3897 0.0000e+00
     17.000    19.5697   4.405770    32.1807        599     0.4152     2.5809     2.3864 0.0000e+00
     18.000    19.5704   4.405835    32.1804        643     0.4459     2.5791     2.3886 0.0000e+00
     19.000    19.5698   4.405770    32.1799        669     0.4640     2.5793     2.3867 0.0000e+00
     20.000    19.5699   4.405839    32.1801        687     0.4766     2.5803     2.3875 0.0000e+00
     21.000    19.5710   4.405876    32.1792        706     0.4896     2.5778     2.3884 0.0000e+00
     22.000    19.5723   4.406077    32.1795        728     0.5047     2.5779     2.3867 0.0000e+00
     23.000    19.5751   4.406546    32.1809        752     0.5214     2.5712     2.3877 0.0000e+00
     24.000    19.5734   4.406328    32.1800        771     0.5350     2.5687     2.3854 0.0000e+00
     25.000    19.5674   4.405898    32.1808        787     0.5460     2.5717     2.3835 0.0000e+00
     26.000    19.5678   4.405967    32.1808        803     0.5570     2.5739     2.3837 0.0000e+00
     27.000    19.5458   4.404248    32.1833        870     0.6036     2.5721     2.3865 0.0000e+00
     28.000    19.5018   4.401097    32.1911        941     0.6530     2.5754     2.3876 0.0000e+00
     29.000    19.4585   4.397764    32.1969        951     0.6600     2.5772     2.3876 0.0000e+00
     30.000    19.4332   4.397339    32.2125        963     0.6684     2.5763     2.3850 0.0000e+00
     31.000    19.4710   4.406256    32.2560        975     0.6764     2.5722     2.3819 0.0000e+00
     32.000    19.4824   4.412104    32.2947        987     0.6845     2.5693     2.3810 0.0000e+00
     33.000    19.4671   4.412430    32.3089        999     0.6932     2.5695     2.3802 0.0000e+00
     34.000    19.3788   4.404860    32.3148       1015     0.7039     2.5764     2.3792 0.0000e+00
     35.000    19.3132   4.398348    32.3118       1083     0.7514     2.5794     2.3857 0.0000e+00
     36.000    19.2716   4.394394    32.3113       1147     0.7961     2.5843     2.3925 0.0000e+00
     37.000    19.2420   4.391839    32.3128       1163     0.8069     2.5857     2.3911 0.0000e+00
     38.000    19.2165   4.395549    32.3629       1179     0.8182     2.5851     2.3897 0.0000e+00
     39.000    18.9810   4.377586    32.3976       1198     0.8310     2.5823     2.3901 0.0000e+00
     40.000    18.2838   4.299846    32.2955       1236     0.8577     2.5542     2.3747 0.0000e+00
     41.000    14.1620   4.021479    39.3057       1499     1.0400     2.4422     2.2836 0.0000e+00
     43.000    16.2146   4.120197    32.4577       1557     1.0805     2.3772     2.2483 0.0000e+00
  16637.000    -1.4950   4.267082    48.9287       1610     1.1174    36.4593     2.1325 0.0000e+00
     32.000    19.1870   4.373391    32.1854       2470     1.7143    36.9666     2.2963 0.0000e+00
     31.000    19.3732   4.397697    32.2614       2528     1.7551    36.9889     2.3158 0.0000e+00
     30.000    19.4066   4.401392    32.2662       2546     1.7674    36.9785     2.3246 0.0000e+00
     29.000    19.4351   4.402170    32.2509       2563     1.7790    36.9643     2.3348 0.0000e+00
     28.000    19.4237   4.397400    32.2210       2582     1.7922    36.9426     2.3392 0.0000e+00
     27.000    19.4210   4.394023    32.1958       2607     1.8098    36.9222     2.3418 0.0000e+00
     26.000    19.4398   4.393789    32.1797       2647     1.8378    36.8844     2.3449 0.0000e+00
     25.000    19.5000   4.396848    32.1588       2682     1.8621    36.8509     2.3471 0.0000e+00
     24.000    19.5401   4.400169    32.1554       2705     1.8775    36.8290     2.3488 0.0000e+00
     23.000    19.5474   4.401183    32.1584       2726     1.8923    36.8093     2.3498 0.0000e+00
     22.000    19.5526   4.401799    32.1598       2754     1.9117    36.7777     2.3456 0.0000e+00
     21.000    19.5616   4.402766    32.1611       2791     1.9377    36.7377     2.3449 0.0000e+00
     20.000    19.5566   4.402454    32.1627       2820     1.9573    36.7124     2.3421 0.0000e+00
     19.000    19.5637   4.403128    32.1631       2841     1.9722    36.6936     2.3456 0.0000e+00
     18.000    19.5662   4.403433    32.1640       2860     1.9853    36.6787     2.3483 0.0000e+00
     17.000    19.5656   4.403425    32.1647       2878     1.9979    36.6601     2.3519 0.0000e+00
     16.000    19.5648   4.403439    32.1658       2899     2.0122    36.6351     2.3518 0.0000e+00
     15.000    19.5653   4.403631    32.1673       2938     2.0399    36.5990     2.3509 0.0000e+00
     14.000    19.5636   4.403578    32.1685       2987     2.0734    36.5554     2.3504 0.0000e+00
     13.000    19.5651   4.403694    32.1687       3007     2.0872    36.5338     2.3529 0.0000e+00
     12.000    19.5658   4.403763    32.1691       3023     2.0986    36.5209     2.3540 0.0000e+00
     11.000    19.5648   4.403721    32.1698       3040     2.1104    36.5035     2.3528 0.0000e+00
     10.000    19.5653   4.403798    32.1704       3062     2.1256    36.4824     2.3499 0.0000e+00
      9.000    19.5648   4.403814    32.1712       3090     2.1452    36.4585     2.3484 0.0000e+00
      8.000    19.5628   4.403672    32.1719       3118     2.1646    36.4347     2.3500 0.0000e+00
      7.000    19.5645   4.403878    32.1726       3147     2.1850    36.4057     2.3545 0.0000e+00
      6.000    19.5628   4.403748    32.1732       3185     2.2115    36.3671     2.3555 0.0000e+00
      5.000    19.5629   4.403761    32.1736       3212     2.2296    36.3422     2.3534 0.0000e+00
      4.000    19.5630   4.403753    32.1738       3229     2.2419    36.3258     2.3534 0.0000e+00
      3.000    19.5628   4.403719    32.1740       3245     2.2531    36.4102     2.3536 0.0000e+00
      2.000    19.5605   4.403851    32.1772       3616     2.5102    35.9166     2.3540 0.0000e+00
      1.000    19.5568   4.403552    32.1780       3792     2.6325    35.7783     2.3520 0.0000e+00
