HB2407/CTD115.cnv
* Sea-Bird SBE 9 Data File:
* FileName = C:\cruise\data\CTD115.hex
* Software Version Seasave V 7.26.7.121
* Temperature SN = 4591
* Conductivity SN = 6006
* Number of Bytes Per Scan = 37
* Number of Voltage Words = 4
* Number of Scans Averaged by the Deck Unit = 1
* NMEA Latitude = 40 14.21 N
* NMEA Longitude = 070 49.75 W
* NMEA UTC (Time) = Oct 07 2024 19:36:50
* NMEA baud rate = 4800
** Ship: Bigelow HB2407
** Program:  Fall Bottom Trawl Survey
** Chief Scientist: John Galbraith
# nquan = 9
# nvalues = 231                         
# units = specified
# name 0 = depSM: Depth [salt water, m]
# name 1 = t090C: Temperature [ITS-90, deg C]
# name 2 = c0S/m: Conductivity [S/m]
# name 3 = sal00: Salinity, Practical [PSU]
# name 4 = scan: Scan Count
# name 5 = timeM: Time, Elapsed [minutes]
# name 6 = sbeox0V: Oxygen raw, SBE 43 [V]
# name 7 = sbeox1V: Oxygen raw, SBE 43, 2 [V]
# name 8 = flag: flag
# span 0 =      2.000,    118.000       
# span 1 =    13.7357,    24.8895       
# span 2 =   4.212471,   5.429858       
# span 3 =    35.2533,    36.3233       
# span 4 =        106,       8234       
# span 5 =     0.0732,     5.7176       
# span 6 =     1.9710,     2.5771       
# span 7 =     1.8300,     2.3785       
# span 8 = 0.0000e+00, 0.0000e+00       
# interval = meters: 1                  
# start_time = Oct 07 2024 19:36:50 [NMEA time, header]
# bad_flag = -9.990e-29
*END*
[from data line 161]
     71.000    19.2924   4.857603    36.1201       5432     3.7715     2.0146     1.8660 0.0000e+00
     70.000    19.1203   4.827883    36.0213       5452     3.7854     2.0165     1.8697 0.0000e+00
     69.000    19.0311   4.811800    35.9642       5470     3.7978     2.0209     1.8720 0.0000e+00
     68.000    18.9419   4.794832    35.8994       5489     3.8113     2.0328     1.8798 0.0000e+00
     67.000    18.8620   4.768578    35.7482       5516     3.8301     2.0501     1.8921 0.0000e+00
     66.000    18.9151   4.768501    35.7021       5554     3.8564     2.1018     1.9238 0.0000e+00
     65.000    19.0385   4.773469    35.6377       5590     3.8816     2.1387     1.9612 0.0000e+00
     64.000    19.0898   4.776086    35.6160       5618     3.9005     2.1569     1.9806 0.0000e+00
     63.000    19.0532   4.767991    35.5800       5645     3.9193     2.1754     2.0027 0.0000e+00
     62.000    19.0255   4.761127    35.5466       5681     3.9443     2.1870     2.0200 0.0000e+00
     61.000    18.9948   4.752165    35.4982       5716     3.9690     2.1988     2.0327 0.0000e+00
     60.000    19.0255   4.752040    35.4712       5744     3.9880     2.2075     2.0423 0.0000e+00
     59.000    19.0733   4.755866    35.4627       5781     4.0141     2.2253     2.0546 0.0000e+00
     58.000    19.1316   4.759095    35.4403       5819     4.0400     2.2384     2.0647 0.0000e+00
     57.000    19.2515   4.767091    35.4051       5841     4.0555     2.2434     2.0722 0.0000e+00
     56.000    19.2926   4.769126    35.3875       5860     4.0691     2.2537     2.0756 0.0000e+00
     55.000    19.3181   4.770500    35.3777       5880     4.0829     2.2654     2.0868 0.0000e+00
     54.000    19.3821   4.774717    35.3587       5908     4.1022     2.2853     2.1041 0.0000e+00
     53.000    19.5806   4.792787    35.3408       5967     4.1431     2.3180     2.1354 0.0000e+00
     52.000    19.9622   4.830723    35.3321       6006     4.1702     2.3307     2.1503 0.0000e+00
     51.000    20.0771   4.843752    35.3427       6028     4.1853     2.3462     2.1606 0.0000e+00
     50.000    20.1913   4.856739    35.3536       6056     4.2046     2.3671     2.1810 0.0000e+00
     49.000    20.3657   4.875118    35.3578       6116     4.2465     2.3991     2.2128 0.0000e+00
     48.000    20.5465   4.894486    35.3645       6146     4.2675     2.4072     2.2202 0.0000e+00
     47.000    20.6583   4.907300    35.3755       6174     4.2867     2.4192     2.2293 0.0000e+00
     46.000    20.7991   4.921849    35.3763       6227     4.3234     2.4396     2.2420 0.0000e+00
     45.000    20.8987   4.919871    35.2780       6258     4.3450     2.4417     2.2533 0.0000e+00
     44.000    21.1264   4.940187    35.2533       6275     4.3572     2.4501     2.2619 0.0000e+00
     43.000    21.4761   4.980174    35.2853       6292     4.3691     2.4757     2.2734 0.0000e+00
     42.000    22.0948   5.056413    35.3814       6317     4.3863     2.5233     2.3011 0.0000e+00
     41.000    22.9965   5.177062    35.5898       6362     4.4177     2.5695     2.3493 0.0000e+00
     40.000    23.6314   5.258581    35.7034       6391     4.4373     2.5718     2.3656 0.0000e+00
     39.000    24.0878   5.317727    35.7862       6419     4.4567     2.5771     2.3727 0.0000e+00
     38.000    24.7970   5.416168    35.9606       6484     4.5022     2.5716     2.3785 0.0000e+00
     37.000    24.8895   5.429498    35.9860       6505     4.5170     2.5600     2.3723 0.0000e+00
     36.000    24.8873   5.429858    35.9908       6521     4.5279     2.5636     2.3705 0.0000e+00
     35.000    24.8819   5.428136    35.9826       6536     4.5385     2.5603     2.3704 0.0000e+00
     34.000    24.7994   5.406336    35.8858       6555     4.5517     2.5538     2.3656 0.0000e+00
     33.000    24.7021   5.383303    35.7913       6601     4.5831     2.5440     2.3574 0.0000e+00
     32.000    24.6770   5.376045    35.7573       6648     4.6159     2.5335     2.3538 0.0000e+00
     31.000    24.6801   5.376366    35.7576       6671     4.6321     2.5282     2.3499 0.0000e+00
     30.000    24.6817   5.376609    35.7584       6692     4.6467     2.5294     2.3440 0.0000e+00
     29.000    24.6920   5.376934    35.7530       6715     4.6623     2.5295     2.3453 0.0000e+00
     28.000    24.6961   5.376172    35.7444       6740     4.6795     2.5370     2.3467 0.0000e+00
     27.000    24.7040   5.376225    35.7388       6764     4.6969     2.5343     2.3445 0.0000e+00
     26.000    24.7122   5.375720    35.7288       6822     4.7368     2.5300     2.3483 0.0000e+00
     25.000    24.7172   5.375439    35.7230       6882     4.7786     2.5301     2.3449 0.0000e+00
     24.000    24.7173   5.375484    35.7236       6895     4.7878     2.5273     2.3481 0.0000e+00
     23.000    24.7174   5.375322    35.7227       6910     4.7977     2.5281     2.3502 0.0000e+00
     22.000    24.7184   5.375210    35.7214       6930     4.8115     2.5356     2.3488 0.0000e+00
     21.000    24.7218   5.375116    35.7183       6976     4.8437     2.5369     2.3425 0.0000e+00
     20.000    24.7247   5.375220    35.7171       7012     4.8687     2.5281     2.3504 0.0000e+00
     19.000    24.7238   5.374682    35.7142       7034     4.8838     2.5342     2.3510 0.0000e+00
     18.000    24.7244   5.374458    35.7123       7058     4.9007     2.5347     2.3505 0.0000e+00
     17.000    24.7250   5.374338    35.7113       7092     4.9246     2.5348     2.3482 0.0000e+00
     16.000    24.7235   5.373213    35.7043       7126     4.9479     2.5387     2.3468 0.0000e+00
     15.000    24.7234   5.372948    35.7028       7147     4.9624     2.5406     2.3478 0.0000e+00
     14.000    24.7207   5.372202    35.6997       7165     4.9748     2.5368     2.3517 0.0000e+00
     13.000    24.7212   5.372020    35.6982       7186     4.9896     2.5382     2.3547 0.0000e+00
     12.000    24.7209   5.372022    35.6988       7227     5.0177     2.5372     2.3567 0.0000e+00
     11.000    24.7133   5.370901    35.6968       7269     5.0475     2.5317     2.3558 0.0000e+00
     10.000    24.7136   5.370921    35.6971       7290     5.0617     2.5387     2.3492 0.0000e+00
      9.000    24.7145   5.371002    35.6973       7309     5.0750     2.5401     2.3524 0.0000e+00
      8.000    24.7148   5.371048    35.6977       7329     5.0886     2.5405     2.3560 0.0000e+00
      7.000    24.7202   5.371897    35.7001       7370     5.1175     2.5417     2.3577 0.0000e+00
      6.000    24.7153   5.371162    35.6988       7791     5.4099     2.5375     2.3585 0.0000e+00
      5.000    24.7045   5.369386    35.6944       8208     5.6991     2.5357     2.3555 0.0000e+00
      4.000    24.7048   5.369404    35.6946       8180     5.6801     2.5412     2.3538 0.0000e+00
      3.000    24.7054   5.369531    35.6954       8201     5.6947     2.5373     2.3572 0.0000e+00
      2.000    24.7055   5.369522    35.6956       8234     5.7176     2.5400     2.3621 0.0000e+00
