HB2407/CTD175.cnv
* Sea-Bird SBE 9 Data File:
* FileName = C:\cruise\data\CTD175.hex
* Software Version Seasave V 7.26.7.121
* Temperature SN = 4591
* Conductivity SN = 6006
* Number of Bytes Per Scan = 37
* Number of Voltage Words = 4
* Number of Scans Averaged by the Deck Unit = 1
* NMEA Latitude = 42 07.11 N
* NMEA Longitude = 069 10.98 W
* NMEA UTC (Time) = Oct 21 2024 09:40:27
* NMEA baud rate = 4800
** Ship: Bigelow HB2407
** Program:  Fall Bottom Trawl Survey
** Chief Scientist: John Galbraith
# nquan = 9
# nvalues = 361                         
# units = specified
# name 0 = depSM: Depth [salt water, m]
# name 1 = t090C: Temperature [ITS-90, deg C]
# name 2 = c0S/m: Conductivity [S/m]
# name 3 = sal00: Salinity, Practical [PSU]
# name 4 = scan: Scan Count
# name 5 = timeM: Time, Elapsed [minutes]
# name 6 = sbeox0V: Oxygen raw, SBE 43 [V]
# name 7 = sbeox1V: Oxygen raw, SBE 43, 2 [V]
# name 8 = flag: flag
# span 0 =      3.000,    183.000       
# span 1 =     6.3643,    14.5124       
# span 2 =   3.246112,   3.901458       
# span 3 =    31.8171,    33.7764       
# span 4 =        711,      13899       
# span 5 =     0.4932,     9.6517       
# span 6 =     1.6147,     2.5554       
# span 7 =     1.4990,     2.3685       
# span 8 = 0.0000e+00, 0.0000e+00       
# interval = meters: 1                  
# start_time = Oct 21 2024 09:40:27 [NMEA time, header]
# bad_flag = -9.990e-29
*END*
      3.000    14.5106   3.900897    31.8584        711     0.4932     2.5529     2.3684 0.0000e+00
      4.000    14.5104   3.900941    31.8586       1320     0.9160     2.5519     2.3669 0.0000e+00
      5.000    14.5109   3.901033    31.8586       1359     0.9431     2.5514     2.3685 0.0000e+00
      6.000    14.5118   3.901151    31.8586       1387     0.9627     2.5532     2.3660 0.0000e+00
      7.000    14.5110   3.901132    31.8587       1416     0.9823     2.5533     2.3627 0.0000e+00
      8.000    14.5109   3.901156    31.8586       1448     1.0050     2.5540     2.3667 0.0000e+00
      9.000    14.5104   3.901184    31.8588       1479     1.0266     2.5526     2.3656 0.0000e+00
     10.000    14.5089   3.901173    31.8596       1505     1.0442     2.5521     2.3643 0.0000e+00
     11.000    14.5105   3.901287    31.8589       1530     1.0622     2.5529     2.3652 0.0000e+00
     12.000    14.5124   3.901458    31.8586       1561     1.0836     2.5514     2.3661 0.0000e+00
     13.000    14.5090   3.901320    31.8597       1591     1.1044     2.5485     2.3654 0.0000e+00
     14.000    14.5088   3.901309    31.8595       1617     1.1224     2.5508     2.3673 0.0000e+00
     15.000    14.5091   3.901378    31.8594       1647     1.1433     2.5535     2.3660 0.0000e+00
     16.000    14.5085   3.901387    31.8596       1681     1.1664     2.5535     2.3644 0.0000e+00
     17.000    14.5037   3.901112    31.8606       1707     1.1849     2.5495     2.3646 0.0000e+00
     18.000    14.5076   3.901414    31.8598       1732     1.2018     2.5482     2.3633 0.0000e+00
     19.000    14.4983   3.900792    31.8614       1759     1.2211     2.5466     2.3613 0.0000e+00
     20.000    14.4966   3.900698    31.8616       1792     1.2435     2.5492     2.3611 0.0000e+00
     21.000    14.4894   3.900200    31.8626       1820     1.2635     2.5500     2.3600 0.0000e+00
     22.000    14.4777   3.899389    31.8644       1845     1.2804     2.5479     2.3579 0.0000e+00
     23.000    14.4666   3.898516    31.8652       1871     1.2983     2.5456     2.3546 0.0000e+00
     24.000    14.4538   3.897502    31.8661       1903     1.3208     2.5429     2.3521 0.0000e+00
     25.000    14.3952   3.893036    31.8733       1938     1.3452     2.5409     2.3482 0.0000e+00
     26.000    14.3876   3.892226    31.8717       1967     1.3654     2.5376     2.3482 0.0000e+00
     27.000    14.3866   3.892162    31.8716       1993     1.3834     2.5329     2.3450 0.0000e+00
     28.000    14.3569   3.890163    31.8775       2018     1.4005     2.5309     2.3435 0.0000e+00
     29.000    14.3085   3.886097    31.8798       2043     1.4181     2.5287     2.3425 0.0000e+00
     30.000    14.2887   3.884716    31.8831       2074     1.4399     2.5207     2.3394 0.0000e+00
     31.000    14.2540   3.881920    31.8858       2112     1.4662     2.5158     2.3305 0.0000e+00
     32.000    14.2383   3.880731    31.8875       2142     1.4866     2.5126     2.3226 0.0000e+00
     33.000    14.2224   3.879603    31.8899       2163     1.5017     2.5116     2.3204 0.0000e+00
     34.000    14.2044   3.878372    31.8931       2185     1.5164     2.5047     2.3180 0.0000e+00
     35.000    14.1002   3.870420    31.9060       2212     1.5356     2.4988     2.3133 0.0000e+00
     36.000    13.9143   3.854053    31.9091       2253     1.5635     2.4926     2.3102 0.0000e+00
     37.000    13.7357   3.839020    31.9183       2286     1.5868     2.4785     2.3005 0.0000e+00
     38.000    13.6136   3.828507    31.9222       2309     1.6026     2.4666     2.2886 0.0000e+00
     39.000    13.5136   3.819880    31.9252       2330     1.6176     2.4494     2.2780 0.0000e+00
     40.000    13.4376   3.813046    31.9247       2359     1.6374     2.4284     2.2604 0.0000e+00
     41.000    13.3990   3.809368    31.9222       2397     1.6638     2.4092     2.2409 0.0000e+00
     42.000    13.3606   3.805991    31.9225       2428     1.6856     2.4036     2.2328 0.0000e+00
     43.000    13.2849   3.800004    31.9297       2454     1.7038     2.4012     2.2267 0.0000e+00
     44.000    13.1603   3.789788    31.9381       2480     1.7216     2.4012     2.2228 0.0000e+00
     45.000    13.0099   3.777537    31.9492       2506     1.7393     2.3929     2.2187 0.0000e+00
     46.000    12.8634   3.764990    31.9542       2533     1.7582     2.3809     2.2152 0.0000e+00
     47.000    12.6509   3.748544    31.9779       2563     1.7792     2.3699     2.2083 0.0000e+00
     48.000    12.0542   3.700177    32.0240       2595     1.8013     2.3565     2.1964 0.0000e+00
     49.000    11.0670   3.626579    32.1615       2622     1.8200     2.3368     2.1784 0.0000e+00
     50.000     9.9402   3.530815    32.1991       2646     1.8367     2.3034     2.1559 0.0000e+00
     51.000     9.7868   3.515993    32.1852       2675     1.8568     2.2482     2.1129 0.0000e+00
     52.000     9.7167   3.508458    32.1707       2711     1.8822     2.2185     2.0809 0.0000e+00
     53.000     9.6556   3.502889    32.1682       2742     1.9034     2.2123     2.0665 0.0000e+00
     54.000     9.5756   3.495889    32.1679       2768     1.9216     2.2084     2.0546 0.0000e+00
     55.000     9.5151   3.490701    32.1687       2793     1.9390     2.2037     2.0476 0.0000e+00
     56.000     9.3818   3.480521    32.1835       2821     1.9580     2.1977     2.0433 0.0000e+00
     57.000     9.2797   3.472130    32.1887       2852     1.9797     2.1908     2.0384 0.0000e+00
     58.000     9.2081   3.466182    32.1915       2879     1.9986     2.1865     2.0328 0.0000e+00
     59.000     9.1472   3.461252    32.1951       2902     2.0149     2.1830     2.0292 0.0000e+00
     60.000     8.7974   3.435686    32.2464       2930     2.0342     2.1800     2.0228 0.0000e+00
     61.000     8.6056   3.419260    32.2492       2966     2.0588     2.1674     2.0138 0.0000e+00
     62.000     8.0513   3.377378    32.3155       2997     2.0804     2.1595     2.0065 0.0000e+00
     63.000     7.8378   3.357450    32.3003       3022     2.0979     2.1481     1.9980 0.0000e+00
     64.000     7.7156   3.346250    32.2933       3047     2.1156     2.1392     1.9886 0.0000e+00
     65.000     7.5176   3.330363    32.3061       3075     2.1348     2.1383     1.9854 0.0000e+00
     66.000     7.1861   3.303526    32.3250       3104     2.1548     2.1364     1.9850 0.0000e+00
     67.000     7.0528   3.291336    32.3169       3135     2.1761     2.1323     1.9820 0.0000e+00
     68.000     6.9729   3.284652    32.3186       3166     2.1978     2.1344     1.9817 0.0000e+00
     69.000     6.8531   3.274969    32.3249       3197     2.2192     2.1400     1.9827 0.0000e+00
     70.000     6.8337   3.273086    32.3221       3225     2.2387     2.1404     1.9820 0.0000e+00
     71.000     6.7998   3.270262    32.3226       3250     2.2565     2.1422     1.9817 0.0000e+00
     72.000     6.7091   3.263064    32.3286       3273     2.2725     2.1439     1.9821 0.0000e+00
     73.000     6.6200   3.256793    32.3434       3296     2.2885     2.1424     1.9823 0.0000e+00
     74.000     6.5311   3.250512    32.3577       3326     2.3091     2.1402     1.9819 0.0000e+00
     75.000     6.5059   3.249037    32.3649       3367     2.3374     2.1379     1.9794 0.0000e+00
     76.000     6.5045   3.249603    32.3719       3398     2.3592     2.1376     1.9773 0.0000e+00
     77.000     6.4987   3.249544    32.3763       3423     2.3761     2.1373     1.9764 0.0000e+00
     78.000     6.4899   3.249635    32.3851       3448     2.3936     2.1353     1.9745 0.0000e+00
     79.000     6.4848   3.249671    32.3899       3477     2.4142     2.1310     1.9694 0.0000e+00
     80.000     6.4685   3.248983    32.3973       3509     2.4363     2.1279     1.9666 0.0000e+00
     81.000     6.4398   3.248569    32.4195       3536     2.4549     2.1258     1.9650 0.0000e+00
     82.000     6.4035   3.247925    32.4463       3560     2.4714     2.1235     1.9630 0.0000e+00
     83.000     6.3919   3.247573    32.4530       3587     2.4900     2.1200     1.9611 0.0000e+00
     84.000     6.3858   3.247529    32.4578       3620     2.5135     2.1136     1.9568 0.0000e+00
     85.000     6.3694   3.247683    32.4747       3650     2.5342     2.1091     1.9527 0.0000e+00
     86.000     6.3649   3.247978    32.4818       3674     2.5507     2.1069     1.9492 0.0000e+00
     87.000     6.3648   3.248736    32.4898       3701     2.5698     2.1033     1.9453 0.0000e+00
     88.000     6.3643   3.249050    32.4932       3735     2.5930     2.0963     1.9417 0.0000e+00
     89.000     6.3664   3.250046    32.5019       3764     2.6135     2.0912     1.9383 0.0000e+00
     90.000     6.3721   3.252023    32.5178       3793     2.6336     2.0902     1.9355 0.0000e+00
     91.000     6.3868   3.256317    32.5508       3825     2.6556     2.0876     1.9338 0.0000e+00
     92.000     6.3951   3.258559    32.5673       3853     2.6750     2.0851     1.9314 0.0000e+00
     93.000     6.4060   3.261176    32.5854       3877     2.6919     2.0822     1.9281 0.0000e+00
     94.000     6.4228   3.264500    32.6056       3901     2.7083     2.0786     1.9236 0.0000e+00
     95.000     6.4329   3.266532    32.6181       3926     2.7259     2.0734     1.9193 0.0000e+00
     96.000     6.4365   3.267232    32.6219       3960     2.7490     2.0641     1.9120 0.0000e+00
     97.000     6.4381   3.267595    32.6239       3996     2.7741     2.0551     1.9035 0.0000e+00
     98.000     6.4396   3.268066    32.6272       4024     2.7937     2.0510     1.8988 0.0000e+00
     99.000     6.4474   3.269582    32.6360       4050     2.8119     2.0481     1.8943 0.0000e+00
    100.000     6.5022   3.277913    32.6753       4078     2.8310     2.0463     1.8911 0.0000e+00
    101.000     6.5367   3.283355    32.7019       4105     2.8502     2.0441     1.8880 0.0000e+00
    102.000     6.5661   3.287817    32.7226       4134     2.8702     2.0363     1.8838 0.0000e+00
    103.000     6.6185   3.296892    32.7720       4166     2.8922     2.0268     1.8758 0.0000e+00
    104.000     6.6286   3.299602    32.7917       4195     2.9123     2.0199     1.8673 0.0000e+00
    105.000     6.6368   3.302607    32.8165       4220     2.9301     2.0100     1.8594 0.0000e+00
    106.000     6.6432   3.305720    32.8442       4248     2.9491     1.9997     1.8501 0.0000e+00
    107.000     6.6467   3.306884    32.8532       4278     2.9701     1.9880     1.8404 0.0000e+00
    108.000     6.6529   3.308364    32.8630       4309     2.9915     1.9752     1.8300 0.0000e+00
    109.000     6.6575   3.309281    32.8683       4343     3.0153     1.9653     1.8194 0.0000e+00
    110.000     6.6792   3.313667    32.8952       4378     3.0397     1.9572     1.8128 0.0000e+00
    111.000     6.7048   3.318264    32.9208       4408     3.0602     1.9511     1.8085 0.0000e+00
    112.000     6.7235   3.322101    32.9445       4437     3.0808     1.9455     1.8030 0.0000e+00
    113.000     6.7369   3.325326    32.9667       4470     3.1038     1.9392     1.7977 0.0000e+00
    114.000     6.7544   3.328322    32.9823       4502     3.1255     1.9325     1.7913 0.0000e+00
    115.000     6.7806   3.333222    33.0105       4532     3.1462     1.9218     1.7817 0.0000e+00
    116.000     6.7976   3.336256    33.0270       4566     3.1704     1.9082     1.7690 0.0000e+00
    117.000     6.8395   3.343483    33.0655       4601     3.1941     1.8936     1.7565 0.0000e+00
    118.000     6.9002   3.353454    33.1160       4627     3.2124     1.8848     1.7483 0.0000e+00
    119.000     6.9490   3.361481    33.1564       4652     3.2299     1.8785     1.7420 0.0000e+00
    120.000     6.9876   3.366839    33.1773       4684     3.2518     1.8666     1.7307 0.0000e+00
    121.000     7.0645   3.375344    33.1957       4720     3.2770     1.8496     1.7153 0.0000e+00
    122.000     7.2215   3.394640    33.2545       4754     3.3007     1.8402     1.7046 0.0000e+00
    123.000     7.2660   3.402853    33.3005       4789     3.3250     1.8408     1.7033 0.0000e+00
    124.000     7.2520   3.404897    33.3357       4822     3.3480     1.8462     1.7071 0.0000e+00
    125.000     7.2089   3.402990    33.3560       4851     3.3680     1.8474     1.7084 0.0000e+00
    126.000     7.1952   3.402576    33.3643       4876     3.3856     1.8423     1.7046 0.0000e+00
    127.000     7.2041   3.404018    33.3709       4903     3.4042     1.8294     1.6945 0.0000e+00
    128.000     7.1985   3.404287    33.3788       4938     3.4286     1.8079     1.6770 0.0000e+00
    129.000     7.1996   3.404857    33.3834       4975     3.4541     1.7916     1.6612 0.0000e+00
    130.000     7.2047   3.405499    33.3850       5004     3.4745     1.7827     1.6523 0.0000e+00
    131.000     7.2235   3.409230    33.4070       5033     3.4941     1.7768     1.6463 0.0000e+00
    132.000     7.2392   3.413551    33.4383       5063     3.5155     1.7725     1.6429 0.0000e+00
    133.000     7.2521   3.416029    33.4523       5099     3.5401     1.7670     1.6396 0.0000e+00
    134.000     7.2748   3.419834    33.4713       5133     3.5641     1.7537     1.6292 0.0000e+00
    135.000     7.2930   3.422891    33.4864       5162     3.5841     1.7423     1.6190 0.0000e+00
    136.000     7.3217   3.427792    33.5114       5193     3.6057     1.7337     1.6102 0.0000e+00
    137.000     7.3329   3.429799    33.5219       5224     3.6273     1.7291     1.6051 0.0000e+00
    138.000     7.3374   3.430630    33.5261       5251     3.6462     1.7257     1.6013 0.0000e+00
    139.000     7.3411   3.431362    33.5299       5280     3.6659     1.7221     1.5964 0.0000e+00
    140.000     7.3487   3.432763    33.5373       5315     3.6903     1.7179     1.5921 0.0000e+00
    141.000     7.3591   3.434718    33.5479       5351     3.7153     1.7152     1.5899 0.0000e+00
    142.000     7.3729   3.437283    33.5620       5378     3.7342     1.7145     1.5880 0.0000e+00
    143.000     7.3786   3.438520    33.5693       5404     3.7519     1.7130     1.5858 0.0000e+00
    144.000     7.3895   3.440626    33.5811       5439     3.7765     1.7084     1.5827 0.0000e+00
    145.000     7.4006   3.442867    33.5942       5478     3.8032     1.7021     1.5775 0.0000e+00
    146.000     7.4183   3.446152    33.6122       5506     3.8227     1.6977     1.5737 0.0000e+00
    147.000     7.4299   3.448500    33.6259       5532     3.8413     1.6939     1.5710 0.0000e+00
    148.000     7.4342   3.449395    33.6309       5564     3.8629     1.6890     1.5677 0.0000e+00
    149.000     7.4396   3.450274    33.6347       5594     3.8841     1.6836     1.5620 0.0000e+00
    150.000     7.4466   3.451595    33.6418       5622     3.9034     1.6783     1.5576 0.0000e+00
    151.000     7.4509   3.452467    33.6466       5655     3.9263     1.6743     1.5535 0.0000e+00
    152.000     7.4729   3.456132    33.6645       5690     3.9509     1.6704     1.5484 0.0000e+00
    153.000     7.4817   3.457606    33.6714       5718     3.9702     1.6681     1.5459 0.0000e+00
    154.000     7.4860   3.458321    33.6745       5746     3.9897     1.6628     1.5419 0.0000e+00
    155.000     7.4929   3.459619    33.6814       5779     4.0123     1.6516     1.5348 0.0000e+00
    156.000     7.5008   3.461095    33.6892       5809     4.0332     1.6431     1.5281 0.0000e+00
    157.000     7.5064   3.462266    33.6959       5837     4.0526     1.6380     1.5231 0.0000e+00
    158.000     7.5151   3.463993    33.7057       5864     4.0717     1.6352     1.5185 0.0000e+00
    159.000     7.5262   3.466373    33.7202       5893     4.0918     1.6324     1.5147 0.0000e+00
    160.000     7.5293   3.467080    33.7243       5925     4.1138     1.6294     1.5120 0.0000e+00
    161.000     7.5327   3.467823    33.7285       5953     4.1334     1.6276     1.5104 0.0000e+00
    162.000     7.5339   3.468101    33.7299       5979     4.1513     1.6261     1.5096 0.0000e+00
