HB2407/CTD101.cnv
* Sea-Bird SBE 9 Data File:
* FileName = C:\cruise\data\CTD101.hex
* Software Version Seasave V 7.26.7.121
* Temperature SN = 4591
* Conductivity SN = 6006
* Number of Bytes Per Scan = 37
* Number of Voltage Words = 4
* Number of Scans Averaged by the Deck Unit = 1
* NMEA Latitude = 40 35.07 N
* NMEA Longitude = 071 01.92 W
* NMEA UTC (Time) = Oct 04 2024 08:53:14
* NMEA baud rate = 4800
** Ship: Bigelow HB2407
** Program:  Fall Bottom Trawl Survey
** Chief Scientist: John Galbraith
# nquan = 9
# nvalues = 122                         
# units = specified
# name 0 = depSM: Depth [salt water, m]
# name 1 = t090C: Temperature [ITS-90, deg C]
# name 2 = c0S/m: Conductivity [S/m]
# name 3 = sal00: Salinity, Practical [PSU]
# name 4 = scan: Scan Count
# name 5 = timeM: Time, Elapsed [minutes]
# name 6 = sbeox0V: Oxygen raw, SBE 43 [V]
# name 7 = sbeox1V: Oxygen raw, SBE 43, 2 [V]
# name 8 = flag: flag
# span 0 =      2.000,     63.000       
# span 1 =    13.8758,    19.9846       
# span 2 =   3.948764,   4.647423       
# span 3 =    32.4271,    33.8174       
# span 4 =        236,       6192       
# span 5 =     0.1631,     4.2990       
# span 6 =     2.1877,     2.5985       
# span 7 =     2.0276,     2.4108       
# span 8 = 0.0000e+00, 0.0000e+00       
# interval = meters: 1                  
# start_time = Oct 04 2024 08:53:14 [NMEA time, header]
# bad_flag = -9.990e-29
*END*
      3.000    17.4445   4.238952    32.4596        236     0.1631     2.5985     2.4031 0.0000e+00
      4.000    17.4431   4.238767    32.4588        464     0.3218     2.5934     2.4096 0.0000e+00
      5.000    17.4437   4.238880    32.4589        502     0.3482     2.5947     2.4100 0.0000e+00
      6.000    17.4426   4.238825    32.4590        530     0.3674     2.5966     2.4108 0.0000e+00
      7.000    17.4438   4.238957    32.4587        555     0.3848     2.5937     2.4068 0.0000e+00
      8.000    17.4458   4.239261    32.4594        577     0.4001     2.5949     2.4038 0.0000e+00
      9.000    17.4402   4.238922    32.4606        596     0.4133     2.5918     2.4060 0.0000e+00
     10.000    17.4302   4.238452    32.4642        615     0.4264     2.5869     2.4044 0.0000e+00
     11.000    17.4130   4.238351    32.4768        640     0.4437     2.5874     2.4018 0.0000e+00
     12.000    17.4273   4.240834    32.4862        686     0.4754     2.5839     2.3968 0.0000e+00
     13.000    17.4430   4.243091    32.4926        731     0.5069     2.5790     2.3899 0.0000e+00
     14.000    17.4757   4.248900    32.5157        753     0.5223     2.5774     2.3889 0.0000e+00
     15.000    17.4643   4.248017    32.5169        771     0.5344     2.5754     2.3886 0.0000e+00
     16.000    17.4476   4.246109    32.5136        787     0.5458     2.5729     2.3889 0.0000e+00
     17.000    17.4079   4.241673    32.5072        804     0.5577     2.5671     2.3871 0.0000e+00
     18.000    17.2801   4.228477    32.4963        824     0.5713     2.5611     2.3831 0.0000e+00
     19.000    16.9367   4.190631    32.4462        851     0.5904     2.5486     2.3736 0.0000e+00
     20.000    16.7673   4.172655    32.4271        902     0.6260     2.4749     2.3132 0.0000e+00
     21.000    17.7183   4.297637    32.7333        944     0.6545     2.4206     2.2543 0.0000e+00
     22.000    18.0724   4.347379    32.8709        965     0.6694     2.4249     2.2446 0.0000e+00
     23.000    18.2377   4.370077    32.9292        984     0.6824     2.4467     2.2511 0.0000e+00
     24.000    18.5195   4.411588    33.0513       1002     0.6953     2.4678     2.2667 0.0000e+00
     25.000    18.7165   4.447978    33.1973       1023     0.7097     2.4996     2.2904 0.0000e+00
     26.000    18.7526   4.455895    33.2339       1046     0.7258     2.5343     2.3209 0.0000e+00
     27.000    18.7576   4.457098    33.2396       1071     0.7431     2.5428     2.3415 0.0000e+00
     28.000    18.8481   4.471804    33.2890       1098     0.7615     2.5430     2.3493 0.0000e+00
     29.000    19.0809   4.507560    33.3985       1134     0.7869     2.5467     2.3563 0.0000e+00
     30.000    19.4398   4.561379    33.5544       1178     0.8176     2.5557     2.3654 0.0000e+00
     31.000    19.3959   4.557840    33.5602       1212     0.8407     2.5581     2.3696 0.0000e+00
     32.000    19.3783   4.556149    33.5601       1234     0.8561     2.5551     2.3685 0.0000e+00
     33.000    19.4279   4.562950    33.5759       1251     0.8680     2.5499     2.3636 0.0000e+00
     34.000    19.4678   4.568830    33.5919       1266     0.8785     2.5476     2.3576 0.0000e+00
     35.000    19.4923   4.572604    33.6028       1281     0.8890     2.5443     2.3530 0.0000e+00
     36.000    19.5090   4.575324    33.6114       1299     0.9014     2.5360     2.3534 0.0000e+00
     37.000    19.5172   4.576914    33.6176       1328     0.9218     2.5274     2.3478 0.0000e+00
     38.000    19.5183   4.577580    33.6218       1388     0.9630     2.5135     2.3305 0.0000e+00
     39.000    19.5192   4.577883    33.6232       1427     0.9901     2.5056     2.3264 0.0000e+00
     40.000    19.6245   4.592808    33.6608       1449     1.0059     2.5100     2.3244 0.0000e+00
     41.000    19.6773   4.600963    33.6849       1468     1.0190     2.5061     2.3262 0.0000e+00
     42.000    19.7570   4.611903    33.7101       1485     1.0309     2.5064     2.3265 0.0000e+00
     43.000    19.8012   4.618613    33.7291       1502     1.0427     2.5041     2.3238 0.0000e+00
     44.000    19.9670   4.643505    33.7988       1521     1.0558     2.4996     2.3223 0.0000e+00
     45.000    19.9790   4.646171    33.8106       1545     1.0723     2.4968     2.3175 0.0000e+00
     46.000    19.9846   4.647423    33.8159       1581     1.0972     2.4983     2.3141 0.0000e+00
     47.000    19.9774   4.646941    33.8174       1627     1.1291     2.4953     2.3095 0.0000e+00
     48.000    19.9516   4.643799    33.8122       1662     1.1537     2.4930     2.3094 0.0000e+00
     49.000    19.9549   4.644345    33.8137       1687     1.1706     2.4862     2.3079 0.0000e+00
     50.000    19.9530   4.644236    33.8139       1706     1.1839     2.4858     2.3093 0.0000e+00
     51.000    19.9515   4.644056    33.8133       1723     1.1958     2.4828     2.3060 0.0000e+00
     52.000    19.9503   4.643986    33.8134       1741     1.2080     2.4842     2.3037 0.0000e+00
     53.000    19.9404   4.642806    33.8114       1762     1.2229     2.4864     2.3054 0.0000e+00
     54.000    19.6208   4.603827    33.7492       1795     1.2460     2.4769     2.3047 0.0000e+00
     55.000    19.3485   4.570165    33.6915       1840     1.2771     2.4558     2.2898 0.0000e+00
     56.000    18.5978   4.487091    33.6090       1867     1.2961     2.4418     2.2773 0.0000e+00
     57.000    16.6778   4.269130    33.3240       1888     1.3101     2.4168     2.2642 0.0000e+00
     58.000    15.7120   4.149016    33.0730       1908     1.3246     2.3629     2.2296 0.0000e+00
     59.000    15.6131   4.137964    33.0573       1936     1.3434     2.2909     2.1754 0.0000e+00
     60.000    15.0566   4.079070    32.9962       1970     1.3674     2.2598     2.1378 0.0000e+00
     61.000    14.5320   4.022983    32.9307       1997     1.3862     2.2556     2.1252 0.0000e+00
     62.000    14.3125   3.997811    32.8864       2018     1.4006     2.2482     2.1143 0.0000e+00
     63.000    13.8758   3.948764    32.8061       2352     1.6328     2.2203     2.0634 0.0000e+00
     62.000    14.0488   3.959324    32.7567       2646     1.8367     2.1877     2.0302 0.0000e+00
     61.000    14.1805   3.974105    32.7813       2664     1.8495     2.1953     2.0276 0.0000e+00
     60.000    14.3478   3.991558    32.7999       2697     1.8725     2.2223     2.0412 0.0000e+00
     59.000    14.6982   4.030991    32.8637       2745     1.9058     2.2475     2.0636 0.0000e+00
     58.000    15.3842   4.097548    32.8881       2794     1.9396     2.2643     2.0802 0.0000e+00
     57.000    15.6204   4.123996    32.9274       2837     1.9692     2.2760     2.0949 0.0000e+00
     56.000    15.9650   4.159309    32.9540       2868     1.9913     2.2792     2.0993 0.0000e+00
     55.000    17.1425   4.288718    33.1122       2892     2.0076     2.2937     2.1003 0.0000e+00
     54.000    18.1072   4.406018    33.3266       2913     2.0225     2.3363     2.1132 0.0000e+00
     53.000    18.7243   4.479558    33.4444       2938     2.0397     2.3884     2.1455 0.0000e+00
     52.000    19.2921   4.554017    33.6042       2978     2.0673     2.4290     2.1951 0.0000e+00
     51.000    19.5020   4.584481    33.6872       3028     2.1019     2.4590     2.2378 0.0000e+00
     50.000    19.8334   4.622209    33.7301       3059     2.1233     2.4658     2.2555 0.0000e+00
     49.000    19.8665   4.629419    33.7628       3083     2.1403     2.4705     2.2704 0.0000e+00
     48.000    19.9093   4.635495    33.7784       3120     2.1661     2.4747     2.2870 0.0000e+00
     47.000    19.9178   4.638196    33.7940       3176     2.2047     2.4773     2.2999 0.0000e+00
     46.000    19.9350   4.639920    33.7946       3200     2.2215     2.4805     2.3002 0.0000e+00
     45.000    19.9435   4.641132    33.7980       3219     2.2344     2.4850     2.2975 0.0000e+00
     44.000    19.9425   4.641524    33.8024       3237     2.2472     2.4889     2.2970 0.0000e+00
     43.000    19.9530   4.642605    33.8031       3259     2.2628     2.4898     2.3005 0.0000e+00
     42.000    19.8343   4.624801    33.7534       3316     2.3024     2.4897     2.3033 0.0000e+00
     41.000    19.7602   4.614547    33.7295       3381     2.3474     2.4935     2.3042 0.0000e+00
     40.000    19.7138   4.607230    33.7072       3400     2.3606     2.4890     2.3079 0.0000e+00
     39.000    19.6811   4.602609    33.6961       3418     2.3731     2.4926     2.3106 0.0000e+00
     38.000    19.5993   4.591200    33.6686       3436     2.3858     2.4902     2.3116 0.0000e+00
     37.000    19.5051   4.576391    33.6230       4865     3.3775     2.5051     2.3253 0.0000e+00
     36.000    19.5246   4.579581    33.6339       5275     3.6624     2.4994     2.3213 0.0000e+00
     35.000    19.5258   4.579695    33.6342       5269     3.6584     2.5029     2.3200 0.0000e+00
     34.000    19.5168   4.578444    33.6315       5288     3.6718     2.5020     2.3224 0.0000e+00
     33.000    19.4993   4.575892    33.6249       5306     3.6841     2.5021     2.3221 0.0000e+00
     32.000    19.4861   4.573840    33.6191       5325     3.6970     2.5079     2.3195 0.0000e+00
     31.000    19.4597   4.570051    33.6094       5347     3.7124     2.5168     2.3211 0.0000e+00
     30.000    19.4244   4.565238    33.5986       5377     3.7333     2.5197     2.3314 0.0000e+00
     29.000    19.3976   4.560685    33.5830       5413     3.7586     2.5293     2.3405 0.0000e+00
     28.000    19.1613   4.527929    33.5029       5444     3.7799     2.5229     2.3434 0.0000e+00
     27.000    18.9383   4.490548    33.3728       5470     3.7977     2.5201     2.3414 0.0000e+00
     26.000    18.9229   4.488060    33.3649       5494     3.8144     2.5277     2.3424 0.0000e+00
     25.000    18.8103   4.469859    33.3044       5517     3.8303     2.5313     2.3487 0.0000e+00
     24.000    18.8263   4.469959    33.2927       5540     3.8463     2.5333     2.3541 0.0000e+00
     23.000    18.7678   4.460967    33.2651       5564     3.8634     2.5372     2.3544 0.0000e+00
     22.000    18.6168   4.437417    33.1901       5592     3.8829     2.5373     2.3553 0.0000e+00
     21.000    18.3733   4.398752    33.0622       5624     3.9048     2.5404     2.3548 0.0000e+00
     20.000    18.1256   4.365287    32.9801       5651     3.9233     2.5265     2.3533 0.0000e+00
     19.000    17.7685   4.316537    32.8549       5672     3.9384     2.5071     2.3476 0.0000e+00
     18.000    17.6275   4.293099    32.7695       5694     3.9534     2.4680     2.3370 0.0000e+00
     17.000    17.2543   4.242232    32.6354       5720     3.9714     2.4290     2.3154 0.0000e+00
     16.000    17.2711   4.232787    32.5413       5751     3.9932     2.4364     2.2843 0.0000e+00
     15.000    17.3739   4.242053    32.5385       5781     4.0136     2.4725     2.2705 0.0000e+00
     14.000    17.4268   4.245027    32.5218       5805     4.0305     2.4872     2.2813 0.0000e+00
     13.000    17.4261   4.245864    32.5298       5827     4.0458     2.5054     2.2984 0.0000e+00
     12.000    17.4355   4.245728    32.5215       5849     4.0614     2.5338     2.3201 0.0000e+00
     11.000    17.4373   4.245134    32.5154       5878     4.0810     2.5516     2.3393 0.0000e+00
     10.000    17.4354   4.244231    32.5095       5914     4.1063     2.5577     2.3553 0.0000e+00
      9.000    17.4378   4.242650    32.4944       5941     4.1247     2.5673     2.3678 0.0000e+00
      8.000    17.4442   4.241095    32.4763       5960     4.1382     2.5721     2.3728 0.0000e+00
      7.000    17.4490   4.240619    32.4688       5979     4.1514     2.5778     2.3737 0.0000e+00
      6.000    17.4504   4.240765    32.4693       6001     4.1667     2.5807     2.3784 0.0000e+00
      5.000    17.4475   4.240205    32.4672       6031     4.1873     2.5878     2.3881 0.0000e+00
      4.000    17.4476   4.239886    32.4647       6065     4.2114     2.5924     2.3959 0.0000e+00
      3.000    17.4447   4.239409    32.4634       6103     4.2372     2.5946     2.4028 0.0000e+00
      2.000    17.4423   4.238938    32.4616       6192     4.2990     2.5982     2.4093 0.0000e+00
