HB2407/CTD133.cnv
* Sea-Bird SBE 9 Data File:
* FileName = C:\cruise\data\CTD133.hex
* Software Version Seasave V 7.26.7.121
* Temperature SN = 4591
* Conductivity SN = 6006
* Number of Bytes Per Scan = 37
* Number of Voltage Words = 4
* Number of Scans Averaged by the Deck Unit = 1
* NMEA Latitude = 40 57.06 N
* NMEA Longitude = 066 44.32 W
* NMEA UTC (Time) = Oct 11 2024 07:18:15
* NMEA baud rate = 4800
** Ship: Bigelow HB2407
** Program:  Fall Bottom Trawl Survey
** Chief Scientist: John Galbraith
# nquan = 9
# nvalues = 167                         
# units = specified
# name 0 = depSM: Depth [salt water, m]
# name 1 = t090C: Temperature [ITS-90, deg C]
# name 2 = c0S/m: Conductivity [S/m]
# name 3 = sal00: Salinity, Practical [PSU]
# name 4 = scan: Scan Count
# name 5 = timeM: Time, Elapsed [minutes]
# name 6 = sbeox0V: Oxygen raw, SBE 43 [V]
# name 7 = sbeox1V: Oxygen raw, SBE 43, 2 [V]
# name 8 = flag: flag
# span 0 =      2.000,     86.000       
# span 1 =     6.8971,    16.9522       
# span 2 =   3.333609,   4.151659       
# span 3 =    31.9139,    32.9296       
# span 4 =       -219,       5542       
# span 5 =    -0.1525,     3.8482       
# span 6 =     2.1896,     2.6657       
# span 7 =     2.0217,     2.4247       
# span 8 = 0.0000e+00, 0.0000e+00       
# interval = meters: 1                  
# start_time = Oct 11 2024 07:18:15 [NMEA time, header]
# bad_flag = -9.990e-29
*END*
      4.000    16.9385   4.149736    32.0972       -219    -0.1525     2.5879     2.3776 0.0000e+00
      5.000    16.9473   4.151068    32.1013        603     0.4178     2.5758     2.3861 0.0000e+00
      6.000    16.9516   4.151489    32.1012        615     0.4261     2.5761     2.3867 0.0000e+00
      7.000    16.9522   4.151554    32.1009        656     0.4548     2.5751     2.3852 0.0000e+00
      8.000    16.9519   4.151586    32.1010        689     0.4777     2.5772     2.3806 0.0000e+00
      9.000    16.9510   4.151570    32.1013        710     0.4924     2.5773     2.3765 0.0000e+00
     10.000    16.9500   4.151539    32.1015        728     0.5051     2.5791     2.3751 0.0000e+00
     11.000    16.9502   4.151659    32.1019        752     0.5212     2.5800     2.3773 0.0000e+00
     12.000    16.9467   4.151449    32.1025        794     0.5506     2.5739     2.3782 0.0000e+00
     13.000    16.9468   4.151433    32.1020        826     0.5730     2.5774     2.3745 0.0000e+00
     14.000    16.9354   4.150645    32.1039        845     0.5864     2.5805     2.3751 0.0000e+00
     15.000    16.9318   4.150198    32.1025        865     0.5997     2.5786     2.3753 0.0000e+00
     16.000    16.9376   4.150755    32.1024        894     0.6199     2.5747     2.3745 0.0000e+00
     17.000    16.9384   4.150584    32.0999        939     0.6513     2.5762     2.3710 0.0000e+00
     18.000    16.7972   4.139458    32.1162        963     0.6678     2.5734     2.3695 0.0000e+00
     19.000    16.4828   4.114316    32.1496        980     0.6796     2.5707     2.3703 0.0000e+00
     20.000    16.1291   4.083920    32.1685        997     0.6915     2.5655     2.3674 0.0000e+00
     21.000    15.7399   4.047750    32.1647       1019     0.7067     2.5597     2.3626 0.0000e+00
     22.000    14.6994   3.952303    32.1621       1055     0.7322     2.5550     2.3656 0.0000e+00
     23.000    13.6729   3.857688    32.1487       1095     0.7601     2.5526     2.3714 0.0000e+00
     24.000    12.2811   3.733226    32.1565       1124     0.7796     2.5504     2.3774 0.0000e+00
     25.000    11.4902   3.665934    32.1886       1149     0.7970     2.5332     2.3701 0.0000e+00
     26.000    11.1208   3.634138    32.1987       1175     0.8155     2.5101     2.3573 0.0000e+00
     27.000    10.9314   3.617431    32.1994       1205     0.8365     2.4794     2.3351 0.0000e+00
     28.000    10.3915   3.576790    32.2707       1235     0.8566     2.4576     2.3074 0.0000e+00
     29.000     9.8076   3.534903    32.3686       1260     0.8746     2.4254     2.2779 0.0000e+00
     30.000     9.2792   3.497568    32.4633       1285     0.8917     2.3901     2.2448 0.0000e+00
     31.000     8.9305   3.473626    32.5330       1310     0.9090     2.3526     2.2092 0.0000e+00
     32.000     8.6971   3.457574    32.5795       1334     0.9255     2.3158     2.1759 0.0000e+00
     33.000     8.6397   3.452570    32.5794       1358     0.9421     2.2834     2.1451 0.0000e+00
     34.000     8.6196   3.450069    32.5714       1384     0.9604     2.2595     2.1159 0.0000e+00
     35.000     8.6134   3.448452    32.5597       1427     0.9906     2.2390     2.0843 0.0000e+00
     36.000     8.6047   3.446716    32.5490       1482     1.0284     2.2268     2.0634 0.0000e+00
     37.000     8.6025   3.446396    32.5472       1501     1.0417     2.2251     2.0595 0.0000e+00
     38.000     8.5967   3.445852    32.5464       1517     1.0531     2.2231     2.0566 0.0000e+00
     39.000     8.5903   3.445224    32.5453       1534     1.0649     2.2208     2.0538 0.0000e+00
     40.000     8.5816   3.444393    32.5441       1555     1.0794     2.2198     2.0504 0.0000e+00
     41.000     8.5681   3.443069    32.5422       1584     1.0994     2.2184     2.0481 0.0000e+00
     42.000     8.5376   3.440568    32.5435       1617     1.1223     2.2169     2.0473 0.0000e+00
     43.000     8.5197   3.439109    32.5443       1647     1.1433     2.2137     2.0445 0.0000e+00
     44.000     8.5097   3.438193    32.5435       1675     1.1623     2.2100     2.0427 0.0000e+00
     45.000     8.4339   3.432876    32.5570       1702     1.1811     2.2100     2.0419 0.0000e+00
     46.000     8.4191   3.431666    32.5575       1736     1.2052     2.2086     2.0403 0.0000e+00
     47.000     8.4215   3.431591    32.5540       1772     1.2296     2.2062     2.0379 0.0000e+00
     48.000     8.4095   3.430761    32.5559       1796     1.2462     2.2073     2.0375 0.0000e+00
     49.000     8.3614   3.427079    32.5611       1818     1.2619     2.2062     2.0355 0.0000e+00
     50.000     8.3036   3.422587    32.5667       1843     1.2793     2.2034     2.0328 0.0000e+00
     51.000     8.2692   3.419705    32.5677       1871     1.2988     2.2027     2.0306 0.0000e+00
     52.000     8.2159   3.415316    32.5702       1898     1.3175     2.2024     2.0300 0.0000e+00
     53.000     8.1508   3.409898    32.5727       1923     1.3351     2.2002     2.0294 0.0000e+00
     54.000     7.9838   3.397195    32.5926       1952     1.3547     2.1972     2.0291 0.0000e+00
     55.000     7.8929   3.390651    32.6071       1986     1.3785     2.1916     2.0240 0.0000e+00
     56.000     7.8623   3.388396    32.6112       2017     1.4003     2.1907     2.0217 0.0000e+00
     57.000     7.7566   3.380462    32.6247       2045     1.4193     2.1917     2.0247 0.0000e+00
     58.000     7.7353   3.378674    32.6250       2070     1.4371     2.1896     2.0235 0.0000e+00
     59.000     7.7187   3.377046    32.6226       2094     1.4537     2.1898     2.0218 0.0000e+00
     60.000     7.6885   3.374492    32.6231       2119     1.4708     2.1949     2.0231 0.0000e+00
     61.000     7.6412   3.370804    32.6273       2150     1.4923     2.1994     2.0278 0.0000e+00
     62.000     7.6274   3.370926    32.6411       2191     1.5206     2.2073     2.0332 0.0000e+00
     63.000     7.6385   3.373153    32.6541       2219     1.5401     2.2126     2.0377 0.0000e+00
     64.000     7.6228   3.373730    32.6746       2239     1.5543     2.2142     2.0400 0.0000e+00
     65.000     7.5934   3.372257    32.6859       2258     1.5675     2.2138     2.0413 0.0000e+00
     66.000     7.5552   3.369548    32.6922       2280     1.5830     2.2122     2.0410 0.0000e+00
     67.000     7.4621   3.361201    32.6894       2316     1.6075     2.2097     2.0396 0.0000e+00
     68.000     7.4384   3.360031    32.6987       2362     1.6397     2.2106     2.0387 0.0000e+00
     69.000     7.3822   3.357819    32.7274       2387     1.6567     2.2128     2.0406 0.0000e+00
     70.000     7.2724   3.352372    32.7717       2404     1.6689     2.2147     2.0415 0.0000e+00
     71.000     7.2306   3.350643    32.7921       2422     1.6810     2.2132     2.0407 0.0000e+00
     72.000     7.1082   3.345221    32.8490       2444     1.6963     2.2107     2.0403 0.0000e+00
     73.000     7.0178   3.340691    32.8853       2489     1.7280     2.2115     2.0433 0.0000e+00
     74.000     6.9510   3.337268    32.9113       2529     1.7553     2.2194     2.0469 0.0000e+00
     75.000     6.9291   3.336173    32.9197       2549     1.7691     2.2219     2.0494 0.0000e+00
     76.000     6.9162   3.335556    32.9248       2568     1.7826     2.2229     2.0510 0.0000e+00
     77.000     6.9028   3.334865    32.9296       2597     1.8025     2.2243     2.0519 0.0000e+00
     78.000     6.8995   3.334551    32.9288       2642     1.8339     2.2278     2.0535 0.0000e+00
     79.000     6.8986   3.334516    32.9288       2667     1.8511     2.2285     2.0545 0.0000e+00
     80.000     6.8979   3.334430    32.9281       2684     1.8635     2.2282     2.0548 0.0000e+00
     81.000     6.8982   3.334443    32.9275       2703     1.8761     2.2281     2.0549 0.0000e+00
     82.000     6.8971   3.334370    32.9273       2728     1.8940     2.2269     2.0545 0.0000e+00
     83.000     6.8977   3.334342    32.9258       2776     1.9272     2.2277     2.0525 0.0000e+00
     84.000     6.8982   3.334357    32.9251       2808     1.9497     2.2272     2.0535 0.0000e+00
     85.000     6.8984   3.334400    32.9248       2827     1.9628     2.2270     2.0538 0.0000e+00
     86.000     6.9020   3.334521    32.9223       2880     1.9994     2.2250     2.0531 0.0000e+00
     85.000     6.9008   3.334497    32.9236       2908     2.0187     2.2251     2.0537 0.0000e+00
     84.000     6.8989   3.334197    32.9227       3126     2.1701     2.2296     2.0552 0.0000e+00
     83.000     6.8988   3.334090    32.9221       3229     2.2415     2.2293     2.0554 0.0000e+00
     82.000     6.8990   3.334039    32.9218       3275     2.2735     2.2288     2.0537 0.0000e+00
     81.000     6.8988   3.333947    32.9215       3306     2.2949     2.2279     2.0520 0.0000e+00
     80.000     6.8983   3.333855    32.9214       3325     2.3081     2.2273     2.0513 0.0000e+00
     79.000     6.8982   3.333738    32.9208       3343     2.3209     2.2265     2.0514 0.0000e+00
     78.000     6.8984   3.333609    32.9196       3365     2.3364     2.2263     2.0529 0.0000e+00
     77.000     6.9013   3.333619    32.9174       3400     2.3601     2.2283     2.0555 0.0000e+00
     76.000     6.9061   3.333745    32.9146       3438     2.3870     2.2326     2.0567 0.0000e+00
     75.000     6.9099   3.333845    32.9126       3468     2.4079     2.2339     2.0564 0.0000e+00
     74.000     6.9228   3.334338    32.9061       3498     2.4284     2.2352     2.0574 0.0000e+00
     73.000     6.9432   3.335183    32.8963       3524     2.4465     2.2356     2.0575 0.0000e+00
     72.000     6.9765   3.336627    32.8808       3545     2.4613     2.2363     2.0575 0.0000e+00
     71.000     7.0223   3.338625    32.8594       3566     2.4757     2.2371     2.0581 0.0000e+00
     70.000     7.1161   3.342557    32.8134       3590     2.4927     2.2388     2.0599 0.0000e+00
     69.000     7.1941   3.346210    32.7795       3619     2.5125     2.2386     2.0612 0.0000e+00
     68.000     7.3288   3.351842    32.7136       3647     2.5318     2.2384     2.0622 0.0000e+00
     67.000     7.4071   3.356596    32.6916       3675     2.5517     2.2398     2.0613 0.0000e+00
     66.000     7.4274   3.357616    32.6839       3708     2.5742     2.2382     2.0607 0.0000e+00
     65.000     7.4531   3.358734    32.6723       3741     2.5969     2.2330     2.0574 0.0000e+00
     64.000     7.5508   3.366302    32.6623       3770     2.6171     2.2318     2.0545 0.0000e+00
     63.000     7.5830   3.368970    32.6613       3795     2.6347     2.2309     2.0531 0.0000e+00
     62.000     7.6055   3.370009    32.6517       3819     2.6516     2.2270     2.0519 0.0000e+00
     61.000     7.6223   3.370386    32.6406       3847     2.6707     2.2239     2.0504 0.0000e+00
     60.000     7.6244   3.370004    32.6349       3883     2.6958     2.2205     2.0480 0.0000e+00
     59.000     7.6423   3.369047    32.6083       3912     2.7159     2.2178     2.0459 0.0000e+00
     58.000     7.6601   3.369886    32.6012       3931     2.7294     2.2185     2.0442 0.0000e+00
     57.000     7.6813   3.371542    32.5995       3948     2.7412     2.2194     2.0441 0.0000e+00
     56.000     7.7073   3.373439    32.5960       3967     2.7540     2.2197     2.0439 0.0000e+00
     55.000     7.8012   3.380620    32.5856       4006     2.7809     2.2195     2.0448 0.0000e+00
     54.000     7.8792   3.386392    32.5749       4065     2.8219     2.2126     2.0410 0.0000e+00
     53.000     7.9237   3.389429    32.5664       4083     2.8347     2.2100     2.0376 0.0000e+00
     52.000     7.9652   3.392218    32.5578       4099     2.8461     2.2095     2.0357 0.0000e+00
     51.000     8.0229   3.396753    32.5529       4117     2.8585     2.2097     2.0335 0.0000e+00
     50.000     8.1458   3.405849    32.5359       4142     2.8759     2.2098     2.0330 0.0000e+00
     49.000     8.1963   3.410414    32.5379       4181     2.9027     2.2091     2.0335 0.0000e+00
     48.000     8.3200   3.419502    32.5199       4215     2.9262     2.2072     2.0321 0.0000e+00
     47.000     8.3652   3.423559    32.5214       4239     2.9427     2.2084     2.0320 0.0000e+00
     46.000     8.3880   3.425522    32.5214       4259     2.9571     2.2100     2.0329 0.0000e+00
     45.000     8.4057   3.426994    32.5211       4283     2.9735     2.2104     2.0340 0.0000e+00
     44.000     8.4184   3.427997    32.5204       4321     2.9999     2.2090     2.0343 0.0000e+00
     43.000     8.4864   3.432360    32.5041       4355     3.0237     2.2061     2.0331 0.0000e+00
     42.000     8.5071   3.434154    32.5043       4377     3.0386     2.2063     2.0335 0.0000e+00
     41.000     8.5114   3.434565    32.5051       4396     3.0520     2.2077     2.0347 0.0000e+00
     40.000     8.5361   3.436281    32.5008       4419     3.0683     2.2088     2.0360 0.0000e+00
     39.000     8.5620   3.438381    32.4995       4462     3.0983     2.2108     2.0387 0.0000e+00
     38.000     8.5824   3.439823    32.4963       4505     3.1276     2.2136     2.0401 0.0000e+00
     37.000     8.5861   3.440188    32.4972       4524     3.1412     2.2142     2.0392 0.0000e+00
     36.000     8.5868   3.440239    32.4975       4541     3.1527     2.2139     2.0400 0.0000e+00
     35.000     8.5913   3.440547    32.4971       4557     3.1640     2.2138     2.0403 0.0000e+00
     34.000     8.6009   3.441174    32.4953       4577     3.1775     2.2146     2.0397 0.0000e+00
     33.000     8.6147   3.442226    32.4941       4612     3.2023     2.2165     2.0406 0.0000e+00
     32.000     8.6312   3.443346    32.4911       4661     3.2364     2.2137     2.0400 0.0000e+00
     31.000     8.6509   3.444700    32.4877       4685     3.2527     2.2142     2.0413 0.0000e+00
     30.000     8.7048   3.447820    32.4713       4707     3.2680     2.2166     2.0420 0.0000e+00
     29.000     8.9546   3.463056    32.4021       4733     3.2860     2.2226     2.0426 0.0000e+00
     28.000     9.0938   3.473083    32.3799       4763     3.3070     2.2320     2.0476 0.0000e+00
     27.000    10.0106   3.529599    32.1342       4787     3.3240     2.2501     2.0524 0.0000e+00
     26.000    10.5454   3.571038    32.0780       4807     3.3378     2.2783     2.0658 0.0000e+00
     25.000    10.8407   3.594735    32.0550       4829     3.3525     2.3187     2.0896 0.0000e+00
     24.000    11.3200   3.636179    32.0459       4866     3.3782     2.3853     2.1461 0.0000e+00
     23.000    12.5879   3.735221    31.9139       4907     3.4071     2.4502     2.2130 0.0000e+00
     22.000    13.5140   3.822942    31.9600       4929     3.4225     2.4997     2.2545 0.0000e+00
     21.000    14.0511   3.869830    31.9465       4949     3.4364     2.5590     2.2999 0.0000e+00
     20.000    14.7683   3.935188    31.9513       4971     3.4513     2.6152     2.3490 0.0000e+00
     19.000    15.6996   4.020375    31.9554       4994     3.4676     2.6624     2.3931 0.0000e+00
     18.000    16.1511   4.068709    32.0178       5023     3.4877     2.6657     2.4247 0.0000e+00
     17.000    16.4176   4.097274    32.0541       5071     3.5207     2.6339     2.4190 0.0000e+00
     16.000    16.7913   4.128106    32.0233       5099     3.5406     2.6076     2.4017 0.0000e+00
     15.000    16.8514   4.135873    32.0430       5117     3.5529     2.6033     2.3990 0.0000e+00
     14.000    16.8619   4.137327    32.0475       5134     3.5647     2.6006     2.3979 0.0000e+00
     13.000    16.8884   4.140242    32.0520       5153     3.5781     2.5934     2.3894 0.0000e+00
     12.000    16.9188   4.143460    32.0558       5185     3.6001     2.5837     2.3804 0.0000e+00
     11.000    16.9079   4.143724    32.0672       5237     3.6358     2.5765     2.3769 0.0000e+00
     10.000    16.9142   4.144293    32.0674       5262     3.6534     2.5767     2.3740 0.0000e+00
      9.000    16.9172   4.144829    32.0700       5280     3.6658     2.5746     2.3738 0.0000e+00
