HB2407/CTD131.cnv
* Sea-Bird SBE 9 Data File:
* FileName = C:\cruise\data\CTD131.hex
* Software Version Seasave V 7.26.7.121
* Temperature SN = 4591
* Conductivity SN = 6006
* Number of Bytes Per Scan = 37
* Number of Voltage Words = 4
* Number of Scans Averaged by the Deck Unit = 1
* NMEA Latitude = 40 35.69 N
* NMEA Longitude = 067 25.37 W
* NMEA UTC (Time) = Oct 10 2024 17:13:45
* NMEA baud rate = 4800
** Ship: Bigelow HB2407
** Program:  Fall Bottom Trawl Survey
** Chief Scientist: John Galbraith
# nquan = 9
# nvalues = 193                         
# units = specified
# name 0 = depSM: Depth [salt water, m]
# name 1 = t090C: Temperature [ITS-90, deg C]
# name 2 = c0S/m: Conductivity [S/m]
# name 3 = sal00: Salinity, Practical [PSU]
# name 4 = scan: Scan Count
# name 5 = timeM: Time, Elapsed [minutes]
# name 6 = sbeox0V: Oxygen raw, SBE 43 [V]
# name 7 = sbeox1V: Oxygen raw, SBE 43, 2 [V]
# name 8 = flag: flag
# span 0 =      1.000,     98.000       
# span 1 =     6.8594,    19.2337       
# span 2 =   3.341925,   4.535612       
# span 3 =    32.0765,    33.6546       
# span 4 =       -339,       7374       
# span 5 =    -0.2363,     5.1202       
# span 6 =     2.2140,     2.7363       
# span 7 =     2.0405,     2.5069       
# span 8 = 0.0000e+00, 0.0000e+00       
# interval = meters: 1                  
# start_time = Oct 10 2024 17:13:45 [NMEA time, header]
# bad_flag = -9.990e-29
*END*
[from data line 161]
     32.000     9.8498   3.553791    32.5213       5530     3.8397     2.4901     2.2639 0.0000e+00
     31.000    10.2544   3.591129    32.5356       5556     3.8576     2.5228     2.2809 0.0000e+00
     30.000    11.6248   3.718939    32.5855       5586     3.8782     2.5902     2.3041 0.0000e+00
     29.000    13.2185   3.882773    32.7681       5619     3.9015     2.6604     2.3493 0.0000e+00
     28.000    14.2863   3.997914    32.9234       5652     3.9244     2.6950     2.4051 0.0000e+00
     27.000    14.5739   4.033108    33.0010       5680     3.9438     2.6914     2.4410 0.0000e+00
     26.000    14.8483   4.060585    33.0185       5703     3.9595     2.7088     2.4599 0.0000e+00
     25.000    15.3707   4.111446    33.0365       5724     3.9742     2.7207     2.4655 0.0000e+00
     24.000    15.8107   4.166318    33.1573       5748     3.9913     2.7338     2.4731 0.0000e+00
     23.000    17.3489   4.322794    33.2483       5783     4.0154     2.7363     2.4868 0.0000e+00
     22.000    18.0845   4.402975    33.3313       5818     4.0398     2.7341     2.5069 0.0000e+00
     21.000    18.8156   4.475874    33.3517       5843     4.0570     2.7334     2.4973 0.0000e+00
     20.000    18.7475   4.462246    33.2932       5865     4.0721     2.7069     2.4899 0.0000e+00
     19.000    18.7486   4.456580    33.2454       5888     4.0880     2.6691     2.4647 0.0000e+00
     18.000    18.8215   4.457151    33.1919       5915     4.1066     2.6358     2.4333 0.0000e+00
     17.000    18.8724   4.454189    33.1268       5946     4.1282     2.6163     2.4154 0.0000e+00
     16.000    18.5637   4.405027    32.9637       5977     4.1502     2.6014     2.4075 0.0000e+00
     15.000    18.4131   4.373403    32.8197       6005     4.1693     2.6045     2.3995 0.0000e+00
     14.000    18.3817   4.363438    32.7614       6028     4.1857     2.6059     2.3993 0.0000e+00
     13.000    18.2828   4.342197    32.6621       6051     4.2015     2.5994     2.4040 0.0000e+00
     12.000    18.1674   4.317305    32.5448       6075     4.2183     2.5895     2.4028 0.0000e+00
     11.000    17.8318   4.257804    32.3083       6106     4.2398     2.5818     2.4008 0.0000e+00
     10.000    17.7113   4.233201    32.1957       6140     4.2634     2.5804     2.3916 0.0000e+00
      9.000    17.5960   4.212947    32.1151       6167     4.2822     2.5767     2.3846 0.0000e+00
      8.000    17.5785   4.208634    32.0926       6194     4.3008     2.5792     2.3805 0.0000e+00
      7.000    17.5709   4.206724    32.0827       6229     4.3247     2.5842     2.3833 0.0000e+00
      6.000    17.5641   4.205795    32.0805       6760     4.6934     2.5836     2.3809 0.0000e+00
      5.000    17.5645   4.206251    32.0844       6973     4.8413     2.5864     2.3845 0.0000e+00
      4.000    17.5669   4.206469    32.0847       7081     4.9169     2.5861     2.3833 0.0000e+00
      3.000    17.5679   4.206621    32.0856       7231     5.0207     2.5872     2.3852 0.0000e+00
      2.000    17.5684   4.206641    32.0857       7335     5.0928     2.5931     2.3880 0.0000e+00
      1.000    17.5675   4.206563    32.0861       7374     5.1202     2.5893     2.3823 0.0000e+00
