HB2407/CTD155.cnv
* Sea-Bird SBE 9 Data File:
* FileName = C:\cruise\data\CTD155.hex
* Software Version Seasave V 7.26.7.121
* Temperature SN = 4591
* Conductivity SN = 6006
* Number of Bytes Per Scan = 37
* Number of Voltage Words = 4
* Number of Scans Averaged by the Deck Unit = 1
* NMEA Latitude = 41 37.75 N
* NMEA Longitude = 068 28.51 W
* NMEA UTC (Time) = Oct 16 2024 03:52:00
* NMEA baud rate = 4800
** Ship: Bigelow HB2407
** Program:  Fall Bottom Trawl Survey
** Chief Scientist: John Galbraith
# nquan = 9
# nvalues = 193                         
# units = specified
# name 0 = depSM: Depth [salt water, m]
# name 1 = t090C: Temperature [ITS-90, deg C]
# name 2 = c0S/m: Conductivity [S/m]
# name 3 = sal00: Salinity, Practical [PSU]
# name 4 = scan: Scan Count
# name 5 = timeM: Time, Elapsed [minutes]
# name 6 = sbeox0V: Oxygen raw, SBE 43 [V]
# name 7 = sbeox1V: Oxygen raw, SBE 43, 2 [V]
# name 8 = flag: flag
# span 0 =      2.000,     99.000       
# span 1 =     7.4646,    15.1683       
# span 2 =   3.367659,   3.961920       
# span 3 =    31.7948,    32.7416       
# span 4 =        648,       6574       
# span 5 =     0.4492,     4.5647       
# span 6 =     1.9630,     2.5410       
# span 7 =     1.8169,     2.3451       
# span 8 = 0.0000e+00, 0.0000e+00       
# interval = meters: 1                  
# start_time = Oct 16 2024 03:52:00 [NMEA time, header]
# bad_flag = -9.990e-29
*END*
      4.000    15.1619   3.953036    31.7970        648     0.4492     2.5383     2.3451 0.0000e+00
      5.000    15.1612   3.952974    31.7966       1210     0.8396     2.5363     2.3430 0.0000e+00
      6.000    15.1618   3.953069    31.7966       1221     0.8471     2.5398     2.3450 0.0000e+00
      7.000    15.1617   3.953117    31.7967       1268     0.8798     2.5410     2.3451 0.0000e+00
      8.000    15.1633   3.953320    31.7969       1310     0.9093     2.5395     2.3447 0.0000e+00
      9.000    15.1643   3.953460    31.7969       1329     0.9225     2.5384     2.3405 0.0000e+00
     10.000    15.1683   3.954725    31.8047       1347     0.9346     2.5352     2.3383 0.0000e+00
     11.000    15.1656   3.954679    31.8061       1365     0.9474     2.5335     2.3377 0.0000e+00
     12.000    15.1650   3.954332    31.8031       1388     0.9630     2.5329     2.3382 0.0000e+00
     13.000    15.1650   3.954618    31.8053       1419     0.9849     2.5325     2.3329 0.0000e+00
     14.000    15.1653   3.954379    31.8025       1463     1.0155     2.5302     2.3311 0.0000e+00
     15.000    15.1652   3.955631    31.8134       1492     1.0354     2.5288     2.3323 0.0000e+00
     16.000    15.1641   3.956466    31.8214       1513     1.0503     2.5307     2.3354 0.0000e+00
     17.000    15.1644   3.956090    31.8174       1533     1.0640     2.5249     2.3343 0.0000e+00
     18.000    15.1580   3.958198    31.8411       1555     1.0791     2.5188     2.3316 0.0000e+00
     19.000    15.1431   3.958996    31.8601       1586     1.1007     2.5169     2.3282 0.0000e+00
     20.000    15.0726   3.961920    31.9434       1619     1.1238     2.5042     2.3153 0.0000e+00
     21.000    15.0342   3.961208    31.9680       1643     1.1403     2.4839     2.3039 0.0000e+00
     22.000    15.0134   3.959532    31.9695       1668     1.1578     2.4510     2.2779 0.0000e+00
     23.000    14.9945   3.957822    31.9692       1705     1.1835     2.4056     2.2327 0.0000e+00
     24.000    14.9886   3.957265    31.9686       1742     1.2089     2.3830     2.2101 0.0000e+00
     25.000    14.9797   3.956527    31.9689       1762     1.2231     2.3793     2.2052 0.0000e+00
     26.000    14.9540   3.954390    31.9703       1778     1.2338     2.3757     2.2033 0.0000e+00
     27.000    14.8620   3.946541    31.9745       1793     1.2447     2.3734     2.2007 0.0000e+00
     28.000    14.5868   3.921893    31.9770       1836     1.2740     2.3620     2.1900 0.0000e+00
     29.000    14.3844   3.903210    31.9735       1895     1.3156     2.3522     2.1817 0.0000e+00
     30.000    14.3068   3.896616    31.9770       1909     1.3248     2.3518     2.1809 0.0000e+00
     31.000    14.2725   3.894454    31.9852       1922     1.3342     2.3510     2.1790 0.0000e+00
     32.000    14.0449   3.876510    32.0090       1937     1.3442     2.3487     2.1767 0.0000e+00
     33.000    13.6810   3.847057    32.0399       1958     1.3594     2.3392     2.1701 0.0000e+00
     34.000    13.4851   3.830104    32.0462       2013     1.3969     2.2971     2.1338 0.0000e+00
     35.000    13.0800   3.798278    32.0892       2049     1.4224     2.2769     2.1185 0.0000e+00
     36.000    12.8610   3.781168    32.1130       2067     1.4344     2.2671     2.1105 0.0000e+00
     37.000    12.6954   3.767554    32.1245       2084     1.4462     2.2554     2.1030 0.0000e+00
     38.000    12.5279   3.754084    32.1389       2106     1.4615     2.2429     2.0899 0.0000e+00
     39.000    12.3679   3.741184    32.1523       2143     1.4878     2.2187     2.0672 0.0000e+00
     40.000    12.0817   3.717586    32.1713       2178     1.5121     2.2075     2.0528 0.0000e+00
     41.000    11.9267   3.705004    32.1832       2205     1.5306     2.1971     2.0393 0.0000e+00
     42.000    11.7694   3.692222    32.1951       2229     1.5474     2.1898     2.0312 0.0000e+00
     43.000    11.6247   3.680948    32.2106       2249     1.5608     2.1843     2.0251 0.0000e+00
     44.000    11.4641   3.668366    32.2272       2265     1.5725     2.1799     2.0195 0.0000e+00
     45.000    11.3439   3.658573    32.2358       2284     1.5852     2.1726     2.0136 0.0000e+00
     46.000    11.1298   3.641081    32.2508       2332     1.6188     2.1559     1.9999 0.0000e+00
     47.000    11.0805   3.636550    32.2489       2386     1.6562     2.1482     1.9875 0.0000e+00
     48.000    11.0441   3.633944    32.2548       2398     1.6648     2.1464     1.9873 0.0000e+00
     49.000    10.8814   3.622761    32.2868       2411     1.6734     2.1449     1.9857 0.0000e+00
     50.000    10.6307   3.604844    32.3297       2423     1.6819     2.1425     1.9824 0.0000e+00
     51.000     9.9298   3.555702    32.4604       2439     1.6931     2.1350     1.9768 0.0000e+00
     52.000     9.5844   3.522030    32.4285       2504     1.7381     2.0858     1.9439 0.0000e+00
     53.000     9.4352   3.512408    32.4641       2532     1.7574     2.0812     1.9365 0.0000e+00
     54.000     9.4151   3.510507    32.4623       2545     1.7669     2.0767     1.9314 0.0000e+00
     55.000     9.3918   3.508521    32.4626       2560     1.7772     2.0728     1.9268 0.0000e+00
     56.000     9.2615   3.498334    32.4756       2605     1.8085     2.0683     1.9175 0.0000e+00
     57.000     9.1465   3.489791    32.4917       2653     1.8419     2.0633     1.9100 0.0000e+00
     58.000     9.0533   3.483369    32.5097       2666     1.8510     2.0621     1.9089 0.0000e+00
     59.000     8.8658   3.470487    32.5469       2680     1.8603     2.0585     1.9068 0.0000e+00
     60.000     8.7679   3.462237    32.5504       2695     1.8707     2.0542     1.9038 0.0000e+00
     61.000     8.6925   3.456306    32.5572       2716     1.8857     2.0466     1.8973 0.0000e+00
     62.000     8.6429   3.451581    32.5529       2761     1.9166     2.0439     1.8924 0.0000e+00
     63.000     8.5947   3.447413    32.5532       2805     1.9474     2.0497     1.8942 0.0000e+00
     64.000     8.5311   3.442142    32.5560       2831     1.9654     2.0503     1.8946 0.0000e+00
     65.000     8.4172   3.432738    32.5618       2852     1.9797     2.0499     1.8956 0.0000e+00
     66.000     8.2637   3.419869    32.5676       2870     1.9926     2.0481     1.8946 0.0000e+00
     67.000     8.1384   3.408335    32.5612       2890     2.0059     2.0444     1.8920 0.0000e+00
     68.000     7.9952   3.398258    32.5868       2916     2.0242     2.0402     1.8884 0.0000e+00
     69.000     7.9124   3.393027    32.6078       2959     2.0543     2.0339     1.8841 0.0000e+00
     70.000     7.9188   3.394050    32.6123       2989     2.0753     2.0273     1.8780 0.0000e+00
     71.000     7.9150   3.394535    32.6205       3010     2.0897     2.0238     1.8755 0.0000e+00
     72.000     7.9025   3.393609    32.6218       3030     2.1036     2.0217     1.8725 0.0000e+00
     73.000     7.9020   3.393472    32.6204       3053     2.1195     2.0183     1.8675 0.0000e+00
     74.000     7.9013   3.393422    32.6201       3082     2.1395     2.0152     1.8615 0.0000e+00
     75.000     7.8970   3.393091    32.6200       3114     2.1618     2.0120     1.8568 0.0000e+00
     76.000     7.8900   3.392601    32.6208       3141     2.1806     2.0095     1.8543 0.0000e+00
     77.000     7.8837   3.392186    32.6218       3165     2.1969     2.0082     1.8535 0.0000e+00
     78.000     7.8635   3.390838    32.6259       3191     2.2155     2.0081     1.8533 0.0000e+00
     79.000     7.8212   3.387974    32.6343       3228     2.2406     2.0055     1.8529 0.0000e+00
     80.000     7.7027   3.381938    32.6802       3259     2.2623     2.0027     1.8498 0.0000e+00
     81.000     7.6827   3.380959    32.6880       3280     2.2771     1.9984     1.8476 0.0000e+00
     82.000     7.6558   3.379789    32.7002       3299     2.2901     1.9949     1.8459 0.0000e+00
     83.000     7.6335   3.378737    32.7094       3317     2.3030     1.9917     1.8427 0.0000e+00
     84.000     7.5866   3.376130    32.7250       3338     2.3176     1.9873     1.8389 0.0000e+00
     85.000     7.5896   3.376063    32.7210       3376     2.3438     1.9836     1.8341 0.0000e+00
     86.000     7.5661   3.374493    32.7258       3433     2.3831     1.9770     1.8286 0.0000e+00
     87.000     7.5671   3.374546    32.7250       3452     2.3968     1.9767     1.8267 0.0000e+00
     88.000     7.5696   3.374696    32.7237       3468     2.4075     1.9767     1.8257 0.0000e+00
     89.000     7.5712   3.374799    32.7228       3482     2.4175     1.9769     1.8247 0.0000e+00
     90.000     7.5643   3.374417    32.7248       3499     2.4290     1.9753     1.8239 0.0000e+00
     91.000     7.5202   3.371714    32.7367       3539     2.4569     1.9712     1.8220 0.0000e+00
     92.000     7.5113   3.371046    32.7374       3590     2.4926     1.9696     1.8206 0.0000e+00
     93.000     7.5097   3.370942    32.7373       3609     2.5058     1.9696     1.8203 0.0000e+00
     94.000     7.5097   3.370955    32.7370       3629     2.5193     1.9687     1.8197 0.0000e+00
     95.000     7.5101   3.370936    32.7359       3668     2.5465     1.9691     1.8189 0.0000e+00
     96.000     7.4997   3.370161    32.7369       3721     2.5836     1.9678     1.8185 0.0000e+00
     97.000     7.4979   3.370076    32.7372       3742     2.5980     1.9667     1.8181 0.0000e+00
     98.000     7.4860   3.369187    32.7384       3765     2.6136     1.9673     1.8180 0.0000e+00
     99.000     7.4646   3.367659    32.7416       3784     2.6268     1.9688     1.8201 0.0000e+00
     98.000     7.4816   3.368775    32.7382       3861     2.6805     1.9654     1.8174 0.0000e+00
     97.000     7.4694   3.367767    32.7392       4005     2.7805     1.9640     1.8172 0.0000e+00
     96.000     7.4754   3.367920    32.7357       4039     2.8039     1.9632     1.8170 0.0000e+00
     95.000     7.4902   3.369002    32.7338       4063     2.8207     1.9630     1.8172 0.0000e+00
     94.000     7.4904   3.369004    32.7341       4093     2.8415     1.9654     1.8169 0.0000e+00
     93.000     7.5040   3.369694    32.7293       4120     2.8603     1.9668     1.8173 0.0000e+00
     92.000     7.5198   3.370808    32.7269       4138     2.8732     1.9672     1.8179 0.0000e+00
     91.000     7.5183   3.370738    32.7280       4156     2.8851     1.9682     1.8188 0.0000e+00
     90.000     7.5216   3.370877    32.7269       4186     2.9060     1.9688     1.8200 0.0000e+00
     89.000     7.5410   3.371934    32.7204       4251     2.9513     1.9694     1.8217 0.0000e+00
     88.000     7.5600   3.372980    32.7143       4266     2.9618     1.9698     1.8216 0.0000e+00
     87.000     7.5615   3.373141    32.7151       4280     2.9717     1.9704     1.8222 0.0000e+00
     86.000     7.5677   3.373440    32.7130       4294     2.9809     1.9706     1.8232 0.0000e+00
     85.000     7.5714   3.373672    32.7124       4309     2.9913     1.9709     1.8239 0.0000e+00
     84.000     7.5795   3.374093    32.7098       4348     3.0186     1.9715     1.8242 0.0000e+00
     83.000     7.5903   3.374646    32.7060       4402     3.0560     1.9736     1.8241 0.0000e+00
     82.000     7.5884   3.374542    32.7072       4420     3.0685     1.9744     1.8242 0.0000e+00
     81.000     7.5893   3.374487    32.7062       4436     3.0799     1.9743     1.8247 0.0000e+00
     80.000     7.6001   3.374918    32.7012       4453     3.0915     1.9740     1.8250 0.0000e+00
     79.000     7.6132   3.375570    32.6963       4474     3.1062     1.9765     1.8256 0.0000e+00
     78.000     7.7220   3.380667    32.6494       4513     3.1335     1.9799     1.8280 0.0000e+00
     77.000     7.7883   3.384668    32.6307       4559     3.1653     1.9861     1.8327 0.0000e+00
     76.000     7.8335   3.386822    32.6120       4579     3.1791     1.9898     1.8349 0.0000e+00
     75.000     7.8473   3.387829    32.6102       4594     3.1898     1.9911     1.8363 0.0000e+00
     74.000     7.8716   3.389151    32.6022       4610     3.2005     1.9927     1.8372 0.0000e+00
     73.000     7.8787   3.389726    32.6021       4635     3.2181     1.9957     1.8388 0.0000e+00
     72.000     7.8920   3.390578    32.5992       4684     3.2524     2.0005     1.8418 0.0000e+00
     71.000     7.8881   3.390308    32.6006       4708     3.2688     1.9993     1.8443 0.0000e+00
     70.000     7.8912   3.390427    32.5994       4724     3.2798     1.9995     1.8462 0.0000e+00
     69.000     7.9049   3.391161    32.5949       4740     3.2908     1.9995     1.8474 0.0000e+00
     68.000     7.9135   3.391363    32.5894       4763     3.3067     2.0016     1.8486 0.0000e+00
     67.000     7.9183   3.390841    32.5799       4814     3.3425     2.0055     1.8516 0.0000e+00
     66.000     7.9595   3.393009    32.5651       4839     3.3598     2.0066     1.8534 0.0000e+00
     65.000     7.9940   3.394536    32.5497       4855     3.3706     2.0077     1.8542 0.0000e+00
     64.000     8.0809   3.399287    32.5199       4870     3.3810     2.0089     1.8561 0.0000e+00
     63.000     8.1293   3.403178    32.5168       4889     3.3944     2.0128     1.8596 0.0000e+00
     62.000     8.2403   3.412556    32.5138       4935     3.4267     2.0273     1.8696 0.0000e+00
     61.000     8.3389   3.421096    32.5133       4969     3.4500     2.0380     1.8765 0.0000e+00
     60.000     8.4525   3.429939    32.5020       4985     3.4612     2.0410     1.8807 0.0000e+00
     59.000     8.5038   3.434764    32.5060       5000     3.4714     2.0431     1.8836 0.0000e+00
     58.000     8.5061   3.435653    32.5137       5017     3.4833     2.0472     1.8859 0.0000e+00
     57.000     8.5783   3.441457    32.5085       5052     3.5078     2.0521     1.8880 0.0000e+00
     56.000     8.6684   3.448617    32.5012       5095     3.5376     2.0550     1.8904 0.0000e+00
     55.000     8.8554   3.460054    32.4496       5114     3.5510     2.0556     1.8912 0.0000e+00
     54.000     8.9200   3.467010    32.4634       5132     3.5632     2.0582     1.8915 0.0000e+00
     53.000     8.9934   3.472426    32.4531       5152     3.5768     2.0596     1.8941 0.0000e+00
     52.000     9.0889   3.479449    32.4393       5180     3.5965     2.0622     1.8974 0.0000e+00
     51.000     9.2313   3.490280    32.4222       5214     3.6199     2.0656     1.8986 0.0000e+00
     50.000     9.3553   3.498214    32.3919       5237     3.6363     2.0632     1.8998 0.0000e+00
     49.000     9.4065   3.503210    32.3974       5261     3.6530     2.0640     1.9008 0.0000e+00
     48.000     9.5934   3.515753    32.3576       5292     3.6741     2.0671     1.9013 0.0000e+00
     47.000    10.0071   3.544775    32.2823       5317     3.6917     2.0759     1.9033 0.0000e+00
     46.000    10.5093   3.582346    32.2142       5339     3.7072     2.0915     1.9078 0.0000e+00
     45.000    10.7273   3.600706    32.2053       5365     3.7247     2.1107     1.9196 0.0000e+00
     44.000    10.9146   3.615301    32.1858       5390     3.7424     2.1220     1.9315 0.0000e+00
     43.000    11.0389   3.625226    32.1754       5413     3.7584     2.1255     1.9415 0.0000e+00
     42.000    11.1587   3.635156    32.1688       5437     3.7751     2.1325     1.9532 0.0000e+00
     41.000    11.2970   3.646571    32.1607       5464     3.7940     2.1438     1.9624 0.0000e+00
     40.000    11.4604   3.658131    32.1321       5489     3.8110     2.1527     1.9682 0.0000e+00
     39.000    11.6249   3.671822    32.1233       5510     3.8258     2.1586     1.9742 0.0000e+00
     38.000    11.8287   3.688229    32.1068       5535     3.8428     2.1677     1.9817 0.0000e+00
     37.000    12.1254   3.713272    32.0935       5576     3.8712     2.1823     1.9955 0.0000e+00
     36.000    12.3731   3.730783    32.0496       5609     3.8944     2.1919     2.0072 0.0000e+00
     35.000    12.5827   3.748990    32.0449       5628     3.9076     2.1949     2.0106 0.0000e+00
