HB2407/CTD140.cnv
* Sea-Bird SBE 9 Data File:
* FileName = C:\cruise\data\CTD140.hex
* Software Version Seasave V 7.26.7.121
* Temperature SN = 4591
* Conductivity SN = 6006
* Number of Bytes Per Scan = 37
* Number of Voltage Words = 4
* Number of Scans Averaged by the Deck Unit = 1
* NMEA Latitude = 40 40.88 N
* NMEA Longitude = 068 44.13 W
* NMEA UTC (Time) = Oct 13 2024 07:16:28
* NMEA baud rate = 4800
** Ship: Bigelow HB2407
** Program:  Fall Bottom Trawl Survey
** Chief Scientist: John Galbraith
# nquan = 9
# nvalues = 112                         
# units = specified
# name 0 = depSM: Depth [salt water, m]
# name 1 = t090C: Temperature [ITS-90, deg C]
# name 2 = c0S/m: Conductivity [S/m]
# name 3 = sal00: Salinity, Practical [PSU]
# name 4 = scan: Scan Count
# name 5 = timeM: Time, Elapsed [minutes]
# name 6 = sbeox0V: Oxygen raw, SBE 43 [V]
# name 7 = sbeox1V: Oxygen raw, SBE 43, 2 [V]
# name 8 = flag: flag
# span 0 =      2.000,     58.000       
# span 1 =    12.2407,    16.0866       
# span 2 =   3.743403,   4.047957       
# span 3 =    31.8757,    32.2787       
# span 4 =        383,       4172       
# span 5 =     0.2656,     2.8964       
# span 6 =     2.2929,     2.6423       
# span 7 =     2.1260,     2.4435       
# span 8 = 0.0000e+00, 0.0000e+00       
# interval = meters: 1                  
# start_time = Oct 13 2024 07:16:28 [NMEA time, header]
# bad_flag = -9.990e-29
*END*
      3.000    16.0720   4.045673    31.8847        383     0.2656     2.6380     2.4383 0.0000e+00
      4.000    16.0799   4.046407    31.8845        715     0.4960     2.6326     2.4404 0.0000e+00
      5.000    16.0828   4.046716    31.8845        737     0.5114     2.6344     2.4385 0.0000e+00
      6.000    16.0830   4.046812    31.8849        779     0.5406     2.6357     2.4383 0.0000e+00
      7.000    16.0829   4.046877    31.8851        815     0.5651     2.6375     2.4336 0.0000e+00
      8.000    16.0846   4.047039    31.8848        839     0.5820     2.6380     2.4329 0.0000e+00
      9.000    16.0797   4.046675    31.8852        866     0.6006     2.6379     2.4307 0.0000e+00
     10.000    16.0820   4.046919    31.8851        899     0.6235     2.6349     2.4344 0.0000e+00
     11.000    16.0808   4.046878    31.8853        926     0.6426     2.6359     2.4358 0.0000e+00
     12.000    16.0809   4.046931    31.8853        946     0.6562     2.6350     2.4345 0.0000e+00
     13.000    16.0822   4.047119    31.8856        964     0.6687     2.6332     2.4349 0.0000e+00
     14.000    16.0834   4.047422    31.8870        986     0.6841     2.6344     2.4360 0.0000e+00
     15.000    16.0866   4.047957    31.8887       1030     0.7145     2.6351     2.4379 0.0000e+00
     16.000    16.0826   4.047751    31.8897       1069     0.7416     2.6375     2.4339 0.0000e+00
     17.000    16.0804   4.047662    31.8903       1089     0.7558     2.6370     2.4316 0.0000e+00
     18.000    16.0803   4.047684    31.8903       1107     0.7683     2.6369     2.4343 0.0000e+00
     19.000    16.0795   4.047698    31.8906       1127     0.7817     2.6364     2.4344 0.0000e+00
     20.000    16.0693   4.047106    31.8933       1151     0.7984     2.6360     2.4344 0.0000e+00
     21.000    16.0501   4.045727    31.8962       1184     0.8218     2.6339     2.4332 0.0000e+00
     22.000    16.0368   4.044760    31.8980       1226     0.8510     2.6333     2.4350 0.0000e+00
     23.000    16.0234   4.043853    31.9004       1255     0.8708     2.6320     2.4356 0.0000e+00
     24.000    16.0033   4.042423    31.9037       1273     0.8837     2.6347     2.4334 0.0000e+00
     25.000    15.9688   4.040015    31.9098       1289     0.8944     2.6365     2.4322 0.0000e+00
     26.000    15.9330   4.037338    31.9147       1305     0.9056     2.6368     2.4332 0.0000e+00
     27.000    15.8645   4.031835    31.9210       1333     0.9248     2.6300     2.4292 0.0000e+00
     28.000    15.8870   4.033366    31.9160       1399     0.9706     2.6284     2.4229 0.0000e+00
     29.000    15.7987   4.026547    31.9266       1419     0.9848     2.6327     2.4287 0.0000e+00
     30.000    15.7703   4.024291    31.9292       1436     0.9966     2.6297     2.4273 0.0000e+00
     31.000    15.7244   4.020514    31.9325       1453     1.0084     2.6257     2.4204 0.0000e+00
     32.000    15.6699   4.016062    31.9367       1472     1.0218     2.6229     2.4158 0.0000e+00
     33.000    15.6084   4.010944    31.9407       1499     1.0405     2.6152     2.4166 0.0000e+00
     34.000    15.5663   4.007248    31.9416       1539     1.0679     2.6096     2.4129 0.0000e+00
     35.000    15.5273   4.004140    31.9452       1568     1.0884     2.6119     2.4138 0.0000e+00
     36.000    15.4913   4.001388    31.9496       1589     1.1026     2.6123     2.4133 0.0000e+00
     37.000    15.3779   3.992734    31.9641       1609     1.1169     2.6091     2.4127 0.0000e+00
     38.000    15.2539   3.982871    31.9766       1637     1.1364     2.6022     2.4068 0.0000e+00
     39.000    15.1159   3.971412    31.9861       1679     1.1652     2.5816     2.3892 0.0000e+00
     40.000    15.0123   3.963678    32.0009       1708     1.1851     2.5672     2.3752 0.0000e+00
     41.000    14.8536   3.951670    32.0224       1728     1.1993     2.5599     2.3659 0.0000e+00
     42.000    14.6848   3.938224    32.0392       1749     1.2136     2.5519     2.3565 0.0000e+00
     43.000    14.5723   3.928493    32.0432       1774     1.2313     2.5371     2.3438 0.0000e+00
     44.000    14.4408   3.918434    32.0599       1804     1.2518     2.5160     2.3307 0.0000e+00
     45.000    14.2280   3.901102    32.0776       1830     1.2699     2.5004     2.3198 0.0000e+00
     46.000    14.0057   3.884679    32.1113       1854     1.2866     2.4835     2.3083 0.0000e+00
     47.000    13.6587   3.856939    32.1449       1881     1.3058     2.4608     2.2909 0.0000e+00
     48.000    13.4830   3.842269    32.1558       1915     1.3289     2.4265     2.2601 0.0000e+00
     49.000    13.3381   3.830194    32.1648       1941     1.3475     2.4026     2.2373 0.0000e+00
     50.000    13.2594   3.823930    32.1723       1964     1.3631     2.3895     2.2224 0.0000e+00
     51.000    13.1226   3.812798    32.1832       1994     1.3839     2.3762     2.2047 0.0000e+00
     52.000    12.9935   3.802310    32.1936       2036     1.4134     2.3590     2.1896 0.0000e+00
     53.000    12.8712   3.792604    32.2057       2065     1.4335     2.3522     2.1821 0.0000e+00
     54.000    12.7720   3.784581    32.2139       2093     1.4525     2.3475     2.1759 0.0000e+00
     55.000    12.6463   3.774595    32.2260       2146     1.4896     2.3307     2.1604 0.0000e+00
     56.000    12.3844   3.754778    32.2613       2185     1.5169     2.3246     2.1539 0.0000e+00
     57.000    12.2407   3.743739    32.2787       2208     1.5326     2.3171     2.1466 0.0000e+00
     58.000    12.2669   3.743403    32.2526       2270     1.5759     2.2929     2.1260 0.0000e+00
     57.000    12.4421   3.756417    32.2269       2287     1.5878     2.3017     2.1269 0.0000e+00
     56.000    12.4480   3.757297    32.2307       2408     1.6718     2.3096     2.1273 0.0000e+00
     55.000    12.4488   3.756493    32.2227       2448     1.6990     2.3070     2.1265 0.0000e+00
     54.000    12.5315   3.762595    32.2105       2471     1.7152     2.3126     2.1285 0.0000e+00
     53.000    12.6529   3.771542    32.1922       2501     1.7361     2.3144     2.1320 0.0000e+00
     52.000    12.7820   3.780970    32.1720       2531     1.7569     2.3182     2.1372 0.0000e+00
     51.000    12.8713   3.788380    32.1665       2560     1.7771     2.3222     2.1428 0.0000e+00
     50.000    12.9986   3.797880    32.1484       2590     1.7980     2.3293     2.1468 0.0000e+00
     49.000    13.1195   3.807111    32.1333       2619     1.8178     2.3356     2.1544 0.0000e+00
     48.000    13.2301   3.815846    32.1221       2644     1.8356     2.3389     2.1590 0.0000e+00
     47.000    13.2885   3.820575    32.1175       2669     1.8531     2.3469     2.1650 0.0000e+00
     46.000    13.3877   3.829626    32.1189       2695     1.8710     2.3517     2.1715 0.0000e+00
     45.000    13.4153   3.831433    32.1129       2720     1.8880     2.3576     2.1773 0.0000e+00
     44.000    13.5743   3.840657    32.0658       2741     1.9028     2.3643     2.1820 0.0000e+00
     43.000    13.8509   3.862620    32.0383       2762     1.9172     2.3768     2.1858 0.0000e+00
     42.000    14.0650   3.879776    32.0184       2786     1.9342     2.3998     2.1944 0.0000e+00
     41.000    14.1455   3.889774    32.0437       2824     1.9604     2.4218     2.2173 0.0000e+00
     40.000    14.1469   3.890988    32.0542       2859     1.9847     2.4298     2.2385 0.0000e+00
     39.000    14.4143   3.907397    31.9831       2881     2.0003     2.4490     2.2479 0.0000e+00
     38.000    14.6499   3.927774    31.9747       2903     2.0155     2.4727     2.2542 0.0000e+00
     37.000    14.8897   3.946267    31.9456       2929     2.0333     2.4961     2.2647 0.0000e+00
     36.000    15.0609   3.959879    31.9286       2955     2.0514     2.5182     2.2823 0.0000e+00
     35.000    15.2150   3.973815    31.9283       2978     2.0673     2.5375     2.3017 0.0000e+00
     34.000    15.2924   3.979414    31.9158       3000     2.0829     2.5484     2.3202 0.0000e+00
     33.000    15.2864   3.980718    31.9327       3029     2.1030     2.5643     2.3351 0.0000e+00
     32.000    15.4174   3.991099    31.9194       3068     2.1296     2.5890     2.3573 0.0000e+00
     31.000    15.6728   4.009410    31.8757       3095     2.1485     2.6032     2.3724 0.0000e+00
     30.000    15.6476   4.010730    31.9082       3113     2.1611     2.6109     2.3817 0.0000e+00
     29.000    15.7263   4.015857    31.8904       3130     2.1727     2.6133     2.3890 0.0000e+00
     28.000    15.7623   4.020021    31.8986       3148     2.1853     2.6140     2.3934 0.0000e+00
     27.000    15.7830   4.022295    31.9023       3184     2.2107     2.6145     2.4042 0.0000e+00
     26.000    15.7877   4.023139    31.9064       3236     2.2467     2.6171     2.4177 0.0000e+00
     25.000    15.7842   4.022531    31.9042       3259     2.2625     2.6167     2.4187 0.0000e+00
     24.000    15.8429   4.027076    31.8974       3276     2.2742     2.6179     2.4186 0.0000e+00
     23.000    15.9112   4.032147    31.8876       3292     2.2852     2.6217     2.4179 0.0000e+00
     22.000    15.9825   4.038064    31.8828       3312     2.2994     2.6279     2.4191 0.0000e+00
     21.000    16.0163   4.041524    31.8864       3359     2.3319     2.6282     2.4288 0.0000e+00
     20.000    16.0022   4.040545    31.8895       3402     2.3618     2.6297     2.4304 0.0000e+00
     19.000    16.0112   4.041095    31.8875       3427     2.3790     2.6322     2.4284 0.0000e+00
     18.000    16.0145   4.041360    31.8875       3452     2.3968     2.6358     2.4269 0.0000e+00
     17.000    16.0470   4.043546    31.8810       3478     2.4148     2.6415     2.4291 0.0000e+00
     16.000    16.0630   4.045075    31.8819       3505     2.4332     2.6399     2.4288 0.0000e+00
     15.000    16.0583   4.044881    31.8843       3538     2.4559     2.6390     2.4321 0.0000e+00
     14.000    16.0634   4.045286    31.8842       3582     2.4870     2.6370     2.4341 0.0000e+00
     13.000    16.0736   4.045949    31.8822       3614     2.5090     2.6302     2.4329 0.0000e+00
     12.000    16.0739   4.046030    31.8831       3635     2.5238     2.6325     2.4364 0.0000e+00
     11.000    16.0761   4.046088    31.8822       3656     2.5380     2.6327     2.4366 0.0000e+00
     10.000    16.0794   4.046224    31.8811       3680     2.5549     2.6355     2.4343 0.0000e+00
      9.000    16.0831   4.046577    31.8816       3728     2.5884     2.6423     2.4359 0.0000e+00
      8.000    16.0827   4.046520    31.8818       3778     2.6229     2.6383     2.4375 0.0000e+00
      7.000    16.0808   4.046312    31.8818       3798     2.6371     2.6358     2.4379 0.0000e+00
      6.000    16.0818   4.046339    31.8816       3818     2.6509     2.6371     2.4371 0.0000e+00
      5.000    16.0822   4.046392    31.8821       3890     2.7005     2.6380     2.4389 0.0000e+00
      4.000    16.0797   4.046187    31.8827       3945     2.7390     2.6401     2.4398 0.0000e+00
      3.000    16.0799   4.046149    31.8826       3968     2.7546     2.6400     2.4435 0.0000e+00
      2.000    16.0840   4.046607    31.8837       4172     2.8964     2.6374     2.4413 0.0000e+00
