HB2407/CTD123.cnv
* Sea-Bird SBE 9 Data File:
* FileName = C:\cruise\data\CTD123.hex
* Software Version Seasave V 7.26.7.121
* Temperature SN = 4591
* Conductivity SN = 6006
* Number of Bytes Per Scan = 37
* Number of Voltage Words = 4
* Number of Scans Averaged by the Deck Unit = 1
* NMEA Latitude = 39 59.49 N
* NMEA Longitude = 069 19.65 W
* NMEA UTC (Time) = Oct 08 2024 21:36:48
* NMEA baud rate = 4800
** Ship: Bigelow HB2407
** Program:  Fall Bottom Trawl Survey
** Chief Scientist: John Galbraith
# nquan = 9
# nvalues = 225                         
# units = specified
# name 0 = depSM: Depth [salt water, m]
# name 1 = t090C: Temperature [ITS-90, deg C]
# name 2 = c0S/m: Conductivity [S/m]
# name 3 = sal00: Salinity, Practical [PSU]
# name 4 = scan: Scan Count
# name 5 = timeM: Time, Elapsed [minutes]
# name 6 = sbeox0V: Oxygen raw, SBE 43 [V]
# name 7 = sbeox1V: Oxygen raw, SBE 43, 2 [V]
# name 8 = flag: flag
# span 0 =      1.000,    114.000       
# span 1 =    11.8758,    25.0722       
# span 2 =   3.751031,   5.440484       
# span 3 =    32.1656,    35.9217       
# span 4 =       -129,       7922       
# span 5 =    -0.0902,     5.5010       
# span 6 =     2.0033,     2.6729       
# span 7 =     1.8542,     2.4598       
# span 8 = 0.0000e+00, 0.0000e+00       
# interval = meters: 1                  
# start_time = Oct 08 2024 21:36:48 [NMEA time, header]
# bad_flag = -9.990e-29
*END*
      3.000    17.9260   4.250190    32.1727       -129    -0.0902     2.6244     2.4254 0.0000e+00
      4.000    17.9242   4.250060    32.1726        223     0.1542     2.6169     2.4295 0.0000e+00
      5.000    17.9223   4.249847    32.1720        324     0.2240     2.6167     2.4280 0.0000e+00
      6.000    17.9159   4.248949    32.1690        344     0.2379     2.6189     2.4251 0.0000e+00
      7.000    17.9157   4.248947    32.1689        368     0.2550     2.6174     2.4266 0.0000e+00
      8.000    17.9155   4.248862    32.1679        391     0.2709     2.6182     2.4260 0.0000e+00
      9.000    17.9159   4.248816    32.1669        411     0.2848     2.6160     2.4252 0.0000e+00
     10.000    17.9149   4.248757    32.1668        432     0.2996     2.6144     2.4280 0.0000e+00
     11.000    17.9158   4.248910    32.1670        462     0.3198     2.6117     2.4287 0.0000e+00
     12.000    17.9167   4.249016    32.1669        495     0.3430     2.6140     2.4269 0.0000e+00
     13.000    17.9122   4.248489    32.1656        522     0.3616     2.6174     2.4250 0.0000e+00
     14.000    17.9247   4.250183    32.1697        609     0.4223     2.6170     2.4266 0.0000e+00
     15.000    17.9295   4.250792    32.1708        716     0.4964     2.6192     2.4242 0.0000e+00
     16.000    17.9604   4.255211    32.1834        737     0.5108     2.6181     2.4256 0.0000e+00
     17.000    17.9963   4.259469    32.1907        757     0.5248     2.6178     2.4257 0.0000e+00
     18.000    19.2764   4.448522    32.7533        779     0.5405     2.6168     2.4269 0.0000e+00
     19.000    20.6677   4.684856    33.5815        821     0.5693     2.6729     2.4580 0.0000e+00
     20.000    21.4004   4.809298    33.9965        875     0.6070     2.6726     2.4598 0.0000e+00
     21.000    22.0601   4.918650    34.3359        906     0.6283     2.6576     2.4488 0.0000e+00
     22.000    22.4369   4.980034    34.5160        925     0.6419     2.6545     2.4480 0.0000e+00
     23.000    23.2145   5.102044    34.8424        942     0.6532     2.6473     2.4439 0.0000e+00
     24.000    24.0242   5.243692    35.2811        956     0.6635     2.6481     2.4420 0.0000e+00
     25.000    24.3170   5.301210    35.4834        973     0.6749     2.6567     2.4483 0.0000e+00
     26.000    24.4231   5.321603    35.5524        993     0.6888     2.6470     2.4446 0.0000e+00
     27.000    24.5570   5.346477    35.6326       1022     0.7091     2.6138     2.4155 0.0000e+00
     28.000    24.6209   5.360660    35.6879       1078     0.7480     2.5671     2.3826 0.0000e+00
     29.000    24.6256   5.362867    35.7004       1127     0.7822     2.5475     2.3648 0.0000e+00
     30.000    24.6281   5.363766    35.7047       1146     0.7950     2.5446     2.3617 0.0000e+00
     31.000    24.6433   5.366498    35.7129       1160     0.8052     2.5422     2.3638 0.0000e+00
     32.000    24.6492   5.367935    35.7186       1174     0.8143     2.5387     2.3660 0.0000e+00
     33.000    24.6692   5.371157    35.7266       1187     0.8233     2.5400     2.3663 0.0000e+00
     34.000    24.7157   5.378833    35.7467       1202     0.8338     2.5471     2.3664 0.0000e+00
     35.000    24.7493   5.384788    35.7642       1223     0.8488     2.5484     2.3682 0.0000e+00
     36.000    24.8055   5.395696    35.8008       1277     0.8863     2.5406     2.3627 0.0000e+00
     37.000    24.8683   5.405821    35.8261       1329     0.9220     2.5391     2.3632 0.0000e+00
     38.000    24.9928   5.425490    35.8734       1355     0.9406     2.5388     2.3579 0.0000e+00
     39.000    25.0722   5.440484    35.9217       1377     0.9553     2.5383     2.3588 0.0000e+00
     40.000    25.0531   5.437986    35.9180       1393     0.9670     2.5398     2.3633 0.0000e+00
     41.000    25.0417   5.436385    35.9147       1409     0.9775     2.5370     2.3648 0.0000e+00
     42.000    25.0439   5.436596    35.9143       1424     0.9884     2.5338     2.3608 0.0000e+00
     43.000    25.0504   5.437940    35.9188       1443     1.0013     2.5299     2.3543 0.0000e+00
     44.000    25.0394   5.437122    35.9211       1493     1.0364     2.5175     2.3517 0.0000e+00
     45.000    24.9843   5.428856    35.9031       1557     1.0805     2.5253     2.3516 0.0000e+00
     46.000    24.9225   5.419131    35.8793       1577     1.0948     2.5233     2.3472 0.0000e+00
     47.000    24.8884   5.417442    35.8936       1593     1.1059     2.5187     2.3453 0.0000e+00
     48.000    23.7833   5.272493    35.6839       1607     1.1154     2.5195     2.3491 0.0000e+00
     49.000    22.8575   5.143035    35.4345       1620     1.1245     2.5159     2.3488 0.0000e+00
     50.000    21.1579   4.914192    35.0143       1634     1.1340     2.4909     2.3371 0.0000e+00
     51.000    18.6527   4.583218    34.3679       1651     1.1455     2.4394     2.3092 0.0000e+00
     52.000    18.8982   4.581117    34.1489       1723     1.1957     2.3408     2.2199 0.0000e+00
     53.000    18.1277   4.483107    33.9642       1783     1.2372     2.3654     2.2107 0.0000e+00
     54.000    18.0357   4.475250    33.9729       1796     1.2467     2.3567     2.2018 0.0000e+00
     55.000    16.3284   4.287379    33.7777       1811     1.2567     2.3548     2.1992 0.0000e+00
     56.000    15.5611   4.177130    33.4522       1825     1.2664     2.3427     2.1952 0.0000e+00
     57.000    15.4332   4.161912    33.4241       1839     1.2765     2.3077     2.1753 0.0000e+00
     58.000    14.1795   4.022989    33.2319       1856     1.2880     2.2813     2.1542 0.0000e+00
     59.000    13.8485   3.973498    33.0601       1883     1.3070     2.2489     2.1302 0.0000e+00
     60.000    13.6010   3.938029    32.9433       1957     1.3581     2.2511     2.1024 0.0000e+00
     61.000    13.4385   3.919774    32.9124       1997     1.3864     2.2542     2.1022 0.0000e+00
     62.000    12.9653   3.870145    32.8543       2017     1.3999     2.2505     2.0993 0.0000e+00
     63.000    12.2839   3.799862    32.7772       2034     1.4115     2.2447     2.0951 0.0000e+00
     64.000    11.9357   3.758840    32.6865       2048     1.4217     2.2352     2.0862 0.0000e+00
     65.000    11.8758   3.751031    32.6631       2064     1.4325     2.2202     2.0745 0.0000e+00
     66.000    11.9013   3.755972    32.6880       2081     1.4448     2.2109     2.0650 0.0000e+00
     67.000    12.1086   3.788832    32.8234       2105     1.4613     2.2126     2.0651 0.0000e+00
     68.000    12.1218   3.795310    32.8739       2151     1.4933     2.2281     2.0709 0.0000e+00
     69.000    12.1386   3.799779    32.9018       2208     1.5329     2.2342     2.0708 0.0000e+00
     70.000    12.1503   3.803883    32.9306       2235     1.5516     2.2364     2.0693 0.0000e+00
     71.000    12.3888   3.837221    33.0408       2256     1.5659     2.2371     2.0684 0.0000e+00
     72.000    11.9948   3.815436    33.1791       2275     1.5788     2.2368     2.0684 0.0000e+00
     73.000    12.3664   3.871804    33.3917       2292     1.5911     2.2339     2.0676 0.0000e+00
     74.000    12.4657   3.904514    33.6172       2308     1.6023     2.2312     2.0663 0.0000e+00
     75.000    12.4423   3.903578    33.6287       2324     1.6134     2.2385     2.0708 0.0000e+00
     76.000    12.4377   3.903959    33.6361       2344     1.6268     2.2359     2.0706 0.0000e+00
     77.000    12.4594   3.906539    33.6410       2401     1.6667     2.2199     2.0563 0.0000e+00
     78.000    12.5835   3.926652    33.7223       2449     1.7001     2.2137     2.0484 0.0000e+00
     79.000    12.7069   3.944949    33.7863       2471     1.7151     2.2164     2.0495 0.0000e+00
     80.000    12.7795   3.954725    33.8142       2492     1.7299     2.2195     2.0510 0.0000e+00
     81.000    12.8056   3.958104    33.8226       2512     1.7439     2.2182     2.0477 0.0000e+00
     82.000    13.0191   3.984797    33.8850       2532     1.7577     2.2146     2.0439 0.0000e+00
     83.000    13.1252   4.001716    33.9500       2552     1.7714     2.2125     2.0426 0.0000e+00
     84.000    13.1519   4.006705    33.9730       2575     1.7877     2.2129     2.0460 0.0000e+00
     85.000    13.1665   4.009462    33.9856       2616     1.8158     2.2085     2.0460 0.0000e+00
     86.000    13.1914   4.013328    33.9995       2658     1.8451     2.2065     2.0420 0.0000e+00
     87.000    13.2347   4.019634    34.0199       2678     1.8590     2.2045     2.0425 0.0000e+00
     88.000    13.3061   4.029585    34.0495       2694     1.8702     2.2046     2.0425 0.0000e+00
     89.000    13.3743   4.040689    34.0928       2711     1.8819     2.2045     2.0419 0.0000e+00
     90.000    13.4461   4.051798    34.1326       2735     1.8983     2.2044     2.0395 0.0000e+00
     91.000    13.6098   4.081260    34.2624       2784     1.9330     2.2010     2.0362 0.0000e+00
     92.000    13.5241   4.077077    34.2996       2830     1.9644     2.1908     2.0292 0.0000e+00
     93.000    13.4609   4.070239    34.2916       2854     1.9816     2.1836     2.0209 0.0000e+00
     94.000    13.4987   4.075377    34.3056       2872     1.9940     2.1779     2.0163 0.0000e+00
     95.000    13.5784   4.085740    34.3309       2888     2.0047     2.1720     2.0125 0.0000e+00
     96.000    13.6675   4.101438    34.3976       2903     2.0151     2.1693     2.0115 0.0000e+00
     97.000    13.4942   4.091737    34.4622       2920     2.0271     2.1681     2.0098 0.0000e+00
     98.000    13.3635   4.077737    34.4480       2954     2.0506     2.1512     1.9991 0.0000e+00
     99.000    13.3020   4.070719    34.4369       3010     2.0894     2.1193     1.9688 0.0000e+00
    100.000    13.2563   4.066302    34.4362       3035     2.1069     2.1126     1.9606 0.0000e+00
    101.000    13.2218   4.064512    34.4501       3053     2.1192     2.1096     1.9584 0.0000e+00
    102.000    13.2118   4.064108    34.4549       3069     2.1306     2.1073     1.9555 0.0000e+00
    103.000    13.1713   4.066722    34.5160       3088     2.1435     2.1037     1.9529 0.0000e+00
    104.000    13.3543   4.098701    34.6514       3120     2.1659     2.0968     1.9474 0.0000e+00
    105.000    14.6014   4.264375    35.0645       3176     2.2049     2.1066     1.9462 0.0000e+00
    106.000    14.1777   4.223355    35.0694       3213     2.2307     2.1162     1.9533 0.0000e+00
    107.000    13.8062   4.181075    35.0132       3241     2.2499     2.0780     1.9289 0.0000e+00
    108.000    13.6118   4.157670    34.9709       3261     2.2638     2.0592     1.9133 0.0000e+00
    109.000    13.4458   4.140427    34.9600       3277     2.2749     2.0480     1.9051 0.0000e+00
    110.000    12.7016   4.057588    34.8561       3291     2.2848     2.0399     1.9012 0.0000e+00
    111.000    12.3595   4.010146    34.7156       3306     2.2948     2.0333     1.8975 0.0000e+00
    112.000    12.3433   4.005325    34.6836       3322     2.3064     2.0197     1.8876 0.0000e+00
    113.000    12.3786   4.008630    34.6824       3343     2.3210     2.0084     1.8785 0.0000e+00
    114.000    12.4088   4.011390    34.6808       3383     2.3487     2.0033     1.8719 0.0000e+00
    113.000    12.5655   4.027207    34.6889       3411     2.3683     2.0095     1.8685 0.0000e+00
    112.000    12.3446   4.003099    34.6609       3573     2.4809     2.0118     1.8629 0.0000e+00
    111.000    12.3043   3.996396    34.6338       3953     2.7447     2.0053     1.8542 0.0000e+00
    110.000    12.2925   3.994503    34.6267       4060     2.8190     2.0072     1.8549 0.0000e+00
    109.000    12.3618   4.002026    34.6359       4085     2.8361     2.0098     1.8577 0.0000e+00
    108.000    12.8113   4.051901    34.7015       4114     2.8566     2.0195     1.8615 0.0000e+00
    107.000    13.0151   4.079755    34.7808       4151     2.8820     2.0328     1.8676 0.0000e+00
    106.000    13.4758   4.129128    34.8270       4179     2.9015     2.0392     1.8729 0.0000e+00
    105.000    13.8969   4.180210    34.9233       4198     2.9148     2.0449     1.8785 0.0000e+00
    104.000    14.1256   4.209569    34.9895       4214     2.9258     2.0533     1.8857 0.0000e+00
    103.000    13.8998   4.184442    34.9610       4230     2.9367     2.0588     1.8929 0.0000e+00
    102.000    13.7431   4.155189    34.8304       4249     2.9497     2.0541     1.8971 0.0000e+00
    101.000    13.3389   4.089466    34.5792       4297     2.9837     2.0547     1.8989 0.0000e+00
    100.000    13.2376   4.064923    34.4401       4354     3.0230     2.0699     1.9100 0.0000e+00
     99.000    13.2697   4.067262    34.4335       4375     3.0377     2.0791     1.9197 0.0000e+00
     98.000    13.2927   4.069783    34.4369       4394     3.0508     2.0843     1.9259 0.0000e+00
     97.000    13.3312   4.071998    34.4235       4412     3.0634     2.0892     1.9317 0.0000e+00
     96.000    13.3780   4.077117    34.4299       4431     3.0763     2.0929     1.9360 0.0000e+00
     95.000    13.4343   4.080930    34.4154       4450     3.0893     2.0985     1.9370 0.0000e+00
     94.000    13.4649   4.084680    34.4235       4469     3.1031     2.1077     1.9384 0.0000e+00
     93.000    13.5315   4.087462    34.3900       4491     3.1181     2.1181     1.9437 0.0000e+00
     92.000    13.5274   4.084909    34.3702       4518     3.1371     2.1271     1.9529 0.0000e+00
     91.000    13.5481   4.079011    34.2966       4574     3.1755     2.1386     1.9694 0.0000e+00
     90.000    13.4513   4.056986    34.1768       4620     3.2076     2.1495     1.9866 0.0000e+00
     89.000    13.4096   4.048705    34.1367       4641     3.2223     2.1545     1.9920 0.0000e+00
     88.000    13.3797   4.044631    34.1255       4659     3.2345     2.1603     1.9964 0.0000e+00
     87.000    13.3273   4.034259    34.0750       4675     3.2456     2.1663     2.0027 0.0000e+00
     86.000    13.3116   4.031962    34.0678       4690     3.2564     2.1709     2.0081 0.0000e+00
     85.000    13.2659   4.025600    34.0491       4706     3.2674     2.1725     2.0122 0.0000e+00
     84.000    13.2115   4.016767    34.0148       4723     3.2792     2.1758     2.0163 0.0000e+00
     83.000    13.2306   4.017954    34.0093       4743     3.2932     2.1825     2.0191 0.0000e+00
     82.000    13.0348   3.991094    33.9304       4799     3.3323     2.1872     2.0259 0.0000e+00
     81.000    12.8177   3.960384    33.8336       4886     3.3925     2.1903     2.0331 0.0000e+00
     80.000    12.7910   3.956627    33.8220       4903     3.4045     2.1944     2.0360 0.0000e+00
     79.000    12.7486   3.951173    33.8085       4920     3.4160     2.1946     2.0366 0.0000e+00
     78.000    12.7023   3.945412    33.7953       4935     3.4262     2.1939     2.0366 0.0000e+00
     77.000    12.6334   3.935791    33.7655       4949     3.4364     2.1934     2.0364 0.0000e+00
     76.000    12.5683   3.924494    33.7161       4965     3.4471     2.1929     2.0353 0.0000e+00
     75.000    12.5259   3.917556    33.6880       4984     3.4607     2.1900     2.0346 0.0000e+00
     74.000    12.5106   3.914101    33.6689       5020     3.4854     2.1931     2.0344 0.0000e+00
     73.000    12.4607   3.898011    33.5597       5085     3.5304     2.2032     2.0384 0.0000e+00
     72.000    12.1940   3.852652    33.3613       5123     3.5569     2.2051     2.0444 0.0000e+00
     71.000    12.1260   3.824269    33.1484       5142     3.5704     2.2049     2.0445 0.0000e+00
     70.000    12.2719   3.829865    33.0737       5160     3.5827     2.2044     2.0423 0.0000e+00
     69.000    12.2309   3.818369    32.9996       5179     3.5957     2.2088     2.0448 0.0000e+00
     68.000    12.2149   3.813980    32.9718       5202     3.6121     2.2169     2.0517 0.0000e+00
     67.000    12.1798   3.806109    32.9274       5234     3.6343     2.2229     2.0584 0.0000e+00
     66.000    12.1783   3.802866    32.8979       5266     3.6561     2.2245     2.0620 0.0000e+00
