HB2407/CTD102.cnv
* Sea-Bird SBE 9 Data File:
* FileName = C:\cruise\data\CTD102.hex
* Software Version Seasave V 7.26.7.121
* Temperature SN = 4591
* Conductivity SN = 6006
* Number of Bytes Per Scan = 37
* Number of Voltage Words = 4
* Number of Scans Averaged by the Deck Unit = 1
* NMEA Latitude = 40 43.91 N
* NMEA Longitude = 071 04.96 W
* NMEA UTC (Time) = Oct 04 2024 10:46:42
* NMEA baud rate = 4800
** Ship: Bigelow HB2407
** Program:  Fall Bottom Trawl Survey
** Chief Scientist: John Galbraith
# nquan = 9
# nvalues = 96                          
# units = specified
# name 0 = depSM: Depth [salt water, m]
# name 1 = t090C: Temperature [ITS-90, deg C]
# name 2 = c0S/m: Conductivity [S/m]
# name 3 = sal00: Salinity, Practical [PSU]
# name 4 = scan: Scan Count
# name 5 = timeM: Time, Elapsed [minutes]
# name 6 = sbeox0V: Oxygen raw, SBE 43 [V]
# name 7 = sbeox1V: Oxygen raw, SBE 43, 2 [V]
# name 8 = flag: flag
# span 0 =      2.000,     50.000       
# span 1 =    16.5183,    17.3729       
# span 2 =   4.143213,   4.234023       
# span 3 =    32.3045,    32.7412       
# span 4 =        253,       3655       
# span 5 =     0.1751,     2.5376       
# span 6 =     2.2770,     2.6596       
# span 7 =     2.1124,     2.4669       
# span 8 = 0.0000e+00, 0.0000e+00       
# interval = meters: 1                  
# start_time = Oct 04 2024 10:46:42 [NMEA time, header]
# bad_flag = -9.990e-29
*END*
      3.000    17.3725   4.214454    32.3076        253     0.1751     2.6565     2.4662 0.0000e+00
      4.000    17.3728   4.214524    32.3075        549     0.3809     2.6499     2.4669 0.0000e+00
      5.000    17.3729   4.214572    32.3075        604     0.4185     2.6526     2.4650 0.0000e+00
      6.000    17.3693   4.214305    32.3077        647     0.4487     2.6514     2.4658 0.0000e+00
      7.000    17.3684   4.214267    32.3078        681     0.4721     2.6442     2.4643 0.0000e+00
      8.000    17.3526   4.213236    32.3112        711     0.4929     2.6496     2.4642 0.0000e+00
      9.000    17.2836   4.207402    32.3160        745     0.5169     2.6523     2.4641 0.0000e+00
     10.000    17.2698   4.206081    32.3153        777     0.5391     2.6526     2.4604 0.0000e+00
     11.000    17.2769   4.207110    32.3181        806     0.5590     2.6410     2.4446 0.0000e+00
     12.000    17.2831   4.208074    32.3211        834     0.5781     2.6297     2.4326 0.0000e+00
     13.000    17.2870   4.208726    32.3232        860     0.5967     2.6185     2.4255 0.0000e+00
     14.000    17.2893   4.209161    32.3247        888     0.6159     2.6147     2.4172 0.0000e+00
     15.000    17.2923   4.209617    32.3258        918     0.6366     2.6019     2.4085 0.0000e+00
     16.000    17.2987   4.210506    32.3280        949     0.6585     2.5946     2.4031 0.0000e+00
     17.000    17.3048   4.211514    32.3314        978     0.6787     2.5937     2.4008 0.0000e+00
     18.000    17.3013   4.211193    32.3311       1005     0.6973     2.5876     2.3989 0.0000e+00
     19.000    17.2965   4.210756    32.3308       1032     0.7157     2.5821     2.3986 0.0000e+00
     20.000    17.2902   4.210230    32.3310       1059     0.7349     2.5806     2.3945 0.0000e+00
     21.000    17.2584   4.206756    32.3263       1088     0.7549     2.5785     2.3889 0.0000e+00
     22.000    17.2407   4.204928    32.3244       1117     0.7748     2.5691     2.3869 0.0000e+00
     23.000    17.2076   4.201288    32.3192       1147     0.7958     2.5602     2.3797 0.0000e+00
     24.000    17.1755   4.199465    32.3289       1180     0.8190     2.5529     2.3723 0.0000e+00
     25.000    17.0121   4.184946    32.3345       1210     0.8395     2.5400     2.3640 0.0000e+00
     26.000    16.9514   4.178203    32.3247       1234     0.8564     2.5219     2.3506 0.0000e+00
     27.000    16.8797   4.171347    32.3227       1257     0.8726     2.5013     2.3288 0.0000e+00
     28.000    16.8990   4.176188    32.3486       1284     0.8911     2.4787     2.3050 0.0000e+00
     29.000    16.8223   4.168978    32.3476       1317     0.9136     2.4545     2.2825 0.0000e+00
     30.000    16.8069   4.166529    32.3384       1350     0.9368     2.4431     2.2690 0.0000e+00
     31.000    16.8149   4.167365    32.3389       1379     0.9567     2.4339     2.2651 0.0000e+00
     32.000    16.9176   4.179816    32.3635       1404     0.9744     2.4352     2.2628 0.0000e+00
     33.000    17.0687   4.201775    32.4312       1430     0.9923     2.4367     2.2603 0.0000e+00
     34.000    17.0600   4.201816    32.4382       1461     1.0138     2.4378     2.2621 0.0000e+00
     35.000    17.0052   4.196174    32.4333       1499     1.0402     2.4310     2.2542 0.0000e+00
     36.000    16.9779   4.193373    32.4307       1531     1.0628     2.4268     2.2472 0.0000e+00
     37.000    16.9806   4.193777    32.4316       1556     1.0801     2.4241     2.2454 0.0000e+00
     38.000    16.9403   4.190714    32.4373       1579     1.0957     2.4172     2.2423 0.0000e+00
     39.000    16.7726   4.172034    32.4105       1603     1.1126     2.4116     2.2395 0.0000e+00
     40.000    16.6893   4.161620    32.3871       1637     1.1361     2.4015     2.2297 0.0000e+00
     41.000    16.5897   4.150815    32.3732       1680     1.1658     2.3897     2.2179 0.0000e+00
     42.000    16.5199   4.143213    32.3631       1714     1.1893     2.3759     2.2077 0.0000e+00
     43.000    16.5183   4.143771    32.3689       1743     1.2095     2.3691     2.2009 0.0000e+00
     44.000    16.5281   4.145844    32.3786       1772     1.2298     2.3611     2.1921 0.0000e+00
     45.000    16.5544   4.152199    32.4124       1802     1.2509     2.3492     2.1841 0.0000e+00
     46.000    16.6253   4.165730    32.4724       1835     1.2736     2.3344     2.1734 0.0000e+00
     47.000    16.6539   4.171665    32.5005       1869     1.2971     2.3191     2.1568 0.0000e+00
     48.000    16.7741   4.192373    32.5824       1898     1.3171     2.3037     2.1437 0.0000e+00
     49.000    16.9500   4.219287    32.6724       1925     1.3364     2.2963     2.1340 0.0000e+00
     50.000    17.0218   4.234023    32.7412       1963     1.3628     2.2884     2.1261 0.0000e+00
     49.000    16.9007   4.213318    32.6608       2150     1.4921     2.2847     2.1157 0.0000e+00
     48.000    16.8561   4.207429    32.6464       2267     1.5739     2.2787     2.1174 0.0000e+00
     47.000    16.7886   4.196784    32.6093       2302     1.5979     2.2778     2.1181 0.0000e+00
     46.000    16.7027   4.182147    32.5523       2335     1.6210     2.2797     2.1136 0.0000e+00
     45.000    16.6619   4.173646    32.5119       2368     1.6439     2.2772     2.1124 0.0000e+00
     44.000    16.6623   4.172574    32.5027       2405     1.6696     2.2770     2.1129 0.0000e+00
     43.000    16.5675   4.156047    32.4360       2437     1.6917     2.2837     2.1154 0.0000e+00
     42.000    16.5499   4.150406    32.4015       2461     1.7082     2.2848     2.1160 0.0000e+00
     41.000    16.5475   4.148584    32.3879       2482     1.7228     2.2882     2.1202 0.0000e+00
     40.000    16.5509   4.147281    32.3742       2503     1.7376     2.2954     2.1313 0.0000e+00
     39.000    16.6150   4.152111    32.3648       2527     1.7544     2.3088     2.1443 0.0000e+00
     38.000    16.6789   4.159539    32.3781       2556     1.7744     2.3311     2.1573 0.0000e+00
     37.000    16.6982   4.162525    32.3889       2588     1.7963     2.3446     2.1741 0.0000e+00
     36.000    16.7787   4.170148    32.3903       2618     1.8173     2.3518     2.1877 0.0000e+00
     35.000    16.8723   4.180693    32.4065       2649     1.8386     2.3663     2.1914 0.0000e+00
     34.000    16.7866   4.171822    32.3993       2681     1.8612     2.3764     2.2020 0.0000e+00
     33.000    16.9104   4.184449    32.4091       2709     1.8806     2.3851     2.2078 0.0000e+00
     32.000    16.9663   4.189854    32.4112       2732     1.8964     2.3955     2.2091 0.0000e+00
     31.000    16.9351   4.184783    32.3928       2753     1.9114     2.3997     2.2131 0.0000e+00
     30.000    16.8900   4.178355    32.3739       2777     1.9277     2.4017     2.2191 0.0000e+00
     29.000    16.8901   4.178000    32.3711       2806     1.9481     2.4091     2.2295 0.0000e+00
     28.000    16.8946   4.177723    32.3655       2840     1.9715     2.4215     2.2388 0.0000e+00
     27.000    16.8873   4.174794    32.3464       2870     1.9923     2.4312     2.2431 0.0000e+00
     26.000    16.8996   4.173667    32.3271       2897     2.0114     2.4357     2.2452 0.0000e+00
     25.000    16.9016   4.174471    32.3328       2926     2.0312     2.4391     2.2471 0.0000e+00
     24.000    17.0014   4.181868    32.3169       2954     2.0506     2.4458     2.2547 0.0000e+00
     23.000    17.0774   4.188179    32.3108       2979     2.0681     2.4590     2.2585 0.0000e+00
     22.000    17.1594   4.195734    32.3104       3003     2.0844     2.4814     2.2664 0.0000e+00
     21.000    17.1709   4.197521    32.3169       3027     2.1015     2.5034     2.2830 0.0000e+00
     20.000    17.2155   4.201697    32.3175       3055     2.1212     2.5179     2.3054 0.0000e+00
     19.000    17.1941   4.199731    32.3181       3087     2.1428     2.5356     2.3277 0.0000e+00
     18.000    17.2351   4.203396    32.3171       3115     2.1626     2.5462     2.3412 0.0000e+00
     17.000    17.2654   4.206799    32.3225       3140     2.1801     2.5503     2.3468 0.0000e+00
     16.000    17.2711   4.207333    32.3228       3165     2.1975     2.5536     2.3549 0.0000e+00
     15.000    17.2808   4.208316    32.3239       3192     2.2158     2.5639     2.3644 0.0000e+00
     14.000    17.2806   4.208232    32.3237       3218     2.2341     2.5708     2.3685 0.0000e+00
     13.000    17.2843   4.208380    32.3224       3242     2.2508     2.5778     2.3718 0.0000e+00
     12.000    17.2832   4.208212    32.3222       3266     2.2672     2.5797     2.3777 0.0000e+00
     11.000    17.2818   4.207940    32.3213       3291     2.2848     2.5805     2.3830 0.0000e+00
     10.000    17.2784   4.207468    32.3203       3318     2.3032     2.5856     2.3855 0.0000e+00
      9.000    17.2757   4.206928    32.3182       3343     2.3208     2.5950     2.3902 0.0000e+00
      8.000    17.2722   4.206259    32.3156       3369     2.3386     2.5983     2.3981 0.0000e+00
      7.000    17.2741   4.206162    32.3137       3398     2.3593     2.6093     2.4063 0.0000e+00
      6.000    17.2807   4.206606    32.3125       3431     2.3817     2.6244     2.4121 0.0000e+00
      5.000    17.3103   4.208571    32.3061       3458     2.4010     2.6276     2.4161 0.0000e+00
      4.000    17.3306   4.210387    32.3058       3482     2.4171     2.6320     2.4218 0.0000e+00
      3.000    17.3533   4.212303    32.3045       3502     2.4313     2.6441     2.4276 0.0000e+00
      2.000    17.3693   4.213980    32.3064       3655     2.5376     2.6596     2.4608 0.0000e+00
