HB2407/CTD118.cnv
* Sea-Bird SBE 9 Data File:
* FileName = C:\cruise\data\CTD118.hex
* Software Version Seasave V 7.26.7.121
* Temperature SN = 4591
* Conductivity SN = 6006
* Number of Bytes Per Scan = 37
* Number of Voltage Words = 4
* Number of Scans Averaged by the Deck Unit = 1
* NMEA Latitude = 39 59.27 N
* NMEA Longitude = 070 27.66 W
* NMEA UTC (Time) = Oct 08 2024 07:50:52
* NMEA baud rate = 4800
** Ship: Bigelow HB2407
** Program:  Fall Bottom Trawl Survey
** Chief Scientist: John Galbraith
# nquan = 9
# nvalues = 742                         
# units = specified
# name 0 = depSM: Depth [salt water, m]
# name 1 = t090C: Temperature [ITS-90, deg C]
# name 2 = c0S/m: Conductivity [S/m]
# name 3 = sal00: Salinity, Practical [PSU]
# name 4 = scan: Scan Count
# name 5 = timeM: Time, Elapsed [minutes]
# name 6 = sbeox0V: Oxygen raw, SBE 43 [V]
# name 7 = sbeox1V: Oxygen raw, SBE 43, 2 [V]
# name 8 = flag: flag
# span 0 =      2.000,    373.000       
# span 1 =     8.2679,    20.7803       
# span 2 =   3.673713,   4.982996       
# span 3 =    32.5098,    36.4944       
# span 4 =        450,      22704       
# span 5 =     0.3117,    15.7657       
# span 6 =     1.5372,     2.5777       
# span 7 =     1.4274,     2.3800       
# span 8 = 0.0000e+00, 0.0000e+00       
# interval = meters: 1                  
# start_time = Oct 08 2024 07:50:52 [NMEA time, header]
# bad_flag = -9.990e-29
*END*
[from data line 161]
    164.000    14.8579   4.389735    35.9581       5020     3.4856     1.7302     1.6126 0.0000e+00
    165.000    14.8101   4.384088    35.9500       5047     3.5039     1.7280     1.6069 0.0000e+00
    166.000    14.7595   4.377967    35.9400       5083     3.5293     1.7207     1.6013 0.0000e+00
    167.000    14.6774   4.368425    35.9276       5115     3.5515     1.7160     1.5956 0.0000e+00
    168.000    14.5238   4.350570    35.9046       5145     3.5723     1.7072     1.5897 0.0000e+00
    169.000    14.4844   4.345767    35.8962       5179     3.5961     1.6952     1.5801 0.0000e+00
    170.000    14.4678   4.343699    35.8921       5205     3.6140     1.6907     1.5719 0.0000e+00
    171.000    14.4518   4.341847    35.8893       5224     3.6272     1.6883     1.5689 0.0000e+00
    172.000    14.4328   4.339555    35.8853       5242     3.6398     1.6858     1.5673 0.0000e+00
    173.000    14.4039   4.336213    35.8807       5262     3.6536     1.6835     1.5650 0.0000e+00
    174.000    14.3693   4.332153    35.8747       5286     3.6703     1.6820     1.5629 0.0000e+00
    175.000    14.3503   4.329873    35.8708       5316     3.6908     1.6772     1.5601 0.0000e+00
    176.000    14.3077   4.324875    35.8635       5366     3.7260     1.6728     1.5563 0.0000e+00
    177.000    14.1854   4.311042    35.8480       5425     3.7663     1.6721     1.5525 0.0000e+00
    178.000    14.0665   4.297883    35.8354       5444     3.7800     1.6691     1.5514 0.0000e+00
    179.000    13.9361   4.283307    35.8202       5460     3.7913     1.6671     1.5498 0.0000e+00
    180.000    13.8121   4.269141    35.8026       5476     3.8021     1.6650     1.5478 0.0000e+00
    181.000    13.7578   4.262412    35.7897       5492     3.8135     1.6622     1.5453 0.0000e+00
    182.000    13.7356   4.259517    35.7828       5511     3.8261     1.6605     1.5437 0.0000e+00
    183.000    13.6705   4.251970    35.7722       5534     3.8422     1.6580     1.5429 0.0000e+00
    184.000    13.5748   4.240909    35.7570       5572     3.8689     1.6542     1.5416 0.0000e+00
    185.000    13.5347   4.236064    35.7483       5622     3.9038     1.6551     1.5409 0.0000e+00
    186.000    13.5188   4.234148    35.7446       5657     3.9281     1.6573     1.5405 0.0000e+00
    187.000    13.4615   4.227573    35.7357       5700     3.9579     1.6567     1.5386 0.0000e+00
    188.000    13.3209   4.212331    35.7227       5732     3.9801     1.6542     1.5373 0.0000e+00
    189.000    13.2970   4.210045    35.7230       5751     3.9930     1.6524     1.5361 0.0000e+00
    190.000    13.2351   4.203294    35.7165       5767     4.0039     1.6515     1.5346 0.0000e+00
    191.000    13.1774   4.197113    35.7115       5782     4.0145     1.6492     1.5331 0.0000e+00
    192.000    13.1036   4.188922    35.7025       5798     4.0258     1.6487     1.5318 0.0000e+00
    193.000    13.0303   4.180282    35.6886       5820     4.0410     1.6466     1.5297 0.0000e+00
    194.000    12.9949   4.175792    35.6786       5866     4.0732     1.6420     1.5259 0.0000e+00
    195.000    12.9596   4.171755    35.6728       5913     4.1053     1.6398     1.5233 0.0000e+00
    196.000    12.9183   4.167230    35.6679       5942     4.1254     1.6385     1.5218 0.0000e+00
    197.000    12.8977   4.164808    35.6638       5984     4.1552     1.6356     1.5196 0.0000e+00
    198.000    12.8781   4.162694    35.6615       6016     4.1771     1.6326     1.5184 0.0000e+00
    199.000    12.8518   4.159920    35.6593       6034     4.1895     1.6328     1.5175 0.0000e+00
    200.000    12.8130   4.155864    35.6566       6049     4.1999     1.6316     1.5168 0.0000e+00
    201.000    12.7890   4.153140    35.6527       6064     4.2107     1.6309     1.5152 0.0000e+00
    202.000    12.7758   4.151519    35.6491       6086     4.2256     1.6293     1.5147 0.0000e+00
    203.000    12.7382   4.147107    35.6418       6153     4.2723     1.6296     1.5142 0.0000e+00
    204.000    12.7332   4.146611    35.6413       6183     4.2929     1.6290     1.5127 0.0000e+00
    205.000    12.7160   4.144692    35.6386       6199     4.3040     1.6290     1.5123 0.0000e+00
    206.000    12.6943   4.142376    35.6364       6215     4.3151     1.6280     1.5103 0.0000e+00
    207.000    12.6848   4.141344    35.6350       6236     4.3301     1.6262     1.5084 0.0000e+00
    208.000    12.6815   4.140802    35.6326       6294     4.3699     1.6235     1.5087 0.0000e+00
    209.000    12.6663   4.139216    35.6312       6335     4.3989     1.6234     1.5092 0.0000e+00
    210.000    12.6529   4.137773    35.6296       6354     4.4117     1.6246     1.5088 0.0000e+00
    211.000    12.6211   4.134407    35.6267       6372     4.4244     1.6249     1.5078 0.0000e+00
    212.000    12.5819   4.129970    35.6205       6394     4.4394     1.6241     1.5078 0.0000e+00
    213.000    12.5381   4.125007    35.6138       6423     4.4595     1.6214     1.5073 0.0000e+00
    214.000    12.5143   4.122272    35.6094       6459     4.4849     1.6193     1.5050 0.0000e+00
    215.000    12.5002   4.120702    35.6071       6489     4.5057     1.6189     1.5046 0.0000e+00
    216.000    12.4939   4.119981    35.6056       6512     4.5216     1.6188     1.5042 0.0000e+00
    217.000    12.4595   4.116136    35.6007       6537     4.5387     1.6189     1.5030 0.0000e+00
    218.000    12.4275   4.112451    35.5949       6579     4.5681     1.6160     1.5006 0.0000e+00
    219.000    12.4004   4.109382    35.5905       6625     4.6002     1.6122     1.4998 0.0000e+00
    220.000    12.3815   4.107267    35.5874       6654     4.6200     1.6102     1.4994 0.0000e+00
    221.000    12.3518   4.103873    35.5823       6681     4.6390     1.6112     1.4979 0.0000e+00
    222.000    12.3001   4.098174    35.5755       6708     4.6579     1.6110     1.4971 0.0000e+00
    223.000    12.1754   4.084597    35.5616       6733     4.6750     1.6086     1.4950 0.0000e+00
    224.000    12.1306   4.079593    35.5550       6755     4.6903     1.6062     1.4936 0.0000e+00
    225.000    12.1000   4.076174    35.5503       6776     4.7047     1.6053     1.4923 0.0000e+00
    226.000    12.0127   4.066499    35.5385       6799     4.7211     1.6055     1.4916 0.0000e+00
    227.000    11.9439   4.058622    35.5266       6838     4.7477     1.6022     1.4908 0.0000e+00
    228.000    11.8361   4.046486    35.5100       6888     4.7826     1.5982     1.4874 0.0000e+00
    229.000    11.7024   4.031922    35.4941       6920     4.8047     1.5938     1.4847 0.0000e+00
    230.000    11.6531   4.026256    35.4851       6947     4.8238     1.5902     1.4810 0.0000e+00
    231.000    11.5890   4.018915    35.4736       6987     4.8515     1.5850     1.4763 0.0000e+00
    232.000    11.5300   4.012190    35.4632       7043     4.8905     1.5815     1.4720 0.0000e+00
    233.000    11.4893   4.008130    35.4616       7062     4.9038     1.5801     1.4710 0.0000e+00
    234.000    11.3854   3.997548    35.4561       7077     4.9140     1.5796     1.4689 0.0000e+00
    235.000    11.3122   3.989558    35.4466       7090     4.9230     1.5785     1.4671 0.0000e+00
    236.000    11.2859   3.986399    35.4400       7103     4.9323     1.5759     1.4653 0.0000e+00
    237.000    11.2775   3.985328    35.4370       7119     4.9434     1.5713     1.4621 0.0000e+00
    238.000    11.2121   3.978015    35.4266       7150     4.9647     1.5620     1.4562 0.0000e+00
    239.000    11.0760   3.963239    35.4099       7221     5.0142     1.5464     1.4412 0.0000e+00
    240.000    11.0525   3.960449    35.4042       7283     5.0572     1.5403     1.4321 0.0000e+00
    241.000    11.0465   3.959730    35.4023       7320     5.0826     1.5393     1.4307 0.0000e+00
    242.000    11.0048   3.955769    35.4025       7339     5.0957     1.5387     1.4303 0.0000e+00
    243.000    10.9464   3.949161    35.3922       7354     5.1064     1.5389     1.4290 0.0000e+00
    244.000    10.9305   3.947537    35.3908       7368     5.1161     1.5376     1.4279 0.0000e+00
    245.000    10.8737   3.941564    35.3853       7383     5.1266     1.5373     1.4276 0.0000e+00
    246.000    10.8432   3.937898    35.3775       7404     5.1407     1.5373     1.4274 0.0000e+00
    247.000    10.8074   3.933771    35.3701       7439     5.1650     1.5372     1.4284 0.0000e+00
    248.000    10.7917   3.931938    35.3665       7477     5.1916     1.5408     1.4307 0.0000e+00
    249.000    10.7231   3.924491    35.3574       7513     5.2164     1.5415     1.4334 0.0000e+00
    250.000    10.6849   3.920430    35.3530       7550     5.2421     1.5417     1.4341 0.0000e+00
    251.000    10.6625   3.917922    35.3490       7586     5.2672     1.5448     1.4338 0.0000e+00
    252.000    10.6386   3.915261    35.3448       7622     5.2923     1.5451     1.4343 0.0000e+00
    253.000    10.6374   3.915044    35.3433       7654     5.3149     1.5434     1.4354 0.0000e+00
    254.000    10.6370   3.914966    35.3425       7682     5.3341     1.5424     1.4366 0.0000e+00
    255.000    10.6353   3.914795    35.3420       7705     5.3497     1.5415     1.4359 0.0000e+00
    256.000    10.6286   3.914201    35.3419       7725     5.3640     1.5408     1.4351 0.0000e+00
    257.000    10.5691   3.908210    35.3386       7748     5.3799     1.5412     1.4344 0.0000e+00
    258.000    10.4884   3.899676    35.3301       7777     5.3999     1.5418     1.4341 0.0000e+00
    259.000    10.3969   3.889760    35.3179       7813     5.4247     1.5401     1.4326 0.0000e+00
    260.000    10.3379   3.883565    35.3119       7846     5.4476     1.5406     1.4321 0.0000e+00
    261.000    10.2955   3.879179    35.3080       7872     5.4662     1.5416     1.4333 0.0000e+00
    262.000    10.2113   3.870480    35.3010       7900     5.4856     1.5434     1.4345 0.0000e+00
    263.000    10.0392   3.852538    35.2851       7943     5.5154     1.5443     1.4340 0.0000e+00
    264.000     9.9839   3.846551    35.2773       7989     5.5471     1.5495     1.4363 0.0000e+00
    265.000     9.9382   3.842013    35.2748       8013     5.5636     1.5529     1.4394 0.0000e+00
    266.000     9.8952   3.837629    35.2715       8032     5.5771     1.5533     1.4407 0.0000e+00
    267.000     9.8851   3.836482    35.2691       8052     5.5911     1.5530     1.4413 0.0000e+00
    268.000     9.8814   3.835997    35.2673       8078     5.6088     1.5533     1.4429 0.0000e+00
    269.000     9.8631   3.833981    35.2640       8111     5.6321     1.5559     1.4456 0.0000e+00
    270.000     9.8453   3.832157    35.2622       8140     5.6521     1.5585     1.4477 0.0000e+00
    271.000     9.7911   3.826681    35.2584       8164     5.6687     1.5594     1.4486 0.0000e+00
    272.000     9.7383   3.821182    35.2531       8193     5.6892     1.5594     1.4484 0.0000e+00
    273.000     9.6822   3.815362    35.2475       8239     5.7209     1.5601     1.4497 0.0000e+00
    274.000     9.6491   3.811867    35.2434       8276     5.7463     1.5634     1.4507 0.0000e+00
    275.000     9.6087   3.807783    35.2404       8301     5.7637     1.5656     1.4529 0.0000e+00
    276.000     9.5840   3.805223    35.2377       8326     5.7813     1.5663     1.4546 0.0000e+00
    277.000     9.5694   3.803646    35.2352       8356     5.8018     1.5668     1.4560 0.0000e+00
    278.000     9.5731   3.803968    35.2345       8386     5.8229     1.5683     1.4578 0.0000e+00
    279.000     9.5817   3.804798    35.2342       8412     5.8410     1.5691     1.4579 0.0000e+00
    280.000     9.5901   3.805645    35.2343       8433     5.8559     1.5698     1.4587 0.0000e+00
    281.000     9.5818   3.804839    35.2336       8457     5.8723     1.5689     1.4596 0.0000e+00
    282.000     9.5132   3.797640    35.2259       8490     5.8950     1.5694     1.4594 0.0000e+00
    283.000     9.4675   3.792902    35.2212       8530     5.9231     1.5685     1.4576 0.0000e+00
    284.000     9.4546   3.791516    35.2191       8565     5.9470     1.5689     1.4563 0.0000e+00
    285.000     9.4246   3.788442    35.2162       8596     5.9685     1.5688     1.4558 0.0000e+00
    286.000     9.3974   3.785541    35.2124       8632     5.9937     1.5681     1.4557 0.0000e+00
    287.000     9.3518   3.780898    35.2085       8665     6.0165     1.5679     1.4565 0.0000e+00
    288.000     9.3373   3.779454    35.2073       8688     6.0323     1.5669     1.4570 0.0000e+00
    289.000     9.3320   3.778867    35.2058       8706     6.0451     1.5663     1.4575 0.0000e+00
    290.000     9.3273   3.778398    35.2052       8722     6.0565     1.5667     1.4575 0.0000e+00
    291.000     9.3223   3.777881    35.2043       8740     6.0686     1.5677     1.4572 0.0000e+00
    292.000     9.3161   3.777222    35.2030       8765     6.0860     1.5684     1.4576 0.0000e+00
    293.000     9.3067   3.776158    35.2008       8838     6.1371     1.5676     1.4598 0.0000e+00
    294.000     9.3012   3.775656    35.2005       8875     6.1624     1.5691     1.4599 0.0000e+00
    295.000     9.2905   3.774627    35.1998       8900     6.1799     1.5690     1.4593 0.0000e+00
    296.000     9.2905   3.774665    35.1997       8927     6.1983     1.5692     1.4592 0.0000e+00
    297.000     9.2882   3.774525    35.2001       8953     6.2165     1.5696     1.4587 0.0000e+00
    298.000     9.2871   3.774457    35.2000       8977     6.2332     1.5705     1.4589 0.0000e+00
    299.000     9.2874   3.774502    35.1996       9002     6.2507     1.5713     1.4579 0.0000e+00
    300.000     9.2869   3.774453    35.1992       9035     6.2735     1.5715     1.4578 0.0000e+00
    301.000     9.2844   3.774235    35.1990       9073     6.2998     1.5711     1.4579 0.0000e+00
    302.000     9.2742   3.773255    35.1983       9103     6.3206     1.5716     1.4592 0.0000e+00
    303.000     9.2658   3.772399    35.1971       9154     6.3560     1.5714     1.4599 0.0000e+00
    304.000     9.2642   3.772240    35.1966       9210     6.3951     1.5723     1.4612 0.0000e+00
    305.000     9.2499   3.770816    35.1954       9233     6.4111     1.5719     1.4604 0.0000e+00
    306.000     9.2350   3.769216    35.1929       9264     6.4329     1.5715     1.4600 0.0000e+00
    307.000     9.2054   3.766222    35.1903       9302     6.4588     1.5716     1.4598 0.0000e+00
    308.000     9.1803   3.763769    35.1891       9326     6.4760     1.5713     1.4600 0.0000e+00
    309.000     9.1642   3.762148    35.1875       9346     6.4895     1.5709     1.4602 0.0000e+00
    310.000     9.1553   3.761225    35.1862       9365     6.5030     1.5705     1.4611 0.0000e+00
    311.000     9.1511   3.760765    35.1850       9390     6.5202     1.5706     1.4619 0.0000e+00
    312.000     9.1453   3.760186    35.1843       9432     6.5493     1.5742     1.4623 0.0000e+00
    313.000     9.1361   3.759270    35.1833       9485     6.5863     1.5746     1.4629 0.0000e+00
    314.000     9.1119   3.756930    35.1822       9518     6.6087     1.5751     1.4636 0.0000e+00
    315.000     9.0842   3.754172    35.1802       9555     6.6347     1.5765     1.4638 0.0000e+00
    316.000     9.0740   3.753133    35.1790       9599     6.6651     1.5774     1.4648 0.0000e+00
    317.000     9.0328   3.749086    35.1769       9627     6.6847     1.5779     1.4650 0.0000e+00
    318.000     9.0101   3.746910    35.1759       9648     6.6996     1.5780     1.4650 0.0000e+00
    319.000     8.9798   3.743933    35.1743       9669     6.7140     1.5783     1.4656 0.0000e+00
    320.000     8.9631   3.742213    35.1722       9692     6.7299     1.5786     1.4666 0.0000e+00
    321.000     8.9618   3.742032    35.1711       9720     6.7491     1.5790     1.4664 0.0000e+00
    322.000     8.9507   3.740884    35.1696       9755     6.7734     1.5819     1.4684 0.0000e+00
