HB2407/CTD182.cnv
* Sea-Bird SBE 9 Data File:
* FileName = C:\cruise\data\CTD182.hex
* Software Version Seasave V 7.26.7.121
* Temperature SN = 4591
* Conductivity SN = 6006
* Number of Bytes Per Scan = 37
* Number of Voltage Words = 4
* Number of Scans Averaged by the Deck Unit = 1
* NMEA Latitude = 41 17.52 N
* NMEA Longitude = 066 13.69 W
* NMEA UTC (Time) = Oct 30 2024 20:37:51
* NMEA baud rate = 4800
** Ship: Bigelow HB2407
** Program:  Fall Bottom Trawl Survey
** Chief Scientist: John Galbraith
# nquan = 9
# nvalues = 280                         
# units = specified
# name 0 = depSM: Depth [salt water, m]
# name 1 = t090C: Temperature [ITS-90, deg C]
# name 2 = c0S/m: Conductivity [S/m]
# name 3 = sal00: Salinity, Practical [PSU]
# name 4 = scan: Scan Count
# name 5 = timeM: Time, Elapsed [minutes]
# name 6 = sbeox0V: Oxygen raw, SBE 43 [V]
# name 7 = sbeox1V: Oxygen raw, SBE 43, 2 [V]
# name 8 = flag: flag
# span 0 =      1.000,    142.000       
# span 1 =     7.7512,    14.4188       
# span 2 =   3.453280,   3.944679       
# span 3 =    32.2960,    34.0406       
# span 4 =        385,      10743       
# span 5 =     0.2664,     7.4594       
# span 6 =     2.0764,     2.5628       
# span 7 =     1.9419,     2.3966       
# span 8 = 0.0000e+00, 0.0000e+00       
# interval = meters: 1                  
# start_time = Oct 30 2024 20:37:51 [NMEA time, header]
# bad_flag = -9.990e-29
*END*
[from data line 161]
    119.000     7.7637   3.514714    34.0298       6336     4.3992     2.0861     1.9500 0.0000e+00
    118.000     7.7636   3.514678    34.0300       6360     4.4160     2.0864     1.9502 0.0000e+00
    117.000     7.7633   3.514565    34.0296       6384     4.4328     2.0848     1.9500 0.0000e+00
    116.000     7.7631   3.514419    34.0287       6413     4.4525     2.0835     1.9504 0.0000e+00
    115.000     7.7630   3.514326    34.0283       6442     4.4727     2.0848     1.9503 0.0000e+00
    114.000     7.7627   3.514211    34.0279       6466     4.4896     2.0864     1.9496 0.0000e+00
    113.000     7.7621   3.514088    34.0275       6489     4.5052     2.0868     1.9490 0.0000e+00
    112.000     7.7612   3.513914    34.0270       6514     4.5229     2.0859     1.9495 0.0000e+00
    111.000     7.7595   3.513496    34.0247       6542     4.5426     2.0871     1.9500 0.0000e+00
    110.000     7.7575   3.513134    34.0233       6569     4.5613     2.0882     1.9505 0.0000e+00
    109.000     7.7559   3.512693    34.0205       6594     4.5786     2.0878     1.9521 0.0000e+00
    108.000     7.7540   3.511172    34.0066       6619     4.5959     2.0874     1.9539 0.0000e+00
    107.000     7.7512   3.507219    33.9671       6644     4.6129     2.0886     1.9547 0.0000e+00
    106.000     7.7514   3.502747    33.9193       6668     4.6298     2.0905     1.9538 0.0000e+00
    105.000     7.7528   3.498524    33.8730       6695     4.6486     2.0911     1.9535 0.0000e+00
    104.000     7.7540   3.496276    33.8481       6726     4.6704     2.0923     1.9554 0.0000e+00
    103.000     7.7569   3.492999    33.8106       6755     4.6906     2.0976     1.9604 0.0000e+00
    102.000     7.7593   3.490576    33.7826       6779     4.7069     2.1004     1.9643 0.0000e+00
    101.000     7.7596   3.490333    33.7801       6801     4.7219     2.1037     1.9671 0.0000e+00
    100.000     7.7606   3.489633    33.7721       6827     4.7402     2.1099     1.9702 0.0000e+00
     99.000     7.7622   3.488867    33.7628       6868     4.7684     2.1139     1.9737 0.0000e+00
     98.000     7.7700   3.486677    33.7323       6905     4.7943     2.1167     1.9768 0.0000e+00
     97.000     7.7724   3.485835    33.7213       6933     4.8137     2.1186     1.9789 0.0000e+00
     96.000     7.7742   3.485269    33.7140       6964     4.8354     2.1186     1.9816 0.0000e+00
     95.000     7.7753   3.484478    33.7049       6994     4.8561     2.1192     1.9834 0.0000e+00
     94.000     7.7772   3.482924    33.6868       7020     4.8744     2.1225     1.9852 0.0000e+00
     93.000     7.7799   3.481394    33.6682       7046     4.8924     2.1257     1.9869 0.0000e+00
     92.000     7.7830   3.480058    33.6514       7073     4.9109     2.1272     1.9887 0.0000e+00
     91.000     7.7875   3.478836    33.6344       7099     4.9292     2.1296     1.9905 0.0000e+00
     90.000     7.7927   3.477753    33.6182       7126     4.9480     2.1336     1.9925 0.0000e+00
     89.000     7.7954   3.476971    33.6078       7155     4.9679     2.1369     1.9942 0.0000e+00
     88.000     7.7968   3.476449    33.6012       7182     4.9869     2.1379     1.9952 0.0000e+00
     87.000     7.7993   3.475896    33.5934       7207     5.0042     2.1404     1.9962 0.0000e+00
     86.000     7.8012   3.475539    33.5882       7233     5.0222     2.1419     1.9978 0.0000e+00
     85.000     7.8032   3.475134    33.5824       7265     5.0443     2.1417     2.0009 0.0000e+00
     84.000     7.8071   3.474336    33.5705       7299     5.0679     2.1427     2.0043 0.0000e+00
     83.000     7.8117   3.473322    33.5557       7327     5.0875     2.1455     2.0042 0.0000e+00
     82.000     7.8155   3.472777    33.5467       7352     5.1052     2.1473     2.0050 0.0000e+00
     81.000     7.8180   3.472538    33.5422       7376     5.1218     2.1470     2.0068 0.0000e+00
     80.000     7.8217   3.472320    33.5368       7401     5.1387     2.1474     2.0077 0.0000e+00
     79.000     7.8244   3.472227    33.5337       7428     5.1578     2.1476     2.0106 0.0000e+00
     78.000     7.8263   3.472182    33.5318       7458     5.1788     2.1496     2.0134 0.0000e+00
     77.000     7.8282   3.471889    33.5274       7492     5.2018     2.1548     2.0151 0.0000e+00
     76.000     7.8317   3.470891    33.5137       7525     5.2250     2.1581     2.0165 0.0000e+00
     75.000     7.8337   3.470225    33.5052       7553     5.2447     2.1579     2.0164 0.0000e+00
     74.000     7.8342   3.470004    33.5027       7578     5.2619     2.1593     2.0159 0.0000e+00
     73.000     7.8346   3.469821    33.5009       7603     5.2793     2.1588     2.0177 0.0000e+00
     72.000     7.8351   3.469539    33.4979       7630     5.2982     2.1569     2.0185 0.0000e+00
     71.000     7.8378   3.469079    33.4909       7665     5.3224     2.1579     2.0173 0.0000e+00
     70.000     7.8423   3.468588    33.4818       7708     5.3520     2.1602     2.0173 0.0000e+00
     69.000     7.8689   3.465739    33.4262       7746     5.3788     2.1617     2.0193 0.0000e+00
     68.000     7.8965   3.462102    33.3614       7779     5.4016     2.1631     2.0216 0.0000e+00
     67.000     7.9093   3.460106    33.3282       7809     5.4225     2.1669     2.0232 0.0000e+00
     66.000     7.9185   3.458800    33.3059       7838     5.4425     2.1726     2.0265 0.0000e+00
     65.000     7.9280   3.457925    33.2880       7868     5.4635     2.1785     2.0310 0.0000e+00
     64.000     7.9406   3.457330    33.2701       7899     5.4850     2.1840     2.0368 0.0000e+00
     63.000     7.9628   3.456260    33.2380       7931     5.5073     2.1870     2.0427 0.0000e+00
     62.000     7.9948   3.455001    33.1947       7958     5.5259     2.1872     2.0447 0.0000e+00
     61.000     8.0233   3.454107    33.1586       7982     5.5420     2.1890     2.0463 0.0000e+00
     60.000     8.0361   3.453884    33.1446       8008     5.5602     2.1930     2.0468 0.0000e+00
     59.000     8.0535   3.453280    33.1222       8044     5.5853     2.1971     2.0513 0.0000e+00
     58.000     8.0880   3.453536    33.0928       8077     5.6082     2.1968     2.0549 0.0000e+00
     57.000     8.1992   3.459730    33.0542       8100     5.6240     2.1994     2.0571 0.0000e+00
     56.000     8.2429   3.463534    33.0538       8120     5.6380     2.2061     2.0604 0.0000e+00
     55.000     8.3043   3.467445    33.0380       8142     5.6536     2.2142     2.0645 0.0000e+00
     54.000     8.3538   3.470439    33.0237       8176     5.6769     2.2194     2.0694 0.0000e+00
     53.000     8.3984   3.473239    33.0119       8214     5.7036     2.2245     2.0729 0.0000e+00
     52.000     8.4973   3.478086    32.9709       8238     5.7205     2.2264     2.0758 0.0000e+00
     51.000     8.5553   3.482807    32.9668       8260     5.7354     2.2295     2.0780 0.0000e+00
     50.000     8.6414   3.488925    32.9513       8283     5.7515     2.2331     2.0805 0.0000e+00
     49.000     9.1332   3.524761    32.8695       8310     5.7700     2.2416     2.0823 0.0000e+00
     48.000     9.6314   3.564954    32.8265       8338     5.7893     2.2599     2.0918 0.0000e+00
     47.000    10.1359   3.601668    32.7418       8367     5.8096     2.2917     2.1111 0.0000e+00
     46.000    10.4283   3.624521    32.7088       8396     5.8299     2.3214     2.1334 0.0000e+00
     45.000    10.6115   3.637468    32.6746       8421     5.8471     2.3380     2.1538 0.0000e+00
     44.000    10.7354   3.646575    32.6550       8443     5.8627     2.3492     2.1699 0.0000e+00
     43.000    10.8307   3.655138    32.6555       8468     5.8797     2.3606     2.1859 0.0000e+00
     42.000    11.1996   3.683369    32.6076       8498     5.9006     2.3758     2.2002 0.0000e+00
     41.000    11.5105   3.708880    32.5838       8528     5.9219     2.3879     2.2150 0.0000e+00
     40.000    11.6955   3.725410    32.5828       8554     5.9395     2.3983     2.2250 0.0000e+00
     39.000    11.7939   3.734651    32.5869       8578     5.9560     2.4051     2.2342 0.0000e+00
     38.000    11.8852   3.742693    32.5853       8604     5.9740     2.4087     2.2412 0.0000e+00
     37.000    12.1046   3.760227    32.5635       8633     5.9941     2.4143     2.2461 0.0000e+00
     36.000    12.3252   3.777949    32.5424       8662     6.0146     2.4214     2.2535 0.0000e+00
     35.000    12.4420   3.789028    32.5476       8690     6.0341     2.4285     2.2592 0.0000e+00
     34.000    12.5729   3.801167    32.5506       8717     6.0526     2.4349     2.2655 0.0000e+00
     33.000    12.6552   3.808669    32.5514       8742     6.0701     2.4370     2.2713 0.0000e+00
     32.000    12.7087   3.812854    32.5454       8768     6.0881     2.4416     2.2764 0.0000e+00
     31.000    12.8592   3.826167    32.5425       8796     6.1076     2.4469     2.2818 0.0000e+00
     30.000    13.1100   3.849791    32.5505       8823     6.1262     2.4581     2.2852 0.0000e+00
     29.000    13.3548   3.869691    32.5282       8850     6.1451     2.4680     2.2929 0.0000e+00
     28.000    13.5388   3.882851    32.4948       8880     6.1661     2.4757     2.3043 0.0000e+00
     27.000    13.5838   3.886862    32.4943       8912     6.1883     2.4806     2.3126 0.0000e+00
     26.000    13.7500   3.900409    32.4796       8939     6.2067     2.4859     2.3195 0.0000e+00
     25.000    13.8379   3.907657    32.4727       8961     6.2224     2.4925     2.3250 0.0000e+00
     24.000    13.9408   3.913014    32.4357       8985     6.2391     2.4966     2.3279 0.0000e+00
     23.000    14.0455   3.918164    32.3955       9016     6.2607     2.4998     2.3342 0.0000e+00
     22.000    14.0794   3.919816    32.3825       9051     6.2846     2.5078     2.3400 0.0000e+00
     21.000    14.1392   3.923168    32.3635       9079     6.3042     2.5075     2.3437 0.0000e+00
     20.000    14.1693   3.926017    32.3648       9106     6.3233     2.5085     2.3502 0.0000e+00
     19.000    14.2065   3.928276    32.3548       9133     6.3414     2.5160     2.3536 0.0000e+00
     18.000    14.2238   3.927968    32.3378       9157     6.3581     2.5174     2.3538 0.0000e+00
     17.000    14.2471   3.927772    32.3169       9183     6.3765     2.5187     2.3581 0.0000e+00
     16.000    14.2627   3.927720    32.3038       9220     6.4020     2.5261     2.3627 0.0000e+00
     15.000    14.2918   3.929619    32.2972       9252     6.4242     2.5360     2.3641 0.0000e+00
     14.000    14.3304   3.933107    32.2974       9276     6.4408     2.5406     2.3668 0.0000e+00
     13.000    14.3574   3.935924    32.3009       9301     6.4586     2.5462     2.3730 0.0000e+00
     12.000    14.3694   3.937474    32.3055       9332     6.4801     2.5526     2.3763 0.0000e+00
     11.000    14.3706   3.937633    32.3063       9361     6.5002     2.5489     2.3777 0.0000e+00
     10.000    14.3762   3.938239    32.3076       9387     6.5178     2.5515     2.3821 0.0000e+00
      9.000    14.3812   3.938782    32.3088       9417     6.5391     2.5550     2.3838 0.0000e+00
      8.000    14.3790   3.938774    32.3108       9455     6.5654     2.5540     2.3861 0.0000e+00
      7.000    14.3896   3.940393    32.3172       9856     6.8437     2.5546     2.3922 0.0000e+00
      6.000    14.3924   3.941107    32.3218      10233     7.1057     2.5583     2.3931 0.0000e+00
      5.000    14.3941   3.941247    32.3220      10275     7.1350     2.5517     2.3923 0.0000e+00
      4.000    14.3956   3.941403    32.3226      10331     7.1738     2.5534     2.3919 0.0000e+00
      3.000    14.3986   3.941776    32.3239      10531     7.3125     2.5582     2.3951 0.0000e+00
      2.000    14.3964   3.941521    32.3238      10681     7.4167     2.5624     2.3966 0.0000e+00
      1.000    14.3959   3.938384    32.2960      10743     7.4594     2.5628     2.3941 0.0000e+00
