HB2407/CTD165.cnv
* Sea-Bird SBE 9 Data File:
* FileName = C:\cruise\data\CTD165.hex
* Software Version Seasave V 7.26.7.121
* Temperature SN = 4591
* Conductivity SN = 6006
* Number of Bytes Per Scan = 37
* Number of Voltage Words = 4
* Number of Scans Averaged by the Deck Unit = 1
* NMEA Latitude = 42 44.57 N
* NMEA Longitude = 068 26.45 W
* NMEA UTC (Time) = Oct 19 2024 01:32:20
* NMEA baud rate = 4800
** Ship: Bigelow HB2407
** Program:  Fall Bottom Trawl Survey
** Chief Scientist: John Galbraith
# nquan = 9
# nvalues = 345                         
# units = specified
# name 0 = depSM: Depth [salt water, m]
# name 1 = t090C: Temperature [ITS-90, deg C]
# name 2 = c0S/m: Conductivity [S/m]
# name 3 = sal00: Salinity, Practical [PSU]
# name 4 = scan: Scan Count
# name 5 = timeM: Time, Elapsed [minutes]
# name 6 = sbeox0V: Oxygen raw, SBE 43 [V]
# name 7 = sbeox1V: Oxygen raw, SBE 43, 2 [V]
# name 8 = flag: flag
# span 0 =      1.000,    174.000       
# span 1 =     7.4296,    13.4207       
# span 2 =   3.442184,   3.830698       
# span 3 =    32.1170,    34.2087       
# span 4 =        118,      11078       
# span 5 =     0.0815,     7.6922       
# span 6 =     1.7311,     2.5551       
# span 7 =     1.6025,     2.3722       
# span 8 = 0.0000e+00, 0.0000e+00       
# interval = meters: 1                  
# start_time = Oct 19 2024 01:32:20 [NMEA time, header]
# bad_flag = -9.990e-29
*END*
[from data line 321]
     24.000    11.7887   3.721128    32.4664       9654     6.7032     2.2688     2.0860 0.0000e+00
     23.000    11.9203   3.730082    32.4387       9684     6.7242     2.2822     2.0995 0.0000e+00
     22.000    12.0648   3.741315    32.4220       9702     6.7367     2.2964     2.1110 0.0000e+00
     21.000    12.0735   3.741875    32.4203       9718     6.7482     2.3211     2.1239 0.0000e+00
     20.000    12.1388   3.746012    32.4039       9737     6.7614     2.3606     2.1436 0.0000e+00
     19.000    12.2885   3.754158    32.3531       9776     6.7880     2.4304     2.2055 0.0000e+00
     18.000    12.4760   3.765081    32.2965       9828     6.8246     2.4958     2.2802 0.0000e+00
     17.000    12.5801   3.772230    32.2757       9849     6.8392     2.5084     2.2998 0.0000e+00
     16.000    12.6374   3.776027    32.2631       9867     6.8513     2.5179     2.3114 0.0000e+00
     15.000    12.7387   3.782048    32.2341       9884     6.8635     2.5221     2.3185 0.0000e+00
     14.000    12.8465   3.789514    32.2132       9911     6.8818     2.5241     2.3244 0.0000e+00
     13.000    12.9602   3.797785    32.1950       9959     6.9152     2.5136     2.3236 0.0000e+00
     12.000    13.1684   3.810482    32.1383       9988     6.9355     2.5080     2.3162 0.0000e+00
     11.000    13.2658   3.817711    32.1242      10008     6.9491     2.5112     2.3167 0.0000e+00
     10.000    13.2806   3.819149    32.1256      10026     6.9616     2.5170     2.3201 0.0000e+00
      9.000    13.3196   3.821866    32.1185      10045     6.9751     2.5241     2.3247 0.0000e+00
      8.000    13.3449   3.823956    32.1170      10073     6.9944     2.5304     2.3330 0.0000e+00
      7.000    13.3595   3.825434    32.1190      10140     7.0412     2.5397     2.3434 0.0000e+00
      6.000    13.3715   3.827369    32.1273      10638     7.3870     2.5443     2.3537 0.0000e+00
      5.000    13.3668   3.827118    32.1293      10940     7.5963     2.5477     2.3555 0.0000e+00
      4.000    13.3656   3.826926    32.1290      10956     7.6074     2.5431     2.3547 0.0000e+00
      3.000    13.3661   3.826940    32.1291      10972     7.6187     2.5434     2.3549 0.0000e+00
      2.000    13.3653   3.826844    32.1293      10992     7.6327     2.5456     2.3541 0.0000e+00
      1.000    13.3649   3.826707    32.1287      11078     7.6922     2.5513     2.3517 0.0000e+00
