HB2407/CTD126.cnv
* Sea-Bird SBE 9 Data File:
* FileName = C:\cruise\data\CTD126.hex
* Software Version Seasave V 7.26.7.121
* Temperature SN = 4591
* Conductivity SN = 6006
* Number of Bytes Per Scan = 37
* Number of Voltage Words = 4
* Number of Scans Averaged by the Deck Unit = 1
* NMEA Latitude = 40 22.23 N
* NMEA Longitude = 068 04.00 W
* NMEA UTC (Time) = Oct 09 2024 22:25:27
* NMEA baud rate = 4800
** Ship: Bigelow HB2407
** Program:  Fall Bottom Trawl Survey
** Chief Scientist: John Galbraith
# nquan = 9
# nvalues = 286                         
# units = specified
# name 0 = depSM: Depth [salt water, m]
# name 1 = t090C: Temperature [ITS-90, deg C]
# name 2 = c0S/m: Conductivity [S/m]
# name 3 = sal00: Salinity, Practical [PSU]
# name 4 = scan: Scan Count
# name 5 = timeM: Time, Elapsed [minutes]
# name 6 = sbeox0V: Oxygen raw, SBE 43 [V]
# name 7 = sbeox1V: Oxygen raw, SBE 43, 2 [V]
# name 8 = flag: flag
# span 0 =      1.000,    145.000       
# span 1 =     6.4758,    16.8431       
# span 2 =   3.348899,   4.154938       
# span 3 =    31.9927,    34.1856       
# span 4 =        232,       9683       
# span 5 =     0.1601,     6.7238       
# span 6 =     2.0523,     2.6719       
# span 7 =     1.8945,     2.4597       
# span 8 = 0.0000e+00, 0.0000e+00       
# interval = meters: 1                  
# start_time = Oct 09 2024 22:25:27 [NMEA time, header]
# bad_flag = -9.990e-29
*END*
      4.000    16.8431   4.154938    32.2185        232     0.1601     2.6379     2.4451 0.0000e+00
      5.000    16.8091   4.151173    32.2128        326     0.2256     2.6332     2.4477 0.0000e+00
      6.000    16.7452   4.144601    32.2067        351     0.2428     2.6321     2.4479 0.0000e+00
      7.000    16.6573   4.134628    32.1904        375     0.2600     2.6352     2.4455 0.0000e+00
      8.000    16.6037   4.128385    32.1789        403     0.2792     2.6374     2.4428 0.0000e+00
      9.000    16.5776   4.125250    32.1722        432     0.2995     2.6454     2.4439 0.0000e+00
     10.000    16.5330   4.120387    32.1654        461     0.3191     2.6463     2.4457 0.0000e+00
     11.000    16.4620   4.112612    32.1544        489     0.3391     2.6480     2.4462 0.0000e+00
     12.000    16.3802   4.104406    32.1482        516     0.3576     2.6498     2.4477 0.0000e+00
     13.000    16.2249   4.088758    32.1361        539     0.3735     2.6448     2.4502 0.0000e+00
     14.000    16.1044   4.075796    32.1193        661     0.4581     2.6465     2.4548 0.0000e+00
     15.000    15.8672   4.052237    32.1034        746     0.5177     2.6487     2.4597 0.0000e+00
     16.000    15.7753   4.043645    32.1016        771     0.5348     2.6453     2.4567 0.0000e+00
     17.000    15.6678   4.032390    32.0888        796     0.5520     2.6487     2.4571 0.0000e+00
     18.000    15.5569   4.021640    32.0832        828     0.5741     2.6490     2.4501 0.0000e+00
     19.000    15.4207   4.008076    32.0729        869     0.6030     2.6482     2.4467 0.0000e+00
     20.000    15.1648   3.985042    32.0755        900     0.6243     2.6456     2.4497 0.0000e+00
     21.000    14.8606   3.957760    32.0792        924     0.6407     2.6382     2.4480 0.0000e+00
     22.000    14.7828   3.950611    32.0782        947     0.6566     2.6295     2.4389 0.0000e+00
     23.000    13.7866   3.864891    32.1206        970     0.6732     2.6218     2.4377 0.0000e+00
     24.000    13.4339   3.832944    32.1196        995     0.6901     2.5980     2.4259 0.0000e+00
     25.000    13.3540   3.825420    32.1163       1019     0.7071     2.5843     2.4071 0.0000e+00
     26.000    13.3445   3.823806    32.1089       1049     0.7280     2.5868     2.4075 0.0000e+00
     27.000    13.3493   3.823466    32.1012       1087     0.7539     2.5934     2.4097 0.0000e+00
     28.000    13.3496   3.823178    32.0979       1116     0.7746     2.5944     2.4058 0.0000e+00
     29.000    13.2967   3.818705    32.1002       1141     0.7913     2.5988     2.4040 0.0000e+00
     30.000    13.2821   3.817165    32.0977       1165     0.8083     2.6006     2.4029 0.0000e+00
     31.000    13.1918   3.809229    32.0992       1191     0.8267     2.5983     2.4029 0.0000e+00
     32.000    13.1214   3.803209    32.1018       1217     0.8447     2.5910     2.4019 0.0000e+00
     33.000    13.0908   3.800416    32.1009       1242     0.8620     2.5904     2.3987 0.0000e+00
     34.000    13.0469   3.796659    32.1024       1268     0.8797     2.5937     2.3961 0.0000e+00
     35.000    12.9955   3.792364    32.1050       1295     0.8987     2.5948     2.3967 0.0000e+00
     36.000    12.7405   3.772079    32.1295       1323     0.9182     2.5897     2.3945 0.0000e+00
     37.000    12.5663   3.757864    32.1426       1353     0.9388     2.5805     2.3895 0.0000e+00
     38.000    12.5051   3.752657    32.1449       1382     0.9591     2.5687     2.3860 0.0000e+00
     39.000    12.4886   3.751121    32.1439       1409     0.9779     2.5677     2.3835 0.0000e+00
     40.000    12.1985   3.727773    32.1688       1439     0.9988     2.5682     2.3806 0.0000e+00
     41.000    11.9308   3.707663    32.2054       1470     1.0203     2.5576     2.3717 0.0000e+00
     42.000    11.2371   3.656380    32.3090       1495     1.0377     2.5451     2.3630 0.0000e+00
     43.000    10.9095   3.630489    32.3411       1518     1.0533     2.5276     2.3524 0.0000e+00
     44.000    10.8454   3.624343    32.3363       1541     1.0692     2.5088     2.3367 0.0000e+00
     45.000    10.8193   3.621716    32.3329       1566     1.0871     2.4945     2.3235 0.0000e+00
     46.000    10.7625   3.617130    32.3370       1593     1.1056     2.4879     2.3140 0.0000e+00
     47.000    10.4995   3.598429    32.3833       1618     1.1229     2.4857     2.3089 0.0000e+00
     48.000    10.3300   3.585449    32.4036       1645     1.1414     2.4778     2.3010 0.0000e+00
     49.000     9.8851   3.554233    32.4866       1675     1.1627     2.4636     2.2870 0.0000e+00
     50.000     9.6959   3.539481    32.5066       1709     1.1863     2.4443     2.2694 0.0000e+00
     51.000     9.2941   3.512101    32.5901       1740     1.2077     2.4310     2.2549 0.0000e+00
     52.000     8.9940   3.490623    32.6419       1766     1.2256     2.4148     2.2424 0.0000e+00
     53.000     8.8385   3.479847    32.6723       1790     1.2422     2.3971     2.2286 0.0000e+00
     54.000     8.7741   3.474693    32.6774       1813     1.2582     2.3809     2.2166 0.0000e+00
     55.000     8.6373   3.465119    32.7031       1837     1.2747     2.3667     2.2037 0.0000e+00
     56.000     8.5207   3.457093    32.7265       1864     1.2939     2.3516     2.1891 0.0000e+00
     57.000     8.4338   3.451384    32.7466       1895     1.3150     2.3410     2.1758 0.0000e+00
     58.000     8.3820   3.448179    32.7604       1922     1.3341     2.3352     2.1657 0.0000e+00
     59.000     8.2723   3.441419    32.7908       1947     1.3513     2.3301     2.1584 0.0000e+00
     60.000     8.1044   3.429137    32.8169       1972     1.3687     2.3228     2.1523 0.0000e+00
     61.000     7.7073   3.404766    32.9298       1997     1.3862     2.3142     2.1438 0.0000e+00
     62.000     7.4441   3.385527    32.9716       2023     1.4039     2.2901     2.1349 0.0000e+00
     63.000     7.4081   3.382420    32.9718       2050     1.4228     2.2776     2.1255 0.0000e+00
     64.000     7.3946   3.381030    32.9691       2081     1.4445     2.2871     2.1240 0.0000e+00
     65.000     7.3627   3.378602    32.9727       2117     1.4694     2.2953     2.1243 0.0000e+00
     66.000     7.3794   3.381245    32.9849       2147     1.4900     2.2973     2.1226 0.0000e+00
     67.000     7.4157   3.385718    32.9983       2171     1.5067     2.2990     2.1222 0.0000e+00
     68.000     7.4315   3.387442    33.0014       2193     1.5225     2.3002     2.1229 0.0000e+00
     69.000     7.4450   3.389056    33.0056       2216     1.5384     2.2975     2.1213 0.0000e+00
     70.000     7.4774   3.393434    33.0215       2240     1.5551     2.2897     2.1172 0.0000e+00
     71.000     7.4939   3.396037    33.0335       2267     1.5734     2.2830     2.1126 0.0000e+00
     72.000     7.4942   3.396279    33.0352       2294     1.5924     2.2804     2.1085 0.0000e+00
     73.000     7.4955   3.397359    33.0452       2320     1.6103     2.2773     2.1035 0.0000e+00
     74.000     7.4952   3.398114    33.0532       2344     1.6273     2.2738     2.1004 0.0000e+00
     75.000     7.4532   3.395108    33.0603       2375     1.6485     2.2697     2.0965 0.0000e+00
     76.000     7.4334   3.393306    33.0592       2408     1.6716     2.2661     2.0935 0.0000e+00
     77.000     7.4245   3.393318    33.0674       2436     1.6908     2.2661     2.0914 0.0000e+00
     78.000     7.4465   3.399531    33.1130       2465     1.7109     2.2643     2.0892 0.0000e+00
     79.000     7.4552   3.407121    33.1863       2497     1.7331     2.2613     2.0889 0.0000e+00
     80.000     7.4504   3.412561    33.2493       2524     1.7519     2.2588     2.0871 0.0000e+00
     81.000     7.4458   3.415862    33.2890       2545     1.7668     2.2550     2.0837 0.0000e+00
     82.000     7.4202   3.416335    33.3181       2567     1.7816     2.2505     2.0784 0.0000e+00
     83.000     7.4270   3.425710    33.4127       2590     1.7981     2.2449     2.0718 0.0000e+00
     84.000     7.3044   3.419274    33.4607       2615     1.8153     2.2395     2.0643 0.0000e+00
     85.000     7.1660   3.407347    33.4644       2639     1.8319     2.2292     2.0564 0.0000e+00
     86.000     6.8731   3.382205    33.4732       2666     1.8506     2.2157     2.0452 0.0000e+00
     87.000     6.6057   3.357257    33.4588       2698     1.8730     2.2000     2.0341 0.0000e+00
     88.000     6.5953   3.357064    33.4663       2727     1.8930     2.1942     2.0302 0.0000e+00
     89.000     6.5967   3.358188    33.4769       2754     1.9119     2.1979     2.0313 0.0000e+00
     90.000     6.5833   3.357292    33.4796       2786     1.9341     2.2020     2.0334 0.0000e+00
     91.000     6.6071   3.359974    33.4855       2820     1.9574     2.2045     2.0345 0.0000e+00
     92.000     6.5923   3.359221    33.4912       2847     1.9765     2.2047     2.0350 0.0000e+00
     93.000     6.5134   3.352257    33.4908       2872     1.9935     2.2011     2.0350 0.0000e+00
     94.000     6.4758   3.348899    33.4900       2896     2.0103     2.1985     2.0331 0.0000e+00
     95.000     6.7148   3.372008    33.5109       2919     2.0264     2.1974     2.0310 0.0000e+00
     96.000     7.2354   3.429037    33.6279       2940     2.0411     2.2002     2.0314 0.0000e+00
     97.000     7.1919   3.433544    33.7191       2961     2.0559     2.2116     2.0385 0.0000e+00
     98.000     7.3547   3.453364    33.7753       2985     2.0720     2.2137     2.0415 0.0000e+00
     99.000     7.5169   3.475197    33.8537       3014     2.0921     2.2027     2.0318 0.0000e+00
    100.000     7.6130   3.486507    33.8818       3051     2.1177     2.1846     2.0188 0.0000e+00
    101.000     7.8234   3.510991    33.9403       3090     2.1454     2.1663     2.0016 0.0000e+00
    102.000     7.8762   3.518226    33.9662       3121     2.1667     2.1581     1.9930 0.0000e+00
    103.000     7.9342   3.526033    33.9930       3143     2.1819     2.1489     1.9850 0.0000e+00
    104.000     8.0042   3.535461    34.0255       3162     2.1954     2.1422     1.9776 0.0000e+00
    105.000     8.0250   3.538841    34.0410       3183     2.2099     2.1360     1.9705 0.0000e+00
    106.000     8.0454   3.541833    34.0527       3209     2.2276     2.1263     1.9618 0.0000e+00
    107.000     8.0641   3.544760    34.0653       3238     2.2482     2.1159     1.9520 0.0000e+00
    108.000     8.0782   3.546968    34.0747       3269     2.2696     2.1072     1.9440 0.0000e+00
    109.000     8.0753   3.546818    34.0755       3298     2.2898     2.1014     1.9397 0.0000e+00
    110.000     8.0905   3.548782    34.0811       3324     2.3074     2.0983     1.9364 0.0000e+00
    111.000     8.1190   3.552871    34.0966       3348     2.3241     2.0956     1.9341 0.0000e+00
    112.000     8.1292   3.554266    34.1012       3373     2.3415     2.0917     1.9324 0.0000e+00
    113.000     8.1276   3.554247    34.1019       3403     2.3623     2.0868     1.9299 0.0000e+00
    114.000     8.1293   3.554590    34.1035       3436     2.3852     2.0833     1.9262 0.0000e+00
    115.000     8.1297   3.554863    34.1056       3464     2.4049     2.0829     1.9242 0.0000e+00
    116.000     8.1304   3.555102    34.1070       3489     2.4223     2.0830     1.9224 0.0000e+00
    117.000     8.1360   3.555841    34.1089       3513     2.4390     2.0813     1.9202 0.0000e+00
    118.000     8.1363   3.555971    34.1096       3537     2.4557     2.0799     1.9190 0.0000e+00
    119.000     8.1361   3.556033    34.1099       3561     2.4723     2.0797     1.9199 0.0000e+00
    120.000     8.1397   3.556488    34.1108       3587     2.4902     2.0792     1.9193 0.0000e+00
    121.000     8.1469   3.557320    34.1122       3615     2.5098     2.0786     1.9176 0.0000e+00
    122.000     8.1503   3.557817    34.1137       3642     2.5287     2.0799     1.9167 0.0000e+00
    123.000     8.1498   3.557841    34.1140       3672     2.5495     2.0789     1.9157 0.0000e+00
    124.000     8.1531   3.558248    34.1146       3709     2.5752     2.0782     1.9159 0.0000e+00
    125.000     8.1549   3.558523    34.1153       3743     2.5986     2.0771     1.9155 0.0000e+00
    126.000     8.1562   3.558712    34.1155       3767     2.6154     2.0742     1.9144 0.0000e+00
    127.000     8.1633   3.559530    34.1169       3787     2.6289     2.0711     1.9143 0.0000e+00
    128.000     8.1649   3.559791    34.1177       3805     2.6419     2.0705     1.9138 0.0000e+00
    129.000     8.1728   3.560721    34.1194       3827     2.6569     2.0702     1.9131 0.0000e+00
    130.000     8.1742   3.560977    34.1203       3854     2.6755     2.0712     1.9130 0.0000e+00
    131.000     8.1671   3.560376    34.1203       3882     2.6953     2.0722     1.9119 0.0000e+00
    132.000     8.1617   3.559793    34.1189       3914     2.7172     2.0728     1.9105 0.0000e+00
    133.000     8.1534   3.558994    34.1179       3952     2.7435     2.0730     1.9107 0.0000e+00
    134.000     8.1487   3.558573    34.1175       3980     2.7635     2.0712     1.9115 0.0000e+00
    135.000     8.1484   3.558625    34.1180       4003     2.7794     2.0699     1.9123 0.0000e+00
    136.000     8.1617   3.559865    34.1177       4025     2.7946     2.0694     1.9135 0.0000e+00
    137.000     8.1723   3.561221    34.1214       4048     2.8105     2.0684     1.9129 0.0000e+00
    138.000     8.1936   3.563653    34.1261       4074     2.8287     2.0683     1.9115 0.0000e+00
    139.000     8.1958   3.564273    34.1302       4103     2.8487     2.0686     1.9108 0.0000e+00
    140.000     8.1954   3.564742    34.1350       4130     2.8676     2.0681     1.9100 0.0000e+00
    141.000     8.2246   3.568548    34.1468       4158     2.8868     2.0681     1.9082 0.0000e+00
    142.000     8.2370   3.570297    34.1528       4192     2.9105     2.0670     1.9076 0.0000e+00
    143.000     8.2478   3.571944    34.1593       4226     2.9344     2.0650     1.9068 0.0000e+00
    144.000     8.2577   3.574620    34.1777       4292     2.9799     2.0613     1.9040 0.0000e+00
    145.000     8.2548   3.575140    34.1856       4676     3.2463     2.0531     1.8945 0.0000e+00
    144.000     8.2569   3.574891    34.1814       4727     3.2816     2.0541     1.8955 0.0000e+00
    143.000     8.2596   3.574762    34.1779       4903     3.4042     2.0530     1.8985 0.0000e+00
    142.000     8.2602   3.574441    34.1744       4998     3.4704     2.0532     1.8975 0.0000e+00
    141.000     8.2569   3.573550    34.1686       5015     3.4821     2.0523     1.8972 0.0000e+00
    140.000     8.2505   3.572369    34.1627       5033     3.4944     2.0537     1.8977 0.0000e+00
    139.000     8.2385   3.570815    34.1583       5051     3.5067     2.0542     1.8986 0.0000e+00
    138.000     8.2309   3.569608    34.1533       5070     3.5199     2.0538     1.8997 0.0000e+00
    137.000     8.2254   3.568896    34.1516       5093     3.5358     2.0544     1.8997 0.0000e+00
    136.000     8.2023   3.565498    34.1383       5128     3.5605     2.0569     1.9001 0.0000e+00
    135.000     8.1929   3.564176    34.1338       5172     3.5908     2.0611     1.9024 0.0000e+00
    134.000     8.1814   3.562510    34.1278       5198     3.6093     2.0620     1.9039 0.0000e+00
    133.000     8.1786   3.562089    34.1265       5223     3.6261     2.0625     1.9039 0.0000e+00
    132.000     8.1746   3.561652    34.1261       5248     3.6440     2.0636     1.9056 0.0000e+00
    131.000     8.1736   3.561411    34.1250       5274     3.6616     2.0644     1.9075 0.0000e+00
    130.000     8.1711   3.561009    34.1237       5297     3.6781     2.0640     1.9090 0.0000e+00
    129.000     8.1717   3.561033    34.1238       5321     3.6944     2.0644     1.9096 0.0000e+00
    128.000     8.1684   3.560623    34.1231       5345     3.7112     2.0667     1.9102 0.0000e+00
    127.000     8.1648   3.560179    34.1224       5369     3.7279     2.0699     1.9114 0.0000e+00
