HB2407/CTD108.cnv
* Sea-Bird SBE 9 Data File:
* FileName = C:\cruise\data\CTD108.hex
* Software Version Seasave V 7.26.7.121
* Temperature SN = 4591
* Conductivity SN = 6006
* Number of Bytes Per Scan = 37
* Number of Voltage Words = 4
* Number of Scans Averaged by the Deck Unit = 1
* NMEA Latitude = 39 21.74 N
* NMEA Longitude = 072 24.82 W
* NMEA UTC (Time) = Oct 06 2024 13:54:34
* NMEA baud rate = 4800
** Ship: Bigelow HB2407
** Program:  Fall Bottom Trawl Survey
** Chief Scientist: John Galbraith
# nquan = 9
# nvalues = 266                         
# units = specified
# name 0 = depSM: Depth [salt water, m]
# name 1 = t090C: Temperature [ITS-90, deg C]
# name 2 = c0S/m: Conductivity [S/m]
# name 3 = sal00: Salinity, Practical [PSU]
# name 4 = scan: Scan Count
# name 5 = timeM: Time, Elapsed [minutes]
# name 6 = sbeox0V: Oxygen raw, SBE 43 [V]
# name 7 = sbeox1V: Oxygen raw, SBE 43, 2 [V]
# name 8 = flag: flag
# span 0 =      2.000,    135.000       
# span 1 =    13.1694,    22.2446       
# span 2 =   4.157434,   4.956970       
# span 3 =    34.4366,    35.8414       
# span 4 =        158,       8040       
# span 5 =     0.1088,     5.5825       
# span 6 =     1.7886,     2.6230       
# span 7 =     1.6567,     2.3954       
# span 8 = 0.0000e+00, 0.0000e+00       
# interval = meters: 1                  
# start_time = Oct 06 2024 13:54:34 [NMEA time, header]
# bad_flag = -9.990e-29
*END*
[from data line 161]
    106.000    13.1939   4.160673    35.3861       5227     3.6288     1.8153     1.6825 0.0000e+00
    105.000    13.1873   4.159665    35.3830       5252     3.6468     1.8144     1.6826 0.0000e+00
    104.000    13.1913   4.159468    35.3779       5273     3.6609     1.8144     1.6829 0.0000e+00
    103.000    13.2017   4.160652    35.3799       5291     3.6735     1.8158     1.6835 0.0000e+00
    102.000    13.2098   4.161438    35.3802       5309     3.6859     1.8185     1.6830 0.0000e+00
    101.000    13.2162   4.162212    35.3821       5328     3.6993     1.8209     1.6840 0.0000e+00
    100.000    13.2317   4.163918    35.3843       5351     3.7155     1.8238     1.6877 0.0000e+00
     99.000    13.2365   4.164533    35.3861       5386     3.7395     1.8268     1.6907 0.0000e+00
     98.000    13.2486   4.165893    35.3882       5430     3.7703     1.8322     1.6920 0.0000e+00
     97.000    13.2601   4.167165    35.3900       5462     3.7925     1.8350     1.6938 0.0000e+00
     96.000    13.2714   4.168562    35.3931       5488     3.8108     1.8363     1.6957 0.0000e+00
     95.000    13.2758   4.169074    35.3944       5512     3.8270     1.8359     1.6953 0.0000e+00
     94.000    13.2778   4.169335    35.3953       5533     3.8420     1.8326     1.6959 0.0000e+00
     93.000    13.2777   4.169284    35.3954       5554     3.8562     1.8321     1.6958 0.0000e+00
     92.000    13.2783   4.169296    35.3954       5574     3.8703     1.8336     1.6964 0.0000e+00
     91.000    13.2860   4.170009    35.3955       5595     3.8851     1.8343     1.6960 0.0000e+00
     90.000    13.3256   4.174388    35.4005       5618     3.9010     1.8351     1.6974 0.0000e+00
     89.000    13.3917   4.181402    35.4059       5643     3.9180     1.8367     1.6992 0.0000e+00
     88.000    13.4430   4.188632    35.4271       5670     3.9368     1.8375     1.7003 0.0000e+00
     87.000    13.4576   4.190685    35.4334       5708     3.9630     1.8382     1.7009 0.0000e+00
     86.000    13.4850   4.194253    35.4421       5752     3.9938     1.8417     1.7019 0.0000e+00
     85.000    13.6205   4.208232    35.4486       5778     4.0115     1.8404     1.7013 0.0000e+00
     84.000    13.6882   4.218266    35.4808       5798     4.0254     1.8429     1.7026 0.0000e+00
     83.000    13.8108   4.231922    35.4959       5817     4.0390     1.8448     1.7042 0.0000e+00
     82.000    13.9354   4.246858    35.5209       5838     4.0532     1.8459     1.7054 0.0000e+00
     81.000    14.0064   4.258511    35.5646       5858     4.0671     1.8487     1.7080 0.0000e+00
     80.000    14.1182   4.269430    35.5636       5878     4.0811     1.8487     1.7101 0.0000e+00
     79.000    14.2159   4.281898    35.5899       5901     4.0971     1.8489     1.7103 0.0000e+00
     78.000    14.2993   4.291419    35.6019       5938     4.1227     1.8531     1.7104 0.0000e+00
     77.000    14.1658   4.272217    35.5469       5984     4.1547     1.8580     1.7103 0.0000e+00
     76.000    13.7405   4.221388    35.4648       6007     4.1710     1.8687     1.7165 0.0000e+00
     75.000    13.7027   4.209242    35.3863       6027     4.1847     1.8799     1.7226 0.0000e+00
     74.000    13.7353   4.209125    35.3555       6047     4.1988     1.9040     1.7304 0.0000e+00
     73.000    13.8590   4.222900    35.3709       6069     4.2138     1.9364     1.7525 0.0000e+00
     72.000    14.0272   4.236861    35.3470       6092     4.2300     1.9643     1.7786 0.0000e+00
     71.000    14.1332   4.251319    35.3849       6120     4.2492     1.9883     1.8075 0.0000e+00
     70.000    14.1915   4.255398    35.3697       6154     4.2728     2.0060     1.8299 0.0000e+00
     69.000    14.3074   4.264680    35.3501       6182     4.2921     2.0131     1.8386 0.0000e+00
     68.000    14.5372   4.288245    35.3584       6203     4.3071     2.0205     1.8451 0.0000e+00
     67.000    14.7325   4.312754    35.4064       6224     4.3214     2.0353     1.8532 0.0000e+00
     66.000    14.9118   4.334500    35.4432       6247     4.3374     2.0399     1.8626 0.0000e+00
     65.000    15.3974   4.394766    35.5516       6276     4.3574     2.0457     1.8698 0.0000e+00
     64.000    15.8760   4.453310    35.6473       6308     4.3802     2.0242     1.8778 0.0000e+00
     63.000    15.9856   4.467349    35.6747       6340     4.4018     2.0155     1.8786 0.0000e+00
     62.000    16.0903   4.482625    35.7174       6367     4.4207     2.0151     1.8713 0.0000e+00
     61.000    15.9927   4.466545    35.6619       6391     4.4378     2.0127     1.8695 0.0000e+00
     60.000    15.9775   4.464532    35.6581       6417     4.4553     2.0207     1.8676 0.0000e+00
     59.000    15.9669   4.458573    35.6147       6443     4.4736     2.0277     1.8696 0.0000e+00
     58.000    16.0471   4.464131    35.5927       6466     4.4897     2.0355     1.8714 0.0000e+00
     57.000    16.0570   4.465408    35.5956       6486     4.5032     2.0416     1.8740 0.0000e+00
     56.000    16.1458   4.473100    35.5850       6504     4.5158     2.0461     1.8787 0.0000e+00
     55.000    16.2011   4.480906    35.6054       6522     4.5287     2.0501     1.8839 0.0000e+00
     54.000    16.2636   4.486686    35.6012       6545     4.5444     2.0537     1.8917 0.0000e+00
     53.000    16.2693   4.480657    35.5429       6583     4.5707     2.0624     1.8992 0.0000e+00
     52.000    16.1985   4.463790    35.4566       6636     4.6075     2.0877     1.9176 0.0000e+00
     51.000    16.2899   4.473452    35.4613       6668     4.6299     2.1044     1.9355 0.0000e+00
     50.000    16.5337   4.500978    35.4886       6690     4.6449     2.1191     1.9455 0.0000e+00
     49.000    16.7680   4.527456    35.5144       6708     4.6574     2.1295     1.9535 0.0000e+00
     48.000    16.7963   4.531083    35.5216       6724     4.6688     2.1293     1.9577 0.0000e+00
     47.000    16.7561   4.522568    35.4827       6741     4.6807     2.1230     1.9609 0.0000e+00
     46.000    16.7451   4.520517    35.4748       6763     4.6959     2.1245     1.9588 0.0000e+00
     45.000    16.7616   4.518629    35.4441       6796     4.7185     2.1365     1.9634 0.0000e+00
     44.000    16.7972   4.520463    35.4291       6825     4.7389     2.1467     1.9691 0.0000e+00
     43.000    16.9478   4.531029    35.3893       6846     4.7531     2.1526     1.9767 0.0000e+00
     42.000    16.8618   4.522288    35.3888       6864     4.7662     2.1580     1.9815 0.0000e+00
     41.000    16.7227   4.496026    35.2811       6886     4.7811     2.1637     1.9887 0.0000e+00
     40.000    16.7631   4.469135    35.0102       6928     4.8107     2.2424     2.0112 0.0000e+00
     39.000    16.8599   4.466474    34.9026       6984     4.8494     2.3139     2.0852 0.0000e+00
     38.000    16.8140   4.459501    34.8818       7006     4.8647     2.3354     2.1292 0.0000e+00
     37.000    16.7790   4.447738    34.8096       7024     4.8768     2.3442     2.1497 0.0000e+00
     36.000    16.7555   4.439888    34.7616       7040     4.8881     2.3510     2.1597 0.0000e+00
     35.000    16.7684   4.435788    34.7149       7056     4.8996     2.3656     2.1682 0.0000e+00
     34.000    16.8153   4.436989    34.6852       7074     4.9120     2.3835     2.1800 0.0000e+00
     33.000    16.8883   4.441437    34.6614       7096     4.9269     2.4125     2.1959 0.0000e+00
     32.000    17.3677   4.482864    34.6098       7124     4.9465     2.4613     2.2209 0.0000e+00
     31.000    17.5530   4.504066    34.6349       7155     4.9677     2.5080     2.2531 0.0000e+00
     30.000    19.5095   4.675515    34.4379       7184     4.9881     2.5534     2.2846 0.0000e+00
     29.000    20.4238   4.778660    34.5332       7217     5.0114     2.6173     2.3392 0.0000e+00
     28.000    21.1254   4.840389    34.4612       7254     5.0369     2.6230     2.3818 0.0000e+00
     27.000    21.5724   4.882413    34.4366       7282     5.0562     2.5946     2.3954 0.0000e+00
     26.000    21.7182   4.898034    34.4439       7304     5.0713     2.5929     2.3942 0.0000e+00
     25.000    21.8542   4.911617    34.4428       7324     5.0851     2.5790     2.3874 0.0000e+00
     24.000    21.9860   4.925595    34.4480       7343     5.0990     2.5649     2.3807 0.0000e+00
     23.000    22.0867   4.934638    34.4392       7365     5.1137     2.5613     2.3736 0.0000e+00
     22.000    22.1416   4.941003    34.4457       7391     5.1317     2.5568     2.3713 0.0000e+00
     21.000    22.1507   4.943420    34.4578       7422     5.1534     2.5507     2.3690 0.0000e+00
     20.000    22.1605   4.944040    34.4552       7449     5.1722     2.5500     2.3674 0.0000e+00
     19.000    22.1664   4.945350    34.4611       7470     5.1871     2.5503     2.3669 0.0000e+00
     18.000    22.1774   4.946689    34.4632       7492     5.2018     2.5523     2.3661 0.0000e+00
     17.000    22.1996   4.949379    34.4669       7523     5.2236     2.5540     2.3664 0.0000e+00
     16.000    22.2142   4.951490    34.4721       7572     5.2579     2.5586     2.3697 0.0000e+00
     15.000    22.2095   4.951050    34.4728       7599     5.2763     2.5510     2.3711 0.0000e+00
     14.000    22.2086   4.951294    34.4758       7618     5.2897     2.5497     2.3691 0.0000e+00
     13.000    22.2162   4.952041    34.4759       7635     5.3015     2.5538     2.3677 0.0000e+00
     12.000    22.2186   4.952404    34.4772       7652     5.3132     2.5589     2.3647 0.0000e+00
     11.000    22.2221   4.952886    34.4785       7670     5.3259     2.5560     2.3672 0.0000e+00
     10.000    22.2267   4.953453    34.4796       7693     5.3420     2.5586     2.3726 0.0000e+00
      9.000    22.2301   4.953934    34.4810       7729     5.3669     2.5566     2.3714 0.0000e+00
      8.000    22.2292   4.953898    34.4818       7767     5.3931     2.5586     2.3681 0.0000e+00
      7.000    22.2312   4.954295    34.4836       7796     5.4129     2.5545     2.3678 0.0000e+00
      6.000    22.2372   4.954967    34.4845       7822     5.4314     2.5563     2.3733 0.0000e+00
      5.000    22.2364   4.955057    34.4861       7847     5.4488     2.5595     2.3731 0.0000e+00
      4.000    22.2329   4.954718    34.4866       7875     5.4681     2.5658     2.3737 0.0000e+00
      3.000    22.2400   4.955487    34.4874       7906     5.4897     2.5581     2.3745 0.0000e+00
      2.000    22.2446   4.956209    34.4897       8040     5.5825     2.5577     2.3725 0.0000e+00
