HB2407/CTD100.cnv
* Sea-Bird SBE 9 Data File:
* FileName = C:\cruise\data\CTD100.hex
* Software Version Seasave V 7.26.7.121
* Temperature SN = 4591
* Conductivity SN = 6006
* Number of Bytes Per Scan = 37
* Number of Voltage Words = 4
* Number of Scans Averaged by the Deck Unit = 1
* NMEA Latitude = 40 53.07 N
* NMEA Longitude = 070 04.00 W
* NMEA UTC (Time) = Oct 03 2024 17:21:24
* NMEA baud rate = 4800
** Ship: Bigelow HB2407
** Program:  Fall Bottom Trawl Survey
** Chief Scientist: John Galbraith
# nquan = 9
# nvalues = 41                          
# units = specified
# name 0 = depSM: Depth [salt water, m]
# name 1 = t090C: Temperature [ITS-90, deg C]
# name 2 = c0S/m: Conductivity [S/m]
# name 3 = sal00: Salinity, Practical [PSU]
# name 4 = scan: Scan Count
# name 5 = timeM: Time, Elapsed [minutes]
# name 6 = sbeox0V: Oxygen raw, SBE 43 [V]
# name 7 = sbeox1V: Oxygen raw, SBE 43, 2 [V]
# name 8 = flag: flag
# span 0 =      2.000,     23.000       
# span 1 =    15.5732,    16.1728       
# span 2 =   3.958676,   4.011446       
# span 3 =    31.5048,    31.5148       
# span 4 =        181,       2169       
# span 5 =     0.1250,     1.5055       
# span 6 =     2.6595,     2.7162       
# span 7 =     2.4624,     2.5170       
# span 8 = 0.0000e+00, 0.0000e+00       
# interval = meters: 1                  
# start_time = Oct 03 2024 17:21:24 [NMEA time, header]
# bad_flag = -9.990e-29
*END*
      4.000    15.8127   3.979917    31.5128        181     0.1250     2.7151     2.5165 0.0000e+00
      5.000    15.7123   3.971129    31.5148        370     0.2564     2.7059     2.5128 0.0000e+00
      6.000    15.6342   3.964062    31.5142        422     0.2925     2.7154     2.5085 0.0000e+00
      7.000    15.6057   3.961581    31.5146        444     0.3078     2.7120     2.5087 0.0000e+00
      8.000    15.6006   3.961080    31.5139        469     0.3252     2.7037     2.5065 0.0000e+00
      9.000    15.5923   3.960297    31.5132        515     0.3569     2.7036     2.4965 0.0000e+00
     10.000    15.5868   3.959805    31.5129        557     0.3862     2.7002     2.4941 0.0000e+00
     11.000    15.5816   3.959412    31.5132        581     0.4025     2.6972     2.4943 0.0000e+00
     12.000    15.5802   3.959311    31.5130        607     0.4208     2.6932     2.4923 0.0000e+00
     13.000    15.5784   3.959138    31.5126        649     0.4503     2.6875     2.4821 0.0000e+00
     14.000    15.5733   3.958734    31.5127        691     0.4789     2.6764     2.4810 0.0000e+00
     15.000    15.5732   3.958764    31.5126        716     0.4967     2.6733     2.4816 0.0000e+00
     16.000    15.5738   3.958811    31.5123        744     0.5161     2.6690     2.4797 0.0000e+00
     17.000    15.5735   3.958836    31.5124        783     0.5430     2.6711     2.4729 0.0000e+00
     18.000    15.5744   3.958949    31.5122        825     0.5722     2.6753     2.4740 0.0000e+00
     19.000    15.5748   3.959013    31.5122        859     0.5955     2.6752     2.4710 0.0000e+00
     20.000    15.5738   3.958997    31.5124        890     0.6175     2.6688     2.4673 0.0000e+00
     21.000    15.5736   3.959008    31.5123        925     0.6416     2.6613     2.4665 0.0000e+00
     22.000    15.5747   3.959169    31.5125       1047     0.7267     2.6619     2.4660 0.0000e+00
     23.000    15.5761   3.959292    31.5121       1527     1.0596     2.6681     2.4626 0.0000e+00
     22.000    15.5755   3.959230    31.5124       1474     1.0232     2.6686     2.4658 0.0000e+00
     21.000    15.5755   3.959197    31.5125       1538     1.0672     2.6657     2.4698 0.0000e+00
     20.000    15.5744   3.959029    31.5122       1604     1.1132     2.6676     2.4689 0.0000e+00
     19.000    15.5738   3.958898    31.5119       1634     1.1342     2.6690     2.4664 0.0000e+00
     18.000    15.5739   3.958873    31.5119       1651     1.1462     2.6682     2.4651 0.0000e+00
     17.000    15.5738   3.958813    31.5118       1668     1.1573     2.6667     2.4631 0.0000e+00
     16.000    15.5738   3.958770    31.5119       1685     1.1694     2.6681     2.4624 0.0000e+00
     15.000    15.5739   3.958743    31.5119       1707     1.1849     2.6672     2.4667 0.0000e+00
     14.000    15.5743   3.958709    31.5116       1739     1.2067     2.6603     2.4713 0.0000e+00
     13.000    15.5746   3.958676    31.5115       1770     1.2286     2.6595     2.4705 0.0000e+00
     12.000    15.5757   3.958719    31.5113       1796     1.2467     2.6646     2.4716 0.0000e+00
     11.000    15.5791   3.958896    31.5107       1821     1.2636     2.6666     2.4710 0.0000e+00
     10.000    15.5829   3.959172    31.5104       1845     1.2808     2.6721     2.4688 0.0000e+00
      9.000    15.5930   3.960009    31.5101       1872     1.2994     2.6840     2.4722 0.0000e+00
      8.000    15.6122   3.961643    31.5096       1906     1.3228     2.6903     2.4775 0.0000e+00
      7.000    15.6181   3.962152    31.5098       1936     1.3436     2.6935     2.4856 0.0000e+00
      6.000    15.6194   3.962279    31.5102       1956     1.3579     2.6967     2.4923 0.0000e+00
      5.000    15.6222   3.962470    31.5100       1973     1.3696     2.6985     2.4960 0.0000e+00
      4.000    15.6352   3.963549    31.5096       1990     1.3815     2.7023     2.4960 0.0000e+00
      3.000    15.8463   3.982089    31.5055       2051     1.4235     2.7162     2.5020 0.0000e+00
      2.000    16.1728   4.011446    31.5048       2169     1.5055     2.7076     2.5170 0.0000e+00
