HB2407/CTD168.cnv
* Sea-Bird SBE 9 Data File:
* FileName = C:\cruise\data\CTD168.hex
* Software Version Seasave V 7.26.7.121
* Temperature SN = 4591
* Conductivity SN = 6006
* Number of Bytes Per Scan = 37
* Number of Voltage Words = 4
* Number of Scans Averaged by the Deck Unit = 1
* NMEA Latitude = 43 14.72 N
* NMEA Longitude = 068 39.64 W
* NMEA UTC (Time) = Oct 19 2024 22:59:57
* NMEA baud rate = 4800
** Ship: Bigelow HB2407
** Program:  Fall Bottom Trawl Survey
** Chief Scientist: John Galbraith
# nquan = 9
# nvalues = 321                         
# units = specified
# name 0 = depSM: Depth [salt water, m]
# name 1 = t090C: Temperature [ITS-90, deg C]
# name 2 = c0S/m: Conductivity [S/m]
# name 3 = sal00: Salinity, Practical [PSU]
# name 4 = scan: Scan Count
# name 5 = timeM: Time, Elapsed [minutes]
# name 6 = sbeox0V: Oxygen raw, SBE 43 [V]
# name 7 = sbeox1V: Oxygen raw, SBE 43, 2 [V]
# name 8 = flag: flag
# span 0 =      1.000,    162.000       
# span 1 =     7.8563,    12.2633       
# span 2 =   3.497331,   3.731420       
# span 3 =    32.1611,    33.8352       
# span 4 =        139,      10862       
# span 5 =     0.0957,     7.5426       
# span 6 =     1.7713,     2.6719       
# span 7 =     1.6505,     2.4688       
# span 8 = 0.0000e+00, 0.0000e+00       
# interval = meters: 1                  
# start_time = Oct 19 2024 22:59:57 [NMEA time, header]
# bad_flag = -9.990e-29
*END*
      3.000    12.2395   3.729692    32.1671        139     0.0957     2.6655     2.4597 0.0000e+00
      4.000    12.2486   3.730493    32.1666        268     0.1851     2.6708     2.4617 0.0000e+00
      5.000    12.2410   3.730081    32.1687        284     0.1967     2.6719     2.4624 0.0000e+00
      6.000    12.2335   3.729408    32.1683        308     0.2129     2.6667     2.4607 0.0000e+00
      7.000    12.2408   3.730082    32.1682        340     0.2354     2.6641     2.4622 0.0000e+00
      8.000    12.1989   3.727180    32.1758        373     0.2587     2.6601     2.4603 0.0000e+00
      9.000    12.1109   3.720756    32.1894        399     0.2767     2.6583     2.4601 0.0000e+00
     10.000    12.0824   3.718200    32.1890        423     0.2928     2.6539     2.4570 0.0000e+00
     11.000    12.0628   3.716805    32.1920        447     0.3095     2.6439     2.4500 0.0000e+00
     12.000    12.0510   3.715832    32.1924        473     0.3277     2.6340     2.4403 0.0000e+00
     13.000    12.0394   3.715000    32.1940        501     0.3475     2.6248     2.4307 0.0000e+00
     14.000    12.0308   3.714152    32.1928        640     0.4438     2.6110     2.4141 0.0000e+00
     15.000    12.0030   3.712178    32.1973        692     0.4797     2.6069     2.4129 0.0000e+00
     16.000    11.9929   3.711675    32.2008        735     0.5098     2.5989     2.4103 0.0000e+00
     17.000    11.9775   3.710608    32.2034        766     0.5314     2.5923     2.4040 0.0000e+00
     18.000    11.9752   3.710405    32.2030        791     0.5485     2.5880     2.3978 0.0000e+00
     19.000    11.9686   3.710085    32.2052        814     0.5645     2.5885     2.3916 0.0000e+00
     20.000    11.9288   3.709024    32.2290        839     0.5821     2.5868     2.3871 0.0000e+00
     21.000    11.7849   3.700341    32.2691        870     0.6032     2.5770     2.3811 0.0000e+00
     22.000    11.5618   3.687178    32.3349        901     0.6248     2.5576     2.3668 0.0000e+00
     23.000    11.3717   3.676354    32.3949        927     0.6434     2.5285     2.3452 0.0000e+00
     24.000    11.2683   3.670706    32.4300        951     0.6596     2.4985     2.3223 0.0000e+00
     25.000    11.1260   3.663141    32.4805        974     0.6758     2.4713     2.2977 0.0000e+00
     26.000    10.9866   3.654958    32.5225       1002     0.6955     2.4416     2.2703 0.0000e+00
     27.000    10.8694   3.648603    32.5631       1037     0.7197     2.4116     2.2415 0.0000e+00
     28.000    10.7059   3.639772    32.6204       1067     0.7406     2.3929     2.2214 0.0000e+00
     29.000    10.6293   3.635593    32.6468       1090     0.7565     2.3786     2.2068 0.0000e+00
     30.000    10.5776   3.632647    32.6632       1112     0.7716     2.3650     2.1949 0.0000e+00
     31.000    10.5639   3.631786    32.6664       1138     0.7894     2.3502     2.1799 0.0000e+00
     32.000    10.4235   3.624244    32.7164       1169     0.8113     2.3393     2.1652 0.0000e+00
     33.000    10.4200   3.623756    32.7142       1199     0.8321     2.3270     2.1540 0.0000e+00
     34.000    10.3259   3.618466    32.7454       1225     0.8497     2.3158     2.1455 0.0000e+00
     35.000    10.1966   3.611050    32.7870       1250     0.8674     2.3090     2.1383 0.0000e+00
     36.000    10.1275   3.606850    32.8066       1281     0.8889     2.2970     2.1281 0.0000e+00
     37.000    10.0633   3.602906    32.8245       1316     0.9130     2.2825     2.1149 0.0000e+00
     38.000     9.9240   3.595088    32.8714       1343     0.9319     2.2744     2.1048 0.0000e+00
     39.000     9.7863   3.587780    32.9221       1363     0.9461     2.2670     2.0987 0.0000e+00
     40.000     9.7216   3.584470    32.9470       1382     0.9594     2.2597     2.0936 0.0000e+00
     41.000     9.6841   3.582538    32.9612       1405     0.9753     2.2491     2.0843 0.0000e+00
     42.000     9.6577   3.581482    32.9742       1444     1.0024     2.2288     2.0658 0.0000e+00
     43.000     9.6184   3.579516    32.9897       1486     1.0314     2.2149     2.0506 0.0000e+00
     44.000     9.5601   3.576744    33.0144       1509     1.0475     2.2083     2.0445 0.0000e+00
     45.000     9.5210   3.574711    33.0291       1530     1.0616     2.2010     2.0389 0.0000e+00
     46.000     9.4930   3.573320    33.0402       1552     1.0770     2.1935     2.0328 0.0000e+00
     47.000     9.4374   3.570853    33.0657       1581     1.0971     2.1863     2.0252 0.0000e+00
     48.000     9.3914   3.568697    33.0854       1613     1.1193     2.1801     2.0169 0.0000e+00
     49.000     9.3386   3.565997    33.1061       1639     1.1373     2.1720     2.0097 0.0000e+00
     50.000     9.3216   3.564794    33.1089       1663     1.1539     2.1631     2.0024 0.0000e+00
     51.000     9.3105   3.564059    33.1112       1689     1.1721     2.1541     1.9949 0.0000e+00
     52.000     9.2545   3.561653    33.1377       1718     1.1923     2.1488     1.9886 0.0000e+00
     53.000     9.2455   3.561094    33.1399       1746     1.2121     2.1443     1.9842 0.0000e+00
     54.000     9.2396   3.560898    33.1429       1775     1.2320     2.1394     1.9791 0.0000e+00
     55.000     9.2363   3.560768    33.1442       1804     1.2524     2.1353     1.9743 0.0000e+00
     56.000     9.2360   3.560722    33.1435       1832     1.2715     2.1315     1.9713 0.0000e+00
     57.000     9.2362   3.560736    33.1430       1857     1.2886     2.1302     1.9694 0.0000e+00
     58.000     9.2285   3.560476    33.1470       1879     1.3040     2.1288     1.9679 0.0000e+00
     59.000     9.1954   3.559051    33.1625       1903     1.3206     2.1273     1.9644 0.0000e+00
     60.000     9.1699   3.557975    33.1747       1939     1.3455     2.1224     1.9621 0.0000e+00
     61.000     9.1648   3.557740    33.1765       1978     1.3731     2.1142     1.9589 0.0000e+00
     62.000     9.1626   3.557685    33.1775       2002     1.3894     2.1108     1.9549 0.0000e+00
     63.000     9.1624   3.557688    33.1773       2019     1.4017     2.1096     1.9528 0.0000e+00
     64.000     9.1618   3.557670    33.1771       2038     1.4143     2.1080     1.9505 0.0000e+00
     65.000     9.1591   3.557462    33.1771       2062     1.4313     2.1062     1.9468 0.0000e+00
     66.000     9.1585   3.557456    33.1771       2116     1.4688     2.1042     1.9440 0.0000e+00
     67.000     9.1572   3.557437    33.1777       2150     1.4926     2.1029     1.9437 0.0000e+00
     68.000     9.1557   3.557479    33.1790       2167     1.5040     2.1021     1.9445 0.0000e+00
     69.000     9.1483   3.557351    33.1841       2181     1.5141     2.1017     1.9449 0.0000e+00
     70.000     9.1275   3.556576    33.1951       2197     1.5248     2.1020     1.9451 0.0000e+00
     71.000     9.1068   3.555569    33.2034       2229     1.5472     2.0992     1.9420 0.0000e+00
     72.000     9.0918   3.554935    33.2103       2295     1.5934     2.0934     1.9354 0.0000e+00
     73.000     9.0850   3.554686    33.2136       2313     1.6059     2.0908     1.9340 0.0000e+00
     74.000     9.0671   3.554043    33.2232       2330     1.6172     2.0899     1.9315 0.0000e+00
     75.000     9.0457   3.553221    33.2341       2346     1.6286     2.0890     1.9297 0.0000e+00
     76.000     9.0299   3.552402    33.2400       2368     1.6439     2.0870     1.9286 0.0000e+00
     77.000     9.0017   3.550763    33.2487       2406     1.6699     2.0810     1.9236 0.0000e+00
     78.000     8.9493   3.547654    33.2650       2441     1.6942     2.0761     1.9191 0.0000e+00
     79.000     8.9412   3.547294    33.2684       2464     1.7102     2.0725     1.9173 0.0000e+00
     80.000     8.9321   3.546906    33.2723       2487     1.7264     2.0689     1.9138 0.0000e+00
     81.000     8.9226   3.546515    33.2767       2517     1.7473     2.0637     1.9102 0.0000e+00
     82.000     8.9099   3.546161    33.2845       2553     1.7722     2.0603     1.9083 0.0000e+00
     83.000     8.8980   3.545877    33.2922       2579     1.7900     2.0581     1.9059 0.0000e+00
     84.000     8.8888   3.545643    33.2979       2597     1.8031     2.0559     1.9038 0.0000e+00
     85.000     8.8667   3.545003    33.3115       2616     1.8157     2.0529     1.9008 0.0000e+00
     86.000     8.8443   3.544233    33.3240       2640     1.8324     2.0475     1.8977 0.0000e+00
     87.000     8.8273   3.543548    33.3323       2695     1.8708     2.0360     1.8884 0.0000e+00
     88.000     8.8024   3.542739    33.3469       2729     1.8944     2.0311     1.8823 0.0000e+00
     89.000     8.7987   3.542643    33.3488       2746     1.9061     2.0275     1.8793 0.0000e+00
     90.000     8.7972   3.542607    33.3494       2761     1.9168     2.0235     1.8767 0.0000e+00
     91.000     8.7962   3.542584    33.3496       2778     1.9283     2.0199     1.8732 0.0000e+00
     92.000     8.7957   3.542589    33.3498       2801     1.9446     2.0164     1.8700 0.0000e+00
     93.000     8.7927   3.542497    33.3511       2847     1.9766     2.0144     1.8659 0.0000e+00
     94.000     8.7890   3.542428    33.3535       2886     2.0032     2.0156     1.8644 0.0000e+00
     95.000     8.7867   3.542412    33.3550       2908     2.0186     2.0143     1.8632 0.0000e+00
     96.000     8.7827   3.542305    33.3572       2927     2.0318     2.0131     1.8619 0.0000e+00
     97.000     8.7728   3.541934    33.3621       2947     2.0458     2.0131     1.8619 0.0000e+00
     98.000     8.7696   3.541800    33.3633       2973     2.0641     2.0110     1.8614 0.0000e+00
     99.000     8.7398   3.540665    33.3789       3013     2.0918     2.0070     1.8576 0.0000e+00
    100.000     8.7397   3.540640    33.3784       3048     2.1157     2.0059     1.8558 0.0000e+00
    101.000     8.7317   3.540406    33.3829       3071     2.1318     2.0058     1.8549 0.0000e+00
    102.000     8.7250   3.540043    33.3850       3092     2.1462     2.0035     1.8540 0.0000e+00
    103.000     8.6751   3.537048    33.4002       3114     2.1617     2.0010     1.8522 0.0000e+00
    104.000     8.5877   3.532392    33.4334       3141     2.1807     1.9986     1.8491 0.0000e+00
    105.000     8.5521   3.530562    33.4473       3174     2.2033     1.9962     1.8484 0.0000e+00
    106.000     8.5467   3.530121    33.4473       3205     2.2247     1.9952     1.8496 0.0000e+00
    107.000     8.5426   3.529895    33.4484       3231     2.2429     1.9959     1.8468 0.0000e+00
    108.000     8.5419   3.529900    33.4486       3256     2.2601     1.9953     1.8459 0.0000e+00
    109.000     8.5419   3.529835    33.4475       3281     2.2775     1.9941     1.8441 0.0000e+00
    110.000     8.5412   3.529793    33.4472       3308     2.2963     1.9914     1.8436 0.0000e+00
    111.000     8.5423   3.529831    33.4461       3338     2.3175     1.9894     1.8425 0.0000e+00
    112.000     8.5402   3.530012    33.4496       3367     2.3377     1.9881     1.8414 0.0000e+00
    113.000     8.5356   3.530247    33.4559       3393     2.3554     1.9886     1.8417 0.0000e+00
    114.000     8.5361   3.530619    33.4589       3417     2.3720     1.9896     1.8412 0.0000e+00
    115.000     8.5361   3.530694    33.4592       3443     2.3905     1.9897     1.8394 0.0000e+00
    116.000     8.5361   3.530875    33.4607       3475     2.4128     1.9867     1.8369 0.0000e+00
    117.000     8.5366   3.531227    33.4634       3507     2.4347     1.9839     1.8348 0.0000e+00
    118.000     8.5371   3.531507    33.4654       3532     2.4521     1.9841     1.8341 0.0000e+00
    119.000     8.5356   3.531839    33.4699       3555     2.4677     1.9836     1.8341 0.0000e+00
    120.000     8.5336   3.532093    33.4740       3578     2.4842     1.9818     1.8327 0.0000e+00
    121.000     8.5234   3.532077    33.4830       3607     2.5045     1.9801     1.8322 0.0000e+00
    122.000     8.5052   3.531293    33.4916       3640     2.5273     1.9780     1.8295 0.0000e+00
    123.000     8.4803   3.530182    33.5030       3671     2.5487     1.9742     1.8266 0.0000e+00
    124.000     8.4521   3.528748    33.5142       3698     2.5675     1.9692     1.8235 0.0000e+00
    125.000     8.4166   3.526893    33.5278       3722     2.5841     1.9635     1.8197 0.0000e+00
    126.000     8.4082   3.526356    33.5296       3744     2.5996     1.9588     1.8160 0.0000e+00
    127.000     8.3646   3.523468    33.5402       3768     2.6157     1.9530     1.8110 0.0000e+00
    128.000     8.2920   3.518750    33.5590       3796     2.6355     1.9468     1.8024 0.0000e+00
    129.000     8.2412   3.515518    33.5727       3834     2.6618     1.9389     1.7945 0.0000e+00
    130.000     8.1479   3.510111    33.6040       3868     2.6856     1.9276     1.7863 0.0000e+00
    131.000     8.1102   3.507885    33.6159       3893     2.7027     1.9178     1.7797 0.0000e+00
    132.000     8.1003   3.507280    33.6184       3913     2.7168     1.9089     1.7741 0.0000e+00
    133.000     8.0761   3.505854    33.6260       3933     2.7308     1.9005     1.7675 0.0000e+00
    134.000     8.0348   3.503430    33.6393       3959     2.7486     1.8926     1.7589 0.0000e+00
    135.000     7.9654   3.499811    33.6669       3994     2.7729     1.8818     1.7489 0.0000e+00
    136.000     7.9614   3.500628    33.6790       4030     2.7977     1.8710     1.7384 0.0000e+00
    137.000     7.9376   3.500887    33.7041       4059     2.8180     1.8610     1.7285 0.0000e+00
    138.000     7.9033   3.498817    33.7146       4082     2.8339     1.8532     1.7213 0.0000e+00
    139.000     7.8767   3.497597    33.7267       4102     2.8482     1.8458     1.7148 0.0000e+00
    140.000     7.8598   3.497873    33.7455       4125     2.8636     1.8385     1.7075 0.0000e+00
    141.000     7.8563   3.498434    33.7544       4156     2.8852     1.8302     1.6989 0.0000e+00
    142.000     7.8603   3.501017    33.7777       4199     2.9151     1.8194     1.6882 0.0000e+00
    143.000     7.8663   3.503407    33.7972       4231     2.9375     1.8132     1.6829 0.0000e+00
    144.000     7.8612   3.504237    33.8105       4252     2.9522     1.8101     1.6798 0.0000e+00
    145.000     7.8603   3.504406    33.8127       4271     2.9654     1.8062     1.6764 0.0000e+00
    146.000     7.8594   3.504887    33.8182       4293     2.9803     1.8020     1.6728 0.0000e+00
    147.000     7.8588   3.505573    33.8257       4324     3.0024     1.7982     1.6675 0.0000e+00
    148.000     7.8587   3.505939    33.8293       4369     3.0333     1.7951     1.6625 0.0000e+00
    149.000     7.8586   3.506044    33.8300       4402     3.0562     1.7916     1.6607 0.0000e+00
    150.000     7.8587   3.506116    33.8302       4427     3.0738     1.7899     1.6603 0.0000e+00
    151.000     7.8586   3.506139    33.8300       4450     3.0899     1.7896     1.6595 0.0000e+00
    152.000     7.8587   3.506243    33.8306       4475     3.1067     1.7888     1.6581 0.0000e+00
    153.000     7.8587   3.506328    33.8310       4503     3.1266     1.7887     1.6570 0.0000e+00
    154.000     7.8586   3.506286    33.8302       4537     3.1502     1.7874     1.6563 0.0000e+00
    155.000     7.8588   3.506385    33.8306       4568     3.1718     1.7873     1.6548 0.0000e+00
    156.000     7.8589   3.506406    33.8302       4596     3.1909     1.7876     1.6551 0.0000e+00
    157.000     7.8593   3.506522    33.8306       4624     3.2101     1.7882     1.6553 0.0000e+00
    158.000     7.8596   3.506694    33.8317       4653     3.2309     1.7887     1.6535 0.0000e+00
    159.000     7.8597   3.506993    33.8343       4686     3.2533     1.7884     1.6515 0.0000e+00
    160.000     7.8598   3.507133    33.8352       4720     3.2771     1.7870     1.6506 0.0000e+00
    161.000     7.8601   3.507195    33.8352       4764     3.3074     1.7857     1.6505 0.0000e+00
    162.000     7.8610   3.507278    33.8347       4864     3.3771     1.7713     1.6509 0.0000e+00
