HB2407/CTD183.cnv
* Sea-Bird SBE 9 Data File:
* FileName = C:\cruise\data\CTD183.hex
* Software Version Seasave V 7.26.7.121
* Temperature SN = 4591
* Conductivity SN = 6006
* Number of Bytes Per Scan = 37
* Number of Voltage Words = 4
* Number of Scans Averaged by the Deck Unit = 1
* NMEA Latitude = 41 53.27 N
* NMEA Longitude = 065 47.08 W
* NMEA UTC (Time) = Oct 31 2024 10:46:36
* NMEA baud rate = 4800
** Ship: Bigelow HB2407
** Program:  Fall Bottom Trawl Survey
** Chief Scientist: John Galbraith
# nquan = 9
# nvalues = 307                         
# units = specified
# name 0 = depSM: Depth [salt water, m]
# name 1 = t090C: Temperature [ITS-90, deg C]
# name 2 = c0S/m: Conductivity [S/m]
# name 3 = sal00: Salinity, Practical [PSU]
# name 4 = scan: Scan Count
# name 5 = timeM: Time, Elapsed [minutes]
# name 6 = sbeox0V: Oxygen raw, SBE 43 [V]
# name 7 = sbeox1V: Oxygen raw, SBE 43, 2 [V]
# name 8 = flag: flag
# span 0 =      2.000,    155.000       
# span 1 =     6.9035,    14.7608       
# span 2 =   3.370744,   4.033738       
# span 3 =    31.9368,    34.6248       
# span 4 =       -123,       9331       
# span 5 =    -0.0859,     6.4789       
# span 6 =     2.0070,     2.5618       
# span 7 =     1.8761,     2.4008       
# span 8 = 0.0000e+00, 0.0000e+00       
# interval = meters: 1                  
# start_time = Oct 31 2024 10:46:36 [NMEA time, header]
# bad_flag = -9.990e-29
*END*
[from data line 161]
    147.000     8.1014   3.598831    34.5876       5208     3.6161     2.0147     1.8844 0.0000e+00
    146.000     8.1073   3.599195    34.5862       5231     3.6319     2.0173     1.8860 0.0000e+00
    145.000     8.1181   3.599786    34.5823       5264     3.6551     2.0212     1.8876 0.0000e+00
    144.000     8.1254   3.600173    34.5798       5303     3.6822     2.0222     1.8901 0.0000e+00
    143.000     8.1855   3.604165    34.5636       5327     3.6988     2.0229     1.8908 0.0000e+00
    142.000     8.2197   3.607040    34.5612       5345     3.7114     2.0247     1.8917 0.0000e+00
    141.000     8.2345   3.608148    34.5589       5362     3.7233     2.0265     1.8926 0.0000e+00
    140.000     8.2454   3.609172    34.5596       5381     3.7362     2.0268     1.8940 0.0000e+00
    139.000     8.2498   3.609603    34.5604       5409     3.7553     2.0277     1.8969 0.0000e+00
    138.000     8.2486   3.609679    34.5628       5457     3.7887     2.0302     1.8996 0.0000e+00
    137.000     8.2527   3.609852    34.5611       5485     3.8086     2.0307     1.8993 0.0000e+00
    136.000     8.2602   3.610239    34.5584       5503     3.8210     2.0306     1.8999 0.0000e+00
    135.000     8.2723   3.610743    34.5523       5520     3.8327     2.0305     1.9004 0.0000e+00
    134.000     8.2833   3.611261    34.5474       5538     3.8454     2.0314     1.9011 0.0000e+00
    133.000     8.3004   3.612058    34.5396       5561     3.8613     2.0332     1.9023 0.0000e+00
    132.000     8.3235   3.613464    34.5324       5596     3.8855     2.0366     1.9036 0.0000e+00
    131.000     8.3473   3.614925    34.5251       5638     3.9145     2.0391     1.9059 0.0000e+00
    130.000     8.3817   3.616860    34.5124       5662     3.9315     2.0383     1.9068 0.0000e+00
    129.000     8.4000   3.617558    34.5024       5682     3.9453     2.0379     1.9072 0.0000e+00
    128.000     8.4076   3.617356    34.4932       5703     3.9597     2.0371     1.9086 0.0000e+00
    127.000     8.4080   3.616196    34.4810       5729     3.9779     2.0377     1.9094 0.0000e+00
    126.000     8.4079   3.614746    34.4662       5757     3.9974     2.0410     1.9085 0.0000e+00
    125.000     8.4092   3.613748    34.4548       5782     4.0143     2.0435     1.9101 0.0000e+00
    124.000     8.4091   3.612963    34.4471       5805     4.0308     2.0469     1.9114 0.0000e+00
    123.000     8.4016   3.611235    34.4365       5831     4.0484     2.0495     1.9144 0.0000e+00
    122.000     8.3742   3.605873    34.4069       5862     4.0700     2.0532     1.9174 0.0000e+00
    121.000     8.3534   3.602226    34.3890       5900     4.0962     2.0597     1.9219 0.0000e+00
    120.000     8.3218   3.597471    34.3697       5925     4.1136     2.0634     1.9254 0.0000e+00
    119.000     8.3042   3.595007    34.3612       5943     4.1267     2.0662     1.9285 0.0000e+00
    118.000     8.2771   3.591619    34.3521       5961     4.1391     2.0680     1.9311 0.0000e+00
    117.000     8.2458   3.587111    34.3352       5983     4.1544     2.0699     1.9351 0.0000e+00
    116.000     8.1786   3.576825    34.2917       6025     4.1832     2.0751     1.9397 0.0000e+00
    115.000     8.1302   3.570332    34.2702       6065     4.2109     2.0846     1.9449 0.0000e+00
    114.000     8.1046   3.566498    34.2548       6084     4.2244     2.0876     1.9490 0.0000e+00
    113.000     8.0999   3.565767    34.2520       6101     4.2362     2.0901     1.9516 0.0000e+00
    112.000     8.0859   3.563976    34.2471       6120     4.2491     2.0935     1.9542 0.0000e+00
    111.000     8.0165   3.554685    34.2159       6152     4.2713     2.0961     1.9601 0.0000e+00
    110.000     7.9635   3.547442    34.1907       6196     4.3024     2.1021     1.9663 0.0000e+00
    109.000     7.9225   3.542050    34.1733       6219     4.3179     2.1040     1.9691 0.0000e+00
    108.000     7.9096   3.540076    34.1653       6236     4.3302     2.1051     1.9703 0.0000e+00
    107.000     7.9008   3.538768    34.1603       6256     4.3438     2.1076     1.9715 0.0000e+00
    106.000     7.8804   3.535902    34.1500       6290     4.3671     2.1099     1.9734 0.0000e+00
    105.000     7.8318   3.529711    34.1314       6332     4.3968     2.1122     1.9744 0.0000e+00
    104.000     7.7909   3.523883    34.1092       6354     4.4121     2.1130     1.9734 0.0000e+00
    103.000     7.7731   3.521128    34.0975       6374     4.4254     2.1151     1.9740 0.0000e+00
    102.000     7.7624   3.519538    34.0913       6395     4.4400     2.1178     1.9763 0.0000e+00
    101.000     7.7385   3.516314    34.0804       6424     4.4606     2.1203     1.9798 0.0000e+00
    100.000     7.7586   3.516878    34.0673       6460     4.4857     2.1221     1.9834 0.0000e+00
     99.000     7.8548   3.522681    34.0363       6485     4.5028     2.1245     1.9845 0.0000e+00
     98.000     7.8800   3.525076    34.0379       6510     4.5201     2.1304     1.9875 0.0000e+00
     97.000     7.8826   3.525210    34.0373       6538     4.5398     2.1380     1.9917 0.0000e+00
     96.000     7.8753   3.524231    34.0345       6564     4.5575     2.1424     1.9961 0.0000e+00
     95.000     7.8577   3.522538    34.0339       6587     4.5737     2.1448     1.9999 0.0000e+00
     94.000     7.6715   3.501287    33.9872       6616     4.5938     2.1442     2.0025 0.0000e+00
     93.000     7.5675   3.489324    33.9600       6651     4.6179     2.1400     2.0001 0.0000e+00
     92.000     7.3013   3.457869    33.8797       6673     4.6337     2.1398     2.0003 0.0000e+00
     91.000     7.2684   3.451294    33.8407       6692     4.6463     2.1356     2.0005 0.0000e+00
     90.000     7.2637   3.449561    33.8269       6712     4.6603     2.1351     1.9994 0.0000e+00
     89.000     7.2540   3.447086    33.8100       6740     4.6801     2.1416     2.0001 0.0000e+00
     88.000     7.2659   3.447420    33.8024       6775     4.7044     2.1496     2.0048 0.0000e+00
     87.000     7.2815   3.447565    33.7893       6812     4.7295     2.1547     2.0101 0.0000e+00
     86.000     7.2872   3.447787    33.7865       6838     4.7479     2.1575     2.0132 0.0000e+00
     85.000     7.3114   3.448921    33.7758       6856     4.7604     2.1598     2.0158 0.0000e+00
     84.000     7.4274   3.459590    33.7790       6872     4.7718     2.1612     2.0178 0.0000e+00
     83.000     7.5920   3.475886    33.7958       6891     4.7848     2.1654     2.0216 0.0000e+00
     82.000     7.7447   3.491906    33.8207       6929     4.8110     2.1788     2.0310 0.0000e+00
     81.000     7.7750   3.493072    33.8044       6980     4.8463     2.1875     2.0403 0.0000e+00
     80.000     7.9191   3.507349    33.8185       7001     4.8612     2.1893     2.0429 0.0000e+00
     79.000     7.8845   3.504126    33.8179       7019     4.8734     2.1937     2.0468 0.0000e+00
     78.000     7.8926   3.504209    33.8114       7036     4.8854     2.1973     2.0504 0.0000e+00
     77.000     8.0291   3.517032    33.8172       7059     4.9011     2.2008     2.0531 0.0000e+00
     76.000     8.2308   3.538139    33.8481       7095     4.9263     2.2132     2.0599 0.0000e+00
     75.000     8.2837   3.543314    33.8527       7129     4.9503     2.2202     2.0688 0.0000e+00
     74.000     8.1176   3.524017    33.8078       7157     4.9692     2.2234     2.0737 0.0000e+00
     73.000     8.0589   3.516518    33.7848       7186     4.9893     2.2225     2.0765 0.0000e+00
     72.000     7.9596   3.505930    33.7680       7214     5.0089     2.2260     2.0815 0.0000e+00
     71.000     7.7907   3.486791    33.7264       7240     5.0269     2.2300     2.0854 0.0000e+00
     70.000     7.6529   3.471003    33.6902       7266     5.0448     2.2315     2.0858 0.0000e+00
     69.000     7.4272   3.443103    33.6077       7294     5.0644     2.2342     2.0887 0.0000e+00
     68.000     7.3185   3.428904    33.5594       7327     5.0874     2.2316     2.0920 0.0000e+00
     67.000     6.9715   3.383915    33.4057       7355     5.1071     2.2364     2.0943 0.0000e+00
     66.000     6.9345   3.374471    33.3385       7378     5.1228     2.2391     2.0910 0.0000e+00
     65.000     6.9480   3.373263    33.3127       7401     5.1386     2.2419     2.0913 0.0000e+00
     64.000     6.9630   3.373501    33.3013       7436     5.1632     2.2531     2.1029 0.0000e+00
     63.000     6.9643   3.373042    33.2955       7484     5.1965     2.2727     2.1178 0.0000e+00
     62.000     7.0001   3.373113    33.2621       7507     5.2126     2.2782     2.1233 0.0000e+00
     61.000     7.2142   3.390527    33.2461       7526     5.2255     2.2817     2.1275 0.0000e+00
     60.000     7.4558   3.408407    33.2088       7546     5.2398     2.2922     2.1342 0.0000e+00
     59.000     7.6206   3.422723    33.2062       7576     5.2602     2.3108     2.1468 0.0000e+00
     58.000     7.6684   3.425765    33.1938       7611     5.2844     2.3272     2.1603 0.0000e+00
     57.000     7.6463   3.419695    33.1500       7642     5.3064     2.3355     2.1712 0.0000e+00
     56.000     7.5686   3.407842    33.0969       7672     5.3270     2.3351     2.1779 0.0000e+00
     55.000     7.5800   3.406255    33.0693       7698     5.3451     2.3360     2.1810 0.0000e+00
     54.000     7.5807   3.405005    33.0557       7722     5.3618     2.3401     2.1834 0.0000e+00
     53.000     7.5569   3.402032    33.0467       7747     5.3789     2.3435     2.1881 0.0000e+00
     52.000     7.5249   3.397654    33.0305       7779     5.4013     2.3453     2.1927 0.0000e+00
     51.000     7.5043   3.394802    33.0198       7810     5.4229     2.3495     2.1955 0.0000e+00
     50.000     7.5066   3.393793    33.0072       7833     5.4387     2.3536     2.1967 0.0000e+00
     49.000     7.5572   3.397503    32.9995       7855     5.4543     2.3577     2.1973 0.0000e+00
     48.000     7.7388   3.411497    32.9783       7885     5.4748     2.3640     2.1993 0.0000e+00
     47.000     7.9754   3.427474    32.9267       7923     5.5012     2.3714     2.2068 0.0000e+00
     46.000     8.9111   3.501409    32.8332       7948     5.5190     2.3768     2.2095 0.0000e+00
     45.000     9.0663   3.519180    32.8751       7967     5.5319     2.3978     2.2208 0.0000e+00
     44.000     9.2351   3.534251    32.8759       7984     5.5439     2.4165     2.2339 0.0000e+00
     43.000     9.6416   3.572082    32.8921       8006     5.5591     2.4319     2.2463 0.0000e+00
     42.000    10.8196   3.683971    32.9532       8062     5.5978     2.4681     2.2770 0.0000e+00
     41.000    11.9408   3.788091    32.9754       8096     5.6216     2.4935     2.2966 0.0000e+00
     40.000    12.5823   3.844602    32.9545       8113     5.6331     2.5045     2.3071 0.0000e+00
     39.000    12.9466   3.879728    32.9707       8130     5.6453     2.5244     2.3227 0.0000e+00
     38.000    13.5365   3.931481    32.9465       8151     5.6601     2.5412     2.3383 0.0000e+00
     37.000    14.0842   3.977006    32.8996       8179     5.6794     2.5524     2.3502 0.0000e+00
     36.000    14.3095   3.984910    32.7813       8212     5.7022     2.5430     2.3574 0.0000e+00
     35.000    14.5686   3.985534    32.5684       8257     5.7333     2.5270     2.3510 0.0000e+00
     34.000    14.4003   3.936495    32.2622       8292     5.7575     2.5257     2.3475 0.0000e+00
     33.000    14.2645   3.913276    32.1633       8309     5.7692     2.5222     2.3455 0.0000e+00
     32.000    14.1895   3.901446    32.1177       8323     5.7790     2.5174     2.3447 0.0000e+00
     31.000    14.1008   3.885902    32.0492       8337     5.7888     2.5143     2.3458 0.0000e+00
     30.000    14.0897   3.879054    31.9959       8355     5.8013     2.5132     2.3484 0.0000e+00
     29.000    14.1161   3.879185    31.9756       8426     5.8509     2.5250     2.3643 0.0000e+00
     28.000    14.1312   3.880346    31.9741       8461     5.8752     2.5323     2.3702 0.0000e+00
     27.000    14.1102   3.877248    31.9635       8472     5.8824     2.5339     2.3701 0.0000e+00
     26.000    14.0909   3.874223    31.9520       8483     5.8902     2.5351     2.3713 0.0000e+00
     25.000    14.0766   3.871705    31.9412       8496     5.8991     2.5373     2.3738 0.0000e+00
     24.000    14.0743   3.870981    31.9368       8535     5.9262     2.5452     2.3773 0.0000e+00
     23.000    14.0682   3.870383    31.9368       8606     5.9758     2.5496     2.3847 0.0000e+00
     22.000    14.0700   3.870598    31.9377       8623     5.9875     2.5503     2.3837 0.0000e+00
     21.000    14.0693   3.870620    31.9389       8638     5.9981     2.5515     2.3831 0.0000e+00
     20.000    14.0699   3.870728    31.9397       8653     6.0086     2.5522     2.3820 0.0000e+00
     19.000    14.0727   3.870961    31.9399       8671     6.0207     2.5519     2.3835 0.0000e+00
     18.000    14.0721   3.870922    31.9405       8704     6.0435     2.5546     2.3849 0.0000e+00
     17.000    14.0693   3.870666    31.9408       8756     6.0798     2.5566     2.3867 0.0000e+00
     16.000    14.0696   3.870670    31.9410       8777     6.0943     2.5532     2.3872 0.0000e+00
     15.000    14.0694   3.870653    31.9414       8796     6.1076     2.5494     2.3860 0.0000e+00
     14.000    14.0711   3.870771    31.9415       8819     6.1239     2.5490     2.3880 0.0000e+00
     13.000    14.0703   3.870754    31.9423       8858     6.1506     2.5512     2.3921 0.0000e+00
     12.000    14.0682   3.870442    31.9416       8889     6.1724     2.5493     2.3941 0.0000e+00
     11.000    14.0668   3.870287    31.9417       8910     6.1869     2.5499     2.3932 0.0000e+00
     10.000    14.0666   3.870208    31.9415       8930     6.2005     2.5526     2.3919 0.0000e+00
      9.000    14.0669   3.870210    31.9417       8953     6.2169     2.5521     2.3945 0.0000e+00
      8.000    14.0668   3.870255    31.9426       8990     6.2421     2.5529     2.3943 0.0000e+00
      7.000    14.0677   3.870334    31.9430       9024     6.2661     2.5540     2.3907 0.0000e+00
      6.000    14.0711   3.870805    31.9449       9046     6.2813     2.5528     2.3908 0.0000e+00
      5.000    14.0742   3.871137    31.9457       9066     6.2952     2.5532     2.3927 0.0000e+00
      4.000    14.0764   3.871429    31.9470       9108     6.3245     2.5552     2.3932 0.0000e+00
      3.000    14.0776   3.871430    31.9464       9203     6.3905     2.5524     2.3946 0.0000e+00
      2.000    14.0771   3.871387    31.9468       9331     6.4789     2.5618     2.3930 0.0000e+00
