HB2407/CTD150.cnv
* Sea-Bird SBE 9 Data File:
* FileName = C:\cruise\data\CTD150.hex
* Software Version Seasave V 7.26.7.121
* Temperature SN = 4591
* Conductivity SN = 6006
* Number of Bytes Per Scan = 37
* Number of Voltage Words = 4
* Number of Scans Averaged by the Deck Unit = 1
* NMEA Latitude = 41 41.76 N
* NMEA Longitude = 069 37.95 W
* NMEA UTC (Time) = Oct 15 2024 02:22:00
* NMEA baud rate = 4800
** Ship: Bigelow HB2407
** Program:  Fall Bottom Trawl Survey
** Chief Scientist: John Galbraith
# nquan = 9
# nvalues = 223                         
# units = specified
# name 0 = depSM: Depth [salt water, m]
# name 1 = t090C: Temperature [ITS-90, deg C]
# name 2 = c0S/m: Conductivity [S/m]
# name 3 = sal00: Salinity, Practical [PSU]
# name 4 = scan: Scan Count
# name 5 = timeM: Time, Elapsed [minutes]
# name 6 = sbeox0V: Oxygen raw, SBE 43 [V]
# name 7 = sbeox1V: Oxygen raw, SBE 43, 2 [V]
# name 8 = flag: flag
# span 0 =      3.000,    114.000       
# span 1 =     7.4648,    15.2421       
# span 2 =   3.394070,   3.961281       
# span 3 =    31.7966,    33.0545       
# span 4 =         94,       7910       
# span 5 =     0.0649,     5.4926       
# span 6 =     1.8563,     2.5502       
# span 7 =     1.7145,     2.3554       
# span 8 = 0.0000e+00, 0.0000e+00       
# interval = meters: 1                  
# start_time = Oct 15 2024 02:22:00 [NMEA time, header]
# bad_flag = -9.990e-29
*END*
[from data line 161]
     64.000     9.7331   3.528906    32.3591       5409     3.7556     2.0708     1.9076 0.0000e+00
     63.000     9.7894   3.532550    32.3460       5444     3.7801     2.0729     1.9136 0.0000e+00
     62.000     9.8320   3.535562    32.3388       5473     3.8000     2.0771     1.9176 0.0000e+00
     61.000     9.8975   3.539866    32.3243       5497     3.8168     2.0822     1.9196 0.0000e+00
     60.000     9.9346   3.542505    32.3183       5521     3.8330     2.0861     1.9218 0.0000e+00
     59.000     9.9668   3.544327    32.3084       5554     3.8561     2.0911     1.9261 0.0000e+00
     58.000     9.9679   3.541620    32.2804       5594     3.8843     2.0938     1.9300 0.0000e+00
     57.000     9.8235   3.520181    32.1924       5620     3.9019     2.0923     1.9317 0.0000e+00
     56.000     9.8224   3.516967    32.1612       5639     3.9151     2.0887     1.9315 0.0000e+00
     55.000     9.8417   3.517236    32.1471       5656     3.9272     2.0845     1.9294 0.0000e+00
     54.000     9.8492   3.517121    32.1397       5675     3.9405     2.0812     1.9266 0.0000e+00
     53.000     9.8512   3.517091    32.1381       5703     3.9601     2.0767     1.9212 0.0000e+00
     52.000     9.8523   3.516080    32.1272       5751     3.9930     2.0695     1.9144 0.0000e+00
     51.000     9.8637   3.516525    32.1220       5782     4.0144     2.0683     1.9139 0.0000e+00
     50.000     9.9202   3.520270    32.1102       5801     4.0279     2.0674     1.9120 0.0000e+00
     49.000    10.0262   3.528681    32.1015       5820     4.0409     2.0710     1.9119 0.0000e+00
     48.000    10.1072   3.536549    32.1095       5842     4.0562     2.0756     1.9122 0.0000e+00
     47.000    10.3578   3.556554    32.0894       5874     4.0783     2.0821     1.9146 0.0000e+00
     46.000    10.4454   3.565717    32.1044       5912     4.1050     2.0902     1.9226 0.0000e+00
     45.000    10.8890   3.600873    32.0650       5941     4.1248     2.0954     1.9280 0.0000e+00
     44.000    11.3075   3.641797    32.1035       5966     4.1421     2.1093     1.9349 0.0000e+00
     43.000    11.5705   3.668745    32.1389       5990     4.1590     2.1332     1.9475 0.0000e+00
     42.000    11.8364   3.692039    32.1353       6013     4.1750     2.1611     1.9624 0.0000e+00
     41.000    12.2398   3.730129    32.1554       6036     4.1911     2.1919     1.9810 0.0000e+00
     40.000    12.6821   3.771639    32.1733       6066     4.2118     2.2268     2.0095 0.0000e+00
     39.000    12.9250   3.796131    32.1989       6105     4.2391     2.2665     2.0536 0.0000e+00
     38.000    13.5113   3.838575    32.1015       6137     4.2612     2.2869     2.0851 0.0000e+00
     37.000    13.8277   3.860585    32.0412       6161     4.2778     2.3140     2.1080 0.0000e+00
     36.000    13.9581   3.870359    32.0230       6183     4.2928     2.3491     2.1308 0.0000e+00
     35.000    14.1202   3.880539    31.9823       6205     4.3083     2.3807     2.1573 0.0000e+00
     34.000    14.2831   3.890982    31.9435       6231     4.3261     2.4053     2.1820 0.0000e+00
     33.000    14.3500   3.895557    31.9304       6260     4.3467     2.4225     2.2091 0.0000e+00
     32.000    14.4064   3.898857    31.9144       6291     4.3680     2.4298     2.2305 0.0000e+00
     31.000    14.4989   3.905291    31.8973       6322     4.3896     2.4393     2.2425 0.0000e+00
     30.000    14.5284   3.907494    31.8934       6350     4.4091     2.4501     2.2502 0.0000e+00
     29.000    14.5545   3.909277    31.8886       6372     4.4245     2.4546     2.2559 0.0000e+00
     28.000    14.5966   3.912097    31.8800       6392     4.4384     2.4582     2.2617 0.0000e+00
     27.000    14.6461   3.915573    31.8714       6415     4.4542     2.4648     2.2672 0.0000e+00
     26.000    14.7259   3.921110    31.8565       6448     4.4773     2.4757     2.2723 0.0000e+00
     25.000    14.7421   3.922562    31.8568       6484     4.5024     2.4779     2.2782 0.0000e+00
     24.000    14.7979   3.926078    31.8433       6508     4.5191     2.4843     2.2861 0.0000e+00
     23.000    14.8251   3.928329    31.8417       6532     4.5356     2.4913     2.2912 0.0000e+00
     22.000    14.8427   3.929929    31.8422       6562     4.5563     2.4980     2.2934 0.0000e+00
     21.000    14.8779   3.932222    31.8346       6592     4.5772     2.5032     2.2968 0.0000e+00
     20.000    14.8975   3.933758    31.8328       6616     4.5937     2.5031     2.3013 0.0000e+00
     19.000    14.9284   3.936066    31.8288       6640     4.6106     2.5054     2.3040 0.0000e+00
     18.000    14.9602   3.938610    31.8262       6673     4.6330     2.5095     2.3024 0.0000e+00
     17.000    14.9723   3.939345    31.8233       6704     4.6547     2.5123     2.3047 0.0000e+00
     16.000    14.9979   3.941195    31.8194       6727     4.6710     2.5144     2.3103 0.0000e+00
     15.000    15.0161   3.942609    31.8177       6751     4.6873     2.5103     2.3161 0.0000e+00
     14.000    15.0535   3.945386    31.8127       6784     4.7101     2.5132     2.3186 0.0000e+00
     13.000    15.0943   3.948447    31.8073       6824     4.7380     2.5201     2.3158 0.0000e+00
     12.000    15.1492   3.952856    31.8027       6852     4.7577     2.5241     2.3206 0.0000e+00
     11.000    15.1714   3.954642    31.8010       6876     4.7743     2.5269     2.3265 0.0000e+00
     10.000    15.1848   3.955313    31.7966       6899     4.7903     2.5313     2.3314 0.0000e+00
      9.000    15.2421   3.961281    31.8039       7321     5.0832     2.5461     2.3510 0.0000e+00
      8.000    15.2294   3.960312    31.8058       7617     5.2890     2.5467     2.3463 0.0000e+00
      7.000    15.2297   3.960340    31.8062       7689     5.3387     2.5492     2.3489 0.0000e+00
      6.000    15.2260   3.960005    31.8066       7735     5.3708     2.5502     2.3478 0.0000e+00
      5.000    15.2217   3.959594    31.8068       7802     5.4174     2.5428     2.3497 0.0000e+00
      4.000    15.2210   3.959478    31.8067       7864     5.4608     2.5442     2.3510 0.0000e+00
      3.000    15.2209   3.959488    31.8072       7910     5.4926     2.5404     2.3474 0.0000e+00
