HB2407/CTD114.cnv
* Sea-Bird SBE 9 Data File:
* FileName = C:\cruise\data\CTD114.hex
* Software Version Seasave V 7.26.7.121
* Temperature SN = 4591
* Conductivity SN = 6006
* Number of Bytes Per Scan = 37
* Number of Voltage Words = 4
* Number of Scans Averaged by the Deck Unit = 1
* NMEA Latitude = 40 08.16 N
* NMEA Longitude = 071 05.76 W
* NMEA UTC (Time) = Oct 07 2024 16:56:53
* NMEA baud rate = 4800
** Ship: Bigelow HB2407
** Program:  Fall Bottom Trawl Survey
** Chief Scientist: John Galbraith
# nquan = 9
# nvalues = 287                         
# units = specified
# name 0 = depSM: Depth [salt water, m]
# name 1 = t090C: Temperature [ITS-90, deg C]
# name 2 = c0S/m: Conductivity [S/m]
# name 3 = sal00: Salinity, Practical [PSU]
# name 4 = scan: Scan Count
# name 5 = timeM: Time, Elapsed [minutes]
# name 6 = sbeox0V: Oxygen raw, SBE 43 [V]
# name 7 = sbeox1V: Oxygen raw, SBE 43, 2 [V]
# name 8 = flag: flag
# span 0 =      1.000,    145.000       
# span 1 =    14.7780,    25.5280       
# span 2 =   4.360733,   5.527594       
# span 3 =    34.8053,    36.6669       
# span 4 =        121,       9798       
# span 5 =     0.0835,     6.8032       
# span 6 =     1.8185,     2.5566       
# span 7 =     1.6846,     2.3589       
# span 8 = 0.0000e+00, 0.0000e+00       
# interval = meters: 1                  
# start_time = Oct 07 2024 16:56:53 [NMEA time, header]
# bad_flag = -9.990e-29
*END*
      3.000    25.0234   5.409312    35.7402        121     0.0835     2.5324     2.3555 0.0000e+00
      4.000    25.0249   5.409534    35.7403        340     0.2351     2.5352     2.3579 0.0000e+00
      5.000    25.0312   5.410103    35.7393        341     0.2361     2.5351     2.3558 0.0000e+00
      6.000    25.0351   5.410639    35.7398        360     0.2493     2.5402     2.3558 0.0000e+00
      7.000    25.0302   5.410062    35.7391        384     0.2660     2.5384     2.3568 0.0000e+00
      8.000    25.0315   5.410241    35.7391        414     0.2870     2.5328     2.3540 0.0000e+00
      9.000    25.0378   5.411056    35.7398        440     0.3051     2.5356     2.3525 0.0000e+00
     10.000    25.0423   5.412045    35.7433        465     0.3223     2.5315     2.3533 0.0000e+00
     11.000    25.0481   5.412753    35.7436        493     0.3415     2.5337     2.3562 0.0000e+00
     12.000    25.0562   5.413882    35.7453        524     0.3630     2.5351     2.3520 0.0000e+00
     13.000    25.0487   5.412957    35.7441        555     0.3847     2.5316     2.3551 0.0000e+00
     14.000    25.0440   5.412487    35.7439        682     0.4727     2.5335     2.3589 0.0000e+00
     15.000    25.0415   5.412235    35.7438        758     0.5255     2.5300     2.3534 0.0000e+00
     16.000    25.0400   5.412152    35.7440        793     0.5501     2.5308     2.3540 0.0000e+00
     17.000    25.0404   5.412216    35.7438        821     0.5691     2.5371     2.3538 0.0000e+00
     18.000    25.0445   5.412679    35.7437        843     0.5845     2.5378     2.3506 0.0000e+00
     19.000    25.0501   5.413277    35.7433        869     0.6026     2.5349     2.3517 0.0000e+00
     20.000    25.0522   5.413615    35.7439        905     0.6275     2.5307     2.3535 0.0000e+00
     21.000    25.0567   5.414243    35.7447        940     0.6520     2.5367     2.3469 0.0000e+00
     22.000    25.0551   5.413934    35.7433        963     0.6684     2.5362     2.3401 0.0000e+00
     23.000    25.0571   5.414270    35.7439        986     0.6840     2.5346     2.3354 0.0000e+00
     24.000    25.0635   5.415397    35.7469       1015     0.7043     2.5331     2.3452 0.0000e+00
     25.000    25.0656   5.415768    35.7477       1048     0.7274     2.5299     2.3476 0.0000e+00
     26.000    25.0700   5.416641    35.7503       1075     0.7461     2.5274     2.3508 0.0000e+00
     27.000    25.0726   5.417185    35.7520       1098     0.7619     2.5266     2.3511 0.0000e+00
     28.000    25.0790   5.418351    35.7553       1120     0.7771     2.5254     2.3504 0.0000e+00
     29.000    25.0778   5.418610    35.7578       1144     0.7936     2.5204     2.3512 0.0000e+00
     30.000    25.0910   5.421795    35.7708       1175     0.8156     2.5178     2.3439 0.0000e+00
     31.000    25.1171   5.427780    35.7942       1211     0.8400     2.5253     2.3469 0.0000e+00
     32.000    25.1304   5.430717    35.8052       1234     0.8563     2.5236     2.3472 0.0000e+00
     33.000    25.1484   5.435381    35.8253       1255     0.8711     2.5236     2.3505 0.0000e+00
     34.000    25.1553   5.438183    35.8403       1285     0.8915     2.5230     2.3455 0.0000e+00
     35.000    25.1883   5.448136    35.8877       1326     0.9200     2.5278     2.3483 0.0000e+00
     36.000    25.2586   5.463831    35.9480       1352     0.9379     2.5266     2.3495 0.0000e+00
     37.000    25.2657   5.464987    35.9506       1371     0.9512     2.5299     2.3522 0.0000e+00
     38.000    25.2763   5.467103    35.9576       1390     0.9646     2.5268     2.3465 0.0000e+00
     39.000    25.2840   5.468983    35.9650       1412     0.9795     2.5248     2.3460 0.0000e+00
     40.000    25.2700   5.467731    35.9666       1438     0.9979     2.5243     2.3411 0.0000e+00
     41.000    25.2727   5.469452    35.9769       1473     1.0221     2.5245     2.3395 0.0000e+00
     42.000    25.3134   5.476806    35.9987       1510     1.0481     2.5308     2.3466 0.0000e+00
     43.000    25.3647   5.487660    36.0380       1545     1.0722     2.5322     2.3457 0.0000e+00
     44.000    25.3109   5.483478    36.0495       1573     1.0917     2.5278     2.3468 0.0000e+00
     45.000    25.4661   5.514163    36.1528       1593     1.1057     2.5177     2.3475 0.0000e+00
     46.000    25.5280   5.527594    36.2023       1610     1.1174     2.5195     2.3448 0.0000e+00
     47.000    25.3097   5.500590    36.1760       1628     1.1300     2.5177     2.3389 0.0000e+00
     48.000    24.1236   5.333743    35.8748       1655     1.1488     2.5059     2.3321 0.0000e+00
     49.000    23.6837   5.271556    35.7574       1696     1.1769     2.4895     2.3211 0.0000e+00
     50.000    23.5973   5.261650    35.7511       1725     1.1971     2.5111     2.3409 0.0000e+00
     51.000    23.5033   5.254005    35.7681       1750     1.2144     2.5167     2.3477 0.0000e+00
     52.000    23.2816   5.229124    35.7563       1780     1.2352     2.5216     2.3491 0.0000e+00
     53.000    22.7031   5.154255    35.6473       1811     1.2573     2.5100     2.3405 0.0000e+00
     54.000    22.4987   5.127798    35.6076       1838     1.2754     2.4948     2.3220 0.0000e+00
     55.000    22.6318   5.156233    35.7201       1860     1.2912     2.4870     2.3151 0.0000e+00
     56.000    23.0475   5.243899    36.0600       1882     1.3065     2.4887     2.3161 0.0000e+00
     57.000    22.0634   5.130015    35.9825       1907     1.3239     2.4783     2.3135 0.0000e+00
     58.000    21.6715   5.081081    35.9210       1950     1.3533     2.3906     2.2459 0.0000e+00
     59.000    21.2281   5.024359    35.8384       1991     1.3819     2.3506     2.1993 0.0000e+00
     60.000    20.8064   4.970394    35.7573       2014     1.3976     2.3415     2.1872 0.0000e+00
     61.000    20.5456   4.939974    35.7300       2033     1.4113     2.3294     2.1776 0.0000e+00
     62.000    20.5004   4.939088    35.7605       2054     1.4258     2.3185     2.1668 0.0000e+00
     63.000    20.8003   4.984110    35.8724       2079     1.4431     2.3063     2.1586 0.0000e+00
     64.000    20.8555   4.992329    35.8919       2112     1.4660     2.2951     2.1445 0.0000e+00
     65.000    20.5348   4.946458    35.7903       2149     1.4919     2.2777     2.1237 0.0000e+00
     66.000    20.0756   4.882962    35.6595       2178     1.5122     2.2685     2.1120 0.0000e+00
     67.000    18.5473   4.680646    35.2747       2200     1.5274     2.2656     2.1070 0.0000e+00
     68.000    16.8696   4.469386    34.9068       2222     1.5427     2.2432     2.0961 0.0000e+00
     69.000    16.4658   4.421367    34.8378       2250     1.5619     2.2285     2.0862 0.0000e+00
     70.000    16.5485   4.434639    34.8824       2285     1.5858     2.2660     2.1161 0.0000e+00
     71.000    16.5476   4.433170    34.8698       2316     1.6076     2.2812     2.1308 0.0000e+00
     72.000    16.9923   4.496146    35.0326       2342     1.6256     2.2823     2.1216 0.0000e+00
     73.000    17.5837   4.582422    35.2676       2369     1.6442     2.2944     2.1236 0.0000e+00
     74.000    18.3566   4.702268    35.6216       2401     1.6667     2.2843     2.1190 0.0000e+00
     75.000    18.6224   4.743888    35.7444       2433     1.6886     2.2566     2.0937 0.0000e+00
     76.000    18.9830   4.797528    35.8823       2459     1.7068     2.2059     2.0540 0.0000e+00
     77.000    19.7209   4.908698    36.1716       2483     1.7236     2.1783     2.0236 0.0000e+00
     78.000    20.2155   4.986893    36.3879       2508     1.7411     2.1581     2.0056 0.0000e+00
     79.000    20.4426   5.024519    36.5005       2535     1.7596     2.1131     1.9643 0.0000e+00
     80.000    20.4416   5.025130    36.5060       2561     1.7780     2.0543     1.9160 0.0000e+00
     81.000    20.4416   5.025897    36.5118       2593     1.7999     2.0078     1.8680 0.0000e+00
     82.000    20.4393   5.026180    36.5158       2632     1.8268     1.9842     1.8409 0.0000e+00
     83.000    20.4737   5.031849    36.5320       2660     1.8464     1.9766     1.8342 0.0000e+00
     84.000    20.6041   5.052848    36.5903       2682     1.8617     1.9763     1.8272 0.0000e+00
     85.000    20.6196   5.055801    36.6006       2708     1.8798     1.9724     1.8271 0.0000e+00
     86.000    20.6423   5.060520    36.6192       2741     1.9025     1.9628     1.8192 0.0000e+00
     87.000    20.6535   5.065358    36.6485       2769     1.9220     1.9570     1.8102 0.0000e+00
     88.000    20.5973   5.061207    36.6629       2796     1.9407     1.9487     1.8084 0.0000e+00
     89.000    20.5407   5.055738    36.6669       2830     1.9645     1.9392     1.8007 0.0000e+00
     90.000    20.4636   5.046419    36.6572       2861     1.9863     1.9284     1.7944 0.0000e+00
     91.000    20.1100   5.001332    36.5938       2885     2.0027     1.9207     1.7864 0.0000e+00
     92.000    19.6683   4.947312    36.5320       2910     2.0201     1.9080     1.7767 0.0000e+00
     93.000    19.5370   4.931833    36.5177       2940     2.0407     1.8980     1.7688 0.0000e+00
     94.000    19.5052   4.928154    36.5146       2966     2.0592     1.8931     1.7647 0.0000e+00
     95.000    19.4940   4.927211    36.5161       2988     2.0744     1.8901     1.7608 0.0000e+00
     96.000    19.4814   4.927117    36.5260       3010     2.0894     1.8901     1.7575 0.0000e+00
     97.000    19.4905   4.930193    36.5433       3045     2.1137     1.8884     1.7535 0.0000e+00
     98.000    19.4299   4.922866    36.5349       3099     2.1516     1.8793     1.7462 0.0000e+00
     99.000    19.3712   4.915605    36.5254       3126     2.1703     1.8776     1.7428 0.0000e+00
    100.000    19.2946   4.906320    36.5147       3148     2.1854     1.8759     1.7415 0.0000e+00
    101.000    19.2471   4.901491    36.5155       3171     2.2012     1.8717     1.7412 0.0000e+00
    102.000    19.1903   4.893940    36.5018       3196     2.2191     1.8717     1.7436 0.0000e+00
    103.000    18.9142   4.857045    36.4341       3225     2.2386     1.8725     1.7417 0.0000e+00
    104.000    18.7020   4.828548    36.3801       3251     2.2572     1.8715     1.7406 0.0000e+00
    105.000    18.5166   4.803894    36.3342       3274     2.2732     1.8788     1.7439 0.0000e+00
    106.000    17.9602   4.733338    36.2237       3297     2.2890     1.8840     1.7497 0.0000e+00
    107.000    17.7239   4.704994    36.1894       3322     2.3065     1.8869     1.7534 0.0000e+00
    108.000    17.6985   4.701211    36.1789       3354     2.3283     1.9144     1.7721 0.0000e+00
    109.000    17.6752   4.697744    36.1694       3388     2.3517     1.9451     1.8046 0.0000e+00
    110.000    17.6327   4.691957    36.1568       3422     2.3754     1.9563     1.8195 0.0000e+00
    111.000    17.5472   4.680762    36.1356       3461     2.4029     1.9639     1.8233 0.0000e+00
    112.000    17.2648   4.646228    36.0871       3490     2.4227     1.9653     1.8225 0.0000e+00
    113.000    16.9919   4.612467    36.0358       3512     2.4385     1.9618     1.8228 0.0000e+00
    114.000    16.8449   4.593625    36.0018       3535     2.4542     1.9577     1.8196 0.0000e+00
    115.000    16.8075   4.588440    35.9894       3559     2.4709     1.9602     1.8180 0.0000e+00
    116.000    16.6027   4.562692    35.9459       3584     2.4884     1.9652     1.8225 0.0000e+00
    117.000    16.5178   4.552052    35.9277       3610     2.5065     1.9650     1.8231 0.0000e+00
    118.000    16.4734   4.546415    35.9174       3637     2.5249     1.9657     1.8248 0.0000e+00
    119.000    16.4252   4.540534    35.9082       3663     2.5429     1.9615     1.8242 0.0000e+00
    120.000    16.3735   4.534231    35.8985       3687     2.5594     1.9548     1.8224 0.0000e+00
    121.000    16.3043   4.525527    35.8831       3711     2.5763     1.9512     1.8181 0.0000e+00
    122.000    16.2483   4.518612    35.8717       3740     2.5965     1.9499     1.8147 0.0000e+00
    123.000    16.1455   4.506483    35.8560       3781     2.6252     1.9479     1.8125 0.0000e+00
    124.000    16.1309   4.504517    35.8512       3823     2.6543     1.9425     1.8065 0.0000e+00
    125.000    16.1237   4.504139    35.8540       3850     2.6728     1.9449     1.8042 0.0000e+00
    126.000    16.1016   4.502938    35.8628       3873     2.6888     1.9430     1.8028 0.0000e+00
    127.000    16.0631   4.499283    35.8645       3896     2.7046     1.9367     1.8007 0.0000e+00
    128.000    15.9879   4.490132    35.8503       3918     2.7203     1.9304     1.7960 0.0000e+00
    129.000    15.8124   4.468977    35.8191       3943     2.7374     1.9219     1.7900 0.0000e+00
    130.000    15.5140   4.432982    35.7650       3971     2.7568     1.9151     1.7817 0.0000e+00
    131.000    15.1963   4.395270    35.7119       3998     2.7756     1.9079     1.7755 0.0000e+00
    132.000    15.0533   4.378312    35.6874       4022     2.7920     1.9032     1.7739 0.0000e+00
    133.000    15.0460   4.377899    35.6900       4044     2.8080     1.9020     1.7725 0.0000e+00
    134.000    15.0116   4.376270    35.7061       4074     2.8288     1.9036     1.7722 0.0000e+00
    135.000    14.9773   4.374033    35.7166       4119     2.8594     1.8981     1.7671 0.0000e+00
    136.000    14.9885   4.377169    35.7346       4151     2.8819     1.8907     1.7595 0.0000e+00
    137.000    15.0143   4.382414    35.7585       4174     2.8982     1.8847     1.7558 0.0000e+00
    138.000    14.8681   4.368947    35.7689       4197     2.9139     1.8834     1.7525 0.0000e+00
    139.000    14.7780   4.361624    35.7840       4223     2.9322     1.8776     1.7461 0.0000e+00
    140.000    14.7809   4.363195    35.7954       4253     2.9527     1.8654     1.7361 0.0000e+00
    141.000    14.7821   4.363370    35.7954       4279     2.9710     1.8497     1.7221 0.0000e+00
    142.000    14.7835   4.363458    35.7946       4304     2.9884     1.8385     1.7105 0.0000e+00
    143.000    14.7870   4.363831    35.7943       4336     3.0104     1.8285     1.6997 0.0000e+00
    144.000    14.7901   4.364044    35.7930       4376     3.0380     1.8238     1.6923 0.0000e+00
    145.000    14.7938   4.364213    35.7908       4455     3.0933     1.8217     1.6873 0.0000e+00
    144.000    14.7903   4.363453    35.7874       4658     3.2342     1.8185     1.6864 0.0000e+00
    143.000    14.7884   4.362789    35.7835       5068     3.5190     1.8203     1.6857 0.0000e+00
    142.000    14.7880   4.362685    35.7833       5097     3.5386     1.8217     1.6859 0.0000e+00
    141.000    14.7884   4.362661    35.7832       5123     3.5571     1.8223     1.6846 0.0000e+00
    140.000    14.7867   4.362441    35.7831       5151     3.5761     1.8197     1.6856 0.0000e+00
    139.000    14.7835   4.361857    35.7811       5177     3.5946     1.8200     1.6876 0.0000e+00
    138.000    14.7803   4.360733    35.7741       5203     3.6127     1.8193     1.6888 0.0000e+00
    137.000    14.8298   4.363310    35.7527       5231     3.6321     1.8188     1.6888 0.0000e+00
    136.000    14.9231   4.370980    35.7379       5257     3.6502     1.8285     1.6891 0.0000e+00
    135.000    14.9707   4.374770    35.7294       5279     3.6656     1.8416     1.6932 0.0000e+00
    134.000    14.9761   4.373154    35.7101       5301     3.6804     1.8531     1.7013 0.0000e+00
    133.000    14.9923   4.372948    35.6937       5327     3.6987     1.8636     1.7134 0.0000e+00
    132.000    15.0200   4.373103    35.6703       5358     3.7203     1.8724     1.7267 0.0000e+00
    131.000    15.0331   4.373092    35.6586       5384     3.7381     1.8795     1.7370 0.0000e+00
    130.000    15.0763   4.376708    35.6526       5409     3.7553     1.8866     1.7452 0.0000e+00
    129.000    15.3299   4.405247    35.6817       5446     3.7815     1.9010     1.7552 0.0000e+00
    128.000    15.6375   4.441327    35.7291       5484     3.8075     1.9138     1.7634 0.0000e+00
