HB2407/CTD156.cnv
* Sea-Bird SBE 9 Data File:
* FileName = C:\cruise\data\CTD156.hex
* Software Version Seasave V 7.26.7.121
* Temperature SN = 4591
* Conductivity SN = 6006
* Number of Bytes Per Scan = 37
* Number of Voltage Words = 4
* Number of Scans Averaged by the Deck Unit = 1
* NMEA Latitude = 41 30.20 N
* NMEA Longitude = 068 19.19 W
* NMEA UTC (Time) = Oct 16 2024 05:45:56
* NMEA baud rate = 4800
** Ship: Bigelow HB2407
** Program:  Fall Bottom Trawl Survey
** Chief Scientist: John Galbraith
# nquan = 9
# nvalues = 88                          
# units = specified
# name 0 = depSM: Depth [salt water, m]
# name 1 = t090C: Temperature [ITS-90, deg C]
# name 2 = c0S/m: Conductivity [S/m]
# name 3 = sal00: Salinity, Practical [PSU]
# name 4 = scan: Scan Count
# name 5 = timeM: Time, Elapsed [minutes]
# name 6 = sbeox0V: Oxygen raw, SBE 43 [V]
# name 7 = sbeox1V: Oxygen raw, SBE 43, 2 [V]
# name 8 = flag: flag
# span 0 =      2.000,     46.000       
# span 1 =    15.4050,    15.4200       
# span 2 =   3.984438,   3.992799       
# span 3 =    31.8810,    31.9287       
# span 4 =        -34,       3263       
# span 5 =    -0.0242,     2.2656       
# span 6 =     2.4813,     2.4997       
# span 7 =     2.2911,     2.3101       
# span 8 = 0.0000e+00, 0.0000e+00       
# interval = meters: 1                  
# start_time = Oct 16 2024 05:45:56 [NMEA time, header]
# bad_flag = -9.990e-29
*END*
      3.000    15.4069   3.989928    31.9282        -34    -0.0242     2.4888     2.3029 0.0000e+00
      4.000    15.4050   3.989779    31.9281        320     0.2213     2.4945     2.3044 0.0000e+00
      5.000    15.4085   3.990136    31.9281        473     0.3280     2.4933     2.3098 0.0000e+00
      6.000    15.4082   3.990193    31.9284        483     0.3349     2.4922     2.3101 0.0000e+00
      7.000    15.4094   3.990274    31.9279        501     0.3474     2.4913     2.3088 0.0000e+00
      8.000    15.4120   3.990587    31.9281        525     0.3640     2.4943     2.3073 0.0000e+00
      9.000    15.4146   3.990845    31.9279        573     0.3974     2.4997     2.3063 0.0000e+00
     10.000    15.4148   3.990923    31.9281        610     0.4228     2.4964     2.3065 0.0000e+00
     11.000    15.4152   3.990997    31.9281        632     0.4384     2.4953     2.3061 0.0000e+00
     12.000    15.4158   3.991093    31.9281        656     0.4546     2.4963     2.3025 0.0000e+00
     13.000    15.4166   3.991203    31.9280        682     0.4732     2.4964     2.3025 0.0000e+00
     14.000    15.4170   3.991286    31.9281        711     0.4928     2.4923     2.3029 0.0000e+00
     15.000    15.4173   3.991354    31.9281        737     0.5112     2.4907     2.3042 0.0000e+00
     16.000    15.4174   3.991410    31.9281        764     0.5295     2.4917     2.3027 0.0000e+00
     17.000    15.4177   3.991455    31.9278        796     0.5520     2.4949     2.2998 0.0000e+00
     18.000    15.4178   3.991555    31.9283        833     0.5777     2.4938     2.3005 0.0000e+00
     19.000    15.4178   3.991592    31.9282        859     0.5956     2.4913     2.2981 0.0000e+00
     20.000    15.4180   3.991637    31.9281        880     0.6107     2.4888     2.2996 0.0000e+00
     21.000    15.4180   3.991682    31.9282        906     0.6285     2.4864     2.3023 0.0000e+00
     22.000    15.4182   3.991737    31.9281        939     0.6516     2.4884     2.3030 0.0000e+00
     23.000    15.4185   3.991816    31.9282        967     0.6707     2.4877     2.3021 0.0000e+00
     24.000    15.4184   3.991847    31.9282        989     0.6859     2.4876     2.3008 0.0000e+00
     25.000    15.4184   3.991876    31.9280       1010     0.7004     2.4860     2.3004 0.0000e+00
     26.000    15.4187   3.991950    31.9282       1039     0.7209     2.4895     2.2994 0.0000e+00
     27.000    15.4183   3.991954    31.9281       1085     0.7529     2.4888     2.2987 0.0000e+00
     28.000    15.4189   3.992050    31.9281       1111     0.7708     2.4826     2.2994 0.0000e+00
     29.000    15.4191   3.992117    31.9281       1130     0.7842     2.4830     2.2989 0.0000e+00
     30.000    15.4193   3.992180    31.9282       1152     0.7996     2.4859     2.2982 0.0000e+00
     31.000    15.4192   3.992227    31.9283       1189     0.8247     2.4858     2.2981 0.0000e+00
     32.000    15.4194   3.992269    31.9281       1221     0.8470     2.4859     2.2982 0.0000e+00
     33.000    15.4187   3.992263    31.9282       1241     0.8608     2.4871     2.2988 0.0000e+00
     34.000    15.4185   3.992281    31.9282       1260     0.8742     2.4873     2.2968 0.0000e+00
     35.000    15.4187   3.992335    31.9282       1288     0.8938     2.4894     2.2987 0.0000e+00
     36.000    15.4185   3.992369    31.9282       1339     0.9288     2.4895     2.2994 0.0000e+00
     37.000    15.4181   3.992381    31.9283       1366     0.9479     2.4886     2.2982 0.0000e+00
     38.000    15.4183   3.992450    31.9284       1383     0.9596     2.4907     2.2980 0.0000e+00
     39.000    15.4185   3.992510    31.9284       1400     0.9712     2.4918     2.2960 0.0000e+00
     40.000    15.4191   3.992584    31.9282       1443     1.0014     2.4876     2.2969 0.0000e+00
     41.000    15.4200   3.992710    31.9283       1523     1.0569     2.4835     2.2958 0.0000e+00
     42.000    15.4198   3.992739    31.9283       1540     1.0688     2.4864     2.2938 0.0000e+00
     43.000    15.4193   3.992757    31.9284       1557     1.0808     2.4895     2.2935 0.0000e+00
     44.000    15.4159   3.992511    31.9287       1576     1.0939     2.4895     2.2937 0.0000e+00
     45.000    15.4146   3.992417    31.9285       1650     1.1454     2.4866     2.2944 0.0000e+00
     46.000    15.4170   3.992644    31.9282       1836     1.2741     2.4837     2.2933 0.0000e+00
     45.000    15.4193   3.992799    31.9281       1899     1.3180     2.4845     2.2956 0.0000e+00
     44.000    15.4190   3.992724    31.9281       1916     1.3300     2.4872     2.2965 0.0000e+00
     43.000    15.4189   3.992682    31.9281       1932     1.3412     2.4882     2.2951 0.0000e+00
     42.000    15.4188   3.992642    31.9282       1955     1.3567     2.4871     2.2911 0.0000e+00
     41.000    15.4189   3.992598    31.9281       1996     1.3851     2.4838     2.2928 0.0000e+00
     40.000    15.4192   3.992577    31.9281       2044     1.4186     2.4874     2.2949 0.0000e+00
     39.000    15.4194   3.992520    31.9278       2069     1.4358     2.4858     2.2953 0.0000e+00
     38.000    15.4194   3.992515    31.9281       2085     1.4470     2.4833     2.2966 0.0000e+00
     37.000    15.4193   3.992478    31.9282       2098     1.4565     2.4818     2.2967 0.0000e+00
     36.000    15.4189   3.992403    31.9282       2112     1.4659     2.4813     2.2969 0.0000e+00
     35.000    15.4188   3.992328    31.9281       2128     1.4770     2.4829     2.2968 0.0000e+00
     34.000    15.4179   3.992230    31.9283       2190     1.5199     2.4861     2.2967 0.0000e+00
     33.000    15.4187   3.992241    31.9281       2234     1.5507     2.4847     2.3019 0.0000e+00
     32.000    15.4186   3.992197    31.9282       2246     1.5594     2.4861     2.3030 0.0000e+00
     31.000    15.4184   3.992137    31.9281       2258     1.5673     2.4862     2.3030 0.0000e+00
     30.000    15.4181   3.992086    31.9283       2269     1.5753     2.4863     2.3021 0.0000e+00
     29.000    15.4179   3.992020    31.9282       2283     1.5849     2.4855     2.3011 0.0000e+00
     28.000    15.4175   3.991943    31.9283       2335     1.6206     2.4863     2.2994 0.0000e+00
     27.000    15.4171   3.991864    31.9283       2386     1.6566     2.4886     2.3003 0.0000e+00
     26.000    15.4170   3.991810    31.9282       2404     1.6686     2.4850     2.3008 0.0000e+00
     25.000    15.4166   3.991732    31.9282       2420     1.6801     2.4840     2.3014 0.0000e+00
     24.000    15.4163   3.991668    31.9283       2437     1.6918     2.4879     2.3017 0.0000e+00
     23.000    15.4160   3.991594    31.9282       2456     1.7047     2.4904     2.3015 0.0000e+00
     22.000    15.4155   3.991516    31.9284       2480     1.7215     2.4886     2.3011 0.0000e+00
     21.000    15.4144   3.991386    31.9284       2529     1.7555     2.4898     2.2985 0.0000e+00
     20.000    15.4141   3.991299    31.9283       2573     1.7864     2.4875     2.2979 0.0000e+00
     19.000    15.4140   3.991243    31.9283       2590     1.7977     2.4876     2.3011 0.0000e+00
     18.000    15.4133   3.991149    31.9284       2603     1.8072     2.4883     2.3017 0.0000e+00
     17.000    15.4124   3.991024    31.9283       2616     1.8161     2.4888     2.3016 0.0000e+00
     16.000    15.4123   3.990972    31.9283       2630     1.8260     2.4893     2.3019 0.0000e+00
     15.000    15.4107   3.990800    31.9285       2685     1.8637     2.4948     2.3006 0.0000e+00
     14.000    15.4116   3.990828    31.9283       2735     1.8988     2.4901     2.3035 0.0000e+00
     13.000    15.4105   3.990695    31.9284       2747     1.9072     2.4881     2.3041 0.0000e+00
     12.000    15.4111   3.990683    31.9282       2758     1.9149     2.4888     2.3042 0.0000e+00
     11.000    15.4108   3.990629    31.9283       2770     1.9227     2.4885     2.3050 0.0000e+00
     10.000    15.4101   3.990546    31.9286       2785     1.9336     2.4882     2.3057 0.0000e+00
      9.000    15.4095   3.990443    31.9285       2856     1.9823     2.4885     2.3081 0.0000e+00
      8.000    15.4100   3.990427    31.9284       2885     2.0027     2.4917     2.3045 0.0000e+00
      7.000    15.4091   3.990312    31.9284       2900     2.0132     2.4930     2.3027 0.0000e+00
      6.000    15.4085   3.990235    31.9286       2919     2.0260     2.4917     2.3017 0.0000e+00
      5.000    15.4079   3.990141    31.9286       2943     2.0430     2.4920     2.3021 0.0000e+00
      4.000    15.4074   3.990056    31.9287       2974     2.0644     2.4932     2.3004 0.0000e+00
      3.000    15.4064   3.989913    31.9285       3069     2.1305     2.4967     2.3037 0.0000e+00
      2.000    15.4054   3.984438    31.8810       3263     2.2656     2.4970     2.3048 0.0000e+00
