HB2407/CTD151.cnv
* Sea-Bird SBE 9 Data File:
* FileName = C:\cruise\data\CTD151.hex
* Software Version Seasave V 7.26.7.121
* Temperature SN = 4591
* Conductivity SN = 6006
* Number of Bytes Per Scan = 37
* Number of Voltage Words = 4
* Number of Scans Averaged by the Deck Unit = 1
* NMEA Latitude = 41 44.76 N
* NMEA Longitude = 069 44.36 W
* NMEA UTC (Time) = Oct 15 2024 04:33:23
* NMEA baud rate = 4800
** Ship: Bigelow HB2407
** Program:  Fall Bottom Trawl Survey
** Chief Scientist: John Galbraith
# nquan = 9
# nvalues = 179                         
# units = specified
# name 0 = depSM: Depth [salt water, m]
# name 1 = t090C: Temperature [ITS-90, deg C]
# name 2 = c0S/m: Conductivity [S/m]
# name 3 = sal00: Salinity, Practical [PSU]
# name 4 = scan: Scan Count
# name 5 = timeM: Time, Elapsed [minutes]
# name 6 = sbeox0V: Oxygen raw, SBE 43 [V]
# name 7 = sbeox1V: Oxygen raw, SBE 43, 2 [V]
# name 8 = flag: flag
# span 0 =      2.000,     92.000       
# span 1 =     8.0658,    15.2324       
# span 2 =   3.418597,   3.961131       
# span 3 =    31.7730,    32.7261       
# span 4 =        289,       5920       
# span 5 =     0.2003,     4.1101       
# span 6 =     1.9254,     2.5455       
# span 7 =     1.7765,     2.3462       
# span 8 = 0.0000e+00, 0.0000e+00       
# interval = meters: 1                  
# start_time = Oct 15 2024 04:33:23 [NMEA time, header]
# bad_flag = -9.990e-29
*END*
      4.000    15.2234   3.960145    31.8108        289     0.2003     2.5382     2.3440 0.0000e+00
      5.000    15.2197   3.959970    31.8118        544     0.3774     2.5401     2.3416 0.0000e+00
      6.000    15.2225   3.960208    31.8112        577     0.4003     2.5363     2.3399 0.0000e+00
      7.000    15.2190   3.960042    31.8123        604     0.4190     2.5299     2.3394 0.0000e+00
      8.000    15.2221   3.960299    31.8117        640     0.4436     2.5292     2.3353 0.0000e+00
      9.000    15.2291   3.960841    31.8104        678     0.4703     2.5310     2.3339 0.0000e+00
     10.000    15.2324   3.961131    31.8100        709     0.4919     2.5364     2.3340 0.0000e+00
     11.000    15.2290   3.960943    31.8107        742     0.5148     2.5397     2.3368 0.0000e+00
     12.000    15.2290   3.960976    31.8107        773     0.5362     2.5403     2.3410 0.0000e+00
     13.000    15.2297   3.961070    31.8105        802     0.5564     2.5372     2.3401 0.0000e+00
     14.000    15.2248   3.960757    31.8113        836     0.5801     2.5341     2.3388 0.0000e+00
     15.000    15.2064   3.959484    31.8145        869     0.6027     2.5314     2.3380 0.0000e+00
     16.000    15.1793   3.957520    31.8185        896     0.6217     2.5285     2.3368 0.0000e+00
     17.000    15.1833   3.957884    31.8182        925     0.6415     2.5228     2.3316 0.0000e+00
     18.000    15.0847   3.951073    31.8368        954     0.6619     2.5148     2.3227 0.0000e+00
     19.000    15.0206   3.946658    31.8490        979     0.6790     2.5091     2.3176 0.0000e+00
     20.000    15.0004   3.945189    31.8518       1002     0.6950     2.4989     2.3114 0.0000e+00
     21.000    14.9873   3.944268    31.8538       1032     0.7161     2.4795     2.2965 0.0000e+00
     22.000    14.9628   3.942625    31.8586       1070     0.7421     2.4709     2.2838 0.0000e+00
     23.000    14.9532   3.941979    31.8603       1100     0.7629     2.4602     2.2763 0.0000e+00
     24.000    14.9460   3.941550    31.8619       1123     0.7790     2.4532     2.2716 0.0000e+00
     25.000    14.9432   3.941394    31.8625       1142     0.7927     2.4513     2.2684 0.0000e+00
     26.000    14.9078   3.938954    31.8690       1162     0.8064     2.4477     2.2648 0.0000e+00
     27.000    14.7180   3.925133    31.8990       1191     0.8267     2.4440     2.2623 0.0000e+00
     28.000    14.5318   3.911234    31.9254       1237     0.8585     2.4299     2.2534 0.0000e+00
     29.000    14.3237   3.895629    31.9544       1268     0.8797     2.4189     2.2447 0.0000e+00
     30.000    14.1250   3.880427    31.9793       1290     0.8951     2.4106     2.2357 0.0000e+00
     31.000    14.0046   3.870876    31.9910       1311     0.9094     2.3967     2.2257 0.0000e+00
     32.000    13.8462   3.857796    32.0018       1333     0.9249     2.3795     2.2124 0.0000e+00
     33.000    13.4876   3.830089    32.0444       1357     0.9416     2.3648     2.1958 0.0000e+00
     34.000    13.1300   3.800539    32.0685       1387     0.9623     2.3401     2.1780 0.0000e+00
     35.000    12.4422   3.743166    32.1093       1432     0.9941     2.2966     2.1424 0.0000e+00
     36.000    12.0438   3.712906    32.1605       1463     1.0154     2.2634     2.1106 0.0000e+00
     37.000    11.7449   3.687395    32.1715       1484     1.0297     2.2416     2.0915 0.0000e+00
     38.000    11.5931   3.672059    32.1536       1503     1.0433     2.2184     2.0725 0.0000e+00
     39.000    11.3923   3.655026    32.1614       1526     1.0589     2.1982     2.0527 0.0000e+00
     40.000    11.2689   3.645527    32.1754       1557     1.0808     2.1751     2.0279 0.0000e+00
     41.000    11.1557   3.634142    32.1618       1597     1.1082     2.1554     2.0056 0.0000e+00
     42.000    10.8201   3.603784    32.1555       1629     1.1304     2.1462     1.9948 0.0000e+00
     43.000    10.6704   3.590661    32.1563       1653     1.1476     2.1337     1.9831 0.0000e+00
     44.000    10.4745   3.576682    32.1892       1677     1.1642     2.1230     1.9707 0.0000e+00
     45.000    10.4154   3.576519    32.2395       1704     1.1829     2.1127     1.9595 0.0000e+00
     46.000    10.3681   3.575862    32.2744       1735     1.2041     2.1053     1.9515 0.0000e+00
     47.000    10.2870   3.572078    32.3079       1768     1.2268     2.1025     1.9455 0.0000e+00
     48.000    10.4059   3.588948    32.3712       1802     1.2505     2.1047     1.9447 0.0000e+00
     49.000    10.3577   3.586073    32.3847       1830     1.2702     2.1111     1.9477 0.0000e+00
     50.000    10.3357   3.584453    32.3877       1853     1.2860     2.1158     1.9523 0.0000e+00
     51.000    10.2910   3.580932    32.3917       1875     1.3011     2.1172     1.9559 0.0000e+00
     52.000    10.2263   3.575599    32.3953       1901     1.3195     2.1166     1.9587 0.0000e+00
     53.000    10.0913   3.564256    32.4012       1943     1.3487     2.1156     1.9580 0.0000e+00
     54.000     9.8965   3.548488    32.4158       1982     1.3757     2.1095     1.9544 0.0000e+00
     55.000     9.8288   3.543637    32.4269       2005     1.3917     2.1032     1.9501 0.0000e+00
     56.000     9.8158   3.542864    32.4303       2026     1.4061     2.0962     1.9441 0.0000e+00
     57.000     9.7593   3.538742    32.4387       2049     1.4221     2.0891     1.9380 0.0000e+00
     58.000     9.6389   3.529949    32.4572       2078     1.4427     2.0846     1.9315 0.0000e+00
     59.000     9.6200   3.528564    32.4597       2111     1.4653     2.0780     1.9248 0.0000e+00
     60.000     9.5744   3.524914    32.4632       2145     1.4887     2.0746     1.9200 0.0000e+00
     61.000     9.5554   3.523350    32.4639       2176     1.5105     2.0732     1.9152 0.0000e+00
     62.000     9.5665   3.525317    32.4736       2200     1.5271     2.0719     1.9127 0.0000e+00
     63.000     9.5573   3.525144    32.4796       2224     1.5435     2.0700     1.9122 0.0000e+00
     64.000     9.4962   3.519872    32.4805       2257     1.5665     2.0675     1.9121 0.0000e+00
     65.000     9.4666   3.517301    32.4805       2295     1.5932     2.0665     1.9104 0.0000e+00
     66.000     9.4342   3.514681    32.4825       2320     1.6105     2.0652     1.9084 0.0000e+00
     67.000     9.3202   3.505146    32.4876       2340     1.6245     2.0650     1.9073 0.0000e+00
     68.000     9.2329   3.497274    32.4853       2362     1.6398     2.0630     1.9041 0.0000e+00
     69.000     9.1981   3.493988    32.4826       2392     1.6605     2.0561     1.9007 0.0000e+00
     70.000     9.1947   3.493392    32.4791       2429     1.6861     2.0511     1.8978 0.0000e+00
     71.000     9.1760   3.491656    32.4778       2463     1.7095     2.0484     1.8958 0.0000e+00
     72.000     9.1549   3.489890    32.4782       2497     1.7333     2.0470     1.8935 0.0000e+00
     73.000     9.1171   3.486899    32.4813       2525     1.7526     2.0470     1.8917 0.0000e+00
     74.000     9.0923   3.485303    32.4870       2546     1.7676     2.0462     1.8906 0.0000e+00
     75.000     9.0797   3.484786    32.4927       2567     1.7819     2.0449     1.8894 0.0000e+00
     76.000     9.0858   3.485898    32.4981       2594     1.8009     2.0425     1.8869 0.0000e+00
     77.000     9.0735   3.484976    32.4994       2638     1.8311     2.0379     1.8838 0.0000e+00
     78.000     9.0673   3.484832    32.5031       2670     1.8532     2.0349     1.8821 0.0000e+00
     79.000     9.0473   3.483794    32.5102       2692     1.8688     2.0359     1.8810 0.0000e+00
     80.000     8.9966   3.480347    32.5202       2715     1.8845     2.0368     1.8803 0.0000e+00
     81.000     8.8829   3.472592    32.5432       2744     1.9046     2.0358     1.8800 0.0000e+00
     82.000     8.7649   3.465297    32.5751       2779     1.9293     2.0308     1.8759 0.0000e+00
     83.000     8.7148   3.461711    32.5832       2814     1.9531     2.0242     1.8712 0.0000e+00
     84.000     8.6508   3.457386    32.5964       2846     1.9760     2.0185     1.8658 0.0000e+00
     85.000     8.5585   3.451422    32.6186       2870     1.9921     2.0142     1.8627 0.0000e+00
     86.000     8.4943   3.446709    32.6279       2889     2.0053     2.0098     1.8591 0.0000e+00
     87.000     8.4018   3.439681    32.6391       2912     2.0214     2.0024     1.8535 0.0000e+00
     88.000     8.3099   3.432445    32.6475       2965     2.0582     1.9806     1.8352 0.0000e+00
     89.000     8.2683   3.429979    32.6596       3003     2.0844     1.9653     1.8197 0.0000e+00
     90.000     8.2266   3.427586    32.6726       3027     2.1010     1.9574     1.8115 0.0000e+00
     91.000     8.1527   3.423308    32.6955       3071     2.1317     1.9461     1.8036 0.0000e+00
     92.000     8.0658   3.418597    32.7261       3203     2.2234     1.9352     1.7883 0.0000e+00
     91.000     8.1003   3.419752    32.7067       3367     2.3377     1.9254     1.7765 0.0000e+00
     90.000     8.1505   3.422165    32.6859       3397     2.3581     1.9312     1.7804 0.0000e+00
     89.000     8.1802   3.423509    32.6730       3422     2.3756     1.9325     1.7820 0.0000e+00
     88.000     8.2240   3.425896    32.6580       3445     2.3917     1.9357     1.7850 0.0000e+00
     87.000     8.2519   3.427506    32.6496       3469     2.4084     1.9395     1.7880 0.0000e+00
     86.000     8.2946   3.430068    32.6375       3496     2.4270     1.9422     1.7909 0.0000e+00
     85.000     8.3666   3.434885    32.6221       3528     2.4491     1.9452     1.7944 0.0000e+00
     84.000     8.4275   3.438887    32.6083       3558     2.4703     1.9496     1.7976 0.0000e+00
     83.000     8.5206   3.445841    32.5959       3583     2.4875     1.9558     1.8008 0.0000e+00
     82.000     8.6033   3.451311    32.5775       3604     2.5020     1.9613     1.8042 0.0000e+00
     81.000     8.6552   3.455198    32.5708       3625     2.5165     1.9694     1.8086 0.0000e+00
     80.000     8.7306   3.460080    32.5530       3647     2.5320     1.9806     1.8163 0.0000e+00
     79.000     8.8485   3.467365    32.5213       3671     2.5489     1.9935     1.8260 0.0000e+00
     78.000     8.9527   3.474648    32.5021       3700     2.5691     2.0075     1.8382 0.0000e+00
     77.000     9.0064   3.478657    32.4951       3739     2.5956     2.0195     1.8526 0.0000e+00
     76.000     9.0586   3.481532    32.4777       3765     2.6140     2.0225     1.8603 0.0000e+00
     75.000     9.0645   3.482412    32.4819       3784     2.6270     2.0245     1.8652 0.0000e+00
     74.000     9.0663   3.482313    32.4796       3802     2.6399     2.0278     1.8692 0.0000e+00
     73.000     9.0751   3.482492    32.4740       3825     2.6554     2.0307     1.8726 0.0000e+00
     72.000     9.1043   3.484120    32.4647       3854     2.6754     2.0317     1.8760 0.0000e+00
     71.000     9.1161   3.484817    32.4616       3884     2.6963     2.0332     1.8782 0.0000e+00
     70.000     9.1664   3.488520    32.4546       3909     2.7136     2.0359     1.8795 0.0000e+00
     69.000     9.1823   3.490005    32.4558       3932     2.7296     2.0382     1.8813 0.0000e+00
     68.000     9.1996   3.491581    32.4569       3960     2.7491     2.0414     1.8830 0.0000e+00
     67.000     9.2386   3.494797    32.4551       3989     2.7694     2.0422     1.8840 0.0000e+00
     66.000     9.3030   3.499766    32.4482       4011     2.7847     2.0412     1.8845 0.0000e+00
     65.000     9.3603   3.504777    32.4482       4032     2.7994     2.0434     1.8864 0.0000e+00
     64.000     9.4156   3.509867    32.4509       4060     2.8187     2.0481     1.8897 0.0000e+00
     63.000     9.4771   3.515430    32.4527       4092     2.8408     2.0543     1.8942 0.0000e+00
     62.000     9.5432   3.521429    32.4548       4115     2.8567     2.0566     1.8970 0.0000e+00
     61.000     9.5611   3.522891    32.4540       4134     2.8700     2.0616     1.9005 0.0000e+00
     60.000     9.5538   3.522016    32.4521       4155     2.8844     2.0664     1.9038 0.0000e+00
     59.000     9.5671   3.522231    32.4427       4182     2.9034     2.0687     1.9057 0.0000e+00
     58.000     9.5826   3.523268    32.4398       4219     2.9288     2.0683     1.9084 0.0000e+00
     57.000     9.6225   3.525456    32.4266       4249     2.9500     2.0703     1.9094 0.0000e+00
     56.000     9.6681   3.528373    32.4157       4271     2.9650     2.0723     1.9101 0.0000e+00
     55.000     9.7175   3.532162    32.4102       4291     2.9789     2.0734     1.9111 0.0000e+00
     54.000     9.7831   3.536768    32.3985       4311     2.9934     2.0752     1.9130 0.0000e+00
     53.000     9.8156   3.539132    32.3939       4334     3.0088     2.0779     1.9152 0.0000e+00
     52.000     9.9530   3.548824    32.3694       4357     3.0252     2.0820     1.9170 0.0000e+00
     51.000    10.0556   3.557324    32.3639       4384     3.0436     2.0894     1.9217 0.0000e+00
     50.000    10.1179   3.563151    32.3676       4413     3.0640     2.0969     1.9262 0.0000e+00
     49.000    10.2187   3.570377    32.3508       4443     3.0846     2.1043     1.9313 0.0000e+00
     48.000    10.3043   3.577762    32.3493       4471     3.1039     2.1090     1.9375 0.0000e+00
     47.000    10.3383   3.580365    32.3456       4495     3.1205     2.1113     1.9433 0.0000e+00
     46.000    10.3673   3.581982    32.3365       4516     3.1354     2.1157     1.9486 0.0000e+00
     45.000    10.3697   3.579590    32.3108       4538     3.1510     2.1182     1.9520 0.0000e+00
     44.000    10.3345   3.572593    32.2723       4567     3.1709     2.1184     1.9547 0.0000e+00
     43.000    10.3448   3.567007    32.2075       4596     3.1912     2.1145     1.9548 0.0000e+00
     42.000    10.4372   3.567425    32.1304       4620     3.2075     2.1113     1.9537 0.0000e+00
     41.000    10.5863   3.577186    32.0969       4645     3.2251     2.1120     1.9531 0.0000e+00
     40.000    10.6821   3.585631    32.0973       4679     3.2484     2.1122     1.9505 0.0000e+00
     39.000    11.0480   3.615353    32.0717       4705     3.2664     2.1101     1.9475 0.0000e+00
     38.000    11.1539   3.627270    32.0971       4724     3.2797     2.1128     1.9487 0.0000e+00
     37.000    11.2129   3.632234    32.0949       4743     3.2931     2.1189     1.9523 0.0000e+00
     36.000    11.4361   3.650703    32.0823       4778     3.3175     2.1317     1.9605 0.0000e+00
     35.000    11.6348   3.667032    32.0698       4824     3.3493     2.1454     1.9752 0.0000e+00
     34.000    11.7454   3.678248    32.0836       4844     3.3633     2.1497     1.9816 0.0000e+00
     33.000    11.8851   3.690551    32.0827       4861     3.3753     2.1561     1.9857 0.0000e+00
     32.000    12.1282   3.708713    32.0493       4881     3.3887     2.1676     1.9919 0.0000e+00
     31.000    12.6665   3.752486    32.0085       4915     3.4128     2.1944     2.0085 0.0000e+00
     30.000    13.3591   3.806216    31.9306       4961     3.4442     2.2363     2.0380 0.0000e+00
     29.000    13.9855   3.858206    31.8910       4986     3.4621     2.2615     2.0618 0.0000e+00
     28.000    14.1619   3.873807    31.8888       5013     3.4807     2.2970     2.0963 0.0000e+00
     27.000    14.5985   3.906023    31.8237       5040     3.4991     2.3356     2.1288 0.0000e+00
     26.000    14.8927   3.928056    31.7830       5062     3.5143     2.3644     2.1558 0.0000e+00
     25.000    15.0596   3.941984    31.7730       5082     3.5285     2.3896     2.1789 0.0000e+00
     24.000    15.1376   3.948998    31.7730       5116     3.5520     2.4359     2.2209 0.0000e+00
     23.000    15.1799   3.953316    31.7777       5173     3.5920     2.5041     2.2884 0.0000e+00
     22.000    15.1822   3.954048    31.7828       5191     3.6044     2.5080     2.2995 0.0000e+00
     21.000    15.1638   3.953005    31.7887       5207     3.6155     2.5106     2.3057 0.0000e+00
