HB2407/CTD107.cnv
* Sea-Bird SBE 9 Data File:
* FileName = C:\cruise\data\CTD107.hex
* Software Version Seasave V 7.26.7.121
* Temperature SN = 4591
* Conductivity SN = 6006
* Number of Bytes Per Scan = 37
* Number of Voltage Words = 4
* Number of Scans Averaged by the Deck Unit = 1
* NMEA Latitude = 39 16.85 N
* NMEA Longitude = 072 19.30 W
* NMEA UTC (Time) = Oct 06 2024 11:40:46
* NMEA baud rate = 4800
** Ship: Bigelow HB2407
** Program:  Fall Bottom Trawl Survey
** Chief Scientist: John Galbraith
# nquan = 9
# nvalues = 520                         
# units = specified
# name 0 = depSM: Depth [salt water, m]
# name 1 = t090C: Temperature [ITS-90, deg C]
# name 2 = c0S/m: Conductivity [S/m]
# name 3 = sal00: Salinity, Practical [PSU]
# name 4 = scan: Scan Count
# name 5 = timeM: Time, Elapsed [minutes]
# name 6 = sbeox0V: Oxygen raw, SBE 43 [V]
# name 7 = sbeox1V: Oxygen raw, SBE 43, 2 [V]
# name 8 = flag: flag
# span 0 =      2.000,    262.000       
# span 1 =    10.5527,    22.6287       
# span 2 =   3.906409,   5.009161       
# span 3 =    34.2402,    36.1499       
# span 4 =          6,      16984       
# span 5 =     0.0034,    11.7939       
# span 6 =     1.5581,     2.6984       
# span 7 =     1.4454,     2.4643       
# span 8 = 0.0000e+00, 0.0000e+00       
# interval = meters: 1                  
# start_time = Oct 06 2024 11:40:46 [NMEA time, header]
# bad_flag = -9.990e-29
*END*
[from data line 321]
    200.000    12.0210   4.063495    35.5128       9827     6.8234     1.6038     1.4851 0.0000e+00
    199.000    12.0959   4.071214    35.5174       9849     6.8388     1.6058     1.4870 0.0000e+00
    198.000    12.1845   4.081056    35.5295       9875     6.8569     1.6107     1.4889 0.0000e+00
    197.000    12.2951   4.092794    35.5391       9903     6.8760     1.6147     1.4924 0.0000e+00
    196.000    12.3664   4.101154    35.5531       9926     6.8920     1.6198     1.4949 0.0000e+00
    195.000    12.3961   4.105071    35.5633       9948     6.9079     1.6240     1.4980 0.0000e+00
    194.000    12.5733   4.124540    35.5842       9996     6.9409     1.6322     1.5074 0.0000e+00
    193.000    12.6347   4.131684    35.5955      10036     6.9686     1.6398     1.5158 0.0000e+00
    192.000    12.6612   4.134739    35.6003      10049     6.9777     1.6411     1.5180 0.0000e+00
    191.000    12.6874   4.137151    35.5992      10060     6.9857     1.6427     1.5197 0.0000e+00
    190.000    12.8054   4.148387    35.5963      10072     6.9935     1.6440     1.5207 0.0000e+00
    189.000    12.8616   4.156571    35.6223      10084     7.0021     1.6456     1.5224 0.0000e+00
    188.000    12.8802   4.158623    35.6249      10101     7.0142     1.6488     1.5256 0.0000e+00
    187.000    13.0029   4.172694    35.6445      10172     7.0635     1.6597     1.5340 0.0000e+00
    186.000    13.2412   4.198780    35.6697      10221     7.0975     1.6632     1.5387 0.0000e+00
    185.000    13.2837   4.204367    35.6833      10248     7.1157     1.6663     1.5418 0.0000e+00
    184.000    13.3025   4.206459    35.6860      10271     7.1317     1.6671     1.5445 0.0000e+00
    183.000    13.3296   4.209637    35.6912      10290     7.1453     1.6674     1.5468 0.0000e+00
    182.000    13.3477   4.211715    35.6943      10308     7.1576     1.6679     1.5483 0.0000e+00
    181.000    13.3648   4.213630    35.6969      10325     7.1692     1.6698     1.5486 0.0000e+00
    180.000    13.3842   4.215790    35.6996      10342     7.1810     1.6705     1.5485 0.0000e+00
    179.000    13.4007   4.217790    35.7036      10360     7.1940     1.6711     1.5491 0.0000e+00
    178.000    13.4525   4.223218    35.7068      10384     7.2106     1.6708     1.5492 0.0000e+00
    177.000    13.4989   4.228628    35.7150      10419     7.2350     1.6683     1.5491 0.0000e+00
    176.000    13.5428   4.233898    35.7241      10479     7.2767     1.6705     1.5480 0.0000e+00
    175.000    13.5777   4.237718    35.7280      10515     7.3016     1.6729     1.5498 0.0000e+00
    174.000    13.5873   4.238817    35.7298      10537     7.3168     1.6731     1.5515 0.0000e+00
    173.000    13.5966   4.239784    35.7307      10556     7.3300     1.6738     1.5528 0.0000e+00
    172.000    13.6172   4.241906    35.7318      10574     7.3426     1.6741     1.5530 0.0000e+00
    171.000    13.6377   4.244029    35.7332      10593     7.3555     1.6741     1.5534 0.0000e+00
    170.000    13.6764   4.248012    35.7350      10616     7.3717     1.6758     1.5534 0.0000e+00
    169.000    13.7011   4.250976    35.7402      10657     7.4003     1.6740     1.5540 0.0000e+00
    168.000    13.7066   4.251482    35.7403      10693     7.4252     1.6725     1.5544 0.0000e+00
    167.000    13.7160   4.252394    35.7406      10712     7.4382     1.6717     1.5546 0.0000e+00
    166.000    13.7190   4.252708    35.7411      10728     7.4496     1.6729     1.5555 0.0000e+00
    165.000    13.7212   4.252960    35.7419      10746     7.4619     1.6745     1.5543 0.0000e+00
    164.000    13.7535   4.256303    35.7436      10777     7.4836     1.6759     1.5533 0.0000e+00
    163.000    13.7946   4.261150    35.7512      10857     7.5390     1.6762     1.5555 0.0000e+00
    162.000    13.8097   4.262887    35.7539      10942     7.5981     1.6756     1.5565 0.0000e+00
    161.000    13.8165   4.263601    35.7547      10972     7.6190     1.6764     1.5555 0.0000e+00
    160.000    13.8224   4.264240    35.7556      10992     7.6328     1.6750     1.5565 0.0000e+00
    159.000    13.8302   4.265008    35.7559      11016     7.6493     1.6747     1.5573 0.0000e+00
    158.000    13.9051   4.273575    35.7669      11586     8.0454     1.6757     1.5554 0.0000e+00
    157.000    13.9058   4.273786    35.7687      12714     8.8286     1.6737     1.5544 0.0000e+00
    156.000    13.9321   4.276809    35.7730      12707     8.8237     1.6743     1.5544 0.0000e+00
    155.000    13.9503   4.279101    35.7778      12727     8.8372     1.6743     1.5544 0.0000e+00
    154.000    13.9844   4.283878    35.7912      12749     8.8528     1.6756     1.5553 0.0000e+00
    153.000    14.1154   4.298169    35.8033      12780     8.8742     1.6807     1.5567 0.0000e+00
    152.000    14.1826   4.307208    35.8255      12829     8.9083     1.6960     1.5631 0.0000e+00
    151.000    14.1851   4.306987    35.8215      12862     8.9313     1.7060     1.5737 0.0000e+00
    150.000    14.2117   4.310607    35.8310      12884     8.9467     1.7098     1.5791 0.0000e+00
    149.000    14.2225   4.311765    35.8321      12905     8.9611     1.7120     1.5821 0.0000e+00
    148.000    14.2236   4.312092    35.8346      12929     8.9780     1.7131     1.5853 0.0000e+00
    147.000    14.2392   4.313959    35.8378      12962     9.0006     1.7146     1.5901 0.0000e+00
    146.000    14.2422   4.314287    35.8385      12990     9.0204     1.7146     1.5917 0.0000e+00
    145.000    14.2418   4.314291    35.8394      13010     9.0340     1.7161     1.5927 0.0000e+00
    144.000    14.2433   4.314400    35.8395      13027     9.0459     1.7183     1.5930 0.0000e+00
    143.000    14.2491   4.314952    35.8396      13045     9.0584     1.7188     1.5933 0.0000e+00
    142.000    14.2959   4.320051    35.8440      13067     9.0734     1.7210     1.5935 0.0000e+00
    141.000    14.3627   4.327526    35.8518      13096     9.0936     1.7246     1.5957 0.0000e+00
    140.000    14.4298   4.336085    35.8694      13133     9.1196     1.7303     1.6014 0.0000e+00
    139.000    14.4987   4.343384    35.8736      13170     9.1453     1.7383     1.6065 0.0000e+00
    138.000    14.5961   4.354592    35.8875      13208     9.1716     1.7467     1.6113 0.0000e+00
    137.000    14.6052   4.356002    35.8924      13235     9.1905     1.7528     1.6174 0.0000e+00
    136.000    14.6004   4.355274    35.8906      13255     9.2040     1.7556     1.6208 0.0000e+00
    135.000    14.6040   4.355324    35.8881      13273     9.2164     1.7568     1.6229 0.0000e+00
    134.000    14.6067   4.355599    35.8886      13292     9.2296     1.7567     1.6265 0.0000e+00
    133.000    14.6098   4.356015    35.8900      13315     9.2458     1.7553     1.6299 0.0000e+00
    132.000    14.6154   4.356651    35.8911      13343     9.2656     1.7566     1.6295 0.0000e+00
    131.000    14.6143   4.356562    35.8917      13373     9.2861     1.7548     1.6286 0.0000e+00
    130.000    14.6159   4.356652    35.8915      13401     9.3053     1.7553     1.6291 0.0000e+00
    129.000    14.6207   4.357275    35.8932      13426     9.3228     1.7538     1.6288 0.0000e+00
    128.000    14.6222   4.357523    35.8945      13452     9.3412     1.7533     1.6284 0.0000e+00
    127.000    14.6274   4.358099    35.8955      13483     9.3627     1.7519     1.6264 0.0000e+00
    126.000    14.6332   4.358901    35.8980      13512     9.3825     1.7474     1.6248 0.0000e+00
    125.000    14.6363   4.359237    35.8986      13537     9.4001     1.7465     1.6241 0.0000e+00
    124.000    14.6405   4.359665    35.8991      13563     9.4183     1.7461     1.6231 0.0000e+00
    123.000    14.6471   4.360386    35.9001      13593     9.4386     1.7444     1.6208 0.0000e+00
    122.000    14.6540   4.361232    35.9018      13622     9.4590     1.7446     1.6191 0.0000e+00
    121.000    14.6747   4.363460    35.9037      13647     9.4764     1.7456     1.6194 0.0000e+00
    120.000    14.6924   4.365405    35.9056      13673     9.4942     1.7447     1.6205 0.0000e+00
    119.000    14.7367   4.370278    35.9100      13704     9.5159     1.7448     1.6198 0.0000e+00
    118.000    14.7706   4.373977    35.9132      13734     9.5370     1.7455     1.6192 0.0000e+00
    117.000    14.7821   4.374622    35.9089      13757     9.5529     1.7476     1.6203 0.0000e+00
    116.000    14.7865   4.374662    35.9056      13776     9.5662     1.7493     1.6213 0.0000e+00
    115.000    14.7848   4.373991    35.9014      13793     9.5781     1.7514     1.6217 0.0000e+00
    114.000    14.7760   4.372229    35.8938      13810     9.5897     1.7520     1.6234 0.0000e+00
    113.000    14.7630   4.370078    35.8864      13828     9.6022     1.7533     1.6256 0.0000e+00
    112.000    14.7793   4.371363    35.8836      13873     9.6332     1.7564     1.6292 0.0000e+00
    111.000    14.8035   4.373952    35.8856      13952     9.6882     1.7662     1.6358 0.0000e+00
    110.000    14.8135   4.375148    35.8877      13969     9.6998     1.7649     1.6374 0.0000e+00
    109.000    14.8066   4.374341    35.8871      13985     9.7112     1.7657     1.6380 0.0000e+00
    108.000    14.7985   4.373219    35.8846      14001     9.7220     1.7680     1.6388 0.0000e+00
    107.000    14.7937   4.372386    35.8819      14017     9.7336     1.7697     1.6397 0.0000e+00
    106.000    14.7907   4.371928    35.8808      14036     9.7469     1.7718     1.6400 0.0000e+00
    105.000    14.7906   4.371728    35.8795      14058     9.7619     1.7705     1.6405 0.0000e+00
    104.000    14.8061   4.373443    35.8814      14080     9.7769     1.7698     1.6419 0.0000e+00
    103.000    14.8306   4.376326    35.8857      14100     9.7911     1.7727     1.6436 0.0000e+00
    102.000    14.8793   4.382459    35.8975      14125     9.8084     1.7747     1.6459 0.0000e+00
    101.000    14.9818   4.394718    35.9159      14191     9.8540     1.7845     1.6488 0.0000e+00
    100.000    14.9836   4.394700    35.9145      14229     9.8806     1.7877     1.6509 0.0000e+00
     99.000    14.9728   4.393392    35.9128      14248     9.8934     1.7874     1.6528 0.0000e+00
     98.000    14.9562   4.390843    35.9052      14265     9.9056     1.7869     1.6550 0.0000e+00
     97.000    14.9686   4.392074    35.9055      14284     9.9185     1.7879     1.6557 0.0000e+00
     96.000    14.9890   4.394477    35.9092      14305     9.9335     1.7914     1.6577 0.0000e+00
     95.000    15.0152   4.397590    35.9139      14331     9.9511     1.7916     1.6608 0.0000e+00
     94.000    15.0172   4.397802    35.9145      14360     9.9715     1.7927     1.6633 0.0000e+00
     93.000    15.0072   4.396014    35.9077      14392     9.9941     1.7908     1.6617 0.0000e+00
     92.000    15.0024   4.394692    35.9005      14419    10.0123     1.7869     1.6601 0.0000e+00
     91.000    15.0019   4.394390    35.8986      14439    10.0263     1.7860     1.6579 0.0000e+00
     90.000    14.9991   4.393908    35.8972      14459    10.0403     1.7861     1.6570 0.0000e+00
     89.000    14.9909   4.392647    35.8936      14486    10.0588     1.7878     1.6553 0.0000e+00
     88.000    14.9681   4.389551    35.8866      14525    10.0861     1.7884     1.6552 0.0000e+00
     87.000    14.9621   4.387562    35.8744      14559    10.1098     1.7870     1.6553 0.0000e+00
     86.000    15.0227   4.393799    35.8761      14588    10.1296     1.7894     1.6568 0.0000e+00
     85.000    15.0749   4.399632    35.8819      14617    10.1497     1.7932     1.6603 0.0000e+00
     84.000    15.0923   4.401138    35.8801      14643    10.1682     1.7995     1.6642 0.0000e+00
     83.000    15.0879   4.399858    35.8728      14665    10.1831     1.8024     1.6684 0.0000e+00
     82.000    15.0846   4.399174    35.8700      14684    10.1962     1.8083     1.6716 0.0000e+00
     81.000    15.0908   4.399344    35.8663      14702    10.2089     1.8121     1.6744 0.0000e+00
     80.000    15.1128   4.401317    35.8646      14722    10.2226     1.8132     1.6785 0.0000e+00
     79.000    15.1500   4.404647    35.8612      14746    10.2395     1.8178     1.6831 0.0000e+00
     78.000    15.2067   4.410299    35.8612      14783    10.2653     1.8243     1.6896 0.0000e+00
     77.000    15.2617   4.414946    35.8536      14823    10.2929     1.8339     1.6968 0.0000e+00
     76.000    15.3173   4.420248    35.8513      14848    10.3105     1.8420     1.7004 0.0000e+00
     75.000    15.3150   4.419860    35.8503      14872    10.3273     1.8494     1.7040 0.0000e+00
     74.000    15.3214   4.420341    35.8493      14902    10.3477     1.8588     1.7134 0.0000e+00
     73.000    15.3545   4.423252    35.8459      14933    10.3692     1.8640     1.7193 0.0000e+00
     72.000    15.3869   4.426738    35.8483      14957    10.3863     1.8677     1.7230 0.0000e+00
     71.000    15.4654   4.435210    35.8538      14979    10.4014     1.8694     1.7272 0.0000e+00
     70.000    15.5715   4.448456    35.8773      15002    10.4176     1.8736     1.7297 0.0000e+00
     69.000    15.6962   4.462922    35.8947      15030    10.4368     1.8797     1.7345 0.0000e+00
     68.000    15.9608   4.493938    35.9334      15056    10.4548     1.8850     1.7397 0.0000e+00
     67.000    16.0798   4.508727    35.9582      15077    10.4693     1.8867     1.7431 0.0000e+00
     66.000    16.1245   4.515344    35.9771      15096    10.4828     1.8860     1.7455 0.0000e+00
     65.000    16.2215   4.526409    35.9884      15120    10.4993     1.8826     1.7442 0.0000e+00
     64.000    16.4755   4.558310    36.0427      15156    10.5243     1.8774     1.7426 0.0000e+00
     63.000    16.6236   4.576320    36.0688      15192    10.5493     1.8669     1.7387 0.0000e+00
     62.000    16.8012   4.598930    36.1086      15222    10.5702     1.8640     1.7278 0.0000e+00
     61.000    16.9051   4.611973    36.1302      15251    10.5905     1.8622     1.7209 0.0000e+00
     60.000    16.8101   4.599791    36.1089      15275    10.6067     1.8641     1.7195 0.0000e+00
     59.000    16.5517   4.562276    36.0110      15294    10.6202     1.8585     1.7201 0.0000e+00
     58.000    16.1163   4.496635    35.8205      15314    10.6341     1.8582     1.7198 0.0000e+00
     57.000    15.8833   4.452275    35.6342      15340    10.6518     1.8842     1.7255 0.0000e+00
     56.000    15.6685   4.414047    35.4847      15375    10.6767     1.9343     1.7577 0.0000e+00
     55.000    15.5185   4.393658    35.4361      15407    10.6986     1.9683     1.8009 0.0000e+00
     54.000    15.3635   4.361868    35.2887      15429    10.7141     1.9846     1.8265 0.0000e+00
     53.000    15.4162   4.364923    35.2694      15450    10.7285     2.0002     1.8428 0.0000e+00
     52.000    15.4784   4.369614    35.2564      15475    10.7457     2.0331     1.8681 0.0000e+00
     51.000    15.6287   4.384000    35.2519      15505    10.7668     2.0671     1.8969 0.0000e+00
     50.000    15.7004   4.390747    35.2489      15531    10.7848     2.0779     1.9125 0.0000e+00
     49.000    15.6771   4.386332    35.2304      15552    10.7992     2.0840     1.9229 0.0000e+00
     48.000    15.5514   4.367017    35.1692      15573    10.8138     2.0913     1.9314 0.0000e+00
     47.000    15.6081   4.361848    35.0725      15601    10.8331     2.1059     1.9402 0.0000e+00
     46.000    15.7066   4.361705    34.9841      15645    10.8638     2.1441     1.9619 0.0000e+00
     45.000    15.5981   4.332926    34.8218      15683    10.8906     2.1775     1.9922 0.0000e+00
     44.000    15.4918   4.306317    34.6767      15706    10.9065     2.2002     2.0112 0.0000e+00
     43.000    15.4318   4.294233    34.6211      15725    10.9198     2.2224     2.0299 0.0000e+00
     42.000    15.4790   4.288123    34.5249      15744    10.9323     2.2629     2.0607 0.0000e+00
