HB2407/CTD146.cnv
* Sea-Bird SBE 9 Data File:
* FileName = C:\cruise\data\CTD146.hex
* Software Version Seasave V 7.26.7.121
* Temperature SN = 4591
* Conductivity SN = 6006
* Number of Bytes Per Scan = 37
* Number of Voltage Words = 4
* Number of Scans Averaged by the Deck Unit = 1
* NMEA Latitude = 41 29.12 N
* NMEA Longitude = 069 32.61 W
* NMEA UTC (Time) = Oct 14 2024 12:13:40
* NMEA baud rate = 4800
** Ship: Bigelow HB2407
** Program:  Fall Bottom Trawl Survey
** Chief Scientist: John Galbraith
# nquan = 9
# nvalues = 54                          
# units = specified
# name 0 = depSM: Depth [salt water, m]
# name 1 = t090C: Temperature [ITS-90, deg C]
# name 2 = c0S/m: Conductivity [S/m]
# name 3 = sal00: Salinity, Practical [PSU]
# name 4 = scan: Scan Count
# name 5 = timeM: Time, Elapsed [minutes]
# name 6 = sbeox0V: Oxygen raw, SBE 43 [V]
# name 7 = sbeox1V: Oxygen raw, SBE 43, 2 [V]
# name 8 = flag: flag
# span 0 =      2.000,     29.000       
# span 1 =    14.7407,    14.7467       
# span 2 =   3.909026,   3.912790       
# span 3 =    31.7421,    31.7677       
# span 4 =        405,       2681       
# span 5 =     0.2807,     1.8610       
# span 6 =     2.4549,     2.4643       
# span 7 =     2.2643,     2.2748       
# span 8 = 0.0000e+00, 0.0000e+00       
# interval = meters: 1                  
# start_time = Oct 14 2024 12:13:40 [NMEA time, header]
# bad_flag = -9.990e-29
*END*
      2.000    14.7429   3.909026    31.7424        405     0.2807     2.4570     2.2660 0.0000e+00
      3.000    14.7436   3.909169    31.7427        785     0.5447     2.4599     2.2668 0.0000e+00
      4.000    14.7438   3.909228    31.7427        785     0.5443     2.4595     2.2680 0.0000e+00
      5.000    14.7439   3.909275    31.7427        814     0.5649     2.4626     2.2681 0.0000e+00
      6.000    14.7433   3.909295    31.7429        855     0.5933     2.4558     2.2684 0.0000e+00
      7.000    14.7427   3.909317    31.7433        896     0.6216     2.4597     2.2717 0.0000e+00
      8.000    14.7427   3.909359    31.7433        926     0.6424     2.4596     2.2723 0.0000e+00
      9.000    14.7412   3.909319    31.7438        952     0.6602     2.4554     2.2728 0.0000e+00
     10.000    14.7407   3.909361    31.7442        978     0.6788     2.4560     2.2727 0.0000e+00
     11.000    14.7409   3.909579    31.7456       1016     0.7049     2.4584     2.2718 0.0000e+00
     12.000    14.7409   3.909587    31.7453       1062     0.7366     2.4569     2.2701 0.0000e+00
     13.000    14.7409   3.909564    31.7447       1098     0.7619     2.4564     2.2675 0.0000e+00
     14.000    14.7411   3.909680    31.7453       1130     0.7843     2.4584     2.2686 0.0000e+00
     15.000    14.7414   3.909858    31.7462       1159     0.8042     2.4600     2.2706 0.0000e+00
     16.000    14.7413   3.909835    31.7457       1185     0.8220     2.4577     2.2679 0.0000e+00
     17.000    14.7424   3.910336    31.7490       1211     0.8404     2.4565     2.2643 0.0000e+00
     18.000    14.7434   3.910746    31.7515       1246     0.8647     2.4557     2.2653 0.0000e+00
     19.000    14.7439   3.910945    31.7525       1298     0.9005     2.4570     2.2670 0.0000e+00
     20.000    14.7440   3.911037    31.7528       1338     0.9282     2.4569     2.2702 0.0000e+00
     21.000    14.7442   3.911174    31.7535       1363     0.9460     2.4561     2.2706 0.0000e+00
     22.000    14.7442   3.911648    31.7574       1388     0.9630     2.4577     2.2700 0.0000e+00
     23.000    14.7441   3.911986    31.7602       1416     0.9827     2.4563     2.2702 0.0000e+00
     24.000    14.7448   3.911968    31.7591       1452     1.0075     2.4580     2.2700 0.0000e+00
     25.000    14.7447   3.912112    31.7601       1493     1.0362     2.4583     2.2681 0.0000e+00
     26.000    14.7448   3.912218    31.7606       1532     1.0629     2.4570     2.2674 0.0000e+00
     27.000    14.7446   3.912357    31.7617       1564     1.0856     2.4575     2.2685 0.0000e+00
     28.000    14.7423   3.912700    31.7662       1595     1.1071     2.4557     2.2699 0.0000e+00
     29.000    14.7429   3.912770    31.7660       1679     1.1653     2.4549     2.2695 0.0000e+00
     28.000    14.7415   3.912790    31.7677       1854     1.2868     2.4581     2.2689 0.0000e+00
     27.000    14.7419   3.912717    31.7671       1892     1.3130     2.4557     2.2676 0.0000e+00
     26.000    14.7432   3.912599    31.7654       1915     1.3295     2.4584     2.2691 0.0000e+00
     25.000    14.7432   3.912526    31.7651       1943     1.3486     2.4578     2.2687 0.0000e+00
     24.000    14.7433   3.912447    31.7647       1976     1.3716     2.4572     2.2684 0.0000e+00
     23.000    14.7442   3.912249    31.7625       2007     1.3927     2.4556     2.2657 0.0000e+00
     22.000    14.7444   3.912070    31.7611       2030     1.4092     2.4575     2.2658 0.0000e+00
     21.000    14.7444   3.912035    31.7612       2053     1.4252     2.4593     2.2686 0.0000e+00
     20.000    14.7443   3.911939    31.7608       2079     1.4431     2.4594     2.2699 0.0000e+00
     19.000    14.7443   3.911655    31.7586       2108     1.4633     2.4570     2.2701 0.0000e+00
     18.000    14.7441   3.911258    31.7555       2135     1.4820     2.4571     2.2690 0.0000e+00
     17.000    14.7437   3.910923    31.7532       2159     1.4985     2.4574     2.2695 0.0000e+00
     16.000    14.7434   3.910800    31.7527       2183     1.5152     2.4603     2.2683 0.0000e+00
     15.000    14.7431   3.910625    31.7518       2209     1.5335     2.4611     2.2697 0.0000e+00
     14.000    14.7429   3.910475    31.7510       2237     1.5527     2.4623     2.2694 0.0000e+00
     13.000    14.7428   3.910380    31.7506       2264     1.5712     2.4623     2.2710 0.0000e+00
     12.000    14.7427   3.910329    31.7506       2290     1.5897     2.4618     2.2740 0.0000e+00
     11.000    14.7424   3.910244    31.7504       2316     1.6080     2.4637     2.2747 0.0000e+00
     10.000    14.7420   3.910098    31.7497       2342     1.6257     2.4635     2.2748 0.0000e+00
      9.000    14.7417   3.909907    31.7487       2368     1.6439     2.4626     2.2711 0.0000e+00
      8.000    14.7412   3.909602    31.7467       2396     1.6633     2.4643     2.2710 0.0000e+00
      7.000    14.7411   3.909305    31.7445       2424     1.6823     2.4627     2.2729 0.0000e+00
      6.000    14.7418   3.909198    31.7433       2448     1.6996     2.4582     2.2726 0.0000e+00
      5.000    14.7430   3.909200    31.7428       2472     1.7162     2.4582     2.2700 0.0000e+00
      4.000    14.7438   3.909205    31.7425       2498     1.7338     2.4594     2.2690 0.0000e+00
      3.000    14.7467   3.909377    31.7421       2681     1.8610     2.4598     2.2698 0.0000e+00
