HB2407/CTD125.cnv
* Sea-Bird SBE 9 Data File:
* FileName = C:\cruise\data\CTD125.hex
* Software Version Seasave V 7.26.7.121
* Temperature SN = 4591
* Conductivity SN = 6006
* Number of Bytes Per Scan = 37
* Number of Voltage Words = 4
* Number of Scans Averaged by the Deck Unit = 1
* NMEA Latitude = 40 32.08 N
* NMEA Longitude = 069 26.93 W
* NMEA UTC (Time) = Oct 09 2024 09:12:11
* NMEA baud rate = 4800
** Ship: Bigelow HB2407
** Program:  Fall Bottom Trawl Survey
** Chief Scientist: John Galbraith
# nquan = 9
# nvalues = 98                          
# units = specified
# name 0 = depSM: Depth [salt water, m]
# name 1 = t090C: Temperature [ITS-90, deg C]
# name 2 = c0S/m: Conductivity [S/m]
# name 3 = sal00: Salinity, Practical [PSU]
# name 4 = scan: Scan Count
# name 5 = timeM: Time, Elapsed [minutes]
# name 6 = sbeox0V: Oxygen raw, SBE 43 [V]
# name 7 = sbeox1V: Oxygen raw, SBE 43, 2 [V]
# name 8 = flag: flag
# span 0 =      2.000,     51.000       
# span 1 =    12.9221,    17.7015       
# span 2 =   3.798560,   4.221764       
# span 3 =    31.9630,    32.2263       
# span 4 =        228,       3628       
# span 5 =     0.1576,     2.5184       
# span 6 =     2.2304,     2.5968       
# span 7 =     2.0610,     2.3995       
# span 8 = 0.0000e+00, 0.0000e+00       
# interval = meters: 1                  
# start_time = Oct 09 2024 09:12:11 [NMEA time, header]
# bad_flag = -9.990e-29
*END*
      3.000    17.6533   4.205917    32.0123        228     0.1576     2.5901     2.3961 0.0000e+00
      4.000    17.6514   4.205815    32.0125        453     0.3140     2.5919     2.3973 0.0000e+00
      5.000    17.6496   4.205703    32.0126        491     0.3404     2.5968     2.3973 0.0000e+00
      6.000    17.6561   4.206289    32.0122        520     0.3602     2.5917     2.3948 0.0000e+00
      7.000    17.6541   4.206109    32.0119        554     0.3840     2.5899     2.3920 0.0000e+00
      8.000    17.6556   4.206278    32.0117        591     0.4098     2.5846     2.3937 0.0000e+00
      9.000    17.6573   4.206521    32.0121        624     0.4328     2.5824     2.3971 0.0000e+00
     10.000    17.6578   4.206657    32.0125        652     0.4520     2.5867     2.3980 0.0000e+00
     11.000    17.6572   4.206588    32.0120        680     0.4717     2.5850     2.3963 0.0000e+00
     12.000    17.6570   4.206625    32.0122        713     0.4944     2.5817     2.3973 0.0000e+00
     13.000    17.6579   4.206960    32.0139        748     0.5189     2.5847     2.3995 0.0000e+00
     14.000    17.6581   4.207093    32.0145        780     0.5410     2.5886     2.3981 0.0000e+00
     15.000    17.6579   4.207415    32.0171        810     0.5620     2.5908     2.3990 0.0000e+00
     16.000    17.6586   4.207693    32.0185        839     0.5818     2.5916     2.3968 0.0000e+00
     17.000    17.6596   4.207877    32.0190        864     0.5994     2.5884     2.3944 0.0000e+00
     18.000    17.6637   4.208852    32.0237        888     0.6162     2.5857     2.3933 0.0000e+00
     19.000    17.6685   4.210133    32.0304        917     0.6358     2.5851     2.3921 0.0000e+00
     20.000    17.6772   4.212018    32.0392        958     0.6644     2.5853     2.3882 0.0000e+00
     21.000    17.7015   4.219162    32.0804        997     0.6918     2.5953     2.3915 0.0000e+00
     22.000    17.6813   4.221764    32.1181       1024     0.7107     2.5932     2.3963 0.0000e+00
     23.000    17.6014   4.215364    32.1264       1046     0.7259     2.5891     2.3965 0.0000e+00
     24.000    17.5822   4.213595    32.1262       1068     0.7410     2.5852     2.3932 0.0000e+00
     25.000    17.4676   4.203867    32.1336       1095     0.7597     2.5805     2.3890 0.0000e+00
     26.000    17.2829   4.185939    32.1264       1136     0.7880     2.5732     2.3801 0.0000e+00
     27.000    16.8483   4.143874    32.1103       1176     0.8157     2.5654     2.3792 0.0000e+00
     28.000    16.6989   4.128790    32.0987       1203     0.8351     2.5541     2.3729 0.0000e+00
     29.000    16.5554   4.114124    32.0859       1232     0.8550     2.5455     2.3697 0.0000e+00
     30.000    16.1617   4.076048    32.0693       1262     0.8759     2.5435     2.3647 0.0000e+00
     31.000    15.9662   4.057700    32.0655       1287     0.8929     2.5301     2.3529 0.0000e+00
     32.000    15.9156   4.054159    32.0748       1309     0.9081     2.5081     2.3342 0.0000e+00
     33.000    15.8504   4.047353    32.0672       1338     0.9282     2.4892     2.3137 0.0000e+00
     34.000    15.5960   4.022364    32.0517       1386     0.9615     2.4755     2.2979 0.0000e+00
     35.000    15.2886   3.994315    32.0517       1418     0.9841     2.4572     2.2876 0.0000e+00
     36.000    15.0657   3.974573    32.0567       1441     1.0001     2.4409     2.2746 0.0000e+00
     37.000    14.7981   3.950504    32.0590       1467     1.0177     2.4221     2.2573 0.0000e+00
     38.000    14.6194   3.934227    32.0584       1499     1.0405     2.3980     2.2327 0.0000e+00
     39.000    14.1413   3.893938    32.0862       1534     1.0647     2.3766     2.2077 0.0000e+00
     40.000    13.9175   3.873039    32.0800       1564     1.0858     2.3489     2.1849 0.0000e+00
     41.000    13.8378   3.865493    32.0764       1589     1.1031     2.3292     2.1689 0.0000e+00
     42.000    13.6720   3.853184    32.1009       1614     1.1198     2.3183     2.1563 0.0000e+00
     43.000    13.3273   3.828673    32.1621       1642     1.1398     2.3049     2.1444 0.0000e+00
     44.000    13.2159   3.820840    32.1826       1683     1.1682     2.2876     2.1266 0.0000e+00
     45.000    13.1820   3.818860    32.1922       1718     1.1925     2.2747     2.1143 0.0000e+00
     46.000    13.0580   3.810513    32.2186       1742     1.2092     2.2693     2.1080 0.0000e+00
     47.000    13.0104   3.806446    32.2203       1767     1.2262     2.2621     2.1016 0.0000e+00
     48.000    12.9750   3.803513    32.2224       1800     1.2493     2.2537     2.0921 0.0000e+00
     49.000    12.9383   3.800670    32.2263       1835     1.2738     2.2451     2.0829 0.0000e+00
     50.000    12.9234   3.799351    32.2261       1864     1.2937     2.2402     2.0773 0.0000e+00
     51.000    12.9221   3.798848    32.2221       1943     1.3485     2.2339     2.0680 0.0000e+00
     50.000    12.9289   3.798560    32.2140       2115     1.4679     2.2304     2.0634 0.0000e+00
     49.000    12.9417   3.799394    32.2114       2151     1.4933     2.2324     2.0616 0.0000e+00
     48.000    12.9452   3.799611    32.2109       2168     1.5052     2.2330     2.0610 0.0000e+00
     47.000    12.9491   3.799680    32.2086       2187     1.5180     2.2339     2.0617 0.0000e+00
     46.000    12.9601   3.800322    32.2057       2209     1.5336     2.2338     2.0626 0.0000e+00
     45.000    12.9833   3.801753    32.1999       2237     1.5531     2.2351     2.0643 0.0000e+00
     44.000    13.0478   3.805760    32.1833       2265     1.5721     2.2375     2.0672 0.0000e+00
     43.000    13.1371   3.811441    32.1614       2289     1.5885     2.2408     2.0691 0.0000e+00
     42.000    13.2252   3.816780    32.1374       2312     1.6049     2.2444     2.0715 0.0000e+00
     41.000    13.2881   3.820430    32.1189       2337     1.6222     2.2500     2.0764 0.0000e+00
     40.000    13.2549   3.820160    32.1448       2363     1.6405     2.2585     2.0835 0.0000e+00
     39.000    13.4588   3.831648    32.0808       2391     1.6600     2.2666     2.0885 0.0000e+00
     38.000    13.5913   3.842218    32.0683       2428     1.6855     2.2807     2.0982 0.0000e+00
     37.000    13.8967   3.862559    32.0019       2462     1.7091     2.2910     2.1066 0.0000e+00
     36.000    14.4141   3.907100    31.9817       2486     1.7258     2.3049     2.1142 0.0000e+00
     35.000    14.5364   3.918433    31.9845       2507     1.7403     2.3250     2.1277 0.0000e+00
     34.000    14.8975   3.948779    31.9630       2527     1.7541     2.3416     2.1406 0.0000e+00
     33.000    15.0568   3.963297    31.9638       2547     1.7678     2.3528     2.1516 0.0000e+00
     32.000    15.1410   3.974314    31.9942       2568     1.7825     2.3670     2.1662 0.0000e+00
     31.000    15.3270   3.990617    31.9889       2594     1.8006     2.3904     2.1871 0.0000e+00
     30.000    15.5013   4.009594    32.0167       2626     1.8232     2.4183     2.2055 0.0000e+00
     29.000    15.5858   4.015467    32.0007       2657     1.8447     2.4344     2.2205 0.0000e+00
     28.000    15.8959   4.042322    31.9878       2682     1.8619     2.4411     2.2308 0.0000e+00
     27.000    16.1024   4.061424    31.9899       2704     1.8772     2.4561     2.2454 0.0000e+00
     26.000    16.2510   4.076630    32.0041       2729     1.8944     2.4824     2.2609 0.0000e+00
     25.000    16.5831   4.109928    32.0287       2763     1.9182     2.5166     2.2823 0.0000e+00
     24.000    16.7826   4.128797    32.0333       2796     1.9411     2.5319     2.3114 0.0000e+00
     23.000    17.2084   4.170381    32.0533       2819     1.9572     2.5458     2.3300 0.0000e+00
     22.000    17.2902   4.179692    32.0686       2840     1.9718     2.5672     2.3462 0.0000e+00
     21.000    17.3477   4.186366    32.0805       2863     1.9876     2.5795     2.3603 0.0000e+00
     20.000    17.4870   4.198884    32.0775       2888     2.0050     2.5768     2.3704 0.0000e+00
     19.000    17.5889   4.207949    32.0746       2914     2.0232     2.5791     2.3722 0.0000e+00
     18.000    17.6180   4.207859    32.0513       2940     2.0410     2.5793     2.3749 0.0000e+00
     17.000    17.6132   4.205433    32.0348       2964     2.0580     2.5806     2.3803 0.0000e+00
     16.000    17.6168   4.204722    32.0262       2989     2.0747     2.5816     2.3832 0.0000e+00
     15.000    17.6111   4.204337    32.0278       3016     2.0935     2.5809     2.3873 0.0000e+00
     14.000    17.6359   4.205170    32.0157       3049     2.1167     2.5861     2.3904 0.0000e+00
     13.000    17.6268   4.203734    32.0110       3081     2.1390     2.5812     2.3903 0.0000e+00
     12.000    17.6298   4.203275    32.0051       3106     2.1563     2.5816     2.3907 0.0000e+00
     11.000    17.6321   4.203483    32.0054       3129     2.1723     2.5857     2.3894 0.0000e+00
     10.000    17.6308   4.203149    32.0039       3153     2.1888     2.5879     2.3896 0.0000e+00
      9.000    17.6331   4.203096    32.0020       3178     2.2066     2.5875     2.3884 0.0000e+00
      8.000    17.6378   4.203355    32.0009       3204     2.2242     2.5883     2.3905 0.0000e+00
      7.000    17.6364   4.203246    32.0015       3228     2.2408     2.5905     2.3926 0.0000e+00
      6.000    17.6325   4.203065    32.0033       3252     2.2576     2.5882     2.3917 0.0000e+00
      5.000    17.6331   4.203070    32.0032       3279     2.2767     2.5849     2.3917 0.0000e+00
      4.000    17.6404   4.203760    32.0037       3311     2.2985     2.5892     2.3920 0.0000e+00
      3.000    17.6369   4.203547    32.0050       3339     2.3181     2.5930     2.3927 0.0000e+00
      2.000    17.6438   4.204578    32.0087       3628     2.5184     2.5872     2.3959 0.0000e+00
