HB2407/CTD127.cnv
* Sea-Bird SBE 9 Data File:
* FileName = C:\cruise\data\CTD127.hex
* Software Version Seasave V 7.26.7.121
* Temperature SN = 4591
* Conductivity SN = 6006
* Number of Bytes Per Scan = 37
* Number of Voltage Words = 4
* Number of Scans Averaged by the Deck Unit = 1
* NMEA Latitude = 40 23.01 N
* NMEA Longitude = 067 59.44 W
* NMEA UTC (Time) = Oct 10 2024 00:12:05
* NMEA baud rate = 4800
** Ship: Bigelow HB2407
** Program:  Fall Bottom Trawl Survey
** Chief Scientist: John Galbraith
# nquan = 9
# nvalues = 273                         
# units = specified
# name 0 = depSM: Depth [salt water, m]
# name 1 = t090C: Temperature [ITS-90, deg C]
# name 2 = c0S/m: Conductivity [S/m]
# name 3 = sal00: Salinity, Practical [PSU]
# name 4 = scan: Scan Count
# name 5 = timeM: Time, Elapsed [minutes]
# name 6 = sbeox0V: Oxygen raw, SBE 43 [V]
# name 7 = sbeox1V: Oxygen raw, SBE 43, 2 [V]
# name 8 = flag: flag
# span 0 =      1.000,    138.000       
# span 1 =     6.2776,    17.4260       
# span 2 =   3.286023,   4.214984       
# span 3 =    32.0017,    34.0710       
# span 4 =        131,       9504       
# span 5 =     0.0904,     6.5996       
# span 6 =     2.0952,     2.7061       
# span 7 =     1.9323,     2.4820       
# span 8 = 0.0000e+00, 0.0000e+00       
# interval = meters: 1                  
# start_time = Oct 10 2024 00:12:05 [NMEA time, header]
# bad_flag = -9.990e-29
*END*
      3.000    17.4233   4.214490    32.2674        131     0.0904     2.6076     2.4147 0.0000e+00
      4.000    17.4243   4.214623    32.2673        284     0.1962     2.6081     2.4153 0.0000e+00
      5.000    17.4246   4.214698    32.2674        316     0.2187     2.6064     2.4105 0.0000e+00
      6.000    17.4254   4.214815    32.2674        361     0.2498     2.6137     2.4144 0.0000e+00
      7.000    17.4260   4.214921    32.2675        399     0.2763     2.6138     2.4144 0.0000e+00
      8.000    17.4250   4.214866    32.2675        433     0.3001     2.6172     2.4130 0.0000e+00
      9.000    17.4257   4.214984    32.2675        470     0.3254     2.6169     2.4099 0.0000e+00
     10.000    17.4243   4.214870    32.2673        502     0.3477     2.6124     2.4102 0.0000e+00
     11.000    17.4231   4.214795    32.2673        534     0.3699     2.6076     2.4117 0.0000e+00
     12.000    17.4227   4.214775    32.2671        667     0.4622     2.6074     2.4114 0.0000e+00
     13.000    17.4214   4.214695    32.2671        735     0.5094     2.6128     2.4142 0.0000e+00
     14.000    17.4192   4.214506    32.2668        765     0.5306     2.6116     2.4138 0.0000e+00
     15.000    17.4178   4.214380    32.2665        795     0.5513     2.6104     2.4132 0.0000e+00
     16.000    17.4159   4.214201    32.2662        821     0.5697     2.6081     2.4127 0.0000e+00
     17.000    17.4191   4.214601    32.2667        848     0.5879     2.6093     2.4090 0.0000e+00
     18.000    17.4162   4.214349    32.2665        877     0.6082     2.6091     2.4046 0.0000e+00
     19.000    17.4163   4.214349    32.2660        908     0.6299     2.6065     2.4061 0.0000e+00
     20.000    17.4132   4.214119    32.2661        936     0.6496     2.6048     2.4108 0.0000e+00
     21.000    17.4065   4.213482    32.2657        963     0.6681     2.6070     2.4112 0.0000e+00
     22.000    17.4034   4.213244    32.2658        990     0.6867     2.6034     2.4102 0.0000e+00
     23.000    17.3994   4.212901    32.2656       1016     0.7046     2.6041     2.4096 0.0000e+00
     24.000    17.3887   4.211892    32.2652       1040     0.7216     2.6031     2.4097 0.0000e+00
     25.000    17.3830   4.211366    32.2649       1067     0.7404     2.6092     2.4116 0.0000e+00
     26.000    17.3849   4.211515    32.2643       1096     0.7603     2.6083     2.4115 0.0000e+00
     27.000    17.3649   4.209795    32.2651       1120     0.7769     2.6030     2.4092 0.0000e+00
     28.000    17.3478   4.208118    32.2641       1141     0.7918     2.5998     2.4107 0.0000e+00
     29.000    17.3262   4.206201    32.2645       1165     0.8085     2.6038     2.4125 0.0000e+00
     30.000    17.2675   4.200655    32.2634       1199     0.8320     2.6046     2.4149 0.0000e+00
     31.000    17.1126   4.186753    32.2674       1236     0.8577     2.6032     2.4163 0.0000e+00
     32.000    16.8268   4.158907    32.2557       1265     0.8778     2.6049     2.4135 0.0000e+00
     33.000    16.6752   4.144180    32.2495       1291     0.8960     2.6069     2.4137 0.0000e+00
     34.000    15.9162   4.071047    32.2223       1316     0.9133     2.6143     2.4192 0.0000e+00
     35.000    15.2430   4.003365    32.1699       1339     0.9292     2.6035     2.4188 0.0000e+00
     36.000    14.5871   3.943598    32.1709       1361     0.9441     2.5935     2.4158 0.0000e+00
     37.000    14.0521   3.893888    32.1608       1383     0.9594     2.5894     2.4182 0.0000e+00
     38.000    13.5921   3.851629    32.1550       1409     0.9778     2.5861     2.4201 0.0000e+00
     39.000    13.2121   3.818082    32.1618       1444     1.0018     2.5949     2.4258 0.0000e+00
     40.000    13.0594   3.803538    32.1541       1478     1.0257     2.6101     2.4298 0.0000e+00
     41.000    12.8776   3.789726    32.1778       1504     1.0440     2.6178     2.4298 0.0000e+00
     42.000    12.5902   3.769004    32.2263       1527     1.0599     2.6183     2.4280 0.0000e+00
     43.000    11.5871   3.692683    32.3576       1551     1.0766     2.6111     2.4225 0.0000e+00
     44.000    11.3299   3.669819    32.3587       1579     1.0961     2.5762     2.3989 0.0000e+00
     45.000    11.0008   3.643413    32.3876       1610     1.1176     2.5489     2.3750 0.0000e+00
     46.000    10.8979   3.634140    32.3863       1639     1.1372     2.5282     2.3576 0.0000e+00
     47.000    10.8143   3.627354    32.3924       1666     1.1559     2.5164     2.3435 0.0000e+00
     48.000    10.7481   3.621692    32.3943       1693     1.1752     2.5076     2.3310 0.0000e+00
     49.000    10.6948   3.617349    32.3979       1721     1.1943     2.5021     2.3183 0.0000e+00
     50.000    10.6202   3.611297    32.4033       1748     1.2130     2.4963     2.3106 0.0000e+00
     51.000    10.5705   3.607032    32.4045       1776     1.2324     2.4918     2.3057 0.0000e+00
     52.000    10.5379   3.604185    32.4046       1803     1.2516     2.4867     2.3036 0.0000e+00
     53.000    10.4225   3.595629    32.4211       1828     1.2685     2.4819     2.2995 0.0000e+00
     54.000    10.3843   3.592140    32.4198       1850     1.2840     2.4784     2.2941 0.0000e+00
     55.000    10.2858   3.584790    32.4334       1874     1.3004     2.4751     2.2905 0.0000e+00
     56.000    10.1171   3.572286    32.4579       1902     1.3200     2.4700     2.2850 0.0000e+00
     57.000     9.9165   3.556910    32.4819       1934     1.3427     2.4585     2.2776 0.0000e+00
     58.000     9.7041   3.541674    32.5180       1970     1.3673     2.4479     2.2685 0.0000e+00
     59.000     9.5492   3.531671    32.5556       2006     1.3921     2.4360     2.2582 0.0000e+00
     60.000     9.4475   3.526025    32.5896       2031     1.4099     2.4297     2.2515 0.0000e+00
     61.000     9.2679   3.515210    32.6416       2053     1.4248     2.4249     2.2480 0.0000e+00
     62.000     9.0969   3.505389    32.6962       2073     1.4388     2.4210     2.2453 0.0000e+00
     63.000     8.8812   3.491295    32.7478       2095     1.4542     2.4150     2.2411 0.0000e+00
     64.000     8.3921   3.455948    32.8303       2120     1.4716     2.4127     2.2383 0.0000e+00
     65.000     7.7645   3.405556    32.8823       2145     1.4888     2.4141     2.2419 0.0000e+00
     66.000     7.5920   3.388977    32.8667       2169     1.5059     2.4127     2.2428 0.0000e+00
     67.000     7.3273   3.365125    32.8593       2203     1.5290     2.4165     2.2470 0.0000e+00
     68.000     7.0106   3.339119    32.8774       2245     1.5584     2.4157     2.2469 0.0000e+00
     69.000     6.7261   3.319657    32.9360       2276     1.5800     2.4126     2.2405 0.0000e+00
     70.000     6.5834   3.307568    32.9396       2301     1.5970     2.4049     2.2325 0.0000e+00
     71.000     6.4645   3.297840    32.9462       2322     1.6119     2.3947     2.2236 0.0000e+00
     72.000     6.3426   3.289281    32.9684       2343     1.6262     2.3843     2.2124 0.0000e+00
     73.000     6.3248   3.289332    32.9857       2365     1.6420     2.3754     2.2006 0.0000e+00
     74.000     6.2776   3.286023    32.9942       2389     1.6586     2.3701     2.1934 0.0000e+00
     75.000     6.2904   3.287004    32.9922       2417     1.6776     2.3650     2.1865 0.0000e+00
     76.000     6.5717   3.315086    33.0305       2449     1.6997     2.3603     2.1794 0.0000e+00
     77.000     7.1669   3.383339    33.2051       2483     1.7233     2.3676     2.1798 0.0000e+00
     78.000     7.6873   3.445796    33.3816       2516     1.7464     2.3813     2.1867 0.0000e+00
     79.000     8.0085   3.481381    33.4550       2546     1.7671     2.3805     2.1854 0.0000e+00
     80.000     8.3000   3.515073    33.5349       2570     1.7843     2.3714     2.1768 0.0000e+00
     81.000     8.4390   3.531852    33.5796       2593     1.8000     2.3645     2.1695 0.0000e+00
     82.000     8.5322   3.543366    33.6119       2616     1.8159     2.3532     2.1616 0.0000e+00
     83.000     8.6033   3.552654    33.6416       2640     1.8328     2.3397     2.1517 0.0000e+00
     84.000     8.6616   3.563463    33.6994       2664     1.8495     2.3278     2.1423 0.0000e+00
     85.000     8.6795   3.569788    33.7484       2687     1.8649     2.3186     2.1343 0.0000e+00
     86.000     8.6390   3.569435    33.7828       2709     1.8808     2.3098     2.1275 0.0000e+00
     87.000     8.6539   3.573061    33.8064       2738     1.9008     2.2933     2.1160 0.0000e+00
     88.000     8.6585   3.574852    33.8203       2783     1.9317     2.2729     2.0990 0.0000e+00
     89.000     8.6450   3.574217    33.8260       2821     1.9586     2.2610     2.0874 0.0000e+00
     90.000     8.6038   3.570966    33.8307       2848     1.9773     2.2537     2.0812 0.0000e+00
     91.000     8.5670   3.567827    33.8324       2873     1.9946     2.2504     2.0771 0.0000e+00
     92.000     8.5588   3.567725    33.8387       2896     2.0106     2.2471     2.0736 0.0000e+00
     93.000     8.6623   3.579090    33.8589       2916     2.0245     2.2436     2.0716 0.0000e+00
     94.000     8.5734   3.578150    33.9338       2935     2.0378     2.2433     2.0704 0.0000e+00
     95.000     8.3325   3.555885    33.9296       2957     2.0525     2.2413     2.0682 0.0000e+00
     96.000     8.2378   3.546125    33.9168       2981     2.0696     2.2279     2.0609 0.0000e+00
     97.000     8.1758   3.540149    33.9126       3011     2.0899     2.2159     2.0507 0.0000e+00
     98.000     8.0512   3.527717    33.9000       3041     2.1111     2.2089     2.0429 0.0000e+00
     99.000     7.9373   3.516428    33.8891       3076     2.1354     2.1996     2.0364 0.0000e+00
    100.000     7.8147   3.503944    33.8735       3115     2.1625     2.1951     2.0316 0.0000e+00
    101.000     7.7800   3.500694    33.8719       3148     2.1856     2.1954     2.0306 0.0000e+00
    102.000     7.6966   3.493159    33.8713       3173     2.2030     2.1950     2.0298 0.0000e+00
    103.000     7.5194   3.476978    33.8685       3194     2.2177     2.1932     2.0287 0.0000e+00
    104.000     7.4027   3.464865    33.8506       3214     2.2315     2.1892     2.0261 0.0000e+00
    105.000     7.2961   3.455747    33.8552       3235     2.2460     2.1855     2.0221 0.0000e+00
    106.000     7.1620   3.442032    33.8365       3258     2.2621     2.1832     2.0194 0.0000e+00
    107.000     7.2608   3.452661    33.8552       3284     2.2798     2.1794     2.0157 0.0000e+00
    108.000     7.3026   3.460127    33.8952       3312     2.2990     2.1805     2.0145 0.0000e+00
    109.000     7.2856   3.458533    33.8939       3340     2.3185     2.1779     2.0104 0.0000e+00
    110.000     7.2991   3.460257    33.8990       3370     2.3394     2.1693     2.0040 0.0000e+00
    111.000     7.3093   3.462081    33.9084       3404     2.3634     2.1642     1.9984 0.0000e+00
    112.000     7.3583   3.467793    33.9219       3437     2.3863     2.1596     1.9947 0.0000e+00
    113.000     7.4109   3.474437    33.9422       3466     2.4060     2.1552     1.9922 0.0000e+00
    114.000     7.4751   3.481602    33.9566       3491     2.4239     2.1525     1.9887 0.0000e+00
    115.000     7.5387   3.489702    33.9817       3514     2.4399     2.1468     1.9845 0.0000e+00
    116.000     7.5755   3.495548    34.0084       3536     2.4552     2.1432     1.9806 0.0000e+00
    117.000     7.5728   3.495749    34.0127       3560     2.4715     2.1396     1.9758 0.0000e+00
    118.000     7.5671   3.495211    34.0120       3587     2.4901     2.1313     1.9690 0.0000e+00
    119.000     7.5662   3.495278    34.0132       3614     2.5092     2.1243     1.9627 0.0000e+00
    120.000     7.5842   3.497081    34.0145       3638     2.5260     2.1218     1.9597 0.0000e+00
    121.000     7.6216   3.501406    34.0242       3664     2.5434     2.1204     1.9578 0.0000e+00
    122.000     7.6783   3.507803    34.0374       3696     2.5661     2.1195     1.9547 0.0000e+00
    123.000     7.6602   3.506659    34.0422       3732     2.5912     2.1171     1.9522 0.0000e+00
    124.000     7.6397   3.504556    34.0390       3761     2.6109     2.1131     1.9494 0.0000e+00
    125.000     7.6255   3.503294    34.0388       3785     2.6276     2.1082     1.9473 0.0000e+00
    126.000     7.6318   3.503935    34.0391       3808     2.6436     2.1042     1.9454 0.0000e+00
    127.000     7.6376   3.504626    34.0404       3832     2.6604     2.1031     1.9437 0.0000e+00
    128.000     7.6460   3.505547    34.0416       3858     2.6782     2.1043     1.9437 0.0000e+00
    129.000     7.6512   3.506203    34.0432       3886     2.6981     2.1036     1.9447 0.0000e+00
    130.000     7.6553   3.506723    34.0443       3918     2.7201     2.1029     1.9448 0.0000e+00
    131.000     7.6568   3.507031    34.0457       3947     2.7401     2.1031     1.9440 0.0000e+00
    132.000     7.6577   3.507181    34.0460       3970     2.7564     2.1011     1.9419 0.0000e+00
    133.000     7.6588   3.507613    34.0490       3992     2.7714     2.1000     1.9412 0.0000e+00
    134.000     7.6678   3.509257    34.0574       4014     2.7868     2.1001     1.9403 0.0000e+00
    135.000     7.6694   3.509622    34.0593       4038     2.8036     2.1001     1.9390 0.0000e+00
    136.000     7.6724   3.510310    34.0634       4067     2.8237     2.1013     1.9390 0.0000e+00
    137.000     7.6727   3.510360    34.0632       4106     2.8508     2.1003     1.9378 0.0000e+00
    138.000     7.6827   3.511890    34.0694       4315     2.9961     2.0975     1.9339 0.0000e+00
    137.000     7.6854   3.512238    34.0710       4806     3.3369     2.0952     1.9329 0.0000e+00
    136.000     7.6856   3.512178    34.0706       4973     3.4527     2.0971     1.9323 0.0000e+00
    135.000     7.6852   3.512101    34.0706       4996     3.4687     2.0980     1.9324 0.0000e+00
    134.000     7.6800   3.511264    34.0672       5023     3.4877     2.0972     1.9337 0.0000e+00
    133.000     7.6705   3.509562    34.0586       5051     3.5073     2.0981     1.9338 0.0000e+00
    132.000     7.6646   3.508429    34.0526       5076     3.5242     2.0980     1.9337 0.0000e+00
    131.000     7.6621   3.507750    34.0482       5098     3.5397     2.0975     1.9340 0.0000e+00
    130.000     7.6622   3.507685    34.0480       5122     3.5562     2.0985     1.9353 0.0000e+00
    129.000     7.6614   3.507517    34.0474       5150     3.5757     2.0995     1.9367 0.0000e+00
    128.000     7.6596   3.507240    34.0467       5181     3.5973     2.1014     1.9379 0.0000e+00
    127.000     7.6535   3.506652    34.0468       5210     3.6176     2.1016     1.9388 0.0000e+00
    126.000     7.6458   3.505540    34.0428       5237     3.6360     2.1019     1.9397 0.0000e+00
    125.000     7.6453   3.505368    34.0419       5261     3.6530     2.1018     1.9411 0.0000e+00
    124.000     7.6397   3.504712    34.0407       5284     3.6687     2.1019     1.9414 0.0000e+00
    123.000     7.6393   3.504490    34.0392       5306     3.6843     2.1022     1.9423 0.0000e+00
    122.000     7.6453   3.504909    34.0384       5332     3.7020     2.1027     1.9408 0.0000e+00
    121.000     7.6591   3.506148    34.0388       5361     3.7219     2.1044     1.9404 0.0000e+00
    120.000     7.6608   3.506271    34.0389       5387     3.7401     2.1060     1.9414 0.0000e+00
    119.000     7.6575   3.505863    34.0382       5411     3.7570     2.1068     1.9430 0.0000e+00
    118.000     7.6368   3.503572    34.0342       5441     3.7780     2.1083     1.9427 0.0000e+00
    117.000     7.6434   3.503854    34.0312       5477     3.8027     2.1074     1.9412 0.0000e+00
    116.000     7.6033   3.499821    34.0274       5502     3.8203     2.1072     1.9422 0.0000e+00
    115.000     7.5923   3.498052    34.0195       5522     3.8339     2.1077     1.9434 0.0000e+00
    114.000     7.5896   3.497652    34.0184       5541     3.8474     2.1089     1.9447 0.0000e+00
