HB2407/CTD117.cnv
* Sea-Bird SBE 9 Data File:
* FileName = C:\cruise\data\CTD117.hex
* Software Version Seasave V 7.26.7.121
* Temperature SN = 4591
* Conductivity SN = 6006
* Number of Bytes Per Scan = 37
* Number of Voltage Words = 4
* Number of Scans Averaged by the Deck Unit = 1
* NMEA Latitude = 40 00.28 N
* NMEA Longitude = 070 31.43 W
* NMEA UTC (Time) = Oct 08 2024 04:52:24
* NMEA baud rate = 4800
** Ship: Bigelow HB2407
** Program:  Fall Bottom Trawl Survey
** Chief Scientist: John Galbraith
# nquan = 9
# nvalues = 650                         
# units = specified
# name 0 = depSM: Depth [salt water, m]
# name 1 = t090C: Temperature [ITS-90, deg C]
# name 2 = c0S/m: Conductivity [S/m]
# name 3 = sal00: Salinity, Practical [PSU]
# name 4 = scan: Scan Count
# name 5 = timeM: Time, Elapsed [minutes]
# name 6 = sbeox0V: Oxygen raw, SBE 43 [V]
# name 7 = sbeox1V: Oxygen raw, SBE 43, 2 [V]
# name 8 = flag: flag
# span 0 =      2.000,    327.000       
# span 1 =     9.0283,    24.8161       
# span 2 =   3.749121,   5.409526       
# span 3 =    33.4269,    36.5251       
# span 4 =         89,      19063       
# span 5 =     0.0613,    13.2377       
# span 6 =     1.5470,     2.5301       
# span 7 =     1.4392,     2.3569       
# span 8 = 0.0000e+00, 0.0000e+00       
# interval = meters: 1                  
# start_time = Oct 08 2024 04:52:24 [NMEA time, header]
# bad_flag = -9.990e-29
*END*
[from data line 481]
    170.000    14.3973   4.332318    35.8520      14388     9.9912     1.6863     1.5659 0.0000e+00
    169.000    14.4238   4.335776    35.8600      14412    10.0075     1.6886     1.5670 0.0000e+00
    168.000    14.4227   4.335946    35.8629      14434    10.0232     1.6878     1.5675 0.0000e+00
    167.000    14.4350   4.337149    35.8631      14460    10.0410     1.6866     1.5663 0.0000e+00
    166.000    14.4642   4.340340    35.8661      14486    10.0588     1.6849     1.5657 0.0000e+00
    165.000    14.4895   4.343266    35.8701      14506    10.0728     1.6830     1.5656 0.0000e+00
    164.000    14.5040   4.345030    35.8734      14522    10.0843     1.6817     1.5649 0.0000e+00
    163.000    14.5263   4.347474    35.8758      14538    10.0950     1.6819     1.5644 0.0000e+00
    162.000    14.5403   4.349317    35.8803      14554    10.1062     1.6824     1.5648 0.0000e+00
    161.000    14.5660   4.352201    35.8836      14573    10.1197     1.6864     1.5661 0.0000e+00
    160.000    14.6349   4.360475    35.8966      14615    10.1487     1.6922     1.5688 0.0000e+00
    159.000    14.6804   4.365902    35.9050      14672    10.1882     1.6977     1.5760 0.0000e+00
    158.000    14.6994   4.368284    35.9098      14698    10.2060     1.7000     1.5777 0.0000e+00
    157.000    14.7084   4.369409    35.9122      14722    10.2226     1.7020     1.5800 0.0000e+00
    156.000    14.7299   4.371861    35.9153      14749    10.2415     1.7029     1.5823 0.0000e+00
    155.000    14.7589   4.375079    35.9186      14777    10.2609     1.7038     1.5818 0.0000e+00
    154.000    14.8101   4.381218    35.9282      14800    10.2771     1.7050     1.5826 0.0000e+00
    153.000    14.8549   4.386303    35.9340      14820    10.2908     1.7072     1.5834 0.0000e+00
    152.000    14.8927   4.391400    35.9463      14838    10.3036     1.7101     1.5863 0.0000e+00
    151.000    14.9336   4.395866    35.9499      14857    10.3165     1.7163     1.5899 0.0000e+00
    150.000    14.9899   4.402471    35.9590      14877    10.3306     1.7215     1.5944 0.0000e+00
    149.000    15.0547   4.410254    35.9709      14903    10.3486     1.7333     1.6011 0.0000e+00
    148.000    15.1252   4.418762    35.9842      14937    10.3725     1.7503     1.6115 0.0000e+00
    147.000    15.1624   4.422886    35.9880      14969    10.3943     1.7556     1.6212 0.0000e+00
    146.000    15.2225   4.430472    36.0023      14996    10.4131     1.7579     1.6265 0.0000e+00
    145.000    15.2562   4.434790    36.0111      15028    10.4355     1.7622     1.6337 0.0000e+00
    144.000    15.3033   4.440072    36.0162      15068    10.4631     1.7689     1.6404 0.0000e+00
    143.000    15.4077   4.452537    36.0340      15095    10.4819     1.7777     1.6442 0.0000e+00
    142.000    15.4380   4.457046    36.0475      15115    10.4958     1.7857     1.6486 0.0000e+00
    141.000    15.4494   4.458274    36.0486      15133    10.5085     1.7957     1.6572 0.0000e+00
    140.000    15.4791   4.461605    36.0520      15151    10.5210     1.8060     1.6673 0.0000e+00
    139.000    15.5287   4.467347    36.0588      15171    10.5346     1.8128     1.6750 0.0000e+00
    138.000    15.5720   4.472812    36.0691      15196    10.5520     1.8158     1.6792 0.0000e+00
    137.000    15.6124   4.477897    36.0785      15235    10.5792     1.8224     1.6873 0.0000e+00
    136.000    15.6465   4.481700    36.0820      15271    10.6041     1.8259     1.6929 0.0000e+00
    135.000    15.6841   4.486152    36.0881      15293    10.6194     1.8287     1.6977 0.0000e+00
    134.000    15.7088   4.489398    36.0952      15313    10.6335     1.8329     1.7011 0.0000e+00
    133.000    15.7502   4.494156    36.1006      15340    10.6518     1.8383     1.7058 0.0000e+00
    132.000    15.7990   4.500030    36.1093      15380    10.6797     1.8444     1.7111 0.0000e+00
    131.000    15.8677   4.507432    36.1135      15409    10.7002     1.8405     1.7113 0.0000e+00
    130.000    15.9358   4.515758    36.1265      15429    10.7137     1.8422     1.7110 0.0000e+00
    129.000    15.9612   4.518787    36.1309      15446    10.7258     1.8471     1.7114 0.0000e+00
    128.000    15.9807   4.521179    36.1349      15464    10.7382     1.8515     1.7129 0.0000e+00
    127.000    15.9998   4.523436    36.1382      15486    10.7532     1.8558     1.7174 0.0000e+00
    126.000    16.0099   4.524750    36.1411      15517    10.7749     1.8547     1.7228 0.0000e+00
    125.000    16.0267   4.526577    36.1426      15555    10.8011     1.8522     1.7242 0.0000e+00
    124.000    16.0643   4.530876    36.1471      15585    10.8220     1.8527     1.7246 0.0000e+00
    123.000    16.0911   4.534024    36.1513      15618    10.8454     1.8528     1.7228 0.0000e+00
    122.000    16.1379   4.538755    36.1514      15652    10.8689     1.8461     1.7192 0.0000e+00
    121.000    16.1669   4.542531    36.1590      15678    10.8867     1.8461     1.7166 0.0000e+00
    120.000    16.1822   4.544429    36.1625      15700    10.9022     1.8481     1.7151 0.0000e+00
    119.000    16.2073   4.547119    36.1640      15721    10.9165     1.8479     1.7161 0.0000e+00
    118.000    16.2396   4.550672    36.1668      15740    10.9298     1.8472     1.7171 0.0000e+00
    117.000    16.2893   4.555858    36.1682      15758    10.9424     1.8463     1.7165 0.0000e+00
    116.000    16.3208   4.559284    36.1705      15776    10.9547     1.8455     1.7156 0.0000e+00
    115.000    16.3663   4.563890    36.1705      15795    10.9678     1.8431     1.7142 0.0000e+00
    114.000    16.3908   4.565856    36.1662      15820    10.9852     1.8323     1.7094 0.0000e+00
    113.000    16.5005   4.576822    36.1644      15891    11.0344     1.7831     1.6722 0.0000e+00
    112.000    16.5721   4.583622    36.1602      15935    11.0655     1.7594     1.6444 0.0000e+00
    111.000    16.6095   4.586501    36.1522      15956    11.0802     1.7581     1.6385 0.0000e+00
    110.000    16.6074   4.585164    36.1428      15975    11.0930     1.7552     1.6344 0.0000e+00
    109.000    16.6044   4.583471    36.1309      15991    11.1044     1.7558     1.6330 0.0000e+00
    108.000    16.5817   4.578265    36.1058      16006    11.1149     1.7575     1.6326 0.0000e+00
    107.000    16.5475   4.572018    36.0817      16021    11.1252     1.7604     1.6335 0.0000e+00
    106.000    16.5455   4.569481    36.0615      16037    11.1364     1.7644     1.6368 0.0000e+00
    105.000    16.6481   4.578890    36.0525      16058    11.1510     1.7754     1.6429 0.0000e+00
    104.000    16.8839   4.605582    36.0759      16103    11.1823     1.7973     1.6607 0.0000e+00
    103.000    17.0641   4.625244    36.0870      16152    11.2162     1.8088     1.6745 0.0000e+00
    102.000    17.0768   4.626163    36.0840      16190    11.2421     1.8195     1.6817 0.0000e+00
    101.000    17.0807   4.625177    36.0724      16229    11.2692     1.8247     1.6931 0.0000e+00
    100.000    17.2237   4.639440    36.0693      16252    11.2854     1.8276     1.6964 0.0000e+00
     99.000    17.3142   4.651686    36.0957      16268    11.2965     1.8314     1.6994 0.0000e+00
     98.000    17.4032   4.660718    36.0951      16281    11.3058     1.8350     1.7029 0.0000e+00
     97.000    17.5615   4.677512    36.1002      16295    11.3150     1.8401     1.7058 0.0000e+00
     96.000    17.6269   4.685794    36.1141      16309    11.3250     1.8463     1.7083 0.0000e+00
     95.000    17.7804   4.701113    36.1104      16330    11.3396     1.8567     1.7148 0.0000e+00
     94.000    18.0335   4.733168    36.1621      16394    11.3837     1.8813     1.7338 0.0000e+00
     93.000    18.1070   4.742114    36.1740      16423    11.4042     1.8762     1.7396 0.0000e+00
     92.000    18.2140   4.756724    36.2048      16441    11.4165     1.8763     1.7414 0.0000e+00
     91.000    18.2875   4.766335    36.2223      16458    11.4287     1.8779     1.7429 0.0000e+00
     90.000    18.5513   4.798759    36.2655      16487    11.4483     1.8763     1.7416 0.0000e+00
     89.000    19.0085   4.861261    36.3923      16548    11.4907     1.8604     1.7351 0.0000e+00
     88.000    19.0455   4.865433    36.3950      16570    11.5059     1.8494     1.7217 0.0000e+00
     87.000    19.0836   4.869927    36.3997      16585    11.5169     1.8443     1.7178 0.0000e+00
     86.000    19.1867   4.880425    36.3977      16600    11.5273     1.8401     1.7155 0.0000e+00
     85.000    19.2878   4.893711    36.4208      16617    11.5389     1.8394     1.7118 0.0000e+00
     84.000    19.5259   4.918259    36.4178      16642    11.5561     1.8449     1.7099 0.0000e+00
     83.000    19.7651   4.945979    36.4400      16683    11.5845     1.8618     1.7184 0.0000e+00
     82.000    19.9052   4.960489    36.4385      16709    11.6029     1.8790     1.7310 0.0000e+00
     81.000    19.9634   4.967631    36.4473      16727    11.6155     1.8863     1.7439 0.0000e+00
     80.000    19.9905   4.971187    36.4535      16745    11.6281     1.8924     1.7546 0.0000e+00
     79.000    20.2661   5.001795    36.4669      16800    11.6663     1.9162     1.7738 0.0000e+00
     78.000    20.4536   5.022307    36.4733      16855    11.7040     1.9331     1.7952 0.0000e+00
     77.000    20.5365   5.030430    36.4685      16868    11.7134     1.9347     1.7983 0.0000e+00
     76.000    20.5314   5.028959    36.4612      16881    11.7225     1.9367     1.8000 0.0000e+00
     75.000    20.5183   5.026584    36.4535      16895    11.7320     1.9410     1.8004 0.0000e+00
     74.000    20.5210   5.024097    36.4312      16912    11.7438     1.9506     1.8063 0.0000e+00
     73.000    20.5882   5.024759    36.3793      16938    11.7616     1.9708     1.8194 0.0000e+00
     72.000    20.6383   5.026415    36.3501      16971    11.7850     2.0042     1.8431 0.0000e+00
     71.000    20.7568   5.038626    36.3482      17000    11.8047     2.0248     1.8680 0.0000e+00
     70.000    21.0623   5.075013    36.3820      17034    11.8282     2.0437     1.8869 0.0000e+00
     69.000    21.1802   5.089589    36.3994      17075    11.8570     2.0618     1.9089 0.0000e+00
     68.000    21.3388   5.109122    36.4217      17102    11.8760     2.0637     1.9195 0.0000e+00
     67.000    21.4237   5.117469    36.4168      17128    11.8936     2.0666     1.9240 0.0000e+00
     66.000    21.4483   5.116942    36.3921      17158    11.9148     2.0803     1.9310 0.0000e+00
     65.000    21.4620   5.115993    36.3733      17184    11.9326     2.1057     1.9439 0.0000e+00
     64.000    21.4423   5.109119    36.3353      17203    11.9455     2.1158     1.9541 0.0000e+00
     63.000    21.3964   5.097730    36.2833      17220    11.9575     2.1222     1.9590 0.0000e+00
     62.000    21.4097   5.094122    36.2435      17239    11.9707     2.1300     1.9650 0.0000e+00
     61.000    21.4450   5.092586    36.2018      17267    11.9904     2.1560     1.9845 0.0000e+00
     60.000    21.4709   5.091012    36.1678      17304    12.0157     2.1798     2.0120 0.0000e+00
     59.000    21.4335   5.074171    36.0649      17332    12.0356     2.1918     2.0272 0.0000e+00
     58.000    21.2312   5.023328    35.8279      17357    12.0527     2.2092     2.0384 0.0000e+00
     57.000    21.1857   5.007335    35.7381      17387    12.0733     2.2406     2.0645 0.0000e+00
     56.000    21.2429   5.010488    35.7159      17430    12.1031     2.3008     2.1212 0.0000e+00
     55.000    21.3373   5.013983    35.6656      17461    12.1252     2.3277     2.1524 0.0000e+00
     54.000    21.1057   4.980082    35.5869      17480    12.1384     2.3352     2.1634 0.0000e+00
     53.000    20.5601   4.893682    35.3446      17497    12.1498     2.3304     2.1699 0.0000e+00
     52.000    19.2627   4.717363    34.9763      17514    12.1621     2.3100     2.1736 0.0000e+00
     51.000    17.9343   4.500278    34.2700      17539    12.1793     2.2845     2.1684 0.0000e+00
     50.000    17.1496   4.389616    33.9811      17574    12.2032     2.2787     2.1545 0.0000e+00
     49.000    16.1495   4.251023    33.6121      17602    12.2227     2.3005     2.1580 0.0000e+00
     48.000    16.2833   4.242644    33.4269      17624    12.2380     2.2946     2.1543 0.0000e+00
     47.000    16.3417   4.251697    33.4580      17646    12.2537     2.3024     2.1462 0.0000e+00
     46.000    16.4124   4.257113    33.4467      17673    12.2723     2.3140     2.1483 0.0000e+00
     45.000    16.4689   4.262178    33.4442      17700    12.2911     2.3192     2.1520 0.0000e+00
     44.000    16.5187   4.267496    33.4494      17724    12.3078     2.3191     2.1540 0.0000e+00
     43.000    16.5767   4.273933    33.4577      17750    12.3258     2.3242     2.1582 0.0000e+00
     42.000    18.0354   4.455419    33.8065      17798    12.3591     2.3644     2.1690 0.0000e+00
     41.000    18.3221   4.488620    33.8540      17836    12.3856     2.3968     2.2024 0.0000e+00
     40.000    19.1691   4.600333    34.0932      17854    12.3979     2.3943     2.2016 0.0000e+00
     39.000    19.2150   4.608939    34.1270      17870    12.4089     2.3996     2.2039 0.0000e+00
     38.000    19.5551   4.652302    34.2069      17886    12.4201     2.4005     2.2131 0.0000e+00
     37.000    19.8832   4.691199    34.2584      17905    12.4333     2.4144     2.2207 0.0000e+00
     36.000    20.4998   4.782324    34.4984      17930    12.4505     2.4497     2.2319 0.0000e+00
     35.000    21.1961   4.866798    34.6112      17957    12.4696     2.4582     2.2474 0.0000e+00
     34.000    23.0384   5.131843    35.2094      17980    12.4854     2.4602     2.2524 0.0000e+00
     33.000    23.4374   5.202030    35.4289      18001    12.5000     2.5022     2.2826 0.0000e+00
     32.000    24.0613   5.291032    35.6061      18032    12.5217     2.5243     2.3077 0.0000e+00
     31.000    24.7203   5.382514    35.7724      18108    12.5742     2.5287     2.3446 0.0000e+00
     30.000    24.3998   5.330069    35.6333      18127    12.5875     2.5190     2.3379 0.0000e+00
     29.000    24.4904   5.339177    35.6300      18144    12.5991     2.5185     2.3351 0.0000e+00
     28.000    24.5504   5.345148    35.6275      18160    12.6105     2.5188     2.3377 0.0000e+00
     27.000    24.6188   5.354452    35.6434      18178    12.6228     2.5173     2.3402 0.0000e+00
     26.000    24.6425   5.357944    35.6511      18198    12.6367     2.5204     2.3435 0.0000e+00
     25.000    24.6634   5.360994    35.6577      18219    12.6516     2.5164     2.3472 0.0000e+00
     24.000    24.6950   5.365240    35.6647      18241    12.6665     2.5131     2.3490 0.0000e+00
     23.000    24.7124   5.367831    35.6706      18262    12.6814     2.5182     2.3448 0.0000e+00
     22.000    24.7265   5.369904    35.6752      18287    12.6988     2.5239     2.3455 0.0000e+00
     21.000    24.7662   5.376171    35.6910      18331    12.7290     2.5181     2.3478 0.0000e+00
     20.000    24.7577   5.375787    35.6951      18378    12.7616     2.5201     2.3466 0.0000e+00
     19.000    24.7551   5.375733    35.6971      18404    12.7797     2.5170     2.3402 0.0000e+00
     18.000    24.7675   5.377292    35.6992      18427    12.7960     2.5165     2.3447 0.0000e+00
     17.000    24.7714   5.378053    35.7022      18451    12.8128     2.5177     2.3443 0.0000e+00
     16.000    24.7710   5.377968    35.7022      18473    12.8281     2.5183     2.3411 0.0000e+00
     15.000    24.7709   5.378008    35.7029      18491    12.8404     2.5167     2.3443 0.0000e+00
     14.000    24.7762   5.378624    35.7036      18507    12.8515     2.5131     2.3491 0.0000e+00
     13.000    24.7735   5.378464    35.7049      18523    12.8625     2.5172     2.3524 0.0000e+00
     12.000    24.7775   5.378745    35.7042      18542    12.8756     2.5162     2.3475 0.0000e+00
