HB2407/CTD179.cnv
* Sea-Bird SBE 9 Data File:
* FileName = C:\cruise\data\CTD179.hex
* Software Version Seasave V 7.26.7.121
* Temperature SN = 4591
* Conductivity SN = 6006
* Number of Bytes Per Scan = 37
* Number of Voltage Words = 4
* Number of Scans Averaged by the Deck Unit = 1
* NMEA Latitude = 42 08.34 N
* NMEA Longitude = 066 46.91 W
* NMEA UTC (Time) = Oct 30 2024 00:33:43
* NMEA baud rate = 4800
** Ship: Bigelow HB2407
** Program:  Fall Bottom Trawl Survey
** Chief Scientist: John Galbraith
# nquan = 9
# nvalues = 154                         
# units = specified
# name 0 = depSM: Depth [salt water, m]
# name 1 = t090C: Temperature [ITS-90, deg C]
# name 2 = c0S/m: Conductivity [S/m]
# name 3 = sal00: Salinity, Practical [PSU]
# name 4 = scan: Scan Count
# name 5 = timeM: Time, Elapsed [minutes]
# name 6 = sbeox0V: Oxygen raw, SBE 43 [V]
# name 7 = sbeox1V: Oxygen raw, SBE 43, 2 [V]
# name 8 = flag: flag
# span 0 =      2.000,     79.000       
# span 1 =     8.0067,    12.4655       
# span 2 =   3.413946,   3.743431       
# span 3 =    31.9232,    32.7558       
# span 4 =         32,       5084       
# span 5 =     0.0214,     3.5297       
# span 6 =     2.1055,     2.5995       
# span 7 =     1.9660,     2.4304       
# span 8 = 0.0000e+00, 0.0000e+00       
# interval = meters: 1                  
# start_time = Oct 30 2024 00:33:43 [NMEA time, header]
# bad_flag = -9.990e-29
*END*
      3.000    12.0759   3.689710    31.9232         32     0.0214     2.5943     2.4210 0.0000e+00
      4.000    12.0861   3.690806    31.9246        218     0.1510     2.5918     2.4250 0.0000e+00
      5.000    12.0842   3.690609    31.9239        244     0.1690     2.5908     2.4290 0.0000e+00
      6.000    12.0869   3.690955    31.9245        272     0.1882     2.5901     2.4283 0.0000e+00
      7.000    12.0958   3.692397    31.9303        299     0.2067     2.5893     2.4265 0.0000e+00
      8.000    12.0825   3.691430    31.9320        324     0.2244     2.5899     2.4262 0.0000e+00
      9.000    12.0679   3.690117    31.9315        350     0.2422     2.5899     2.4277 0.0000e+00
     10.000    12.0610   3.689563    31.9316        376     0.2604     2.5928     2.4301 0.0000e+00
     11.000    12.1014   3.694772    31.9468        403     0.2789     2.5934     2.4304 0.0000e+00
     12.000    12.1901   3.706771    31.9858        430     0.2976     2.5975     2.4287 0.0000e+00
     13.000    12.2138   3.711256    32.0082        457     0.3166     2.5995     2.4270 0.0000e+00
     14.000    12.2052   3.710693    32.0097        484     0.3355     2.5905     2.4199 0.0000e+00
     15.000    12.1850   3.708968    32.0100        510     0.3537     2.5761     2.4092 0.0000e+00
     16.000    12.1926   3.710235    32.0153        537     0.3721     2.5648     2.4026 0.0000e+00
     17.000    12.2625   3.719267    32.0417        564     0.3911     2.5602     2.3974 0.0000e+00
     18.000    12.3349   3.727834    32.0614        591     0.4098     2.5604     2.3909 0.0000e+00
     19.000    12.4462   3.740803    32.0898        617     0.4281     2.5548     2.3856 0.0000e+00
     20.000    12.4655   3.743431    32.0980        643     0.4461     2.5479     2.3835 0.0000e+00
     21.000    12.4609   3.743122    32.0986        669     0.4641     2.5396     2.3787 0.0000e+00
     22.000    12.4603   3.743254    32.0999        696     0.4824     2.5333     2.3725 0.0000e+00
     23.000    12.4530   3.742773    32.1012        722     0.5006     2.5292     2.3678 0.0000e+00
     24.000    12.4506   3.742689    32.1020        749     0.5193     2.5254     2.3657 0.0000e+00
     25.000    12.4469   3.742434    32.1024        776     0.5384     2.5215     2.3616 0.0000e+00
     26.000    12.4446   3.742232    32.1020        804     0.5577     2.5181     2.3590 0.0000e+00
     27.000    12.4288   3.741030    32.1036        831     0.5765     2.5200     2.3572 0.0000e+00
     28.000    12.4157   3.739793    32.1026        857     0.5946     2.5195     2.3561 0.0000e+00
     29.000    12.4107   3.739336    32.1020        883     0.6128     2.5185     2.3540 0.0000e+00
     30.000    12.4039   3.738707    32.1015        909     0.6307     2.5150     2.3513 0.0000e+00
     31.000    12.4133   3.740146    32.1068        935     0.6487     2.5129     2.3509 0.0000e+00
     32.000    12.4189   3.741015    32.1099        962     0.6674     2.5142     2.3496 0.0000e+00
     33.000    12.4215   3.741395    32.1109        989     0.6865     2.5160     2.3496 0.0000e+00
     34.000    12.4224   3.741565    32.1113       1018     0.7059     2.5133     2.3489 0.0000e+00
     35.000    12.4236   3.741767    32.1119       1046     0.7254     2.5116     2.3474 0.0000e+00
     36.000    12.4246   3.741939    32.1123       1072     0.7439     2.5115     2.3485 0.0000e+00
     37.000    12.4246   3.742013    32.1125       1098     0.7618     2.5102     2.3480 0.0000e+00
     38.000    12.4249   3.742106    32.1127       1124     0.7795     2.5069     2.3489 0.0000e+00
     39.000    12.4243   3.742118    32.1129       1150     0.7977     2.5041     2.3507 0.0000e+00
     40.000    12.4199   3.741771    32.1130       1176     0.8161     2.5036     2.3506 0.0000e+00
     41.000    12.4169   3.741935    32.1167       1203     0.8345     2.5026     2.3487 0.0000e+00
     42.000    12.4005   3.740742    32.1189       1229     0.8530     2.5043     2.3469 0.0000e+00
     43.000    12.3493   3.737348    32.1300       1259     0.8735     2.5049     2.3456 0.0000e+00
     44.000    12.3353   3.736465    32.1331       1289     0.8943     2.4984     2.3387 0.0000e+00
     45.000    12.3341   3.736330    32.1324       1315     0.9125     2.4888     2.3304 0.0000e+00
     46.000    12.3110   3.734804    32.1372       1340     0.9296     2.4853     2.3232 0.0000e+00
     47.000    12.2981   3.733941    32.1396       1365     0.9473     2.4802     2.3184 0.0000e+00
     48.000    12.2894   3.733351    32.1410       1391     0.9651     2.4775     2.3123 0.0000e+00
     49.000    12.2580   3.731531    32.1500       1416     0.9825     2.4722     2.3069 0.0000e+00
     50.000    12.2460   3.730946    32.1543       1442     1.0005     2.4667     2.3068 0.0000e+00
     51.000    12.2313   3.730284    32.1602       1471     1.0207     2.4601     2.3045 0.0000e+00
     52.000    12.2183   3.731573    32.1833       1502     1.0423     2.4522     2.2997 0.0000e+00
     53.000    12.2066   3.732424    32.2011       1531     1.0626     2.4453     2.2930 0.0000e+00
     54.000    12.1368   3.729787    32.2355       1558     1.0810     2.4410     2.2873 0.0000e+00
     55.000    12.0920   3.727037    32.2472       1583     1.0986     2.4352     2.2806 0.0000e+00
     56.000    12.0005   3.721483    32.2724       1608     1.1163     2.4319     2.2760 0.0000e+00
     57.000    11.9806   3.720796    32.2825       1634     1.1339     2.4289     2.2733 0.0000e+00
     58.000    11.9369   3.718073    32.2937       1660     1.1519     2.4281     2.2710 0.0000e+00
     59.000    11.8391   3.711184    32.3114       1687     1.1711     2.4280     2.2723 0.0000e+00
     60.000    11.8028   3.708741    32.3188       1717     1.1916     2.4255     2.2677 0.0000e+00
     61.000    11.6322   3.693981    32.3234       1747     1.2123     2.4213     2.2627 0.0000e+00
     62.000    11.1401   3.652514    32.3475       1776     1.2324     2.4123     2.2567 0.0000e+00
     63.000    10.4426   3.596657    32.4092       1804     1.2521     2.3886     2.2462 0.0000e+00
     64.000     9.8831   3.550243    32.4411       1831     1.2708     2.3549     2.2255 0.0000e+00
     65.000     9.5341   3.520120    32.4483       1857     1.2887     2.3198     2.1975 0.0000e+00
     66.000     9.3468   3.504949    32.4618       1883     1.3067     2.2891     2.1686 0.0000e+00
     67.000     9.2935   3.501311    32.4723       1909     1.3251     2.2675     2.1427 0.0000e+00
     68.000     9.2785   3.500207    32.4741       1936     1.3440     2.2540     2.1232 0.0000e+00
     69.000     9.2894   3.501443    32.4765       1967     1.3655     2.2410     2.1080 0.0000e+00
     70.000     9.3022   3.503607    32.4867       2001     1.3887     2.2312     2.0961 0.0000e+00
     71.000     9.2567   3.500262    32.4931       2031     1.4096     2.2230     2.0864 0.0000e+00
     72.000     9.0288   3.483924    32.5315       2058     1.4287     2.2117     2.0767 0.0000e+00
     73.000     8.6802   3.460714    32.6091       2085     1.4473     2.1973     2.0645 0.0000e+00
     74.000     8.4991   3.448491    32.6478       2112     1.4657     2.1811     2.0491 0.0000e+00
     75.000     8.4093   3.442318    32.6654       2139     1.4850     2.1643     2.0331 0.0000e+00
     76.000     8.3992   3.441278    32.6634       2169     1.5057     2.1489     2.0166 0.0000e+00
     77.000     8.1957   3.427673    32.7083       2199     1.5264     2.1376     2.0059 0.0000e+00
     78.000     8.0091   3.415790    32.7558       2227     1.5456     2.1257     1.9970 0.0000e+00
     79.000     8.0067   3.415125    32.7505       2244     1.5575     2.1185     1.9909 0.0000e+00
     78.000     8.0345   3.415662    32.7307       2459     1.7066     2.1065     1.9691 0.0000e+00
     77.000     8.0161   3.413946    32.7301       2623     1.8205     2.1063     1.9671 0.0000e+00
     76.000     8.0401   3.415099    32.7204       2655     1.8429     2.1055     1.9669 0.0000e+00
     75.000     8.0716   3.417041    32.7121       2679     1.8600     2.1076     1.9660 0.0000e+00
     74.000     8.0742   3.417222    32.7121       2706     1.8786     2.1080     1.9666 0.0000e+00
     73.000     8.2117   3.424704    32.6638       2733     1.8976     2.1076     1.9670 0.0000e+00
     72.000     8.5405   3.444575    32.5693       2759     1.9153     2.1138     1.9693 0.0000e+00
     71.000     8.8406   3.464427    32.5015       2783     1.9317     2.1258     1.9754 0.0000e+00
     70.000     9.1086   3.483815    32.4585       2806     1.9478     2.1415     1.9831 0.0000e+00
     69.000     9.2254   3.493035    32.4479       2829     1.9638     2.1561     1.9946 0.0000e+00
     68.000     9.2895   3.497442    32.4356       2853     1.9803     2.1694     2.0076 0.0000e+00
     67.000     9.2926   3.497103    32.4298       2878     1.9981     2.1799     2.0192 0.0000e+00
     66.000     9.2856   3.496095    32.4262       2906     2.0177     2.1886     2.0297 0.0000e+00
     65.000     9.3149   3.496912    32.4085       2934     2.0371     2.1972     2.0392 0.0000e+00
     64.000     9.4288   3.504391    32.3827       2960     2.0551     2.2024     2.0481 0.0000e+00
     63.000     9.7188   3.526966    32.3525       2985     2.0725     2.2128     2.0580 0.0000e+00
     62.000    10.2127   3.565117    32.2977       3010     2.0898     2.2330     2.0714 0.0000e+00
     61.000    11.0209   3.629938    32.2300       3036     2.1074     2.2641     2.0891 0.0000e+00
     60.000    11.3820   3.664159    32.2509       3062     2.1260     2.3065     2.1196 0.0000e+00
     59.000    11.5427   3.680032    32.2664       3091     2.1461     2.3446     2.1583 0.0000e+00
     58.000    11.6656   3.690912    32.2658       3121     2.1664     2.3719     2.1904 0.0000e+00
     57.000    11.8506   3.705965    32.2517       3148     2.1857     2.3903     2.2134 0.0000e+00
     56.000    11.9409   3.712615    32.2383       3175     2.2043     2.4053     2.2317 0.0000e+00
     55.000    12.0030   3.716181    32.2195       3202     2.2230     2.4154     2.2446 0.0000e+00
     54.000    12.0693   3.720486    32.2041       3230     2.2424     2.4214     2.2573 0.0000e+00
     53.000    12.1643   3.726594    32.1815       3257     2.2611     2.4245     2.2640 0.0000e+00
     52.000    12.1961   3.726749    32.1561       3282     2.2788     2.4286     2.2667 0.0000e+00
     51.000    12.2358   3.727357    32.1283       3308     2.2969     2.4308     2.2662 0.0000e+00
     50.000    12.2748   3.729732    32.1179       3337     2.3169     2.4361     2.2680 0.0000e+00
     49.000    12.2757   3.730085    32.1210       3368     2.3385     2.4463     2.2763 0.0000e+00
     48.000    12.2888   3.730903    32.1180       3398     2.3588     2.4557     2.2849 0.0000e+00
     47.000    12.3053   3.732221    32.1169       3424     2.3773     2.4607     2.2926 0.0000e+00
     46.000    12.3176   3.733208    32.1162       3452     2.3962     2.4617     2.2977 0.0000e+00
     45.000    12.3234   3.733606    32.1155       3480     2.4161     2.4622     2.3003 0.0000e+00
     44.000    12.3345   3.734559    32.1155       3507     2.4348     2.4655     2.3029 0.0000e+00
     43.000    12.3312   3.734457    32.1178       3532     2.4523     2.4709     2.3068 0.0000e+00
     42.000    12.3380   3.734926    32.1169       3560     2.4714     2.4726     2.3077 0.0000e+00
     41.000    12.3679   3.736761    32.1092       3591     2.4930     2.4749     2.3107 0.0000e+00
     40.000    12.3836   3.737701    32.1052       3620     2.5134     2.4817     2.3150 0.0000e+00
     39.000    12.3903   3.738131    32.1040       3647     2.5318     2.4884     2.3185 0.0000e+00
     38.000    12.4003   3.738991    32.1041       3672     2.5494     2.4939     2.3249 0.0000e+00
     37.000    12.4122   3.740120    32.1050       3699     2.5677     2.4985     2.3319 0.0000e+00
     36.000    12.4187   3.740752    32.1059       3727     2.5875     2.5023     2.3351 0.0000e+00
     35.000    12.4190   3.740750    32.1060       3755     2.6072     2.5054     2.3360 0.0000e+00
     34.000    12.4192   3.740800    32.1067       3782     2.6257     2.5095     2.3396 0.0000e+00
     33.000    12.4208   3.740917    32.1070       3809     2.6444     2.5101     2.3433 0.0000e+00
     32.000    12.4201   3.740876    32.1076       3836     2.6635     2.5095     2.3436 0.0000e+00
     31.000    12.4203   3.740843    32.1075       3863     2.6818     2.5085     2.3421 0.0000e+00
     30.000    12.4198   3.740776    32.1077       3889     2.6999     2.5070     2.3406 0.0000e+00
     29.000    12.4178   3.740497    32.1071       3915     2.7184     2.5062     2.3426 0.0000e+00
     28.000    12.4158   3.740160    32.1060       3942     2.7365     2.5068     2.3458 0.0000e+00
     27.000    12.4106   3.739385    32.1035       3968     2.7548     2.5102     2.3471 0.0000e+00
     26.000    12.4089   3.738873    32.1004       3995     2.7740     2.5144     2.3480 0.0000e+00
     25.000    12.4155   3.739374    32.1000       4024     2.7935     2.5128     2.3483 0.0000e+00
     24.000    12.4215   3.739947    32.1008       4051     2.8122     2.5129     2.3475 0.0000e+00
     23.000    12.4264   3.740414    32.1014       4076     2.8301     2.5149     2.3490 0.0000e+00
     22.000    12.4354   3.741067    32.1004       4102     2.8478     2.5156     2.3514 0.0000e+00
     21.000    12.4395   3.741342    32.0999       4128     2.8657     2.5174     2.3560 0.0000e+00
     20.000    12.4449   3.741707    32.0992       4153     2.8836     2.5181     2.3566 0.0000e+00
     19.000    12.4479   3.741945    32.0993       4180     2.9018     2.5200     2.3581 0.0000e+00
     18.000    12.4512   3.742179    32.0991       4207     2.9210     2.5255     2.3562 0.0000e+00
     17.000    12.4384   3.740884    32.0981       4234     2.9399     2.5272     2.3550 0.0000e+00
     16.000    12.3746   3.733862    32.0859       4260     2.9574     2.5226     2.3578 0.0000e+00
     15.000    12.3035   3.724651    32.0590       4285     2.9749     2.5196     2.3579 0.0000e+00
     14.000    12.2752   3.720696    32.0458       4312     2.9937     2.5282     2.3607 0.0000e+00
     13.000    12.2581   3.718156    32.0365       4340     3.0129     2.5391     2.3651 0.0000e+00
     12.000    12.2510   3.717113    32.0329       4366     3.0309     2.5448     2.3690 0.0000e+00
     11.000    12.2544   3.717329    32.0325       4390     3.0477     2.5466     2.3749 0.0000e+00
     10.000    12.2497   3.716454    32.0285       4415     3.0651     2.5481     2.3780 0.0000e+00
      9.000    12.1886   3.707870    31.9988       4443     3.0847     2.5530     2.3819 0.0000e+00
      8.000    12.1434   3.701087    31.9728       4470     3.1037     2.5554     2.3857 0.0000e+00
      7.000    12.1130   3.696493    31.9551       4494     3.1205     2.5592     2.3908 0.0000e+00
      6.000    12.1092   3.695521    31.9494       4519     3.1373     2.5658     2.3955 0.0000e+00
      5.000    12.0972   3.693539    31.9409       4548     3.1573     2.5789     2.4046 0.0000e+00
      4.000    12.0925   3.692602    31.9364       4577     3.1776     2.5873     2.4134 0.0000e+00
      3.000    12.0658   3.689450    31.9293       4889     3.3947     2.5901     2.4260 0.0000e+00
      2.000    12.0746   3.690231    31.9297       5084     3.5297     2.5873     2.4233 0.0000e+00
