HB2407/CTD143.cnv
* Sea-Bird SBE 9 Data File:
* FileName = C:\cruise\data\CTD143.hex
* Software Version Seasave V 7.26.7.121
* Temperature SN = 4591
* Conductivity SN = 6006
* Number of Bytes Per Scan = 37
* Number of Voltage Words = 4
* Number of Scans Averaged by the Deck Unit = 1
* NMEA Latitude = 41 14.51 N
* NMEA Longitude = 068 52.04 W
* NMEA UTC (Time) = Oct 14 2024 01:53:52
* NMEA baud rate = 4800
** Ship: Bigelow HB2407
** Program:  Fall Bottom Trawl Survey
** Chief Scientist: John Galbraith
# nquan = 9
# nvalues = 182                         
# units = specified
# name 0 = depSM: Depth [salt water, m]
# name 1 = t090C: Temperature [ITS-90, deg C]
# name 2 = c0S/m: Conductivity [S/m]
# name 3 = sal00: Salinity, Practical [PSU]
# name 4 = scan: Scan Count
# name 5 = timeM: Time, Elapsed [minutes]
# name 6 = sbeox0V: Oxygen raw, SBE 43 [V]
# name 7 = sbeox1V: Oxygen raw, SBE 43, 2 [V]
# name 8 = flag: flag
# span 0 =      1.000,     93.000       
# span 1 =     8.8565,    15.3403       
# span 2 =   3.460624,   3.966093       
# span 3 =    31.7395,    32.4525       
# span 4 =        209,       5931       
# span 5 =     0.1444,     4.1179       
# span 6 =     2.0557,     2.5663       
# span 7 =     1.8978,     2.3696       
# span 8 = 0.0000e+00, 0.0000e+00       
# interval = meters: 1                  
# start_time = Oct 14 2024 01:53:52 [NMEA time, header]
# bad_flag = -9.990e-29
*END*
      4.000    15.3385   3.965580    31.7661        209     0.1444     2.5639     2.3687 0.0000e+00
      5.000    15.3382   3.965588    31.7660        251     0.1739     2.5633     2.3693 0.0000e+00
      6.000    15.3375   3.965579    31.7661        281     0.1945     2.5648     2.3686 0.0000e+00
      7.000    15.3377   3.965629    31.7660        305     0.2110     2.5656     2.3696 0.0000e+00
      8.000    15.3377   3.965675    31.7661        327     0.2261     2.5631     2.3693 0.0000e+00
      9.000    15.3385   3.965783    31.7660        353     0.2443     2.5630     2.3686 0.0000e+00
     10.000    15.3400   3.965975    31.7661        389     0.2696     2.5607     2.3653 0.0000e+00
     11.000    15.3398   3.965993    31.7661        418     0.2893     2.5629     2.3650 0.0000e+00
     12.000    15.3403   3.966093    31.7662        438     0.3034     2.5605     2.3663 0.0000e+00
     13.000    15.3377   3.965909    31.7663        460     0.3185     2.5562     2.3677 0.0000e+00
     14.000    15.3367   3.965848    31.7662        489     0.3386     2.5552     2.3668 0.0000e+00
     15.000    15.3289   3.965224    31.7666        521     0.3612     2.5570     2.3663 0.0000e+00
     16.000    15.3146   3.964027    31.7671        544     0.3774     2.5604     2.3646 0.0000e+00
     17.000    15.3022   3.963041    31.7679        567     0.3929     2.5603     2.3637 0.0000e+00
     18.000    15.2493   3.958416    31.7690        595     0.4126     2.5584     2.3631 0.0000e+00
     19.000    15.1916   3.953451    31.7710        629     0.4365     2.5509     2.3596 0.0000e+00
     20.000    15.1242   3.947729    31.7740        657     0.4552     2.5486     2.3569 0.0000e+00
     21.000    15.0660   3.942829    31.7768        680     0.4714     2.5417     2.3532 0.0000e+00
     22.000    15.0278   3.939384    31.7766        704     0.4880     2.5324     2.3455 0.0000e+00
     23.000    14.9773   3.934838    31.7764        731     0.5072     2.5269     2.3408 0.0000e+00
     24.000    14.9493   3.932182    31.7749        760     0.5269     2.5234     2.3368 0.0000e+00
     25.000    14.9295   3.930516    31.7756        786     0.5453     2.5214     2.3328 0.0000e+00
     26.000    14.9122   3.929048    31.7761        812     0.5632     2.5198     2.3307 0.0000e+00
     27.000    14.8997   3.927957    31.7761        838     0.5814     2.5173     2.3289 0.0000e+00
     28.000    14.8847   3.926704    31.7766        863     0.5989     2.5147     2.3250 0.0000e+00
     29.000    14.8591   3.924685    31.7789        889     0.6169     2.5108     2.3195 0.0000e+00
     30.000    14.8316   3.922519    31.7814        922     0.6393     2.5058     2.3156 0.0000e+00
     31.000    14.8101   3.920850    31.7834        953     0.6611     2.5073     2.3161 0.0000e+00
     32.000    14.8001   3.920154    31.7849        977     0.6776     2.5045     2.3133 0.0000e+00
     33.000    14.7700   3.917982    31.7895        999     0.6931     2.5023     2.3079 0.0000e+00
     34.000    14.7107   3.913481    31.7969       1024     0.7103     2.5005     2.3092 0.0000e+00
     35.000    14.5966   3.904936    31.8124       1052     0.7301     2.4931     2.3062 0.0000e+00
     36.000    14.5093   3.898315    31.8234       1082     0.7506     2.4835     2.2978 0.0000e+00
     37.000    14.1142   3.866386    31.8564       1111     0.7708     2.4728     2.2894 0.0000e+00
     38.000    12.9508   3.773522    31.9641       1137     0.7887     2.4501     2.2765 0.0000e+00
     39.000    12.8487   3.764241    31.9623       1160     0.8050     2.3966     2.2440 0.0000e+00
     40.000    12.8427   3.763141    31.9566       1184     0.8216     2.3493     2.2050 0.0000e+00
     41.000    12.8439   3.762731    31.9513       1212     0.8410     2.3221     2.1698 0.0000e+00
     42.000    12.7295   3.754105    31.9661       1246     0.8646     2.3107     2.1446 0.0000e+00
     43.000    12.4852   3.735417    31.9955       1276     0.8856     2.3018     2.1333 0.0000e+00
     44.000    12.3201   3.722360    32.0111       1301     0.9025     2.2907     2.1248 0.0000e+00
     45.000    12.2760   3.718551    32.0119       1325     0.9194     2.2771     2.1121 0.0000e+00
     46.000    12.2360   3.715210    32.0137       1354     0.9396     2.2630     2.0998 0.0000e+00
     47.000    12.1964   3.711980    32.0162       1383     0.9600     2.2572     2.0916 0.0000e+00
     48.000    12.1667   3.709349    32.0159       1407     0.9765     2.2533     2.0879 0.0000e+00
     49.000    12.1442   3.707503    32.0170       1430     0.9920     2.2477     2.0832 0.0000e+00
     50.000    12.1318   3.706572    32.0182       1454     1.0093     2.2438     2.0804 0.0000e+00
     51.000    12.1054   3.704561    32.0211       1484     1.0299     2.2436     2.0771 0.0000e+00
     52.000    12.0392   3.698959    32.0236       1515     1.0515     2.2384     2.0733 0.0000e+00
     53.000    11.9302   3.689878    32.0292       1546     1.0729     2.2317     2.0694 0.0000e+00
     54.000    11.6339   3.666795    32.0605       1576     1.0938     2.2244     2.0648 0.0000e+00
     55.000    11.5374   3.658790    32.0656       1602     1.1121     2.2123     2.0569 0.0000e+00
     56.000    11.3998   3.648401    32.0830       1627     1.1290     2.2016     2.0469 0.0000e+00
     57.000    11.2244   3.636654    32.1200       1652     1.1464     2.1900     2.0349 0.0000e+00
     58.000    11.1512   3.631507    32.1328       1678     1.1648     2.1774     2.0236 0.0000e+00
     59.000    11.0388   3.623990    32.1565       1705     1.1832     2.1714     2.0153 0.0000e+00
     60.000    10.9515   3.617853    32.1719       1731     1.2014     2.1646     2.0091 0.0000e+00
     61.000    10.8988   3.614962    32.1891       1758     1.2202     2.1565     2.0048 0.0000e+00
     62.000    10.8401   3.610514    32.1962       1789     1.2415     2.1528     1.9991 0.0000e+00
     63.000    10.7864   3.606028    32.1985       1819     1.2623     2.1525     1.9939 0.0000e+00
     64.000    10.7534   3.603407    32.2011       1845     1.2804     2.1514     1.9908 0.0000e+00
     65.000    10.6839   3.598222    32.2103       1872     1.2992     2.1464     1.9873 0.0000e+00
     66.000    10.6195   3.593319    32.2178       1900     1.3185     2.1439     1.9849 0.0000e+00
     67.000    10.5451   3.587771    32.2277       1925     1.3360     2.1434     1.9829 0.0000e+00
     68.000    10.4898   3.583541    32.2340       1948     1.3521     2.1419     1.9817 0.0000e+00
     69.000    10.3945   3.575840    32.2408       1973     1.3693     2.1373     1.9795 0.0000e+00
     70.000    10.3413   3.571441    32.2435       2002     1.3893     2.1323     1.9762 0.0000e+00
     71.000    10.2112   3.561923    32.2629       2033     1.4110     2.1295     1.9735 0.0000e+00
     72.000    10.1298   3.555848    32.2737       2061     1.4309     2.1235     1.9698 0.0000e+00
     73.000    10.1062   3.553840    32.2740       2088     1.4490     2.1201     1.9656 0.0000e+00
     74.000     9.8745   3.536113    32.3011       2115     1.4679     2.1162     1.9610 0.0000e+00
     75.000     9.6367   3.518833    32.3382       2142     1.4867     2.1093     1.9537 0.0000e+00
     76.000     9.3726   3.500258    32.3858       2166     1.5031     2.1015     1.9470 0.0000e+00
     77.000     9.2131   3.488968    32.4136       2188     1.5187     2.0901     1.9408 0.0000e+00
     78.000     9.0869   3.479869    32.4338       2213     1.5359     2.0805     1.9342 0.0000e+00
     79.000     9.0516   3.476903    32.4348       2244     1.5573     2.0749     1.9258 0.0000e+00
     80.000     9.0190   3.474248    32.4365       2277     1.5808     2.0699     1.9214 0.0000e+00
     81.000     8.9355   3.468188    32.4493       2304     1.5992     2.0677     1.9184 0.0000e+00
     82.000     8.9230   3.467140    32.4494       2328     1.6156     2.0660     1.9143 0.0000e+00
     83.000     8.8959   3.465097    32.4525       2353     1.6336     2.0641     1.9115 0.0000e+00
     84.000     8.8933   3.464680    32.4500       2385     1.6555     2.0632     1.9077 0.0000e+00
     85.000     8.8951   3.464670    32.4479       2415     1.6766     2.0637     1.9069 0.0000e+00
     86.000     8.8903   3.464260    32.4476       2439     1.6929     2.0636     1.9060 0.0000e+00
     87.000     8.8871   3.463996    32.4472       2460     1.7076     2.0618     1.9043 0.0000e+00
     88.000     8.8821   3.463580    32.4470       2485     1.7248     2.0600     1.9026 0.0000e+00
     89.000     8.8799   3.463362    32.4463       2520     1.7494     2.0569     1.9033 0.0000e+00
     90.000     8.8795   3.463268    32.4452       2552     1.7718     2.0567     1.9031 0.0000e+00
     91.000     8.8867   3.463746    32.4432       2576     1.7883     2.0572     1.9029 0.0000e+00
     92.000     8.8892   3.463885    32.4419       2600     1.8046     2.0562     1.9019 0.0000e+00
     93.000     8.8826   3.463309    32.4415       2630     1.8257     2.0557     1.9017 0.0000e+00
     92.000     8.8565   3.460624    32.4379       3495     2.4266     2.0607     1.8978 0.0000e+00
     91.000     8.8739   3.462098    32.4378       3271     2.2707     2.0586     1.8998 0.0000e+00
     90.000     8.8734   3.461995    32.4376       3288     2.2829     2.0581     1.8998 0.0000e+00
     89.000     8.8754   3.462077    32.4370       3309     2.2971     2.0585     1.9000 0.0000e+00
     88.000     8.8774   3.462146    32.4364       3332     2.3131     2.0592     1.9005 0.0000e+00
     87.000     8.8788   3.462204    32.4362       3359     2.3318     2.0607     1.9013 0.0000e+00
     86.000     8.8790   3.462156    32.4360       3390     2.3535     2.0602     1.9017 0.0000e+00
     85.000     8.8805   3.462196    32.4355       3425     2.3778     2.0599     1.9002 0.0000e+00
     84.000     8.8866   3.462533    32.4338       3454     2.3976     2.0587     1.9008 0.0000e+00
     83.000     8.8918   3.462837    32.4327       3475     2.4127     2.0577     1.9011 0.0000e+00
     82.000     8.9153   3.464260    32.4265       3496     2.4272     2.0590     1.9023 0.0000e+00
     81.000     8.9466   3.466413    32.4208       3521     2.4446     2.0612     1.9025 0.0000e+00
     80.000     8.9767   3.468548    32.4159       3551     2.4650     2.0619     1.9018 0.0000e+00
     79.000     9.0023   3.470209    32.4103       3581     2.4858     2.0624     1.9016 0.0000e+00
     78.000     9.0298   3.472035    32.4047       3607     2.5044     2.0645     1.9029 0.0000e+00
     77.000     9.0562   3.473974    32.4012       3630     2.5201     2.0668     1.9056 0.0000e+00
     76.000     9.1011   3.476813    32.3902       3652     2.5355     2.0691     1.9077 0.0000e+00
     75.000     9.1624   3.481132    32.3796       3679     2.5544     2.0706     1.9102 0.0000e+00
     74.000     9.3675   3.494419    32.3312       3714     2.5786     2.0776     1.9100 0.0000e+00
     73.000     9.6156   3.511394    32.2820       3744     2.5993     2.0832     1.9142 0.0000e+00
     72.000     9.7653   3.523017    32.2667       3768     2.6163     2.0892     1.9196 0.0000e+00
     71.000     9.8430   3.529032    32.2587       3792     2.6329     2.0969     1.9247 0.0000e+00
     70.000     9.9262   3.536311    32.2586       3818     2.6510     2.1047     1.9300 0.0000e+00
     69.000    10.1082   3.548544    32.2206       3846     2.6703     2.1117     1.9353 0.0000e+00
     68.000    10.2303   3.558051    32.2082       3871     2.6876     2.1168     1.9407 0.0000e+00
     67.000    10.3181   3.565116    32.2019       3895     2.7040     2.1201     1.9460 0.0000e+00
     66.000    10.4100   3.572631    32.1962       3922     2.7232     2.1235     1.9522 0.0000e+00
     65.000    10.5202   3.580944    32.1824       3956     2.7463     2.1274     1.9593 0.0000e+00
     64.000    10.5848   3.586188    32.1782       3984     2.7663     2.1331     1.9648 0.0000e+00
     63.000    10.6599   3.591663    32.1670       4008     2.7825     2.1340     1.9680 0.0000e+00
     62.000    10.6945   3.594850    32.1687       4031     2.7988     2.1375     1.9711 0.0000e+00
     61.000    10.7413   3.598184    32.1610       4058     2.8175     2.1434     1.9746 0.0000e+00
     60.000    10.8238   3.604640    32.1532       4087     2.8377     2.1475     1.9767 0.0000e+00
     59.000    10.8559   3.606609    32.1449       4115     2.8567     2.1475     1.9784 0.0000e+00
     58.000    10.9407   3.612197    32.1263       4139     2.8733     2.1507     1.9801 0.0000e+00
     57.000    11.0242   3.617465    32.1057       4161     2.8886     2.1552     1.9826 0.0000e+00
     56.000    11.1126   3.623697    32.0905       4184     2.9049     2.1593     1.9838 0.0000e+00
     55.000    11.2309   3.632032    32.0697       4216     2.9269     2.1663     1.9877 0.0000e+00
     54.000    11.3664   3.640534    32.0359       4251     2.9515     2.1720     1.9953 0.0000e+00
     53.000    11.6801   3.663077    31.9848       4276     2.9687     2.1732     2.0000 0.0000e+00
     52.000    11.8541   3.678289    31.9830       4298     2.9839     2.1843     2.0062 0.0000e+00
     51.000    11.9141   3.683952    31.9866       4322     3.0008     2.1994     2.0154 0.0000e+00
     50.000    12.0369   3.693407    31.9729       4350     3.0204     2.2103     2.0268 0.0000e+00
     49.000    12.1283   3.701931    31.9771       4380     3.0413     2.2188     2.0366 0.0000e+00
     48.000    12.1558   3.703865    31.9726       4408     3.0603     2.2241     2.0462 0.0000e+00
     47.000    12.1664   3.705153    31.9762       4430     3.0754     2.2276     2.0537 0.0000e+00
     46.000    12.1867   3.706662    31.9738       4449     3.0892     2.2312     2.0586 0.0000e+00
     45.000    12.2345   3.710447    31.9697       4473     3.1054     2.2354     2.0632 0.0000e+00
     44.000    12.3192   3.716953    31.9602       4506     3.1286     2.2416     2.0682 0.0000e+00
     43.000    12.4260   3.723859    31.9356       4539     3.1514     2.2459     2.0721 0.0000e+00
     42.000    12.6361   3.740470    31.9158       4566     3.1701     2.2549     2.0748 0.0000e+00
     41.000    12.7452   3.749249    31.9072       4592     3.1882     2.2675     2.0813 0.0000e+00
     40.000    12.7985   3.753801    31.9056       4617     3.2056     2.2811     2.0899 0.0000e+00
     39.000    12.8549   3.757913    31.8972       4640     3.2218     2.2895     2.0982 0.0000e+00
     38.000    12.8875   3.760386    31.8936       4662     3.2370     2.2927     2.1044 0.0000e+00
     37.000    13.0032   3.770236    31.8893       4685     3.2528     2.2973     2.1098 0.0000e+00
     36.000    13.9101   3.838435    31.7685       4715     3.2733     2.3235     2.1168 0.0000e+00
     35.000    14.2509   3.869048    31.7692       4748     3.2968     2.3717     2.1404 0.0000e+00
     34.000    14.5260   3.890514    31.7395       4774     3.3147     2.4024     2.1717 0.0000e+00
     33.000    14.6294   3.901022    31.7508       4797     3.3305     2.4254     2.2008 0.0000e+00
     32.000    14.6744   3.905038    31.7508       4822     3.3481     2.4493     2.2280 0.0000e+00
     31.000    14.7668   3.912736    31.7454       4852     3.3686     2.4705     2.2539 0.0000e+00
     30.000    14.7811   3.914318    31.7484       4880     3.3879     2.4785     2.2699 0.0000e+00
     29.000    14.8090   3.916670    31.7474       4905     3.4052     2.4854     2.2829 0.0000e+00
     28.000    14.8308   3.918759    31.7489       4929     3.4220     2.4938     2.2935 0.0000e+00
     27.000    14.8558   3.920974    31.7488       4955     3.4400     2.5007     2.3019 0.0000e+00
     26.000    14.8763   3.923212    31.7527       4986     3.4619     2.5038     2.3074 0.0000e+00
     25.000    14.8804   3.923360    31.7511       5015     3.4823     2.5038     2.3104 0.0000e+00
     24.000    14.9063   3.925689    31.7514       5037     3.4971     2.5043     2.3115 0.0000e+00
     23.000    14.9181   3.926833    31.7525       5057     3.5108     2.5083     2.3130 0.0000e+00
