HB2407/CTD139.cnv
* Sea-Bird SBE 9 Data File:
* FileName = C:\cruise\data\CTD139.hex
* Software Version Seasave V 7.26.7.121
* Temperature SN = 4591
* Conductivity SN = 6006
* Number of Bytes Per Scan = 37
* Number of Voltage Words = 4
* Number of Scans Averaged by the Deck Unit = 1
* NMEA Latitude = 41 00.91 N
* NMEA Longitude = 068 23.59 W
* NMEA UTC (Time) = Oct 13 2024 00:32:44
* NMEA baud rate = 4800
** Ship: Bigelow HB2407
** Program:  Fall Bottom Trawl Survey
** Chief Scientist: John Galbraith
# nquan = 9
# nvalues = 83                          
# units = specified
# name 0 = depSM: Depth [salt water, m]
# name 1 = t090C: Temperature [ITS-90, deg C]
# name 2 = c0S/m: Conductivity [S/m]
# name 3 = sal00: Salinity, Practical [PSU]
# name 4 = scan: Scan Count
# name 5 = timeM: Time, Elapsed [minutes]
# name 6 = sbeox0V: Oxygen raw, SBE 43 [V]
# name 7 = sbeox1V: Oxygen raw, SBE 43, 2 [V]
# name 8 = flag: flag
# span 0 =      1.000,     43.000       
# span 1 =    16.5468,    16.5680       
# span 2 =   4.078591,   4.082445       
# span 3 =    31.7854,    31.7955       
# span 4 =         26,       3459       
# span 5 =     0.0171,     2.4011       
# span 6 =     2.5979,     2.6197       
# span 7 =     2.4008,     2.4200       
# span 8 = 0.0000e+00, 0.0000e+00       
# interval = meters: 1                  
# start_time = Oct 13 2024 00:32:44 [NMEA time, header]
# bad_flag = -9.990e-29
*END*
      3.000    16.5468   4.078591    31.7932         26     0.0171     2.6065     2.4180 0.0000e+00
      4.000    16.5477   4.078716    31.7933         82     0.0565     2.6067     2.4119 0.0000e+00
      5.000    16.5477   4.078787    31.7935        247     0.1707     2.6127     2.4137 0.0000e+00
      6.000    16.5474   4.078788    31.7934        322     0.2229     2.6125     2.4140 0.0000e+00
      7.000    16.5481   4.078897    31.7934        353     0.2442     2.6070     2.4175 0.0000e+00
      8.000    16.5486   4.078981    31.7934        376     0.2607     2.6057     2.4187 0.0000e+00
      9.000    16.5494   4.079088    31.7933        403     0.2793     2.6106     2.4173 0.0000e+00
     10.000    16.5497   4.079150    31.7932        454     0.3149     2.6066     2.4110 0.0000e+00
     11.000    16.5513   4.079360    31.7934        492     0.3412     2.6005     2.4080 0.0000e+00
     12.000    16.5518   4.079461    31.7935        510     0.3537     2.6059     2.4105 0.0000e+00
     13.000    16.5546   4.079674    31.7928        526     0.3644     2.6092     2.4130 0.0000e+00
     14.000    16.5559   4.078983    31.7854        543     0.3763     2.6099     2.4133 0.0000e+00
     15.000    16.5549   4.079783    31.7928        591     0.4096     2.6123     2.4136 0.0000e+00
     16.000    16.5555   4.079875    31.7927        645     0.4471     2.6102     2.4113 0.0000e+00
     17.000    16.5557   4.079996    31.7932        661     0.4587     2.6099     2.4103 0.0000e+00
     18.000    16.5571   4.080176    31.7934        678     0.4700     2.6076     2.4110 0.0000e+00
     19.000    16.5591   4.080415    31.7935        698     0.4840     2.6074     2.4116 0.0000e+00
     20.000    16.5632   4.080874    31.7939        740     0.5130     2.6083     2.4137 0.0000e+00
     21.000    16.5606   4.080713    31.7942        784     0.5436     2.6111     2.4151 0.0000e+00
     22.000    16.5601   4.080708    31.7942        807     0.5599     2.6091     2.4134 0.0000e+00
     23.000    16.5636   4.081045    31.7939        829     0.5751     2.6031     2.4109 0.0000e+00
     24.000    16.5564   4.080463    31.7942        854     0.5922     2.6038     2.4092 0.0000e+00
     25.000    16.5575   4.080540    31.7937        882     0.6119     2.6034     2.4073 0.0000e+00
     26.000    16.5580   4.080683    31.7941        908     0.6297     2.5996     2.4066 0.0000e+00
     27.000    16.5617   4.081018    31.7938        930     0.6449     2.6013     2.4073 0.0000e+00
     28.000    16.5632   4.081239    31.7941        953     0.6610     2.5979     2.4103 0.0000e+00
     29.000    16.5655   4.081535    31.7946        985     0.6832     2.6022     2.4094 0.0000e+00
     30.000    16.5652   4.081570    31.7947       1024     0.7105     2.6091     2.4092 0.0000e+00
     31.000    16.5659   4.081639    31.7944       1050     0.7288     2.6050     2.4099 0.0000e+00
     32.000    16.5663   4.081798    31.7951       1069     0.7420     2.6017     2.4083 0.0000e+00
     33.000    16.5663   4.081826    31.7949       1087     0.7540     2.5998     2.4080 0.0000e+00
     34.000    16.5667   4.081923    31.7952       1107     0.7678     2.6021     2.4101 0.0000e+00
     35.000    16.5669   4.082007    31.7953       1144     0.7934     2.6060     2.4086 0.0000e+00
     36.000    16.5671   4.082075    31.7954       1192     0.8269     2.6078     2.4083 0.0000e+00
     37.000    16.5672   4.082137    31.7955       1214     0.8424     2.6051     2.4065 0.0000e+00
     38.000    16.5671   4.082146    31.7953       1232     0.8549     2.6008     2.4071 0.0000e+00
     39.000    16.5674   4.082207    31.7953       1250     0.8671     2.6039     2.4066 0.0000e+00
     40.000    16.5675   4.082235    31.7950       1269     0.8809     2.6087     2.4035 0.0000e+00
     41.000    16.5677   4.082305    31.7951       1301     0.9029     2.6044     2.4061 0.0000e+00
     42.000    16.5678   4.082372    31.7953       1346     0.9339     2.6027     2.4075 0.0000e+00
     43.000    16.5680   4.082445    31.7954       1568     1.0883     2.6032     2.4083 0.0000e+00
     42.000    16.5680   4.082406    31.7954       1927     1.3372     2.6040     2.4084 0.0000e+00
     41.000    16.5677   4.082316    31.7953       2023     1.4038     2.6034     2.4079 0.0000e+00
     40.000    16.5675   4.082284    31.7955       2052     1.4242     2.5990     2.4073 0.0000e+00
     39.000    16.5673   4.082206    31.7953       2080     1.4440     2.6010     2.4032 0.0000e+00
     38.000    16.5671   4.082134    31.7952       2107     1.4624     2.6033     2.4017 0.0000e+00
     37.000    16.5669   4.082017    31.7947       2128     1.4770     2.6049     2.4038 0.0000e+00
     36.000    16.5669   4.081950    31.7945       2147     1.4900     2.6038     2.4064 0.0000e+00
     35.000    16.5664   4.081865    31.7945       2167     1.5040     2.6066     2.4058 0.0000e+00
     34.000    16.5662   4.081798    31.7945       2196     1.5246     2.6089     2.4039 0.0000e+00
     33.000    16.5665   4.081757    31.7943       2237     1.5526     2.6113     2.4026 0.0000e+00
     32.000    16.5668   4.081739    31.7942       2268     1.5742     2.6111     2.4023 0.0000e+00
     31.000    16.5667   4.081689    31.7942       2292     1.5909     2.6097     2.4046 0.0000e+00
     30.000    16.5663   4.081617    31.7942       2312     1.6051     2.6060     2.4042 0.0000e+00
     29.000    16.5660   4.081545    31.7942       2331     1.6183     2.6073     2.4042 0.0000e+00
     28.000    16.5656   4.081469    31.7943       2352     1.6325     2.6095     2.4026 0.0000e+00
     27.000    16.5652   4.081406    31.7944       2380     1.6518     2.6060     2.4008 0.0000e+00
     26.000    16.5619   4.081034    31.7941       2416     1.6769     2.6076     2.4013 0.0000e+00
     25.000    16.5595   4.080795    31.7943       2444     1.6965     2.6094     2.4039 0.0000e+00
     24.000    16.5569   4.080476    31.7940       2467     1.7124     2.6090     2.4064 0.0000e+00
     23.000    16.5566   4.080406    31.7939       2489     1.7279     2.6101     2.4109 0.0000e+00
     22.000    16.5565   4.080324    31.7937       2513     1.7444     2.6081     2.4112 0.0000e+00
     21.000    16.5567   4.080295    31.7936       2541     1.7637     2.6106     2.4097 0.0000e+00
     20.000    16.5574   4.080281    31.7933       2572     1.7856     2.6045     2.4103 0.0000e+00
     19.000    16.5595   4.080461    31.7936       2600     1.8049     2.5996     2.4111 0.0000e+00
     18.000    16.5597   4.080471    31.7939       2624     1.8214     2.6042     2.4130 0.0000e+00
     17.000    16.5594   4.080418    31.7940       2646     1.8371     2.6088     2.4138 0.0000e+00
     16.000    16.5596   4.080386    31.7940       2669     1.8531     2.6076     2.4150 0.0000e+00
     15.000    16.5595   4.080353    31.7941       2695     1.8706     2.6088     2.4105 0.0000e+00
     14.000    16.5598   4.080319    31.7939       2723     1.8904     2.6100     2.4121 0.0000e+00
     13.000    16.5604   4.080337    31.7940       2754     1.9117     2.6081     2.4136 0.0000e+00
     12.000    16.5610   4.080345    31.7939       2783     1.9318     2.6059     2.4146 0.0000e+00
     11.000    16.5624   4.080445    31.7940       2806     1.9476     2.6041     2.4135 0.0000e+00
     10.000    16.5629   4.080476    31.7943       2825     1.9611     2.6096     2.4138 0.0000e+00
      9.000    16.5613   4.080291    31.7943       2846     1.9754     2.6112     2.4139 0.0000e+00
      8.000    16.5613   4.080225    31.7941       2874     1.9951     2.6083     2.4133 0.0000e+00
      7.000    16.5613   4.080191    31.7941       2915     2.0237     2.6075     2.4151 0.0000e+00
      6.000    16.5615   4.080182    31.7943       2946     2.0455     2.6133     2.4178 0.0000e+00
      5.000    16.5615   4.080171    31.7945       2968     2.0602     2.6184     2.4200 0.0000e+00
      4.000    16.5612   4.080101    31.7945       2985     2.0720     2.6190     2.4186 0.0000e+00
      3.000    16.5611   4.080086    31.7948       3000     2.0824     2.6197     2.4183 0.0000e+00
      2.000    16.5567   4.079522    31.7938       3322     2.3060     2.6134     2.4188 0.0000e+00
      1.000    16.5606   4.079832    31.7937       3459     2.4011     2.6172     2.4184 0.0000e+00
