HB2407/CTD158.cnv
* Sea-Bird SBE 9 Data File:
* FileName = C:\cruise\data\CTD158.hex
* Software Version Seasave V 7.26.7.121
* Temperature SN = 4591
* Conductivity SN = 6006
* Number of Bytes Per Scan = 37
* Number of Voltage Words = 4
* Number of Scans Averaged by the Deck Unit = 1
* NMEA Latitude = 41 50.84 N
* NMEA Longitude = 067 54.33 W
* NMEA UTC (Time) = Oct 17 2024 15:08:10
* NMEA baud rate = 4800
** Ship: Bigelow HB2407
** Program:  Fall Bottom Trawl Survey
** Chief Scientist: John Galbraith
# nquan = 9
# nvalues = 84                          
# units = specified
# name 0 = depSM: Depth [salt water, m]
# name 1 = t090C: Temperature [ITS-90, deg C]
# name 2 = c0S/m: Conductivity [S/m]
# name 3 = sal00: Salinity, Practical [PSU]
# name 4 = scan: Scan Count
# name 5 = timeM: Time, Elapsed [minutes]
# name 6 = sbeox0V: Oxygen raw, SBE 43 [V]
# name 7 = sbeox1V: Oxygen raw, SBE 43, 2 [V]
# name 8 = flag: flag
# span 0 =      1.000,     44.000       
# span 1 =    14.7196,    14.7922       
# span 2 =   3.925896,   3.931260       
# span 3 =    31.8995,    31.9017       
# span 4 =        366,       3243       
# span 5 =     0.2536,     2.2516       
# span 6 =     2.4637,     2.4998       
# span 7 =     2.2787,     2.3091       
# span 8 = 0.0000e+00, 0.0000e+00       
# interval = meters: 1                  
# start_time = Oct 17 2024 15:08:10 [NMEA time, header]
# bad_flag = -9.990e-29
*END*
      4.000    14.7920   3.931043    31.9006        366     0.2536     2.4962     2.3068 0.0000e+00
      5.000    14.7919   3.931111    31.9009        677     0.4693     2.4993     2.3086 0.0000e+00
      6.000    14.7922   3.931166    31.9008        689     0.4780     2.4998     2.3088 0.0000e+00
      7.000    14.7920   3.931168    31.9006        731     0.5067     2.4958     2.3091 0.0000e+00
      8.000    14.7918   3.931205    31.9007        773     0.5362     2.4925     2.3069 0.0000e+00
      9.000    14.7920   3.931260    31.9007        806     0.5590     2.4922     2.3036 0.0000e+00
     10.000    14.7898   3.931112    31.9007        845     0.5864     2.4899     2.3035 0.0000e+00
     11.000    14.7868   3.930920    31.9011        879     0.6096     2.4897     2.3057 0.0000e+00
     12.000    14.7853   3.930803    31.9009        905     0.6277     2.4914     2.3064 0.0000e+00
     13.000    14.7866   3.930980    31.9010        929     0.6444     2.4894     2.3040 0.0000e+00
     14.000    14.7888   3.931212    31.9010        953     0.6611     2.4879     2.3027 0.0000e+00
     15.000    14.7855   3.930955    31.9010        983     0.6818     2.4877     2.3018 0.0000e+00
     16.000    14.7837   3.930855    31.9011       1019     0.7072     2.4867     2.3030 0.0000e+00
     17.000    14.7873   3.931188    31.9009       1049     0.7277     2.4861     2.3054 0.0000e+00
     18.000    14.7727   3.930008    31.9017       1071     0.7434     2.4854     2.3028 0.0000e+00
     19.000    14.7652   3.929352    31.9016       1094     0.7592     2.4856     2.2989 0.0000e+00
     20.000    14.7669   3.929522    31.9013       1124     0.7797     2.4813     2.2951 0.0000e+00
     21.000    14.7696   3.929782    31.9011       1158     0.8037     2.4796     2.2936 0.0000e+00
     22.000    14.7632   3.929274    31.9014       1185     0.8224     2.4838     2.2946 0.0000e+00
     23.000    14.7601   3.929036    31.9014       1209     0.8390     2.4839     2.2963 0.0000e+00
     24.000    14.7590   3.928993    31.9015       1236     0.8577     2.4805     2.2954 0.0000e+00
     25.000    14.7560   3.928763    31.9015       1268     0.8797     2.4823     2.2921 0.0000e+00
     26.000    14.7522   3.928450    31.9014       1299     0.9014     2.4827     2.2913 0.0000e+00
     27.000    14.7544   3.928689    31.9014       1323     0.9183     2.4826     2.2903 0.0000e+00
     28.000    14.7517   3.928489    31.9014       1344     0.9328     2.4821     2.2911 0.0000e+00
     29.000    14.7415   3.927631    31.9016       1368     0.9495     2.4819     2.2902 0.0000e+00
     30.000    14.7307   3.926699    31.9016       1408     0.9769     2.4787     2.2882 0.0000e+00
     31.000    14.7309   3.926768    31.9017       1444     1.0018     2.4773     2.2906 0.0000e+00
     32.000    14.7305   3.926756    31.9015       1466     1.0172     2.4753     2.2884 0.0000e+00
     33.000    14.7336   3.927062    31.9014       1487     1.0321     2.4717     2.2858 0.0000e+00
     34.000    14.7348   3.927188    31.9012       1513     1.0500     2.4746     2.2854 0.0000e+00
     35.000    14.7360   3.927342    31.9012       1546     1.0727     2.4767     2.2856 0.0000e+00
     36.000    14.7398   3.927733    31.9012       1577     1.0948     2.4738     2.2861 0.0000e+00
     37.000    14.7420   3.927949    31.9010       1604     1.1134     2.4713     2.2863 0.0000e+00
     38.000    14.7402   3.927829    31.9010       1633     1.1331     2.4731     2.2859 0.0000e+00
     39.000    14.7344   3.927370    31.9013       1664     1.1551     2.4713     2.2858 0.0000e+00
     40.000    14.7344   3.927411    31.9012       1693     1.1751     2.4718     2.2842 0.0000e+00
     41.000    14.7345   3.927459    31.9012       1719     1.1933     2.4725     2.2847 0.0000e+00
     42.000    14.7312   3.927215    31.9013       1745     1.2110     2.4729     2.2852 0.0000e+00
     43.000    14.7307   3.927189    31.9011       1774     1.2314     2.4706     2.2830 0.0000e+00
     44.000    14.7252   3.926729    31.9011       1923     1.3346     2.4685     2.2832 0.0000e+00
     43.000    14.7207   3.926277    31.9010       2062     1.4310     2.4637     2.2803 0.0000e+00
     42.000    14.7202   3.926187    31.9010       2104     1.4602     2.4637     2.2791 0.0000e+00
     41.000    14.7200   3.926115    31.9009       2145     1.4888     2.4667     2.2815 0.0000e+00
     40.000    14.7197   3.926053    31.9010       2173     1.5080     2.4692     2.2813 0.0000e+00
     39.000    14.7198   3.925996    31.9008       2198     1.5260     2.4673     2.2787 0.0000e+00
     38.000    14.7199   3.925949    31.9007       2230     1.5480     2.4683     2.2798 0.0000e+00
     37.000    14.7196   3.925896    31.9008       2262     1.5700     2.4702     2.2792 0.0000e+00
     36.000    14.7233   3.926120    31.9002       2289     1.5887     2.4707     2.2810 0.0000e+00
     35.000    14.7277   3.926452    31.9000       2315     1.6068     2.4718     2.2836 0.0000e+00
     34.000    14.7325   3.926904    31.9005       2344     1.6274     2.4701     2.2849 0.0000e+00
     33.000    14.7325   3.926873    31.9006       2375     1.6489     2.4708     2.2843 0.0000e+00
     32.000    14.7331   3.926880    31.9006       2402     1.6672     2.4710     2.2840 0.0000e+00
     31.000    14.7339   3.926950    31.9009       2423     1.6823     2.4693     2.2833 0.0000e+00
     30.000    14.7323   3.926750    31.9008       2446     1.6978     2.4673     2.2842 0.0000e+00
     29.000    14.7312   3.926627    31.9009       2479     1.7210     2.4686     2.2875 0.0000e+00
     28.000    14.7314   3.926558    31.9005       2520     1.7494     2.4697     2.2902 0.0000e+00
     27.000    14.7468   3.927795    31.8995       2546     1.7671     2.4712     2.2890 0.0000e+00
     26.000    14.7449   3.927708    31.9006       2566     1.7811     2.4715     2.2884 0.0000e+00
     25.000    14.7560   3.928549    31.8995       2586     1.7955     2.4730     2.2870 0.0000e+00
     24.000    14.7631   3.929172    31.8998       2614     1.8145     2.4762     2.2854 0.0000e+00
     23.000    14.7723   3.930002    31.9001       2653     1.8414     2.4786     2.2899 0.0000e+00
     22.000    14.7752   3.930171    31.8996       2679     1.8596     2.4800     2.2937 0.0000e+00
     21.000    14.7780   3.930436    31.9001       2698     1.8727     2.4815     2.2922 0.0000e+00
     20.000    14.7785   3.930443    31.9002       2717     1.8864     2.4820     2.2904 0.0000e+00
     19.000    14.7792   3.930482    31.9003       2747     1.9070     2.4813     2.2904 0.0000e+00
     18.000    14.7777   3.930338    31.9006       2786     1.9344     2.4849     2.2949 0.0000e+00
     17.000    14.7775   3.930270    31.9005       2813     1.9531     2.4823     2.2983 0.0000e+00
     16.000    14.7775   3.930241    31.9007       2837     1.9698     2.4807     2.2992 0.0000e+00
     15.000    14.7772   3.930161    31.9005       2863     1.9878     2.4817     2.3005 0.0000e+00
     14.000    14.7777   3.930167    31.9006       2891     2.0066     2.4849     2.3004 0.0000e+00
     13.000    14.7790   3.930227    31.9005       2916     2.0240     2.4849     2.2983 0.0000e+00
     12.000    14.7804   3.930319    31.9005       2940     2.0408     2.4835     2.2978 0.0000e+00
     11.000    14.7809   3.930326    31.9005       2967     2.0601     2.4833     2.2979 0.0000e+00
     10.000    14.7813   3.930340    31.9007       3000     2.0828     2.4821     2.2980 0.0000e+00
      9.000    14.7775   3.930006    31.9012       3029     2.1027     2.4849     2.3013 0.0000e+00
      8.000    14.7768   3.929851    31.9007       3051     2.1177     2.4862     2.3022 0.0000e+00
      7.000    14.7807   3.930109    31.9003       3070     2.1310     2.4872     2.3008 0.0000e+00
      6.000    14.7833   3.930327    31.9005       3093     2.1470     2.4887     2.2997 0.0000e+00
      5.000    14.7882   3.930755    31.9007       3136     2.1773     2.4923     2.3004 0.0000e+00
      4.000    14.7879   3.930682    31.9007       3169     2.2000     2.4924     2.3028 0.0000e+00
      3.000    14.7883   3.930699    31.9009       3190     2.2147     2.4936     2.3049 0.0000e+00
      2.000    14.7872   3.930588    31.9012       3210     2.2282     2.4940     2.3064 0.0000e+00
      1.000    14.7834   3.930224    31.9014       3243     2.2516     2.4887     2.3060 0.0000e+00
