HB2407/CTD199.cnv
* Sea-Bird SBE 9 Data File:
* FileName = C:\cruise\data\CTD199.hex
* Software Version Seasave V 7.26.7.121
* Temperature SN = 4591
* Conductivity SN = 6006
* Number of Bytes Per Scan = 37
* Number of Voltage Words = 4
* Number of Scans Averaged by the Deck Unit = 1
* NMEA Latitude = 43 11.47 N
* NMEA Longitude = 067 01.71 W
* NMEA UTC (Time) = Nov 03 2024 07:06:11
* NMEA baud rate = 4800
** Ship: Bigelow HB2407
** Program:  Fall Bottom Trawl Survey
** Chief Scientist: John Galbraith
# nquan = 9
# nvalues = 358                         
# units = specified
# name 0 = depSM: Depth [salt water, m]
# name 1 = t090C: Temperature [ITS-90, deg C]
# name 2 = c0S/m: Conductivity [S/m]
# name 3 = sal00: Salinity, Practical [PSU]
# name 4 = scan: Scan Count
# name 5 = timeM: Time, Elapsed [minutes]
# name 6 = sbeox0V: Oxygen raw, SBE 43 [V]
# name 7 = sbeox1V: Oxygen raw, SBE 43, 2 [V]
# name 8 = flag: flag
# span 0 =      2.000,    181.000       
# span 1 =     7.7287,    12.5944       
# span 2 =   3.421770,   3.758962       
# span 3 =    32.0870,    34.1837       
# span 4 =        193,      10144       
# span 5 =     0.1331,     7.0436       
# span 6 =     1.8852,     2.5284       
# span 7 =     1.7617,     2.3625       
# span 8 = 0.0000e+00, 0.0000e+00       
# interval = meters: 1                  
# start_time = Nov 03 2024 07:06:11 [NMEA time, header]
# bad_flag = -9.990e-29
*END*
      3.000    12.5204   3.746466    32.0870        193     0.1331     2.5169     2.3532 0.0000e+00
      4.000    12.5214   3.746615    32.0872        379     0.2626     2.5186     2.3531 0.0000e+00
      5.000    12.5215   3.746661    32.0871        411     0.2845     2.5165     2.3524 0.0000e+00
      6.000    12.5230   3.746849    32.0872        440     0.3052     2.5148     2.3514 0.0000e+00
      7.000    12.5386   3.748995    32.0939        473     0.3278     2.5178     2.3512 0.0000e+00
      8.000    12.5429   3.749784    32.0973        498     0.3455     2.5191     2.3511 0.0000e+00
      9.000    12.5548   3.751406    32.1023        527     0.3653     2.5175     2.3530 0.0000e+00
     10.000    12.5482   3.750940    32.1030        557     0.3860     2.5181     2.3569 0.0000e+00
     11.000    12.5545   3.751545    32.1030        581     0.4029     2.5216     2.3599 0.0000e+00
     12.000    12.5623   3.753050    32.1102        604     0.4186     2.5223     2.3600 0.0000e+00
     13.000    12.5633   3.753372    32.1121        629     0.4361     2.5229     2.3589 0.0000e+00
     14.000    12.5693   3.754396    32.1163        655     0.4542     2.5231     2.3590 0.0000e+00
     15.000    12.5724   3.755062    32.1196        681     0.4723     2.5237     2.3602 0.0000e+00
     16.000    12.5749   3.755339    32.1197        709     0.4914     2.5249     2.3602 0.0000e+00
     17.000    12.5810   3.756333    32.1236        738     0.5119     2.5243     2.3597 0.0000e+00
     18.000    12.5912   3.757781    32.1282        767     0.5318     2.5207     2.3594 0.0000e+00
     19.000    12.5936   3.758289    32.1306        794     0.5506     2.5196     2.3584 0.0000e+00
     20.000    12.5931   3.758374    32.1315        820     0.5687     2.5210     2.3579 0.0000e+00
     21.000    12.5938   3.758416    32.1308        845     0.5861     2.5233     2.3590 0.0000e+00
     22.000    12.5944   3.758522    32.1309        871     0.6040     2.5247     2.3609 0.0000e+00
     23.000    12.5926   3.758635    32.1331        897     0.6226     2.5207     2.3608 0.0000e+00
     24.000    12.5938   3.758728    32.1326        923     0.6405     2.5215     2.3590 0.0000e+00
     25.000    12.5914   3.758816    32.1350        949     0.6582     2.5233     2.3614 0.0000e+00
     26.000    12.5883   3.758962    32.1387        974     0.6757     2.5228     2.3625 0.0000e+00
     27.000    12.5715   3.758900    32.1521       1000     0.6940     2.5264     2.3615 0.0000e+00
     28.000    12.5480   3.758177    32.1648       1031     0.7153     2.5284     2.3597 0.0000e+00
     29.000    12.5313   3.757418    32.1714       1063     0.7372     2.5250     2.3541 0.0000e+00
     30.000    12.5050   3.755946    32.1795       1088     0.7551     2.5202     2.3471 0.0000e+00
     31.000    12.4746   3.754091    32.1874       1111     0.7710     2.5151     2.3444 0.0000e+00
     32.000    12.4504   3.752532    32.1930       1135     0.7878     2.5147     2.3433 0.0000e+00
     33.000    12.4235   3.750778    32.1988       1164     0.8074     2.5168     2.3454 0.0000e+00
     34.000    12.3981   3.749126    32.2044       1192     0.8274     2.5154     2.3461 0.0000e+00
     35.000    12.3895   3.748662    32.2069       1217     0.8442     2.5151     2.3478 0.0000e+00
     36.000    12.3511   3.746402    32.2179       1240     0.8601     2.5124     2.3469 0.0000e+00
     37.000    12.3028   3.743046    32.2268       1265     0.8780     2.5073     2.3421 0.0000e+00
     38.000    12.2166   3.735948    32.2325       1295     0.8987     2.5007     2.3381 0.0000e+00
     39.000    12.0006   3.719677    32.2619       1323     0.9182     2.4872     2.3303 0.0000e+00
     40.000    11.8226   3.704614    32.2700       1349     0.9358     2.4661     2.3122 0.0000e+00
     41.000    11.7494   3.698521    32.2740       1375     0.9541     2.4443     2.2938 0.0000e+00
     42.000    11.6350   3.688308    32.2737       1405     0.9750     2.4309     2.2792 0.0000e+00
     43.000    11.6379   3.688268    32.2704       1434     0.9952     2.4205     2.2660 0.0000e+00
     44.000    11.6437   3.688735    32.2695       1459     1.0123     2.4150     2.2582 0.0000e+00
     45.000    11.6022   3.685753    32.2761       1484     1.0296     2.4115     2.2537 0.0000e+00
     46.000    11.5222   3.678999    32.2796       1509     1.0473     2.4082     2.2501 0.0000e+00
     47.000    11.4579   3.673238    32.2790       1533     1.0641     2.4011     2.2453 0.0000e+00
     48.000    11.4131   3.668803    32.2743       1557     1.0809     2.3908     2.2390 0.0000e+00
     49.000    11.4008   3.667385    32.2707       1585     1.0997     2.3826     2.2290 0.0000e+00
     50.000    11.3594   3.664177    32.2750       1615     1.1210     2.3727     2.2210 0.0000e+00
     51.000    11.3105   3.659978    32.2762       1643     1.1405     2.3647     2.2122 0.0000e+00
     52.000    11.2628   3.655745    32.2760       1669     1.1584     2.3587     2.2053 0.0000e+00
     53.000    11.2206   3.651656    32.2723       1697     1.1778     2.3512     2.1985 0.0000e+00
     54.000    11.1955   3.649134    32.2691       1726     1.1978     2.3442     2.1905 0.0000e+00
     55.000    11.1743   3.647269    32.2690       1752     1.2158     2.3384     2.1834 0.0000e+00
     56.000    11.0822   3.640009    32.2778       1776     1.2329     2.3305     2.1779 0.0000e+00
     57.000    11.0066   3.633780    32.2823       1802     1.2509     2.3223     2.1710 0.0000e+00
     58.000    10.9080   3.626877    32.3003       1830     1.2702     2.3128     2.1623 0.0000e+00
     59.000    10.4517   3.593294    32.3691       1857     1.2887     2.3013     2.1509 0.0000e+00
     60.000    10.4316   3.590214    32.3558       1880     1.3050     2.2849     2.1370 0.0000e+00
     61.000    10.3776   3.586357    32.3647       1904     1.3215     2.2680     2.1239 0.0000e+00
     62.000    10.1597   3.571710    32.4114       1933     1.3415     2.2527     2.1111 0.0000e+00
     63.000     9.9368   3.554960    32.4413       1965     1.3641     2.2368     2.0950 0.0000e+00
     64.000     9.9041   3.551896    32.4391       1991     1.3818     2.2228     2.0851 0.0000e+00
     65.000     9.8817   3.550099    32.4406       2014     1.3976     2.2142     2.0775 0.0000e+00
     66.000     9.6153   3.532206    32.4981       2042     1.4171     2.2083     2.0694 0.0000e+00
     67.000     9.3683   3.513840    32.5333       2073     1.4387     2.1987     2.0570 0.0000e+00
     68.000     9.2278   3.502733    32.5463       2099     1.4568     2.1871     2.0471 0.0000e+00
     69.000     9.1680   3.498692    32.5586       2122     1.4732     2.1777     2.0385 0.0000e+00
     70.000     9.0423   3.490574    32.5891       2148     1.4911     2.1686     2.0313 0.0000e+00
     71.000     8.9445   3.483767    32.6075       2177     1.5111     2.1565     2.0222 0.0000e+00
     72.000     8.8334   3.475584    32.6240       2204     1.5300     2.1487     2.0156 0.0000e+00
     73.000     8.7435   3.469031    32.6378       2229     1.5470     2.1410     2.0092 0.0000e+00
     74.000     8.6375   3.461392    32.6552       2253     1.5639     2.1352     2.0030 0.0000e+00
     75.000     8.4393   3.449308    32.7112       2279     1.5819     2.1304     1.9967 0.0000e+00
     76.000     8.3119   3.441115    32.7427       2308     1.6018     2.1214     1.9881 0.0000e+00
     77.000     8.2084   3.435998    32.7846       2340     1.6242     2.1089     1.9779 0.0000e+00
     78.000     8.1906   3.434708    32.7871       2368     1.6441     2.0986     1.9681 0.0000e+00
     79.000     8.1836   3.434318    32.7891       2392     1.6606     2.0923     1.9596 0.0000e+00
     80.000     8.1790   3.434030    32.7898       2416     1.6774     2.0865     1.9536 0.0000e+00
     81.000     8.1664   3.433659    32.7972       2446     1.6978     2.0815     1.9492 0.0000e+00
     82.000     8.1646   3.433447    32.7961       2475     1.7178     2.0791     1.9446 0.0000e+00
     83.000     8.1612   3.433342    32.7978       2498     1.7338     2.0782     1.9407 0.0000e+00
     84.000     8.1433   3.432852    32.8089       2520     1.7491     2.0764     1.9379 0.0000e+00
     85.000     8.1189   3.431573    32.8176       2546     1.7672     2.0730     1.9365 0.0000e+00
     86.000     8.0702   3.428861    32.8339       2578     1.7897     2.0708     1.9360 0.0000e+00
     87.000     7.9529   3.422680    32.8777       2609     1.8112     2.0689     1.9343 0.0000e+00
     88.000     7.8984   3.422963    32.9316       2635     1.8289     2.0649     1.9303 0.0000e+00
     89.000     7.8689   3.422684    32.9559       2658     1.8453     2.0607     1.9270 0.0000e+00
     90.000     7.8794   3.428192    33.0044       2684     1.8632     2.0548     1.9217 0.0000e+00
     91.000     7.8488   3.427008    33.0202       2716     1.8857     2.0475     1.9149 0.0000e+00
     92.000     7.8409   3.427521    33.0327       2745     1.9057     2.0409     1.9096 0.0000e+00
     93.000     7.8431   3.428699    33.0427       2767     1.9211     2.0367     1.9038 0.0000e+00
     94.000     7.8443   3.430074    33.0558       2790     1.9365     2.0321     1.9000 0.0000e+00
     95.000     7.8373   3.430071    33.0620       2817     1.9555     2.0287     1.8966 0.0000e+00
     96.000     7.8295   3.430444    33.0729       2849     1.9778     2.0258     1.8931 0.0000e+00
     97.000     7.8168   3.431352    33.0941       2877     1.9970     2.0231     1.8901 0.0000e+00
     98.000     7.7971   3.431497    33.1140       2901     2.0141     2.0206     1.8875 0.0000e+00
     99.000     7.7924   3.434016    33.1449       2928     2.0325     2.0173     1.8854 0.0000e+00
    100.000     7.7962   3.434886    33.1501       2957     2.0526     2.0137     1.8826 0.0000e+00
    101.000     7.7970   3.435278    33.1531       2984     2.0715     2.0114     1.8791 0.0000e+00
    102.000     7.7983   3.435888    33.1580       3010     2.0893     2.0087     1.8751 0.0000e+00
    103.000     7.7909   3.438055    33.1878       3037     2.1084     2.0069     1.8723 0.0000e+00
    104.000     7.7614   3.438712    33.2224       3066     2.1283     2.0061     1.8714 0.0000e+00
    105.000     7.7596   3.439563    33.2328       3092     2.1466     2.0032     1.8696 0.0000e+00
    106.000     7.7505   3.440467    33.2507       3116     2.1630     1.9972     1.8666 0.0000e+00
    107.000     7.7366   3.441511    33.2747       3140     2.1797     1.9917     1.8629 0.0000e+00
    108.000     7.7290   3.442771    33.2950       3168     2.1993     1.9872     1.8584 0.0000e+00
    109.000     7.7287   3.446555    33.3355       3198     2.2204     1.9810     1.8532 0.0000e+00
    110.000     7.7439   3.450046    33.3579       3227     2.2401     1.9766     1.8490 0.0000e+00
    111.000     7.7658   3.453088    33.3692       3255     2.2598     1.9725     1.8450 0.0000e+00
    112.000     7.7827   3.455650    33.3800       3284     2.2800     1.9678     1.8394 0.0000e+00
    113.000     7.7900   3.457382    33.3912       3312     2.2992     1.9643     1.8358 0.0000e+00
    114.000     7.7966   3.461280    33.4262       3337     2.3165     1.9621     1.8341 0.0000e+00
    115.000     7.8172   3.467112    33.4685       3358     2.3316     1.9605     1.8326 0.0000e+00
    116.000     7.8638   3.475677    33.5151       3379     2.3461     1.9597     1.8306 0.0000e+00
    117.000     7.9251   3.485833    33.5646       3405     2.3639     1.9580     1.8278 0.0000e+00
    118.000     7.9587   3.490791    33.5849       3438     2.3871     1.9537     1.8226 0.0000e+00
    119.000     7.9548   3.492752    33.6092       3471     2.4097     1.9499     1.8175 0.0000e+00
    120.000     7.9520   3.496598    33.6525       3498     2.4286     1.9465     1.8147 0.0000e+00
    121.000     8.0035   3.503541    33.6768       3525     2.4475     1.9441     1.8135 0.0000e+00
    122.000     8.0328   3.509854    33.7155       3554     2.4672     1.9412     1.8102 0.0000e+00
    123.000     8.0124   3.511573    33.7530       3582     2.4866     1.9379     1.8076 0.0000e+00
    124.000     8.0389   3.518644    33.8026       3608     2.5047     1.9345     1.8059 0.0000e+00
    125.000     8.0534   3.521160    33.8149       3633     2.5220     1.9320     1.8028 0.0000e+00
    126.000     8.0567   3.521776    33.8178       3656     2.5383     1.9284     1.7989 0.0000e+00
    127.000     8.0625   3.522853    33.8233       3679     2.5543     1.9245     1.7952 0.0000e+00
    128.000     8.0649   3.523365    33.8259       3705     2.5719     1.9216     1.7934 0.0000e+00
    129.000     8.0727   3.524811    33.8334       3733     2.5918     1.9177     1.7917 0.0000e+00
    130.000     8.0782   3.525886    33.8391       3763     2.6127     1.9158     1.7908 0.0000e+00
    131.000     8.1255   3.536590    33.9071       3794     2.6339     1.9171     1.7913 0.0000e+00
    132.000     8.1504   3.542528    33.9458       3825     2.6552     1.9196     1.7914 0.0000e+00
    133.000     8.1576   3.544124    33.9554       3853     2.6750     1.9215     1.7921 0.0000e+00
    134.000     8.1655   3.546012    33.9674       3880     2.6936     1.9226     1.7931 0.0000e+00
    135.000     8.1722   3.547709    33.9785       3906     2.7115     1.9205     1.7942 0.0000e+00
    136.000     8.1855   3.551206    34.0024       3931     2.7290     1.9190     1.7946 0.0000e+00
    137.000     8.2005   3.555409    34.0321       3956     2.7463     1.9178     1.7947 0.0000e+00
    138.000     8.2214   3.562040    34.0819       3980     2.7634     1.9170     1.7947 0.0000e+00
    139.000     8.2311   3.567577    34.1311       4005     2.7803     1.9168     1.7937 0.0000e+00
    140.000     8.2340   3.569951    34.1530       4030     2.7979     1.9152     1.7919 0.0000e+00
    141.000     8.2355   3.570896    34.1611       4060     2.8187     1.9119     1.7883 0.0000e+00
    142.000     8.2362   3.571335    34.1646       4090     2.8398     1.9081     1.7822 0.0000e+00
    143.000     8.2372   3.571767    34.1677       4117     2.8586     1.9044     1.7782 0.0000e+00
    144.000     8.2377   3.571993    34.1692       4146     2.8787     1.9005     1.7755 0.0000e+00
    145.000     8.2389   3.572395    34.1718       4179     2.9012     1.8973     1.7729 0.0000e+00
    146.000     8.2392   3.572506    34.1722       4208     2.9213     1.8961     1.7708 0.0000e+00
    147.000     8.2403   3.572862    34.1744       4232     2.9381     1.8952     1.7702 0.0000e+00
    148.000     8.2414   3.573178    34.1763       4255     2.9540     1.8940     1.7695 0.0000e+00
    149.000     8.2418   3.573332    34.1770       4278     2.9702     1.8925     1.7683 0.0000e+00
    150.000     8.2420   3.573408    34.1772       4303     2.9878     1.8923     1.7686 0.0000e+00
    151.000     8.2424   3.573528    34.1777       4330     3.0063     1.8933     1.7689 0.0000e+00
    152.000     8.2429   3.573679    34.1782       4356     3.0246     1.8926     1.7689 0.0000e+00
    153.000     8.2440   3.573963    34.1797       4384     3.0440     1.8907     1.7677 0.0000e+00
    154.000     8.2449   3.574186    34.1807       4414     3.0649     1.8912     1.7665 0.0000e+00
    155.000     8.2451   3.574254    34.1808       4443     3.0845     1.8922     1.7651 0.0000e+00
    156.000     8.2452   3.574317    34.1809       4470     3.1035     1.8917     1.7649 0.0000e+00
    157.000     8.2453   3.574376    34.1809       4499     3.1238     1.8911     1.7654 0.0000e+00
    158.000     8.2456   3.574480    34.1812       4529     3.1445     1.8908     1.7652 0.0000e+00
    159.000     8.2459   3.574560    34.1814       4555     3.1627     1.8895     1.7654 0.0000e+00
    160.000     8.2460   3.574606    34.1813       4580     3.1800     1.8881     1.7661 0.0000e+00
    161.000     8.2460   3.574664    34.1814       4605     3.1973     1.8875     1.7664 0.0000e+00
    162.000     8.2462   3.574731    34.1815       4628     3.2131     1.8882     1.7669 0.0000e+00
