HB2407/CTD161.cnv
* Sea-Bird SBE 9 Data File:
* FileName = C:\cruise\data\CTD161.hex
* Software Version Seasave V 7.26.7.121
* Temperature SN = 4591
* Conductivity SN = 6006
* Number of Bytes Per Scan = 37
* Number of Voltage Words = 4
* Number of Scans Averaged by the Deck Unit = 1
* NMEA Latitude = 42 33.82 N
* NMEA Longitude = 067 56.97 W
* NMEA UTC (Time) = Oct 18 2024 09:38:47
* NMEA baud rate = 4800
** Ship: Bigelow HB2407
** Program:  Fall Bottom Trawl Survey
** Chief Scientist: John Galbraith
# nquan = 9
# nvalues = 381                         
# units = specified
# name 0 = depSM: Depth [salt water, m]
# name 1 = t090C: Temperature [ITS-90, deg C]
# name 2 = c0S/m: Conductivity [S/m]
# name 3 = sal00: Salinity, Practical [PSU]
# name 4 = scan: Scan Count
# name 5 = timeM: Time, Elapsed [minutes]
# name 6 = sbeox0V: Oxygen raw, SBE 43 [V]
# name 7 = sbeox1V: Oxygen raw, SBE 43, 2 [V]
# name 8 = flag: flag
# span 0 =      3.000,    193.000       
# span 1 =     6.7548,    13.8735       
# span 2 =   3.290514,   3.847393       
# span 3 =    31.8679,    34.6497       
# span 4 =         15,      13785       
# span 5 =     0.0094,     9.5724       
# span 6 =     1.8399,     2.5143       
# span 7 =     1.7018,     2.3222       
# span 8 = 0.0000e+00, 0.0000e+00       
# interval = meters: 1                  
# start_time = Oct 18 2024 09:38:47 [NMEA time, header]
# bad_flag = -9.990e-29
*END*
      3.000    13.8638   3.846048    31.8900         15     0.0094     2.5115     2.3211 0.0000e+00
      4.000    13.8646   3.846164    31.8900         36     0.0243     2.5127     2.3190 0.0000e+00
      5.000    13.8647   3.846192    31.8898        498     0.3452     2.5086     2.3163 0.0000e+00
      6.000    13.8646   3.846301    31.8905       1042     0.7229     2.5143     2.3186 0.0000e+00
      7.000    13.8678   3.846630    31.8905       1095     0.7599     2.5121     2.3187 0.0000e+00
      8.000    13.8705   3.846926    31.8906       1155     0.8016     2.5104     2.3183 0.0000e+00
      9.000    13.8707   3.847022    31.8909       1172     0.8130     2.5118     2.3178 0.0000e+00
     10.000    13.8706   3.847050    31.8909       1195     0.8289     2.5093     2.3173 0.0000e+00
     11.000    13.8705   3.847054    31.8906       1269     0.8808     2.5036     2.3118 0.0000e+00
     12.000    13.8728   3.847308    31.8907       1298     0.9008     2.5058     2.3148 0.0000e+00
     13.000    13.8735   3.847393    31.8905       1316     0.9132     2.5053     2.3153 0.0000e+00
     14.000    13.8687   3.847092    31.8913       1337     0.9278     2.5062     2.3156 0.0000e+00
     15.000    13.8692   3.847157    31.8911       1366     0.9477     2.5071     2.3152 0.0000e+00
     16.000    13.8656   3.846973    31.8920       1420     0.9856     2.5063     2.3142 0.0000e+00
     17.000    13.8621   3.846810    31.8930       1456     1.0106     2.5060     2.3150 0.0000e+00
     18.000    13.8543   3.846358    31.8949       1474     1.0231     2.5063     2.3138 0.0000e+00
     19.000    13.7895   3.842028    31.9084       1491     1.0344     2.5031     2.3116 0.0000e+00
     20.000    13.6427   3.831383    31.9317       1511     1.0485     2.4974     2.3065 0.0000e+00
     21.000    13.5756   3.826053    31.9378       1562     1.0843     2.4699     2.2893 0.0000e+00
     22.000    13.5486   3.823804    31.9391       1602     1.1120     2.4507     2.2680 0.0000e+00
     23.000    13.4768   3.818391    31.9483       1619     1.1239     2.4451     2.2633 0.0000e+00
     24.000    13.3973   3.812401    31.9587       1639     1.1375     2.4352     2.2561 0.0000e+00
     25.000    12.8427   3.768043    32.0087       1675     1.1623     2.4118     2.2409 0.0000e+00
     26.000    12.1292   3.711363    32.0763       1712     1.1884     2.3628     2.2119 0.0000e+00
     27.000    11.4023   3.654147    32.1491       1730     1.2007     2.3351     2.1895 0.0000e+00
     28.000    11.1052   3.630005    32.1708       1749     1.2138     2.2983     2.1590 0.0000e+00
     29.000    10.8480   3.607528    32.1736       1794     1.2451     2.2327     2.0955 0.0000e+00
     30.000    10.6824   3.593487    32.1794       1833     1.2724     2.2050     2.0624 0.0000e+00
     31.000    10.5785   3.584938    32.1854       1849     1.2834     2.2014     2.0536 0.0000e+00
     32.000    10.4748   3.576450    32.1917       1865     1.2946     2.1990     2.0454 0.0000e+00
     33.000    10.3951   3.569209    32.1893       1889     1.3112     2.1940     2.0367 0.0000e+00
     34.000    10.2816   3.559051    32.1875       1942     1.3482     2.1856     2.0292 0.0000e+00
     35.000    10.2635   3.557218    32.1847       1972     1.3687     2.1848     2.0296 0.0000e+00
     36.000    10.1818   3.550278    32.1869       1993     1.3837     2.1854     2.0277 0.0000e+00
     37.000    10.1226   3.545255    32.1884       2018     1.4004     2.1835     2.0261 0.0000e+00
     38.000    10.0705   3.540806    32.1894       2047     1.4207     2.1833     2.0232 0.0000e+00
     39.000    10.0879   3.542094    32.1865       2075     1.4401     2.1846     2.0221 0.0000e+00
     40.000    10.1322   3.545182    32.1779       2103     1.4596     2.1869     2.0235 0.0000e+00
     41.000     9.9426   3.529690    32.1896       2142     1.4871     2.1872     2.0251 0.0000e+00
     42.000     9.9160   3.527324    32.1889       2175     1.5097     2.1828     2.0184 0.0000e+00
     43.000     9.8638   3.522863    32.1897       2198     1.5258     2.1834     2.0158 0.0000e+00
     44.000     9.5864   3.500342    32.2081       2221     1.5414     2.1837     2.0154 0.0000e+00
     45.000     9.3486   3.480574    32.2188       2247     1.5597     2.1773     2.0128 0.0000e+00
     46.000     9.1654   3.465425    32.2275       2280     1.5828     2.1715     2.0094 0.0000e+00
     47.000     8.9649   3.448773    32.2363       2317     1.6083     2.1698     2.0109 0.0000e+00
     48.000     8.8207   3.436641    32.2406       2348     1.6302     2.1718     2.0114 0.0000e+00
     49.000     8.5345   3.413757    32.2619       2376     1.6493     2.1727     2.0118 0.0000e+00
     50.000     8.4434   3.406084    32.2641       2402     1.6673     2.1712     2.0089 0.0000e+00
     51.000     8.3422   3.397812    32.2693       2427     1.6848     2.1711     2.0082 0.0000e+00
     52.000     8.2555   3.390386    32.2700       2460     1.7073     2.1714     2.0089 0.0000e+00
     53.000     8.1130   3.378624    32.2761       2498     1.7343     2.1711     2.0119 0.0000e+00
     54.000     7.9899   3.368845    32.2853       2523     1.7516     2.1709     2.0112 0.0000e+00
     55.000     7.7799   3.352275    32.3023       2550     1.7703     2.1701     2.0087 0.0000e+00
     56.000     7.6451   3.341800    32.3147       2587     1.7960     2.1689     2.0048 0.0000e+00
     57.000     7.4522   3.327943    32.3447       2620     1.8186     2.1706     2.0053 0.0000e+00
     58.000     7.2071   3.311805    32.3990       2646     1.8370     2.1672     2.0055 0.0000e+00
     59.000     7.1046   3.305169    32.4226       2675     1.8571     2.1588     2.0015 0.0000e+00
     60.000     7.0135   3.300224    32.4540       2708     1.8796     2.1501     1.9959 0.0000e+00
     61.000     6.9956   3.298767    32.4545       2737     1.8999     2.1434     1.9902 0.0000e+00
     62.000     6.9887   3.298285    32.4553       2765     1.9195     2.1376     1.9842 0.0000e+00
     63.000     6.9776   3.297522    32.4569       2800     1.9436     2.1315     1.9772 0.0000e+00
     64.000     6.9564   3.296343    32.4636       2832     1.9657     2.1276     1.9730 0.0000e+00
     65.000     6.9544   3.296397    32.4656       2862     1.9870     2.1266     1.9675 0.0000e+00
     66.000     6.9521   3.296422    32.4676       2899     2.0123     2.1250     1.9607 0.0000e+00
     67.000     6.9263   3.295472    32.4811       2928     2.0327     2.1238     1.9587 0.0000e+00
     68.000     6.8507   3.294150    32.5377       2954     2.0505     2.1208     1.9576 0.0000e+00
     69.000     6.8276   3.294544    32.5634       2984     2.0717     2.1150     1.9534 0.0000e+00
     70.000     6.8088   3.294918    32.5848       3024     2.0994     2.1053     1.9455 0.0000e+00
     71.000     6.8023   3.296158    32.6040       3054     2.1202     2.0991     1.9375 0.0000e+00
     72.000     6.8020   3.296330    32.6058       3075     2.1347     2.0949     1.9336 0.0000e+00
     73.000     6.7930   3.296413    32.6148       3100     2.1519     2.0890     1.9302 0.0000e+00
     74.000     6.7760   3.295895    32.6248       3180     2.2078     2.0762     1.9221 0.0000e+00
     75.000     6.7673   3.296834    32.6429       3196     2.2187     2.0770     1.9219 0.0000e+00
     76.000     6.7634   3.297028    32.6483       3210     2.2282     2.0767     1.9206 0.0000e+00
     77.000     6.7604   3.297578    32.6566       3226     2.2399     2.0749     1.9194 0.0000e+00
     78.000     6.7548   3.297807    32.6640       3286     2.2812     2.0683     1.9111 0.0000e+00
     79.000     6.7596   3.298586    32.6675       3323     2.3071     2.0635     1.9041 0.0000e+00
     80.000     6.7592   3.298797    32.6697       3340     2.3187     2.0617     1.9022 0.0000e+00
     81.000     6.7596   3.299025    32.6714       3363     2.3345     2.0593     1.9007 0.0000e+00
     82.000     6.7607   3.299182    32.6716       3416     2.3714     2.0558     1.8986 0.0000e+00
     83.000     6.7583   3.299131    32.6728       3455     2.3986     2.0516     1.8974 0.0000e+00
     84.000     6.7601   3.299663    32.6765       3478     2.4144     2.0488     1.8967 0.0000e+00
     85.000     6.7637   3.300197    32.6784       3501     2.4304     2.0483     1.8960 0.0000e+00
     86.000     6.7698   3.301768    32.6894       3546     2.4620     2.0464     1.8932 0.0000e+00
     87.000     6.7742   3.302936    32.6975       3599     2.4983     2.0421     1.8905 0.0000e+00
     88.000     6.7929   3.306989    32.7237       3616     2.5106     2.0410     1.8887 0.0000e+00
     89.000     6.8045   3.309364    32.7382       3633     2.5220     2.0405     1.8868 0.0000e+00
     90.000     6.8209   3.312528    32.7568       3654     2.5371     2.0384     1.8839 0.0000e+00
     91.000     6.8324   3.314566    32.7677       3718     2.5810     2.0213     1.8691 0.0000e+00
     92.000     6.8366   3.316264    32.7818       3759     2.6097     2.0080     1.8576 0.0000e+00
     93.000     6.8501   3.319762    32.8067       3779     2.6239     2.0052     1.8530 0.0000e+00
     94.000     6.8546   3.320847    32.8139       3801     2.6389     2.0034     1.8511 0.0000e+00
     95.000     6.8677   3.322860    32.8230       3837     2.6638     1.9959     1.8446 0.0000e+00
     96.000     6.8950   3.327766    32.8501       3895     2.7044     1.9879     1.8374 0.0000e+00
     97.000     6.9172   3.331871    32.8734       3922     2.7231     1.9915     1.8395 0.0000e+00
     98.000     6.9310   3.333995    32.8830       3943     2.7374     1.9911     1.8405 0.0000e+00
     99.000     6.9474   3.336243    32.8915       3964     2.7521     1.9883     1.8398 0.0000e+00
    100.000     6.9553   3.337318    32.8952       4014     2.7869     1.9874     1.8379 0.0000e+00
    101.000     6.9603   3.338160    32.8991       4071     2.8261     1.9902     1.8387 0.0000e+00
    102.000     6.9649   3.338884    32.9021       4091     2.8404     1.9923     1.8397 0.0000e+00
    103.000     6.9661   3.339311    32.9052       4111     2.8541     1.9930     1.8399 0.0000e+00
    104.000     6.9607   3.338968    32.9061       4152     2.8826     1.9928     1.8394 0.0000e+00
    105.000     6.9580   3.338861    32.9070       4217     2.9275     1.9904     1.8397 0.0000e+00
    106.000     6.9677   3.340353    32.9136       4232     2.9379     1.9901     1.8385 0.0000e+00
    107.000     6.9769   3.342126    32.9237       4246     2.9478     1.9891     1.8377 0.0000e+00
    108.000     7.0153   3.347448    32.9446       4263     2.9600     1.9884     1.8368 0.0000e+00
    109.000     7.0507   3.351838    32.9582       4339     3.0123     1.9925     1.8384 0.0000e+00
    110.000     7.0921   3.357820    32.9834       4375     3.0374     1.9967     1.8437 0.0000e+00
    111.000     7.1373   3.364938    33.0173       4393     3.0497     1.9993     1.8459 0.0000e+00
    112.000     7.1581   3.368542    33.0361       4418     3.0672     2.0021     1.8491 0.0000e+00
    113.000     7.1639   3.369619    33.0419       4463     3.0987     2.0070     1.8538 0.0000e+00
    114.000     7.1672   3.370304    33.0456       4507     3.1289     2.0089     1.8564 0.0000e+00
    115.000     7.1709   3.370987    33.0491       4536     3.1494     2.0105     1.8575 0.0000e+00
    116.000     7.1725   3.371322    33.0507       4564     3.1685     2.0117     1.8583 0.0000e+00
    117.000     7.1745   3.371743    33.0529       4594     3.1897     2.0115     1.8582 0.0000e+00
    118.000     7.2040   3.376685    33.0779       4645     3.2248     2.0119     1.8595 0.0000e+00
    119.000     7.2152   3.378461    33.0860       4687     3.2544     2.0117     1.8601 0.0000e+00
    120.000     7.2499   3.384804    33.1213       4709     3.2692     2.0117     1.8597 0.0000e+00
    121.000     7.2985   3.393483    33.1685       4729     3.2834     2.0118     1.8605 0.0000e+00
    122.000     7.3274   3.398872    33.1988       4766     3.3092     2.0100     1.8599 0.0000e+00
    123.000     7.3451   3.402309    33.2186       4820     3.3462     2.0055     1.8550 0.0000e+00
    124.000     7.3575   3.404662    33.2318       4846     3.3648     2.0026     1.8509 0.0000e+00
    125.000     7.3763   3.408400    33.2537       4874     3.3840     2.0016     1.8467 0.0000e+00
    126.000     7.3980   3.412642    33.2784       4907     3.4067     2.0006     1.8453 0.0000e+00
    127.000     7.4210   3.417257    33.3058       4940     3.4300     1.9983     1.8437 0.0000e+00
    128.000     7.4419   3.421607    33.3322       4978     3.4563     1.9931     1.8419 0.0000e+00
    129.000     7.4491   3.423194    33.3421       5019     3.4846     1.9861     1.8378 0.0000e+00
    130.000     7.4444   3.423123    33.3453       5045     3.5025     1.9820     1.8343 0.0000e+00
    131.000     7.4400   3.422930    33.3470       5067     3.5184     1.9790     1.8307 0.0000e+00
    132.000     7.4375   3.422787    33.3474       5104     3.5437     1.9736     1.8249 0.0000e+00
    133.000     7.4264   3.421793    33.3468       5148     3.5740     1.9673     1.8206 0.0000e+00
    134.000     7.4234   3.421629    33.3474       5174     3.5923     1.9652     1.8196 0.0000e+00
    135.000     7.4179   3.421312    33.3488       5203     3.6123     1.9628     1.8174 0.0000e+00
    136.000     7.4167   3.421331    33.3497       5241     3.6391     1.9600     1.8129 0.0000e+00
    137.000     7.3948   3.420103    33.3569       5274     3.6620     1.9588     1.8098 0.0000e+00
    138.000     7.3796   3.419267    33.3620       5298     3.6788     1.9563     1.8084 0.0000e+00
    139.000     7.3851   3.419735    33.3613       5325     3.6975     1.9512     1.8058 0.0000e+00
    140.000     7.3852   3.419746    33.3609       5370     3.7288     1.9412     1.7987 0.0000e+00
    141.000     7.3686   3.418338    33.3611       5405     3.7530     1.9386     1.7949 0.0000e+00
    142.000     7.3549   3.417454    33.3643       5425     3.7670     1.9375     1.7926 0.0000e+00
    143.000     7.3540   3.419895    33.3912       5449     3.7832     1.9352     1.7909 0.0000e+00
    144.000     7.3799   3.427060    33.4434       5505     3.8222     1.9243     1.7828 0.0000e+00
    145.000     7.4095   3.432553    33.4738       5538     3.8450     1.9145     1.7731 0.0000e+00
    146.000     7.4800   3.444213    33.5315       5558     3.8589     1.9098     1.7680 0.0000e+00
    147.000     7.5620   3.458082    33.6017       5589     3.8804     1.9080     1.7632 0.0000e+00
    148.000     7.6274   3.469248    33.6584       5636     3.9132     1.9059     1.7587 0.0000e+00
    149.000     7.6953   3.479832    33.7063       5660     3.9296     1.9033     1.7581 0.0000e+00
    150.000     7.7488   3.488451    33.7468       5682     3.9451     1.9033     1.7591 0.0000e+00
    151.000     7.8122   3.499080    33.7992       5713     3.9669     1.9054     1.7596 0.0000e+00
    152.000     7.8574   3.506830    33.8381       5753     3.9943     1.9093     1.7628 0.0000e+00
    153.000     7.8640   3.508161    33.8456       5792     4.0214     1.9109     1.7656 0.0000e+00
    154.000     7.8638   3.508458    33.8484       5828     4.0463     1.9110     1.7670 0.0000e+00
    155.000     7.8558   3.507774    33.8484       5855     4.0650     1.9109     1.7663 0.0000e+00
    156.000     7.8603   3.508305    33.8493       5877     4.0803     1.9099     1.7649 0.0000e+00
    157.000     7.8533   3.507757    33.8497       5900     4.0964     1.9072     1.7639 0.0000e+00
    158.000     7.8542   3.508440    33.8556       5956     4.1354     1.9008     1.7615 0.0000e+00
    159.000     7.8610   3.509491    33.8598       5994     4.1621     1.8984     1.7586 0.0000e+00
    160.000     7.8696   3.510981    33.8671       6009     4.1724     1.8969     1.7574 0.0000e+00
    161.000     7.9188   3.519014    33.9049       6024     4.1825     1.8956     1.7561 0.0000e+00
    162.000     7.9885   3.530498    33.9599       6080     4.2216     1.8967     1.7546 0.0000e+00
