HB2407/CTD106.cnv
* Sea-Bird SBE 9 Data File:
* FileName = C:\cruise\data\CTD106.hex
* Software Version Seasave V 7.26.7.121
* Temperature SN = 4591
* Conductivity SN = 6006
* Number of Bytes Per Scan = 37
* Number of Voltage Words = 4
* Number of Scans Averaged by the Deck Unit = 1
* NMEA Latitude = 39 10.82 N
* NMEA Longitude = 072 37.20 W
* NMEA UTC (Time) = Oct 06 2024 08:34:15
* NMEA baud rate = 4800
** Ship: Bigelow HB2407
** Program:  Fall Bottom Trawl Survey
** Chief Scientist: John Galbraith
# nquan = 9
# nvalues = 276                         
# units = specified
# name 0 = depSM: Depth [salt water, m]
# name 1 = t090C: Temperature [ITS-90, deg C]
# name 2 = c0S/m: Conductivity [S/m]
# name 3 = sal00: Salinity, Practical [PSU]
# name 4 = scan: Scan Count
# name 5 = timeM: Time, Elapsed [minutes]
# name 6 = sbeox0V: Oxygen raw, SBE 43 [V]
# name 7 = sbeox1V: Oxygen raw, SBE 43, 2 [V]
# name 8 = flag: flag
# span 0 =      3.000,    141.000       
# span 1 =    13.5821,    21.8207       
# span 2 =   4.222866,   4.911982       
# span 3 =    34.0769,    36.1336       
# span 4 =        498,       8485       
# span 5 =     0.3453,     5.8918       
# span 6 =     1.7515,     2.7400       
# span 7 =     1.6228,     2.5038       
# span 8 = 0.0000e+00, 0.0000e+00       
# interval = meters: 1                  
# start_time = Oct 06 2024 08:34:15 [NMEA time, header]
# bad_flag = -9.990e-29
*END*
      4.000    21.7855   4.908363    34.4791        498     0.3453     2.5589     2.3706 0.0000e+00
      5.000    21.7898   4.908740    34.4783        813     0.5640     2.5600     2.3693 0.0000e+00
      6.000    21.7982   4.909980    34.4810        833     0.5777     2.5581     2.3681 0.0000e+00
      7.000    21.8084   4.911346    34.4833        854     0.5924     2.5610     2.3711 0.0000e+00
      8.000    21.8088   4.911461    34.4835        878     0.6093     2.5621     2.3721 0.0000e+00
      9.000    21.8068   4.911318    34.4836        913     0.6336     2.5597     2.3690 0.0000e+00
     10.000    21.8073   4.911437    34.4838        955     0.6628     2.5623     2.3679 0.0000e+00
     11.000    21.8073   4.911475    34.4838        988     0.6856     2.5574     2.3742 0.0000e+00
     12.000    21.8065   4.911345    34.4831       1010     0.7006     2.5540     2.3750 0.0000e+00
     13.000    21.8076   4.911506    34.4832       1028     0.7131     2.5578     2.3691 0.0000e+00
     14.000    21.8114   4.911982    34.4836       1048     0.7272     2.5593     2.3695 0.0000e+00
     15.000    21.8065   4.911505    34.4834       1082     0.7505     2.5588     2.3706 0.0000e+00
     16.000    21.7920   4.909807    34.4812       1121     0.7781     2.5574     2.3663 0.0000e+00
     17.000    21.7904   4.909725    34.4815       1143     0.7933     2.5571     2.3669 0.0000e+00
     18.000    21.7907   4.909769    34.4812       1161     0.8052     2.5580     2.3669 0.0000e+00
     19.000    21.7873   4.909392    34.4807       1178     0.8174     2.5572     2.3651 0.0000e+00
     20.000    21.7889   4.909514    34.4800       1200     0.8326     2.5528     2.3640 0.0000e+00
     21.000    21.7905   4.909699    34.4798       1234     0.8559     2.5508     2.3668 0.0000e+00
     22.000    21.7935   4.910061    34.4800       1271     0.8823     2.5521     2.3655 0.0000e+00
     23.000    21.7917   4.909925    34.4799       1303     0.9039     2.5505     2.3593 0.0000e+00
     24.000    21.7915   4.909961    34.4801       1332     0.9240     2.5514     2.3585 0.0000e+00
     25.000    21.7929   4.910179    34.4804       1356     0.9412     2.5483     2.3585 0.0000e+00
     26.000    21.7953   4.910394    34.4798       1377     0.9555     2.5504     2.3621 0.0000e+00
     27.000    21.7510   4.906996    34.4881       1397     0.9693     2.5565     2.3684 0.0000e+00
     28.000    21.2448   4.868201    34.5868       1419     0.9846     2.5517     2.3662 0.0000e+00
     29.000    20.0842   4.756015    34.6262       1446     1.0033     2.5399     2.3551 0.0000e+00
     30.000    19.2560   4.657800    34.5017       1481     1.0276     2.5407     2.3597 0.0000e+00
     31.000    18.3087   4.553207    34.4147       1524     1.0575     2.5914     2.4172 0.0000e+00
     32.000    17.2131   4.436898    34.3431       1553     1.0777     2.6054     2.4304 0.0000e+00
     33.000    16.2966   4.333569    34.2233       1572     1.0910     2.6056     2.4370 0.0000e+00
     34.000    16.1370   4.317221    34.2157       1589     1.1025     2.5999     2.4401 0.0000e+00
     35.000    16.0747   4.312747    34.2293       1605     1.1141     2.6095     2.4466 0.0000e+00
     36.000    15.8925   4.297887    34.2541       1625     1.1278     2.6309     2.4546 0.0000e+00
     37.000    15.7365   4.288086    34.3017       1652     1.1464     2.6296     2.4586 0.0000e+00
     38.000    15.3095   4.256629    34.3911       1684     1.1689     2.5819     2.4253 0.0000e+00
     39.000    15.1401   4.237857    34.3695       1723     1.1961     2.4888     2.3403 0.0000e+00
     40.000    15.0042   4.222866    34.3525       1766     1.2254     2.4165     2.2589 0.0000e+00
     41.000    15.1681   4.247503    34.4315       1791     1.2432     2.4010     2.2337 0.0000e+00
     42.000    15.3130   4.271764    34.5232       1813     1.2580     2.3944     2.2230 0.0000e+00
     43.000    15.3876   4.287292    34.5974       1834     1.2726     2.3921     2.2174 0.0000e+00
     44.000    15.5547   4.320609    34.7497       1856     1.2882     2.3831     2.2061 0.0000e+00
     45.000    15.5395   4.330541    34.8524       1879     1.3044     2.3702     2.1907 0.0000e+00
     46.000    15.5867   4.338699    34.8835       1902     1.3201     2.3461     2.1741 0.0000e+00
     47.000    15.7752   4.365374    34.9557       1925     1.3361     2.3199     2.1521 0.0000e+00
     48.000    16.3434   4.442157    35.1362       1953     1.3558     2.3051     2.1354 0.0000e+00
     49.000    17.4243   4.601244    35.5790       1986     1.3787     2.2960     2.1245 0.0000e+00
     50.000    17.8858   4.678620    35.8410       2016     1.3995     2.2722     2.1024 0.0000e+00
     51.000    17.9334   4.693096    35.9229       2047     1.4207     2.2118     2.0562 0.0000e+00
     52.000    18.1099   4.722997    36.0236       2076     1.4407     2.1596     2.0074 0.0000e+00
     53.000    18.2476   4.744692    36.0874       2100     1.4579     2.1294     1.9795 0.0000e+00
     54.000    18.2694   4.749820    36.1116       2123     1.4736     2.1100     1.9574 0.0000e+00
     55.000    18.2767   4.753188    36.1336       2145     1.4888     2.0939     1.9405 0.0000e+00
     56.000    18.1525   4.739896    36.1291       2168     1.5046     2.0800     1.9289 0.0000e+00
     57.000    17.9220   4.713598    36.1071       2196     1.5245     2.0615     1.9169 0.0000e+00
     58.000    17.7269   4.690071    36.0771       2238     1.5534     2.0420     1.8997 0.0000e+00
     59.000    17.7241   4.692506    36.1001       2273     1.5775     2.0341     1.8898 0.0000e+00
     60.000    17.5617   4.676717    36.1077       2294     1.5926     2.0305     1.8853 0.0000e+00
     61.000    17.2691   4.637903    36.0308       2313     1.6053     2.0251     1.8812 0.0000e+00
     62.000    17.2460   4.633825    36.0155       2330     1.6172     2.0135     1.8742 0.0000e+00
     63.000    17.3876   4.649804    36.0279       2347     1.6294     2.0060     1.8665 0.0000e+00
     64.000    17.5616   4.678232    36.1193       2366     1.6426     2.0060     1.8625 0.0000e+00
     65.000    17.5031   4.672285    36.1195       2391     1.6595     2.0070     1.8645 0.0000e+00
     66.000    17.4096   4.660531    36.1004       2429     1.6859     1.9986     1.8562 0.0000e+00
     67.000    17.3091   4.648006    36.0808       2481     1.7221     1.9904     1.8435 0.0000e+00
     68.000    17.2119   4.635990    36.0625       2517     1.7473     1.9886     1.8419 0.0000e+00
     69.000    17.1459   4.627817    36.0498       2543     1.7650     1.9888     1.8405 0.0000e+00
     70.000    17.1361   4.627703    36.0571       2563     1.7794     1.9862     1.8361 0.0000e+00
     71.000    17.0453   4.616575    36.0406       2582     1.7921     1.9828     1.8346 0.0000e+00
     72.000    16.9587   4.606979    36.0337       2598     1.8036     1.9755     1.8344 0.0000e+00
     73.000    16.7373   4.579519    35.9906       2615     1.8156     1.9711     1.8329 0.0000e+00
     74.000    16.5967   4.559981    35.9441       2634     1.8287     1.9666     1.8314 0.0000e+00
     75.000    16.4020   4.536014    35.9066       2657     1.8445     1.9640     1.8286 0.0000e+00
     76.000    16.2722   4.518273    35.8657       2687     1.8656     1.9687     1.8284 0.0000e+00
     77.000    16.2692   4.517762    35.8634       2727     1.8932     1.9793     1.8342 0.0000e+00
     78.000    16.3199   4.525037    35.8820       2769     1.9224     1.9808     1.8347 0.0000e+00
     79.000    16.3211   4.526056    35.8896       2804     1.9464     1.9793     1.8333 0.0000e+00
     80.000    16.3503   4.531627    35.9124       2830     1.9644     1.9765     1.8331 0.0000e+00
     81.000    16.1695   4.514972    35.9268       2851     1.9790     1.9722     1.8324 0.0000e+00
     82.000    15.4208   4.423448    35.7831       2869     1.9919     1.9665     1.8266 0.0000e+00
     83.000    15.3026   4.401383    35.6904       2888     2.0049     1.9498     1.8145 0.0000e+00
     84.000    15.7433   4.457471    35.7964       2909     2.0195     1.9432     1.8034 0.0000e+00
     85.000    15.8424   4.474137    35.8562       2935     2.0373     1.9648     1.8128 0.0000e+00
     86.000    15.7857   4.468976    35.8608       2964     2.0578     1.9609     1.8140 0.0000e+00
     87.000    15.6949   4.458633    35.8498       2994     2.0784     1.9381     1.7991 0.0000e+00
     88.000    15.6211   4.449915    35.8379       3025     2.0997     1.9235     1.7849 0.0000e+00
     89.000    15.5656   4.443881    35.8336       3055     2.1205     1.9147     1.7775 0.0000e+00
     90.000    15.5256   4.439863    35.8332       3083     2.1400     1.9091     1.7735 0.0000e+00
     91.000    15.4951   4.437071    35.8354       3109     2.1582     1.9057     1.7689 0.0000e+00
     92.000    15.4701   4.434724    35.8364       3134     2.1754     1.9013     1.7654 0.0000e+00
     93.000    15.4332   4.431321    35.8389       3158     2.1925     1.8976     1.7636 0.0000e+00
     94.000    15.3325   4.420128    35.8289       3185     2.2109     1.8961     1.7568 0.0000e+00
     95.000    15.3969   4.428198    35.8429       3214     2.2310     1.8934     1.7522 0.0000e+00
     96.000    15.4861   4.441133    35.8783       3242     2.2504     1.8916     1.7520 0.0000e+00
     97.000    15.4237   4.437735    35.9041       3268     2.2687     1.8837     1.7496 0.0000e+00
     98.000    15.3543   4.430060    35.8975       3295     2.2878     1.8740     1.7409 0.0000e+00
     99.000    15.4048   4.437064    35.9145       3321     2.3054     1.8616     1.7312 0.0000e+00
    100.000    15.4900   4.451044    35.9628       3341     2.3194     1.8554     1.7227 0.0000e+00
    101.000    15.4525   4.448386    35.9726       3360     2.3328     1.8522     1.7196 0.0000e+00
    102.000    15.4444   4.448109    35.9771       3384     2.3492     1.8464     1.7125 0.0000e+00
    103.000    15.3690   4.440199    35.9740       3417     2.3724     1.8333     1.7048 0.0000e+00
    104.000    15.2960   4.431850    35.9647       3449     2.3946     1.8250     1.6997 0.0000e+00
    105.000    15.1859   4.418082    35.9400       3481     2.4166     1.8196     1.6922 0.0000e+00
    106.000    15.1205   4.408867    35.9156       3524     2.4466     1.8122     1.6845 0.0000e+00
    107.000    15.1093   4.407427    35.9123       3556     2.4688     1.8149     1.6861 0.0000e+00
    108.000    15.0900   4.405710    35.9139       3577     2.4833     1.8165     1.6873 0.0000e+00
    109.000    15.0741   4.404211    35.9144       3594     2.4953     1.8140     1.6866 0.0000e+00
    110.000    15.0564   4.402924    35.9186       3610     2.5063     1.8111     1.6838 0.0000e+00
    111.000    15.0110   4.398006    35.9149       3625     2.5164     1.8093     1.6809 0.0000e+00
    112.000    14.9863   4.395060    35.9103       3639     2.5267     1.8069     1.6799 0.0000e+00
    113.000    14.9682   4.393083    35.9084       3655     2.5378     1.8052     1.6792 0.0000e+00
    114.000    14.9526   4.391022    35.9035       3677     2.5525     1.8026     1.6756 0.0000e+00
    115.000    14.9155   4.386113    35.8922       3765     2.6142     1.7974     1.6656 0.0000e+00
    116.000    14.8018   4.373882    35.8844       3810     2.6452     1.7953     1.6648 0.0000e+00
    117.000    14.7727   4.370661    35.8812       3822     2.6534     1.7949     1.6642 0.0000e+00
    118.000    14.7340   4.366348    35.8768       3835     2.6628     1.7932     1.6633 0.0000e+00
    119.000    14.6096   4.353057    35.8687       3849     2.6724     1.7912     1.6615 0.0000e+00
    120.000    14.3087   4.318471    35.8266       3865     2.6831     1.7874     1.6598 0.0000e+00
    121.000    14.1716   4.299133    35.7736       3883     2.6955     1.7814     1.6554 0.0000e+00
    122.000    13.9900   4.279101    35.7549       3903     2.7095     1.7753     1.6490 0.0000e+00
    123.000    13.7582   4.249980    35.6973       3927     2.7261     1.7705     1.6464 0.0000e+00
    124.000    13.7193   4.243815    35.6751       3979     2.7625     1.7647     1.6402 0.0000e+00
    125.000    13.6116   4.231066    35.6550       4047     2.8096     1.7663     1.6369 0.0000e+00
    126.000    13.5864   4.227475    35.6443       4064     2.8215     1.7649     1.6375 0.0000e+00
    127.000    13.5893   4.227673    35.6430       4080     2.8324     1.7620     1.6363 0.0000e+00
    128.000    13.5870   4.227349    35.6417       4095     2.8427     1.7614     1.6338 0.0000e+00
    129.000    13.5871   4.227289    35.6406       4110     2.8538     1.7587     1.6314 0.0000e+00
    130.000    13.5870   4.227206    35.6394       4129     2.8666     1.7553     1.6307 0.0000e+00
    131.000    13.5878   4.227207    35.6383       4150     2.8810     1.7523     1.6287 0.0000e+00
    132.000    13.5882   4.227220    35.6376       4173     2.8972     1.7522     1.6267 0.0000e+00
    133.000    13.5873   4.227013    35.6360       4215     2.9262     1.7548     1.6273 0.0000e+00
    134.000    13.5844   4.226575    35.6342       4287     2.9766     1.7568     1.6279 0.0000e+00
    135.000    13.5849   4.226615    35.6337       4307     2.9904     1.7560     1.6262 0.0000e+00
    136.000    13.5829   4.226516    35.6342       4323     3.0011     1.7547     1.6252 0.0000e+00
    137.000    13.5824   4.226471    35.6338       4336     3.0106     1.7544     1.6239 0.0000e+00
    138.000    13.5827   4.226524    35.6336       4349     3.0197     1.7548     1.6228 0.0000e+00
    139.000    13.5828   4.226559    35.6334       4363     3.0294     1.7537     1.6230 0.0000e+00
    140.000    13.5831   4.226584    35.6329       4380     3.0409     1.7527     1.6239 0.0000e+00
    141.000    13.5864   4.226824    35.6317       4421     3.0694     1.7515     1.6253 0.0000e+00
    140.000    13.5886   4.226995    35.6317       4451     3.0904     1.7532     1.6259 0.0000e+00
    139.000    13.5885   4.226884    35.6312       4483     3.1128     1.7545     1.6264 0.0000e+00
    138.000    13.5855   4.226321    35.6291       4802     3.3339     1.7532     1.6250 0.0000e+00
    137.000    13.5852   4.226198    35.6286       4901     3.4031     1.7548     1.6264 0.0000e+00
    136.000    13.5844   4.226054    35.6285       4920     3.4160     1.7544     1.6259 0.0000e+00
    135.000    13.5845   4.225996    35.6282       4938     3.4285     1.7544     1.6253 0.0000e+00
    134.000    13.5838   4.225886    35.6282       4954     3.4394     1.7541     1.6255 0.0000e+00
    133.000    13.5834   4.225789    35.6281       4969     3.4499     1.7541     1.6249 0.0000e+00
    132.000    13.5836   4.225756    35.6281       4984     3.4606     1.7544     1.6252 0.0000e+00
    131.000    13.5830   4.225649    35.6281       5002     3.4728     1.7537     1.6250 0.0000e+00
    130.000    13.5824   4.225540    35.6280       5026     3.4893     1.7541     1.6260 0.0000e+00
    129.000    13.5821   4.225437    35.6278       5068     3.5187     1.7553     1.6251 0.0000e+00
    128.000    13.5826   4.225410    35.6275       5117     3.5529     1.7565     1.6253 0.0000e+00
    127.000    13.5845   4.225485    35.6269       5144     3.5714     1.7578     1.6255 0.0000e+00
    126.000    13.5866   4.225638    35.6267       5166     3.5868     1.7573     1.6266 0.0000e+00
    125.000    13.5912   4.226116    35.6274       5187     3.6014     1.7568     1.6267 0.0000e+00
    124.000    13.6034   4.227256    35.6272       5208     3.6157     1.7566     1.6255 0.0000e+00
    123.000    13.6181   4.228962    35.6300       5228     3.6302     1.7573     1.6240 0.0000e+00
    122.000    13.6326   4.230773    35.6340       5251     3.6459     1.7565     1.6243 0.0000e+00
    121.000    13.7035   4.238034    35.6367       5278     3.6649     1.7557     1.6269 0.0000e+00
    120.000    13.7260   4.242709    35.6602       5312     3.6884     1.7575     1.6296 0.0000e+00
    119.000    13.7655   4.247527    35.6691       5345     3.7113     1.7601     1.6321 0.0000e+00
