HB2407/CTD152.cnv
* Sea-Bird SBE 9 Data File:
* FileName = C:\cruise\data\CTD152.hex
* Software Version Seasave V 7.26.7.121
* Temperature SN = 4591
* Conductivity SN = 6006
* Number of Bytes Per Scan = 37
* Number of Voltage Words = 4
* Number of Scans Averaged by the Deck Unit = 1
* NMEA Latitude = 41 51.22 N
* NMEA Longitude = 069 51.26 W
* NMEA UTC (Time) = Oct 15 2024 13:09:18
* NMEA baud rate = 4800
** Ship: Bigelow HB2407
** Program:  Fall Bottom Trawl Survey
** Chief Scientist: John Galbraith
# nquan = 9
# nvalues = 94                          
# units = specified
# name 0 = depSM: Depth [salt water, m]
# name 1 = t090C: Temperature [ITS-90, deg C]
# name 2 = c0S/m: Conductivity [S/m]
# name 3 = sal00: Salinity, Practical [PSU]
# name 4 = scan: Scan Count
# name 5 = timeM: Time, Elapsed [minutes]
# name 6 = sbeox0V: Oxygen raw, SBE 43 [V]
# name 7 = sbeox1V: Oxygen raw, SBE 43, 2 [V]
# name 8 = flag: flag
# span 0 =      2.000,     49.000       
# span 1 =    11.0238,    14.3880       
# span 2 =   3.617128,   3.874015       
# span 3 =    31.7048,    32.1061       
# span 4 =        198,       3907       
# span 5 =     0.1366,     2.7129       
# span 6 =     2.1045,     2.4527       
# span 7 =     1.9416,     2.2645       
# span 8 = 0.0000e+00, 0.0000e+00       
# interval = meters: 1                  
# start_time = Oct 15 2024 13:09:18 [NMEA time, header]
# bad_flag = -9.990e-29
*END*
      3.000    14.3880   3.874015    31.7142        198     0.1366     2.4516     2.2640 0.0000e+00
      4.000    14.3865   3.873933    31.7143        446     0.3087     2.4500     2.2645 0.0000e+00
      5.000    14.3849   3.873827    31.7142        483     0.3344     2.4518     2.2614 0.0000e+00
      6.000    14.3851   3.873878    31.7142        504     0.3490     2.4525     2.2626 0.0000e+00
      7.000    14.3840   3.873788    31.7139        530     0.3674     2.4508     2.2602 0.0000e+00
      8.000    14.3824   3.873340    31.7107        595     0.4128     2.4495     2.2584 0.0000e+00
      9.000    14.3822   3.873836    31.7150        625     0.4334     2.4524     2.2606 0.0000e+00
     10.000    14.3823   3.873945    31.7155        648     0.4495     2.4527     2.2616 0.0000e+00
     11.000    14.3787   3.873805    31.7169        684     0.4743     2.4494     2.2615 0.0000e+00
     12.000    14.3788   3.873855    31.7168        730     0.5063     2.4445     2.2568 0.0000e+00
     13.000    14.3751   3.873657    31.7176        763     0.5292     2.4432     2.2572 0.0000e+00
     14.000    14.3670   3.873104    31.7189        790     0.5482     2.4407     2.2563 0.0000e+00
     15.000    14.3694   3.873252    31.7179        825     0.5720     2.4399     2.2557 0.0000e+00
     16.000    14.3137   3.868880    31.7233        868     0.6022     2.4392     2.2537 0.0000e+00
     17.000    14.3060   3.868343    31.7243        900     0.6241     2.4294     2.2497 0.0000e+00
     18.000    14.3172   3.869274    31.7233        926     0.6425     2.4245     2.2421 0.0000e+00
     19.000    14.2924   3.867206    31.7243        963     0.6683     2.4213     2.2379 0.0000e+00
     20.000    14.2450   3.863257    31.7268       1013     0.7029     2.4162     2.2353 0.0000e+00
     21.000    14.1414   3.855044    31.7364       1042     0.7228     2.4083     2.2297 0.0000e+00
     22.000    14.0537   3.847656    31.7404       1066     0.7397     2.3997     2.2249 0.0000e+00
     23.000    14.0321   3.845684    31.7397       1098     0.7621     2.3848     2.2136 0.0000e+00
     24.000    13.9477   3.838891    31.7464       1147     0.7961     2.3646     2.1940 0.0000e+00
     25.000    13.8031   3.828296    31.7679       1182     0.8200     2.3547     2.1841 0.0000e+00
     26.000    13.7366   3.823177    31.7752       1212     0.8407     2.3438     2.1735 0.0000e+00
     27.000    13.6043   3.813159    31.7918       1244     0.8630     2.3271     2.1592 0.0000e+00
     28.000    13.4842   3.804486    31.8108       1276     0.8856     2.3065     2.1464 0.0000e+00
     29.000    13.3783   3.796505    31.8243       1314     0.9118     2.2899     2.1294 0.0000e+00
     30.000    13.3117   3.791553    31.8333       1350     0.9372     2.2787     2.1175 0.0000e+00
     31.000    13.2295   3.785152    31.8419       1386     0.9616     2.2722     2.1063 0.0000e+00
     32.000    13.0199   3.770108    31.8760       1422     0.9865     2.2623     2.0941 0.0000e+00
     33.000    12.8423   3.757551    31.9069       1453     1.0082     2.2475     2.0835 0.0000e+00
     34.000    12.7633   3.751823    31.9190       1487     1.0316     2.2332     2.0721 0.0000e+00
     35.000    12.5442   3.735528    31.9496       1526     1.0590     2.2211     2.0651 0.0000e+00
     36.000    12.3604   3.721998    31.9765       1561     1.0834     2.2156     2.0582 0.0000e+00
     37.000    12.2504   3.713462    31.9883       1597     1.1081     2.2024     2.0468 0.0000e+00
     38.000    12.1210   3.703735    32.0051       1637     1.1360     2.1915     2.0369 0.0000e+00
     39.000    11.9563   3.691036    32.0237       1667     1.1572     2.1858     2.0289 0.0000e+00
     40.000    11.7641   3.675791    32.0412       1699     1.1791     2.1770     2.0193 0.0000e+00
     41.000    11.6819   3.669567    32.0513       1739     1.2072     2.1668     2.0084 0.0000e+00
     42.000    11.5666   3.660606    32.0634       1778     1.2343     2.1597     1.9992 0.0000e+00
     43.000    11.4481   3.650906    32.0710       1821     1.2642     2.1500     1.9887 0.0000e+00
     44.000    11.3851   3.645853    32.0758       1868     1.2964     2.1392     1.9811 0.0000e+00
     45.000    11.2466   3.633920    32.0788       1915     1.3293     2.1314     1.9727 0.0000e+00
     46.000    11.1702   3.627822    32.0850       1967     1.3653     2.1186     1.9625 0.0000e+00
     47.000    11.1153   3.623805    32.0929       2016     1.3995     2.1135     1.9563 0.0000e+00
     48.000    11.0846   3.621571    32.0973       2083     1.4459     2.1101     1.9502 0.0000e+00
     49.000    11.0238   3.617128    32.1061       2229     1.5471     2.1065     1.9416 0.0000e+00
     48.000    11.0720   3.620243    32.0952       2302     1.5982     2.1045     1.9440 0.0000e+00
     47.000    11.0998   3.621661    32.0853       2357     1.6361     2.1050     1.9451 0.0000e+00
     46.000    11.1314   3.623729    32.0786       2395     1.6624     2.1059     1.9445 0.0000e+00
     45.000    11.1689   3.626022    32.0689       2433     1.6890     2.1059     1.9442 0.0000e+00
     44.000    11.2429   3.631999    32.0636       2466     1.7119     2.1094     1.9461 0.0000e+00
     43.000    11.3413   3.639734    32.0543       2506     1.7394     2.1170     1.9515 0.0000e+00
     42.000    11.5210   3.652900    32.0277       2543     1.7651     2.1224     1.9554 0.0000e+00
     41.000    11.6290   3.662437    32.0277       2570     1.7839     2.1279     1.9590 0.0000e+00
     40.000    11.6629   3.664858    32.0223       2597     1.8025     2.1360     1.9641 0.0000e+00
     39.000    11.7064   3.667779    32.0136       2632     1.8272     2.1411     1.9738 0.0000e+00
     38.000    11.8791   3.680830    31.9918       2677     1.8584     2.1521     1.9812 0.0000e+00
     37.000    12.1484   3.701566    31.9612       2715     1.8847     2.1624     1.9886 0.0000e+00
     36.000    12.2595   3.710034    31.9481       2748     1.9076     2.1750     1.9942 0.0000e+00
     35.000    12.4475   3.723769    31.9197       2779     1.9292     2.1840     2.0026 0.0000e+00
     34.000    12.5691   3.733831    31.9128       2812     1.9518     2.1933     2.0120 0.0000e+00
     33.000    12.6969   3.743290    31.8948       2857     1.9832     2.2061     2.0280 0.0000e+00
     32.000    12.9306   3.759286    31.8493       2898     2.0119     2.2154     2.0382 0.0000e+00
     31.000    13.0939   3.771141    31.8241       2927     2.0316     2.2233     2.0453 0.0000e+00
     30.000    13.2100   3.780089    31.8111       2954     2.0508     2.2353     2.0530 0.0000e+00
     29.000    13.2956   3.787031    31.8049       2993     2.0775     2.2454     2.0640 0.0000e+00
     28.000    13.4490   3.798003    31.7797       3038     2.1091     2.2559     2.0776 0.0000e+00
     27.000    13.5780   3.807673    31.7627       3071     2.1317     2.2647     2.0867 0.0000e+00
     26.000    13.7075   3.817843    31.7500       3108     2.1573     2.2843     2.0991 0.0000e+00
     25.000    13.7730   3.822626    31.7404       3146     2.1842     2.3016     2.1116 0.0000e+00
     24.000    13.9134   3.832930    31.7198       3174     2.2033     2.3109     2.1200 0.0000e+00
     23.000    13.9655   3.837694    31.7211       3202     2.2229     2.3255     2.1310 0.0000e+00
     22.000    14.0319   3.843389    31.7191       3243     2.2516     2.3441     2.1480 0.0000e+00
     21.000    14.0902   3.848027    31.7141       3287     2.2817     2.3517     2.1659 0.0000e+00
     20.000    14.1491   3.853039    31.7120       3318     2.3033     2.3566     2.1762 0.0000e+00
     19.000    14.1864   3.856433    31.7128       3346     2.3231     2.3652     2.1824 0.0000e+00
     18.000    14.2255   3.860033    31.7141       3378     2.3453     2.3795     2.1849 0.0000e+00
     17.000    14.2810   3.864822    31.7126       3420     2.3741     2.3880     2.1965 0.0000e+00
     16.000    14.3180   3.867737    31.7093       3457     2.4000     2.3951     2.2094 0.0000e+00
     15.000    14.3447   3.869989    31.7084       3485     2.4193     2.4011     2.2184 0.0000e+00
     14.000    14.3529   3.870669    31.7082       3514     2.4396     2.4165     2.2263 0.0000e+00
     13.000    14.3733   3.872393    31.7076       3555     2.4681     2.4279     2.2326 0.0000e+00
     12.000    14.3695   3.871935    31.7069       3591     2.4931     2.4332     2.2414 0.0000e+00
     11.000    14.3797   3.872577    31.7048       3618     2.5121     2.4366     2.2464 0.0000e+00
     10.000    14.3823   3.872830    31.7054       3652     2.5355     2.4383     2.2480 0.0000e+00
      9.000    14.3849   3.873058    31.7057       3692     2.5630     2.4397     2.2500 0.0000e+00
      8.000    14.3846   3.873017    31.7059       3722     2.5841     2.4439     2.2548 0.0000e+00
      7.000    14.3827   3.872924    31.7071       3753     2.6056     2.4450     2.2573 0.0000e+00
      6.000    14.3850   3.873160    31.7077       3794     2.6338     2.4473     2.2597 0.0000e+00
      5.000    14.3821   3.872961    31.7087       3828     2.6577     2.4446     2.2588 0.0000e+00
      4.000    14.3812   3.872869    31.7089       3854     2.6760     2.4448     2.2601 0.0000e+00
      3.000    14.3803   3.872509    31.7067       3878     2.6922     2.4459     2.2630 0.0000e+00
      2.000    14.3829   3.873199    31.7114       3907     2.7129     2.4460     2.2645 0.0000e+00
