HB2407/CTD122.cnv
* Sea-Bird SBE 9 Data File:
* FileName = C:\cruise\data\CTD122.hex
* Software Version Seasave V 7.26.7.121
* Temperature SN = 4591
* Conductivity SN = 6006
* Number of Bytes Per Scan = 37
* Number of Voltage Words = 4
* Number of Scans Averaged by the Deck Unit = 1
* NMEA Latitude = 39 58.99 N
* NMEA Longitude = 069 37.82 W
* NMEA UTC (Time) = Oct 08 2024 17:54:58
* NMEA baud rate = 4800
** Ship: Bigelow HB2407
** Program:  Fall Bottom Trawl Survey
** Chief Scientist: John Galbraith
# nquan = 9
# nvalues = 363                         
# units = specified
# name 0 = depSM: Depth [salt water, m]
# name 1 = t090C: Temperature [ITS-90, deg C]
# name 2 = c0S/m: Conductivity [S/m]
# name 3 = sal00: Salinity, Practical [PSU]
# name 4 = scan: Scan Count
# name 5 = timeM: Time, Elapsed [minutes]
# name 6 = sbeox0V: Oxygen raw, SBE 43 [V]
# name 7 = sbeox1V: Oxygen raw, SBE 43, 2 [V]
# name 8 = flag: flag
# span 0 =      1.000,    183.000       
# span 1 =    12.5890,    24.7874       
# span 2 =   4.127757,   5.416204       
# span 3 =    33.6741,    36.2148       
# span 4 =          3,      11595       
# span 5 =     0.0015,     8.0515       
# span 6 =     1.6585,     2.5987       
# span 7 =     1.5459,     2.4091       
# span 8 = 0.0000e+00, 0.0000e+00       
# interval = meters: 1                  
# start_time = Oct 08 2024 17:54:58 [NMEA time, header]
# bad_flag = -9.990e-29
*END*
[from data line 321]
     42.000    24.6140   5.378260    35.8208       9768     6.7828     2.5201     2.3547 0.0000e+00
     41.000    24.6054   5.376429    35.8142       9787     6.7959     2.5285     2.3546 0.0000e+00
     40.000    24.5962   5.375065    35.8116       9805     6.8082     2.5318     2.3524 0.0000e+00
     39.000    24.5652   5.369449    35.7946       9826     6.8227     2.5326     2.3492 0.0000e+00
     38.000    24.5160   5.361097    35.7714       9855     6.8429     2.5328     2.3495 0.0000e+00
     37.000    24.4909   5.356285    35.7556       9887     6.8652     2.5336     2.3560 0.0000e+00
     36.000    24.4285   5.346576    35.7327       9917     6.8859     2.5357     2.3522 0.0000e+00
     35.000    24.3969   5.340839    35.7150       9956     6.9135     2.5378     2.3507 0.0000e+00
     34.000    24.3855   5.339016    35.7107       9999     6.9427     2.5347     2.3573 0.0000e+00
     33.000    24.3722   5.336768    35.7048      10020     6.9577     2.5321     2.3613 0.0000e+00
     32.000    24.3674   5.335959    35.7028      10038     6.9703     2.5345     2.3613 0.0000e+00
     31.000    24.3624   5.335108    35.7007      10061     6.9861     2.5348     2.3606 0.0000e+00
     30.000    24.3229   5.328668    35.6841      10125     7.0306     2.5349     2.3550 0.0000e+00
     29.000    24.3228   5.328644    35.6843      10153     7.0500     2.5412     2.3574 0.0000e+00
     28.000    24.3195   5.328053    35.6828      10169     7.0614     2.5427     2.3565 0.0000e+00
     27.000    24.3165   5.327556    35.6817      10186     7.0727     2.5416     2.3555 0.0000e+00
     26.000    24.3130   5.326987    35.6806      10203     7.0846     2.5432     2.3558 0.0000e+00
     25.000    24.3052   5.325789    35.6781      10228     7.1021     2.5386     2.3594 0.0000e+00
     24.000    24.2564   5.317777    35.6569      10277     7.1363     2.5381     2.3616 0.0000e+00
     23.000    24.2410   5.315045    35.6489      10322     7.1676     2.5456     2.3605 0.0000e+00
     22.000    24.2018   5.308811    35.6335      10348     7.1853     2.5421     2.3617 0.0000e+00
     21.000    24.1847   5.305997    35.6262      10367     7.1985     2.5388     2.3645 0.0000e+00
     20.000    24.1613   5.302198    35.6165      10384     7.2104     2.5455     2.3643 0.0000e+00
     19.000    24.1236   5.295824    35.5987      10400     7.2218     2.5425     2.3636 0.0000e+00
     18.000    24.1090   5.293337    35.5919      10417     7.2330     2.5413     2.3618 0.0000e+00
     17.000    24.0805   5.288946    35.5817      10434     7.2455     2.5478     2.3633 0.0000e+00
     16.000    24.0105   5.277054    35.5478      10465     7.2663     2.5427     2.3703 0.0000e+00
     15.000    23.9440   5.264524    35.5062      10539     7.3180     2.5433     2.3709 0.0000e+00
     14.000    23.9462   5.265114    35.5093      10559     7.3321     2.5443     2.3687 0.0000e+00
     13.000    23.9387   5.263841    35.5060      10577     7.3445     2.5496     2.3682 0.0000e+00
     12.000    23.9275   5.261905    35.5005      10593     7.3558     2.5558     2.3654 0.0000e+00
     11.000    23.9008   5.257784    35.4909      10611     7.3678     2.5574     2.3661 0.0000e+00
     10.000    23.8887   5.254789    35.4781      10631     7.3818     2.5575     2.3704 0.0000e+00
      9.000    23.7805   5.238056    35.4376      10657     7.4000     2.5566     2.3692 0.0000e+00
      8.000    23.6715   5.217290    35.3667      10693     7.4250     2.5530     2.3613 0.0000e+00
      7.000    23.0953   5.123474    35.1059      10752     7.4659     2.5383     2.3664 0.0000e+00
      6.000    21.4893   4.847219    34.2345      11224     7.7938     2.5767     2.3913 0.0000e+00
      5.000    21.5200   4.851190    34.2390      11511     7.9930     2.5725     2.3913 0.0000e+00
      4.000    21.5319   4.852864    34.2429      11508     7.9908     2.5750     2.3907 0.0000e+00
      3.000    21.5516   4.856207    34.2541      11540     8.0132     2.5790     2.3924 0.0000e+00
      2.000    21.5525   4.856458    34.2556      11576     8.0378     2.5835     2.3983 0.0000e+00
      1.000    21.5060   4.849171    34.2353      11595     8.0515     2.5862     2.3918 0.0000e+00
