HB2407/CTD195.cnv
* Sea-Bird SBE 9 Data File:
* FileName = C:\cruise\data\CTD195.hex
* Software Version Seasave V 7.26.7.121
* Temperature SN = 4591
* Conductivity SN = 6006
* Number of Bytes Per Scan = 37
* Number of Voltage Words = 4
* Number of Scans Averaged by the Deck Unit = 1
* NMEA Latitude = 42 46.30 N
* NMEA Longitude = 067 23.77 W
* NMEA UTC (Time) = Nov 02 2024 06:30:04
* NMEA baud rate = 4800
** Ship: Bigelow HB2407
** Program:  Fall Bottom Trawl Survey
** Chief Scientist: John Galbraith
# nquan = 9
# nvalues = 430                         
# units = specified
# name 0 = depSM: Depth [salt water, m]
# name 1 = t090C: Temperature [ITS-90, deg C]
# name 2 = c0S/m: Conductivity [S/m]
# name 3 = sal00: Salinity, Practical [PSU]
# name 4 = scan: Scan Count
# name 5 = timeM: Time, Elapsed [minutes]
# name 6 = sbeox0V: Oxygen raw, SBE 43 [V]
# name 7 = sbeox1V: Oxygen raw, SBE 43, 2 [V]
# name 8 = flag: flag
# span 0 =      2.000,    217.000       
# span 1 =     7.7570,    13.1684       
# span 2 =   3.429514,   3.793958       
# span 3 =    31.9774,    34.5983       
# span 4 =        314,      12306       
# span 5 =     0.2172,     8.5454       
# span 6 =     1.8886,     2.5523       
# span 7 =     1.7673,     2.3908       
# span 8 = 0.0000e+00, 0.0000e+00       
# interval = meters: 1                  
# start_time = Nov 02 2024 06:30:04 [NMEA time, header]
# bad_flag = -9.990e-29
*END*
[from data line 321]
    110.000     7.8076   3.429680    33.0788       9303     6.4600     1.9983     1.8658 0.0000e+00
    109.000     7.8131   3.429850    33.0759       9330     6.4788     1.9994     1.8665 0.0000e+00
    108.000     7.8178   3.429990    33.0734       9355     6.4961     1.9994     1.8673 0.0000e+00
    107.000     7.8220   3.430175    33.0719       9379     6.5128     1.9997     1.8682 0.0000e+00
    106.000     7.8278   3.430459    33.0700       9403     6.5288     1.9995     1.8693 0.0000e+00
    105.000     7.8325   3.430727    33.0688       9427     6.5455     1.9988     1.8708 0.0000e+00
    104.000     7.8409   3.431047    33.0648       9453     6.5638     1.9981     1.8717 0.0000e+00
    103.000     7.8552   3.431462    33.0562       9482     6.5838     1.9986     1.8717 0.0000e+00
    102.000     7.8667   3.431675    33.0480       9509     6.6027     1.9991     1.8721 0.0000e+00
    101.000     7.8726   3.431787    33.0441       9531     6.6182     2.0004     1.8716 0.0000e+00
    100.000     7.8751   3.431830    33.0426       9551     6.6323     2.0021     1.8724 0.0000e+00
     99.000     7.8782   3.431875    33.0407       9573     6.6471     2.0039     1.8741 0.0000e+00
     98.000     7.8832   3.431812    33.0358       9599     6.6654     2.0059     1.8755 0.0000e+00
     97.000     7.8920   3.431757    33.0273       9632     6.6884     2.0074     1.8762 0.0000e+00
     96.000     7.9465   3.432051    32.9795       9666     6.7116     2.0078     1.8769 0.0000e+00
     95.000     8.0151   3.432687    32.9221       9694     6.7312     2.0099     1.8777 0.0000e+00
     94.000     8.0415   3.433134    32.9026       9717     6.7471     2.0131     1.8793 0.0000e+00
     93.000     8.0653   3.433817    32.8880       9737     6.7608     2.0162     1.8824 0.0000e+00
     92.000     8.1047   3.435078    32.8648       9756     6.7743     2.0197     1.8859 0.0000e+00
     91.000     8.1653   3.436977    32.8288       9777     6.7891     2.0259     1.8895 0.0000e+00
     90.000     8.2257   3.439024    32.7945       9805     6.8086     2.0334     1.8955 0.0000e+00
     89.000     8.3517   3.443011    32.7198       9839     6.8318     2.0425     1.9025 0.0000e+00
     88.000     8.5867   3.452733    32.6049       9868     6.8520     2.0515     1.9076 0.0000e+00
     87.000     8.6521   3.457330    32.5933       9891     6.8683     2.0595     1.9154 0.0000e+00
     86.000     8.6867   3.460036    32.5902       9914     6.8841     2.0663     1.9239 0.0000e+00
     85.000     8.7485   3.464168    32.5770       9940     6.9024     2.0742     1.9321 0.0000e+00
     84.000     8.7773   3.466127    32.5714       9969     6.9223     2.0822     1.9394 0.0000e+00
     83.000     8.7869   3.466753    32.5696       9996     6.9406     2.0867     1.9451 0.0000e+00
     82.000     8.7842   3.466569    32.5705      10024     6.9607     2.0891     1.9506 0.0000e+00
     81.000     8.7860   3.466394    32.5675      10056     6.9826     2.0908     1.9529 0.0000e+00
     80.000     8.8159   3.467657    32.5537      10081     7.0003     2.0929     1.9546 0.0000e+00
     79.000     8.8661   3.470176    32.5344      10102     7.0147     2.0939     1.9573 0.0000e+00
     78.000     8.9420   3.474577    32.5111      10122     7.0287     2.0950     1.9593 0.0000e+00
     77.000     8.9969   3.478013    32.4971      10145     7.0442     2.0994     1.9615 0.0000e+00
     76.000     9.0241   3.479607    32.4892      10173     7.0637     2.1060     1.9659 0.0000e+00
     75.000     9.0467   3.480650    32.4799      10206     7.0868     2.1099     1.9714 0.0000e+00
     74.000     9.0889   3.482688    32.4629      10237     7.1083     2.1107     1.9743 0.0000e+00
     73.000     9.1102   3.483742    32.4549      10263     7.1266     2.1122     1.9762 0.0000e+00
     72.000     9.1224   3.484521    32.4523      10290     7.1448     2.1161     1.9776 0.0000e+00
     71.000     9.2096   3.489789    32.4279      10320     7.1662     2.1208     1.9787 0.0000e+00
     70.000     9.3983   3.502617    32.3894      10348     7.1854     2.1246     1.9821 0.0000e+00
     69.000     9.4946   3.510029    32.3789      10368     7.1996     2.1301     1.9863 0.0000e+00
     68.000     9.5192   3.512105    32.3784      10387     7.2123     2.1351     1.9910 0.0000e+00
     67.000     9.6539   3.520838    32.3467      10406     7.2259     2.1415     1.9952 0.0000e+00
     66.000     9.8660   3.535780    32.3089      10435     7.2456     2.1510     2.0022 0.0000e+00
     65.000    10.0155   3.546296    32.2822      10477     7.2747     2.1616     2.0138 0.0000e+00
     64.000    10.2957   3.566483    32.2367      10512     7.2993     2.1721     2.0225 0.0000e+00
     63.000    10.3733   3.573066    32.2344      10542     7.3200     2.1842     2.0298 0.0000e+00
     62.000    10.4516   3.579213    32.2271      10568     7.3379     2.1918     2.0366 0.0000e+00
     61.000    10.5272   3.585362    32.2221      10591     7.3540     2.1959     2.0443 0.0000e+00
     60.000    10.5873   3.590036    32.2160      10615     7.3705     2.1994     2.0511 0.0000e+00
     59.000    10.7391   3.601207    32.1939      10641     7.3887     2.2078     2.0573 0.0000e+00
     58.000    10.9125   3.614077    32.1696      10668     7.4077     2.2168     2.0643 0.0000e+00
     57.000    11.1307   3.630233    32.1386      10695     7.4261     2.2263     2.0711 0.0000e+00
     56.000    11.2093   3.637506    32.1418      10721     7.4445     2.2378     2.0814 0.0000e+00
     55.000    11.2523   3.641165    32.1408      10751     7.4653     2.2491     2.0942 0.0000e+00
     54.000    11.3641   3.648994    32.1206      10785     7.4890     2.2601     2.1053 0.0000e+00
     53.000    11.5349   3.662490    32.1046      10821     7.5140     2.2732     2.1140 0.0000e+00
     52.000    11.6896   3.674498    32.0880      10848     7.5330     2.2819     2.1224 0.0000e+00
     51.000    11.7180   3.677194    32.0900      10871     7.5483     2.2890     2.1302 0.0000e+00
     50.000    11.7733   3.681359    32.0831      10892     7.5629     2.2925     2.1373 0.0000e+00
     49.000    11.8706   3.689163    32.0752      10915     7.5791     2.2957     2.1433 0.0000e+00
     48.000    11.9751   3.697821    32.0693      10944     7.5995     2.3075     2.1511 0.0000e+00
     47.000    12.0069   3.700273    32.0660      10976     7.6217     2.3249     2.1623 0.0000e+00
     46.000    12.0899   3.706842    32.0584      11002     7.6398     2.3365     2.1710 0.0000e+00
     45.000    12.1368   3.710446    32.0532      11027     7.6566     2.3416     2.1779 0.0000e+00
     44.000    12.2349   3.718296    32.0450      11053     7.6752     2.3466     2.1860 0.0000e+00
     43.000    12.3138   3.724774    32.0400      11086     7.6978     2.3580     2.1979 0.0000e+00
     42.000    12.4564   3.735601    32.0221      11117     7.7196     2.3682     2.2073 0.0000e+00
     41.000    12.5953   3.746560    32.0087      11144     7.7382     2.3778     2.2170 0.0000e+00
     40.000    12.6887   3.754237    32.0027      11169     7.7558     2.3897     2.2259 0.0000e+00
     39.000    12.7402   3.758828    32.0029      11193     7.7725     2.4010     2.2378 0.0000e+00
     38.000    12.8087   3.764074    31.9949      11217     7.7888     2.4117     2.2486 0.0000e+00
     37.000    12.9023   3.771901    31.9901      11243     7.8072     2.4235     2.2584 0.0000e+00
     36.000    12.9489   3.775784    31.9878      11275     7.8289     2.4359     2.2702 0.0000e+00
     35.000    13.0206   3.781181    31.9785      11303     7.8484     2.4505     2.2810 0.0000e+00
     34.000    13.0471   3.783801    31.9812      11328     7.8658     2.4638     2.2911 0.0000e+00
     33.000    13.0551   3.784546    31.9818      11353     7.8832     2.4780     2.3024 0.0000e+00
     32.000    13.0627   3.785329    31.9832      11379     7.9016     2.4903     2.3151 0.0000e+00
     31.000    13.0709   3.786091    31.9839      11408     7.9212     2.4970     2.3242 0.0000e+00
     30.000    13.0715   3.786239    31.9852      11440     7.9435     2.4971     2.3295 0.0000e+00
     29.000    13.0736   3.786424    31.9855      11471     7.9653     2.4972     2.3330 0.0000e+00
     28.000    13.0811   3.787068    31.9856      11495     7.9823     2.5003     2.3376 0.0000e+00
     27.000    13.0876   3.787588    31.9854      11518     7.9980     2.5054     2.3394 0.0000e+00
     26.000    13.0988   3.788391    31.9840      11542     8.0149     2.5093     2.3415 0.0000e+00
     25.000    13.1130   3.789549    31.9833      11570     8.0340     2.5103     2.3440 0.0000e+00
     24.000    13.1276   3.790638    31.9816      11599     8.0539     2.5116     2.3485 0.0000e+00
     23.000    13.1401   3.791534    31.9799      11626     8.0731     2.5146     2.3502 0.0000e+00
     22.000    13.1442   3.791919    31.9804      11654     8.0926     2.5167     2.3526 0.0000e+00
     21.000    13.1426   3.791812    31.9812      11685     8.1136     2.5212     2.3561 0.0000e+00
     20.000    13.1422   3.791831    31.9821      11715     8.1346     2.5268     2.3619 0.0000e+00
     19.000    13.1432   3.791922    31.9825      11741     8.1529     2.5264     2.3643 0.0000e+00
     18.000    13.1466   3.792056    31.9813      11765     8.1694     2.5255     2.3640 0.0000e+00
     17.000    13.1526   3.792396    31.9798      11788     8.1851     2.5293     2.3667 0.0000e+00
     16.000    13.1578   3.792704    31.9787      11810     8.2008     2.5339     2.3688 0.0000e+00
     15.000    13.1642   3.793095    31.9774      11834     8.2176     2.5376     2.3686 0.0000e+00
     14.000    13.1672   3.793321    31.9774      11863     8.2374     2.5427     2.3700 0.0000e+00
     13.000    13.1672   3.793327    31.9779      11896     8.2604     2.5483     2.3739 0.0000e+00
     12.000    13.1658   3.793196    31.9782      11930     8.2838     2.5495     2.3803 0.0000e+00
     11.000    13.1655   3.793116    31.9781      11959     8.3043     2.5448     2.3803 0.0000e+00
     10.000    13.1657   3.793118    31.9784      11985     8.3220     2.5429     2.3822 0.0000e+00
      9.000    13.1668   3.793175    31.9784      12006     8.3371     2.5440     2.3840 0.0000e+00
      8.000    13.1671   3.793182    31.9786      12026     8.3505     2.5440     2.3849 0.0000e+00
      7.000    13.1666   3.793121    31.9788      12044     8.3633     2.5435     2.3852 0.0000e+00
      6.000    13.1678   3.793205    31.9790      12067     8.3795     2.5437     2.3868 0.0000e+00
      5.000    13.1684   3.793235    31.9792      12098     8.4007     2.5445     2.3891 0.0000e+00
      4.000    13.1670   3.793087    31.9794      12134     8.4255     2.5462     2.3908 0.0000e+00
      3.000    13.1643   3.792859    31.9799      12189     8.4636     2.5501     2.3892 0.0000e+00
      2.000    13.1646   3.792861    31.9801      12306     8.5454     2.5474     2.3870 0.0000e+00
