HB2407/CTD188.cnv
* Sea-Bird SBE 9 Data File:
* FileName = C:\cruise\data\CTD188.hex
* Software Version Seasave V 7.26.7.121
* Temperature SN = 4591
* Conductivity SN = 6006
* Number of Bytes Per Scan = 37
* Number of Voltage Words = 4
* Number of Scans Averaged by the Deck Unit = 1
* NMEA Latitude = 42 06.71 N
* NMEA Longitude = 066 02.15 W
* NMEA UTC (Time) = Nov 01 2024 07:35:01
* NMEA baud rate = 4800
** Ship: Bigelow HB2407
** Program:  Fall Bottom Trawl Survey
** Chief Scientist: John Galbraith
# nquan = 9
# nvalues = 381                         
# units = specified
# name 0 = depSM: Depth [salt water, m]
# name 1 = t090C: Temperature [ITS-90, deg C]
# name 2 = c0S/m: Conductivity [S/m]
# name 3 = sal00: Salinity, Practical [PSU]
# name 4 = scan: Scan Count
# name 5 = timeM: Time, Elapsed [minutes]
# name 6 = sbeox0V: Oxygen raw, SBE 43 [V]
# name 7 = sbeox1V: Oxygen raw, SBE 43, 2 [V]
# name 8 = flag: flag
# span 0 =      3.000,    193.000       
# span 1 =     7.3960,    12.3953       
# span 2 =   3.418138,   3.704190       
# span 3 =    31.7873,    34.6149       
# span 4 =        281,      12183       
# span 5 =     0.1945,     8.4598       
# span 6 =     1.9777,     2.5769       
# span 7 =     1.8489,     2.4082       
# span 8 = 0.0000e+00, 0.0000e+00       
# interval = meters: 1                  
# start_time = Nov 01 2024 07:35:01 [NMEA time, header]
# bad_flag = -9.990e-29
*END*
[from data line 321]
     62.000     8.2014   3.429300    32.7272      10073     6.9948     2.1375     1.9988 0.0000e+00
     61.000     8.2118   3.429958    32.7249      10101     7.0139     2.1385     1.9998 0.0000e+00
     60.000     8.2198   3.430360    32.7221      10129     7.0337     2.1418     2.0012 0.0000e+00
     59.000     8.2299   3.430907    32.7190      10163     7.0572     2.1461     2.0056 0.0000e+00
     58.000     8.2482   3.431915    32.7131      10196     7.0802     2.1510     2.0093 0.0000e+00
     57.000     8.2656   3.432927    32.7081      10224     7.0991     2.1530     2.0101 0.0000e+00
     56.000     8.2748   3.433500    32.7060      10250     7.1173     2.1524     2.0113 0.0000e+00
     55.000     8.2860   3.434154    32.7030      10284     7.1406     2.1533     2.0137 0.0000e+00
     54.000     8.3014   3.434989    32.6979      10320     7.1659     2.1559     2.0149 0.0000e+00
     53.000     8.3113   3.435522    32.6948      10349     7.1860     2.1567     2.0148 0.0000e+00
     52.000     8.3380   3.437633    32.6928      10375     7.2038     2.1587     2.0153 0.0000e+00
     51.000     8.3451   3.438284    32.6935      10404     7.2242     2.1596     2.0168 0.0000e+00
     50.000     8.3539   3.438896    32.6923      10444     7.2524     2.1633     2.0213 0.0000e+00
     49.000     8.3760   3.440490    32.6890      10477     7.2747     2.1656     2.0233 0.0000e+00
     48.000     8.3972   3.441895    32.6847      10500     7.2910     2.1690     2.0250 0.0000e+00
     47.000     8.4429   3.445165    32.6772      10525     7.3083     2.1713     2.0280 0.0000e+00
     46.000     8.4794   3.448047    32.6741      10567     7.3377     2.1763     2.0340 0.0000e+00
     45.000     8.5925   3.455570    32.6490      10609     7.3667     2.1821     2.0397 0.0000e+00
     44.000     8.7426   3.465542    32.6154      10632     7.3825     2.1868     2.0422 0.0000e+00
     43.000     8.8113   3.470116    32.6004      10656     7.3990     2.1948     2.0476 0.0000e+00
     42.000     8.8677   3.473961    32.5891      10697     7.4275     2.2075     2.0576 0.0000e+00
     41.000     8.9026   3.476246    32.5813      10738     7.4562     2.2172     2.0669 0.0000e+00
     40.000     9.0873   3.485254    32.5063      10763     7.4738     2.2228     2.0727 0.0000e+00
     39.000     9.2833   3.496916    32.4488      10791     7.4929     2.2346     2.0787 0.0000e+00
     38.000     9.4336   3.506135    32.4078      10833     7.5224     2.2544     2.0940 0.0000e+00
     37.000     9.8379   3.531007    32.2982      10871     7.5486     2.2672     2.1072 0.0000e+00
     36.000    10.0515   3.545922    32.2590      10896     7.5657     2.2747     2.1156 0.0000e+00
     35.000    10.0960   3.550026    32.2611      10927     7.5878     2.2926     2.1286 0.0000e+00
     34.000    10.1345   3.553212    32.2594      10977     7.6223     2.3167     2.1544 0.0000e+00
     33.000    10.1668   3.555549    32.2547      11003     7.6404     2.3206     2.1635 0.0000e+00
     32.000    10.2233   3.559187    32.2415      11025     7.6555     2.3240     2.1697 0.0000e+00
     31.000    10.3217   3.566005    32.2231      11064     7.6826     2.3351     2.1789 0.0000e+00
     30.000    10.3320   3.567270    32.2271      11123     7.7233     2.3468     2.1923 0.0000e+00
     29.000    10.3836   3.570091    32.2101      11145     7.7386     2.3481     2.1952 0.0000e+00
     28.000    10.4338   3.572967    32.1949      11167     7.7543     2.3522     2.1970 0.0000e+00
     27.000    10.4724   3.575045    32.1820      11208     7.7825     2.3591     2.2031 0.0000e+00
     26.000    10.6974   3.586398    32.0975      11258     7.8175     2.3704     2.2132 0.0000e+00
     25.000    10.9956   3.604424    32.0155      11285     7.8362     2.3851     2.2198 0.0000e+00
     24.000    11.1992   3.618029    31.9728      11317     7.8584     2.4116     2.2365 0.0000e+00
     23.000    11.4163   3.632688    31.9289      11359     7.8873     2.4446     2.2652 0.0000e+00
     22.000    11.5731   3.642606    31.8908      11389     7.9084     2.4636     2.2847 0.0000e+00
     21.000    11.6823   3.649877    31.8680      11415     7.9265     2.4778     2.3002 0.0000e+00
     20.000    11.8064   3.658177    31.8425      11452     7.9521     2.4964     2.3200 0.0000e+00
     19.000    11.9166   3.665370    31.8181      11501     7.9861     2.5200     2.3455 0.0000e+00
     18.000    11.9478   3.667793    31.8153      11527     8.0042     2.5306     2.3533 0.0000e+00
     17.000    11.9770   3.669896    31.8111      11550     8.0201     2.5364     2.3593 0.0000e+00
     16.000    12.0279   3.673714    31.8049      11575     8.0376     2.5437     2.3661 0.0000e+00
     15.000    12.0891   3.678470    31.7989      11609     8.0613     2.5524     2.3749 0.0000e+00
     14.000    12.1566   3.683794    31.7930      11654     8.0925     2.5567     2.3877 0.0000e+00
     13.000    12.1965   3.686923    31.7895      11687     8.1151     2.5615     2.3946 0.0000e+00
     12.000    12.2268   3.689344    31.7874      11709     8.1302     2.5659     2.3969 0.0000e+00
     11.000    12.2461   3.691004    31.7873      11729     8.1446     2.5678     2.3964 0.0000e+00
     10.000    12.2564   3.692021    31.7888      11759     8.1654     2.5693     2.3981 0.0000e+00
      9.000    12.2659   3.692927    31.7897      11805     8.1974     2.5688     2.4027 0.0000e+00
      8.000    12.2858   3.694526    31.7886      11835     8.2182     2.5665     2.4045 0.0000e+00
      7.000    12.2885   3.694816    31.7894      11856     8.2325     2.5681     2.4065 0.0000e+00
      6.000    12.3009   3.695792    31.7887      11880     8.2495     2.5728     2.4070 0.0000e+00
      5.000    12.3163   3.697062    31.7882      11914     8.2728     2.5731     2.4068 0.0000e+00
      4.000    12.3334   3.698662    31.7894      12009     8.3388     2.5724     2.4074 0.0000e+00
      3.000    12.3108   3.697131    31.7943      12183     8.4598     2.5710     2.4043 0.0000e+00
