HB2407/CTD113.cnv
* Sea-Bird SBE 9 Data File:
* FileName = C:\cruise\data\CTD113.hex
* Software Version Seasave V 7.26.7.121
* Temperature SN = 4591
* Conductivity SN = 6006
* Number of Bytes Per Scan = 37
* Number of Voltage Words = 4
* Number of Scans Averaged by the Deck Unit = 1
* NMEA Latitude = 40 00.03 N
* NMEA Longitude = 071 06.11 W
* NMEA UTC (Time) = Oct 07 2024 14:21:19
* NMEA baud rate = 4800
** Ship: Bigelow HB2407
** Program:  Fall Bottom Trawl Survey
** Chief Scientist: John Galbraith
# nquan = 9
# nvalues = 573                         
# units = specified
# name 0 = depSM: Depth [salt water, m]
# name 1 = t090C: Temperature [ITS-90, deg C]
# name 2 = c0S/m: Conductivity [S/m]
# name 3 = sal00: Salinity, Practical [PSU]
# name 4 = scan: Scan Count
# name 5 = timeM: Time, Elapsed [minutes]
# name 6 = sbeox0V: Oxygen raw, SBE 43 [V]
# name 7 = sbeox1V: Oxygen raw, SBE 43, 2 [V]
# name 8 = flag: flag
# span 0 =      2.000,    288.000       
# span 1 =     9.3598,    24.7923       
# span 2 =   3.782001,   5.406805       
# span 3 =    34.6882,    36.3578       
# span 4 =       -421,      16683       
# span 5 =    -0.2933,    11.5850       
# span 6 =     1.5520,     2.5380       
# span 7 =     1.4428,     2.3566       
# span 8 = 0.0000e+00, 0.0000e+00       
# interval = meters: 1                  
# start_time = Oct 07 2024 14:21:19 [NMEA time, header]
# bad_flag = -9.990e-29
*END*
[from data line 321]
    253.000    11.6844   4.028651    35.4685       9860     6.8467     1.5837     1.4669 0.0000e+00
    252.000    11.7760   4.038140    35.4748       9900     6.8740     1.5840     1.4684 0.0000e+00
    251.000    11.9730   4.058065    35.4828       9925     6.8918     1.5850     1.4686 0.0000e+00
    250.000    12.0031   4.063334    35.5061       9955     6.9124     1.5885     1.4716 0.0000e+00
    249.000    12.0115   4.064595    35.5109       9990     6.9365     1.5898     1.4742 0.0000e+00
    248.000    12.1032   4.073705    35.5130      10017     6.9555     1.5904     1.4765 0.0000e+00
    247.000    12.1819   4.082748    35.5268      10040     6.9712     1.5932     1.4774 0.0000e+00
    246.000    12.2130   4.086444    35.5337      10060     6.9851     1.5952     1.4795 0.0000e+00
    245.000    12.2685   4.092088    35.5363      10078     6.9980     1.5968     1.4819 0.0000e+00
    244.000    12.3078   4.096983    35.5470      10097     7.0111     1.5990     1.4844 0.0000e+00
    243.000    12.3333   4.099940    35.5520      10119     7.0262     1.6021     1.4858 0.0000e+00
    242.000    12.3423   4.101776    35.5616      10146     7.0450     1.6037     1.4873 0.0000e+00
    241.000    12.3789   4.105565    35.5642      10177     7.0666     1.6073     1.4902 0.0000e+00
    240.000    12.4534   4.113444    35.5703      10206     7.0865     1.6112     1.4919 0.0000e+00
    239.000    12.6022   4.129635    35.5863      10239     7.1095     1.6147     1.4944 0.0000e+00
    238.000    12.6361   4.134311    35.5998      10279     7.1378     1.6184     1.5002 0.0000e+00
    237.000    12.6969   4.140344    35.6009      10311     7.1599     1.6216     1.5028 0.0000e+00
    236.000    12.7256   4.144003    35.6094      10337     7.1777     1.6228     1.5047 0.0000e+00
    235.000    12.7298   4.144844    35.6141      10361     7.1945     1.6241     1.5058 0.0000e+00
    234.000    12.7433   4.146077    35.6135      10384     7.2102     1.6256     1.5074 0.0000e+00
    233.000    12.7476   4.146757    35.6164      10405     7.2250     1.6259     1.5090 0.0000e+00
    232.000    12.7486   4.146943    35.6177      10426     7.2396     1.6247     1.5097 0.0000e+00
    231.000    12.7524   4.147358    35.6186      10449     7.2559     1.6239     1.5086 0.0000e+00
    230.000    12.7678   4.149006    35.6203      10475     7.2737     1.6250     1.5094 0.0000e+00
    229.000    12.7727   4.149415    35.6201      10500     7.2911     1.6238     1.5096 0.0000e+00
    228.000    12.8473   4.157092    35.6239      10526     7.3087     1.6247     1.5083 0.0000e+00
    227.000    12.8875   4.161863    35.6321      10553     7.3277     1.6258     1.5080 0.0000e+00
    226.000    12.9300   4.166123    35.6333      10580     7.3467     1.6259     1.5089 0.0000e+00
    225.000    13.1037   4.184075    35.6418      10607     7.3656     1.6285     1.5083 0.0000e+00
    224.000    13.1656   4.193228    35.6714      10640     7.3881     1.6339     1.5105 0.0000e+00
    223.000    13.2659   4.202633    35.6671      10671     7.4100     1.6366     1.5140 0.0000e+00
    222.000    13.3984   4.217018    35.6799      10696     7.4271     1.6406     1.5171 0.0000e+00
    221.000    13.4292   4.221857    35.6973      10722     7.4448     1.6491     1.5225 0.0000e+00
    220.000    13.4370   4.222530    35.6968      10749     7.4640     1.6606     1.5305 0.0000e+00
    219.000    13.4729   4.226331    35.6996      10774     7.4811     1.6678     1.5390 0.0000e+00
    218.000    13.5981   4.240355    35.7154      10797     7.4972     1.6727     1.5461 0.0000e+00
    217.000    13.6414   4.246266    35.7311      10820     7.5135     1.6789     1.5524 0.0000e+00
    216.000    13.7306   4.255990    35.7398      10845     7.5303     1.6851     1.5571 0.0000e+00
    215.000    13.7767   4.262012    35.7538      10871     7.5484     1.6911     1.5619 0.0000e+00
    214.000    13.8182   4.267158    35.7639      10898     7.5672     1.6946     1.5667 0.0000e+00
    213.000    13.9095   4.277134    35.7728      10922     7.5840     1.6962     1.5701 0.0000e+00
    212.000    14.0329   4.291630    35.7939      10943     7.5987     1.6999     1.5735 0.0000e+00
    211.000    14.0314   4.292669    35.8055      10965     7.6139     1.7026     1.5750 0.0000e+00
    210.000    14.0893   4.298940    35.8106      10994     7.6338     1.7033     1.5771 0.0000e+00
    209.000    14.1089   4.301571    35.8173      11028     7.6577     1.7055     1.5817 0.0000e+00
    208.000    14.1518   4.306448    35.8233      11063     7.6816     1.7094     1.5841 0.0000e+00
    207.000    14.2082   4.312282    35.8257      11095     7.7038     1.7134     1.5839 0.0000e+00
    206.000    14.2669   4.320212    35.8454      11120     7.7214     1.7170     1.5845 0.0000e+00
    205.000    14.2955   4.323226    35.8473      11142     7.7366     1.7197     1.5883 0.0000e+00
    204.000    14.3189   4.326049    35.8522      11164     7.7520     1.7201     1.5920 0.0000e+00
    203.000    14.2998   4.324633    35.8572      11189     7.7694     1.7210     1.5952 0.0000e+00
    202.000    14.3211   4.326815    35.8581      11216     7.7881     1.7246     1.5984 0.0000e+00
    201.000    14.3634   4.330907    35.8573      11243     7.8069     1.7280     1.6013 0.0000e+00
    200.000    14.4844   4.344666    35.8731      11268     7.8245     1.7328     1.6039 0.0000e+00
    199.000    14.5678   4.355068    35.8924      11289     7.8392     1.7382     1.6065 0.0000e+00
    198.000    14.6516   4.365008    35.9070      11308     7.8524     1.7440     1.6103 0.0000e+00
    197.000    14.6766   4.367753    35.9097      11329     7.8668     1.7493     1.6164 0.0000e+00
    196.000    14.6936   4.370285    35.9177      11358     7.8871     1.7565     1.6263 0.0000e+00
    195.000    14.7080   4.372156    35.9220      11395     7.9128     1.7649     1.6358 0.0000e+00
    194.000    14.7624   4.377650    35.9227      11425     7.9333     1.7682     1.6409 0.0000e+00
    193.000    14.8544   4.388419    35.9372      11453     7.9527     1.7740     1.6449 0.0000e+00
    192.000    14.8903   4.393750    35.9534      11480     7.9713     1.7787     1.6477 0.0000e+00
    191.000    14.9538   4.399781    35.9505      11508     7.9906     1.7843     1.6529 0.0000e+00
    190.000    14.9784   4.403924    35.9662      11543     8.0155     1.7928     1.6616 0.0000e+00
    189.000    15.0415   4.409448    35.9591      11575     8.0376     1.8016     1.6707 0.0000e+00
    188.000    15.1693   4.424866    35.9827      11598     8.0535     1.8086     1.6742 0.0000e+00
    187.000    15.2037   4.429399    35.9929      11619     8.0677     1.8124     1.6762 0.0000e+00
    186.000    15.2269   4.432089    35.9964      11638     8.0811     1.8159     1.6798 0.0000e+00
    185.000    15.2280   4.432741    36.0017      11656     8.0939     1.8193     1.6831 0.0000e+00
    184.000    15.2388   4.433989    36.0036      11676     8.1074     1.8232     1.6871 0.0000e+00
    183.000    15.2402   4.434242    36.0051      11700     8.1241     1.8252     1.6907 0.0000e+00
    182.000    15.2471   4.435178    36.0076      11731     8.1455     1.8280     1.6952 0.0000e+00
    181.000    15.2532   4.435876    36.0088      11762     8.1672     1.8306     1.6994 0.0000e+00
    180.000    15.2598   4.436537    36.0091      11793     8.1886     1.8345     1.7008 0.0000e+00
    179.000    15.2795   4.438759    36.0116      11821     8.2083     1.8368     1.7014 0.0000e+00
    178.000    15.2861   4.439453    36.0124      11848     8.2271     1.8381     1.7025 0.0000e+00
    177.000    15.2989   4.441010    36.0152      11875     8.2461     1.8363     1.7022 0.0000e+00
    176.000    15.3159   4.442855    36.0167      11905     8.2664     1.8356     1.7020 0.0000e+00
    175.000    15.3216   4.443616    36.0188      11939     8.2901     1.8331     1.7021 0.0000e+00
    174.000    15.3315   4.444584    36.0190      11970     8.3120     1.8325     1.7036 0.0000e+00
    173.000    15.3461   4.446210    36.0207      11995     8.3292     1.8346     1.7047 0.0000e+00
    172.000    15.3500   4.446696    36.0220      12018     8.3453     1.8380     1.7047 0.0000e+00
    171.000    15.3511   4.446888    36.0231      12040     8.3608     1.8390     1.7060 0.0000e+00
    170.000    15.3580   4.447510    36.0228      12062     8.3757     1.8406     1.7053 0.0000e+00
    169.000    15.3629   4.448211    36.0251      12084     8.3907     1.8405     1.7048 0.0000e+00
    168.000    15.3685   4.448700    36.0248      12106     8.4060     1.8393     1.7065 0.0000e+00
    167.000    15.3716   4.448989    36.0250      12128     8.4212     1.8388     1.7080 0.0000e+00
    166.000    15.3765   4.449579    36.0263      12152     8.4381     1.8405     1.7085 0.0000e+00
    165.000    15.3843   4.450361    36.0267      12182     8.4587     1.8445     1.7076 0.0000e+00
    164.000    15.4098   4.452908    36.0268      12213     8.4806     1.8443     1.7093 0.0000e+00
    163.000    15.4265   4.454829    36.0293      12248     8.5052     1.8452     1.7123 0.0000e+00
    162.000    15.4390   4.456442    36.0329      12292     8.5352     1.8479     1.7130 0.0000e+00
    161.000    15.4638   4.459016    36.0339      12320     8.5551     1.8501     1.7113 0.0000e+00
    160.000    15.4798   4.460949    36.0371      12340     8.5691     1.8515     1.7129 0.0000e+00
    159.000    15.5104   4.463956    36.0368      12359     8.5817     1.8518     1.7151 0.0000e+00
    158.000    15.5399   4.467588    36.0429      12379     8.5956     1.8517     1.7172 0.0000e+00
    157.000    15.5375   4.467513    36.0449      12403     8.6125     1.8556     1.7190 0.0000e+00
    156.000    15.5576   4.469473    36.0447      12433     8.6332     1.8585     1.7218 0.0000e+00
    155.000    15.5569   4.469498    36.0459      12464     8.6548     1.8607     1.7248 0.0000e+00
    154.000    15.5749   4.470884    36.0424      12492     8.6745     1.8627     1.7276 0.0000e+00
    153.000    15.5803   4.471482    36.0432      12516     8.6908     1.8649     1.7295 0.0000e+00
    152.000    15.5819   4.471526    36.0426      12537     8.7058     1.8680     1.7295 0.0000e+00
    151.000    15.5846   4.471741    36.0425      12561     8.7225     1.8698     1.7305 0.0000e+00
    150.000    15.5916   4.472514    36.0435      12590     8.7423     1.8684     1.7300 0.0000e+00
    149.000    15.5981   4.473198    36.0441      12620     8.7633     1.8730     1.7311 0.0000e+00
    148.000    15.6082   4.474436    36.0465      12649     8.7835     1.8753     1.7341 0.0000e+00
    147.000    15.6510   4.478683    36.0461      12675     8.8015     1.8757     1.7343 0.0000e+00
    146.000    15.6570   4.479370    36.0472      12698     8.8171     1.8745     1.7351 0.0000e+00
    145.000    15.6584   4.479559    36.0480      12720     8.8328     1.8733     1.7371 0.0000e+00
    144.000    15.6668   4.480332    36.0477      12748     8.8523     1.8762     1.7373 0.0000e+00
    143.000    15.6743   4.481126    36.0484      12785     8.8775     1.8776     1.7405 0.0000e+00
    142.000    15.6876   4.482557    36.0496      12818     8.9005     1.8797     1.7424 0.0000e+00
    141.000    15.7556   4.489916    36.0542      12844     8.9191     1.8813     1.7436 0.0000e+00
    140.000    15.7604   4.490686    36.0572      12869     8.9363     1.8840     1.7450 0.0000e+00
    139.000    15.7694   4.491600    36.0576      12894     8.9535     1.8852     1.7459 0.0000e+00
    138.000    15.7754   4.492232    36.0582      12918     8.9703     1.8867     1.7474 0.0000e+00
    137.000    15.7909   4.493968    36.0600      12940     8.9853     1.8893     1.7497 0.0000e+00
    136.000    15.8252   4.497605    36.0619      12959     8.9987     1.8897     1.7498 0.0000e+00
    135.000    15.9222   4.508493    36.0716      12979     9.0126     1.8884     1.7503 0.0000e+00
    134.000    15.9408   4.512319    36.0894      13005     9.0305     1.8883     1.7500 0.0000e+00
    133.000    16.0133   4.520113    36.0937      13042     9.0560     1.8862     1.7510 0.0000e+00
    132.000    16.2626   4.550643    36.1399      13075     9.0793     1.8838     1.7521 0.0000e+00
    131.000    16.4215   4.571392    36.1806      13102     9.0978     1.8856     1.7515 0.0000e+00
    130.000    16.5420   4.586174    36.2028      13126     9.1144     1.8934     1.7508 0.0000e+00
    129.000    16.5910   4.592475    36.2146      13149     9.1302     1.8979     1.7513 0.0000e+00
    128.000    16.6368   4.599276    36.2337      13175     9.1489     1.9058     1.7567 0.0000e+00
    127.000    16.6348   4.599996    36.2423      13210     9.1727     1.9127     1.7655 0.0000e+00
    126.000    16.6566   4.602454    36.2447      13240     9.1939     1.9171     1.7712 0.0000e+00
    125.000    16.7277   4.610933    36.2555      13263     9.2099     1.9183     1.7753 0.0000e+00
    124.000    16.7462   4.613356    36.2605      13284     9.2241     1.9215     1.7758 0.0000e+00
    123.000    16.7519   4.614464    36.2655      13305     9.2391     1.9244     1.7777 0.0000e+00
    122.000    16.7517   4.614633    36.2676      13331     9.2572     1.9301     1.7834 0.0000e+00
    121.000    16.7690   4.616565    36.2694      13362     9.2785     1.9349     1.7899 0.0000e+00
    120.000    16.7784   4.617805    36.2722      13393     9.2999     1.9325     1.7934 0.0000e+00
    119.000    16.8051   4.620836    36.2752      13418     9.3172     1.9322     1.7938 0.0000e+00
    118.000    16.8144   4.622302    36.2801      13439     9.3321     1.9343     1.7934 0.0000e+00
    117.000    16.8288   4.623652    36.2794      13461     9.3471     1.9414     1.7959 0.0000e+00
    116.000    16.8563   4.627020    36.2846      13487     9.3652     1.9433     1.7981 0.0000e+00
    115.000    16.8631   4.627762    36.2853      13518     9.3870     1.9435     1.7989 0.0000e+00
    114.000    16.8791   4.629552    36.2870      13546     9.4065     1.9413     1.8004 0.0000e+00
    113.000    16.9060   4.632868    36.2923      13573     9.4247     1.9445     1.8020 0.0000e+00
    112.000    16.9067   4.632949    36.2928      13600     9.4435     1.9452     1.8035 0.0000e+00
    111.000    16.9064   4.632558    36.2900      13626     9.4621     1.9462     1.8027 0.0000e+00
    110.000    16.9030   4.631823    36.2870      13654     9.4811     1.9447     1.7963 0.0000e+00
    109.000    16.9003   4.631450    36.2865      13683     9.5011     1.9341     1.7955 0.0000e+00
    108.000    16.9033   4.631245    36.2824      13710     9.5201     1.9282     1.7905 0.0000e+00
    107.000    16.9158   4.632098    36.2791      13734     9.5368     1.9238     1.7880 0.0000e+00
    106.000    16.9178   4.632642    36.2824      13757     9.5525     1.9187     1.7834 0.0000e+00
    105.000    16.9689   4.637545    36.2797      13778     9.5673     1.9132     1.7778 0.0000e+00
    104.000    16.9938   4.640596    36.2844      13798     9.5814     1.9101     1.7745 0.0000e+00
    103.000    17.0110   4.642419    36.2853      13820     9.5967     1.9076     1.7729 0.0000e+00
    102.000    17.0563   4.647092    36.2859      13848     9.6160     1.8971     1.7701 0.0000e+00
    101.000    17.0558   4.646907    36.2851      13881     9.6388     1.8834     1.7671 0.0000e+00
    100.000    17.1019   4.648822    36.2607      13918     9.6649     1.8574     1.7602 0.0000e+00
     99.000    17.1320   4.650672    36.2502      13957     9.6913     1.8425     1.7455 0.0000e+00
     98.000    17.2724   4.661967    36.2231      13982     9.7087     1.8452     1.7328 0.0000e+00
     97.000    17.2564   4.660336    36.2236      14001     9.7225     1.8375     1.7235 0.0000e+00
     96.000    17.5117   4.685667    36.2157      14020     9.7355     1.8201     1.7121 0.0000e+00
     95.000    17.6164   4.696699    36.2182      14039     9.7489     1.8062     1.6951 0.0000e+00
