HB2407/CTD142.cnv
* Sea-Bird SBE 9 Data File:
* FileName = C:\cruise\data\CTD142.hex
* Software Version Seasave V 7.26.7.121
* Temperature SN = 4591
* Conductivity SN = 6006
* Number of Bytes Per Scan = 37
* Number of Voltage Words = 4
* Number of Scans Averaged by the Deck Unit = 1
* NMEA Latitude = 41 08.95 N
* NMEA Longitude = 068 49.10 W
* NMEA UTC (Time) = Oct 13 2024 22:53:33
* NMEA baud rate = 4800
** Ship: Bigelow HB2407
** Program:  Fall Bottom Trawl Survey
** Chief Scientist: John Galbraith
# nquan = 9
# nvalues = 151                         
# units = specified
# name 0 = depSM: Depth [salt water, m]
# name 1 = t090C: Temperature [ITS-90, deg C]
# name 2 = c0S/m: Conductivity [S/m]
# name 3 = sal00: Salinity, Practical [PSU]
# name 4 = scan: Scan Count
# name 5 = timeM: Time, Elapsed [minutes]
# name 6 = sbeox0V: Oxygen raw, SBE 43 [V]
# name 7 = sbeox1V: Oxygen raw, SBE 43, 2 [V]
# name 8 = flag: flag
# span 0 =      3.000,     78.000       
# span 1 =    14.0134,    15.2559       
# span 2 =   3.879249,   3.981782       
# span 3 =    31.9727,    32.0426       
# span 4 =       -149,       5019       
# span 5 =    -0.1043,     3.4846       
# span 6 =     2.2921,     2.5371       
# span 7 =     2.1226,     2.3438       
# span 8 = 0.0000e+00, 0.0000e+00       
# interval = meters: 1                  
# start_time = Oct 13 2024 22:53:33 [NMEA time, header]
# bad_flag = -9.990e-29
*END*
      3.000    15.2311   3.979425    31.9776       -149    -0.1043     2.5350     2.3416 0.0000e+00
      4.000    15.2477   3.980881    31.9765        231     0.1596     2.5312     2.3422 0.0000e+00
      5.000    15.2503   3.981174    31.9767        272     0.1884     2.5363     2.3438 0.0000e+00
      6.000    15.2520   3.981397    31.9770        299     0.2073     2.5366     2.3419 0.0000e+00
      7.000    15.2521   3.981387    31.9764        324     0.2244     2.5359     2.3385 0.0000e+00
      8.000    15.2559   3.981782    31.9764        350     0.2424     2.5371     2.3341 0.0000e+00
      9.000    15.2520   3.981564    31.9773        375     0.2600     2.5364     2.3339 0.0000e+00
     10.000    15.2267   3.979613    31.9801        400     0.2770     2.5363     2.3381 0.0000e+00
     11.000    15.1819   3.976063    31.9845        426     0.2953     2.5340     2.3408 0.0000e+00
     12.000    15.1879   3.976116    31.9797        454     0.3145     2.5279     2.3384 0.0000e+00
     13.000    15.2116   3.978380    31.9802        486     0.3369     2.5229     2.3333 0.0000e+00
     14.000    15.1048   3.969729    31.9895        518     0.3594     2.5238     2.3319 0.0000e+00
     15.000    15.0400   3.964357    31.9938        542     0.3757     2.5198     2.3301 0.0000e+00
     16.000    15.0037   3.961335    31.9960        561     0.3888     2.5091     2.3250 0.0000e+00
     17.000    14.9792   3.959058    31.9951        580     0.4020     2.4960     2.3133 0.0000e+00
     18.000    14.9688   3.958013    31.9939        611     0.4235     2.4755     2.2932 0.0000e+00
     19.000    14.9626   3.957322    31.9924        662     0.4589     2.4491     2.2659 0.0000e+00
     20.000    14.9606   3.957144    31.9920        685     0.4750     2.4455     2.2615 0.0000e+00
     21.000    14.9608   3.957194    31.9920        701     0.4858     2.4405     2.2602 0.0000e+00
     22.000    14.9596   3.957103    31.9917        716     0.4964     2.4371     2.2572 0.0000e+00
     23.000    14.9595   3.957107    31.9914        734     0.5089     2.4321     2.2539 0.0000e+00
     24.000    14.9559   3.956807    31.9913        772     0.5354     2.4272     2.2468 0.0000e+00
     25.000    14.9515   3.956471    31.9915        821     0.5694     2.4259     2.2428 0.0000e+00
     26.000    14.9490   3.956279    31.9914        842     0.5840     2.4260     2.2404 0.0000e+00
     27.000    14.9455   3.956034    31.9917        860     0.5966     2.4277     2.2414 0.0000e+00
     28.000    14.9415   3.955778    31.9923        880     0.6102     2.4278     2.2418 0.0000e+00
     29.000    14.9362   3.955358    31.9925        905     0.6276     2.4257     2.2428 0.0000e+00
     30.000    14.9302   3.954900    31.9929        941     0.6526     2.4219     2.2438 0.0000e+00
     31.000    14.9287   3.954805    31.9929        973     0.6750     2.4180     2.2391 0.0000e+00
     32.000    14.9293   3.954882    31.9927        995     0.6900     2.4178     2.2361 0.0000e+00
     33.000    14.9266   3.954672    31.9926       1014     0.7033     2.4202     2.2337 0.0000e+00
     34.000    14.9239   3.954477    31.9927       1036     0.7188     2.4201     2.2347 0.0000e+00
     35.000    14.9273   3.954797    31.9924       1075     0.7457     2.4174     2.2341 0.0000e+00
     36.000    14.9252   3.954644    31.9924       1112     0.7716     2.4206     2.2334 0.0000e+00
     37.000    14.9217   3.954370    31.9924       1132     0.7857     2.4213     2.2362 0.0000e+00
     38.000    14.9218   3.954423    31.9924       1151     0.7987     2.4180     2.2360 0.0000e+00
     39.000    14.9150   3.953822    31.9922       1173     0.8140     2.4163     2.2348 0.0000e+00
     40.000    14.9102   3.953416    31.9921       1206     0.8371     2.4152     2.2334 0.0000e+00
     41.000    14.9081   3.953258    31.9920       1242     0.8621     2.4109     2.2313 0.0000e+00
     42.000    14.9052   3.953090    31.9925       1266     0.8788     2.4073     2.2287 0.0000e+00
     43.000    14.9012   3.952852    31.9933       1286     0.8924     2.4052     2.2249 0.0000e+00
     44.000    14.9005   3.952841    31.9933       1306     0.9064     2.4025     2.2223 0.0000e+00
     45.000    14.8983   3.952695    31.9934       1335     0.9262     2.4026     2.2214 0.0000e+00
     46.000    14.8980   3.952691    31.9933       1377     0.9559     2.4062     2.2248 0.0000e+00
     47.000    14.8984   3.952754    31.9932       1406     0.9758     2.4066     2.2259 0.0000e+00
     48.000    14.8975   3.952719    31.9932       1427     0.9901     2.4073     2.2265 0.0000e+00
     49.000    14.8964   3.952644    31.9931       1448     1.0051     2.4056     2.2265 0.0000e+00
     50.000    14.8948   3.952533    31.9930       1475     1.0239     2.4027     2.2246 0.0000e+00
     51.000    14.8960   3.952643    31.9926       1505     1.0442     2.4011     2.2243 0.0000e+00
     52.000    14.8940   3.952495    31.9925       1530     1.0617     2.4027     2.2236 0.0000e+00
     53.000    14.8924   3.952404    31.9926       1554     1.0783     2.4035     2.2221 0.0000e+00
     54.000    14.8916   3.952361    31.9925       1584     1.0996     2.4018     2.2203 0.0000e+00
     55.000    14.8897   3.952230    31.9925       1619     1.1233     2.3998     2.2171 0.0000e+00
     56.000    14.8917   3.952453    31.9925       1644     1.1407     2.4002     2.2162 0.0000e+00
     57.000    14.8923   3.952547    31.9925       1665     1.1554     2.4005     2.2135 0.0000e+00
     58.000    14.8876   3.952195    31.9928       1688     1.1714     2.4020     2.2080 0.0000e+00
     59.000    14.8831   3.951843    31.9929       1721     1.1946     2.3996     2.2082 0.0000e+00
     60.000    14.8814   3.951729    31.9929       1759     1.2207     2.3990     2.2125 0.0000e+00
     61.000    14.8819   3.951812    31.9929       1783     1.2374     2.3992     2.2153 0.0000e+00
     62.000    14.8631   3.950274    31.9941       1803     1.2511     2.3983     2.2152 0.0000e+00
     63.000    14.8511   3.949306    31.9947       1823     1.2650     2.3966     2.2131 0.0000e+00
     64.000    14.8342   3.947912    31.9956       1846     1.2814     2.3916     2.2095 0.0000e+00
     65.000    14.8045   3.945439    31.9973       1880     1.3052     2.3861     2.2036 0.0000e+00
     66.000    14.7461   3.940529    32.0005       1917     1.3308     2.3813     2.1990 0.0000e+00
     67.000    14.7004   3.936855    32.0044       1943     1.3488     2.3768     2.1959 0.0000e+00
     68.000    14.6488   3.932572    32.0076       1966     1.3644     2.3672     2.1923 0.0000e+00
     69.000    14.6348   3.931365    32.0078       1990     1.3811     2.3576     2.1889 0.0000e+00
     70.000    14.6243   3.930445    32.0077       2018     1.4010     2.3514     2.1818 0.0000e+00
     71.000    14.5843   3.927141    32.0103       2048     1.4218     2.3496     2.1778 0.0000e+00
     72.000    14.5474   3.924087    32.0126       2077     1.4416     2.3472     2.1741 0.0000e+00
     73.000    14.5222   3.921979    32.0139       2104     1.4608     2.3413     2.1694 0.0000e+00
     74.000    14.4887   3.919193    32.0157       2131     1.4789     2.3355     2.1639 0.0000e+00
     75.000    14.4608   3.916877    32.0173       2157     1.4970     2.3334     2.1591 0.0000e+00
     76.000    14.4092   3.912582    32.0204       2183     1.5155     2.3326     2.1544 0.0000e+00
     77.000    14.3230   3.905485    32.0265       2211     1.5347     2.3248     2.1497 0.0000e+00
     78.000    14.0134   3.879249    32.0426       2541     1.7642     2.2955     2.1246 0.0000e+00
     77.000    14.1988   3.892993    32.0151       2848     1.9768     2.2921     2.1226 0.0000e+00
     76.000    14.3086   3.902344    32.0101       2843     1.9739     2.3009     2.1261 0.0000e+00
     75.000    14.3852   3.908835    32.0064       2872     1.9938     2.3097     2.1316 0.0000e+00
     74.000    14.4328   3.912926    32.0048       2900     2.0131     2.3158     2.1361 0.0000e+00
     73.000    14.4618   3.915537    32.0050       2924     2.0298     2.3212     2.1365 0.0000e+00
     72.000    14.4843   3.917408    32.0039       2948     2.0463     2.3268     2.1410 0.0000e+00
     71.000    14.5128   3.919828    32.0028       2974     2.0646     2.3291     2.1458 0.0000e+00
     70.000    14.5449   3.922547    32.0015       3004     2.0854     2.3305     2.1490 0.0000e+00
     69.000    14.5609   3.923899    32.0009       3032     2.1046     2.3343     2.1534 0.0000e+00
     68.000    14.5748   3.925065    32.0005       3054     2.1202     2.3383     2.1561 0.0000e+00
     67.000    14.6075   3.927593    31.9969       3075     2.1351     2.3416     2.1582 0.0000e+00
     66.000    14.6532   3.931542    31.9955       3102     2.1534     2.3436     2.1589 0.0000e+00
     65.000    14.6835   3.934299    31.9959       3137     2.1780     2.3510     2.1638 0.0000e+00
     64.000    14.7687   3.940423    31.9817       3169     2.1999     2.3522     2.1677 0.0000e+00
     63.000    14.8390   3.946931    31.9832       3191     2.2153     2.3558     2.1722 0.0000e+00
     62.000    14.8507   3.948209    31.9855       3212     2.2297     2.3633     2.1782 0.0000e+00
     61.000    14.8623   3.949258    31.9859       3234     2.2454     2.3746     2.1840 0.0000e+00
     60.000    14.8726   3.950199    31.9863       3261     2.2637     2.3829     2.1883 0.0000e+00
     59.000    14.8752   3.950509    31.9874       3291     2.2845     2.3875     2.1930 0.0000e+00
     58.000    14.8783   3.950738    31.9873       3320     2.3046     2.3901     2.2006 0.0000e+00
     57.000    14.8798   3.950975    31.9885       3345     2.3220     2.3943     2.2060 0.0000e+00
     56.000    14.8812   3.951085    31.9888       3370     2.3399     2.3934     2.2098 0.0000e+00
     55.000    14.8820   3.951152    31.9891       3403     2.3626     2.3976     2.2124 0.0000e+00
     54.000    14.8820   3.951138    31.9894       3434     2.3841     2.3987     2.2133 0.0000e+00
     53.000    14.8843   3.951291    31.9893       3456     2.3992     2.3968     2.2141 0.0000e+00
     52.000    14.8841   3.951269    31.9896       3476     2.4129     2.3973     2.2130 0.0000e+00
     51.000    14.8838   3.951234    31.9899       3498     2.4286     2.3970     2.2124 0.0000e+00
     50.000    14.8838   3.951195    31.9900       3533     2.4528     2.4005     2.2141 0.0000e+00
     49.000    14.8857   3.951307    31.9897       3568     2.4774     2.3997     2.2128 0.0000e+00
     48.000    14.8979   3.952259    31.9888       3591     2.4928     2.3993     2.2118 0.0000e+00
     47.000    14.9010   3.952617    31.9898       3609     2.5054     2.4019     2.2134 0.0000e+00
     46.000    14.9021   3.952667    31.9898       3627     2.5182     2.4052     2.2138 0.0000e+00
     45.000    14.9025   3.952691    31.9899       3655     2.5375     2.4087     2.2177 0.0000e+00
     44.000    14.9027   3.952681    31.9901       3710     2.5756     2.4077     2.2223 0.0000e+00
     43.000    14.9041   3.952751    31.9899       3734     2.5925     2.4091     2.2237 0.0000e+00
     42.000    14.9044   3.952742    31.9900       3750     2.6034     2.4075     2.2245 0.0000e+00
     41.000    14.9051   3.952750    31.9899       3765     2.6137     2.4048     2.2244 0.0000e+00
     40.000    14.9078   3.952966    31.9900       3781     2.6253     2.4035     2.2238 0.0000e+00
     39.000    14.9126   3.953386    31.9903       3812     2.6468     2.4061     2.2226 0.0000e+00
     38.000    14.9139   3.953493    31.9905       3864     2.6828     2.4129     2.2246 0.0000e+00
     37.000    14.9167   3.953701    31.9905       3890     2.7006     2.4157     2.2293 0.0000e+00
     36.000    14.9175   3.953730    31.9905       3908     2.7135     2.4150     2.2312 0.0000e+00
     35.000    14.9189   3.953811    31.9904       3926     2.7257     2.4129     2.2322 0.0000e+00
     34.000    14.9192   3.953820    31.9907       3946     2.7396     2.4152     2.2310 0.0000e+00
     33.000    14.9213   3.953952    31.9905       3978     2.7620     2.4173     2.2321 0.0000e+00
     32.000    14.9227   3.954026    31.9904       4020     2.7907     2.4183     2.2326 0.0000e+00
     31.000    14.9240   3.954083    31.9902       4046     2.8088     2.4218     2.2330 0.0000e+00
     30.000    14.9288   3.952754    31.9747       4066     2.8230     2.4227     2.2324 0.0000e+00
     29.000    14.9312   3.954569    31.9895       4087     2.8375     2.4237     2.2324 0.0000e+00
     28.000    14.9342   3.954815    31.9896       4113     2.8559     2.4258     2.2364 0.0000e+00
     27.000    14.9355   3.954889    31.9896       4147     2.8789     2.4238     2.2360 0.0000e+00
     26.000    14.9381   3.954792    31.9869       4175     2.8988     2.4252     2.2323 0.0000e+00
     25.000    14.9392   3.955123    31.9894       4200     2.9159     2.4226     2.2274 0.0000e+00
     24.000    14.9392   3.955055    31.9892       4224     2.9326     2.4198     2.2302 0.0000e+00
     23.000    14.9395   3.955063    31.9894       4249     2.9503     2.4193     2.2331 0.0000e+00
     22.000    14.9396   3.955040    31.9894       4277     2.9697     2.4194     2.2347 0.0000e+00
     21.000    14.9404   3.955035    31.9892       4304     2.9885     2.4196     2.2345 0.0000e+00
     20.000    14.9474   3.955584    31.9887       4330     3.0063     2.4213     2.2324 0.0000e+00
     19.000    14.9541   3.956153    31.9887       4357     3.0248     2.4255     2.2334 0.0000e+00
     18.000    14.9571   3.956426    31.9892       4386     3.0454     2.4279     2.2363 0.0000e+00
     17.000    14.9587   3.956524    31.9891       4417     3.0664     2.4327     2.2369 0.0000e+00
     16.000    14.9657   3.957020    31.9882       4442     3.0842     2.4344     2.2375 0.0000e+00
     15.000    14.9887   3.958805    31.9858       4464     3.0994     2.4390     2.2390 0.0000e+00
     14.000    15.0545   3.964047    31.9795       4487     3.1153     2.4457     2.2427 0.0000e+00
     13.000    15.0938   3.967638    31.9800       4519     3.1373     2.4630     2.2517 0.0000e+00
     12.000    15.1128   3.969004    31.9772       4550     3.1588     2.4784     2.2662 0.0000e+00
     11.000    15.1536   3.972438    31.9751       4571     3.1739     2.4837     2.2746 0.0000e+00
     10.000    15.1648   3.973529    31.9761       4591     3.1874     2.4907     2.2831 0.0000e+00
      9.000    15.1879   3.975404    31.9744       4614     3.2036     2.4976     2.2904 0.0000e+00
      8.000    15.2095   3.977315    31.9743       4651     3.2292     2.5112     2.3031 0.0000e+00
      7.000    15.2275   3.978770    31.9730       4686     3.2532     2.5156     2.3122 0.0000e+00
      6.000    15.2326   3.979282    31.9739       4707     3.2684     2.5189     2.3140 0.0000e+00
      5.000    15.2311   3.978985    31.9727       4728     3.2828     2.5237     2.3211 0.0000e+00
      4.000    15.2305   3.979190    31.9755       4752     3.2994     2.5240     2.3264 0.0000e+00
      3.000    15.2405   3.980112    31.9760       5019     3.4846     2.5352     2.3387 0.0000e+00
