HB2407/CTD189.cnv
* Sea-Bird SBE 9 Data File:
* FileName = C:\cruise\data\CTD189.hex
* Software Version Seasave V 7.26.7.121
* Temperature SN = 4591
* Conductivity SN = 6006
* Number of Bytes Per Scan = 37
* Number of Voltage Words = 4
* Number of Scans Averaged by the Deck Unit = 1
* NMEA Latitude = 42 08.98 N
* NMEA Longitude = 066 10.94 W
* NMEA UTC (Time) = Nov 01 2024 10:06:34
* NMEA baud rate = 4800
** Ship: Bigelow HB2407
** Program:  Fall Bottom Trawl Survey
** Chief Scientist: John Galbraith
# nquan = 9
# nvalues = 331                         
# units = specified
# name 0 = depSM: Depth [salt water, m]
# name 1 = t090C: Temperature [ITS-90, deg C]
# name 2 = c0S/m: Conductivity [S/m]
# name 3 = sal00: Salinity, Practical [PSU]
# name 4 = scan: Scan Count
# name 5 = timeM: Time, Elapsed [minutes]
# name 6 = sbeox0V: Oxygen raw, SBE 43 [V]
# name 7 = sbeox1V: Oxygen raw, SBE 43, 2 [V]
# name 8 = flag: flag
# span 0 =      2.000,    168.000       
# span 1 =     7.3323,    12.5950       
# span 2 =   3.399660,   3.719497       
# span 3 =    31.7590,    34.6928       
# span 4 =        330,       9889       
# span 5 =     0.2283,     6.8666       
# span 6 =     1.9543,     2.5516       
# span 7 =     1.8285,     2.3914       
# span 8 = 0.0000e+00, 0.0000e+00       
# interval = meters: 1                  
# start_time = Nov 01 2024 10:06:34 [NMEA time, header]
# bad_flag = -9.990e-29
*END*
      4.000    12.5928   3.718917    31.7630        330     0.2283     2.5516     2.3896 0.0000e+00
      5.000    12.5924   3.719164    31.7653        533     0.3692     2.5506     2.3914 0.0000e+00
      6.000    12.5918   3.719173    31.7655        565     0.3918     2.5503     2.3866 0.0000e+00
      7.000    12.5899   3.719115    31.7661        583     0.4039     2.5503     2.3842 0.0000e+00
      8.000    12.5915   3.719215    31.7653        603     0.4184     2.5471     2.3830 0.0000e+00
      9.000    12.5933   3.719370    31.7649        635     0.4400     2.5427     2.3850 0.0000e+00
     10.000    12.5937   3.719437    31.7648        665     0.4614     2.5447     2.3864 0.0000e+00
     11.000    12.5940   3.719497    31.7647        687     0.4761     2.5454     2.3876 0.0000e+00
     12.000    12.5881   3.719240    31.7668        709     0.4917     2.5447     2.3877 0.0000e+00
     13.000    12.5860   3.719164    31.7675        743     0.5155     2.5437     2.3858 0.0000e+00
     14.000    12.5864   3.719231    31.7674        781     0.5414     2.5454     2.3848 0.0000e+00
     15.000    12.5863   3.719275    31.7674        803     0.5572     2.5456     2.3841 0.0000e+00
     16.000    12.5863   3.719305    31.7674        826     0.5732     2.5438     2.3838 0.0000e+00
     17.000    12.5860   3.719330    31.7674        855     0.5931     2.5480     2.3846 0.0000e+00
     18.000    12.5738   3.718733    31.7717        886     0.6145     2.5487     2.3846 0.0000e+00
     19.000    12.5740   3.718786    31.7716        917     0.6359     2.5473     2.3851 0.0000e+00
     20.000    12.5753   3.718888    31.7711        945     0.6558     2.5447     2.3867 0.0000e+00
     21.000    12.5764   3.718992    31.7707        968     0.6718     2.5421     2.3856 0.0000e+00
     22.000    12.5726   3.718826    31.7720        991     0.6875     2.5422     2.3852 0.0000e+00
     23.000    12.5687   3.718661    31.7732       1020     0.7075     2.5407     2.3845 0.0000e+00
     24.000    12.5659   3.718539    31.7741       1056     0.7330     2.5387     2.3816 0.0000e+00
     25.000    12.5659   3.718590    31.7742       1083     0.7514     2.5406     2.3806 0.0000e+00
     26.000    12.5663   3.718654    31.7741       1106     0.7673     2.5421     2.3825 0.0000e+00
     27.000    12.5662   3.718695    31.7741       1131     0.7851     2.5450     2.3821 0.0000e+00
     28.000    12.5648   3.718659    31.7745       1162     0.8065     2.5427     2.3823 0.0000e+00
     29.000    12.5498   3.717906    31.7797       1191     0.8264     2.5426     2.3819 0.0000e+00
     30.000    12.5375   3.717281    31.7837       1219     0.8460     2.5439     2.3807 0.0000e+00
     31.000    12.5085   3.715614    31.7919       1248     0.8658     2.5439     2.3803 0.0000e+00
     32.000    12.4203   3.710623    31.8187       1275     0.8846     2.5422     2.3779 0.0000e+00
     33.000    12.3929   3.709065    31.8266       1301     0.9028     2.5380     2.3743 0.0000e+00
     34.000    12.3496   3.706650    31.8398       1330     0.9227     2.5324     2.3693 0.0000e+00
     35.000    12.2889   3.703228    31.8583       1360     0.9439     2.5234     2.3626 0.0000e+00
     36.000    12.0401   3.688655    31.9301       1389     0.9636     2.5157     2.3548 0.0000e+00
     37.000    11.8102   3.673109    31.9768       1416     0.9825     2.4985     2.3448 0.0000e+00
     38.000    11.7349   3.667442    31.9862       1444     1.0023     2.4774     2.3302 0.0000e+00
     39.000    11.6744   3.662792    31.9927       1475     1.0235     2.4635     2.3174 0.0000e+00
     40.000    11.6449   3.660768    31.9981       1506     1.0450     2.4571     2.3070 0.0000e+00
     41.000    11.5949   3.657471    32.0088       1533     1.0638     2.4535     2.3018 0.0000e+00
     42.000    11.5684   3.655761    32.0146       1557     1.0802     2.4474     2.2971 0.0000e+00
     43.000    11.5594   3.655354    32.0180       1582     1.0981     2.4430     2.2925 0.0000e+00
     44.000    11.5550   3.654979    32.0177       1617     1.1222     2.4401     2.2887 0.0000e+00
     45.000    11.5207   3.652467    32.0225       1656     1.1494     2.4352     2.2841 0.0000e+00
     46.000    11.4950   3.650612    32.0262       1683     1.1678     2.4335     2.2813 0.0000e+00
     47.000    11.4622   3.648304    32.0317       1704     1.1828     2.4328     2.2776 0.0000e+00
     48.000    11.3418   3.639910    32.0536       1728     1.1994     2.4318     2.2737 0.0000e+00
     49.000    11.1722   3.628311    32.0868       1762     1.2226     2.4226     2.2701 0.0000e+00
     50.000    11.0610   3.619220    32.0938       1797     1.2475     2.4149     2.2637 0.0000e+00
     51.000    10.9415   3.609844    32.1054       1826     1.2670     2.4118     2.2590 0.0000e+00
     52.000    10.7156   3.592797    32.1339       1851     1.2846     2.4049     2.2537 0.0000e+00
     53.000    10.6539   3.587845    32.1385       1876     1.3024     2.3960     2.2471 0.0000e+00
     54.000    10.6032   3.583581    32.1403       1905     1.3223     2.3928     2.2423 0.0000e+00
     55.000    10.5624   3.580185    32.1419       1937     1.3448     2.3896     2.2407 0.0000e+00
     56.000    10.4900   3.574273    32.1462       1969     1.3667     2.3889     2.2379 0.0000e+00
     57.000    10.4249   3.569153    32.1521       1997     1.3863     2.3900     2.2368 0.0000e+00
     58.000    10.3173   3.561216    32.1673       2026     1.4059     2.3888     2.2359 0.0000e+00
     59.000    10.1580   3.550001    32.1953       2054     1.4257     2.3846     2.2340 0.0000e+00
     60.000     9.9451   3.536910    32.2522       2079     1.4429     2.3774     2.2319 0.0000e+00
     61.000     9.7595   3.527231    32.3196       2104     1.4603     2.3710     2.2255 0.0000e+00
     62.000     9.6042   3.520338    32.3886       2138     1.4837     2.3646     2.2173 0.0000e+00
     63.000     9.1094   3.491375    32.5392       2169     1.5058     2.3597     2.2145 0.0000e+00
     64.000     8.5957   3.458706    32.6703       2194     1.5228     2.3466     2.2062 0.0000e+00
     65.000     8.4245   3.447669    32.7123       2220     1.5411     2.3273     2.1928 0.0000e+00
     66.000     8.2769   3.437756    32.7445       2252     1.5632     2.3169     2.1815 0.0000e+00
     67.000     8.1046   3.427392    32.7950       2279     1.5821     2.3148     2.1729 0.0000e+00
     68.000     7.9178   3.417717    32.8667       2301     1.5971     2.3101     2.1687 0.0000e+00
     69.000     7.7890   3.411611    32.9222       2325     1.6138     2.3016     2.1619 0.0000e+00
     70.000     7.7339   3.408879    32.9445       2362     1.6395     2.2867     2.1468 0.0000e+00
     71.000     7.6585   3.406392    32.9887       2397     1.6638     2.2775     2.1334 0.0000e+00
     72.000     7.5915   3.405251    33.0395       2419     1.6790     2.2704     2.1259 0.0000e+00
     73.000     7.5368   3.404026    33.0779       2441     1.6944     2.2627     2.1182 0.0000e+00
     74.000     7.4959   3.402374    33.0985       2469     1.7141     2.2499     2.1096 0.0000e+00
     75.000     7.4828   3.403065    33.1180       2500     1.7356     2.2404     2.0980 0.0000e+00
     76.000     7.4515   3.405037    33.1688       2526     1.7537     2.2362     2.0906 0.0000e+00
     77.000     7.4250   3.406577    33.2103       2553     1.7725     2.2313     2.0856 0.0000e+00
     78.000     7.4251   3.407629    33.2211       2583     1.7934     2.2252     2.0786 0.0000e+00
     79.000     7.4207   3.407538    33.2239       2615     1.8153     2.2159     2.0701 0.0000e+00
     80.000     7.4176   3.409370    33.2462       2644     1.8354     2.2062     2.0629 0.0000e+00
     81.000     7.3939   3.409368    33.2684       2668     1.8521     2.2018     2.0592 0.0000e+00
     82.000     7.3593   3.409635    33.3041       2692     1.8684     2.1977     2.0562 0.0000e+00
     83.000     7.3474   3.410113    33.3202       2721     1.8891     2.1926     2.0500 0.0000e+00
     84.000     7.3398   3.410610    33.3325       2759     1.9151     2.1856     2.0395 0.0000e+00
     85.000     7.3420   3.411728    33.3420       2787     1.9350     2.1792     2.0337 0.0000e+00
     86.000     7.3490   3.412860    33.3471       2810     1.9507     2.1744     2.0306 0.0000e+00
     87.000     7.3659   3.415434    33.3582       2833     1.9666     2.1702     2.0280 0.0000e+00
     88.000     7.3892   3.418395    33.3674       2862     1.9865     2.1664     2.0236 0.0000e+00
     89.000     7.4116   3.421392    33.3779       2896     2.0105     2.1618     2.0198 0.0000e+00
     90.000     7.4111   3.421874    33.3830       2924     2.0299     2.1545     2.0153 0.0000e+00
     91.000     7.3729   3.418734    33.3853       2949     2.0474     2.1479     2.0097 0.0000e+00
     92.000     7.3439   3.416144    33.3847       2979     2.0683     2.1394     2.0011 0.0000e+00
     93.000     7.3393   3.415943    33.3865       3007     2.0876     2.1335     1.9964 0.0000e+00
     94.000     7.3330   3.416182    33.3947       3029     2.1027     2.1319     1.9936 0.0000e+00
     95.000     7.3385   3.418631    33.4155       3051     2.1181     2.1310     1.9899 0.0000e+00
     96.000     7.3628   3.423978    33.4495       3080     2.1385     2.1290     1.9869 0.0000e+00
     97.000     7.3698   3.425429    33.4581       3116     2.1634     2.1215     1.9830 0.0000e+00
     98.000     7.3901   3.429182    33.4786       3145     2.1836     2.1131     1.9765 0.0000e+00
     99.000     7.4104   3.432566    33.4953       3169     2.1999     2.1072     1.9713 0.0000e+00
    100.000     7.4178   3.433986    33.5030       3191     2.2156     2.1033     1.9666 0.0000e+00
    101.000     7.4261   3.435738    33.5135       3216     2.2328     2.1001     1.9615 0.0000e+00
    102.000     7.4394   3.438809    33.5334       3247     2.2539     2.0970     1.9580 0.0000e+00
    103.000     7.4540   3.440907    33.5416       3279     2.2766     2.0933     1.9545 0.0000e+00
    104.000     7.4713   3.443366    33.5509       3307     2.2956     2.0881     1.9524 0.0000e+00
    105.000     7.4939   3.446354    33.5609       3330     2.3117     2.0848     1.9504 0.0000e+00
    106.000     7.5092   3.449621    33.5810       3352     2.3273     2.0805     1.9478 0.0000e+00
    107.000     7.5523   3.457766    33.6269       3378     2.3453     2.0781     1.9433 0.0000e+00
    108.000     7.5636   3.459949    33.6390       3411     2.3681     2.0765     1.9389 0.0000e+00
    109.000     7.5732   3.462494    33.6568       3443     2.3904     2.0745     1.9366 0.0000e+00
    110.000     7.5963   3.468611    33.7000       3468     2.4078     2.0726     1.9337 0.0000e+00
    111.000     7.6191   3.474084    33.7365       3492     2.4241     2.0712     1.9321 0.0000e+00
    112.000     7.6374   3.479417    33.7758       3516     2.4407     2.0685     1.9308 0.0000e+00
    113.000     7.6505   3.485875    33.8322       3541     2.4581     2.0655     1.9275 0.0000e+00
    114.000     7.6336   3.490538    33.8985       3569     2.4776     2.0616     1.9244 0.0000e+00
    115.000     7.6147   3.492700    33.9398       3601     2.5000     2.0577     1.9219 0.0000e+00
    116.000     7.6110   3.494642    33.9639       3630     2.5199     2.0554     1.9206 0.0000e+00
    117.000     7.6168   3.497161    33.9850       3654     2.5367     2.0559     1.9207 0.0000e+00
    118.000     7.6228   3.498483    33.9929       3677     2.5530     2.0564     1.9208 0.0000e+00
    119.000     7.6401   3.501452    34.0076       3703     2.5706     2.0562     1.9214 0.0000e+00
    120.000     7.6597   3.505189    34.0283       3732     2.5913     2.0561     1.9214 0.0000e+00
    121.000     7.6725   3.507840    34.0438       3765     2.6142     2.0541     1.9194 0.0000e+00
    122.000     7.6855   3.511198    34.0669       3795     2.6349     2.0507     1.9157 0.0000e+00
    123.000     7.6745   3.512437    34.0906       3820     2.6518     2.0474     1.9127 0.0000e+00
    124.000     7.6692   3.513123    34.1026       3842     2.6673     2.0424     1.9089 0.0000e+00
    125.000     7.6622   3.512652    34.1040       3865     2.6831     2.0374     1.9056 0.0000e+00
    126.000     7.6563   3.512379    34.1063       3892     2.7021     2.0346     1.9048 0.0000e+00
    127.000     7.6640   3.513609    34.1115       3927     2.7263     2.0364     1.9034 0.0000e+00
    128.000     7.6371   3.511052    34.1098       3958     2.7482     2.0406     1.9051 0.0000e+00
    129.000     7.6396   3.512434    34.1218       3983     2.7654     2.0401     1.9054 0.0000e+00
    130.000     7.6559   3.516319    34.1473       4006     2.7814     2.0415     1.9059 0.0000e+00
    131.000     7.6651   3.519117    34.1680       4031     2.7984     2.0435     1.9073 0.0000e+00
    132.000     7.6674   3.519812    34.1728       4061     2.8191     2.0417     1.9073 0.0000e+00
    133.000     7.6681   3.520382    34.1778       4093     2.8414     2.0401     1.9055 0.0000e+00
    134.000     7.6674   3.520766    34.1821       4120     2.8605     2.0379     1.9058 0.0000e+00
    135.000     7.6666   3.521535    34.1907       4146     2.8782     2.0367     1.9054 0.0000e+00
    136.000     7.6721   3.524043    34.2119       4172     2.8963     2.0359     1.9041 0.0000e+00
    137.000     7.6812   3.527003    34.2344       4198     2.9147     2.0358     1.9032 0.0000e+00
    138.000     7.6919   3.530384    34.2599       4225     2.9332     2.0355     1.9030 0.0000e+00
    139.000     7.6960   3.531543    34.2679       4257     2.9553     2.0339     1.9007 0.0000e+00
    140.000     7.7013   3.532814    34.2759       4292     2.9799     2.0312     1.8958 0.0000e+00
    141.000     7.7094   3.534683    34.2876       4317     2.9975     2.0280     1.8932 0.0000e+00
    142.000     7.7417   3.542350    34.3380       4338     3.0115     2.0268     1.8914 0.0000e+00
    143.000     7.7543   3.545508    34.3591       4358     3.0258     2.0261     1.8899 0.0000e+00
    144.000     7.7626   3.547733    34.3744       4383     3.0434     2.0213     1.8873 0.0000e+00
    145.000     7.7697   3.549438    34.3853       4420     3.0689     2.0114     1.8795 0.0000e+00
    146.000     7.7844   3.555019    34.4305       4456     3.0935     2.0032     1.8738 0.0000e+00
    147.000     7.7979   3.560764    34.4786       4480     3.1103     1.9990     1.8699 0.0000e+00
    148.000     7.7998   3.561946    34.4890       4503     3.1262     1.9964     1.8673 0.0000e+00
    149.000     7.8001   3.562268    34.4917       4528     3.1438     1.9932     1.8635 0.0000e+00
    150.000     7.7997   3.562492    34.4940       4557     3.1637     1.9884     1.8578 0.0000e+00
    151.000     7.7988   3.562684    34.4964       4585     3.1835     1.9833     1.8534 0.0000e+00
    152.000     7.7969   3.563546    34.5071       4613     3.2029     1.9809     1.8501 0.0000e+00
    153.000     7.8018   3.569735    34.5685       4641     3.2223     1.9785     1.8484 0.0000e+00
    154.000     7.8008   3.571166    34.5843       4669     3.2415     1.9766     1.8478 0.0000e+00
    155.000     7.7995   3.572340    34.5979       4696     3.2602     1.9747     1.8452 0.0000e+00
    156.000     7.7965   3.573472    34.6125       4723     3.2788     1.9714     1.8427 0.0000e+00
    157.000     7.7945   3.574053    34.6203       4751     3.2986     1.9677     1.8415 0.0000e+00
    158.000     7.7924   3.574447    34.6261       4780     3.3184     1.9665     1.8405 0.0000e+00
    159.000     7.7867   3.575320    34.6407       4805     3.3363     1.9653     1.8380 0.0000e+00
    160.000     7.7783   3.576229    34.6583       4831     3.3545     1.9643     1.8365 0.0000e+00
    161.000     7.7632   3.577233    34.6837       4863     3.3762     1.9632     1.8341 0.0000e+00
    162.000     7.7609   3.577376    34.6870       4894     3.3979     1.9630     1.8329 0.0000e+00
    163.000     7.7572   3.577483    34.6914       4921     3.4166     1.9611     1.8323 0.0000e+00
