HB2407/CTD105.cnv
* Sea-Bird SBE 9 Data File:
* FileName = C:\cruise\data\CTD105.hex
* Software Version Seasave V 7.26.7.121
* Temperature SN = 4591
* Conductivity SN = 6006
* Number of Bytes Per Scan = 37
* Number of Voltage Words = 4
* Number of Scans Averaged by the Deck Unit = 1
* NMEA Latitude = 39 50.94 N
* NMEA Longitude = 072 42.39 W
* NMEA UTC (Time) = Oct 05 2024 20:33:00
* NMEA baud rate = 4800
** Ship: Bigelow HB2407
** Program:  Fall Bottom Trawl Survey
** Chief Scientist: John Galbraith
# nquan = 9
# nvalues = 105                         
# units = specified
# name 0 = depSM: Depth [salt water, m]
# name 1 = t090C: Temperature [ITS-90, deg C]
# name 2 = c0S/m: Conductivity [S/m]
# name 3 = sal00: Salinity, Practical [PSU]
# name 4 = scan: Scan Count
# name 5 = timeM: Time, Elapsed [minutes]
# name 6 = sbeox0V: Oxygen raw, SBE 43 [V]
# name 7 = sbeox1V: Oxygen raw, SBE 43, 2 [V]
# name 8 = flag: flag
# span 0 =      1.000,     54.000       
# span 1 =    13.8373,    20.7753       
# span 2 =   3.952570,   4.776565       
# span 3 =    32.8627,    34.2764       
# span 4 =         38,       3785       
# span 5 =     0.0257,     2.6278       
# span 6 =     2.0899,     2.6017       
# span 7 =     1.9313,     2.4123       
# span 8 = 0.0000e+00, 0.0000e+00       
# interval = meters: 1                  
# start_time = Oct 05 2024 20:33:00 [NMEA time, header]
# bad_flag = -9.990e-29
*END*
      3.000    20.2037   4.671806    33.8534         38     0.0257     2.5983     2.4106 0.0000e+00
      4.000    20.2042   4.671999    33.8542        142     0.0980     2.5982     2.4019 0.0000e+00
      5.000    20.2084   4.672544    33.8549        203     0.1405     2.6006     2.4104 0.0000e+00
      6.000    20.2212   4.675103    33.8650        226     0.1561     2.6017     2.4123 0.0000e+00
      7.000    20.2046   4.672215    33.8546        255     0.1764     2.6000     2.4093 0.0000e+00
      8.000    20.2070   4.672514    33.8547        292     0.2022     2.5962     2.4093 0.0000e+00
      9.000    20.2541   4.680494    33.8813        320     0.2212     2.5929     2.4052 0.0000e+00
     10.000    20.3001   4.687972    33.9047        341     0.2363     2.5909     2.4050 0.0000e+00
     11.000    20.4245   4.709579    33.9795        362     0.2504     2.5952     2.4057 0.0000e+00
     12.000    20.4464   4.714067    33.9978        369     0.2553     2.5983     2.4078 0.0000e+00
     13.000    20.7753   4.776565    34.2370        471     0.3264     2.5952     2.4016 0.0000e+00
     14.000    20.7327   4.772827    34.2408        521     0.3610     2.5830     2.3942 0.0000e+00
     15.000    20.7186   4.772039    34.2455        562     0.3893     2.5815     2.3989 0.0000e+00
     16.000    20.6669   4.766495    34.2421        597     0.4136     2.5827     2.3985 0.0000e+00
     17.000    20.6627   4.766495    34.2452        629     0.4360     2.5854     2.3943 0.0000e+00
     18.000    20.6822   4.769737    34.2552        659     0.4566     2.5788     2.3956 0.0000e+00
     19.000    20.6893   4.771499    34.2633        683     0.4740     2.5764     2.3889 0.0000e+00
     20.000    20.6943   4.772508    34.2671        704     0.4884     2.5723     2.3867 0.0000e+00
     21.000    20.6951   4.772790    34.2683        723     0.5016     2.5748     2.3881 0.0000e+00
     22.000    20.6965   4.773091    34.2693        744     0.5159     2.5759     2.3867 0.0000e+00
     23.000    20.6987   4.773503    34.2705        768     0.5327     2.5721     2.3866 0.0000e+00
     24.000    20.6971   4.773456    34.2711        796     0.5519     2.5726     2.3845 0.0000e+00
     25.000    20.6945   4.773801    34.2756        822     0.5704     2.5722     2.3812 0.0000e+00
     26.000    20.6726   4.771615    34.2753        845     0.5861     2.5677     2.3799 0.0000e+00
     27.000    20.6601   4.770460    34.2757        864     0.5991     2.5654     2.3771 0.0000e+00
     28.000    20.6601   4.770581    34.2764        873     0.6053     2.5614     2.3777 0.0000e+00
     29.000    20.6505   4.769548    34.2754        885     0.6137     2.5561     2.3768 0.0000e+00
     30.000    20.6409   4.768485    34.2743        899     0.6237     2.5544     2.3739 0.0000e+00
     31.000    20.6247   4.766740    34.2729        915     0.6349     2.5522     2.3740 0.0000e+00
     32.000    20.5791   4.761740    34.2691        938     0.6510     2.5479     2.3721 0.0000e+00
     33.000    20.5727   4.761415    34.2713        967     0.6707     2.5405     2.3665 0.0000e+00
     34.000    20.5615   4.760020    34.2687       1006     0.6977     2.5357     2.3579 0.0000e+00
     35.000    20.4775   4.749919    34.2546       1045     0.7252     2.5358     2.3477 0.0000e+00
     36.000    20.3911   4.739284    34.2381       1072     0.7436     2.5282     2.3428 0.0000e+00
     37.000    20.3407   4.733026    34.2278       1094     0.7589     2.5153     2.3336 0.0000e+00
     38.000    20.2927   4.726834    34.2161       1114     0.7727     2.5059     2.3303 0.0000e+00
     39.000    20.2583   4.722146    34.2056       1136     0.7884     2.4983     2.3264 0.0000e+00
     40.000    20.2188   4.717271    34.1976       1158     0.8035     2.4994     2.3193 0.0000e+00
     41.000    20.1893   4.713564    34.1911       1178     0.8170     2.4932     2.3130 0.0000e+00
     42.000    20.1434   4.708017    34.1827       1202     0.8340     2.4885     2.3115 0.0000e+00
     43.000    20.0588   4.699072    34.1781       1228     0.8521     2.4851     2.3033 0.0000e+00
     44.000    19.8990   4.679763    34.1499       1260     0.8742     2.4759     2.2998 0.0000e+00
     45.000    19.4210   4.620252    34.0497       1301     0.9029     2.4589     2.2868 0.0000e+00
     46.000    18.8830   4.552507    33.9272       1336     0.9269     2.4325     2.2667 0.0000e+00
     47.000    18.7277   4.534083    33.9002       1357     0.9415     2.4135     2.2519 0.0000e+00
     48.000    18.2257   4.489531    33.9377       1372     0.9524     2.4003     2.2405 0.0000e+00
     49.000    15.8720   4.230209    33.6575       1385     0.9614     2.3881     2.2314 0.0000e+00
     50.000    14.0641   4.000787    33.1289       1400     0.9716     2.3548     2.2127 0.0000e+00
     51.000    13.8926   3.971320    33.0055       1421     0.9863     2.2476     2.1483 0.0000e+00
     52.000    13.8861   3.965488    32.9567       1463     1.0152     2.1386     2.0407 0.0000e+00
     53.000    13.8715   3.959088    32.9095       1588     1.1019     2.0983     1.9518 0.0000e+00
     54.000    13.8373   3.952570    32.8780       1673     1.1613     2.0948     1.9347 0.0000e+00
     53.000    13.8637   3.954767    32.8761       1830     1.2700     2.0919     1.9343 0.0000e+00
     52.000    13.8817   3.955098    32.8642       2127     1.4765     2.0916     1.9313 0.0000e+00
     51.000    13.8787   3.954947    32.8657       2154     1.4950     2.0907     1.9324 0.0000e+00
     50.000    13.8939   3.956325    32.8659       2183     1.5154     2.0907     1.9315 0.0000e+00
     49.000    13.9207   3.958409    32.8627       2206     1.5310     2.0899     1.9319 0.0000e+00
     48.000    14.6664   4.027915    32.8661       2227     1.5455     2.0924     1.9325 0.0000e+00
     47.000    16.0358   4.176263    33.0484       2250     1.5616     2.1297     1.9379 0.0000e+00
     46.000    16.0941   4.207164    33.2736       2276     1.5797     2.1980     1.9618 0.0000e+00
     45.000    17.4758   4.353779    33.3996       2302     1.5979     2.2498     1.9937 0.0000e+00
     44.000    18.4922   4.488396    33.7107       2328     1.6160     2.2855     2.0411 0.0000e+00
     43.000    18.9811   4.552380    33.8466       2359     1.6374     2.3505     2.1047 0.0000e+00
     42.000    19.5615   4.623896    33.9666       2393     1.6613     2.4037     2.1649 0.0000e+00
     41.000    19.7526   4.652350    34.0454       2420     1.6799     2.4237     2.2016 0.0000e+00
     40.000    19.8482   4.663918    34.0629       2440     1.6934     2.4376     2.2197 0.0000e+00
     39.000    20.0188   4.683648    34.0862       2457     1.7058     2.4542     2.2345 0.0000e+00
     38.000    19.9880   4.683624    34.1114       2477     1.7195     2.4659     2.2508 0.0000e+00
     37.000    20.1462   4.701923    34.1326       2504     1.7379     2.4806     2.2651 0.0000e+00
     36.000    20.2288   4.713889    34.1634       2542     1.7643     2.4871     2.2815 0.0000e+00
     35.000    20.2527   4.717078    34.1704       2578     1.7898     2.4876     2.2957 0.0000e+00
     34.000    20.3777   4.731930    34.1900       2606     1.8088     2.4945     2.3013 0.0000e+00
     33.000    20.4483   4.740637    34.2039       2628     1.8241     2.4995     2.3055 0.0000e+00
     32.000    20.4798   4.746663    34.2275       2647     1.8378     2.5101     2.3108 0.0000e+00
     31.000    20.5239   4.751271    34.2295       2667     1.8517     2.5141     2.3141 0.0000e+00
     30.000    20.5338   4.752937    34.2353       2689     1.8669     2.5240     2.3195 0.0000e+00
     29.000    20.5589   4.756277    34.2423       2715     1.8846     2.5341     2.3275 0.0000e+00
     28.000    20.5981   4.760723    34.2469       2744     1.9051     2.5407     2.3353 0.0000e+00
     27.000    20.6151   4.763142    34.2530       2778     1.9281     2.5405     2.3415 0.0000e+00
     26.000    20.6258   4.764005    34.2517       2808     1.9491     2.5490     2.3459 0.0000e+00
     25.000    20.6542   4.767006    34.2533       2833     1.9667     2.5555     2.3587 0.0000e+00
     24.000    20.6601   4.767588    34.2536       2858     1.9840     2.5615     2.3613 0.0000e+00
     23.000    20.6709   4.768441    34.2522       2884     2.0024     2.5658     2.3606 0.0000e+00
     22.000    20.6699   4.768652    34.2550       2911     2.0208     2.5666     2.3670 0.0000e+00
     21.000    20.6749   4.768799    34.2525       2935     2.0376     2.5685     2.3739 0.0000e+00
     20.000    20.6700   4.767782    34.2486       2957     2.0528     2.5732     2.3757 0.0000e+00
     19.000    20.6629   4.766593    34.2451       2978     2.0676     2.5769     2.3760 0.0000e+00
     18.000    20.6588   4.765603    34.2408       3002     2.0839     2.5790     2.3774 0.0000e+00
     17.000    20.6650   4.765440    34.2348       3032     2.1046     2.5848     2.3837 0.0000e+00
     16.000    20.6696   4.765878    34.2350       3066     2.1285     2.5821     2.3899 0.0000e+00
     15.000    20.7094   4.769542    34.2327       3096     2.1490     2.5752     2.3867 0.0000e+00
     14.000    20.7243   4.771104    34.2337       3120     2.1657     2.5789     2.3872 0.0000e+00
     13.000    20.7297   4.771086    34.2296       3142     2.1812     2.5800     2.3882 0.0000e+00
     12.000    20.7227   4.767878    34.2097       3166     2.1976     2.5823     2.3927 0.0000e+00
     11.000    20.6760   4.757511    34.1642       3193     2.2165     2.5818     2.3947 0.0000e+00
     10.000    20.5900   4.742954    34.1164       3222     2.2371     2.5811     2.3942 0.0000e+00
      9.000    20.4442   4.717557    34.0289       3249     2.2556     2.5781     2.3959 0.0000e+00
      8.000    20.3432   4.698584    33.9568       3272     2.2714     2.5786     2.3955 0.0000e+00
      7.000    20.3259   4.694643    33.9391       3294     2.2867     2.5840     2.3984 0.0000e+00
      6.000    20.2845   4.687021    33.9109       3322     2.3061     2.5937     2.4004 0.0000e+00
      5.000    20.2234   4.675544    33.8672       3363     2.3348     2.5944     2.4031 0.0000e+00
      4.000    20.2037   4.672222    33.8564       3402     2.3619     2.5979     2.4055 0.0000e+00
      3.000    20.1887   4.669345    33.8454       3559     2.4705     2.5999     2.4078 0.0000e+00
      2.000    20.1786   4.667672    33.8403       3765     2.6137     2.5976     2.4123 0.0000e+00
      1.000    20.1680   4.666108    33.8365       3785     2.6278     2.5976     2.4113 0.0000e+00
