HB2407/CTD172.cnv
* Sea-Bird SBE 9 Data File:
* FileName = C:\cruise\data\CTD172.hex
* Software Version Seasave V 7.26.7.121
* Temperature SN = 4591
* Conductivity SN = 6006
* Number of Bytes Per Scan = 37
* Number of Voltage Words = 4
* Number of Scans Averaged by the Deck Unit = 1
* NMEA Latitude = 42 35.53 N
* NMEA Longitude = 069 08.90 W
* NMEA UTC (Time) = Oct 20 2024 15:35:10
* NMEA baud rate = 4800
** Ship: Bigelow HB2407
** Program:  Fall Bottom Trawl Survey
** Chief Scientist: John Galbraith
# nquan = 9
# nvalues = 394                         
# units = specified
# name 0 = depSM: Depth [salt water, m]
# name 1 = t090C: Temperature [ITS-90, deg C]
# name 2 = c0S/m: Conductivity [S/m]
# name 3 = sal00: Salinity, Practical [PSU]
# name 4 = scan: Scan Count
# name 5 = timeM: Time, Elapsed [minutes]
# name 6 = sbeox0V: Oxygen raw, SBE 43 [V]
# name 7 = sbeox1V: Oxygen raw, SBE 43, 2 [V]
# name 8 = flag: flag
# span 0 =      3.000,    200.000       
# span 1 =     6.8502,    13.9194       
# span 2 =   3.308536,   3.867347       
# span 3 =    32.0363,    34.0458       
# span 4 =        166,      12723       
# span 5 =     0.1146,     8.8344       
# span 6 =     1.6819,     2.6167       
# span 7 =     1.5589,     2.4196       
# span 8 = 0.0000e+00, 0.0000e+00       
# interval = meters: 1                  
# start_time = Oct 20 2024 15:35:10 [NMEA time, header]
# bad_flag = -9.990e-29
*END*
[from data line 161]
    165.000     7.6113   3.482460    33.8085       4842     3.3617     1.7570     1.6245 0.0000e+00
    166.000     7.6212   3.484126    33.8163       4873     3.3835     1.7550     1.6228 0.0000e+00
    167.000     7.6278   3.485252    33.8216       4902     3.4035     1.7543     1.6223 0.0000e+00
    168.000     7.6295   3.485540    33.8225       4926     3.4205     1.7536     1.6213 0.0000e+00
    169.000     7.6347   3.486338    33.8255       4952     3.4384     1.7537     1.6213 0.0000e+00
    170.000     7.6374   3.486868    33.8282       4982     3.4593     1.7526     1.6212 0.0000e+00
    171.000     7.6400   3.487253    33.8294       5010     3.4782     1.7510     1.6213 0.0000e+00
    172.000     7.6476   3.488220    33.8319       5033     3.4942     1.7503     1.6212 0.0000e+00
    173.000     7.6580   3.489542    33.8356       5057     3.5112     1.7497     1.6213 0.0000e+00
    174.000     7.6639   3.490421    33.8389       5088     3.5323     1.7497     1.6211 0.0000e+00
    175.000     7.6734   3.492130    33.8476       5120     3.5549     1.7517     1.6214 0.0000e+00
    176.000     7.6793   3.493243    33.8533       5145     3.5723     1.7533     1.6220 0.0000e+00
    177.000     7.6826   3.493805    33.8557       5168     3.5881     1.7528     1.6224 0.0000e+00
    178.000     7.6871   3.494590    33.8593       5194     3.6065     1.7518     1.6220 0.0000e+00
    179.000     7.6929   3.495640    33.8645       5228     3.6295     1.7512     1.6203 0.0000e+00
    180.000     7.6948   3.496019    33.8663       5258     3.6508     1.7500     1.6207 0.0000e+00
    181.000     7.6966   3.496383    33.8679       5283     3.6678     1.7486     1.6191 0.0000e+00
    182.000     7.7034   3.497637    33.8744       5306     3.6843     1.7491     1.6189 0.0000e+00
    183.000     7.7236   3.501968    33.9009       5332     3.7021     1.7500     1.6191 0.0000e+00
    184.000     7.7269   3.502854    33.9067       5359     3.7207     1.7497     1.6190 0.0000e+00
    185.000     7.7281   3.503113    33.9079       5385     3.7391     1.7473     1.6175 0.0000e+00
    186.000     7.7348   3.504546    33.9163       5414     3.7588     1.7443     1.6153 0.0000e+00
    187.000     7.7393   3.505656    33.9234       5445     3.7806     1.7409     1.6127 0.0000e+00
    188.000     7.7434   3.506846    33.9317       5473     3.8000     1.7385     1.6108 0.0000e+00
    189.000     7.7486   3.508274    33.9416       5497     3.8169     1.7364     1.6101 0.0000e+00
    190.000     7.7552   3.510136    33.9547       5521     3.8336     1.7344     1.6090 0.0000e+00
    191.000     7.7606   3.511688    33.9656       5548     3.8523     1.7316     1.6073 0.0000e+00
    192.000     7.7638   3.512708    33.9730       5580     3.8740     1.7275     1.6033 0.0000e+00
    193.000     7.7649   3.513063    33.9752       5611     3.8956     1.7224     1.5989 0.0000e+00
    194.000     7.7659   3.513452    33.9779       5636     3.9131     1.7191     1.5954 0.0000e+00
    195.000     7.7736   3.515268    33.9896       5657     3.9281     1.7169     1.5922 0.0000e+00
    196.000     7.7884   3.519343    34.0185       5681     3.9442     1.7151     1.5884 0.0000e+00
    197.000     7.7946   3.521206    34.0320       5710     3.9649     1.7125     1.5847 0.0000e+00
    198.000     7.7965   3.521804    34.0361       5743     3.9875     1.7066     1.5802 0.0000e+00
    199.000     7.7986   3.522520    34.0412       5942     4.1260     1.6938     1.5686 0.0000e+00
    200.000     7.8010   3.523201    34.0458       6898     4.7898     1.6819     1.5589 0.0000e+00
    199.000     7.7999   3.522856    34.0435       6677     4.6358     1.6864     1.5614 0.0000e+00
    198.000     7.7991   3.522548    34.0415       6701     4.6530     1.6864     1.5614 0.0000e+00
    197.000     7.7973   3.522055    34.0384       6721     4.6668     1.6872     1.5621 0.0000e+00
    196.000     7.7960   3.521659    34.0360       6743     4.6822     1.6873     1.5626 0.0000e+00
    195.000     7.7925   3.520660    34.0291       6768     4.6996     1.6870     1.5627 0.0000e+00
    194.000     7.7886   3.519667    34.0227       6797     4.7195     1.6877     1.5631 0.0000e+00
    193.000     7.7869   3.519269    34.0205       6826     4.7395     1.6895     1.5643 0.0000e+00
    192.000     7.7721   3.515455    33.9944       6851     4.7572     1.6906     1.5662 0.0000e+00
    191.000     7.7688   3.514057    33.9831       6876     4.7740     1.6927     1.5681 0.0000e+00
    190.000     7.7672   3.513586    33.9801       6900     4.7911     1.6963     1.5701 0.0000e+00
    189.000     7.7653   3.513002    33.9761       6927     4.8096     1.7005     1.5736 0.0000e+00
    188.000     7.7611   3.511817    33.9679       6954     4.8285     1.7039     1.5771 0.0000e+00
    187.000     7.7531   3.509714    33.9536       6980     4.8466     1.7063     1.5790 0.0000e+00
    186.000     7.7496   3.508366    33.9430       7006     4.8647     1.7092     1.5805 0.0000e+00
    185.000     7.7467   3.507580    33.9378       7034     4.8839     1.7139     1.5840 0.0000e+00
    184.000     7.7454   3.507280    33.9363       7059     4.9015     1.7176     1.5878 0.0000e+00
    183.000     7.7388   3.505616    33.9254       7083     4.9180     1.7198     1.5911 0.0000e+00
    182.000     7.7345   3.504617    33.9193       7109     4.9363     1.7242     1.5947 0.0000e+00
    181.000     7.7326   3.503939    33.9143       7138     4.9563     1.7277     1.5980 0.0000e+00
    180.000     7.7197   3.501555    33.9016       7165     4.9748     1.7285     1.6007 0.0000e+00
    179.000     7.7034   3.497866    33.8782       7190     4.9921     1.7305     1.6036 0.0000e+00
    178.000     7.6991   3.496978    33.8733       7217     5.0109     1.7352     1.6065 0.0000e+00
    177.000     7.6932   3.495990    33.8689       7246     5.0315     1.7409     1.6096 0.0000e+00
    176.000     7.6864   3.494581    33.8609       7272     5.0494     1.7442     1.6121 0.0000e+00
    175.000     7.6784   3.493132    33.8535       7294     5.0643     1.7453     1.6138 0.0000e+00
    174.000     7.6714   3.492039    33.8490       7316     5.0796     1.7471     1.6168 0.0000e+00
    173.000     7.6658   3.491240    33.8463       7342     5.0982     1.7481     1.6187 0.0000e+00
    172.000     7.6576   3.489962    33.8410       7372     5.1189     1.7483     1.6201 0.0000e+00
    171.000     7.6511   3.489082    33.8383       7398     5.1366     1.7479     1.6213 0.0000e+00
    170.000     7.6427   3.487794    33.8330       7421     5.1528     1.7489     1.6210 0.0000e+00
    169.000     7.6397   3.487278    33.8309       7450     5.1727     1.7483     1.6205 0.0000e+00
    168.000     7.6339   3.486499    33.8286       7489     5.1999     1.7482     1.6204 0.0000e+00
    167.000     7.6317   3.486033    33.8262       7525     5.2251     1.7478     1.6213 0.0000e+00
    166.000     7.6213   3.484368    33.8189       7551     5.2427     1.7477     1.6211 0.0000e+00
    165.000     7.6207   3.484165    33.8177       7575     5.2594     1.7484     1.6214 0.0000e+00
    164.000     7.6158   3.483334    33.8140       7600     5.2768     1.7495     1.6214 0.0000e+00
    163.000     7.6160   3.483228    33.8131       7628     5.2965     1.7496     1.6216 0.0000e+00
    162.000     7.6118   3.482517    33.8100       7655     5.3155     1.7488     1.6214 0.0000e+00
    161.000     7.6081   3.481846    33.8068       7682     5.3338     1.7501     1.6212 0.0000e+00
    160.000     7.6067   3.481517    33.8051       7712     5.3545     1.7512     1.6216 0.0000e+00
    159.000     7.6051   3.481206    33.8038       7743     5.3765     1.7526     1.6226 0.0000e+00
    158.000     7.5984   3.479943    33.7971       7769     5.3944     1.7529     1.6228 0.0000e+00
    157.000     7.5926   3.478552    33.7882       7793     5.4109     1.7522     1.6226 0.0000e+00
    156.000     7.5907   3.478001    33.7846       7818     5.4288     1.7525     1.6229 0.0000e+00
    155.000     7.5903   3.477526    33.7804       7847     5.4489     1.7545     1.6237 0.0000e+00
    154.000     7.5894   3.476717    33.7730       7878     5.4701     1.7560     1.6251 0.0000e+00
    153.000     7.5889   3.475605    33.7620       7907     5.4900     1.7582     1.6272 0.0000e+00
    152.000     7.5816   3.474395    33.7564       7933     5.5080     1.7606     1.6275 0.0000e+00
    151.000     7.5691   3.472775    33.7516       7956     5.5243     1.7605     1.6286 0.0000e+00
    150.000     7.5523   3.470395    33.7427       7979     5.5404     1.7606     1.6297 0.0000e+00
    149.000     7.5512   3.470120    33.7412       8004     5.5577     1.7622     1.6313 0.0000e+00
    148.000     7.5428   3.468902    33.7367       8029     5.5753     1.7635     1.6324 0.0000e+00
    147.000     7.5300   3.466919    33.7282       8055     5.5930     1.7640     1.6331 0.0000e+00
    146.000     7.5205   3.464865    33.7156       8081     5.6110     1.7638     1.6334 0.0000e+00
    145.000     7.5041   3.462125    33.7024       8108     5.6298     1.7648     1.6338 0.0000e+00
    144.000     7.4940   3.460534    33.6954       8137     5.6498     1.7658     1.6348 0.0000e+00
    143.000     7.4691   3.456664    33.6783       8166     5.6701     1.7658     1.6354 0.0000e+00
    142.000     7.4541   3.453858    33.6629       8195     5.6900     1.7655     1.6361 0.0000e+00
    141.000     7.4393   3.451142    33.6483       8221     5.7080     1.7667     1.6373 0.0000e+00
    140.000     7.4342   3.450038    33.6418       8245     5.7248     1.7676     1.6370 0.0000e+00
    139.000     7.4165   3.446771    33.6240       8269     5.7414     1.7677     1.6369 0.0000e+00
    138.000     7.4062   3.444741    33.6124       8293     5.7585     1.7694     1.6383 0.0000e+00
    137.000     7.3957   3.441330    33.5861       8318     5.7756     1.7712     1.6394 0.0000e+00
    136.000     7.3991   3.439143    33.5596       8344     5.7939     1.7731     1.6400 0.0000e+00
    135.000     7.3996   3.436974    33.5361       8373     5.8142     1.7810     1.6423 0.0000e+00
    134.000     7.3944   3.434210    33.5116       8402     5.8343     1.7924     1.6488 0.0000e+00
    133.000     7.3879   3.432255    33.4973       8429     5.8530     1.8009     1.6574 0.0000e+00
    132.000     7.3836   3.431156    33.4900       8453     5.8694     1.8078     1.6651 0.0000e+00
    131.000     7.3813   3.430202    33.4823       8475     5.8845     1.8144     1.6715 0.0000e+00
    130.000     7.3769   3.428596    33.4697       8500     5.9018     1.8207     1.6788 0.0000e+00
    129.000     7.3706   3.426250    33.4507       8535     5.9262     1.8269     1.6851 0.0000e+00
    128.000     7.3744   3.425574    33.4402       8572     5.9522     1.8312     1.6911 0.0000e+00
    127.000     7.3808   3.423745    33.4148       8602     5.9731     1.8340     1.6961 0.0000e+00
    126.000     7.3777   3.422431    33.4039       8632     5.9935     1.8359     1.7005 0.0000e+00
    125.000     7.3705   3.421221    33.3983       8658     6.0121     1.8393     1.7038 0.0000e+00
    124.000     7.3609   3.419301    33.3872       8682     6.0285     1.8426     1.7062 0.0000e+00
    123.000     7.3574   3.418307    33.3802       8707     6.0458     1.8462     1.7081 0.0000e+00
    122.000     7.3553   3.417781    33.3770       8733     6.0638     1.8496     1.7106 0.0000e+00
    121.000     7.3410   3.415504    33.3666       8758     6.0809     1.8522     1.7120 0.0000e+00
    120.000     7.3033   3.410541    33.3495       8782     6.0977     1.8540     1.7135 0.0000e+00
    119.000     7.2751   3.406576    33.3341       8810     6.1173     1.8560     1.7158 0.0000e+00
    118.000     7.2315   3.400746    33.3132       8846     6.1425     1.8593     1.7187 0.0000e+00
    117.000     7.2161   3.398858    33.3080       8878     6.1647     1.8621     1.7215 0.0000e+00
    116.000     7.1769   3.393409    33.2870       8904     6.1826     1.8642     1.7241 0.0000e+00
    115.000     7.1688   3.392082    33.2807       8926     6.1979     1.8656     1.7268 0.0000e+00
    114.000     7.1463   3.389080    33.2702       8947     6.2128     1.8671     1.7284 0.0000e+00
    113.000     7.0781   3.378747    33.2237       8972     6.2296     1.8702     1.7293 0.0000e+00
    112.000     7.0569   3.374796    33.2015       9002     6.2510     1.8747     1.7308 0.0000e+00
    111.000     7.0514   3.373021    33.1879       9034     6.2733     1.8805     1.7345 0.0000e+00
    110.000     7.0261   3.368673    33.1652       9061     6.2918     1.8849     1.7387 0.0000e+00
    109.000     7.0104   3.366003    33.1516       9087     6.3097     1.8869     1.7429 0.0000e+00
    108.000     6.9814   3.361973    33.1359       9113     6.3278     1.8896     1.7464 0.0000e+00
    107.000     6.9765   3.360326    33.1231       9138     6.3453     1.8936     1.7495 0.0000e+00
    106.000     6.9599   3.357456    33.1081       9163     6.3626     1.8967     1.7517 0.0000e+00
    105.000     6.9422   3.353763    33.0853       9191     6.3819     1.8987     1.7550 0.0000e+00
    104.000     6.9224   3.348987    33.0524       9224     6.4047     1.9031     1.7597 0.0000e+00
    103.000     6.9152   3.346602    33.0337       9253     6.4250     1.9096     1.7640 0.0000e+00
    102.000     6.9016   3.343088    33.0088       9277     6.4415     1.9147     1.7672 0.0000e+00
    101.000     6.8952   3.341048    32.9930       9301     6.4581     1.9181     1.7713 0.0000e+00
    100.000     6.8908   3.338623    32.9712       9328     6.4772     1.9253     1.7759 0.0000e+00
     99.000     6.8891   3.336037    32.9449       9358     6.4981     1.9338     1.7819 0.0000e+00
     98.000     6.8872   3.334230    32.9274       9388     6.5185     1.9397     1.7893 0.0000e+00
     97.000     6.8851   3.333315    32.9199       9414     6.5370     1.9438     1.7953 0.0000e+00
     96.000     6.8851   3.332957    32.9165       9439     6.5540     1.9471     1.7992 0.0000e+00
     95.000     6.8853   3.332576    32.9126       9463     6.5712     1.9509     1.8040 0.0000e+00
     94.000     6.8845   3.331663    32.9038       9490     6.5893     1.9552     1.8085 0.0000e+00
     93.000     6.8789   3.330117    32.8928       9518     6.6090     1.9598     1.8113 0.0000e+00
     92.000     6.8629   3.326954    32.8739       9548     6.6296     1.9625     1.8125 0.0000e+00
     91.000     6.8551   3.324195    32.8516       9575     6.6485     1.9639     1.8148 0.0000e+00
     90.000     6.8603   3.323396    32.8384       9601     6.6667     1.9695     1.8182 0.0000e+00
     89.000     6.8665   3.322674    32.8250       9631     6.6876     1.9762     1.8230 0.0000e+00
     88.000     6.8748   3.320906    32.7981       9664     6.7101     1.9822     1.8297 0.0000e+00
     87.000     6.8798   3.319602    32.7796       9691     6.7294     1.9858     1.8350 0.0000e+00
     86.000     6.8781   3.318730    32.7722       9715     6.7458     1.9897     1.8381 0.0000e+00
     85.000     6.8791   3.317783    32.7613       9738     6.7619     1.9929     1.8418 0.0000e+00
     84.000     6.8839   3.316862    32.7471       9765     6.7805     1.9964     1.8460 0.0000e+00
     83.000     6.8885   3.315405    32.7273       9793     6.8003     2.0010     1.8502 0.0000e+00
     82.000     6.8860   3.313650    32.7109       9819     6.8180     2.0054     1.8536 0.0000e+00
     81.000     6.8794   3.311274    32.6917       9845     6.8363     2.0090     1.8561 0.0000e+00
     80.000     6.8774   3.308864    32.6676       9875     6.8571     2.0131     1.8592 0.0000e+00
     79.000     6.8978   3.308536    32.6452       9906     6.8783     2.0178     1.8634 0.0000e+00
     78.000     6.9331   3.308545    32.6123       9935     6.8988     2.0248     1.8672 0.0000e+00
     77.000     6.9686   3.309450    32.5890       9963     6.9182     2.0299     1.8711 0.0000e+00
