HB2407/CTD104.cnv
* Sea-Bird SBE 9 Data File:
* FileName = C:\cruise\data\CTD104.hex
* Software Version Seasave V 7.26.7.121
* Temperature SN = 4591
* Conductivity SN = 6006
* Number of Bytes Per Scan = 37
* Number of Voltage Words = 4
* Number of Scans Averaged by the Deck Unit = 1
* NMEA Latitude = 40 07.78 N
* NMEA Longitude = 072 36.56 W
* NMEA UTC (Time) = Oct 05 2024 17:55:43
* NMEA baud rate = 4800
** Ship: Bigelow HB2407
** Program:  Fall Bottom Trawl Survey
** Chief Scientist: John Galbraith
# nquan = 9
# nvalues = 103                         
# units = specified
# name 0 = depSM: Depth [salt water, m]
# name 1 = t090C: Temperature [ITS-90, deg C]
# name 2 = c0S/m: Conductivity [S/m]
# name 3 = sal00: Salinity, Practical [PSU]
# name 4 = scan: Scan Count
# name 5 = timeM: Time, Elapsed [minutes]
# name 6 = sbeox0V: Oxygen raw, SBE 43 [V]
# name 7 = sbeox1V: Oxygen raw, SBE 43, 2 [V]
# name 8 = flag: flag
# span 0 =      3.000,     54.000       
# span 1 =    11.8270,    18.8699       
# span 2 =   3.689420,   4.443765       
# span 3 =    32.1105,    33.1327       
# span 4 =         47,       3476       
# span 5 =     0.0317,     2.4132       
# span 6 =     1.9191,     2.6691       
# span 7 =     1.7782,     2.4806       
# span 8 = 0.0000e+00, 0.0000e+00       
# interval = meters: 1                  
# start_time = Oct 05 2024 17:55:43 [NMEA time, header]
# bad_flag = -9.990e-29
*END*
      3.000    18.8627   4.377108    32.4989         47     0.0317     2.6691     2.4719 0.0000e+00
      4.000    18.8699   4.377771    32.4984        207     0.1428     2.6687     2.4771 0.0000e+00
      5.000    18.8057   4.373981    32.5171        257     0.1779     2.6679     2.4787 0.0000e+00
      6.000    18.7267   4.370355    32.5487        286     0.1982     2.6662     2.4806 0.0000e+00
      7.000    18.4439   4.362641    32.7078        309     0.2140     2.6635     2.4785 0.0000e+00
      8.000    18.3616   4.359883    32.7498        332     0.2296     2.6523     2.4676 0.0000e+00
      9.000    18.2880   4.353725    32.7564        357     0.2470     2.6078     2.4339 0.0000e+00
     10.000    18.2364   4.349073    32.7581        383     0.2650     2.5628     2.3916 0.0000e+00
     11.000    18.1618   4.342308    32.7604        415     0.2875     2.5216     2.3555 0.0000e+00
     12.000    18.1269   4.340543    32.7730        455     0.3154     2.4916     2.3227 0.0000e+00
     13.000    18.1263   4.341451    32.7808        485     0.3362     2.4803     2.3065 0.0000e+00
     14.000    18.1210   4.341218    32.7828        508     0.3518     2.4666     2.2934 0.0000e+00
     15.000    18.1139   4.340477    32.7818        527     0.3654     2.4577     2.2885 0.0000e+00
     16.000    18.1030   4.339228    32.7796        547     0.3791     2.4534     2.2826 0.0000e+00
     17.000    18.1069   4.339717    32.7803        570     0.3950     2.4459     2.2750 0.0000e+00
     18.000    18.2964   4.366880    32.8571        599     0.4153     2.4405     2.2674 0.0000e+00
     19.000    18.4189   4.384354    32.9055        632     0.4382     2.4502     2.2728 0.0000e+00
     20.000    18.5111   4.397708    32.9433        666     0.4620     2.4778     2.2926 0.0000e+00
     21.000    18.5476   4.405019    32.9750        696     0.4829     2.4985     2.3109 0.0000e+00
     22.000    18.5237   4.402863    32.9757        721     0.4997     2.5134     2.3219 0.0000e+00
     23.000    18.5332   4.405651    32.9911        742     0.5147     2.5184     2.3286 0.0000e+00
     24.000    18.6012   4.415523    33.0189        763     0.5290     2.5210     2.3329 0.0000e+00
     25.000    18.6716   4.425642    33.0467        785     0.5442     2.5213     2.3368 0.0000e+00
     26.000    18.7094   4.432065    33.0698        814     0.5643     2.5243     2.3404 0.0000e+00
     27.000    18.7343   4.436783    33.0888        853     0.5917     2.5228     2.3415 0.0000e+00
     28.000    18.7075   4.434286    33.0891        885     0.6141     2.5339     2.3488 0.0000e+00
     29.000    18.7395   4.439725    33.1085        909     0.6308     2.5353     2.3528 0.0000e+00
     30.000    18.7638   4.443765    33.1224        930     0.6451     2.5405     2.3609 0.0000e+00
     31.000    18.7282   4.441624    33.1327        950     0.6589     2.5520     2.3688 0.0000e+00
     32.000    18.5821   4.425877    33.1180        971     0.6734     2.5617     2.3755 0.0000e+00
     33.000    18.3368   4.397067    33.0730        998     0.6925     2.5505     2.3727 0.0000e+00
     34.000    17.9499   4.351886    33.0034       1038     0.7205     2.4967     2.3315 0.0000e+00
     35.000    18.0111   4.364891    33.0637       1075     0.7460     2.4383     2.2789 0.0000e+00
     36.000    16.8131   4.232428    32.9002       1099     0.7625     2.4147     2.2529 0.0000e+00
     37.000    14.8084   4.016359    32.6445       1119     0.7766     2.3774     2.2272 0.0000e+00
     38.000    14.0023   3.928272    32.5189       1140     0.7907     2.2851     2.1697 0.0000e+00
     39.000    13.6137   3.885263    32.4489       1162     0.8065     2.1662     2.0789 0.0000e+00
     40.000    12.8243   3.803660    32.3555       1188     0.8246     2.0789     1.9907 0.0000e+00
     41.000    12.6409   3.782345    32.3100       1220     0.8465     2.0202     1.9236 0.0000e+00
     42.000    12.4258   3.758731    32.2692       1254     0.8703     1.9951     1.8805 0.0000e+00
     43.000    12.1582   3.730771    32.2310       1283     0.8903     1.9804     1.8569 0.0000e+00
     44.000    11.9799   3.711520    32.1990       1306     0.9065     1.9681     1.8423 0.0000e+00
     45.000    11.9283   3.705242    32.1825       1327     0.9208     1.9607     1.8311 0.0000e+00
     46.000    11.9072   3.702362    32.1725       1348     0.9357     1.9519     1.8190 0.0000e+00
     47.000    11.8941   3.700297    32.1634       1375     0.9544     1.9449     1.8078 0.0000e+00
     48.000    11.8752   3.697575    32.1529       1416     0.9824     1.9400     1.7981 0.0000e+00
     49.000    11.8696   3.696487    32.1469       1453     1.0084     1.9350     1.7942 0.0000e+00
     50.000    11.8619   3.695350    32.1421       1486     1.0310     1.9325     1.7933 0.0000e+00
     51.000    11.8439   3.693323    32.1377       1515     1.0516     1.9306     1.7908 0.0000e+00
     52.000    11.8404   3.692714    32.1344       1541     1.0697     1.9278     1.7870 0.0000e+00
     53.000    11.8342   3.692009    32.1324       1564     1.0851     1.9264     1.7861 0.0000e+00
     54.000    11.8381   3.691021    32.1191       1763     1.2239     1.9191     1.7823 0.0000e+00
     53.000    11.8270   3.689420    32.1136       1956     1.3577     1.9206     1.7803 0.0000e+00
     52.000    11.8395   3.690173    32.1105       2085     1.4470     1.9193     1.7796 0.0000e+00
     51.000    11.8406   3.690332    32.1115       2103     1.4594     1.9203     1.7802 0.0000e+00
     50.000    11.8427   3.690379    32.1106       2123     1.4738     1.9199     1.7793 0.0000e+00
     49.000    11.8468   3.690768    32.1112       2146     1.4893     1.9210     1.7782 0.0000e+00
     48.000    11.8541   3.691399    32.1115       2170     1.5063     1.9220     1.7784 0.0000e+00
     47.000    11.8639   3.692262    32.1117       2198     1.5260     1.9239     1.7790 0.0000e+00
     46.000    11.8805   3.693763    32.1124       2232     1.5491     1.9264     1.7800 0.0000e+00
     45.000    11.8901   3.694644    32.1130       2263     1.5708     1.9284     1.7823 0.0000e+00
     44.000    11.9123   3.696809    32.1152       2292     1.5910     1.9304     1.7846 0.0000e+00
     43.000    11.9262   3.698183    32.1169       2319     1.6097     1.9313     1.7849 0.0000e+00
     42.000    11.9764   3.702851    32.1192       2343     1.6262     1.9318     1.7853 0.0000e+00
     41.000    12.1433   3.718090    32.1228       2365     1.6413     1.9340     1.7864 0.0000e+00
     40.000    12.2863   3.734879    32.1615       2386     1.6563     1.9404     1.7892 0.0000e+00
     39.000    12.4606   3.751069    32.1673       2408     1.6717     1.9489     1.7934 0.0000e+00
     38.000    12.6259   3.769068    32.1978       2432     1.6880     1.9576     1.7977 0.0000e+00
     37.000    13.0029   3.804255    32.2100       2457     1.7058     1.9698     1.8045 0.0000e+00
     36.000    13.6043   3.865140    32.2710       2486     1.7255     1.9861     1.8173 0.0000e+00
     35.000    14.6128   3.964647    32.3404       2517     1.7470     2.0150     1.8365 0.0000e+00
     34.000    16.0462   4.125991    32.6009       2550     1.7702     2.0729     1.8639 0.0000e+00
     33.000    17.0237   4.232393    32.7316       2582     1.7925     2.1511     1.9118 0.0000e+00
     32.000    17.4744   4.287578    32.8411       2607     1.8098     2.2255     1.9697 0.0000e+00
     31.000    17.6692   4.307100    32.8506       2627     1.8237     2.2861     2.0224 0.0000e+00
     30.000    18.1436   4.364686    32.9570       2645     1.8362     2.3430     2.0668 0.0000e+00
     29.000    18.3283   4.386586    32.9933       2664     1.8492     2.3971     2.1117 0.0000e+00
     28.000    18.4502   4.400765    33.0149       2686     1.8643     2.4496     2.1659 0.0000e+00
     27.000    18.6236   4.419735    33.0351       2715     1.8845     2.5035     2.2361 0.0000e+00
     26.000    18.6273   4.421467    33.0470       2751     1.9098     2.5331     2.2966 0.0000e+00
     25.000    18.6254   4.419905    33.0358       2786     1.9341     2.5354     2.3278 0.0000e+00
     24.000    18.6114   4.416246    33.0168       2813     1.9531     2.5360     2.3385 0.0000e+00
     23.000    18.5676   4.409852    32.9987       2836     1.9686     2.5291     2.3388 0.0000e+00
     22.000    18.5428   4.405678    32.9840       2856     1.9829     2.5229     2.3336 0.0000e+00
     21.000    18.5237   4.402183    32.9704       2877     1.9974     2.5186     2.3285 0.0000e+00
     20.000    18.5319   4.401212    32.9560       2900     2.0131     2.5172     2.3287 0.0000e+00
     19.000    18.4876   4.394056    32.9319       2926     2.0315     2.5166     2.3265 0.0000e+00
     18.000    18.4154   4.383751    32.9036       2960     2.0546     2.5056     2.3221 0.0000e+00
     17.000    18.2345   4.358362    32.8353       2993     2.0781     2.4895     2.3157 0.0000e+00
     16.000    18.1222   4.340701    32.7767       3020     2.0968     2.4690     2.3025 0.0000e+00
     15.000    18.1375   4.342061    32.7763       3043     2.1123     2.4593     2.2903 0.0000e+00
     14.000    18.1399   4.342256    32.7763       3063     2.1265     2.4526     2.2799 0.0000e+00
     13.000    18.1456   4.341148    32.7628       3084     2.1413     2.4486     2.2722 0.0000e+00
     12.000    18.2065   4.344400    32.7419       3109     2.1584     2.4543     2.2683 0.0000e+00
     11.000    18.2743   4.349654    32.7324       3139     2.1793     2.4703     2.2671 0.0000e+00
     10.000    18.2847   4.350940    32.7352       3172     2.2023     2.4921     2.2772 0.0000e+00
      9.000    18.3968   4.355801    32.6872       3202     2.2227     2.5064     2.2888 0.0000e+00
      8.000    18.6202   4.361884    32.5614       3228     2.2412     2.5224     2.3003 0.0000e+00
      7.000    18.7682   4.367908    32.4953       3253     2.2587     2.5554     2.3268 0.0000e+00
      6.000    18.7919   4.369849    32.4932       3276     2.2745     2.5913     2.3619 0.0000e+00
      5.000    18.8074   4.370851    32.4897       3297     2.2891     2.6200     2.3942 0.0000e+00
      4.000    18.8476   4.374191    32.4863       3349     2.3250     2.6495     2.4358 0.0000e+00
      3.000    18.8546   4.375279    32.4901       3476     2.4132     2.6656     2.4584 0.0000e+00
