HB2407/CTD194.cnv
* Sea-Bird SBE 9 Data File:
* FileName = C:\cruise\data\CTD194.hex
* Software Version Seasave V 7.26.7.121
* Temperature SN = 4591
* Conductivity SN = 6006
* Number of Bytes Per Scan = 37
* Number of Voltage Words = 4
* Number of Scans Averaged by the Deck Unit = 1
* NMEA Latitude = 42 48.47 N
* NMEA Longitude = 067 18.46 W
* NMEA UTC (Time) = Nov 02 2024 03:54:40
* NMEA baud rate = 4800
** Ship: Bigelow HB2407
** Program:  Fall Bottom Trawl Survey
** Chief Scientist: John Galbraith
# nquan = 9
# nvalues = 414                         
# units = specified
# name 0 = depSM: Depth [salt water, m]
# name 1 = t090C: Temperature [ITS-90, deg C]
# name 2 = c0S/m: Conductivity [S/m]
# name 3 = sal00: Salinity, Practical [PSU]
# name 4 = scan: Scan Count
# name 5 = timeM: Time, Elapsed [minutes]
# name 6 = sbeox0V: Oxygen raw, SBE 43 [V]
# name 7 = sbeox1V: Oxygen raw, SBE 43, 2 [V]
# name 8 = flag: flag
# span 0 =      3.000,    210.000       
# span 1 =     7.4427,    12.9606       
# span 2 =   3.393326,   3.775441       
# span 3 =    31.9709,    34.4499       
# span 4 =        137,      11812       
# span 5 =     0.0946,     8.2020       
# span 6 =     1.8707,     2.5273       
# span 7 =     1.7518,     2.3650       
# span 8 = 0.0000e+00, 0.0000e+00       
# interval = meters: 1                  
# start_time = Nov 02 2024 03:54:40 [NMEA time, header]
# bad_flag = -9.990e-29
*END*
      4.000    12.9557   3.774229    31.9802        137     0.0946     2.5250     2.3629 0.0000e+00
      5.000    12.9566   3.774337    31.9800        352     0.2438     2.5201     2.3645 0.0000e+00
      6.000    12.9570   3.774422    31.9801        514     0.3559     2.5229     2.3632 0.0000e+00
      7.000    12.9568   3.774462    31.9802        536     0.3718     2.5260     2.3650 0.0000e+00
      8.000    12.9568   3.774493    31.9802        559     0.3878     2.5273     2.3643 0.0000e+00
      9.000    12.9581   3.774639    31.9800        583     0.4045     2.5263     2.3622 0.0000e+00
     10.000    12.9590   3.774751    31.9799        608     0.4216     2.5234     2.3628 0.0000e+00
     11.000    12.9591   3.774813    31.9800        634     0.4399     2.5230     2.3637 0.0000e+00
     12.000    12.9583   3.774797    31.9801        661     0.4584     2.5206     2.3646 0.0000e+00
     13.000    12.9593   3.774898    31.9799        685     0.4752     2.5175     2.3638 0.0000e+00
     14.000    12.9603   3.775034    31.9799        709     0.4913     2.5164     2.3633 0.0000e+00
     15.000    12.9603   3.775079    31.9799        734     0.5088     2.5181     2.3622 0.0000e+00
     16.000    12.9602   3.775113    31.9799        763     0.5292     2.5180     2.3609 0.0000e+00
     17.000    12.9605   3.775170    31.9798        800     0.5551     2.5229     2.3603 0.0000e+00
     18.000    12.9604   3.775194    31.9797        831     0.5763     2.5212     2.3600 0.0000e+00
     19.000    12.9604   3.775257    31.9799        850     0.5895     2.5227     2.3582 0.0000e+00
     20.000    12.9606   3.775329    31.9800        866     0.6009     2.5235     2.3579 0.0000e+00
     21.000    12.9605   3.775370    31.9801        886     0.6143     2.5225     2.3576 0.0000e+00
     22.000    12.9600   3.775369    31.9801        923     0.6401     2.5202     2.3552 0.0000e+00
     23.000    12.9584   3.775299    31.9804        964     0.6685     2.5175     2.3534 0.0000e+00
     24.000    12.9584   3.775338    31.9804        983     0.6821     2.5173     2.3544 0.0000e+00
     25.000    12.9589   3.775424    31.9803       1001     0.6945     2.5177     2.3567 0.0000e+00
     26.000    12.9576   3.775377    31.9806       1023     0.7096     2.5202     2.3566 0.0000e+00
     27.000    12.9578   3.775441    31.9806       1058     0.7342     2.5205     2.3572 0.0000e+00
     28.000    12.9418   3.774433    31.9843       1099     0.7627     2.5175     2.3579 0.0000e+00
     29.000    12.9341   3.773979    31.9860       1121     0.7779     2.5143     2.3590 0.0000e+00
     30.000    12.9208   3.773302    31.9905       1139     0.7899     2.5145     2.3579 0.0000e+00
     31.000    12.8761   3.770500    32.0014       1157     0.8025     2.5152     2.3571 0.0000e+00
     32.000    12.8642   3.769621    32.0029       1182     0.8199     2.5166     2.3557 0.0000e+00
     33.000    12.7839   3.764644    32.0234       1219     0.8456     2.5141     2.3504 0.0000e+00
     34.000    12.6875   3.758072    32.0425       1248     0.8659     2.5071     2.3459 0.0000e+00
     35.000    12.6694   3.756557    32.0431       1271     0.8823     2.4979     2.3420 0.0000e+00
     36.000    12.6496   3.755053    32.0453       1298     0.9004     2.4902     2.3362 0.0000e+00
     37.000    12.6116   3.752263    32.0507       1328     0.9215     2.4833     2.3297 0.0000e+00
     38.000    12.5699   3.749270    32.0573       1357     0.9417     2.4801     2.3252 0.0000e+00
     39.000    12.5209   3.745888    32.0665       1383     0.9596     2.4753     2.3213 0.0000e+00
     40.000    12.4719   3.741925    32.0700       1406     0.9759     2.4684     2.3156 0.0000e+00
     41.000    12.4047   3.736917    32.0792       1430     0.9926     2.4609     2.3090 0.0000e+00
     42.000    12.2734   3.726556    32.0920       1455     1.0097     2.4540     2.3021 0.0000e+00
     43.000    12.2132   3.721862    32.0982       1479     1.0267     2.4418     2.2937 0.0000e+00
     44.000    12.1198   3.715298    32.1149       1507     1.0459     2.4265     2.2829 0.0000e+00
     45.000    12.0006   3.706535    32.1326       1542     1.0701     2.4125     2.2667 0.0000e+00
     46.000    11.9089   3.699645    32.1447       1575     1.0930     2.4017     2.2536 0.0000e+00
     47.000    11.8603   3.695948    32.1505       1598     1.1089     2.3929     2.2464 0.0000e+00
     48.000    11.8315   3.693667    32.1529       1618     1.1229     2.3859     2.2393 0.0000e+00
     49.000    11.7938   3.690868    32.1580       1640     1.1384     2.3780     2.2288 0.0000e+00
     50.000    11.7368   3.686397    32.1635       1668     1.1579     2.3687     2.2230 0.0000e+00
     51.000    11.6931   3.682976    32.1677       1701     1.1807     2.3606     2.2172 0.0000e+00
     52.000    11.5830   3.675295    32.1881       1730     1.2010     2.3539     2.2091 0.0000e+00
     53.000    11.4199   3.665935    32.2382       1755     1.2181     2.3489     2.2044 0.0000e+00
     54.000    11.2527   3.656398    32.2904       1778     1.2337     2.3402     2.1980 0.0000e+00
     55.000    11.1734   3.649987    32.2964       1800     1.2495     2.3311     2.1890 0.0000e+00
     56.000    11.1432   3.647665    32.2996       1826     1.2674     2.3243     2.1802 0.0000e+00
     57.000    11.0980   3.644778    32.3105       1857     1.2888     2.3182     2.1735 0.0000e+00
     58.000    11.0553   3.642086    32.3210       1890     1.3115     2.3176     2.1678 0.0000e+00
     59.000    11.0276   3.640799    32.3322       1917     1.3305     2.3142     2.1643 0.0000e+00
     60.000    11.0110   3.639787    32.3364       1941     1.3475     2.3138     2.1613 0.0000e+00
     61.000    11.0006   3.639135    32.3387       1965     1.3638     2.3144     2.1620 0.0000e+00
     62.000    10.9679   3.637342    32.3493       1990     1.3810     2.3120     2.1624 0.0000e+00
     63.000    10.8887   3.631482    32.3608       2018     1.4006     2.3112     2.1613 0.0000e+00
     64.000    10.8742   3.630083    32.3593       2046     1.4205     2.3068     2.1594 0.0000e+00
     65.000    10.8462   3.627792    32.3609       2072     1.4379     2.3013     2.1575 0.0000e+00
     66.000    10.7661   3.622825    32.3819       2096     1.4549     2.2988     2.1550 0.0000e+00
     67.000    10.6680   3.615109    32.3917       2123     1.4734     2.2941     2.1506 0.0000e+00
     68.000    10.6499   3.613229    32.3885       2151     1.4932     2.2871     2.1439 0.0000e+00
     69.000    10.6269   3.611083    32.3870       2180     1.5134     2.2812     2.1407 0.0000e+00
     70.000    10.6008   3.608622    32.3852       2211     1.5344     2.2774     2.1371 0.0000e+00
     71.000    10.5640   3.606005    32.3913       2240     1.5550     2.2763     2.1361 0.0000e+00
     72.000    10.3889   3.592660    32.4131       2267     1.5734     2.2773     2.1323 0.0000e+00
     73.000    10.0896   3.570450    32.4566       2289     1.5890     2.2720     2.1275 0.0000e+00
     74.000     9.8699   3.553074    32.4775       2309     1.6026     2.2606     2.1220 0.0000e+00
     75.000     9.5061   3.524228    32.5113       2329     1.6170     2.2481     2.1133 0.0000e+00
     76.000     9.2844   3.504954    32.5141       2358     1.6368     2.2223     2.0941 0.0000e+00
     77.000     9.2074   3.497938    32.5113       2399     1.6654     2.1959     2.0674 0.0000e+00
     78.000     9.1544   3.493592    32.5143       2432     1.6879     2.1853     2.0542 0.0000e+00
     79.000     9.1092   3.490053    32.5184       2455     1.7040     2.1775     2.0463 0.0000e+00
     80.000     9.0325   3.484219    32.5276       2475     1.7181     2.1739     2.0418 0.0000e+00
     81.000     8.9408   3.476964    32.5357       2497     1.7333     2.1722     2.0381 0.0000e+00
     82.000     8.7917   3.465329    32.5507       2527     1.7538     2.1676     2.0321 0.0000e+00
     83.000     8.6468   3.454141    32.5666       2560     1.7774     2.1569     2.0236 0.0000e+00
     84.000     8.4490   3.438949    32.5891       2586     1.7953     2.1493     2.0155 0.0000e+00
     85.000     8.2808   3.425858    32.6062       2609     1.8109     2.1394     2.0093 0.0000e+00
     86.000     8.2488   3.422933    32.6045       2633     1.8274     2.1298     2.0000 0.0000e+00
     87.000     8.2415   3.422100    32.6021       2661     1.8472     2.1234     1.9924 0.0000e+00
     88.000     8.2409   3.421929    32.6004       2696     1.8716     2.1183     1.9862 0.0000e+00
     89.000     8.2557   3.423347    32.6012       2732     1.8963     2.1154     1.9811 0.0000e+00
     90.000     8.2862   3.427005    32.6111       2756     1.9134     2.1149     1.9775 0.0000e+00
     91.000     8.3099   3.430817    32.6289       2775     1.9266     2.1136     1.9759 0.0000e+00
     92.000     8.3195   3.435672    32.6708       2793     1.9392     2.1125     1.9755 0.0000e+00
     93.000     8.2187   3.435695    32.7644       2819     1.9566     2.1092     1.9746 0.0000e+00
     94.000     8.1848   3.436894    32.8083       2864     1.9882     2.0963     1.9648 0.0000e+00
     95.000     8.1346   3.435336    32.8383       2894     2.0092     2.0835     1.9539 0.0000e+00
     96.000     8.1334   3.436534    32.8516       2914     2.0231     2.0772     1.9481 0.0000e+00
     97.000     8.1171   3.435574    32.8562       2935     2.0374     2.0729     1.9423 0.0000e+00
     98.000     8.0986   3.434389    32.8605       2964     2.0578     2.0665     1.9340 0.0000e+00
     99.000     8.0815   3.433636    32.8680       3001     2.0836     2.0587     1.9268 0.0000e+00
    100.000     8.0676   3.432856    32.8723       3030     2.1034     2.0538     1.9226 0.0000e+00
    101.000     8.0606   3.432487    32.8745       3052     2.1185     2.0514     1.9205 0.0000e+00
    102.000     8.0515   3.432104    32.8785       3072     2.1328     2.0501     1.9178 0.0000e+00
    103.000     7.9905   3.428847    32.9006       3097     2.1503     2.0479     1.9147 0.0000e+00
    104.000     7.9614   3.427311    32.9111       3136     2.1770     2.0430     1.9115 0.0000e+00
    105.000     7.9474   3.426462    32.9148       3168     2.1993     2.0379     1.9074 0.0000e+00
    106.000     7.9571   3.428336    32.9252       3191     2.2150     2.0339     1.9040 0.0000e+00
    107.000     7.9234   3.427201    32.9444       3214     2.2313     2.0323     1.9018 0.0000e+00
    108.000     7.8562   3.424057    32.9736       3245     2.2529     2.0299     1.8992 0.0000e+00
    109.000     7.8550   3.424383    32.9778       3280     2.2769     2.0230     1.8944 0.0000e+00
    110.000     7.8578   3.425251    32.9839       3304     2.2937     2.0183     1.8892 0.0000e+00
    111.000     7.8336   3.423162    32.9840       3324     2.3078     2.0151     1.8869 0.0000e+00
    112.000     7.7738   3.417641    32.9809       3347     2.3234     2.0132     1.8843 0.0000e+00
    113.000     7.7160   3.412896    32.9842       3379     2.3458     2.0105     1.8798 0.0000e+00
    114.000     7.6423   3.407806    32.9989       3419     2.3735     2.0044     1.8759 0.0000e+00
    115.000     7.5773   3.403268    33.0112       3449     2.3942     2.0000     1.8736 0.0000e+00
    116.000     7.5547   3.401673    33.0150       3472     2.4103     1.9955     1.8706 0.0000e+00
    117.000     7.5220   3.399122    33.0182       3494     2.4258     1.9911     1.8678 0.0000e+00
    118.000     7.4891   3.396240    33.0178       3518     2.4425     1.9871     1.8647 0.0000e+00
    119.000     7.4625   3.394345    33.0222       3544     2.4605     1.9844     1.8608 0.0000e+00
    120.000     7.4602   3.394872    33.0297       3573     2.4804     1.9822     1.8565 0.0000e+00
    121.000     7.4632   3.395791    33.0362       3603     2.5015     1.9807     1.8536 0.0000e+00
    122.000     7.4678   3.396596    33.0400       3633     2.5223     1.9780     1.8512 0.0000e+00
    123.000     7.4679   3.396977    33.0436       3662     2.5423     1.9766     1.8494 0.0000e+00
    124.000     7.4523   3.396110    33.0486       3690     2.5618     1.9752     1.8481 0.0000e+00
    125.000     7.4484   3.396151    33.0522       3716     2.5797     1.9743     1.8470 0.0000e+00
    126.000     7.4612   3.399010    33.0705       3738     2.5954     1.9731     1.8457 0.0000e+00
    127.000     7.4618   3.401559    33.0970       3761     2.6110     1.9727     1.8446 0.0000e+00
    128.000     7.4702   3.403480    33.1093       3789     2.6306     1.9713     1.8428 0.0000e+00
    129.000     7.4778   3.404777    33.1155       3824     2.6546     1.9698     1.8403 0.0000e+00
    130.000     7.5217   3.411630    33.1471       3854     2.6758     1.9685     1.8387 0.0000e+00
    131.000     7.6114   3.425864    33.2145       3879     2.6929     1.9683     1.8383 0.0000e+00
    132.000     7.6979   3.439275    33.2757       3902     2.7087     1.9688     1.8375 0.0000e+00
    133.000     7.7195   3.442861    33.2932       3926     2.7259     1.9692     1.8390 0.0000e+00
    134.000     7.7261   3.444719    33.3064       3957     2.7472     1.9695     1.8395 0.0000e+00
    135.000     7.7322   3.446303    33.3171       3992     2.7717     1.9681     1.8398 0.0000e+00
    136.000     7.7384   3.447714    33.3258       4018     2.7895     1.9658     1.8396 0.0000e+00
    137.000     7.7541   3.451202    33.3477       4037     2.8026     1.9645     1.8386 0.0000e+00
    138.000     7.7509   3.450565    33.3435       4055     2.8152     1.9642     1.8381 0.0000e+00
    139.000     7.7643   3.453428    33.3610       4083     2.8344     1.9634     1.8360 0.0000e+00
    140.000     7.8012   3.460655    33.4027       4136     2.8718     1.9648     1.8349 0.0000e+00
    141.000     7.8380   3.467088    33.4360       4161     2.8892     1.9652     1.8363 0.0000e+00
    142.000     7.8713   3.473005    33.4670       4178     2.9005     1.9643     1.8362 0.0000e+00
    143.000     7.9196   3.482618    33.5231       4194     2.9115     1.9636     1.8362 0.0000e+00
    144.000     7.9429   3.488375    33.5619       4215     2.9264     1.9633     1.8368 0.0000e+00
    145.000     7.9619   3.493338    33.5962       4263     2.9595     1.9627     1.8357 0.0000e+00
    146.000     7.9704   3.495102    33.6065       4298     2.9840     1.9597     1.8324 0.0000e+00
    147.000     7.9814   3.497420    33.6202       4316     2.9967     1.9579     1.8309 0.0000e+00
    148.000     7.9923   3.499908    33.6358       4333     3.0084     1.9563     1.8303 0.0000e+00
    149.000     8.0113   3.506215    33.6845       4352     3.0218     1.9547     1.8301 0.0000e+00
    150.000     8.0119   3.510568    33.7299       4387     3.0462     1.9535     1.8285 0.0000e+00
    151.000     8.0057   3.511259    33.7428       4434     3.0784     1.9460     1.8231 0.0000e+00
    152.000     8.0012   3.512015    33.7547       4457     3.0946     1.9422     1.8193 0.0000e+00
    153.000     7.9912   3.512722    33.7714       4476     3.1077     1.9404     1.8171 0.0000e+00
    154.000     7.9669   3.514775    33.8163       4495     3.1211     1.9393     1.8151 0.0000e+00
    155.000     7.9576   3.517727    33.8564       4520     3.1380     1.9342     1.8130 0.0000e+00
    156.000     7.9759   3.522283    33.8871       4555     3.1625     1.9238     1.8052 0.0000e+00
    157.000     8.0355   3.535059    33.9654       4591     3.1874     1.9102     1.7930 0.0000e+00
    158.000     8.0638   3.540973    34.0006       4613     3.2031     1.9045     1.7868 0.0000e+00
    159.000     8.0665   3.541668    34.0049       4632     3.2159     1.9019     1.7828 0.0000e+00
    160.000     8.0724   3.542780    34.0107       4652     3.2295     1.8988     1.7785 0.0000e+00
    161.000     8.0789   3.544347    34.0206       4682     3.2505     1.8947     1.7726 0.0000e+00
    162.000     8.0845   3.545943    34.0318       4726     3.2810     1.8894     1.7684 0.0000e+00
    163.000     8.0870   3.546741    34.0374       4755     3.3011     1.8873     1.7659 0.0000e+00
