HB2407/CTD147.cnv
* Sea-Bird SBE 9 Data File:
* FileName = C:\cruise\data\CTD147.hex
* Software Version Seasave V 7.26.7.121
* Temperature SN = 4591
* Conductivity SN = 6006
* Number of Bytes Per Scan = 37
* Number of Voltage Words = 4
* Number of Scans Averaged by the Deck Unit = 1
* NMEA Latitude = 41 22.75 N
* NMEA Longitude = 069 27.68 W
* NMEA UTC (Time) = Oct 14 2024 13:56:05
* NMEA baud rate = 4800
** Ship: Bigelow HB2407
** Program:  Fall Bottom Trawl Survey
** Chief Scientist: John Galbraith
# nquan = 9
# nvalues = 51                          
# units = specified
# name 0 = depSM: Depth [salt water, m]
# name 1 = t090C: Temperature [ITS-90, deg C]
# name 2 = c0S/m: Conductivity [S/m]
# name 3 = sal00: Salinity, Practical [PSU]
# name 4 = scan: Scan Count
# name 5 = timeM: Time, Elapsed [minutes]
# name 6 = sbeox0V: Oxygen raw, SBE 43 [V]
# name 7 = sbeox1V: Oxygen raw, SBE 43, 2 [V]
# name 8 = flag: flag
# span 0 =      3.000,     28.000       
# span 1 =    14.6747,    14.8940       
# span 2 =   3.904435,   3.919492       
# span 3 =    31.7127,    31.7468       
# span 4 =        202,       2341       
# span 5 =     0.1393,     1.6252       
# span 6 =     2.3934,     2.4356       
# span 7 =     2.2125,     2.2501       
# span 8 = 0.0000e+00, 0.0000e+00       
# interval = meters: 1                  
# start_time = Oct 14 2024 13:56:05 [NMEA time, header]
# bad_flag = -9.990e-29
*END*
      3.000    14.8835   3.918499    31.7130        202     0.1393     2.4344     2.2491 0.0000e+00
      4.000    14.8796   3.918281    31.7139        365     0.2526     2.4356     2.2497 0.0000e+00
      5.000    14.8940   3.919492    31.7127        396     0.2741     2.4327     2.2487 0.0000e+00
      6.000    14.8916   3.919473    31.7141        425     0.2942     2.4293     2.2501 0.0000e+00
      7.000    14.8775   3.918223    31.7139        476     0.3299     2.4282     2.2475 0.0000e+00
      8.000    14.8716   3.917738    31.7140        511     0.3542     2.4304     2.2449 0.0000e+00
      9.000    14.8629   3.917220    31.7160        536     0.3716     2.4285     2.2449 0.0000e+00
     10.000    14.8446   3.916011    31.7196        570     0.3954     2.4251     2.2442 0.0000e+00
     11.000    14.8246   3.914673    31.7234        612     0.4246     2.4216     2.2437 0.0000e+00
     12.000    14.8154   3.914065    31.7251        649     0.4501     2.4180     2.2391 0.0000e+00
     13.000    14.8156   3.914101    31.7248        682     0.4731     2.4151     2.2359 0.0000e+00
     14.000    14.8140   3.914019    31.7250        720     0.4993     2.4132     2.2306 0.0000e+00
     15.000    14.8043   3.913385    31.7268        754     0.5227     2.4137     2.2276 0.0000e+00
     16.000    14.7930   3.912656    31.7291        780     0.5407     2.4109     2.2270 0.0000e+00
     17.000    14.7957   3.912872    31.7284        803     0.5571     2.4057     2.2253 0.0000e+00
     18.000    14.7823   3.911973    31.7308        832     0.5773     2.4031     2.2246 0.0000e+00
     19.000    14.7460   3.909488    31.7376        879     0.6099     2.4005     2.2220 0.0000e+00
     20.000    14.7205   3.907706    31.7419        913     0.6337     2.4033     2.2187 0.0000e+00
     21.000    14.7236   3.907933    31.7410        936     0.6495     2.4025     2.2199 0.0000e+00
     22.000    14.7244   3.907987    31.7405        966     0.6701     2.4016     2.2197 0.0000e+00
     23.000    14.7182   3.907550    31.7412       1013     0.7025     2.4015     2.2164 0.0000e+00
     24.000    14.7132   3.907229    31.7420       1043     0.7234     2.3989     2.2187 0.0000e+00
     25.000    14.6967   3.906110    31.7450       1062     0.7365     2.3983     2.2174 0.0000e+00
     26.000    14.6834   3.905162    31.7468       1081     0.7497     2.3983     2.2143 0.0000e+00
     27.000    14.6810   3.904978    31.7468       1116     0.7742     2.3953     2.2146 0.0000e+00
     28.000    14.6747   3.904435    31.7466       1323     0.9181     2.3963     2.2154 0.0000e+00
     27.000    14.6769   3.904587    31.7465       1322     0.9171     2.3934     2.2125 0.0000e+00
     26.000    14.6780   3.904589    31.7461       1392     0.9662     2.3948     2.2133 0.0000e+00
     25.000    14.6836   3.904921    31.7449       1429     0.9919     2.3954     2.2132 0.0000e+00
     24.000    14.6867   3.905140    31.7447       1454     1.0093     2.3955     2.2131 0.0000e+00
     23.000    14.6899   3.905308    31.7440       1481     1.0281     2.3957     2.2132 0.0000e+00
     22.000    14.6913   3.905375    31.7439       1521     1.0553     2.3999     2.2141 0.0000e+00
     21.000    14.7046   3.906171    31.7406       1569     1.0888     2.4005     2.2189 0.0000e+00
     20.000    14.7264   3.907744    31.7374       1601     1.1114     2.3990     2.2203 0.0000e+00
     19.000    14.7262   3.907790    31.7384       1625     1.1278     2.3989     2.2186 0.0000e+00
     18.000    14.7265   3.907756    31.7382       1649     1.1442     2.3972     2.2174 0.0000e+00
     17.000    14.7320   3.908096    31.7372       1680     1.1662     2.3972     2.2161 0.0000e+00
     16.000    14.7342   3.908271    31.7373       1727     1.1987     2.4014     2.2170 0.0000e+00
     15.000    14.7471   3.908999    31.7338       1763     1.2235     2.4000     2.2148 0.0000e+00
     14.000    14.7717   3.910655    31.7291       1789     1.2415     2.4017     2.2156 0.0000e+00
     13.000    14.7908   3.911970    31.7258       1821     1.2636     2.4054     2.2194 0.0000e+00
     12.000    14.8049   3.912984    31.7238       1863     1.2929     2.4077     2.2232 0.0000e+00
     11.000    14.8249   3.914264    31.7195       1896     1.3161     2.4085     2.2244 0.0000e+00
     10.000    14.8389   3.915291    31.7177       1926     1.3368     2.4119     2.2248 0.0000e+00
      9.000    14.8454   3.915719    31.7167       1958     1.3591     2.4187     2.2282 0.0000e+00
      8.000    14.8557   3.916408    31.7149       1989     1.3802     2.4225     2.2306 0.0000e+00
      7.000    14.8622   3.916932    31.7147       2021     1.4029     2.4243     2.2326 0.0000e+00
      6.000    14.8694   3.917431    31.7138       2060     1.4297     2.4275     2.2381 0.0000e+00
      5.000    14.8693   3.917382    31.7138       2094     1.4534     2.4264     2.2408 0.0000e+00
      4.000    14.8740   3.917693    31.7132       2122     1.4731     2.4274     2.2439 0.0000e+00
      3.000    14.8806   3.918239    31.7131       2341     1.6252     2.4339     2.2488 0.0000e+00
