HB2407/CTD157.cnv
* Sea-Bird SBE 9 Data File:
* FileName = C:\cruise\data\CTD157.hex
* Software Version Seasave V 7.26.7.121
* Temperature SN = 4591
* Conductivity SN = 6006
* Number of Bytes Per Scan = 37
* Number of Voltage Words = 4
* Number of Scans Averaged by the Deck Unit = 1
* NMEA Latitude = 41 52.53 N
* NMEA Longitude = 067 45.32 W
* NMEA UTC (Time) = Oct 17 2024 12:38:26
* NMEA baud rate = 4800
** Ship: Bigelow HB2407
** Program:  Fall Bottom Trawl Survey
** Chief Scientist: John Galbraith
# nquan = 9
# nvalues = 58                          
# units = specified
# name 0 = depSM: Depth [salt water, m]
# name 1 = t090C: Temperature [ITS-90, deg C]
# name 2 = c0S/m: Conductivity [S/m]
# name 3 = sal00: Salinity, Practical [PSU]
# name 4 = scan: Scan Count
# name 5 = timeM: Time, Elapsed [minutes]
# name 6 = sbeox0V: Oxygen raw, SBE 43 [V]
# name 7 = sbeox1V: Oxygen raw, SBE 43, 2 [V]
# name 8 = flag: flag
# span 0 =      2.000,     31.000       
# span 1 =    14.8399,    14.8589       
# span 2 =   3.933915,   3.936540       
# span 3 =    31.8855,    31.8881       
# span 4 =       -363,       4173       
# span 5 =    -0.2528,     2.8974       
# span 6 =     2.4729,     2.4875       
# span 7 =     2.2859,     2.2995       
# span 8 = 0.0000e+00, 0.0000e+00       
# interval = meters: 1                  
# start_time = Oct 17 2024 12:38:26 [NMEA time, header]
# bad_flag = -9.990e-29
*END*
      2.000    14.8589   3.935606    31.8878       -363    -0.2528     2.4848     2.2986 0.0000e+00
      3.000    14.8434   3.934167    31.8872        561     0.3892     2.4867     2.2955 0.0000e+00
      4.000    14.8399   3.933915    31.8873        780     0.5408     2.4836     2.2995 0.0000e+00
      5.000    14.8438   3.934314    31.8874        860     0.5965     2.4869     2.2982 0.0000e+00
      6.000    14.8469   3.934599    31.8870        890     0.6173     2.4852     2.2973 0.0000e+00
      7.000    14.8504   3.934987    31.8873        906     0.6284     2.4819     2.2951 0.0000e+00
      8.000    14.8522   3.935218    31.8875        924     0.6407     2.4807     2.2933 0.0000e+00
      9.000    14.8516   3.935205    31.8875        955     0.6623     2.4778     2.2934 0.0000e+00
     10.000    14.8524   3.935331    31.8877       1002     0.6952     2.4807     2.2946 0.0000e+00
     11.000    14.8533   3.935446    31.8875       1026     0.7121     2.4803     2.2946 0.0000e+00
     12.000    14.8502   3.935220    31.8876       1046     0.7254     2.4771     2.2938 0.0000e+00
     13.000    14.8534   3.935550    31.8877       1067     0.7403     2.4763     2.2917 0.0000e+00
     14.000    14.8551   3.935746    31.8877       1100     0.7633     2.4777     2.2859 0.0000e+00
     15.000    14.8555   3.935844    31.8879       1143     0.7929     2.4778     2.2863 0.0000e+00
     16.000    14.8532   3.935683    31.8879       1166     0.8093     2.4750     2.2884 0.0000e+00
     17.000    14.8517   3.935570    31.8877       1186     0.8232     2.4777     2.2890 0.0000e+00
     18.000    14.8518   3.935623    31.8877       1209     0.8391     2.4783     2.2878 0.0000e+00
     19.000    14.8521   3.935682    31.8876       1244     0.8634     2.4801     2.2893 0.0000e+00
     20.000    14.8528   3.935808    31.8878       1282     0.8899     2.4784     2.2914 0.0000e+00
     21.000    14.8543   3.935960    31.8876       1305     0.9054     2.4758     2.2916 0.0000e+00
     22.000    14.8558   3.936160    31.8878       1324     0.9189     2.4765     2.2901 0.0000e+00
     23.000    14.8560   3.936212    31.8877       1346     0.9337     2.4782     2.2891 0.0000e+00
     24.000    14.8537   3.936031    31.8876       1380     0.9579     2.4790     2.2889 0.0000e+00
     25.000    14.8534   3.936068    31.8877       1425     0.9889     2.4729     2.2921 0.0000e+00
     26.000    14.8537   3.936125    31.8877       1456     1.0106     2.4758     2.2928 0.0000e+00
     27.000    14.8538   3.936170    31.8876       1487     1.0321     2.4765     2.2921 0.0000e+00
     28.000    14.8532   3.936152    31.8875       1533     1.0637     2.4767     2.2878 0.0000e+00
     29.000    14.8543   3.936289    31.8875       1577     1.0945     2.4776     2.2875 0.0000e+00
     30.000    14.8563   3.936540    31.8877       1980     1.3741     2.4772     2.2900 0.0000e+00
     31.000    14.8524   3.935982    31.8855       2798     1.9426     2.4753     2.2888 0.0000e+00
     30.000    14.8529   3.936260    31.8880       2618     1.8175     2.4771     2.2872 0.0000e+00
     29.000    14.8531   3.936215    31.8878       3032     2.1050     2.4793     2.2925 0.0000e+00
     28.000    14.8530   3.936157    31.8878       3347     2.3233     2.4783     2.2907 0.0000e+00
     27.000    14.8531   3.936110    31.8876       3367     2.3377     2.4791     2.2905 0.0000e+00
     26.000    14.8536   3.936114    31.8877       3387     2.3515     2.4785     2.2916 0.0000e+00
     25.000    14.8533   3.936054    31.8877       3406     2.3643     2.4786     2.2910 0.0000e+00
     24.000    14.8530   3.935989    31.8878       3434     2.3841     2.4791     2.2927 0.0000e+00
     23.000    14.8531   3.935942    31.8876       3476     2.4135     2.4812     2.2934 0.0000e+00
     22.000    14.8532   3.935911    31.8876       3498     2.4284     2.4801     2.2928 0.0000e+00
     21.000    14.8539   3.935936    31.8877       3515     2.4402     2.4791     2.2919 0.0000e+00
     20.000    14.8542   3.935938    31.8878       3533     2.4526     2.4781     2.2922 0.0000e+00
     19.000    14.8543   3.935902    31.8878       3563     2.4735     2.4783     2.2931 0.0000e+00
     18.000    14.8544   3.935855    31.8877       3604     2.5018     2.4825     2.2911 0.0000e+00
     17.000    14.8544   3.935817    31.8878       3627     2.5179     2.4851     2.2905 0.0000e+00
     16.000    14.8540   3.935750    31.8878       3645     2.5306     2.4840     2.2910 0.0000e+00
     15.000    14.8536   3.935665    31.8878       3664     2.5437     2.4835     2.2930 0.0000e+00
     14.000    14.8532   3.935597    31.8878       3691     2.5624     2.4866     2.2929 0.0000e+00
     13.000    14.8524   3.935482    31.8879       3730     2.5898     2.4847     2.2955 0.0000e+00
     12.000    14.8496   3.935192    31.8879       3758     2.6087     2.4786     2.2932 0.0000e+00
     11.000    14.8502   3.935177    31.8877       3777     2.6225     2.4794     2.2928 0.0000e+00
     10.000    14.8493   3.935103    31.8881       3797     2.6362     2.4805     2.2948 0.0000e+00
      9.000    14.8443   3.934587    31.8879       3822     2.6537     2.4820     2.2923 0.0000e+00
      8.000    14.8442   3.934496    31.8876       3854     2.6756     2.4842     2.2911 0.0000e+00
      7.000    14.8435   3.934416    31.8878       3882     2.6948     2.4843     2.2938 0.0000e+00
      6.000    14.8434   3.934348    31.8877       3908     2.7129     2.4858     2.2959 0.0000e+00
      5.000    14.8429   3.934265    31.8877       3933     2.7308     2.4864     2.2987 0.0000e+00
      4.000    14.8430   3.934230    31.8876       3957     2.7471     2.4875     2.2967 0.0000e+00
      3.000    14.8431   3.934183    31.8875       4173     2.8974     2.4864     2.2974 0.0000e+00
