HB2407/CTD121.cnv
* Sea-Bird SBE 9 Data File:
* FileName = C:\cruise\data\CTD121.hex
* Software Version Seasave V 7.26.7.121
* Temperature SN = 4591
* Conductivity SN = 6006
* Number of Bytes Per Scan = 37
* Number of Voltage Words = 4
* Number of Scans Averaged by the Deck Unit = 1
* NMEA Latitude = 40 11.00 N
* NMEA Longitude = 070 03.79 W
* NMEA UTC (Time) = Oct 08 2024 14:44:23
* NMEA baud rate = 4800
** Ship: Bigelow HB2407
** Program:  Fall Bottom Trawl Survey
** Chief Scientist: John Galbraith
# nquan = 9
# nvalues = 191                         
# units = specified
# name 0 = depSM: Depth [salt water, m]
# name 1 = t090C: Temperature [ITS-90, deg C]
# name 2 = c0S/m: Conductivity [S/m]
# name 3 = sal00: Salinity, Practical [PSU]
# name 4 = scan: Scan Count
# name 5 = timeM: Time, Elapsed [minutes]
# name 6 = sbeox0V: Oxygen raw, SBE 43 [V]
# name 7 = sbeox1V: Oxygen raw, SBE 43, 2 [V]
# name 8 = flag: flag
# span 0 =      1.000,     97.000       
# span 1 =    13.0801,    24.1624       
# span 2 =   4.007312,   5.351727       
# span 3 =    33.6191,    35.9857       
# span 4 =         95,       6210       
# span 5 =     0.0652,     4.3117       
# span 6 =     1.9509,     2.5730       
# span 7 =     1.8068,     2.3801       
# span 8 = 0.0000e+00, 0.0000e+00       
# interval = meters: 1                  
# start_time = Oct 08 2024 14:44:23 [NMEA time, header]
# bad_flag = -9.990e-29
*END*
      3.000    22.1114   4.973671    34.7322         95     0.0652     2.5651     2.3776 0.0000e+00
      4.000    22.1133   4.974043    34.7333        504     0.3495     2.5668     2.3782 0.0000e+00
      5.000    22.1108   4.973730    34.7325        754     0.5230     2.5619     2.3787 0.0000e+00
      6.000    22.1187   4.974960    34.7354        783     0.5427     2.5649     2.3791 0.0000e+00
      7.000    22.1300   4.976759    34.7402        801     0.5559     2.5682     2.3780 0.0000e+00
      8.000    22.1485   4.979386    34.7456        819     0.5680     2.5669     2.3763 0.0000e+00
      9.000    22.2022   4.988434    34.7731        840     0.5823     2.5638     2.3787 0.0000e+00
     10.000    22.1781   4.985227    34.7670        871     0.6045     2.5668     2.3801 0.0000e+00
     11.000    22.1486   4.980377    34.7523        907     0.6290     2.5669     2.3757 0.0000e+00
     12.000    22.1458   4.979447    34.7469        930     0.6449     2.5623     2.3664 0.0000e+00
     13.000    22.5780   5.049640    34.9480        950     0.6592     2.5655     2.3655 0.0000e+00
     14.000    22.6852   5.073615    35.0483        975     0.6767     2.5730     2.3771 0.0000e+00
     15.000    22.7121   5.079449    35.0717       1010     0.7007     2.5627     2.3785 0.0000e+00
     16.000    22.8050   5.096280    35.1273       1042     0.7228     2.5555     2.3747 0.0000e+00
     17.000    22.9698   5.126207    35.2263       1069     0.7420     2.5526     2.3752 0.0000e+00
     18.000    23.1638   5.161802    35.3447       1098     0.7618     2.5584     2.3707 0.0000e+00
     19.000    23.3099   5.188236    35.4303       1124     0.7802     2.5594     2.3707 0.0000e+00
     20.000    23.4618   5.215754    35.5190       1149     0.7971     2.5515     2.3648 0.0000e+00
     21.000    23.5577   5.234313    35.5836       1174     0.8147     2.5456     2.3596 0.0000e+00
     22.000    23.6820   5.257345    35.6592       1202     0.8341     2.5440     2.3575 0.0000e+00
     23.000    23.7933   5.278107    35.7277       1229     0.8526     2.5403     2.3528 0.0000e+00
     24.000    23.8869   5.294936    35.7801       1252     0.8687     2.5446     2.3533 0.0000e+00
     25.000    23.9041   5.299526    35.8008       1273     0.8830     2.5441     2.3533 0.0000e+00
     26.000    23.9305   5.305486    35.8245       1294     0.8982     2.5342     2.3514 0.0000e+00
     27.000    23.9596   5.311966    35.8500       1329     0.9222     2.5330     2.3497 0.0000e+00
     28.000    23.9680   5.314057    35.8588       1376     0.9546     2.5216     2.3508 0.0000e+00
     29.000    23.9853   5.317365    35.8696       1404     0.9745     2.5213     2.3471 0.0000e+00
     30.000    24.0076   5.321831    35.8853       1428     0.9910     2.5268     2.3445 0.0000e+00
     31.000    24.0324   5.326781    35.9025       1451     1.0072     2.5263     2.3446 0.0000e+00
     32.000    24.0623   5.332021    35.9177       1474     1.0231     2.5244     2.3412 0.0000e+00
     33.000    24.1050   5.339723    35.9414       1496     1.0379     2.5200     2.3402 0.0000e+00
     34.000    24.1231   5.343227    35.9530       1516     1.0524     2.5216     2.3421 0.0000e+00
     35.000    24.1624   5.350517    35.9762       1540     1.0686     2.5242     2.3411 0.0000e+00
     36.000    24.1609   5.351279    35.9829       1569     1.0886     2.5241     2.3418 0.0000e+00
     37.000    24.1612   5.351727    35.9857       1606     1.1148     2.5241     2.3406 0.0000e+00
     38.000    24.1436   5.349363    35.9817       1639     1.1374     2.5197     2.3412 0.0000e+00
     39.000    24.1304   5.347478    35.9777       1662     1.1536     2.5190     2.3381 0.0000e+00
     40.000    24.1198   5.346006    35.9748       1687     1.1707     2.5137     2.3420 0.0000e+00
     41.000    24.1001   5.343139    35.9686       1728     1.1993     2.5069     2.3419 0.0000e+00
     42.000    24.0777   5.340045    35.9629       1763     1.2240     2.5141     2.3384 0.0000e+00
     43.000    24.0469   5.335957    35.9564       1782     1.2368     2.5156     2.3367 0.0000e+00
     44.000    24.0310   5.333861    35.9530       1797     1.2474     2.5131     2.3396 0.0000e+00
     45.000    24.0144   5.331623    35.9491       1813     1.2582     2.5113     2.3438 0.0000e+00
     46.000    23.9835   5.327045    35.9389       1832     1.2716     2.5104     2.3433 0.0000e+00
     47.000    23.9655   5.324078    35.9306       1864     1.2939     2.5060     2.3418 0.0000e+00
     48.000    23.9260   5.318310    35.9183       1911     1.3265     2.5088     2.3408 0.0000e+00
     49.000    23.8955   5.313793    35.9082       1945     1.3503     2.5129     2.3409 0.0000e+00
     50.000    23.8746   5.310708    35.9013       1971     1.3683     2.5153     2.3428 0.0000e+00
     51.000    23.8622   5.308847    35.8969       1994     1.3837     2.5193     2.3409 0.0000e+00
     52.000    23.8699   5.310182    35.9005       2015     1.3988     2.5219     2.3372 0.0000e+00
     53.000    23.8669   5.309789    35.8995       2041     1.4164     2.5195     2.3388 0.0000e+00
     54.000    23.8584   5.308543    35.8965       2072     1.4385     2.5136     2.3391 0.0000e+00
     55.000    23.8438   5.306407    35.8918       2102     1.4590     2.5182     2.3423 0.0000e+00
     56.000    23.7935   5.298909    35.8750       2128     1.4773     2.5156     2.3417 0.0000e+00
     57.000    23.7434   5.291502    35.8586       2159     1.4988     2.5120     2.3378 0.0000e+00
     58.000    23.5007   5.254894    35.7747       2192     1.5217     2.5127     2.3378 0.0000e+00
     59.000    22.9404   5.178901    35.6424       2214     1.5370     2.5124     2.3357 0.0000e+00
     60.000    22.4824   5.111107    35.4886       2232     1.5490     2.5068     2.3293 0.0000e+00
     61.000    22.3325   5.091455    35.4565       2249     1.5613     2.4875     2.3203 0.0000e+00
     62.000    21.0322   4.915775    35.1275       2271     1.5762     2.4740     2.3141 0.0000e+00
     63.000    19.8808   4.760222    34.8154       2306     1.6009     2.4245     2.2808 0.0000e+00
     64.000    18.9270   4.635181    34.5748       2361     1.6389     2.3964     2.2549 0.0000e+00
     65.000    18.1411   4.535460    34.3925       2399     1.6654     2.3977     2.2479 0.0000e+00
     66.000    17.8155   4.494789    34.3193       2423     1.6818     2.3885     2.2397 0.0000e+00
     67.000    17.4564   4.451408    34.2496       2442     1.6950     2.3836     2.2345 0.0000e+00
     68.000    17.2851   4.430812    34.2164       2460     1.7078     2.3772     2.2275 0.0000e+00
     69.000    16.5682   4.351353    34.1332       2480     1.7214     2.3762     2.2229 0.0000e+00
     70.000    15.6257   4.242831    33.9787       2504     1.7385     2.3631     2.2138 0.0000e+00
     71.000    14.7707   4.146142    33.8455       2534     1.7593     2.3279     2.1875 0.0000e+00
     72.000    14.4824   4.112903    33.7922       2560     1.7770     2.2985     2.1629 0.0000e+00
     73.000    14.1427   4.075726    33.7462       2580     1.7911     2.2910     2.1487 0.0000e+00
     74.000    13.8037   4.039856    33.7102       2601     1.8056     2.2819     2.1375 0.0000e+00
     75.000    13.8750   4.054334    33.7819       2646     1.8370     2.2670     2.1182 0.0000e+00
     76.000    13.8949   4.061014    33.8262       2713     1.8831     2.2550     2.0944 0.0000e+00
     77.000    13.8126   4.053438    33.8277       2737     1.9002     2.2479     2.0887 0.0000e+00
     78.000    13.7404   4.046122    33.8228       2756     1.9135     2.2407     2.0835 0.0000e+00
     79.000    13.4972   4.024085    33.8313       2772     1.9245     2.2338     2.0768 0.0000e+00
     80.000    13.2842   4.007312    33.8623       2787     1.9348     2.2243     2.0685 0.0000e+00
     81.000    13.2861   4.017211    33.9535       2803     1.9455     2.2127     2.0579 0.0000e+00
     82.000    13.0801   4.013051    34.0984       2823     1.9596     2.1957     2.0425 0.0000e+00
     83.000    13.1517   4.035590    34.2469       2859     1.9849     2.1592     2.0096 0.0000e+00
     84.000    13.4772   4.084003    34.4102       2895     2.0097     2.1359     1.9825 0.0000e+00
     85.000    13.4467   4.088152    34.4764       2920     2.0270     2.1279     1.9721 0.0000e+00
     86.000    13.3845   4.082393    34.4780       2967     2.0600     2.0981     1.9466 0.0000e+00
     87.000    13.5096   4.102620    34.5549       3020     2.0962     2.0743     1.9207 0.0000e+00
     88.000    13.6521   4.123351    34.6202       3043     2.1123     2.0710     1.9150 0.0000e+00
     89.000    13.7549   4.139834    34.6813       3065     2.1281     2.0643     1.9095 0.0000e+00
     90.000    13.7744   4.146285    34.7236       3093     2.1474     2.0556     1.9034 0.0000e+00
     91.000    13.8285   4.160373    34.8059       3132     2.1741     2.0442     1.8939 0.0000e+00
     92.000    13.9581   4.181251    34.8829       3169     2.1999     2.0286     1.8813 0.0000e+00
     93.000    14.0571   4.196163    34.9315       3195     2.2179     2.0193     1.8717 0.0000e+00
     94.000    14.1502   4.208777    34.9639       3219     2.2348     2.0070     1.8607 0.0000e+00
     95.000    14.2119   4.220136    35.0130       3320     2.3051     1.9769     1.8334 0.0000e+00
     96.000    14.2249   4.225546    35.0510       3384     2.3490     1.9724     1.8249 0.0000e+00
     97.000    14.3245   4.240770    35.1012       3447     2.3928     1.9613     1.8194 0.0000e+00
     96.000    14.2324   4.227909    35.0661       3484     2.4189     1.9525     1.8107 0.0000e+00
     95.000    14.2219   4.225089    35.0499       3517     2.4416     1.9509     1.8068 0.0000e+00
     94.000    14.2031   4.217445    34.9965       3629     2.5193     1.9589     1.8107 0.0000e+00
     93.000    14.1655   4.212086    34.9812       3696     2.5657     1.9602     1.8147 0.0000e+00
     92.000    14.1142   4.205694    34.9688       3713     2.5776     1.9619     1.8150 0.0000e+00
     91.000    14.0440   4.196156    34.9442       3732     2.5913     1.9656     1.8166 0.0000e+00
     90.000    13.9558   4.181938    34.8922       3755     2.6068     1.9667     1.8183 0.0000e+00
     89.000    13.9296   4.176099    34.8619       3783     2.6263     1.9688     1.8218 0.0000e+00
     88.000    13.8533   4.161803    34.7980       3819     2.6515     1.9755     1.8300 0.0000e+00
     87.000    13.7709   4.144568    34.7119       3849     2.6724     1.9911     1.8369 0.0000e+00
     86.000    13.6719   4.128286    34.6495       3871     2.6877     1.9975     1.8412 0.0000e+00
     85.000    13.6058   4.119222    34.6246       3891     2.7011     2.0014     1.8478 0.0000e+00
     84.000    13.5222   4.101596    34.5351       3910     2.7148     2.0098     1.8562 0.0000e+00
     83.000    13.5382   4.102073    34.5255       3933     2.7302     2.0208     1.8631 0.0000e+00
     82.000    13.5072   4.094220    34.4801       3956     2.7465     2.0340     1.8713 0.0000e+00
     81.000    13.3037   4.062394    34.3642       3977     2.7613     2.0435     1.8774 0.0000e+00
     80.000    13.2433   4.039017    34.1982       3997     2.7752     2.0448     1.8833 0.0000e+00
     79.000    13.2898   4.036225    34.1306       4019     2.7899     2.0553     1.8911 0.0000e+00
     78.000    13.2917   4.016508    33.9432       4045     2.8080     2.0775     1.9065 0.0000e+00
     77.000    13.5095   4.024626    33.8264       4092     2.8407     2.1129     1.9343 0.0000e+00
     76.000    13.7331   4.039573    33.7690       4144     2.8768     2.1539     1.9775 0.0000e+00
     75.000    13.8291   4.048023    33.7636       4165     2.8914     2.1680     1.9906 0.0000e+00
     74.000    13.8612   4.050568    33.7595       4181     2.9028     2.1783     2.0005 0.0000e+00
     73.000    13.8214   4.041162    33.7073       4195     2.9127     2.1880     2.0097 0.0000e+00
     72.000    13.7947   4.030779    33.6345       4209     2.9219     2.1978     2.0179 0.0000e+00
     71.000    13.9011   4.039114    33.6191       4222     2.9314     2.2075     2.0257 0.0000e+00
     70.000    14.0009   4.048975    33.6238       4237     2.9414     2.2218     2.0344 0.0000e+00
     69.000    14.1472   4.064527    33.6404       4254     2.9532     2.2409     2.0486 0.0000e+00
     68.000    14.8659   4.134128    33.6533       4277     2.9694     2.2677     2.0697 0.0000e+00
     67.000    16.3984   4.309461    33.9086       4327     3.0045     2.3407     2.1234 0.0000e+00
     66.000    17.3106   4.412917    34.0411       4390     3.0477     2.3861     2.1850 0.0000e+00
     65.000    17.8222   4.475623    34.1503       4416     3.0659     2.3998     2.2001 0.0000e+00
     64.000    18.0571   4.507163    34.2227       4436     3.0800     2.4121     2.2126 0.0000e+00
     63.000    18.5343   4.563386    34.3002       4455     3.0927     2.4188     2.2209 0.0000e+00
     62.000    19.2881   4.654818    34.4388       4473     3.1053     2.4358     2.2292 0.0000e+00
     61.000    19.9534   4.741707    34.6060       4491     3.1182     2.4599     2.2394 0.0000e+00
     60.000    21.1292   4.897079    34.8996       4511     3.1317     2.4812     2.2553 0.0000e+00
     59.000    21.9231   5.008585    35.1389       4531     3.1461     2.5053     2.2748 0.0000e+00
     58.000    22.7208   5.127049    35.4196       4554     3.1617     2.5228     2.2984 0.0000e+00
     57.000    23.2729   5.205538    35.5801       4578     3.1786     2.5349     2.3163 0.0000e+00
     56.000    23.5501   5.253792    35.7269       4605     3.1973     2.5334     2.3251 0.0000e+00
     55.000    23.6606   5.271960    35.7770       4653     3.2303     2.5152     2.3300 0.0000e+00
     54.000    23.7396   5.284811    35.8117       4699     3.2622     2.5105     2.3277 0.0000e+00
     53.000    23.7674   5.289584    35.8259       4721     3.2776     2.5128     2.3284 0.0000e+00
     52.000    23.7871   5.292836    35.8352       4742     3.2924     2.5106     2.3291 0.0000e+00
     51.000    23.8697   5.304799    35.8599       4766     3.3090     2.5084     2.3301 0.0000e+00
     50.000    23.8682   5.306654    35.8756       4792     3.3267     2.5149     2.3285 0.0000e+00
     49.000    23.8748   5.306775    35.8715       4813     3.3417     2.5119     2.3317 0.0000e+00
     48.000    23.8925   5.309613    35.8792       4832     3.3546     2.5126     2.3367 0.0000e+00
     47.000    23.9322   5.315144    35.8896       4850     3.3672     2.5145     2.3369 0.0000e+00
     46.000    23.9714   5.321015    35.9029       4873     3.3834     2.5114     2.3386 0.0000e+00
     45.000    23.9939   5.325515    35.9192       4919     3.4151     2.5126     2.3352 0.0000e+00
     44.000    24.0042   5.327412    35.9256       4957     3.4413     2.5120     2.3330 0.0000e+00
     43.000    24.0124   5.328395    35.9268       4979     3.4572     2.5198     2.3360 0.0000e+00
     42.000    24.0443   5.332632    35.9336       5003     3.4739     2.5197     2.3409 0.0000e+00
     41.000    24.0677   5.336480    35.9442       5033     3.4946     2.5166     2.3410 0.0000e+00
     40.000    24.0683   5.337078    35.9487       5068     3.5186     2.5136     2.3360 0.0000e+00
     39.000    24.0996   5.341410    35.9566       5094     3.5368     2.5110     2.3394 0.0000e+00
     38.000    24.1011   5.341832    35.9589       5114     3.5508     2.5129     2.3396 0.0000e+00
     37.000    24.1137   5.343506    35.9618       5134     3.5647     2.5191     2.3389 0.0000e+00
     36.000    24.1305   5.345936    35.9670       5160     3.5828     2.5201     2.3403 0.0000e+00
     35.000    24.1346   5.346952    35.9716       5198     3.6088     2.5183     2.3401 0.0000e+00
     34.000    24.1409   5.347273    35.9694       5229     3.6302     2.5191     2.3363 0.0000e+00
     33.000    24.1458   5.347763    35.9694       5252     3.6464     2.5196     2.3372 0.0000e+00
     32.000    24.1252   5.344213    35.9595       5278     3.6642     2.5144     2.3418 0.0000e+00
