HB2407/CTD119.cnv
* Sea-Bird SBE 9 Data File:
* FileName = C:\cruise\data\CTD119.hex
* Software Version Seasave V 7.26.7.121
* Temperature SN = 4591
* Conductivity SN = 6006
* Number of Bytes Per Scan = 37
* Number of Voltage Words = 4
* Number of Scans Averaged by the Deck Unit = 1
* NMEA Latitude = 40 01.80 N
* NMEA Longitude = 070 17.92 W
* NMEA UTC (Time) = Oct 08 2024 10:11:31
* NMEA baud rate = 4800
** Ship: Bigelow HB2407
** Program:  Fall Bottom Trawl Survey
** Chief Scientist: John Galbraith
# nquan = 9
# nvalues = 424                         
# units = specified
# name 0 = depSM: Depth [salt water, m]
# name 1 = t090C: Temperature [ITS-90, deg C]
# name 2 = c0S/m: Conductivity [S/m]
# name 3 = sal00: Salinity, Practical [PSU]
# name 4 = scan: Scan Count
# name 5 = timeM: Time, Elapsed [minutes]
# name 6 = sbeox0V: Oxygen raw, SBE 43 [V]
# name 7 = sbeox1V: Oxygen raw, SBE 43, 2 [V]
# name 8 = flag: flag
# span 0 =      2.000,    214.000       
# span 1 =    12.5665,    24.4571       
# span 2 =   4.127369,   5.388304       
# span 3 =    33.4028,    36.4783       
# span 4 =        -47,      12558       
# span 5 =    -0.0333,     8.7199       
# span 6 =     1.6239,     2.5820       
# span 7 =     1.5068,     2.3883       
# span 8 = 0.0000e+00, 0.0000e+00       
# interval = meters: 1                  
# start_time = Oct 08 2024 10:11:31 [NMEA time, header]
# bad_flag = -9.990e-29
*END*
[from data line 161]
    164.000    14.8614   4.388486    35.9434       5010     3.4783     1.7773     1.6599 0.0000e+00
    165.000    14.8358   4.385441    35.9387       5032     3.4937     1.7629     1.6450 0.0000e+00
    166.000    14.8187   4.383859    35.9395       5049     3.5055     1.7523     1.6348 0.0000e+00
    167.000    14.6056   4.362368    35.9382       5064     3.5160     1.7447     1.6275 0.0000e+00
    168.000    14.5428   4.353991    35.9186       5080     3.5269     1.7378     1.6212 0.0000e+00
    169.000    14.5277   4.351938    35.9132       5100     3.5410     1.7330     1.6141 0.0000e+00
    170.000    14.5101   4.349527    35.9068       5137     3.5668     1.7439     1.6157 0.0000e+00
    171.000    14.4916   4.347215    35.9022       5175     3.5930     1.7471     1.6215 0.0000e+00
    172.000    14.2751   4.322752    35.8757       5205     3.6141     1.7459     1.6204 0.0000e+00
    173.000    14.1823   4.312168    35.8631       5236     3.6356     1.7399     1.6166 0.0000e+00
    174.000    14.0235   4.294183    35.8426       5263     3.6538     1.7325     1.6120 0.0000e+00
    175.000    13.8920   4.279271    35.8252       5284     3.6691     1.7270     1.6074 0.0000e+00
    176.000    13.7722   4.265356    35.8061       5305     3.6831     1.7208     1.6018 0.0000e+00
    177.000    13.6550   4.251309    35.7831       5326     3.6977     1.7120     1.5949 0.0000e+00
    178.000    13.6168   4.246338    35.7715       5350     3.7146     1.7007     1.5859 0.0000e+00
    179.000    13.5586   4.239455    35.7606       5377     3.7331     1.6903     1.5761 0.0000e+00
    180.000    13.5275   4.235792    35.7547       5400     3.7496     1.6821     1.5698 0.0000e+00
    181.000    13.4591   4.228090    35.7455       5422     3.7642     1.6772     1.5639 0.0000e+00
    182.000    13.3678   4.217770    35.7329       5445     3.7808     1.6734     1.5595 0.0000e+00
    183.000    13.2938   4.208549    35.7144       5528     3.8384     1.6682     1.5534 0.0000e+00
    184.000    13.2812   4.207314    35.7140       5559     3.8595     1.6695     1.5495 0.0000e+00
    185.000    13.2769   4.206804    35.7129       5570     3.8674     1.6699     1.5491 0.0000e+00
    186.000    13.2670   4.205760    35.7118       5582     3.8754     1.6685     1.5491 0.0000e+00
    187.000    13.2456   4.203567    35.7106       5592     3.8829     1.6674     1.5490 0.0000e+00
    188.000    13.1950   4.198489    35.7094       5603     3.8904     1.6667     1.5479 0.0000e+00
    189.000    13.0844   4.186671    35.7004       5616     3.8990     1.6672     1.5479 0.0000e+00
    190.000    13.0226   4.179304    35.6878       5632     3.9106     1.6660     1.5468 0.0000e+00
    191.000    13.0050   4.176624    35.6783       5673     3.9389     1.6610     1.5416 0.0000e+00
    192.000    12.9940   4.174959    35.6723       5737     3.9832     1.6575     1.5383 0.0000e+00
    193.000    12.9740   4.172506    35.6672       5798     4.0258     1.6561     1.5353 0.0000e+00
    194.000    12.9555   4.170520    35.6652       5821     4.0418     1.6534     1.5348 0.0000e+00
    195.000    12.9118   4.166059    35.6633       5836     4.0523     1.6525     1.5344 0.0000e+00
    196.000    12.8905   4.163502    35.6584       5849     4.0611     1.6509     1.5340 0.0000e+00
    197.000    12.8755   4.161873    35.6565       5861     4.0693     1.6482     1.5332 0.0000e+00
    198.000    12.8670   4.160909    35.6549       5872     4.0772     1.6468     1.5331 0.0000e+00
    199.000    12.8322   4.157712    35.6566       5885     4.0858     1.6452     1.5319 0.0000e+00
    200.000    12.7885   4.152789    35.6502       5899     4.0955     1.6441     1.5309 0.0000e+00
    201.000    12.7746   4.150798    35.6437       5919     4.1096     1.6435     1.5299 0.0000e+00
    202.000    12.7719   4.150119    35.6393       6007     4.1709     1.6404     1.5236 0.0000e+00
    203.000    12.7676   4.149555    35.6376       6049     4.1998     1.6398     1.5233 0.0000e+00
    204.000    12.7665   4.149453    35.6371       6069     4.2141     1.6405     1.5231 0.0000e+00
    205.000    12.7619   4.148940    35.6362       6091     4.2293     1.6391     1.5228 0.0000e+00
    206.000    12.7552   4.148247    35.6354       6116     4.2464     1.6380     1.5211 0.0000e+00
    207.000    12.7486   4.147509    35.6341       6138     4.2616     1.6374     1.5195 0.0000e+00
    208.000    12.7485   4.147462    35.6333       6155     4.2734     1.6359     1.5175 0.0000e+00
    209.000    12.7494   4.147584    35.6331       6169     4.2833     1.6343     1.5170 0.0000e+00
    210.000    12.7460   4.147292    35.6331       6183     4.2932     1.6334     1.5171 0.0000e+00
    211.000    12.7254   4.145268    35.6327       6200     4.3048     1.6333     1.5175 0.0000e+00
    212.000    12.6805   4.140087    35.6248       6260     4.3466     1.6344     1.5169 0.0000e+00
    213.000    12.6432   4.135865    35.6190       6412     4.4524     1.6283     1.5126 0.0000e+00
    214.000    12.5665   4.127369    35.6092       6485     4.5029     1.6271     1.5094 0.0000e+00
    213.000    12.5928   4.129968    35.6098       6541     4.5414     1.6244     1.5089 0.0000e+00
    212.000    12.6423   4.135063    35.6126       6729     4.6719     1.6239     1.5068 0.0000e+00
    211.000    12.6516   4.135901    35.6123       6764     4.6969     1.6247     1.5072 0.0000e+00
    210.000    12.6735   4.138109    35.6133       6780     4.7073     1.6253     1.5076 0.0000e+00
    209.000    12.6889   4.140150    35.6188       6796     4.7190     1.6263     1.5085 0.0000e+00
    208.000    12.6977   4.141234    35.6214       6816     4.7325     1.6277     1.5100 0.0000e+00
    207.000    12.7054   4.141926    35.6212       6839     4.7483     1.6289     1.5120 0.0000e+00
    206.000    12.7189   4.143326    35.6223       6863     4.7654     1.6294     1.5143 0.0000e+00
    205.000    12.7330   4.144859    35.6243       6898     4.7899     1.6319     1.5154 0.0000e+00
    204.000    12.7538   4.147297    35.6284       6987     4.8516     1.6365     1.5163 0.0000e+00
    203.000    12.7526   4.147171    35.6288       7000     4.8607     1.6350     1.5174 0.0000e+00
    202.000    12.7524   4.147071    35.6285       7016     4.8718     1.6342     1.5168 0.0000e+00
    201.000    12.7554   4.147342    35.6287       7032     4.8826     1.6361     1.5176 0.0000e+00
    200.000    12.7597   4.147777    35.6292       7049     4.8947     1.6376     1.5191 0.0000e+00
    199.000    12.7649   4.148323    35.6301       7070     4.9088     1.6371     1.5198 0.0000e+00
    198.000    12.7726   4.149166    35.6313       7091     4.9235     1.6382     1.5199 0.0000e+00
    197.000    12.7872   4.150448    35.6302       7110     4.9365     1.6396     1.5208 0.0000e+00
    196.000    12.8159   4.153545    35.6334       7127     4.9488     1.6403     1.5210 0.0000e+00
    195.000    12.8323   4.155334    35.6355       7148     4.9630     1.6411     1.5224 0.0000e+00
    194.000    12.8765   4.160064    35.6395       7186     4.9896     1.6402     1.5251 0.0000e+00
    193.000    12.9086   4.163724    35.6448       7233     5.0221     1.6406     1.5268 0.0000e+00
    192.000    12.9504   4.167829    35.6451       7261     5.0416     1.6422     1.5282 0.0000e+00
    191.000    12.9732   4.170851    35.6530       7291     5.0628     1.6449     1.5296 0.0000e+00
    190.000    12.9759   4.171469    35.6569       7328     5.0879     1.6470     1.5294 0.0000e+00
    189.000    13.0009   4.173704    35.6552       7356     5.1076     1.6496     1.5309 0.0000e+00
    188.000    13.0403   4.178096    35.6604       7377     5.1220     1.6506     1.5320 0.0000e+00
    187.000    13.1038   4.184420    35.6615       7394     5.1340     1.6526     1.5319 0.0000e+00
    186.000    13.2123   4.196190    35.6721       7409     5.1447     1.6547     1.5329 0.0000e+00
    185.000    13.2386   4.199621    35.6805       7424     5.1549     1.6572     1.5348 0.0000e+00
    184.000    13.2561   4.201617    35.6835       7439     5.1652     1.6600     1.5381 0.0000e+00
    183.000    13.2820   4.204976    35.6916       7456     5.1770     1.6621     1.5403 0.0000e+00
    182.000    13.3263   4.209342    35.6919       7480     5.1940     1.6654     1.5427 0.0000e+00
    181.000    13.4828   4.227562    35.7183       7544     5.2384     1.6703     1.5485 0.0000e+00
    180.000    13.5550   4.235400    35.7252       7603     5.2790     1.6719     1.5516 0.0000e+00
    179.000    13.5713   4.237821    35.7333       7621     5.2917     1.6730     1.5516 0.0000e+00
    178.000    13.5835   4.238855    35.7321       7637     5.3027     1.6740     1.5527 0.0000e+00
    177.000    13.6363   4.244395    35.7353       7652     5.3130     1.6729     1.5533 0.0000e+00
    176.000    13.6807   4.250738    35.7541       7667     5.3234     1.6726     1.5537 0.0000e+00
    175.000    13.7302   4.255545    35.7535       7684     5.3357     1.6749     1.5541 0.0000e+00
    174.000    13.8271   4.266855    35.7698       7709     5.3525     1.6811     1.5555 0.0000e+00
    173.000    13.9478   4.281335    35.7934       7741     5.3747     1.6900     1.5609 0.0000e+00
    172.000    14.0784   4.294372    35.7941       7769     5.3945     1.6987     1.5687 0.0000e+00
    171.000    14.2022   4.309737    35.8227       7795     5.4126     1.7056     1.5770 0.0000e+00
    170.000    14.2566   4.316259    35.8333       7830     5.4370     1.7126     1.5856 0.0000e+00
    169.000    14.3059   4.322418    35.8453       7872     5.4662     1.7198     1.5938 0.0000e+00
    168.000    14.4257   4.335572    35.8566       7894     5.4809     1.7210     1.5964 0.0000e+00
    167.000    14.4394   4.337972    35.8667       7909     5.4918     1.7222     1.5973 0.0000e+00
    166.000    14.5652   4.349510    35.8573       7924     5.5021     1.7250     1.5986 0.0000e+00
    165.000    14.6378   4.359577    35.8835       7941     5.5141     1.7320     1.6027 0.0000e+00
    164.000    14.7857   4.375934    35.8979       7981     5.5415     1.7376     1.6104 0.0000e+00
    163.000    14.8558   4.384635    35.9137       8035     5.5789     1.7348     1.6126 0.0000e+00
    162.000    14.9622   4.396383    35.9237       8053     5.5919     1.7323     1.6093 0.0000e+00
    161.000    15.0094   4.403243    35.9435       8069     5.6031     1.7325     1.6086 0.0000e+00
    160.000    15.1134   4.414800    35.9539       8085     5.6139     1.7360     1.6092 0.0000e+00
    159.000    15.1671   4.422154    35.9720       8102     5.6256     1.7474     1.6134 0.0000e+00
    158.000    15.2042   4.427496    35.9870       8122     5.6397     1.7675     1.6255 0.0000e+00
    157.000    15.2469   4.432499    35.9938       8152     5.6604     1.7922     1.6488 0.0000e+00
    156.000    15.2787   4.436325    35.9997       8191     5.6875     1.8093     1.6706 0.0000e+00
    155.000    15.3745   4.446681    36.0064       8224     5.7106     1.8202     1.6837 0.0000e+00
    154.000    15.4100   4.451257    36.0158       8251     5.7290     1.8286     1.6941 0.0000e+00
    153.000    15.4285   4.453108    36.0160       8274     5.7453     1.8309     1.7002 0.0000e+00
    152.000    15.4732   4.457966    36.0194       8298     5.7620     1.8363     1.7030 0.0000e+00
    151.000    15.4840   4.459771    36.0264       8325     5.7803     1.8463     1.7092 0.0000e+00
    150.000    15.5885   4.470414    36.0274       8350     5.7980     1.8529     1.7147 0.0000e+00
    149.000    15.6942   4.483391    36.0482       8373     5.8141     1.8565     1.7188 0.0000e+00
    148.000    15.7005   4.484770    36.0553       8397     5.8309     1.8659     1.7240 0.0000e+00
    147.000    15.7405   4.489237    36.0594       8427     5.8513     1.8739     1.7311 0.0000e+00
    146.000    15.7965   4.495734    36.0672       8460     5.8740     1.8786     1.7368 0.0000e+00
    145.000    15.8506   4.501909    36.0738       8486     5.8927     1.8821     1.7406 0.0000e+00
    144.000    15.8706   4.504669    36.0807       8506     5.9064     1.8848     1.7436 0.0000e+00
    143.000    15.8879   4.506313    36.0801       8524     5.9189     1.8869     1.7459 0.0000e+00
    142.000    15.9097   4.509490    36.0891       8544     5.9328     1.8882     1.7493 0.0000e+00
    141.000    15.9391   4.512796    36.0924       8571     5.9516     1.8888     1.7534 0.0000e+00
    140.000    15.9750   4.517310    36.1006       8607     5.9765     1.8937     1.7562 0.0000e+00
    139.000    16.0187   4.521926    36.1025       8641     6.0001     1.8951     1.7598 0.0000e+00
    138.000    16.1001   4.532123    36.1200       8665     6.0167     1.8997     1.7634 0.0000e+00
    137.000    16.1162   4.534629    36.1282       8685     6.0304     1.9011     1.7649 0.0000e+00
    136.000    16.1291   4.536486    36.1334       8705     6.0446     1.9046     1.7668 0.0000e+00
    135.000    16.2007   4.544548    36.1407       8733     6.0638     1.9067     1.7697 0.0000e+00
    134.000    16.2591   4.552368    36.1576       8775     6.0930     1.9015     1.7686 0.0000e+00
    133.000    16.2708   4.553453    36.1571       8812     6.1185     1.8846     1.7569 0.0000e+00
    132.000    16.3178   4.559407    36.1678       8835     6.1348     1.8785     1.7476 0.0000e+00
    131.000    16.3295   4.560719    36.1693       8852     6.1462     1.8733     1.7446 0.0000e+00
    130.000    16.3555   4.563714    36.1727       8865     6.1554     1.8680     1.7410 0.0000e+00
    129.000    16.3738   4.566046    36.1772       8877     6.1641     1.8641     1.7360 0.0000e+00
    128.000    16.3829   4.567334    36.1808       8890     6.1728     1.8609     1.7310 0.0000e+00
    127.000    16.3907   4.568240    36.1821       8905     6.1833     1.8574     1.7272 0.0000e+00
    126.000    16.4250   4.572062    36.1854       8966     6.2260     1.8474     1.7200 0.0000e+00
    125.000    16.4319   4.572968    36.1875       9028     6.2685     1.8457     1.7119 0.0000e+00
    124.000    16.4337   4.573230    36.1887       9048     6.2828     1.8435     1.7121 0.0000e+00
    123.000    16.4380   4.573747    36.1898       9069     6.2972     1.8447     1.7136 0.0000e+00
    122.000    16.4425   4.574219    36.1903       9088     6.3106     1.8462     1.7143 0.0000e+00
    121.000    16.4510   4.575169    36.1914       9105     6.3223     1.8467     1.7143 0.0000e+00
    120.000    16.4559   4.575807    36.1931       9120     6.3329     1.8486     1.7151 0.0000e+00
    119.000    16.4589   4.576177    36.1940       9136     6.3438     1.8493     1.7155 0.0000e+00
    118.000    16.4698   4.577361    36.1951       9154     6.3560     1.8505     1.7167 0.0000e+00
    117.000    16.5154   4.582115    36.1962       9181     6.3749     1.8556     1.7186 0.0000e+00
    116.000    16.6407   4.597744    36.2214       9222     6.4032     1.8732     1.7233 0.0000e+00
    115.000    16.6657   4.600462    36.2232       9250     6.4231     1.8901     1.7378 0.0000e+00
    114.000    16.6831   4.602808    36.2285       9276     6.4409     1.9019     1.7571 0.0000e+00
    113.000    16.6752   4.600675    36.2173       9316     6.4684     1.9040     1.7703 0.0000e+00
    112.000    16.7380   4.606228    36.2099       9365     6.5027     1.8535     1.7433 0.0000e+00
    111.000    16.8363   4.616556    36.2125       9384     6.5161     1.8232     1.7154 0.0000e+00
    110.000    16.8474   4.618157    36.2169       9399     6.5264     1.8095     1.7013 0.0000e+00
    109.000    16.8646   4.619121    36.2103       9413     6.5359     1.7991     1.6907 0.0000e+00
    108.000    16.8802   4.620478    36.2086       9427     6.5460     1.7870     1.6761 0.0000e+00
    107.000    16.8962   4.621227    36.2012       9446     6.5589     1.7727     1.6602 0.0000e+00
    106.000    16.9171   4.622810    36.1966       9472     6.5772     1.7608     1.6450 0.0000e+00
