HB2407/CTD196.cnv
* Sea-Bird SBE 9 Data File:
* FileName = C:\cruise\data\CTD196.hex
* Software Version Seasave V 7.26.7.121
* Temperature SN = 4591
* Conductivity SN = 6006
* Number of Bytes Per Scan = 37
* Number of Voltage Words = 4
* Number of Scans Averaged by the Deck Unit = 1
* NMEA Latitude = 43 03.15 N
* NMEA Longitude = 067 26.49 W
* NMEA UTC (Time) = Nov 02 2024 19:26:25
* NMEA baud rate = 4800
** Ship: Bigelow HB2407
** Program:  Fall Bottom Trawl Survey
** Chief Scientist: John Galbraith
# nquan = 9
# nvalues = 365                         
# units = specified
# name 0 = depSM: Depth [salt water, m]
# name 1 = t090C: Temperature [ITS-90, deg C]
# name 2 = c0S/m: Conductivity [S/m]
# name 3 = sal00: Salinity, Practical [PSU]
# name 4 = scan: Scan Count
# name 5 = timeM: Time, Elapsed [minutes]
# name 6 = sbeox0V: Oxygen raw, SBE 43 [V]
# name 7 = sbeox1V: Oxygen raw, SBE 43, 2 [V]
# name 8 = flag: flag
# span 0 =      1.000,    184.000       
# span 1 =     7.3158,    13.1668       
# span 2 =   3.357232,   3.794718       
# span 3 =    31.9809,    34.2534       
# span 4 =        150,      12560       
# span 5 =     0.1036,     8.7216       
# span 6 =     1.8485,     2.5748       
# span 7 =     1.7310,     2.4118       
# span 8 = 0.0000e+00, 0.0000e+00       
# interval = meters: 1                  
# start_time = Nov 02 2024 19:26:25 [NMEA time, header]
# bad_flag = -9.990e-29
*END*
      3.000    13.1619   3.794143    31.9940        150     0.1036     2.5748     2.4085 0.0000e+00
      4.000    13.1618   3.794178    31.9940        229     0.1584     2.5739     2.4060 0.0000e+00
      5.000    13.1634   3.794366    31.9940        268     0.1856     2.5734     2.4090 0.0000e+00
      6.000    13.1649   3.794519    31.9937        293     0.2026     2.5729     2.4095 0.0000e+00
      7.000    13.1652   3.794600    31.9939        329     0.2279     2.5699     2.4091 0.0000e+00
      8.000    13.1658   3.794702    31.9939        386     0.2670     2.5670     2.4108 0.0000e+00
      9.000    13.1651   3.794699    31.9941        410     0.2842     2.5653     2.4118 0.0000e+00
     10.000    13.1648   3.794718    31.9941        442     0.3065     2.5678     2.4110 0.0000e+00
     11.000    13.1629   3.794634    31.9945        571     0.3955     2.5665     2.4064 0.0000e+00
     12.000    13.1619   3.794581    31.9945        660     0.4579     2.5666     2.4039 0.0000e+00
     13.000    13.1618   3.794638    31.9947        713     0.4947     2.5693     2.4047 0.0000e+00
     14.000    13.1568   3.794311    31.9955        742     0.5148     2.5698     2.4036 0.0000e+00
     15.000    13.1560   3.794320    31.9958        763     0.5295     2.5655     2.4015 0.0000e+00
     16.000    13.1554   3.794276    31.9955        789     0.5470     2.5616     2.3982 0.0000e+00
     17.000    13.1560   3.794363    31.9954        825     0.5723     2.5621     2.3964 0.0000e+00
     18.000    13.1473   3.793729    31.9965        858     0.5952     2.5624     2.3971 0.0000e+00
     19.000    13.1423   3.793410    31.9973        886     0.6143     2.5586     2.3967 0.0000e+00
     20.000    13.1443   3.793573    31.9967        913     0.6333     2.5534     2.3954 0.0000e+00
     21.000    13.1444   3.793637    31.9968        942     0.6533     2.5544     2.3934 0.0000e+00
     22.000    13.1422   3.793525    31.9972        969     0.6721     2.5527     2.3915 0.0000e+00
     23.000    13.1415   3.793509    31.9973        993     0.6887     2.5557     2.3907 0.0000e+00
     24.000    13.1357   3.793093    31.9979       1018     0.7062     2.5550     2.3889 0.0000e+00
     25.000    13.1368   3.793222    31.9977       1050     0.7287     2.5504     2.3871 0.0000e+00
     26.000    13.1239   3.792232    31.9989       1084     0.7519     2.5489     2.3839 0.0000e+00
     27.000    13.1002   3.790536    32.0025       1111     0.7709     2.5466     2.3786 0.0000e+00
     28.000    13.0913   3.789884    32.0035       1136     0.7879     2.5406     2.3767 0.0000e+00
     29.000    13.0890   3.789710    32.0034       1160     0.8051     2.5350     2.3707 0.0000e+00
     30.000    13.0848   3.789401    32.0036       1190     0.8255     2.5314     2.3664 0.0000e+00
     31.000    13.0630   3.787753    32.0061       1224     0.8495     2.5276     2.3661 0.0000e+00
     32.000    13.0176   3.784294    32.0115       1257     0.8722     2.5211     2.3646 0.0000e+00
     33.000    12.9652   3.780312    32.0178       1284     0.8907     2.5158     2.3588 0.0000e+00
     34.000    12.9295   3.777507    32.0212       1307     0.9069     2.5139     2.3536 0.0000e+00
     35.000    12.8373   3.770438    32.0321       1331     0.9235     2.5053     2.3467 0.0000e+00
     36.000    12.7376   3.762425    32.0404       1356     0.9412     2.4920     2.3384 0.0000e+00
     37.000    12.6520   3.755634    32.0483       1403     0.9738     2.4632     2.3145 0.0000e+00
     38.000    12.5832   3.750048    32.0534       1445     1.0029     2.4410     2.2936 0.0000e+00
     39.000    12.5630   3.748569    32.0561       1462     1.0143     2.4386     2.2885 0.0000e+00
     40.000    12.5320   3.746151    32.0591       1475     1.0239     2.4366     2.2838 0.0000e+00
     41.000    12.5050   3.744006    32.0613       1490     1.0342     2.4322     2.2776 0.0000e+00
     42.000    12.4062   3.735846    32.0673       1543     1.0711     2.4112     2.2603 0.0000e+00
     43.000    12.2312   3.721832    32.0825       1604     1.1131     2.3942     2.2442 0.0000e+00
     44.000    11.9199   3.698048    32.1206       1616     1.1217     2.3931     2.2415 0.0000e+00
     45.000    11.4620   3.662937    32.1756       1628     1.1301     2.3872     2.2371 0.0000e+00
     46.000    11.1810   3.640256    32.1978       1643     1.1400     2.3727     2.2280 0.0000e+00
     47.000    10.9985   3.623978    32.1968       1708     1.1851     2.2783     2.1519 0.0000e+00
     48.000    10.7671   3.605457    32.2162       1750     1.2148     2.2490     2.1179 0.0000e+00
     49.000    10.7055   3.600422    32.2199       1764     1.2242     2.2408     2.1105 0.0000e+00
     50.000    10.6302   3.594395    32.2259       1777     1.2334     2.2335     2.1034 0.0000e+00
     51.000    10.5399   3.587026    32.2318       1793     1.2445     2.2251     2.0951 0.0000e+00
     52.000    10.1016   3.552183    32.2705       1840     1.2773     2.2008     2.0729 0.0000e+00
     53.000     9.9079   3.536033    32.2796       1893     1.3136     2.1839     2.0544 0.0000e+00
     54.000     9.8325   3.529996    32.2854       1911     1.3262     2.1809     2.0468 0.0000e+00
     55.000     9.6760   3.517628    32.2993       1930     1.3394     2.1750     2.0415 0.0000e+00
     56.000     9.4602   3.500741    32.3204       1951     1.3543     2.1676     2.0356 0.0000e+00
     57.000     9.3451   3.491514    32.3291       1976     1.3717     2.1568     2.0275 0.0000e+00
     58.000     9.2469   3.483147    32.3313       2016     1.3990     2.1453     2.0174 0.0000e+00
     59.000     9.0893   3.470588    32.3441       2058     1.4282     2.1395     2.0074 0.0000e+00
     60.000     9.0064   3.464301    32.3539       2077     1.4420     2.1371     2.0030 0.0000e+00
     61.000     8.9938   3.463213    32.3535       2095     1.4539     2.1336     1.9998 0.0000e+00
     62.000     8.9559   3.460229    32.3566       2115     1.4682     2.1299     1.9969 0.0000e+00
     63.000     8.7216   3.443824    32.3991       2146     1.4893     2.1254     1.9931 0.0000e+00
     64.000     8.5407   3.430041    32.4202       2183     1.5156     2.1178     1.9868 0.0000e+00
     65.000     8.4441   3.422808    32.4325       2217     1.5389     2.1107     1.9808 0.0000e+00
     66.000     8.4518   3.422911    32.4260       2248     1.5605     2.1088     1.9764 0.0000e+00
     67.000     8.3763   3.416806    32.4308       2273     1.5778     2.1079     1.9743 0.0000e+00
     68.000     8.2933   3.410212    32.4373       2295     1.5928     2.1068     1.9733 0.0000e+00
     69.000     8.0622   3.392871    32.4669       2319     1.6098     2.1056     1.9716 0.0000e+00
     70.000     7.9208   3.384124    32.5046       2356     1.6356     2.0981     1.9644 0.0000e+00
     71.000     7.8932   3.384618    32.5350       2392     1.6606     2.0933     1.9594 0.0000e+00
     72.000     7.8556   3.385029    32.5740       2415     1.6761     2.0918     1.9595 0.0000e+00
     73.000     7.8549   3.387341    32.5988       2435     1.6902     2.0908     1.9581 0.0000e+00
     74.000     7.8581   3.388844    32.6114       2461     1.7085     2.0898     1.9556 0.0000e+00
     75.000     7.8949   3.394159    32.6334       2503     1.7372     2.0848     1.9505 0.0000e+00
     76.000     7.9021   3.397497    32.6618       2535     1.7596     2.0797     1.9468 0.0000e+00
     77.000     7.7935   3.390930    32.6928       2559     1.7766     2.0780     1.9435 0.0000e+00
     78.000     7.6488   3.379050    32.7007       2585     1.7945     2.0718     1.9393 0.0000e+00
     79.000     7.5446   3.370645    32.7079       2615     1.8154     2.0623     1.9335 0.0000e+00
     80.000     7.4966   3.366935    32.7127       2644     1.8357     2.0543     1.9273 0.0000e+00
     81.000     7.4674   3.365164    32.7205       2673     1.8555     2.0502     1.9226 0.0000e+00
     82.000     7.4401   3.363579    32.7288       2704     1.8773     2.0469     1.9185 0.0000e+00
     83.000     7.4147   3.361385    32.7285       2737     1.9002     2.0440     1.9142 0.0000e+00
     84.000     7.3887   3.359401    32.7312       2763     1.9180     2.0417     1.9109 0.0000e+00
     85.000     7.3692   3.358619    32.7406       2786     1.9338     2.0390     1.9075 0.0000e+00
     86.000     7.3405   3.357945    32.7600       2813     1.9530     2.0344     1.9053 0.0000e+00
     87.000     7.3238   3.357280    32.7682       2850     1.9788     2.0294     1.9018 0.0000e+00
     88.000     7.3197   3.357232    32.7710       2882     2.0007     2.0260     1.8979 0.0000e+00
     89.000     7.3158   3.357743    32.7798       2906     2.0172     2.0243     1.8955 0.0000e+00
     90.000     7.3188   3.358931    32.7893       2930     2.0338     2.0242     1.8941 0.0000e+00
     91.000     7.3220   3.362238    32.8217       2963     2.0568     2.0225     1.8915 0.0000e+00
     92.000     7.3365   3.365205    32.8396       3001     2.0833     2.0185     1.8883 0.0000e+00
     93.000     7.3460   3.366740    32.8467       3027     2.1012     2.0140     1.8856 0.0000e+00
     94.000     7.3597   3.369423    32.8623       3049     2.1168     2.0097     1.8816 0.0000e+00
     95.000     7.3701   3.371309    32.8724       3075     2.1345     2.0045     1.8778 0.0000e+00
     96.000     7.3777   3.373282    32.8860       3107     2.1571     1.9995     1.8753 0.0000e+00
     97.000     7.3826   3.374644    32.8956       3148     2.1857     1.9972     1.8722 0.0000e+00
     98.000     7.3867   3.376622    32.9126       3181     2.2082     1.9971     1.8687 0.0000e+00
     99.000     7.3977   3.378883    32.9262       3202     2.2230     1.9958     1.8670 0.0000e+00
    100.000     7.4101   3.380952    32.9364       3222     2.2365     1.9932     1.8654 0.0000e+00
    101.000     7.4300   3.383496    32.9445       3250     2.2561     1.9896     1.8624 0.0000e+00
    102.000     7.4523   3.387137    32.9621       3307     2.2959     1.9848     1.8567 0.0000e+00
    103.000     7.4602   3.388523    32.9691       3335     2.3155     1.9828     1.8553 0.0000e+00
    104.000     7.4705   3.389809    32.9728       3354     2.3282     1.9822     1.8535 0.0000e+00
    105.000     7.4792   3.390777    32.9744       3371     2.3400     1.9810     1.8516 0.0000e+00
    106.000     7.4904   3.392008    32.9766       3391     2.3543     1.9779     1.8501 0.0000e+00
    107.000     7.5046   3.393501    32.9788       3441     2.3892     1.9758     1.8474 0.0000e+00
    108.000     7.5435   3.400077    33.0123       3485     2.4194     1.9750     1.8473 0.0000e+00
    109.000     7.5849   3.406321    33.0397       3503     2.4317     1.9755     1.8473 0.0000e+00
    110.000     7.5869   3.407491    33.0500       3520     2.4435     1.9768     1.8485 0.0000e+00
    111.000     7.5406   3.403929    33.0552       3541     2.4586     1.9753     1.8477 0.0000e+00
    112.000     7.5240   3.403508    33.0660       3603     2.5011     1.9624     1.8376 0.0000e+00
    113.000     7.5263   3.409066    33.1232       3637     2.5250     1.9600     1.8335 0.0000e+00
    114.000     7.4944   3.409121    33.1537       3654     2.5368     1.9585     1.8317 0.0000e+00
    115.000     7.4635   3.407555    33.1658       3671     2.5487     1.9556     1.8290 0.0000e+00
    116.000     7.4425   3.406421    33.1732       3691     2.5626     1.9504     1.8247 0.0000e+00
    117.000     7.4357   3.406321    33.1781       3726     2.5866     1.9407     1.8156 0.0000e+00
    118.000     7.4360   3.407054    33.1854       3766     2.6149     1.9308     1.8055 0.0000e+00
    119.000     7.4519   3.410894    33.2112       3792     2.6324     1.9267     1.8017 0.0000e+00
    120.000     7.4973   3.421616    33.2831       3816     2.6495     1.9247     1.7990 0.0000e+00
    121.000     7.5252   3.426204    33.3054       3848     2.6713     1.9221     1.7968 0.0000e+00
    122.000     7.5624   3.431486    33.3262       3879     2.6932     1.9147     1.7929 0.0000e+00
    123.000     7.5748   3.434346    33.3447       3906     2.7115     1.9107     1.7883 0.0000e+00
    124.000     7.5796   3.436994    33.3682       3931     2.7292     1.9098     1.7861 0.0000e+00
    125.000     7.5959   3.442353    33.4099       3956     2.7463     1.9086     1.7838 0.0000e+00
    126.000     7.6021   3.444534    33.4269       3980     2.7635     1.9058     1.7822 0.0000e+00
    127.000     7.6077   3.446269    33.4398       4015     2.7876     1.9022     1.7795 0.0000e+00
    128.000     7.6124   3.447815    33.4515       4052     2.8133     1.8962     1.7755 0.0000e+00
    129.000     7.6243   3.451694    33.4814       4074     2.8288     1.8936     1.7739 0.0000e+00
    130.000     7.6353   3.454874    33.5046       4095     2.8429     1.8923     1.7725 0.0000e+00
    131.000     7.6390   3.456194    33.5147       4121     2.8614     1.8903     1.7699 0.0000e+00
    132.000     7.6409   3.457586    33.5273       4161     2.8892     1.8867     1.7664 0.0000e+00
    133.000     7.6428   3.458702    33.5371       4191     2.9095     1.8863     1.7644 0.0000e+00
    134.000     7.6484   3.460917    33.5551       4211     2.9234     1.8858     1.7640 0.0000e+00
    135.000     7.6738   3.467047    33.5962       4232     2.9382     1.8844     1.7625 0.0000e+00
    136.000     7.7049   3.473702    33.6373       4259     2.9567     1.8846     1.7617 0.0000e+00
    137.000     7.7172   3.476388    33.6538       4289     2.9777     1.8840     1.7613 0.0000e+00
    138.000     7.7356   3.480228    33.6770       4320     2.9992     1.8809     1.7577 0.0000e+00
    139.000     7.7789   3.488644    33.7251       4351     3.0206     1.8783     1.7540 0.0000e+00
    140.000     7.7940   3.491481    33.7405       4376     3.0381     1.8750     1.7512 0.0000e+00
    141.000     7.8336   3.499416    33.7869       4398     3.0538     1.8719     1.7489 0.0000e+00
    142.000     7.8853   3.509667    33.8464       4428     3.0744     1.8678     1.7450 0.0000e+00
    143.000     7.9222   3.516991    33.8886       4464     3.0992     1.8625     1.7415 0.0000e+00
    144.000     7.9275   3.518116    33.8950       4491     3.1180     1.8595     1.7409 0.0000e+00
    145.000     7.9379   3.519510    33.8994       4513     3.1335     1.8580     1.7397 0.0000e+00
    146.000     8.0078   3.533152    33.9771       4535     3.1489     1.8563     1.7381 0.0000e+00
    147.000     8.0316   3.537725    34.0025       4561     3.1668     1.8558     1.7365 0.0000e+00
    148.000     8.0296   3.537801    34.0048       4594     3.1897     1.8584     1.7370 0.0000e+00
    149.000     8.0273   3.537774    34.0062       4624     3.2102     1.8604     1.7389 0.0000e+00
    150.000     8.0275   3.537928    34.0072       4647     3.2266     1.8587     1.7400 0.0000e+00
    151.000     8.0300   3.538640    34.0119       4675     3.2462     1.8563     1.7375 0.0000e+00
    152.000     8.0312   3.538939    34.0135       4710     3.2701     1.8536     1.7347 0.0000e+00
    153.000     8.0488   3.542261    34.0314       4735     3.2876     1.8524     1.7332 0.0000e+00
    154.000     8.0745   3.546722    34.0536       4755     3.3014     1.8502     1.7322 0.0000e+00
    155.000     8.0815   3.547964    34.0596       4780     3.3188     1.8501     1.7310 0.0000e+00
    156.000     8.0891   3.549291    34.0659       4822     3.3476     1.8513     1.7315 0.0000e+00
    157.000     8.0932   3.550054    34.0696       4849     3.3665     1.8545     1.7344 0.0000e+00
    158.000     8.1000   3.551286    34.0756       4867     3.3789     1.8555     1.7362 0.0000e+00
    159.000     8.1228   3.555906    34.1023       4886     3.3923     1.8560     1.7374 0.0000e+00
    160.000     8.1697   3.565824    34.1620       4930     3.4229     1.8612     1.7399 0.0000e+00
    161.000     8.2030   3.572767    34.2031       4972     3.4520     1.8640     1.7411 0.0000e+00
    162.000     8.2108   3.574522    34.2137       4988     3.4631     1.8627     1.7408 0.0000e+00
