HB2407/CTD173.cnv
* Sea-Bird SBE 9 Data File:
* FileName = C:\cruise\data\CTD173.hex
* Software Version Seasave V 7.26.7.121
* Temperature SN = 4591
* Conductivity SN = 6006
* Number of Bytes Per Scan = 37
* Number of Voltage Words = 4
* Number of Scans Averaged by the Deck Unit = 1
* NMEA Latitude = 42 27.45 N
* NMEA Longitude = 068 58.42 W
* NMEA UTC (Time) = Oct 20 2024 18:22:16
* NMEA baud rate = 4800
** Ship: Bigelow HB2407
** Program:  Fall Bottom Trawl Survey
** Chief Scientist: John Galbraith
# nquan = 9
# nvalues = 433                         
# units = specified
# name 0 = depSM: Depth [salt water, m]
# name 1 = t090C: Temperature [ITS-90, deg C]
# name 2 = c0S/m: Conductivity [S/m]
# name 3 = sal00: Salinity, Practical [PSU]
# name 4 = scan: Scan Count
# name 5 = timeM: Time, Elapsed [minutes]
# name 6 = sbeox0V: Oxygen raw, SBE 43 [V]
# name 7 = sbeox1V: Oxygen raw, SBE 43, 2 [V]
# name 8 = flag: flag
# span 0 =      4.000,    220.000       
# span 1 =     6.5256,    14.7462       
# span 2 =   3.255351,   3.920524       
# span 3 =    31.7670,    34.1512       
# span 4 =        290,      15629       
# span 5 =     0.2005,    10.8528       
# span 6 =     1.6998,     2.6281       
# span 7 =     1.5748,     2.4254       
# span 8 = 0.0000e+00, 0.0000e+00       
# interval = meters: 1                  
# start_time = Oct 20 2024 18:22:16 [NMEA time, header]
# bad_flag = -9.990e-29
*END*
[from data line 321]
    115.000     7.0213   3.375054    33.2372      11553     8.0220     1.8318     1.6909 0.0000e+00
    114.000     7.0121   3.372858    33.2224      11591     8.0486     1.8388     1.6979 0.0000e+00
    113.000     6.9890   3.367952    33.1916      11621     8.0695     1.8425     1.7039 0.0000e+00
    112.000     6.9682   3.364066    33.1696      11646     8.0865     1.8464     1.7077 0.0000e+00
    111.000     6.9514   3.360661    33.1490      11672     8.1046     1.8518     1.7125 0.0000e+00
    110.000     6.9417   3.358770    33.1381      11709     8.1302     1.8618     1.7205 0.0000e+00
    109.000     6.9342   3.356883    33.1251      11755     8.1623     1.8722     1.7316 0.0000e+00
    108.000     6.9343   3.355886    33.1146      11784     8.1829     1.8800     1.7381 0.0000e+00
    107.000     6.9580   3.354247    33.0743      11810     8.2006     1.8849     1.7419 0.0000e+00
    106.000     6.9679   3.353801    33.0605      11839     8.2207     1.8918     1.7465 0.0000e+00
    105.000     6.9789   3.353384    33.0458      11876     8.2464     1.9063     1.7593 0.0000e+00
    104.000     6.9922   3.353040    33.0298      11913     8.2722     1.9225     1.7744 0.0000e+00
    103.000     6.9996   3.352951    33.0222      11943     8.2928     1.9331     1.7842 0.0000e+00
    102.000     7.0042   3.352945    33.0182      11974     8.3143     1.9424     1.7932 0.0000e+00
    101.000     7.0098   3.352697    33.0106      12010     8.3396     1.9502     1.8009 0.0000e+00
    100.000     7.0067   3.351291    32.9987      12050     8.3677     1.9539     1.8075 0.0000e+00
     99.000     6.9986   3.348496    32.9764      12082     8.3897     1.9556     1.8109 0.0000e+00
     98.000     6.9849   3.345998    32.9627      12105     8.4054     1.9580     1.8117 0.0000e+00
     97.000     6.9753   3.344556    32.9566      12127     8.4208     1.9602     1.8136 0.0000e+00
     96.000     6.9658   3.343328    32.9528      12157     8.4414     1.9642     1.8170 0.0000e+00
     95.000     6.9549   3.342020    32.9494      12198     8.4703     1.9671     1.8204 0.0000e+00
     94.000     6.9069   3.336541    32.9359      12233     8.4943     1.9700     1.8227 0.0000e+00
     93.000     6.8541   3.330023    32.9155      12258     8.5121     1.9711     1.8244 0.0000e+00
     92.000     6.8221   3.325417    32.8961      12288     8.5324     1.9701     1.8242 0.0000e+00
     91.000     6.7960   3.322070    32.8849      12324     8.5574     1.9721     1.8247 0.0000e+00
     90.000     6.7496   3.315332    32.8557      12356     8.5800     1.9731     1.8253 0.0000e+00
     89.000     6.7064   3.308652    32.8241      12385     8.5997     1.9737     1.8262 0.0000e+00
     88.000     6.6582   3.301084    32.7874      12414     8.6202     1.9731     1.8267 0.0000e+00
     87.000     6.6153   3.294314    32.7544      12446     8.6421     1.9749     1.8278 0.0000e+00
     86.000     6.5786   3.288478    32.7256      12479     8.6653     1.9820     1.8323 0.0000e+00
     85.000     6.5534   3.283626    32.6967      12515     8.6901     1.9909     1.8388 0.0000e+00
     84.000     6.5338   3.279318    32.6683      12545     8.7113     1.9988     1.8440 0.0000e+00
     83.000     6.5256   3.277293    32.6542      12571     8.7294     2.0049     1.8483 0.0000e+00
     82.000     6.5309   3.277147    32.6481      12597     8.7473     2.0099     1.8520 0.0000e+00
     81.000     6.5345   3.277185    32.6455      12628     8.7688     2.0149     1.8586 0.0000e+00
     80.000     6.5445   3.277658    32.6417      12675     8.8013     2.0230     1.8671 0.0000e+00
     79.000     6.5636   3.278957    32.6382      12708     8.8245     2.0268     1.8698 0.0000e+00
     78.000     6.5805   3.280116    32.6354      12732     8.8407     2.0279     1.8705 0.0000e+00
     77.000     6.6029   3.281835    32.6335      12759     8.8594     2.0296     1.8725 0.0000e+00
     76.000     6.6243   3.283376    32.6305      12797     8.8858     2.0317     1.8752 0.0000e+00
     75.000     6.8084   3.296255    32.5975      12829     8.9086     2.0335     1.8758 0.0000e+00
     74.000     6.8769   3.301911    32.5949      12859     8.9294     2.0376     1.8787 0.0000e+00
     73.000     6.9129   3.305190    32.5971      12902     8.9589     2.0420     1.8841 0.0000e+00
     72.000     6.9535   3.308274    32.5928      12956     8.9963     2.0458     1.8901 0.0000e+00
     71.000     6.9934   3.310827    32.5834      12983     9.0150     2.0497     1.8925 0.0000e+00
     70.000     6.9876   3.309415    32.5740      13007     9.0321     2.0529     1.8949 0.0000e+00
     69.000     6.9192   3.300581    32.5426      13036     9.0518     2.0539     1.8974 0.0000e+00
     68.000     6.8989   3.297682    32.5306      13071     9.0765     2.0568     1.9000 0.0000e+00
     67.000     6.9011   3.295836    32.5089      13105     9.0999     2.0631     1.9040 0.0000e+00
     66.000     6.8804   3.292223    32.4894      13131     9.1179     2.0686     1.9068 0.0000e+00
     65.000     6.8303   3.285643    32.4652      13157     9.1361     2.0720     1.9093 0.0000e+00
     64.000     6.7702   3.277829    32.4368      13189     9.1585     2.0741     1.9119 0.0000e+00
     63.000     6.7036   3.268616    32.3992      13239     9.1932     2.0842     1.9208 0.0000e+00
     62.000     6.6189   3.255351    32.3338      13271     9.2153     2.0952     1.9287 0.0000e+00
     61.000     6.6487   3.256079    32.3141      13292     9.2299     2.1017     1.9339 0.0000e+00
     60.000     6.6906   3.257832    32.2944      13314     9.2449     2.1110     1.9400 0.0000e+00
     59.000     6.7269   3.259400    32.2779      13341     9.2636     2.1233     1.9512 0.0000e+00
     58.000     6.7365   3.259764    32.2733      13382     9.2923     2.1364     1.9665 0.0000e+00
     57.000     6.7734   3.260731    32.2497      13423     9.3210     2.1467     1.9772 0.0000e+00
     56.000     6.7860   3.261307    32.2447      13450     9.3395     2.1512     1.9818 0.0000e+00
     55.000     6.8416   3.264512    32.2279      13473     9.3555     2.1545     1.9849 0.0000e+00
     54.000     6.9237   3.270334    32.2151      13498     9.3730     2.1574     1.9888 0.0000e+00
     53.000     7.0371   3.278505    32.1985      13535     9.3988     2.1638     1.9956 0.0000e+00
     52.000     7.2684   3.294907    32.1615      13578     9.4282     2.1734     2.0005 0.0000e+00
     51.000     7.3561   3.302211    32.1594      13604     9.4464     2.1761     2.0052 0.0000e+00
     50.000     7.3639   3.303123    32.1624      13625     9.4610     2.1790     2.0086 0.0000e+00
     49.000     7.3847   3.304852    32.1623      13648     9.4772     2.1804     2.0114 0.0000e+00
     48.000     7.4532   3.310464    32.1597      13685     9.5031     2.1829     2.0161 0.0000e+00
     47.000     7.5576   3.318064    32.1453      13730     9.5340     2.1857     2.0190 0.0000e+00
     46.000     7.7378   3.332365    32.1326      13756     9.5519     2.1875     2.0204 0.0000e+00
     45.000     7.8191   3.339354    32.1327      13777     9.5669     2.1925     2.0231 0.0000e+00
     44.000     7.9640   3.350197    32.1155      13799     9.5821     2.1967     2.0259 0.0000e+00
     43.000     8.1927   3.369315    32.1090      13827     9.6012     2.2009     2.0282 0.0000e+00
     42.000     8.3226   3.381229    32.1166      13866     9.6287     2.2047     2.0308 0.0000e+00
     41.000     8.8650   3.421897    32.0502      13900     9.6520     2.2037     2.0300 0.0000e+00
     40.000     9.3821   3.464163    32.0224      13923     9.6683     2.2129     2.0342 0.0000e+00
     39.000     9.7108   3.493191    32.0262      13944     9.6829     2.2299     2.0419 0.0000e+00
     38.000     9.8621   3.507154    32.0340      13967     9.6983     2.2383     2.0478 0.0000e+00
     37.000     9.9681   3.516770    32.0378      13994     9.7171     2.2327     2.0496 0.0000e+00
     36.000    10.0036   3.520990    32.0495      14036     9.7468     2.2243     2.0450 0.0000e+00
     35.000    10.2518   3.540628    32.0283      14082     9.7783     2.2195     2.0415 0.0000e+00
     34.000    10.4764   3.559041    32.0154      14103     9.7930     2.2186     2.0427 0.0000e+00
     33.000    10.5734   3.567788    32.0180      14122     9.8060     2.2228     2.0457 0.0000e+00
     32.000    10.7925   3.583873    31.9865      14142     9.8199     2.2266     2.0479 0.0000e+00
     31.000    11.5096   3.644002    31.9552      14174     9.8424     2.2408     2.0525 0.0000e+00
     30.000    12.1906   3.697629    31.8905      14225     9.8778     2.2626     2.0700 0.0000e+00
     29.000    13.4043   3.793758    31.7769      14252     9.8967     2.2808     2.0820 0.0000e+00
     28.000    13.8068   3.831545    31.7936      14273     9.9111     2.3130     2.1038 0.0000e+00
     27.000    14.1169   3.857582    31.7775      14295     9.9262     2.3554     2.1334 0.0000e+00
     26.000    14.4461   3.886005    31.7670      14327     9.9485     2.4252     2.1828 0.0000e+00
     25.000    14.4576   3.889709    31.7917      14369     9.9779     2.4925     2.2515 0.0000e+00
     24.000    14.5278   3.895529    31.7875      14396     9.9963     2.5105     2.2852 0.0000e+00
     23.000    14.5438   3.897773    31.7951      14417    10.0112     2.5186     2.3035 0.0000e+00
     22.000    14.5629   3.899556    31.7961      14440    10.0271     2.5259     2.3186 0.0000e+00
     21.000    14.5864   3.902083    31.8002      14469    10.0471     2.5360     2.3327 0.0000e+00
     20.000    14.5926   3.903099    31.8046      14503    10.0711     2.5411     2.3425 0.0000e+00
     19.000    14.5770   3.901997    31.8078      14535    10.0933     2.5457     2.3484 0.0000e+00
     18.000    14.5991   3.903803    31.8065      14560    10.1105     2.5469     2.3524 0.0000e+00
     17.000    14.6045   3.904453    31.8083      14581    10.1251     2.5511     2.3566 0.0000e+00
     16.000    14.6034   3.904659    31.8115      14601    10.1391     2.5534     2.3584 0.0000e+00
     15.000    14.6086   3.905184    31.8124      14624    10.1549     2.5578     2.3625 0.0000e+00
     14.000    14.6221   3.906523    31.8139      14657    10.1779     2.5668     2.3664 0.0000e+00
     13.000    14.6233   3.906809    31.8159      14692    10.2023     2.5729     2.3719 0.0000e+00
     12.000    14.6298   3.907244    31.8149      14717    10.2193     2.5734     2.3739 0.0000e+00
     11.000    14.6519   3.909431    31.8170      14737    10.2336     2.5763     2.3736 0.0000e+00
     10.000    14.6623   3.910548    31.8189      14761    10.2497     2.5782     2.3757 0.0000e+00
      9.000    14.6963   3.913842    31.8214      14791    10.2711     2.5849     2.3841 0.0000e+00
      8.000    14.7329   3.917048    31.8209      14822    10.2921     2.5924     2.3938 0.0000e+00
      7.000    14.7462   3.918778    31.8260      14881    10.3335     2.6019     2.4031 0.0000e+00
      6.000    14.7228   3.917884    31.8375      15626    10.8508     2.6281     2.4202 0.0000e+00
      5.000    14.7305   3.918336    31.8356      15627    10.8514     2.6166     2.4191 0.0000e+00
      4.000    14.7312   3.918273    31.8349      15629    10.8528     2.6183     2.4171 0.0000e+00
