HB2407/CTD192.cnv
* Sea-Bird SBE 9 Data File:
* FileName = C:\cruise\data\CTD192.hex
* Software Version Seasave V 7.26.7.121
* Temperature SN = 4591
* Conductivity SN = 6006
* Number of Bytes Per Scan = 37
* Number of Voltage Words = 4
* Number of Scans Averaged by the Deck Unit = 1
* NMEA Latitude = 42 27.37 N
* NMEA Longitude = 066 50.00 W
* NMEA UTC (Time) = Nov 01 2024 21:58:03
* NMEA baud rate = 4800
** Ship: Bigelow HB2407
** Program:  Fall Bottom Trawl Survey
** Chief Scientist: John Galbraith
# nquan = 9
# nvalues = 654                         
# units = specified
# name 0 = depSM: Depth [salt water, m]
# name 1 = t090C: Temperature [ITS-90, deg C]
# name 2 = c0S/m: Conductivity [S/m]
# name 3 = sal00: Salinity, Practical [PSU]
# name 4 = scan: Scan Count
# name 5 = timeM: Time, Elapsed [minutes]
# name 6 = sbeox0V: Oxygen raw, SBE 43 [V]
# name 7 = sbeox1V: Oxygen raw, SBE 43, 2 [V]
# name 8 = flag: flag
# span 0 =      1.000,    328.000       
# span 1 =     6.7769,    12.4303       
# span 2 =   3.368065,   3.730162       
# span 3 =    31.9935,    34.8452       
# span 4 =        -18,      19781       
# span 5 =    -0.0130,    13.7359       
# span 6 =     1.8359,     2.5897       
# span 7 =     1.7167,     2.4209       
# span 8 = 0.0000e+00, 0.0000e+00       
# interval = meters: 1                  
# start_time = Nov 01 2024 21:58:03 [NMEA time, header]
# bad_flag = -9.990e-29
*END*
      2.000    12.4282   3.729706    32.0062        -18    -0.0130     2.5815     2.4186 0.0000e+00
      3.000    12.4272   3.729662    32.0062        246     0.1700     2.5821     2.4194 0.0000e+00
      4.000    12.4282   3.729773    32.0060        318     0.2198     2.5811     2.4192 0.0000e+00
      5.000    12.4299   3.729943    32.0058        346     0.2399     2.5812     2.4186 0.0000e+00
      6.000    12.4301   3.730025    32.0059        377     0.2613     2.5775     2.4146 0.0000e+00
      7.000    12.4300   3.730051    32.0059        412     0.2856     2.5797     2.4155 0.0000e+00
      8.000    12.4301   3.730105    32.0059        444     0.3079     2.5825     2.4203 0.0000e+00
      9.000    12.4303   3.730162    32.0059        475     0.3289     2.5815     2.4209 0.0000e+00
     10.000    12.3998   3.727784    32.0088        512     0.3550     2.5835     2.4209 0.0000e+00
     11.000    12.3755   3.725834    32.0105        551     0.3818     2.5821     2.4187 0.0000e+00
     12.000    12.3058   3.719886    32.0127        640     0.4438     2.5749     2.4114 0.0000e+00
     13.000    12.4029   3.727823    32.0052        763     0.5289     2.5773     2.4063 0.0000e+00
     14.000    12.3273   3.721890    32.0127        805     0.5582     2.5822     2.4084 0.0000e+00
     15.000    12.1391   3.707094    32.0313        834     0.5786     2.5783     2.4084 0.0000e+00
     16.000    12.0661   3.701365    32.0384        856     0.5940     2.5749     2.4070 0.0000e+00
     17.000    12.0039   3.696532    32.0448        877     0.6084     2.5697     2.4033 0.0000e+00
     18.000    11.9333   3.692638    32.0675        902     0.6254     2.5634     2.3967 0.0000e+00
     19.000    11.9121   3.691631    32.0757        941     0.6528     2.5506     2.3874 0.0000e+00
     20.000    11.9082   3.691165    32.0741        985     0.6835     2.5432     2.3790 0.0000e+00
     21.000    11.9033   3.690849    32.0748       1009     0.6997     2.5382     2.3737 0.0000e+00
     22.000    11.9023   3.690745    32.0743       1026     0.7119     2.5352     2.3706 0.0000e+00
     23.000    11.8944   3.690472    32.0780       1042     0.7231     2.5314     2.3699 0.0000e+00
     24.000    11.8682   3.689269    32.0886       1060     0.7354     2.5285     2.3708 0.0000e+00
     25.000    11.8298   3.687465    32.1039       1085     0.7526     2.5233     2.3698 0.0000e+00
     26.000    11.8038   3.686188    32.1135       1135     0.7875     2.5169     2.3640 0.0000e+00
     27.000    11.8006   3.685992    32.1139       1181     0.8196     2.5200     2.3562 0.0000e+00
     28.000    11.7869   3.685205    32.1177       1201     0.8334     2.5179     2.3535 0.0000e+00
     29.000    11.7830   3.684901    32.1177       1218     0.8448     2.5149     2.3517 0.0000e+00
     30.000    11.7650   3.683817    32.1224       1233     0.8556     2.5131     2.3500 0.0000e+00
     31.000    11.7447   3.682334    32.1251       1250     0.8673     2.5132     2.3463 0.0000e+00
     32.000    11.7136   3.679845    32.1274       1275     0.8848     2.5143     2.3457 0.0000e+00
     33.000    11.6924   3.678109    32.1285       1324     0.9187     2.5123     2.3458 0.0000e+00
     34.000    11.6716   3.676742    32.1328       1364     0.9465     2.5102     2.3431 0.0000e+00
     35.000    11.6577   3.675776    32.1351       1388     0.9629     2.5069     2.3395 0.0000e+00
     36.000    11.6433   3.674728    32.1369       1407     0.9766     2.5010     2.3369 0.0000e+00
     37.000    11.6281   3.673650    32.1391       1427     0.9900     2.4967     2.3348 0.0000e+00
     38.000    11.4887   3.665359    32.1790       1448     1.0050     2.4944     2.3327 0.0000e+00
     39.000    10.6507   3.607132    32.3394       1472     1.0218     2.4927     2.3312 0.0000e+00
     40.000    10.5030   3.593334    32.3322       1502     1.0422     2.4606     2.3135 0.0000e+00
     41.000    10.4987   3.591790    32.3202       1551     1.0766     2.4194     2.2801 0.0000e+00
     42.000    10.4951   3.591236    32.3174       1587     1.1016     2.4131     2.2638 0.0000e+00
     43.000    10.4908   3.590877    32.3172       1604     1.1134     2.4105     2.2612 0.0000e+00
     44.000    10.3908   3.584194    32.3386       1620     1.1241     2.4085     2.2588 0.0000e+00
     45.000    10.3285   3.579384    32.3453       1636     1.1351     2.4055     2.2548 0.0000e+00
     46.000    10.1922   3.569326    32.3653       1655     1.1483     2.4017     2.2497 0.0000e+00
     47.000    10.1349   3.564514    32.3674       1690     1.1728     2.3896     2.2425 0.0000e+00
     48.000    10.0918   3.560604    32.3661       1748     1.2135     2.3781     2.2299 0.0000e+00
     49.000    10.0073   3.553953    32.3740       1776     1.2324     2.3773     2.2255 0.0000e+00
     50.000     9.9708   3.551030    32.3767       1794     1.2453     2.3772     2.2204 0.0000e+00
     51.000     9.9354   3.548052    32.3777       1811     1.2572     2.3765     2.2180 0.0000e+00
     52.000     9.9233   3.546919    32.3766       1829     1.2697     2.3745     2.2164 0.0000e+00
     53.000     9.8998   3.544809    32.3759       1851     1.2849     2.3698     2.2140 0.0000e+00
     54.000     9.8465   3.540295    32.3774       1886     1.3089     2.3652     2.2128 0.0000e+00
     55.000     9.6721   3.526363    32.3920       1936     1.3437     2.3615     2.2098 0.0000e+00
     56.000     9.6234   3.522675    32.3977       1966     1.3647     2.3571     2.2055 0.0000e+00
     57.000     9.6062   3.521387    32.3997       1986     1.3783     2.3543     2.2031 0.0000e+00
     58.000     9.5311   3.515975    32.4117       2004     1.3908     2.3511     2.2018 0.0000e+00
     59.000     9.4871   3.512770    32.4181       2024     1.4051     2.3478     2.1988 0.0000e+00
     60.000     9.4351   3.508861    32.4246       2053     1.4247     2.3432     2.1947 0.0000e+00
     61.000     9.3720   3.503756    32.4289       2090     1.4505     2.3402     2.1907 0.0000e+00
     62.000     9.2522   3.495188    32.4489       2130     1.4783     2.3395     2.1878 0.0000e+00
     63.000     9.1557   3.488885    32.4712       2160     1.4992     2.3343     2.1845 0.0000e+00
     64.000     9.1047   3.485561    32.4828       2183     1.5150     2.3306     2.1813 0.0000e+00
     65.000     9.0461   3.481553    32.4942       2205     1.5306     2.3287     2.1767 0.0000e+00
     66.000     8.8722   3.470340    32.5364       2230     1.5477     2.3251     2.1733 0.0000e+00
     67.000     8.5879   3.451913    32.6049       2256     1.5661     2.3195     2.1701 0.0000e+00
     68.000     8.1390   3.424331    32.7298       2285     1.5860     2.3061     2.1628 0.0000e+00
     69.000     8.0465   3.418413    32.7529       2322     1.6115     2.2878     2.1506 0.0000e+00
     70.000     7.9969   3.415384    32.7666       2360     1.6381     2.2832     2.1406 0.0000e+00
     71.000     7.9705   3.413986    32.7760       2385     1.6554     2.2830     2.1381 0.0000e+00
     72.000     7.9015   3.410749    32.8057       2406     1.6705     2.2818     2.1359 0.0000e+00
     73.000     7.8610   3.408681    32.8212       2433     1.6887     2.2799     2.1332 0.0000e+00
     74.000     7.8224   3.406730    32.8362       2466     1.7121     2.2762     2.1286 0.0000e+00
     75.000     7.7988   3.405419    32.8438       2496     1.7326     2.2747     2.1254 0.0000e+00
     76.000     7.7815   3.404686    32.8518       2519     1.7488     2.2731     2.1237 0.0000e+00
     77.000     7.7768   3.404451    32.8533       2543     1.7654     2.2696     2.1206 0.0000e+00
     78.000     7.7593   3.403615    32.8603       2576     1.7880     2.2671     2.1188 0.0000e+00
     79.000     7.7239   3.401841    32.8742       2614     1.8144     2.2634     2.1173 0.0000e+00
     80.000     7.6793   3.399661    32.8924       2644     1.8353     2.2590     2.1153 0.0000e+00
     81.000     7.6444   3.397939    32.9064       2670     1.8532     2.2564     2.1131 0.0000e+00
     82.000     7.5938   3.395317    32.9256       2694     1.8699     2.2561     2.1112 0.0000e+00
     83.000     7.3763   3.385356    33.0243       2717     1.8864     2.2536     2.1092 0.0000e+00
     84.000     7.2958   3.383200    33.0772       2744     1.9048     2.2468     2.1030 0.0000e+00
     85.000     7.2391   3.383500    33.1343       2778     1.9282     2.2427     2.0969 0.0000e+00
     86.000     7.1950   3.383471    33.1758       2813     1.9525     2.2400     2.0927 0.0000e+00
     87.000     7.1229   3.380382    33.2110       2839     1.9708     2.2349     2.0907 0.0000e+00
     88.000     7.0261   3.375637    33.2519       2862     1.9866     2.2299     2.0882 0.0000e+00
     89.000     6.9696   3.372219    33.2687       2886     2.0034     2.2243     2.0842 0.0000e+00
     90.000     6.9433   3.370855    33.2787       2920     2.0268     2.2225     2.0810 0.0000e+00
     91.000     6.9295   3.370520    33.2878       2958     2.0537     2.2247     2.0812 0.0000e+00
     92.000     6.9165   3.370618    33.3010       2984     2.0712     2.2270     2.0816 0.0000e+00
     93.000     6.9041   3.370503    33.3113       3005     2.0858     2.2280     2.0820 0.0000e+00
     94.000     6.8914   3.370105    33.3187       3028     2.1018     2.2267     2.0809 0.0000e+00
     95.000     6.8689   3.369452    33.3329       3056     2.1214     2.2262     2.0803 0.0000e+00
     96.000     6.8689   3.370292    33.3416       3085     2.1417     2.2261     2.0806 0.0000e+00
     97.000     6.8705   3.371229    33.3499       3113     2.1608     2.2273     2.0805 0.0000e+00
     98.000     6.8723   3.371741    33.3533       3146     2.1838     2.2282     2.0803 0.0000e+00
     99.000     6.8677   3.371552    33.3552       3181     2.2080     2.2268     2.0803 0.0000e+00
    100.000     6.8568   3.372007    33.3702       3206     2.2259     2.2251     2.0793 0.0000e+00
    101.000     6.8823   3.376109    33.3900       3230     2.2422     2.2243     2.0780 0.0000e+00
    102.000     6.8625   3.374993    33.3965       3256     2.2601     2.2236     2.0774 0.0000e+00
    103.000     6.8458   3.373743    33.3985       3285     2.2805     2.2228     2.0760 0.0000e+00
    104.000     6.8296   3.372569    33.4009       3312     2.2995     2.2220     2.0757 0.0000e+00
    105.000     6.8226   3.372185    33.4030       3339     2.3181     2.2205     2.0756 0.0000e+00
    106.000     6.8137   3.371749    33.4064       3370     2.3393     2.2193     2.0745 0.0000e+00
    107.000     6.7956   3.370289    33.4074       3401     2.3613     2.2196     2.0734 0.0000e+00
    108.000     6.7769   3.370401    33.4264       3429     2.3804     2.2190     2.0717 0.0000e+00
    109.000     6.7791   3.372527    33.4471       3454     2.3980     2.2177     2.0718 0.0000e+00
    110.000     6.7979   3.376001    33.4666       3484     2.4184     2.2171     2.0727 0.0000e+00
    111.000     6.8347   3.387059    33.5519       3516     2.4408     2.2179     2.0742 0.0000e+00
    112.000     6.8750   3.394479    33.5936       3540     2.4574     2.2183     2.0746 0.0000e+00
    113.000     6.9047   3.398969    33.6133       3559     2.4709     2.2160     2.0735 0.0000e+00
    114.000     6.9517   3.405967    33.6438       3581     2.4860     2.2123     2.0704 0.0000e+00
    115.000     6.9861   3.410956    33.6643       3624     2.5163     2.2045     2.0620 0.0000e+00
    116.000     7.0208   3.415622    33.6810       3665     2.5447     2.1952     2.0552 0.0000e+00
    117.000     7.2438   3.445749    33.7916       3685     2.5580     2.1922     2.0520 0.0000e+00
    118.000     7.3276   3.457093    33.8328       3701     2.5695     2.1928     2.0513 0.0000e+00
    119.000     7.3921   3.465631    33.8620       3718     2.5814     2.1951     2.0524 0.0000e+00
    120.000     7.4786   3.477566    33.9065       3741     2.5975     2.1924     2.0501 0.0000e+00
    121.000     7.5738   3.490152    33.9493       3785     2.6278     2.1817     2.0394 0.0000e+00
    122.000     7.6390   3.499039    33.9812       3824     2.6552     2.1726     2.0306 0.0000e+00
    123.000     7.6795   3.504173    33.9965       3847     2.6711     2.1686     2.0265 0.0000e+00
    124.000     7.7093   3.508158    34.0099       3868     2.6856     2.1661     2.0237 0.0000e+00
    125.000     7.7177   3.509514    34.0158       3890     2.7004     2.1630     2.0201 0.0000e+00
    126.000     7.7277   3.511032    34.0219       3913     2.7166     2.1589     2.0155 0.0000e+00
    127.000     7.7621   3.515866    34.0400       3939     2.7346     2.1538     2.0114 0.0000e+00
    128.000     7.8953   3.533708    34.1012       3968     2.7551     2.1514     2.0086 0.0000e+00
    129.000     7.9471   3.540603    34.1241       4001     2.7775     2.1519     2.0085 0.0000e+00
    130.000     7.9768   3.544784    34.1395       4031     2.7989     2.1463     2.0060 0.0000e+00
    131.000     7.9976   3.547704    34.1500       4059     2.8178     2.1383     2.0012 0.0000e+00
    132.000     8.0307   3.552286    34.1662       4084     2.8355     2.1323     1.9969 0.0000e+00
    133.000     8.0532   3.555659    34.1799       4109     2.8529     2.1287     1.9929 0.0000e+00
    134.000     8.0841   3.559964    34.1953       4135     2.8707     2.1252     1.9884 0.0000e+00
    135.000     8.1576   3.569779    34.2279       4159     2.8877     2.1242     1.9851 0.0000e+00
    136.000     8.2177   3.577834    34.2546       4182     2.9036     2.1229     1.9845 0.0000e+00
    137.000     8.2983   3.589454    34.2992       4208     2.9212     2.1205     1.9819 0.0000e+00
    138.000     8.3338   3.594886    34.3219       4241     2.9444     2.1137     1.9746 0.0000e+00
    139.000     8.3382   3.595662    34.3254       4277     2.9692     2.1056     1.9655 0.0000e+00
    140.000     8.3402   3.596026    34.3269       4304     2.9882     2.0977     1.9582 0.0000e+00
    141.000     8.3410   3.596270    34.3282       4326     3.0032     2.0927     1.9540 0.0000e+00
    142.000     8.3461   3.596996    34.3304       4345     3.0168     2.0897     1.9518 0.0000e+00
    143.000     8.3932   3.602150    34.3387       4366     3.0310     2.0871     1.9498 0.0000e+00
    144.000     8.4265   3.606261    34.3494       4393     3.0501     2.0860     1.9491 0.0000e+00
    145.000     8.4650   3.611184    34.3636       4437     3.0805     2.0875     1.9491 0.0000e+00
    146.000     8.4900   3.614353    34.3723       4475     3.1069     2.0855     1.9480 0.0000e+00
    147.000     8.5369   3.620287    34.3890       4496     3.1217     2.0856     1.9473 0.0000e+00
    148.000     8.5460   3.621816    34.3958       4513     3.1335     2.0855     1.9463 0.0000e+00
    149.000     8.5519   3.622920    34.4013       4530     3.1450     2.0853     1.9461 0.0000e+00
    150.000     8.5513   3.623202    34.4043       4550     3.1591     2.0824     1.9446 0.0000e+00
    151.000     8.5503   3.623432    34.4073       4585     3.1837     2.0751     1.9404 0.0000e+00
    152.000     8.5483   3.623610    34.4106       4633     3.2164     2.0685     1.9386 0.0000e+00
    153.000     8.5468   3.623673    34.4122       4660     3.2353     2.0677     1.9366 0.0000e+00
    154.000     8.5464   3.623770    34.4132       4679     3.2486     2.0666     1.9349 0.0000e+00
    155.000     8.5469   3.623977    34.4145       4697     3.2613     2.0660     1.9334 0.0000e+00
    156.000     8.5497   3.624643    34.4183       4719     3.2766     2.0667     1.9331 0.0000e+00
    157.000     8.5531   3.625994    34.4287       4753     3.3003     2.0659     1.9315 0.0000e+00
    158.000     8.5508   3.626160    34.4323       4788     3.3244     2.0653     1.9289 0.0000e+00
    159.000     8.5722   3.629812    34.4495       4811     3.3401     2.0638     1.9278 0.0000e+00
    160.000     8.6267   3.637729    34.4795       4831     3.3543     2.0620     1.9272 0.0000e+00
    161.000     8.6696   3.643165    34.4946       4857     3.3724     2.0621     1.9258 0.0000e+00
