HB2407/CTD153.cnv
* Sea-Bird SBE 9 Data File:
* FileName = C:\cruise\data\CTD153.hex
* Software Version Seasave V 7.26.7.121
* Temperature SN = 4591
* Conductivity SN = 6006
* Number of Bytes Per Scan = 37
* Number of Voltage Words = 4
* Number of Scans Averaged by the Deck Unit = 1
* NMEA Latitude = 41 45.38 N
* NMEA Longitude = 069 02.93 W
* NMEA UTC (Time) = Oct 15 2024 19:52:24
* NMEA baud rate = 4800
** Ship: Bigelow HB2407
** Program:  Fall Bottom Trawl Survey
** Chief Scientist: John Galbraith
# nquan = 9
# nvalues = 329                         
# units = specified
# name 0 = depSM: Depth [salt water, m]
# name 1 = t090C: Temperature [ITS-90, deg C]
# name 2 = c0S/m: Conductivity [S/m]
# name 3 = sal00: Salinity, Practical [PSU]
# name 4 = scan: Scan Count
# name 5 = timeM: Time, Elapsed [minutes]
# name 6 = sbeox0V: Oxygen raw, SBE 43 [V]
# name 7 = sbeox1V: Oxygen raw, SBE 43, 2 [V]
# name 8 = flag: flag
# span 0 =      2.000,    166.000       
# span 1 =     6.5628,    15.5220       
# span 2 =   3.283453,   3.985517       
# span 3 =    31.7412,    33.5381       
# span 4 =         12,      10904       
# span 5 =     0.0078,     7.5712       
# span 6 =     1.6678,     2.5908       
# span 7 =     1.5421,     2.3929       
# span 8 = 0.0000e+00, 0.0000e+00       
# interval = meters: 1                  
# start_time = Oct 15 2024 19:52:24 [NMEA time, header]
# bad_flag = -9.990e-29
*END*
      2.000    15.5157   3.984476    31.7920         12     0.0078     2.5836     2.3892 0.0000e+00
      3.000    15.5146   3.984423    31.7920         43     0.0289     2.5865     2.3915 0.0000e+00
      4.000    15.5161   3.984521    31.7913        209     0.1445     2.5852     2.3880 0.0000e+00
      5.000    15.5181   3.984791    31.7918        306     0.2117     2.5876     2.3849 0.0000e+00
      6.000    15.5205   3.985099    31.7922        324     0.2243     2.5853     2.3849 0.0000e+00
      7.000    15.5210   3.985146    31.7919        342     0.2368     2.5866     2.3866 0.0000e+00
      8.000    15.5212   3.985233    31.7921        363     0.2510     2.5865     2.3884 0.0000e+00
      9.000    15.5213   3.985277    31.7920        397     0.2750     2.5822     2.3903 0.0000e+00
     10.000    15.5209   3.985288    31.7921        441     0.3058     2.5876     2.3929 0.0000e+00
     11.000    15.5214   3.985355    31.7918        470     0.3255     2.5884     2.3906 0.0000e+00
     12.000    15.5211   3.985415    31.7922        497     0.3441     2.5898     2.3904 0.0000e+00
     13.000    15.5220   3.985517    31.7921        528     0.3657     2.5873     2.3880 0.0000e+00
     14.000    15.5212   3.985498    31.7922        634     0.4397     2.5816     2.3845 0.0000e+00
     15.000    15.5199   3.985398    31.7920        723     0.5011     2.5803     2.3852 0.0000e+00
     16.000    15.5199   3.985418    31.7918        761     0.5278     2.5783     2.3860 0.0000e+00
     17.000    15.5187   3.985396    31.7922        788     0.5465     2.5771     2.3846 0.0000e+00
     18.000    15.5128   3.985049    31.7935        809     0.5613     2.5796     2.3839 0.0000e+00
     19.000    15.5040   3.984467    31.7950        832     0.5770     2.5791     2.3833 0.0000e+00
     20.000    15.4546   3.980731    31.8013        864     0.5993     2.5770     2.3823 0.0000e+00
     21.000    15.2959   3.968655    31.8216        899     0.6233     2.5705     2.3759 0.0000e+00
     22.000    15.0115   3.946389    31.8528        923     0.6404     2.5581     2.3686 0.0000e+00
     23.000    14.7708   3.926057    31.8656        947     0.6569     2.5387     2.3531 0.0000e+00
     24.000    14.6827   3.917975    31.8642        979     0.6792     2.5022     2.3232 0.0000e+00
     25.000    14.5506   3.907065    31.8732       1017     0.7055     2.4697     2.2937 0.0000e+00
     26.000    14.3100   3.888514    31.9018       1039     0.7211     2.4578     2.2829 0.0000e+00
     27.000    14.1742   3.877010    31.9083       1057     0.7336     2.4473     2.2745 0.0000e+00
     28.000    14.1119   3.871770    31.9114       1076     0.7463     2.4348     2.2638 0.0000e+00
     29.000    13.9153   3.856013    31.9291       1101     0.7642     2.4235     2.2502 0.0000e+00
     30.000    13.6089   3.830693    31.9496       1142     0.7926     2.3979     2.2280 0.0000e+00
     31.000    13.3750   3.811690    31.9680       1177     0.8170     2.3779     2.2072 0.0000e+00
     32.000    12.9522   3.777968    32.0071       1204     0.8351     2.3624     2.1934 0.0000e+00
     33.000    12.4929   3.740425    32.0407       1228     0.8521     2.3416     2.1780 0.0000e+00
     34.000    12.2183   3.717807    32.0586       1253     0.8697     2.3150     2.1580 0.0000e+00
     35.000    11.5263   3.664435    32.1385       1278     0.8865     2.2920     2.1394 0.0000e+00
     36.000    11.2805   3.642429    32.1366       1300     0.9023     2.2654     2.1184 0.0000e+00
     37.000    11.1160   3.628648    32.1442       1326     0.9199     2.2417     2.0974 0.0000e+00
     38.000    10.3324   3.564128    32.1916       1360     0.9438     2.2239     2.0800 0.0000e+00
     39.000     9.9556   3.532043    32.2027       1394     0.9673     2.1988     2.0579 0.0000e+00
     40.000     9.6680   3.507944    32.2144       1421     0.9861     2.1898     2.0466 0.0000e+00
     41.000     9.5194   3.494773    32.2126       1447     1.0044     2.1839     2.0381 0.0000e+00
     42.000     9.4102   3.485121    32.2114       1473     1.0222     2.1824     2.0326 0.0000e+00
     43.000     9.2167   3.469589    32.2256       1497     1.0386     2.1833     2.0307 0.0000e+00
     44.000     9.0185   3.452426    32.2269       1520     1.0550     2.1820     2.0272 0.0000e+00
     45.000     8.8717   3.439013    32.2204       1548     1.0740     2.1790     2.0225 0.0000e+00
     46.000     8.5987   3.416863    32.2371       1579     1.0958     2.1756     2.0173 0.0000e+00
     47.000     7.8771   3.359103    32.2890       1610     1.1174     2.1700     2.0136 0.0000e+00
     48.000     7.6408   3.343862    32.3446       1639     1.1374     2.1567     2.0055 0.0000e+00
     49.000     7.5239   3.334408    32.3513       1667     1.1570     2.1538     2.0018 0.0000e+00
     50.000     7.4347   3.328634    32.3719       1694     1.1757     2.1501     1.9979 0.0000e+00
     51.000     7.3261   3.322174    32.4031       1719     1.1928     2.1460     1.9936 0.0000e+00
     52.000     7.2809   3.318443    32.4045       1742     1.2088     2.1424     1.9876 0.0000e+00
     53.000     7.2479   3.315348    32.4015       1765     1.2250     2.1379     1.9825 0.0000e+00
     54.000     7.2032   3.311695    32.4033       1791     1.2432     2.1350     1.9767 0.0000e+00
     55.000     7.1157   3.304295    32.4045       1824     1.2657     2.1317     1.9720 0.0000e+00
     56.000     6.9848   3.293212    32.4065       1860     1.2909     2.1290     1.9672 0.0000e+00
     57.000     6.8819   3.284001    32.4024       1889     1.3109     2.1252     1.9643 0.0000e+00
     58.000     6.8903   3.285158    32.4066       1910     1.3260     2.1224     1.9626 0.0000e+00
     59.000     6.8964   3.286724    32.4175       1930     1.3398     2.1227     1.9627 0.0000e+00
     60.000     6.8944   3.287040    32.4223       1952     1.3551     2.1241     1.9637 0.0000e+00
     61.000     6.9017   3.288258    32.4283       1982     1.3757     2.1245     1.9646 0.0000e+00
     62.000     6.9268   3.291348    32.4379       2021     1.4025     2.1234     1.9633 0.0000e+00
     63.000     6.9296   3.292331    32.4456       2053     1.4248     2.1194     1.9604 0.0000e+00
     64.000     6.9118   3.292153    32.4599       2076     1.4413     2.1176     1.9570 0.0000e+00
     65.000     6.8804   3.292544    32.4934       2095     1.4543     2.1151     1.9542 0.0000e+00
     66.000     6.7959   3.287689    32.5197       2114     1.4673     2.1117     1.9520 0.0000e+00
     67.000     6.8251   3.291488    32.5332       2139     1.4847     2.1047     1.9468 0.0000e+00
     68.000     6.8292   3.292198    32.5366       2184     1.5158     2.0924     1.9350 0.0000e+00
     69.000     6.8031   3.290587    32.5432       2220     1.5408     2.0856     1.9254 0.0000e+00
     70.000     6.7752   3.288854    32.5501       2239     1.5539     2.0819     1.9223 0.0000e+00
     71.000     6.7463   3.287047    32.5573       2255     1.5655     2.0792     1.9200 0.0000e+00
     72.000     6.7381   3.286985    32.5639       2274     1.5788     2.0762     1.9171 0.0000e+00
     73.000     6.7361   3.286934    32.5648       2308     1.6022     2.0717     1.9136 0.0000e+00
     74.000     6.7345   3.286734    32.5636       2353     1.6334     2.0698     1.9117 0.0000e+00
     75.000     6.7278   3.286299    32.5647       2376     1.6494     2.0694     1.9117 0.0000e+00
     76.000     6.7177   3.287058    32.5822       2395     1.6625     2.0694     1.9109 0.0000e+00
     77.000     6.7070   3.287425    32.5959       2415     1.6764     2.0693     1.9092 0.0000e+00
     78.000     6.6916   3.288274    32.6194       2442     1.6949     2.0668     1.9081 0.0000e+00
     79.000     6.6251   3.285668    32.6536       2481     1.7224     2.0626     1.9048 0.0000e+00
     80.000     6.5997   3.285547    32.6760       2516     1.7466     2.0572     1.9014 0.0000e+00
     81.000     6.6046   3.286763    32.6843       2539     1.7623     2.0522     1.8988 0.0000e+00
     82.000     6.6047   3.286798    32.6840       2558     1.7758     2.0475     1.8951 0.0000e+00
     83.000     6.6046   3.286719    32.6828       2579     1.7900     2.0426     1.8902 0.0000e+00
     84.000     6.6041   3.286615    32.6816       2604     1.8077     2.0374     1.8844 0.0000e+00
     85.000     6.6031   3.286565    32.6816       2637     1.8308     2.0348     1.8797 0.0000e+00
     86.000     6.5980   3.287204    32.6931       2676     1.8574     2.0340     1.8761 0.0000e+00
     87.000     6.5628   3.286430    32.7177       2704     1.8773     2.0322     1.8747 0.0000e+00
     88.000     6.5714   3.289003    32.7374       2725     1.8916     2.0288     1.8740 0.0000e+00
     89.000     6.5982   3.292966    32.7549       2746     1.9060     2.0247     1.8719 0.0000e+00
     90.000     6.6189   3.294989    32.7569       2773     1.9251     2.0164     1.8648 0.0000e+00
     91.000     6.6701   3.300653    32.7698       2807     1.9489     2.0019     1.8509 0.0000e+00
     92.000     6.6222   3.297658    32.7822       2834     1.9672     1.9939     1.8415 0.0000e+00
     93.000     6.6115   3.296814    32.7827       2857     1.9830     1.9885     1.8354 0.0000e+00
     94.000     6.6216   3.298019    32.7858       2882     2.0010     1.9816     1.8291 0.0000e+00
     95.000     6.7184   3.308119    32.8039       2913     2.0223     1.9736     1.8223 0.0000e+00
     96.000     6.6850   3.307448    32.8280       2944     2.0439     1.9699     1.8173 0.0000e+00
     97.000     6.6184   3.302750    32.8396       2972     2.0629     1.9658     1.8129 0.0000e+00
     98.000     6.6381   3.305759    32.8533       2995     2.0792     1.9590     1.8089 0.0000e+00
     99.000     6.7590   3.320874    32.9033       3017     2.0948     1.9527     1.8048 0.0000e+00
    100.000     6.7788   3.326471    32.9453       3042     2.1119     1.9449     1.7983 0.0000e+00
    101.000     6.7770   3.327996    32.9633       3074     2.1342     1.9360     1.7886 0.0000e+00
    102.000     6.7785   3.329222    32.9749       3110     2.1593     1.9236     1.7785 0.0000e+00
    103.000     6.7829   3.330117    32.9800       3137     2.1780     1.9132     1.7704 0.0000e+00
    104.000     6.7939   3.331452    32.9835       3157     2.1917     1.9075     1.7645 0.0000e+00
    105.000     6.8033   3.333308    32.9944       3176     2.2049     1.9027     1.7599 0.0000e+00
    106.000     6.7777   3.331951    33.0037       3202     2.2229     1.8978     1.7553 0.0000e+00
    107.000     6.7723   3.332520    33.0146       3246     2.2534     1.8907     1.7492 0.0000e+00
    108.000     6.7806   3.334127    33.0238       3275     2.2737     1.8849     1.7428 0.0000e+00
    109.000     6.7897   3.335817    33.0331       3295     2.2872     1.8821     1.7392 0.0000e+00
    110.000     6.7999   3.337634    33.0429       3314     2.3008     1.8793     1.7355 0.0000e+00
    111.000     6.8076   3.338992    33.0498       3338     2.3173     1.8759     1.7318 0.0000e+00
    112.000     6.8254   3.342046    33.0658       3369     2.3387     1.8698     1.7271 0.0000e+00
    113.000     6.8474   3.345959    33.0870       3410     2.3676     1.8652     1.7209 0.0000e+00
    114.000     6.8675   3.349246    33.1033       3441     2.3889     1.8594     1.7165 0.0000e+00
    115.000     6.9028   3.355328    33.1355       3459     2.4016     1.8560     1.7149 0.0000e+00
    116.000     6.9303   3.359902    33.1585       3476     2.4131     1.8539     1.7131 0.0000e+00
    117.000     6.9602   3.364905    33.1841       3499     2.4289     1.8492     1.7108 0.0000e+00
    118.000     6.9751   3.367744    33.2003       3549     2.4642     1.8344     1.7002 0.0000e+00
    119.000     6.9773   3.368162    33.2022       3577     2.4831     1.8257     1.6916 0.0000e+00
    120.000     6.9802   3.368720    33.2051       3592     2.4938     1.8218     1.6869 0.0000e+00
    121.000     6.9816   3.369019    33.2065       3607     2.5044     1.8185     1.6833 0.0000e+00
    122.000     6.9840   3.369452    33.2085       3630     2.5198     1.8147     1.6804 0.0000e+00
    123.000     6.9853   3.369779    33.2103       3705     2.5725     1.8084     1.6739 0.0000e+00
    124.000     6.9918   3.370868    33.2155       3723     2.5848     1.8097     1.6739 0.0000e+00
    125.000     6.9980   3.371948    33.2209       3736     2.5941     1.8100     1.6737 0.0000e+00
    126.000     7.0044   3.373124    33.2270       3749     2.6030     1.8098     1.6730 0.0000e+00
    127.000     7.0236   3.376174    33.2413       3764     2.6130     1.8088     1.6725 0.0000e+00
    128.000     7.0533   3.381547    33.2709       3808     2.6437     1.8052     1.6695 0.0000e+00
    129.000     7.0896   3.388070    33.3067       3865     2.6832     1.7996     1.6633 0.0000e+00
    130.000     7.1087   3.391706    33.3274       3878     2.6925     1.7980     1.6626 0.0000e+00
    131.000     7.1211   3.393973    33.3396       3892     2.7022     1.7964     1.6616 0.0000e+00
    132.000     7.1402   3.397318    33.3572       3909     2.7135     1.7930     1.6597 0.0000e+00
    133.000     7.1650   3.401889    33.3826       3950     2.7422     1.7843     1.6523 0.0000e+00
    134.000     7.1984   3.407374    33.4096       3995     2.7735     1.7737     1.6424 0.0000e+00
    135.000     7.2372   3.413644    33.4398       4011     2.7848     1.7699     1.6389 0.0000e+00
    136.000     7.2497   3.415984    33.4527       4027     2.7957     1.7664     1.6347 0.0000e+00
    137.000     7.2623   3.418174    33.4638       4047     2.8095     1.7611     1.6293 0.0000e+00
    138.000     7.2777   3.420946    33.4786       4095     2.8431     1.7410     1.6115 0.0000e+00
    139.000     7.2818   3.421705    33.4824       4138     2.8732     1.7225     1.5941 0.0000e+00
    140.000     7.2847   3.422254    33.4851       4157     2.8862     1.7159     1.5883 0.0000e+00
    141.000     7.2864   3.422568    33.4864       4173     2.8972     1.7111     1.5843 0.0000e+00
    142.000     7.2887   3.423001    33.4884       4189     2.9083     1.7081     1.5806 0.0000e+00
    143.000     7.2898   3.423274    33.4898       4210     2.9232     1.7032     1.5761 0.0000e+00
    144.000     7.2906   3.423498    33.4910       4253     2.9530     1.6960     1.5701 0.0000e+00
    145.000     7.2926   3.423898    33.4929       4291     2.9794     1.6951     1.5666 0.0000e+00
    146.000     7.2934   3.424098    33.4938       4317     2.9974     1.6944     1.5655 0.0000e+00
    147.000     7.2944   3.424310    33.4946       4344     3.0158     1.6930     1.5647 0.0000e+00
    148.000     7.2954   3.424529    33.4956       4369     3.0330     1.6907     1.5634 0.0000e+00
    149.000     7.2961   3.424695    33.4963       4392     3.0496     1.6882     1.5624 0.0000e+00
    150.000     7.2981   3.425106    33.4983       4419     3.0684     1.6871     1.5613 0.0000e+00
    151.000     7.3009   3.425627    33.5008       4453     3.0918     1.6867     1.5610 0.0000e+00
    152.000     7.3024   3.425937    33.5021       4485     3.1136     1.6866     1.5598 0.0000e+00
    153.000     7.3050   3.426413    33.5043       4510     3.1311     1.6852     1.5584 0.0000e+00
    154.000     7.3069   3.426779    33.5060       4534     3.1477     1.6827     1.5575 0.0000e+00
    155.000     7.3085   3.427113    33.5076       4567     3.1708     1.6810     1.5554 0.0000e+00
    156.000     7.3097   3.427380    33.5088       4610     3.2009     1.6799     1.5539 0.0000e+00
    157.000     7.3134   3.428006    33.5116       4631     3.2152     1.6785     1.5550 0.0000e+00
    158.000     7.3179   3.428801    33.5154       4646     3.2258     1.6776     1.5547 0.0000e+00
    159.000     7.3202   3.429265    33.5177       4662     3.2366     1.6781     1.5543 0.0000e+00
    160.000     7.3234   3.429866    33.5207       4701     3.2636     1.6778     1.5530 0.0000e+00
    161.000     7.3290   3.430889    33.5259       4767     3.3098     1.6782     1.5503 0.0000e+00
