HB2407/CTD144.cnv
* Sea-Bird SBE 9 Data File:
* FileName = C:\cruise\data\CTD144.hex
* Software Version Seasave V 7.26.7.121
* Temperature SN = 4591
* Conductivity SN = 6006
* Number of Bytes Per Scan = 37
* Number of Voltage Words = 4
* Number of Scans Averaged by the Deck Unit = 1
* NMEA Latitude = 41 03.29 N
* NMEA Longitude = 069 00.39 W
* NMEA UTC (Time) = Oct 14 2024 04:50:53
* NMEA baud rate = 4800
** Ship: Bigelow HB2407
** Program:  Fall Bottom Trawl Survey
** Chief Scientist: John Galbraith
# nquan = 9
# nvalues = 161                         
# units = specified
# name 0 = depSM: Depth [salt water, m]
# name 1 = t090C: Temperature [ITS-90, deg C]
# name 2 = c0S/m: Conductivity [S/m]
# name 3 = sal00: Salinity, Practical [PSU]
# name 4 = scan: Scan Count
# name 5 = timeM: Time, Elapsed [minutes]
# name 6 = sbeox0V: Oxygen raw, SBE 43 [V]
# name 7 = sbeox1V: Oxygen raw, SBE 43, 2 [V]
# name 8 = flag: flag
# span 0 =      3.000,     83.000       
# span 1 =    10.5990,    15.4261       
# span 2 =   3.596100,   3.993892       
# span 3 =    31.8975,    32.2681       
# span 4 =       -172,       5254       
# span 5 =    -0.1199,     3.6483       
# span 6 =     2.1215,     2.5623       
# span 7 =     1.9620,     2.3676       
# span 8 = 0.0000e+00, 0.0000e+00       
# interval = meters: 1                  
# start_time = Oct 14 2024 04:50:53 [NMEA time, header]
# bad_flag = -9.990e-29
*END*
      3.000    15.4179   3.992981    31.9466       -172    -0.1199     2.5548     2.3648 0.0000e+00
      4.000    15.4237   3.993472    31.9459        614     0.4256     2.5623     2.3676 0.0000e+00
      5.000    15.4236   3.993534    31.9461        585     0.4054     2.5618     2.3656 0.0000e+00
      6.000    15.4254   3.993736    31.9461        608     0.4214     2.5583     2.3646 0.0000e+00
      7.000    15.4253   3.993777    31.9462        650     0.4507     2.5585     2.3598 0.0000e+00
      8.000    15.4261   3.993892    31.9462        687     0.4766     2.5578     2.3618 0.0000e+00
      9.000    15.4238   3.993766    31.9465        707     0.4906     2.5562     2.3644 0.0000e+00
     10.000    15.4035   3.992148    31.9482        727     0.5041     2.5572     2.3669 0.0000e+00
     11.000    15.3639   3.988673    31.9491        751     0.5212     2.5573     2.3674 0.0000e+00
     12.000    15.1234   3.968114    31.9605        783     0.5430     2.5540     2.3646 0.0000e+00
     13.000    14.9954   3.955338    31.9499        812     0.5633     2.5457     2.3554 0.0000e+00
     14.000    14.8138   3.939470    31.9551        836     0.5798     2.5346     2.3422 0.0000e+00
     15.000    14.7671   3.934122    31.9447        863     0.5983     2.5160     2.3270 0.0000e+00
     16.000    14.6511   3.925312    31.9598        898     0.6231     2.4967     2.3109 0.0000e+00
     17.000    14.2499   3.893880    32.0041        927     0.6433     2.4820     2.2979 0.0000e+00
     18.000    14.0489   3.878627    32.0305        949     0.6582     2.4604     2.2833 0.0000e+00
     19.000    13.9703   3.871857    32.0332        971     0.6739     2.4288     2.2614 0.0000e+00
     20.000    13.9487   3.869998    32.0337        999     0.6932     2.3867     2.2239 0.0000e+00
     21.000    13.9246   3.868160    32.0364       1029     0.7140     2.3537     2.1898 0.0000e+00
     22.000    13.8842   3.865446    32.0447       1056     0.7326     2.3371     2.1708 0.0000e+00
     23.000    13.8226   3.861117    32.0558       1083     0.7511     2.3252     2.1564 0.0000e+00
     24.000    13.7762   3.857844    32.0638       1111     0.7709     2.3155     2.1426 0.0000e+00
     25.000    13.7289   3.854579    32.0728       1138     0.7899     2.3082     2.1341 0.0000e+00
     26.000    13.6808   3.851531    32.0844       1163     0.8068     2.3015     2.1288 0.0000e+00
     27.000    13.6528   3.849552    32.0891       1188     0.8246     2.2910     2.1226 0.0000e+00
     28.000    13.6113   3.846281    32.0931       1220     0.8467     2.2825     2.1165 0.0000e+00
     29.000    13.5870   3.844115    32.0930       1253     0.8697     2.2778     2.1101 0.0000e+00
     30.000    13.5571   3.841521    32.0937       1279     0.8873     2.2761     2.1074 0.0000e+00
     31.000    13.5475   3.840514    32.0919       1300     0.9023     2.2768     2.1044 0.0000e+00
     32.000    13.5315   3.838999    32.0908       1322     0.9173     2.2760     2.1014 0.0000e+00
     33.000    13.5167   3.837601    32.0899       1348     0.9351     2.2711     2.0992 0.0000e+00
     34.000    13.5064   3.836622    32.0890       1379     0.9572     2.2668     2.0983 0.0000e+00
     35.000    13.5026   3.836274    32.0886       1411     0.9788     2.2650     2.0975 0.0000e+00
     36.000    13.4860   3.834951    32.0898       1438     0.9979     2.2634     2.0963 0.0000e+00
     37.000    13.4666   3.833425    32.0915       1467     1.0181     2.2615     2.0940 0.0000e+00
     38.000    13.4708   3.833740    32.0905       1496     1.0384     2.2607     2.0908 0.0000e+00
     39.000    13.4700   3.833666    32.0901       1521     1.0559     2.2623     2.0902 0.0000e+00
     40.000    13.4646   3.833235    32.0902       1545     1.0722     2.2625     2.0900 0.0000e+00
     41.000    13.4593   3.832778    32.0900       1573     1.0917     2.2613     2.0901 0.0000e+00
     42.000    13.4521   3.832152    32.0898       1605     1.1140     2.2603     2.0920 0.0000e+00
     43.000    13.4187   3.829463    32.0924       1631     1.1320     2.2623     2.0901 0.0000e+00
     44.000    13.3953   3.827512    32.0936       1654     1.1479     2.2580     2.0885 0.0000e+00
     45.000    13.3839   3.826512    32.0934       1681     1.1666     2.2517     2.0857 0.0000e+00
     46.000    13.3712   3.825386    32.0932       1715     1.1901     2.2541     2.0834 0.0000e+00
     47.000    13.3508   3.823722    32.0944       1744     1.2108     2.2534     2.0824 0.0000e+00
     48.000    13.3092   3.820335    32.0974       1772     1.2299     2.2520     2.0829 0.0000e+00
     49.000    13.2672   3.817103    32.1021       1803     1.2517     2.2506     2.0813 0.0000e+00
     50.000    13.2536   3.816034    32.1033       1832     1.2717     2.2501     2.0795 0.0000e+00
     51.000    13.2571   3.816239    32.1018       1854     1.2866     2.2498     2.0782 0.0000e+00
     52.000    13.1885   3.810828    32.1086       1872     1.2992     2.2500     2.0771 0.0000e+00
     53.000    12.2619   3.735264    32.1805       1892     1.3129     2.2492     2.0767 0.0000e+00
     54.000    11.7583   3.693061    32.2078       1929     1.3391     2.2135     2.0555 0.0000e+00
     55.000    11.6575   3.683102    32.1981       1984     1.3774     2.1755     2.0287 0.0000e+00
     56.000    11.4856   3.669621    32.2157       2009     1.3946     2.1731     2.0244 0.0000e+00
     57.000    11.3337   3.657265    32.2269       2028     1.4080     2.1737     2.0213 0.0000e+00
     58.000    11.3290   3.656470    32.2228       2047     1.4210     2.1676     2.0168 0.0000e+00
     59.000    11.2971   3.653702    32.2230       2069     1.4358     2.1637     2.0113 0.0000e+00
     60.000    11.2806   3.651953    32.2198       2097     1.4557     2.1601     2.0055 0.0000e+00
     61.000    11.2382   3.648542    32.2230       2135     1.4816     2.1572     2.0005 0.0000e+00
     62.000    11.3653   3.658360    32.2079       2163     1.5017     2.1611     1.9977 0.0000e+00
     63.000    11.3660   3.658161    32.2049       2186     1.5172     2.1642     1.9990 0.0000e+00
     64.000    11.3047   3.653472    32.2120       2211     1.5346     2.1623     1.9997 0.0000e+00
     65.000    11.2235   3.646908    32.2181       2250     1.5620     2.1618     1.9974 0.0000e+00
     66.000    11.0621   3.634441    32.2362       2290     1.5896     2.1605     1.9933 0.0000e+00
     67.000    10.7828   3.612246    32.2617       2315     1.6067     2.1561     1.9913 0.0000e+00
     68.000    10.7020   3.605654    32.2670       2335     1.6208     2.1477     1.9865 0.0000e+00
     69.000    10.6713   3.603087    32.2681       2355     1.6346     2.1408     1.9821 0.0000e+00
     70.000    10.6889   3.604171    32.2630       2377     1.6503     2.1349     1.9778 0.0000e+00
     71.000    10.6624   3.601960    32.2639       2405     1.6698     2.1339     1.9752 0.0000e+00
     72.000    10.6817   3.603227    32.2590       2436     1.6911     2.1320     1.9737 0.0000e+00
     73.000    10.6806   3.603004    32.2574       2468     1.7134     2.1311     1.9729 0.0000e+00
     74.000    10.6913   3.603736    32.2548       2514     1.7454     2.1303     1.9692 0.0000e+00
     75.000    10.6954   3.603910    32.2525       2556     1.7746     2.1315     1.9694 0.0000e+00
     76.000    10.6971   3.604083    32.2523       2578     1.7895     2.1318     1.9706 0.0000e+00
     77.000    10.6852   3.603224    32.2538       2597     1.8025     2.1311     1.9719 0.0000e+00
     78.000    10.6898   3.603488    32.2520       2616     1.8163     2.1301     1.9720 0.0000e+00
     79.000    10.6936   3.603752    32.2508       2668     1.8519     2.1305     1.9684 0.0000e+00
     80.000    10.6934   3.603683    32.2498       2740     1.9021     2.1293     1.9668 0.0000e+00
     81.000    10.6561   3.600947    32.2550       2759     1.9150     2.1291     1.9666 0.0000e+00
     82.000    10.6125   3.597542    32.2592       2778     1.9283     2.1280     1.9659 0.0000e+00
     83.000    10.6604   3.601090    32.2518       2829     1.9641     2.1232     1.9653 0.0000e+00
     82.000    10.6405   3.599433    32.2534       2916     2.0246     2.1240     1.9650 0.0000e+00
     81.000    10.5990   3.596100    32.2572       3011     2.0906     2.1240     1.9646 0.0000e+00
     80.000    10.6084   3.596581    32.2541       3045     2.1142     2.1215     1.9622 0.0000e+00
     79.000    10.6276   3.597906    32.2508       3073     2.1333     2.1237     1.9620 0.0000e+00
     78.000    10.6452   3.599296    32.2496       3098     2.1504     2.1267     1.9626 0.0000e+00
     77.000    10.6436   3.599221    32.2506       3125     2.1694     2.1266     1.9647 0.0000e+00
     76.000    10.6465   3.599332    32.2496       3164     2.1964     2.1286     1.9650 0.0000e+00
     75.000    10.6494   3.599541    32.2495       3201     2.2223     2.1309     1.9655 0.0000e+00
     74.000    10.6656   3.600542    32.2457       3224     2.2382     2.1316     1.9662 0.0000e+00
     73.000    10.6845   3.602133    32.2452       3242     2.2510     2.1327     1.9670 0.0000e+00
     72.000    10.7428   3.606194    32.2346       3262     2.2643     2.1340     1.9669 0.0000e+00
     71.000    10.8500   3.614847    32.2266       3296     2.2882     2.1355     1.9696 0.0000e+00
     70.000    10.9088   3.619701    32.2235       3350     2.3255     2.1412     1.9751 0.0000e+00
     69.000    10.9336   3.621644    32.2213       3373     2.3419     2.1414     1.9746 0.0000e+00
     68.000    10.9527   3.623118    32.2195       3391     2.3543     2.1423     1.9761 0.0000e+00
     67.000    10.9728   3.624752    32.2185       3410     2.3672     2.1419     1.9777 0.0000e+00
     66.000    11.0222   3.628533    32.2129       3435     2.3847     2.1447     1.9784 0.0000e+00
     65.000    11.0783   3.633180    32.2101       3474     2.4116     2.1506     1.9797 0.0000e+00
     64.000    11.1235   3.636616    32.2047       3501     2.4304     2.1519     1.9809 0.0000e+00
     63.000    11.1264   3.636927    32.2057       3520     2.4440     2.1524     1.9826 0.0000e+00
     62.000    11.1322   3.637433    32.2061       3542     2.4587     2.1512     1.9845 0.0000e+00
     61.000    11.2567   3.647460    32.1962       3570     2.4782     2.1517     1.9855 0.0000e+00
     60.000    11.5549   3.667177    32.1300       3600     2.4992     2.1616     1.9887 0.0000e+00
     59.000    11.8760   3.696639    32.1387       3625     2.5169     2.1683     1.9941 0.0000e+00
     58.000    11.7884   3.690453    32.1549       3650     2.5339     2.1769     2.0022 0.0000e+00
     57.000    11.9019   3.698628    32.1364       3675     2.5516     2.1786     2.0070 0.0000e+00
     56.000    12.2649   3.725432    32.0827       3699     2.5682     2.1832     2.0112 0.0000e+00
     55.000    12.6115   3.757001    32.0885       3723     2.5849     2.1952     2.0180 0.0000e+00
     54.000    12.7007   3.765563    32.0943       3751     2.6043     2.2067     2.0287 0.0000e+00
     53.000    12.9291   3.783561    32.0711       3782     2.6257     2.2221     2.0373 0.0000e+00
     52.000    13.1850   3.805486    32.0614       3809     2.6443     2.2342     2.0464 0.0000e+00
     51.000    13.2153   3.809130    32.0705       3831     2.6598     2.2406     2.0566 0.0000e+00
     50.000    13.2301   3.810607    32.0722       3853     2.6753     2.2424     2.0645 0.0000e+00
     49.000    13.2477   3.812480    32.0753       3881     2.6948     2.2443     2.0677 0.0000e+00
     48.000    13.2537   3.813283    32.0781       3918     2.7201     2.2431     2.0701 0.0000e+00
     47.000    13.2855   3.815848    32.0758       3949     2.7420     2.2450     2.0726 0.0000e+00
     46.000    13.3015   3.817313    32.0764       3972     2.7578     2.2472     2.0744 0.0000e+00
     45.000    13.3159   3.818452    32.0753       3992     2.7719     2.2510     2.0748 0.0000e+00
     44.000    13.3391   3.820375    32.0741       4013     2.7860     2.2495     2.0754 0.0000e+00
     43.000    13.3658   3.822705    32.0739       4036     2.8021     2.2493     2.0758 0.0000e+00
     42.000    13.3790   3.824105    32.0762       4065     2.8221     2.2498     2.0790 0.0000e+00
     41.000    13.3846   3.824662    32.0771       4101     2.8475     2.2494     2.0815 0.0000e+00
     40.000    13.4148   3.827142    32.0752       4138     2.8730     2.2536     2.0823 0.0000e+00
     39.000    13.4273   3.828370    32.0766       4164     2.8910     2.2542     2.0847 0.0000e+00
     38.000    13.4336   3.828938    32.0770       4185     2.9054     2.2576     2.0867 0.0000e+00
     37.000    13.4458   3.829890    32.0760       4206     2.9200     2.2600     2.0863 0.0000e+00
     36.000    13.4706   3.831983    32.0751       4233     2.9386     2.2585     2.0861 0.0000e+00
     35.000    13.4714   3.832107    32.0760       4265     2.9612     2.2582     2.0868 0.0000e+00
     34.000    13.4953   3.833843    32.0725       4292     2.9801     2.2600     2.0891 0.0000e+00
     33.000    13.5044   3.834703    32.0732       4316     2.9963     2.2587     2.0921 0.0000e+00
     32.000    13.5135   3.835426    32.0727       4341     3.0136     2.2612     2.0932 0.0000e+00
     31.000    13.5388   3.837553    32.0717       4369     3.0334     2.2628     2.0935 0.0000e+00
     30.000    13.5499   3.838619    32.0727       4400     3.0551     2.2634     2.0937 0.0000e+00
     29.000    13.5668   3.840228    32.0739       4433     3.0779     2.2642     2.0954 0.0000e+00
     28.000    13.5772   3.841149    32.0741       4469     3.1029     2.2656     2.0957 0.0000e+00
     27.000    13.6178   3.844475    32.0713       4496     3.1216     2.2669     2.0979 0.0000e+00
     26.000    13.6247   3.845234    32.0730       4515     3.1350     2.2700     2.0991 0.0000e+00
     25.000    13.6287   3.845547    32.0729       4534     3.1476     2.2702     2.0997 0.0000e+00
     24.000    13.6363   3.846013    32.0713       4553     3.1612     2.2718     2.1006 0.0000e+00
     23.000    13.7033   3.850227    32.0547       4579     3.1795     2.2757     2.1031 0.0000e+00
     22.000    13.7524   3.853679    32.0460       4621     3.2081     2.2838     2.1050 0.0000e+00
     21.000    13.8868   3.862115    32.0122       4663     3.2378     2.2882     2.1089 0.0000e+00
     20.000    13.9221   3.864766    32.0077       4688     3.2550     2.2917     2.1114 0.0000e+00
     19.000    13.9343   3.865609    32.0057       4708     3.2685     2.2979     2.1142 0.0000e+00
     18.000    13.9659   3.867545    31.9976       4726     3.2813     2.3048     2.1199 0.0000e+00
     17.000    14.1379   3.878809    31.9587       4747     3.2959     2.3144     2.1274 0.0000e+00
     16.000    14.3281   3.894228    31.9429       4777     3.3169     2.3363     2.1371 0.0000e+00
     15.000    14.5012   3.906851    31.9158       4819     3.3459     2.3766     2.1656 0.0000e+00
     14.000    14.8488   3.936266    31.8975       4850     3.3673     2.4020     2.1949 0.0000e+00
     13.000    14.9030   3.942822    31.9127       4871     3.3820     2.4276     2.2158 0.0000e+00
     12.000    14.9437   3.946601    31.9139       4891     3.3960     2.4532     2.2372 0.0000e+00
     11.000    15.0100   3.952756    31.9155       4916     3.4134     2.4763     2.2645 0.0000e+00
     10.000    15.0869   3.960685    31.9244       4954     3.4395     2.4952     2.2908 0.0000e+00
      9.000    15.2389   3.973185    31.9130       4987     3.4624     2.5076     2.3019 0.0000e+00
      8.000    15.3030   3.980308    31.9250       5010     3.4787     2.5151     2.3127 0.0000e+00
      7.000    15.3124   3.981472    31.9280       5032     3.4940     2.5239     2.3249 0.0000e+00
      6.000    15.3544   3.985227    31.9278       5056     3.5101     2.5349     2.3347 0.0000e+00
      5.000    15.3872   3.988321    31.9292       5081     3.5274     2.5453     2.3434 0.0000e+00
      4.000    15.4078   3.990602    31.9332       5120     3.5547     2.5532     2.3522 0.0000e+00
