HB2407/CTD185.cnv
* Sea-Bird SBE 9 Data File:
* FileName = C:\cruise\data\CTD185.hex
* Software Version Seasave V 7.26.7.121
* Temperature SN = 4591
* Conductivity SN = 6006
* Number of Bytes Per Scan = 37
* Number of Voltage Words = 4
* Number of Scans Averaged by the Deck Unit = 1
* NMEA Latitude = 41 56.76 N
* NMEA Longitude = 065 44.97 W
* NMEA UTC (Time) = Oct 31 2024 17:35:35
* NMEA baud rate = 4800
** Ship: Bigelow HB2407
** Program:  Fall Bottom Trawl Survey
** Chief Scientist: John Galbraith
# nquan = 9
# nvalues = 457                         
# units = specified
# name 0 = depSM: Depth [salt water, m]
# name 1 = t090C: Temperature [ITS-90, deg C]
# name 2 = c0S/m: Conductivity [S/m]
# name 3 = sal00: Salinity, Practical [PSU]
# name 4 = scan: Scan Count
# name 5 = timeM: Time, Elapsed [minutes]
# name 6 = sbeox0V: Oxygen raw, SBE 43 [V]
# name 7 = sbeox1V: Oxygen raw, SBE 43, 2 [V]
# name 8 = flag: flag
# span 0 =      1.000,    230.000       
# span 1 =     7.8733,    13.7941       
# span 2 =   3.501740,   3.831795       
# span 3 =    31.6275,    34.6560       
# span 4 =        194,      14821       
# span 5 =     0.1338,    10.2917       
# span 6 =     1.9827,     2.5818       
# span 7 =     1.8553,     2.4119       
# span 8 = 0.0000e+00, 0.0000e+00       
# interval = meters: 1                  
# start_time = Oct 31 2024 17:35:35 [NMEA time, header]
# bad_flag = -9.990e-29
*END*
[from data line 321]
    136.000     8.0588   3.557887    34.1968      10202     7.0843     2.1044     1.9654 0.0000e+00
    135.000     8.0620   3.557907    34.1944      10237     7.1083     2.1061     1.9673 0.0000e+00
    134.000     8.0652   3.557990    34.1927      10263     7.1263     2.1077     1.9709 0.0000e+00
    133.000     8.0640   3.557708    34.1912      10285     7.1416     2.1085     1.9731 0.0000e+00
    132.000     8.0562   3.556599    34.1875      10308     7.1575     2.1089     1.9742 0.0000e+00
    131.000     8.0571   3.555507    34.1754      10337     7.1778     2.1091     1.9748 0.0000e+00
    130.000     8.0942   3.557611    34.1623      10370     7.2008     2.1112     1.9745 0.0000e+00
    129.000     8.2602   3.571935    34.1539      10397     7.2193     2.1154     1.9761 0.0000e+00
    128.000     8.4664   3.592362    34.1710      10422     7.2371     2.1247     1.9799 0.0000e+00
    127.000     8.6075   3.607430    34.1942      10454     7.2592     2.1375     1.9869 0.0000e+00
    126.000     8.6033   3.606938    34.1935      10487     7.2816     2.1433     1.9942 0.0000e+00
    125.000     8.5705   3.602498    34.1789      10510     7.2980     2.1423     1.9978 0.0000e+00
    124.000     8.5646   3.601271    34.1721      10532     7.3129     2.1425     1.9997 0.0000e+00
    123.000     8.5676   3.601339    34.1704      10559     7.3316     2.1443     2.0010 0.0000e+00
    122.000     8.5863   3.602839    34.1686      10595     7.3567     2.1462     2.0042 0.0000e+00
    121.000     8.6382   3.606995    34.1628      10623     7.3763     2.1480     2.0054 0.0000e+00
    120.000     8.6219   3.604923    34.1571      10645     7.3914     2.1504     2.0078 0.0000e+00
    119.000     8.6266   3.604823    34.1520      10669     7.4081     2.1518     2.0105 0.0000e+00
    118.000     8.6682   3.608296    34.1489      10705     7.4333     2.1542     2.0131 0.0000e+00
    117.000     8.6475   3.605747    34.1425      10737     7.4553     2.1560     2.0141 0.0000e+00
    116.000     8.6428   3.604399    34.1333      10758     7.4701     2.1564     2.0156 0.0000e+00
    115.000     8.6673   3.606491    34.1322      10780     7.4857     2.1581     2.0167 0.0000e+00
    114.000     8.7263   3.612360    34.1375      10811     7.5067     2.1627     2.0181 0.0000e+00
    113.000     8.7509   3.615051    34.1426      10851     7.5347     2.1667     2.0222 0.0000e+00
    112.000     8.7914   3.619030    34.1458      10880     7.5546     2.1690     2.0243 0.0000e+00
    111.000     8.8137   3.621443    34.1501      10906     7.5728     2.1701     2.0269 0.0000e+00
    110.000     8.8405   3.623924    34.1508      10943     7.5985     2.1712     2.0292 0.0000e+00
    109.000     8.8653   3.625750    34.1465      10976     7.6218     2.1732     2.0307 0.0000e+00
    108.000     8.9333   3.630012    34.1263      11000     7.6381     2.1743     2.0316 0.0000e+00
    107.000     8.9760   3.633081    34.1178      11025     7.6557     2.1782     2.0330 0.0000e+00
    106.000     9.0204   3.636348    34.1099      11059     7.6793     2.1835     2.0378 0.0000e+00
    105.000     9.0767   3.639536    34.0897      11089     7.7003     2.1887     2.0438 0.0000e+00
    104.000     9.0727   3.638801    34.0863      11112     7.7156     2.1944     2.0479 0.0000e+00
    103.000     9.0702   3.637963    34.0805      11133     7.7304     2.2007     2.0515 0.0000e+00
    102.000     9.1204   3.640168    34.0558      11159     7.7484     2.2064     2.0565 0.0000e+00
    101.000     9.1521   3.642110    34.0463      11193     7.7719     2.2177     2.0645 0.0000e+00
    100.000     9.1862   3.643434    34.0280      11221     7.7920     2.2255     2.0707 0.0000e+00
     99.000     9.1996   3.643735    34.0187      11245     7.8085     2.2286     2.0755 0.0000e+00
     98.000     9.2004   3.643457    34.0156      11271     7.8265     2.2326     2.0814 0.0000e+00
     97.000     9.1879   3.641509    34.0077      11303     7.8483     2.2358     2.0861 0.0000e+00
     96.000     9.1599   3.637982    33.9982      11333     7.8694     2.2384     2.0892 0.0000e+00
     95.000     9.1445   3.635148    33.9838      11361     7.8891     2.2397     2.0922 0.0000e+00
     94.000     9.1762   3.637509    33.9787      11392     7.9103     2.2439     2.0947 0.0000e+00
     93.000     9.2342   3.642573    33.9765      11424     7.9325     2.2493     2.0979 0.0000e+00
     92.000     9.3040   3.649508    33.9825      11449     7.9502     2.2520     2.1012 0.0000e+00
     91.000     9.3496   3.654174    33.9879      11474     7.9670     2.2531     2.1033 0.0000e+00
     90.000     9.4097   3.660251    33.9942      11499     7.9845     2.2556     2.1028 0.0000e+00
     89.000     9.4785   3.667739    34.0067      11529     8.0054     2.2551     2.1015 0.0000e+00
     88.000     9.5431   3.673810    34.0085      11562     8.0287     2.2482     2.0998 0.0000e+00
     87.000     9.6109   3.680450    34.0131      11589     8.0475     2.2428     2.0966 0.0000e+00
     86.000     9.6351   3.682819    34.0150      11611     8.0626     2.2419     2.0955 0.0000e+00
     85.000     9.5657   3.673847    33.9889      11632     8.0772     2.2399     2.0956 0.0000e+00
     84.000     9.4440   3.654040    33.9002      11656     8.0935     2.2349     2.0945 0.0000e+00
     83.000     9.2904   3.628449    33.7813      11687     8.1152     2.2338     2.0911 0.0000e+00
     82.000     9.2179   3.616546    33.7269      11724     8.1408     2.2446     2.0939 0.0000e+00
     81.000     9.1506   3.604980    33.6709      11751     8.1598     2.2545     2.1024 0.0000e+00
     80.000     9.1332   3.602354    33.6605      11776     8.1768     2.2615     2.1094 0.0000e+00
     79.000     9.0860   3.595658    33.6359      11801     8.1946     2.2682     2.1167 0.0000e+00
     78.000     9.0518   3.590031    33.6101      11832     8.2161     2.2744     2.1232 0.0000e+00
     77.000     9.0008   3.582461    33.5799      11868     8.2408     2.2787     2.1297 0.0000e+00
     76.000     8.9694   3.575229    33.5345      11903     8.2652     2.2846     2.1335 0.0000e+00
     75.000     8.8801   3.555676    33.4149      11929     8.2835     2.2904     2.1358 0.0000e+00
     74.000     8.6933   3.532157    33.3452      11951     8.2988     2.2913     2.1394 0.0000e+00
     73.000     8.5506   3.507431    33.2201      11973     8.3141     2.2910     2.1420 0.0000e+00
     72.000     9.0085   3.528529    33.0137      12007     8.3378     2.3112     2.1517 0.0000e+00
     71.000     9.3091   3.549061    32.9487      12051     8.3680     2.3533     2.1839 0.0000e+00
     70.000     9.6050   3.571859    32.9114      12075     8.3847     2.3726     2.2017 0.0000e+00
     69.000     9.6752   3.578656    32.9172      12096     8.3995     2.3874     2.2175 0.0000e+00
     68.000     9.8822   3.596026    32.9056      12124     8.4186     2.4025     2.2325 0.0000e+00
     67.000    10.0940   3.615445    32.9103      12159     8.4431     2.4184     2.2478 0.0000e+00
     66.000    10.8100   3.676427    32.8758      12190     8.4648     2.4326     2.2581 0.0000e+00
     65.000    11.0095   3.697937    32.9109      12214     8.4812     2.4489     2.2682 0.0000e+00
     64.000    11.2033   3.716606    32.9223      12239     8.4984     2.4597     2.2787 0.0000e+00
     63.000    11.5298   3.748542    32.9454      12268     8.5185     2.4676     2.2867 0.0000e+00
     62.000    11.8908   3.780108    32.9330      12298     8.5394     2.4755     2.2963 0.0000e+00
     61.000    11.7362   3.758550    32.8607      12326     8.5593     2.4732     2.3056 0.0000e+00
     60.000    11.5195   3.730590    32.7801      12354     8.5785     2.4637     2.3037 0.0000e+00
     59.000    11.3486   3.708825    32.7186      12380     8.5963     2.4543     2.2995 0.0000e+00
     58.000    11.1132   3.681584    32.6596      12405     8.6142     2.4504     2.2974 0.0000e+00
     57.000    10.9241   3.658086    32.5956      12435     8.6344     2.4485     2.2940 0.0000e+00
     56.000    10.8009   3.643002    32.5559      12467     8.6570     2.4505     2.2935 0.0000e+00
     55.000    10.6376   3.625553    32.5279      12497     8.6780     2.4496     2.2919 0.0000e+00
     54.000    10.4813   3.605591    32.4681      12524     8.6968     2.4475     2.2894 0.0000e+00
     53.000    10.4552   3.601622    32.4521      12549     8.7137     2.4450     2.2893 0.0000e+00
     52.000    10.3927   3.593874    32.4306      12572     8.7302     2.4429     2.2917 0.0000e+00
     51.000    10.3375   3.586748    32.4087      12600     8.7495     2.4438     2.2922 0.0000e+00
     50.000    10.3082   3.581505    32.3825      12637     8.7749     2.4453     2.2917 0.0000e+00
     49.000    10.2900   3.575572    32.3395      12669     8.7972     2.4468     2.2912 0.0000e+00
     48.000    10.3534   3.578889    32.3169      12692     8.8129     2.4496     2.2933 0.0000e+00
     47.000    10.4189   3.583519    32.3056      12714     8.8286     2.4550     2.2939 0.0000e+00
     46.000    10.4904   3.585387    32.2613      12748     8.8518     2.4604     2.2970 0.0000e+00
     45.000    10.7009   3.595593    32.1779      12788     8.8802     2.4628     2.3019 0.0000e+00
     44.000    11.1307   3.621919    32.0622      12816     8.8994     2.4720     2.3040 0.0000e+00
     43.000    11.2647   3.631553    32.0407      12841     8.9168     2.4861     2.3116 0.0000e+00
     42.000    11.3895   3.639265    32.0084      12871     8.9375     2.4966     2.3187 0.0000e+00
     41.000    11.4683   3.644440    31.9912      12908     8.9629     2.4969     2.3244 0.0000e+00
     40.000    11.7342   3.659006    31.9041      12935     8.9818     2.4949     2.3271 0.0000e+00
     39.000    11.8883   3.669239    31.8715      12960     8.9995     2.5005     2.3327 0.0000e+00
     38.000    11.9957   3.676173    31.8470      12991     9.0211     2.5094     2.3390 0.0000e+00
     37.000    12.1232   3.682437    31.7991      13021     9.0419     2.5121     2.3431 0.0000e+00
     36.000    12.2858   3.691922    31.7523      13046     9.0591     2.5179     2.3452 0.0000e+00
     35.000    12.4228   3.699114    31.7056      13072     9.0767     2.5251     2.3489 0.0000e+00
     34.000    12.5090   3.704277    31.6824      13102     9.0976     2.5289     2.3551 0.0000e+00
     33.000    12.5854   3.707665    31.6508      13132     9.1188     2.5324     2.3608 0.0000e+00
     32.000    12.6298   3.710295    31.6388      13159     9.1376     2.5333     2.3635 0.0000e+00
     31.000    12.6417   3.710983    31.6357      13186     9.1564     2.5334     2.3659 0.0000e+00
     30.000    12.6561   3.711777    31.6316      13215     9.1761     2.5369     2.3681 0.0000e+00
     29.000    12.7076   3.715864    31.6275      13243     9.1959     2.5386     2.3709 0.0000e+00
     28.000    12.8087   3.725467    31.6341      13270     9.2147     2.5423     2.3741 0.0000e+00
     27.000    12.9106   3.734998    31.6391      13298     9.2337     2.5434     2.3776 0.0000e+00
     26.000    13.0303   3.746312    31.6459      13326     9.2536     2.5448     2.3795 0.0000e+00
     25.000    13.1951   3.764280    31.6775      13360     9.2769     2.5553     2.3845 0.0000e+00
     24.000    13.4626   3.791568    31.7100      13396     9.3023     2.5619     2.3887 0.0000e+00
     23.000    13.7581   3.825298    31.7783      13423     9.3207     2.5684     2.3924 0.0000e+00
     22.000    13.7748   3.828597    31.7952      13444     9.3354     2.5733     2.3994 0.0000e+00
     21.000    13.7697   3.828117    31.7954      13466     9.3507     2.5731     2.3998 0.0000e+00
     20.000    13.7617   3.827333    31.7952      13497     9.3722     2.5663     2.3961 0.0000e+00
     19.000    13.7201   3.822575    31.7860      13532     9.3968     2.5614     2.3969 0.0000e+00
     18.000    13.6642   3.816386    31.7755      13556     9.4130     2.5648     2.3974 0.0000e+00
     17.000    13.6341   3.812363    31.7635      13577     9.4277     2.5663     2.3976 0.0000e+00
     16.000    13.6220   3.810670    31.7583      13604     9.4464     2.5649     2.3989 0.0000e+00
     15.000    13.6000   3.808024    31.7525      13639     9.4710     2.5630     2.4010 0.0000e+00
     14.000    13.5671   3.804319    31.7458      13670     9.4925     2.5642     2.3986 0.0000e+00
     13.000    13.5407   3.800668    31.7341      13695     9.5098     2.5648     2.3989 0.0000e+00
     12.000    13.5244   3.798513    31.7280      13719     9.5267     2.5640     2.4003 0.0000e+00
     11.000    13.5181   3.797634    31.7255      13748     9.5465     2.5655     2.4014 0.0000e+00
     10.000    13.4982   3.795171    31.7195      13778     9.5677     2.5629     2.4033 0.0000e+00
      9.000    13.4674   3.791178    31.7083      13804     9.5852     2.5642     2.4019 0.0000e+00
      8.000    13.4544   3.789157    31.7007      13829     9.6026     2.5661     2.4004 0.0000e+00
      7.000    13.4465   3.788017    31.6971      13856     9.6217     2.5710     2.4001 0.0000e+00
      6.000    13.4588   3.788546    31.6922      14388     9.9912     2.5781     2.4119 0.0000e+00
      5.000    13.4537   3.788135    31.6929      14621    10.1527     2.5818     2.4090 0.0000e+00
      4.000    13.4547   3.788174    31.6929      14676    10.1910     2.5780     2.4060 0.0000e+00
      3.000    13.4545   3.788112    31.6928      14717    10.2196     2.5783     2.4089 0.0000e+00
      2.000    13.4582   3.788444    31.6933      14761    10.2501     2.5776     2.4083 0.0000e+00
      1.000    13.4529   3.787167    31.6862      14821    10.2917     2.5762     2.4064 0.0000e+00
