HB2407/CTD198.cnv
* Sea-Bird SBE 9 Data File:
* FileName = C:\cruise\data\CTD198.hex
* Software Version Seasave V 7.26.7.121
* Temperature SN = 4591
* Conductivity SN = 6006
* Number of Bytes Per Scan = 37
* Number of Voltage Words = 4
* Number of Scans Averaged by the Deck Unit = 1
* NMEA Latitude = 43 14.08 N
* NMEA Longitude = 067 06.66 W
* NMEA UTC (Time) = Nov 03 2024 04:59:06
* NMEA baud rate = 4800
** Ship: Bigelow HB2407
** Program:  Fall Bottom Trawl Survey
** Chief Scientist: John Galbraith
# nquan = 9
# nvalues = 377                         
# units = specified
# name 0 = depSM: Depth [salt water, m]
# name 1 = t090C: Temperature [ITS-90, deg C]
# name 2 = c0S/m: Conductivity [S/m]
# name 3 = sal00: Salinity, Practical [PSU]
# name 4 = scan: Scan Count
# name 5 = timeM: Time, Elapsed [minutes]
# name 6 = sbeox0V: Oxygen raw, SBE 43 [V]
# name 7 = sbeox1V: Oxygen raw, SBE 43, 2 [V]
# name 8 = flag: flag
# span 0 =      3.000,    191.000       
# span 1 =     7.6146,    12.5811       
# span 2 =   3.414973,   3.756910       
# span 3 =    32.1180,    34.1668       
# span 4 =        485,      11090       
# span 5 =     0.3361,     7.7004       
# span 6 =     1.8735,     2.5113       
# span 7 =     1.7498,     2.3467       
# span 8 = 0.0000e+00, 0.0000e+00       
# interval = meters: 1                  
# start_time = Nov 03 2024 04:59:06 [NMEA time, header]
# bad_flag = -9.990e-29
*END*
[from data line 161]
    164.000     8.2217   3.567443    34.1268       5060     3.5131     1.9034     1.7771 0.0000e+00
    165.000     8.2244   3.569706    34.1478       5086     3.5312     1.9005     1.7734 0.0000e+00
    166.000     8.2253   3.570693    34.1569       5110     3.5480     1.8961     1.7721 0.0000e+00
    167.000     8.2254   3.570823    34.1577       5134     3.5647     1.8930     1.7697 0.0000e+00
    168.000     8.2257   3.570905    34.1579       5160     3.5826     1.8899     1.7673 0.0000e+00
    169.000     8.2259   3.571008    34.1582       5187     3.6017     1.8871     1.7648 0.0000e+00
    170.000     8.2263   3.571107    34.1585       5215     3.6207     1.8837     1.7633 0.0000e+00
    171.000     8.2263   3.571159    34.1585       5241     3.6387     1.8806     1.7611 0.0000e+00
    172.000     8.2264   3.571207    34.1585       5267     3.6569     1.8780     1.7582 0.0000e+00
    173.000     8.2272   3.571422    34.1595       5294     3.6757     1.8781     1.7566 0.0000e+00
    174.000     8.2274   3.571512    34.1598       5320     3.6941     1.8787     1.7567 0.0000e+00
    175.000     8.2274   3.571545    34.1596       5347     3.7122     1.8777     1.7575 0.0000e+00
    176.000     8.2275   3.571599    34.1597       5374     3.7311     1.8775     1.7578 0.0000e+00
    177.000     8.2277   3.571672    34.1598       5403     3.7514     1.8763     1.7577 0.0000e+00
    178.000     8.2280   3.571811    34.1604       5431     3.7711     1.8761     1.7570 0.0000e+00
    179.000     8.2282   3.571908    34.1608       5456     3.7883     1.8764     1.7556 0.0000e+00
    180.000     8.2288   3.572109    34.1619       5480     3.8048     1.8763     1.7546 0.0000e+00
    181.000     8.2287   3.572111    34.1615       5505     3.8223     1.8759     1.7539 0.0000e+00
    182.000     8.2297   3.572453    34.1638       5531     3.8400     1.8747     1.7533 0.0000e+00
    183.000     8.2298   3.572542    34.1641       5555     3.8572     1.8741     1.7524 0.0000e+00
    184.000     8.2299   3.572597    34.1641       5581     3.8749     1.8749     1.7518 0.0000e+00
    185.000     8.2298   3.572676    34.1646       5611     3.8962     1.8753     1.7518 0.0000e+00
    186.000     8.2291   3.572738    34.1655       5646     3.9203     1.8759     1.7519 0.0000e+00
    187.000     8.2289   3.572811    34.1659       5673     3.9391     1.8748     1.7517 0.0000e+00
    188.000     8.2291   3.572846    34.1656       5696     3.9546     1.8752     1.7519 0.0000e+00
    189.000     8.2292   3.572902    34.1656       5718     3.9701     1.8753     1.7513 0.0000e+00
    190.000     8.2292   3.572950    34.1657       5742     3.9870     1.8751     1.7514 0.0000e+00
    191.000     8.2292   3.573059    34.1663       5772     4.0073     1.8751     1.7498 0.0000e+00
    190.000     8.2293   3.573008    34.1662       6250     4.3395     1.8772     1.7554 0.0000e+00
    189.000     8.2290   3.572985    34.1668       6164     4.2801     1.8761     1.7531 0.0000e+00
    188.000     8.2289   3.572933    34.1668       6182     4.2925     1.8754     1.7532 0.0000e+00
    187.000     8.2289   3.572858    34.1664       6216     4.3160     1.8754     1.7530 0.0000e+00
    186.000     8.2296   3.572778    34.1653       6251     4.3399     1.8766     1.7531 0.0000e+00
    185.000     8.2299   3.572708    34.1649       6275     4.3566     1.8775     1.7530 0.0000e+00
    184.000     8.2296   3.572648    34.1650       6297     4.3720     1.8759     1.7531 0.0000e+00
    183.000     8.2297   3.572592    34.1647       6320     4.3879     1.8753     1.7531 0.0000e+00
    182.000     8.2298   3.572516    34.1644       6345     4.4055     1.8757     1.7531 0.0000e+00
    181.000     8.2296   3.572363    34.1634       6370     4.4229     1.8765     1.7530 0.0000e+00
    180.000     8.2293   3.572200    34.1624       6393     4.4390     1.8770     1.7523 0.0000e+00
    179.000     8.2289   3.572076    34.1619       6417     4.4559     1.8767     1.7528 0.0000e+00
    178.000     8.2288   3.572026    34.1620       6446     4.4756     1.8758     1.7532 0.0000e+00
    177.000     8.2286   3.571953    34.1619       6476     4.4965     1.8735     1.7541 0.0000e+00
    176.000     8.2276   3.571638    34.1599       6504     4.5163     1.8739     1.7546 0.0000e+00
    175.000     8.2278   3.571595    34.1598       6532     4.5352     1.8759     1.7544 0.0000e+00
    174.000     8.2275   3.571510    34.1596       6557     4.5526     1.8778     1.7546 0.0000e+00
    173.000     8.2273   3.571434    34.1595       6581     4.5694     1.8785     1.7556 0.0000e+00
    172.000     8.2271   3.571361    34.1594       6605     4.5860     1.8781     1.7547 0.0000e+00
    171.000     8.2268   3.571271    34.1591       6629     4.6028     1.8780     1.7544 0.0000e+00
    170.000     8.2264   3.571140    34.1587       6653     4.6194     1.8785     1.7545 0.0000e+00
    169.000     8.2262   3.571029    34.1582       6677     4.6361     1.8795     1.7559 0.0000e+00
    168.000     8.2260   3.570859    34.1571       6703     4.6543     1.8793     1.7567 0.0000e+00
    167.000     8.2257   3.570732    34.1564       6733     4.6753     1.8802     1.7569 0.0000e+00
    166.000     8.2255   3.570502    34.1547       6764     4.6967     1.8804     1.7581 0.0000e+00
    165.000     8.2236   3.569096    34.1421       6791     4.7150     1.8802     1.7579 0.0000e+00
    164.000     8.2231   3.568527    34.1370       6814     4.7311     1.8807     1.7575 0.0000e+00
    163.000     8.2216   3.567824    34.1314       6838     4.7479     1.8829     1.7581 0.0000e+00
    162.000     8.2202   3.567106    34.1256       6865     4.7666     1.8842     1.7595 0.0000e+00
    161.000     8.2164   3.565477    34.1124       6891     4.7850     1.8871     1.7621 0.0000e+00
    160.000     8.2084   3.562291    34.0868       6916     4.8018     1.8899     1.7637 0.0000e+00
    159.000     8.1983   3.559694    34.0694       6938     4.8175     1.8914     1.7656 0.0000e+00
    158.000     8.1781   3.554913    34.0385       6961     4.8335     1.8924     1.7670 0.0000e+00
    157.000     8.1584   3.550231    34.0082       6989     4.8528     1.8944     1.7695 0.0000e+00
    156.000     8.1489   3.547994    33.9941       7022     4.8757     1.8968     1.7728 0.0000e+00
    155.000     8.1338   3.545454    33.9821       7050     4.8955     1.8992     1.7746 0.0000e+00
    154.000     8.0980   3.538339    33.9413       7075     4.9128     1.9007     1.7765 0.0000e+00
    153.000     8.0996   3.537561    33.9320       7100     4.9297     1.9004     1.7767 0.0000e+00
    152.000     8.0703   3.533214    33.9145       7123     4.9462     1.8988     1.7756 0.0000e+00
    151.000     8.0495   3.529313    33.8933       7147     4.9622     1.8972     1.7741 0.0000e+00
    150.000     8.0372   3.526960    33.8806       7171     4.9788     1.8980     1.7731 0.0000e+00
    149.000     8.0270   3.525024    33.8703       7197     4.9974     1.8980     1.7723 0.0000e+00
    148.000     8.0236   3.524168    33.8649       7226     5.0177     1.8966     1.7728 0.0000e+00
    147.000     8.0312   3.524954    33.8664       7254     5.0370     1.8951     1.7733 0.0000e+00
    146.000     7.9997   3.520193    33.8464       7279     5.0540     1.8939     1.7729 0.0000e+00
    145.000     7.9859   3.517611    33.8327       7302     5.0705     1.8938     1.7728 0.0000e+00
    144.000     7.9743   3.515375    33.8204       7329     5.0886     1.8951     1.7726 0.0000e+00
    143.000     7.9781   3.515247    33.8158       7358     5.1089     1.8970     1.7717 0.0000e+00
    142.000     7.9825   3.515575    33.8156       7385     5.1280     1.8978     1.7714 0.0000e+00
    141.000     7.9788   3.513896    33.8017       7411     5.1458     1.8984     1.7716 0.0000e+00
    140.000     7.9893   3.513893    33.7920       7436     5.1632     1.8989     1.7726 0.0000e+00
    139.000     7.9978   3.514496    33.7907       7461     5.1807     1.9007     1.7736 0.0000e+00
    138.000     8.0064   3.515257    33.7910       7485     5.1974     1.9015     1.7752 0.0000e+00
    137.000     8.0295   3.517003    33.7878       7509     5.2139     1.9023     1.7771 0.0000e+00
    136.000     8.0436   3.518143    33.7869       7534     5.2315     1.9039     1.7782 0.0000e+00
    135.000     8.0539   3.518990    33.7865       7560     5.2493     1.9061     1.7805 0.0000e+00
    134.000     8.0580   3.519383    33.7872       7585     5.2669     1.9086     1.7826 0.0000e+00
    133.000     8.0612   3.519100    33.7816       7614     5.2866     1.9108     1.7853 0.0000e+00
    132.000     8.0611   3.518248    33.7731       7648     5.3102     1.9136     1.7885 0.0000e+00
    131.000     8.0570   3.517704    33.7717       7676     5.3298     1.9146     1.7893 0.0000e+00
    130.000     8.0578   3.517027    33.7642       7697     5.3445     1.9153     1.7905 0.0000e+00
    129.000     8.0533   3.516081    33.7589       7717     5.3585     1.9167     1.7910 0.0000e+00
    128.000     8.0465   3.514425    33.7482       7740     5.3741     1.9180     1.7913 0.0000e+00
    127.000     8.0397   3.513148    33.7416       7765     5.3917     1.9176     1.7925 0.0000e+00
    126.000     8.0279   3.511194    33.7326       7791     5.4099     1.9175     1.7926 0.0000e+00
    125.000     8.0180   3.509377    33.7232       7818     5.4283     1.9165     1.7942 0.0000e+00
    124.000     8.0149   3.506218    33.6929       7847     5.4486     1.9140     1.7953 0.0000e+00
    123.000     7.8650   3.487624    33.6387       7879     5.4706     1.9121     1.7959 0.0000e+00
    122.000     7.8231   3.482091    33.6202       7907     5.4902     1.9140     1.7941 0.0000e+00
    121.000     7.7770   3.473695    33.5749       7930     5.5064     1.9134     1.7925 0.0000e+00
    120.000     7.7691   3.471752    33.5621       7952     5.5215     1.9132     1.7920 0.0000e+00
    119.000     7.7364   3.464867    33.5201       7975     5.5373     1.9155     1.7914 0.0000e+00
    118.000     7.7236   3.460933    33.4906       8001     5.5553     1.9185     1.7921 0.0000e+00
    117.000     7.7323   3.461383    33.4875       8030     5.5756     1.9197     1.7930 0.0000e+00
    116.000     7.7145   3.457379    33.4621       8056     5.5939     1.9224     1.7947 0.0000e+00
    115.000     7.7032   3.453840    33.4353       8079     5.6096     1.9263     1.7969 0.0000e+00
    114.000     7.7041   3.454286    33.4398       8101     5.6249     1.9272     1.7985 0.0000e+00
    113.000     7.6932   3.451064    33.4160       8125     5.6418     1.9270     1.8016 0.0000e+00
    112.000     7.6936   3.451033    33.4158       8155     5.6624     1.9296     1.8039 0.0000e+00
    111.000     7.6831   3.447646    33.3899       8187     5.6848     1.9339     1.8059 0.0000e+00
    110.000     7.6813   3.446188    33.3764       8216     5.7051     1.9369     1.8093 0.0000e+00
    109.000     7.6735   3.443074    33.3509       8243     5.7235     1.9379     1.8097 0.0000e+00
    108.000     7.6735   3.442526    33.3454       8267     5.7405     1.9391     1.8113 0.0000e+00
    107.000     7.6739   3.442973    33.3503       8290     5.7564     1.9419     1.8135 0.0000e+00
    106.000     7.6713   3.441490    33.3374       8312     5.7713     1.9450     1.8158 0.0000e+00
    105.000     7.6691   3.440263    33.3267       8333     5.7862     1.9477     1.8174 0.0000e+00
    104.000     7.6683   3.439665    33.3216       8357     5.8025     1.9507     1.8188 0.0000e+00
    103.000     7.6693   3.439870    33.3233       8384     5.8213     1.9524     1.8213 0.0000e+00
    102.000     7.6686   3.439818    33.3239       8415     5.8432     1.9526     1.8228 0.0000e+00
    101.000     7.6667   3.438655    33.3136       8448     5.8659     1.9523     1.8229 0.0000e+00
    100.000     7.6642   3.437039    33.2991       8474     5.8843     1.9514     1.8225 0.0000e+00
     99.000     7.6619   3.436019    33.2908       8498     5.9006     1.9509     1.8237 0.0000e+00
     98.000     7.6582   3.435539    33.2897       8523     5.9178     1.9516     1.8246 0.0000e+00
     97.000     7.6583   3.434842    33.2825       8549     5.9362     1.9547     1.8261 0.0000e+00
     96.000     7.6529   3.433747    33.2764       8574     5.9533     1.9576     1.8282 0.0000e+00
     95.000     7.6483   3.432608    33.2690       8598     5.9704     1.9602     1.8303 0.0000e+00
     94.000     7.6387   3.430789    33.2591       8623     5.9876     1.9614     1.8323 0.0000e+00
     93.000     7.6346   3.429364    33.2481       8648     6.0049     1.9629     1.8325 0.0000e+00
     92.000     7.6270   3.426143    33.2212       8674     6.0227     1.9634     1.8323 0.0000e+00
     91.000     7.6323   3.426075    33.2159       8699     6.0405     1.9659     1.8332 0.0000e+00
     90.000     7.6341   3.423311    33.1849       8725     6.0582     1.9709     1.8349 0.0000e+00
     89.000     7.6434   3.421518    33.1572       8752     6.0772     1.9771     1.8376 0.0000e+00
     88.000     7.6574   3.419768    33.1255       8782     6.0976     1.9855     1.8413 0.0000e+00
     87.000     7.6948   3.416832    33.0589       8810     6.1173     1.9925     1.8462 0.0000e+00
     86.000     7.7385   3.415168    33.0001       8838     6.1369     1.9969     1.8514 0.0000e+00
     85.000     7.7455   3.415106    32.9932       8865     6.1557     2.0029     1.8577 0.0000e+00
     84.000     7.7741   3.415318    32.9690       8889     6.1720     2.0085     1.8642 0.0000e+00
     83.000     7.8152   3.415703    32.9347       8910     6.1865     2.0137     1.8690 0.0000e+00
     82.000     7.8488   3.416133    32.9081       8930     6.2005     2.0188     1.8734 0.0000e+00
     81.000     7.8760   3.416398    32.8857       8951     6.2150     2.0245     1.8785 0.0000e+00
     80.000     7.9062   3.417261    32.8671       8977     6.2331     2.0312     1.8845 0.0000e+00
     79.000     7.9146   3.417625    32.8635       9013     6.2584     2.0380     1.8916 0.0000e+00
     78.000     7.9287   3.418017    32.8549       9045     6.2804     2.0416     1.9003 0.0000e+00
     77.000     7.9340   3.418060    32.8509       9068     6.2967     2.0438     1.9053 0.0000e+00
     76.000     7.9803   3.419748    32.8259       9093     6.3138     2.0447     1.9076 0.0000e+00
     75.000     8.0468   3.423876    32.8079       9123     6.3345     2.0476     1.9103 0.0000e+00
     74.000     8.0917   3.425433    32.7830       9150     6.3532     2.0518     1.9131 0.0000e+00
     73.000     8.1538   3.427957    32.7522       9171     6.3678     2.0570     1.9161 0.0000e+00
     72.000     8.1601   3.428559    32.7532       9190     6.3815     2.0609     1.9194 0.0000e+00
     71.000     8.2164   3.431393    32.7311       9213     6.3974     2.0645     1.9231 0.0000e+00
     70.000     8.3048   3.436355    32.7019       9245     6.4192     2.0698     1.9301 0.0000e+00
     69.000     8.3520   3.439062    32.6870       9274     6.4398     2.0735     1.9347 0.0000e+00
     68.000     8.5948   3.452031    32.5992       9296     6.4548     2.0793     1.9396 0.0000e+00
     67.000     8.7973   3.466252    32.5621       9317     6.4696     2.0931     1.9459 0.0000e+00
     66.000     9.0206   3.483724    32.5397       9346     6.4899     2.1091     1.9569 0.0000e+00
     65.000     9.1527   3.494007    32.5260       9381     6.5142     2.1308     1.9739 0.0000e+00
     64.000     9.5313   3.518026    32.4298       9407     6.5319     2.1425     1.9865 0.0000e+00
     63.000     9.5898   3.526066    32.4597       9428     6.5468     2.1572     1.9960 0.0000e+00
     62.000     9.7466   3.535546    32.4154       9452     6.5633     2.1746     2.0070 0.0000e+00
     61.000     9.7697   3.540501    32.4456       9479     6.5821     2.1943     2.0194 0.0000e+00
     60.000    10.1117   3.565061    32.3881       9505     6.6001     2.2077     2.0313 0.0000e+00
