HB2407/CTD181.cnv
* Sea-Bird SBE 9 Data File:
* FileName = C:\cruise\data\CTD181.hex
* Software Version Seasave V 7.26.7.121
* Temperature SN = 4591
* Conductivity SN = 6006
* Number of Bytes Per Scan = 37
* Number of Voltage Words = 4
* Number of Scans Averaged by the Deck Unit = 1
* NMEA Latitude = 41 30.85 N
* NMEA Longitude = 066 35.01 W
* NMEA UTC (Time) = Oct 30 2024 11:43:43
* NMEA baud rate = 4800
** Ship: Bigelow HB2407
** Program:  Fall Bottom Trawl Survey
** Chief Scientist: John Galbraith
# nquan = 9
# nvalues = 149                         
# units = specified
# name 0 = depSM: Depth [salt water, m]
# name 1 = t090C: Temperature [ITS-90, deg C]
# name 2 = c0S/m: Conductivity [S/m]
# name 3 = sal00: Salinity, Practical [PSU]
# name 4 = scan: Scan Count
# name 5 = timeM: Time, Elapsed [minutes]
# name 6 = sbeox0V: Oxygen raw, SBE 43 [V]
# name 7 = sbeox1V: Oxygen raw, SBE 43, 2 [V]
# name 8 = flag: flag
# span 0 =      3.000,     77.000       
# span 1 =    10.9671,    12.4744       
# span 2 =   3.637191,   3.733733       
# span 3 =    31.9831,    32.3487       
# span 4 =        202,       5923       
# span 5 =     0.1396,     4.1128       
# span 6 =     2.3052,     2.5638       
# span 7 =     2.1582,     2.3972       
# span 8 = 0.0000e+00, 0.0000e+00       
# interval = meters: 1                  
# start_time = Oct 30 2024 11:43:43 [NMEA time, header]
# bad_flag = -9.990e-29
*END*
      3.000    12.4658   3.733025    32.0054        202     0.1396     2.5587     2.3947 0.0000e+00
      4.000    12.4660   3.733117    32.0057        375     0.2599     2.5595     2.3943 0.0000e+00
      5.000    12.4665   3.733207    32.0058        409     0.2833     2.5617     2.3944 0.0000e+00
      6.000    12.4664   3.733205    32.0053        437     0.3030     2.5624     2.3925 0.0000e+00
      7.000    12.4674   3.733259    32.0046        464     0.3213     2.5638     2.3920 0.0000e+00
      8.000    12.4668   3.733261    32.0047        490     0.3395     2.5638     2.3940 0.0000e+00
      9.000    12.4678   3.733418    32.0050        516     0.3575     2.5618     2.3969 0.0000e+00
     10.000    12.4676   3.733364    32.0042        542     0.3757     2.5595     2.3972 0.0000e+00
     11.000    12.4693   3.733622    32.0048        569     0.3946     2.5550     2.3946 0.0000e+00
     12.000    12.4697   3.733733    32.0052        597     0.4136     2.5527     2.3924 0.0000e+00
     13.000    12.4688   3.733680    32.0050        624     0.4329     2.5506     2.3909 0.0000e+00
     14.000    12.4424   3.731073    32.0022        652     0.4522     2.5532     2.3930 0.0000e+00
     15.000    12.3757   3.724670    31.9975        678     0.4701     2.5557     2.3932 0.0000e+00
     16.000    12.2837   3.715928    31.9920        704     0.4880     2.5504     2.3919 0.0000e+00
     17.000    12.2486   3.712852    31.9921        730     0.5064     2.5439     2.3855 0.0000e+00
     18.000    12.2300   3.711758    31.9971        757     0.5252     2.5368     2.3775 0.0000e+00
     19.000    12.1936   3.709183    32.0031        786     0.5449     2.5286     2.3701 0.0000e+00
     20.000    12.1815   3.708096    32.0026        813     0.5640     2.5218     2.3638 0.0000e+00
     21.000    12.1517   3.705849    32.0061        838     0.5812     2.5199     2.3596 0.0000e+00
     22.000    12.1368   3.705261    32.0128        863     0.5988     2.5151     2.3567 0.0000e+00
     23.000    12.1350   3.705432    32.0156        892     0.6185     2.5134     2.3565 0.0000e+00
     24.000    12.1343   3.705535    32.0168        920     0.6382     2.5121     2.3546 0.0000e+00
     25.000    12.1338   3.705647    32.0179        947     0.6571     2.5122     2.3521 0.0000e+00
     26.000    12.1336   3.705673    32.0178        974     0.6754     2.5103     2.3497 0.0000e+00
     27.000    12.1338   3.705746    32.0180        998     0.6924     2.5117     2.3476 0.0000e+00
     28.000    12.1343   3.705860    32.0182       1023     0.7096     2.5087     2.3454 0.0000e+00
     29.000    12.1346   3.706015    32.0191       1051     0.7289     2.5038     2.3436 0.0000e+00
     30.000    12.1343   3.706073    32.0195       1081     0.7502     2.4998     2.3409 0.0000e+00
     31.000    12.1326   3.705938    32.0193       1112     0.7713     2.5012     2.3407 0.0000e+00
     32.000    12.1307   3.705881    32.0199       1138     0.7896     2.5014     2.3395 0.0000e+00
     33.000    12.1240   3.705783    32.0243       1161     0.8056     2.5027     2.3370 0.0000e+00
     34.000    12.1134   3.705617    32.0314       1184     0.8215     2.5025     2.3357 0.0000e+00
     35.000    12.0887   3.704908    32.0453       1209     0.8386     2.5002     2.3349 0.0000e+00
     36.000    12.0460   3.702060    32.0541       1237     0.8586     2.4938     2.3340 0.0000e+00
     37.000    12.0362   3.701290    32.0547       1271     0.8817     2.4850     2.3275 0.0000e+00
     38.000    12.0330   3.701135    32.0556       1301     0.9026     2.4816     2.3238 0.0000e+00
     39.000    12.0299   3.701061    32.0571       1326     0.9202     2.4783     2.3207 0.0000e+00
     40.000    12.0223   3.701038    32.0630       1351     0.9372     2.4759     2.3194 0.0000e+00
     41.000    12.0074   3.700719    32.0723       1375     0.9544     2.4767     2.3163 0.0000e+00
     42.000    11.9771   3.699578    32.0870       1402     0.9732     2.4722     2.3119 0.0000e+00
     43.000    11.8957   3.695718    32.1194       1432     0.9935     2.4642     2.3061 0.0000e+00
     44.000    11.6647   3.682022    32.1860       1459     1.0124     2.4559     2.2986 0.0000e+00
     45.000    11.2946   3.659036    32.2835       1485     1.0308     2.4364     2.2865 0.0000e+00
     46.000    11.2326   3.654811    32.2958       1513     1.0500     2.4051     2.2646 0.0000e+00
     47.000    11.2076   3.652914    32.2986       1541     1.0697     2.3792     2.2409 0.0000e+00
     48.000    11.1571   3.649673    32.3106       1569     1.0886     2.3601     2.2232 0.0000e+00
     49.000    11.1313   3.647914    32.3155       1595     1.1071     2.3507     2.2097 0.0000e+00
     50.000    11.1220   3.647212    32.3163       1623     1.1267     2.3462     2.2014 0.0000e+00
     51.000    11.1129   3.646538    32.3173       1652     1.1463     2.3399     2.1960 0.0000e+00
     52.000    11.0696   3.643917    32.3291       1677     1.1642     2.3375     2.1921 0.0000e+00
     53.000    11.0536   3.642853    32.3322       1702     1.1812     2.3358     2.1888 0.0000e+00
     54.000    11.0290   3.641303    32.3381       1729     1.1997     2.3312     2.1851 0.0000e+00
     55.000    11.0179   3.640555    32.3401       1757     1.2193     2.3277     2.1820 0.0000e+00
     56.000    10.9874   3.638750    32.3486       1783     1.2372     2.3265     2.1809 0.0000e+00
     57.000    10.9855   3.638630    32.3487       1808     1.2548     2.3233     2.1781 0.0000e+00
     58.000    10.9836   3.638454    32.3482       1835     1.2735     2.3208     2.1748 0.0000e+00
     59.000    10.9834   3.638381    32.3473       1864     1.2938     2.3194     2.1713 0.0000e+00
     60.000    10.9808   3.638195    32.3473       1893     1.3140     2.3176     2.1696 0.0000e+00
     61.000    10.9777   3.637932    32.3470       1920     1.3325     2.3179     2.1695 0.0000e+00
     62.000    10.9747   3.637729    32.3472       1944     1.3495     2.3187     2.1681 0.0000e+00
     63.000    10.9735   3.637671    32.3473       1968     1.3660     2.3163     2.1687 0.0000e+00
     64.000    10.9733   3.637663    32.3470       1993     1.3831     2.3143     2.1674 0.0000e+00
     65.000    10.9753   3.637812    32.3463       2020     1.4019     2.3130     2.1640 0.0000e+00
     66.000    10.9755   3.637846    32.3460       2049     1.4221     2.3122     2.1640 0.0000e+00
     67.000    10.9676   3.637397    32.3480       2078     1.4425     2.3105     2.1648 0.0000e+00
     68.000    10.9671   3.637392    32.3480       2107     1.4627     2.3106     2.1638 0.0000e+00
     69.000    10.9724   3.637746    32.3464       2134     1.4813     2.3092     2.1630 0.0000e+00
     70.000    10.9710   3.637692    32.3467       2158     1.4980     2.3086     2.1621 0.0000e+00
     71.000    10.9677   3.637513    32.3474       2182     1.5145     2.3097     2.1619 0.0000e+00
     72.000    10.9674   3.637522    32.3473       2207     1.5319     2.3090     2.1626 0.0000e+00
     73.000    10.9677   3.637577    32.3472       2234     1.5506     2.3093     2.1634 0.0000e+00
     74.000    10.9679   3.637632    32.3471       2263     1.5711     2.3082     2.1640 0.0000e+00
     75.000    10.9676   3.637635    32.3471       2293     1.5918     2.3088     2.1617 0.0000e+00
     76.000    10.9739   3.638114    32.3458       2340     1.6243     2.3086     2.1591 0.0000e+00
     77.000    10.9779   3.638363    32.3443       2710     1.8815     2.3052     2.1620 0.0000e+00
     76.000    10.9764   3.638193    32.3443       2757     1.9137     2.3103     2.1621 0.0000e+00
     75.000    10.9752   3.638093    32.3448       2784     1.9324     2.3096     2.1623 0.0000e+00
     74.000    10.9725   3.637853    32.3453       2807     1.9483     2.3079     2.1625 0.0000e+00
     73.000    10.9711   3.637681    32.3453       2832     1.9660     2.3080     2.1632 0.0000e+00
     72.000    10.9700   3.637566    32.3455       2862     1.9870     2.3065     2.1607 0.0000e+00
     71.000    10.9685   3.637402    32.3456       2893     2.0086     2.3056     2.1586 0.0000e+00
     70.000    10.9691   3.637367    32.3452       2919     2.0263     2.3082     2.1582 0.0000e+00
     69.000    10.9702   3.637355    32.3445       2941     2.0420     2.3096     2.1582 0.0000e+00
     68.000    10.9712   3.637343    32.3439       2964     2.0579     2.3098     2.1608 0.0000e+00
     67.000    10.9719   3.637325    32.3436       2989     2.0748     2.3115     2.1615 0.0000e+00
     66.000    10.9737   3.637368    32.3428       3015     2.0934     2.3135     2.1633 0.0000e+00
     65.000    10.9746   3.637363    32.3424       3044     2.1134     2.3147     2.1645 0.0000e+00
     64.000    10.9746   3.637314    32.3424       3072     2.1326     2.3141     2.1642 0.0000e+00
     63.000    10.9740   3.637247    32.3427       3098     2.1505     2.3117     2.1659 0.0000e+00
     62.000    10.9741   3.637207    32.3426       3123     2.1678     2.3100     2.1652 0.0000e+00
     61.000    10.9746   3.637191    32.3424       3147     2.1849     2.3107     2.1621 0.0000e+00
     60.000    10.9764   3.637265    32.3420       3174     2.2032     2.3157     2.1639 0.0000e+00
     59.000    10.9788   3.637374    32.3414       3202     2.2228     2.3166     2.1652 0.0000e+00
     58.000    10.9788   3.637355    32.3416       3229     2.2413     2.3151     2.1663 0.0000e+00
     57.000    10.9800   3.637364    32.3411       3254     2.2588     2.3161     2.1683 0.0000e+00
     56.000    10.9831   3.637504    32.3401       3279     2.2761     2.3170     2.1671 0.0000e+00
     55.000    10.9842   3.637546    32.3400       3304     2.2938     2.3174     2.1657 0.0000e+00
     54.000    10.9839   3.637481    32.3401       3331     2.3124     2.3179     2.1692 0.0000e+00
     53.000    10.9850   3.637472    32.3394       3358     2.3311     2.3163     2.1708 0.0000e+00
     52.000    11.0046   3.638446    32.3322       3385     2.3500     2.3149     2.1705 0.0000e+00
     51.000    11.0121   3.639035    32.3319       4266     2.9619     2.3248     2.1716 0.0000e+00
     50.000    11.0068   3.638544    32.3321       4523     3.1400     2.3263     2.1685 0.0000e+00
     49.000    11.0135   3.638831    32.3294       4548     3.1579     2.3251     2.1685 0.0000e+00
     48.000    11.0270   3.639567    32.3253       4572     3.1744     2.3249     2.1672 0.0000e+00
     47.000    11.0343   3.640027    32.3239       4594     3.1899     2.3256     2.1679 0.0000e+00
     46.000    11.0409   3.640418    32.3223       4617     3.2057     2.3235     2.1707 0.0000e+00
     45.000    11.0483   3.640813    32.3201       4641     3.2224     2.3235     2.1739 0.0000e+00
     44.000    11.0593   3.641414    32.3168       4667     3.2403     2.3266     2.1757 0.0000e+00
     43.000    11.0808   3.642684    32.3108       4696     3.2602     2.3297     2.1771 0.0000e+00
     42.000    11.1249   3.645194    32.2973       4728     3.2824     2.3332     2.1799 0.0000e+00
     41.000    11.1523   3.646789    32.2894       4756     3.3022     2.3353     2.1835 0.0000e+00
     40.000    11.1866   3.648883    32.2803       4779     3.3183     2.3386     2.1861 0.0000e+00
     39.000    11.2169   3.650613    32.2712       4801     3.3331     2.3413     2.1874 0.0000e+00
     38.000    11.3191   3.656327    32.2383       4823     3.3483     2.3458     2.1881 0.0000e+00
     37.000    11.4484   3.664561    32.2066       4848     3.3659     2.3537     2.1911 0.0000e+00
     36.000    11.7140   3.680969    32.1364       4877     3.3863     2.3685     2.1991 0.0000e+00
     35.000    11.8663   3.690139    32.0941       4906     3.4064     2.3876     2.2117 0.0000e+00
     34.000    11.9469   3.694739    32.0695       4933     3.4250     2.4034     2.2294 0.0000e+00
     33.000    11.9810   3.696423    32.0569       4958     3.4423     2.4202     2.2477 0.0000e+00
     32.000    11.9942   3.696997    32.0515       4982     3.4587     2.4338     2.2626 0.0000e+00
     31.000    12.0144   3.697863    32.0429       5006     3.4757     2.4454     2.2754 0.0000e+00
     30.000    12.0300   3.698706    32.0380       5035     3.4955     2.4586     2.2876 0.0000e+00
     29.000    12.0478   3.699791    32.0336       5065     3.5170     2.4695     2.2991 0.0000e+00
     28.000    12.0799   3.701238    32.0204       5092     3.5355     2.4775     2.3063 0.0000e+00
     27.000    12.0968   3.702133    32.0149       5116     3.5519     2.4826     2.3138 0.0000e+00
     26.000    12.1100   3.702914    32.0116       5139     3.5680     2.4843     2.3199 0.0000e+00
     25.000    12.1170   3.703437    32.0110       5163     3.5848     2.4882     2.3241 0.0000e+00
     24.000    12.1266   3.704068    32.0093       5191     3.6040     2.4919     2.3288 0.0000e+00
     23.000    12.1274   3.704117    32.0095       5220     3.6245     2.4953     2.3343 0.0000e+00
     22.000    12.1284   3.704114    32.0090       5247     3.6429     2.4984     2.3376 0.0000e+00
     21.000    12.1296   3.704142    32.0087       5272     3.6604     2.5004     2.3408 0.0000e+00
     20.000    12.1314   3.704182    32.0079       5298     3.6786     2.5034     2.3411 0.0000e+00
     19.000    12.1326   3.704242    32.0079       5325     3.6971     2.5030     2.3411 0.0000e+00
     18.000    12.1336   3.704260    32.0076       5351     3.7150     2.5042     2.3424 0.0000e+00
     17.000    12.1351   3.704072    32.0049       5376     3.7330     2.5066     2.3440 0.0000e+00
     16.000    12.1414   3.704089    32.0001       5403     3.7516     2.5068     2.3444 0.0000e+00
     15.000    12.1546   3.704808    31.9961       5430     3.7702     2.5101     2.3453 0.0000e+00
     14.000    12.1742   3.706219    31.9933       5456     3.7878     2.5158     2.3483 0.0000e+00
     13.000    12.1967   3.707793    31.9896       5480     3.8046     2.5189     2.3494 0.0000e+00
     12.000    12.3033   3.716574    31.9831       5504     3.8217     2.5206     2.3504 0.0000e+00
     11.000    12.4077   3.726191    31.9864       5531     3.8400     2.5283     2.3545 0.0000e+00
     10.000    12.4409   3.730009    31.9949       5559     3.8598     2.5368     2.3626 0.0000e+00
      9.000    12.4515   3.731255    31.9982       5587     3.8794     2.5468     2.3713 0.0000e+00
      8.000    12.4682   3.732609    31.9974       5614     3.8978     2.5555     2.3797 0.0000e+00
      7.000    12.4684   3.732772    31.9991       5639     3.9156     2.5596     2.3846 0.0000e+00
      6.000    12.4719   3.733130    32.0000       5664     3.9329     2.5605     2.3873 0.0000e+00
      5.000    12.4698   3.732990    32.0008       5689     3.9500     2.5599     2.3909 0.0000e+00
      4.000    12.4699   3.732997    32.0012       5714     3.9672     2.5608     2.3941 0.0000e+00
      3.000    12.4744   3.733619    32.0037       5923     4.1128     2.5596     2.3954 0.0000e+00
