HB2407/CTD112.cnv
* Sea-Bird SBE 9 Data File:
* FileName = C:\cruise\data\CTD112.hex
* Software Version Seasave V 7.26.7.121
* Temperature SN = 4591
* Conductivity SN = 6006
* Number of Bytes Per Scan = 37
* Number of Voltage Words = 4
* Number of Scans Averaged by the Deck Unit = 1
* NMEA Latitude = 39 56.22 N
* NMEA Longitude = 071 29.10 W
* NMEA UTC (Time) = Oct 07 2024 10:43:55
* NMEA baud rate = 4800
** Ship: Bigelow HB2407
** Program:  Fall Bottom Trawl Survey
** Chief Scientist: John Galbraith
# nquan = 9
# nvalues = 380                         
# units = specified
# name 0 = depSM: Depth [salt water, m]
# name 1 = t090C: Temperature [ITS-90, deg C]
# name 2 = c0S/m: Conductivity [S/m]
# name 3 = sal00: Salinity, Practical [PSU]
# name 4 = scan: Scan Count
# name 5 = timeM: Time, Elapsed [minutes]
# name 6 = sbeox0V: Oxygen raw, SBE 43 [V]
# name 7 = sbeox1V: Oxygen raw, SBE 43, 2 [V]
# name 8 = flag: flag
# span 0 =      2.000,    192.000       
# span 1 =    14.8056,    25.5381       
# span 2 =   4.328171,   5.472684       
# span 3 =    34.6952,    36.3626       
# span 4 =        638,      13238       
# span 5 =     0.4421,     9.1924       
# span 6 =     1.7458,     2.5763       
# span 7 =     1.6192,     2.3837       
# span 8 = 0.0000e+00, 0.0000e+00       
# interval = meters: 1                  
# start_time = Oct 07 2024 10:43:55 [NMEA time, header]
# bad_flag = -9.990e-29
*END*
[from data line 321]
     60.000    15.6437   4.337534    34.8170      11309     7.8530     2.1815     2.0019 0.0000e+00
     59.000    15.6237   4.328171    34.7510      11333     7.8692     2.2085     2.0219 0.0000e+00
     58.000    15.7465   4.334664    34.7015      11363     7.8906     2.2367     2.0450 0.0000e+00
     57.000    15.9508   4.353969    34.6952      11400     7.9159     2.2598     2.0762 0.0000e+00
     56.000    16.5624   4.420719    34.7528      11430     7.9371     2.2775     2.0959 0.0000e+00
     55.000    17.2791   4.508264    34.8971      11456     7.9547     2.3050     2.1089 0.0000e+00
     54.000    17.4302   4.526993    34.9293      11480     7.9715     2.3202     2.1222 0.0000e+00
     53.000    17.7498   4.564534    34.9777      11508     7.9909     2.3248     2.1297 0.0000e+00
     52.000    18.7593   4.676830    35.0698      11543     8.0151     2.3560     2.1455 0.0000e+00
     51.000    18.8767   4.691141    35.0908      11579     8.0403     2.3630     2.1671 0.0000e+00
     50.000    19.2872   4.726193    35.0370      11611     8.0628     2.3697     2.1801 0.0000e+00
     49.000    19.8281   4.779307    35.0228      11643     8.0850     2.4036     2.2049 0.0000e+00
     48.000    20.6461   4.869229    35.0770      11672     8.1051     2.4482     2.2296 0.0000e+00
     47.000    21.7605   5.003238    35.2331      11695     8.1210     2.4913     2.2554 0.0000e+00
     46.000    22.7397   5.134399    35.4649      11717     8.1358     2.5380     2.2870 0.0000e+00
     45.000    23.5075   5.239065    35.6522      11739     8.1514     2.5763     2.3212 0.0000e+00
     44.000    23.7773   5.275861    35.7163      11766     8.1702     2.5620     2.3440 0.0000e+00
     43.000    23.8448   5.278157    35.6799      11801     8.1948     2.5422     2.3455 0.0000e+00
     42.000    23.8298   5.267679    35.6125      11839     8.2211     2.5465     2.3511 0.0000e+00
     41.000    23.8906   5.266854    35.5579      11871     8.2433     2.5585     2.3546 0.0000e+00
     40.000    24.0093   5.278376    35.5509      11900     8.2634     2.5673     2.3601 0.0000e+00
     39.000    24.2292   5.305045    35.5776      11927     8.2822     2.5725     2.3632 0.0000e+00
     38.000    24.3850   5.324849    35.6032      11956     8.3021     2.5669     2.3749 0.0000e+00
     37.000    24.5274   5.342911    35.6260      11990     8.3258     2.5641     2.3837 0.0000e+00
     36.000    24.6108   5.352613    35.6330      12028     8.3523     2.5656     2.3818 0.0000e+00
     35.000    24.7712   5.369111    35.6296      12059     8.3738     2.5568     2.3810 0.0000e+00
     34.000    24.9311   5.388792    35.6503      12083     8.3902     2.5605     2.3835 0.0000e+00
     33.000    25.0278   5.400804    35.6636      12106     8.4060     2.5624     2.3768 0.0000e+00
     32.000    25.1773   5.420299    35.6908      12131     8.4236     2.5604     2.3703 0.0000e+00
     31.000    25.2751   5.433596    35.7125      12161     8.4444     2.5453     2.3664 0.0000e+00
     30.000    25.3051   5.438531    35.7258      12191     8.4655     2.5351     2.3594 0.0000e+00
     29.000    25.3710   5.447761    35.7424      12221     8.4859     2.5299     2.3547 0.0000e+00
     28.000    25.4327   5.456128    35.7560      12252     8.5076     2.5282     2.3506 0.0000e+00
     27.000    25.4546   5.459894    35.7669      12286     8.5311     2.5277     2.3495 0.0000e+00
     26.000    25.3383   5.441323    35.7216      12316     8.5521     2.5257     2.3512 0.0000e+00
     25.000    25.2110   5.418242    35.6513      12341     8.5695     2.5246     2.3511 0.0000e+00
     24.000    25.1402   5.404936    35.6086      12366     8.5866     2.5230     2.3433 0.0000e+00
     23.000    25.1222   5.401072    35.5945      12396     8.6077     2.5215     2.3382 0.0000e+00
     22.000    25.1155   5.399489    35.5883      12434     8.6339     2.5271     2.3435 0.0000e+00
     21.000    25.1104   5.398741    35.5871      12465     8.6558     2.5258     2.3512 0.0000e+00
     20.000    25.1162   5.399716    35.5901      12491     8.6738     2.5328     2.3483 0.0000e+00
     19.000    25.1208   5.400415    35.5920      12518     8.6926     2.5283     2.3486 0.0000e+00
     18.000    25.1207   5.400423    35.5924      12549     8.7140     2.5226     2.3455 0.0000e+00
     17.000    25.1158   5.399724    35.5914      12578     8.7344     2.5250     2.3481 0.0000e+00
     16.000    25.1133   5.399210    35.5900      12605     8.7531     2.5298     2.3514 0.0000e+00
     15.000    25.1115   5.398934    35.5896      12633     8.7723     2.5311     2.3510 0.0000e+00
     14.000    25.1088   5.398600    35.5896      12662     8.7926     2.5309     2.3500 0.0000e+00
     13.000    25.0990   5.397266    35.5877      12694     8.8146     2.5366     2.3545 0.0000e+00
     12.000    25.0963   5.396910    35.5876      12726     8.8365     2.5364     2.3551 0.0000e+00
     11.000    25.0907   5.396242    35.5873      12754     8.8562     2.5344     2.3538 0.0000e+00
     10.000    25.0868   5.395865    35.5879      12780     8.8741     2.5345     2.3481 0.0000e+00
      9.000    25.0837   5.395450    35.5875      12808     8.8938     2.5347     2.3542 0.0000e+00
      8.000    25.0845   5.395556    35.5881      12843     8.9179     2.5306     2.3548 0.0000e+00
      7.000    25.0850   5.395631    35.5885      12875     8.9404     2.5298     2.3534 0.0000e+00
      6.000    25.0899   5.396118    35.5887      12903     8.9599     2.5335     2.3518 0.0000e+00
      5.000    25.0928   5.396411    35.5889      12939     8.9851     2.5330     2.3507 0.0000e+00
      4.000    25.1041   5.397568    35.5889      12990     9.0201     2.5366     2.3535 0.0000e+00
      3.000    25.1194   5.399310    35.5901      13036     9.0520     2.5377     2.3558 0.0000e+00
      2.000    25.1312   5.400709    35.5915      13238     9.1924     2.5382     2.3516 0.0000e+00
