HB2407/CTD166.cnv
* Sea-Bird SBE 9 Data File:
* FileName = C:\cruise\data\CTD166.hex
* Software Version Seasave V 7.26.7.121
* Temperature SN = 4591
* Conductivity SN = 6006
* Number of Bytes Per Scan = 37
* Number of Voltage Words = 4
* Number of Scans Averaged by the Deck Unit = 1
* NMEA Latitude = 43 24.81 N
* NMEA Longitude = 068 25.91 W
* NMEA UTC (Time) = Oct 19 2024 10:04:18
* NMEA baud rate = 4800
** Ship: Bigelow HB2407
** Program:  Fall Bottom Trawl Survey
** Chief Scientist: John Galbraith
# nquan = 9
# nvalues = 347                         
# units = specified
# name 0 = depSM: Depth [salt water, m]
# name 1 = t090C: Temperature [ITS-90, deg C]
# name 2 = c0S/m: Conductivity [S/m]
# name 3 = sal00: Salinity, Practical [PSU]
# name 4 = scan: Scan Count
# name 5 = timeM: Time, Elapsed [minutes]
# name 6 = sbeox0V: Oxygen raw, SBE 43 [V]
# name 7 = sbeox1V: Oxygen raw, SBE 43, 2 [V]
# name 8 = flag: flag
# span 0 =      2.000,    175.000       
# span 1 =     7.4621,    13.5086       
# span 2 =   3.420112,   3.834303       
# span 3 =    32.0440,    33.9533       
# span 4 =       -115,       9908       
# span 5 =    -0.0806,     6.8800       
# span 6 =     1.7741,     2.5642       
# span 7 =     1.6439,     2.3695       
# span 8 = 0.0000e+00, 0.0000e+00       
# interval = meters: 1                  
# start_time = Oct 19 2024 10:04:18 [NMEA time, header]
# bad_flag = -9.990e-29
*END*
[from data line 161]
    163.000     7.8525   3.517221    33.9491       4780     3.3184     1.7814     1.6466 0.0000e+00
    164.000     7.8530   3.517379    33.9498       4832     3.3552     1.7805     1.6471 0.0000e+00
    165.000     7.8541   3.517650    33.9513       4873     3.3831     1.7780     1.6470 0.0000e+00
    166.000     7.8544   3.517773    33.9518       4888     3.3936     1.7776     1.6471 0.0000e+00
    167.000     7.8549   3.517879    33.9519       4901     3.4030     1.7776     1.6469 0.0000e+00
    168.000     7.8556   3.518029    33.9523       4914     3.4121     1.7779     1.6464 0.0000e+00
    169.000     7.8560   3.518154    33.9528       4929     3.4224     1.7776     1.6461 0.0000e+00
    170.000     7.8562   3.518209    33.9527       4950     3.4371     1.7762     1.6455 0.0000e+00
    171.000     7.8565   3.518280    33.9527       5025     3.4892     1.7764     1.6458 0.0000e+00
    172.000     7.8564   3.518335    33.9529       5057     3.5109     1.7756     1.6458 0.0000e+00
    173.000     7.8564   3.518374    33.9529       5072     3.5214     1.7748     1.6452 0.0000e+00
    174.000     7.8566   3.518436    33.9529       5086     3.5310     1.7741     1.6448 0.0000e+00
    175.000     7.8571   3.518570    33.9533       5131     3.5626     1.7758     1.6445 0.0000e+00
    174.000     7.8569   3.518474    33.9530       5326     3.6979     1.7785     1.6449 0.0000e+00
    173.000     7.8568   3.518419    33.9529       5461     3.7915     1.7790     1.6460 0.0000e+00
    172.000     7.8569   3.518367    33.9528       5493     3.8140     1.7786     1.6458 0.0000e+00
    171.000     7.8568   3.518326    33.9529       5523     3.8346     1.7785     1.6449 0.0000e+00
    170.000     7.8564   3.518222    33.9527       5549     3.8524     1.7796     1.6439 0.0000e+00
    169.000     7.8562   3.518138    33.9525       5571     3.8677     1.7799     1.6440 0.0000e+00
    168.000     7.8559   3.518080    33.9526       5593     3.8835     1.7797     1.6447 0.0000e+00
    167.000     7.8557   3.518010    33.9526       5628     3.9077     1.7803     1.6454 0.0000e+00
    166.000     7.8556   3.517940    33.9524       5674     3.9399     1.7791     1.6457 0.0000e+00
    165.000     7.8557   3.517889    33.9522       5698     3.9563     1.7780     1.6457 0.0000e+00
    164.000     7.8556   3.517856    33.9524       5716     3.9689     1.7785     1.6457 0.0000e+00
    163.000     7.8554   3.517801    33.9525       5733     3.9808     1.7790     1.6458 0.0000e+00
    162.000     7.8544   3.517594    33.9517       5752     3.9938     1.7789     1.6459 0.0000e+00
    161.000     7.8540   3.517439    33.9510       5776     4.0103     1.7784     1.6469 0.0000e+00
    160.000     7.8530   3.517233    33.9502       5810     4.0343     1.7783     1.6480 0.0000e+00
    159.000     7.8525   3.517077    33.9496       5848     4.0604     1.7815     1.6483 0.0000e+00
    158.000     7.8516   3.516831    33.9483       5872     4.0773     1.7821     1.6485 0.0000e+00
    157.000     7.8516   3.516797    33.9484       5892     4.0911     1.7810     1.6484 0.0000e+00
    156.000     7.8500   3.516480    33.9470       5913     4.1054     1.7798     1.6472 0.0000e+00
    155.000     7.8480   3.515968    33.9439       5938     4.1230     1.7792     1.6469 0.0000e+00
    154.000     7.8478   3.515847    33.9432       5972     4.1462     1.7786     1.6460 0.0000e+00
    153.000     7.8449   3.515258    33.9402       6007     4.1707     1.7788     1.6472 0.0000e+00
    152.000     7.8380   3.513757    33.9313       6033     4.1890     1.7800     1.6479 0.0000e+00
    151.000     7.8378   3.513564    33.9299       6052     4.2022     1.7813     1.6478 0.0000e+00
    150.000     7.8360   3.513263    33.9289       6068     4.2130     1.7815     1.6477 0.0000e+00
    149.000     7.8335   3.512555    33.9242       6083     4.2235     1.7813     1.6477 0.0000e+00
    148.000     7.8320   3.511897    33.9191       6099     4.2351     1.7822     1.6477 0.0000e+00
    147.000     7.8297   3.511015    33.9124       6146     4.2673     1.7808     1.6485 0.0000e+00
    146.000     7.8254   3.509530    33.9011       6208     4.3106     1.7820     1.6509 0.0000e+00
    145.000     7.8199   3.508090    33.8914       6224     4.3218     1.7841     1.6508 0.0000e+00
    144.000     7.8126   3.506895    33.8861       6239     4.3321     1.7851     1.6508 0.0000e+00
    143.000     7.8038   3.505103    33.8759       6253     4.3418     1.7858     1.6517 0.0000e+00
    142.000     7.8020   3.504421    33.8708       6267     4.3517     1.7860     1.6520 0.0000e+00
    141.000     7.8011   3.503920    33.8667       6284     4.3631     1.7862     1.6527 0.0000e+00
    140.000     7.7873   3.501501    33.8547       6311     4.3822     1.7870     1.6542 0.0000e+00
    139.000     7.7593   3.496698    33.8306       6379     4.4294     1.7897     1.6556 0.0000e+00
    138.000     7.7531   3.495889    33.8284       6406     4.4476     1.7899     1.6564 0.0000e+00
    137.000     7.7346   3.493043    33.8162       6423     4.4597     1.7897     1.6567 0.0000e+00
    136.000     7.7209   3.490822    33.8061       6438     4.4702     1.7896     1.6566 0.0000e+00
    135.000     7.7025   3.488270    33.7969       6453     4.4805     1.7890     1.6559 0.0000e+00
    134.000     7.6826   3.484902    33.7804       6469     4.4917     1.7886     1.6552 0.0000e+00
    133.000     7.6651   3.482097    33.7677       6491     4.5068     1.7874     1.6542 0.0000e+00
    132.000     7.6427   3.477987    33.7456       6535     4.5374     1.7868     1.6522 0.0000e+00
    131.000     7.6346   3.476023    33.7327       6579     4.5683     1.7868     1.6550 0.0000e+00
    130.000     7.6366   3.475796    33.7288       6607     4.5872     1.7900     1.6580 0.0000e+00
    129.000     7.6246   3.473247    33.7134       6628     4.6023     1.7928     1.6604 0.0000e+00
    128.000     7.6163   3.471370    33.7017       6646     4.6146     1.7948     1.6621 0.0000e+00
    127.000     7.6138   3.470788    33.6984       6661     4.6253     1.7969     1.6636 0.0000e+00
    126.000     7.6121   3.470301    33.6952       6677     4.6359     1.7984     1.6656 0.0000e+00
    125.000     7.6117   3.469880    33.6915       6694     4.6482     1.8018     1.6676 0.0000e+00
    124.000     7.6060   3.468811    33.6860       6744     4.6829     1.8080     1.6731 0.0000e+00
    123.000     7.6030   3.467948    33.6801       6802     4.7226     1.8121     1.6771 0.0000e+00
    122.000     7.6027   3.467705    33.6781       6818     4.7337     1.8140     1.6781 0.0000e+00
    121.000     7.6045   3.467407    33.6737       6833     4.7444     1.8154     1.6795 0.0000e+00
    120.000     7.6085   3.467423    33.6706       6848     4.7551     1.8156     1.6812 0.0000e+00
    119.000     7.6095   3.467348    33.6692       6865     4.7666     1.8160     1.6820 0.0000e+00
    118.000     7.6110   3.466519    33.6593       6883     4.7792     1.8156     1.6826 0.0000e+00
    117.000     7.6047   3.465285    33.6526       6904     4.7937     1.8158     1.6828 0.0000e+00
    116.000     7.5745   3.460422    33.6298       6935     4.8155     1.8184     1.6848 0.0000e+00
    115.000     7.5471   3.455598    33.6046       6990     4.8535     1.8243     1.6909 0.0000e+00
    114.000     7.5478   3.455225    33.6004       7027     4.8789     1.8296     1.6961 0.0000e+00
    113.000     7.5200   3.450018    33.5715       7048     4.8938     1.8320     1.6986 0.0000e+00
    112.000     7.5134   3.448592    33.5629       7067     4.9068     1.8340     1.7009 0.0000e+00
    111.000     7.5071   3.447538    33.5581       7085     4.9192     1.8370     1.7028 0.0000e+00
    110.000     7.4997   3.446132    33.5506       7102     4.9313     1.8407     1.7050 0.0000e+00
    109.000     7.4994   3.445874    33.5485       7120     4.9435     1.8459     1.7071 0.0000e+00
    108.000     7.5007   3.445854    33.5476       7139     4.9568     1.8508     1.7105 0.0000e+00
    107.000     7.4994   3.445669    33.5473       7164     4.9745     1.8564     1.7149 0.0000e+00
    106.000     7.4942   3.444449    33.5396       7213     5.0084     1.8636     1.7194 0.0000e+00
    105.000     7.4950   3.444352    33.5382       7257     5.0390     1.8656     1.7233 0.0000e+00
    104.000     7.4955   3.444175    33.5363       7280     5.0550     1.8651     1.7241 0.0000e+00
    103.000     7.4953   3.443999    33.5351       7300     5.0685     1.8657     1.7253 0.0000e+00
    102.000     7.4949   3.443791    33.5337       7318     5.0813     1.8670     1.7261 0.0000e+00
    101.000     7.4938   3.443379    33.5308       7337     5.0945     1.8683     1.7273 0.0000e+00
    100.000     7.4916   3.442452    33.5234       7359     5.1094     1.8694     1.7288 0.0000e+00
     99.000     7.4897   3.441668    33.5173       7386     5.1283     1.8716     1.7300 0.0000e+00
     98.000     7.4843   3.440203    33.5071       7416     5.1491     1.8746     1.7313 0.0000e+00
     97.000     7.4767   3.437231    33.4827       7440     5.1659     1.8752     1.7334 0.0000e+00
     96.000     7.4700   3.433918    33.4538       7461     5.1808     1.8764     1.7349 0.0000e+00
     95.000     7.4685   3.432960    33.4454       7486     5.1979     1.8807     1.7349 0.0000e+00
     94.000     7.4674   3.431329    33.4292       7530     5.2281     1.8868     1.7407 0.0000e+00
     93.000     7.4683   3.429725    33.4115       7571     5.2567     1.8948     1.7502 0.0000e+00
     92.000     7.4699   3.428587    33.3982       7592     5.2716     1.8993     1.7535 0.0000e+00
     91.000     7.4699   3.427381    33.3856       7609     5.2831     1.9020     1.7562 0.0000e+00
     90.000     7.4692   3.426233    33.3744       7623     5.2932     1.9042     1.7588 0.0000e+00
     89.000     7.4681   3.425102    33.3636       7638     5.3033     1.9066     1.7613 0.0000e+00
     88.000     7.4685   3.424168    33.3537       7655     5.3153     1.9097     1.7639 0.0000e+00
     87.000     7.4731   3.423406    33.3415       7692     5.3407     1.9169     1.7702 0.0000e+00
     86.000     7.4767   3.422690    33.3308       7746     5.3787     1.9272     1.7793 0.0000e+00
     85.000     7.4744   3.421517    33.3207       7768     5.3940     1.9309     1.7819 0.0000e+00
     84.000     7.4770   3.420789    33.3109       7786     5.4061     1.9336     1.7846 0.0000e+00
     83.000     7.4859   3.420661    33.3014       7803     5.4178     1.9350     1.7861 0.0000e+00
     82.000     7.4970   3.421257    33.2976       7821     5.4309     1.9369     1.7883 0.0000e+00
     81.000     7.5123   3.422218    33.2939       7850     5.4506     1.9422     1.7924 0.0000e+00
     80.000     7.5419   3.423551    33.2804       7900     5.4858     1.9487     1.8018 0.0000e+00
     79.000     7.5411   3.423375    33.2797       7931     5.5066     1.9518     1.8043 0.0000e+00
     78.000     7.5451   3.423485    33.2775       7947     5.5181     1.9533     1.8059 0.0000e+00
     77.000     7.5677   3.423328    33.2547       7961     5.5281     1.9538     1.8071 0.0000e+00
     76.000     7.5766   3.422916    33.2422       7975     5.5378     1.9537     1.8086 0.0000e+00
     75.000     7.5940   3.422451    33.2210       7991     5.5489     1.9537     1.8090 0.0000e+00
     74.000     7.6034   3.422670    33.2149       8015     5.5652     1.9560     1.8098 0.0000e+00
     73.000     7.6424   3.423574    33.1878       8089     5.6168     1.9690     1.8175 0.0000e+00
     72.000     7.6530   3.424066    33.1836       8119     5.6376     1.9738     1.8210 0.0000e+00
     71.000     7.6601   3.424239    33.1791       8134     5.6479     1.9768     1.8226 0.0000e+00
     70.000     7.6722   3.424613    33.1721       8147     5.6572     1.9795     1.8250 0.0000e+00
     69.000     7.6761   3.424685    33.1696       8161     5.6664     1.9821     1.8260 0.0000e+00
     68.000     7.6784   3.424674    33.1678       8174     5.6757     1.9835     1.8273 0.0000e+00
     67.000     7.6792   3.424662    33.1674       8190     5.6869     1.9843     1.8294 0.0000e+00
     66.000     7.7319   3.426949    33.1422       8240     5.7218     1.9895     1.8358 0.0000e+00
     65.000     7.7609   3.428362    33.1303       8305     5.7665     1.9990     1.8445 0.0000e+00
     64.000     7.7675   3.428819    33.1294       8322     5.7783     2.0014     1.8458 0.0000e+00
     63.000     7.7760   3.429269    33.1266       8337     5.7889     2.0031     1.8468 0.0000e+00
     62.000     7.7805   3.429468    33.1250       8351     5.7989     2.0040     1.8484 0.0000e+00
     61.000     7.7836   3.429613    33.1241       8366     5.8092     2.0048     1.8496 0.0000e+00
     60.000     7.7862   3.429757    33.1236       8383     5.8210     2.0054     1.8507 0.0000e+00
     59.000     7.7874   3.429844    33.1239       8406     5.8370     2.0044     1.8523 0.0000e+00
     58.000     7.7908   3.430045    33.1233       8442     5.8615     2.0035     1.8545 0.0000e+00
     57.000     7.8140   3.430573    33.1074       8488     5.8939     2.0060     1.8558 0.0000e+00
     56.000     7.8286   3.430917    33.0977       8530     5.9229     2.0076     1.8567 0.0000e+00
     55.000     7.8770   3.432206    33.0661       8552     5.9383     2.0094     1.8580 0.0000e+00
     54.000     7.9097   3.433226    33.0465       8568     5.9495     2.0109     1.8591 0.0000e+00
     53.000     7.9513   3.434993    33.0266       8583     5.9596     2.0139     1.8610 0.0000e+00
     52.000     7.9798   3.435508    33.0056       8597     5.9697     2.0191     1.8632 0.0000e+00
     51.000     7.9815   3.434481    32.9936       8614     5.9810     2.0260     1.8661 0.0000e+00
     50.000     7.9940   3.433470    32.9714       8645     6.0027     2.0381     1.8740 0.0000e+00
     49.000     8.0154   3.431963    32.9357       8705     6.0442     2.0547     1.8907 0.0000e+00
     48.000     8.0382   3.431223    32.9069       8729     6.0608     2.0588     1.8976 0.0000e+00
     47.000     8.0577   3.431696    32.8940       8747     6.0738     2.0639     1.9015 0.0000e+00
     46.000     8.0904   3.432922    32.8769       8766     6.0866     2.0705     1.9064 0.0000e+00
     45.000     8.1085   3.433286    32.8642       8786     6.1008     2.0783     1.9109 0.0000e+00
     44.000     8.1343   3.433829    32.8462       8810     6.1175     2.0861     1.9175 0.0000e+00
     43.000     8.1905   3.436729    32.8249       8838     6.1371     2.0946     1.9261 0.0000e+00
     42.000     8.2920   3.443474    32.8020       8871     6.1597     2.1038     1.9351 0.0000e+00
     41.000     8.3628   3.448344    32.7879       8904     6.1826     2.1139     1.9417 0.0000e+00
     40.000     8.6180   3.466145    32.7386       8930     6.2008     2.1190     1.9479 0.0000e+00
     39.000     8.6404   3.469004    32.7483       8950     6.2148     2.1272     1.9526 0.0000e+00
     38.000     8.6246   3.468140    32.7544       8969     6.2275     2.1307     1.9564 0.0000e+00
     37.000     8.6873   3.472370    32.7411       8988     6.2411     2.1353     1.9601 0.0000e+00
     36.000     8.7206   3.475547    32.7440       9014     6.2588     2.1414     1.9669 0.0000e+00
     35.000     8.7601   3.478683    32.7407       9049     6.2833     2.1456     1.9738 0.0000e+00
     34.000     8.8402   3.485774    32.7412       9084     6.3077     2.1453     1.9770 0.0000e+00
     33.000     9.1884   3.510277    32.6760       9112     6.3273     2.1497     1.9794 0.0000e+00
     32.000     9.4842   3.536861    32.6800       9136     6.3436     2.1597     1.9841 0.0000e+00
     31.000     9.6384   3.548840    32.6628       9156     6.3579     2.1697     1.9926 0.0000e+00
     30.000     9.6580   3.551995    32.6777       9176     6.3715     2.1797     1.9998 0.0000e+00
     29.000     9.8365   3.565678    32.6556       9196     6.3856     2.1921     2.0071 0.0000e+00
