HB2407/CTD177.cnv
* Sea-Bird SBE 9 Data File:
* FileName = C:\cruise\data\CTD177.hex
* Software Version Seasave V 7.26.7.121
* Temperature SN = 4591
* Conductivity SN = 6006
* Number of Bytes Per Scan = 37
* Number of Voltage Words = 4
* Number of Scans Averaged by the Deck Unit = 1
* NMEA Latitude = 42 12.08 N
* NMEA Longitude = 067 41.89 W
* NMEA UTC (Time) = Oct 29 2024 17:13:47
* NMEA baud rate = 4800
** Ship: Bigelow HB2407
** Program:  Fall Bottom Trawl Survey
** Chief Scientist: John Galbraith
# nquan = 9
# nvalues = 381                         
# units = specified
# name 0 = depSM: Depth [salt water, m]
# name 1 = t090C: Temperature [ITS-90, deg C]
# name 2 = c0S/m: Conductivity [S/m]
# name 3 = sal00: Salinity, Practical [PSU]
# name 4 = scan: Scan Count
# name 5 = timeM: Time, Elapsed [minutes]
# name 6 = sbeox0V: Oxygen raw, SBE 43 [V]
# name 7 = sbeox1V: Oxygen raw, SBE 43, 2 [V]
# name 8 = flag: flag
# span 0 =      1.000,    192.000       
# span 1 =     7.1881,    13.5942       
# span 2 =   3.362531,   3.830639       
# span 3 =    31.9596,    34.6842       
# span 4 =        215,      12540       
# span 5 =     0.1485,     8.7076       
# span 6 =     1.8600,     2.5517       
# span 7 =     1.7428,     2.3922       
# span 8 = 0.0000e+00, 0.0000e+00       
# interval = meters: 1                  
# start_time = Oct 29 2024 17:13:47 [NMEA time, header]
# bad_flag = -9.990e-29
*END*
      3.000    13.5639   3.827934    31.9722        215     0.1485     2.5448     2.3913 0.0000e+00
      4.000    13.5439   3.826261    31.9730        375     0.2598     2.5507     2.3917 0.0000e+00
      5.000    13.5278   3.824890    31.9733        404     0.2796     2.5468     2.3919 0.0000e+00
      6.000    13.5136   3.823674    31.9735        451     0.3122     2.5437     2.3922 0.0000e+00
      7.000    13.5036   3.822848    31.9737        489     0.3388     2.5419     2.3882 0.0000e+00
      8.000    13.5021   3.822742    31.9736        527     0.3653     2.5325     2.3860 0.0000e+00
      9.000    13.4987   3.822484    31.9737        565     0.3916     2.5303     2.3857 0.0000e+00
     10.000    13.4955   3.822282    31.9741        599     0.4154     2.5301     2.3808 0.0000e+00
     11.000    13.4939   3.822185    31.9741        635     0.4402     2.5325     2.3794 0.0000e+00
     12.000    13.4923   3.822084    31.9741        722     0.5010     2.5268     2.3762 0.0000e+00
     13.000    13.4908   3.821988    31.9741        857     0.5945     2.5183     2.3714 0.0000e+00
     14.000    13.4877   3.821803    31.9746        891     0.6178     2.5175     2.3754 0.0000e+00
     15.000    13.4860   3.821723    31.9748        924     0.6408     2.5145     2.3715 0.0000e+00
     16.000    13.4829   3.821546    31.9754        955     0.6625     2.5124     2.3681 0.0000e+00
     17.000    13.4809   3.821433    31.9756        986     0.6837     2.5158     2.3663 0.0000e+00
     18.000    13.4794   3.821354    31.9757       1014     0.7035     2.5133     2.3679 0.0000e+00
     19.000    13.4780   3.821346    31.9764       1041     0.7222     2.5137     2.3677 0.0000e+00
     20.000    13.4742   3.821260    31.9784       1068     0.7410     2.5168     2.3648 0.0000e+00
     21.000    13.4730   3.821272    31.9792       1096     0.7607     2.5165     2.3652 0.0000e+00
     22.000    13.4702   3.821117    31.9797       1127     0.7820     2.5111     2.3631 0.0000e+00
     23.000    13.4663   3.820848    31.9801       1157     0.8027     2.5091     2.3608 0.0000e+00
     24.000    13.4647   3.820766    31.9802       1185     0.8220     2.5047     2.3601 0.0000e+00
     25.000    13.4628   3.820689    31.9807       1212     0.8408     2.5049     2.3580 0.0000e+00
     26.000    13.4625   3.820741    31.9811       1239     0.8597     2.5061     2.3602 0.0000e+00
     27.000    13.4602   3.820650    31.9818       1266     0.8783     2.5082     2.3617 0.0000e+00
     28.000    13.4577   3.820572    31.9827       1293     0.8973     2.5122     2.3589 0.0000e+00
     29.000    13.4561   3.820559    31.9836       1321     0.9165     2.5076     2.3580 0.0000e+00
     30.000    13.4439   3.819923    31.9874       1349     0.9359     2.5008     2.3575 0.0000e+00
     31.000    13.3991   3.816937    31.9968       1378     0.9560     2.4953     2.3533 0.0000e+00
     32.000    13.1686   3.800589    32.0373       1406     0.9754     2.4880     2.3508 0.0000e+00
     33.000    12.8251   3.775706    32.0930       1432     0.9939     2.4716     2.3408 0.0000e+00
     34.000    12.6960   3.765454    32.1053       1459     1.0125     2.4280     2.3097 0.0000e+00
     35.000    12.6452   3.761133    32.1071       1486     1.0315     2.3777     2.2616 0.0000e+00
     36.000    12.6032   3.757777    32.1107       1513     1.0503     2.3439     2.2222 0.0000e+00
     37.000    12.5810   3.756009    32.1124       1540     1.0688     2.3222     2.1968 0.0000e+00
     38.000    12.5009   3.749706    32.1203       1568     1.0880     2.3054     2.1797 0.0000e+00
     39.000    12.3375   3.737412    32.1422       1597     1.1083     2.2966     2.1675 0.0000e+00
     40.000    12.2059   3.727381    32.1586       1625     1.1276     2.2829     2.1566 0.0000e+00
     41.000    12.1239   3.721089    32.1683       1652     1.1463     2.2681     2.1440 0.0000e+00
     42.000    12.0473   3.715220    32.1774       1679     1.1654     2.2534     2.1319 0.0000e+00
     43.000    11.9460   3.707563    32.1905       1707     1.1847     2.2414     2.1185 0.0000e+00
     44.000    11.8716   3.701791    32.1985       1734     1.2036     2.2313     2.1087 0.0000e+00
     45.000    11.7270   3.690460    32.2135       1761     1.2225     2.2227     2.0993 0.0000e+00
     46.000    11.5203   3.674569    32.2380       1787     1.2406     2.2164     2.0905 0.0000e+00
     47.000    11.3589   3.661785    32.2533       1814     1.2587     2.2033     2.0817 0.0000e+00
     48.000    11.2327   3.651565    32.2629       1840     1.2771     2.1901     2.0691 0.0000e+00
     49.000    11.2010   3.648796    32.2631       1867     1.2961     2.1772     2.0545 0.0000e+00
     50.000    11.1517   3.644645    32.2650       1896     1.3162     2.1680     2.0437 0.0000e+00
     51.000    11.0659   3.637464    32.2690       1926     1.3368     2.1626     2.0386 0.0000e+00
     52.000    10.9896   3.630285    32.2648       1953     1.3557     2.1587     2.0340 0.0000e+00
     53.000    10.8582   3.618314    32.2614       1979     1.3737     2.1531     2.0313 0.0000e+00
     54.000    10.5959   3.595259    32.2631       2005     1.3916     2.1506     2.0277 0.0000e+00
     55.000    10.3319   3.573475    32.2786       2031     1.4096     2.1435     2.0225 0.0000e+00
     56.000    10.2415   3.566837    32.2919       2059     1.4289     2.1385     2.0205 0.0000e+00
     57.000    10.1765   3.562401    32.3046       2086     1.4481     2.1384     2.0196 0.0000e+00
     58.000    10.0735   3.555784    32.3293       2112     1.4658     2.1389     2.0187 0.0000e+00
     59.000     9.8498   3.542138    32.3911       2137     1.4832     2.1373     2.0151 0.0000e+00
     60.000     9.7123   3.533288    32.4242       2163     1.5015     2.1309     2.0092 0.0000e+00
     61.000     9.6359   3.528179    32.4405       2192     1.5215     2.1202     2.0003 0.0000e+00
     62.000     9.6183   3.527014    32.4440       2221     1.5416     2.1115     1.9910 0.0000e+00
     63.000     9.5963   3.525822    32.4513       2249     1.5609     2.1073     1.9849 0.0000e+00
     64.000     9.5681   3.524361    32.4615       2275     1.5794     2.1055     1.9809 0.0000e+00
     65.000     9.5406   3.522801    32.4699       2301     1.5973     2.1017     1.9780 0.0000e+00
     66.000     9.5235   3.521748    32.4741       2326     1.6146     2.0977     1.9749 0.0000e+00
     67.000     9.5031   3.520233    32.4766       2351     1.6321     2.0956     1.9743 0.0000e+00
     68.000     9.4774   3.518546    32.4822       2378     1.6507     2.0972     1.9734 0.0000e+00
     69.000     9.4528   3.517257    32.4908       2407     1.6706     2.0989     1.9720 0.0000e+00
     70.000     9.4376   3.516446    32.4958       2433     1.6892     2.0985     1.9708 0.0000e+00
     71.000     9.4058   3.514817    32.5075       2460     1.7074     2.0984     1.9705 0.0000e+00
     72.000     9.3516   3.511311    32.5203       2488     1.7271     2.0989     1.9700 0.0000e+00
     73.000     9.2589   3.505385    32.5431       2516     1.7467     2.0989     1.9698 0.0000e+00
     74.000     9.1839   3.500041    32.5558       2543     1.7650     2.0956     1.9692 0.0000e+00
     75.000     9.0864   3.492735    32.5688       2569     1.7832     2.0925     1.9688 0.0000e+00
     76.000     8.9726   3.483430    32.5760       2596     1.8020     2.0922     1.9700 0.0000e+00
     77.000     8.8820   3.475292    32.5740       2623     1.8211     2.0939     1.9716 0.0000e+00
     78.000     8.7085   3.460086    32.5742       2650     1.8398     2.0995     1.9736 0.0000e+00
     79.000     8.5500   3.446104    32.5733       2677     1.8581     2.1018     1.9752 0.0000e+00
     80.000     8.4146   3.433637    32.5668       2703     1.8762     2.1041     1.9762 0.0000e+00
     81.000     8.2744   3.423417    32.5882       2729     1.8944     2.1064     1.9776 0.0000e+00
     82.000     8.1322   3.412720    32.6065       2755     1.9128     2.1121     1.9811 0.0000e+00
     83.000     8.0696   3.407877    32.6129       2783     1.9316     2.1180     1.9857 0.0000e+00
     84.000     8.0167   3.403787    32.6182       2811     1.9514     2.1232     1.9922 0.0000e+00
     85.000     7.9489   3.399145    32.6315       2839     1.9712     2.1248     1.9969 0.0000e+00
     86.000     7.8650   3.393326    32.6473       2867     1.9901     2.1294     1.9998 0.0000e+00
     87.000     7.8154   3.389477    32.6520       2892     2.0078     2.1321     2.0034 0.0000e+00
     88.000     7.7832   3.387262    32.6581       2918     2.0255     2.1339     2.0068 0.0000e+00
     89.000     7.7511   3.385037    32.6638       2945     2.0446     2.1366     2.0105 0.0000e+00
     90.000     7.7085   3.382543    32.6766       2972     2.0635     2.1412     2.0130 0.0000e+00
     91.000     7.6587   3.379772    32.6931       2998     2.0815     2.1425     2.0131 0.0000e+00
     92.000     7.5946   3.377940    32.7332       3025     2.0997     2.1415     2.0134 0.0000e+00
     93.000     7.5062   3.375225    32.7868       3052     2.1186     2.1398     2.0124 0.0000e+00
     94.000     7.4630   3.372927    32.8023       3079     2.1378     2.1357     2.0099 0.0000e+00
     95.000     7.4472   3.372207    32.8090       3108     2.1575     2.1270     2.0029 0.0000e+00
     96.000     7.4166   3.371551    32.8305       3136     2.1767     2.1157     1.9928 0.0000e+00
     97.000     7.3635   3.369330    32.8562       3161     2.1942     2.1077     1.9855 0.0000e+00
     98.000     7.3014   3.365017    32.8680       3186     2.2116     2.1019     1.9784 0.0000e+00
     99.000     7.2658   3.362531    32.8744       3212     2.2299     2.0934     1.9712 0.0000e+00
    100.000     7.2567   3.363021    32.8878       3240     2.2494     2.0900     1.9652 0.0000e+00
    101.000     7.2646   3.363833    32.8886       3268     2.2686     2.0892     1.9622 0.0000e+00
    102.000     7.2950   3.367682    32.9010       3294     2.2866     2.0908     1.9603 0.0000e+00
    103.000     7.3228   3.371671    32.9174       3320     2.3049     2.0916     1.9596 0.0000e+00
    104.000     7.3334   3.373827    32.9302       3348     2.3243     2.0898     1.9603 0.0000e+00
    105.000     7.3933   3.381297    32.9536       3375     2.3430     2.0888     1.9600 0.0000e+00
    106.000     7.4176   3.386824    32.9898       3401     2.3614     2.0928     1.9602 0.0000e+00
    107.000     7.4100   3.387457    33.0034       3429     2.3805     2.0966     1.9628 0.0000e+00
    108.000     7.4027   3.387932    33.0150       3456     2.3996     2.0990     1.9662 0.0000e+00
    109.000     7.3911   3.387661    33.0226       3483     2.4183     2.0999     1.9691 0.0000e+00
    110.000     7.3817   3.387502    33.0294       3508     2.4356     2.1007     1.9705 0.0000e+00
    111.000     7.3728   3.388167    33.0446       3532     2.4524     2.1017     1.9707 0.0000e+00
    112.000     7.3495   3.387488    33.0590       3559     2.4711     2.1016     1.9707 0.0000e+00
    113.000     7.3325   3.387934    33.0797       3588     2.4911     2.1014     1.9722 0.0000e+00
    114.000     7.3557   3.391769    33.0985       3615     2.5100     2.1002     1.9731 0.0000e+00
    115.000     7.3733   3.396607    33.1337       3642     2.5288     2.1015     1.9740 0.0000e+00
    116.000     7.3773   3.400395    33.1704       3671     2.5488     2.1052     1.9742 0.0000e+00
    117.000     7.3751   3.400918    33.1777       3699     2.5677     2.1082     1.9739 0.0000e+00
    118.000     7.3701   3.401090    33.1838       3724     2.5854     2.1061     1.9744 0.0000e+00
    119.000     7.3668   3.400994    33.1855       3750     2.6033     2.1040     1.9760 0.0000e+00
    120.000     7.3597   3.400721    33.1888       3777     2.6223     2.1031     1.9770 0.0000e+00
    121.000     7.3579   3.400714    33.1900       3804     2.6410     2.1033     1.9769 0.0000e+00
    122.000     7.3546   3.400613    33.1915       3830     2.6588     2.1021     1.9775 0.0000e+00
    123.000     7.3505   3.400460    33.1934       3855     2.6762     2.1023     1.9775 0.0000e+00
    124.000     7.3422   3.401122    33.2080       3880     2.6940     2.1025     1.9771 0.0000e+00
    125.000     7.3174   3.404721    33.2704       3908     2.7131     2.1010     1.9760 0.0000e+00
    126.000     7.3156   3.412248    33.3533       3937     2.7337     2.1013     1.9755 0.0000e+00
    127.000     7.2972   3.412750    33.3760       3967     2.7539     2.1048     1.9762 0.0000e+00
    128.000     7.2967   3.413373    33.3828       3995     2.7734     2.1081     1.9792 0.0000e+00
    129.000     7.2931   3.413663    33.3889       4021     2.7918     2.1125     1.9827 0.0000e+00
    130.000     7.2746   3.413250    33.4018       4046     2.8088     2.1159     1.9856 0.0000e+00
    131.000     7.2470   3.413694    33.4328       4070     2.8256     2.1190     1.9878 0.0000e+00
    132.000     7.2333   3.414106    33.4501       4096     2.8435     2.1190     1.9900 0.0000e+00
    133.000     7.2199   3.415770    33.4807       4123     2.8624     2.1198     1.9919 0.0000e+00
    134.000     7.2071   3.418535    33.5226       4150     2.8814     2.1208     1.9930 0.0000e+00
    135.000     7.2064   3.419253    33.5306       4177     2.9003     2.1224     1.9927 0.0000e+00
    136.000     7.1881   3.419113    33.5464       4205     2.9191     2.1239     1.9931 0.0000e+00
    137.000     7.1886   3.420513    33.5607       4232     2.9382     2.1246     1.9934 0.0000e+00
    138.000     7.2123   3.426040    33.5974       4259     2.9572     2.1257     1.9940 0.0000e+00
    139.000     7.2137   3.429101    33.6289       4287     2.9760     2.1270     1.9944 0.0000e+00
    140.000     7.2126   3.433438    33.6768       4313     2.9948     2.1286     1.9938 0.0000e+00
    141.000     7.2147   3.435947    33.7015       4339     3.0128     2.1277     1.9929 0.0000e+00
    142.000     7.2151   3.436421    33.7058       4366     3.0311     2.1246     1.9912 0.0000e+00
    143.000     7.2162   3.436722    33.7075       4392     3.0495     2.1190     1.9889 0.0000e+00
    144.000     7.2234   3.438071    33.7148       4418     3.0675     2.1144     1.9865 0.0000e+00
    145.000     7.2530   3.442925    33.7383       4444     3.0856     2.1130     1.9844 0.0000e+00
    146.000     7.2763   3.447065    33.7602       4471     3.1042     2.1141     1.9833 0.0000e+00
    147.000     7.3318   3.458315    33.8279       4498     3.1232     2.1136     1.9829 0.0000e+00
    148.000     7.3637   3.464385    33.8621       4527     3.1428     2.1130     1.9829 0.0000e+00
    149.000     7.4233   3.474827    33.9168       4555     3.1626     2.1109     1.9817 0.0000e+00
    150.000     7.4955   3.486531    33.9725       4582     3.1813     2.1074     1.9796 0.0000e+00
    151.000     7.5491   3.496074    34.0229       4607     3.1985     2.1043     1.9773 0.0000e+00
    152.000     7.5583   3.498731    34.0422       4631     3.2155     2.1024     1.9739 0.0000e+00
    153.000     7.6057   3.506794    34.0824       4658     3.2339     2.0970     1.9680 0.0000e+00
    154.000     7.6661   3.517502    34.1384       4687     3.2542     2.0881     1.9619 0.0000e+00
    155.000     7.7311   3.529705    34.2058       4715     3.2740     2.0795     1.9547 0.0000e+00
    156.000     7.7427   3.533609    34.2360       4741     3.2918     2.0713     1.9459 0.0000e+00
    157.000     7.7515   3.535845    34.2510       4766     3.3093     2.0585     1.9351 0.0000e+00
    158.000     7.7624   3.538204    34.2652       4793     3.3277     2.0440     1.9227 0.0000e+00
    159.000     7.7716   3.540018    34.2752       4819     3.3460     2.0326     1.9110 0.0000e+00
    160.000     7.7761   3.540790    34.2786       4845     3.3636     2.0241     1.9025 0.0000e+00
    161.000     7.7824   3.541909    34.2839       4871     3.3820     2.0166     1.8956 0.0000e+00
    162.000     7.7872   3.542691    34.2872       4900     3.4020     2.0111     1.8903 0.0000e+00
