HB2407/CTD121.cnv
* Sea-Bird SBE 9 Data File:
* FileName = C:\cruise\data\CTD121.hex
* Software Version Seasave V 7.26.7.121
* Temperature SN = 4591
* Conductivity SN = 6006
* Number of Bytes Per Scan = 37
* Number of Voltage Words = 4
* Number of Scans Averaged by the Deck Unit = 1
* NMEA Latitude = 40 11.00 N
* NMEA Longitude = 070 03.79 W
* NMEA UTC (Time) = Oct 08 2024 14:44:23
* NMEA baud rate = 4800
** Ship: Bigelow HB2407
** Program:  Fall Bottom Trawl Survey
** Chief Scientist: John Galbraith
# nquan = 9
# nvalues = 191                         
# units = specified
# name 0 = depSM: Depth [salt water, m]
# name 1 = t090C: Temperature [ITS-90, deg C]
# name 2 = c0S/m: Conductivity [S/m]
# name 3 = sal00: Salinity, Practical [PSU]
# name 4 = scan: Scan Count
# name 5 = timeM: Time, Elapsed [minutes]
# name 6 = sbeox0V: Oxygen raw, SBE 43 [V]
# name 7 = sbeox1V: Oxygen raw, SBE 43, 2 [V]
# name 8 = flag: flag
# span 0 =      1.000,     97.000       
# span 1 =    13.0801,    24.1624       
# span 2 =   4.007312,   5.351727       
# span 3 =    33.6191,    35.9857       
# span 4 =         95,       6210       
# span 5 =     0.0652,     4.3117       
# span 6 =     1.9509,     2.5730       
# span 7 =     1.8068,     2.3801       
# span 8 = 0.0000e+00, 0.0000e+00       
# interval = meters: 1                  
# start_time = Oct 08 2024 14:44:23 [NMEA time, header]
# bad_flag = -9.990e-29
*END*
[from data line 161]
     30.000    24.0612   5.333173    35.9281       5339     3.7072     2.5195     2.3444 0.0000e+00
     29.000    24.0254   5.326849    35.9093       5366     3.7254     2.5184     2.3433 0.0000e+00
     28.000    24.0045   5.322733    35.8952       5388     3.7412     2.5197     2.3435 0.0000e+00
     27.000    24.0025   5.321226    35.8857       5410     3.7564     2.5191     2.3400 0.0000e+00
     26.000    24.0020   5.320111    35.8780       5438     3.7760     2.5197     2.3423 0.0000e+00
     25.000    23.9775   5.315586    35.8637       5482     3.8063     2.5204     2.3461 0.0000e+00
     24.000    23.8703   5.296489    35.8053       5511     3.8260     2.5185     2.3458 0.0000e+00
     23.000    23.7832   5.280355    35.7530       5529     3.8387     2.5222     2.3437 0.0000e+00
     22.000    23.7399   5.271878    35.7235       5546     3.8507     2.5183     2.3400 0.0000e+00
     21.000    23.6529   5.256945    35.6799       5567     3.8650     2.5175     2.3434 0.0000e+00
     20.000    23.4095   5.211780    35.5304       5597     3.8860     2.5162     2.3492 0.0000e+00
     19.000    23.1073   5.154680    35.3345       5643     3.9178     2.5270     2.3442 0.0000e+00
     18.000    22.7525   5.090522    35.1243       5675     3.9402     2.5315     2.3468 0.0000e+00
     17.000    22.7329   5.086511    35.1092       5696     3.9546     2.5287     2.3478 0.0000e+00
     16.000    22.7425   5.087452    35.1091       5715     3.9678     2.5331     2.3580 0.0000e+00
     15.000    22.7172   5.084020    35.1032       5738     3.9842     2.5359     2.3635 0.0000e+00
     14.000    22.5392   5.051676    34.9950       5773     4.0081     2.5400     2.3662 0.0000e+00
     13.000    22.4805   5.041293    34.9615       5800     4.0267     2.5439     2.3647 0.0000e+00
     12.000    22.4352   5.031144    34.9191       5819     4.0403     2.5475     2.3652 0.0000e+00
     11.000    22.4332   5.031142    34.9210       5840     4.0547     2.5521     2.3648 0.0000e+00
     10.000    22.3130   5.009915    34.8520       5883     4.0850     2.5545     2.3694 0.0000e+00
      9.000    22.2005   4.991241    34.7964       5923     4.1125     2.5531     2.3647 0.0000e+00
      8.000    22.1660   4.983561    34.7643       5941     4.1248     2.5556     2.3676 0.0000e+00
      7.000    22.1658   4.983387    34.7634       5956     4.1356     2.5574     2.3677 0.0000e+00
      6.000    22.1564   4.981953    34.7601       5973     4.1471     2.5581     2.3713 0.0000e+00
      5.000    22.1521   4.981202    34.7580       5996     4.1631     2.5591     2.3757 0.0000e+00
      4.000    22.1426   4.979582    34.7533       6034     4.1893     2.5568     2.3784 0.0000e+00
      3.000    22.1431   4.979283    34.7508       6088     4.2268     2.5649     2.3752 0.0000e+00
      2.000    22.1394   4.978747    34.7499       6129     4.2553     2.5700     2.3736 0.0000e+00
      1.000    22.1416   4.978885    34.7496       6210     4.3117     2.5662     2.3749 0.0000e+00
